0.00000000 0.25985449 0.27832334 0.20071424 0.18021775 0.20128025 0.24037459 0.16414709 0.13927895 0.18462988 0.12129355 0.14702469 0.18878642 0.18824053 0.14525784 0.17020292 0.19835554 0.10549660 0.16035279 0.15312085 0.12973453 0.15031719 0.15848185 0.17262258 0.18765052 0.16294639 0.18361574 0.18078068 0.11000618 0.17218227 0.19197738 0.20030041 0.13821709 0.16599060 0.15395295 0.16251597 0.18283816 0.20207408 0.10881905 0.14470997 0.16356847 0.16633136 0.13887505 0.20017243 0.19385402 0.13097847 0.12868803 0.17867582 0.18765254 0.20911719 0.15851521 0.11964409 0.15889737 0.13187924 0.08884791 0.18923439 0.17822459 0.18599234 0.15406508 0.19649193 0.14279725 0.17752850 0.12827481 0.12448801 0.21022599 0.19396763 0.21834718 0.18550504 0.18218026 0.22162197 0.14774681 0.17264745 0.15738553 0.12572264 0.10284612 0.18738008 0.19598996 0.17732914 0.18381077 0.13178114 0.13566953 0.12288795 0.17810568 0.11641711 0.17284301 0.20168095 0.16501686 0.16748457 0.16240940 0.19538575 0.17819839 0.19522943 0.15490754 0.18386572 0.16612176 0.20554558 0.16837523 0.18201131 0.18596788 0.13299173 0.12656859 0.09527645 0.10447644 0.15972961 0.18021003 0.16779444 0.13244017 0.10637652 0.16837429 0.19140164 0.16060380 0.18518535 0.21583906 0.21587798 0.20971872 0.12025094 0.16999625 0.18961628 0.12396453 0.15406458 0.16835535 0.17395410 0.19599731 0.17682908 0.20163909 0.16911632 0.18020639 0.15158062 0.19889302 0.18719565 0.14078067 0.19408243 0.19850828 0.17739924 0.16841101 0.18429056 0.16788771 0.17226473 0.18938610 0.16801711 0.13685768 0.20670696 0.20628841 0.23811599 0.25275628 
0.25985449 0.00000000 0.29786547 0.17610831 0.17819631 0.18553620 0.19268494 0.20962155 0.13316476 0.24410081 0.13947965 0.16177626 0.17065948 0.21100203 0.14254642 0.18182484 0.19596224 0.10244345 0.17196375 0.18197311 0.11433339 0.15206787 0.16044645 0.18272134 0.19133545 0.11993816 0.15501479 0.21305147 0.13492468 0.14848094 0.15630416 0.17493829 0.14922061 0.16503545 0.17124423 0.19587426 0.15099662 0.15028604 0.11699719 0.15263894 0.17959068 0.19522678 0.12369521 0.14843030 0.17113283 0.13290734 0.13838984 0.18573230 0.16303925 0.21471244 0.18630819 0.13353581 0.16727208 0.13051593 0.09535293 0.13161395 0.14697155 0.17053594 0.16153078 0.18188265 0.15222005 0.17380338 0.12225481 0.14830316 0.20461924 0.15460812 0.19660642 0.14927736 0.20233781 0.17543766 0.18805185 0.18433931 0.17135793 0.13326266 0.12549045 0.14681544 0.17042829 0.17628055 0.23961072 0.16180536 0.17669667 0.12951816 0.17553907 0.13468801 0.17462601 0.20596630 0.17554082 0.16233380 0.18618000 0.13053669 0.18195601 0.21428626 0.15423510 0.17831840 0.21760271 0.16496297 0.16456984 0.18847117 0.21290935 0.13733576 0.13900934 0.09441407 0.13018686 0.20327961 0.19341426 0.13966162 0.11791627 0.11318018 0.15954289 0.17543853 0.19705974 0.23182305 0.20242826 0.14562538 0.13353442 0.15058323 0.18002960 0.20470081 0.14487787 0.16627162 0.17737794 0.14448832 0.17660785 0.16741777 0.24121620 0.17301231 0.17423382 0.13662727 0.18579160 0.16957875 0.16017821 0.14129881 0.19149349 0.16975132 0.19033765 0.18222413 0.19324703 0.18003815 0.19185450 0.19653210 0.16052718 0.19115983 0.17668163 0.22573178 0.25746949 
0.27832334 0.29786547 0.00000000 0.18763941 0.18275090 0.21308529 0.20136554 0.16606350 0.16655174 0.19630757 0.18188847 0.17103178 0.17366678 0.21061041 0.14435108 0.19659837 0.21960698 0.10464100 0.20574740 0.21954224 0.12319082 0.14751918 0.18225628 0.21067243 0.23964437 0.13452363 0.18525809 0.16687726 0.11729469 0.15142606 0.19874726 0.14369812 0.13402333 0.20481129 0.16909384 0.21123155 0.20055006 0.18800352 0.12085577 0.20657987 0.23573800 0.13317940 0.14203889 0.15835570 0.20595331 0.12702413 0.13349874 0.18680323 0.15598245 0.18229850 0.14992149 0.12631902 0.16790909 0.17263545 0.10102761 0.12315559 0.11638922 0.14082557 0.16746478 0.15508248 0.13882422 0.17212461 0.12723297 0.13010220 0.17887137 0.15576609 0.19497248 0.15364285 0.19880929 0.17658006 0.18131015 0.17215326 0.15515434 0.13079957 0.10290388 0.15904823 0.19252495 0.22094990 0.20746489 0.14342971 0.15995920 0.12379739 0.15995771 0.13431573 0.19444863 0.16461297 0.12025738 0.14463620 0.18935718 0.14920203 0.16037319 0.17209266 0.18071051 0.18951934 0.18799117 0.14772745 0.18899811 0.18846589 0.16320075 0.14756830 0.12637103 0.09400123 0.09980495 0.15226650 0.13881993 0.13594697 0.12098213 0.11060701 0.14040296 0.18953445 0.14728334 0.16141875 0.17261985 0.13911252 0.15580272 0.13619006 0.17981505 0.12553145 0.12439900 0.15270753 0.18490280 0.21547116 0.21715149 0.19464946 0.19198941 0.15676564 0.19805791 0.16892895 0.19126461 0.19059720 0.17208878 0.19102177 0.18600087 0.19161771 0.19385743 0.18841492 0.20010071 0.17172448 0.19097170 0.17617583 0.14687970 0.18588096 0.18276257 0.28299259 0.31938077 
0.20071424 0.17610831 0.18763941 0.00000000 0.31679324 0.24248784 0.23004074 0.32565414 0.26870647 0.24165724 0.12361987 0.16676308 0.18027681 0.12292811 0.11668640 0.12862342 0.25040052 0.17707219 0.19453690 0.19208022 0.15388616 0.20520310 0.20157620 0.13557009 0.11295444 0.16242122 0.17130236 0.18357711 0.15895241 0.23611769 0.15136814 0.13078629 0.10358567 0.06709605 0.14133768 0.12722250 0.22306292 0.14328513 0.17727656 0.15186544 0.17339908 0.15349013 0.25973761 0.25471177 0.16183481 0.15912104 0.23754323 0.09589310 0.18040184 0.18500202 0.21307481 0.22070500 0.12293646 0.20536936 0.14907565 0.19032697 0.11770499 0.16048443 0.18529834 0.19642563 0.14446233 0.16834321 0.19647048 0.20117790 0.24773335 0.14056827 0.20259936 0.20328315 0.18037427 0.18557013 0.16153484 0.20560248 0.12409886 0.19252918 0.19331157 0.23031972 0.23377365 0.23745834 0.09302890 0.12333860 0.17467628 0.18468755 0.11274161 0.12738372 0.21540264 0.12700395 0.15678441 0.15772252 0.19426904 0.23718082 0.07888476 0.16470345 0.14234499 0.14556513 0.17409479 0.16081070 0.16303362 0.19232692 0.10477634 0.22424150 0.14819534 0.13768548 0.18029274 0.18453152 0.13859428 0.09391829 0.11940109 0.12947893 0.14494070 0.16806404 0.21951342 0.14600623 0.14264314 0.17571906 0.10795512 0.12964669 0.15418842 0.22020083 0.14944769 0.15403443 0.14106566 0.11576466 0.12121021 0.17043117 0.13887477 0.14639580 0.17563248 0.18231168 0.15580619 0.08575294 0.17980165 0.15168473 0.11950071 0.28097307 0.20414137 0.13456457 0.16600823 0.28772369 0.17538458 0.15340338 0.21706208 0.15845420 0.20059696 0.18645699 0.16557782 
0.18021775 0.17819631 0.18275090 0.31679324 0.00000000 0.43756831 1.10081716 0.51681412 0.19101444 0.21845243 0.11824648 0.19635346 0.14668642 0.18411859 0.12785531 0.16944828 0.16173457 0.14372380 0.12145304 0.07021523 0.13732048 0.20483165 0.16691216 0.18374052 0.14412530 0.11923085 0.18964413 0.06935191 0.14010232 0.12024705 0.25055853 0.32908922 0.18855877 0.26309841 0.11639508 0.14590674 0.16798160 0.15607062 0.10555353 0.13820725 0.14046868 0.13835096 0.14723594 0.16651868 0.12343665 0.12238527 0.15450607 0.23311462 0.11757422 0.09366820 0.09207634 0.10569513 0.05900252 0.09237603 0.13382846 0.22939255 0.08434669 0.20979347 0.18433855 0.13302976 0.19242120 0.16214323 0.11366260 0.11602383 0.26847937 0.26193916 0.19596745 0.19518188 0.15330161 0.21206764 0.12907766 0.14291521 0.32115516 0.15003752 0.24895926 0.20186706 0.06020393 0.20237367 0.21032168 0.11725698 0.11031432 0.16185944 0.23169973 0.11067617 0.09281050 0.20148120 0.06756274 0.18287458 0.15076833 0.23834476 0.09930044 0.09870840 0.18595807 0.14558629 0.10792996 0.14846408 0.15569230 0.18418392 0.21088689 0.12650836 0.13733644 0.10109084 0.09805667 0.24065569 0.14742890 0.23492650 0.21042012 0.07516304 0.10772931 0.14098860 0.22290420 0.05554437 0.03524328 0.23614346 0.11789346 0.13619335 0.09343213 0.20882960 0.10553433 0.15872519 0.17114825 0.12518719 0.08933495 0.12726571 0.15397414 0.18455772 0.14974060 0.23756001 0.14407515 0.23532906 0.15062931 0.20998382 0.18796294 0.23253136 0.17683516 0.19134003 0.21369104 0.39585898 0.16715215 0.09989052 0.37592370 0.17240089 0.20468112 0.17682918 0.21708917 
0.20128025 0.18553620 0.21308529 0.24248784 0.43756831 0.00000000 0.69188013 0.33317753 0.21426968 0.26056367 0.27545147 0.12040594 0.19133734 0.20493975 0.22534077 0.21309617 0.21191286 0.09919378 0.13037555 0.28836686 0.14631626 0.03953068 0.10019243 0.17751134 0.13532409 0.13747728 0.14278589 0.18650007 0.12810455 0.12664737 0.17384451 0.19845934 0.18425802 0.20261935 0.12667678 0.19724354 0.15099660 0.16541394 0.11211609 0.15725688 0.17030658 0.14124115 0.11777844 0.15926133 0.24923079 0.18082081 0.14481914 0.20637522 0.10744245 0.14047552 0.14864054 0.05223715 0.15941825 0.08845842 0.14376261 0.08973079 0.15033906 0.14582695 0.10887475 0.15845340 0.11073303 0.13111496 0.10980586 0.11385588 0.11668351 0.23185310 0.16371800 0.15876660 0.23550069 0.11428479 0.09303250 0.14792581 0.26812766 0.12018463 0.13763311 0.20873305 0.12316560 0.20053735 0.08062881 0.10323737 0.07390084 0.18582557 0.21528259 0.12747213 0.16074869 0.15497019 0.04427660 0.11025724 0.21232554 0.18074851 0.12278181 0.17690681 0.17141344 0.14608594 0.11321682 0.15753864 0.17984429 0.09682119 0.16478353 0.07909278 0.08635043 0.10476204 0.09053052 0.13277334 0.09597013 0.08119856 0.18535536 0.04689295 0.02953434 0.10715624 0.10594336 0.12885903 0.10728480 0.17377454 0.12127780 0.12160695 0.18205579 0.13070866 0.05646653 0.13982858 0.15211662 0.27970957 0.25257072 0.07689233 0.15179405 0.13868117 0.23598544 0.18742459 0.11550420 0.16585429 0.11157977 0.20091787 0.23249884 0.53260906 1.12285876 0.12976096 0.19808328 0.64376539 0.33811397 0.21979440 0.07726451 0.27987820 0.19664285 0.18083095 0.22818064 
0.24037459 0.19268494 0.20136554 0.23004074 1.10081716 0.69188013 0.00000000 0.39759510 0.22804986 0.18454455 0.24803996 0.20613992 0.13651959 0.24164000 0.09622527 0.19632151 0.17173480 0.10040141 0.18466818 0.18888629 0.21897728 0.01719818 0.20702565 0.17721085 0.10699055 0.16860125 0.21694804 0.13857950 0.12453014 0.14962383 0.24514277 0.63784081 0.16895613 0.16805505 0.11965038 0.26937173 0.16236046 0.25781037 0.10121785 0.15308188 0.21355561 0.09129886 0.11362246 0.15704311 0.14294983 0.17540723 0.12244953 0.16978089 0.16962697 0.15023789 0.09744961 0.15207988 0.08364177 0.04058315 0.16208141 0.12718693 0.13530413 0.10229281 0.09390737 0.12239049 0.11382208 0.15385748 0.16707984 0.10713579 0.12113376 0.14554940 0.17970568 0.17888550 0.15973515 0.19565714 0.09333151 0.29052197 0.19117747 0.10208467 0.22640749 0.20852611 0.06096584 0.15562497 0.15107305 0.12145219 0.12444093 0.17462355 0.18327527 0.15500891 0.04424993 0.19438751 0.09397876 0.10429510 0.20742957 0.23073199 0.20447836 0.13345647 0.13331116 0.12219956 0.14471491 0.12656914 0.12453772 0.16314116 0.13780130 0.15168031 0.10854729 0.07631616 0.08697083 0.18612234 0.11951221 0.17070251 0.22003294 0.06356725 0.08950911 0.20540210 0.11442892 0.10513923 0.07636720 0.20616123 0.14357567 0.10393361 0.13762807 0.15150345 0.12842482 0.07368931 0.17082761 0.09082537 0.21778463 0.16105486 0.23632179 0.16587822 0.28731556 0.13166620 0.13147367 0.18791301 0.17782829 0.25487676 0.12038629 0.29995102 0.23407706 0.22079414 0.16965555 0.17531815 0.19200214 0.20806705 0.09341696 0.16110709 0.22778113 0.19746269 0.23805985 
0.16414709 0.20962155 0.16606350 0.32565414 0.51681412 0.33317753 0.39759510 0.00000000 0.31884321 0.30203014 0.27243875 0.25330179 0.09455680 0.12886725 0.10131526 0.17504748 0.08781588 0.07203953 0.12414353 0.20650709 0.08929790 0.08310005 0.09648061 0.20113455 0.19265273 0.15191509 0.13440650 0.24340803 0.17823763 0.20233965 0.18433438 0.73253761 0.19136560 0.38747892 0.14912180 0.20155824 0.18186135 0.18431250 0.15174859 0.09520964 0.09144976 0.15419530 0.15491829 0.16034171 0.18023410 0.14475841 0.13037716 0.16413273 0.14805902 0.11816994 0.24886100 0.08607801 0.05755203 0.18183109 0.15228916 0.26119720 0.11870248 0.19864149 0.12851196 0.18460484 0.14570241 0.15792947 0.15161922 0.13795702 0.11852135 0.10388232 0.19626935 0.12227698 0.20235533 0.15493290 0.18075264 0.14532429 0.20120092 0.15563824 0.34580171 0.28433720 0.26125676 0.22788526 0.16380927 0.09161431 0.16336134 0.06479103 0.14125545 0.16581476 0.07519888 0.16391452 0.10911718 0.11981244 0.14155653 0.11820580 0.18744630 0.13649318 0.08243563 0.09662044 0.15838305 0.22049614 0.17357395 0.22123814 0.17675368 0.23623754 0.18635103 0.14845508 0.13268774 0.19080732 0.12412481 0.22746292 0.19492780 0.01714559 0.13712162 0.21301203 0.23629286 0.10861156 0.25181282 0.08607651 0.20216581 0.15547435 0.18841589 0.12519722 0.09639411 0.13683932 0.15862135 0.18503285 0.21562447 0.15820505 0.14547383 0.14072779 0.14332162 0.14566569 0.19165875 0.22008632 0.10852912 0.17477376 0.19481694 0.15443131 0.14035550 0.15451987 0.21226075 0.20283362 0.19784029 0.14657914 0.24793111 0.11741433 0.17263599 0.14365597 0.18662313 
0.13927895 0.13316476 0.16655174 0.26870647 0.19101444 0.21426968 0.22804986 0.31884321 0.00000000 0.28854656 0.45187546 0.21877203 0.15440845 0.22054313 0.15031654 0.09457833 0.15440597 0.17679567 0.17475232 0.16005776 0.14988043 0.08907391 0.14580449 0.14449905 0.14101441 0.22181203 0.16276115 0.13593479 0.15763129 0.08162226 0.15598782 0.11791118 0.17681729 0.16101005 0.11671181 0.13871595 0.16162210 0.15695468 0.20890562 0.22183573 0.25359218 0.12681554 0.07338638 0.15758422 0.14772343 0.14419758 0.15937520 0.17732678 0.13370673 0.18044331 0.16974575 0.12351384 0.14031250 0.24109109 0.14186165 0.12319683 0.13388233 0.21191622 0.07855951 0.14597862 0.10406577 0.15812871 0.26841234 0.24422355 0.18845370 0.16520389 0.12750613 0.13174350 0.23575820 0.16344110 0.23642647 0.14225322 0.17982509 0.09697171 0.14732608 0.18661618 0.28039988 0.22592985 0.14563728 0.21908768 0.13627224 0.18076137 0.14056485 0.18158086 0.19069864 0.12939169 0.19506576 0.15869916 0.10976696 0.17046724 0.15205177 0.09813476 0.20131290 0.16086534 0.12017169 0.20380252 0.23782695 0.14245917 0.21806473 0.12645053 0.13297612 0.15870301 0.17536570 0.08317071 0.11982745 0.13793370 0.15494081 0.15425391 0.20335669 0.16729266 0.22900163 0.18431939 0.13605940 0.21020044 0.15005275 0.13287301 0.07275163 0.19388030 0.10892561 0.12748056 0.17274025 0.08877359 0.12166160 0.14425565 0.15958708 0.19235367 0.08398928 0.28624260 0.06588998 0.12564850 0.17941615 0.12186312 0.11728262 0.52132399 0.12158076 0.13333496 0.59876818 0.39267763 0.19417906 0.21839958 0.24701924 0.14166685 0.15488595 0.15719188 0.15520641 
0.18462988 0.24410081 0.19630757 0.24165724 0.21845243 0.26056367 0.18454455 0.30203014 0.28854656 0.00000000 0.29565913 0.35594837 0.36399065 0.24747300 0.18689007 0.17717465 0.16700013 0.09458552 0.20165516 0.19000755 0.14365727 0.18864822 0.11192694 0.68794004 0.17200783 0.14035532 0.26050556 0.85731822 0.20849370 0.18294654 0.23691247 0.22766474 0.13358689 0.15919616 0.14368381 0.15592342 0.16126211 0.18382579 0.10213845 0.13084206 0.18083511 0.21981425 0.15489471 0.13865565 0.12813451 0.18656267 0.15277901 0.16563288 0.15230064 0.11416628 0.07328310 0.10572374 0.13430509 0.09860946 0.12102604 0.12697323 0.13867121 0.19871384 0.13805661 0.13695826 0.07488724 0.18098184 0.07752666 0.02827400 0.14448015 0.14597270 0.12511885 0.15547438 0.21624306 0.11129746 0.13170673 0.10103696 0.21118886 0.13379693 0.19328042 0.03670772 0.33600063 0.12668282 0.30157336 0.23654228 0.27216368 0.19772569 0.11275806 0.15576899 0.15927430 0.09946670 0.15826764 0.06560917 0.12071598 0.16544501 0.17251393 0.10782252 0.08989444 0.12278324 0.15910955 0.17362009 0.13524095 0.19305127 0.08552889 0.18026378 0.09743444 0.15994626 0.15338830 0.23524204 0.17943734 0.21322458 0.12760382 0.04874615 0.15678997 0.16048670 0.11109242 0.11056561 0.21330494 0.17540960 0.09623931 0.18431757 0.21733589 0.10274253 0.07279300 0.12144722 0.12856599 0.23300214 0.09887400 0.12940664 0.24055498 0.18934127 0.17868550 0.13930015 0.23187955 0.13979740 0.22082027 0.07918420 0.15227328 0.27791096 0.15964701 0.16527279 0.23156723 0.23548563 0.12766978 0.21447363 0.18826559 0.21459073 0.15944038 0.19082371 0.20426628 
0.12129355 0.13947965 0.18188847 0.12361987 0.11824648 0.27545147 0.24803996 0.27243875 0.45187546 0.29565913 0.00000000 0.61538225 0.40888623 0.19323404 0.17307674 0.23417127 0.13849425 0.14183807 0.12107761 0.17914698 0.15806103 0.13581938 0.12969575 0.09301576 0.06302431 0.21796430 0.11664572 0.17766973 0.11657249 0.13911303 0.11645339 0.20272221 0.16975878 0.09933114 0.09296826 0.22277021 0.15185142 0.16015920 0.20249658 0.12089189 0.08616488 0.18784614 0.09918727 0.18714354 0.19398861 0.16967302 0.12027595 0.21159144 0.11147299 0.09943691 0.07382189 0.12843121 0.06000985 0.13355308 0.17051215 0.14548621 0.18055256 0.08743205 0.14863330 0.10741826 0.22032202 0.18775840 0.16137872 0.09252257 0.09193933 0.20935969 0.12270565 0.14837462 0.15995486 0.10967288 0.27938969 0.23343894 0.08658703 0.08884504 0.16422746 0.14223087 0.21062888 0.28692062 0.13215431 0.63822329 0.14959450 0.28515726 0.11983286 0.11952484 0.13665280 0.08793718 0.10453920 0.12912022 0.17364913 0.10870635 0.15912760 0.10531821 0.13516295 0.12029061 0.14158869 0.14794425 0.22546805 0.21175245 0.07357414 0.12784002 0.23593494 0.17886066 0.13795868 0.11846249 0.16633194 0.26724421 0.30956521 0.10297614 0.14279048 0.14728193 0.25985029 0.14538030 0.10525704 0.14796327 0.27923086 0.17589041 0.17220789 0.13177717 0.07239712 0.21224246 0.16708600 0.12689505 0.16093300 0.12468592 0.17659977 0.20926534 0.19550160 0.18872038 0.18942922 0.22221864 0.22641469 0.14953185 0.30544155 0.41234301 0.19771869 0.13652502 0.43253601 0.31960555 0.09608115 0.14990765 0.16796380 0.19910730 0.14082057 0.16274038 0.13383408 
0.14702469 0.16177626 0.17103178 0.16676308 0.19635346 0.12040594 0.20613992 0.25330179 0.21877203 0.35594837 0.61538225 0.00000000 0.71838803 0.31715945 0.23619107 0.28745722 0.16271705 0.20756192 0.16642995 0.14796234 0.21251509 0.11510375 0.20298422 0.22632457 0.06616917 0.12311853 0.22415288 0.10492793 0.11697822 0.17102705 0.22605556 0.16541169 0.16094928 0.13987997 0.11270849 0.14921997 0.27766803 0.16996475 0.06136314 0.20077814 0.16770759 0.09102188 0.14138064 0.14348903 0.15926272 0.21392073 0.21199015 0.19875165 0.10486570 0.02824745 0.12850645 0.11938723 0.11356054 0.13260867 0.06739320 0.07606719 0.14539140 0.09210293 0.10621676 0.11258918 0.09036003 0.16979601 0.13232551 0.13251395 0.14425360 0.15499599 0.17325115 0.14527406 0.20256581 0.15948243 0.06534918 0.18306716 0.22180773 0.15689977 0.11955753 0.12485428 0.14409180 0.15446678 0.17825033 0.90736811 0.23037499 0.78954885 0.20890653 0.11466164 0.16768030 0.15158705 0.12662259 0.11102652 0.17815820 0.11870327 0.11875069 0.07730304 0.10286424 0.18850417 0.07632342 0.12896934 0.07411884 0.17323550 0.11479017 0.15933444 0.13880844 0.06743613 0.07332019 0.09105650 0.12794215 0.17637886 0.18939861 0.11607769 0.16193335 0.13999258 0.13317371 0.12444669 0.12029174 0.18006081 0.14622659 0.17652453 0.14051608 0.17486469 0.12892250 0.14905196 0.11498869 0.17170549 0.22672831 0.13857732 0.06875553 0.07710322 0.18990850 0.20555226 0.06749956 0.20356093 0.11724690 0.34331240 0.18734935 0.22545846 0.32870949 0.24273637 0.17130237 0.31741318 0.19015074 0.18858556 0.14951891 0.14462374 0.23953335 0.16739138 0.18981201 
0.18878642 0.17065948 0.17366678 0.18027681 0.14668642 0.19133734 0.13651959 0.09455680 0.15440845 0.36399065 0.40888623 0.71838803 0.00000000 0.34419401 0.62479777 0.28812291 0.22993761 0.18987831 0.11616678 0.23843025 0.21036860 0.12574284 0.25520764 0.52770461 0.30318567 0.12947524 0.17018526 0.24709009 0.11227004 0.19749779 0.21986001 0.12279264 0.21077740 0.14165101 0.03361903 0.12346826 0.22267609 0.20213848 0.12065364 0.07881206 0.10999868 0.09748035 0.05643121 0.11043073 0.15973238 0.14097672 0.19688536 0.12070584 0.17405991 0.13779681 0.12599530 0.12280036 0.10169082 0.07941421 0.14484329 0.07147055 0.10216711 0.24287491 0.14560540 0.22445825 0.09702081 0.15607001 0.19808166 0.07568262 0.09792976 0.22093326 0.15977139 0.16958797 0.12019644 0.06658431 0.12764758 0.09739681 0.09566763 0.18572789 0.18202195 0.12946526 0.17101897 0.25823472 0.72169345 0.32747663 0.34123800 0.28607026 0.16226443 0.20576442 0.17478576 0.18856015 0.13721757 0.15229981 0.14145476 0.13876933 0.24051548 0.16262933 0.16881507 0.16338995 0.11650720 0.18398002 0.18766064 0.21642746 0.12595239 0.18826226 0.17645217 0.16962724 0.04742990 0.08122010 0.15157118 0.13077525 0.06829098 0.13730567 0.09233238 0.19199187 0.12134972 0.16760943 0.15815950 0.15556881 0.20402234 0.09258852 0.18741979 0.18503914 0.21865131 0.11465897 0.09593602 0.08629776 0.16757265 0.09465952 0.04558889 0.16032360 0.11072112 0.10751158 0.19007894 0.21729997 0.17972167 0.17874894 0.17089566 0.20953621 0.11269390 0.08941715 0.12969226 0.15884417 0.16866862 0.17153372 0.17799123 0.21209371 0.16100437 0.12172729 0.20304598 
0.18824053 0.21100203 0.21061041 0.12292811 0.18411859 0.20493975 0.24164000 0.12886725 0.22054313 0.24747300 0.19323404 0.31715945 0.34419401 0.00000000 0.43440598 0.46345832 0.31791791 0.15325056 0.09516693 0.25373955 0.17493223 0.11640769 0.19282721 0.38818636 0.12044142 0.10270146 0.24961557 0.14832972 0.16622397 0.17248881 0.22209210 0.19311382 0.20616395 0.10896378 0.18891914 0.10171725 0.14273212 0.14500888 0.12100425 0.10692662 0.26241565 0.14230944 0.08245777 0.17743853 0.16396624 0.15809471 0.15273309 0.18299547 0.09697847 0.10181557 0.07797027 0.07653059 0.10837909 0.13161775 0.14273897 0.10764071 0.16446389 0.16470910 0.16615516 0.14855212 0.08169454 0.14646199 0.11291513 0.09958535 0.08802183 0.14173283 0.15187510 0.17087944 0.18250626 0.14156138 0.13177867 0.24458595 0.24399051 0.13885861 0.16349284 0.06612442 0.12305045 0.10327159 0.23006548 0.19816428 0.28934049 0.86831845 0.47538749 0.17737913 0.19440653 0.22702023 0.08873571 0.12816543 0.11774467 0.13879521 0.15170180 0.16603677 0.14589076 0.13135943 0.09801896 0.11530816 0.13077346 0.10008663 0.13093166 0.10891106 0.08012535 0.10745545 0.08854998 0.16122195 0.18663551 0.09875141 0.28065356 0.04492902 0.07902997 0.15155907 0.18066648 0.07514829 0.12826868 0.24773059 0.15752537 0.12721677 0.18411367 0.20560728 0.16342603 0.12143028 0.10327211 0.21367389 0.19252871 0.24165925 0.19126385 0.20718954 0.21940927 0.14363496 0.12766434 0.24746170 0.18561165 0.20969084 0.17907589 0.11888653 0.20577454 0.13561276 0.08353099 0.23501330 0.20804160 0.14283126 0.26892166 0.15550824 0.28993138 0.21676016 0.20408900 
0.14525784 0.14254642 0.14435108 0.11668640 0.12785531 0.22534077 0.09622527 0.10131526 0.15031654 0.18689007 0.17307674 0.23619107 0.62479777 0.43440598 0.00000000 0.41904937 0.30429423 0.18081029 0.08694323 0.39533225 0.88651009 0.17290434 0.20257021 0.85863460 0.15412467 0.12674696 0.15818170 0.22483875 0.16625077 0.15789618 0.21790816 0.20103394 0.12555158 0.18112750 0.16904482 0.13061404 0.19084427 0.13035476 0.12989102 0.13816309 0.13696964 0.14938702 0.12889679 0.15823409 0.22807392 0.16928097 0.15688610 0.09638832 0.18051474 0.08910583 0.09718889 0.11309489 0.16942924 0.10845856 0.08295011 0.11518730 0.16065598 0.07522264 0.24708093 0.16186269 0.14260042 0.18631176 0.11201655 0.20272939 0.12492944 0.18117748 0.15031986 0.11709891 0.15214591 0.09429707 0.13972118 0.13716938 0.22179499 0.13675363 0.12906176 0.13637823 0.12385628 0.19260965 0.46885509 0.24923828 0.57265559 0.15036180 0.24938205 0.18223669 0.16202565 0.20491948 0.20140103 0.17188167 0.11973490 0.10969357 0.13812715 0.13107443 0.12971625 0.24380078 0.15503766 0.18874025 0.15909476 0.24524706 0.01374222 0.03777271 0.10486946 0.12537098 0.19299813 0.09361966 0.21790672 0.10678563 0.09186753 0.09978697 0.10964286 0.17895960 0.21174454 0.08204504 0.09899484 0.14206278 0.12112306 0.15389428 0.11166517 0.08451012 0.12237078 0.09971562 0.17397582 0.17027977 0.16018346 0.12506651 0.10142933 0.23690667 0.11971710 0.16951491 0.09900089 0.19683879 0.18143556 0.19443778 0.20900599 0.09024627 0.13698880 0.13683910 0.20281994 0.08122046 0.15699229 0.07558591 0.23964231 0.14063563 0.19139284 0.15943427 0.15972066 
0.17020292 0.18182484 0.19659837 0.12862342 0.16944828 0.21309617 0.19632151 0.17504748 0.09457833 0.17717465 0.23417127 0.28745722 0.28812291 0.46345832 0.41904937 0.00000000 0.79760119 0.16423020 0.30801633 0.58004244 0.25347312 0.01497602 0.22228774 0.39749632 0.13862710 0.07538930 0.19662163 0.16920594 0.16507470 0.19308046 0.24198396 0.17358445 0.23288969 0.14285568 0.12884817 0.18617931 0.23109697 0.20929121 0.11714912 0.18830468 0.36191251 0.07659037 0.03704435 0.17654586 0.26169239 0.17862982 0.13110247 0.21488904 0.11914665 0.08323175 0.06947178 0.10637703 0.15120469 0.14305675 0.12329476 0.17388559 0.06148365 0.13585144 0.14506282 0.16323158 0.14756084 0.14752289 0.06922009 0.11569245 0.13110473 0.23630680 0.20157582 0.15711405 0.18632306 0.10813369 0.07343847 0.20998705 0.11665283 0.19295299 0.18434603 0.01638292 0.11208633 0.13178533 0.15490624 0.06180158 0.22729103 0.12186813 0.41371635 0.12691189 0.16671252 0.18363611 0.13540795 0.17598883 0.19171423 0.12195838 0.17166948 0.25794471 0.15025377 0.15659648 0.20720023 0.10208230 0.11417661 0.05003407 0.14764683 0.08388596 0.08669749 0.12675208 0.11230086 0.15335518 0.15466481 0.11475942 0.15810408 0.09139096 0.19512014 0.26613154 0.16315142 0.10468939 0.10384814 0.21896559 0.08361960 0.07779535 0.11600454 0.15889854 0.19473690 0.15685202 0.15764739 0.15828725 0.20948172 0.12795380 0.12340674 0.19215939 0.15722790 0.11508498 0.10841112 0.19178197 0.09642945 0.27007600 0.19075638 0.12919183 0.17898367 0.29449650 0.10096852 0.20804070 0.25757525 0.26054340 0.27380489 0.25231736 0.15808015 0.16581719 0.19120209 
0.19835554 0.19596224 0.21960698 0.25040052 0.16173457 0.21191286 0.17173480 0.08781588 0.15440597 0.16700013 0.13849425 0.16271705 0.22993761 0.31791791 0.30429423 0.79760119 0.00000000 0.26653708 0.77016376 1.00380884 0.18043847 0.12445407 0.22782428 0.17425485 0.08069822 0.18775835 0.20714125 0.15886436 0.13163600 0.19342208 0.12769980 0.12395542 0.21835108 0.19912032 0.25642382 0.18263010 0.22716106 0.10324791 0.16674921 0.22045674 0.18503032 0.14155398 0.13213333 0.22164803 0.20895300 0.14811182 0.14107786 0.12354550 0.18413708 0.12733940 0.16227922 0.10565040 0.12193511 0.15955957 0.13466752 0.17215778 0.16205044 0.09657900 0.15040289 0.06199427 0.15621641 0.13785871 0.12895777 0.14639619 0.18949398 0.19063267 0.25280671 0.18953181 0.20517737 0.19224211 0.13748776 0.15481800 0.15211057 0.12302063 0.12028934 0.10088907 0.18572327 0.04052976 0.11175913 0.11526536 0.20642385 0.20233984 0.18028168 0.19524788 0.15454182 0.19966953 0.10787039 0.07411011 0.14826871 0.13740244 0.15724242 0.16945662 0.22564536 0.13422481 0.11452779 0.11607301 0.15091510 0.13664599 0.07312752 0.10042837 0.09411471 0.12535902 0.15614943 0.12659859 0.17052611 0.08362461 0.12801508 0.14016048 0.07838531 0.18030576 0.11195441 0.08839199 0.16135912 0.15403241 0.07810417 0.15412520 0.17229634 0.09166631 0.15621785 0.16126004 0.16265966 0.21074177 0.19336141 0.17237868 0.22454466 0.14366279 0.13117992 0.14796937 0.15787157 0.21628608 0.10625474 0.25181454 0.16361129 0.07883781 0.14659601 0.19743489 0.18332796 0.11256784 0.13997582 0.10865380 0.15651812 0.15382224 0.18192108 0.16529204 0.19824057 
0.10549660 0.10244345 0.10464100 0.17707219 0.14372380 0.09919378 0.10040141 0.07203953 0.17679567 0.09458552 0.14183807 0.20756192 0.18987831 0.15325056 0.18081029 0.16423020 0.26653708 0.00000000 0.56133210 0.10627334 0.26242829 0.40579736 0.17136806 0.17835265 0.27334650 0.18990919 0.15322421 0.22005625 0.14232931 0.14689974 0.15867152 0.12580329 0.13434961 0.12847161 0.23241972 0.12213151 0.09136790 0.14288479 0.20727631 0.17133114 0.13859970 0.15584571 0.24786054 0.41223688 0.13324164 0.27406446 0.40683761 0.28850176 0.25738256 0.17013027 0.25367736 0.31310333 0.23148828 0.17906502 0.20241925 0.13980524 0.14787606 0.22278639 0.24299999 0.16326883 0.20770687 0.17271112 0.18770637 0.18492071 0.16525356 0.12288189 0.06226853 0.15239120 0.09023174 0.09582769 0.18589566 0.14768454 0.06977103 0.18754078 0.11211618 0.14262115 0.24104876 0.22596524 0.14640094 0.11563328 0.15497966 0.13599582 0.16265624 0.17257579 0.24407282 0.24810070 0.44272401 0.49721414 0.20218796 0.14085616 0.18744594 0.09864330 0.15572002 0.15525485 0.24730730 0.13153329 0.16036020 0.25308629 0.14583485 0.18417586 0.17815557 0.15259467 0.19199108 0.15572592 0.18368778 0.20752183 0.19336453 0.14121388 0.16324056 0.13308742 0.11193268 0.16572819 0.17767167 0.16924408 0.21689222 0.16725172 0.18634596 0.09343789 0.24974047 0.14665069 0.20369935 0.17916236 0.07920694 0.12471449 0.15634457 0.10261783 0.09521716 0.12550883 0.11692914 0.11396054 0.15515674 0.15524360 0.08702560 0.06111679 0.06040060 0.14027702 0.16634087 0.08724596 0.08568686 0.19943801 0.15351739 0.09883474 0.13279267 0.11140236 0.09058759 
0.16035279 0.17196375 0.20574740 0.19453690 0.12145304 0.13037555 0.18466818 0.12414353 0.17475232 0.20165516 0.12107761 0.16642995 0.11616678 0.09516693 0.08694323 0.30801633 0.77016376 0.56133210 0.00000000 0.33586811 0.17405592 0.10599154 0.60860847 0.10865426 0.18062012 0.13425263 0.27484322 0.24436516 0.17850120 0.22922778 0.23276814 0.20736045 0.12766416 0.24578164 0.16855905 0.15070484 0.23829269 0.19104298 0.11189627 0.24918952 0.25403153 0.16262449 0.15461278 0.62176205 0.12199553 0.13505721 0.26283846 0.50386432 0.25757154 0.12051750 0.10286895 0.15532467 0.14452860 0.19203110 0.09879299 0.16500565 0.16640242 0.16898579 0.14551284 0.10487558 0.13168615 0.15591412 0.08307372 0.12106067 0.15015363 0.11549482 0.15152221 0.14481907 0.19995049 0.12944361 0.17131717 0.15025243 0.14477600 0.14954333 0.06906930 0.26182851 0.08284662 0.08975331 0.15137230 0.06999668 0.13176344 0.15932439 0.22557981 0.12272128 0.17355114 0.19884066 0.17303219 0.20545964 0.12624974 0.10933068 0.14573329 0.16260402 0.19784079 0.09584872 0.11762424 0.16101678 0.15048625 0.13255556 0.08546719 0.07249366 0.07625588 0.09509742 0.17781502 0.11654930 0.21390296 0.17669013 0.19850106 0.13511598 0.07090164 0.21562942 0.13445190 0.07026181 0.12651555 0.11272956 0.06432474 0.06973630 0.08854223 0.12656921 0.12292164 0.09354051 0.13060026 0.24038870 0.20180584 0.09896200 0.13027847 0.17084245 0.15188185 0.09879781 0.13223588 0.23597592 0.20125830 0.28698497 0.17200066 0.17149508 0.12470331 0.23315010 0.09549000 0.21471629 0.23144509 0.16062770 0.14550269 0.26534137 0.25034577 0.22924471 0.21049503 
0.15312085 0.18197311 0.21954224 0.19208022 0.07021523 0.28836686 0.18888629 0.20650709 0.16005776 0.19000755 0.17914698 0.14796234 0.23843025 0.25373955 0.39533225 0.58004244 1.00380884 0.10627334 0.33586811 0.00000000 0.25324333 0.08874451 0.51344575 0.36068725 0.15751533 0.18088483 0.22830581 0.15800466 0.07984118 0.18822558 0.18758341 0.15973017 0.25517795 0.16049039 0.19162304 0.15710871 0.32270439 0.20319216 0.12012500 0.14424203 0.24240443 0.18333444 0.09909398 0.21538942 0.16342792 0.10499936 0.11914532 0.32508415 0.15516393 0.07804713 0.09300604 0.12705773 0.07354133 0.06251960 0.13078196 0.04888502 0.09557306 0.10241562 0.12362362 0.13711622 0.13985252 0.17742627 0.08632922 0.16435871 0.11962973 0.17783368 0.20535993 0.15724585 0.19186717 0.12121690 0.20848532 0.17833752 0.25415729 0.15087030 0.13753899 0.08291559 0.16654902 0.16935991 0.13069803 0.16089069 0.19488738 0.24648795 0.16880513 0.19279524 0.16007519 0.16460117 0.15524861 0.13386541 0.09521859 0.19600068 0.15274889 0.23462647 0.10650331 0.26178175 0.11629619 0.15401008 0.12324244 0.18962153 0.12994357 0.07123758 0.12883293 0.09330452 0.16242098 0.06620031 0.18423028 0.24745777 0.09576589 0.07881214 0.13629850 0.20401548 0.09907694 0.09430558 0.11414388 0.17744557 0.10658063 0.12212102 0.13631147 0.13692820 0.12961610 0.23910975 0.14833672 0.13061366 0.18300477 0.08837838 0.10747573 0.16624189 0.13139491 0.14934877 0.12886678 0.16258392 0.14883532 0.18452171 0.12122238 0.13337365 0.21840813 0.31701954 0.06371878 0.14223361 0.20406602 0.17305320 0.07862102 0.16511926 0.25338555 0.16277874 0.20080095 
0.12973453 0.11433339 0.12319082 0.15388616 0.13732048 0.14631626 0.21897728 0.08929790 0.14988043 0.14365727 0.15806103 0.21251509 0.21036860 0.17493223 0.88651009 0.25347312 0.18043847 0.26242829 0.17405592 0.25324333 0.00000000 0.55791729 0.13200102 0.25497615 0.29118895 0.25112630 0.07766604 0.21359438 0.24795125 0.20718674 0.08439305 0.15241265 0.20717099 0.12666514 0.24827885 0.14329639 0.16007393 0.14150153 0.27452356 0.09781909 0.07369095 0.16085541 0.19901927 0.25848391 0.07758583 0.10191875 0.10411161 0.11941997 0.18218338 0.10692415 0.19299984 0.18314541 0.27982160 0.18676137 0.13144746 0.21341463 0.21300631 0.21786325 0.12979097 0.08559176 0.23434037 0.13915983 0.15036281 0.10923303 0.10921308 0.13400584 0.09587588 0.20446163 0.11088162 0.21876726 0.15389333 0.18743840 0.15010760 0.09097676 0.20431721 0.18853655 0.20702825 0.14717169 0.29848306 0.17757188 0.47437686 0.11108059 0.14540672 0.14687003 0.37525044 0.10382935 0.25495363 0.16288796 0.18705292 0.14930052 0.13406120 0.16236323 0.19422759 0.05105638 0.20127531 0.09488126 0.20852195 0.75620198 0.19033185 0.11172103 0.16797869 0.20798989 0.13802321 0.12878269 0.15690701 0.08602195 0.17307439 0.18403686 0.21467428 0.18504260 0.14796203 0.14714428 0.12202232 0.17372377 0.22782311 0.19812593 0.10681421 0.16527128 0.13537529 0.07274439 0.18464858 0.07782951 0.16999770 0.05829440 0.09595755 0.15081045 0.12424122 0.15043112 0.15148034 0.09603903 0.11454805 0.11078033 0.11755836 0.09633925 0.15549159 0.09459799 0.12637886 0.09954546 0.06613083 0.09652355 0.11113675 0.12963680 0.11476231 0.19130956 0.11400648 
0.15031719 0.15206787 0.14751918 0.20520310 0.20483165 0.03953068 0.01719818 0.08310005 0.08907391 0.18864822 0.13581938 0.11510375 0.12574284 0.11640769 0.17290434 0.01497602 0.12445407 0.40579736 0.10599154 0.08874451 0.55791729 0.00000000 0.27606124 0.13027166 0.25236851 0.25416235 0.11440348 0.08531725 0.22012327 0.20404424 0.12895193 0.11191368 0.21720748 0.15939789 0.25502231 0.19665254 0.20014208 0.23229646 0.15548598 0.58996912 0.16715903 0.19936925 0.75836381 0.42787505 0.14670849 0.25723540 0.17130330 0.17907281 0.21217974 0.15266683 0.10923125 0.22170333 0.18122835 0.15091646 0.22436675 0.11513297 0.17219116 0.09590381 0.20059014 0.12357256 0.25955560 0.18957591 0.11659519 0.24095333 0.14541114 0.17941972 0.15667845 0.13916344 0.26284293 0.13475820 0.17623330 0.14443262 0.10060021 0.28876516 0.09492229 0.22353109 0.25772844 0.11817003 0.16672499 0.05298179 0.13786123 0.11966383 0.10807876 0.11579904 0.28369049 0.10678004 0.26336046 0.13921311 0.19463098 0.16010623 0.15679844 0.09066278 0.18849713 0.12980514 0.15730619 0.09852928 0.13957612 0.14560769 0.21812934 0.21568215 0.13201664 0.27680854 0.21087883 0.18626749 0.19978854 0.20263796 0.15365500 0.25055640 0.19662409 0.18700957 0.20611343 0.12509129 0.19430681 0.13574190 0.08943642 0.10993597 0.20484824 0.27292195 0.14499226 0.11871272 0.10338613 0.09679290 0.13718506 0.12563616 0.12582687 0.18667670 0.09122240 0.14647922 0.05193887 0.12456730 0.13271599 0.17986791 0.14230069 0.10638307 0.15485859 0.18191093 0.14249184 0.04401047 0.11958918 0.15074337 0.15029032 0.24209090 0.08329425 0.13417222 0.15764537 
0.15848185 0.16044645 0.18225628 0.20157620 0.16691216 0.10019243 0.20702565 0.09648061 0.14580449 0.11192694 0.12969575 0.20298422 0.25520764 0.19282721 0.20257021 0.22228774 0.22782428 0.17136806 0.60860847 0.51344575 0.13200102 0.27606124 0.00000000 0.23837774 0.10662057 0.30004778 0.44967244 0.19702687 0.17059919 0.28249916 0.24432993 0.21128256 0.13539007 0.19133905 0.05185732 0.22504025 0.36896792 0.14524915 0.10943810 1.07652718 0.38664060 0.16388038 0.14957248 0.55953799 0.19137653 0.10641258 0.12148563 0.35208632 0.17157651 0.16843191 0.12768734 0.10445641 0.02978725 0.12013595 0.09379306 0.12485031 0.11117719 0.07092358 0.11138474 0.06443928 0.09530757 0.11875402 0.10184941 0.13073663 0.09362309 0.13751106 0.19386787 0.16644739 0.18198397 0.13838336 0.04845624 0.18741352 0.18283184 0.16606403 0.22387423 0.06204930 0.06714988 0.08235690 0.13375289 0.05327419 0.00392310 0.18783435 0.19950764 0.14510298 0.09871596 0.20471142 0.21310126 0.22976175 0.09418735 0.13551566 0.18585834 0.07742736 0.17671972 0.16330190 0.11113815 0.09045499 0.08520238 0.08258850 0.08430767 0.10171274 0.11350188 0.25973902 0.10306010 0.09720658 0.25592722 0.29383831 0.05666675 0.14838031 0.13989177 0.17509655 0.23286697 0.10806070 0.12708860 0.15096758 0.07436478 0.18292635 0.26430686 0.21997292 0.15967626 0.07989626 0.12304107 0.13668276 0.05213834 0.21414842 0.11521054 0.23965029 0.15334192 0.10866607 0.09858635 0.18051234 0.19988509 0.15202472 0.17372344 0.08582092 0.22517710 0.18331582 0.15455437 0.16190013 0.27806108 0.19408657 0.15818953 0.24397551 0.26300001 0.15464787 0.21097195 
0.17262258 0.18272134 0.21067243 0.13557009 0.18374052 0.17751134 0.17721085 0.20113455 0.14449905 0.68794004 0.09301576 0.22632457 0.52770461 0.38818636 0.85863460 0.39749632 0.17425485 0.17835265 0.10865426 0.36068725 0.25497615 0.13027166 0.23837774 0.00000000 0.27674613 0.11482964 0.37324159 0.51782498 0.18804677 0.15215903 0.24252827 0.13765281 0.12042415 0.15224621 0.16515020 0.19734408 0.15527343 0.20575136 0.11653842 0.14480066 0.11296846 0.14899636 0.06863404 0.24087228 0.21141920 0.09812161 0.13982781 0.14299119 0.13458472 0.13349819 0.10478272 0.10482814 0.02565078 0.10216797 0.06100062 0.18519597 0.17362378 0.08863781 0.11246232 0.10699832 0.09007688 0.13205208 0.13282719 0.13131241 0.16857337 0.14422662 0.16462028 0.14454238 0.16784593 0.13567521 0.06114007 0.15029181 0.20527175 0.12120862 0.15508866 0.10886478 0.22360459 0.15049010 0.44378137 0.15400883 0.32617259 0.18555493 0.22427295 0.22593958 0.23239951 0.23259131 0.09394453 0.18235384 0.13677877 0.17109562 0.16135881 0.13213429 0.14717588 0.16956147 0.22415629 0.14824995 0.21842219 0.21964798 0.12779184 0.13870193 0.08565150 0.07105416 0.11071480 0.06886270 0.18939909 0.06810002 0.18895181 0.10644057 0.15868596 0.08864455 0.06072266 0.21856415 0.13933855 0.14067817 0.18809659 0.09994445 0.17172213 0.11380545 0.11385925 0.07661447 0.11518805 0.19126142 0.18781551 0.15543860 0.15827126 0.13707020 0.16864636 0.13499192 0.15496395 0.16615327 0.12670926 0.18596832 0.16472086 0.24121594 0.15720702 0.16429631 0.09238080 0.19542814 0.14846919 0.12510549 0.09845266 0.22173557 0.13842623 0.20590636 0.19683778 
0.18765052 0.19133545 0.23964437 0.11295444 0.14412530 0.13532409 0.10699055 0.19265273 0.14101441 0.17200783 0.06302431 0.06616917 0.30318567 0.12044142 0.15412467 0.13862710 0.08069822 0.27334650 0.18062012 0.15751533 0.29118895 0.25236851 0.10662057 0.27674613 0.00000000 0.33846055 0.20810988 0.34569228 0.25514809 0.13102024 0.20449301 0.06428965 0.11015332 0.26344343 0.16074756 0.09574994 0.26921288 0.06809016 0.08510570 0.14733763 0.17210253 0.11925100 0.33280123 0.14193262 0.09037962 0.26203519 0.22828711 0.16423777 0.14226832 0.14970630 0.09096339 0.29830638 0.22677652 0.22591848 0.20184107 0.10339654 0.12668132 0.09252671 0.16070132 0.23084508 0.26004372 0.16705245 0.10355615 0.19670625 0.21079800 0.19695524 0.16275239 0.20720101 0.19220812 0.12419638 0.08469078 0.12643006 0.13639341 0.15631967 0.11579407 0.13714532 0.52993449 0.12564666 0.80694520 0.24789477 0.19144174 0.08631908 0.05766984 0.09717842 0.17327182 0.16573085 0.27265965 0.05910572 0.04598365 0.19155624 0.15074022 0.07957479 0.20642755 0.12620943 0.18310394 0.16556567 0.15462976 0.29405807 0.10512454 1.01388386 0.18224434 0.18517490 0.16789460 0.16964419 0.18506694 0.08909547 0.10546510 0.20492078 0.13402769 0.12324381 0.11070562 0.15744453 0.13014961 0.13460945 0.08153409 0.12755696 0.18927420 0.23257079 0.12770224 0.09017679 0.16968743 0.10665312 0.15388225 0.14452132 0.16827160 0.14053577 0.13825920 0.12634641 0.17334554 0.12143064 0.14625643 0.09985766 0.10291500 0.14184954 0.13171447 0.16046293 0.11051168 0.16521419 0.19128190 0.11028152 0.12794066 0.09197159 0.14773131 0.15303347 0.23739598 
