0.00000000 0.13216235 0.13473224 0.09379539 0.07260747 0.08614030 0.11541130 0.07397864 0.06591586 0.08975556 0.04801679 0.03612097 0.08466800 0.07888038 0.05097887 0.06336121 0.08247740 0.04635808 0.04637046 0.06625819 0.05904964 0.09316502 0.06634233 0.06723479 0.06366713 0.08149331 0.07359154 0.07185430 0.05049639 0.07355303 0.08455949 0.08299670 0.06830154 0.07300116 0.06558743 0.06388717 0.07902113 0.09038036 0.05089975 0.05529595 0.07387016 0.06706285 0.06393646 0.09623825 0.08490355 0.06426164 0.05240894 0.06447560 0.08765057 0.09058538 0.04950441 0.04790008 0.04787290 0.03722518 0.03545451 0.09955236 0.09230751 0.06762512 0.07000739 0.10936024 0.06808910 0.07589132 0.05294030 0.03569085 0.10765968 0.08331985 0.10187685 0.08398014 0.05820474 0.10532874 0.07757761 0.08230615 0.04710090 0.05576794 0.04748893 0.07056964 0.07568547 0.09018011 0.07715416 0.05021778 0.05415047 0.05071006 0.07277236 0.04863940 0.05260832 0.08889431 0.09368074 0.07981406 0.07950861 0.10625803 0.09588021 0.11642484 0.06103860 0.08731364 0.04500373 0.10288621 0.07535412 0.06853366 0.05218890 0.05256585 0.05365046 0.06905527 0.04890519 0.08214228 0.09886432 0.08734840 0.06158677 0.05506799 0.07372079 0.07795659 0.06252679 0.09403865 0.10925169 0.11141370 0.10385403 0.04575689 0.06357085 0.10755046 0.03403204 0.05659822 0.08803135 0.07135493 0.08549381 0.07651099 0.10687587 0.05113156 0.07576900 0.05554196 0.08992785 0.06980084 0.04785294 0.06815931 0.08485472 0.06819149 0.06927858 0.07404724 0.07495045 0.07957131 0.07074117 0.05107422 0.03325550 0.10344832 0.11825652 0.12659166 0.11625285 
0.13216235 0.00000000 0.14871394 0.06988717 0.07970124 0.06973360 0.07864158 0.08269918 0.06641467 0.16504123 0.07211094 0.05841128 0.08655945 0.09538494 0.04271629 0.07364260 0.06941785 0.04116098 0.07174228 0.08425772 0.04460415 0.06062327 0.07152774 0.08813949 0.07862893 0.04109454 0.03039036 0.11592363 0.06676577 0.05294932 0.06945734 0.06275595 0.08413131 0.09750780 0.08692909 0.08209151 0.06703316 0.05298044 0.04983767 0.05310943 0.07955398 0.10179949 0.03689176 0.06913906 0.06462122 0.06321604 0.05234162 0.07092345 0.06028600 0.10717863 0.09151793 0.04810841 0.05845794 0.03860370 0.03711114 0.04968027 0.06157562 0.05565376 0.06872263 0.09723327 0.06711150 0.07510714 0.05203925 0.05218163 0.08777442 0.06602835 0.08246434 0.04240130 0.07233727 0.07845327 0.12537066 0.08071406 0.07630440 0.05966163 0.06647358 0.04714039 0.05841207 0.06250922 0.13057748 0.07946259 0.07062441 0.05781605 0.06478499 0.05000958 0.06180826 0.09502157 0.08184310 0.07435189 0.08420529 0.05513682 0.09047306 0.12774147 0.06118350 0.06560255 0.10150831 0.06523241 0.05815121 0.07544037 0.08724542 0.06073887 0.06961328 0.06827939 0.05833758 0.09925813 0.09032163 0.05959841 0.04201296 0.05471206 0.04225022 0.07119951 0.11699848 0.10056183 0.09395209 0.05122449 0.04223655 0.06299907 0.08639763 0.08752000 0.05886729 0.06047209 0.08620950 0.05605854 0.07669246 0.07204579 0.12335497 0.04585001 0.07410887 0.05310733 0.09108744 0.07064099 0.07358609 0.05452930 0.08702281 0.08493371 0.08936495 0.08827714 0.08254692 0.08361772 0.08057945 0.10294256 0.04684601 0.10499064 0.07690851 0.11681120 0.12639070 
0.13473224 0.14871394 0.00000000 0.08185371 0.06475044 0.10838942 0.09569904 0.07363138 0.08951064 0.11366499 0.08481121 0.08564434 0.08389180 0.09536680 0.05849548 0.09733237 0.09511936 0.03169367 0.09480083 0.13042113 0.03368674 0.06097306 0.11096431 0.10262778 0.09854537 0.05939780 0.09435052 0.08273697 0.07091722 0.07335130 0.09654280 0.04834963 0.08699334 0.11299939 0.10680843 0.10512621 0.11191064 0.10789679 0.03715705 0.11688085 0.13064331 0.02818306 0.05668380 0.06390241 0.10566138 0.05768766 0.04054541 0.08984544 0.05724881 0.07791343 0.05537690 0.03599570 0.07206015 0.03528730 0.02263082 0.04270323 0.02922076 0.04363699 0.05821589 0.07455381 0.06280800 0.07272398 0.04049216 0.02601421 0.07341293 0.06023624 0.08019975 0.04792182 0.07954209 0.07566870 0.07951633 0.08048586 0.06126040 0.03082638 0.04971436 0.06660297 0.09069660 0.10931143 0.08877766 0.05561653 0.06523683 0.05669222 0.08138797 0.03704558 0.07926905 0.07150058 0.04995602 0.05528127 0.10634729 0.06801576 0.08169369 0.10991144 0.07778790 0.08627501 0.06446336 0.04694200 0.05984440 0.07647924 0.04902772 0.06553259 0.05239738 0.06405915 0.02725078 0.06428758 0.05516846 0.05152653 0.05791077 0.04462015 0.04225040 0.07400899 0.04032546 0.06008749 0.06410700 0.05070050 0.04079883 0.04249893 0.08455208 0.03448692 0.03849095 0.06261129 0.09046977 0.10169633 0.11826662 0.09305505 0.08210006 0.05818685 0.08130716 0.06815321 0.08761180 0.08691299 0.07647253 0.09732788 0.07212035 0.09865130 0.08067345 0.07304908 0.11198644 0.06005543 0.07694719 0.09795921 0.05317708 0.08910943 0.07992830 0.15941357 0.16737425 
0.09379539 0.06988717 0.08185371 0.00000000 0.10195419 0.10660469 0.10582795 0.06990325 0.12368025 0.05087422 0.08361539 0.05391205 0.05922832 0.06753500 0.07113992 0.09658249 0.07150885 0.06582604 0.09711567 0.07751262 0.08297244 0.04476143 0.08640212 0.07572547 0.03867608 0.06104598 0.09731139 0.03817448 0.06755425 0.09261503 0.09803319 0.06918423 0.08342050 0.09650064 0.04534078 0.07137828 0.05255702 0.04895049 0.09209978 0.03192877 0.09159062 0.05685468 0.06852322 0.11882735 0.07216678 0.07010503 0.06460018 0.08778174 0.09782243 0.03991946 0.07606775 0.08493054 0.06255430 0.10757116 0.07770974 0.10970143 0.07886255 0.08692963 0.09884714 0.06035994 0.06808298 0.07964980 0.07417458 0.06575782 0.04657538 0.06056070 0.04104052 0.03754392 0.07323021 0.08472351 0.11361336 0.06242973 0.13002821 0.11233225 0.10799698 0.04328441 0.06172926 0.11985481 0.03011370 0.05058614 0.05624876 0.11429603 0.08657223 0.04294324 0.08243223 0.07481592 0.04396427 0.04182285 0.08275344 0.07671120 0.06252047 0.08306648 0.07580885 0.08466035 0.04941890 0.05530335 0.09536783 0.07262571 0.10796645 0.06574384 0.06780110 0.07920894 0.05641539 0.08635495 0.08103655 0.06118097 0.08384586 0.06595175 0.14210239 0.10117849 0.10411832 0.06739236 0.05339604 0.07642806 0.03135222 0.07343262 0.02979722 0.05504667 0.07224532 0.04442742 0.06603557 0.07883724 0.09682456 0.06552566 0.04481193 0.06390128 0.07461005 0.02954457 0.05003402 0.09954815 0.10704805 0.09771400 0.05685348 0.08287174 0.12198924 0.08905443 0.08930214 0.06192304 0.09888546 0.04574970 0.03905006 0.06877659 0.09247127 0.06423119 0.05902506 
0.07260747 0.07970124 0.06475044 0.10195419 0.00000000 0.11607670 0.11664561 0.07615323 0.05315193 0.08288438 0.07169575 0.12455641 0.05053677 0.10429701 0.07933827 0.10588167 0.06279875 0.06642744 0.08090910 0.06607863 0.06721799 0.13971237 0.05936279 0.07107546 0.06199316 0.07662283 0.07938497 0.05543897 0.06623819 0.08601456 0.07630781 0.08209668 0.07105758 0.05211111 0.08003249 0.07738479 0.08359114 0.06943518 0.07582313 0.05641297 0.07708251 0.07564619 0.10298997 0.06345690 0.09122468 0.06482673 0.09093202 0.10938028 0.09093945 0.07712165 0.04931481 0.07631349 0.08479175 0.05435969 0.05631878 0.04877175 0.07191268 0.09780773 0.06167225 0.04977794 0.07525402 0.05817859 0.06943606 0.05985991 0.04994106 0.10262353 0.06018922 0.07033874 0.10785717 0.07588887 0.10929574 0.05817662 0.10269888 0.06402505 0.05258573 0.09136662 0.05560846 0.08485611 0.05354849 0.04270585 0.07177217 0.07669842 0.11455484 0.06126433 0.05713403 0.07324651 0.07949944 0.06837196 0.07174636 0.06242370 0.09553150 0.08337596 0.04371013 0.07608861 0.06560116 0.04014714 0.08636426 0.09990692 0.04568019 0.05603598 0.08451714 0.04647853 0.06471188 0.07579559 0.08131445 0.04694099 0.05330179 0.06512447 0.07484691 0.05566943 0.06771313 0.05237956 0.06499069 0.11836470 0.08363127 0.04187042 0.06525229 0.07910097 0.05669666 0.09554624 0.07862009 0.07418544 0.07538320 0.06697451 0.04062385 0.08631234 0.07742729 0.06046625 0.09448241 0.10484643 0.07302628 0.08419414 0.10384178 0.10888896 0.07426846 0.07381273 0.11308210 0.09332256 0.08766463 0.06785067 0.11043255 0.07260667 0.07579526 0.10247282 0.09143835 
0.08614030 0.06973360 0.10838942 0.10660469 0.11607670 0.00000000 0.10015553 0.07281967 0.09328654 0.14180802 0.09620898 0.08434238 0.06484313 0.08998689 0.09441519 0.11200278 0.08347090 0.06514795 0.08120778 0.16939226 0.04412656 0.04937055 0.09931974 0.07380987 0.04391728 0.06682560 0.11202160 0.05585455 0.05651758 0.08257711 0.11488725 0.07477290 0.09060224 0.05150982 0.09697673 0.11401308 0.10874295 0.07316901 0.07654646 0.09987898 0.08490151 0.02731059 0.05524063 0.07438721 0.11096812 0.06613230 0.05830783 0.08207544 0.06534301 0.04795256 0.06379282 0.07142008 0.05908748 0.01625704 0.04927863 0.05057839 0.06044074 0.05759064 0.07042126 0.04691741 0.06170831 0.06180253 0.07197151 0.03719172 0.05809183 0.08647852 0.02328717 0.06671066 0.09643204 0.11121486 0.09780399 0.07481689 0.09818117 0.06125183 0.03536123 0.06664168 0.09187317 0.08331287 0.07058682 0.06179570 0.05703581 0.09198856 0.06644037 0.07577077 0.07123342 0.08870933 0.06426439 0.03693303 0.06109110 0.03427840 0.08662794 0.05855808 0.06246148 0.05522356 0.12967322 0.04795950 0.07277413 0.05008023 0.08720470 0.05835113 0.03514238 0.05007441 0.04129153 0.10501114 0.06701007 0.05224486 0.08552664 0.05938935 0.04700207 0.06130876 0.08321017 0.04494983 0.04607887 0.11244220 0.04097193 0.02384605 0.04578824 0.04688759 0.02372076 0.04946050 0.05850095 0.08209938 0.11022385 0.07231898 0.06591484 0.12062529 0.09522309 0.08797280 0.06407720 0.09693860 0.04118641 0.09110180 0.10280387 0.07833527 0.23464407 0.09132568 0.09325207 0.11628583 0.15482801 0.06380236 0.04639340 0.12983141 0.07536144 0.07218601 0.09944480 
0.11541130 0.07864158 0.09569904 0.10582795 0.11664561 0.10015553 0.00000000 0.11594974 0.07649460 0.09198772 0.07077352 0.09619416 0.06960470 0.08448707 0.04907302 0.12103980 0.08402248 0.05010856 0.11181591 0.08227713 0.06923493 0.03183641 0.08205230 0.06820905 0.09336950 0.07841090 0.07389219 0.05057433 0.08459414 0.07829784 0.08697896 0.06566460 0.10612907 0.09423943 0.06343451 0.09148758 0.10884178 0.06149673 0.08080047 0.07175250 0.10831204 0.07621367 0.05710224 0.08939699 0.13095916 0.06862109 0.06185298 0.09456778 0.07404864 0.04299639 0.03756543 0.07009930 0.09216034 0.09696481 0.06055088 0.06008407 0.06174126 0.12622828 0.07886848 0.05345069 0.06076603 0.06678481 0.07667052 0.03804520 0.04358692 0.09630001 0.09572049 0.07065654 0.11413214 0.05534044 0.04446703 0.11364617 0.07082522 0.05097507 0.08247361 0.10012012 0.04439164 0.06389154 0.08301778 0.06322821 0.05552580 0.05959494 0.08939928 0.04843794 0.12218972 0.08756092 0.04001259 0.05635710 0.11019239 0.03346310 0.06956666 0.08546562 0.06892791 0.11386884 0.08983356 0.09729029 0.07885238 0.04186883 0.04982018 0.06755866 0.05195165 0.05839331 0.06619053 0.10835260 0.06250090 0.05524341 0.06963763 0.05574323 0.03588900 0.08805765 0.08382015 0.03218517 0.04767094 0.03902321 0.03333901 0.04227526 0.05540274 0.03498828 0.01919610 0.04523868 0.09003346 0.08866499 0.07152885 0.06744982 0.06716684 0.09415186 0.12123970 0.05770742 0.08462736 0.06606014 0.04157331 0.07014820 0.04477917 0.12486253 0.10601543 0.05323020 0.11803405 0.10402496 0.09043060 0.04993586 0.07663607 0.07152451 0.07035303 0.11175914 0.11151208 
0.07397864 0.08269918 0.07363138 0.06990325 0.07615323 0.07281967 0.11594974 0.00000000 0.10173181 0.07064017 0.07265310 0.07412572 0.06028696 0.08203842 0.04290732 0.09133603 0.06137600 0.08328985 0.09511483 0.08872883 0.03965213 0.07657615 0.09555809 0.09586845 0.05593248 0.07452020 0.05290483 0.09814210 0.04821884 0.05839619 0.10086489 0.15377202 0.06594428 0.19280967 0.03511541 0.05874821 0.05961177 0.01546015 0.08407233 0.08241870 0.07428428 0.08274930 0.07767185 0.09625583 0.08866950 0.05420149 0.08334756 0.06871965 0.06826054 0.07717415 0.10928188 0.06486171 0.04470813 0.05660718 0.06156676 0.12939217 0.06402291 0.09645403 0.07665294 0.03774102 0.05886875 0.06187595 0.06708129 0.06582929 0.06778524 0.01291356 0.09534731 0.06717742 0.10906187 0.05274118 0.13901688 0.07118790 0.06554345 0.10618595 0.08625521 0.09617263 0.12602898 0.08845216 0.06272172 0.05456641 0.09733060 0.06469489 0.04292551 0.05567816 0.07718001 0.04821139 0.08192628 0.07191335 0.07679893 0.06749943 0.06194471 0.05314215 0.07306527 0.07843875 0.05689675 0.10368432 0.07981090 0.04357095 0.04872906 0.11104837 0.04607187 0.05250512 0.08091168 0.07731350 0.07055613 0.03942950 0.05984923 0.08000116 0.04702441 0.08561132 0.05531378 0.07722651 0.11968491 0.10373119 0.09365707 0.09915671 0.09305149 0.04946946 0.06517344 0.08852240 0.07434032 0.12145603 0.11495070 0.09357552 0.09114710 0.04572672 0.07820025 0.08449527 0.07733223 0.09392921 0.03411246 0.09198879 0.06918405 0.07560990 0.05451071 0.09501122 0.02925160 0.09311500 0.04939114 0.11392160 0.05486700 0.04460285 0.05043095 0.06308636 0.08186583 
0.06591586 0.06641467 0.08951064 0.12368025 0.05315193 0.09328654 0.07649460 0.10173181 0.00000000 0.08385870 0.08928325 0.08488123 0.04244268 0.07826669 0.04324683 0.08173883 0.09127507 0.05961279 0.09404954 0.07920195 0.05203090 0.05233601 0.09050660 0.09832929 0.07031161 0.05193737 0.12111527 0.05706487 0.06815051 0.03168999 0.08603223 0.08523559 0.07984262 0.07472304 0.05488769 0.10998028 0.09557273 0.06626131 0.07457479 0.07504578 0.09293292 0.06975441 0.07364180 0.06526049 0.03935245 0.07352086 0.07125785 0.07689338 0.07117592 0.04477692 0.09491852 0.05888612 0.03878628 0.02796709 0.07290375 0.07457425 0.08060562 0.04338505 0.08510808 0.06681078 0.07377086 0.08153031 0.07881384 0.04627439 0.11377716 0.06290525 0.07147975 0.04998651 0.10607854 0.11744986 0.04787438 0.06756665 0.05640886 0.06722395 0.05395942 0.10784274 0.07045491 0.07894301 0.03898610 0.04540043 0.10922505 0.08112944 0.05458146 0.08559826 0.06036348 0.06636145 0.06595031 0.03211662 0.03742445 0.12752663 0.05551899 0.09539911 0.07960601 0.08850626 0.07065708 0.15662789 0.12808646 0.03391663 0.08798328 0.03841913 0.07664214 0.09042962 0.06437588 0.05784697 0.04760292 0.04077338 0.09971208 0.07924533 0.04056896 0.10960686 0.10640232 0.05891234 0.10134568 0.07310842 0.03360767 0.03379040 0.06499590 0.01907288 0.06520638 0.10377188 0.07152542 0.07072944 0.02389529 0.11805163 0.03895650 0.10067943 0.08372430 0.07252013 0.09306475 0.11684433 0.05286140 0.06482105 0.06377004 0.08439877 0.07644612 0.07105049 0.06078642 0.15518213 0.10660791 0.06369665 0.06973882 0.11958683 0.07212232 0.08287903 0.07334347 
0.08975556 0.16504123 0.11366499 0.05087422 0.08288438 0.14180802 0.09198772 0.07064017 0.08385870 0.00000000 0.08336724 0.08254687 0.08528857 0.08779958 0.09770595 0.07875526 0.08782417 0.07408521 0.06747767 0.06369296 0.04813820 0.05814208 0.09563878 0.12635243 0.05887717 0.04872697 0.11632584 0.12368277 0.06478019 0.08691475 0.14355962 0.07531251 0.07002721 0.07490151 0.05222136 0.07251500 0.06588149 0.07076608 0.04995492 0.07381091 0.07120416 0.05619542 0.06284075 0.05995318 0.05938848 0.07198707 0.07314688 0.08869418 0.06765516 0.05115576 0.05484513 0.07214124 0.04358169 0.07105528 0.05821464 0.08021658 0.06137028 0.13067388 0.04016381 0.06128093 0.06436440 0.06186122 0.04878888 0.04771880 0.08563703 0.06036736 0.06974223 0.07966473 0.05934123 0.08411845 0.12423438 0.10288386 0.06589525 0.04955464 0.05005854 0.06844328 0.09224784 0.08075133 0.13450040 0.05713567 0.01395200 0.04132112 0.07668911 0.04420562 0.06134467 0.07442549 0.04488785 0.03927033 0.07362993 0.07568974 0.09175193 0.10235871 0.08614461 0.08537438 0.07584691 0.07966797 0.06149838 0.05762017 0.07305339 0.06907244 0.06361439 0.05066045 0.09285693 0.05637961 0.09557790 0.11367860 0.07479629 0.06269647 0.06737912 0.08039698 0.10028374 0.06667114 0.07356099 0.07329458 0.03487746 0.06236801 0.12181959 0.07345537 0.05076859 0.05623607 0.03912567 0.09555232 0.05041966 0.05822607 0.08141166 0.07943479 0.05909321 0.11319041 0.05682320 0.07621785 0.05872478 0.08052888 0.10768235 0.09838091 0.06971108 0.05069904 0.08449978 0.07872458 0.08140984 0.10510550 0.07268623 0.09945939 0.07237203 0.10159250 0.10762917 
0.04801679 0.07211094 0.08481121 0.08361539 0.07169575 0.09620898 0.07077352 0.07265310 0.08928325 0.08336724 0.00000000 0.10275983 0.09605773 0.07380421 0.08131059 0.09432955 0.10071507 0.06217399 0.05696733 0.07038549 0.07618072 0.13353543 0.05037870 0.06833102 0.07850018 0.14488511 0.07447843 0.04849989 0.06300548 0.07352427 0.07200000 0.10185864 0.08801140 0.10123016 0.05509655 0.07601621 0.05825638 0.05817192 0.07478202 0.08168679 0.06381212 0.05998473 0.10614804 0.13833369 0.07361320 0.07060496 0.05906654 0.04495970 0.03494275 0.09903340 0.08917652 0.08237203 0.06723573 0.04836446 0.09509936 0.08385367 0.05981498 0.04557721 0.07720726 0.05104333 0.06190034 0.07480763 0.09234465 0.05964038 0.07650707 0.07573299 0.03249759 0.03334864 0.03861041 0.07301318 0.09995592 0.05785299 0.07327018 0.05129015 0.07442567 0.06374351 0.05868492 0.09928682 0.07816134 0.11098195 0.10455265 0.12583493 0.08508949 0.10705431 0.07490681 0.08535205 0.06107426 0.06594265 0.08204209 0.06073035 0.05372371 0.04522314 0.06520687 0.06112236 0.04868471 0.04475979 0.09191735 0.08722520 0.05019620 0.06848908 0.06882157 0.07663995 0.06758501 0.06004086 0.08346462 0.06727887 0.06188263 0.08026949 0.07395128 0.06172739 0.08284144 0.06094519 0.07759978 0.07267987 0.04794962 0.05898834 0.06756064 0.09021729 0.06221200 0.06792284 0.09509028 0.07696899 0.11287211 0.07156701 0.08301799 0.08739096 0.08539929 0.09920590 0.07367473 0.07355359 0.11064985 0.07091997 0.07657423 0.05590008 0.09149155 0.06868030 0.10408363 0.08727669 0.06876910 0.03857306 0.08414146 0.07710839 0.05761025 0.05919200 0.05671292 
0.03612097 0.05841128 0.08564434 0.05391205 0.12455641 0.08434238 0.09619416 0.07412572 0.08488123 0.08254687 0.10275983 0.00000000 0.11118147 0.09941801 0.08179841 0.10319121 0.06659047 0.04846026 0.10939967 0.12436101 0.07365753 0.04792363 0.10960236 0.06514389 0.04595606 0.11620255 0.10095293 0.06470865 0.07432675 0.10591514 0.08713960 0.09641241 0.08329715 0.04771152 0.03103051 0.08571645 0.10075799 0.11731375 0.07741514 0.09750954 0.09018987 0.03199456 0.03727342 0.10218792 0.04837569 0.07426216 0.07694550 0.11459954 0.03611051 0.06745295 0.06242501 0.05340558 0.06225399 0.08377876 0.07045166 0.05398890 0.07646061 0.05989795 0.07315331 0.05074537 0.07358779 0.06927825 0.06612927 0.05579636 0.04723802 0.08642484 0.07105063 0.05181518 0.06749198 0.08137617 0.07448994 0.06190685 0.07847996 0.04764042 0.05367327 0.05453073 0.05649488 0.10154988 0.05172054 0.10923992 0.04963473 0.15719023 0.08811355 0.06765244 0.07731676 0.06639783 0.08610219 0.05454997 0.04791629 0.09043797 0.09040767 0.03657186 0.08133258 0.06926687 0.04673074 0.04055458 0.07874356 0.06268020 0.02663321 0.03828270 0.06755708 0.06172228 0.04233225 0.05269941 0.05240848 0.11706631 0.05864972 0.07138808 0.06717236 0.05634060 0.04605661 0.03451160 0.06442324 0.04869267 0.05718905 0.05211182 0.06258104 0.04275792 0.06520000 0.09201414 0.08414928 0.11403892 0.04294931 0.11697872 0.08472289 0.11589486 0.08487547 0.12154543 0.07505921 0.11636207 0.08259888 0.14214111 0.05707772 0.07917458 0.09530561 0.07771272 0.12930631 0.10143752 0.12294236 0.08127489 0.05242772 0.10273741 0.06531645 0.07740386 0.09503828 
0.08466800 0.08655945 0.08389180 0.05922832 0.05053677 0.06484313 0.06960470 0.06028696 0.04244268 0.08528857 0.09605773 0.11118147 0.00000000 0.09716068 0.10598984 0.08199991 0.08073516 0.07712613 0.05791278 0.06985276 0.07522032 0.10068350 0.12550326 0.10658940 0.08715694 0.08704030 0.05324897 0.06809820 0.06542319 0.06207410 0.08058393 0.08662307 0.06755626 0.07662480 0.05516787 0.08324034 0.08325865 0.07045979 0.06394831 0.05816483 0.08958229 0.05321417 0.06139842 0.09075002 0.04325354 0.07584148 0.07876933 0.05363388 0.06685495 0.08097338 0.05994009 0.05531767 0.09956444 0.05339968 0.06707784 0.08701418 0.06372078 0.11328848 0.05239636 0.09660195 0.06564281 0.06053211 0.07583453 0.08155360 0.06167067 0.05094614 0.10867503 0.04543123 0.05359655 0.08386397 0.08204770 0.04365044 0.07809299 0.06987582 0.06218369 0.06837496 0.13154482 0.08114719 0.11294326 0.13618952 0.14666523 0.05438456 0.07837758 0.10474631 0.10328805 0.04880736 0.08990722 0.08302846 0.07065703 0.09055785 0.06761173 0.06962169 0.08430674 0.09583463 0.08615286 0.04930228 0.08960244 0.12565843 0.09519149 0.04848541 0.08071959 0.05062690 0.05591301 0.09492437 0.05507813 0.05113465 0.06985918 0.05760397 0.08645913 0.08443453 0.05703947 0.07070025 0.07028740 0.06469337 0.07338321 0.04486196 0.06999681 0.10875423 0.09525407 0.10771509 0.08411476 0.06655420 0.04338541 0.05312958 0.04523652 0.05425975 0.03297306 0.06422996 0.05872025 0.07795276 0.07275651 0.08935094 0.09918025 0.11166650 0.03358614 0.05323411 0.11066587 0.06954348 0.07740983 0.06380491 0.05945725 0.03943625 0.07442060 0.06789721 0.10644125 
0.07888038 0.09538494 0.09536680 0.06753500 0.10429701 0.08998689 0.08448707 0.08203842 0.07826669 0.08779958 0.07380421 0.09941801 0.09716068 0.00000000 0.08717055 0.12466336 0.09658400 0.07696248 0.06424074 0.10709135 0.12716505 0.03957970 0.07450084 0.06261706 0.07075882 0.09330153 0.06808117 0.10672964 0.08083856 0.06053856 0.08197377 0.05237073 0.06889828 0.07105780 0.04482828 0.07561077 0.13161568 0.07959284 0.07206438 0.07532817 0.10685484 0.03350553 0.08396358 0.08098322 0.08683547 0.06903080 0.07200280 0.07823579 0.05123793 0.05584710 0.05166586 0.03859364 0.15944133 0.04347354 0.06705225 0.07732563 0.06164112 0.03221814 0.08670501 0.06277588 0.06692916 0.06272471 0.07774291 0.03519468 0.05989635 0.08441494 0.03023870 0.08107000 0.12833519 0.08727596 0.07279623 0.08399710 0.11225210 0.05239416 0.08646053 0.07581450 0.06139581 0.09650207 0.07763035 0.05454854 0.11748521 0.08224533 0.14193108 0.05729455 0.07024691 0.10351057 0.08924537 0.07768119 0.07591338 0.04170320 0.07715041 0.07144446 0.06645415 0.07134345 0.08448408 0.05519823 0.08126844 0.05503876 0.06641444 0.06924990 0.05207637 0.05201039 0.06673354 0.09362868 0.09370103 0.04570268 0.06286618 0.06905720 0.05761406 0.09021880 0.04704269 0.04144326 0.05087068 0.05764679 0.07567979 0.02822766 0.06816244 0.05882369 0.04660852 0.03104440 0.06070654 0.08579665 0.07042928 0.09603848 0.05858486 0.07140346 0.07760381 0.05188834 0.05063099 0.09400960 0.03764216 0.08071796 0.13144550 0.09283585 0.06637205 0.06619414 0.05545089 0.12541548 0.10900234 0.10022688 0.04873937 0.08597921 0.10347759 0.10147835 0.09385357 
0.05097887 0.04271629 0.05849548 0.07113992 0.07933827 0.09441519 0.04907302 0.04290732 0.04324683 0.09770595 0.08131059 0.08179841 0.10598984 0.08717055 0.00000000 0.13073666 0.08456900 0.07604099 0.08124646 0.08817937 0.07173302 0.09361052 0.07873478 0.13616335 0.07200850 0.06329002 0.09421863 0.07426801 0.07880738 0.11236714 0.08291617 0.03176360 0.05395604 0.04250766 0.01691311 0.06395395 0.10410252 0.08241393 0.07601317 0.05736411 0.08871713 0.05868150 0.04331101 0.05356509 0.09121603 0.07455780 0.09294875 0.09932305 0.06876741 0.08452752 0.07302737 0.11760276 0.07102858 0.11293837 0.09623544 0.07298994 0.10059483 0.14714175 0.08803854 0.06290780 0.05929777 0.06734916 0.08937543 0.08342302 0.05194218 0.05744384 0.04092193 0.07674571 0.11333838 0.04278880 0.06600678 0.07211208 0.06518666 0.06553028 0.03965726 0.05867468 0.10100587 0.03676426 0.05218325 0.06331354 0.21054310 0.07144330 0.07354015 0.04869255 0.04019687 0.06714412 0.09998570 0.06253707 0.05922410 0.03817013 0.09024672 0.07296828 0.04714136 0.08484231 0.05855302 0.06940515 0.03037716 0.15613378 0.07616685 0.10204427 0.06876568 0.06079269 0.10697281 0.02380052 0.13742157 0.07996238 0.09179925 0.08515801 0.06491749 0.09565483 0.04964718 0.06582903 0.09020665 0.06360864 0.07554659 0.09315644 0.06705710 0.03445055 0.08079128 0.10433249 0.07478515 0.04636873 0.06506115 0.06819770 0.08308766 0.06338377 0.09927868 0.07838712 0.04824414 0.06774377 0.08007801 0.07258924 0.08261151 0.09744391 0.05496642 0.08289050 0.08424327 0.04769781 0.08429141 0.08888545 0.07217704 0.05223308 0.07160510 0.06406024 0.06653435 
0.06336121 0.07364260 0.09733237 0.09658249 0.10588167 0.11200278 0.12103980 0.09133603 0.08173883 0.07875526 0.09432955 0.10319121 0.08199991 0.12466336 0.13073666 0.00000000 0.15466622 0.06195451 0.10213282 0.15622362 0.05540956 0.10542862 0.07581201 0.09467169 0.05945885 0.07454188 0.08916534 0.06451588 0.06774974 0.07118871 0.09763565 0.08333068 0.06898690 0.06677069 0.06747864 0.10276349 0.08473588 0.08326859 0.07016514 0.05660743 0.07586365 0.04997166 0.06368182 0.06929949 0.05143824 0.06810279 0.05294772 0.12619883 0.04072207 0.05808466 0.07755576 0.06826436 0.10234704 0.05855824 0.06767781 0.09279315 0.05015115 0.06396894 0.05854195 0.06282188 0.06708326 0.06236877 0.08593599 0.05364113 0.03913235 0.12423255 0.03526670 0.04147154 0.07526551 0.09703154 0.06980393 0.09766449 0.08921123 0.06528400 0.07478723 0.04207481 0.04387184 0.09461252 0.08540206 0.06316966 0.09195249 0.09266670 0.12401528 0.05838246 0.05367286 0.11462106 0.05563232 0.11560106 0.05452771 0.05802618 0.06888133 0.08223500 0.09300515 0.08219649 0.05692699 0.06026893 0.06046487 0.08037631 0.05243738 0.04182958 0.05866700 0.05156829 0.03603776 0.06668282 0.05211117 0.06049526 0.08261119 0.05685975 0.05976440 0.09746733 0.06559162 0.04235392 0.04240767 0.05123003 0.04944653 0.05098074 0.06680406 0.06221206 0.03465653 0.07373754 0.09541268 0.06087874 0.07570610 0.06504665 0.06753715 0.08437589 0.10776382 0.09062186 0.07776562 0.08948222 0.04899563 0.08354819 0.06276135 0.08859746 0.08552921 0.06718217 0.08369624 0.08751631 0.10236266 0.08852178 0.09174998 0.06074698 0.07532713 0.06738207 0.08779502 
0.08247740 0.06941785 0.09511936 0.07150885 0.06279875 0.08347090 0.08402248 0.06137600 0.09127507 0.08782417 0.10071507 0.06659047 0.08073516 0.09658400 0.08456900 0.15466622 0.00000000 0.07126485 0.17601173 0.20605193 0.07909798 0.06499735 0.05533353 0.10875691 0.05251498 0.06946317 0.10186223 0.05503397 0.06346595 0.10929023 0.08963096 0.06345837 0.05526754 0.04919478 0.07832917 0.04698077 0.13389615 0.08723974 0.07527510 0.11118433 0.06581310 0.04267787 0.07538815 0.05322661 0.08191564 0.06208192 0.06108268 0.11356545 0.08758085 0.06004713 0.08419509 0.03798051 0.06024434 0.03375841 0.09883527 0.04146659 0.09745651 0.05879470 0.06695867 0.07259403 0.06967738 0.06660098 0.06663862 0.04269618 0.05452075 0.09636549 0.07188944 0.06136203 0.05808259 0.04500535 0.03928765 0.09782881 0.07740570 0.04532165 0.08182717 0.04112605 0.04983501 0.06666577 0.09807739 0.06004545 0.08862528 0.08557382 0.08999914 0.09740068 0.10105889 0.09057617 0.03657370 0.05597492 0.19328324 0.09756049 0.10913738 0.08830231 0.03650741 0.06926176 0.06609738 0.06311219 0.06749170 0.06794443 0.04903526 0.04213948 0.07446145 0.06118215 0.07802830 0.05602947 0.07893737 0.08350185 0.06655155 0.09349471 0.05904813 0.08522123 0.03666568 0.10402713 0.10316931 0.05712945 0.04836730 0.06203247 0.05258361 0.04884355 0.07343116 0.10428550 0.04546282 0.08242271 0.08496597 0.05783252 0.10087972 0.11625658 0.04426096 0.05022655 0.09330140 0.06362487 0.08266127 0.09231159 0.04132253 0.04943692 0.07767441 0.09995278 0.04996645 0.07062901 0.06785395 0.06592889 0.06289353 0.07538210 0.04860017 0.06892574 0.08402735 
0.04635808 0.04116098 0.03169367 0.06582604 0.06642744 0.06514795 0.05010856 0.08328985 0.05961279 0.07408521 0.06217399 0.04846026 0.07712613 0.07696248 0.07604099 0.06195451 0.07126485 0.00000000 0.11804049 0.07438069 0.07932210 0.12179126 0.10709706 0.04331449 0.10721356 0.07247750 0.07877251 0.07034376 0.05603363 0.06847805 0.07016027 0.09777084 0.06198194 0.07706726 0.06218216 0.07007663 0.05655815 0.04853875 0.05700856 0.07684834 0.06177705 0.08647068 0.06425260 0.11174364 0.06926121 0.06821504 0.14504709 0.08425958 0.08151405 0.09623939 0.05206063 0.12717886 0.05045518 0.08949072 0.03594745 0.06462053 0.08445051 0.09797449 0.06319588 0.05217913 0.10211134 0.08090961 0.05958534 0.05067148 0.06409490 0.06133830 0.10259434 0.07586689 0.06912677 0.10301972 0.09916622 0.07029668 0.06963713 0.06958401 0.04527833 0.06379741 0.12755328 0.06018893 0.07448726 0.07387482 0.07045269 0.04210007 0.05844545 0.05919933 0.04700196 0.06071400 0.06613360 0.13768888 0.07437183 0.08753584 0.08721978 0.07928425 0.07225087 0.06726816 0.06714387 0.07267573 0.09981467 0.10240613 0.08357603 0.07704179 0.07619777 0.09026457 0.08684714 0.11087460 0.07980088 0.07090750 0.05307740 0.05295810 0.06668635 0.09292868 0.07966572 0.05256007 0.05141980 0.07631307 0.10965186 0.07384573 0.08505885 0.04059152 0.09278751 0.08244896 0.13536151 0.05378454 0.08801803 0.05534307 0.06474721 0.08173621 0.07467313 0.08098367 0.06675145 0.07536065 0.05474972 0.06673001 0.07884542 0.06691459 0.06965080 0.05844708 0.04956114 0.06540120 0.06676996 0.09135176 0.12828853 0.08343564 0.08821767 0.05104288 0.02325915 
0.04637046 0.07174228 0.09480083 0.09711567 0.08090910 0.08120778 0.11181591 0.09511483 0.09404954 0.06747767 0.05696733 0.10939967 0.05791278 0.06424074 0.08124646 0.10213282 0.17601173 0.11804049 0.00000000 0.11499049 0.05064993 0.07800808 0.13123982 0.07851809 0.10451505 0.05419175 0.08193704 0.11307152 0.03792997 0.05918595 0.08303032 0.07523814 0.08021057 0.10463998 0.06181506 0.06744728 0.07769766 0.04975292 0.07363944 0.06885816 0.08162519 0.06605659 0.09580221 0.08334121 0.05965263 0.05815082 0.05565246 0.11874560 0.08852310 0.07821179 0.08465294 0.08027492 0.07445799 0.03184880 0.05078185 0.09119158 0.08134220 0.03424525 0.05624119 0.07476258 0.05792952 0.06278750 0.06746946 0.08302975 0.07824715 0.07291105 0.06879280 0.08644584 0.05657628 0.03835204 0.04657026 0.09792967 0.09563484 0.02705107 0.05126224 0.05709429 0.10278040 0.05844176 0.07129379 0.06229772 0.09294339 0.06621998 0.12060274 0.03202707 0.07848076 0.06757484 0.03639164 0.04737639 0.09249491 0.08807784 0.05647659 0.05070744 0.04518597 0.09002957 0.06723008 0.12596333 0.07215098 0.05950427 0.07045508 0.09339949 0.06234718 0.05582129 0.04317634 0.07128066 0.06485522 0.08023829 0.06516793 0.08180216 0.04435865 0.08192840 0.07279998 0.08139967 0.07969111 0.07463549 0.05774821 0.06610478 0.07473746 0.04041175 0.08101839 0.05681348 0.06459802 0.07996980 0.10767668 0.06793809 0.06740870 0.06993933 0.05105384 0.04265376 0.06868122 0.07656074 0.04572893 0.05932975 0.09305121 0.09914235 0.03137420 0.09332581 0.14198069 0.13481534 0.08666222 0.07723346 0.04703977 0.09401148 0.12387282 0.09680557 0.10531165 
0.06625819 0.08425772 0.13042113 0.07751262 0.06607863 0.16939226 0.08227713 0.08872883 0.07920195 0.06369296 0.07038549 0.12436101 0.06985276 0.10709135 0.08817937 0.15622362 0.20605193 0.07438069 0.11499049 0.00000000 0.07189294 0.03980321 0.09138786 0.12987505 0.06710323 0.06055021 0.08282662 0.07050714 0.09989186 0.05246040 0.08915935 0.04670568 0.06654128 0.08956650 0.12306550 0.09063060 0.07816441 0.13889908 0.06743855 0.09877307 0.13470447 0.02704879 0.06947697 0.05252169 0.13767033 0.05607846 0.07400947 0.12229050 0.04103257 0.05847451 0.04619392 0.06412670 0.09265516 0.01941826 0.05566684 0.04146241 0.04775177 0.03387753 0.10603184 0.05401086 0.06513041 0.07181161 0.07024530 0.08179389 0.08127935 0.08524933 0.02499536 0.04603676 0.08276971 0.06015415 0.06994327 0.06420184 0.11512475 0.04469201 0.06236168 0.05012867 0.05329196 0.04977872 0.04752368 0.06513516 0.03905809 0.08172968 0.09351241 0.05464000 0.10981671 0.08640657 0.07700397 0.05279464 0.06884538 0.06964435 0.07990303 0.05993516 0.09157379 0.07623855 0.06934522 0.06923217 0.08019630 0.06436586 0.11229801 0.07995874 0.08319078 0.06709817 0.03611985 0.09793801 0.03924193 0.06218715 0.04389786 0.05607157 0.03704020 0.06031583 0.05503244 0.05530436 0.02294472 0.10247523 0.01789772 0.02989678 0.08782709 0.07941804 0.07173099 0.09022790 0.07585996 0.06925963 0.05653705 0.06526040 0.06287915 0.09615548 0.07444250 0.06070378 0.05657103 0.12126689 0.09077229 0.05441765 0.07579191 0.09312441 0.08371265 0.10809800 0.06250706 0.06943860 0.08759352 0.06012081 0.07106653 0.05896827 0.06842729 0.07649830 0.09877987 
0.05904964 0.04460415 0.03368674 0.08297244 0.06721799 0.04412656 0.06923493 0.03965213 0.05203090 0.04813820 0.07618072 0.07365753 0.07522032 0.12716505 0.07173302 0.05540956 0.07909798 0.07932210 0.05064993 0.07189294 0.00000000 0.09868166 0.06705143 0.04352606 0.07470897 0.07770014 0.09142593 0.05399203 0.07018924 0.07946733 0.05474861 0.06977295 0.08773077 0.03291952 0.06649530 0.08145164 0.05716907 0.08344587 0.09504362 0.04987156 0.08387606 0.05756654 0.09276107 0.08651403 0.05916147 0.07505671 0.05421054 0.08822721 0.09349158 0.05954253 0.05933844 0.08288971 0.11600756 0.07858465 0.16132463 0.06205508 0.07338771 0.07582863 0.12626026 0.11780237 0.07581190 0.08639839 0.07301864 0.09801039 0.05453973 0.08672787 0.07069824 0.06639034 0.05445619 0.06630977 0.05257732 0.06403666 0.05145074 0.08036667 0.11933205 0.04883329 0.05417752 0.06163553 0.07434533 0.10094945 0.08637603 0.08900530 0.06187098 0.08744868 0.08726002 0.09010743 0.09437032 0.04893833 0.06310213 0.09243062 0.07930151 0.04688682 0.09886534 0.07092027 0.07473192 0.06108303 0.14063953 0.07034678 0.05611627 0.10040625 0.07765263 0.09244027 0.10210777 0.06090761 0.11337424 0.06983179 0.07615584 0.10495728 0.06972489 0.06805016 0.06970113 0.11644150 0.06586242 0.06190113 0.04980705 0.08472888 0.05392717 0.10104938 0.09015018 0.09393124 0.07743926 0.06151251 0.09907969 0.06456097 0.05748708 0.06086288 0.06784919 0.07788649 0.07007773 0.09527023 0.06539608 0.03521712 0.08636757 0.06582598 0.06422662 0.07160048 0.06708076 0.06199067 0.06237587 0.05125394 0.06496635 0.06752173 0.08747071 0.07852944 0.02707122 
0.09316502 0.06062327 0.06097306 0.04476143 0.13971237 0.04937055 0.03183641 0.07657615 0.05233601 0.05814208 0.13353543 0.04792363 0.10068350 0.03957970 0.09361052 0.10542862 0.06499735 0.12179126 0.07800808 0.03980321 0.09868166 0.00000000 0.07241003 0.09754040 0.11263366 0.10371419 0.05333016 0.13326572 0.09150795 0.05544195 0.05765952 0.07050548 0.09901596 0.07095270 0.12043520 0.10506308 0.04563829 0.05872127 0.06652526 0.21030893 0.06871152 0.06219436 0.21248587 0.08441316 0.04735199 0.08620317 0.05473783 0.04008320 0.06316755 0.11230695 0.08625156 0.07709362 0.07493672 0.07550875 0.13075736 0.05808611 0.03670617 0.06558234 0.07388905 0.06899694 0.07668114 0.08640715 0.07873370 0.10815697 0.09980711 0.07254027 0.08274254 0.03688777 0.05996280 0.10617592 0.06778473 0.06634449 0.05708208 0.07455288 0.05010890 0.03967472 0.15901812 0.06695637 0.06062840 0.07148386 0.06677815 0.05544518 0.05684778 0.04858877 0.04479701 0.08384412 0.05646897 0.08805692 0.07529216 0.07185831 0.06808155 0.06860329 0.07378880 0.05638005 0.08679145 0.06984907 0.01866214 0.12205006 0.08010314 0.09018517 0.06484000 0.09490765 0.08399586 0.08204683 0.04177107 0.05339049 0.05473987 0.06022887 0.08282441 0.11333396 0.06721046 0.07022990 0.08347232 0.07357667 0.07009987 0.08223255 0.06272675 0.09407751 0.05710232 0.08037653 0.07939459 0.04922168 0.04011822 0.08307354 0.11106360 0.03305648 0.04070776 0.08213583 0.07749791 0.03453244 0.10126750 0.04711529 0.06617923 0.02725329 0.03463137 0.06371370 0.02905638 0.06265569 0.09472415 0.02761053 0.07400728 0.04126206 0.07494061 0.07448565 0.05873609 
0.06634233 0.07152774 0.11096431 0.08640212 0.05936279 0.09931974 0.08205230 0.09555809 0.09050660 0.09563878 0.05037870 0.10960236 0.12550326 0.07450084 0.07873478 0.07581201 0.05533353 0.10709706 0.13123982 0.09138786 0.06705143 0.07241003 0.00000000 0.06975215 0.05325136 0.08181194 0.11189619 0.08796491 0.05497100 0.09556161 0.09941906 0.07807761 0.06325081 0.06310306 0.08949899 0.10413005 0.08617933 0.05185321 0.03497685 0.09904508 0.22157329 0.05320860 0.08402344 0.21834371 0.05682374 0.07233048 0.07870400 0.06890388 0.06996473 0.10470258 0.02289486 0.06065435 0.06270217 0.04796299 0.05612892 0.06139346 0.05579061 0.04242377 0.07646402 0.05822400 0.07438072 0.06459399 0.07266407 0.04998278 0.05628292 0.07188667 0.04742358 0.03616546 0.09424199 0.06434507 0.07064697 0.06626090 0.09831636 0.04268656 0.06911579 0.04122224 0.05612832 0.12925031 0.04701711 0.05598358 0.05998249 0.04533745 0.11449779 0.08457944 0.11034142 0.07926744 0.07083037 0.07505451 0.09521811 0.06035044 0.08327762 0.07580867 0.04966680 0.08679763 0.10027224 0.10305850 0.07237360 0.03905830 0.06326302 0.09210164 0.06161086 0.05508420 0.05153602 0.06451702 0.07073024 0.06632343 0.08279043 0.07251411 0.06305693 0.06140347 0.10357890 0.04623458 0.04079508 0.07631035 0.05463387 0.05338693 0.06400520 0.04528508 0.05897892 0.10665551 0.07274454 0.08367362 0.08481072 0.07609254 0.03856661 0.14191356 0.07069823 0.01199327 0.06986615 0.09037736 0.06992169 0.08430348 0.06278978 0.03139464 0.07869982 0.09167233 0.08598312 0.03532655 0.09527621 0.07845371 0.08034193 0.10239548 0.07653980 0.06438875 0.11612791 
0.06723479 0.08813949 0.10262778 0.07572547 0.07107546 0.07380987 0.06820905 0.09586845 0.09832929 0.12635243 0.06833102 0.06514389 0.10658940 0.06261706 0.13616335 0.09467169 0.10875691 0.04331449 0.07851809 0.12987505 0.04352606 0.09754040 0.06975215 0.00000000 0.09381484 0.05322507 0.08152954 0.09318063 0.08233049 0.07282683 0.06374168 0.09585831 0.09066672 0.08073243 0.04509194 0.05052174 0.07152609 0.06975527 0.04089665 0.05398893 0.07781293 0.07721416 0.07655222 0.05051651 0.07414092 0.06220446 0.09037673 0.04976931 0.07116798 0.07833651 0.05711499 0.12518195 0.08184842 0.07917476 0.05643312 0.06845035 0.09016391 0.06410001 0.07003759 0.09063354 0.07010890 0.05924094 0.06665151 0.08204555 0.05790769 0.04422877 0.06841611 0.06974569 0.07495470 0.07604412 0.10055953 0.09057530 0.07580892 0.02129178 0.05491837 0.06833609 0.09444969 0.07033802 0.11491795 0.08151253 0.10383846 0.06992271 0.08619773 0.08220274 0.10986725 0.06610933 0.08751575 0.08352438 0.09190129 0.07549888 0.06976566 0.06417322 0.07256597 0.09791928 0.06267947 0.06160890 0.09679134 0.06597634 0.10313169 0.05602282 0.03571972 0.04734782 0.05491984 0.05222650 0.06577420 0.05810070 0.05168387 0.04736926 0.05937668 0.07874700 0.09055361 0.07249063 0.10051641 0.08761277 0.10313116 0.03357261 0.08092333 0.09302371 0.06645797 0.03603415 0.07975319 0.04774684 0.06613232 0.08239496 0.11266128 0.09661673 0.08325352 0.06467861 0.08369332 0.10687150 0.06173767 0.07495080 0.07002442 0.10543542 0.07688106 0.06827711 0.05371907 0.08887910 0.08482070 0.06667444 0.07881271 0.05501514 0.04338967 0.08842144 0.09053931 
0.06366713 0.07862893 0.09854537 0.03867608 0.06199316 0.04391728 0.09336950 0.05593248 0.07031161 0.05887717 0.07850018 0.04595606 0.08715694 0.07075882 0.07200850 0.05945885 0.05251498 0.10721356 0.10451505 0.06710323 0.07470897 0.11263366 0.05325136 0.09381484 0.00000000 0.09829901 0.06666754 0.12522071 0.07926843 0.06934905 0.03631096 0.13051626 0.05801049 0.12919976 0.04015118 0.05202968 0.07031179 0.04260523 0.09660614 0.06026446 0.04337318 0.12085525 0.09503867 0.07400594 0.09526175 0.07723686 0.07864127 0.07814833 0.06847206 0.14521228 0.07677061 0.10053965 0.05016971 0.07625383 0.10085045 0.05760441 0.07189611 0.04331552 0.04593971 0.06412095 0.06364431 0.07267983 0.06609963 0.08520037 0.09491956 0.08666714 0.10842300 0.08200657 0.06280243 0.05900907 0.05605392 0.03816671 0.09623254 0.04596379 0.07784095 0.02646616 0.12881799 0.08913506 0.15996153 0.14482647 0.10665872 0.05862609 0.06980210 0.07405847 0.04565606 0.09479743 0.09236051 0.06354719 0.05832589 0.02731917 0.06874641 0.06068666 0.05950859 0.06283812 0.07854517 0.11328368 0.08682184 0.17565425 0.09893919 0.20510860 0.05625884 0.06961936 0.07308094 0.09114792 0.05714079 0.05999173 0.04332683 0.08341717 0.07847493 0.06595504 0.03745049 0.06282974 0.09424316 0.07057554 0.05781622 0.06538393 0.05352297 0.05316983 0.04721030 0.05081646 0.10845421 0.06692072 0.07758213 0.06440077 0.08927340 0.09486056 0.06656089 0.06597290 0.09623676 0.03585316 0.06337148 0.04884714 0.05005302 0.07111510 0.07233814 0.09765366 0.05638971 0.06495563 0.05531967 0.04857187 0.06142759 0.04665512 0.01999040 0.06975764 0.11656818 
