0.00000000 0.26745381 0.15598021 0.15639997 0.17236999 0.14054912 0.13037662 0.10637340 0.15115793 0.11515768 0.14078224 0.08524136 0.13870535 0.13516056 0.09545536 0.06267687 0.12927165 0.10469820 0.12010460 0.15880726 0.09089547 0.21650793 0.15596312 0.12357784 0.05372260 0.11762630 0.10943204 0.16228717 0.15841575 0.12349280 0.08453350 0.11503596 0.17143333 0.10294029 0.09199746 0.09520538 0.11545525 0.17318115 0.09613795 0.15037780 0.09205269 0.06893508 0.08870170 0.10965859 0.11952863 0.09798735 0.09766256 0.08486053 0.12245328 0.10012932 0.15884081 0.07284218 0.13682754 0.09444499 0.11185315 0.12450454 0.10891551 0.14049294 0.15395173 0.14407843 0.15709190 0.10620210 0.15983721 0.09206504 0.09932987 0.17610266 0.09935313 0.07981922 0.06909677 0.11252199 0.06562597 0.09286072 0.13796304 0.12370657 0.08155265 0.11273395 0.14453536 0.09131885 0.14646842 0.09860820 0.17272115 0.10207166 0.19785915 0.14360243 0.09289845 0.10573448 0.09154279 0.15461790 0.10213729 0.13679106 0.11260922 0.07148708 0.12199689 0.09667511 0.16464324 0.12893817 0.06841763 0.13304216 0.09059291 0.08119405 0.11925407 0.13781878 0.07031804 0.06911986 0.08843445 0.12311483 0.05806900 0.11402045 0.09267906 0.16357639 0.12279649 0.07107597 0.10249536 0.12989822 0.16225234 0.13763029 0.12703132 0.08521493 0.09458263 0.14163317 0.14035678 0.14338593 0.11676715 0.13129449 0.12477070 0.14297751 0.10322435 0.09627317 0.12004935 0.10439223 0.15675323 0.09542904 0.09732245 0.15243198 0.10449370 0.15989929 0.15353537 0.10530484 0.07662331 0.11106751 0.09220494 0.06927918 0.13783229 0.17102837 0.15735813 0.10129926 0.10528137 0.15312810 0.17885907 0.14075054 0.12017659 
0.26745381 0.00000000 0.29649816 0.15015846 0.15369214 0.16422561 0.15956407 0.14783630 0.15178332 0.17699575 0.12049626 0.10819191 0.11512387 0.11641795 0.09689446 0.12336536 0.18216752 0.12816914 0.09273354 0.08987711 0.10158647 0.07710957 0.05354122 0.14761745 0.12188573 0.05380138 0.10787119 0.06028085 0.08591467 0.13101291 0.10168317 0.15296715 0.16965344 0.10005803 0.10531758 0.11404324 0.09479802 0.09464526 0.12485120 0.11414307 0.11608055 0.09529536 0.10469180 0.09743394 0.13029567 0.14135393 0.12562183 0.10396166 0.12027714 0.10609897 0.13472947 0.11619094 0.13506878 0.13977221 0.11681293 0.12408464 0.11073543 0.10910619 0.12510196 0.13012478 0.09607020 0.11409528 0.10354600 0.10341526 0.08906476 0.09159556 0.14053702 0.08624198 0.15474813 0.11277828 0.17270481 0.11824444 0.13514800 0.07288975 0.14461026 0.08572693 0.09709982 0.07699790 0.10182630 0.10150889 0.13016614 0.19553891 0.10888811 0.15610354 0.09300766 0.19929864 0.09639489 0.08422499 0.15805907 0.11763087 0.13325455 0.08731427 0.12982849 0.10647892 0.12200499 0.12293063 0.12846801 0.09349783 0.09678545 0.13092345 0.16364596 0.09509297 0.12965105 0.10347272 0.11456058 0.10737502 0.06302443 0.09306798 0.11774972 0.11584439 0.10799470 0.12676021 0.13128745 0.09991104 0.13389986 0.11308782 0.10675065 0.13328017 0.11408001 0.08519591 0.10480664 0.09279405 0.11065937 0.08246990 0.05251284 0.13484212 0.15179137 0.07297601 0.09894091 0.10507957 0.12067533 0.11891403 0.16551714 0.13512716 0.09024298 0.11358919 0.25032543 0.15165929 0.08159809 0.17438713 0.09916122 0.12933382 0.12494637 0.12270331 0.14891841 0.09768557 0.12325620 0.08823767 0.11221061 0.11771046 0.11257267 
0.15598021 0.29649816 0.00000000 0.17641818 0.24495351 0.41531212 0.18856356 0.17842088 0.16303213 0.13796484 0.13530886 0.09384409 0.13132019 0.17299874 0.11083434 0.12243621 0.13163894 0.18093077 0.15827485 0.09388352 0.06330351 0.14186832 0.11699074 0.06165248 0.13970996 0.12654181 0.08972690 0.10327498 0.06372673 0.12988410 0.09222555 0.07395401 0.10645580 0.07960762 0.14653198 0.10619491 0.10012872 0.10676573 0.09852928 0.21983121 0.11300030 0.08337362 0.11181674 0.08714314 0.06018050 0.07451253 0.12447895 0.08661290 0.13381410 0.12443187 0.15051543 0.11975557 0.17231292 0.11671262 0.07606646 0.08584707 0.13020969 0.09966205 0.14852291 0.13561757 0.13015531 0.14135149 0.08240399 0.10089369 0.11158947 0.13500981 0.12593405 0.07552153 0.15824231 0.13196191 0.04217838 0.09326499 0.04333572 0.09970841 0.08912900 0.10900380 0.11445860 0.07293066 0.10998393 0.09846649 0.16343496 0.10634769 0.09785809 0.12641638 0.11117339 0.11474169 0.12028494 0.09405629 0.11226990 0.12896942 0.12151738 0.13135936 0.11807913 0.09213672 0.08506498 0.14225655 0.09526886 0.16074061 0.11366671 0.07891129 0.07883625 0.07821619 0.10463081 0.12128970 0.09934049 0.10947964 0.06977189 0.03964440 0.11160107 0.08794260 0.08380912 0.13782738 0.08821182 0.09245019 0.10174119 0.11940122 0.13391125 0.09966541 0.10029527 0.13862639 0.14901022 0.09763083 0.08439465 0.10348021 0.13227853 0.11519854 0.07024599 0.16603470 0.15893184 0.12715307 0.08284070 0.17159591 0.43806659 0.05919740 0.06492110 0.10262401 0.16063981 0.10968930 0.10716277 0.17169779 0.08474508 0.15477509 0.10646623 0.12762695 0.07845093 0.10999436 0.13927745 0.09409709 0.14084180 0.13302921 0.11614845 
0.15639997 0.15015846 0.17641818 0.00000000 0.34220450 0.14843059 0.30718164 0.34977505 0.10305691 0.06029705 0.18556777 0.10062745 0.13763323 0.12420157 0.16403046 0.10112988 0.13944288 0.16450980 0.22685787 0.11481550 0.10155456 0.10991573 0.15587780 0.08511969 0.07471749 0.09545610 0.13274986 0.08139952 0.11762423 0.18030951 0.08824273 0.10019922 0.10580314 0.10377322 0.11070287 0.08419303 0.15050433 0.09963567 0.07015617 0.12443005 0.12407774 0.12482353 0.11713793 0.07666510 0.13935120 0.11425691 0.08796332 0.08646331 0.09567129 0.08505500 0.11885551 0.11195222 0.10424180 0.13706156 0.10940098 0.10138313 0.08811424 0.12005664 0.16499664 0.18865739 0.15103137 0.11655565 0.12486663 0.09407368 0.03383306 0.07456563 0.11953902 0.11888539 0.07855956 0.12145367 0.06842209 0.05549887 0.14690994 0.13242382 0.12053685 0.10212603 0.13318030 0.11377685 0.12298031 0.19677973 0.10435121 0.10219293 0.10360959 0.08078878 0.10568780 0.12015732 0.11737424 0.13004143 0.07989409 0.07918999 0.08365950 0.11202153 0.13283487 0.09119695 0.17101029 0.12048356 0.06001667 0.15336816 0.09655966 0.11082531 0.09991926 0.21150779 0.09145916 0.05600348 0.18435972 0.09870769 0.08352036 0.16791438 0.13699503 0.08139781 0.07753553 0.03944995 0.11406249 0.12625137 0.13437970 0.12897268 0.15233513 0.09731913 0.09952990 0.11606413 0.11752264 0.09472253 0.11332857 0.14141023 0.13446356 0.10485063 0.13001076 0.12963024 0.14019552 0.09946672 0.08597322 0.11445917 0.13595003 0.09734541 0.11922015 0.11295675 0.14934188 0.08796468 0.09722517 0.14638119 0.13781649 0.09129938 0.09578696 0.13012153 0.12843927 0.10394120 0.12427778 0.20642623 0.14519321 0.14352651 0.13885861 
0.17236999 0.15369214 0.24495351 0.34220450 0.00000000 0.12949247 0.12981467 0.25181210 0.23019524 0.15781438 0.23266670 0.14995085 0.15757540 0.06890182 0.11808845 0.15736088 0.14996715 0.10175289 0.14836007 0.15206816 0.12626232 0.11195961 0.19840016 0.12551798 0.06994683 0.12049587 0.10947592 0.08104267 0.10460956 0.15487369 0.10118351 0.09785849 0.11258784 0.15908091 0.11818953 0.14396482 0.12002928 0.13787924 0.08810578 0.08273675 0.06524635 0.12952013 0.12941933 0.10938711 0.10477284 0.10012281 0.12523339 0.08884803 0.11988323 0.13596491 0.13955645 0.12020849 0.14382963 0.10034678 0.12201549 0.10671282 0.14450382 0.14076624 0.15417812 0.15377855 0.12149343 0.09207595 0.16999676 0.07573926 0.10029497 0.12233695 0.12909003 0.09418991 0.12277576 0.09217035 0.09685778 0.10768871 0.05822836 0.08351929 0.07050844 0.05581985 0.12736487 0.08074998 0.07099402 0.07819768 0.08794092 0.07470305 0.18191861 0.11764553 0.14257925 0.17106374 0.09060071 0.13849512 0.04974586 0.06192908 0.10534751 0.10451360 0.11053876 0.09523556 0.11017470 0.11100657 0.12949400 0.10582683 0.07320739 0.11660123 0.08103679 0.14972698 0.13790880 0.07853547 0.09569656 0.06927529 0.05436013 0.10574803 0.11470654 0.05264222 0.11302150 0.07934967 0.08341378 0.10902843 0.07579795 0.09237382 0.09913913 0.09937511 0.09347863 0.14538327 0.18236746 0.09249927 0.12339089 0.15387573 0.17067040 0.25731747 0.12542010 0.13588617 0.16813815 0.10030816 0.18162562 0.11547806 0.14043001 0.11561740 0.10571864 0.05448195 0.11287261 0.12243475 0.09195268 0.17730894 0.15109100 0.11263996 0.08955515 0.14807120 0.12243533 0.11499381 0.12668549 0.14121171 0.13958113 0.14160689 0.09723009 
0.14054912 0.16422561 0.41531212 0.14843059 0.12949247 0.00000000 0.18257126 0.11113865 0.18647450 0.09661906 0.10809439 0.15667664 0.10633108 0.17231126 0.11052176 0.16859687 0.08750792 0.14681406 0.13742170 0.14306090 0.10138292 0.05962182 0.07085549 0.11259214 0.13310993 0.08547798 0.07774541 0.08133787 0.12990073 0.07497026 0.06597306 0.11921599 0.08326669 0.08509798 0.11396981 0.07831600 0.11746678 0.12183173 0.09921373 0.13526007 0.13466187 0.12006035 0.12373780 0.11683237 0.07979339 0.10573119 0.08535139 0.10947711 0.07843337 0.08528847 0.07767872 0.10494817 0.08167358 0.13462818 0.08320437 0.06421109 0.05257929 0.11622432 0.04742526 0.07841015 0.15945712 0.10264601 0.12357555 0.16345635 0.11899464 0.12682049 0.04722929 0.12007813 0.04826063 0.10335637 0.11701123 0.14970096 0.13789930 0.09169431 0.11496358 0.13074195 0.12918401 0.09909757 0.08565780 0.09876506 0.11901931 0.08071474 0.04875902 0.08340365 0.10401580 0.16339902 0.17091897 0.11811182 0.14814391 0.14898570 0.13254578 0.06876923 0.10347974 0.10558553 0.13160411 0.09701912 0.14347584 0.12810395 0.08471854 0.12791570 0.07815119 0.12459327 0.15881085 0.12519783 0.09839337 0.05664640 0.07115399 0.07897133 0.10869566 0.09616582 0.11843747 0.08906593 0.10089098 0.12047817 0.11165306 0.16749884 0.11800897 0.15774356 0.08959170 0.12524439 0.08693892 0.14005417 0.14551740 0.09285352 0.11343435 0.13750905 0.13287864 0.12769251 0.29115526 0.23449897 0.08568520 0.14995744 0.65884297 0.13270191 0.09623825 0.13808035 0.21718722 0.10400688 0.06733631 0.12944484 0.18840560 0.09902147 0.09596972 0.10943338 0.15395537 0.08859977 0.12462575 0.11715296 0.13699263 0.10203657 0.11000744 
0.13037662 0.15956407 0.18856356 0.30718164 0.12981467 0.18257126 0.00000000 0.15177212 0.16514203 0.20099505 0.20819230 0.22056273 0.06684092 0.16351085 0.07765798 0.05317538 0.06709972 0.14102808 0.18858092 0.11957414 0.13184888 0.14001069 0.10542129 0.11024204 0.17860789 0.23209085 0.12964318 0.10673229 0.10636068 0.11385788 0.13079303 0.19215405 0.05637404 0.16255657 0.05474688 0.07851708 0.05724472 0.12780500 0.11538266 0.13824928 0.14289221 0.13036811 0.10241627 0.11709765 0.17047236 0.14411438 0.05189739 0.10855616 0.10736295 0.11577027 0.08198477 0.08241860 0.11668898 0.09744834 0.11133890 0.08697600 0.10931811 0.09128309 0.07702795 0.08671187 0.07628736 0.10962225 0.09505148 0.08958886 0.12883194 0.12167762 0.07741994 0.08727526 0.11459892 0.09198630 0.12240159 0.12102325 0.09181450 0.17024410 0.07769432 0.08451961 0.13725101 0.13437358 0.16649294 0.35989076 0.21451378 0.12298775 0.07778872 0.10852976 0.20211717 0.12172561 0.11076119 0.12383029 0.13423580 0.10578100 0.18207017 0.04741238 0.11850114 0.10034016 0.09999865 0.05054101 0.12043465 0.07854529 0.10364641 0.12936350 0.17406148 0.06151037 0.09992288 0.09276341 0.05705613 0.04198584 0.07821448 0.19264420 0.10901132 0.10936309 0.06490363 0.17949098 0.08268737 0.06833452 0.10480630 0.10950089 0.10485807 0.08561550 0.08704482 0.10777384 0.07831986 0.09157762 0.11170968 0.12240266 0.14500641 0.06195275 0.08823823 0.10674558 0.12116071 0.12347290 0.11915538 0.17691999 0.06366149 0.22422154 0.11496535 0.11156510 0.10836094 0.08262160 0.13084787 0.16647063 0.10281518 0.14529213 0.08953975 0.12577994 0.11687016 0.13110501 0.15877984 0.15729436 0.13414138 0.17266968 0.15578746 
0.10637340 0.14783630 0.17842088 0.34977505 0.25181210 0.11113865 0.15177212 0.00000000 0.26948167 0.16422832 0.20673964 0.36542901 0.11374376 0.11535472 0.10545695 0.08256112 0.09882619 0.04880577 0.15345362 0.12453867 0.09698927 0.13247675 0.09202765 0.12523317 0.10775482 0.13821000 0.09739153 0.12673741 0.07896259 0.11083579 0.08783663 0.05734582 0.08933485 0.10870707 0.13392664 0.08444715 0.18213322 0.15106869 0.02436943 0.10392077 0.09792545 0.08623586 0.10394382 0.08786730 0.17018224 0.08168477 0.13504124 0.13266476 0.10920044 0.10361902 0.11683966 0.14120887 0.14285745 0.09715781 0.06492582 0.08863520 0.11366201 0.11081107 0.11532808 0.14521932 0.14387364 0.11646138 0.09796981 0.08819806 0.13097662 0.08470373 0.07954638 0.09866740 0.11940238 0.13967487 0.09185413 0.12305663 0.10653941 0.11753727 0.07167882 0.12014383 0.13837993 0.14956213 0.12169442 0.13126623 0.14282763 0.05618981 0.14721941 0.11718165 0.11616072 0.08175723 0.13760702 0.11845006 0.09595604 0.14065640 0.12985993 0.12363578 0.13640674 0.07883650 0.10879241 0.12671163 0.10150116 0.17074417 0.15310982 0.17796857 0.13350640 0.09494192 0.06345090 0.06820859 0.09298001 0.13293751 0.08607661 0.12651414 0.04694457 0.12420477 0.13460679 0.11525483 0.11519069 0.06763285 0.08846545 0.11713760 0.11851732 0.08765295 0.09132058 0.17011586 0.12717824 0.12508605 0.06579093 0.11797897 0.12783643 0.19003506 0.11516628 0.11906522 0.13257383 0.18247803 0.14995823 0.14450263 0.11653617 0.12919740 0.18167799 0.11636107 0.10230309 0.15928663 0.12481384 0.21300194 0.10119967 0.08859712 0.09140271 0.10605227 0.10235359 0.08518390 0.12411589 0.13001254 0.11893873 0.14931124 0.11245631 
0.15115793 0.15178332 0.16303213 0.10305691 0.23019524 0.18647450 0.16514203 0.26948167 0.00000000 0.21566296 0.13396475 0.22196408 0.31851094 0.08232160 0.14661748 0.12071697 0.10180108 0.13951730 0.13311192 0.16399788 0.09916457 0.15244673 0.14648511 0.12027869 0.07062443 0.07519610 0.12141984 0.07793257 0.10628747 0.13509185 0.10201945 0.10141360 0.11643800 0.17283819 0.15982375 0.12609812 0.09524423 0.08552014 0.10550321 0.11716293 0.11396562 0.08983157 0.11091280 0.11589967 0.11887658 0.11846344 0.06650433 0.10236382 0.10114095 0.12114953 0.12546529 0.14021388 0.14070468 0.09475974 0.09360928 0.07370321 0.08925378 0.07792528 0.13111396 0.10228101 0.09600445 0.10747447 0.08308434 0.14126280 0.07791777 0.10418239 0.08064712 0.11773392 0.11383433 0.16220997 0.10575629 0.08317544 0.12091380 0.09254073 0.06907311 0.09588792 0.12891492 0.13464339 0.12110327 0.12150737 0.03906494 0.12419296 0.11522828 0.08547070 0.11561223 0.07947209 0.07886434 0.06445687 0.09888026 0.09547449 0.10565891 0.07309597 0.09849190 0.08695742 0.10379621 0.17289502 0.11100536 0.08502728 0.11301814 0.07574677 0.09306274 0.10915379 0.09077103 0.12973110 0.13128872 0.14798195 0.12122499 0.09968357 0.16452481 0.12028486 0.13670430 0.10168092 0.10756020 0.14511117 0.04779848 0.12988814 0.08087940 0.09126351 0.12868225 0.07799332 0.15903836 0.12334812 0.15666954 0.17240009 0.13304215 0.22585424 0.32943783 0.06925262 0.13606688 0.37873429 0.14307264 0.07691568 0.09160212 0.16239553 0.08276028 0.10837333 0.14935540 0.11144128 0.06039319 0.12053926 0.09279555 0.11419141 0.13287593 0.14707463 0.11522379 0.07157332 0.10587632 0.13747384 0.12243948 0.11717103 0.11908560 
0.11515768 0.17699575 0.13796484 0.06029705 0.15781438 0.09661906 0.20099505 0.16422832 0.21566296 0.00000000 0.18291534 0.14137184 0.16479726 0.14866982 0.13865359 0.14550177 0.06994565 0.11075345 0.15095053 0.07329461 0.16092462 0.09921394 0.06560600 0.09371287 0.16914825 0.20418991 0.13101025 0.05976252 0.10844474 0.03415279 0.14734724 0.08704615 0.18524948 0.11762239 0.11454297 0.12294240 0.11910920 0.09333328 0.04002144 0.10442213 0.12361580 0.06986781 0.14261871 0.09256416 0.08632826 0.10354964 0.08506283 0.12494202 0.12049939 0.08760052 0.07011555 0.11712396 0.08894091 0.10202351 0.13544530 0.09620264 0.05658096 0.15178468 0.10141955 0.15296413 0.12227244 0.05952682 0.18364477 0.12739512 0.08709195 0.08712382 0.08758160 0.07347081 0.11951656 0.06902259 0.11000760 0.08536534 0.16631460 0.10494490 0.08863985 0.20235541 0.15047851 0.15985294 0.13887842 0.13287653 0.10610688 0.04937118 0.09760318 0.20525489 0.13889984 0.17698745 0.11225153 0.09151296 0.10110125 0.08568319 0.04958519 0.13207411 0.12866985 0.09766900 0.08241433 0.08107167 0.09391490 0.07242720 0.07544710 0.10789400 0.15396421 0.12149499 0.11633321 0.17652549 0.09381123 0.11732330 0.10504680 0.10131296 0.17960910 0.08872448 0.13133056 0.10163425 0.12371610 0.02866903 0.06226293 0.05892248 0.14464599 0.13459508 0.16111380 0.11741418 0.10952730 0.16060411 0.08730115 0.17890034 0.08225865 0.08624587 0.14206819 0.09274846 0.13412121 0.18590053 0.20360692 0.18172446 0.18327761 0.39318111 0.09525273 0.08458113 0.09202266 0.13398202 0.13260983 0.03508426 0.08529188 0.08562460 0.17808868 0.10841779 0.20492389 0.10665426 0.12515576 0.15251905 0.11057213 0.15867885 0.13169623 
0.14078224 0.12049626 0.13530886 0.18556777 0.23266670 0.10809439 0.20819230 0.20673964 0.13396475 0.18291534 0.00000000 0.15566587 0.14675762 0.13045482 0.10975758 0.14913786 0.09128683 0.10584821 0.13219858 0.10398456 0.14212762 0.08168468 0.14461530 0.14005718 0.08549333 0.09962057 0.18375204 0.14298029 0.08866104 0.13192677 0.10238741 0.12805930 0.06170852 0.04756560 0.11585689 0.18759432 0.09151303 0.08789698 0.03526144 0.12545907 0.13258982 0.12762710 0.11588835 0.09990477 0.09529563 0.10703649 0.09796075 0.11834042 0.11737142 0.13994003 0.13350074 0.11204065 0.11286022 0.11483519 0.08177000 0.13916198 0.16621538 0.08967983 0.09435763 0.13728654 0.08850336 0.08912406 0.12501953 0.08779531 0.06430406 0.14908613 0.10310906 0.13270461 0.13606804 0.12439905 0.09148079 0.15048108 0.12631723 0.15827495 0.12059357 0.20676990 0.20925636 0.15497204 0.16297593 0.40543774 0.14076282 0.23198518 0.14402901 0.16278992 0.14696780 0.08753357 0.14507019 0.05899151 0.09662272 0.10021020 0.11608348 0.11504483 0.11755910 0.11974623 0.12632376 0.14107963 0.09618872 0.13070851 0.15430431 0.07870898 0.08927137 0.07518470 0.05058975 0.10089910 0.05256792 0.12819163 0.10367615 0.12840311 0.11295154 0.08844625 0.16129386 0.08560176 0.09106015 0.08381140 0.06285503 0.06422799 0.12021776 0.06857172 0.06784844 0.11804913 0.18575257 0.09789408 0.08930266 0.12305743 0.09367908 0.10604008 0.16289527 0.09156171 0.13617674 0.16256821 0.10944974 0.09932380 0.18440957 0.15409561 0.12744543 0.06972148 0.07530483 0.07592104 0.08564191 0.12297610 0.15158996 0.07564447 0.09284392 0.13845501 0.12829671 0.06464637 0.10268389 0.12472669 0.15094539 0.10220706 0.11795445 
0.08524136 0.10819191 0.09384409 0.10062745 0.14995085 0.15667664 0.22056273 0.36542901 0.22196408 0.14137184 0.15566587 0.00000000 0.18995530 0.07515476 0.17300006 0.14033822 0.18297030 0.14053589 0.15957220 0.12862480 0.20042104 0.15383647 0.16959253 0.06443809 0.10849617 0.07234965 0.12689890 0.11314349 0.07979205 0.13594635 0.09865355 0.10188515 0.16058877 0.15740411 0.14853791 0.05472113 0.11374594 0.13947573 0.12595420 0.07886362 0.12791374 0.11045065 0.14862594 0.11159021 0.11983530 0.08453938 0.09237368 0.14820301 0.15331964 0.15605248 0.19041883 0.13627468 0.09351793 0.11616090 0.08352125 0.11596138 0.12394411 0.08648756 0.12241709 0.10270624 0.09260333 0.10147640 0.10726500 0.11985076 0.12584823 0.09890948 0.10694390 0.09319339 0.16905922 0.12859494 0.04587631 0.15496473 0.10588410 0.06547654 0.05081007 0.22242843 0.07187827 0.08928887 0.08343984 0.14557891 0.12479813 0.16807702 0.12225252 0.12569082 0.12274936 0.12216374 0.09122479 0.10466138 0.10546010 0.12419597 0.16756094 0.08724562 0.12525481 0.11604031 0.12378355 0.11171488 0.10789199 0.10435716 0.06230719 0.09959644 0.09015086 0.12100156 0.08744850 0.06375084 0.11380683 0.12276210 0.03616053 0.17324035 0.11907417 0.06218720 0.18235100 0.13513450 0.12619361 0.09464559 0.06580722 0.09727029 0.16334370 0.08451049 0.10077056 0.11732150 0.13074313 0.14934923 0.10934112 0.17679033 0.09913605 0.16317636 0.17747381 0.12077203 0.07498737 0.16915721 0.19103775 0.10716961 0.10373765 0.09235655 0.10785399 0.14739242 0.12215254 0.09578943 0.12943544 0.08946881 0.10712426 0.15402288 0.16804014 0.09830625 0.06883257 0.09303446 0.08220436 0.11627349 0.09322475 0.08661248 0.12965477 
0.13870535 0.11512387 0.13132019 0.13763323 0.15757540 0.10633108 0.06684092 0.11374376 0.31851094 0.16479726 0.14675762 0.18995530 0.00000000 0.13028416 0.17996564 0.16948131 0.11302534 0.09386141 0.11947793 0.15177505 0.14283034 0.09658188 0.10231219 0.15780181 0.11039537 0.15501255 0.09164198 0.20646613 0.13262179 0.08965830 0.09290123 0.13781776 0.11535144 0.08158903 0.05929946 0.06484784 0.12022530 0.07829340 0.07026954 0.06923465 0.12963643 0.12162511 0.11133451 0.12925947 0.08212291 0.12196141 0.09939036 0.09444364 0.10405860 0.17279741 0.12150054 0.12900686 0.10719752 0.12405466 0.08545337 0.11229206 0.08703770 0.05603725 0.12919516 0.13024888 0.11409904 0.08544442 0.12268102 0.17067003 0.07937468 0.13348584 0.17730636 0.09969051 0.11019441 0.13366741 0.08711574 0.15345957 0.06432635 0.14018761 0.12671199 0.14278435 0.08740214 0.11938739 0.12368950 0.14648179 0.05481466 0.18022420 0.11028801 0.05464566 0.16081174 0.07726846 0.14005982 0.09453425 0.05842249 0.11471211 0.14501839 0.14278216 0.11532503 0.09515157 0.11624964 0.10239206 0.10324351 0.03871706 0.11610837 0.03987221 0.06729558 0.10083177 0.10691852 0.10035967 0.12576996 0.08415287 0.08987670 0.10863751 0.09327178 0.10834401 0.13151623 0.12305265 0.08041626 0.16317246 0.14771454 0.11840941 0.11527808 0.10454552 0.24041196 0.11012034 0.13721411 0.13064908 0.12814328 0.15267090 0.09528047 0.14447754 0.32586562 0.11680104 0.14506623 0.12946248 0.36162059 0.11528514 0.07479208 0.13180741 0.16758016 0.10273298 0.11291092 0.13372456 0.16174606 0.11554831 0.14147753 0.08769694 0.13421588 0.10482814 0.11615518 0.15468102 0.07065828 0.05389836 0.08399034 0.07865083 0.12197704 
0.13516056 0.11641795 0.17299874 0.12420157 0.06890182 0.17231126 0.16351085 0.11535472 0.08232160 0.14866982 0.13045482 0.07515476 0.13028416 0.00000000 0.18816908 0.19895091 0.23770421 0.25655045 0.14376363 0.13308307 0.16716647 0.09138971 0.10689105 0.15666294 0.26119529 0.09409367 0.12706253 0.14291280 0.09170131 0.16405768 0.14293592 0.11223835 0.15329580 0.14396280 0.09500404 0.08865279 0.10618864 0.12642394 0.13959601 0.13895556 0.05772457 0.07843533 0.10686115 0.07811676 0.11952833 0.14972499 0.04306336 0.09875342 0.11473092 0.08601913 0.11566421 0.05763181 0.06906241 0.02510958 0.07347880 0.02143531 0.05775933 0.05448161 0.10318562 0.08132930 0.10769582 0.10019774 0.10282456 0.09718090 0.16305207 0.08877586 0.12827378 0.15280667 0.12792307 0.15948667 0.11213300 0.21123183 0.38787662 0.13461643 0.08202219 0.33694190 0.19163855 0.12091736 0.19101406 0.13757727 0.08611763 0.09211291 0.10799675 0.12717973 0.07494277 0.07522984 0.21481003 0.11524491 0.18308304 0.15208467 0.01584430 0.11246284 0.08924103 0.07988554 0.09641561 0.14298285 0.14733686 0.14331796 0.10635703 0.07103817 0.09029220 0.06422939 0.12975176 0.13149765 0.18759773 0.09285290 0.07226422 0.11682438 0.13240240 0.14922893 0.05223656 0.11489735 0.12430128 0.06564715 0.11935805 0.14035132 0.07085725 0.09703766 0.13277215 0.10059449 0.07281876 0.11448328 0.14247166 0.10525428 0.10987774 0.07024457 0.11611967 0.12311264 0.12194118 0.16270586 0.12082325 0.14012595 0.15931303 0.09370469 0.10882360 0.11304260 0.10954792 0.17939060 0.03286981 0.07697612 0.13225699 0.10019659 0.09603615 0.11680093 0.13839257 0.08813635 0.08962361 0.10139775 0.14719134 0.10587902 0.07995019 
0.09545536 0.09689446 0.11083434 0.16403046 0.11808845 0.11052176 0.07765798 0.10545695 0.14661748 0.13865359 0.10975758 0.17300006 0.17996564 0.18816908 0.00000000 0.20366102 0.16454674 0.16274367 0.16924549 0.09892914 0.24412589 0.11893762 0.14763485 0.15890992 0.14905415 0.10772132 0.15191653 0.09966300 0.13363441 0.19134460 0.07893493 0.09465293 0.07291285 0.08808688 0.10133610 0.11208840 0.14927115 0.12096982 0.10036027 0.11461363 0.09869881 0.07499866 0.12147590 0.11820089 0.08977166 0.10685018 0.09531350 0.09465728 0.13274331 0.17569073 0.09987637 0.11200391 0.10000893 0.11074011 0.12067646 0.10195522 0.14847004 0.08228168 0.14431950 0.09360079 0.07900822 0.13160709 0.13389737 0.16230359 0.09744841 0.15489421 0.14462511 0.10646818 0.13881838 0.07952366 0.14879440 0.13338046 0.14398052 0.14549439 0.11782947 0.14632211 0.20534135 0.15331061 0.10415616 0.10880635 0.16462090 0.09259665 0.13632803 0.11761642 0.11794492 0.11534354 0.08636180 0.14227841 0.15296063 0.09454465 0.16211158 0.05862005 0.12126842 0.12626304 0.08375215 0.13970509 0.12082023 0.06949237 0.11143912 0.06401173 0.13173197 0.13370303 0.07562484 0.07788374 0.11088521 0.12812680 0.08228742 0.15716150 0.10157556 0.10760358 0.19930692 0.08504877 0.10417507 0.14466196 0.11225247 0.11196502 0.13036719 0.08389695 0.13670575 0.10568908 0.13206276 0.09173950 0.14444361 0.08927644 0.16399264 0.11530580 0.12822526 0.12297588 0.20731314 0.12079173 0.10972302 0.14224053 0.07307157 0.09581282 0.10662583 0.07572914 0.11062252 0.10540890 0.13648874 0.16200304 0.10536036 0.12008456 0.18648135 0.08041014 0.07122595 0.10540401 0.11577171 0.08491224 0.06254736 0.09718064 0.11929057 
0.06267687 0.12336536 0.12243621 0.10112988 0.15736088 0.16859687 0.05317538 0.08256112 0.12071697 0.14550177 0.14913786 0.14033822 0.16948131 0.19895091 0.20366102 0.00000000 0.18576018 0.09971503 0.24369166 0.15637942 0.14590766 0.09931612 0.19473745 0.17941385 0.10684100 0.07315443 0.13101749 0.10466138 0.12332689 0.17455187 0.14057823 0.11647059 0.11596822 0.15430637 0.10063896 0.17300641 0.10066365 0.10085654 0.09001877 0.11464117 0.11176340 0.12287118 0.10570357 0.07462582 0.15478737 0.12276154 0.14064550 0.11857317 0.09051083 0.08125813 0.13019429 0.10731537 0.08828746 0.09748790 0.08804754 0.10728132 0.14043473 0.18542722 0.08343643 0.09766764 0.08058442 0.09762043 0.15755979 0.13930091 0.12093131 0.07638648 0.13703441 0.08287803 0.10592980 0.11432077 0.03122498 0.09271176 0.09652664 0.13465102 0.06761527 0.15950363 0.15004466 0.11078756 0.12543883 0.14859783 0.15840227 0.13904129 0.09694258 0.13469982 0.11786701 0.05172625 0.10967559 0.10830475 0.17635245 0.11327210 0.09990006 0.10999189 0.09199626 0.07108513 0.14273596 0.05626194 0.09757087 0.10327388 0.08322642 0.15971911 0.06587144 0.07257380 0.13962612 0.11755201 0.10663798 0.11591761 0.14720549 0.12830236 0.11284147 0.09963777 0.11896405 0.13248405 0.14317459 0.11584587 0.18949198 0.14499400 0.07264788 0.13883236 0.16167572 0.13408506 0.10506736 0.33100054 0.07824400 0.11128400 0.15048683 0.14579527 0.18619617 0.15884076 0.15330872 0.08545820 0.11070379 0.09566749 0.12807025 0.10235880 0.11471912 0.15586296 0.10320815 0.13068712 0.09865427 0.14475149 0.11466554 0.10182566 0.08582029 0.17671419 0.09012564 0.06047380 0.10120201 0.14546664 0.09963753 0.09619057 0.10002304 
0.12927165 0.18216752 0.13163894 0.13944288 0.14996715 0.08750792 0.06709972 0.09882619 0.10180108 0.06994565 0.09128683 0.18297030 0.11302534 0.23770421 0.16454674 0.18576018 0.00000000 0.11615445 0.12522140 0.15534212 0.21182622 0.21918132 0.13011447 0.24375717 0.14646759 0.17899903 0.09057151 0.08873185 0.16027111 0.11829871 0.13190115 0.07901618 0.13665427 0.04743852 0.18181712 0.06895239 0.12890577 0.08089323 0.08678780 0.08186916 0.09109348 0.09552655 0.11734996 0.11877999 0.10327511 0.15700863 0.12214116 0.10090910 0.10886042 0.09146020 0.12359078 0.10083329 0.12655991 0.14889401 0.12606447 0.09627273 0.11135894 0.09216746 0.08600122 0.06947134 0.11482459 0.16650414 0.16882154 0.12035180 0.13717136 0.11010909 0.10039610 0.14590076 0.20788295 0.08336723 0.07998195 0.10126978 0.18570573 0.12075919 0.02057094 0.19027970 0.10623262 0.13994684 0.18593134 0.10495769 0.13747854 0.14372922 0.13919245 0.08008463 0.06314024 0.10547720 0.08977013 0.07310893 0.06272311 0.04701578 0.12376971 0.12787083 0.16303300 0.18028162 0.11839791 0.13532735 0.08570647 0.14447073 0.10965940 0.04713391 0.11105787 0.10397100 0.10212932 0.10693691 0.16152079 0.14437488 0.15178540 0.13138425 0.09002465 0.05514226 0.13893716 0.09953621 0.10909442 0.06674982 0.18368813 0.11996648 0.10908719 0.13488069 0.15028477 0.14936728 0.08712814 0.10935239 0.15654048 0.14388908 0.07667903 0.09386527 0.17847332 0.11576214 0.12105246 0.09690981 0.09465180 0.12846172 0.18549964 0.08430958 0.12585810 0.12577937 0.11598186 0.10598139 0.13071217 0.07558434 0.11006116 0.08643557 0.19728852 0.13051642 0.05441821 0.10303480 0.13360041 0.06424146 0.08836736 0.15817434 0.08622963 
0.10469820 0.12816914 0.18093077 0.16450980 0.10175289 0.14681406 0.14102808 0.04880577 0.13951730 0.11075345 0.10584821 0.14053589 0.09386141 0.25655045 0.16274367 0.09971503 0.11615445 0.00000000 0.31951584 0.16401202 0.18576330 0.15251450 0.08434782 0.15999966 0.10597642 0.17737485 0.09145511 0.11467586 0.05001385 0.15265035 0.09503761 0.11267663 0.15205373 0.08816933 0.07887982 0.08623808 0.08296795 0.11132522 0.10871922 0.15105615 0.16318441 0.15258762 0.09577973 0.13794422 0.16759886 0.10670616 0.10434194 0.06428569 0.07591085 0.11735515 0.12647417 0.08737931 0.07819564 0.09666759 0.06813326 0.10296986 0.17391300 0.15686279 0.10840205 0.11184782 0.08996689 0.14766570 0.14758552 0.12396519 0.18214361 0.10770733 0.13944079 0.11263925 0.11155919 0.21314417 0.11436038 0.14234666 0.24789039 0.09091550 0.08013579 0.13904785 0.48423446 0.08094632 0.12291168 0.10935001 0.07290224 0.13990333 0.12215699 0.11370069 0.11385786 0.17512327 0.14285709 0.14586965 0.09904275 0.06907984 0.10624764 0.10814111 0.11722512 0.10856242 0.12134795 0.09456081 0.13405204 0.18836848 0.08621952 0.15187115 0.09176395 0.08083022 0.08705338 0.13847337 0.15210569 0.05137052 0.09888503 0.08490311 0.15400337 0.12720114 0.09858141 0.14257831 0.10445395 0.08940786 0.06670369 0.14551660 0.12188736 0.12111104 0.16414071 0.07315308 0.15072698 0.13996062 0.08890465 0.09787530 0.13603561 0.10863826 0.08911034 0.10067308 0.10108366 0.12159032 0.06955204 0.08940545 0.10562751 0.15607950 0.05711894 0.11313038 0.13292570 0.10796548 0.07828134 0.09847288 0.12762472 0.11144679 0.10190244 0.14230947 0.04353437 0.09229444 0.09456691 0.12641634 0.09124168 0.10924683 0.14072864 
0.12010460 0.09273354 0.15827485 0.22685787 0.14836007 0.13742170 0.18858092 0.15345362 0.13311192 0.15095053 0.13219858 0.15957220 0.11947793 0.14376363 0.16924549 0.24369166 0.12522140 0.31951584 0.00000000 0.27720473 0.15365300 0.12649162 0.19932262 0.14157789 0.11263243 0.12148107 0.10424133 0.08295036 0.08235814 0.08476648 0.09390585 0.13661288 0.07096656 0.18017862 0.10458519 0.13588301 0.12983523 0.12394947 0.11565965 0.13396027 0.10812006 0.11477110 0.10516413 0.10328039 0.10964383 0.13143918 0.08876630 0.17892218 0.08758392 0.09549915 0.11362093 0.09553993 0.10242157 0.11584056 0.14167006 0.11052436 0.12845454 0.13919013 0.07748425 0.16058064 0.15342591 0.12654312 0.08895043 0.08866317 0.11148459 0.18239717 0.06977662 0.09586811 0.11986804 0.16319609 0.13333058 0.06369328 0.06305970 0.13736546 0.08514504 0.06081594 0.14980360 0.12564779 0.07456821 0.12027951 0.08930733 0.11129050 0.07746424 0.14856155 0.08132496 0.10193586 0.11723102 0.12593444 0.09373990 0.06105404 0.13767682 0.14153930 0.10136969 0.08823811 0.09298464 0.06183371 0.08803055 0.09782757 0.10535338 0.12627587 0.09991677 0.08831454 0.09382562 0.05699463 0.13198833 0.08423717 0.06228979 0.10026687 0.14953179 0.12425207 0.09578646 0.15207327 0.10661429 0.16340980 0.13446791 0.12230810 0.11098419 0.18307234 0.15154509 0.15591528 0.12520953 0.16792534 0.09916871 0.11317394 0.14485921 0.16361766 0.10170133 0.10626628 0.11107951 0.11387454 0.10107013 0.15444616 0.11868175 0.09011959 0.10102920 0.11057994 0.14648522 0.08660607 0.09390452 0.07998921 0.06541233 0.12735530 0.09346940 0.16344618 0.12180717 0.08887778 0.13387276 0.16229307 0.15759455 0.13929398 0.10450251 
0.15880726 0.08987711 0.09388352 0.11481550 0.15206816 0.14306090 0.11957414 0.12453867 0.16399788 0.07329461 0.10398456 0.12862480 0.15177505 0.13308307 0.09892914 0.15637942 0.15534212 0.16401202 0.27720473 0.00000000 0.24362748 0.17605929 0.36369846 0.17340447 0.11434281 0.17307891 0.13717839 0.01958678 0.10053030 0.10358802 0.10920086 0.08372972 0.07876217 0.13865598 0.09225158 0.07347927 0.10297931 0.11306959 0.09883096 0.14420529 0.08977739 0.12227286 0.12096783 0.11371234 0.12172912 0.13385338 0.06608421 0.11696521 0.09528858 0.12713460 0.15128060 0.16029826 0.03918662 0.06885684 0.08570562 0.10421560 0.07586677 0.10191071 0.12018374 0.10174103 0.12021329 0.10176578 0.15735497 0.09641860 0.12812578 0.14712053 0.14627056 0.16208664 0.15582077 0.13218819 0.13437167 0.07659387 0.15731103 0.15016771 0.09993024 0.13876418 0.16258878 0.20209781 0.16184509 0.10918386 0.12772094 0.10140410 0.07794147 0.12805700 0.08103149 0.05675286 0.13458133 0.12324902 0.07318712 0.08996541 0.10461294 0.09444823 0.12167635 0.08792610 0.10705967 0.12552763 0.07708843 0.09829047 0.10739081 0.08896915 0.10218497 0.06727032 0.06573729 0.08996264 0.14403585 0.05586228 0.07307584 0.08349235 0.07074519 0.10498440 0.07810589 0.13295566 0.14823353 0.19887048 0.15509572 0.14316824 0.16212262 0.21257034 0.12943517 0.10528422 0.18164117 0.16861876 0.10152545 0.10440055 0.15051333 0.11742901 0.20124089 0.09266402 0.11858767 0.11438277 0.07920418 0.20366990 0.08793426 0.10707775 0.08283685 0.11630337 0.11691121 0.12193732 0.12686149 0.15859362 0.13412086 0.07677098 0.08036388 0.21445890 0.15060591 0.10694273 0.09595441 0.11185631 0.12123082 0.10426464 0.09959102 
0.09089547 0.10158647 0.06330351 0.10155456 0.12626232 0.10138292 0.13184888 0.09698927 0.09916457 0.16092462 0.14212762 0.20042104 0.14283034 0.16716647 0.24412589 0.14590766 0.21182622 0.18576330 0.15365300 0.24362748 0.00000000 0.22208482 0.14074677 0.16800931 0.18793806 0.15979758 0.13400264 0.13798112 0.10927179 0.15252976 0.11863299 0.10106957 0.08915415 0.10487360 0.09262538 0.16824229 0.07409914 0.10395881 0.06485649 0.07727278 0.14118924 0.07279451 0.08688157 0.13190495 0.15493432 0.11001852 0.10545610 0.09318989 0.15129373 0.12267411 0.13664141 0.14186427 0.10375301 0.12182425 0.11386053 0.14781467 0.10998665 0.10039151 0.08731553 0.11956539 0.13103442 0.15253836 0.09539118 0.14048123 0.10242889 0.15028331 0.09710351 0.14424024 0.16427266 0.11127420 0.08739839 0.11556720 0.15578333 0.14847225 0.13289149 0.16470126 0.14509371 0.16446732 0.10128593 0.11801387 0.11716397 0.15202135 0.10061418 0.19878979 0.11458639 0.07885100 0.09356310 0.08625386 0.14208970 0.04108373 0.09966060 0.07375880 0.11916090 0.10596815 0.03162316 0.10391318 0.07625572 0.06711788 0.14036969 0.07014260 0.13357754 0.12466694 0.10158347 0.10262279 0.12988882 0.08695480 0.09399147 0.16129709 0.09179423 0.08731069 0.10583701 0.19093722 0.10304110 0.10835511 0.17709688 0.13591077 0.18034774 0.14423767 0.10923651 0.16255469 0.13485310 0.12604546 0.13355263 0.12035781 0.13243667 0.12799790 0.11514476 0.10084282 0.09548309 0.10151829 0.12642508 0.09220507 0.09653354 0.13626204 0.15620598 0.08366130 0.12169139 0.12624491 0.14432653 0.11251842 0.11840134 0.11699526 0.10381264 0.05686141 0.07772069 0.07768016 0.10035405 0.07308481 0.09066050 0.08702546 0.13471222 
0.21650793 0.07710957 0.14186832 0.10991573 0.11195961 0.05962182 0.14001069 0.13247675 0.15244673 0.09921394 0.08168468 0.15383647 0.09658188 0.09138971 0.11893762 0.09931612 0.21918132 0.15251450 0.12649162 0.17605929 0.22208482 0.00000000 0.15644638 0.15007913 0.17852010 0.18120970 0.16610203 0.08336789 0.09333286 0.15349008 0.19644288 0.08864308 0.06751576 0.13454673 0.16155081 0.17987608 0.14175712 0.06974608 0.11737080 0.17048622 0.09871117 0.10121381 0.11316558 0.14874613 0.10350740 0.12080608 0.12841804 0.15578850 0.10551543 0.14565620 0.10402872 0.09160439 0.09766108 0.06655262 0.10838316 0.08396091 0.10746147 0.09610943 0.05962317 0.10853947 0.15576281 0.15826207 0.11580163 0.12743124 0.22239818 0.33817667 0.09208289 0.08116163 0.14277453 0.17154630 0.08909164 0.10415665 0.15492174 0.14683134 0.09662762 0.05427072 0.14458835 0.07896012 0.07425208 0.15220009 0.12367313 0.08959145 0.15724249 0.15472047 0.12975883 0.13922017 0.13667083 0.12068737 0.13042861 0.07056314 0.07704462 0.12451864 0.10539962 0.06018854 0.11198155 0.12138608 0.11966180 0.10131922 0.14971964 0.09869966 0.13458770 0.14136276 0.08609266 0.12556967 0.09468149 0.05345339 0.12388871 0.12016805 0.13901235 0.10270644 0.05333730 0.08236297 0.13876196 0.15322856 0.09360393 0.15936023 0.16942493 0.07939000 0.12614061 0.14858779 0.08097840 0.12718504 0.05950992 0.08760385 0.12907211 0.12299222 0.15204596 0.11125576 0.14008748 0.08605390 0.09131876 0.08370872 0.09282055 0.12182331 0.05326016 0.09773014 0.15232045 0.13974428 0.04918202 0.11474745 0.09779559 0.12540710 0.12178797 0.15516147 0.09222550 0.14949968 0.15274557 0.14859443 0.13293734 0.12480232 0.10801772 
0.15596312 0.05354122 0.11699074 0.15587780 0.19840016 0.07085549 0.10542129 0.09202765 0.14648511 0.06560600 0.14461530 0.16959253 0.10231219 0.10689105 0.14763485 0.19473745 0.13011447 0.08434782 0.19932262 0.36369846 0.14074677 0.15644638 0.00000000 0.13455888 0.09428887 0.21717401 0.10792591 0.08041398 0.11218962 0.12517605 0.12445370 0.08616793 0.07649284 0.12250700 0.11697942 0.14790153 0.13259749 0.14841247 0.10092705 0.09182428 0.14309708 0.07275793 0.14349248 0.10071851 0.15940751 0.14452533 0.13112409 0.14571639 0.08866511 0.11707200 0.14688431 0.08663890 0.10788100 0.13237528 0.10533581 0.08342326 0.15918580 0.07464228 0.07844077 0.12950310 0.11412295 0.18040105 0.10171559 0.09242059 0.09797748 0.22350474 0.09917384 0.11509351 0.14108565 0.12880615 0.06631500 0.16620827 0.17021859 0.10950778 0.13953773 0.10945258 0.17752436 0.10616019 0.11237405 0.11980563 0.17225114 0.07997359 0.14261243 0.10274738 0.13572315 0.06706150 0.13818982 0.08009671 0.10368451 0.09192567 0.08115852 0.12714997 0.10566745 0.10081962 0.13369977 0.13363561 0.14327729 0.09246848 0.12986320 0.09718371 0.09366926 0.09840195 0.10995753 0.11618037 0.15127084 0.07746599 0.11372407 0.06100804 0.15477721 0.09113456 0.08777427 0.11837913 0.11394442 0.13087510 0.06717163 0.17427322 0.14040613 0.16408314 0.14668860 0.09987206 0.11525187 0.14489393 0.07811178 0.14047730 0.12517577 0.14178025 0.12607397 0.04306942 0.14484601 0.15285610 0.09475167 0.08552872 0.14582914 0.06546422 0.07296141 0.11442900 0.10464105 0.08116371 0.17514398 0.15846335 0.09208894 0.08479286 0.11588173 0.12486294 0.12635013 0.08864747 0.11911132 0.17893804 0.13463958 0.12223905 0.13933591 
0.12357784 0.14761745 0.06165248 0.08511969 0.12551798 0.11259214 0.11024204 0.12523317 0.12027869 0.09371287 0.14005718 0.06443809 0.15780181 0.15666294 0.15890992 0.17941385 0.24375717 0.15999966 0.14157789 0.17340447 0.16800931 0.15007913 0.13455888 0.00000000 0.17712231 0.07854038 0.27884798 0.16309827 0.18902466 0.06906283 0.10677914 0.17481947 0.07674832 0.12787236 0.16135077 0.16659983 0.08293094 0.07548250 0.10191835 0.10974048 0.09125837 0.05492979 0.11626418 0.15851446 0.05888752 0.14473051 0.14713989 0.11619969 0.07731463 0.11650356 0.09694339 0.15388558 0.12151970 0.09004120 0.11013941 0.12983662 0.14111270 0.11514271 0.09001225 0.03587207 0.09413200 0.10583873 0.11360502 0.17253669 0.11742313 0.03605197 0.15016095 0.11821571 0.19528895 0.17128762 0.06663130 0.10458876 0.22508709 0.12987272 0.13229299 0.11370627 0.14718275 0.10045123 0.15545400 0.07702482 0.14842572 0.13152175 0.10097705 0.06450611 0.13514218 0.10856496 0.10880858 0.18012620 0.11966419 0.15796669 0.10274919 0.10331657 0.12218611 0.11648076 0.11475421 0.07087819 0.10402770 0.06677903 0.06391966 0.07470498 0.11579470 0.12263553 0.03443294 0.13025057 0.08226538 0.11403566 0.12445853 0.12788413 0.17257319 0.09938707 0.10929012 0.09168422 0.15854136 0.27586204 0.12505407 0.07685180 0.13739279 0.24845819 0.17775555 0.07097238 0.12357572 0.12547025 0.11887669 0.14312551 0.09173351 0.06966419 0.08461980 0.09946724 0.03694629 0.11273695 0.16668034 0.10020058 0.12843119 0.12014650 0.14481603 0.12295395 0.13544901 0.12735786 0.13729460 0.10754368 0.17044147 0.11092447 0.13132575 0.06330233 0.12965934 0.09732020 0.07057525 0.07088611 0.10873241 0.06871311 0.11266964 
