0.00000000 0.08484716 0.06711278 0.04986783 0.08519582 0.07671084 0.03616306 0.06150269 0.07403851 0.06039195 0.09021350 0.08927748 0.09171604 0.03479621 0.06579425 0.07269914 0.06991214 0.06689141 0.05796833 0.09766214 0.07753270 0.09254643 0.07415484 0.08677857 0.04528113 0.06575162 0.03932329 0.05126392 0.06104467 0.07308435 0.05015817 0.02338680 0.07232863 0.07134844 0.07181645 0.06304249 0.05751128 0.09995093 0.04653371 0.09376260 0.07394392 0.09040226 0.04905721 0.04107556 0.04114106 0.08763435 0.08479880 0.07338236 0.05338796 0.05188347 0.09786304 0.05440257 0.05555340 0.05620873 0.05324862 0.06019261 0.02929424 0.06618073 0.07151249 0.05479874 0.04831972 0.04564021 0.06518307 0.09609182 0.04752256 0.06264862 0.04291251 0.07975218 0.08034240 0.08291682 0.04084505 0.04438916 0.06605097 0.06182572 0.05758204 0.07761318 0.06335010 0.07630736 0.08705782 0.08158859 0.08713298 0.05492281 0.10961624 0.08107413 0.05975090 0.07337580 0.03880502 0.06137836 0.06379754 0.07161207 0.07371279 0.06575811 0.05098268 0.06393660 0.08697610 0.04550543 0.05055477 0.07036820 0.06760943 0.06184604 0.06218937 0.09402572 0.05894906 0.06009708 0.06228707 0.06036272 0.03682777 0.07489610 0.07150359 0.08095493 0.07290337 0.06622481 0.07962919 0.06206798 0.08974153 0.03009211 0.04636071 0.03751153 0.11250500 0.11741794 0.05888639 0.08412908 0.08954452 0.08756582 0.07054736 0.07685259 0.05889765 0.07471456 0.05493299 0.08133672 0.07886895 0.05212325 0.05947756 0.07704863 0.07026703 0.10776212 0.07495655 0.04712415 0.03164803 0.08455588 0.08876242 0.04947409 0.04416662 0.08705467 0.05108095 0.04215111 0.05443860 0.06443265 0.06938660 0.06389170 0.06389170 
0.08484716 0.00000000 0.09241651 0.04663214 0.06694859 0.09320535 0.09253748 0.05775718 0.06106459 0.19003328 0.07340818 0.07505909 0.06425669 0.08590425 0.03806470 0.08683035 0.07228533 0.08606404 0.07503457 0.06339757 0.04796691 0.03493203 0.03379285 0.06252980 0.05580241 0.05505791 0.09231493 0.04898291 0.04999505 0.07458896 0.08521381 0.07691738 0.02500379 0.05342370 0.04555407 0.05930298 0.06844591 0.06586911 0.08951069 0.08169235 0.06483708 0.05263890 0.05927723 0.09228579 0.06845683 0.04825554 0.04737733 0.09092894 0.04530575 0.06157355 0.08668405 0.05291058 0.09168307 0.06356777 0.10661662 0.08956159 0.06937543 0.08048138 0.05738197 0.06773396 0.06853982 0.07582333 0.07457275 0.05880392 0.07908922 0.05620741 0.03916394 0.03757310 0.07084087 0.03808456 0.05287030 0.06684785 0.06695422 0.05445763 0.06769641 0.07068372 0.01965930 0.06543449 0.07473108 0.07070686 0.05122233 0.13046749 0.03304624 0.10289023 0.06238200 0.08161657 0.05948917 0.08627496 0.07928986 0.05461275 0.04276316 0.02940493 0.07243572 0.05233048 0.04640584 0.05672358 0.04921537 0.05964478 0.04593183 0.05588890 0.06616065 0.04504560 0.05018669 0.05495939 0.08105134 0.05872717 0.04730901 0.03809503 0.07528587 0.07430834 0.10157907 0.07693499 0.05643614 0.04936557 0.08098019 0.05521223 0.06442279 0.04321363 0.06288588 0.05258068 0.06896531 0.04435532 0.04632129 0.03821642 0.08315984 0.06846602 0.07280722 0.03323052 0.07814805 0.08075933 0.07890573 0.07100808 0.08139647 0.08174535 0.04993275 0.07208868 0.14472036 0.05689185 0.08934907 0.06893689 0.03937008 0.03998110 0.08205488 0.10389810 0.10214926 0.06346079 0.08065970 0.06199251 0.05443583 0.06204534 0.06204534 
0.06711278 0.09241651 0.00000000 0.13196326 0.06732170 0.06278773 0.10598632 0.04832888 0.04382609 0.07249664 0.08936601 0.07798432 0.04009787 0.06680900 0.06289833 0.04457549 0.02857113 0.08020041 0.11943755 0.07362195 0.05919336 0.08272824 0.09958276 0.05697614 0.07592247 0.07390769 0.04616465 0.05239354 0.08040788 0.06432462 0.05686336 0.04109217 0.05241526 0.07070605 0.07833334 0.04948094 0.09682847 0.05304673 0.11637235 0.03837534 0.07131382 0.04739458 0.08338406 0.08061685 0.02873030 0.07369744 0.08165362 0.06438102 0.09713943 0.09122144 0.05300906 0.06144525 0.04903304 0.08145499 0.05256548 0.06815526 0.06630728 0.04021703 0.08881993 0.04065596 0.03128682 0.05371074 0.05578318 0.06180975 0.05387271 0.06416553 0.06911869 0.04912451 0.08114345 0.05220284 0.05332191 0.04377635 0.06138079 0.07274227 0.05408465 0.04529465 0.08562475 0.05358515 0.06758076 0.07502629 0.06850319 0.05961338 0.07978462 0.10653951 0.06423651 0.06658337 0.06779537 0.11847465 0.05852450 0.07097884 0.02318573 0.10822734 0.07205806 0.05293477 0.08437791 0.06879931 0.06336537 0.08996122 0.05893741 0.10645506 0.07499963 0.04759891 0.07062388 0.07218131 0.06436581 0.09411187 0.05478066 0.04160279 0.06754540 0.04333429 0.06710098 0.07681326 0.04165985 0.04441422 0.03538733 0.05284665 0.08953897 0.06567045 0.06440653 0.09465892 0.07008723 0.03436657 0.06450338 0.07934044 0.08368115 0.05937060 0.02753115 0.05416249 0.06921460 0.09835890 0.06726102 0.07325410 0.06482984 0.06410770 0.03992731 0.03721582 0.07591132 0.07957652 0.05641550 0.08498280 0.03748000 0.04269388 0.05079265 0.08440252 0.07283776 0.08374137 0.09241590 0.05655871 0.06119205 0.06318326 0.06318326 
0.04986783 0.04663214 0.13196326 0.00000000 0.18012675 0.06978194 0.06270419 0.10026678 0.10656436 0.08376888 0.06988112 0.05900493 0.09343785 0.05082254 0.08606491 0.07181362 0.07732040 0.11055668 0.13739951 0.08422325 0.09193096 0.06756453 0.05653619 0.08869387 0.05435763 0.09315808 0.06701775 0.05398234 0.06233028 0.06148894 0.04130769 0.05239772 0.05884557 0.05163686 0.04730139 0.05133883 0.06141193 0.07686395 0.07761231 0.04577255 0.03984158 0.03862780 0.07109807 0.05253132 0.06765442 0.06302352 0.05783803 0.07211953 0.06058514 0.07687664 0.05175373 0.06950140 0.06875428 0.04293865 0.03977355 0.05800130 0.04871625 0.03271281 0.10480500 0.08426106 0.06458874 0.10081009 0.05770965 0.10774272 0.04681797 0.07166770 0.05675198 0.06340439 0.07663274 0.08091649 0.04592993 0.06125509 0.06137726 0.05268789 0.09519284 0.07990067 0.09535505 0.04706730 0.05603449 0.07030055 0.03705475 0.07473086 0.04202507 0.08328072 0.02045912 0.06192610 0.05850793 0.09240649 0.05117245 0.04039462 0.07292807 0.06885173 0.07577437 0.04261716 0.04151825 0.06856627 0.04301191 0.02707335 0.05459429 0.04496671 0.04463309 0.08739073 0.04812132 0.06165133 0.08651821 0.07269522 0.05344143 0.07405013 0.05818819 0.10089799 0.07521228 0.04996239 0.05083719 0.08162247 0.09017841 0.06673383 0.06932328 0.07289454 0.07902922 0.06475737 0.09335868 0.06001494 0.03320648 0.10551517 0.03297553 0.07921369 0.05999504 0.08894526 0.05629918 0.11229250 0.06007468 0.06056167 0.05422666 0.08723994 0.02606633 0.08473149 0.04984672 0.04619500 0.09991422 0.04804565 0.06681898 0.07009194 0.08623330 0.06674438 0.07186601 0.05575831 0.04281034 0.06287224 0.06241243 0.06019187 0.06019187 
0.08519582 0.06694859 0.06732170 0.18012675 0.00000000 0.04641409 0.03756056 0.07292129 0.08539403 0.09151730 0.09247245 0.09930642 0.07347991 0.06943576 0.09006201 0.08105059 0.07793977 0.06349285 0.11201101 0.10576221 0.11140757 0.08956641 0.08463852 0.07915892 0.04995147 0.05704167 0.05407956 0.06273310 0.07973956 0.09153988 0.04552394 0.10019101 0.06650569 0.05472240 0.10687402 0.07857591 0.06141269 0.03004497 0.04957265 0.05022880 0.02735878 0.05837422 0.07239359 0.08620693 0.06777752 0.09603438 0.06224929 0.07882108 0.04356572 0.08231718 0.07487878 0.06606210 0.06625722 0.05339892 0.06870258 0.06610237 0.07567996 0.03967186 0.08470912 0.05129777 0.03289633 0.08487275 0.08777792 0.04279480 0.03942845 0.05797628 0.07929585 0.07069164 0.06627144 0.04801053 0.07348109 0.05823784 0.06835789 0.09219655 0.05900718 0.05561218 0.06366093 0.12590405 0.08777380 0.05601281 0.04881423 0.06138600 0.05217047 0.05895590 0.07589636 0.07551966 0.05625594 0.08085651 0.04836641 0.06626692 0.04456447 0.06464724 0.06249120 0.05487106 0.07216638 0.07415504 0.07050472 0.05463883 0.02957552 0.04773155 0.05196306 0.05385807 0.03654259 0.04973958 0.06871841 0.07425650 0.07387813 0.08248778 0.04325313 0.04042769 0.06025812 0.03456575 0.03791705 0.05878739 0.09353363 0.03244244 0.04614418 0.09677219 0.06653909 0.08377003 0.07729961 0.06134631 0.08268178 0.07588775 0.07820091 0.10473744 0.08132077 0.05161991 0.08821001 0.07003769 0.09579418 0.05317954 0.06326825 0.08959007 0.07471202 0.03175130 0.02904276 0.04626662 0.04719195 0.09933953 0.06924713 0.04348068 0.05609571 0.06650713 0.04777551 0.05805974 0.04107895 0.06143787 0.06350945 0.06327861 0.06327861 
0.07671084 0.09320535 0.06278773 0.06978194 0.04641409 0.00000000 0.06725421 0.04908004 0.11679237 0.06030450 0.11715403 0.08610963 0.08406564 0.08496692 0.04210456 0.05915137 0.04979117 0.10248658 0.08515946 0.07983227 0.03818752 0.08887450 0.06733390 0.05672811 0.06769297 0.03190315 0.02973171 0.06031728 0.05576768 0.04672614 0.06255555 0.11779774 0.05216772 0.05153372 0.06176690 0.04223493 0.06035848 0.10214278 0.05543638 0.06837542 0.09310389 0.04974200 0.06443275 0.05109602 0.03583034 0.05365334 0.11095135 0.09285661 0.05511733 0.06269353 0.07599159 0.05726599 0.04863904 0.06275020 0.06990234 0.03586911 0.03559827 0.08094610 0.07177504 0.05927962 0.09714503 0.04701553 0.04931701 0.10243618 0.05954105 0.05057885 0.06251380 0.05711655 0.02680494 0.05857234 0.06425785 0.04162705 0.06240127 0.04605519 0.07142845 0.07748495 0.08138160 0.04699934 0.03047118 0.06609399 0.03523933 0.04530937 0.09418198 0.05675504 0.06019514 0.07677276 0.10550199 0.05726927 0.05858694 0.06534041 0.06621269 0.06197268 0.06491117 0.05652647 0.06701943 0.07839285 0.04789639 0.08146052 0.08156622 0.07035480 0.06807332 0.11197697 0.04285968 0.05527078 0.03542456 0.08682679 0.05897587 0.03801511 0.04656473 0.07698347 0.04270881 0.07983765 0.06595366 0.05508939 0.05119377 0.04116588 0.06476020 0.04557107 0.03965660 0.08980211 0.06348362 0.03945687 0.10318805 0.06916091 0.04831156 0.10311961 0.04710092 0.12993976 0.12721637 0.13319267 0.10286630 0.06626970 0.07157207 0.05356650 0.06614536 0.09410967 0.06021171 0.06770034 0.05355428 0.13434011 0.05317969 0.04831808 0.04309559 0.05032887 0.05157519 0.05448394 0.10857688 0.06674257 0.07054538 0.06247988 0.06247988 
0.03616306 0.09253748 0.10598632 0.06270419 0.03756056 0.06725421 0.00000000 0.06361609 0.10750240 0.11033307 0.08138181 0.05913886 0.05128252 0.05518766 0.08340418 0.04667537 0.13421495 0.04006868 0.06137655 0.03870188 0.04509258 0.08011065 0.07437507 0.06805485 0.07484890 0.18197001 0.10692094 0.03959193 0.04886962 0.05509709 0.04852147 0.08742917 0.02702448 0.05789829 0.02219866 0.03370221 0.05428212 0.06075221 0.06250531 0.05848388 0.05819040 0.06610661 0.05862316 0.06022943 0.05482243 0.07427639 0.04473664 0.06377165 0.05149794 0.09990711 0.03836303 0.08117688 0.07605020 0.06402158 0.06340054 0.05794731 0.06868150 0.05616601 0.04975479 0.01883445 0.06134701 0.10801975 0.04499247 0.08428401 0.06044626 0.18815037 0.05095457 0.04658653 0.06922521 0.07343892 0.03098961 0.07850884 0.04207119 0.08060409 0.06362346 0.07298027 0.06427168 0.05076240 0.06003877 0.14260424 0.07193062 0.04987819 0.01874794 0.03277140 0.07193299 0.11648895 0.05593839 0.05560402 0.06732069 0.05755092 0.10931694 0.04043630 0.07595692 0.08226484 0.07129499 0.04440087 0.09638711 0.04776870 0.03552674 0.06199424 0.07866010 0.06950541 0.08119917 0.06069246 0.05691240 0.05435118 0.06189561 0.09698318 0.07040412 0.10393227 0.10296332 0.08219555 0.06556774 0.04253107 0.05577654 0.05497072 0.06722424 0.04207869 0.05872678 0.06779379 0.04790955 0.01854543 0.05043200 0.06489988 0.06304259 0.06299404 0.06946304 0.07004847 0.03919900 0.06001618 0.04782831 0.07169022 0.06165450 0.04475661 0.05839297 0.08936029 0.06647901 0.07058889 0.13373356 0.08215082 0.06455597 0.03732643 0.06466008 0.07098081 0.10886433 0.04719203 0.08423220 0.06484307 0.06664763 0.07532470 0.07532470 
0.06150269 0.05775718 0.04832888 0.10026678 0.07292129 0.04908004 0.06361609 0.00000000 0.13473260 0.08377745 0.06880451 0.13010829 0.04511699 0.09384552 0.09050832 0.03597157 0.06662086 0.06546708 0.06695039 0.03731793 0.05324065 0.07696866 0.07312135 0.04511548 0.05382822 0.09895000 0.10930834 0.10213170 0.06926386 0.07447932 0.07481031 0.04946863 0.04277442 0.06767278 0.09638436 0.03821898 0.07540776 0.06345622 0.05387232 0.05109462 0.04394518 0.04905607 0.07211169 0.05043840 0.09496644 0.03955865 0.04751884 0.05329797 0.06679892 0.07498756 0.05983921 0.08644725 0.06992137 0.04585076 0.05933811 0.07323197 0.09144797 0.03734920 0.09494632 0.06442020 0.08307998 0.06601852 0.05829283 0.08221031 0.06143774 0.04997753 0.04972392 0.04304788 0.07327192 0.09643627 0.06131740 0.09345949 0.10402276 0.04799994 0.06216711 0.04963692 0.10693828 0.04639638 0.06906154 0.06065942 0.10437577 0.04206472 0.09511161 0.09834910 0.05109590 0.06371487 0.08225938 0.09089972 0.06489680 0.03555254 0.07748831 0.06658330 0.08747030 0.01711788 0.04611853 0.11069439 0.07039872 0.04772877 0.07557178 0.07214669 0.04985182 0.03071572 0.03291671 0.04681795 0.05594555 0.09505479 0.07885812 0.09879408 0.07034021 0.06271252 0.03314297 0.10235530 0.04582012 0.06094828 0.04994696 0.06044445 0.09306785 0.05787242 0.08539103 0.08908744 0.05816061 0.05394261 0.08486717 0.05057960 0.08412003 0.11102877 0.04480842 0.03759512 0.04761746 0.05316924 0.10044646 0.04257605 0.06368354 0.08765410 0.07667154 0.09121877 0.06190950 0.07614062 0.06375550 0.12664898 0.01563484 0.03778812 0.05931140 0.06310251 0.05042492 0.05763831 0.04580156 0.06260910 0.05950947 0.06138097 0.06138097 
0.07403851 0.06106459 0.04382609 0.10656436 0.08539403 0.11679237 0.10750240 0.13473260 0.00000000 0.08896456 0.11777255 0.13236895 0.12232641 0.04589549 0.08323765 0.10828797 0.04999914 0.03893658 0.09133921 0.11325785 0.03628508 0.07014212 0.08005070 0.08474330 0.04937673 0.04143975 0.07629234 0.07502444 0.05671766 0.07251970 0.06586771 0.06301090 0.06112672 0.05937672 0.05958267 0.07128697 0.06886901 0.04304909 0.05441348 0.05980500 0.03383210 0.05074124 0.07264021 0.06620299 0.08258224 0.05080982 0.06984292 0.02950972 0.05521332 0.08592390 0.06079602 0.06930464 0.08121653 0.05946401 0.07339199 0.06708972 0.06018072 0.03019843 0.06679404 0.05125656 0.07009124 0.06505475 0.06753623 0.07886157 0.06586020 0.11345045 0.09571220 0.08630710 0.07119643 0.09228922 0.06698050 0.04611702 0.06464702 0.09501663 0.06905384 0.07189225 0.11381357 0.07967663 0.04998462 0.07217595 0.06599479 0.04177097 0.04733965 0.03422456 0.05328995 0.03436247 0.06829674 0.07613295 0.04395496 0.03256838 0.06746480 0.05739793 0.05080776 0.05468349 0.10052345 0.07643654 0.08700239 0.04654593 0.09540081 0.05325960 0.04579004 0.02591828 0.04035840 0.04318770 0.04696214 0.06297448 0.01998661 0.06488034 0.01885147 0.08321134 0.07827381 0.07097333 0.05072892 0.04228002 0.10452818 0.04641316 0.06707622 0.06287811 0.09230619 0.03903874 0.07771815 0.06664606 0.10420639 0.09267076 0.08228299 0.08482175 0.10747438 0.04093136 0.03202025 0.15484092 0.08879468 0.02915538 0.03517600 0.09776507 0.02752816 0.05930305 0.07858468 0.08519630 0.04020203 0.04872319 0.06892927 0.04218986 0.10681299 0.05704195 0.06767170 0.03903640 0.05506195 0.04805752 0.05099934 0.05538077 0.05538077 
0.06039195 0.19003328 0.07249664 0.08376888 0.09151730 0.06030450 0.11033307 0.08377745 0.08896456 0.00000000 0.12671465 0.15936056 0.08232324 0.05744464 0.07625652 0.06597614 0.07670123 0.05411321 0.10621998 0.04212666 0.03539957 0.06635788 0.03682725 0.09626705 0.10770331 0.05871818 0.07858277 0.05549926 0.07109673 0.03003181 0.05328387 0.00000000 0.05311160 0.07185320 0.05299022 0.08126734 0.08178122 0.08704381 0.04377247 0.05613963 0.06381087 0.04138853 0.07982232 0.03981969 0.05569926 0.07851414 0.05102316 0.11876153 0.07091892 0.08311409 0.07537836 0.03943312 0.07224050 0.04146945 0.05236085 0.03600721 0.03126149 0.08480944 0.07906896 0.07861384 0.05633264 0.04936928 0.07573471 0.05311820 0.04845937 0.11193909 0.04500983 0.05162763 0.07369971 0.05340351 0.01868227 0.05743237 0.08760058 0.06733190 0.05047342 0.10122325 0.09915688 0.08295587 0.06359511 0.05472121 0.07099892 0.08405163 0.04408075 0.04627425 0.03467319 0.02402670 0.05112204 0.05469476 0.05439130 0.06236607 0.07993907 0.02992649 0.06512551 0.03801999 0.04379142 0.08609450 0.05543572 0.04598138 0.11682767 0.05722153 0.04603758 0.06526462 0.05906814 0.07700908 0.07818983 0.06354109 0.05909573 0.04014278 0.08904822 0.04546397 0.07066813 0.05111624 0.12411244 0.07477377 0.11061005 0.07292464 0.06656053 0.05639679 0.04390559 0.04209683 0.05739007 0.04849625 0.05535276 0.08219333 0.04706970 0.05529582 0.09204390 0.04532497 0.10472862 0.06773383 0.09280980 0.04705486 0.07689877 0.09449213 0.03411248 0.07084218 0.06666817 0.03943861 0.03889974 0.05841583 0.05168205 0.07281101 0.12218315 0.05284623 0.05943207 0.05185334 0.04326239 0.06434274 0.06801607 0.06685030 0.06685030 
0.09021350 0.07340818 0.08936601 0.06988112 0.09247245 0.11715403 0.08138181 0.06880451 0.11777255 0.12671465 0.00000000 0.10596392 0.06226929 0.07898286 0.07632586 0.07319413 0.05731576 0.04666375 0.09971221 0.06631797 0.05554257 0.06719713 0.08865813 0.08724600 0.04551987 0.05735189 0.03784353 0.05477466 0.04397276 0.05423582 0.05661624 0.06959982 0.03188947 0.07870797 0.08886868 0.05956573 0.05376410 0.03274263 0.08521795 0.09105662 0.06780475 0.08091784 0.06592067 0.06490709 0.07202969 0.05752794 0.05350950 0.07878863 0.05112819 0.06211658 0.04884979 0.06597104 0.05363778 0.05853986 0.05869050 0.08799143 0.08887812 0.06212404 0.05713018 0.08701309 0.06582213 0.05685836 0.06919563 0.04854508 0.03471465 0.05600154 0.07657889 0.05803725 0.07879033 0.06321176 0.07861896 0.06335087 0.07252658 0.05070420 0.07100833 0.06135102 0.12440299 0.07876927 0.08927660 0.05919328 0.09244246 0.04546312 0.08522345 0.07835249 0.05641650 0.04592998 0.06595015 0.06082671 0.05861449 0.04243731 0.06003257 0.08204411 0.06874577 0.06693693 0.07070802 0.07933685 0.04221481 0.05949207 0.04158703 0.05147107 0.05016133 0.06428087 0.03991987 0.05832206 0.05395332 0.09167473 0.04908655 0.05888710 0.07494643 0.07072551 0.04110626 0.06752010 0.02325333 0.06322729 0.05586409 0.05404134 0.06866150 0.06213893 0.07700323 0.06309053 0.08086280 0.07330730 0.08986463 0.08374754 0.06757132 0.06366003 0.05028606 0.07139272 0.11140529 0.13424409 0.09840614 0.04855972 0.04971665 0.06970312 0.06334556 0.06084348 0.04250532 0.04557060 0.04488566 0.10019476 0.06164884 0.06445463 0.05205653 0.07662136 0.05873140 0.05449545 0.06828080 0.05871361 0.06187889 0.06314886 0.06314886 
0.08927748 0.07505909 0.07798432 0.05900493 0.09930642 0.08610963 0.05913886 0.13010829 0.13236895 0.15936056 0.10596392 0.00000000 0.09585335 0.08081595 0.08104275 0.08341324 0.06417466 0.07438249 0.08027608 0.09316265 0.07214609 0.08298950 0.05886141 0.08369505 0.03947141 0.05683762 0.06023502 0.08007339 0.05928090 0.05116578 0.07137097 0.05150227 0.07424461 0.05027058 0.12017923 0.08954901 0.06835716 0.06159942 0.08471099 0.06426579 0.06013098 0.07252016 0.07532666 0.09287590 0.04820966 0.05977857 0.03978884 0.04581111 0.09897288 0.07709065 0.05598827 0.05573004 0.07272865 0.04946468 0.05005694 0.07389123 0.07709583 0.05691851 0.08242462 0.03915684 0.04854092 0.08046584 0.06137383 0.06899976 0.07465785 0.07196603 0.05571800 0.07585751 0.10326410 0.05843139 0.02842713 0.05239032 0.11795221 0.05037688 0.08740380 0.10551439 0.07409314 0.04923535 0.04327514 0.10430401 0.05887514 0.09286305 0.05352709 0.09215574 0.08207021 0.03451450 0.02636748 0.06574738 0.06127515 0.06507075 0.08432623 0.06105478 0.05870231 0.02685366 0.04605141 0.05235741 0.05325698 0.03668117 0.07212109 0.06195074 0.05936954 0.05860473 0.04062063 0.05683700 0.03781945 0.12270367 0.03611655 0.07343236 0.07466508 0.06396399 0.07835498 0.06085214 0.05991882 0.04561607 0.06889284 0.07894300 0.05016762 0.10900304 0.05552954 0.03239430 0.11254470 0.06016834 0.06322691 0.08324642 0.05786505 0.06260816 0.05153649 0.04692274 0.06003152 0.05644209 0.12073578 0.03282922 0.04885065 0.04402126 0.04920357 0.05280811 0.03711228 0.08176313 0.07338228 0.01523760 0.06957047 0.06530833 0.05355023 0.04189134 0.07333671 0.05316218 0.02610082 0.05450019 0.05775278 0.06372386 0.06372386 
0.09171604 0.06425669 0.04009787 0.09343785 0.07347991 0.08406564 0.05128252 0.04511699 0.12232641 0.08232324 0.06226929 0.09585335 0.00000000 0.07762376 0.08002164 0.06583657 0.09044540 0.06039858 0.05058849 0.14498136 0.09219356 0.02366880 0.07027594 0.10266179 0.07619697 0.05647496 0.08872969 0.11489206 0.07028617 0.07134826 0.07082763 0.04945730 0.07924325 0.06536170 0.05056143 0.05629218 0.06073710 0.03902655 0.05700192 0.02840481 0.04344390 0.06523963 0.05919430 0.09976894 0.08377284 0.07117552 0.06127211 0.05006309 0.05286646 0.08915954 0.05493617 0.05248582 0.07953528 0.03839519 0.04042198 0.06464123 0.04910336 0.02781185 0.08328235 0.05449245 0.06948891 0.06128938 0.09050938 0.07875412 0.08045972 0.05480425 0.08767171 0.02533714 0.06032440 0.06255193 0.04744780 0.08940950 0.06015649 0.07763439 0.06388331 0.05089423 0.06564234 0.09840403 0.05855639 0.09193520 0.03294248 0.06931483 0.08541074 0.05499458 0.09635943 0.06000783 0.08862136 0.06165662 0.05480724 0.05660759 0.06227778 0.08722260 0.06696270 0.05133288 0.09470918 0.03733426 0.04894553 0.02504665 0.02724237 0.03251792 0.04677108 0.08069904 0.05182131 0.04357381 0.04699895 0.06281829 0.04138581 0.06545509 0.05601304 0.10217428 0.06360679 0.03846055 0.05856821 0.05293521 0.12857586 0.04677726 0.05032535 0.04092971 0.12006566 0.09806542 0.12017865 0.12032331 0.06393340 0.12059744 0.06472012 0.09653664 0.12702085 0.04125857 0.04998945 0.06862997 0.06531491 0.05758797 0.04944919 0.05186569 0.11094524 0.08611191 0.07436112 0.04881812 0.09737093 0.07587769 0.09012416 0.04993387 0.05442445 0.04580861 0.03706731 0.05558215 0.01835199 0.06023503 0.05731555 0.06050092 0.06050092 
0.03479621 0.08590425 0.06680900 0.05082254 0.06943576 0.08496692 0.05518766 0.09384552 0.04589549 0.05744464 0.07898286 0.08081595 0.07762376 0.00000000 0.06515670 0.08788338 0.10448469 0.06166075 0.10025044 0.06963219 0.08596021 0.05551522 0.05688319 0.12323973 0.03803917 0.07967911 0.07345876 0.05234888 0.04093823 0.08808183 0.04791899 0.11203054 0.07955627 0.05253347 0.05354800 0.06888243 0.09395486 0.05448460 0.06710419 0.07983415 0.06940341 0.05125760 0.05962110 0.04098906 0.06186232 0.06566809 0.04040062 0.04299054 0.07598457 0.09533882 0.04913725 0.07075765 0.08138034 0.05132386 0.05994466 0.04229709 0.07241210 0.09619487 0.05558650 0.05804362 0.06191028 0.08564951 0.07231149 0.06332554 0.06329586 0.13785664 0.08744914 0.03431613 0.05046890 0.06779652 0.07597715 0.07403912 0.19631160 0.08534454 0.04444200 0.14858008 0.06830384 0.07257877 0.07308472 0.03716396 0.07254298 0.04056004 0.06559034 0.04782046 0.07845492 0.05434667 0.06554101 0.05955327 0.07216402 0.07562263 0.06006158 0.05914891 0.05374428 0.09879813 0.05528329 0.07945729 0.04868558 0.06736723 0.03079292 0.04466016 0.05448489 0.06796366 0.04696979 0.05737281 0.09206209 0.06160374 0.07532883 0.05500868 0.09894298 0.04403971 0.04103010 0.03930247 0.06740699 0.08632381 0.06025126 0.04965540 0.04305530 0.03737643 0.04562159 0.07808187 0.08413941 0.09687404 0.05059391 0.06985326 0.04459393 0.04631257 0.10044876 0.04602312 0.08589449 0.04648234 0.08480330 0.04623349 0.05817011 0.04991138 0.05706702 0.03969581 0.07860015 0.03926132 0.05940839 0.05071321 0.07233984 0.05326019 0.06832732 0.04604998 0.08944834 0.04436125 0.04966316 0.06794289 0.06881500 0.06145330 0.06145330 
0.06579425 0.03806470 0.06289833 0.08606491 0.09006201 0.04210456 0.08340418 0.09050832 0.08323765 0.07625652 0.07632586 0.08104275 0.08002164 0.06515670 0.00000000 0.08028175 0.05741208 0.05126848 0.07280753 0.04180107 0.11076046 0.05547201 0.11135417 0.07326371 0.07124973 0.06210989 0.07514386 0.05712267 0.08110812 0.07178936 0.06011928 0.06240237 0.10217187 0.07586994 0.07251008 0.08580936 0.06445022 0.06046770 0.06105728 0.05372680 0.06697096 0.04543639 0.06473181 0.06620425 0.07059608 0.09560909 0.04296229 0.04397748 0.11022710 0.11043634 0.05836948 0.10298121 0.06357031 0.05168027 0.04774119 0.06781390 0.05781656 0.04272230 0.10160513 0.04436372 0.09140181 0.07127755 0.08714549 0.06789147 0.04380567 0.06137661 0.04334832 0.02368469 0.08827265 0.05211293 0.10775945 0.08272492 0.08059870 0.06847781 0.03565360 0.07461664 0.07731596 0.07520889 0.05406511 0.06008251 0.07108941 0.07501927 0.08508683 0.10798147 0.06993526 0.07162052 0.06031755 0.12031464 0.07554788 0.05494041 0.05539049 0.05926241 0.06740881 0.05087778 0.03596850 0.09313380 0.05294613 0.04837721 0.07263105 0.04632773 0.05812751 0.06295959 0.07188032 0.05490446 0.07406330 0.04198507 0.06650026 0.08714019 0.03931500 0.05203477 0.08551148 0.03885230 0.05465195 0.06300408 0.07881901 0.06781904 0.07615789 0.06534571 0.09560265 0.07250434 0.08943416 0.09918369 0.04213774 0.11245626 0.08052632 0.03810749 0.06233975 0.04636049 0.06762747 0.07437926 0.05015795 0.03890225 0.04975141 0.02898189 0.05923875 0.05496773 0.05478008 0.07093117 0.10766878 0.05158111 0.05059786 0.05941117 0.08326760 0.04526222 0.05180304 0.06988473 0.04109518 0.05930472 0.05772147 0.05884867 0.05884867 
0.07269914 0.08683035 0.04457549 0.07181362 0.08105059 0.05915137 0.04667537 0.03597157 0.10828797 0.06597614 0.07319413 0.08341324 0.06583657 0.08788338 0.08028175 0.00000000 0.13059645 0.07913114 0.05857236 0.04585178 0.09846485 0.05876707 0.08659996 0.08141868 0.07730057 0.04865862 0.10292314 0.09043906 0.05795727 0.09599644 0.04443636 0.06586038 0.07029363 0.03687832 0.06395366 0.11908885 0.09609253 0.07290486 0.06600330 0.04790259 0.04090008 0.03862081 0.05451590 0.05483516 0.12946580 0.09573516 0.05577936 0.04924765 0.09848037 0.05165739 0.06795223 0.03524201 0.04732407 0.08290839 0.04936024 0.05919186 0.13969970 0.09358660 0.06668230 0.09527385 0.11375990 0.07159502 0.06494529 0.05655201 0.09616253 0.05136132 0.07230328 0.04898872 0.05261185 0.04637867 0.03675814 0.05661421 0.07865362 0.09009033 0.04151914 0.07010106 0.07025902 0.04873618 0.04695279 0.05926018 0.06213828 0.10166331 0.05134083 0.04729750 0.07637295 0.05092641 0.05570202 0.06036597 0.08219745 0.12224718 0.09292625 0.04163690 0.06105702 0.06439590 0.06113811 0.05764071 0.05387280 0.06080072 0.05644580 0.06306888 0.05888038 0.04175065 0.06654010 0.05134149 0.11423108 0.04826139 0.04847154 0.07891885 0.04315099 0.02892278 0.09941005 0.06406427 0.04198185 0.05499275 0.05691286 0.03617511 0.03528840 0.05609136 0.08734261 0.08579679 0.07205519 0.15068381 0.08163447 0.11027953 0.08874568 0.03256882 0.08594794 0.07746616 0.08927836 0.05654576 0.03791243 0.04321725 0.04642813 0.04319227 0.03393467 0.05386754 0.04498712 0.05770860 0.04050718 0.05217399 0.05751546 0.05851006 0.07112350 0.04605756 0.06415466 0.04376220 0.04939983 0.05913182 0.06569702 0.05912537 0.05912537 
0.06991214 0.07228533 0.02857113 0.07732040 0.07793977 0.04979117 0.13421495 0.06662086 0.04999914 0.07670123 0.05731576 0.06417466 0.09044540 0.10448469 0.05741208 0.13059645 0.00000000 0.05964387 0.07440442 0.07617574 0.09025458 0.10661975 0.10021036 0.06832251 0.07595472 0.07374310 0.08827361 0.04389918 0.07012511 0.06157418 0.05974902 0.07369334 0.05082116 0.07876924 0.06508091 0.03032741 0.05925772 0.05661619 0.06900889 0.04618489 0.05474403 0.05370890 0.06620736 0.08289423 0.04835027 0.09737128 0.07880345 0.05986321 0.11217320 0.07946219 0.03041230 0.06301307 0.08516328 0.05598266 0.04499655 0.07337025 0.07805013 0.04543139 0.06162652 0.08251587 0.06759206 0.18624287 0.07326726 0.04889686 0.07285396 0.09337006 0.08122426 0.09069091 0.04824782 0.05377526 0.02790366 0.08672690 0.10651103 0.07817958 0.03330339 0.08941306 0.04827112 0.04973776 0.04662180 0.06966739 0.05364120 0.06121427 0.05315037 0.05700306 0.02424261 0.04924590 0.07269255 0.04004805 0.07995610 0.04800399 0.10250975 0.05794804 0.07743411 0.08381901 0.02114467 0.05143838 0.06642108 0.03675138 0.05986787 0.05167516 0.06790681 0.10737518 0.05651684 0.05288203 0.07336279 0.06246655 0.05982356 0.04521270 0.04983832 0.11927575 0.06435036 0.06979506 0.06845044 0.03700039 0.10732197 0.03614251 0.05196380 0.04707980 0.10316372 0.05634473 0.06891395 0.06001273 0.07806830 0.09419310 0.04280592 0.08747951 0.07532585 0.01546195 0.10186807 0.06426821 0.03538591 0.02591674 0.05283460 0.01084248 0.10970521 0.02794757 0.06955685 0.04439429 0.09680415 0.06251158 0.05691570 0.07352650 0.12948381 0.07161957 0.04543907 0.08091971 0.03291443 0.05369535 0.05481322 0.06096957 0.06096957 
0.06689141 0.08606404 0.08020041 0.11055668 0.06349285 0.10248658 0.04006868 0.06546708 0.03893658 0.05411321 0.04666375 0.07438249 0.06039858 0.06166075 0.05126848 0.07913114 0.05964387 0.00000000 0.17131954 0.07486885 0.12230244 0.14334900 0.08334215 0.12451087 0.10020219 0.06492091 0.06282870 0.07451070 0.05311525 0.10223753 0.06704570 0.06373375 0.02642975 0.08482450 0.08021147 0.10508562 0.06540114 0.10259123 0.06853435 0.07271596 0.08723079 0.02970746 0.05645074 0.05447651 0.06708071 0.06580376 0.08119037 0.06729614 0.04131788 0.06826817 0.05357657 0.05671138 0.04806795 0.06585742 0.04913118 0.03392277 0.06057822 0.09324222 0.04674988 0.06117701 0.04009735 0.05305119 0.06448103 0.06597922 0.06421391 0.05377326 0.04147702 0.06419283 0.09494956 0.09647677 0.04053031 0.05469082 0.06198873 0.07091324 0.07589678 0.03277806 0.06398381 0.08126389 0.07873498 0.06582315 0.06610259 0.02879016 0.08610989 0.07893642 0.09069955 0.07919896 0.07498854 0.07539178 0.06816802 0.05384114 0.06914233 0.07637796 0.06751587 0.05940628 0.08490994 0.04950164 0.05094090 0.11378416 0.07213182 0.05239639 0.06824774 0.05644678 0.05074410 0.05703008 0.06638670 0.05805803 0.06147214 0.06418609 0.04427700 0.04690958 0.08809121 0.08187863 0.05115279 0.04802639 0.04549021 0.05038354 0.07478525 0.05244016 0.08680899 0.07560122 0.08480661 0.08895254 0.03705090 0.05887034 0.05622049 0.08394647 0.04631588 0.04840051 0.06819316 0.06621415 0.08013658 0.06352300 0.04069224 0.03155542 0.07537468 0.07056622 0.06297859 0.06169410 0.03490132 0.06935755 0.07332372 0.04662872 0.06208887 0.05375535 0.04662123 0.06252763 0.08374451 0.06924639 0.06519175 0.06715413 0.06715413 
0.05796833 0.07503457 0.11943755 0.13739951 0.11201101 0.08515946 0.06137655 0.06695039 0.09133921 0.10621998 0.09971221 0.08027608 0.05058849 0.10025044 0.07280753 0.05857236 0.07440442 0.17131954 0.00000000 0.14533787 0.09247091 0.07089886 0.08497801 0.07158929 0.05817311 0.06416485 0.07520149 0.05015814 0.07831522 0.03532320 0.07016150 0.10030015 0.05747598 0.06384230 0.06078174 0.06691817 0.06363694 0.06926015 0.07698977 0.05468422 0.08035625 0.04248648 0.06112061 0.04575051 0.03811469 0.05183471 0.07168500 0.06460106 0.06530757 0.08355186 0.06156096 0.05391624 0.03929620 0.07043683 0.07161859 0.04859209 0.03531026 0.07998458 0.06937795 0.06006609 0.04548444 0.05883948 0.08391260 0.06448153 0.05600009 0.06839533 0.04623784 0.09029549 0.07780907 0.05775440 0.08729227 0.05865987 0.06820174 0.09584105 0.06797900 0.03749586 0.07537567 0.05522341 0.04809808 0.07011147 0.04234065 0.06490593 0.06068748 0.07017972 0.05765934 0.05394857 0.04892722 0.08452834 0.06064930 0.05555954 0.07578212 0.08812399 0.06174417 0.07415695 0.04379141 0.03696501 0.05222159 0.06123074 0.07775402 0.04032549 0.05264096 0.06313529 0.04404014 0.05496542 0.04138648 0.05124610 0.06979811 0.05915818 0.06411066 0.08023953 0.06180027 0.09117249 0.04533014 0.07784204 0.08409552 0.04865892 0.04783216 0.09375894 0.04439885 0.08755172 0.07252103 0.06516628 0.04783020 0.09533044 0.03929655 0.06116539 0.06092157 0.04802903 0.07587345 0.09260310 0.05573126 0.05454200 0.06050704 0.05047958 0.06013611 0.06249589 0.07690829 0.04863610 0.04143824 0.07316502 0.06540430 0.05335190 0.07783556 0.04928368 0.10625263 0.05131531 0.07111936 0.06189565 0.06493828 0.06116069 0.06116069 
0.09766214 0.06339757 0.07362195 0.08422325 0.10576221 0.07983227 0.03870188 0.03731793 0.11325785 0.04212666 0.06631797 0.09316265 0.14498136 0.06963219 0.04180107 0.04585178 0.07617574 0.07486885 0.14533787 0.00000000 0.14252521 0.08095115 0.12015109 0.08230515 0.04115229 0.09630860 0.09473820 0.04946968 0.05359198 0.05091591 0.08169624 0.09087762 0.09944818 0.06787738 0.08086338 0.04389747 0.05713175 0.08287850 0.03831042 0.06267848 0.05153674 0.06818954 0.07026788 0.08213144 0.04054784 0.09030593 0.06189073 0.05262832 0.04285360 0.06294603 0.08343391 0.10452137 0.05851751 0.06624404 0.05715945 0.07158523 0.04185025 0.03920907 0.04554187 0.04232546 0.07030988 0.04999290 0.10945792 0.05690958 0.03410667 0.05866054 0.08917822 0.08742872 0.08074478 0.06070990 0.04584068 0.03674171 0.07973677 0.09910812 0.08742080 0.08936177 0.06075718 0.08689387 0.09959611 0.07731222 0.10551501 0.04570320 0.05562913 0.10522852 0.06397090 0.03489512 0.06209199 0.05091925 0.05585784 0.04312948 0.07025117 0.07460920 0.05911534 0.05272668 0.07750378 0.03450369 0.04417457 0.05206802 0.06600222 0.04840443 0.04260599 0.04671838 0.02339190 0.04670384 0.06398635 0.05028556 0.03799665 0.07515413 0.04385815 0.06398655 0.08259070 0.03916185 0.03887995 0.09259817 0.06475509 0.07360059 0.05086497 0.08173694 0.10144816 0.06357819 0.08195643 0.06979347 0.07653973 0.04874702 0.06872866 0.07615388 0.05631127 0.06535730 0.08537774 0.06185210 0.08085565 0.06577669 0.05251092 0.05383275 0.04759270 0.03626805 0.06971738 0.07352986 0.04247285 0.06123360 0.09047076 0.03962231 0.08685792 0.09260497 0.08584973 0.06228025 0.04804840 0.05041108 0.04838295 0.05915512 0.05915512 
0.07753270 0.04796691 0.05919336 0.09193096 0.11140757 0.03818752 0.04509258 0.05324065 0.03628508 0.03539957 0.05554257 0.07214609 0.09219356 0.08596021 0.11076046 0.09846485 0.09025458 0.12230244 0.09247091 0.14252521 0.00000000 0.09456817 0.09141996 0.10231451 0.05577717 0.07857620 0.06455623 0.11199648 0.07799684 0.07605487 0.05492276 0.05742081 0.03158288 0.08158775 0.03601342 0.04720996 0.06311326 0.03605525 0.04311207 0.07766418 0.05251610 0.06048753 0.06786477 0.05756377 0.07323534 0.05236069 0.04627912 0.04295895 0.09379695 0.05058171 0.09420116 0.08608749 0.05998053 0.05360750 0.04765332 0.09387021 0.06406662 0.03982325 0.05775914 0.07670570 0.08770895 0.09699206 0.08873133 0.06250957 0.04040194 0.09858628 0.05446534 0.06773824 0.13964980 0.09186615 0.05071176 0.09269968 0.08576248 0.08133090 0.04504719 0.07784671 0.08004798 0.04801662 0.06876015 0.05333070 0.07319375 0.03905936 0.10378865 0.08856894 0.07050948 0.05599882 0.07767787 0.09479070 0.05474175 0.03050414 0.09045242 0.06437085 0.06553217 0.05345359 0.03061702 0.07583460 0.04419390 0.06267793 0.06717082 0.03596236 0.05479131 0.03986611 0.04135140 0.04830804 0.12313982 0.04369769 0.05820479 0.12863376 0.05703217 0.05323994 0.03143083 0.06392671 0.06855770 0.09124357 0.09097331 0.08529055 0.06732255 0.05460111 0.06403926 0.05987461 0.07242927 0.06880691 0.06504463 0.06405731 0.06269143 0.10913539 0.06344409 0.05911255 0.04350249 0.04141360 0.08091171 0.06457530 0.05513940 0.03665762 0.12366280 0.04110025 0.09096129 0.04774607 0.07320508 0.06111608 0.07185716 0.02668345 0.05728680 0.02708587 0.03369104 0.04341894 0.05069426 0.05175320 0.05642057 0.05988862 0.05988862 
0.09254643 0.03493203 0.08272824 0.06756453 0.08956641 0.08887450 0.08011065 0.07696866 0.07014212 0.06635788 0.06719713 0.08298950 0.02366880 0.05551522 0.05547201 0.05876707 0.10661975 0.14334900 0.07089886 0.08095115 0.09456817 0.00000000 0.12232051 0.07968570 0.11827241 0.07516118 0.03255053 0.09156614 0.04482614 0.13139910 0.05624859 0.08223624 0.04463621 0.06947785 0.09216655 0.08370796 0.06460231 0.04974557 0.05288618 0.06075198 0.06052894 0.04681638 0.06210003 0.04758406 0.04666412 0.05885046 0.07266575 0.13137237 0.08535490 0.06208107 0.04684329 0.03602403 0.08256759 0.03825326 0.06003889 0.05593227 0.08379863 0.04636933 0.04626299 0.05840271 0.07606140 0.12627430 0.06533076 0.05087943 0.05984347 0.10097782 0.08491701 0.06343769 0.09623667 0.05974783 0.04721683 0.07168853 0.08149565 0.07169566 0.06614682 0.04288352 0.08767691 0.03705492 0.05355385 0.07604240 0.10547254 0.03244338 0.09297037 0.10957885 0.02348655 0.05154229 0.06434099 0.10609045 0.06297724 0.06567380 0.07049325 0.06394087 0.06574584 0.05130953 0.05181881 0.09946488 0.05981390 0.03892569 0.04941638 0.05037007 0.05072277 0.06158595 0.06788521 0.05899475 0.03892587 0.04428480 0.04585496 0.06919142 0.03470763 0.05742452 0.05965860 0.09738054 0.04926722 0.03595491 0.07956429 0.05605300 0.06599529 0.04806099 0.08214474 0.04817319 0.09618907 0.06646594 0.08228499 0.08209355 0.03369889 0.03396761 0.05626372 0.03921836 0.10474117 0.03681148 0.07507597 0.04275257 0.07126761 0.06802511 0.07638587 0.04031922 0.08700250 0.08266299 0.03318862 0.05647007 0.04705775 0.07638668 0.07663361 0.05462028 0.05894632 0.05918748 0.04479206 0.07103272 0.07368251 0.06550248 0.06550248 
0.07415484 0.03379285 0.09958276 0.05653619 0.08463852 0.06733390 0.07437507 0.07312135 0.08005070 0.03682725 0.08865813 0.05886141 0.07027594 0.05688319 0.11135417 0.08659996 0.10021036 0.08334215 0.08497801 0.12015109 0.09141996 0.12232051 0.00000000 0.06681166 0.06486008 0.13455548 0.03756175 0.04209917 0.09886028 0.04001633 0.05511528 0.05642928 0.02272863 0.07104757 0.12262379 0.09332229 0.08997667 0.07410236 0.06218590 0.05102885 0.04385902 0.04832934 0.06490975 0.03634373 0.07256591 0.05771854 0.07538902 0.06891434 0.08287183 0.07275744 0.06893103 0.04344272 0.03753004 0.04589963 0.04362796 0.03710744 0.06694132 0.05216508 0.04848644 0.03690384 0.06638652 0.11711783 0.06562695 0.05254576 0.05515298 0.08239495 0.05137077 0.05948645 0.08779328 0.07499629 0.04554387 0.09484738 0.07638277 0.09797545 0.08632653 0.06436766 0.06695991 0.04949853 0.07566515 0.06622596 0.07024681 0.05016402 0.11286266 0.06468387 0.07549531 0.04756308 0.06602877 0.06846389 0.05287750 0.08042933 0.04687491 0.10873640 0.06632423 0.03455683 0.05200720 0.07701423 0.06675399 0.06010940 0.05120691 0.08519205 0.05804417 0.07274943 0.07174713 0.07389214 0.08687251 0.05047975 0.04220008 0.06469289 0.05434540 0.04222373 0.07683928 0.06908236 0.06620405 0.08259680 0.06527422 0.05556170 0.05001445 0.06249226 0.06788326 0.05873929 0.07437927 0.05423002 0.03697850 0.07184915 0.07458537 0.04818655 0.09124013 0.04236881 0.06960045 0.09135242 0.06871902 0.04647099 0.06474189 0.04036602 0.04951657 0.10221136 0.06571621 0.05837348 0.05032223 0.03410953 0.05329097 0.05879683 0.06321098 0.05736275 0.07684802 0.06590035 0.07379526 0.06672231 0.06850783 0.06946337 0.06946337 
0.08677857 0.06252980 0.05697614 0.08869387 0.07915892 0.05672811 0.06805485 0.04511548 0.08474330 0.09626705 0.08724600 0.08369505 0.10266179 0.12323973 0.07326371 0.08141868 0.06832251 0.12451087 0.07158929 0.08230515 0.10231451 0.07968570 0.06681166 0.00000000 0.06950379 0.03332846 0.08887817 0.09428884 0.07771202 0.06506360 0.05521968 0.04513105 0.09255675 0.05369590 0.06872566 0.07533889 0.08526944 0.06976310 0.05994109 0.06472645 0.06809918 0.03555712 0.05301694 0.13110718 0.07990711 0.03970955 0.03342786 0.03533161 0.04561530 0.08220547 0.05485377 0.10393929 0.08979177 0.07933623 0.08401398 0.06707770 0.05392609 0.07726990 0.07384175 0.05094612 0.05732376 0.03938068 0.04800035 0.06499121 0.04830590 0.04244990 0.07422887 0.04199309 0.09826046 0.10518082 0.08660734 0.03903606 0.08391832 0.04739939 0.04763964 0.05871761 0.06939060 0.03482191 0.07413802 0.02475371 0.08985799 0.05007725 0.09416158 0.07576542 0.06633961 0.05727577 0.09328495 0.06517701 0.05074102 0.07649940 0.07624637 0.05015438 0.05479469 0.03717125 0.10078296 0.05193766 0.05632729 0.04503601 0.06512097 0.04092319 0.05644612 0.07231484 0.03823524 0.04935049 0.07069430 0.05729285 0.04217497 0.04124389 0.03918525 0.05062134 0.07635069 0.04793153 0.07960258 0.08253486 0.04105426 0.02843876 0.08223606 0.08677442 0.10517588 0.03695208 0.03229472 0.07812801 0.10532769 0.08493972 0.06449048 0.08158947 0.05768922 0.05874415 0.05468419 0.04809316 0.09755818 0.09064775 0.04503094 0.05870296 0.06811926 0.12727920 0.06997742 0.06442258 0.07683659 0.06756928 0.05690098 0.02944934 0.07631988 0.08168470 0.06446415 0.03378440 0.04957898 0.06605354 0.06312253 0.06733601 0.06733601 
