0.00000000 0.61250449 0.27865241 0.39417763 0.29172767 0.32219011 0.25651935 0.33552567 0.31317614 0.34297170 0.32913564 0.31365875 0.31820873 0.30516292 0.30390791 0.24994458 0.29173270 0.28280527 0.31303122 0.32054914 0.29316325 0.24437917 0.23122765 0.25006932 0.18575286 0.17778578 0.25632927 0.18606291 0.21667320 0.31506959 0.27777111 0.24547675 0.29876578 0.23069712 0.24517927 0.20885121 0.23978983 0.21846488 0.29874208 0.22825124 0.14893621 0.21241341 0.22445098 0.28514196 0.23115363 0.32346746 0.29646685 0.24103068 0.20543848 0.19712235 0.25123377 0.30643103 0.32265550 0.20259991 0.32166480 0.23489621 0.22492271 0.20233559 0.24833511 0.21013277 0.21186692 0.19906186 0.26653716 0.20742101 0.24129085 0.25234786 0.28865386 0.25788373 0.27257268 0.24553721 0.29312869 0.21586416 0.19178905 0.28581944 0.20401883 0.24372962 0.30805461 0.30423691 0.16681011 0.23257535 0.24304258 0.26239230 0.23936355 0.23540269 0.30007726 0.26289809 0.41266153 0.30573903 0.25611969 0.33122346 0.26860737 0.25031408 0.30885561 0.36148068 0.45880587 0.44458460 0.30804989 
0.61250449 0.00000000 0.86562575 0.41491310 0.26594137 0.36174133 0.26625884 0.35912272 0.25648299 0.29168828 0.28969992 0.23174883 0.29405351 0.37439948 0.28594904 0.31578911 0.49340433 0.22189312 0.39673032 0.34527619 0.25565070 0.22435169 0.18259227 0.38802259 0.29913708 0.21590280 0.22464090 0.26692856 0.29337188 0.22405294 0.25842724 0.21932217 0.34548133 0.28835225 0.20874041 0.23438925 0.26938280 0.24669531 0.27859584 0.17407546 0.35893000 0.15346140 0.23289366 0.27397311 0.18501554 0.30844033 0.26642872 0.11689774 0.20623157 0.28518127 0.20861802 0.26956528 0.22182899 0.18220050 0.31115458 0.27414849 0.22131642 0.18202723 0.23936194 0.26976102 0.19442526 0.26794348 0.14282770 0.19840554 0.21822314 0.36510142 0.25635454 0.21169928 0.17577717 0.25344677 0.32493092 0.36188913 0.22532783 0.26463711 0.34997397 0.25507453 0.27662312 0.16223733 0.21047735 0.31392957 0.28999055 0.21806811 0.35727353 0.44151906 0.24067202 0.25272750 0.22498002 0.22117233 0.21589941 0.24172480 0.18921531 0.22161683 0.26878171 0.35936369 0.29145275 0.34987879 0.28131686 
0.27865241 0.86562575 0.00000000 0.54252081 0.35576628 0.28918133 0.42495701 0.29177110 0.29125822 0.32174393 0.32913366 0.23591086 0.24141124 0.20432435 0.28512177 0.28280410 0.41296283 0.29961927 0.31488634 0.45679953 0.28881276 0.28899582 0.17954970 0.35546400 0.20106241 0.29245671 0.24055278 0.29286515 0.20774490 0.33251739 0.31670816 0.29132241 0.24126131 0.17512697 0.18232958 0.35434620 0.29739527 0.22369368 0.26654245 0.20447038 0.22081456 0.22707260 0.33030380 0.25318272 0.24337435 0.28557751 0.25402955 0.13018146 0.13453002 0.20354513 0.22974086 0.26298958 0.33115323 0.26338455 0.30564095 0.23900963 0.26116245 0.23889644 0.31583840 0.36008597 0.25189892 0.26727052 0.14327951 0.15615869 0.19860172 0.28247947 0.31331817 0.24784863 0.27138508 0.23454190 0.19711754 0.18707653 0.09809218 0.23274454 0.11667886 0.26399494 0.22349314 0.21388631 0.33206518 0.38964689 0.42034184 0.21421426 0.56048287 0.45741106 0.35245671 0.24443358 0.29466892 0.15176469 0.27979276 0.24137936 0.27621812 0.31334878 0.25431299 0.20412020 0.28172180 0.22371046 0.25935911 
0.39417763 0.41491310 0.54252081 0.00000000 0.32108062 0.57985720 0.26603448 0.38915314 0.28389562 0.27607008 0.31363511 0.27175831 0.27057449 0.31530793 1.04279959 0.30239897 1.18908672 0.19260276 0.28416783 0.33413004 0.32004828 0.20222763 0.19013365 0.30371244 0.13302499 0.20239710 0.25250351 0.19165307 0.15829601 0.26543087 0.22757063 0.35837453 0.15820125 0.22969020 0.16920819 0.27120482 0.19140655 0.11918516 0.25061593 0.12804170 0.15844113 0.27849947 0.23094332 0.26281204 0.11299091 0.21325535 0.26221410 0.31114218 0.30448422 0.23684484 0.24643886 0.34745123 0.30033348 0.27356678 0.27294037 0.32053982 0.31419363 0.13201721 0.30597024 0.22037032 0.16451582 0.27120234 0.20637715 0.16733551 0.27002224 0.41672360 0.34559184 0.14366014 0.28754614 0.19989038 0.29161459 0.29789184 0.21613873 0.26966380 0.16695924 0.15793761 0.20913635 0.16578580 0.19860086 0.26895047 0.18419861 0.32070875 0.28742638 0.67839543 0.22807438 0.24055082 0.23810053 0.21021257 0.27680040 0.25103648 0.19691775 0.25023294 0.22801834 0.31469677 0.29851282 0.27148333 0.26176537 
0.29172767 0.26594137 0.35576628 0.32108062 0.00000000 0.49749327 0.41145967 0.28383406 0.36220592 0.43495201 0.34358063 0.35547619 0.29307213 0.25515064 0.32986012 0.38508177 0.30361697 0.45801362 0.23810036 0.25500154 0.32052307 0.12338625 0.32923154 0.81973878 0.26228527 0.16458533 0.32964348 0.30044997 0.29695263 0.27815606 0.30183362 0.20236764 0.25823725 0.28177563 0.25093534 0.29149945 0.22858237 0.19718394 0.31772095 0.20751207 0.14999857 0.36725205 0.21229500 0.28952424 0.17925487 0.19051240 0.25260640 0.19964430 0.16197682 0.17893386 0.27411175 0.39744192 0.23607926 0.24816321 0.21844279 0.23231272 0.18645032 0.17605925 0.22985408 0.18447463 0.13812976 0.24908087 0.31425132 0.26004513 0.22754261 0.34314152 0.28004509 0.26222175 0.22365867 0.32040723 0.15091262 0.36652303 0.09552541 0.22526043 0.26129905 0.20600626 0.30601388 0.22753438 0.23903824 0.26587470 0.40502767 0.18334673 0.19667801 0.26393677 0.50606303 0.17290482 0.30138332 0.25212443 0.22491568 0.29678272 0.27769388 0.30850906 0.25783864 0.31304683 0.21765860 0.25686870 0.24804761 
0.32219011 0.36174133 0.28918133 0.57985720 0.49749327 0.00000000 0.43008071 0.72966129 0.35554395 0.38439388 0.31022442 0.31929287 0.69620135 0.36864004 1.10247663 0.28697845 0.30603606 0.13485680 0.28973350 0.16976861 0.19828010 0.23826581 0.15622799 0.31273290 0.18977128 0.19235939 0.22751656 0.23053757 0.18963331 0.28368909 0.24741031 0.22625399 0.28015401 0.30254318 0.15189927 0.29240016 0.30609452 0.16801144 0.25386718 0.21632841 0.20185342 0.21797779 0.23138884 0.26994792 0.16058776 0.16759462 0.25787973 0.22292415 0.13538540 0.27138921 0.33629448 0.26561653 0.30981243 0.28485064 0.18913540 0.27898982 0.28795353 0.14942009 0.21826722 0.23336313 0.14068900 0.14107208 0.29206017 0.22956235 0.21011730 0.25608763 0.19188357 0.03550885 0.22543983 0.35175941 0.29105816 0.22420242 0.24106751 0.26490562 0.26222883 0.21116904 0.22813289 0.19490276 0.23334137 0.22324046 0.37690618 0.24397903 0.30894568 0.27569559 0.16379255 0.81535219 0.32110319 0.21677747 0.26464411 0.21999018 0.31676000 0.23242836 0.33788893 0.31112013 0.23975859 0.21315498 0.27695377 
0.25651935 0.26625884 0.42495701 0.26603448 0.41145967 0.43008071 0.00000000 0.49546018 0.41511518 0.58732546 0.42199444 0.32119091 0.28246720 0.28738072 0.20578168 0.89489853 0.22296542 0.29361180 0.23367071 0.15484898 0.16444785 0.16664139 0.14103334 0.29135581 0.20948539 0.24818013 0.53168162 0.98261712 0.33787461 0.11336589 0.18830014 0.23371218 0.28713194 0.07191765 0.33282605 0.28359554 0.22840007 0.13114593 0.26063635 0.26584282 0.30097070 0.21969459 0.30991133 0.27819254 0.28503031 0.19849746 0.27120569 0.29441856 0.25299564 0.24374348 0.17128100 0.34413542 0.28031295 0.30383747 0.17765632 0.21615442 0.10398867 0.24715260 0.31599285 0.24327496 0.24605488 0.21793448 0.25178336 0.32489990 0.24541910 0.11076938 0.23472096 0.25591289 0.19220108 0.24698532 0.15918898 0.14576073 0.12668930 0.30425235 0.29289037 0.26663688 0.24744699 0.21021656 0.22127471 0.21473547 0.35538169 0.21712649 0.19283744 0.20241909 0.37364255 0.15137955 0.42745748 0.32181324 0.30318796 0.34735455 0.23996700 0.23067652 0.31474445 0.29935996 0.26904327 0.21122307 0.26123983 
0.33552567 0.35912272 0.29177110 0.38915314 0.28383406 0.72966129 0.49546018 0.00000000 0.48240031 0.55769117 0.49185890 0.39026494 0.58793338 0.35976422 0.37687550 0.19190223 0.41569573 0.16761936 0.39128358 0.22326689 0.28998655 0.33500223 0.19974423 0.24599989 0.24634869 0.24849036 0.13131808 0.30564293 0.25850327 0.34289473 0.26712755 0.37099386 0.29667264 0.28757242 0.29057144 0.23953056 0.26322966 0.17534656 0.23301901 0.24185347 0.17397203 0.19734759 0.18474622 0.24321264 0.08843545 0.15790140 0.26012408 0.22362324 0.19598512 0.37273762 0.13572044 0.47722154 0.32518695 0.19833613 0.29466913 0.25213448 0.24794770 0.15020240 0.31671201 0.19192149 0.16285849 0.27911352 0.16871171 0.14746044 0.15740275 0.29207524 0.35297903 0.19219029 0.25668868 0.24663192 0.31101267 0.20080384 0.13793572 0.18046489 0.17265707 0.18759176 0.25584156 0.09780873 0.32834369 0.21252118 0.17595617 0.31394010 0.22997262 0.28868448 0.23122120 0.57251743 0.24534274 0.53518131 0.29209324 0.23883920 0.21127423 0.21945654 0.32355802 0.22088151 0.39486036 0.29137996 0.28091407 
0.31317614 0.25648299 0.29125822 0.28389562 0.36220592 0.35554395 0.41511518 0.48240031 0.00000000 0.85005163 0.73590329 0.67038419 0.47015399 0.38111005 0.36268121 0.12702122 0.31561770 0.31159692 0.27844942 0.27514039 0.25890213 0.28309684 0.15123947 0.16401952 0.22089614 0.22082280 0.27996852 0.25460472 0.23330672 0.28663433 0.18534021 0.34619436 0.23338850 0.21449736 0.32421122 0.16499734 0.13216961 0.23934942 0.26313760 0.07071756 0.23518990 0.32987198 0.25995698 0.26683272 0.23651332 0.18618787 0.26615303 0.16484539 0.21101331 0.22478885 0.22559640 0.37486116 0.30305314 0.32320625 0.20989462 0.25282410 0.24568688 0.28744577 0.27099259 0.19817701 0.23083780 0.17205249 0.21306042 0.23405372 0.27008206 0.33325941 0.30143645 0.26471669 0.18887598 0.27918479 0.28877848 0.18682574 0.11193036 0.20850572 0.00000000 0.23254162 0.24983166 0.14780737 0.28503122 0.20217127 0.21825396 0.23778197 0.26835297 0.16462799 0.39356996 0.37969724 0.30792770 0.37132791 0.28698291 0.31769141 0.28711109 0.32431763 0.34226689 0.38992151 0.33342587 0.32399900 0.29260796 
0.34297170 0.29168828 0.32174393 0.27607008 0.43495201 0.38439388 0.58732546 0.55769117 0.85005163 0.00000000 0.77532732 0.78243440 0.53974003 0.38281446 0.40203424 0.27987176 0.41978180 0.28370815 0.23081937 0.35652232 0.16614918 0.15869472 0.22118762 0.18350131 0.18154734 0.16353035 0.19422601 0.22228413 0.14861987 0.23428329 0.22746337 0.26199074 0.27403143 0.28886623 0.24305847 0.33483799 0.22662428 0.28246504 0.23638437 0.15373480 0.37770802 0.24458305 0.24425725 0.23087734 0.25951449 0.09545977 0.24131878 0.16787873 0.31268806 0.31895166 0.13887006 0.32499367 0.30581736 0.32850927 0.17774885 0.14559907 0.21887676 0.16836989 0.25650742 0.18264135 0.25950242 0.19138401 0.18247813 0.23742841 0.23148645 0.18433324 0.23612579 0.18931192 0.18707782 0.11694384 0.27158421 0.13984155 0.23980918 0.21771428 0.14732298 0.26779348 0.22321333 0.21211815 0.18685453 0.28596640 0.21324201 0.16062322 0.21037260 0.24597245 0.29704614 0.27760286 0.36242579 0.60956850 0.34604663 0.35903369 0.35381754 0.24180372 0.29816149 0.25869825 0.29286147 0.36764742 0.27118607 
0.32913564 0.28969992 0.32913366 0.31363511 0.34358063 0.31022442 0.42199444 0.49185890 0.73590329 0.77532732 0.00000000 0.94817258 0.55505735 0.59434095 0.42682468 0.26110521 0.32602797 0.07746748 0.25136781 0.32278514 0.30678657 0.18363290 0.16159487 0.19518685 0.20996085 0.34056709 0.22430700 0.29408437 0.12808175 0.23293258 0.27540167 0.26697796 0.30720892 0.26464631 0.23291239 0.19970273 0.18539850 0.15532503 0.24757709 0.25290461 0.20235409 0.18796808 0.29565412 0.27077014 0.30916410 0.17487162 0.28361520 0.31528013 0.25107764 0.17002849 0.22876235 0.21649274 0.27307587 0.22685745 0.29889595 0.21599294 0.23629723 0.29087235 0.20083532 0.23956833 0.25457978 0.22117930 0.27796680 0.23042229 0.22443095 0.30420917 0.20849969 0.21839184 0.18097016 0.30158705 0.24590319 0.29279479 0.20845775 0.17972310 0.15503713 0.19233527 0.26521549 0.30009939 0.30404403 0.19494197 0.20557701 0.32205172 0.20579183 0.16981415 0.17239946 0.31287783 0.38391170 0.24455235 0.23769180 0.25812821 0.36412733 0.27073293 0.28779893 0.28266039 0.24431069 0.29850335 0.28495523 
0.31365875 0.23174883 0.23591086 0.27175831 0.35547619 0.31929287 0.32119091 0.39026494 0.67038419 0.78243440 0.94817258 0.00000000 0.79490041 0.40232306 0.21261398 0.31558944 0.33595906 0.25299863 0.25664446 0.36130412 0.25133953 0.22232446 0.24042608 0.20988574 0.22451890 0.35354909 0.31721277 0.18109005 0.16838521 0.21747399 0.28851577 0.38774915 0.23516118 0.29613411 0.30849652 0.18545026 0.25150110 0.22669561 0.25457551 0.34927512 0.27403788 0.17673216 0.16594230 0.25200075 0.27164485 0.26119754 0.25053834 0.31008823 0.29565434 0.17998371 0.25255959 0.25658822 0.28740467 0.26052594 0.19713290 0.13632653 0.17953668 0.16616649 0.13946996 0.38484941 0.20458860 0.22722317 0.24970617 0.18470899 0.23112637 0.23279916 0.28855653 0.25169498 0.20377833 0.30229246 0.37528123 0.15979172 0.16775491 0.22736739 0.13067706 0.21830065 0.25787061 0.24238948 0.24966791 0.16697856 0.20233375 0.21271787 0.17768261 0.27436553 0.29983280 0.28408406 0.33228025 0.31485835 0.18324947 0.24962173 0.22010027 0.10830349 0.23611031 0.29211736 0.27520879 0.32470669 0.29443170 
0.31820873 0.29405351 0.24141124 0.27057449 0.29307213 0.69620135 0.28246720 0.58793338 0.47015399 0.53974003 0.55505735 0.79490041 0.00000000 0.49239032 0.52420089 0.25715805 0.35271845 0.27337486 0.39786405 0.29900513 0.28415591 0.28927567 0.19025764 0.23370382 0.20928833 0.17662918 0.29634735 0.21120917 0.12022240 0.21469793 0.31336631 0.29610680 0.17375931 0.22100685 0.19395198 0.28560545 0.07254795 0.18745833 0.24961614 0.12317423 0.19104837 0.27737960 0.27003907 0.24726348 0.17307695 0.22634773 0.22496926 0.26851120 0.25126500 0.24298427 0.14612142 0.26412154 0.22738843 0.34300119 0.26259557 0.27998781 0.14734811 0.20599861 0.20076606 0.27118599 0.21486207 0.18501505 0.30453131 0.20473131 0.24127798 0.20988661 0.34057922 0.31704456 0.30681642 0.35346905 0.27310362 0.21171975 0.14797719 0.13487496 0.15980185 0.11800793 0.28191870 0.24426149 0.24928370 0.18269692 0.22004391 0.32042117 0.42934071 0.22304110 0.27054070 0.53619117 0.39973110 0.30719121 0.21857452 0.23926930 0.32884563 0.41703032 0.23446896 0.30511195 0.23988816 0.28076695 0.28514657 
0.30516292 0.37439948 0.20432435 0.31530793 0.25515064 0.36864004 0.28738072 0.35976422 0.38111005 0.38281446 0.59434095 0.40232306 0.49239032 0.00000000 0.62580108 0.70098597 0.37215242 0.13434745 0.28349633 0.32856155 0.30850852 0.29779597 0.26296769 0.25109890 0.24401328 0.28564659 0.26491736 0.31968639 0.27047044 0.30473685 0.36787358 0.35945292 0.60970284 0.33297899 0.22427382 0.35035772 0.23594173 0.19925121 0.22866728 0.15649170 0.24809367 0.20893432 0.24134016 0.22073868 0.20691438 0.15324916 0.24868768 0.28254735 0.35432147 0.24224770 0.18909854 0.32014309 0.27454171 0.17545563 0.32590748 0.18528907 0.23154293 0.25103707 0.22246757 0.16105226 0.21011879 0.25646987 0.30869928 0.22600517 0.21682730 0.24172699 0.32113945 0.21738336 0.16898940 0.25529295 0.33909492 0.21990817 0.33039493 0.27013684 0.34448426 0.16405669 0.23613041 0.21522317 0.10298586 0.28622261 0.17450160 0.28976244 0.28803475 0.29978642 0.20551081 0.22825323 0.29411209 0.29070244 0.29991557 0.25843308 0.24695795 0.23051204 0.27191830 0.25610900 0.26446730 0.33075442 0.29149013 
0.30390791 0.28594904 0.28512177 1.04279959 0.32986012 1.10247663 0.20578168 0.37687550 0.36268121 0.40203424 0.42682468 0.21261398 0.52420089 0.62580108 0.00000000 0.71276230 0.49181177 0.32189531 0.32156924 0.33813426 0.23727589 0.25779298 0.28615337 0.26947221 0.24188836 0.27227813 0.20495515 0.18635021 0.14656835 0.23369769 0.33175120 0.39237651 0.27506549 0.28255626 0.17012384 0.18053750 0.21792192 0.10429619 0.24458932 0.11871115 0.15096314 0.24288783 0.15606884 0.26616900 0.18251107 0.23890353 0.28995442 0.18230106 0.16792990 0.26224459 0.21806863 0.28466138 0.32471705 0.23317685 0.19568467 0.28523557 0.20962285 0.23798902 0.26108078 0.14526864 0.20228528 0.26040684 0.18662093 0.30086653 0.19522805 0.30657758 0.24407321 0.17022667 0.17681004 0.25982271 0.23677493 0.21946369 0.37195046 0.18623057 0.13669945 0.13194338 0.27514027 0.11340966 0.29538221 0.26387957 0.14753630 0.34552951 0.35342233 0.28755504 0.23342541 0.33165694 0.24168353 0.19887310 0.26177321 0.27415667 0.30222604 0.27175875 0.25934340 0.34794067 0.22500211 0.26212709 0.28896622 
0.24994458 0.31578911 0.28280410 0.30239897 0.38508177 0.28697845 0.89489853 0.19190223 0.12702122 0.27987176 0.26110521 0.31558944 0.25715805 0.70098597 0.71276230 0.00000000 0.37158038 0.59049298 0.27513166 0.26523818 0.30767007 0.23842100 0.18853053 0.23014868 0.24317773 0.11995398 0.62477322 0.44750076 0.20436521 0.24886707 0.71919341 0.22860090 0.40211981 0.30258428 0.30607130 0.22324877 0.20072013 0.18847906 0.24259047 0.37388726 0.06768652 0.23296079 0.07060670 0.23677706 0.29239914 0.29408263 0.21927483 0.11207622 0.15790370 0.27030768 0.21772766 0.31024570 0.18550945 0.26693554 0.18616054 0.22028443 0.24970508 0.16626546 0.17942901 0.23033607 0.21524234 0.21594963 0.24470455 0.21764596 0.18605404 0.28034762 0.10809069 0.16074126 0.19220940 0.27144106 0.23449515 0.27129759 0.21184617 0.16649061 0.18318849 0.23730749 0.27111382 0.23907593 0.28632748 0.25553965 0.27121747 0.25780057 0.31746011 0.27373829 0.43866465 0.26677048 0.34224226 0.15980984 0.39135350 0.29637815 0.26223383 0.29045384 0.23098150 0.34200074 0.29254924 0.31136854 0.30544336 
0.29173270 0.49340433 0.41296283 1.18908672 0.30361697 0.30603606 0.22296542 0.41569573 0.31561770 0.41978180 0.32602797 0.33595906 0.35271845 0.37215242 0.49181177 0.37158038 0.00000000 0.40309870 0.53382068 0.43221897 0.29822443 0.38628864 0.21537898 0.11743131 0.25819990 0.29455098 0.26167604 0.14593626 0.26737763 0.28940757 0.34131517 0.24441122 0.28059546 0.23499244 0.21683116 0.19165232 0.14560859 0.20650433 0.21447130 0.16842199 0.15830415 0.21814548 0.14662743 0.21263189 0.10266303 0.18331288 0.24315460 0.19779568 0.19396244 0.28962124 0.19870267 0.24661922 0.38247985 0.31069616 0.26208278 0.17711084 0.28146367 0.22347094 0.34167298 0.23929286 0.28140757 0.27401222 0.25447846 0.29511136 0.23200759 0.32292180 0.33310627 0.21917784 0.26171828 0.31964588 0.27983721 0.31412187 0.28185780 0.22288844 0.31273588 0.14970298 0.26108391 0.18924780 0.22658692 0.30924823 0.27397527 0.28678342 0.20834296 0.26807099 0.24739187 0.24550500 0.18025009 0.26728688 0.29678352 0.21123001 0.25953881 0.27853269 0.24275637 0.24942995 0.29575164 0.27195487 0.25887654 
0.28280527 0.22189312 0.29961927 0.19260276 0.45801362 0.13485680 0.29361180 0.16761936 0.31159692 0.28370815 0.07746748 0.25299863 0.27337486 0.13434745 0.32189531 0.59049298 0.40309870 0.00000000 0.57650431 0.34087652 0.49876754 0.33867072 0.32570124 0.53856374 0.15926251 0.30768930 1.23926825 0.30625992 0.23495375 0.29701115 0.44859085 0.24534113 0.18176740 0.26763883 0.28557063 0.13031569 0.23682714 0.26789577 0.25281703 0.31110586 0.25084010 0.24307401 0.21528636 0.24487342 0.27738673 0.18407094 0.23271378 0.34450312 0.09203405 0.15171210 0.30006947 0.10646247 0.22993173 0.24705746 0.23274398 0.19671800 0.14083119 0.29471745 0.29884676 0.33554674 0.23350618 0.35393457 0.25569739 0.24193459 0.18790260 0.23103076 0.21712025 0.25752752 0.34696126 0.19835383 0.25326705 0.12552461 0.15136431 0.26258365 0.30784891 0.21458474 0.25714832 0.28655710 0.23606393 0.16741236 0.80454503 0.30210786 0.19527474 0.14641446 0.24988261 0.29705549 0.14543985 0.19557873 0.19624046 0.26502440 0.31610098 0.27188316 0.30326721 0.37053616 0.29114478 0.35730283 0.28861686 
0.31303122 0.39673032 0.31488634 0.28416783 0.23810036 0.28973350 0.23367071 0.39128358 0.27844942 0.23081937 0.25136781 0.25664446 0.39786405 0.28349633 0.32156924 0.27513166 0.53382068 0.57650431 0.00000000 0.85727114 1.04061408 1.08065332 0.32752141 0.18628695 0.13625750 0.37870760 0.59080006 0.23130415 0.22724308 0.40774794 0.31328635 0.29256586 0.20445110 0.32757349 0.10322962 0.18891193 0.21008170 0.22708301 0.25729517 0.19905825 0.21132674 0.21923511 0.29331394 0.27881307 0.15598241 0.21459277 0.24932322 0.20546693 0.27672528 0.27793351 0.18199001 0.23594175 0.23995436 0.29629111 0.35978987 0.27662412 0.30823490 0.31160124 0.24567553 0.12459748 0.24773860 0.16389354 0.23494659 0.21403616 0.26730450 0.20517153 0.21698825 0.10020070 0.11521982 0.25841311 0.17429790 0.26075367 0.25761766 0.18031421 0.16342398 0.20279505 0.23930757 0.21156770 0.19694275 0.27270043 0.14172800 0.27548922 0.23720632 0.28823871 0.11179637 0.26666014 0.22831506 0.24192548 0.15824368 0.31518921 0.26840747 0.24431626 0.29628490 0.30216973 0.30644532 0.31965179 0.26390961 
0.32054914 0.34527619 0.45679953 0.33413004 0.25500154 0.16976861 0.15484898 0.22326689 0.27514039 0.35652232 0.32278514 0.36130412 0.29900513 0.32856155 0.33813426 0.26523818 0.43221897 0.34087652 0.85727114 0.00000000 0.77777324 0.41203515 0.27758999 0.29128340 0.20249362 0.26866355 0.40181062 0.29968094 0.25346884 0.41169864 0.26883199 0.28507138 0.20132636 0.25308846 0.22976656 0.13944261 0.08584214 0.28001827 0.23535549 0.21626319 0.15659293 0.29237591 0.18551498 0.21553578 0.19305716 0.18742415 0.22631901 0.21286694 0.20361223 0.27439481 0.18288567 0.30333376 0.20103323 0.26403055 0.18706771 0.28342317 0.20555494 0.20407248 0.31453201 0.34455259 0.23503154 0.26881962 0.41670714 0.22717271 0.27623302 0.23854144 0.30361368 0.24307319 0.14931396 0.27504013 0.24527121 0.33265715 0.14834049 0.14292688 0.24050676 0.15922660 0.21225516 0.19433517 0.21767664 0.29649805 0.37740154 0.46626853 0.41148264 0.27773830 0.23978560 0.22264909 0.36817874 0.30494676 0.29626262 0.19959791 0.33078577 0.44580707 0.35271515 0.32611405 0.20946173 0.27172827 0.26338247 
0.29316325 0.25565070 0.28881276 0.32004828 0.32052307 0.19828010 0.16444785 0.28998655 0.25890213 0.16614918 0.30678657 0.25133953 0.28415591 0.30850852 0.23727589 0.30767007 0.29822443 0.49876754 1.04061408 0.77777324 0.00000000 0.36778955 0.32898528 0.29469730 0.16837739 0.24328149 0.31666729 0.12779374 0.22801067 0.21326610 0.37509972 0.31864504 0.37423194 0.26600637 0.21811444 0.23466884 0.19391466 0.29219061 0.22260968 0.29684361 0.20951854 0.24274942 0.29394337 0.24976185 0.23050340 0.32983810 0.24110366 0.16387381 0.18975466 0.15357412 0.29625347 0.29473567 0.36658273 0.13952202 0.31702763 0.26490453 0.39512234 0.25211687 0.38247156 0.32983910 0.30760839 0.19477210 0.24582633 0.20942493 0.25737524 0.21021482 0.25790072 0.20444206 0.27556925 0.29512092 0.19180068 0.12197210 0.27595072 0.24054776 0.26481898 0.29166531 0.24036327 0.29521966 0.17618394 0.55556857 0.25802481 0.34716941 0.25715246 0.41550508 0.25540649 0.19485010 0.25910034 0.20984082 0.31898978 0.23840412 0.22789896 0.17231224 0.19002032 0.19012929 0.25422054 0.20490233 0.28115272 
0.24437917 0.22435169 0.28899582 0.20222763 0.12338625 0.23826581 0.16664139 0.33500223 0.28309684 0.15869472 0.18363290 0.22232446 0.28927567 0.29779597 0.25779298 0.23842100 0.38628864 0.33867072 1.08065332 0.41203515 0.36778955 0.00000000 0.62152908 0.29805084 0.27246386 0.63461888 0.78622225 0.17330339 0.30535177 1.81222968 0.34131078 0.40797976 0.26604774 0.28756739 0.20594485 0.27752856 0.13324813 0.26314605 0.23089106 0.31661802 0.13671207 0.25644323 0.30817408 0.21041782 0.24332585 0.07098703 0.18827245 0.17768196 0.15215112 0.28781361 0.25527162 0.23816261 0.18842302 0.31355319 0.26505368 0.14370835 0.26636821 0.14836872 0.24510539 0.23735103 0.28692765 0.20621397 0.15859005 0.20508411 0.25118556 0.26325900 0.29546461 0.19997564 0.25744412 0.28696778 0.30925809 0.20691907 0.22881715 0.09008839 0.18872185 0.14777930 0.20271181 0.16199592 0.16519610 0.41163845 0.32278121 0.33318461 0.27300411 0.26452336 0.24747264 0.19197842 0.18953815 0.22668712 0.25149155 0.17292829 0.29407245 0.20573361 0.27525596 0.29827729 0.19664710 0.27088001 0.28540364 
0.23122765 0.18259227 0.17954970 0.19013365 0.32923154 0.15622799 0.14103334 0.19974423 0.15123947 0.22118762 0.16159487 0.24042608 0.19025764 0.26296769 0.28615337 0.18853053 0.21537898 0.32570124 0.32752141 0.27758999 0.32898528 0.62152908 0.00000000 0.58436540 0.57133889 0.83898624 0.47288232 0.34901819 0.42458943 0.34464257 0.20447390 0.33649525 0.30917327 0.14996143 0.24616152 0.25635556 0.25312588 0.11743593 0.27617144 0.34393559 0.26294411 0.29566987 0.28651270 0.25602238 0.30003600 0.31271691 0.26137137 0.25088572 0.27983885 0.23189382 0.24271787 0.17597190 0.22283136 0.21065299 0.33600743 0.23266175 0.35576699 0.30627749 0.33577979 0.31264222 0.35447794 0.29058615 0.26154105 0.32537939 0.20776523 0.26173911 0.12289182 0.25140431 0.20112428 0.23657418 0.30361631 0.18189854 0.30643725 0.14603031 0.22140647 0.09700474 0.30774326 0.40615541 0.30345781 0.61537901 0.37008671 0.28613966 0.18912318 0.14472934 0.14630063 0.30141965 0.24792955 0.23064860 0.22633054 0.33010003 0.27785430 0.29534346 0.25609805 0.30195944 0.28030949 0.29244109 0.25821697 
0.25006932 0.38802259 0.35546400 0.30371244 0.81973878 0.31273290 0.29135581 0.24599989 0.16401952 0.18350131 0.19518685 0.20988574 0.23370382 0.25109890 0.26947221 0.23014868 0.11743131 0.53856374 0.18628695 0.29128340 0.29469730 0.29805084 0.58436540 0.00000000 0.30725277 0.16791835 0.21042382 0.42779561 0.16681054 0.11021507 0.29035478 0.31835144 0.25999037 0.22406445 0.37771892 0.28996951 0.28543772 0.20991594 0.29195396 0.32525271 0.18541578 0.20763772 0.29917793 0.32285716 0.30420504 0.28470094 0.31723565 0.24184412 0.34042962 0.20456712 0.29399064 0.24277401 0.11063768 0.39838895 0.20885339 0.29765378 0.21908674 0.33994353 0.18969836 0.21456046 0.21745063 0.18275559 0.19797677 0.26631118 0.14076389 0.16055603 0.22475368 0.28253647 0.16169270 0.21281213 0.23021706 0.28273408 0.20327924 0.75140416 0.34283646 0.64276937 0.26184352 0.17701513 0.53461868 0.14639472 0.30371180 0.16342833 0.24346229 0.21680007 0.37718896 0.11827490 0.24094038 0.16813269 0.25926960 0.21999811 0.23398132 0.28657879 0.30893237 0.36864928 0.26040103 0.24784713 0.28695602 
0.18575286 0.29913708 0.20106241 0.13302499 0.26228527 0.18977128 0.20948539 0.24634869 0.22089614 0.18154734 0.20996085 0.22451890 0.20928833 0.24401328 0.24188836 0.24317773 0.25819990 0.15926251 0.13625750 0.20249362 0.16837739 0.27246386 0.57133889 0.30725277 0.00000000 0.31326047 0.28580787 0.37905578 0.69628442 0.37166958 0.26098319 0.31131116 0.25364944 0.38634079 0.37497784 0.37282571 1.45717134 0.32891350 0.31629789 0.41224717 0.33493528 0.24537993 0.30487803 0.29845566 0.32161618 0.25805545 0.30089239 0.31426358 0.26274475 0.27109487 0.26645483 0.11657969 0.21827560 0.31596594 0.27621746 0.26956572 0.19033243 0.23136225 0.24767146 0.21372503 0.17420555 0.31331426 0.14004340 0.25199530 0.25501119 0.19351279 0.28354880 0.23558627 0.22876723 0.26936587 0.27291132 0.27749134 0.13165293 0.21055743 0.31001379 0.26674606 0.31697792 0.33898416 0.37653225 0.22870861 0.30993995 0.30279893 0.24661476 0.24016544 0.20027601 0.17041543 0.22984203 0.20951010 0.23981473 0.21638311 0.18693385 0.26372900 0.34521840 0.22521643 0.22279983 0.19994089 0.24711988 
0.17778578 0.21590280 0.29245671 0.20239710 0.16458533 0.19235939 0.24818013 0.24849036 0.22082280 0.16353035 0.34056709 0.35354909 0.17662918 0.28564659 0.27227813 0.11995398 0.29455098 0.30768930 0.37870760 0.26866355 0.24328149 0.63461888 0.83898624 0.16791835 0.31326047 0.00000000 0.36940078 0.22885620 0.50667479 0.48914985 0.24747251 0.34778116 0.26246791 0.46007765 0.28155853 0.30595780 0.29245015 0.31879316 0.22604536 0.73880137 0.34412572 0.25425112 0.23211757 0.24564205 0.23767266 0.28350912 0.21388161 0.28288879 0.31159322 0.22345102 0.22639063 0.12237475 0.18809496 0.21873371 0.20179453 0.13521832 0.29932204 0.23468406 0.40332177 0.24285218 0.36087115 0.28677057 0.21322576 0.35481803 0.26056392 0.30290297 0.32379974 0.18898343 0.32205116 0.22854256 0.21396877 0.24360847 0.33042312 0.13255101 0.28644258 0.25568319 0.21022216 0.20353399 0.24445927 0.30463450 0.24925560 0.26823979 0.29592653 0.28310953 0.27986401 0.24891777 0.22358239 0.18924129 0.15951734 0.30707248 0.34654065 0.29326493 0.30285550 0.30254746 0.28876162 0.23333465 0.24002582 
0.25632927 0.22464090 0.24055278 0.25250351 0.32964348 0.22751656 0.53168162 0.13131808 0.27996852 0.19422601 0.22430700 0.31721277 0.29634735 0.26491736 0.20495515 0.62477322 0.26167604 1.23926825 0.59080006 0.40181062 0.31666729 0.78622225 0.47288232 0.21042382 0.28580787 0.36940078 0.00000000 0.28119822 0.31092587 0.44035048 0.60318303 0.32404231 0.22213757 0.16348214 0.39736915 0.31543509 0.31489037 0.21354301 0.24050485 0.25350734 0.22063492 0.22843682 0.24191691 0.24717230 0.17292632 0.26719189 0.24982224 0.05341290 0.23575643 0.20608501 0.25621679 0.20017744 0.22247762 0.25885992 0.14585678 0.23959308 0.30589885 0.22973015 0.17742151 0.34377265 0.21091236 0.11838371 0.15650724 0.22983789 0.11421461 0.18350052 0.23251287 0.21855062 0.23074213 0.16582542 0.26503294 0.22139071 0.14828867 0.33900259 0.25256796 0.30680522 0.24837343 0.16327754 0.16748677 0.33465984 0.40851969 0.22016586 0.14954421 0.29678188 0.18639397 0.19261388 0.24437036 0.18376859 0.34788710 0.17181872 0.28507906 0.30211579 0.29177547 0.28459930 0.30006150 0.26398726 0.30484112 
0.18606291 0.26692856 0.29286515 0.19165307 0.30044997 0.23053757 0.98261712 0.30564293 0.25460472 0.22228413 0.29408437 0.18109005 0.21120917 0.31968639 0.18635021 0.44750076 0.14593626 0.30625992 0.23130415 0.29968094 0.12779374 0.17330339 0.34901819 0.42779561 0.37905578 0.22885620 0.28119822 0.00000000 0.27883688 0.31254074 0.43557730 0.35991342 0.71115827 0.37931869 1.08180938 0.35950374 0.31896889 0.47904820 0.27648492 0.22182604 0.25671357 0.19615666 0.27298245 0.27664114 0.24113304 0.28974167 0.27776182 0.18573487 0.38342480 0.14422981 0.27931331 0.17638565 0.14698495 0.10578226 0.15493898 0.31241447 0.16605117 0.32767324 0.21520622 0.18524211 0.21171253 0.26205624 0.31437822 0.36200636 0.17490865 0.14406763 0.13051889 0.21820274 0.16901761 0.17150455 0.15922701 0.24733232 0.15778178 0.34439372 0.22840789 0.52746733 0.29118813 0.36013664 0.17375548 0.25286491 0.28583239 0.24663213 0.21104862 0.16742462 0.28860765 0.15030883 0.35139241 0.22378318 0.36286843 0.31284801 0.19502810 0.13846124 0.32065767 0.23030348 0.21505211 0.17377038 0.27510442 
0.21667320 0.29337188 0.20774490 0.15829601 0.29695263 0.18963331 0.33787461 0.25850327 0.23330672 0.14861987 0.12808175 0.16838521 0.12022240 0.27047044 0.14656835 0.20436521 0.26737763 0.23495375 0.22724308 0.25346884 0.22801067 0.30535177 0.42458943 0.16681054 0.69628442 0.50667479 0.31092587 0.27883688 0.00000000 0.44321564 0.34637911 0.31502989 0.40061638 0.44716668 0.43806036 0.25228965 1.06918996 0.35766899 0.23855499 1.36714794 0.34554576 0.31060786 0.27288885 0.23002267 0.21300468 0.31387404 0.21507069 0.30899707 0.13476412 0.16010520 0.23394178 0.22759954 0.22440633 0.30288551 0.24863590 0.17632442 0.26401282 0.31864927 0.19609623 0.18868553 0.17168380 0.32591142 0.29110218 0.25775355 0.29226102 0.24260780 0.21440180 0.37285868 0.27463441 0.22589983 0.19968076 0.23138144 0.30194343 0.26094850 0.31287752 0.20465897 0.22398071 0.27073392 0.20576512 0.22885790 0.20691361 0.19735806 0.21060973 0.27328922 0.18966708 0.19268378 0.15490826 0.18838380 0.34762232 0.33349938 0.30076662 0.35567074 0.24888096 0.20346045 0.24968190 0.18767580 0.23907910 
0.31506959 0.22405294 0.33251739 0.26543087 0.27815606 0.28368909 0.11336589 0.34289473 0.28663433 0.23428329 0.23293258 0.21747399 0.21469793 0.30473685 0.23369769 0.24886707 0.28940757 0.29701115 0.40774794 0.41169864 0.21326610 1.81222968 0.34464257 0.11021507 0.37166958 0.48914985 0.44035048 0.31254074 0.44321564 0.00000000 0.59456496 0.29048887 0.37650383 0.42626505 0.25621020 0.17037547 0.15933683 0.22293204 0.23754626 0.34454530 0.24732974 0.30119474 0.21283889 0.23844952 0.11486979 0.32631436 0.27436768 0.12312637 0.20293392 0.16149812 0.20829165 0.25854410 0.37797896 0.30000611 0.38972922 0.21778303 0.34466774 0.32679161 0.30434266 0.35021346 0.23746229 0.23865472 0.25559770 0.10047427 0.26206294 0.33219989 0.28574952 0.20157847 0.05826649 0.29172634 0.22939750 0.22139242 0.25624971 0.00322748 0.28738247 0.13941907 0.24090404 0.18005631 0.18899410 0.32735536 0.18769770 0.34261161 0.23918533 0.40569991 0.14148712 0.25846688 0.21141985 0.17175852 0.26407114 0.20799708 0.20130651 0.33454758 0.23572504 0.25919514 0.20506446 0.29597124 0.26765648 
0.27777111 0.25842724 0.31670816 0.22757063 0.30183362 0.24741031 0.18830014 0.26712755 0.18534021 0.22746337 0.27540167 0.28851577 0.31336631 0.36787358 0.33175120 0.71919341 0.34131517 0.44859085 0.31328635 0.26883199 0.37509972 0.34131078 0.20447390 0.29035478 0.26098319 0.24747251 0.60318303 0.43557730 0.34637911 0.59456496 0.00000000 0.62154532 0.67558561 0.25247863 0.36268299 0.27839599 0.27167533 0.21512871 0.22677117 0.29438675 0.22827207 0.24961347 0.32899342 0.26064316 0.21624507 0.26923532 0.28852233 0.17594586 0.34321002 0.28851122 0.10914268 0.18207553 0.26495697 0.25670992 0.22965851 0.27584095 0.30142944 0.25053908 0.30751474 0.25179429 0.41503279 0.29455652 0.21413083 0.26774182 0.17987670 0.26823457 0.29956435 0.26470517 0.22730236 0.19513022 0.16779360 0.22672556 0.15915504 0.29333075 0.21359263 0.16905328 0.22083062 0.33325789 0.16290157 0.24258583 0.23006702 0.29399996 0.14086232 0.27209281 0.12858749 0.26926340 0.15551108 0.19029586 0.29429547 0.25221007 0.23927473 0.20250351 0.29060052 0.26074684 0.25427188 0.22814575 0.29839487 
0.24547675 0.21932217 0.29132241 0.35837453 0.20236764 0.22625399 0.23371218 0.37099386 0.34619436 0.26199074 0.26697796 0.38774915 0.29610680 0.35945292 0.39237651 0.22860090 0.24441122 0.24534113 0.29256586 0.28507138 0.31864504 0.40797976 0.33649525 0.31835144 0.31131116 0.34778116 0.32404231 0.35991342 0.31502989 0.29048887 0.62154532 0.00000000 0.77835120 0.40463388 0.28061544 0.11830805 0.30374373 0.20551554 0.22202207 0.23623039 0.22252827 0.28122682 0.40474785 0.22195861 0.22095505 0.27138821 0.22263306 0.28361831 0.20094070 0.26937393 0.33331897 0.25837543 0.28709901 0.24710372 0.22715879 0.29962202 0.26184894 0.18929650 0.33118217 0.24942118 0.32115515 0.22552997 0.25864503 0.25502244 0.34255762 0.27673562 0.17107668 0.22764940 0.24673383 0.27043529 0.17179664 0.26707618 0.19158183 0.17586359 0.14646877 0.19611162 0.24702733 0.15746030 0.29504750 0.24756640 0.31115441 0.23082705 0.24285839 0.20562384 0.27924596 0.33665209 0.28386302 0.27117157 0.23820807 0.23573893 0.26566534 0.36949166 0.25026547 0.19579350 0.22355108 0.20772448 0.24873114 
0.29876578 0.34548133 0.24126131 0.15820125 0.25823725 0.28015401 0.28713194 0.29667264 0.23338850 0.27403143 0.30720892 0.23516118 0.17375931 0.60970284 0.27506549 0.40211981 0.28059546 0.18176740 0.20445110 0.20132636 0.37423194 0.26604774 0.30917327 0.25999037 0.25364944 0.26246791 0.22213757 0.71115827 0.40061638 0.37650383 0.67558561 0.77835120 0.00000000 0.42701261 0.77671406 0.39737177 0.47418321 0.36378259 0.26048662 0.21271898 0.29412114 0.19944900 0.37546877 0.22461435 0.24790010 0.32101635 0.23567404 0.24567001 0.27244934 0.34887481 0.22364563 0.28052540 0.16308337 0.18476168 0.26483272 0.15455756 0.15380898 0.21414375 0.27979792 0.24162112 0.14680955 0.26885730 0.19065975 0.22386018 0.21540878 0.22444369 0.19806533 0.23638849 0.21505600 0.19552015 0.31868772 0.22059337 0.23599518 0.22113402 0.21016102 0.19551211 0.23461982 0.26553590 0.15557380 0.25624479 0.19922405 0.26396574 0.12744846 0.26459072 0.20425606 0.22760541 0.27810913 0.25032761 0.30212662 0.32866760 0.23513323 0.19297102 0.28621256 0.22171172 0.22071369 0.25734733 0.29859581 
0.23069712 0.28835225 0.17512697 0.22969020 0.28177563 0.30254318 0.07191765 0.28757242 0.21449736 0.28886623 0.26464631 0.29613411 0.22100685 0.33297899 0.28255626 0.30258428 0.23499244 0.26763883 0.32757349 0.25308846 0.26600637 0.28756739 0.14996143 0.22406445 0.38634079 0.46007765 0.16348214 0.37931869 0.44716668 0.42626505 0.25247863 0.40463388 0.42701261 0.00000000 0.44925161 0.56250381 0.40667847 0.40178198 0.23809198 0.34960471 0.31079864 0.25213736 0.19386887 0.25501261 0.30251597 0.24118153 0.27679771 0.37390158 0.27445850 0.22781046 0.25489682 0.26882635 0.30538382 0.28491752 0.27654502 0.18317835 0.30706294 0.26819474 0.26859133 0.31743919 0.28496210 0.34694945 0.34310562 0.29830521 0.43977128 0.34825263 0.25876980 0.23988688 0.30310290 0.22324802 0.14411551 0.24613999 0.32540117 0.18095634 0.27992511 0.26174606 0.22651336 0.23881501 0.22370396 0.22714786 0.25973777 0.24738821 0.31975218 0.34451702 0.19073950 0.24667094 0.19458744 0.15109008 0.36251969 0.27451147 0.32082293 0.26889213 0.34554473 0.22149857 0.23576963 0.21894130 0.26232588 
0.24517927 0.20874041 0.18232958 0.16920819 0.25093534 0.15189927 0.33282605 0.29057144 0.32421122 0.24305847 0.23291239 0.30849652 0.19395198 0.22427382 0.17012384 0.30607130 0.21683116 0.28557063 0.10322962 0.22976656 0.21811444 0.20594485 0.24616152 0.37771892 0.37497784 0.28155853 0.39736915 1.08180938 0.43806036 0.25621020 0.36268299 0.28061544 0.77671406 0.44925161 0.00000000 0.46107379 0.28144221 0.30912542 0.27133575 0.30727778 0.23793428 0.25720646 0.31748982 0.27222942 0.53452795 0.24561142 0.26997351 0.40431080 0.45681661 0.23790585 0.27326862 0.10998130 0.15618431 0.12108166 0.16688238 0.17320764 0.27078850 0.18536386 0.30456504 0.21453121 0.24977688 0.25571610 0.30117179 0.36488810 0.20210520 0.35060297 0.35296227 0.22915979 0.20330445 0.17514203 0.20358971 0.21600894 0.25339663 0.25666931 0.28989051 0.76121918 0.26616433 0.32251423 0.21890718 0.26653855 0.25693224 0.29704742 0.11081677 0.28844598 0.20637151 0.17035356 0.17381636 0.23156681 0.34214611 0.21689606 0.22865471 0.26847096 0.19729276 0.15085713 0.17118842 0.24998745 0.22700227 
0.20885121 0.23438925 0.35434620 0.27120482 0.29149945 0.29240016 0.28359554 0.23953056 0.16499734 0.33483799 0.19970273 0.18545026 0.28560545 0.35035772 0.18053750 0.22324877 0.19165232 0.13031569 0.18891193 0.13944261 0.23466884 0.27752856 0.25635556 0.28996951 0.37282571 0.30595780 0.31543509 0.35950374 0.25228965 0.17037547 0.27839599 0.11830805 0.39737177 0.56250381 0.46107379 0.00000000 0.49803283 0.66809994 0.25101163 0.28301528 0.46075009 0.38718258 0.47656463 0.21949286 0.20196475 0.52461323 0.23866281 0.26029745 0.25256846 0.34609508 0.24429595 0.17020413 0.18303575 0.23776043 0.31685564 0.31756251 0.08157241 0.21073017 0.20469638 0.22684355 0.38865413 0.31503564 0.44873337 0.32795021 0.24365529 0.22631385 0.32160373 0.26444370 0.32598590 0.29102361 0.28910927 0.33101631 0.37761576 0.17436354 0.36941278 0.28104071 0.22443826 0.28084907 0.22551237 0.32658242 0.37119590 0.26063340 0.21017214 0.27688210 0.20773756 0.23855436 0.24664574 0.25592562 0.28547242 0.20017071 0.24278657 0.38926313 0.26219966 0.22712153 0.21829625 0.18905265 0.19547312 
0.23978983 0.26938280 0.29739527 0.19140655 0.22858237 0.30609452 0.22840007 0.26322966 0.13216961 0.22662428 0.18539850 0.25150110 0.07254795 0.23594173 0.21792192 0.20072013 0.14560859 0.23682714 0.21008170 0.08584214 0.19391466 0.13324813 0.25312588 0.28543772 1.45717134 0.29245015 0.31489037 0.31896889 1.06918996 0.15933683 0.27167533 0.30374373 0.47418321 0.40667847 0.28144221 0.49803283 0.00000000 0.48986390 0.24592069 0.81234220 0.50410420 0.33943628 0.56648711 0.26067241 0.35123141 0.28192815 0.26069745 0.28957933 0.30704305 0.28172353 0.17248463 0.16033026 0.16877454 0.22677757 0.08385622 0.20202596 0.16619517 0.17705974 0.25203209 0.27126287 0.20400565 0.40578942 0.40235461 0.26740318 0.18418159 0.24535336 0.20530456 0.23717365 0.32175517 0.11724302 0.16875819 0.25058248 0.19495048 0.14704114 0.36902949 0.33145897 0.27311563 0.39474081 0.26551074 0.28443596 0.30433688 0.20757875 0.17224270 0.31002564 0.12369174 0.28419857 0.21380089 0.10887150 0.26337328 0.36510634 0.21887680 0.22437111 0.22509496 0.21882464 0.21021258 0.26785386 0.24064729 
