0.00000000 0.28965106 0.16798239 0.22837439 0.12325162 0.27098407 0.15496757 0.19069592 0.20489062 0.08003948 0.18058645 0.11497201 0.13258237 0.15464437 0.15902411 0.11383988 0.10300410 0.13153397 0.17257477 0.18673526 0.10001264 0.13908941 0.14126263 0.16656765 0.12584194 0.09925385 0.13953109 0.08518532 0.09600778 0.11406609 0.12838123 0.11700844 0.12582267 0.11377155 0.14419220 0.12488318 0.11211808 0.10871388 0.13584381 0.08308945 0.10681355 0.15099958 0.13066963 0.13700387 0.11559179 0.15829405 0.13457381 0.12245668 0.06629472 0.09335374 0.13805108 0.15331697 0.13956889 0.12509419 0.15245156 0.12211678 0.07383602 0.08122371 0.08854854 0.12038755 0.10863613 0.11060258 0.14368483 0.10152008 0.10067057 0.11466893 0.13576088 0.11962133 0.12867565 0.16912781 0.14531515 0.11727130 0.12567888 0.11281295 0.07538353 0.12830404 0.13497729 0.11729508 0.10795016 0.07482512 0.12929465 0.10304594 0.12487870 0.08331678 0.17723810 0.13176168 0.11926950 0.19061212 0.12282291 0.19583309 0.19597947 0.15917496 0.21946222 0.21750949 0.18539527 0.20503175 0.16385823 
0.28965106 0.00000000 0.26647512 0.21955781 0.17524615 0.21606149 0.18335608 0.18978927 0.18016923 0.10385209 0.17672372 0.10002534 0.16422335 0.17439142 0.12467500 0.11953142 0.10785601 0.09875011 0.15630165 0.18829809 0.08788092 0.16807025 0.13780809 0.17282712 0.12825163 0.07436276 0.14640282 0.10063747 0.15008630 0.12100229 0.17075699 0.12099250 0.18327096 0.10728094 0.11674622 0.07946232 0.13493607 0.10457375 0.11370313 0.16540270 0.13939909 0.13530163 0.09585890 0.11542758 0.13804471 0.12268621 0.13645746 0.11600175 0.09112014 0.13326139 0.11656084 0.12618541 0.13517043 0.12256528 0.11401195 0.13967236 0.07184740 0.08421833 0.09065684 0.06275154 0.09703914 0.12656394 0.10570176 0.09597267 0.08698202 0.14636476 0.09391528 0.12646486 0.14726816 0.17185468 0.16222397 0.16765179 0.08335043 0.12675206 0.15516957 0.08783242 0.13074509 0.12820584 0.13305998 0.08221553 0.14676455 0.10991375 0.10951985 0.10849968 0.10177196 0.11845714 0.13639533 0.15385465 0.13502142 0.17899158 0.20780148 0.14055140 0.18022193 0.22773163 0.18618882 0.21784230 0.16283151 
0.16798239 0.26647512 0.00000000 0.22162815 0.19620984 0.18287422 0.22025300 0.20621978 0.19277809 0.17640247 0.12799680 0.15524564 0.11441630 0.12365352 0.15914333 0.11683122 0.15389876 0.17278490 0.13350426 0.20669173 0.15803327 0.13333985 0.12176028 0.18676182 0.10857874 0.16356430 0.12975189 0.19657290 0.11717526 0.14898440 0.18016842 0.16395920 0.14428823 0.11442541 0.12134579 0.05124749 0.13876958 0.11608103 0.11196063 0.17231040 0.16655300 0.13439032 0.12509027 0.11424977 0.12109558 0.12333869 0.11132685 0.12973748 0.13106721 0.09741162 0.12574466 0.12781468 0.08409574 0.11843007 0.12890440 0.18619646 0.11948675 0.15178483 0.16488671 0.15110890 0.14440440 0.12790648 0.12025474 0.07227506 0.09866711 0.08815156 0.13783725 0.11246284 0.12770724 0.13178573 0.08021423 0.07499789 0.09054807 0.12011711 0.06858264 0.13140011 0.09469446 0.11201941 0.12807080 0.12475671 0.12723242 0.11428012 0.20269960 0.14887193 0.14490078 0.08916517 0.19315064 0.05470611 0.10371865 0.13333977 0.17770254 0.14784621 0.16375145 0.15144375 0.15581658 0.13626768 0.12993856 
0.22837439 0.21955781 0.22162815 0.00000000 0.18842127 0.24976224 0.14772554 0.21033360 0.18813396 0.17446892 0.14769377 0.15915513 0.19051696 0.15802705 0.27346819 0.05002139 0.31375752 0.15455007 0.13453249 0.19168452 0.11787743 0.15423167 0.15325306 0.15061822 0.13041060 0.14489479 0.14115396 0.06363935 0.12363438 0.15771799 0.19866584 0.18691594 0.16966334 0.10181130 0.14385326 0.09870737 0.13084906 0.08537893 0.10075913 0.13031028 0.11486921 0.13048045 0.11045167 0.10282793 0.07584415 0.15404508 0.11842010 0.16419410 0.11966118 0.13665619 0.05061899 0.15687888 0.17649930 0.12547390 0.19700001 0.08334985 0.14718821 0.07249502 0.16460956 0.06922583 0.08293388 0.09154462 0.12576151 0.08111681 0.09070262 0.18649122 0.18696686 0.11014027 0.11042908 0.09025997 0.13424334 0.13519967 0.03901315 0.13890244 0.12522947 0.06768631 0.09738328 0.16136207 0.12283165 0.11188560 0.15097679 0.14222337 0.09234505 0.20039290 0.14522127 0.13080678 0.18061287 0.06379119 0.09497416 0.13239559 0.11025751 0.13435783 0.12374031 0.18995765 0.14643139 0.16701341 0.13113109 
0.12325162 0.17524615 0.19620984 0.18842127 0.00000000 0.18672681 0.27082837 0.24811358 0.13990153 0.23104145 0.15149431 0.15536448 0.12706281 0.14740847 0.07893505 0.20342759 0.18477400 0.13843057 0.13544048 0.16204641 0.15682289 0.12381223 0.11380587 0.18891943 0.16663861 0.09408429 0.15345859 0.14350766 0.14680110 0.11243038 0.16277795 0.14965943 0.16264267 0.16560088 0.10102851 0.15505801 0.10270512 0.12949783 0.14716767 0.18198892 0.13648660 0.15725329 0.12299609 0.14808550 0.09411353 0.09671032 0.15396975 0.17182983 0.09950829 0.15295381 0.09568105 0.19025776 0.09809396 0.14475849 0.11681275 0.16650210 0.14645628 0.04842123 0.06391972 0.12033649 0.13524114 0.10620227 0.09578850 0.11607647 0.12910636 0.14218666 0.18607237 0.09777954 0.09702386 0.10654670 0.04049319 0.17242956 0.11351038 0.11953960 0.11509134 0.24671876 0.13700383 0.10361423 0.08636282 0.14034759 0.13190150 0.15247318 0.11523932 0.13049846 0.13911530 0.10644412 0.19117524 0.07795641 0.07308917 0.10378215 0.12797521 0.14674656 0.13386910 0.13747885 0.12153592 0.09481781 0.12351345 
0.27098407 0.21606149 0.18287422 0.24976224 0.18672681 0.00000000 0.18313437 0.22061897 0.18423686 0.18896961 0.15149149 0.16912881 0.24034561 0.14559609 0.26918828 0.07643377 0.14504827 0.20293865 0.13937150 0.14400505 0.09846674 0.17154399 0.14058519 0.11552349 0.13045445 0.12250470 0.13747600 0.05044293 0.07633682 0.17215738 0.22535635 0.14708683 0.17502317 0.12740372 0.08610567 0.09915890 0.13061375 0.12373500 0.15875611 0.16621149 0.12211686 0.13561177 0.09401624 0.15261924 0.09189819 0.11854578 0.14731755 0.07822421 0.11147726 0.16632537 0.09175552 0.16726440 0.12580472 0.12843962 0.21658817 0.10542086 0.08958342 0.10436017 0.07913740 0.10436911 0.12265498 0.10953106 0.14297859 0.10484420 0.10534549 0.13899017 0.17910321 0.13156382 0.10868996 0.12170726 0.12879002 0.09561479 0.11505295 0.15728856 0.11820587 0.12871994 0.12735983 0.08059082 0.10529119 0.11326461 0.11638694 0.09062606 0.14885419 0.11672164 0.12836797 0.22764765 0.14906423 0.10294193 0.04416808 0.13062131 0.17240010 0.10488520 0.15870308 0.12293116 0.19359952 0.12999096 0.14449381 
0.15496757 0.18335608 0.22025300 0.14772554 0.27082837 0.18313437 0.00000000 0.21328233 0.28117686 0.22344491 0.21765850 0.23512984 0.16737245 0.14596755 0.12207394 0.23920351 0.15604929 0.10668532 0.16163581 0.11149486 0.06327969 0.13093181 0.13744224 0.11978086 0.12997945 0.09277451 0.08300496 0.19395731 0.12720802 0.12083577 0.16461322 0.14686460 0.24544476 0.14024923 0.14743661 0.10381530 0.09848207 0.10172489 0.16437921 0.13666706 0.13954043 0.14968819 0.07288107 0.16990327 0.10803902 0.08127841 0.15873352 0.17975221 0.10793596 0.10148881 0.12040568 0.14616941 0.11916055 0.13446797 0.11721468 0.21893353 0.07052554 0.08029480 0.13925812 0.12609462 0.08637420 0.15325548 0.12970170 0.14913506 0.12152423 0.09449706 0.08720852 0.09845803 0.08409543 0.09533264 0.05080409 0.08888862 0.10585067 0.11829609 0.10613844 0.07888563 0.14165872 0.09594676 0.07147325 0.10122594 0.12749965 0.11055506 0.13645330 0.16782506 0.14740006 0.17735100 0.21594027 0.11936355 0.14855598 0.20799024 0.16182966 0.11779945 0.12473751 0.13180717 0.16934475 0.10653809 0.13357379 
0.19069592 0.18978927 0.20621978 0.21033360 0.24811358 0.22061897 0.21328233 0.00000000 0.18373258 0.19210970 0.18422244 0.16818928 0.25517696 0.18768989 0.16463164 0.16146689 0.16462615 0.10238708 0.11887920 0.11567208 0.12405222 0.18092378 0.09805062 0.20264488 0.12396980 0.11138852 0.10715144 0.15571372 0.14707754 0.13577290 0.12313376 0.16087589 0.19823939 0.10082780 0.13118536 0.08252854 0.10261305 0.13252700 0.13283458 0.11856429 0.17122460 0.12910196 0.09898397 0.13716295 0.08590387 0.10528744 0.13482842 0.11856056 0.08429132 0.23372410 0.11541117 0.25831377 0.18934327 0.11223744 0.14619081 0.05507525 0.09940908 0.08347992 0.15013812 0.08869315 0.10285337 0.11031594 0.10292334 0.04610796 0.12307232 0.18297223 0.11796270 0.12449799 0.12903675 0.14892017 0.10927012 0.10065063 0.08371626 0.11692729 0.09531628 0.12327886 0.14725588 0.08227423 0.12434531 0.10341426 0.05131346 0.16713465 0.16907472 0.16095172 0.08328373 0.13508296 0.14807455 0.17125658 0.06649137 0.12157052 0.19409789 0.10585498 0.13338819 0.20802457 0.18535671 0.16068170 0.15336318 
0.20489062 0.18016923 0.19277809 0.18813396 0.13990153 0.18423686 0.28117686 0.18373258 0.00000000 0.24820719 0.26438443 0.25276925 0.13819873 0.18168600 0.17143328 0.08297768 0.16530468 0.11807202 0.13777082 0.12326715 0.18134101 0.10707457 0.11863606 0.08994432 0.09869499 0.10232960 0.06152349 0.12846608 0.14271514 0.11789853 0.11112562 0.16448817 0.15879200 0.07807371 0.17777256 0.06495374 0.06133177 0.07991290 0.15781886 0.13886748 0.15690986 0.13493553 0.20366983 0.16482888 0.11498897 0.17604410 0.15938033 0.09730463 0.12396477 0.11706751 0.13894339 0.11750631 0.13966217 0.11435515 0.10602557 0.12005173 0.07867347 0.11497837 0.09209671 0.10766438 0.13015863 0.14048366 0.12767180 0.09452986 0.16181253 0.13044071 0.12671826 0.12958812 0.14034418 0.16570697 0.11164325 0.05421758 0.09042613 0.11350316 0.02515846 0.08826171 0.16886121 0.13184161 0.13980278 0.09487439 0.08178687 0.09926135 0.14728693 0.12698730 0.18188308 0.15819835 0.17628208 0.10067621 0.16761953 0.18118447 0.17848862 0.16847358 0.18444665 0.16852084 0.18454951 0.15129905 0.13559724 
0.08003948 0.10385209 0.17640247 0.17446892 0.23104145 0.18896961 0.22344491 0.19210970 0.24820719 0.00000000 0.32132904 0.29045507 0.14984091 0.18304818 0.12019358 0.13233341 0.18332257 0.17615455 0.16524785 0.17371808 0.12367402 0.14626794 0.10939907 0.07018045 0.11985338 0.19620712 0.09262868 0.12108794 0.09707842 0.11953078 0.07460631 0.15250426 0.16455378 0.13304123 0.10500894 0.14139855 0.11335685 0.11617410 0.15262676 0.13623516 0.12295353 0.12770208 0.09013381 0.14652523 0.09442164 0.13730286 0.14653388 0.11887068 0.14215089 0.16701091 0.13954512 0.11344079 0.13261836 0.13437772 0.09788641 0.11108503 0.14343728 0.14706147 0.10191425 0.12017004 0.09380034 0.11333318 0.16470036 0.08423969 0.12768407 0.15881423 0.11315122 0.15295627 0.07489626 0.08015628 0.15645773 0.10222920 0.13198307 0.11886534 0.14400603 0.17565822 0.12445967 0.12116535 0.16924775 0.09009781 0.16464168 0.15023165 0.12213759 0.20788482 0.12927406 0.14541816 0.16518410 0.15374959 0.09483458 0.19961429 0.11202451 0.11121836 0.11317976 0.11770122 0.17238195 0.10242629 0.12705283 
0.18058645 0.17672372 0.12799680 0.14769377 0.15149431 0.15149149 0.21765850 0.18422244 0.26438443 0.32132904 0.00000000 0.26975552 0.25993456 0.22492821 0.22152612 0.13619871 0.14256185 0.10855989 0.12960398 0.12440054 0.12784313 0.13474042 0.10820953 0.15517958 0.15710763 0.07231505 0.11814621 0.14171851 0.15057547 0.20178868 0.09675552 0.13761161 0.10474539 0.17116142 0.11364773 0.13482357 0.06607268 0.13869709 0.14153558 0.16610680 0.12849895 0.13125703 0.15104146 0.14569237 0.16378297 0.19451069 0.14031691 0.13869791 0.12000305 0.06894356 0.09963621 0.14868230 0.11552747 0.14801897 0.07434541 0.16272507 0.11979046 0.07977814 0.11574936 0.06068930 0.11013783 0.10965925 0.11489603 0.07024125 0.12383545 0.11967041 0.15984041 0.15359528 0.13143689 0.16539837 0.13098976 0.09059293 0.12121447 0.09763632 0.10863949 0.12569037 0.13413124 0.13455967 0.10462565 0.09232843 0.19749734 0.16981185 0.13927487 0.12778684 0.12155692 0.11188649 0.15131581 0.15945532 0.07624618 0.13856359 0.10399054 0.13467407 0.15010903 0.13674866 0.12330757 0.14320786 0.16537768 
0.11497201 0.10002534 0.15524564 0.15915513 0.15536448 0.16912881 0.23512984 0.16818928 0.25276925 0.29045507 0.26975552 0.00000000 0.30513084 0.17656855 0.12233775 0.15280968 0.12919774 0.16032074 0.10359002 0.09366827 0.13041705 0.14041319 0.13268339 0.03612108 0.14541839 0.16777509 0.20690273 0.11941091 0.16377341 0.11591838 0.14238858 0.21367495 0.20173414 0.13414396 0.10977808 0.10808485 0.10630534 0.08833900 0.15128256 0.23452840 0.12462596 0.13033000 0.17872357 0.14422708 0.11762296 0.17216546 0.13847442 0.09973788 0.19390916 0.10240656 0.09968800 0.15642026 0.12229839 0.13799318 0.14958924 0.13946573 0.11764322 0.10131786 0.14235382 0.14755318 0.09847734 0.12653424 0.13210211 0.04587324 0.10592824 0.08128027 0.10407826 0.09812406 0.12568888 0.11350700 0.17856174 0.01573544 0.05874491 0.17368774 0.02423599 0.13390213 0.12019492 0.15409598 0.17071342 0.08843422 0.11143637 0.11081101 0.11391615 0.16397013 0.14116239 0.14176283 0.15721521 0.16452706 0.09804884 0.16806376 0.12162645 0.12090421 0.13533183 0.16449034 0.17143351 0.12533937 0.14212955 
0.13258237 0.16422335 0.11441630 0.19051696 0.12706281 0.24034561 0.16737245 0.25517696 0.13819873 0.14984091 0.25993456 0.30513084 0.00000000 0.25252596 0.21019472 0.12179270 0.18835786 0.12447261 0.19116783 0.12059856 0.10166122 0.13192378 0.09717196 0.11447120 0.11990463 0.14028636 0.18889236 0.08420055 0.08917952 0.12037416 0.19698683 0.09708207 0.11206997 0.17382061 0.18008736 0.08660388 0.12028116 0.09537003 0.14032189 0.11569547 0.12609488 0.12884089 0.14147032 0.13265647 0.11853518 0.15600593 0.12390763 0.19944907 0.15909803 0.12320677 0.11129589 0.18680957 0.20305816 0.13639118 0.19503653 0.12543018 0.10880130 0.09141611 0.12430307 0.11259823 0.12687694 0.10218783 0.11422219 0.06393551 0.12783729 0.13555959 0.19787296 0.08716963 0.11500641 0.15477550 0.12175428 0.11601189 0.11668491 0.05600633 0.04959237 0.07247743 0.11308630 0.12315493 0.12886793 0.15554312 0.15164507 0.13761733 0.13398135 0.24553033 0.08477324 0.18445827 0.13392171 0.15130078 0.10150669 0.09393518 0.15191037 0.14021749 0.11711436 0.15994302 0.14985311 0.15268409 0.15251810 
0.15464437 0.17439142 0.12365352 0.15802705 0.14740847 0.14559609 0.14596755 0.18768989 0.18168600 0.18304818 0.22492821 0.17656855 0.25252596 0.00000000 0.18862220 0.29661400 0.15321355 0.16872277 0.15989534 0.09871527 0.15420169 0.14778962 0.11730645 0.19946514 0.14018025 0.08137170 0.15685868 0.21193286 0.11534664 0.17269408 0.20218190 0.15311397 0.24086576 0.11618286 0.13860097 0.13470161 0.13573162 0.12814889 0.13169968 0.15217893 0.11852811 0.12236064 0.09704612 0.12457633 0.09310063 0.10161300 0.12237285 0.14509402 0.17939410 0.17460412 0.15479594 0.13789462 0.12268689 0.13175478 0.13822117 0.06802061 0.08036772 0.07119001 0.14242629 0.08993316 0.10105970 0.11858492 0.08887951 0.10057053 0.09868795 0.13077590 0.08333422 0.08554272 0.09693570 0.13236122 0.16506849 0.13053166 0.14156490 0.10377568 0.14124609 0.17273712 0.14132606 0.07624886 0.06389464 0.13115348 0.16900837 0.15538724 0.12072412 0.20654993 0.18139513 0.17319915 0.17878023 0.11784029 0.12704526 0.07917623 0.12135704 0.09341834 0.15343267 0.14051637 0.17194087 0.15752837 0.16979738 
0.15902411 0.12467500 0.15914333 0.27346819 0.07893505 0.26918828 0.12207394 0.16463164 0.17143328 0.12019358 0.22152612 0.12233775 0.21019472 0.18862220 0.00000000 0.24510368 0.24263465 0.13104537 0.17709275 0.14210097 0.11658981 0.20285407 0.18708839 0.17939641 0.14154974 0.15149715 0.15166286 0.11783306 0.09336536 0.14505673 0.16190441 0.21375533 0.13050029 0.14305678 0.13464215 0.09594075 0.16995950 0.06876814 0.14178789 0.11417908 0.09361524 0.12284093 0.12635600 0.13450622 0.06970667 0.15213812 0.13085366 0.10840077 0.14922668 0.12806737 0.15744418 0.25927562 0.16157812 0.15130316 0.12905210 0.17849638 0.18971287 0.13102851 0.14794183 0.07286718 0.08438611 0.06173736 0.07544828 0.13602200 0.11192277 0.12717250 0.09998721 0.09302101 0.08332572 0.15288339 0.15059795 0.17317642 0.13247018 0.14434386 0.07515102 0.09766809 0.13995457 0.09653109 0.14078415 0.09022079 0.08584696 0.11265251 0.14765479 0.16190519 0.14611422 0.16890061 0.13582032 0.14028694 0.11545193 0.14337801 0.12170861 0.10882414 0.16101751 0.11852294 0.11615851 0.15613674 0.14054777 
0.11383988 0.11953142 0.11683122 0.05002139 0.20342759 0.07643377 0.23920351 0.16146689 0.08297768 0.13233341 0.13619871 0.15280968 0.12179270 0.29661400 0.24510368 0.00000000 0.19625477 0.26353122 0.21087620 0.16516933 0.20326672 0.22517054 0.18202409 0.04705779 0.12606943 0.16583599 0.28402903 0.15810716 0.13992547 0.18553712 0.29217269 0.16195712 0.15137135 0.13705325 0.16461928 0.13873908 0.12814686 0.12217425 0.12496769 0.18266519 0.13500481 0.12911556 0.16074472 0.12969949 0.09571664 0.15306886 0.12608966 0.05056458 0.10680399 0.12873319 0.08433053 0.15950026 0.17072445 0.10879558 0.15629912 0.11851007 0.15794750 0.11788531 0.16478319 0.15300104 0.16962903 0.12747059 0.06153421 0.10287666 0.06883889 0.09671163 0.16487184 0.08530115 0.05852318 0.17627922 0.10741230 0.10780339 0.09726228 0.12417580 0.12543636 0.07956170 0.12854586 0.09844079 0.09593754 0.15649854 0.11200592 0.13446141 0.12195007 0.11383478 0.11347506 0.12888889 0.15829055 0.10195694 0.16553253 0.13108911 0.13534114 0.10016369 0.16105819 0.16469967 0.09196156 0.13151993 0.15618730 
0.10300410 0.10785601 0.15389876 0.31375752 0.18477400 0.14504827 0.15604929 0.16462615 0.16530468 0.18332257 0.14256185 0.12919774 0.18835786 0.15321355 0.24263465 0.19625477 0.00000000 0.13177115 0.15429450 0.20481529 0.18289658 0.15805095 0.15231405 0.13927677 0.13037604 0.17053063 0.12005278 0.06439015 0.11665438 0.18850080 0.14185150 0.16476976 0.22086517 0.17332620 0.07615312 0.12222813 0.13053669 0.08192161 0.12902465 0.09644911 0.09168686 0.11978335 0.12135801 0.12134437 0.05691283 0.14050939 0.12429691 0.10487196 0.15734046 0.15867134 0.07720585 0.23189159 0.21015732 0.12175285 0.19707221 0.12922065 0.17272976 0.11495884 0.13880563 0.10367996 0.12191330 0.12049257 0.15482732 0.16424483 0.17785513 0.17767791 0.20886636 0.09646448 0.09920027 0.08093862 0.12028107 0.09202575 0.09588156 0.11729700 0.10013086 0.11790909 0.11942635 0.11972481 0.06920179 0.15261527 0.20589310 0.14289954 0.21851343 0.20279871 0.13785445 0.11570063 0.08805116 0.17859869 0.12988668 0.11154938 0.11434707 0.09188567 0.14041647 0.14297685 0.12417918 0.09265249 0.14027430 
0.13153397 0.09875011 0.17278490 0.15455007 0.13843057 0.20293865 0.10668532 0.10238708 0.11807202 0.17615455 0.10855989 0.16032074 0.12447261 0.16872277 0.13104537 0.26353122 0.13177115 0.00000000 0.21186399 0.17621435 0.19490650 0.03941209 0.10256406 0.18473677 0.15328910 0.18912557 0.40128735 0.15968605 0.18592247 0.16416971 0.21251209 0.10414763 0.20290977 0.10912915 0.13120451 0.13068394 0.14388232 0.13044196 0.12367089 0.18618844 0.20154125 0.13071176 0.16842722 0.12709626 0.09689858 0.07740752 0.11471680 0.13289666 0.11132495 0.07723216 0.15098522 0.10086108 0.11733225 0.17063818 0.07314619 0.15210975 0.06816689 0.13151099 0.16658889 0.18139686 0.13214801 0.09798590 0.15107810 0.13218306 0.11305101 0.14320078 0.10920854 0.14795208 0.08477775 0.12055289 0.12180524 0.06427839 0.21741292 0.11279447 0.09551139 0.14782799 0.14564696 0.13463045 0.11133830 0.15668616 0.23750595 0.19444480 0.12929955 0.11536200 0.16768903 0.17531831 0.11903080 0.18186066 0.07059314 0.10924264 0.07269214 0.10879873 0.07031685 0.14242017 0.09939801 0.14686448 0.12205356 
0.17257477 0.15630165 0.13350426 0.13453249 0.13544048 0.13937150 0.16163581 0.11887920 0.13777082 0.16524785 0.12960398 0.10359002 0.19116783 0.15989534 0.17709275 0.21087620 0.15429450 0.21186399 0.00000000 0.34349207 0.39688357 0.36318356 0.10019520 0.15856991 0.09408960 0.23203128 0.26944224 0.16810495 0.11032711 0.19472738 0.12651984 0.07130108 0.15003402 0.14572058 0.03771551 0.12334763 0.17524571 0.12676689 0.14493087 0.12647995 0.08683990 0.12699689 0.10248304 0.15133506 0.05180394 0.08592252 0.13985286 0.14101459 0.15606828 0.08054676 0.13241821 0.15222473 0.08722074 0.13194427 0.11178269 0.11682494 0.15536993 0.11430037 0.13940658 0.15726286 0.15295300 0.09625669 0.13913385 0.11998770 0.08515569 0.13817058 0.19200374 0.04244955 0.04424690 0.11173755 0.13457794 0.08904681 0.15524350 0.12140570 0.13669101 0.12423632 0.12900559 0.11766044 0.07260895 0.15561936 0.13930294 0.10522572 0.21445247 0.18319953 0.14447279 0.14433862 0.10955792 0.11515306 0.15114271 0.13080901 0.10370479 0.11440648 0.15458684 0.15910782 0.10950508 0.10484860 0.11582205 
0.18673526 0.18829809 0.20669173 0.19168452 0.16204641 0.14400505 0.11149486 0.11567208 0.12326715 0.17371808 0.12440054 0.09366827 0.12059856 0.09871527 0.14210097 0.16516933 0.20481529 0.17621435 0.34349207 0.00000000 0.33747914 0.20799874 0.11187732 0.21528771 0.11341420 0.18764296 0.24804681 0.15278398 0.12921910 0.16840474 0.12969939 0.14894329 0.09867367 0.16910695 0.07449362 0.11251964 0.06850972 0.14051427 0.12855607 0.12507569 0.12834903 0.12635849 0.09967441 0.11982421 0.09889279 0.20930327 0.11440716 0.12215970 0.06920740 0.10710943 0.10155701 0.07530896 0.08692997 0.13049460 0.20941540 0.19118105 0.15856039 0.19051780 0.15254305 0.13345386 0.14511288 0.10592055 0.19587982 0.10460236 0.07594543 0.11472960 0.10294385 0.16489284 0.13811871 0.11553421 0.12006114 0.17814318 0.18262352 0.09151005 0.10642760 0.07833198 0.12550094 0.10291641 0.11217000 0.19515320 0.19367253 0.10346392 0.17234167 0.19906402 0.07635361 0.14480951 0.14136346 0.09469927 0.15120550 0.09568140 0.08583755 0.12519386 0.15753885 0.09513292 0.13288394 0.11936956 0.13563229 
0.10001264 0.08788092 0.15803327 0.11787743 0.15682289 0.09846674 0.06327969 0.12405222 0.18134101 0.12367402 0.12784313 0.13041705 0.10166122 0.15420169 0.11658981 0.20326672 0.18289658 0.19490650 0.39688357 0.33747914 0.00000000 0.22511927 0.22556164 0.17636974 0.10990877 0.14066785 0.18798850 0.10694802 0.10386566 0.16084977 0.22632888 0.12666945 0.16394032 0.10828756 0.12546762 0.17158871 0.14574250 0.16252105 0.10871846 0.16579465 0.12913858 0.13499374 0.12447575 0.11139494 0.07964775 0.08185446 0.11532203 0.06309654 0.09441326 0.06339233 0.21677997 0.11890417 0.18398722 0.10969446 0.12508535 0.14195566 0.17911400 0.16270246 0.18661353 0.18469398 0.21295114 0.11227695 0.14671087 0.08005176 0.16292265 0.18945346 0.12657981 0.09546882 0.13162538 0.12498962 0.11381877 0.12647947 0.17076057 0.12894149 0.12543779 0.14389797 0.11676000 0.06539686 0.14296536 0.23060749 0.14105171 0.18389750 0.18730120 0.18672913 0.10859666 0.08981322 0.10593038 0.07493591 0.14719719 0.06889640 0.08044720 0.13683620 0.09015161 0.07478358 0.08941355 0.08679139 0.14395596 
0.13908941 0.16807025 0.13333985 0.15423167 0.12381223 0.17154399 0.13093181 0.18092378 0.10707457 0.14626794 0.13474042 0.14041319 0.13192378 0.14778962 0.20285407 0.22517054 0.15805095 0.03941209 0.36318356 0.20799874 0.22511927 0.00000000 0.23103537 0.12768812 0.11653141 0.20649902 0.23197407 0.10819471 0.11869174 0.54267577 0.14572241 0.07859033 0.16272636 0.23680226 0.06258820 0.15022546 0.09943893 0.07607578 0.12365014 0.15314823 0.10891958 0.12294930 0.13447250 0.11321568 0.07283334 0.14660734 0.11957770 0.08047321 0.11904401 0.20616411 0.16127293 0.11901580 0.13168632 0.11704074 0.12546079 0.05548478 0.16186397 0.13151526 0.19765785 0.12171143 0.14519443 0.09503113 0.10135024 0.09134378 0.11539909 0.12074322 0.06405809 0.18436315 0.15844612 0.14265259 0.16944887 0.11107639 0.23536966 0.09053003 0.08176837 0.17217411 0.10813730 0.00000000 0.04973740 0.19352946 0.08453797 0.14551469 0.08877704 0.13101017 0.11258752 0.15263036 0.11543190 0.13659125 0.13713128 0.08712363 0.15502309 0.09392584 0.12628633 0.17876675 0.11551471 0.13950944 0.15254607 
0.14126263 0.13780809 0.12176028 0.15325306 0.11380587 0.14058519 0.13744224 0.09805062 0.11863606 0.10939907 0.10820953 0.13268339 0.09717196 0.11730645 0.18708839 0.18202409 0.15231405 0.10256406 0.10019520 0.11187732 0.22556164 0.23103537 0.00000000 0.22326581 0.14152871 0.19845676 0.17952864 0.22026744 0.16378488 0.12961248 0.10909525 0.13526057 0.09786901 0.08774169 0.18583900 0.12680835 0.12606863 0.09986687 0.13195603 0.15019598 0.08951518 0.13312934 0.11941684 0.13377359 0.19117077 0.23510964 0.13175586 0.16260661 0.08261189 0.11077615 0.11283276 0.12788143 0.13547340 0.12259610 0.15779781 0.13719333 0.18104876 0.12367575 0.17365777 0.18432681 0.17939475 0.17131560 0.14162691 0.16791692 0.16438142 0.13004401 0.10351231 0.14292018 0.10298702 0.16576826 0.10245280 0.12170405 0.20399360 0.18494035 0.07208927 0.08017231 0.15263099 0.14351541 0.12126443 0.20669551 0.14199023 0.11725282 0.17088517 0.09979272 0.11118896 0.11474894 0.14332302 0.09722193 0.15589579 0.13822588 0.10441405 0.17381699 0.12461055 0.14866484 0.12874252 0.12282190 0.12230872 
0.16656765 0.17282712 0.18676182 0.15061822 0.18891943 0.11552349 0.11978086 0.20264488 0.08994432 0.07018045 0.15517958 0.03612108 0.11447120 0.19946514 0.17939641 0.04705779 0.13927677 0.18473677 0.15856991 0.21528771 0.17636974 0.12768812 0.22326581 0.00000000 0.19769584 0.11054766 0.09179327 0.24215802 0.12971899 0.10864716 0.13643864 0.13339553 0.11854860 0.14805127 0.24893303 0.13171232 0.07224671 0.08362494 0.13176615 0.14911224 0.15794771 0.15011844 0.16941363 0.13366977 0.13760537 0.11959903 0.14212625 0.07258352 0.15437189 0.12843519 0.16096454 0.18377287 0.09706545 0.20370243 0.17671633 0.13095347 0.18827049 0.16744316 0.14631074 0.14325716 0.15473427 0.12603088 0.15958677 0.12368328 0.08474757 0.09993221 0.15567269 0.11290737 0.10289324 0.14502087 0.10656162 0.16976224 0.08908940 0.16918232 0.14696023 0.13584829 0.13384565 0.07831433 0.12994742 0.13745349 0.22148451 0.16951497 0.06108498 0.13971973 0.18584722 0.07222698 0.10815028 0.11071556 0.14843231 0.10314108 0.13121815 0.11337567 0.11681149 0.08100046 0.09692624 0.10336359 0.13707655 
0.12584194 0.12825163 0.10857874 0.13041060 0.16663861 0.13045445 0.12997945 0.12396980 0.09869499 0.11985338 0.15710763 0.14541839 0.11990463 0.14018025 0.14154974 0.12606943 0.13037604 0.15328910 0.09408960 0.11341420 0.10990877 0.11653141 0.14152871 0.19769584 0.00000000 0.17767888 0.17508414 0.19240348 0.23868304 0.13754983 0.12749574 0.15454458 0.13528547 0.16543746 0.15210731 0.17456357 0.36714917 0.25640098 0.13619611 0.22076448 0.23078342 0.16309199 0.20970863 0.13930904 0.14728180 0.16890731 0.15963623 0.10247682 0.11660522 0.17609128 0.09523802 0.13862976 0.14001576 0.17895826 0.09799014 0.13025812 0.13064401 0.09174667 0.07698370 0.11600708 0.12676912 0.11247501 0.14017395 0.12112124 0.11352100 0.11508867 0.16978107 0.12286516 0.12823041 0.11356029 0.10288997 0.12761661 0.07751605 0.06830680 0.12923255 0.21417662 0.11759439 0.09270355 0.15847007 0.14165653 0.15167987 0.13148732 0.16812523 0.08754164 0.09976399 0.12253658 0.12799608 0.09072424 0.11959994 0.07216243 0.06972854 0.10217082 0.11871613 0.07354108 0.13015048 0.11399881 0.10953769 
0.09925385 0.07436276 0.16356430 0.14489479 0.09408429 0.12250470 0.09277451 0.11138852 0.10232960 0.19620712 0.07231505 0.16777509 0.14028636 0.08137170 0.15149715 0.16583599 0.17053063 0.18912557 0.23203128 0.18764296 0.14066785 0.20649902 0.19845676 0.11054766 0.17767888 0.00000000 0.20603427 0.10006118 0.30365992 0.26292283 0.09819655 0.17016149 0.09638423 0.18670508 0.15136199 0.15787504 0.17857066 0.14693147 0.11426909 0.24759184 0.20074981 0.13389147 0.24864884 0.11780186 0.14273659 0.11920704 0.12547581 0.11709368 0.08868008 0.08583328 0.11540435 0.10777853 0.12200048 0.10316748 0.14707287 0.08976932 0.22498229 0.08110989 0.14372133 0.14065525 0.16443743 0.15261165 0.19484292 0.21007745 0.11383080 0.10231206 0.17759174 0.13379977 0.10800950 0.11569904 0.12010928 0.07876398 0.13272098 0.12180779 0.10128043 0.11232571 0.10431637 0.11809644 0.12358122 0.12614264 0.12751859 0.12900517 0.13607051 0.15904232 0.11666012 0.14788096 0.13016435 0.08890949 0.09034270 0.13829066 0.12777959 0.11153076 0.12735673 0.13620201 0.12107404 0.12333239 0.11315264 
0.13953109 0.14640282 0.12975189 0.14115396 0.15345859 0.13747600 0.08300496 0.10715144 0.06152349 0.09262868 0.11814621 0.20690273 0.18889236 0.15685868 0.15166286 0.28402903 0.12005278 0.40128735 0.26944224 0.24804681 0.18798850 0.23197407 0.17952864 0.09179327 0.17508414 0.20603427 0.00000000 0.10957083 0.16331745 0.18285747 0.18357384 0.09798610 0.12096793 0.10571837 0.11238694 0.12338517 0.17994497 0.08761478 0.11279927 0.15914814 0.11769131 0.13329547 0.08659791 0.11822876 0.07639308 0.11676914 0.12319880 0.12532485 0.14765772 0.11264855 0.08875359 0.11886713 0.11224100 0.19872619 0.13957986 0.20243144 0.17659879 0.12285171 0.05892806 0.13376363 0.10492949 0.08715552 0.10044019 0.09044763 0.17418098 0.20660980 0.17004561 0.09713638 0.10489144 0.16487672 0.14879785 0.14585704 0.15144785 0.11563144 0.10217728 0.06550901 0.11712853 0.05898244 0.08776677 0.14826591 0.17022935 0.13889582 0.15340933 0.13836530 0.15409518 0.06905894 0.08767832 0.15280975 0.10012893 0.12649602 0.13420054 0.11324863 0.11059098 0.21904727 0.14866176 0.17122226 0.16332376 
0.08518532 0.10063747 0.19657290 0.06363935 0.14350766 0.05044293 0.19395731 0.15571372 0.12846608 0.12108794 0.14171851 0.11941091 0.08420055 0.21193286 0.11783306 0.15810716 0.06439015 0.15968605 0.16810495 0.15278398 0.10694802 0.10819471 0.22026744 0.24215802 0.19240348 0.10006118 0.10957083 0.00000000 0.09494197 0.10867150 0.24170585 0.11263999 0.16335531 0.13307012 0.31559500 0.19936896 0.17449147 0.07334642 0.17116589 0.06237231 0.14427974 0.14355761 0.15395058 0.17466075 0.09502246 0.10097130 0.17154124 0.11185003 0.18463700 0.20263877 0.18588041 0.12043207 0.08194920 0.16247410 0.11027668 0.15643980 0.11770357 0.19743801 0.11649857 0.15466883 0.14836462 0.18430759 0.15760892 0.11467728 0.13228742 0.17101409 0.12318260 0.15251753 0.03802873 0.08428874 0.14612064 0.16300398 0.14466167 0.18867289 0.12460342 0.19808146 0.14101930 0.15982075 0.14515325 0.12498647 0.17005358 0.15339662 0.10700492 0.11276194 0.17643861 0.10216402 0.13138043 0.12073476 0.11873236 0.12240522 0.11417054 0.11788500 0.10901558 0.08383193 0.10877647 0.09144834 0.11432479 
0.09600778 0.15008630 0.11717526 0.12363438 0.14680110 0.07633682 0.12720802 0.14707754 0.14271514 0.09707842 0.15057547 0.16377341 0.08917952 0.11534664 0.09336536 0.13992547 0.11665438 0.18592247 0.11032711 0.12921910 0.10386566 0.11869174 0.16378488 0.12971899 0.23868304 0.30365992 0.16331745 0.09494197 0.00000000 0.19033239 0.11285391 0.17560605 0.14886755 0.13424169 0.16597639 0.15836864 0.31087859 0.20384265 0.10501523 0.62339499 0.26551464 0.13654453 0.15571253 0.10911850 0.09134512 0.16597282 0.12138232 0.16458760 0.09161807 0.10140932 0.10668828 0.07852031 0.12702148 0.11176952 0.09263239 0.07851335 0.10191735 0.16511019 0.23988097 0.15859034 0.16801481 0.08130505 0.21011502 0.18399907 0.08194898 0.08634918 0.10264911 0.17710732 0.11331695 0.07021213 0.11579283 0.05068573 0.12431788 0.12863042 0.10620540 0.10720836 0.10801765 0.18796445 0.09422578 0.15488767 0.06548079 0.09934768 0.17285031 0.08605287 0.13295367 0.11242419 0.14877154 0.11342196 0.13069539 0.18661308 0.10799067 0.16796196 0.14935689 0.12033590 0.10537276 0.09818322 0.11669477 
0.11406609 0.12100229 0.14898440 0.15771799 0.11243038 0.17215738 0.12083577 0.13577290 0.11789853 0.11953078 0.20178868 0.11591838 0.12037416 0.17269408 0.14505673 0.18553712 0.18850080 0.16416971 0.19472738 0.16840474 0.16084977 0.54267577 0.12961248 0.10864716 0.13754983 0.26292283 0.18285747 0.10867150 0.19033239 0.00000000 0.13216692 0.14813997 0.23934005 0.17509658 0.09700258 0.13796495 0.17136267 0.10889798 0.12543747 0.13194254 0.10623112 0.12489543 0.14927968 0.11587232 0.12767944 0.17266537 0.12455200 0.10583462 0.14069455 0.19339932 0.10644551 0.13099732 0.22909848 0.10326203 0.22925164 0.13098119 0.17944556 0.04212766 0.12552624 0.14598466 0.13065540 0.10126147 0.04503024 0.16561759 0.11915461 0.12768552 0.10818328 0.07646212 0.07743126 0.14369872 0.17107733 0.12794392 0.20018955 0.05523604 0.15174927 0.11236996 0.11021087 0.07379025 0.07509037 0.19939088 0.13840422 0.16066157 0.15687302 0.17811560 0.11193071 0.13727837 0.18434121 0.07878619 0.10795143 0.08115453 0.10631281 0.08362762 0.16995459 0.08416071 0.08932531 0.10873629 0.12046486 
0.12838123 0.17075699 0.18016842 0.19866584 0.16277795 0.22535635 0.16461322 0.12313376 0.11112562 0.07460631 0.09675552 0.14238858 0.19698683 0.20218190 0.16190441 0.29217269 0.14185150 0.21251209 0.12651984 0.12969939 0.22632888 0.14572241 0.10909525 0.13643864 0.12749574 0.09819655 0.18357384 0.24170585 0.11285391 0.13216692 0.00000000 0.37630153 0.18458929 0.15734890 0.20411564 0.10653967 0.21831534 0.11119462 0.13016679 0.13518807 0.09643182 0.12922254 0.15002934 0.12205898 0.05972794 0.15431431 0.13838482 0.15343900 0.09582393 0.14303594 0.08064200 0.08207734 0.12909684 0.19130085 0.17301509 0.13863106 0.13163233 0.12180685 0.15804095 0.09593583 0.09085058 0.10530487 0.09091562 0.13614564 0.12226783 0.06547392 0.11480134 0.06455375 0.16332678 0.14106869 0.13427655 0.12864245 0.07424561 0.11344611 0.09973077 0.08125988 0.13156432 0.10431243 0.14806031 0.11720424 0.13671435 0.11083505 0.18154989 0.12970225 0.18041540 0.10817598 0.15094955 0.18012468 0.10134000 0.10279787 0.15159637 0.11465333 0.09100934 0.16997248 0.11946925 0.15989128 0.15592866 
0.11700844 0.12099250 0.16395920 0.18691594 0.14965943 0.14708683 0.14686460 0.16087589 0.16448817 0.15250426 0.13761161 0.21367495 0.09708207 0.15311397 0.21375533 0.16195712 0.16476976 0.10414763 0.07130108 0.14894329 0.12666945 0.07859033 0.13526057 0.13339553 0.15454458 0.17016149 0.09798610 0.11263999 0.17560605 0.14813997 0.37630153 0.00000000 0.19959432 0.20175877 0.10488392 0.17108395 0.10308894 0.19938836 0.12188083 0.17624966 0.13460976 0.15434541 0.09832936 0.12587452 0.06562952 0.15290771 0.11828979 0.16787296 0.15107841 0.12877830 0.13434014 0.13383818 0.14297382 0.12759436 0.10963665 0.15214836 0.12269844 0.12990448 0.16441200 0.13889488 0.20209290 0.14642484 0.12358408 0.09807545 0.12304618 0.11854222 0.13315085 0.09928113 0.15248324 0.05696441 0.15969522 0.13100833 0.11592163 0.10263645 0.07891938 0.10590162 0.10929640 0.06622788 0.19099846 0.21696723 0.14570898 0.08839133 0.15864076 0.12524034 0.15121025 0.09146806 0.12922575 0.13559085 0.14366148 0.09208262 0.11208780 0.12598400 0.15480237 0.12127815 0.11626517 0.09336235 0.12098607 
0.12582267 0.18327096 0.14428823 0.16966334 0.16264267 0.17502317 0.24544476 0.19823939 0.15879200 0.16455378 0.10474539 0.20173414 0.11206997 0.24086576 0.13050029 0.15137135 0.22086517 0.20290977 0.15003402 0.09867367 0.16394032 0.16272636 0.09786901 0.11854860 0.13528547 0.09638423 0.12096793 0.16335531 0.14886755 0.23934005 0.18458929 0.19959432 0.00000000 0.19084441 0.19490210 0.13925778 0.10388134 0.08370397 0.14014978 0.14607809 0.11427900 0.13177351 0.16788668 0.13069337 0.05832845 0.08241106 0.12177424 0.18610684 0.19156940 0.09569630 0.07847347 0.11005588 0.20510235 0.12921647 0.16840990 0.10332436 0.07048754 0.10665924 0.10023780 0.14979599 0.10397549 0.15569439 0.06787036 0.09422391 0.11908402 0.11601746 0.15120768 0.09718584 0.19337427 0.12110534 0.20242916 0.12689060 0.10491212 0.08645281 0.10070648 0.11730602 0.12007139 0.07380212 0.13595771 0.14845025 0.12729214 0.15738903 0.12246692 0.14251864 0.13112065 0.10610339 0.13276557 0.18220492 0.14271652 0.10968704 0.16871528 0.11348314 0.12128213 0.15624664 0.11968700 0.12281166 0.16983044 
0.11377155 0.10728094 0.11442541 0.10181130 0.16560088 0.12740372 0.14024923 0.10082780 0.07807371 0.13304123 0.17116142 0.13414396 0.17382061 0.11618286 0.14305678 0.13705325 0.17332620 0.10912915 0.14572058 0.16910695 0.10828756 0.23680226 0.08774169 0.14805127 0.16543746 0.18670508 0.10571837 0.13307012 0.13424169 0.17509658 0.15734890 0.20175877 0.19084441 0.00000000 0.19825948 0.25899613 0.19778736 0.11749443 0.13834255 0.09997963 0.11135130 0.11530165 0.15194449 0.13160815 0.13436475 0.19802118 0.13310201 0.14935457 0.11904139 0.16188565 0.20318452 0.14166049 0.19516498 0.11927603 0.15699830 0.11642482 0.15826915 0.09257519 0.19114069 0.10116150 0.12497799 0.07906488 0.11753363 0.21178661 0.20387972 0.19145854 0.20814286 0.14522775 0.12352719 0.15874644 0.12363844 0.11905556 0.20991480 0.07811691 0.11849821 0.11569271 0.11175190 0.12801299 0.22459087 0.10321784 0.13011427 0.08766179 0.18032761 0.14485053 0.14171869 0.12054698 0.05528243 0.20209506 0.17155405 0.11155474 0.10790856 0.10151811 0.11427613 0.11524907 0.08901915 0.08466495 0.13293740 
0.14419220 0.11674622 0.12134579 0.14385326 0.10102851 0.08610567 0.14743661 0.13118536 0.17777256 0.10500894 0.11364773 0.10977808 0.18008736 0.13860097 0.13464215 0.16461928 0.07615312 0.13120451 0.03771551 0.07449362 0.12546762 0.06258820 0.18583900 0.24893303 0.15210731 0.15136199 0.11238694 0.31559500 0.16597639 0.09700258 0.20411564 0.10488392 0.19490210 0.19825948 0.00000000 0.18283931 0.16150181 0.16558638 0.11444954 0.12018532 0.19594153 0.13515667 0.13134456 0.11751763 0.23925167 0.18194561 0.10941361 0.15659764 0.24708617 0.16828298 0.17527108 0.11785291 0.16201720 0.12271862 0.08181237 0.13561018 0.12716142 0.16915160 0.10857507 0.14521583 0.24397927 0.09243290 0.10943484 0.11345538 0.08521162 0.16311658 0.16230653 0.11727940 0.15876146 0.11726739 0.14798118 0.09307568 0.12954104 0.08529474 0.18391989 0.33152941 0.12126850 0.24515946 0.16258710 0.12288166 0.07758051 0.11328051 0.06594237 0.11581592 0.15597360 0.10462899 0.12225903 0.14195853 0.15615731 0.11996990 0.09762506 0.11348988 0.09092480 0.10133923 0.12008602 0.09462073 0.10364638 
0.12488318 0.07946232 0.05124749 0.09870737 0.15505801 0.09915890 0.10381530 0.08252854 0.06495374 0.14139855 0.13482357 0.10808485 0.08660388 0.13470161 0.09594075 0.13873908 0.12222813 0.13068394 0.12334763 0.11251964 0.17158871 0.15022546 0.12680835 0.13171232 0.17456357 0.15787504 0.12338517 0.19936896 0.15836864 0.13796495 0.10653967 0.17108395 0.13925778 0.25899613 0.18283931 0.00000000 0.22867480 0.18672053 0.10647786 0.07516890 0.14148058 0.14181948 0.17269030 0.11034143 0.18621271 0.25312356 0.12060862 0.20367328 0.21340172 0.19032532 0.19650537 0.12617681 0.13066074 0.12749208 0.13215485 0.16847798 0.10649907 0.18293290 0.17647439 0.16100983 0.22238825 0.12391226 0.13354301 0.17639420 0.12062066 0.13334153 0.10110354 0.12270608 0.12680631 0.10559021 0.09740164 0.24669339 0.16947669 0.09547878 0.15940529 0.15455893 0.09613204 0.19397994 0.17015711 0.15958290 0.16967624 0.18584963 0.16820969 0.10179044 0.15774418 0.19515002 0.10032804 0.14571133 0.13885733 0.05613513 0.05570068 0.16922595 0.11326794 0.07108914 0.06515321 0.02169205 0.08378453 
0.11211808 0.13493607 0.13876958 0.13084906 0.10270512 0.13061375 0.09848207 0.10261305 0.06133177 0.11335685 0.06607268 0.10630534 0.12028116 0.13573162 0.16995950 0.12814686 0.13053669 0.14388232 0.17524571 0.06850972 0.14574250 0.09943893 0.12606863 0.07224671 0.36714917 0.17857066 0.17994497 0.17449147 0.31087859 0.17136267 0.21831534 0.10308894 0.10388134 0.19778736 0.16150181 0.22867480 0.00000000 0.27892313 0.10510319 0.25946246 0.15635052 0.13020838 0.20678548 0.10907222 0.12351194 0.19763196 0.11672077 0.13166070 0.10646634 0.17031887 0.07981584 0.07001558 0.14316191 0.15052610 0.15205250 0.07823629 0.15008254 0.13801905 0.18424289 0.19605566 0.14477996 0.14614211 0.16336618 0.15114417 0.20351836 0.08308094 0.13511133 0.15762313 0.16133550 0.11635226 0.12622013 0.08608436 0.08822099 0.10348931 0.14528700 0.11185061 0.11620096 0.21691045 0.19229619 0.11139957 0.12881995 0.13754955 0.14279559 0.15031184 0.10129374 0.12093271 0.16226033 0.12360061 0.06402351 0.13426603 0.10988918 0.11489515 0.12513188 0.09466254 0.10581215 0.13390426 0.11856430 
