0.00000000 0.36381388 0.22468323 0.26150755 0.21837850 0.14841495 0.18229598 0.28175134 0.24518412 0.25477605 0.21577225 0.18298526 0.23034594 0.22552970 0.20421849 0.16735550 0.24532532 0.20642819 0.23161293 0.19688796 0.28756945 0.22390667 0.28040119 0.25311995 0.28390625 0.28070458 0.21626449 0.24673343 0.23669694 0.30032417 0.19129867 0.22157826 0.29353213 0.16921236 0.21840061 0.21198512 0.19424023 0.19053641 0.26665887 0.20169607 0.19342499 0.21849339 0.32127361 0.27865919 0.34375528 0.25285643 0.24210006 0.20200346 0.24996223 0.21588511 0.31898045 0.18713408 0.23246957 0.23482808 0.32111488 0.20569026 
0.36381388 0.00000000 0.42960648 0.47515976 0.16093064 0.27064927 0.25349117 0.27090831 0.12304716 0.25337264 0.28895189 0.02374568 0.25430742 0.11337925 0.15381064 0.22828058 0.25785682 0.20394691 0.31756595 0.20666529 0.21664151 0.22261863 0.31881990 0.10680164 0.34625018 0.36659264 0.22387974 0.31850361 0.21953980 0.18738993 0.30848002 0.24805245 0.23045567 0.28357398 0.33995381 0.17432777 0.20136120 0.16107599 0.21322836 0.14915739 0.15016809 0.28601514 0.20813397 0.16570112 0.24922904 0.26286733 0.26579496 0.27868974 0.30490869 0.24689814 0.21360926 0.30820543 0.41232207 0.28905369 0.23900530 0.33092352 
0.22468323 0.42960648 0.00000000 0.46030614 0.21243001 0.47668589 0.30940633 0.16190691 0.31182256 0.25143800 0.36642666 0.17103069 0.35393184 0.21946290 0.25956543 0.27376122 0.23658901 0.13113291 0.25749923 0.25088523 0.13860173 0.20129091 0.23117974 0.15285214 0.47741177 0.33374491 0.29626436 0.48606110 0.22650451 0.18109256 0.22460972 0.32488963 0.18555645 0.14561099 0.36974737 0.14090351 0.09558596 0.22087021 0.20460378 0.13563690 0.17649741 0.47341421 0.14687284 0.16036185 0.24870737 0.23651257 0.16808771 0.32743793 0.34299448 0.31415210 0.15503756 0.33370908 0.17601391 0.34480667 0.15287147 0.28366393 
0.26150755 0.47515976 0.46030614 0.00000000 0.25487151 0.44137324 0.34234643 0.39867533 0.30661444 0.12075313 0.37171582 0.06186945 0.28347265 0.21592593 0.23116650 0.16233537 0.25964524 0.24694581 0.35031854 0.15712876 0.16147998 0.10833328 0.23671168 0.25101713 0.27343781 0.32782420 0.31532585 0.27892794 0.21582299 0.19029647 0.19650667 0.06048516 0.22677236 0.30101377 0.25246564 0.18389933 0.13788787 0.10211234 0.20711704 0.03611262 0.16177046 0.64975273 0.16532200 0.22561287 0.60242108 0.26403219 0.16078118 0.19504335 0.32458444 0.26479681 0.20964026 0.28575802 0.35531910 0.73739046 0.19406796 0.24259531 
0.21837850 0.16093064 0.21243001 0.25487151 0.00000000 0.33319708 0.28604140 0.25374429 0.24738732 0.30876209 0.23635095 0.28159052 0.24994944 0.27911839 0.15310801 0.19748933 0.21337768 0.17577394 0.21336596 0.26582667 0.24142376 0.28581810 0.39483617 0.28044409 0.17930427 0.18628622 0.22171486 0.27544299 0.13687123 0.43016857 0.17203625 0.21132474 0.28650787 0.18197777 0.23250791 0.20691873 0.21975252 0.25427983 0.23280568 0.21982875 0.27548604 0.18381829 0.29220595 0.23132499 0.30741583 0.18165815 0.21108662 0.16853997 0.16038800 0.19572185 0.34545082 0.26894328 0.17121258 0.22227698 0.30507485 0.13633733 
0.14841495 0.27064927 0.47668589 0.44137324 0.33319708 0.00000000 0.43677278 0.29933010 0.29864655 0.34955218 0.22649515 0.26809373 0.35195390 0.06075822 0.29394883 0.28949935 0.20941104 0.17987292 0.16067756 0.30991952 0.10094830 0.24098961 0.35767686 0.20161830 0.49803105 0.27640876 0.16018209 0.45870796 0.23921596 0.11099461 0.29212701 0.27408503 0.17315102 0.30053859 0.08806254 0.12438278 0.20114533 0.17885064 0.29439680 0.15944805 0.27445284 0.31673748 0.09945478 0.07494115 0.14129157 0.33029059 0.16116477 0.51372452 0.28442418 0.32986566 0.09450779 0.32275032 0.35547678 0.52202918 0.15207357 0.48035158 
0.18229598 0.25349117 0.30940633 0.34234643 0.28604140 0.43677278 0.00000000 0.50203255 0.49336562 0.30648809 0.30085748 0.09054708 0.15852132 0.13823275 0.19653112 0.18079788 0.17640904 0.23785756 0.21037584 0.18545227 0.14407856 0.28005973 0.09611733 0.26503522 0.30160055 0.39166954 0.21596307 0.26567789 0.19021471 0.16116817 0.23295732 0.18298853 0.15390357 0.14106713 0.18500109 0.07754010 0.21889620 0.19359464 0.19182576 0.20551051 0.38294411 0.71514408 0.19242845 0.31194972 0.80198814 0.11424156 0.26762370 0.19010490 0.30635426 0.27177221 0.15291473 0.40581713 0.25232611 0.25436843 0.22811352 0.26792444 
0.28175134 0.27090831 0.16190691 0.39867533 0.25374429 0.29933010 0.50203255 0.00000000 0.55585916 0.42185157 0.38561278 0.21647393 0.13834300 0.20753164 0.27826259 0.41826420 0.24858112 0.33595387 0.23097891 0.27297500 0.17659313 0.21350654 0.33248427 0.19174274 0.31449834 0.42903182 0.11668771 0.32221648 0.23261771 0.11551669 0.19144188 0.20934401 0.30679824 0.03741007 0.07445449 0.14529422 0.20343488 0.12291455 0.35846013 0.24873335 0.13920289 0.20514875 0.27208024 0.19223315 0.38941340 0.14546437 0.22985367 0.33148140 0.20330568 0.23785236 0.19325723 0.29790547 0.21327005 0.26359051 0.22832769 0.28730604 
0.24518412 0.12304716 0.31182256 0.30661444 0.24738732 0.29864655 0.49336562 0.55585916 0.00000000 0.45815841 0.51890156 0.27559322 0.28054428 0.16720784 0.25644429 0.32531017 0.44706473 0.26627762 0.37309003 0.17007552 0.11154598 0.85505184 0.12250850 0.22838440 0.25649191 0.22848046 0.25624183 0.09302618 0.30532945 0.17511800 0.41151314 0.19683316 0.20634720 0.14396726 0.18965990 0.35865377 0.19875294 0.20615768 0.29398327 0.10694751 0.21883724 0.22781998 0.13913512 0.22402496 0.11200429 0.07615144 0.27737163 0.30767929 0.21171513 0.13776398 0.22282781 0.25414719 0.32811350 0.25376482 0.16603863 0.19188053 
0.25477605 0.25337264 0.25143800 0.12075313 0.30876209 0.34955218 0.30648809 0.42185157 0.45815841 0.00000000 0.58216087 0.53190003 0.43510911 0.10885346 0.45267912 0.02568055 0.31031789 0.03798594 0.30685670 0.05087645 0.15153281 0.15995214 0.27833794 0.25509132 0.12885975 0.30901301 0.07217034 0.30144918 0.27855173 0.18162810 0.12856015 0.31460438 0.31798513 0.32174414 0.23254306 0.25543776 0.20324393 0.17789949 0.43061036 0.60038118 0.45620380 0.29637019 0.16298895 0.29274918 0.15343075 0.30412316 0.18415832 0.13040932 0.21165131 0.23507406 0.13878278 0.12143167 0.13870880 0.36056976 0.17267699 0.21520168 
0.21577225 0.28895189 0.36642666 0.37171582 0.23635095 0.22649515 0.30085748 0.38561278 0.51890156 0.58216087 0.00000000 0.26752996 0.40463452 0.15784344 0.44534111 0.36504414 0.38794266 0.36258024 0.32798356 0.14062460 0.02344721 0.17748877 0.24101337 0.17403094 0.23717285 0.26504991 0.27801016 0.29159199 0.10972780 0.18295552 0.23863909 0.23759329 0.20039498 0.42580142 0.15645639 0.71675079 0.23236960 0.18196923 0.27696521 0.29448791 0.06119014 0.12885895 0.14138969 0.20377121 0.01048465 0.21438475 0.23281472 0.16226328 0.38073353 0.24781001 0.23043878 0.28588735 0.30433100 0.15705058 0.22992085 0.22792407 
0.18298526 0.02374568 0.17103069 0.06186945 0.28159052 0.26809373 0.09054708 0.21647393 0.27559322 0.53190003 0.26752996 0.00000000 0.60176249 0.34788610 0.33549102 0.14575322 0.08523827 0.17571535 0.14122516 0.36400512 0.21719752 0.45915948 0.27613084 0.27836176 0.11002237 0.11367652 0.20836414 0.06384953 0.17322354 0.26506716 0.10879887 0.25477323 0.42613072 0.16519900 0.36821025 0.20918423 0.50835396 0.17390442 0.17561509 0.55559497 0.40626312 0.14406254 0.31720896 0.63659616 0.19433747 0.22015995 0.15357419 0.14374895 0.14752464 0.24983128 0.28320456 0.10198701 0.15751525 0.08602016 0.29761435 0.16136846 
0.23034594 0.25430742 0.35393184 0.28347265 0.24994944 0.35195390 0.15852132 0.13834300 0.28054428 0.43510911 0.40463452 0.60176249 0.00000000 0.34634263 0.47919923 0.26543606 0.39907040 0.11542829 0.17603986 0.22497533 0.24264730 0.18830423 0.20359881 0.15791717 0.29517914 0.24296099 0.33955118 0.21747694 0.17856674 0.18461921 0.14974272 0.29984931 0.19631104 0.16426186 0.14100785 0.79907172 0.21155713 0.34221632 0.78205722 0.16218264 0.10992569 0.18560288 0.11023941 0.12344422 0.24951085 0.11766183 0.10387049 0.14847226 0.23652242 0.23218419 0.14760446 0.21960781 0.39321326 0.21196202 0.23346198 0.37356178 
0.22552970 0.11337925 0.21946290 0.21592593 0.27911839 0.06075822 0.13823275 0.20753164 0.16720784 0.10885346 0.15784344 0.34788610 0.34634263 0.00000000 0.24680461 0.25048615 0.08996277 0.40645197 0.16379659 0.24696188 0.26631123 0.17105886 0.22392699 0.16109046 0.15260360 0.20099375 0.15963190 0.14800217 0.15008327 0.32998618 0.11290827 0.06379402 0.23101051 0.21088155 0.26253415 0.51902156 0.24896249 2.10053107 0.12832643 0.19769460 0.20352992 0.24695484 0.26579143 0.18775545 0.28220253 0.35089059 0.10157662 0.09685687 0.08082878 0.17091869 0.32651451 0.08454932 0.20234546 0.09541575 0.28256695 0.18876232 
0.20421849 0.15381064 0.25956543 0.23116650 0.15310801 0.29394883 0.19653112 0.27826259 0.25644429 0.45267912 0.44534111 0.33549102 0.47919923 0.24680461 0.00000000 0.57126293 0.42343993 0.39219957 0.24382421 0.22156640 0.17836813 0.10693995 0.53320090 0.19675081 0.23594474 0.16798592 0.31722568 0.14206916 0.17826777 0.20087298 0.23884925 0.39120055 0.12812428 0.43695698 0.26650434 0.40435995 0.18226870 0.14944920 0.24814144 0.16921437 0.10870358 0.36072101 0.15566609 0.19530937 0.23465321 0.24086691 0.16591669 0.41200983 0.33641494 0.04341493 0.21685765 0.25908658 0.27114027 0.28610055 0.20247177 0.24384039 
0.16735550 0.22828058 0.27376122 0.16233537 0.19748933 0.28949935 0.18079788 0.41826420 0.32531017 0.02568055 0.36504414 0.14575322 0.26543606 0.25048615 0.57126293 0.00000000 0.52070953 0.84098173 0.51408421 0.17498178 0.29820022 0.26699925 0.14218763 0.09147071 0.23662032 0.02276097 0.32500951 0.25416172 0.14115628 0.19789796 0.27884996 0.24542168 0.21142951 0.45290251 0.27359189 0.46716324 0.48626754 0.21939797 0.17089446 0.14476047 0.15123822 0.24228381 0.18400357 0.11168606 0.11706082 0.15265184 0.35071762 0.24825051 0.20875252 0.17980043 0.21012313 0.21855437 0.26347330 0.25747069 0.20625344 0.28180854 
0.24532532 0.25785682 0.23658901 0.25964524 0.21337768 0.20941104 0.17640904 0.24858112 0.44706473 0.31031789 0.38794266 0.08523827 0.39907040 0.08996277 0.42343993 0.52070953 0.00000000 0.54303214 0.47059740 0.11619331 0.22018755 0.07698852 0.06988506 0.21276582 0.23559615 0.32894009 0.24883176 0.18212366 0.25496669 0.17476181 0.19783408 0.35070201 0.25561229 1.04856042 0.21785588 0.60310747 0.23703708 0.17677132 0.41578925 0.10699732 0.16154921 0.31898155 0.15591457 0.00000000 0.05565921 0.21998516 0.36613377 0.22969913 0.25227186 0.27502690 0.19069724 0.22510342 0.31310266 0.24000742 0.22156446 0.19013176 
0.20642819 0.20394691 0.13113291 0.24694581 0.17577394 0.17987292 0.23785756 0.33595387 0.26627762 0.03798594 0.36258024 0.17571535 0.11542829 0.40645197 0.39219957 0.84098173 0.54303214 0.00000000 0.63333094 0.42418059 0.23724820 0.19079490 0.07837729 0.29533535 0.25430949 0.17733415 0.21179644 0.13975379 0.20034745 0.22485615 0.28287292 0.31924253 0.24607802 0.58365661 0.17801101 0.32574574 0.46372707 0.18887242 0.37271658 0.06323620 0.13915194 0.22364153 0.19307955 0.05766258 0.25220431 0.42549619 0.20213626 0.23159946 0.37242196 0.28993844 0.20802799 0.11639055 0.20991958 0.26580732 0.25162041 0.16675904 
0.23161293 0.31756595 0.25749923 0.35031854 0.21336596 0.16067756 0.21037584 0.23097891 0.37309003 0.30685670 0.32798356 0.14122516 0.17603986 0.16379659 0.24382421 0.51408421 0.47059740 0.63333094 0.00000000 0.38947782 0.35616330 0.22367166 0.25781078 0.10674939 0.21219410 0.31601096 0.22803763 0.18801092 0.26857321 0.21684255 0.20586627 0.63105163 0.15162576 0.52551005 0.11625791 0.22499438 0.15921452 0.15768459 0.21135297 0.15484151 0.15437779 0.24392791 0.20054646 0.15925522 0.24108292 0.15999773 0.22876889 0.29521934 0.32419205 0.32608750 0.23562623 0.31718646 0.34298971 0.26502068 0.13839939 0.30492433 
0.19688796 0.20666529 0.25088523 0.15712876 0.26582667 0.30991952 0.18545227 0.27297500 0.17007552 0.05087645 0.14062460 0.36400512 0.22497533 0.24696188 0.22156640 0.17498178 0.11619331 0.42418059 0.38947782 0.00000000 0.25447508 0.22159970 0.33910785 0.17757832 0.32912505 0.18557985 0.09496129 0.18708684 0.20081948 0.25736382 0.00899452 0.31160689 0.32436298 0.28480220 0.20720417 0.21039772 0.24561184 0.11422046 0.19512867 0.20061001 0.21436288 0.32193273 0.14653510 1.47631271 0.31164667 0.92096696 0.19913436 0.17905702 0.12517438 0.26401075 0.19421194 0.07269962 0.14846001 0.18121134 0.19223368 0.28453381 
0.28756945 0.21664151 0.13860173 0.16147998 0.24142376 0.10094830 0.14407856 0.17659313 0.11154598 0.15153281 0.02344721 0.21719752 0.24264730 0.26631123 0.17836813 0.29820022 0.22018755 0.23724820 0.35616330 0.25447508 0.00000000 0.34361624 0.37415979 0.22637000 0.02857881 0.28571767 0.24492839 0.28885378 0.29363871 0.34736380 0.44997117 0.47593585 0.18339202 0.19437737 0.14151794 0.17378940 0.25914133 0.25417668 0.13218606 0.17464820 0.36784749 0.21922287 0.37111523 0.15049462 0.25767349 0.34786485 0.32147872 0.75495473 0.20841869 0.22136774 0.29090180 0.17794994 0.28479645 0.17109726 0.28615663 0.25386259 
0.22390667 0.22261863 0.20129091 0.10833328 0.28581810 0.24098961 0.28005973 0.21350654 0.85505184 0.15995214 0.17748877 0.45915948 0.18830423 0.17105886 0.10693995 0.26699925 0.07698852 0.19079490 0.22367166 0.22159970 0.34361624 0.00000000 0.29183869 0.48466258 0.20767563 0.34003031 0.37817046 0.08726997 0.21706797 0.25593072 0.69989808 0.44546676 0.39166443 0.17997139 0.19065856 0.15155682 0.15088916 0.11767207 0.29856555 0.21698086 0.23198944 0.23975891 0.23362018 0.28443553 0.37594120 0.20389361 0.29099426 0.13397380 0.23414503 0.15203618 0.26456848 0.23480444 0.25999102 0.16136299 0.18394415 0.13219235 
0.28040119 0.31881990 0.23117974 0.23671168 0.39483617 0.35767686 0.09611733 0.33248427 0.12250850 0.27833794 0.24101337 0.27613084 0.20359881 0.22392699 0.53320090 0.14218763 0.06988506 0.07837729 0.25781078 0.33910785 0.37415979 0.29183869 0.00000000 0.37955043 0.17349377 0.15788241 0.17542261 0.49000457 0.20610200 0.40918144 0.23055958 0.25813168 0.23873032 0.21050201 0.19287648 0.19987170 0.29502272 0.30328884 0.17571069 0.24577341 0.40082046 0.16116286 0.26893320 0.11645113 0.23991354 0.28192618 0.22388397 0.06030457 0.12239065 0.18981311 0.31338547 0.10267123 0.17965252 0.10433781 0.35259391 0.24986770 
0.25311995 0.10680164 0.15285214 0.25101713 0.28044409 0.20161830 0.26503522 0.19174274 0.22838440 0.25509132 0.17403094 0.27836176 0.15791717 0.16109046 0.19675081 0.09147071 0.21276582 0.29533535 0.10674939 0.17757832 0.22637000 0.48466258 0.37955043 0.00000000 0.39904367 0.30322909 0.39616950 0.32391480 0.27308928 0.31140180 1.46611433 0.16695962 0.24063150 0.35132565 0.09240914 0.23835872 0.19771499 0.25339023 0.08699639 0.24209067 0.20972483 0.15167038 0.35905645 0.19387159 0.26242571 0.11410137 0.19374722 0.23069017 0.11448608 0.22350461 0.24465498 0.14457636 0.15269265 0.15396072 0.23788638 0.19302413 
0.28390625 0.34625018 0.47741177 0.27343781 0.17930427 0.49803105 0.30160055 0.31449834 0.25649191 0.12885975 0.23717285 0.11002237 0.29517914 0.15260360 0.23594474 0.23662032 0.23559615 0.25430949 0.21219410 0.32912505 0.02857881 0.20767563 0.17349377 0.39904367 0.00000000 0.50822409 0.21851625 0.46074889 0.37570111 0.17493055 0.29247532 0.34051683 0.18861424 0.23529643 0.18590555 0.12122473 0.12719938 0.18485803 0.38777595 0.21092842 0.16948636 0.43470477 0.16394232 0.12452777 0.07489199 0.38555062 0.35190536 0.40631509 0.11512122 0.23115678 0.20993821 0.34525721 0.41191761 0.37303969 0.21156197 0.34721981 
0.28070458 0.36659264 0.33374491 0.32782420 0.18628622 0.27640876 0.39166954 0.42903182 0.22848046 0.30901301 0.26504991 0.11367652 0.24296099 0.20099375 0.16798592 0.02276097 0.32894009 0.17733415 0.31601096 0.18557985 0.28571767 0.34003031 0.15788241 0.30322909 0.50822409 0.00000000 0.44910604 0.37852547 0.50569053 0.15209278 0.23244079 0.44412041 0.19297149 0.11204953 0.20036129 0.10131631 0.14992783 0.15760839 0.28010784 0.11950193 0.18814905 0.17030909 0.13639240 0.10474149 0.10132907 0.36017560 0.19686890 0.27207480 0.40548387 0.37092638 0.18614102 0.36285077 0.47363325 0.43642244 0.20268111 0.33407861 
0.21626449 0.22387974 0.29626436 0.31532585 0.22171486 0.16018209 0.21596307 0.11668771 0.25624183 0.07217034 0.27801016 0.20836414 0.33955118 0.15963190 0.31722568 0.32500951 0.24883176 0.21179644 0.22803763 0.09496129 0.24492839 0.37817046 0.17542261 0.39616950 0.21851625 0.44910604 0.00000000 0.32628109 0.75232218 0.21059065 1.02568326 0.29636663 0.12236119 0.24082258 0.17579023 0.17975542 0.31321877 0.16849963 0.34005388 0.17807882 0.16717066 0.20246890 0.23777858 0.16949748 0.18727481 0.22534984 0.08553992 0.31289536 0.28954821 0.28155418 0.18720156 0.28621383 0.29530117 0.18615630 0.13829623 0.35142513 
0.24673343 0.31850361 0.48606110 0.27892794 0.27544299 0.45870796 0.26567789 0.32221648 0.09302618 0.30144918 0.29159199 0.06384953 0.21747694 0.14800217 0.14206916 0.25416172 0.18212366 0.13975379 0.18801092 0.18708684 0.28885378 0.08726997 0.49000457 0.32391480 0.46074889 0.37852547 0.32628109 0.00000000 0.45823754 0.23894349 0.48100242 0.26865503 0.09631144 0.32825905 0.10622241 0.17617921 0.12504282 0.14253829 0.20237425 0.22567284 0.21952600 0.17773567 0.15130501 0.07303006 0.13433749 0.26588958 0.28541837 0.34227976 0.49645174 0.26324233 0.16837933 0.45518198 0.21291385 0.29052867 0.20641489 0.50117885 
0.23669694 0.21953980 0.22650451 0.21582299 0.13687123 0.23921596 0.19021471 0.23261771 0.30532945 0.27855173 0.10972780 0.17322354 0.17856674 0.15008327 0.17826777 0.14115628 0.25496669 0.20034745 0.26857321 0.20081948 0.29363871 0.21706797 0.20610200 0.27308928 0.37570111 0.50569053 0.75232218 0.45823754 0.00000000 0.21398086 0.43461404 0.34047665 0.19087869 0.40181682 0.22818238 0.18201805 0.36768094 0.23953755 0.22451014 0.20703084 0.14550044 0.33866998 0.20362819 0.06782402 0.15179303 0.24358698 0.21065313 0.34147416 0.36644687 0.23600983 0.22856737 0.39034744 0.39527169 0.35165128 0.16427247 0.34440347 
0.30032417 0.18738993 0.18109256 0.19029647 0.43016857 0.11099461 0.16116817 0.11551669 0.17511800 0.18162810 0.18295552 0.26506716 0.18461921 0.32998618 0.20087298 0.19789796 0.17476181 0.22485615 0.21684255 0.25736382 0.34736380 0.25593072 0.40918144 0.31140180 0.17493055 0.15209278 0.21059065 0.23894349 0.21398086 0.00000000 0.17522595 0.17951180 0.30488031 0.22138528 0.26826981 0.23365646 0.34835961 0.37936341 0.13211216 0.25761203 0.28936219 0.21837240 0.34639696 0.24438235 0.40227060 0.13409084 0.17611006 0.22023197 0.15929717 0.18182268 0.41286749 0.26156528 0.18040142 0.19271017 0.40949154 0.12895795 
0.19129867 0.30848002 0.22460972 0.19650667 0.17203625 0.29212701 0.23295732 0.19144188 0.41151314 0.12856015 0.23863909 0.10879887 0.14974272 0.11290827 0.23884925 0.27884996 0.19783408 0.28287292 0.20586627 0.00899452 0.44997117 0.69989808 0.23055958 1.46611433 0.29247532 0.23244079 1.02568326 0.48100242 0.43461404 0.17522595 0.00000000 0.25508608 0.03713892 0.29721731 0.15306468 0.21826695 0.08940203 0.21307841 0.14713701 0.08175302 0.13417132 0.25293103 0.19881630 0.10820014 0.15786825 0.16795385 0.34928978 0.39615340 0.37857729 0.22810573 0.13839428 0.05128539 0.16841926 0.21610499 0.14107531 0.24676915 
0.22157826 0.24805245 0.32488963 0.06048516 0.21132474 0.27408503 0.18298853 0.20934401 0.19683316 0.31460438 0.23759329 0.25477323 0.29984931 0.06379402 0.39120055 0.24542168 0.35070201 0.31924253 0.63105163 0.31160689 0.47593585 0.44546676 0.25813168 0.16695962 0.34051683 0.44412041 0.29636663 0.26865503 0.34047665 0.17951180 0.25508608 0.00000000 0.19327165 0.51063240 0.19164687 0.16239259 0.18880810 0.19629703 0.24021079 0.16165694 0.21569448 0.11304768 0.15588894 0.27923088 0.09430797 0.25807897 0.21138514 0.34250722 0.33176003 0.31400609 0.22099271 0.32865129 0.23208871 0.34525500 0.13042443 0.26426882 
0.29353213 0.23045567 0.18555645 0.22677236 0.28650787 0.17315102 0.15390357 0.30679824 0.20634720 0.31798513 0.20039498 0.42613072 0.19631104 0.23101051 0.12812428 0.21142951 0.25561229 0.24607802 0.15162576 0.32436298 0.18339202 0.39166443 0.23873032 0.24063150 0.18861424 0.19297149 0.12236119 0.09631144 0.19087869 0.30488031 0.03713892 0.19327165 0.00000000 0.20696489 0.31442479 0.42023036 0.30374223 0.32380351 0.08906782 0.47530754 0.52342196 0.12795118 0.29001505 0.33837623 0.41894551 0.17128104 0.15553431 0.13455245 0.17264750 0.19538675 0.29175481 0.18205186 0.18294800 0.18464643 0.29390119 0.34140056 
0.16921236 0.28357398 0.14561099 0.30101377 0.18197777 0.30053859 0.14106713 0.03741007 0.14396726 0.32174414 0.42580142 0.16519900 0.16426186 0.21088155 0.43695698 0.45290251 1.04856042 0.58365661 0.52551005 0.28480220 0.19437737 0.17997139 0.21050201 0.35132565 0.23529643 0.11204953 0.24082258 0.32825905 0.40181682 0.22138528 0.29721731 0.51063240 0.20696489 0.00000000 0.16054042 0.26301418 0.29630606 0.17076518 0.22278093 0.20387838 0.23855997 0.18935643 0.20002545 0.14588137 0.08011761 0.24281551 0.19565616 0.16038192 0.29630177 0.28184901 0.22812276 0.22083073 0.21041727 0.28182758 0.18644541 0.21250708 
0.21840061 0.33995381 0.36974737 0.25246564 0.23250791 0.08806254 0.18500109 0.07445449 0.18965990 0.23254306 0.15645639 0.36821025 0.14100785 0.26253415 0.26650434 0.27359189 0.21785588 0.17801101 0.11625791 0.20720417 0.14151794 0.19065856 0.19287648 0.09240914 0.18590555 0.20036129 0.17579023 0.10622241 0.22818238 0.26826981 0.15306468 0.19164687 0.31442479 0.16054042 0.00000000 0.24340116 0.64855801 0.34644296 0.24969310 0.70773552 0.33180491 0.22272384 0.47060706 0.45583472 0.21886041 0.33965046 0.37934077 0.25904178 0.18393383 0.11061124 0.27026364 0.15366605 0.04787920 0.27426175 0.29939159 0.30476770 
0.21198512 0.17432777 0.14090351 0.18389933 0.20691873 0.12438278 0.07754010 0.14529422 0.35865377 0.25543776 0.71675079 0.20918423 0.79907172 0.51902156 0.40435995 0.46716324 0.60310747 0.32574574 0.22499438 0.21039772 0.17378940 0.15155682 0.19987170 0.23835872 0.12122473 0.10131631 0.17975542 0.17617921 0.18201805 0.23365646 0.21826695 0.16239259 0.42023036 0.26301418 0.24340116 0.00000000 0.31281725 0.50268369 0.32168911 0.19894244 0.22469284 0.15292313 0.25289644 0.18025485 0.17693298 0.14372216 0.27663767 0.09960026 0.26813756 0.15616923 0.21381636 0.21753593 0.13175177 0.18044262 0.25620532 0.17466859 
0.19424023 0.20136120 0.09558596 0.13788787 0.21975252 0.20114533 0.21889620 0.20343488 0.19875294 0.20324393 0.23236960 0.50835396 0.21155713 0.24896249 0.18226870 0.48626754 0.23703708 0.46372707 0.15921452 0.24561184 0.25914133 0.15088916 0.29502272 0.19771499 0.12719938 0.14992783 0.31321877 0.12504282 0.36768094 0.34835961 0.08940203 0.18880810 0.30374223 0.29630606 0.64855801 0.31281725 0.00000000 0.20936534 0.15756527 0.65173554 0.29733720 0.25364183 0.29557285 0.37520897 0.19830653 0.21125372 0.13719046 0.16576531 0.13470412 0.18721210 0.25474311 0.08785471 0.13123923 0.14762435 0.25910796 0.12728073 
0.19053641 0.16107599 0.22087021 0.10211234 0.25427983 0.17885064 0.19359464 0.12291455 0.20615768 0.17789949 0.18196923 0.17390442 0.34221632 2.10053107 0.14944920 0.21939797 0.17677132 0.18887242 0.15768459 0.11422046 0.25417668 0.11767207 0.30328884 0.25339023 0.18485803 0.15760839 0.16849963 0.14253829 0.23953755 0.37936341 0.21307841 0.19629703 0.32380351 0.17076518 0.34644296 0.50268369 0.20936534 0.00000000 0.19075090 0.21017175 0.24879567 0.22313454 0.20286000 0.17060731 0.15734284 0.28478577 0.25461260 0.16269151 0.12179030 0.17244713 0.23765028 0.19247212 0.22851006 0.15433316 0.23425048 0.11627229 
0.26665887 0.21322836 0.20460378 0.20711704 0.23280568 0.29439680 0.19182576 0.35846013 0.29398327 0.43061036 0.27696521 0.17561509 0.78205722 0.12832643 0.24814144 0.17089446 0.41578925 0.37271658 0.21135297 0.19512867 0.13218606 0.29856555 0.17571069 0.08699639 0.38777595 0.28010784 0.34005388 0.20237425 0.22451014 0.13211216 0.14713701 0.24021079 0.08906782 0.22278093 0.24969310 0.32168911 0.15756527 0.19075090 0.00000000 0.38039997 0.26416880 0.45423377 0.20895556 0.37864775 0.16067458 0.28248000 0.09370034 0.27222315 0.27424513 0.31739607 0.20668740 0.16078111 0.42016874 0.38128582 0.24114754 0.25938391 
0.20169607 0.14915739 0.13563690 0.03611262 0.21982875 0.15944805 0.20551051 0.24873335 0.10694751 0.60038118 0.29448791 0.55559497 0.16218264 0.19769460 0.16921437 0.14476047 0.10699732 0.06323620 0.15484151 0.20061001 0.17464820 0.21698086 0.24577341 0.24209067 0.21092842 0.11950193 0.17807882 0.22567284 0.20703084 0.25761203 0.08175302 0.16165694 0.47530754 0.20387838 0.70773552 0.19894244 0.65173554 0.21017175 0.38039997 0.00000000 0.82845029 0.25713371 0.29796259 0.67649486 0.19747120 0.12969593 0.23786185 0.11109266 0.19595040 0.12974037 0.25845017 0.20629542 0.14989102 0.10482423 0.31278769 0.11830701 
0.19342499 0.15016809 0.17649741 0.16177046 0.27548604 0.27445284 0.38294411 0.13920289 0.21883724 0.45620380 0.06119014 0.40626312 0.10992569 0.20352992 0.10870358 0.15123822 0.16154921 0.13915194 0.15437779 0.21436288 0.36784749 0.23198944 0.40082046 0.20972483 0.16948636 0.18814905 0.16717066 0.21952600 0.14550044 0.28936219 0.13417132 0.21569448 0.52342196 0.23855997 0.33180491 0.22469284 0.29733720 0.24879567 0.26416880 0.82845029 0.00000000 0.23977358 0.61216138 0.65790775 0.25896684 0.13037124 0.25526713 0.11969233 0.12265678 0.03223026 0.27938164 0.13789131 0.10637261 0.18994752 0.26565941 0.12731507 
0.21849339 0.28601514 0.47341421 0.64975273 0.18381829 0.31673748 0.71514408 0.20514875 0.22781998 0.29637019 0.12885895 0.14406254 0.18560288 0.24695484 0.36072101 0.24228381 0.31898155 0.22364153 0.24392791 0.32193273 0.21922287 0.23975891 0.16116286 0.15167038 0.43470477 0.17030909 0.20246890 0.17773567 0.33866998 0.21837240 0.25293103 0.11304768 0.12795118 0.18935643 0.22272384 0.15292313 0.25364183 0.22313454 0.45423377 0.25713371 0.23977358 0.00000000 0.17248094 0.25232340 0.26860062 0.29296107 0.29025544 0.26224661 0.33218157 0.35558037 0.21554090 0.26660887 0.29126751 0.21500105 0.15976334 0.25439916 
0.32127361 0.20813397 0.14687284 0.16532200 0.29220595 0.09945478 0.19242845 0.27208024 0.13913512 0.16298895 0.14138969 0.31720896 0.11023941 0.26579143 0.15566609 0.18400357 0.15591457 0.19307955 0.20054646 0.14653510 0.37111523 0.23362018 0.26893320 0.35905645 0.16394232 0.13639240 0.23777858 0.15130501 0.20362819 0.34639696 0.19881630 0.15588894 0.29001505 0.20002545 0.47060706 0.25289644 0.29557285 0.20286000 0.20895556 0.29796259 0.61216138 0.17248094 0.00000000 0.64626046 0.38455420 0.13698734 0.21832245 0.20492136 0.13850965 0.16899633 0.40352412 0.21059452 0.16621375 0.16169277 0.40811897 0.15796785 
0.27865919 0.16570112 0.16036185 0.22561287 0.23132499 0.07494115 0.31194972 0.19223315 0.22402496 0.29274918 0.20377121 0.63659616 0.12344422 0.18775545 0.19530937 0.11168606 0.00000000 0.05766258 0.15925522 1.47631271 0.15049462 0.28443553 0.11645113 0.19387159 0.12452777 0.10474149 0.16949748 0.07303006 0.06782402 0.24438235 0.10820014 0.27923088 0.33837623 0.14588137 0.45583472 0.18025485 0.37520897 0.17060731 0.37864775 0.67649486 0.65790775 0.25232340 0.64626046 0.00000000 0.16420793 0.53362434 0.24555482 0.02720315 0.18980216 0.19410130 0.25770418 0.08054818 0.09653781 0.16111228 0.21707896 0.12786063 
0.34375528 0.24922904 0.24870737 0.60242108 0.30741583 0.14129157 0.80198814 0.38941340 0.11200429 0.15343075 0.01048465 0.19433747 0.24951085 0.28220253 0.23465321 0.11706082 0.05565921 0.25220431 0.24108292 0.31164667 0.25767349 0.37594120 0.23991354 0.26242571 0.07489199 0.10132907 0.18727481 0.13433749 0.15179303 0.40227060 0.15786825 0.09430797 0.41894551 0.08011761 0.21886041 0.17693298 0.19830653 0.15734284 0.16067458 0.19747120 0.25896684 0.26860062 0.38455420 0.16420793 0.00000000 0.24657540 0.35540787 0.12465638 0.24775038 0.23613591 0.42492361 0.15166813 0.30485673 0.26534790 0.35882825 0.08318501 
0.25285643 0.26286733 0.23651257 0.26403219 0.18165815 0.33029059 0.11424156 0.14546437 0.07615144 0.30412316 0.21438475 0.22015995 0.11766183 0.35089059 0.24086691 0.15265184 0.21998516 0.42549619 0.15999773 0.92096696 0.34786485 0.20389361 0.28192618 0.11410137 0.38555062 0.36017560 0.22534984 0.26588958 0.24358698 0.13409084 0.16795385 0.25807897 0.17128104 0.24281551 0.33965046 0.14372216 0.21125372 0.28478577 0.28248000 0.12969593 0.13037124 0.29296107 0.13698734 0.53362434 0.24657540 0.00000000 0.48258829 0.25345196 0.39421417 0.69200412 0.15448318 0.32589897 0.31074426 0.23477413 0.16826734 0.33556503 
0.24210006 0.26579496 0.16808771 0.16078118 0.21108662 0.16116477 0.26762370 0.22985367 0.27737163 0.18415832 0.23281472 0.15357419 0.10387049 0.10157662 0.16591669 0.35071762 0.36613377 0.20213626 0.22876889 0.19913436 0.32147872 0.29099426 0.22388397 0.19374722 0.35190536 0.19686890 0.08553992 0.28541837 0.21065313 0.17611006 0.34928978 0.21138514 0.15553431 0.19565616 0.37934077 0.27663767 0.13719046 0.25461260 0.09370034 0.23786185 0.25526713 0.29025544 0.21832245 0.24555482 0.35540787 0.48258829 0.00000000 0.32021237 0.43648004 0.73684449 0.22469090 0.29134160 0.25481750 0.25205414 0.30292883 0.18535777 
0.20200346 0.27868974 0.32743793 0.19504335 0.16853997 0.51372452 0.19010490 0.33148140 0.30767929 0.13040932 0.16226328 0.14374895 0.14847226 0.09685687 0.41200983 0.24825051 0.22969913 0.23159946 0.29521934 0.17905702 0.75495473 0.13397380 0.06030457 0.23069017 0.40631509 0.27207480 0.31289536 0.34227976 0.34147416 0.22023197 0.39615340 0.34250722 0.13455245 0.16038192 0.25904178 0.09960026 0.16576531 0.16269151 0.27222315 0.11109266 0.11969233 0.26224661 0.20492136 0.02720315 0.12465638 0.25345196 0.32021237 0.00000000 0.25906448 0.32115383 0.22173815 1.33590886 0.21276683 0.23148990 0.22089889 0.29307405 
0.24996223 0.30490869 0.34299448 0.32458444 0.16038800 0.28442418 0.30635426 0.20330568 0.21171513 0.21165131 0.38073353 0.14752464 0.23652242 0.08082878 0.33641494 0.20875252 0.25227186 0.37242196 0.32419205 0.12517438 0.20841869 0.23414503 0.12239065 0.11448608 0.11512122 0.40548387 0.28954821 0.49645174 0.36644687 0.15929717 0.37857729 0.33176003 0.17264750 0.29630177 0.18393383 0.26813756 0.13470412 0.12179030 0.27424513 0.19595040 0.12265678 0.33218157 0.13850965 0.18980216 0.24775038 0.39421417 0.43648004 0.25906448 0.00000000 0.26257024 0.19986481 0.48298882 0.56793006 0.25977349 0.19044006 0.27651753 
0.21588511 0.24689814 0.31415210 0.26479681 0.19572185 0.32986566 0.27177221 0.23785236 0.13776398 0.23507406 0.24781001 0.24983128 0.23218419 0.17091869 0.04341493 0.17980043 0.27502690 0.28993844 0.32608750 0.26401075 0.22136774 0.15203618 0.18981311 0.22350461 0.23115678 0.37092638 0.28155418 0.26324233 0.23600983 0.18182268 0.22810573 0.31400609 0.19538675 0.28184901 0.11061124 0.15616923 0.18721210 0.17244713 0.31739607 0.12974037 0.03223026 0.35558037 0.16899633 0.19410130 0.23613591 0.69200412 0.73684449 0.32115383 0.26257024 0.00000000 0.20061700 0.30541122 0.43478794 0.57626942 0.21212556 0.28468276 
0.31898045 0.21360926 0.15503756 0.20964026 0.34545082 0.09450779 0.15291473 0.19325723 0.22282781 0.13878278 0.23043878 0.28320456 0.14760446 0.32651451 0.21685765 0.21012313 0.19069724 0.20802799 0.23562623 0.19421194 0.29090180 0.26456848 0.31338547 0.24465498 0.20993821 0.18614102 0.18720156 0.16837933 0.22856737 0.41286749 0.13839428 0.22099271 0.29175481 0.22812276 0.27026364 0.21381636 0.25474311 0.23765028 0.20668740 0.25845017 0.27938164 0.21554090 0.40352412 0.25770418 0.42492361 0.15448318 0.22469090 0.22173815 0.19986481 0.20061700 0.00000000 0.21522911 0.16531312 0.16509349 0.65433201 0.13476258 
0.18713408 0.30820543 0.33370908 0.28575802 0.26894328 0.32275032 0.40581713 0.29790547 0.25414719 0.12143167 0.28588735 0.10198701 0.21960781 0.08454932 0.25908658 0.21855437 0.22510342 0.11639055 0.31718646 0.07269962 0.17794994 0.23480444 0.10267123 0.14457636 0.34525721 0.36285077 0.28621383 0.45518198 0.39034744 0.26156528 0.05128539 0.32865129 0.18205186 0.22083073 0.15366605 0.21753593 0.08785471 0.19247212 0.16078111 0.20629542 0.13789131 0.26660887 0.21059452 0.08054818 0.15166813 0.32589897 0.29134160 1.33590886 0.48298882 0.30541122 0.21522911 0.00000000 0.31027579 0.32022075 0.13901512 0.53988644 
0.23246957 0.41232207 0.17601391 0.35531910 0.17121258 0.35547678 0.25232611 0.21327005 0.32811350 0.13870880 0.30433100 0.15751525 0.39321326 0.20234546 0.27114027 0.26347330 0.31310266 0.20991958 0.34298971 0.14846001 0.28479645 0.25999102 0.17965252 0.15269265 0.41191761 0.47363325 0.29530117 0.21291385 0.39527169 0.18040142 0.16841926 0.23208871 0.18294800 0.21041727 0.04787920 0.13175177 0.13123923 0.22851006 0.42016874 0.14989102 0.10637261 0.29126751 0.16621375 0.09653781 0.30485673 0.31074426 0.25481750 0.21276683 0.56793006 0.43478794 0.16531312 0.31027579 0.00000000 0.61471221 0.15526437 0.46289768 
0.23482808 0.28905369 0.34480667 0.73739046 0.22227698 0.52202918 0.25436843 0.26359051 0.25376482 0.36056976 0.15705058 0.08602016 0.21196202 0.09541575 0.28610055 0.25747069 0.24000742 0.26580732 0.26502068 0.18121134 0.17109726 0.16136299 0.10433781 0.15396072 0.37303969 0.43642244 0.18615630 0.29052867 0.35165128 0.19271017 0.21610499 0.34525500 0.18464643 0.28182758 0.27426175 0.18044262 0.14762435 0.15433316 0.38128582 0.10482423 0.18994752 0.21500105 0.16169277 0.16111228 0.26534790 0.23477413 0.25205414 0.23148990 0.25977349 0.57626942 0.16509349 0.32022075 0.61471221 0.00000000 0.25065868 0.36551243 
0.32111488 0.23900530 0.15287147 0.19406796 0.30507485 0.15207357 0.22811352 0.22832769 0.16603863 0.17267699 0.22992085 0.29761435 0.23346198 0.28256695 0.20247177 0.20625344 0.22156446 0.25162041 0.13839939 0.19223368 0.28615663 0.18394415 0.35259391 0.23788638 0.21156197 0.20268111 0.13829623 0.20641489 0.16427247 0.40949154 0.14107531 0.13042443 0.29390119 0.18644541 0.29939159 0.25620532 0.25910796 0.23425048 0.24114754 0.31278769 0.26565941 0.15976334 0.40811897 0.21707896 0.35882825 0.16826734 0.30292883 0.22089889 0.19044006 0.21212556 0.65433201 0.13901512 0.15526437 0.25065868 0.00000000 0.17476185 
0.20569026 0.33092352 0.28366393 0.24259531 0.13633733 0.48035158 0.26792444 0.28730604 0.19188053 0.21520168 0.22792407 0.16136846 0.37356178 0.18876232 0.24384039 0.28180854 0.19013176 0.16675904 0.30492433 0.28453381 0.25386259 0.13219235 0.24986770 0.19302413 0.34721981 0.33407861 0.35142513 0.50117885 0.34440347 0.12895795 0.24676915 0.26426882 0.34140056 0.21250708 0.30476770 0.17466859 0.12728073 0.11627229 0.25938391 0.11830701 0.12731507 0.25439916 0.15796785 0.12786063 0.08318501 0.33556503 0.18535777 0.29307405 0.27651753 0.28468276 0.13476258 0.53988644 0.46289768 0.36551243 0.17476185 0.00000000 
