0.00000000 0.37480039 0.26035403 0.27021467 0.20995881 0.19778638 0.21998871 0.29620738 0.28092819 0.24257928 0.25699386 0.17240588 0.25231591 0.16455898 0.25158859 0.19987420 0.23533737 0.26543295 0.24781131 0.22943622 0.26188741 0.22311222 0.24555335 0.29438537 0.31330740 0.23735062 0.24845698 0.28930174 0.24942478 0.23406600 0.22182672 0.24692895 0.28222050 0.20690504 0.17208250 0.24507549 0.16768023 0.15674169 0.27381670 0.14805722 0.20784647 0.20418292 0.23594987 0.31730075 0.29981468 0.22643931 0.27244549 0.21584710 0.25369462 0.23600482 0.22506474 0.22224170 0.25635331 0.26518539 0.24279351 0.16705285 
0.37480039 0.00000000 0.41920167 0.43903156 0.17386603 0.32996054 0.28073617 0.31604104 0.11520238 0.24758766 0.27223062 0.11752137 0.21379499 0.09955872 0.20336287 0.22132724 0.25780940 0.20798758 0.34443341 0.23433883 0.23707386 0.20602709 0.34228111 0.15007577 0.29330984 0.36105163 0.23805452 0.38848450 0.16180074 0.26257683 0.30542722 0.26211903 0.23771602 0.26658682 0.29027727 0.14645354 0.20350859 0.14429958 0.21581422 0.14902694 0.17735468 0.28899911 0.20948796 0.16625514 0.30472498 0.27881353 0.19717216 0.26169576 0.29491414 0.23515056 0.18327701 0.26474762 0.38285921 0.25092697 0.21445705 0.32656123 
0.26035403 0.41920167 0.00000000 0.42308293 0.19871482 0.44500291 0.33610126 0.11666490 0.28593763 0.27085510 0.41115718 0.19742784 0.24481141 0.21880104 0.20573182 0.22594768 0.23584691 0.24634036 0.23348513 0.21751157 0.18256608 0.19285999 0.21571036 0.15164916 0.42691862 0.36187312 0.30599807 0.45925874 0.19868769 0.22133030 0.22477348 0.35796095 0.22518536 0.16546536 0.29700289 0.15748597 0.10954402 0.18289956 0.20333136 0.21940930 0.25186015 0.47027589 0.21271872 0.18182588 0.22720477 0.20563887 0.25133638 0.32870379 0.28409259 0.31621350 0.21383767 0.39189583 0.09913659 0.25459988 0.17681647 0.29484644 
0.27021467 0.43903156 0.42308293 0.00000000 0.22532502 0.50822856 0.36156683 0.38940388 0.34972672 0.18732257 0.25197415 0.12959282 0.35280235 0.28555746 0.26218763 0.13843354 0.28830038 0.29433503 0.25546941 0.18107166 0.14226625 0.12872516 0.21986156 0.18298450 0.24546525 0.28177867 0.29388420 0.24593696 0.26437549 0.18307082 0.25178799 0.11045801 0.27180427 0.22338376 0.20497060 0.18214295 0.16291426 0.14595832 0.25087304 0.06080709 0.22388185 0.63401006 0.19165850 0.25538347 0.50460336 0.19986782 0.13174238 0.22378627 0.35106782 0.32057487 0.17782025 0.20252032 0.36712979 0.64148058 0.20920110 0.21741689 
0.20995881 0.17386603 0.19871482 0.22532502 0.00000000 0.29684434 0.37846715 0.26645576 0.32675536 0.27769932 0.22316944 0.35461393 0.20558919 0.29494396 0.18898995 0.18037434 0.20301436 0.18704642 0.17376966 0.21192013 0.21040154 0.36853484 0.31548688 0.26675011 0.21606733 0.19098589 0.22747223 0.22646969 0.17857314 0.35376038 0.18564016 0.24120209 0.30557525 0.15979593 0.22677049 0.20720870 0.26722737 0.24458238 0.23689500 0.25572091 0.26805636 0.17239765 0.30342173 0.18959982 0.30526007 0.18156398 0.21569827 0.21950875 0.16412770 0.19362272 0.36043713 0.24278720 0.20054106 0.21950170 0.32685095 0.15356379 
0.19778638 0.32996054 0.44500291 0.50822856 0.29684434 0.00000000 0.41844116 0.31992102 0.27012910 0.31103273 0.17988721 0.17190907 0.27665181 0.10896566 0.29813395 0.25331380 0.22389553 0.16831090 0.23341331 0.26151478 0.16519511 0.15025161 0.36937775 0.23173306 0.43781227 0.34110940 0.14312862 0.39577557 0.26717030 0.17402617 0.25741674 0.27926656 0.21287418 0.27565735 0.07821105 0.06184109 0.26663680 0.21387164 0.26249976 0.19733582 0.32839653 0.29617742 0.15361604 0.05274468 0.13816903 0.30718573 0.17600105 0.53289085 0.31362506 0.33247887 0.15625222 0.33181356 0.26393587 0.50689689 0.21182758 0.43172983 
0.21998871 0.28073617 0.33610126 0.36156683 0.37846715 0.41844116 0.00000000 0.44141983 0.44239608 0.33114482 0.23222376 0.19565014 0.12754163 0.18485090 0.17312176 0.13891243 0.09009253 0.17870698 0.18519739 0.12717729 0.17399899 0.33356953 0.12792767 0.25770887 0.37225835 0.33202198 0.24967456 0.25388783 0.20399704 0.20965050 0.15958640 0.26053013 0.15402558 0.18977660 0.14392787 0.05625260 0.17539895 0.17688126 0.21792153 0.24388601 0.45362747 0.56214467 0.23485029 0.32675273 0.86989379 0.10420319 0.20482599 0.21789910 0.21294945 0.21637342 0.17096991 0.36992530 0.33295083 0.22839814 0.28898656 0.26843450 
0.29620738 0.31604104 0.11666490 0.38940388 0.26645576 0.31992102 0.44141983 0.00000000 0.60469762 0.36381161 0.30974385 0.18606878 0.16205995 0.17416568 0.25023063 0.40533276 0.25826749 0.24054205 0.27404561 0.22087402 0.18412099 0.21841602 0.31256179 0.28902123 0.33309941 0.39853473 0.15642435 0.36145505 0.25351429 0.22219192 0.18554694 0.23247366 0.20706935 0.07074961 0.12300192 0.08228885 0.23253022 0.11720836 0.29434902 0.31780147 0.19699139 0.24327160 0.25352353 0.27264534 0.36873450 0.10751993 0.23832012 0.25314103 0.17056427 0.17089436 0.16389950 0.26459598 0.31569484 0.32260365 0.25700444 0.28371220 
0.28092819 0.11520238 0.28593763 0.34972672 0.32675536 0.27012910 0.44239608 0.60469762 0.00000000 0.47648934 0.47059648 0.10884412 0.31067259 0.19779326 0.21617733 0.33350904 0.39441676 0.21739869 0.40368077 0.20008613 0.09848183 0.74741142 0.19320908 0.21813455 0.21269004 0.23926594 0.21053648 0.10832164 0.27459178 0.25760640 0.32027324 0.14690151 0.21794728 0.19862434 0.27313818 0.40987108 0.25375526 0.22248807 0.20766700 0.18661730 0.20514732 0.21813543 0.18586280 0.17757833 0.13597192 0.12892357 0.25172789 0.29380022 0.21182955 0.10269782 0.26530378 0.31900667 0.32906092 0.18888837 0.18355326 0.23267725 
0.24257928 0.24758766 0.27085510 0.18732257 0.27769932 0.31103273 0.33114482 0.36381161 0.47648934 0.00000000 0.50972261 0.22666103 0.27484390 0.21096051 0.38704033 0.08577631 0.27970331 0.01649936 0.23952937 0.14440240 0.21295882 0.16499585 0.17519570 0.14888615 0.17084352 0.33328196 0.16457872 0.20056029 0.35223427 0.22811112 0.18293561 0.31736239 0.31306221 0.36194809 0.23953886 0.32377705 0.14298039 0.24239003 0.36791333 0.65727162 0.37623401 0.28477665 0.18098657 0.26709471 0.27925722 0.33533303 0.31958296 0.12215425 0.23701433 0.25580942 0.16896123 0.23874685 0.15893416 0.22340086 0.18375705 0.20742614 
0.25699386 0.27223062 0.41115718 0.25197415 0.22316944 0.17988721 0.23222376 0.30974385 0.47059648 0.50972261 0.00000000 0.24779244 0.39604078 0.25290095 0.36994228 0.40094291 0.41665490 0.41296365 0.28263275 0.14652703 0.10017754 0.10805690 0.31550502 0.24270997 0.23176384 0.21901713 0.29005479 0.21977632 0.19371187 0.21149353 0.20101214 0.26527111 0.21836045 0.37911771 0.23317701 0.70432398 0.26298058 0.22903745 0.27575363 0.15824834 0.15613219 0.13207030 0.12978943 0.23035030 0.11444714 0.15029651 0.26684677 0.29647648 0.33063913 0.25256814 0.19932824 0.27765337 0.25736384 0.21807876 0.19729286 0.20022257 
0.17240588 0.11752137 0.19742784 0.12959282 0.35461393 0.17190907 0.19565014 0.18606878 0.10884412 0.22666103 0.24779244 0.00000000 0.33364084 0.32886620 0.19426165 0.22407676 0.17108713 0.27494355 0.18888391 0.33885135 0.30185195 0.22886095 0.43471733 0.18677375 0.15204434 0.08047998 0.16354728 0.17371125 0.21269253 0.29420729 0.08734826 0.25049077 0.39533738 0.19210699 0.46765758 0.29124758 0.55646313 0.20944470 0.16078825 0.52952466 0.28327593 0.12647330 0.27680028 0.47105690 0.21695900 0.21040644 0.21481338 0.20653775 0.21365178 0.26026360 0.29711651 0.21422644 0.18850366 0.15266835 0.27522974 0.13278682 
0.25231591 0.21379499 0.24481141 0.35280235 0.20558919 0.27665181 0.12754163 0.16205995 0.31067259 0.27484390 0.39604078 0.33364084 0.00000000 0.44352638 0.41981638 0.28316068 0.35269607 0.17075106 0.24609617 0.22041935 0.17197201 0.15300173 0.27577499 0.27261842 0.29380339 0.20922855 0.32142162 0.21917975 0.09991430 0.18368411 0.13543255 0.35977442 0.16131780 0.23882405 0.26063273 0.90619507 0.17184539 0.36722031 0.73995049 0.20358903 0.14228826 0.25457462 0.11062371 0.16060398 0.14697803 0.14040865 0.17496652 0.12102440 0.30332144 0.21093666 0.13923627 0.28951367 0.34175708 0.23161555 0.21432039 0.35721776 
0.16455898 0.09955872 0.21880104 0.28555746 0.29494396 0.10896566 0.18485090 0.17416568 0.19779326 0.21096051 0.25290095 0.32886620 0.44352638 0.00000000 0.29788214 0.31329273 0.09914433 0.41622355 0.14517312 0.16092715 0.21048045 0.16747928 0.20227696 0.18324144 0.09470413 0.21608355 0.11389274 0.12863270 0.12412915 0.25677024 0.14162021 0.12827770 0.24010160 0.20669268 0.20141735 0.65352848 0.23635774 1.87195793 0.17905535 0.17603265 0.23033274 0.21406349 0.23046105 0.13824712 0.22998229 0.31812584 0.14691216 0.13156014 0.15435610 0.17797136 0.31368692 0.10505916 0.19808120 0.10571328 0.24003353 0.22075091 
0.25158859 0.20336287 0.20573182 0.26218763 0.18898995 0.29813395 0.17312176 0.25023063 0.21617733 0.38704033 0.36994228 0.19426165 0.41981638 0.29788214 0.00000000 0.58868054 0.31720620 0.28863489 0.27703022 0.20689403 0.18063905 0.18257532 0.46091609 0.25220244 0.24761475 0.23553922 0.23835148 0.19808681 0.21320977 0.20743272 0.26532736 0.33475816 0.16830914 0.44934420 0.28372639 0.44119743 0.27602130 0.17468384 0.31831172 0.20282136 0.19406159 0.33723209 0.20716611 0.23329001 0.20838212 0.15168591 0.14297802 0.30681474 0.34017779 0.18238736 0.21452728 0.30672024 0.19564887 0.25355093 0.16710239 0.27508754 
0.19987420 0.22132724 0.22594768 0.13843354 0.18037434 0.25331380 0.13891243 0.40533276 0.33350904 0.08577631 0.40094291 0.22407676 0.28316068 0.31329273 0.58868054 0.00000000 0.55574617 0.81377379 0.43956821 0.19106678 0.39386449 0.24351813 0.10542297 0.13607597 0.26441611 0.03052401 0.36089163 0.20673230 0.09975654 0.20353995 0.25125979 0.21959290 0.10204175 0.35621305 0.25871757 0.51732559 0.47386739 0.27713024 0.16711667 0.16225287 0.14179701 0.15321822 0.20840312 0.12274438 0.13040346 0.19818355 0.32720096 0.23810239 0.20321578 0.18067877 0.25632594 0.24878990 0.24917105 0.21666753 0.22158802 0.30587425 
0.23533737 0.25780940 0.23584691 0.28830038 0.20301436 0.22389553 0.09009253 0.25826749 0.39441676 0.27970331 0.41665490 0.17108713 0.35269607 0.09914433 0.31720620 0.55574617 0.00000000 0.52637417 0.47591929 0.16925782 0.29617581 0.10359415 0.13742517 0.15700918 0.26582500 0.32953912 0.23271620 0.25776266 0.19297686 0.20075155 0.21309737 0.34559495 0.25410239 0.82642144 0.25074569 0.56409409 0.20948723 0.19483268 0.39194812 0.17783481 0.15004101 0.24548544 0.19533427 0.11081906 0.12668166 0.22331300 0.35923188 0.29403177 0.20013768 0.21724102 0.18430144 0.22872525 0.29826633 0.20804413 0.25410812 0.21534892 
0.26543295 0.20798758 0.24634036 0.29433503 0.18704642 0.16831090 0.17870698 0.24054205 0.21739869 0.01649936 0.41296365 0.27494355 0.17075106 0.41622355 0.28863489 0.81377379 0.52637417 0.00000000 0.53109636 0.43598646 0.11959249 0.21985361 0.12114511 0.25911692 0.23711561 0.24407335 0.23473599 0.20330933 0.25719362 0.20339740 0.26833578 0.26660942 0.18525392 0.61671118 0.23089343 0.17270757 0.52158795 0.21707978 0.39171911 0.11992423 0.19302170 0.19227881 0.21966313 0.08503259 0.23877950 0.38914284 0.15472991 0.23104027 0.33904129 0.21339060 0.23585629 0.09940433 0.22097127 0.28524140 0.25862039 0.15683590 
0.24781131 0.34443341 0.23348513 0.25546941 0.17376966 0.23341331 0.18519739 0.27404561 0.40368077 0.23952937 0.28263275 0.18888391 0.24609617 0.14517312 0.27703022 0.43956821 0.47591929 0.53109636 0.00000000 0.27954465 0.38570082 0.30630672 0.36794244 0.14919017 0.22853546 0.31441167 0.25451050 0.23213042 0.22730813 0.19411204 0.25810187 0.58844368 0.13423192 0.46667208 0.15795078 0.13916739 0.12348204 0.19727302 0.17799037 0.19549500 0.21484386 0.21480856 0.19529289 0.24336818 0.22187022 0.14949388 0.15961050 0.30229200 0.28112112 0.34427044 0.21982446 0.35529573 0.33583825 0.26230238 0.18383391 0.29719210 
0.22943622 0.23433883 0.21751157 0.18107166 0.21192013 0.26151478 0.12717729 0.22087402 0.20008613 0.14440240 0.14652703 0.33885135 0.22041935 0.16092715 0.20689403 0.19106678 0.16925782 0.43598646 0.27954465 0.00000000 0.25186927 0.23637401 0.31649403 0.27696874 0.23558934 0.13131511 0.17568559 0.17228413 0.27458382 0.25224151 0.03563903 0.29093709 0.31422526 0.24758153 0.23655918 0.17542093 0.30313962 0.12535695 0.21995305 0.20542674 0.25552043 0.28640621 0.18854994 1.40661550 0.28298418 0.82975230 0.24358350 0.26834610 0.18316260 0.22891502 0.22840366 0.08005658 0.17436326 0.20429477 0.18191801 0.23866949 
0.26188741 0.23707386 0.18256608 0.14226625 0.21040154 0.16519511 0.17399899 0.18412099 0.09848183 0.21295882 0.10017754 0.30185195 0.17197201 0.21048045 0.18063905 0.39386449 0.29617581 0.11959249 0.38570082 0.25186927 0.00000000 0.36890189 0.36416305 0.11738076 0.00000000 0.23313645 0.25139566 0.23906159 0.27359988 0.29650284 0.46042978 0.36875657 0.22961590 0.12900770 0.12497733 0.20574478 0.28400705 0.25999976 0.17744182 0.21035762 0.37396430 0.20070232 0.34720523 0.19674550 0.25680855 0.36972630 0.34493822 0.68775143 0.28491032 0.29288545 0.25461017 0.12424673 0.31937551 0.20751424 0.29724230 0.25131146 
0.22311222 0.20602709 0.19285999 0.12872516 0.36853484 0.15025161 0.33356953 0.21841602 0.74741142 0.16499585 0.10805690 0.22886095 0.15300173 0.16747928 0.18257532 0.24351813 0.10359415 0.21985361 0.30630672 0.23637401 0.36890189 0.00000000 0.25025125 0.44001757 0.28210845 0.38783193 0.40996380 0.09482766 0.24462839 0.23728958 0.71721194 0.37392396 0.36813148 0.10460778 0.23306505 0.26002876 0.13310150 0.14836300 0.32417435 0.20944494 0.20344641 0.25993859 0.19277093 0.13604029 0.29466278 0.24374791 0.27013042 0.14422987 0.21823047 0.23984457 0.27638518 0.27009863 0.28342826 0.11710507 0.25455908 0.20844462 
0.24555335 0.34228111 0.21571036 0.21986156 0.31548688 0.36937775 0.12792767 0.31256179 0.19320908 0.17519570 0.31550502 0.43471733 0.27577499 0.20227696 0.46091609 0.10542297 0.13742517 0.12114511 0.36794244 0.31649403 0.36416305 0.25025125 0.00000000 0.41694887 0.18226235 0.15585896 0.19971040 0.45852797 0.19345809 0.31189665 0.25105589 0.15576393 0.40593810 0.20072185 0.16641063 0.20844799 0.36793427 0.26114720 0.18499247 0.27601638 0.36096076 0.15914866 0.27763193 0.07539717 0.22732172 0.27134120 0.23278452 0.03144529 0.09667825 0.16566886 0.28148185 0.11583939 0.15398271 0.16216246 0.34725417 0.26604623 
0.29438537 0.15007577 0.15164916 0.18298450 0.26675011 0.23173306 0.25770887 0.28902123 0.21813455 0.14888615 0.24270997 0.18677375 0.27261842 0.18324144 0.25220244 0.13607597 0.15700918 0.25911692 0.14919017 0.27696874 0.11738076 0.44001757 0.41694887 0.00000000 0.34012027 0.24840148 0.28460539 0.28879762 0.27416217 0.30004381 1.44042105 0.19030646 0.22204002 0.39219003 0.11102068 0.18224729 0.22979955 0.28275371 0.02200957 0.29761971 0.24751319 0.17900045 0.23342760 0.18005953 0.19023971 0.14189534 0.17472120 0.29544946 0.20211940 0.23408231 0.25216850 0.15820348 0.14266244 0.12648403 0.24329041 0.25197376 
0.31330740 0.29330984 0.42691862 0.24546525 0.21606733 0.43781227 0.37225835 0.33309941 0.21269004 0.17084352 0.23176384 0.15204434 0.29380339 0.09470413 0.24761475 0.26441611 0.26582500 0.23711561 0.22853546 0.23558934 0.00000000 0.28210845 0.18226235 0.34012027 0.00000000 0.48551867 0.23313463 0.57556268 0.41094275 0.16922241 0.32695796 0.36240830 0.13998749 0.19339258 0.18456618 0.09783732 0.12306624 0.13096445 0.37991464 0.21966561 0.25974658 0.39291160 0.18205751 0.20726509 0.16300304 0.36022930 0.35650151 0.30690280 0.23253266 0.16318195 0.24664632 0.38474826 0.34499053 0.37883278 0.20498821 0.26253810 
0.23735062 0.36105163 0.36187312 0.28177867 0.19098589 0.34110940 0.33202198 0.39853473 0.23926594 0.33328196 0.21901713 0.08047998 0.20922855 0.21608355 0.23553922 0.03052401 0.32953912 0.24407335 0.31441167 0.13131511 0.23313645 0.38783193 0.15585896 0.24840148 0.48551867 0.00000000 0.43660954 0.31821013 0.55256449 0.17848115 0.27940883 0.34774130 0.20555755 0.20269297 0.18381420 0.14852611 0.18180779 0.17051854 0.25382663 0.16820207 0.20443927 0.21264446 0.18252820 0.13839368 0.23083093 0.35100355 0.23190589 0.32371384 0.39117340 0.27324141 0.19131411 0.30763722 0.38787976 0.33821967 0.24990183 0.28375664 
0.24845698 0.23805452 0.30599807 0.29388420 0.22747223 0.14312862 0.24967456 0.15642435 0.21053648 0.16457872 0.29005479 0.16354728 0.32142162 0.11389274 0.23835148 0.36089163 0.23271620 0.23473599 0.25451050 0.17568559 0.25139566 0.40996380 0.19971040 0.28460539 0.23313463 0.43660954 0.00000000 0.29237255 0.69124796 0.20957920 0.83957457 0.34212931 0.18532103 0.27172265 0.14796127 0.06086110 0.24597673 0.19916516 0.35746090 0.20102342 0.13894677 0.16793302 0.23402682 0.20987745 0.23809703 0.22970768 0.14143509 0.27832417 0.30169092 0.33033726 0.24655759 0.23081178 0.24172114 0.29681176 0.17358716 0.38252448 
0.28930174 0.38848450 0.45925874 0.24593696 0.22646969 0.39577557 0.25388783 0.36145505 0.10832164 0.20056029 0.21977632 0.17371125 0.21917975 0.12863270 0.19808681 0.20673230 0.25776266 0.20330933 0.23213042 0.17228413 0.23906159 0.09482766 0.45852797 0.28879762 0.57556268 0.31821013 0.29237255 0.00000000 0.36685875 0.22937316 0.50647049 0.28078075 0.10922517 0.33387330 0.17827577 0.14370385 0.11233233 0.19986179 0.20133061 0.17071111 0.19634891 0.29495236 0.20543692 0.15274846 0.11424306 0.24681313 0.28217070 0.38909469 0.44750799 0.17198246 0.18140169 0.45650179 0.23414863 0.30953854 0.22904459 0.37786953 
0.24942478 0.16180074 0.19868769 0.26437549 0.17857314 0.26717030 0.20399704 0.25351429 0.27459178 0.35223427 0.19371187 0.21269253 0.09991430 0.12412915 0.21320977 0.09975654 0.19297686 0.25719362 0.22730813 0.27458382 0.27359988 0.24462839 0.19345809 0.27416217 0.41094275 0.55256449 0.69124796 0.36685875 0.00000000 0.18706341 0.32501750 0.28797486 0.17506850 0.40952973 0.31032456 0.22053705 0.29004158 0.23352339 0.24357376 0.20313110 0.19321022 0.32952581 0.19001556 0.17144587 0.18536737 0.26904872 0.25909650 0.24642002 0.41774252 0.26584191 0.22109252 0.33128958 0.33341725 0.34656064 0.16727043 0.30746477 
0.23406600 0.26257683 0.22133030 0.18307082 0.35376038 0.17402617 0.20965050 0.22219192 0.25760640 0.22811112 0.21149353 0.29420729 0.18368411 0.25677024 0.20743272 0.20353995 0.20075155 0.20339740 0.19411204 0.25224151 0.29650284 0.23728958 0.31189665 0.30004381 0.16922241 0.17848115 0.20957920 0.22937316 0.18706341 0.00000000 0.17685325 0.20453377 0.33178567 0.16897976 0.25383734 0.22967733 0.34572525 0.25923471 0.18613074 0.24063473 0.26679393 0.20772101 0.34883725 0.24509750 0.42181033 0.19271223 0.18056369 0.20425428 0.20660918 0.28035329 0.38148008 0.18966422 0.20340781 0.19737638 0.37340254 0.16712278 
0.22182672 0.30542722 0.22477348 0.25178799 0.18564016 0.25741674 0.15958640 0.18554694 0.32027324 0.18293561 0.20101214 0.08734826 0.13543255 0.14162021 0.26532736 0.25125979 0.21309737 0.26833578 0.25810187 0.03563903 0.46042978 0.71721194 0.25105589 1.44042105 0.32695796 0.27940883 0.83957457 0.50647049 0.32501750 0.17685325 0.00000000 0.31236454 0.16982409 0.24084806 0.19124632 0.14952143 0.08046139 0.24240763 0.17615566 0.09244846 0.21031871 0.24480676 0.21913299 0.02847298 0.17952082 0.18930339 0.31172804 0.31581287 0.29446008 0.24991893 0.18425939 0.07592878 0.16855648 0.18159539 0.14795504 0.30058270 
0.24692895 0.26211903 0.35796095 0.11045801 0.24120209 0.27926656 0.26053013 0.23247366 0.14690151 0.31736239 0.26527111 0.25049077 0.35977442 0.12827770 0.33475816 0.21959290 0.34559495 0.26660942 0.58844368 0.29093709 0.36875657 0.37392396 0.15576393 0.19030646 0.36240830 0.34774130 0.34212931 0.28078075 0.28797486 0.20453377 0.31236454 0.00000000 0.16864380 0.44331365 0.21150493 0.22404949 0.15780951 0.22401807 0.12974018 0.24425528 0.17070881 0.16986154 0.15190063 0.20222467 0.19505367 0.28515779 0.21262362 0.29418373 0.27661149 0.26752701 0.27029556 0.34512544 0.24762840 0.42608742 0.15616303 0.27633597 
0.28222050 0.23771602 0.22518536 0.27180427 0.30557525 0.21287418 0.15402558 0.20706935 0.21794728 0.31306221 0.21836045 0.39533738 0.16131780 0.24010160 0.16830914 0.10204175 0.25410239 0.18525392 0.13423192 0.31422526 0.22961590 0.36813148 0.40593810 0.22204002 0.13998749 0.20555755 0.18532103 0.10922517 0.17506850 0.33178567 0.16982409 0.16864380 0.00000000 0.17380978 0.34014868 0.35696375 0.29947976 0.29266107 0.18861763 0.35153501 0.36827784 0.22476328 0.27282969 0.24369975 0.27788011 0.18170359 0.16342235 0.16106441 0.20861576 0.23705783 0.30468325 0.25417083 0.20808109 0.21193795 0.27159032 0.37006768 
0.20690504 0.26658682 0.16546536 0.22338376 0.15979593 0.27565735 0.18977660 0.07074961 0.19862434 0.36194809 0.37911771 0.19210699 0.23882405 0.20669268 0.44934420 0.35621305 0.82642144 0.61671118 0.46667208 0.24758153 0.12900770 0.10460778 0.20072185 0.39219003 0.19339258 0.20269297 0.27172265 0.33387330 0.40952973 0.16897976 0.24084806 0.44331365 0.17380978 0.00000000 0.26891080 0.18316691 0.30984596 0.20114829 0.24599144 0.19268388 0.16006493 0.26288913 0.16104144 0.27261050 0.13519948 0.22880850 0.21236244 0.18998969 0.28400046 0.27521803 0.25026928 0.19907115 0.25200037 0.34051958 0.16592444 0.29340122 
0.17208250 0.29027727 0.29700289 0.20497060 0.22677049 0.07821105 0.14392787 0.12300192 0.27313818 0.23953886 0.23317701 0.46765758 0.26063273 0.20141735 0.28372639 0.25871757 0.25074569 0.23089343 0.15795078 0.23655918 0.12497733 0.23306505 0.16641063 0.11102068 0.18456618 0.18381420 0.14796127 0.17827577 0.31032456 0.25383734 0.19124632 0.21150493 0.34014868 0.26891080 0.00000000 0.24369817 0.46471606 0.28473127 0.28596044 0.69761087 0.32661615 0.27034231 0.36687885 0.41788082 0.16018620 0.35526561 0.23619676 0.25110740 0.19641310 0.10160441 0.25953447 0.22712515 0.07528370 0.18559514 0.27700283 0.28743230 
0.24507549 0.14645354 0.15748597 0.18214295 0.20720870 0.06184109 0.05625260 0.08228885 0.40987108 0.32377705 0.70432398 0.29124758 0.90619507 0.65352848 0.44119743 0.51732559 0.56409409 0.17270757 0.13916739 0.17542093 0.20574478 0.26002876 0.20844799 0.18224729 0.09783732 0.14852611 0.06086110 0.14370385 0.22053705 0.22967733 0.14952143 0.22404949 0.35696375 0.18316691 0.24369817 0.00000000 0.24496973 0.64056242 0.40686640 0.17426267 0.19010543 0.17848379 0.22964191 0.12048426 0.12328912 0.12404681 0.25768617 0.09710181 0.21959778 0.09412473 0.23977255 0.18614965 0.17181907 0.21385731 0.21520244 0.21360793 
0.16768023 0.20350859 0.10954402 0.16291426 0.26722737 0.26663680 0.17539895 0.23253022 0.25375526 0.14298039 0.26298058 0.55646313 0.17184539 0.23635774 0.27602130 0.47386739 0.20948723 0.52158795 0.12348204 0.30313962 0.28400705 0.13310150 0.36793427 0.22979955 0.12306624 0.18180779 0.24597673 0.11233233 0.29004158 0.34572525 0.08046139 0.15780951 0.29947976 0.30984596 0.46471606 0.24496973 0.00000000 0.16345738 0.21011993 0.47216538 0.24637411 0.32221930 0.24286131 0.33539071 0.22274152 0.28085925 0.19340497 0.15069232 0.10048564 0.19610082 0.27165001 0.13386407 0.19944439 0.18311323 0.25779604 0.14747329 
0.15674169 0.14429958 0.18289956 0.14595832 0.24458238 0.21387164 0.17688126 0.11720836 0.22248807 0.24239003 0.22903745 0.20944470 0.36722031 1.87195793 0.17468384 0.27713024 0.19483268 0.21707978 0.19727302 0.12535695 0.25999976 0.14836300 0.26114720 0.28275371 0.13096445 0.17051854 0.19916516 0.19986179 0.23352339 0.25923471 0.24240763 0.22401807 0.29266107 0.20114829 0.28473127 0.64056242 0.16345738 0.00000000 0.19382165 0.15623162 0.22593192 0.21416930 0.19698484 0.12336650 0.15181951 0.30826580 0.25058053 0.17408793 0.18402878 0.21035090 0.23652468 0.19491918 0.18043742 0.13869511 0.22484406 0.14158316 
0.27381670 0.21581422 0.20333136 0.25087304 0.23689500 0.26249976 0.21792153 0.29434902 0.20766700 0.36791333 0.27575363 0.16078825 0.73995049 0.17905535 0.31831172 0.16711667 0.39194812 0.39171911 0.17799037 0.21995305 0.17744182 0.32417435 0.18499247 0.02200957 0.37991464 0.25382663 0.35746090 0.20133061 0.24357376 0.18613074 0.17615566 0.12974018 0.18861763 0.24599144 0.28596044 0.40686640 0.21011993 0.19382165 0.00000000 0.31759628 0.26430666 0.38449641 0.22331747 0.35223410 0.20104137 0.32162142 0.11971586 0.24657495 0.29293171 0.33194381 0.21864335 0.18551739 0.37457232 0.33418869 0.24109719 0.24378024 
0.14805722 0.14902694 0.21940930 0.06080709 0.25572091 0.19733582 0.24388601 0.31780147 0.18661730 0.65727162 0.15824834 0.52952466 0.20358903 0.17603265 0.20282136 0.16225287 0.17783481 0.11992423 0.19549500 0.20542674 0.21035762 0.20944494 0.27601638 0.29761971 0.21966561 0.16820207 0.20102342 0.17071111 0.20313110 0.24063473 0.09244846 0.24425528 0.35153501 0.19268388 0.69761087 0.17426267 0.47216538 0.15623162 0.31759628 0.00000000 0.49692067 0.26619327 0.22227721 0.49805404 0.27980166 0.20698741 0.31733894 0.11926292 0.21788083 0.19226584 0.22877725 0.12796893 0.22242001 0.18819570 0.23304080 0.19470570 
0.20784647 0.17735468 0.25186015 0.22388185 0.26805636 0.32839653 0.45362747 0.19699139 0.20514732 0.37623401 0.15613219 0.28327593 0.14228826 0.23033274 0.19406159 0.14179701 0.15004101 0.19302170 0.21484386 0.25552043 0.37396430 0.20344641 0.36096076 0.24751319 0.25974658 0.20443927 0.13894677 0.19634891 0.19321022 0.26679393 0.21031871 0.17070881 0.36827784 0.16006493 0.32661615 0.19010543 0.24637411 0.22593192 0.26430666 0.49692067 0.00000000 0.23760884 0.64541362 0.52553428 0.20574385 0.11168091 0.21021208 0.13122888 0.14568646 0.19357929 0.25355308 0.14448198 0.11495375 0.20411840 0.29141383 0.18248514 
0.20418292 0.28899911 0.47027589 0.63401006 0.17239765 0.29617742 0.56214467 0.24327160 0.21813543 0.28477665 0.13207030 0.12647330 0.25457462 0.21406349 0.33723209 0.15321822 0.24548544 0.19227881 0.21480856 0.28640621 0.20070232 0.25993859 0.15914866 0.17900045 0.39291160 0.21264446 0.16793302 0.29495236 0.32952581 0.20772101 0.24480676 0.16986154 0.22476328 0.26288913 0.27034231 0.17848379 0.32221930 0.21416930 0.38449641 0.26619327 0.23760884 0.00000000 0.21749974 0.30867216 0.30519170 0.35218934 0.25435056 0.29625529 0.36235173 0.30693829 0.18892626 0.29464648 0.24901178 0.17831599 0.21000621 0.22261398 
0.23594987 0.20948796 0.21271872 0.19165850 0.30342173 0.15361604 0.23485029 0.25352353 0.18586280 0.18098657 0.12978943 0.27680028 0.11062371 0.23046105 0.20716611 0.20840312 0.19533427 0.21966313 0.19529289 0.18854994 0.34720523 0.19277093 0.27763193 0.23342760 0.18205751 0.18252820 0.23402682 0.20543692 0.19001556 0.34883725 0.21913299 0.15190063 0.27282969 0.16104144 0.36687885 0.22964191 0.24286131 0.19698484 0.22331747 0.22227721 0.64541362 0.21749974 0.00000000 0.64143887 0.30947635 0.16766397 0.25637083 0.21345897 0.12284244 0.19681903 0.37805205 0.27994380 0.18418224 0.19938689 0.40058676 0.17404865 
0.31730075 0.16625514 0.18182588 0.25538347 0.18959982 0.05274468 0.32675273 0.27264534 0.17757833 0.26709471 0.23035030 0.47105690 0.16060398 0.13824712 0.23329001 0.12274438 0.11081906 0.08503259 0.24336818 1.40661550 0.19674550 0.13604029 0.07539717 0.18005953 0.20726509 0.13839368 0.20987745 0.15274846 0.17144587 0.24509750 0.02847298 0.20222467 0.24369975 0.27261050 0.41788082 0.12048426 0.33539071 0.12336650 0.35223410 0.49805404 0.52553428 0.30867216 0.64143887 0.00000000 0.16912905 0.48496264 0.23220002 0.08281488 0.17133328 0.17756072 0.24091746 0.08401752 0.20621690 0.27601712 0.21261580 0.22020743 
0.29981468 0.30472498 0.22720477 0.50460336 0.30526007 0.13816903 0.86989379 0.36873450 0.13597192 0.27925722 0.11444714 0.21695900 0.14697803 0.22998229 0.20838212 0.13040346 0.12668166 0.23877950 0.22187022 0.28298418 0.25680855 0.29466278 0.22732172 0.19023971 0.16300304 0.23083093 0.23809703 0.11424306 0.18536737 0.42181033 0.17952082 0.19505367 0.27788011 0.13519948 0.16018620 0.12328912 0.22274152 0.15181951 0.20104137 0.27980166 0.20574385 0.30519170 0.30947635 0.16912905 0.00000000 0.14238100 0.36829842 0.07218364 0.26828523 0.21402007 0.36893741 0.18420805 0.39888883 0.29092616 0.29681228 0.10080610 
0.22643931 0.27881353 0.20563887 0.19986782 0.18156398 0.30718573 0.10420319 0.10751993 0.12892357 0.33533303 0.15029651 0.21040644 0.14040865 0.31812584 0.15168591 0.19818355 0.22331300 0.38914284 0.14949388 0.82975230 0.36972630 0.24374791 0.27134120 0.14189534 0.36022930 0.35100355 0.22970768 0.24681313 0.26904872 0.19271223 0.18930339 0.28515779 0.18170359 0.22880850 0.35526561 0.12404681 0.28085925 0.30826580 0.32162142 0.20698741 0.11168091 0.35218934 0.16766397 0.48496264 0.14238100 0.00000000 0.45655446 0.32876850 0.34215117 0.66103865 0.17229360 0.35651224 0.31321932 0.28285486 0.19896871 0.31289745 
0.27244549 0.19717216 0.25133638 0.13174238 0.21569827 0.17600105 0.20482599 0.23832012 0.25172789 0.31958296 0.26684677 0.21481338 0.17496652 0.14691216 0.14297802 0.32720096 0.35923188 0.15472991 0.15961050 0.24358350 0.34493822 0.27013042 0.23278452 0.17472120 0.35650151 0.23190589 0.14143509 0.28217070 0.25909650 0.18056369 0.31172804 0.21262362 0.16342235 0.21236244 0.23619676 0.25768617 0.19340497 0.25058053 0.11971586 0.31733894 0.21021208 0.25435056 0.25637083 0.23220002 0.36829842 0.45655446 0.00000000 0.34104085 0.38391698 0.66510907 0.20424836 0.25309702 0.31267959 0.18777689 0.32341757 0.20094535 
0.21584710 0.26169576 0.32870379 0.22378627 0.21950875 0.53289085 0.21789910 0.25314103 0.29380022 0.12215425 0.29647648 0.20653775 0.12102440 0.13156014 0.30681474 0.23810239 0.29403177 0.23104027 0.30229200 0.26834610 0.68775143 0.14422987 0.03144529 0.29544946 0.30690280 0.32371384 0.27832417 0.38909469 0.24642002 0.20425428 0.31581287 0.29418373 0.16106441 0.18998969 0.25110740 0.09710181 0.15069232 0.17408793 0.24657495 0.11926292 0.13122888 0.29625529 0.21345897 0.08281488 0.07218364 0.32876850 0.34104085 0.00000000 0.24728964 0.31195901 0.24693737 1.10860453 0.30793600 0.23696992 0.24193161 0.24991294 
0.25369462 0.29491414 0.28409259 0.35106782 0.16412770 0.31362506 0.21294945 0.17056427 0.21182955 0.23701433 0.33063913 0.21365178 0.30332144 0.15435610 0.34017779 0.20321578 0.20013768 0.33904129 0.28112112 0.18316260 0.28491032 0.21823047 0.09667825 0.20211940 0.23253266 0.39117340 0.30169092 0.44750799 0.41774252 0.20660918 0.29446008 0.27661149 0.20861576 0.28400046 0.19641310 0.21959778 0.10048564 0.18402878 0.29293171 0.21788083 0.14568646 0.36235173 0.12284244 0.17133328 0.26828523 0.34215117 0.38391698 0.24728964 0.00000000 0.31386480 0.22564292 0.38699253 0.50420692 0.31299847 0.19942575 0.22241847 
0.23600482 0.23515056 0.31621350 0.32057487 0.19362272 0.33247887 0.21637342 0.17089436 0.10269782 0.25580942 0.25256814 0.26026360 0.21093666 0.17797136 0.18238736 0.18067877 0.21724102 0.21339060 0.34427044 0.22891502 0.29288545 0.23984457 0.16566886 0.23408231 0.16318195 0.27324141 0.33033726 0.17198246 0.26584191 0.28035329 0.24991893 0.26752701 0.23705783 0.27521803 0.10160441 0.09412473 0.19610082 0.21035090 0.33194381 0.19226584 0.19357929 0.30693829 0.19681903 0.17756072 0.21402007 0.66103865 0.66510907 0.31195901 0.31386480 0.00000000 0.19533640 0.28387995 0.38598509 0.59838883 0.21304150 0.27706329 
0.22506474 0.18327701 0.21383767 0.17782025 0.36043713 0.15625222 0.17096991 0.16389950 0.26530378 0.16896123 0.19932824 0.29711651 0.13923627 0.31368692 0.21452728 0.25632594 0.18430144 0.23585629 0.21982446 0.22840366 0.25461017 0.27638518 0.28148185 0.25216850 0.24664632 0.19131411 0.24655759 0.18140169 0.22109252 0.38148008 0.18425939 0.27029556 0.30468325 0.25026928 0.25953447 0.23977255 0.27165001 0.23652468 0.21864335 0.22877725 0.25355308 0.18892626 0.37805205 0.24091746 0.36893741 0.17229360 0.20424836 0.24693737 0.22564292 0.19533640 0.00000000 0.20226348 0.19053499 0.18807105 0.57371740 0.15090180 
0.22224170 0.26474762 0.39189583 0.20252032 0.24278720 0.33181356 0.36992530 0.26459598 0.31900667 0.23874685 0.27765337 0.21422644 0.28951367 0.10505916 0.30672024 0.24878990 0.22872525 0.09940433 0.35529573 0.08005658 0.12424673 0.27009863 0.11583939 0.15820348 0.38474826 0.30763722 0.23081178 0.45650179 0.33128958 0.18966422 0.07592878 0.34512544 0.25417083 0.19907115 0.22712515 0.18614965 0.13386407 0.19491918 0.18551739 0.12796893 0.14448198 0.29464648 0.27994380 0.08401752 0.18420805 0.35651224 0.25309702 1.10860453 0.38699253 0.28387995 0.20226348 0.00000000 0.28303871 0.32917796 0.18407428 0.46375777 
0.25635331 0.38285921 0.09913659 0.36712979 0.20054106 0.26393587 0.33295083 0.31569484 0.32906092 0.15893416 0.25736384 0.18850366 0.34175708 0.19808120 0.19564887 0.24917105 0.29826633 0.22097127 0.33583825 0.17436326 0.31937551 0.28342826 0.15398271 0.14266244 0.34499053 0.38787976 0.24172114 0.23414863 0.33341725 0.20340781 0.16855648 0.24762840 0.20808109 0.25200037 0.07528370 0.17181907 0.19944439 0.18043742 0.37457232 0.22242001 0.11495375 0.24901178 0.18418224 0.20621690 0.39888883 0.31321932 0.31267959 0.30793600 0.50420692 0.38598509 0.19053499 0.28303871 0.00000000 0.52175971 0.19232034 0.42114652 
0.26518539 0.25092697 0.25459988 0.64148058 0.21950170 0.50689689 0.22839814 0.32260365 0.18888837 0.22340086 0.21807876 0.15266835 0.23161555 0.10571328 0.25355093 0.21666753 0.20804413 0.28524140 0.26230238 0.20429477 0.20751424 0.11710507 0.16216246 0.12648403 0.37883278 0.33821967 0.29681176 0.30953854 0.34656064 0.19737638 0.18159539 0.42608742 0.21193795 0.34051958 0.18559514 0.21385731 0.18311323 0.13869511 0.33418869 0.18819570 0.20411840 0.17831599 0.19938689 0.27601712 0.29092616 0.28285486 0.18777689 0.23696992 0.31299847 0.59838883 0.18807105 0.32917796 0.52175971 0.00000000 0.22194547 0.34416294 
0.24279351 0.21445705 0.17681647 0.20920110 0.32685095 0.21182758 0.28898656 0.25700444 0.18355326 0.18375705 0.19729286 0.27522974 0.21432039 0.24003353 0.16710239 0.22158802 0.25410812 0.25862039 0.18383391 0.18191801 0.29724230 0.25455908 0.34725417 0.24329041 0.20498821 0.24990183 0.17358716 0.22904459 0.16727043 0.37340254 0.14795504 0.15616303 0.27159032 0.16592444 0.27700283 0.21520244 0.25779604 0.22484406 0.24109719 0.23304080 0.29141383 0.21000621 0.40058676 0.21261580 0.29681228 0.19896871 0.32341757 0.24193161 0.19942575 0.21304150 0.57371740 0.18407428 0.19232034 0.22194547 0.00000000 0.17758901 
0.16705285 0.32656123 0.29484644 0.21741689 0.15356379 0.43172983 0.26843450 0.28371220 0.23267725 0.20742614 0.20022257 0.13278682 0.35721776 0.22075091 0.27508754 0.30587425 0.21534892 0.15683590 0.29719210 0.23866949 0.25131146 0.20844462 0.26604623 0.25197376 0.26253810 0.28375664 0.38252448 0.37786953 0.30746477 0.16712278 0.30058270 0.27633597 0.37006768 0.29340122 0.28743230 0.21360793 0.14747329 0.14158316 0.24378024 0.19470570 0.18248514 0.22261398 0.17404865 0.22020743 0.10080610 0.31289745 0.20094535 0.24991294 0.22241847 0.27706329 0.15090180 0.46375777 0.42114652 0.34416294 0.17758901 0.00000000 
