0.00000000 0.30229672 0.22879283 0.29616468 0.14047709 0.12275774 0.10659146 0.19220273 0.17677583 0.16630879 0.15721676 0.14383630 0.11807204 0.22431377 0.16596152 0.19726021 0.13686103 0.21836482 0.13845259 0.22089295 0.12861972 0.21012590 0.22135435 0.19843846 0.17460696 0.25057432 0.27886953 0.20578137 0.21818312 0.22142519 0.19232191 0.23620487 0.13755834 0.27196000 0.13957923 0.13380685 0.17091890 0.17350517 0.13712280 0.20859663 0.16924538 0.12825557 0.20189152 0.15726618 0.16596198 0.20375406 0.17653314 0.17417815 0.22980186 0.21316586 0.22546484 0.18327489 0.21285927 0.20432837 0.15042944 0.12056066 0.22892428 0.14918242 0.17884795 0.20427876 0.15894440 0.15737560 0.14304128 0.17842301 0.15833713 0.23496645 0.19889193 0.24963622 0.20446211 0.36188844 0.22021395 0.32902793 0.17571275 0.18012441 0.20582098 0.21979090 0.20416018 0.19132235 0.10506363 0.16162700 0.11659176 0.21832745 0.16739741 0.18362207 0.14790184 0.17144550 0.16254415 
0.30229672 0.00000000 0.26467506 0.11469958 0.23449606 0.15235289 0.09534128 0.15705875 0.19037417 0.14715552 0.26105122 0.21888457 0.11773896 0.11399904 0.15720546 0.23620965 0.16970085 0.15485637 0.16832586 0.14503818 0.22786053 0.25047747 0.07396980 0.20574016 0.18756703 0.11302701 0.08724909 0.21934439 0.53538101 0.21304165 0.18739700 0.19379601 0.23446335 0.09483272 0.15130927 0.12542767 0.16521120 0.14790847 0.15342714 0.13764133 0.16541642 0.19179470 0.19148374 0.19923006 0.21300540 0.19469931 0.13617424 0.19633663 0.04134077 0.03117497 0.11830003 0.14202219 0.10445099 0.09783571 0.19476243 0.21403779 0.28123006 0.23011481 0.15561303 0.21017675 0.20401469 0.22210253 0.22765625 0.19121207 0.18750571 0.20017212 0.16109807 0.13491277 0.22533701 0.43909572 0.21657647 0.17956900 0.23689551 0.20585614 0.21590863 0.23437169 0.18664268 0.24095841 0.06517401 0.24385078 0.23655301 0.17903347 0.22124492 0.26891099 0.39434510 0.12556341 0.31184978 
0.22879283 0.26467506 0.00000000 0.25129561 0.53561844 0.14327689 0.21403028 0.19086225 0.13574547 0.17842615 0.13295202 0.19905180 0.10453963 0.17501802 0.12786473 0.16547717 0.08070231 0.10677705 0.16944071 0.12376834 0.28181614 0.24010937 0.23119871 0.14796397 0.14528378 0.17777087 0.16580172 0.25032505 0.17791492 0.19797099 0.14443890 0.44427938 0.28127896 0.54804043 0.19065991 0.22021693 0.16173253 0.13182260 0.13468602 0.08271916 0.22786806 0.15740018 0.16274854 0.12792926 0.11351601 0.09921980 0.31144546 0.19959279 0.21535452 0.29951756 0.16794139 0.17436358 0.20224754 0.63859025 0.14784350 0.15837344 0.13618355 0.07608799 0.11603390 0.15838806 0.14073411 0.13180869 0.21607309 0.11260411 0.20213887 0.13499329 0.08208856 0.14550215 0.27031005 0.37220172 0.19026832 0.34815975 0.33795987 0.26322796 0.17242274 0.06799313 0.18293466 0.08505963 0.14085706 0.11698560 0.18926578 0.19762954 0.12174696 0.16816354 0.22135948 0.18632147 0.16822170 
0.29616468 0.11469958 0.25129561 0.00000000 0.26288207 0.44397646 0.15914395 0.21545284 0.21427395 0.18971469 0.15666156 0.15473140 0.14393149 0.22580032 0.18814587 0.10528589 0.23078853 0.23354005 0.20297566 0.35999970 0.23228635 0.13722853 0.03054754 0.57490381 0.06981094 0.10997257 0.27818752 0.27610987 0.12961950 0.20506106 0.34948470 0.22998980 0.30594249 0.20751118 0.25828300 0.12147484 0.16406514 0.07000623 0.07949148 0.15655474 0.11422427 0.16003619 0.26949252 0.18984815 0.21309812 0.15310554 0.14114516 0.12613197 0.14547686 0.06810402 0.17432179 0.15182114 0.12715090 0.14154224 0.05641657 0.20530493 0.21420889 0.16595097 0.14307734 0.17250243 0.12230669 0.18302807 0.12436639 0.16442860 0.10406851 0.16480077 0.15054963 0.80243124 0.23980928 0.20550510 0.22187917 0.15068805 0.15772558 0.09318919 0.08164743 0.18600470 0.18125284 0.25696018 0.14032723 0.15676525 0.22917760 0.24580882 0.13440725 0.16445989 0.11705037 0.13627188 0.20929387 
0.14047709 0.23449606 0.53561844 0.26288207 0.00000000 0.29644815 0.14935129 0.18025004 0.14073234 0.24942755 0.20368076 0.21223501 0.08393834 0.20101266 0.13018672 0.15992688 0.22117173 0.10990473 0.10029200 0.08105978 0.17787033 0.17813726 0.25611177 0.09396393 0.04538050 0.13383234 0.27124865 0.18889214 0.16688558 0.12137728 0.26151035 0.16931881 0.31640221 0.34038185 0.26296114 0.16863247 0.13851894 0.16948029 0.29868708 0.14508636 0.25855175 0.19216865 0.23581459 0.25939513 0.13642041 0.19854542 0.27383288 0.20396422 0.19408173 0.34614524 0.28811968 0.14390756 0.16555229 0.29744998 0.13669910 0.13246702 0.20074777 0.13582487 0.11569066 0.20378216 0.16605817 0.13996577 0.23230412 0.17247118 0.09222646 0.19796580 0.31510964 0.16593405 0.18188279 0.29048327 0.15802542 0.13440784 0.45008913 0.06518800 0.09342071 0.21187890 0.11331525 0.10031245 0.14870583 0.06907625 0.21795257 0.15805102 0.10931729 0.06250932 0.19872222 0.24296629 0.12571489 
0.12275774 0.15235289 0.14327689 0.44397646 0.29644815 0.00000000 0.29070125 0.41164026 0.17247105 0.15122445 0.09387677 0.16646601 0.28701935 0.28235108 0.19661057 0.23939343 0.39678832 0.23282200 0.14285245 0.16887984 0.53913844 0.23758380 0.13950888 0.18806482 0.14981925 0.11604010 0.08771782 0.10257993 0.09221199 0.08026287 0.25424618 0.17999682 0.87084522 0.19861623 0.38059724 0.31006740 0.33799923 0.16546294 0.25140531 0.08915514 0.10745117 0.14357202 0.10892761 0.16764360 0.08580044 0.06544457 0.25013160 0.15967704 0.09040579 0.08295366 0.09743475 0.18759802 0.12374188 0.19424110 0.26474922 0.19423244 0.21722878 0.22824243 0.15654805 0.18247419 0.16023260 0.22958860 0.17056504 0.12728685 0.18427135 0.25537476 0.27481824 0.20971173 0.17831442 0.25843467 0.18984968 0.06583162 0.12656825 0.13497141 0.14096612 0.08195288 0.16242700 0.12978571 0.06871776 0.07123472 0.14395463 0.13596545 0.12641761 0.21357711 0.15065771 0.13750279 0.13087539 
0.10659146 0.09534128 0.21403028 0.15914395 0.14935129 0.29070125 0.00000000 0.28803102 0.14836075 0.12962622 0.06510390 0.13920691 0.42826994 0.36749169 0.28554300 0.32188430 0.39814304 0.23374867 0.09018430 0.10731080 0.23625995 0.18264506 0.11103686 0.14550009 0.10322111 0.14259507 0.08864091 0.05139163 0.11693893 0.23607726 0.20204597 0.13881932 0.25912518 0.20176691 0.23823791 0.47195296 0.32828411 0.25072887 0.14260964 0.20030319 0.13298571 0.20915536 0.16142025 0.20811865 0.13736358 0.02306194 0.16216579 0.51320113 0.10923007 0.29568091 0.20153542 0.23622822 0.12040966 0.12033621 0.21470777 0.14972371 0.23259042 0.19403133 0.17249788 0.20472095 0.21099324 0.22224576 0.23370027 0.38451874 0.48468124 0.18569986 0.12251940 0.10047666 0.05036184 0.19295079 0.19245244 0.16274236 0.17939261 0.15565057 0.08643780 0.12982560 0.22824751 0.21474869 0.27677670 0.16731614 0.18310337 0.11353267 0.12180418 0.08265446 0.18068229 0.10098359 0.18548254 
0.19220273 0.15705875 0.19086225 0.21545284 0.18025004 0.41164026 0.28803102 0.00000000 0.16473160 0.13929649 0.06685914 0.10716637 0.47404826 0.17728093 0.14668708 0.27244206 0.22104565 0.26034123 0.16997915 0.07613637 0.19781508 0.15652323 0.10970892 0.12745135 0.15694229 0.31905020 0.08016689 0.12051352 0.26587255 0.14591815 0.11497539 0.16117527 0.15584964 0.16705358 0.52086677 0.34454345 0.56375709 0.51773006 0.20139550 0.21814693 0.20920372 0.27909869 0.12891252 0.14715642 0.11573833 0.14822668 0.11173395 0.37099407 0.18654659 0.14488321 0.17072460 0.16603542 0.19801141 0.14358294 0.17012764 0.13968629 0.17763821 0.16472667 0.17176731 0.17211018 0.20153835 0.16500268 0.19813302 0.20339568 0.27653511 0.17130319 0.16879922 0.08110022 0.11979194 0.12210155 0.21083472 0.27403161 0.20084403 0.21897434 0.12547654 0.16005905 0.17114662 0.07667542 0.12091915 0.13790932 0.17464296 0.15905269 0.11602953 0.19172562 0.27701768 0.12417471 0.19384880 
0.17677583 0.19037417 0.13574547 0.21427395 0.14073234 0.17247105 0.14836075 0.16473160 0.00000000 0.53315492 0.42912339 0.43536210 0.25905015 0.26081942 0.16965224 0.21545127 0.24257307 0.17989008 0.22910259 0.24987940 0.20117745 0.14949801 0.13187467 0.12365892 0.16459707 0.21530384 0.24748588 0.16837687 0.17717131 0.18619724 0.09145688 0.19670471 0.30273609 0.23522532 0.36288555 0.15281890 0.18292922 0.26107194 0.22146503 0.13754490 0.13685529 0.06034672 0.21866936 0.20602427 0.06875793 0.10536193 0.24121572 0.17451930 0.14525699 0.15381497 0.21617036 0.06363843 0.15993726 0.16550851 0.14706147 0.26408391 0.05039891 0.18489974 0.22177090 0.21697289 0.19096527 0.18369384 0.07519110 0.06680708 0.21614836 0.22283767 0.09455314 0.19617202 0.17823601 0.21607841 0.15996323 0.22551868 0.10689269 0.19299260 0.13952640 0.19921461 0.12680866 0.15426321 0.15732534 0.07000705 0.16708280 0.21306294 0.16963438 0.21459245 0.12643932 0.22086302 0.17942728 
0.16630879 0.14715552 0.17842615 0.18971469 0.24942755 0.15122445 0.12962622 0.13929649 0.53315492 0.00000000 0.41226945 0.38074325 0.19865013 0.26889983 0.18324447 0.15983703 0.24485999 0.15869552 0.22984481 0.22078567 0.26004270 0.22940725 0.13131585 0.17090620 0.26050363 0.19717104 0.26813087 0.14001960 0.20174426 0.21631117 0.14407580 0.22984020 0.44777790 0.17031498 0.18065528 0.05573687 0.19647311 0.19216284 0.12088936 0.19261382 0.15026652 0.08928779 0.21579102 0.19843014 0.13733519 0.10627056 0.22403364 0.16141445 0.16461104 0.15173041 0.15807628 0.08840300 0.16387875 0.14217584 0.19141704 0.23917831 0.07233797 0.23146645 0.20334371 0.20718202 0.21013854 0.20392814 0.08904674 0.11716817 0.17349786 0.21837867 0.07173948 0.20610362 0.15420895 0.17458519 0.15596373 0.24365071 0.16213364 0.15236310 0.10987569 0.23266065 0.12923534 0.15023503 0.16712199 0.09682989 0.13457833 0.19399420 0.18658038 0.19191125 0.17810092 0.20630762 0.17683502 
0.15721676 0.26105122 0.13295202 0.15666156 0.20368076 0.09387677 0.06510390 0.06685914 0.42912339 0.41226945 0.00000000 0.51059789 0.33554703 0.20522065 0.13124117 0.17722370 0.22150568 0.22538956 0.19266117 0.25125260 0.20982695 0.26416542 0.15619850 0.15441715 0.23394915 0.22464782 0.27012754 0.20928813 0.18521257 0.25865509 0.15184380 0.19164358 0.22358145 0.21238175 0.18496312 0.14353827 0.17086969 0.23261006 0.12424177 0.19642144 0.16682041 0.05079623 0.18087737 0.15201711 0.04797218 0.09279273 0.22282338 0.11137541 0.17503142 0.16922866 0.13099725 0.00000000 0.20267678 0.17407691 0.24562003 0.30944225 0.04306199 0.17840556 0.22983346 0.20037678 0.20802929 0.21630779 0.10040287 0.11054294 0.14797377 0.19732091 0.04669817 0.20087720 0.27539521 0.27853678 0.15374227 0.25572558 0.14848376 0.15565332 0.12323259 0.19305964 0.12120176 0.14941745 0.15622632 0.07838360 0.14487074 0.36785156 0.22322896 0.24255672 0.22954632 0.20533777 0.12660956 
0.14383630 0.21888457 0.19905180 0.15473140 0.21223501 0.16646601 0.13920691 0.10716637 0.43536210 0.38074325 0.51059789 0.00000000 0.28121804 0.25153541 0.26691605 0.11981312 0.24217565 0.22157013 0.21048503 0.22775950 0.15766780 0.18152511 0.18349675 0.20337010 0.20966695 0.20013671 0.28657332 0.20262447 0.26023810 0.25978502 0.15138197 0.14428636 0.19111262 0.26158663 0.20874435 0.21142262 0.12436780 0.18193939 0.16008736 0.25243731 0.18464051 0.08065254 0.16457168 0.16791081 0.07341177 0.10886337 0.20388969 0.11525848 0.15831701 0.17919325 0.19627123 0.08265252 0.18058240 0.14369101 0.26831411 0.28753008 0.11650320 0.19130248 0.20081280 0.20257080 0.21085842 0.20711983 0.05747092 0.15741888 0.18592401 0.19044799 0.04401664 0.14834705 0.17417603 0.17477523 0.15460873 0.21646278 0.11713449 0.08690768 0.09514197 0.21899225 0.14532112 0.17054096 0.11352628 0.10041875 0.15148085 0.23717084 0.18249497 0.22852358 0.16326902 0.25383726 0.13312988 
0.11807204 0.11773896 0.10453963 0.14393149 0.08393834 0.28701935 0.42826994 0.47404826 0.25905015 0.19865013 0.33554703 0.28121804 0.00000000 0.23134948 0.28795049 0.17029285 0.22685317 0.34482348 0.13312267 0.09143190 0.23666770 0.21111818 0.09265453 0.16206049 0.24423369 0.28926962 0.01938611 0.07329285 0.20862908 0.23946157 0.10692421 0.22610678 0.12573519 0.11898551 0.32172783 0.17761839 0.30913098 0.31038738 0.19947178 0.19158287 0.29862225 0.17112174 0.15242014 0.14570762 0.12140717 0.10158496 0.15974892 0.23306667 0.17904148 0.21606468 0.09255951 0.21885107 0.22591447 0.19495592 0.14854925 0.20664196 0.23508598 0.15803204 0.12431258 0.16385862 0.13659324 0.17939238 0.25282023 0.17018867 0.30622537 0.22463235 0.11355776 0.13360906 0.21156844 0.28446801 0.18652023 0.14035804 0.13402576 0.18910830 0.17548467 0.17393706 0.15198143 0.14936317 0.14801287 0.30810981 0.17942941 0.08111184 0.33934191 0.25243077 0.22850431 0.16064874 0.13290524 
0.22431377 0.11399904 0.17501802 0.22580032 0.20101266 0.28235108 0.36749169 0.17728093 0.26081942 0.26889983 0.20522065 0.25153541 0.23134948 0.00000000 0.26721665 0.32850005 0.29757100 0.15635126 0.16486486 0.22731895 0.21674476 0.13997663 0.17541720 0.15777803 0.14777793 0.12427921 0.13982847 0.20771278 0.09739375 0.14790140 0.12184817 0.12463396 0.22778833 0.24807637 0.13757111 0.19306803 0.19676287 0.16790837 0.19521030 0.21120212 0.15730591 0.17607843 0.12337610 0.14405494 0.21938213 0.12852435 0.20406273 0.23039590 0.20817646 0.11293225 0.15580142 0.17510203 0.22018216 0.17258899 0.14951486 0.14239770 0.13160912 0.20031626 0.19332153 0.17431081 0.13663860 0.13683067 0.17344760 0.26262669 0.20628055 0.28048756 0.18112819 0.13849700 0.19326528 0.12495180 0.15216531 0.23465006 0.15258699 0.21513059 0.25157382 0.15297500 0.14986240 0.22365185 0.14642971 0.25046902 0.17065587 0.15189730 0.13069796 0.16880788 0.15915065 0.13679637 0.14038491 
0.16596152 0.15720546 0.12786473 0.18814587 0.13018672 0.19661057 0.28554300 0.14668708 0.16965224 0.18324447 0.13124117 0.26691605 0.28795049 0.26721665 0.00000000 0.37661868 0.29071194 0.29642227 0.35648461 0.17927284 0.16936201 0.21887870 0.20725439 0.18413893 0.11464604 0.11651237 0.20540996 0.13470088 0.17255179 0.22212393 0.21431201 0.13625428 0.15340259 0.13630135 0.23230537 0.18457255 0.13119332 0.22255402 0.08092789 0.14411815 0.13253263 0.20920247 0.19136697 0.15744772 0.19874071 0.20019996 0.14515419 0.17133735 0.29298729 0.15631858 0.17727007 0.14268230 0.17648426 0.26654867 0.16053767 0.29950275 0.21479687 0.29909704 0.24279659 0.20387780 0.20010620 0.21337060 0.21646452 0.21813171 0.22979223 0.19051413 0.22296403 0.12663949 0.10326934 0.18141486 0.18112559 0.21657937 0.14944509 0.14387619 0.12799990 0.18444559 0.21251458 0.16620339 0.22501761 0.28136060 0.28770775 0.06524905 0.15351647 0.10238742 0.17707073 0.07531709 0.18806674 
0.19726021 0.23620965 0.16547717 0.10528589 0.15992688 0.23939343 0.32188430 0.27244206 0.21545127 0.15983703 0.17722370 0.11981312 0.17029285 0.32850005 0.37661868 0.00000000 0.19666140 0.25391185 0.40499283 0.20390375 0.22292427 0.26210152 0.22276707 0.16574583 0.19853183 0.19276673 0.12494431 0.16445103 0.10667532 0.12927428 0.12599942 0.13873684 0.14736931 0.14325704 0.17935652 0.13407553 0.22312734 0.13981076 0.04631684 0.01273786 0.05200978 0.15142752 0.19662483 0.18770949 0.18050820 0.14968109 0.12718259 0.21608906 0.15044010 0.06214610 0.18236513 0.11839412 0.09948318 0.08773117 0.19044195 0.26839187 0.19742176 0.17301079 0.18818571 0.18324676 0.16903742 0.19438577 0.21994669 0.48525621 0.42679407 0.20979007 0.22763694 0.13372243 0.15337468 0.23090120 0.19702921 0.14396154 0.16140690 0.10884854 0.12549978 0.12110813 0.26853687 0.27628027 0.64349033 0.32425090 0.39502586 0.09643067 0.25464838 0.15822793 0.11084844 0.06380802 0.12152555 
0.13686103 0.16970085 0.08070231 0.23078853 0.22117173 0.39678832 0.39814304 0.22104565 0.24257307 0.24485999 0.22150568 0.24217565 0.22685317 0.29757100 0.29071194 0.19666140 0.00000000 0.26013677 0.06071230 0.16122714 0.07482017 0.14867266 0.16405637 0.13981778 0.14050425 0.10992010 0.27471153 0.13582920 0.11567974 0.13731328 0.27875130 0.13379028 0.22930479 0.23665466 0.16146839 0.18982286 0.14087830 0.12759800 0.17291304 0.16189084 0.22884585 0.15419948 0.12521950 0.14201493 0.30936118 0.22228024 0.26978500 0.12953785 0.16351189 0.15287870 0.25085302 0.21781341 0.09209766 0.17848720 0.17065417 0.16962763 0.30326012 0.17859976 0.18270313 0.20107661 0.16003517 0.19963496 0.29489384 0.14497386 0.28622988 0.25062997 0.16088854 0.13698247 0.18111186 0.10331697 0.15020306 0.22439781 0.11492078 0.13363168 0.24061727 0.21442807 0.13004132 0.17907591 0.21448829 0.23752944 0.19044541 0.11701045 0.03626729 0.21714041 0.15613596 0.16943690 0.10836330 
0.21836482 0.15485637 0.10677705 0.23354005 0.10990473 0.23282200 0.23374867 0.26034123 0.17989008 0.15869552 0.22538956 0.22157013 0.34482348 0.15635126 0.29642227 0.25391185 0.26013677 0.00000000 0.34514043 0.15842222 0.23511235 0.36885808 0.15927099 0.20538300 0.23199733 0.26585908 0.20232857 0.32834786 0.29368455 0.28263913 0.25646617 0.19353610 0.11015324 0.20903529 0.27858035 0.10821449 0.16618359 0.25055736 0.19752350 0.21478550 0.14447662 0.26209873 0.14975045 0.13058197 0.09860785 0.15050856 0.16798931 0.16700416 0.26150614 0.18107152 0.19238975 0.21003597 0.19178648 0.13144723 0.11488159 0.20712956 0.08176717 0.13567593 0.12644341 0.13639549 0.11941900 0.13889454 0.18886265 0.13087377 0.20814867 0.21096673 0.17714726 0.17269016 0.19487023 0.23084167 0.16401499 0.20307946 0.14812414 0.16622342 0.06017742 0.19331262 0.14345076 0.22673013 0.20964670 0.26186484 0.15232821 0.19723185 0.24318662 0.28026289 0.14350611 0.27283149 0.15851692 
0.13845259 0.16832586 0.16944071 0.20297566 0.10029200 0.14285245 0.09018430 0.16997915 0.22910259 0.22984481 0.19266117 0.21048503 0.13312267 0.16486486 0.35648461 0.40499283 0.06071230 0.34514043 0.00000000 0.19163020 0.09484963 0.33629481 0.25471375 0.24037818 0.17847734 0.19699627 0.15640919 0.16595863 0.20262679 0.27911222 0.20580830 0.17303064 0.17439572 0.11849598 0.08644298 0.13535227 0.02089470 0.19485923 0.20733270 0.18041162 0.20515129 0.09190266 0.10219983 0.15042732 0.18089597 0.19254712 0.18624603 0.09213037 0.21870571 0.25859205 0.21616323 0.12075013 0.17211933 0.09531842 0.18714536 0.21285595 0.11770710 0.18626108 0.14239303 0.16134691 0.17161896 0.13552133 0.22794542 0.19986663 0.18408727 0.16045398 0.19343425 0.19045149 0.10329663 0.13580294 0.20238586 0.19559538 0.23870694 0.19117924 0.17001104 0.22133144 0.16783144 0.23934743 0.60951216 0.40646805 0.18224904 0.22246285 0.60406815 0.29336557 0.17879578 0.23069965 0.16451279 
0.22089295 0.14503818 0.12376834 0.35999970 0.08105978 0.16887984 0.10731080 0.07613637 0.24987940 0.22078567 0.25125260 0.22775950 0.09143190 0.22731895 0.17927284 0.20390375 0.16122714 0.15842222 0.19163020 0.00000000 0.16524751 0.07388163 0.16092025 0.28656805 0.11156630 0.14095692 0.18902462 0.16085359 0.29659989 0.07067383 0.12693219 0.18805250 0.16417749 0.14164675 0.12267411 0.04139218 0.02973538 0.19321266 0.20804735 0.14160810 0.12895441 0.06393904 0.16086647 0.16435234 0.21347436 0.24187286 0.26996114 0.16739467 0.11490449 0.10468088 0.20540879 0.12611239 0.11908352 0.09566195 0.16905812 0.20634642 0.24530909 0.19828379 0.13813448 0.20050651 0.12836297 0.15227055 0.12902345 0.29601717 0.15930849 0.18132680 0.18523618 0.73927692 0.13904573 0.05096638 0.22803032 0.17512420 0.10426374 0.21320861 0.15169745 0.23758769 0.32656202 0.24118590 0.60795438 0.33690808 0.20795659 0.75499424 0.39147932 0.14187528 0.07176689 0.11074230 0.18856060 
0.12861972 0.22786053 0.28181614 0.23228635 0.17787033 0.53913844 0.23625995 0.19781508 0.20117745 0.26004270 0.20982695 0.15766780 0.23666770 0.21674476 0.16936201 0.22292427 0.07482017 0.23511235 0.09484963 0.16524751 0.00000000 0.21669721 0.14848382 0.18184208 0.38419653 0.15317989 0.11395221 0.15422868 0.11936258 0.15502172 0.33865139 0.14577702 0.62406905 0.17138238 0.46770784 0.21763058 0.26674423 0.21196080 0.19662590 0.12670947 0.06853604 0.20056520 0.15134747 0.16273650 0.08061074 0.04460543 0.11695893 0.23387603 0.16834400 0.12313716 0.11442514 0.21846776 0.08801666 0.14982464 0.15405905 0.25432270 0.15842118 0.18247845 0.12523366 0.19807648 0.19199290 0.17229199 0.20545830 0.16556200 0.22223943 0.15857169 0.24827526 0.20672563 0.16332172 0.15005207 0.15063857 0.21157140 0.17444630 0.11351082 0.15732548 0.20452267 0.18032995 0.29687153 0.17465082 0.15488044 0.22386739 0.13666127 0.13301866 0.21169541 0.20869848 0.14539701 0.12778915 
0.21012590 0.25047747 0.24010937 0.13722853 0.17813726 0.23758380 0.18264506 0.15652323 0.14949801 0.22940725 0.26416542 0.18152511 0.21111818 0.13997663 0.21887870 0.26210152 0.14867266 0.36885808 0.33629481 0.07388163 0.21669721 0.00000000 0.27984031 0.21183945 0.42881210 0.76506270 0.11203825 0.22308158 0.08666080 0.25450279 0.14094058 0.25565801 0.19584278 0.27620171 0.14342191 0.10339603 0.16660358 0.29156409 0.23929351 0.15474501 0.20401055 0.17620875 0.12818044 0.10889668 0.22718593 0.20840961 0.25137509 0.14751102 0.25215236 0.13759720 0.03848770 0.26303213 0.21850608 0.31983295 0.08640711 0.13232790 0.17090860 0.19042271 0.18645848 0.15095985 0.17213139 0.15979636 0.18429255 0.12672785 0.10853157 0.13191240 0.17351478 0.13646772 0.07765903 0.09422869 0.18087554 0.23148077 0.13296400 0.17798880 0.09911207 0.17098748 0.13523450 0.21108852 0.19664666 0.11239414 0.19762224 0.11862153 0.27329554 0.26252664 0.17599055 0.27010707 0.23157886 
0.22135435 0.07396980 0.23119871 0.03054754 0.25611177 0.13950888 0.11103686 0.10970892 0.13187467 0.13131585 0.15619850 0.18349675 0.09265453 0.17541720 0.20725439 0.22276707 0.16405637 0.15927099 0.25471375 0.16092025 0.14848382 0.27984031 0.00000000 0.28310596 0.20940485 0.16155074 0.50047187 0.21155534 0.29254968 0.24077585 0.02912737 0.10766337 0.15628960 0.18733433 0.17208817 0.19615813 0.10337237 0.16816200 0.07004156 0.14865665 0.12993757 0.15502328 0.17125229 0.16058851 0.13340567 0.14839748 0.15707479 0.12751265 0.12712043 0.10338199 0.13081990 0.11997630 0.14121498 0.26221454 0.12983700 0.14660895 0.22854379 0.17221730 0.15562057 0.13489192 0.12691911 0.20090472 0.21825445 0.29930718 0.09730149 0.19834164 0.20589086 0.19312653 0.22835366 0.21137671 0.19208086 0.22530844 0.21881932 0.20808282 0.25735973 0.16256097 0.25100552 0.15294044 0.64020513 0.22252297 0.18911047 0.45998551 0.52186325 0.17433667 0.23078874 0.47357952 0.14654242 
0.19843846 0.20574016 0.14796397 0.57490381 0.09396393 0.18806482 0.14550009 0.12745135 0.12365892 0.17090620 0.15441715 0.20337010 0.16206049 0.15777803 0.18413893 0.16574583 0.13981778 0.20538300 0.24037818 0.28656805 0.18184208 0.21183945 0.28310596 0.00000000 0.22736064 0.22047602 0.29075050 0.27653567 0.35175446 0.21903103 0.18762351 0.05499457 0.11919480 0.13492827 0.15591035 0.10630668 0.15799530 0.10634587 0.11699858 0.19709448 0.22372724 0.19934803 0.21288919 0.20254891 0.09690842 0.16823272 0.18288394 0.13585043 0.11644913 0.23761299 0.14230911 0.15402705 0.11755370 0.15073686 0.15263215 0.16744254 0.19931340 0.28757162 0.23485908 0.17480983 0.19223851 0.17795390 0.15204667 0.21988407 0.16523956 0.19094397 0.11584449 0.33191932 0.16578183 0.17953070 0.18865390 0.12969289 0.16518383 0.16808482 0.22365470 0.11794512 0.15006540 0.36018010 0.09030623 0.21929897 0.09713870 0.46664488 0.19464223 0.21309712 0.16697878 0.24967404 0.19756311 
0.17460696 0.18756703 0.14528378 0.06981094 0.04538050 0.14981925 0.10322111 0.15694229 0.16459707 0.26050363 0.23394915 0.20966695 0.24423369 0.14777793 0.11464604 0.19853183 0.14050425 0.23199733 0.17847734 0.11156630 0.38419653 0.42881210 0.20940485 0.22736064 0.00000000 0.32166493 0.22271440 0.22941467 0.31343294 0.38239168 1.05159568 0.31258825 0.21145318 0.17455744 0.16929069 0.03373640 0.09699437 0.21648257 0.11479715 0.17182765 0.24186548 0.20853524 0.15539360 0.19696954 0.22932104 0.25832087 0.11761472 0.17456253 0.14229247 0.19640539 0.12763781 0.18094303 0.23676349 0.18887104 0.13090440 0.19353606 0.10522796 0.15879157 0.16838101 0.15617452 0.17812558 0.17419205 0.26655923 0.14308430 0.07006392 0.12521911 0.08352642 0.20892325 0.14245453 0.20239728 0.16135997 0.26681058 0.23955173 0.25780426 0.27899039 0.20685510 0.19080828 0.15506272 0.10847256 0.15779949 0.12806506 0.27696055 0.15217013 0.20836913 0.11324045 0.15062028 0.14224130 
0.25057432 0.11302701 0.17777087 0.10997257 0.13383234 0.11604010 0.14259507 0.31905020 0.21530384 0.19717104 0.22464782 0.20013671 0.28926962 0.12427921 0.11651237 0.19276673 0.10992010 0.26585908 0.19699627 0.14095692 0.15317989 0.76506270 0.16155074 0.22047602 0.32166493 0.00000000 0.30104001 0.39132056 0.23646073 0.32268420 0.20731461 0.31140771 0.19928827 0.21202142 0.10931163 0.11000654 0.17898577 0.25569306 0.15195743 0.18826495 0.09392253 0.13168566 0.16226636 0.14557377 0.24291871 0.21795686 0.23897972 0.17928718 0.22617671 0.20523851 0.11105031 0.17179114 0.21470276 0.15237501 0.13796273 0.18038977 0.23972571 0.14414149 0.16153976 0.19408438 0.18245987 0.14693902 0.15802653 0.07113714 0.10926962 0.15843149 0.04873388 0.09580193 0.13455486 0.20240978 0.18060805 0.12225732 0.23282808 0.23301407 0.13801373 0.11011112 0.20135183 0.16419808 0.16006529 0.15053055 0.21761965 0.21719418 0.23962173 0.28320449 0.26143461 0.43283278 0.23057569 
0.27886953 0.08724909 0.16580172 0.27818752 0.27124865 0.08771782 0.08864091 0.08016689 0.24748588 0.26813087 0.27012754 0.28657332 0.01938611 0.13982847 0.20540996 0.12494431 0.27471153 0.20232857 0.15640919 0.18902462 0.11395221 0.11203825 0.50047187 0.29075050 0.22271440 0.30104001 0.00000000 0.42564515 0.34494005 0.25744103 0.18201598 0.18158222 0.19685020 0.16414335 0.24304093 0.08617448 0.12902539 0.21330820 0.20072367 0.22639595 0.14784589 0.12753458 0.19334386 0.15948454 0.15368929 0.22711300 0.22235389 0.11403048 0.13256673 0.19514416 0.15197663 0.25511202 0.11942481 0.17144235 0.17775018 0.16144557 0.15595078 0.16403682 0.14542453 0.15262593 0.18907159 0.15814172 0.21228585 0.16939262 0.09890619 0.15529012 0.15466982 0.26686837 0.22617388 0.12176600 0.18839012 0.15450442 0.21045858 0.22408799 0.18536140 0.13868647 0.14480754 0.16767581 0.16491990 0.11308404 0.11189532 0.32563137 0.09937427 0.20988360 0.25629044 0.82210132 0.19538602 
0.20578137 0.21934439 0.25032505 0.27610987 0.18889214 0.10257993 0.05139163 0.12051352 0.16837687 0.14001960 0.20928813 0.20262447 0.07329285 0.20771278 0.13470088 0.16445103 0.13582920 0.32834786 0.16595863 0.16085359 0.15422868 0.22308158 0.21155534 0.27653567 0.22941467 0.39132056 0.42564515 0.00000000 0.44569887 0.36101286 0.20430040 0.28102806 0.24225534 0.24945324 0.12582410 0.09571777 0.15646662 0.17568691 0.11706285 0.16216476 0.17366523 0.22954962 0.18658623 0.19925435 0.25384344 0.30837128 0.15386477 0.22870329 0.23343349 0.19834841 0.14412160 0.22986011 0.19635791 0.25894426 0.17544097 0.15063834 0.12599129 0.19739327 0.14577838 0.15798416 0.16632372 0.12133924 0.22017368 0.07460514 0.07718070 0.15509430 0.19252437 0.16700917 0.27001171 0.11098292 0.20529195 0.24642795 0.24908667 0.15924481 0.13307266 0.21603185 0.12895954 0.12791094 0.09443197 0.09391010 0.15320234 0.15407706 0.22889241 0.30061064 0.18838422 0.22593149 0.20009663 
0.21818312 0.53538101 0.17791492 0.12961950 0.16688558 0.09221199 0.11693893 0.26587255 0.17717131 0.20174426 0.18521257 0.26023810 0.20862908 0.09739375 0.17255179 0.10667532 0.11567974 0.29368455 0.20262679 0.29659989 0.11936258 0.08666080 0.29254968 0.35175446 0.31343294 0.23646073 0.34494005 0.44569887 0.00000000 0.42747016 0.30377234 0.21432677 0.17078389 0.25916338 0.25719117 0.10302795 0.16128890 0.19523827 0.26180456 0.16112309 0.28452423 0.14415125 0.22554873 0.15542706 0.19104582 0.27576466 0.14960294 0.07758700 0.22043106 0.30199346 0.16922328 0.16815507 0.13659837 0.17038279 0.11082068 0.03873374 0.00753653 0.15398759 0.17696157 0.14893164 0.14046966 0.13412152 0.08024428 0.05449558 0.09125261 0.19428907 0.17642783 0.17248915 0.22787447 0.26889614 0.17529961 0.26517032 0.17003326 0.24247413 0.08382811 0.22057472 0.08325716 0.18163136 0.13988518 0.16461325 0.12069061 0.16575470 0.19225668 0.15738611 0.27965507 0.28866355 0.21627440 
0.22142519 0.21304165 0.19797099 0.20506106 0.12137728 0.08026287 0.23607726 0.14591815 0.18619724 0.21631117 0.25865509 0.25978502 0.23946157 0.14790140 0.22212393 0.12927428 0.13731328 0.28263913 0.27911222 0.07067383 0.15502172 0.25450279 0.24077585 0.21903103 0.38239168 0.32268420 0.25744103 0.36101286 0.42747016 0.00000000 0.33762834 0.37504591 0.18912984 0.14198577 0.21802679 0.12127822 0.18941518 0.23584095 0.18932006 0.11631730 0.09588671 0.15604754 0.14480819 0.16883428 0.21968884 0.19614920 0.19125501 0.12676312 0.18497699 0.19425311 0.13328572 0.23799846 0.20594198 0.20067241 0.17551526 0.20367559 0.21232749 0.13365465 0.11547934 0.18475957 0.17033574 0.16489806 0.21915918 0.13353608 0.08515372 0.20449228 0.09464534 0.08466546 0.22539421 0.30047038 0.20112306 0.19950023 0.14144993 0.24773978 0.15345349 0.20737490 0.06376531 0.13395090 0.11408964 0.15175456 0.23033400 0.10424470 0.23388394 0.22243027 0.15331961 0.28106145 0.23842603 
0.19232191 0.18739700 0.14443890 0.34948470 0.26151035 0.25424618 0.20204597 0.11497539 0.09145688 0.14407580 0.15184380 0.15138197 0.10692421 0.12184817 0.21431201 0.12599942 0.27875130 0.25646617 0.20580830 0.12693219 0.33865139 0.14094058 0.02912737 0.18762351 1.05159568 0.20731461 0.18201598 0.20430040 0.30377234 0.33762834 0.00000000 0.42056580 0.65904870 0.22030341 0.15802321 0.12836053 0.16046473 0.17364855 0.21771350 0.09403166 0.17429397 0.14241748 0.16948672 0.17605037 0.19010590 0.32120797 0.13525802 0.04000822 0.18686422 0.21867457 0.02722450 0.23105383 0.15228967 0.18982235 0.18834964 0.11786042 0.19634250 0.14765834 0.15110462 0.14225571 0.10619229 0.10334786 0.20919728 0.10806939 0.13069225 0.14311452 0.19034453 0.21487856 0.12554717 0.19888908 0.17842873 0.14992899 0.13691419 0.19850076 0.19088316 0.15262098 0.13067671 0.21620829 0.17774611 0.19198005 0.12010685 0.13782576 0.16007261 0.28967204 0.14761149 0.20976406 0.15395775 
0.23620487 0.19379601 0.44427938 0.22998980 0.16931881 0.17999682 0.13881932 0.16117527 0.19670471 0.22984020 0.19164358 0.14428636 0.22610678 0.12463396 0.13625428 0.13873684 0.13379028 0.19353610 0.17303064 0.18805250 0.14577702 0.25565801 0.10766337 0.05499457 0.31258825 0.31140771 0.18158222 0.28102806 0.21432677 0.37504591 0.42056580 0.00000000 0.24636397 0.51197758 0.32255799 0.17524119 0.22382326 0.17436963 0.19269374 0.25847325 0.21552090 0.22145327 0.25510406 0.15944586 0.26846660 0.29761806 0.19657401 0.14742759 0.24800247 0.16545825 0.12322480 0.24984037 0.18536504 0.15850422 0.18788084 0.23190546 0.12796934 0.15943821 0.12237818 0.18001527 0.18678621 0.16223078 0.13914471 0.17501249 0.12399844 0.13211221 0.05814931 0.17145072 0.05543143 0.12479002 0.17062229 0.19752929 0.19344462 0.21660077 0.13875875 0.20862058 0.08307921 0.21148686 0.18602355 0.18975111 0.17588939 0.15354671 0.19308821 0.21172620 0.12444229 0.20402415 0.22487182 
0.13755834 0.23446335 0.28127896 0.30594249 0.31640221 0.87084522 0.25912518 0.15584964 0.30273609 0.44777790 0.22358145 0.19111262 0.12573519 0.22778833 0.15340259 0.14736931 0.22930479 0.11015324 0.17439572 0.16417749 0.62406905 0.19584278 0.15628960 0.11919480 0.21145318 0.19928827 0.19685020 0.24225534 0.17078389 0.18912984 0.65904870 0.24636397 0.00000000 0.25533605 0.43971478 0.24314873 0.28286916 0.17645866 0.26048079 0.10180382 0.13955660 0.16792251 0.19109887 0.18875435 0.11815764 0.14788971 0.23224813 0.11325116 0.13097816 0.13421574 0.14541660 0.21121074 0.28442047 0.23798789 0.15233889 0.23166865 0.09822144 0.12679108 0.16366964 0.14258457 0.11927340 0.17712440 0.13122389 0.05224801 0.17407983 0.21114193 0.19661417 0.10059943 0.18174938 0.14019739 0.14809439 0.12964307 0.06120541 0.05014289 0.21134709 0.15841368 0.17119544 0.12236892 0.01640884 0.15304162 0.07811387 0.07119944 0.11938217 0.12124740 0.08162696 0.15224709 0.12229591 
0.27196000 0.09483272 0.54804043 0.20751118 0.34038185 0.19861623 0.20176691 0.16705358 0.23522532 0.17031498 0.21238175 0.26158663 0.11898551 0.24807637 0.13630135 0.14325704 0.23665466 0.20903529 0.11849598 0.14164675 0.17138238 0.27620171 0.18733433 0.13492827 0.17455744 0.21202142 0.16414335 0.24945324 0.25916338 0.14198577 0.22030341 0.51197758 0.25533605 0.00000000 0.23106508 0.28849316 0.31529537 0.15121767 0.37843998 0.25150697 0.19197976 0.25119744 0.19706798 0.18103005 0.20645630 0.18389093 0.18491701 0.14779651 0.25411770 0.37265231 0.16364349 0.13108426 0.21807567 0.26998444 0.22225666 0.16870573 0.09249326 0.15244924 0.17672728 0.17497934 0.17685588 0.17754905 0.10527120 0.17503152 0.07743807 0.15578030 0.16154793 0.10958398 0.08864642 0.09635107 0.21598253 0.21813572 0.25536395 0.20983249 0.21551381 0.19493038 0.10364949 0.21331786 0.10486232 0.04334091 0.12911819 0.03810897 0.18516522 0.17105422 0.09286908 0.11767910 0.12231490 
0.13957923 0.15130927 0.19065991 0.25828300 0.26296114 0.38059724 0.23823791 0.52086677 0.36288555 0.18065528 0.18496312 0.20874435 0.32172783 0.13757111 0.23230537 0.17935652 0.16146839 0.27858035 0.08644298 0.12267411 0.46770784 0.14342191 0.17208817 0.15591035 0.16929069 0.10931163 0.24304093 0.12582410 0.25719117 0.21802679 0.15802321 0.32255799 0.43971478 0.23106508 0.00000000 0.31858105 0.88859424 0.47065564 0.28414489 0.25343207 0.23253858 0.18451577 0.13224405 0.18049386 0.08056163 0.07563142 0.00434845 0.22082770 0.06381874 0.18813998 0.15186319 0.14318415 0.07249806 0.04568872 0.18002385 0.14601682 0.21056745 0.18012363 0.14473888 0.15146482 0.18389412 0.17449931 0.11227373 0.07387662 0.11015673 0.14718974 0.11343292 0.15356986 0.18698233 0.14097630 0.21753162 0.09028091 0.08863290 0.16498963 0.05189373 0.23309590 0.18337303 0.08892083 0.15286189 0.14948210 0.14299133 0.12339942 0.11775634 0.20897284 0.15940120 0.15242103 0.18108580 
0.13380685 0.12542767 0.22021693 0.12147484 0.16863247 0.31006740 0.47195296 0.34454345 0.15281890 0.05573687 0.14353827 0.21142262 0.17761839 0.19306803 0.18457255 0.13407553 0.18982286 0.10821449 0.13535227 0.04139218 0.21763058 0.10339603 0.19615813 0.10630668 0.03373640 0.11000654 0.08617448 0.09571777 0.10302795 0.12127822 0.12836053 0.17524119 0.24314873 0.28849316 0.31858105 0.00000000 0.56496236 0.24766129 0.25252662 0.21802691 0.19189071 0.35360768 0.20795877 0.36455252 0.11447903 0.17154284 0.19458662 0.30905281 0.16018429 0.14431250 0.49725689 0.27780096 0.14351030 0.11601869 0.22304053 0.11053851 0.24910698 0.22965125 0.24224453 0.17817256 0.18851605 0.17005799 0.19191953 0.15437600 0.41467886 0.19687153 0.15011022 0.08870930 0.13620700 0.25339124 0.18636080 0.10640350 0.12899366 0.16935965 0.24499512 0.26458295 0.24697228 0.19085680 0.15162782 0.16280521 0.10645026 0.06821570 0.07283546 0.20515884 0.15869971 0.11902817 0.22979633 
0.17091890 0.16521120 0.16173253 0.16406514 0.13851894 0.33799923 0.32828411 0.56375709 0.18292922 0.19647311 0.17086969 0.12436780 0.30913098 0.19676287 0.13119332 0.22312734 0.14087830 0.16618359 0.02089470 0.02973538 0.26674423 0.16660358 0.10337237 0.15799530 0.09699437 0.17898577 0.12902539 0.15646662 0.16128890 0.18941518 0.16046473 0.22382326 0.28286916 0.31529537 0.88859424 0.56496236 0.00000000 0.34307309 0.32695898 0.27917472 0.26373582 0.20801634 0.15446520 0.17528901 0.06595734 0.12601480 0.17171250 0.24021960 0.17661505 0.18304096 0.21010174 0.20728166 0.16140476 0.12992447 0.17470818 0.12062956 0.17218401 0.18353569 0.18756076 0.17657776 0.16613323 0.14060958 0.21633210 0.18414209 0.19656602 0.20375709 0.09994579 0.03666035 0.13975301 0.18884839 0.17717510 0.16767831 0.18198031 0.22371606 0.17614885 0.17148986 0.15283093 0.10228877 0.14468244 0.07919839 0.15109782 0.11784084 0.13369068 0.21024968 0.23866455 0.14208251 0.16674976 
0.17350517 0.14790847 0.13182260 0.07000623 0.16948029 0.16546294 0.25072887 0.51773006 0.26107194 0.19216284 0.23261006 0.18193939 0.31038738 0.16790837 0.22255402 0.13981076 0.12759800 0.25055736 0.19485923 0.19321266 0.21196080 0.29156409 0.16816200 0.10634587 0.21648257 0.25569306 0.21330820 0.17568691 0.19523827 0.23584095 0.17364855 0.17436963 0.17645866 0.15121767 0.47065564 0.24766129 0.34307309 0.00000000 0.32313277 0.25050837 0.22069290 0.22968583 0.14813360 0.21475024 0.18026902 0.16964812 0.18601112 0.16800872 0.29898484 0.30269817 0.20381590 0.29668855 0.21921701 0.17999659 0.17158289 0.11881173 0.16780349 0.17720429 0.14454158 0.17405753 0.13985197 0.12386196 0.26795194 0.01312240 0.11079879 0.15281413 0.08645501 0.22702418 0.19963582 0.09073862 0.18484064 0.16540667 0.23525446 0.29786109 0.14742534 0.15261897 0.14998899 0.07503082 0.07501680 0.17087342 0.13351716 0.15896329 0.27098405 0.26042625 0.20992396 0.16521222 0.23788840 
0.13712280 0.15342714 0.13468602 0.07949148 0.29868708 0.25140531 0.14260964 0.20139550 0.22146503 0.12088936 0.12424177 0.16008736 0.19947178 0.19521030 0.08092789 0.04631684 0.17291304 0.19752350 0.20733270 0.20804735 0.19662590 0.23929351 0.07004156 0.11699858 0.11479715 0.15195743 0.20072367 0.11706285 0.26180456 0.18932006 0.21771350 0.19269374 0.26048079 0.37843998 0.28414489 0.25252662 0.32695898 0.32313277 0.00000000 0.37763740 0.63860872 0.43204046 0.26000166 0.20587798 0.27308514 0.24029364 0.23652614 0.19559503 0.23854945 0.19812940 0.24828782 0.26946207 0.27606829 0.17339452 0.13171530 0.13784369 0.15744591 0.20372827 0.19027925 0.15900478 0.15914104 0.17464746 0.20729226 0.07359764 0.08971172 0.15244985 0.16207785 0.07021656 0.19770725 0.25298655 0.17881773 0.16853721 0.19760813 0.23262909 0.17355202 0.12920476 0.05565933 0.18790888 0.17888487 0.19945569 0.20734784 0.11822230 0.20035101 0.16397348 0.14646587 0.21923697 0.12338153 
0.20859663 0.13764133 0.08271916 0.15655474 0.14508636 0.08915514 0.20030319 0.21814693 0.13754490 0.19261382 0.19642144 0.25243731 0.19158287 0.21120212 0.14411815 0.01273786 0.16189084 0.21478550 0.18041162 0.14160810 0.12670947 0.15474501 0.14865665 0.19709448 0.17182765 0.18826495 0.22639595 0.16216476 0.16112309 0.11631730 0.09403166 0.25847325 0.10180382 0.25150697 0.25343207 0.21802691 0.27917472 0.25050837 0.37763740 0.00000000 0.56507570 0.25243762 0.17528302 0.14639130 0.25355180 0.27359702 0.10943668 0.29901878 0.28494171 0.30122302 0.24915634 0.25559142 0.28118910 0.17630796 0.15408410 0.22147521 0.27818756 0.25913947 0.20453813 0.18429071 0.18092646 0.16871052 0.30018794 0.20186282 0.19345118 0.18624440 0.14088756 0.17030025 0.18573321 0.08948111 0.19363142 0.10373245 0.20961696 0.20563038 0.21825372 0.20996555 0.18821026 0.21747714 0.13409789 0.18195792 0.15705425 0.08427099 0.27909704 0.16309627 0.18614777 0.17174955 0.21507917 
0.16924538 0.16541642 0.22786806 0.11422427 0.25855175 0.10745117 0.13298571 0.20920372 0.13685529 0.15026652 0.16682041 0.18464051 0.29862225 0.15730591 0.13253263 0.05200978 0.22884585 0.14447662 0.20515129 0.12895441 0.06853604 0.20401055 0.12993757 0.22372724 0.24186548 0.09392253 0.14784589 0.17366523 0.28452423 0.09588671 0.17429397 0.21552090 0.13955660 0.19197976 0.23253858 0.19189071 0.26373582 0.22069290 0.63860872 0.56507570 0.00000000 0.27989521 0.21934386 0.25131831 0.20699115 0.27301458 0.24046273 0.17597420 0.26758378 0.26456293 0.20457746 0.32567625 0.33502790 0.20418996 0.14565443 0.21614643 0.14059321 0.16034973 0.22350268 0.16029049 0.17400550 0.16821313 0.22436212 0.14028892 0.20378387 0.16740963 0.19113860 0.14470215 0.17388485 0.13254910 0.20485648 0.25191715 0.17320188 0.15636378 0.19225832 0.17979276 0.14980336 0.11802295 0.12485483 0.13673088 0.19850355 0.07981964 0.21590784 0.16409586 0.14998963 0.20411263 0.28687027 
