0.00000000 0.15393711 0.09986087 0.16190911 0.15697979 0.06792593 0.10057133 0.12850656 0.08835638 0.06251387 0.10673283 0.04392342 0.08967529 0.03416128 0.07419545 0.06735309 0.05732825 0.09997058 0.11212413 0.09497065 0.05704529 0.09023400 0.10611938 0.06652592 0.09020258 0.09817924 0.12366787 0.12390309 0.08647490 0.07787310 0.06274973 0.09881894 0.09877310 0.06959555 0.05947749 0.03922523 0.06327732 0.03092463 0.07979760 0.09804542 0.09899959 0.10825793 0.07965950 0.04015184 0.06268280 0.06141449 0.08002803 0.07083868 0.06470565 0.04549718 0.07671570 0.08884280 0.10982774 0.06770936 0.11814871 0.06337594 0.10401500 0.10278830 0.11646219 0.09973913 0.11450593 0.16421556 0.12162871 0.10826755 0.10677029 0.11126400 0.06568516 0.06934527 0.08031430 0.09228921 0.07875174 0.07560199 0.11299517 0.04885359 0.12650813 0.06890115 0.07832738 0.08813187 0.09723725 0.12279948 0.10590197 0.08732008 0.07948782 0.06721186 0.07970557 0.04750798 0.06068774 0.09558854 0.05256997 0.06719399 0.05097236 0.08741612 0.07900302 0.03855482 0.07313586 0.08229559 0.07144283 0.07010401 0.10456428 
0.15393711 0.00000000 0.16684445 0.17981831 0.12558115 0.09076869 0.09453396 0.11290004 0.08212634 0.08784372 0.10645652 0.07307423 0.11509378 0.07960379 0.08292513 0.06329832 0.08716948 0.09243217 0.07089073 0.06531744 0.02786060 0.09253901 0.07430620 0.06192839 0.08437589 0.11441389 0.06472742 0.11561025 0.09602608 0.07151794 0.07900586 0.07169507 0.09872283 0.08638227 0.07624002 0.04718851 0.05759734 0.01882336 0.08298152 0.04744623 0.06484210 0.07692883 0.02090643 0.02934966 0.07760479 0.06601467 0.08791124 0.05563151 0.08862144 0.05507224 0.08291405 0.06827764 0.10359583 0.08011016 0.07584400 0.07297604 0.11844046 0.10441622 0.12661731 0.11734404 0.12855594 0.11618198 0.12840747 0.12144546 0.06335426 0.07243365 0.09804796 0.10280382 0.08170871 0.09239140 0.10836953 0.09389836 0.11542081 0.04256127 0.09081514 0.08958458 0.07868449 0.08701478 0.08992515 0.07733471 0.09861043 0.11440633 0.07268251 0.06219424 0.06912470 0.05611922 0.09489411 0.09607599 0.06229854 0.09221406 0.04167783 0.11732047 0.07417607 0.09048184 0.07368112 0.08895904 0.09605338 0.06606549 0.12300003 
0.09986087 0.16684445 0.00000000 0.14120030 0.13535567 0.14612642 0.08444916 0.09553495 0.14871806 0.11099964 0.07633227 0.15274114 0.09017042 0.12335056 0.08554104 0.07750046 0.08177671 0.11297005 0.04453692 0.05066470 0.04956590 0.08816411 0.08600049 0.07510462 0.11247320 0.06063749 0.05960056 0.08616280 0.05017618 0.07958624 0.08314098 0.11797625 0.12948296 0.08273050 0.09534156 0.07150999 0.07376495 0.06256907 0.08065520 0.05577969 0.09191318 0.09791291 0.08112963 0.06621962 0.10640273 0.08073093 0.07341526 0.04318392 0.08752495 0.08319774 0.06515987 0.08569634 0.08657202 0.06334204 0.05824615 0.07770761 0.09972252 0.10304047 0.11000130 0.08923097 0.11264060 0.09996073 0.10844697 0.08754071 0.08432179 0.07835852 0.05226268 0.07354966 0.08019431 0.06254665 0.04329366 0.09244419 0.06829598 0.04280488 0.05664443 0.06912187 0.07921174 0.08786832 0.12555570 0.06876730 0.08466195 0.03572036 0.06851650 0.07507366 0.08655577 0.10739050 0.11040402 0.11394102 0.05333625 0.10290937 0.08270813 0.11515661 0.07636420 0.07162746 0.06980219 0.07330212 0.07004511 0.07767432 0.08132101 
0.16190911 0.17981831 0.14120030 0.00000000 0.15358553 0.08819319 0.10273781 0.18935457 0.11826010 0.09912362 0.09973621 0.07361688 0.06958260 0.05406179 0.07733978 0.06220973 0.07982009 0.10000101 0.07246444 0.06054994 0.08445036 0.08242362 0.05516933 0.06000885 0.09779576 0.06765633 0.06880273 0.10736467 0.07454673 0.10017972 0.07804334 0.11455506 0.13711421 0.06438620 0.08851572 0.05830026 0.05524151 0.01724942 0.08970889 0.06867482 0.08375756 0.08809733 0.07605985 0.04094714 0.06904379 0.05034346 0.06674548 0.05880041 0.07102269 0.05729239 0.07841311 0.07729714 0.12440895 0.06401505 0.09484946 0.07354515 0.14776008 0.10983354 0.13369999 0.13571363 0.10268890 0.09306577 0.12128010 0.11920275 0.09270234 0.04548254 0.03122015 0.06165035 0.09073197 0.05953485 0.07100794 0.10289640 0.07307492 0.05268282 0.07020694 0.08619194 0.10268641 0.08622117 0.11898120 0.08512383 0.07900839 0.08176089 0.07947258 0.06002135 0.10057580 0.05383507 0.09925362 0.07979503 0.05971952 0.09239097 0.07607779 0.11852754 0.08257467 0.04828044 0.09165472 0.06676008 0.06826166 0.06459236 0.13285085 
0.15697979 0.12558115 0.13535567 0.15358553 0.00000000 0.11882036 0.13312517 0.10214983 0.08387749 0.08795306 0.05346846 0.09009236 0.08573007 0.07101640 0.09299520 0.06636481 0.11183027 0.08240258 0.10893851 0.05230951 0.02877224 0.05837410 0.09242888 0.06419510 0.11508000 0.06566792 0.07820886 0.06325715 0.07314978 0.08493834 0.11667509 0.09293634 0.12036062 0.07766834 0.09500499 0.10297553 0.06102294 0.05856213 0.09059662 0.09953387 0.10800072 0.08420353 0.06028348 0.06447366 0.09243370 0.06669267 0.07049177 0.06079018 0.07322585 0.04150704 0.07683217 0.10832301 0.08597528 0.12016916 0.07245894 0.11523155 0.11230738 0.09467978 0.13255303 0.10813352 0.10697239 0.12022374 0.09617128 0.10788528 0.09768007 0.06139928 0.06305785 0.08986336 0.05343789 0.10006756 0.05410719 0.09137419 0.05992224 0.02559123 0.06526748 0.07291899 0.05319857 0.08692323 0.05238820 0.04635180 0.09852718 0.08876868 0.08440526 0.06462450 0.07182840 0.07821846 0.10349280 0.07763545 0.09437701 0.11356477 0.10517912 0.11300321 0.08637294 0.05418607 0.08855244 0.06978533 0.09045739 0.06845753 0.08085278 
0.06792593 0.09076869 0.14612642 0.08819319 0.11882036 0.00000000 0.16394522 0.12670392 0.12679874 0.11028136 0.13193131 0.08893897 0.11898209 0.20139239 0.08616999 0.07840936 0.06962049 0.07366909 0.07487172 0.12334639 0.07702474 0.08454810 0.06871091 0.07263883 0.04647799 0.07534299 0.09706173 0.07041331 0.06264741 0.05535055 0.12335744 0.12038364 0.11318585 0.12962759 0.10516739 0.08710737 0.06715085 0.09636732 0.08408594 0.12493922 0.08620926 0.09219983 0.11753541 0.07939878 0.06916406 0.07996634 0.09495913 0.07323917 0.09634338 0.06726691 0.11007908 0.07583748 0.04928530 0.06105028 0.05461373 0.13342681 0.07058046 0.06989483 0.04756854 0.05663974 0.03507103 0.06357380 0.02842038 0.03387152 0.06088163 0.08538102 0.07231966 0.08848525 0.04952548 0.15177065 0.08687096 0.04537283 0.06176903 0.09603318 0.05951911 0.08845891 0.15285564 0.08976686 0.08842599 0.05666776 0.06123755 0.09282575 0.08729202 0.07296433 0.08435705 0.07776697 0.08641633 0.09623149 0.08602589 0.11071491 0.08269184 0.09054093 0.05120706 0.12715002 0.06594368 0.04728627 0.07467773 0.08173325 0.04815119 
0.10057133 0.09453396 0.08444916 0.10273781 0.13312517 0.16394522 0.00000000 0.15389059 0.20647676 0.12338493 0.10238894 0.02703439 0.06814809 0.06025565 0.09509338 0.04978846 0.10346820 0.08781781 0.12045857 0.09514874 0.06317886 0.08230585 0.07294647 0.04457584 0.07628740 0.06145068 0.06485385 0.12011065 0.04977268 0.07232601 0.12688510 0.10152974 0.09980498 0.12515037 0.08585998 0.07057342 0.07231880 0.04691932 0.05073247 0.05977476 0.11027925 0.06959560 0.11500757 0.08297853 0.10166392 0.15573618 0.05396743 0.08710621 0.09783095 0.09925868 0.12623316 0.12585877 0.09089767 0.12194464 0.10070750 0.16161077 0.08845650 0.08170730 0.07249691 0.06639042 0.08249359 0.04795202 0.07236020 0.05016270 0.06693975 0.09585919 0.09444225 0.13625635 0.07331260 0.10323647 0.09780408 0.06106375 0.05345916 0.09507752 0.12260446 0.08391611 0.07670603 0.08181330 0.07025686 0.04518950 0.06863677 0.09776407 0.07598572 0.08207529 0.10188798 0.03481486 0.10655843 0.06388207 0.10305696 0.07616213 0.03722072 0.10568260 0.04580305 0.08045801 0.06787301 0.05680141 0.06298347 0.05692350 0.08225596 
0.12850656 0.11290004 0.09553495 0.18935457 0.10214983 0.12670392 0.15389059 0.00000000 0.13984038 0.11720805 0.09189179 0.09682252 0.07011948 0.05302540 0.06154596 0.06307867 0.07670319 0.06723648 0.07851812 0.08922123 0.10381655 0.08390698 0.09091188 0.05977767 0.07255637 0.07118728 0.10377668 0.08458451 0.07631482 0.08876707 0.05596644 0.09630631 0.14542855 0.08008220 0.06896768 0.09504332 0.05454686 0.07880452 0.07043642 0.09584709 0.08065022 0.06901836 0.05690217 0.06582258 0.07843170 0.07137081 0.09107398 0.05888157 0.12321609 0.06697869 0.10783785 0.08387554 0.06625747 0.07695593 0.06980811 0.06734563 0.08767453 0.09195787 0.10330313 0.10731349 0.09391036 0.10542221 0.09175315 0.08762342 0.11932704 0.06703080 0.05034491 0.08166201 0.05244367 0.05489994 0.09583586 0.09360774 0.08383297 0.08704886 0.06237325 0.09710221 0.08810592 0.08689626 0.08804093 0.09391143 0.06566654 0.07870241 0.09505485 0.05927044 0.11069837 0.09114640 0.05330415 0.08280371 0.05576971 0.06078932 0.06628524 0.05891951 0.07997985 0.09442264 0.10702032 0.14145448 0.08320272 0.08832102 0.10018348 
0.08835638 0.08212634 0.14871806 0.11826010 0.08387749 0.12679874 0.20647676 0.13984038 0.00000000 0.13201663 0.12435527 0.03941988 0.05399414 0.07509378 0.10223499 0.05011424 0.19418636 0.11442293 0.08491277 0.14154409 0.09662808 0.14940128 0.07641153 0.04249751 0.03910803 0.08513685 0.12326041 0.11531511 0.07542785 0.11065080 0.05736207 0.07557179 0.08132716 0.07157946 0.07064685 0.03119844 0.07068267 0.04990807 0.05091128 0.08731188 0.09067968 0.05770103 0.06987747 0.10265408 0.17270193 0.11562474 0.05152462 0.11202831 0.05778484 0.10854965 0.09821428 0.14311081 0.06426225 0.06925033 0.07074781 0.10532819 0.06072538 0.05281097 0.06335726 0.05795834 0.05239913 0.03683218 0.05243027 0.07438650 0.07414203 0.07555730 0.09780427 0.10114707 0.06576455 0.07430460 0.15051138 0.11837020 0.07081794 0.07981615 0.10622426 0.12749761 0.09290657 0.08141823 0.10112250 0.08985139 0.07805716 0.10362729 0.03365007 0.07990990 0.07287687 0.04416380 0.06402044 0.14045919 0.10216947 0.05411298 0.03610069 0.06063411 0.05981806 0.12368575 0.09992647 0.07358950 0.14482538 0.09065972 0.03374763 
0.06251387 0.08784372 0.11099964 0.09912362 0.08795306 0.11028136 0.12338493 0.11720805 0.13201663 0.00000000 0.11387031 0.14135481 0.14743316 0.09097899 0.07363770 0.11957258 0.08351025 0.13189001 0.04075941 0.08911264 0.19461211 0.05430689 0.08306510 0.09661052 0.07954957 0.07620662 0.05909982 0.07840823 0.05000236 0.09999454 0.09517583 0.09438837 0.06975613 0.11360879 0.08272625 0.06472320 0.07835145 0.11491637 0.07088011 0.11792722 0.07866663 0.04929949 0.05729807 0.09629834 0.12127845 0.09091146 0.09548421 0.08778612 0.14798096 0.06816541 0.07769351 0.05448217 0.07836859 0.09257385 0.09654486 0.04922979 0.08263208 0.07576028 0.05684085 0.06501254 0.06648385 0.06734065 0.07809396 0.06768716 0.06199107 0.08659937 0.06780346 0.09013335 0.08317140 0.10246022 0.07486622 0.06991859 0.06521538 0.07254182 0.07098423 0.08257555 0.07879245 0.09401250 0.14118459 0.05477805 0.06532141 0.05988893 0.06238067 0.07733163 0.10560661 0.09027589 0.07795605 0.07841983 0.10352136 0.10723586 0.10859293 0.07969467 0.07554482 0.07626781 0.07022120 0.07615164 0.06253190 0.08223626 0.05945972 
0.10673283 0.10645652 0.07633227 0.09973621 0.05346846 0.13193131 0.10238894 0.09189179 0.12435527 0.11387031 0.00000000 0.05044943 0.07193566 0.05161850 0.08602396 0.07910237 0.09242920 0.12574293 0.07757797 0.10734258 0.10511870 0.12740447 0.08694905 0.07134023 0.05811231 0.15557190 0.12556091 0.11737124 0.06433855 0.04754118 0.10916664 0.05768892 0.10323091 0.10785350 0.10379591 0.08373798 0.03235827 0.06782993 0.05434347 0.11860216 0.02897639 0.07238859 0.09021012 0.09637080 0.07668400 0.13568612 0.06881267 0.09801207 0.09089017 0.09052422 0.11105236 0.07969042 0.07010918 0.10129546 0.05090668 0.10761139 0.09443402 0.07946482 0.07317748 0.07120032 0.07383772 0.04693493 0.06329665 0.07694834 0.08818760 0.11119670 0.13166292 0.07371071 0.07576274 0.09794029 0.19196546 0.09531972 0.09544569 0.10192119 0.09915388 0.08278921 0.15742497 0.07710022 0.16962790 0.11350771 0.07104364 0.10690644 0.05918908 0.04140443 0.11636077 0.04434561 0.02177855 0.06846927 0.12286585 0.06072059 0.10242230 0.04932960 0.09261190 0.09548166 0.04832878 0.07663256 0.10964847 0.09518129 0.04625411 
0.04392342 0.07307423 0.15274114 0.07361688 0.09009236 0.08893897 0.02703439 0.09682252 0.03941988 0.14135481 0.05044943 0.00000000 0.15762029 0.07587992 0.11863003 0.08125259 0.09857083 0.09221453 0.07465895 0.07109464 0.08731843 0.08759585 0.06847963 0.10139501 0.10335310 0.06550746 0.02159468 0.08250058 0.11960285 0.05048795 0.11937135 0.12376190 0.05877112 0.09040281 0.10240951 0.10557951 0.12534779 0.09394357 0.08400138 0.07295537 0.11033233 0.09937128 0.09639252 0.07531694 0.06669240 0.07904599 0.10321677 0.07018642 0.09855345 0.04968776 0.04646777 0.04407724 0.07317868 0.08670886 0.11501648 0.09487031 0.09058029 0.10170311 0.08727063 0.09238724 0.06954874 0.11721091 0.12164790 0.11470958 0.09369303 0.07218207 0.11335713 0.11023090 0.07324890 0.09397968 0.05515761 0.08444464 0.06488648 0.05845546 0.05004223 0.06997941 0.08542308 0.08501622 0.05084691 0.08403948 0.08490838 0.02956080 0.11084700 0.12025885 0.06709971 0.13532034 0.11732619 0.06216396 0.15372242 0.19182619 0.12599415 0.08212987 0.07270441 0.10430928 0.06641656 0.03852725 0.12647345 0.07388738 0.08977433 
0.08967529 0.11509378 0.09017042 0.06958260 0.08573007 0.11898209 0.06814809 0.07011948 0.05399414 0.14743316 0.07193566 0.15762029 0.00000000 0.10874188 0.20006632 0.08185568 0.12556689 0.11202334 0.09123557 0.09616244 0.08345354 0.10710720 0.15635269 0.10500154 0.09495983 0.09004969 0.03853180 0.10479293 0.12184891 0.10488868 0.08942358 0.08288962 0.07897263 0.07641280 0.10083947 0.13461477 0.11537044 0.11201948 0.07058356 0.07659360 0.05364495 0.10008257 0.10485907 0.06989785 0.03471791 0.09106820 0.06676452 0.03395053 0.11896284 0.07417362 0.05659106 0.04666642 0.05679643 0.10521933 0.04060708 0.06992730 0.11075853 0.10330796 0.14261078 0.09695236 0.07886005 0.10304883 0.09093211 0.11315446 0.07883277 0.04373010 0.04726817 0.11269051 0.12207147 0.05470829 0.03270161 0.09729742 0.03693906 0.06370884 0.06966306 0.06006851 0.05284940 0.08362153 0.11683941 0.11294937 0.07880842 0.01923399 0.07067567 0.12039819 0.06275235 0.11635809 0.10624114 0.08439041 0.08569290 0.08629743 0.08247242 0.11719648 0.14078000 0.06905310 0.08200120 0.04887820 0.06674096 0.07480481 0.09309162 
0.03416128 0.07960379 0.12335056 0.05406179 0.07101640 0.20139239 0.06025565 0.05302540 0.07509378 0.09097899 0.05161850 0.07587992 0.10874188 0.00000000 0.07206049 0.08068354 0.12708678 0.01943804 0.11739064 0.10181923 0.09674443 0.09680985 0.07051619 0.14654139 0.08189090 0.07239257 0.12782985 0.07901819 0.03763867 0.10566642 0.03218020 0.07907061 0.07508767 0.12085523 0.08530583 0.05446151 0.11950957 0.06528581 0.06159257 0.12187614 0.20181902 0.13370695 0.03212263 0.06037698 0.11083056 0.08799152 0.13436840 0.06963398 0.08369123 0.10006439 0.10732623 0.08236400 0.04986104 0.06947177 0.07091136 0.06117848 0.05214143 0.09370129 0.09192337 0.08592682 0.10702556 0.05995299 0.07504580 0.04856655 0.07318009 0.07247878 0.07201178 0.07851146 0.04934131 0.09033093 0.09288889 0.04424217 0.06803524 0.07105415 0.10873280 0.07341062 0.03848204 0.09200462 0.05583187 0.06016640 0.05235209 0.06343403 0.08592349 0.12744630 0.16172672 0.10950037 0.16163826 0.09092507 0.17335097 0.04652237 0.06542199 0.13530211 0.10838980 0.19486756 0.06926482 0.06017354 0.06911922 0.07466654 0.08266428 
0.07419545 0.08292513 0.08554104 0.07733978 0.09299520 0.08616999 0.09509338 0.06154596 0.10223499 0.07363770 0.08602396 0.11863003 0.20006632 0.07206049 0.00000000 0.11135771 0.09474470 0.11003598 0.04704609 0.09532373 0.07397199 0.07411632 0.05825094 0.09703860 0.15154776 0.17239962 0.08436715 0.10023476 0.12678049 0.09528112 0.08900182 0.06182476 0.08629843 0.07984144 0.07632080 0.06641520 0.09293134 0.07754786 0.07566071 0.07222700 0.06842736 0.07882226 0.05214387 0.04529027 0.05119888 0.10297183 0.07050277 0.04164925 0.07884737 0.06589878 0.06665695 0.06338627 0.09691570 0.10084290 0.09222155 0.09066641 0.09551583 0.10342316 0.11371404 0.10703613 0.10513494 0.12396858 0.09886920 0.09853641 0.12491269 0.08828446 0.13316620 0.09925940 0.09456770 0.07151935 0.02947772 0.08550386 0.08077891 0.07333922 0.11354355 0.08435165 0.12726029 0.08417460 0.08524477 0.07293491 0.12709857 0.03286900 0.09214321 0.07595457 0.05333078 0.13206866 0.08574145 0.09067588 0.04669987 0.08937199 0.06863755 0.07883327 0.11039903 0.07751041 0.04775545 0.09426433 0.12403905 0.07648818 0.09525706 
0.06735309 0.06329832 0.07750046 0.06220973 0.06636481 0.07840936 0.04978846 0.06307867 0.05011424 0.11957258 0.07910237 0.08125259 0.08185568 0.08068354 0.11135771 0.00000000 0.11838717 0.09559646 0.07355320 0.09710040 0.06772199 0.08113688 0.09275119 0.08917767 0.13975699 0.12915137 0.10467080 0.08420672 0.07707784 0.11025034 0.06225843 0.09732175 0.08165046 0.07830045 0.09724720 0.10922511 0.08742803 0.09183765 0.08189462 0.07666238 0.09382496 0.09494979 0.08328795 0.08285472 0.10790059 0.05705174 0.12785225 0.08310860 0.10208642 0.06625724 0.06278300 0.06720462 0.06064696 0.04609852 0.05389862 0.05767266 0.07104199 0.06672722 0.10246523 0.08995769 0.12241495 0.10896667 0.09485673 0.10534083 0.09877325 0.08899811 0.07474189 0.07251845 0.07440581 0.11340153 0.07363313 0.07989246 0.10345979 0.08019874 0.07686586 0.08273467 0.10482375 0.09962720 0.08378994 0.09009598 0.09227743 0.07119494 0.08881744 0.08991519 0.08628877 0.08391507 0.08601880 0.06707369 0.07282956 0.06514270 0.12189080 0.08673490 0.08465051 0.07924288 0.08438455 0.07954947 0.08017744 0.08878996 0.10971517 
0.05732825 0.08716948 0.08177671 0.07982009 0.11183027 0.06962049 0.10346820 0.07670319 0.19418636 0.08351025 0.09242920 0.09857083 0.12556689 0.12708678 0.09474470 0.11838717 0.00000000 0.16075609 0.07225500 0.11128427 0.00245995 0.07436607 0.11343727 0.07529290 0.07157389 0.07340545 0.07014139 0.07501760 0.11831821 0.06286066 0.10271485 0.08351422 0.09150541 0.04719932 0.03308497 0.09537348 0.06250446 0.10560463 0.12846651 0.13733696 0.03501098 0.09130603 0.08077884 0.06332182 0.11169453 0.06717728 0.07674118 0.05152981 0.09145795 0.07620362 0.13851972 0.11600191 0.09070251 0.10067449 0.08164855 0.08951539 0.08266711 0.08729581 0.07288547 0.07740903 0.07920325 0.07942062 0.09229820 0.07285404 0.05208309 0.07836300 0.04779066 0.07257171 0.06630421 0.05728603 0.14123719 0.07912757 0.14036156 0.06069089 0.09121315 0.07953382 0.06122323 0.07613185 0.13346887 0.06989706 0.16218177 0.13548450 0.09561879 0.05807302 0.07807975 0.09101943 0.08015571 0.06782897 0.08448858 0.14043174 0.10575182 0.11018066 0.07240188 0.13317049 0.08791832 0.05020667 0.09335256 0.06088255 0.10680761 
0.09997058 0.09243217 0.11297005 0.10000101 0.08240258 0.07366909 0.08781781 0.06723648 0.11442293 0.13189001 0.12574293 0.09221453 0.11202334 0.01943804 0.11003598 0.09559646 0.16075609 0.00000000 0.17072760 0.11924895 0.14231366 0.11209540 0.04325245 0.07914844 0.06910850 0.04857268 0.04418885 0.05745370 0.12188290 0.04962992 0.07225223 0.08070604 0.05678569 0.06770192 0.06612493 0.12310753 0.05990270 0.04112564 0.07358305 0.07711516 0.06242047 0.08165556 0.06284384 0.08629096 0.10256985 0.06077616 0.09786847 0.07378362 0.07820100 0.09831437 0.08398981 0.09864674 0.05391214 0.09833021 0.08639693 0.07262609 0.07657350 0.08274722 0.06895275 0.07155457 0.07956127 0.05868200 0.08343999 0.07284063 0.08235255 0.05163293 0.09191438 0.06008306 0.10842648 0.15041509 0.09174529 0.05285580 0.08261885 0.08880552 0.10548812 0.11037327 0.10623351 0.07337087 0.13885740 0.06971529 0.10197380 0.12347818 0.09126400 0.06440992 0.10740609 0.11424430 0.06584723 0.08899366 0.08954966 0.09654043 0.04733349 0.08116696 0.13056010 0.07107522 0.13579923 0.09535020 0.21898706 0.10005547 0.08901576 
0.11212413 0.07089073 0.04453692 0.07246444 0.10893851 0.07487172 0.12045857 0.07851812 0.08491277 0.04075941 0.07757797 0.07465895 0.09123557 0.11739064 0.04704609 0.07355320 0.07225500 0.17072760 0.00000000 0.06351038 0.17897674 0.08606441 0.09319354 0.08093148 0.10399984 0.13054727 0.16491613 0.10974425 0.06932091 0.13697641 0.09316110 0.06984534 0.10478820 0.13775603 0.07004364 0.08631645 0.09212941 0.05624321 0.02187823 0.15500872 0.06312467 0.05242813 0.11223193 0.07147200 0.08366721 0.06082071 0.10444701 0.10568002 0.12432767 0.04316228 0.07625620 0.03714977 0.08413704 0.07733343 0.03218696 0.10282962 0.09354915 0.09326170 0.13720448 0.07416437 0.08651298 0.08086230 0.07888906 0.07972636 0.10976874 0.09731951 0.06952685 0.05409349 0.08212131 0.09874392 0.00903121 0.07374855 0.07665319 0.13903302 0.09778150 0.11832945 0.06918127 0.09035486 0.07499080 0.09274001 0.04868461 0.14558477 0.10460656 0.08591596 0.08017888 0.06861129 0.07794056 0.06260083 0.11738750 0.06952332 0.06523283 0.07593449 0.06786861 0.07571251 0.08312028 0.17051845 0.07410524 0.09591098 0.06212844 
0.09497065 0.06531744 0.05066470 0.06054994 0.05230951 0.12334639 0.09514874 0.08922123 0.14154409 0.08911264 0.10734258 0.07109464 0.09616244 0.10181923 0.09532373 0.09710040 0.11128427 0.11924895 0.06351038 0.00000000 0.14114824 0.10971655 0.12342440 0.08532293 0.06083215 0.16187572 0.08546465 0.06226818 0.08428533 0.12158073 0.04725461 0.08064654 0.03563515 0.10122308 0.06111497 0.06331588 0.09903293 0.09783724 0.14723510 0.08224227 0.03046491 0.05483791 0.08719071 0.08401570 0.07325915 0.12449195 0.07096157 0.09071739 0.12385393 0.07708034 0.11148645 0.11699774 0.09560024 0.07734904 0.07746248 0.08591456 0.06034114 0.08249707 0.05850536 0.04021031 0.04162258 0.08273943 0.06813029 0.05899013 0.09169520 0.05314207 0.05108370 0.09199433 0.07690449 0.09679412 0.07859663 0.03840790 0.09354582 0.09875315 0.08944772 0.09737867 0.08029384 0.07958376 0.09287825 0.08374436 0.10596882 0.18227563 0.10121563 0.09546723 0.10299873 0.09221348 0.08827567 0.09413836 0.07878953 0.12567688 0.06135102 0.06749156 0.12772251 0.09237901 0.12512409 0.03722082 0.16051549 0.07297890 0.10467366 
0.05704529 0.02786060 0.04956590 0.08445036 0.02877224 0.07702474 0.06317886 0.10381655 0.09662808 0.19461211 0.10511870 0.08731843 0.08345354 0.09674443 0.07397199 0.06772199 0.00245995 0.14231366 0.17897674 0.14114824 0.00000000 0.13259715 0.06675690 0.08324294 0.06780468 0.14023197 0.25194370 0.08029148 0.05085492 0.11082402 0.03981940 0.07089179 0.05923909 0.09297468 0.05093180 0.07939522 0.06053629 0.07812791 0.06655480 0.07987755 0.08850892 0.09979743 0.08862751 0.16066665 0.09533179 0.17734739 0.05470214 0.10771559 0.09587426 0.07297929 0.16442488 0.04531647 0.08412919 0.08985859 0.12020981 0.07846424 0.03891110 0.05749050 0.09091224 0.04649612 0.04919640 0.06159025 0.02661184 0.01553746 0.08346532 0.07630366 0.09187379 0.08378383 0.05660746 0.09514305 0.08063228 0.11697738 0.06450034 0.26655676 0.14178789 0.07210141 0.12767793 0.08918462 0.03798550 0.06932765 0.05996434 0.15067674 0.05935996 0.06761255 0.05714974 0.08055008 0.07587935 0.06081688 0.05318997 0.07972062 0.07289706 0.06576651 0.08416006 0.13278746 0.08935912 0.08155546 0.11724344 0.10819658 0.06245063 
0.09023400 0.09253901 0.08816411 0.08242362 0.05837410 0.08454810 0.08230585 0.08390698 0.14940128 0.05430689 0.12740447 0.08759585 0.10710720 0.09680985 0.07411632 0.08113688 0.07436607 0.11209540 0.08606441 0.10971655 0.13259715 0.00000000 0.12080326 0.08876885 0.11539992 0.09803830 0.08038761 0.07584043 0.08684275 0.03920286 0.08852334 0.05884146 0.04292948 0.07595128 0.11988041 0.13210886 0.06785734 0.07390663 0.05614378 0.09150226 0.08618959 0.06943275 0.06223415 0.09447609 0.08780584 0.10944484 0.09124439 0.11503986 0.09902956 0.11468687 0.09851163 0.05874181 0.12118137 0.06004270 0.09858582 0.06413294 0.09954936 0.08870116 0.08140321 0.06285221 0.07961443 0.06758673 0.08559063 0.07005825 0.09902898 0.09846424 0.09184695 0.07328530 0.08708659 0.10445494 0.10561366 0.08412854 0.12165300 0.06722350 0.15626688 0.09596338 0.08791670 0.08056475 0.13651743 0.08297242 0.07694249 0.04626006 0.07484784 0.07633206 0.03408801 0.07606545 0.07428623 0.15162448 0.08437325 0.09022027 0.03304941 0.08979700 0.10395691 0.06820605 0.08573765 0.07557734 0.11697513 0.08383356 0.14760822 
0.10611938 0.07430620 0.08600049 0.05516933 0.09242888 0.06871091 0.07294647 0.09091188 0.07641153 0.08306510 0.08694905 0.06847963 0.15635269 0.07051619 0.05825094 0.09275119 0.11343727 0.04325245 0.09319354 0.12342440 0.06675690 0.12080326 0.00000000 0.09823630 0.10430006 0.09314532 0.08823734 0.06282322 0.02882214 0.10656874 0.05498911 0.05511430 0.05610716 0.10547116 0.10334275 0.11392308 0.10377546 0.13497789 0.05426442 0.08037357 0.08567026 0.07004241 0.09801081 0.09026716 0.10346226 0.10601727 0.06709899 0.16264022 0.05280375 0.07715194 0.08034381 0.09038360 0.12127647 0.08808469 0.13731395 0.09443373 0.07945130 0.10302744 0.07512746 0.10444597 0.10339544 0.09045542 0.15840180 0.09380847 0.07776505 0.09235971 0.08410098 0.05070982 0.07880258 0.01032661 0.05719311 0.09949571 0.08368757 0.05095791 0.15019107 0.13039782 0.07071154 0.08679881 0.08923187 0.09061730 0.05417273 0.01706350 0.06353716 0.11069498 0.09915877 0.09713813 0.12160018 0.07751278 0.09151456 0.06404763 0.11895807 0.09352954 0.09192024 0.07991703 0.06695126 0.07683754 0.06209331 0.14163887 0.07872654 
0.06652592 0.06192839 0.07510462 0.06000885 0.06419510 0.07263883 0.04457584 0.05977767 0.04249751 0.09661052 0.07134023 0.10139501 0.10500154 0.14654139 0.09703860 0.08917767 0.07529290 0.07914844 0.08093148 0.08532293 0.08324294 0.08876885 0.09823630 0.00000000 0.09222482 0.09019361 0.07495426 0.12432986 0.10759593 0.09872578 0.06435156 0.09268868 0.07608497 0.07200297 0.07514799 0.09183475 0.12387671 0.10353133 0.08082588 0.08325106 0.07649585 0.09063507 0.08256525 0.06773628 0.08476874 0.08240442 0.08266355 0.07973665 0.09855547 0.08451002 0.03826396 0.07203216 0.07782912 0.08256606 0.07523170 0.06634696 0.09164966 0.10707836 0.08034633 0.07709460 0.09511601 0.10282844 0.10210062 0.09523880 0.07877329 0.07741491 0.09104491 0.09550057 0.10006514 0.07302877 0.09423827 0.09707262 0.08388524 0.07367045 0.07203341 0.06868059 0.12880624 0.10010156 0.07174163 0.08877283 0.09530950 0.06730487 0.08382593 0.12697371 0.07656071 0.11572496 0.13118736 0.06495265 0.07682474 0.06316472 0.09713493 0.09035862 0.09677870 0.07430680 0.08605708 0.08270496 0.08941469 0.08847828 0.09020873 
0.09020258 0.08437589 0.11247320 0.09779576 0.11508000 0.04647799 0.07628740 0.07255637 0.03910803 0.07954957 0.05811231 0.10335310 0.09495983 0.08189090 0.15154776 0.13975699 0.07157389 0.06910850 0.10399984 0.06083215 0.06780468 0.11539992 0.10430006 0.09222482 0.00000000 0.17021338 0.07562990 0.07984662 0.06008886 0.09243627 0.08802391 0.09389938 0.10833489 0.11505829 0.12713223 0.07642561 0.08695011 0.05571277 0.05198413 0.04913623 0.06152265 0.07935660 0.06593191 0.02810209 0.09218660 0.05791195 0.08089552 0.01998140 0.08590388 0.11867489 0.04904858 0.07763681 0.08828505 0.09229115 0.12929086 0.09511426 0.10153739 0.11121707 0.09662993 0.10278710 0.09594744 0.11124375 0.11315635 0.17822177 0.12573354 0.12707332 0.12494177 0.06447163 0.04906943 0.07721703 0.04646386 0.13057615 0.06711072 0.07227216 0.04539525 0.06415100 0.07099817 0.09020888 0.05582402 0.14084586 0.09898715 0.06944732 0.06961463 0.07125626 0.06446264 0.08202931 0.10376184 0.07877624 0.08516290 0.06110623 0.06493000 0.14616119 0.09981765 0.01892007 0.10412574 0.07397387 0.04990180 0.07784674 0.16361552 
0.09817924 0.11441389 0.06063749 0.06765633 0.06566792 0.07534299 0.06145068 0.07118728 0.08513685 0.07620662 0.15557190 0.06550746 0.09004969 0.07239257 0.17239962 0.12915137 0.07340545 0.04857268 0.13054727 0.16187572 0.14023197 0.09803830 0.09314532 0.09019361 0.17021338 0.00000000 0.20813016 0.11500382 0.07645391 0.10034379 0.05724962 0.05291037 0.05091131 0.10955519 0.09094916 0.05164984 0.05735921 0.06378653 0.07624675 0.04286322 0.07417983 0.05132656 0.07653551 0.08897117 0.08131002 0.10030866 0.05543322 0.10408982 0.06508874 0.10761937 0.08644499 0.05726622 0.10399316 0.07116567 0.08844847 0.11304368 0.07954108 0.10945707 0.09564769 0.07162089 0.06508306 0.07353640 0.09251654 0.06489787 0.07323315 0.08814187 0.10316995 0.07340273 0.08101548 0.08460616 0.08040852 0.08009965 0.19444486 0.16754442 0.10191906 0.07477877 0.09016362 0.08382266 0.08101723 0.10703764 0.07422704 0.06713214 0.05940404 0.06368776 0.05713087 0.05823679 0.05341045 0.06093676 0.08196937 0.05371494 0.06313839 0.05725141 0.11431755 0.04549503 0.08015925 0.16683605 0.06971598 0.08680756 0.08587599 
0.12366787 0.06472742 0.05960056 0.06880273 0.07820886 0.09706173 0.06485385 0.10377668 0.12326041 0.05909982 0.12556091 0.02159468 0.03853180 0.12782985 0.08436715 0.10467080 0.07014139 0.04418885 0.16491613 0.08546465 0.25194370 0.08038761 0.08823734 0.07495426 0.07562990 0.20813016 0.00000000 0.12573405 0.05782808 0.09062048 0.06254030 0.09645342 0.04840167 0.08089097 0.10920988 0.13533162 0.07599166 0.05628652 0.05482957 0.09306365 0.04737990 0.07857726 0.06691187 0.06924384 0.05017237 0.08370581 0.04294934 0.08777087 0.03122385 0.09317623 0.12232314 0.11618915 0.09385844 0.04715747 0.08769508 0.05751876 0.08234536 0.10841844 0.08706458 0.04950406 0.09380069 0.05392874 0.07182425 0.03507656 0.08270177 0.06155793 0.06591572 0.07761922 0.09774886 0.14401005 0.13274932 0.07612007 0.05981952 0.30351418 0.10037272 0.05848122 0.07368210 0.09274147 0.03264189 0.06285268 0.04004037 0.19995138 0.05137376 0.07924584 0.03918244 0.06477905 0.07542096 0.08163863 0.07107506 0.06005935 0.14084426 0.07035049 0.07597624 0.10257173 0.08748251 0.13614914 0.04142544 0.10310392 0.07330055 
0.12390309 0.11561025 0.08616280 0.10736467 0.06325715 0.07041331 0.12011065 0.08458451 0.11531511 0.07840823 0.11737124 0.08250058 0.10479293 0.07901819 0.10023476 0.08420672 0.07501760 0.05745370 0.10974425 0.06226818 0.08029148 0.07584043 0.06282322 0.12432986 0.07984662 0.11500382 0.12573405 0.00000000 0.09675416 0.19927051 0.13264863 0.03749710 0.12002436 0.05149802 0.03996563 0.05008877 0.07781793 0.05915185 0.06120672 0.10921219 0.06917367 0.04534284 0.05083654 0.08707569 0.08344377 0.10343078 0.08901690 0.09848191 0.06773316 0.08830216 0.11718423 0.07527483 0.08706307 0.07969751 0.04322744 0.08092889 0.08824761 0.07880112 0.06666255 0.09276069 0.07970226 0.12684773 0.06680964 0.07750334 0.10494261 0.09378184 0.07282708 0.08237457 0.20481003 0.12849536 0.19799697 0.11280283 0.05315082 0.06383998 0.12230457 0.10877195 0.12804545 0.07635009 0.13534772 0.09184460 0.08294046 0.01648748 0.05339011 0.08005278 0.06584468 0.07681641 0.07078205 0.09361074 0.03684255 0.12158927 0.10966151 0.07020601 0.09949071 0.09982723 0.05026093 0.05848804 0.08628100 0.07887696 0.07551436 
0.08647490 0.09602608 0.05017618 0.07454673 0.07314978 0.06264741 0.04977268 0.07631482 0.07542785 0.05000236 0.06433855 0.11960285 0.12184891 0.03763867 0.12678049 0.07707784 0.11831821 0.12188290 0.06932091 0.08428533 0.05085492 0.08684275 0.02882214 0.10759593 0.06008886 0.07645391 0.05782808 0.09675416 0.00000000 0.09398580 0.12698509 0.13272446 0.08882108 0.05945883 0.07070360 0.11728045 0.09068224 0.05038726 0.19712305 0.02268909 0.08290945 0.06656936 0.04270699 0.05570657 0.06939623 0.08062577 0.07505154 0.08113809 0.07521423 0.13036907 0.07609511 0.05062273 0.07643824 0.02018669 0.09837384 0.08171135 0.08991635 0.09515850 0.07556176 0.11332801 0.10064477 0.10201818 0.07998186 0.07465764 0.06214944 0.09393707 0.04417174 0.13258974 0.03945521 0.10356351 0.06699750 0.28382708 0.09257767 0.15805349 0.06081122 0.06704923 0.05072845 0.09410574 0.13256931 0.06512627 0.07800131 0.23771142 0.03006636 0.08662133 0.09001492 0.02185209 0.08858853 0.12223050 0.08626210 0.10907271 0.06503833 0.11107948 0.03622809 0.06849079 0.15642978 0.12058835 0.10020601 0.08836892 0.05198221 
0.07787310 0.07151794 0.07958624 0.10017972 0.08493834 0.05535055 0.07232601 0.08876707 0.11065080 0.09999454 0.04754118 0.05048795 0.10488868 0.10566642 0.09528112 0.11025034 0.06286066 0.04962992 0.13697641 0.12158073 0.11082402 0.03920286 0.10656874 0.09872578 0.09243627 0.10034379 0.09062048 0.19927051 0.09398580 0.00000000 0.14292274 0.06039417 0.05686643 0.09453001 0.07094415 0.11990341 0.08139621 0.08251255 0.07975456 0.12876078 0.03226906 0.08254909 0.07085382 0.06588171 0.08636936 0.10760580 0.09543450 0.06649234 0.11734736 0.10957224 0.10245849 0.08886455 0.03895957 0.07860519 0.03239742 0.07660135 0.08332494 0.09755163 0.09448642 0.05995872 0.04848114 0.04869133 0.08742008 0.09008269 0.10009418 0.12845765 0.17782332 0.07893127 0.14044724 0.07543075 0.13450182 0.09572384 0.06908846 0.09922047 0.07446976 0.07907216 0.07088735 0.08082104 0.12712085 0.11017339 0.12537147 0.10271317 0.05928954 0.08156319 0.06310474 0.10894308 0.07730411 0.09039880 0.11987117 0.09855277 0.05392600 0.08010852 0.05192350 0.08505100 0.05801045 0.06409413 0.06111290 0.08972245 0.10034282 
0.06274973 0.07900586 0.08314098 0.07804334 0.11667509 0.12335744 0.12688510 0.05596644 0.05736207 0.09517583 0.10916664 0.11937135 0.08942358 0.03218020 0.08900182 0.06225843 0.10271485 0.07225223 0.09316110 0.04725461 0.03981940 0.08852334 0.05498911 0.06435156 0.08802391 0.05724962 0.06254030 0.13264863 0.12698509 0.14292274 0.00000000 0.10983005 0.09839760 0.07958261 0.13646599 0.15728914 0.05666822 0.08671881 0.08102695 0.12063512 0.08561824 0.06581661 0.09917109 0.10502408 0.10667899 0.11046528 0.05961996 0.06490211 0.04497638 0.09955333 0.08724630 0.12614386 0.10967153 0.17698900 0.16336252 0.11916621 0.07495362 0.05691742 0.05167694 0.04899554 0.04450651 0.02883322 0.05355940 0.06700386 0.07553970 0.14435024 0.10326398 0.13908881 0.17075397 0.19936396 0.09003268 0.07640526 0.06664886 0.06276722 0.05379012 0.07557688 0.08607730 0.08258292 0.09142901 0.03422434 0.07564034 0.06725392 0.05203935 0.06364376 0.08279328 0.07029380 0.04821105 0.12219274 0.11083504 0.16512714 0.06693416 0.06006302 0.06803240 0.07664678 0.09967819 0.09562882 0.06778510 0.06283445 0.03373047 
0.09881894 0.07169507 0.11797625 0.11455506 0.09293634 0.12038364 0.10152974 0.09630631 0.07557179 0.09438837 0.05768892 0.12376190 0.08288962 0.07907061 0.06182476 0.09732175 0.08351422 0.08070604 0.06984534 0.08064654 0.07089179 0.05884146 0.05511430 0.09268868 0.09389938 0.05291037 0.09645342 0.03749710 0.13272446 0.06039417 0.10983005 0.00000000 0.10157164 0.07812104 0.07726618 0.13489586 0.11544379 0.07740703 0.08606491 0.07153926 0.14037467 0.10691971 0.08761255 0.06892256 0.07106043 0.08390841 0.10547955 0.00000000 0.13506418 0.08882132 0.10029670 0.07115188 0.05233534 0.06885773 0.08319969 0.10558079 0.06220151 0.06332883 0.07577399 0.09444168 0.07268407 0.09633624 0.10915414 0.11280578 0.05633730 0.12574686 0.10819645 0.06776099 0.04524415 0.07843210 0.11169876 0.08261015 0.08195751 0.07827299 0.10746790 0.07692971 0.09731312 0.07841955 0.09376234 0.13507606 0.07818007 0.08809964 0.11881555 0.11437009 0.03392266 0.08154588 0.11093115 0.06482328 0.07202057 0.13555686 0.08582744 0.08824984 0.09865390 0.10367130 0.09258350 0.10693072 0.11713335 0.08309073 0.10433433 
0.09877310 0.09872283 0.12948296 0.13711421 0.12036062 0.11318585 0.09980498 0.14542855 0.08132716 0.06975613 0.10323091 0.05877112 0.07897263 0.07508767 0.08629843 0.08165046 0.09150541 0.05678569 0.10478820 0.03563515 0.05923909 0.04292948 0.05610716 0.07608497 0.10833489 0.05091131 0.04840167 0.12002436 0.08882108 0.05686643 0.09839760 0.10157164 0.00000000 0.14651406 0.11523543 0.05905397 0.11340810 0.09631341 0.09207346 0.06548062 0.10630819 0.07626982 0.05234434 0.08620630 0.08541912 0.04650239 0.10245433 0.09039807 0.07412341 0.09299080 0.07178050 0.10604330 0.10236727 0.07843893 0.10189951 0.07708467 0.10252352 0.07995932 0.14067749 0.11401547 0.13755243 0.09274754 0.06662628 0.07473191 0.16179569 0.08584990 0.10403264 0.05557375 0.09984638 0.05722034 0.05431080 0.13302056 0.07462395 0.09818021 0.03513181 0.07452169 0.08229785 0.08370504 0.08081518 0.06485509 0.05665320 0.05625938 0.08733401 0.10321700 0.06687892 0.08688852 0.08182842 0.12400010 0.07477273 0.10802339 0.11437441 0.07846958 0.08020503 0.06858278 0.09639102 0.07102324 0.07121309 0.08651114 0.08533467 
0.06959555 0.08638227 0.08273050 0.06438620 0.07766834 0.12962759 0.12515037 0.08008220 0.07157946 0.11360879 0.10785350 0.09040281 0.07641280 0.12085523 0.07984144 0.07830045 0.04719932 0.06770192 0.13775603 0.10122308 0.09297468 0.07595128 0.10547116 0.07200297 0.11505829 0.10955519 0.08089097 0.05149802 0.05945883 0.09453001 0.07958261 0.07812104 0.14651406 0.00000000 0.16733986 0.09411506 0.07065853 0.10417185 0.09262726 0.16012232 0.05831386 0.11960269 0.13240787 0.11413469 0.10090873 0.07863662 0.10575040 0.06932795 0.08166235 0.09997995 0.07123185 0.09213196 0.05867948 0.06153691 0.07771149 0.06885808 0.08466867 0.11176631 0.10064975 0.06907582 0.11471836 0.09005187 0.08769273 0.10469616 0.10835048 0.06646818 0.07607014 0.05369942 0.07966506 0.09212196 0.08932142 0.05472205 0.05205933 0.07584019 0.09643062 0.07436879 0.03893391 0.07500538 0.12093230 0.09008850 0.06121083 0.14024021 0.09330557 0.06463048 0.10847945 0.09784124 0.08200540 0.07285394 0.12320358 0.10370317 0.07716138 0.08197657 0.06148603 0.08745273 0.08725179 0.03064037 0.10236550 0.09352884 0.07070033 
0.05947749 0.07624002 0.09534156 0.08851572 0.09500499 0.10516739 0.08585998 0.06896768 0.07064685 0.08272625 0.10379591 0.10240951 0.10083947 0.08530583 0.07632080 0.09724720 0.03308497 0.06612493 0.07004364 0.06111497 0.05093180 0.11988041 0.10334275 0.07514799 0.12713223 0.09094916 0.10920988 0.03996563 0.07070360 0.07094415 0.13646599 0.07726618 0.11523543 0.16733986 0.00000000 0.08555132 0.07998329 0.13140461 0.10725120 0.07562623 0.12530843 0.13794552 0.12311968 0.10939889 0.06973698 0.06934527 0.06820417 0.07256324 0.04637727 0.08816301 0.11288178 0.11206490 0.12021618 0.08272629 0.07828660 0.10459837 0.07159391 0.07696330 0.06444098 0.08659810 0.09152567 0.07764711 0.06717801 0.13277799 0.10310277 0.07655458 0.08819979 0.12894146 0.12284892 0.07516079 0.07138248 0.03917681 0.06132907 0.08019096 0.09434781 0.09592609 0.06944780 0.07908266 0.06701940 0.08044758 0.05996660 0.11860866 0.11062399 0.07614507 0.08545795 0.08544501 0.06981134 0.12593097 0.05963461 0.08045843 0.10695892 0.08347188 0.08716260 0.08364454 0.08125465 0.10672383 0.14274331 0.08787290 0.08055061 
0.03922523 0.04718851 0.07150999 0.05830026 0.10297553 0.08710737 0.07057342 0.09504332 0.03119844 0.06472320 0.08373798 0.10557951 0.13461477 0.05446151 0.06641520 0.10922511 0.09537348 0.12310753 0.08631645 0.06331588 0.07939522 0.13210886 0.11392308 0.09183475 0.07642561 0.05164984 0.13533162 0.05008877 0.11728045 0.11990341 0.15728914 0.13489586 0.05905397 0.09411506 0.08555132 0.00000000 0.08735007 0.06751605 0.13492917 0.11476693 0.09539155 0.10226206 0.09863406 0.09968098 0.06686681 0.07487502 0.08648772 0.06972885 0.07240668 0.08692905 0.04258073 0.06613337 0.06600346 0.11486916 0.09324414 0.13871488 0.11886471 0.09285285 0.07748078 0.07995678 0.07075574 0.12681924 0.08613302 0.07857794 0.10221321 0.05940675 0.10215503 0.10183858 0.09740480 0.10096207 0.05820303 0.06811876 0.04981385 0.09908032 0.07065768 0.12038767 0.09174164 0.08423459 0.11320356 0.10326338 0.09197491 0.07896404 0.08299052 0.08120455 0.08214209 0.12182907 0.09639149 0.08636048 0.06312912 0.09467370 0.07954184 0.08695572 0.09697140 0.01316869 0.12827077 0.07389167 0.07419908 0.09731556 0.07786064 
