0.00000000 0.23987737 0.17052713 0.20335358 0.19779234 0.09726159 0.24226131 0.17798198 0.20163171 0.17468523 0.18881910 0.08877224 0.18902557 0.06883438 0.11583468 0.04582298 0.10239899 0.17780197 0.14996842 0.18501128 0.16512190 0.18672133 0.13129772 0.06831209 0.17878399 0.12452236 0.17733551 0.16230378 0.12353530 0.13092862 0.16303757 0.12650163 0.14313096 0.10405995 0.15579596 0.10213999 0.21846090 0.10720722 0.14859776 0.15406773 0.14468987 0.12737240 0.14376457 0.18188187 0.19816010 0.11150960 0.12368389 0.15845856 0.13552222 0.16093332 0.13353376 0.15322991 0.16295999 0.14199397 0.14402454 0.11283791 0.09595344 0.06555989 0.19148948 0.13335691 0.19247135 0.17389715 0.12923154 0.16962315 0.14545586 0.17519229 0.12405513 0.13691790 0.14987023 0.15523613 0.18438359 0.16584190 0.18562141 0.14442452 0.17454200 0.16298722 0.11913560 0.06757643 0.18210687 0.12491513 0.14194378 0.15380416 0.11040924 0.11307248 0.18590043 0.06838162 0.12702448 0.15852489 0.08253161 0.08399268 0.14428148 0.16732421 0.12618026 0.07384438 0.15228201 0.15520264 0.14633259 0.09671884 0.14778587 
0.23987737 0.00000000 0.30079441 0.27322398 0.25784853 0.15104073 0.17872361 0.27758966 0.21867755 0.13793453 0.21532115 0.07298887 0.15980996 0.16281117 0.21067727 0.09720549 0.10293639 0.15753236 0.20154049 0.13629103 0.09650545 0.18576468 0.09982986 0.14620571 0.18030311 0.14907492 0.11021034 0.20167445 0.15654293 0.17905963 0.13102829 0.12282268 0.16022183 0.11328582 0.14442751 0.15586003 0.19669428 0.05968251 0.11435812 0.10369761 0.08814115 0.08863405 0.07377362 0.08808850 0.13253259 0.06071453 0.10142812 0.11196656 0.16478353 0.13929899 0.14674003 0.09779198 0.10927679 0.13254454 0.10555751 0.08271480 0.10382004 0.09601560 0.16816092 0.17924818 0.22133853 0.16891066 0.12617261 0.14889014 0.11577994 0.08857721 0.10857386 0.23936685 0.12722150 0.09398002 0.16108252 0.15644038 0.13978733 0.13880687 0.10490870 0.09349930 0.17071201 0.12671773 0.18012715 0.15290208 0.14882668 0.14891548 0.15303021 0.13809656 0.15887814 0.07093468 0.15760361 0.20427254 0.09790793 0.12580007 0.17598789 0.15847738 0.13944054 0.12398527 0.12391916 0.20795464 0.13141612 0.20970017 0.14655939 
0.17052713 0.30079441 0.00000000 0.21585053 0.23552262 0.20547324 0.20840261 0.18478073 0.14905839 0.15339630 0.13032716 0.17660849 0.14156180 0.16817240 0.12931755 0.20438932 0.09221965 0.11920681 0.25359625 0.14620201 0.13797812 0.12792852 0.14763269 0.17822705 0.18847495 0.12953051 0.21940200 0.15483644 0.20161571 0.08275618 0.15486605 0.12874243 0.13085551 0.12422629 0.11849464 0.07681520 0.17412605 0.12452023 0.15196807 0.09403130 0.20285294 0.14552885 0.13206739 0.15198891 0.07965951 0.13232894 0.15861359 0.07553284 0.10875682 0.13719204 0.12729860 0.11282429 0.10984765 0.07798206 0.12820521 0.15310112 0.13858360 0.11214990 0.15163911 0.16605287 0.10730991 0.14780962 0.16878089 0.17623307 0.07618642 0.11877436 0.10340647 0.11984007 0.10682254 0.15430349 0.15201844 0.20674309 0.14672453 0.15330874 0.16088607 0.12710825 0.12336114 0.21136743 0.14772561 0.12087290 0.13544227 0.08566955 0.09282710 0.15865292 0.08209801 0.18994113 0.20307097 0.18529612 0.09844152 0.18025802 0.15134881 0.11465582 0.16069858 0.13456319 0.05556623 0.18620178 0.11950493 0.19721315 0.09578783 
0.20335358 0.27322398 0.21585053 0.00000000 0.27152867 0.33129455 0.23954091 0.22870528 0.18090832 0.16492052 0.19550443 0.08961973 0.12063796 0.24341516 0.16310066 0.22068470 0.16831177 0.13892248 0.10457043 0.14559814 0.15005515 0.11879478 0.09329648 0.14508838 0.14434209 0.12066258 0.12950564 0.26899106 0.13528973 0.20972510 0.11345725 0.17177588 0.18579804 0.15561072 0.10559414 0.11238052 0.17142363 0.03505837 0.12232172 0.06699617 0.07111548 0.12975180 0.06641633 0.12345463 0.14340761 0.07104219 0.15683704 0.11740606 0.10510442 0.10080272 0.17634600 0.09844359 0.13768046 0.13519417 0.11880875 0.19015703 0.12148020 0.14149888 0.16527583 0.11192242 0.09909695 0.10181830 0.10242487 0.14389083 0.15937814 0.13687597 0.07478854 0.12973958 0.23738885 0.15040331 0.15935411 0.09529875 0.16261749 0.09793727 0.14127774 0.11338462 0.15956494 0.17184204 0.20454432 0.12481937 0.09944589 0.04749691 0.17445784 0.13629619 0.08510924 0.04530179 0.18878267 0.17546523 0.14456191 0.12952929 0.09596888 0.20327544 0.17882608 0.08984882 0.21226801 0.19752581 0.20733357 0.22631731 0.12529638 
0.19779234 0.25784853 0.23552262 0.27152867 0.00000000 0.24120637 0.34381585 0.27358244 0.22078634 0.20921555 0.12789484 0.11420984 0.08324766 0.14478348 0.10273998 0.27573896 0.13866379 0.15727718 0.08115300 0.07665924 0.11234014 0.12583516 0.06310320 0.18668217 0.18857686 0.06846340 0.15175692 0.20748068 0.16445114 0.13982396 0.19627184 0.07394733 0.23509947 0.15617747 0.06413710 0.18715766 0.15773314 0.12734671 0.23945971 0.16312950 0.12578099 0.08646424 0.10161769 0.09232755 0.09905013 0.17464746 0.14486381 0.03984542 0.11230497 0.11125780 0.13686849 0.12236534 0.13174799 0.13813147 0.12691873 0.13355583 0.10064125 0.11124626 0.15863592 0.16214514 0.13011373 0.14530809 0.14428537 0.16901320 0.13729480 0.07339481 0.07497514 0.23991383 0.11026499 0.16263832 0.11675807 0.16991291 0.15344850 0.14351893 0.10947869 0.10173369 0.18029155 0.15854626 0.10907020 0.10394078 0.16242658 0.13311823 0.11109939 0.11563674 0.11360764 0.16785212 0.13765562 0.16498576 0.12424642 0.11123363 0.13750130 0.13756025 0.16878641 0.10047502 0.15897550 0.12346022 0.13825280 0.20920565 0.11205667 
0.09726159 0.15104073 0.20547324 0.33129455 0.24120637 0.00000000 0.27782653 0.25906612 0.14065196 0.19408965 0.17909896 0.11138400 0.16874588 0.24400670 0.25805159 0.19966193 0.14611140 0.13733695 0.09131404 0.20695281 0.19687949 0.14006984 0.20770939 0.19152633 0.15411203 0.09829732 0.16384857 0.06029376 0.15440577 0.14330701 0.18666852 0.29004197 0.07115343 0.17500312 0.14362149 0.08912290 0.11950421 0.08696973 0.17643470 0.10343128 0.11238660 0.08360734 0.12139436 0.19671439 0.12208333 0.11687174 0.17698661 0.20428305 0.12392253 0.11425381 0.17498535 0.09312439 0.05628434 0.16189091 0.13893162 0.21790338 0.15586875 0.17705023 0.08198015 0.12853401 0.11753062 0.14809762 0.07691429 0.12771197 0.06228531 0.16657358 0.11701740 0.18948646 0.11746965 0.13864251 0.13992074 0.04707029 0.10589541 0.13422017 0.11563243 0.13117798 0.16897687 0.20885392 0.14140068 0.12916274 0.12675807 0.09703277 0.11633749 0.12498776 0.13299724 0.13872291 0.14427194 0.10865827 0.13552954 0.17408158 0.07771318 0.10188718 0.05939876 0.16673471 0.13530019 0.14402288 0.21446612 0.18750588 0.08174304 
0.24226131 0.17872361 0.20840261 0.23954091 0.34381585 0.27782653 0.00000000 0.27557166 0.36198227 0.21468789 0.24775801 0.04917403 0.09702611 0.13755184 0.17993047 0.19813339 0.13717400 0.13328766 0.22159481 0.13291021 0.08537342 0.15331189 0.06896771 0.13110976 0.11078252 0.07730623 0.11683405 0.19334861 0.07233099 0.14404387 0.21480989 0.10972745 0.14137447 0.24901789 0.13829570 0.12084258 0.16498136 0.17067692 0.11544252 0.13401751 0.18464561 0.14023953 0.16521334 0.13154200 0.09956774 0.19238479 0.11618866 0.08830882 0.15018256 0.17551076 0.17279795 0.17711462 0.13249493 0.20345358 0.12789656 0.12965012 0.15583657 0.07294143 0.11210082 0.13195852 0.11337405 0.15972467 0.10724380 0.16764254 0.12709359 0.18117110 0.17536237 0.15871430 0.12091741 0.11966785 0.10836108 0.17136534 0.09939096 0.12882521 0.13080464 0.14969656 0.14116491 0.16150587 0.12119224 0.14335021 0.09902025 0.15937486 0.15881586 0.13631302 0.15519771 0.03892636 0.12107498 0.13552046 0.12865914 0.13647619 0.09057948 0.16251427 0.07659184 0.14346336 0.06782516 0.09787129 0.11622816 0.15355887 0.07481944 
0.17798198 0.27758966 0.18478073 0.22870528 0.27358244 0.25906612 0.27557166 0.00000000 0.29105118 0.23730369 0.25983778 0.09169782 0.27008543 0.06526007 0.15030808 0.18154318 0.21243921 0.17561492 0.12058353 0.18185094 0.10031115 0.12123477 0.17478624 0.14385495 0.16722646 0.11255733 0.10104412 0.17750735 0.09347804 0.15616659 0.09613771 0.18505574 0.17278879 0.19318883 0.12392401 0.14544367 0.14810529 0.07358312 0.13372727 0.12203730 0.07882824 0.10954348 0.13681564 0.12668267 0.11759835 0.12239407 0.16606483 0.14522895 0.12506409 0.13186565 0.11881910 0.08114402 0.14014709 0.15083658 0.12829614 0.11782415 0.08962122 0.10402583 0.13390609 0.20211912 0.11199102 0.17649184 0.10932054 0.13525999 0.15460315 0.12575091 0.11716190 0.13010537 0.13564996 0.09271110 0.15356047 0.04883132 0.15138692 0.12471430 0.11574236 0.06083058 0.09146157 0.15795361 0.17016292 0.12651362 0.16396610 0.09739689 0.14461985 0.13636876 0.08001430 0.11642180 0.12104056 0.11457576 0.14130641 0.12836732 0.16232859 0.13715047 0.14356122 0.18846835 0.18275534 0.24897260 0.16304167 0.16038612 0.14869373 
0.20163171 0.21867755 0.14905839 0.18090832 0.22078634 0.14065196 0.36198227 0.29105118 0.00000000 0.27431143 0.27298402 0.18063870 0.06982305 0.13010621 0.18950585 0.06232856 0.25696812 0.11147179 0.08220811 0.21850771 0.07952852 0.15548803 0.11107759 0.11809163 0.05385034 0.10385848 0.15918581 0.14735844 0.13879435 0.19182098 0.19338687 0.07652414 0.21663867 0.12564865 0.17039549 0.08587989 0.17406975 0.12147617 0.01829054 0.14578515 0.14764938 0.19546391 0.12498329 0.20783934 0.17561118 0.19626770 0.06887693 0.17518503 0.16005384 0.09484962 0.15059961 0.20837504 0.16691068 0.17748566 0.07851249 0.13110664 0.10636566 0.07678332 0.12262699 0.14394179 0.13473939 0.08591075 0.11700909 0.12543216 0.11663057 0.17746578 0.20147562 0.16546280 0.09957207 0.11551555 0.19659509 0.18352127 0.15562763 0.13753303 0.16839617 0.17290803 0.13264309 0.08856045 0.12702477 0.12973566 0.11510641 0.22604253 0.14717448 0.17368830 0.11453180 0.12292287 0.13057751 0.20749963 0.14060107 0.13302219 0.11574303 0.10709473 0.09008187 0.16854849 0.12462912 0.08654350 0.18479160 0.11025485 0.03489963 
0.17468523 0.13793453 0.15339630 0.16492052 0.20921555 0.19408965 0.21468789 0.23730369 0.27431143 0.00000000 0.20054647 0.17701085 0.20578263 0.12611744 0.14151492 0.20713170 0.22004523 0.12534192 0.13902831 0.20109728 0.15818757 0.15956861 0.11159449 0.10956793 0.13057303 0.14959883 0.12600123 0.08879121 0.17400256 0.09833584 0.15967297 0.12708249 0.12308405 0.15751560 0.17172287 0.18886517 0.18351447 0.13191859 0.10546827 0.16982300 0.07884899 0.12465698 0.12670169 0.15610319 0.14880747 0.16024025 0.12681065 0.14510071 0.16516901 0.13958119 0.18035528 0.12706177 0.15086057 0.18363171 0.13690560 0.13580401 0.14254158 0.15409260 0.09285375 0.08007567 0.16416167 0.14213329 0.04172866 0.13963762 0.14849651 0.09606577 0.16365571 0.11347874 0.11699759 0.19903760 0.11352511 0.08852508 0.17887201 0.15271430 0.12963306 0.10058725 0.15313630 0.11307106 0.18976844 0.17260866 0.10735518 0.16366567 0.16108976 0.12372156 0.20720442 0.16081948 0.15469524 0.12965008 0.13695750 0.14941369 0.15315938 0.17089674 0.09908058 0.11812216 0.11429023 0.04485311 0.16822132 0.13717910 0.07066296 
0.18881910 0.21532115 0.13032716 0.19550443 0.12789484 0.17909896 0.24775801 0.25983778 0.27298402 0.20054647 0.00000000 0.17807050 0.18393430 0.16350028 0.18993010 0.13861391 0.10739083 0.10864255 0.14932688 0.14671191 0.07889869 0.17689030 0.10667658 0.12540880 0.16405825 0.18781310 0.14243266 0.15790045 0.14281962 0.05957884 0.20485119 0.16628853 0.16404207 0.20747661 0.21888594 0.12778149 0.09872388 0.07494963 0.08727563 0.24392081 0.10242971 0.12971702 0.17583174 0.22169102 0.19913942 0.22463244 0.18476254 0.14755583 0.15864705 0.18161677 0.13411080 0.15573055 0.12547095 0.17491099 0.14042122 0.14262417 0.10893853 0.10758830 0.05820641 0.13855325 0.10514302 0.09668111 0.14136772 0.13663978 0.14803924 0.20166993 0.16272654 0.08073679 0.14130756 0.10661722 0.19350222 0.14580739 0.17112419 0.13964861 0.15735324 0.10248456 0.14959037 0.12139231 0.13239604 0.13703758 0.17818571 0.15049438 0.16540847 0.06762566 0.17474988 0.14028121 0.09549430 0.13175074 0.18312280 0.14763444 0.11792860 0.13707770 0.07025029 0.15983833 0.14084113 0.14108207 0.20061449 0.13932719 0.06415362 
0.08877224 0.07298887 0.17660849 0.08961973 0.11420984 0.11138400 0.04917403 0.09169782 0.18063870 0.17701085 0.17807050 0.00000000 0.28181902 0.12513789 0.12914608 0.04917526 0.19543861 0.08051211 0.11171506 0.13511355 0.16099418 0.14776150 0.09789428 0.10144205 0.15598634 0.10311648 0.08880517 0.17335956 0.17797827 0.09367574 0.14466526 0.16615875 0.18451732 0.19319309 0.29393059 0.19571332 0.19768242 0.15578847 0.11601632 0.20106745 0.19390738 0.20082942 0.19513635 0.08372815 0.06376765 0.09294809 0.09718598 0.12024438 0.22894600 0.08633788 0.16100573 0.09292020 0.16585151 0.22792931 0.13993804 0.10251889 0.13084710 0.09908701 0.16031326 0.10237595 0.12034259 0.15327412 0.15852440 0.17030070 0.18446565 0.17360299 0.19742184 0.14630174 0.11157786 0.09633885 0.15455809 0.13712807 0.08824725 0.18478567 0.10480717 0.13928638 0.06672879 0.12670522 0.14937042 0.12885851 0.18522395 0.09023912 0.13325490 0.18829092 0.24524047 0.22474147 0.18438126 0.19825822 0.26314619 0.36718078 0.17466616 0.20867734 0.11638791 0.17689983 0.10002846 0.17151461 0.21536863 0.12363932 0.09593691 
0.18902557 0.15980996 0.14156180 0.12063796 0.08324766 0.16874588 0.09702611 0.27008543 0.06982305 0.20578263 0.18393430 0.28181902 0.00000000 0.16102640 0.28373395 0.14349669 0.33810539 0.11862946 0.13609219 0.12280557 0.13357157 0.27705477 0.12649054 0.13173503 0.14447742 0.09857148 0.04700614 0.15379862 0.17956487 0.11984564 0.16581684 0.17935707 0.13957856 0.20787328 0.13278099 0.26837250 0.08576880 0.14629584 0.15472500 0.08582140 0.13289260 0.13381422 0.16185462 0.15069213 0.08621630 0.23044553 0.17151599 0.19960003 0.14629518 0.13969164 0.09645282 0.09560375 0.16742112 0.13111293 0.10572603 0.10789581 0.12342034 0.11903804 0.16879403 0.16589936 0.13771633 0.14520442 0.12377435 0.11984123 0.13616294 0.12348952 0.11306035 0.12016539 0.19623597 0.09751213 0.14328010 0.08109185 0.10162218 0.09339933 0.12383121 0.15359421 0.10493363 0.15629179 0.15740886 0.13093752 0.17081219 0.09701178 0.21521608 0.13733580 0.13521122 0.20775897 0.11719083 0.16320266 0.26449777 0.16872115 0.12547524 0.12146854 0.26096859 0.09145315 0.21449899 0.12186286 0.24060840 0.12657625 0.14576812 
0.06883438 0.16281117 0.16817240 0.24341516 0.14478348 0.24400670 0.13755184 0.06526007 0.13010621 0.12611744 0.16350028 0.12513789 0.16102640 0.00000000 0.03175406 0.31913242 0.14258333 0.08618664 0.12485294 0.21130960 0.15830389 0.12636026 0.11579274 0.17024758 0.10017330 0.22514502 0.18954273 0.15563097 0.07728088 0.08037267 0.11916771 0.15151072 0.14428400 0.10242894 0.10678817 0.15576555 0.22170400 0.18746881 0.12459164 0.13866929 0.17300923 0.09511801 0.10883355 0.10571262 0.09840808 0.08444444 0.18068731 0.11421979 0.10958457 0.13061422 0.16298220 0.13174013 0.14833953 0.10591357 0.18638431 0.15777867 0.10649077 0.13371004 0.14965438 0.21135320 0.14151916 0.10922081 0.20059717 0.14323550 0.13570443 0.13410390 0.20623730 0.12227332 0.13540303 0.10790530 0.10850635 0.08854919 0.15152187 0.14202608 0.13559705 0.14306903 0.10775580 0.16796333 0.04743366 0.04997211 0.09603346 0.12211653 0.25198150 0.25654982 0.27841006 0.14838641 0.28633564 0.13263495 0.16293881 0.17790510 0.13121069 0.17405370 0.13558138 0.30654204 0.10068935 0.15935996 0.12150193 0.18188660 0.12476361 
0.11583468 0.21067727 0.12931755 0.16310066 0.10273998 0.25805159 0.17993047 0.15030808 0.18950585 0.14151492 0.18993010 0.12914608 0.28373395 0.03175406 0.00000000 0.26564323 0.22593966 0.26469384 0.14695737 0.15463058 0.16941034 0.19692436 0.15043451 0.13948097 0.11593848 0.18228862 0.12532639 0.11489462 0.13947307 0.13189723 0.10712073 0.26853687 0.11289501 0.15502461 0.19908884 0.20611861 0.11318743 0.08980380 0.11066235 0.13447343 0.19821932 0.13060719 0.07932901 0.12380403 0.14526722 0.08212254 0.16226508 0.17983880 0.16195955 0.18735816 0.13100424 0.11150655 0.06990080 0.14752210 0.07718009 0.13924423 0.08377365 0.12695009 0.11925176 0.16607041 0.22151697 0.11988326 0.16183523 0.15948785 0.16797283 0.21179428 0.16487895 0.15977072 0.18002909 0.18916570 0.16725941 0.15781508 0.11752573 0.11796309 0.18980084 0.15848611 0.10730127 0.12787126 0.09779562 0.12556884 0.29831674 0.09307253 0.07431956 0.10461246 0.09641513 0.12032365 0.12484052 0.13821158 0.16508567 0.20033154 0.13031904 0.14118272 0.15717104 0.10123489 0.14250055 0.20398276 0.16896816 0.12305842 0.14573172 
0.04582298 0.09720549 0.20438932 0.22068470 0.27573896 0.19966193 0.19813339 0.18154318 0.06232856 0.20713170 0.13861391 0.04917526 0.14349669 0.31913242 0.26564323 0.00000000 0.21942807 0.12493099 0.09771228 0.11029083 0.10807008 0.10778948 0.10320927 0.19849626 0.14209398 0.15967903 0.16076254 0.09573422 0.15166627 0.14628096 0.08928429 0.11718273 0.10653576 0.17309101 0.14457533 0.07837484 0.09209969 0.12293276 0.18384014 0.04870219 0.16640638 0.12571787 0.17275408 0.13775097 0.09329334 0.15667700 0.18914275 0.19763168 0.17012456 0.16835095 0.18002913 0.17070088 0.13679983 0.16846321 0.12641001 0.16647162 0.20267793 0.21341128 0.16009989 0.15018813 0.17573413 0.16190967 0.15750356 0.09321267 0.08469662 0.08650956 0.11083327 0.05781882 0.10469493 0.19604319 0.12403602 0.13882033 0.10917816 0.11204400 0.16745191 0.16703195 0.15659107 0.20043838 0.13052314 0.07453298 0.13063350 0.12982507 0.13061087 0.17311139 0.06765600 0.13508542 0.14518449 0.13576002 0.16626494 0.16776606 0.13649090 0.08957255 0.20078035 0.19074644 0.10731718 0.21495154 0.14508050 0.19765584 0.10627057 
0.10239899 0.10293639 0.09221965 0.16831177 0.13866379 0.14611140 0.13717400 0.21243921 0.25696812 0.22004523 0.10739083 0.19543861 0.33810539 0.14258333 0.22593966 0.21942807 0.00000000 0.37901919 0.19900982 0.17906439 0.04875981 0.11992723 0.20812857 0.16455813 0.09225478 0.21857063 0.13135450 0.07284603 0.15988426 0.15728327 0.15589944 0.14649933 0.09014012 0.15723994 0.07205065 0.17109565 0.05870129 0.14513431 0.16865651 0.16327371 0.12858581 0.10531150 0.08220871 0.16298450 0.12980068 0.18823885 0.12819238 0.16129512 0.21447637 0.14209920 0.22875259 0.14221592 0.10507149 0.16301839 0.18862023 0.12878745 0.12594399 0.16351277 0.14968658 0.10884514 0.17485581 0.09671534 0.15500935 0.15352141 0.12946958 0.12178463 0.10472495 0.18989485 0.14103312 0.13518146 0.16577092 0.11591934 0.14045448 0.12396864 0.08438784 0.11727780 0.10850982 0.12577591 0.20243573 0.07703673 0.21327783 0.23604855 0.12060406 0.08157448 0.16304769 0.11782667 0.10775093 0.10944173 0.19420466 0.17198988 0.15820744 0.24180979 0.21525804 0.17577748 0.07418897 0.11360881 0.14402619 0.10577899 0.14142840 
0.17780197 0.15753236 0.11920681 0.13892248 0.15727718 0.13733695 0.13328766 0.17561492 0.11147179 0.12534192 0.10864255 0.08051211 0.11862946 0.08618664 0.26469384 0.12493099 0.37901919 0.00000000 0.29464862 0.32276819 0.19970221 0.22438836 0.15012270 0.08976643 0.16552761 0.07388755 0.12030247 0.16708540 0.15473087 0.08342304 0.19122511 0.17055922 0.10898673 0.15503759 0.10432675 0.15345220 0.09415718 0.02902440 0.14120175 0.16275161 0.11876244 0.12752887 0.13703515 0.19949684 0.16626612 0.18806125 0.13524010 0.15763618 0.10137798 0.13266636 0.19302165 0.13288402 0.09154736 0.13313643 0.10555516 0.07287656 0.11191719 0.11485225 0.09441944 0.12360471 0.09455303 0.10812812 0.18206999 0.03493099 0.14548254 0.23754760 0.14783071 0.17210727 0.21668736 0.04480774 0.05356201 0.17699043 0.15435180 0.14753138 0.10188514 0.11451130 0.13412734 0.14297195 0.27147450 0.09328780 0.13087253 0.17328460 0.10073626 0.10641293 0.15822848 0.14086598 0.12600247 0.12729587 0.11595544 0.14547383 0.10577406 0.10253486 0.30559148 0.14579993 0.33631654 0.20179514 0.55588248 0.15791697 0.22279287 
0.14996842 0.20154049 0.25359625 0.10457043 0.08115300 0.09131404 0.22159481 0.12058353 0.08220811 0.13902831 0.14932688 0.11171506 0.13609219 0.12485294 0.14695737 0.09771228 0.19900982 0.29464862 0.00000000 0.12282337 0.30626352 0.10299267 0.15994060 0.11219980 0.28059251 0.18152410 0.17906336 0.17864726 0.13245811 0.15744689 0.04168574 0.13869276 0.23040595 0.06800526 0.15056425 0.15476471 0.10478648 0.13057286 0.12905006 0.04508108 0.17982006 0.10170075 0.18902438 0.14828264 0.13062871 0.16080796 0.14367445 0.19532206 0.21749799 0.11710988 0.18848004 0.09282529 0.17330574 0.11616671 0.15623147 0.13254261 0.13869242 0.13237920 0.18106660 0.22063096 0.14804736 0.12801689 0.08410742 0.14690135 0.12532421 0.15497538 0.21384721 0.14184508 0.13404340 0.11398322 0.14888461 0.15956625 0.12594334 0.09294567 0.18475055 0.08254294 0.20071610 0.12271667 0.09304564 0.14849349 0.12643083 0.17589204 0.12112437 0.15013146 0.16648810 0.09347087 0.11777138 0.09458517 0.05734127 0.09180505 0.14043090 0.17431432 0.13255120 0.23085655 0.15932357 0.31296150 0.11289565 0.26341276 0.12502657 
0.18501128 0.13629103 0.14620201 0.14559814 0.07665924 0.20695281 0.13291021 0.18185094 0.21850771 0.20109728 0.14671191 0.13511355 0.12280557 0.21130960 0.15463058 0.11029083 0.17906439 0.32276819 0.12282337 0.00000000 0.19761978 0.32526547 0.17206695 0.15195904 0.19682433 0.17138862 0.13945833 0.13513034 0.07858555 0.09454079 0.10765080 0.19530015 0.11682349 0.13661325 0.11350427 0.14769952 0.06471925 0.03046352 0.08937949 0.01513416 0.10893549 0.09314874 0.14305445 0.21564480 0.19868156 0.15613035 0.16725251 0.16243805 0.14648785 0.10016672 0.15706790 0.15420222 0.11898084 0.15309423 0.08576231 0.13546633 0.15581996 0.14811348 0.04798342 0.15476914 0.14274931 0.11739984 0.07466665 0.01008903 0.15477813 0.09507299 0.17339100 0.14961099 0.13346400 0.14027571 0.09186023 0.14700529 0.10997017 0.11220164 0.17440537 0.11708761 0.25970766 0.14645495 0.31038101 0.17505660 0.18801662 0.17398414 0.16122909 0.10490608 0.16101711 0.14208616 0.10549778 0.14590048 0.12091396 0.14458994 0.14452028 0.13361046 0.15682494 0.14698989 0.15289074 0.16145601 0.35203444 0.20083163 0.39100939 
0.16512190 0.09650545 0.13797812 0.15005515 0.11234014 0.19687949 0.08537342 0.10031115 0.07952852 0.15818757 0.07889869 0.16099418 0.13357157 0.15830389 0.16941034 0.10807008 0.04875981 0.19970221 0.30626352 0.19761978 0.00000000 0.20357200 0.22081361 0.09838342 0.13224568 0.28557766 0.47336120 0.13302075 0.19136118 0.10375882 0.05880500 0.12905476 0.05045143 0.10386878 0.13828616 0.07959179 0.16235122 0.14223826 0.08568812 0.20204755 0.12248517 0.11710924 0.15030635 0.12620767 0.12776700 0.22953514 0.21442044 0.19535550 0.07559728 0.10885443 0.11502158 0.08237095 0.21553019 0.14146097 0.18412899 0.18616633 0.14412699 0.12626891 0.14728574 0.13246703 0.10967365 0.15113788 0.18615395 0.11772317 0.10127588 0.10064996 0.16177886 0.11250733 0.14976504 0.16051646 0.09178014 0.19781727 0.10848861 0.40064505 0.18901569 0.25728903 0.15625255 0.19850419 0.03734635 0.06500712 0.10700224 0.13458180 0.19469211 0.13336185 0.11444781 0.07564736 0.15041763 0.08589311 0.11227355 0.07673773 0.11054153 0.14492221 0.16664545 0.16075071 0.15176975 0.27567172 0.09384992 0.18910926 0.14886389 
0.18672133 0.18576468 0.12792852 0.11879478 0.12583516 0.14006984 0.15331189 0.12123477 0.15548803 0.15956861 0.17689030 0.14776150 0.27705477 0.12636026 0.19692436 0.10778948 0.11992723 0.22438836 0.10299267 0.32526547 0.20357200 0.00000000 0.29988135 0.25656597 0.34034086 0.15734894 0.10963097 0.11872386 0.06429816 0.28361698 0.11962736 0.15090663 0.10704775 0.12718429 0.13303397 0.12391940 0.13093878 0.13891648 0.09612191 0.12127108 0.16857202 0.10901573 0.11962075 0.16285916 0.18113519 0.12118994 0.12899022 0.15919629 0.17050097 0.17087074 0.12396266 0.08461826 0.19603238 0.06350467 0.16301579 0.16043190 0.12134920 0.12016017 0.14401034 0.10836238 0.12855261 0.09062871 0.12826211 0.14166251 0.08119466 0.20382970 0.18633189 0.12170071 0.09465504 0.08392453 0.15887872 0.20212673 0.15256978 0.09182613 0.23039790 0.21363807 0.21079061 0.12378688 0.24836287 0.15254800 0.06314209 0.12117850 0.11982528 0.13940535 0.07623942 0.10858163 0.10263408 0.16487019 0.09318675 0.12886012 0.08879619 0.14437084 0.11805338 0.16567532 0.16647939 0.08833521 0.15532370 0.12893278 0.38713422 
0.13129772 0.09982986 0.14763269 0.09329648 0.06310320 0.20770939 0.06896771 0.17478624 0.11107759 0.11159449 0.10667658 0.09789428 0.12649054 0.11579274 0.15043451 0.10320927 0.20812857 0.15012270 0.15994060 0.17206695 0.22081361 0.29988135 0.00000000 0.23441484 0.32818562 0.12030480 0.14641735 0.16031815 0.19156028 0.21697145 0.10325289 0.11255360 0.05277556 0.14287786 0.22191754 0.20519640 0.13140452 0.20209694 0.09217767 0.15985159 0.20393307 0.15556116 0.09251034 0.15032287 0.16050241 0.13363451 0.17405570 0.11490611 0.08147020 0.14447304 0.08104161 0.22430114 0.16732150 0.22859102 0.14765171 0.09466074 0.11231447 0.21554415 0.11066546 0.18580419 0.14081850 0.14704734 0.20927731 0.10418114 0.07292122 0.14997394 0.10456495 0.19269747 0.09767806 0.07081146 0.15381137 0.14424600 0.17374326 0.14554619 0.23782823 0.12124506 0.27983405 0.11441098 0.15047999 0.20382562 0.18186740 0.13128801 0.10802037 0.12709099 0.03740739 0.11247616 0.16288161 0.09410220 0.13348594 0.12595688 0.18165156 0.13075676 0.17384609 0.13252460 0.13498516 0.20099415 0.12631011 0.19436695 0.23249909 
0.06831209 0.14620571 0.17822705 0.14508838 0.18668217 0.19152633 0.13110976 0.14385495 0.11809163 0.10956793 0.12540880 0.10144205 0.13173503 0.17024758 0.13948097 0.19849626 0.16455813 0.08976643 0.11219980 0.15195904 0.09838342 0.25656597 0.23441484 0.00000000 0.28620446 0.19299062 0.22247415 0.20361083 0.15035710 0.19817027 0.10738064 0.14211174 0.08391201 0.14845055 0.10164602 0.09993118 0.14411121 0.10676779 0.12163460 0.13731002 0.07918078 0.10496859 0.13219319 0.10760074 0.14683535 0.17899686 0.22526003 0.10587215 0.12698093 0.15242143 0.18734980 0.14884170 0.13840987 0.09075436 0.16117114 0.18357771 0.22382509 0.15605902 0.09095179 0.09907333 0.12398694 0.13268033 0.16707648 0.19299246 0.12760651 0.07366735 0.08469575 0.10730250 0.18212042 0.08672797 0.23778314 0.11496359 0.16566525 0.07685549 0.15557161 0.17081172 0.26335630 0.36910315 0.15040407 0.09141045 0.13306678 0.11788582 0.14570828 0.17975857 0.09312947 0.12872685 0.14739638 0.12789896 0.08465408 0.11331120 0.11619264 0.10855096 0.13134584 0.13976813 0.14718236 0.12580444 0.12064506 0.22756301 0.13083517 
0.17878399 0.18030311 0.18847495 0.14434209 0.18857686 0.15411203 0.11078252 0.16722646 0.05385034 0.13057303 0.16405825 0.15598634 0.14447742 0.10017330 0.11593848 0.14209398 0.09225478 0.16552761 0.28059251 0.19682433 0.13224568 0.34034086 0.32818562 0.28620446 0.00000000 0.24373541 0.13289213 0.13696824 0.19892086 0.23438639 0.14105521 0.13579805 0.17175463 0.18053577 0.13967802 0.07515345 0.15689126 0.10358851 0.11988073 0.09073122 0.06498819 0.19279077 0.15341732 0.12240596 0.12537976 0.09408380 0.13199712 0.13292983 0.16874586 0.17884434 0.10792198 0.08656914 0.17398582 0.06209753 0.16287263 0.14801193 0.16262166 0.11659583 0.20532320 0.16193113 0.18906292 0.17922104 0.12804907 0.17753045 0.20254978 0.18360032 0.15191435 0.10452283 0.13709829 0.10883299 0.10915864 0.20748561 0.10707136 0.16809531 0.14151424 0.15438362 0.13248749 0.14967686 0.12514516 0.10780139 0.11795786 0.14475741 0.18018387 0.11545182 0.11878547 0.16432485 0.11270025 0.10196476 0.12002699 0.16455304 0.08387093 0.18641168 0.17168264 0.10272560 0.13165069 0.08375774 0.01850593 0.16646250 0.17102479 
0.12452236 0.14907492 0.12953051 0.12066258 0.06846340 0.09829732 0.07730623 0.11255733 0.10385848 0.14959883 0.18781310 0.10311648 0.09857148 0.22514502 0.18228862 0.15967903 0.21857063 0.07388755 0.18152410 0.17138862 0.28557766 0.15734894 0.12030480 0.19299062 0.24373541 0.00000000 0.13622237 0.32160674 0.13108432 0.11917845 0.07497625 0.10302421 0.06817411 0.07972934 0.09531021 0.13565397 0.15465494 0.12484793 0.19444620 0.07188095 0.18098537 0.16184933 0.07120390 0.12383885 0.08958560 0.21580053 0.12894612 0.19717532 0.13839225 0.16550309 0.14522743 0.14379533 0.16015113 0.14121260 0.12686968 0.12080930 0.13474104 0.13701731 0.11472679 0.11878810 0.13271031 0.12648301 0.07122289 0.07306137 0.14570597 0.13247468 0.22492753 0.12293436 0.16223281 0.15061310 0.30070221 0.18890986 0.44017539 0.31676893 0.18495969 0.21591622 0.13295394 0.20907325 0.18088023 0.08800177 0.16343172 0.17112524 0.16097594 0.16662638 0.07518768 0.11535354 0.13968900 0.17965160 0.09445632 0.09973141 0.14031101 0.10785500 0.10811161 0.17568121 0.16056813 0.08052531 0.14396827 0.14324529 0.13930575 
0.17733551 0.11021034 0.21940200 0.12950564 0.15175692 0.16384857 0.11683405 0.10104412 0.15918581 0.12600123 0.14243266 0.08880517 0.04700614 0.18954273 0.12532639 0.16076254 0.13135450 0.12030247 0.17906336 0.13945833 0.47336120 0.10963097 0.14641735 0.22247415 0.13289213 0.13622237 0.00000000 0.09852180 0.24831986 0.12045828 0.09839979 0.07945429 0.13907582 0.13324602 0.13097296 0.07505823 0.17765084 0.12218619 0.21553164 0.20047165 0.07022149 0.16164159 0.15010337 0.19890946 0.04196381 0.17793969 0.14250285 0.14936401 0.11260482 0.15164086 0.15308422 0.12542376 0.08757255 0.13875623 0.12530987 0.16158677 0.17291282 0.19088545 0.15571259 0.06976299 0.15021301 0.17301591 0.18112547 0.05960111 0.10193466 0.12434644 0.12590159 0.15215025 0.11299763 0.18290025 0.16596818 0.17228111 0.14454405 0.41600886 0.19329820 0.11642799 0.12199029 0.21853354 0.16798251 0.07367130 0.00321941 0.29345652 0.09273782 0.18009553 0.05154940 0.16030412 0.18124861 0.12645562 0.12338028 0.11095443 0.23377200 0.12998257 0.07357356 0.17780738 0.08911157 0.18849175 0.13588225 0.14784842 0.12320662 
0.16230378 0.20167445 0.15483644 0.26899106 0.20748068 0.06029376 0.19334861 0.17750735 0.14735844 0.08879121 0.15790045 0.17335956 0.15379862 0.15563097 0.11489462 0.09573422 0.07284603 0.16708540 0.17864726 0.13513034 0.13302075 0.11872386 0.16031815 0.20361083 0.13696824 0.32160674 0.09852180 0.00000000 0.10031854 0.36705142 0.14947254 0.16881977 0.12172979 0.10918737 0.12480902 0.09236490 0.12833218 0.16614489 0.16762968 0.16099729 0.16058002 0.03386345 0.11946895 0.12478778 0.13863146 0.11411138 0.08746078 0.17631584 0.16355591 0.14927388 0.09367860 0.16393652 0.14610715 0.14630889 0.09485072 0.10779099 0.18891702 0.19708453 0.11589762 0.16111870 0.05130147 0.18250964 0.15395599 0.15254532 0.17598458 0.11571393 0.14859147 0.18785072 0.31359491 0.17304676 0.53701845 0.17207276 0.20814574 0.10992700 0.16332758 0.19504415 0.16011864 0.12929591 0.14345590 0.15115463 0.04452796 0.07054709 0.15741947 0.11704788 0.07497793 0.18802765 0.10193445 0.13083856 0.13191673 0.17934094 0.15245906 0.16892686 0.14320536 0.12339851 0.12297864 0.08877464 0.04410696 0.14939662 0.08980012 
0.12353530 0.15654293 0.20161571 0.13528973 0.16445114 0.15440577 0.07233099 0.09347804 0.13879435 0.17400256 0.14281962 0.17797827 0.17956487 0.07728088 0.13947307 0.15166627 0.15988426 0.15473087 0.13245811 0.07858555 0.19136118 0.06429816 0.19156028 0.15035710 0.19892086 0.13108432 0.24831986 0.10031854 0.00000000 0.15879031 0.10520895 0.05568638 0.21106731 0.11156288 0.16261016 0.06024276 0.15335931 0.10204541 0.34784784 0.10605324 0.16820993 0.09926330 0.12291726 0.16839113 0.11623382 0.18798883 0.16491002 0.14385531 0.13752845 0.18117097 0.18309104 0.09115550 0.13988758 0.06012032 0.18445104 0.09187499 0.13453108 0.20201054 0.07458321 0.25181152 0.16028894 0.17702329 0.13752277 0.06090125 0.07492249 0.10038349 0.05109193 0.08653956 0.04537737 0.31185154 0.18418059 0.40328281 0.20441333 0.23380682 0.15958384 0.12161123 0.09466320 0.08708851 0.08590898 0.12636961 0.08812683 0.36085955 0.09339921 0.16747661 0.15615498 0.27960670 0.16639149 0.15627966 0.10693330 0.10800935 0.13131955 0.17799420 0.09212883 0.11096522 0.12224408 0.24265592 0.12367402 0.14683965 0.10731942 
0.13092862 0.17905963 0.08275618 0.20972510 0.13982396 0.14330701 0.14404387 0.15616659 0.19182098 0.09833584 0.05957884 0.09367574 0.11984564 0.08037267 0.13189723 0.14628096 0.15728327 0.08342304 0.15744689 0.09454079 0.10375882 0.28361698 0.21697145 0.19817027 0.23438639 0.11917845 0.12045828 0.36705142 0.15879031 0.00000000 0.17569487 0.25410869 0.22341207 0.14181650 0.18453907 0.14192725 0.09277033 0.04812663 0.08821608 0.10721660 0.08962932 0.07428686 0.14856668 0.10630969 0.07648656 0.17362429 0.16682030 0.15986877 0.16533255 0.11528679 0.16336874 0.13285835 0.12500417 0.11746859 0.12205974 0.14541573 0.16022664 0.18517090 0.17647285 0.21646315 0.17771175 0.15189616 0.14819770 0.13888232 0.14828526 0.27262916 0.21166476 0.15052033 0.28484410 0.11239719 0.17913811 0.11808469 0.12207665 0.13080211 0.12011639 0.18657972 0.13861103 0.12383854 0.18513831 0.09909426 0.26965910 0.05578920 0.10421637 0.12218692 0.11570967 0.11210501 0.19296396 0.06142034 0.17900830 0.11061764 0.11876637 0.14413087 0.23024735 0.14274551 0.16636216 0.16619153 0.12443614 0.18077101 0.23347885 
0.16303757 0.13102829 0.15486605 0.11345725 0.19627184 0.18666852 0.21480989 0.09613771 0.19338687 0.15967297 0.20485119 0.14466526 0.16581684 0.11916771 0.10712073 0.08928429 0.15589944 0.19122511 0.04168574 0.10765080 0.05880500 0.11962736 0.10325289 0.10738064 0.14105521 0.07497625 0.09839979 0.14947254 0.10520895 0.17569487 0.00000000 0.19421033 0.26294971 0.22541196 0.29208780 0.18804185 0.16261074 0.21608070 0.19179718 0.20875454 0.16208035 0.16220056 0.19935852 0.08475273 0.18953323 0.13341597 0.00467250 0.05564458 0.10132962 0.10407787 0.17706981 0.21713551 0.15339812 0.16715662 0.14906915 0.21009281 0.15611900 0.05955307 0.20081026 0.15341608 0.14833470 0.05497240 0.09698093 0.18737580 0.13613185 0.43490722 0.22697914 0.30787045 0.25434348 0.21921423 0.16787934 0.21578935 0.06175647 0.10534710 0.08338566 0.10513165 0.13605730 0.04998812 0.12797321 0.07553240 0.09229728 0.15083453 0.13260077 0.12908473 0.15462384 0.11286146 0.12368206 0.14111386 0.19229856 0.22297392 0.11302461 0.13561702 0.10525323 0.14038829 0.16211159 0.05079836 0.10286504 0.07811992 0.06309626 
0.12650163 0.12282268 0.12874243 0.17177588 0.07394733 0.29004197 0.10972745 0.18505574 0.07652414 0.12708249 0.16628853 0.16615875 0.17935707 0.15151072 0.26853687 0.11718273 0.14649933 0.17055922 0.13869276 0.19530015 0.12905476 0.15090663 0.11255360 0.14211174 0.13579805 0.10302421 0.07945429 0.16881977 0.05568638 0.25410869 0.19421033 0.00000000 0.20075386 0.20446390 0.18844317 0.20360282 0.14688972 0.13190997 0.05511137 0.07880019 0.16115232 0.13767215 0.13233541 0.18356405 0.21101317 0.10627357 0.13763776 0.14535306 0.16190606 0.16528768 0.16718606 0.16273287 0.14214304 0.16567234 0.18507220 0.17473842 0.11452800 0.13095899 0.13100013 0.12946527 0.07526843 0.13647993 0.25853730 0.21128929 0.16483616 0.17631023 0.19237797 0.20232163 0.08967498 0.11374419 0.21491502 0.07253288 0.16089095 0.13059309 0.13145273 0.17151739 0.12333348 0.06350307 0.15273795 0.19867035 0.19402433 0.08508906 0.08590761 0.12138973 0.12234374 0.11914847 0.17647054 0.09901436 0.10306584 0.19622394 0.13460196 0.13373509 0.13711969 0.08846147 0.21713596 0.26290967 0.22396635 0.13059105 0.17496493 
0.14313096 0.16022183 0.13085551 0.18579804 0.23509947 0.07115343 0.14137447 0.17278879 0.21663867 0.12308405 0.16404207 0.18451732 0.13957856 0.14428400 0.11289501 0.10653576 0.09014012 0.10898673 0.23040595 0.11682349 0.05045143 0.10704775 0.05277556 0.08391201 0.17175463 0.06817411 0.13907582 0.12172979 0.21106731 0.22341207 0.26294971 0.20075386 0.00000000 0.20202494 0.26139744 0.16760401 0.27122116 0.17919502 0.19863843 0.16409550 0.21434512 0.16452698 0.08137186 0.14588505 0.12388615 0.11431755 0.15548120 0.10653224 0.13336375 0.10713031 0.11184417 0.14462623 0.11084407 0.09713866 0.12403120 0.09311808 0.14424184 0.07754088 0.21475223 0.12653837 0.15055519 0.12854564 0.09003308 0.18173014 0.22936360 0.21043997 0.20802517 0.11459170 0.12162879 0.07613392 0.12023209 0.26405200 0.06817238 0.19890446 0.04921468 0.12991470 0.12201979 0.11669687 0.12341015 0.12412137 0.08008809 0.12671736 0.18476741 0.13257120 0.17538081 0.23213873 0.14892719 0.19261164 0.20316186 0.14068638 0.22752661 0.18492836 0.17117850 0.13582348 0.15640474 0.11944353 0.10438924 0.09398071 0.14808135 
0.10405995 0.11328582 0.12422629 0.15561072 0.15617747 0.17500312 0.24901789 0.19318883 0.12564865 0.15751560 0.20747661 0.19319309 0.20787328 0.10242894 0.15502461 0.17309101 0.15723994 0.15503759 0.06800526 0.13661325 0.10386878 0.12718429 0.14287786 0.14845055 0.18053577 0.07972934 0.13324602 0.10918737 0.11156288 0.14181650 0.22541196 0.20446390 0.20202494 0.00000000 0.30682799 0.23125846 0.14205891 0.12571136 0.12229090 0.21789822 0.11578227 0.19135140 0.18011236 0.13076790 0.14279895 0.14032240 0.12119701 0.15760227 0.14641231 0.11775396 0.13190736 0.10194872 0.11828551 0.15794365 0.15045110 0.15281851 0.19750745 0.18114300 0.11590770 0.11494311 0.16880414 0.21473394 0.16706785 0.28489559 0.15516561 0.16778781 0.08086040 0.13488414 0.15186862 0.18141495 0.13135888 0.12132686 0.15332903 0.08263766 0.12279012 0.18244062 0.11077565 0.11380659 0.20250973 0.18682948 0.14837067 0.15336020 0.15836983 0.08958116 0.21423952 0.21113198 0.11964866 0.12006564 0.15943390 0.19688240 0.09650363 0.14213528 0.12553410 0.11804248 0.06819411 0.10962498 0.15525105 0.10642115 0.13594142 
0.15579596 0.14442751 0.11849464 0.10559414 0.06413710 0.14362149 0.13829570 0.12392401 0.17039549 0.17172287 0.21888594 0.29393059 0.13278099 0.10678817 0.19908884 0.14457533 0.07205065 0.10432675 0.15056425 0.11350427 0.13828616 0.13303397 0.22191754 0.10164602 0.13967802 0.09531021 0.13097296 0.12480902 0.16261016 0.18453907 0.29208780 0.18844317 0.26139744 0.30682799 0.00000000 0.20027943 0.23129973 0.23213795 0.07008216 0.20697519 0.12910191 0.17406821 0.19097976 0.14494614 0.12890427 0.08869355 0.06084880 0.09604731 0.14051297 0.13742333 0.14974004 0.13328322 0.14226643 0.18635983 0.09196804 0.20633861 0.17791512 0.12956097 0.12302532 0.14706838 0.17431305 0.15418956 0.16182277 0.20320138 0.16854116 0.15727498 0.15095381 0.16106751 0.19849521 0.13888691 0.09031801 0.07551642 0.09775646 0.10061510 0.14601628 0.17504314 0.08574776 0.09270684 0.07574952 0.19197081 0.18535197 0.14907333 0.11732339 0.13970528 0.18616643 0.29586874 0.16219778 0.11927413 0.14418667 0.16656254 0.27107488 0.16003828 0.12512847 0.13033235 0.11494448 0.10846221 0.13638842 0.06891161 0.13961484 
0.10213999 0.15586003 0.07681520 0.11238052 0.18715766 0.08912290 0.12084258 0.14544367 0.08587989 0.18886517 0.12778149 0.19571332 0.26837250 0.15576555 0.20611861 0.07837484 0.17109565 0.15345220 0.15476471 0.14769952 0.07959179 0.12391940 0.20519640 0.09993118 0.07515345 0.13565397 0.07505823 0.09236490 0.06024276 0.14192725 0.18804185 0.20360282 0.16760401 0.23125846 0.20027943 0.00000000 0.24250575 0.16087995 0.20924465 0.18836625 0.16868908 0.02968716 0.21710045 0.18756196 0.10413294 0.13082573 0.14044084 0.12488655 0.17607565 0.18533490 0.03671553 0.11955693 0.12551130 0.18918765 0.18623008 0.18892359 0.13424408 0.16515723 0.17654015 0.15821665 0.11133965 0.26019947 0.23965710 0.16483554 0.25729001 0.14787817 0.18468906 0.23871533 0.14625863 0.10658499 0.13440817 0.10583878 0.09003182 0.16287347 0.14781405 0.18744546 0.12326630 0.10602217 0.10761050 0.20453927 0.12961919 0.14828507 0.08642647 0.15507368 0.15211793 0.18594938 0.12252295 0.07712352 0.13978394 0.25412552 0.14054197 0.15662188 0.15961612 0.09861790 0.16017534 0.18070391 0.07248001 0.13989997 0.21695070 
