0.00000000 0.36637169 0.27629175 0.21402865 0.21034505 0.21190727 0.17626827 0.19688641 0.18554711 0.16916582 0.20482313 0.18171263 0.21251533 0.20960834 0.22075424 0.18908063 0.17562115 0.18528486 0.20579205 0.21923110 0.19587822 0.17616610 0.18697261 0.16401188 0.17285907 0.20028130 0.19478944 0.16996992 0.19253148 0.18433865 0.18999932 0.20175237 0.19888979 0.16603512 0.16813112 0.19769679 0.19379196 0.20671122 0.20627970 0.19670967 0.18524040 0.23030706 0.21315779 0.20968561 0.21346986 0.19478635 0.20960177 0.19413590 0.22086822 0.20786171 0.20536975 0.18294297 0.20659568 0.18630538 0.22135314 0.20437583 0.18593005 0.20068953 0.19704916 0.20141904 0.19737119 0.16735240 0.20206085 0.19872996 0.23776946 0.19993852 0.20238796 0.17242887 0.19692286 0.20275167 0.20179157 0.19847783 0.17049152 0.19949142 0.18273940 0.22956762 0.16295637 0.19383784 0.20067053 0.17356403 0.19032319 0.20154924 0.18767097 0.19583595 0.20920785 0.20187589 0.18442842 0.18638838 0.18685129 0.18954933 0.19951756 0.18683345 0.15992508 0.17242630 0.20103621 0.20715278 0.19821210 0.17870261 0.21066023 0.18951675 0.17913854 0.20565263 0.19547815 0.19526130 0.19975639 0.18772148 0.16691595 0.17834851 0.19715091 0.18083611 0.20860570 0.18797815 0.22454249 0.20723811 0.18580985 0.18270438 0.19215359 0.18168894 0.20748655 0.19286135 0.20557340 0.17736314 0.18971185 0.21624777 0.18931322 0.21710229 0.19376032 0.17530510 0.18156370 0.23541813 0.21030468 0.19665144 0.20828230 0.17700674 0.19530914 0.19346836 0.19789857 0.23456846 0.23082794 0.22808621 0.18959389 0.16748395 0.15838331 0.19421980 0.21503592 0.19975006 0.20293577 0.17553100 0.20681189 0.23788997 0.17932256 0.20346865 0.16159836 0.17227275 0.17495741 0.19361604 0.16984829 0.19211403 0.21019705 0.20487862 0.20552935 0.17810453 0.18668596 0.17651693 0.19146099 0.19554122 0.23918175 0.21898735 0.22246799 0.21060732 0.20968670 0.20924372 0.20297675 0.17551377 0.22573270 0.21450832 0.23104415 0.19440877 0.19922837 0.22625440 0.19133726 0.17823291 0.18215434 0.16592255 0.19048124 0.19082588 0.19834564 0.20136156 0.17355303 0.18272624 0.18656640 0.18391035 
0.36637169 0.00000000 0.27922206 0.21606847 0.20878399 0.19652514 0.20331502 0.18851710 0.18964101 0.18249518 0.17948103 0.18449845 0.20320711 0.21627639 0.17653329 0.19416761 0.18387807 0.17981558 0.19365374 0.19953877 0.19404955 0.18765408 0.20295879 0.18681544 0.19338464 0.18397733 0.17916468 0.17305481 0.19043953 0.21593210 0.18834555 0.18466632 0.21073870 0.20248569 0.17890316 0.19947051 0.21525958 0.18351822 0.19170749 0.20206321 0.18087668 0.19790029 0.19548631 0.21276878 0.21731185 0.22082650 0.23501411 0.20907230 0.22152493 0.17134090 0.20171307 0.19080923 0.21979031 0.18336794 0.19701817 0.18979200 0.18604079 0.18606926 0.18594189 0.19689203 0.18148199 0.19088728 0.20016628 0.20518263 0.21917845 0.20749645 0.18953604 0.17814724 0.19633348 0.19067446 0.19171029 0.20664176 0.18604342 0.18849099 0.19058386 0.18772241 0.18123069 0.20453579 0.19682005 0.20621281 0.18548519 0.19310631 0.18606019 0.22335787 0.20400445 0.19568803 0.18714995 0.20534107 0.19288601 0.19673181 0.19969338 0.21193559 0.18961053 0.17283049 0.20022692 0.19795182 0.20759282 0.19549375 0.20394914 0.20401677 0.19878509 0.19495673 0.17933419 0.17874118 0.22044603 0.17906722 0.18809955 0.18992363 0.20071838 0.18160517 0.19945413 0.18932937 0.19078406 0.20742744 0.18447722 0.19579876 0.20768089 0.20440996 0.19421548 0.20383801 0.19853069 0.18893543 0.20024454 0.20250657 0.20254184 0.18507619 0.21635800 0.17507136 0.19277809 0.19775806 0.17850243 0.22342569 0.18613317 0.20115956 0.18713651 0.19942889 0.19031401 0.22036286 0.23717519 0.21298484 0.19399713 0.19884711 0.17395082 0.20259439 0.20609410 0.18604357 0.19160395 0.17183315 0.20160755 0.21249281 0.20401996 0.20657028 0.18374031 0.20243481 0.19419898 0.20090358 0.19507478 0.19333213 0.20216376 0.18322682 0.19799291 0.19071881 0.17537983 0.18601429 0.19308904 0.17272149 0.20639638 0.21184999 0.21458047 0.22352583 0.21502011 0.20541930 0.20480505 0.17148880 0.22105612 0.20825397 0.22697293 0.18952428 0.18837496 0.19204077 0.17304804 0.19308630 0.17503294 0.17347855 0.17737828 0.18810334 0.18634547 0.17841226 0.18122291 0.18369575 0.20832361 0.18454156 
0.27629175 0.27922206 0.00000000 0.50628052 0.24177217 0.21300120 0.19475843 0.18952429 0.19972161 0.17960984 0.17790961 0.17416940 0.21434584 0.21025378 0.21354098 0.20833825 0.21686165 0.18194370 0.20655196 0.25993954 0.18924860 0.17086177 0.19716521 0.15960954 0.16754940 0.21378240 0.16635169 0.19594741 0.20729457 0.19320286 0.17408742 0.24919510 0.18241022 0.16299670 0.18674599 0.23816549 0.21515580 0.16177841 0.19929682 0.24998842 0.22411885 0.18435949 0.22363192 0.23323621 0.21498956 0.23441996 0.23374278 0.21724156 0.19743596 0.19709431 0.16947774 0.20489908 0.19935168 0.19239328 0.19442478 0.18928432 0.20878874 0.18433516 0.16227664 0.18007082 0.19678748 0.20392858 0.17709391 0.20056293 0.21299581 0.21393337 0.17626751 0.16109428 0.19206267 0.21809171 0.15692105 0.21575646 0.15201277 0.18327372 0.16367849 0.25463526 0.18025300 0.16752799 0.17020139 0.18362740 0.17095209 0.16733003 0.18294152 0.19675780 0.23066746 0.20116538 0.15793148 0.18799760 0.18631635 0.14749342 0.19820584 0.19362837 0.21895557 0.17127860 0.19916843 0.16642519 0.19524852 0.18725266 0.20082708 0.17797058 0.18845534 0.23088467 0.19869123 0.18358307 0.20933021 0.18710350 0.17858537 0.19137002 0.26084527 0.19817576 0.19171347 0.16044933 0.18475628 0.19123185 0.15579151 0.14058764 0.20070194 0.21050453 0.17783039 0.17389800 0.20547494 0.18401176 0.22959027 0.21197093 0.25053006 0.17419284 0.20415949 0.18126981 0.20367401 0.18073432 0.17812849 0.17143304 0.22636319 0.17446659 0.20908596 0.21190637 0.22749745 0.22770751 0.22022241 0.22473534 0.17677582 0.19677910 0.21499913 0.18877491 0.20075491 0.21586638 0.22219994 0.15965131 0.23372597 0.16736350 0.16969359 0.19982946 0.24462330 0.19046433 0.17487821 0.19179218 0.17955724 0.21110655 0.16397259 0.17531731 0.19932402 0.19134117 0.17517974 0.16870472 0.17585667 0.19846050 0.20936802 0.23856056 0.22536458 0.23478005 0.23047429 0.21049048 0.20908446 0.18202195 0.23175770 0.20658907 0.22887895 0.17638775 0.15757922 0.16780261 0.17515362 0.17507862 0.17802679 0.18298513 0.14752321 0.17796402 0.17724120 0.17620321 0.18279303 0.20067151 0.18873791 0.16509011 
0.21402865 0.21606847 0.50628052 0.00000000 0.26116679 0.29985073 0.21775049 0.20775215 0.24212480 0.18673803 0.19702502 0.12768889 0.17729264 0.16905946 0.18700326 0.15510458 0.17012450 0.17418582 0.21108076 0.23860277 0.20533437 0.22072109 0.20094540 0.16065418 0.20278580 0.21984394 0.18903379 0.15338708 0.27281224 0.21418696 0.16833372 0.21112373 0.19151817 0.15792999 0.17866386 0.25536496 0.20541863 0.18216813 0.15190113 0.26233123 0.15173296 0.21087291 0.19207555 0.20250048 0.25134389 0.22002755 0.22111995 0.21124700 0.24866461 0.29191729 0.24338352 0.27187755 0.21909822 0.20828427 0.17743611 0.19068530 0.18836870 0.19472702 0.16996670 0.17484468 0.23171880 0.15627968 0.22474296 0.24105938 0.26052210 0.30069909 0.17225246 0.17180919 0.19140184 0.21938580 0.19895548 0.26924998 0.20322703 0.21385860 0.17839541 0.18745736 0.24243948 0.22821478 0.18013501 0.15150289 0.15133835 0.18306050 0.23944476 0.16875702 0.24221710 0.21886708 0.21743250 0.18843599 0.19866425 0.13763179 0.14655454 0.19801439 0.16826385 0.19984361 0.22171955 0.14469685 0.19421981 0.23372199 0.20267401 0.19468888 0.18971435 0.19207517 0.28143593 0.25167058 0.35681209 0.48509788 0.22165803 0.21527980 0.23940996 0.19084675 0.22817083 0.23380838 0.21141042 0.20744825 0.18006604 0.16282916 0.21517886 0.18538056 0.15661775 0.19552837 0.15564098 0.23460675 0.22019217 0.28293061 0.18226518 0.15148832 0.14530100 0.15770982 0.21354272 0.22170102 0.19268131 0.17213796 0.25677639 0.18028172 0.26058515 0.17009060 0.17042699 0.20959157 0.21196681 0.21372663 0.15689234 0.13612148 0.16573672 0.18771811 0.13956933 0.19577919 0.15166521 0.11976746 0.17388439 0.19823668 0.13614730 0.19367972 0.19984652 0.20045127 0.23335257 0.20146016 0.21443957 0.15777257 0.15964697 0.13704151 0.16332865 0.22533634 0.15412207 0.12011744 0.14906494 0.14133028 0.20015736 0.21775007 0.20752598 0.20926084 0.23335160 0.21755656 0.20165316 0.15007563 0.21952548 0.20720058 0.17576155 0.13019919 0.11858180 0.12063251 0.14642521 0.12225258 0.14118019 0.10884081 0.13536928 0.14423768 0.12230897 0.12356140 0.20932262 0.16334189 0.18570026 0.15107616 
0.21034505 0.20878399 0.24177217 0.26116679 0.00000000 0.25240277 0.32218182 0.17141521 0.27194721 0.14852006 0.17209837 0.17078092 0.15694408 0.12130852 0.14487346 0.15433926 0.17397687 0.17142211 0.19970268 0.19003129 0.22659310 0.20874794 0.19843356 0.19998875 0.18602577 0.16405337 0.16403460 0.16383083 0.19431035 0.21269036 0.20254973 0.17964998 0.17528217 0.13448396 0.19659824 0.21879658 0.21971831 0.14422621 0.22151905 0.21761914 0.18096491 0.18859055 0.23955406 0.20783886 0.22819983 0.19912723 0.21551531 0.18175915 0.17925239 0.19381614 0.14786906 0.19329005 0.25100232 0.19521815 0.17291176 0.16106024 0.22958271 0.18500179 0.20936158 0.21380915 0.18143168 0.17470662 0.20237020 0.17494904 0.21143650 0.20211117 0.15246844 0.13591600 0.21032045 0.13678623 0.16151638 0.19031485 0.17261455 0.17585889 0.19160407 0.19338213 0.15378586 0.20845818 0.14740380 0.20626898 0.24021462 0.17859001 0.24189693 0.17891875 0.24226914 0.22512968 0.17802987 0.25080091 0.21893025 0.19538079 0.23921134 0.16709693 0.23659886 0.24753065 0.17134465 0.23632674 0.18088825 0.24058769 0.15903057 0.20307403 0.19599658 0.21808524 0.22527110 0.25742705 0.17447630 0.24398155 0.23172462 0.34218363 0.21722981 0.17449826 0.17697552 0.18010965 0.20842443 0.18338355 0.13676164 0.21704245 0.17254780 0.19987798 0.19965070 0.19808064 0.15776907 0.19925089 0.25948877 0.23016138 0.16125572 0.17667967 0.17053557 0.26159713 0.52951259 0.16595051 0.21176001 0.26953746 0.22685744 0.21277521 0.19180950 0.22274517 0.18737967 0.19236596 0.20019198 0.19506491 0.19948322 0.19059445 0.23709800 0.24153269 0.17166162 0.21127404 0.16210813 0.17077982 0.20201621 0.19736392 0.23431226 0.19270851 0.19989486 0.19105808 0.18910916 0.19344873 0.20618269 0.15225055 0.18004992 0.18938489 0.18529097 0.18662497 0.19284557 0.19998817 0.21304540 0.16221184 0.21135290 0.21294307 0.19738899 0.22985784 0.23921930 0.19424172 0.19660401 0.19174850 0.20686392 0.19093459 0.16758100 0.20819423 0.21803448 0.19305311 0.16087881 0.19884895 0.16508257 0.18927234 0.19022986 0.15126217 0.16549482 0.18608268 0.15536649 0.18644945 0.17299027 0.18709311 
0.21190727 0.19652514 0.21300120 0.29985073 0.25240277 0.00000000 0.31713965 0.23734337 0.23283149 0.24250883 0.22798809 0.16837374 0.22909237 0.15450583 0.18888841 0.22511914 0.18518848 0.17653179 0.18914221 0.18081883 0.23245855 0.15953664 0.19223831 0.20328148 0.19304112 0.25237926 0.21784983 0.15037454 0.20828222 0.15036231 0.12943208 0.21994233 0.14135821 0.17682203 0.25799706 0.22901004 0.17062499 0.13724661 0.17952769 0.21001899 0.12720059 0.16944411 0.17577991 0.18430871 0.18793466 0.15667709 0.18614684 0.13866355 0.19472604 0.18494446 0.20210996 0.20431590 0.27018321 0.23265830 0.18536278 0.20916208 0.18520491 0.18252258 0.21470343 0.12158459 0.19389146 0.18712216 0.21560301 0.20495126 0.17720039 0.18635177 0.14791894 0.14247730 0.23516745 0.17711271 0.14370056 0.19311291 0.16505052 0.19486690 0.20029756 0.15792819 0.20747345 0.19331548 0.12080307 0.16033311 0.14509515 0.18723336 0.22454364 0.17367313 0.21035576 0.23151808 0.16682728 0.22763168 0.20771597 0.20647281 0.18771895 0.26375932 0.21154005 0.15328825 0.19227860 0.17813375 0.23125943 0.12950744 0.14859766 0.34624809 0.18133703 0.19222501 0.22536545 0.33465202 0.18339690 0.20534074 0.19992680 0.28749272 0.35230691 0.16704492 0.31008108 0.21051876 0.18573827 0.15605589 0.18487789 0.17360251 0.24501981 0.20876508 0.13801245 0.19436178 0.31331584 0.12874773 0.22457099 0.24034667 0.21361288 0.27465508 0.43012872 0.33773171 0.19347686 0.21006449 0.15336840 0.22032849 0.21024621 0.17341268 0.20680777 0.15793271 0.24501832 0.19364522 0.19818541 0.20835861 0.21245069 0.15887866 0.16212878 0.18751714 0.23645405 0.19349488 0.15383763 0.19257008 0.15332127 0.16375554 0.18737705 0.18051218 0.18432046 0.18368685 0.20546018 0.15108453 0.13025265 0.24211223 0.18610635 0.19952885 0.21697705 0.18943915 0.20141001 0.21480926 0.14690062 0.15328325 0.18654235 0.19238437 0.20583561 0.16556970 0.17652195 0.19760392 0.19775373 0.24183454 0.21808172 0.18388544 0.19081514 0.20126512 0.20281239 0.16918433 0.16807135 0.18833178 0.21199993 0.18923911 0.15687693 0.19811821 0.23804050 0.17378140 0.15548419 0.19051382 0.19121719 0.21555296 
0.17626827 0.20331502 0.19475843 0.21775049 0.32218182 0.31713965 0.00000000 0.21753618 0.30392795 0.25382929 0.23328488 0.24468468 0.17998463 0.14603952 0.16409331 0.19318969 0.22100660 0.20571338 0.16288574 0.20212302 0.15128162 0.16399509 0.23950503 0.24381957 0.14425333 0.16333713 0.23591477 0.09954425 0.21133350 0.22246968 0.18114026 0.18450290 0.16953753 0.18620399 0.18274164 0.15888482 0.19277703 0.16266608 0.18603923 0.20550301 0.17461111 0.18260631 0.20727917 0.19042489 0.16712459 0.18541461 0.18954142 0.17547301 0.18455561 0.20267119 0.24057282 0.14977767 0.19414861 0.21901547 0.15724272 0.15540486 0.16336570 0.16666300 0.15573871 0.22708291 0.13632594 0.19179905 0.23837022 0.16679387 0.15512412 0.16412770 0.18112447 0.17994547 0.18038117 0.18382081 0.17225798 0.23980600 0.22750533 0.20634018 0.14990720 0.19350904 0.22427113 0.16411565 0.19906031 0.17954910 0.17424100 0.16134612 0.15600611 0.18953767 0.19954684 0.19155850 0.23380899 0.19028110 0.25203298 0.16592055 0.15320134 0.15875374 0.19096636 0.16822397 0.17603471 0.18192854 0.17560005 0.17042764 0.16353301 0.18438698 0.19179211 0.16775399 0.21543585 0.22126905 0.15971546 0.24459481 0.18662966 0.67500503 0.19537851 0.32577439 0.16948268 0.18659458 0.18311875 0.21599625 0.20645803 0.19259810 0.22521980 0.16300401 0.19181301 0.15543458 0.24322571 0.18216075 0.15438869 0.15421012 0.18522640 0.17902868 0.19968789 0.24065018 0.35586852 0.21397873 0.68291901 0.17523561 0.17317264 0.17696246 0.14838578 0.18422596 0.18904766 0.18337403 0.18505666 0.17876528 0.19186427 0.18634484 0.20374401 0.18970094 0.22583582 0.20186070 0.10973785 0.23335080 0.28719600 0.19610419 0.20715415 0.21208558 0.22833142 0.22484494 0.26556114 0.21088601 0.16753930 0.18368596 0.16419893 0.18933509 0.14860933 0.17619081 0.17220693 0.20269108 0.16653262 0.21047288 0.21882228 0.19147644 0.21746724 0.17941137 0.17842882 0.17688185 0.17388301 0.19688220 0.19338825 0.17874149 0.17399413 0.23466273 0.18257530 0.15855250 0.19112379 0.21742040 0.20227415 0.19985593 0.20615787 0.18738648 0.22450809 0.28612343 0.17300079 0.28537244 0.17278223 0.17531651 
0.19688641 0.18851710 0.18952429 0.20775215 0.17141521 0.23734337 0.21753618 0.00000000 0.39719056 0.43219996 0.27591831 0.21284346 0.20818743 0.15873800 0.14065632 0.18083253 0.18371172 0.17473253 0.24641730 0.17468768 0.16316283 0.14355960 0.22158393 0.25121275 0.27313364 0.18796294 0.17492225 0.24284411 0.19274465 0.21194128 0.14828119 0.20656913 0.29236558 0.23239601 0.15168571 0.15814913 0.15962747 0.13561756 0.19822331 0.19440343 0.16678788 0.23632999 0.16579762 0.16345069 0.16422284 0.18432041 0.19881220 0.18250060 0.22488815 0.19594797 0.15165613 0.26024822 0.08433309 0.19924395 0.21063150 0.18671901 0.19630477 0.19298864 0.17763211 0.15458711 0.21477091 0.20070271 0.15751051 0.13753497 0.22915851 0.16337873 0.13928861 0.23263301 0.23833734 0.20475320 0.12010410 0.19726966 0.14411892 0.16170289 0.16017396 0.19489347 0.22812641 0.11794141 0.18560633 0.17453563 0.12212730 0.20533304 0.12194515 0.20368188 0.20134278 0.24054118 0.19009600 0.16939679 0.15534864 0.22472361 0.17487788 0.19433590 0.19594295 0.17807332 0.19075037 0.27577780 0.16071255 0.15843085 0.19420133 0.17018797 0.20143408 0.16861557 0.13793903 0.20198374 0.18566542 0.14552079 0.14954453 0.12908519 0.20750813 0.24620257 0.30170635 0.26034017 0.18893517 0.33735427 0.18102471 0.20324662 0.17107095 0.57458526 0.23929744 0.24568255 0.33277111 0.28561024 0.22225751 0.20669764 0.17578282 0.20125680 0.69567896 0.21803305 0.10528260 0.17895791 0.18748276 0.26261890 0.21934204 0.13147147 0.22083549 0.16506811 0.22648494 0.19790774 0.19274501 0.20260947 0.23603190 0.18245319 0.16931327 0.16432899 0.16542933 0.21270677 0.17536629 0.19062819 0.34750464 0.18293592 0.21347419 0.13510534 0.18727110 0.18682897 0.16602383 0.24643444 0.21303903 0.13254035 0.13088525 0.19900229 0.13553851 0.16540990 0.20919907 0.14196050 0.13607245 0.19041665 0.18218916 0.17854298 0.18609145 0.17752552 0.19093921 0.17437205 0.17492884 0.13212143 0.19278400 0.20269871 0.17055778 0.19358308 0.16617133 0.19232252 0.21792707 0.20403110 0.16272016 0.21737321 0.18960854 0.18841138 0.23090572 0.18453730 0.20992552 0.19752150 0.25196015 0.18293449 
0.18554711 0.18964101 0.19972161 0.24212480 0.27194721 0.23283149 0.30392795 0.39719056 0.00000000 0.35509877 0.43595553 0.20404584 0.18511243 0.14215145 0.15681145 0.13787840 0.12614484 0.21401515 0.27790592 0.31376860 0.17429031 0.19171897 0.20991098 0.14608346 0.26623749 0.25712810 0.24193031 0.22433902 0.26388898 0.23560619 0.22840561 0.24388398 0.22183239 0.20598939 0.21534267 0.35889420 0.20244672 0.21011683 0.35198961 0.35785055 0.18170446 0.20394857 0.17391903 0.20578803 0.21582517 0.15720057 0.15778236 0.18914688 0.25172934 0.21863763 0.19461331 0.24302758 0.25303745 0.30958042 0.20095749 0.22826631 0.24660076 0.25453073 0.17898026 0.19160468 0.27885520 0.28386691 0.22064717 0.11001276 0.25538424 0.29205531 0.18513901 0.21206972 0.28707333 0.24785799 0.19067053 0.26434725 0.16237045 0.22284886 0.19935603 0.18424358 0.17417655 0.15827918 0.20818015 0.17556228 0.12937018 0.21591686 0.16754889 0.25417888 0.16486362 0.18928625 0.15525903 0.20835357 0.18433360 0.20548081 0.20655951 0.12995983 0.22026333 0.10198377 0.17335776 0.15215450 0.17280955 0.16245504 0.21825660 0.18816947 0.23815930 0.18353207 0.12599533 0.10730424 0.18956601 0.21370572 0.15075891 0.19178984 0.14614130 0.40629567 0.20304855 0.36419649 0.24068570 0.24831470 0.25979619 0.21308833 0.14429447 0.26935624 0.20857124 0.18884029 0.12903697 0.21728876 0.23648982 0.19869124 0.16531410 0.19517838 0.18402383 0.07977188 0.18049719 0.18841820 0.27467692 0.27189245 0.30469285 0.19046807 0.23982418 0.10696694 0.13692363 0.17396612 0.17656831 0.17602212 0.18247087 0.17119082 0.14164016 0.22152090 0.19174866 0.29986844 0.16453982 0.22513116 0.18401143 0.15584814 0.14627491 0.21408082 0.19191102 0.20620781 0.11699699 0.18835843 0.19152159 0.14705556 0.18295710 0.17479929 0.19443967 0.19838502 0.16872569 0.20591602 0.14937173 0.11758829 0.15338677 0.17674479 0.14649491 0.12710227 0.16238170 0.14640887 0.14642416 0.16617435 0.13568213 0.18354091 0.16134715 0.07928537 0.13159720 0.15180100 0.05123451 0.16155422 0.06486471 0.12784818 0.09293711 0.10321665 0.06937318 0.14936310 0.17425236 0.18372923 0.17754529 0.15354712 
0.16916582 0.18249518 0.17960984 0.18673803 0.14852006 0.24250883 0.25382929 0.43219996 0.35509877 0.00000000 0.34145340 0.52545219 0.19766861 0.20009626 0.15923077 0.16028490 0.24292920 0.21864662 0.40818707 0.25404966 0.11871635 0.14501194 0.17455493 0.17127164 0.18248145 0.21043488 0.24567740 0.24059648 0.17712166 0.30115815 0.22012591 0.26274702 0.33838941 0.25411407 0.17976538 0.19768210 0.23719896 0.18868502 0.21117986 0.22519800 0.17235169 0.18788614 0.20187518 0.16715247 0.15120741 0.19812525 0.12765065 0.15392356 0.18196848 0.19940401 0.18344297 0.21698977 0.23976345 0.22582344 0.20971542 0.16433141 0.16055488 0.21973924 0.20224184 0.18004915 0.28714381 0.29472064 0.19598064 0.19036761 0.20284374 0.24016426 0.24494783 0.19911985 0.22218666 0.25803838 0.22172772 0.24250066 0.19512578 0.16481124 0.19360820 0.16177523 0.19222882 0.15697682 0.23097705 0.17394607 0.11169466 0.13834016 0.13008971 0.19984314 0.14474107 0.15899987 0.16318969 0.11499729 0.19458273 0.18657115 0.16173927 0.14602359 0.16992222 0.16906637 0.14716988 0.18787014 0.11252523 0.09468924 0.22833003 0.14454333 0.16844347 0.12120204 0.16605121 0.17656722 0.13413473 0.18520269 0.20624456 0.15903567 0.16291008 0.26761668 0.22851943 0.25964414 0.21716898 0.35315388 0.36069081 0.18319136 0.17089371 0.32741861 0.20295691 0.16670498 0.15294084 0.25977764 0.22212097 0.18920599 0.13719768 0.15661479 0.26225239 0.15576320 0.18493360 0.28108225 0.24813062 0.47601126 0.27438389 0.22366416 0.32376336 0.16835776 0.16499788 0.16016437 0.16990440 0.15860860 0.18607634 0.12799552 0.14585292 0.13033698 0.17477898 0.26668236 0.24971350 0.23068607 0.41324462 0.22054901 0.29131481 0.19997485 0.17554529 0.24933659 0.13351676 0.18871916 0.13960944 0.21327379 0.16209262 0.18758298 0.15631549 0.20162883 0.17091054 0.18304377 0.18721118 0.14235420 0.19339297 0.16278339 0.16817514 0.14971750 0.16728224 0.15162324 0.17667486 0.13057459 0.13691638 0.13625288 0.15387154 0.14643818 0.13033931 0.11342200 0.10740255 0.18113899 0.13952525 0.21027709 0.14349875 0.21726995 0.20875694 0.10501770 0.16022220 0.12330164 0.15735248 0.16931807 
0.20482313 0.17948103 0.17790961 0.19702502 0.17209837 0.22798809 0.23328488 0.27591831 0.43595553 0.34145340 0.00000000 0.22908499 0.26911735 0.15659823 0.14845449 0.20298845 0.14440807 0.25551858 0.33204621 0.28109024 0.16408449 0.20656961 0.22238214 0.18751662 0.23745162 0.26762915 0.36921506 0.26524619 0.30940985 0.23928091 0.19408223 0.24363686 0.24978988 0.26768839 0.19396807 0.25573324 0.26115514 0.18670207 0.22091459 0.31353617 0.20576384 0.23128259 0.16961021 0.13173663 0.15775081 0.16366750 0.16384267 0.17226542 0.25587187 0.23218792 0.23556421 0.22469000 0.22761509 0.28996787 0.23599456 0.16491914 0.20973403 0.25047682 0.16619233 0.20457002 0.32514883 0.26625750 0.31813464 0.13595525 0.23909600 0.25135014 0.18349416 0.23536115 0.27415510 0.26314450 0.20217723 0.28712054 0.17646449 0.25576174 0.22847977 0.18410755 0.20439452 0.13690267 0.20311742 0.14679634 0.13147991 0.23855447 0.15402978 0.16994976 0.15367971 0.18972621 0.19380070 0.21164249 0.20749095 0.20297417 0.16049079 0.21435429 0.21065011 0.15415445 0.21246370 0.23078372 0.15554258 0.18325321 0.22034829 0.19629337 0.13219876 0.12606615 0.15560188 0.17084109 0.16039499 0.15650606 0.15248952 0.17722058 0.16650535 0.28039787 0.22595286 0.26751791 0.26597828 0.37811945 0.27499613 0.17284915 0.19674184 0.22509683 0.18974169 0.15937256 0.16453039 0.26204051 0.22873388 0.25214267 0.16781001 0.12574906 0.18771786 0.12318915 0.15644814 0.22317342 0.22127715 0.19795014 0.35992630 0.21562482 0.36577123 0.12391335 0.11993865 0.16156632 0.16418044 0.16776214 0.15491874 0.18326350 0.19574368 0.18981859 0.15079124 0.31091179 0.21627822 0.21106043 0.17253826 0.22008353 0.21332247 0.17797860 0.20162064 0.16204027 0.13305223 0.17861347 0.14347170 0.17110220 0.23084926 0.20554795 0.17196604 0.23470728 0.17947231 0.13343440 0.12263646 0.12891043 0.17574845 0.16999033 0.20478997 0.13618272 0.16265206 0.13631066 0.14570690 0.14712328 0.14419689 0.15423388 0.14457360 0.13292963 0.08672115 0.11786439 0.08274071 0.11398775 0.10831030 0.13631310 0.08378860 0.16263023 0.06684218 0.10893124 0.09059918 0.06342645 0.13982830 0.10315826 
0.18171263 0.18449845 0.17416940 0.12768889 0.17078092 0.16837374 0.24468468 0.21284346 0.20404584 0.52545219 0.22908499 0.00000000 0.23818430 0.30338389 0.16792181 0.25578050 0.71336504 0.17597592 0.33433066 0.17264841 0.18179467 0.18306495 0.28853000 0.20716019 0.11039055 0.26304696 0.23240256 0.19849734 0.18036186 0.23183483 0.20866333 0.19836545 0.13818357 0.15822497 0.19387643 0.23223855 0.17653993 0.15233660 0.22311626 0.19237667 0.17159496 0.21634425 0.20174408 0.17938930 0.18193746 0.18708350 0.14848995 0.16939279 0.17583458 0.19248825 0.17851384 0.17063397 0.16636502 0.14298778 0.22390276 0.19900079 0.15034668 0.17571679 0.22854825 0.19235022 0.21210043 0.16261779 0.26379646 0.14868343 0.23466747 0.18462501 0.19602017 0.21443121 0.19064789 0.17831815 0.18347443 0.17562082 0.15593072 0.20614913 0.13953059 0.15272170 0.12820432 0.20780784 0.18719875 0.16097616 0.14598083 0.19322646 0.16279596 0.13997529 0.16227845 0.18939146 0.18474728 0.17946030 0.20242850 0.16787734 0.19990064 0.16456397 0.20718701 0.14180782 0.13596756 0.19629132 0.24997028 0.18667852 0.21147587 0.18951431 0.18845864 0.16405002 0.20577400 0.18317507 0.16231981 0.19066260 0.19264591 0.20850025 0.21582985 0.20546568 0.16537391 0.18480120 0.19457798 0.16588419 0.19449674 0.19130580 0.17020018 0.23885637 0.19446670 0.15345707 0.11722653 0.24982091 0.16124155 0.14677647 0.17857158 0.15309651 0.17619298 0.18246796 0.15721517 0.31053473 0.15973139 0.41309701 0.20313885 0.48343590 0.15968655 0.21163568 0.22211935 0.18535393 0.17162629 0.17040933 0.15698988 0.19726662 0.22539072 0.20333528 0.14756228 0.20594750 0.16686295 0.23526540 0.37254594 0.18945177 0.25182201 0.20474065 0.19683278 0.14036648 0.18292558 0.19109081 0.14440321 0.18446426 0.17178036 0.20093630 0.20528573 0.22419526 0.20372001 0.22275274 0.22246806 0.20083462 0.20483271 0.19140239 0.19208488 0.17165524 0.13911313 0.17924743 0.14459442 0.21182511 0.14857953 0.18175014 0.15478951 0.18930144 0.20042273 0.23893460 0.25545656 0.25723302 0.18293196 0.20899339 0.22456617 0.22939803 0.23996862 0.14779943 0.29401993 0.17836762 0.21065368 0.19817969 
0.21251533 0.20320711 0.21434584 0.17729264 0.15694408 0.22909237 0.17998463 0.20818743 0.18511243 0.19766861 0.26911735 0.23818430 0.00000000 0.24284702 0.21319411 0.23318034 0.24011295 0.18826051 0.15877809 0.16168914 0.20177772 0.20310913 0.17229419 0.19917879 0.17702246 0.16685164 0.17850689 0.17977904 0.21484499 0.18728292 0.20501462 0.18691936 0.18221066 0.17707651 0.16566506 0.15037193 0.19286123 0.18697312 0.15032667 0.13850192 0.17382546 0.21921746 0.23151076 0.23746979 0.24222906 0.22928279 0.23119614 0.24315653 0.21387444 0.17612941 0.16730901 0.17126682 0.20354832 0.14779160 0.18829608 0.17278249 0.19789420 0.19983847 0.19083681 0.20099721 0.13007314 0.18011767 0.15775114 0.23569024 0.18963191 0.19419430 0.17883946 0.13265567 0.13741346 0.18753287 0.18712211 0.13779180 0.18104625 0.14450965 0.18173729 0.22287534 0.16970279 0.18768204 0.19997629 0.20180590 0.20788637 0.18108663 0.19098531 0.18497469 0.22108994 0.18535588 0.18726223 0.18765265 0.19052370 0.20875881 0.17618276 0.22154023 0.16015488 0.21621988 0.17965301 0.19637105 0.17635468 0.18167244 0.18756946 0.18316564 0.17948707 0.18473408 0.20888118 0.19931950 0.21615713 0.19217383 0.20633639 0.20632322 0.21373522 0.17325903 0.16875314 0.16145271 0.17276750 0.16574310 0.17867815 0.18024337 0.19212612 0.17408711 0.19447208 0.19162832 0.18740817 0.17018056 0.20113031 0.20977462 0.19283784 0.19276539 0.21560295 0.23329455 0.20875600 0.19303716 0.18711164 0.21872303 0.14216041 0.19174125 0.18411808 0.22066013 0.21743477 0.24246010 0.22210927 0.24744912 0.21442997 0.19949720 0.23128179 0.16627929 0.25918168 0.14785160 0.17253909 0.18031286 0.22524203 0.20891849 0.19674287 0.18355696 0.18674575 0.18851122 0.18326986 0.20461989 0.18238368 0.20786383 0.20432221 0.19975178 0.20465915 0.18012156 0.18764057 0.16491090 0.17686103 0.17956977 0.25777029 0.23823748 0.25157837 0.22716525 0.22624441 0.22443716 0.22988132 0.18947233 0.22958305 0.24240164 0.25294040 0.24035727 0.24287843 0.21407796 0.20466871 0.23486621 0.24384164 0.18587240 0.22420637 0.20996680 0.23285686 0.21842614 0.21294970 0.20526902 0.21113465 0.20717185 
0.20960834 0.21627639 0.21025378 0.16905946 0.12130852 0.15450583 0.14603952 0.15873800 0.14215145 0.20009626 0.15659823 0.30338389 0.24284702 0.00000000 0.37974534 0.54967371 0.28713883 0.61997766 0.18417381 0.17004069 0.18754937 0.16096895 0.18339319 0.14523341 0.15926759 0.22831564 0.21085795 0.21957810 0.18685067 0.17274300 0.17752185 0.19824267 0.21944108 0.18306391 0.11228952 0.08895213 0.15170562 0.16807981 0.19223436 0.15256914 0.17635252 0.18733702 0.21688032 0.18668791 0.19733640 0.20642449 0.21566396 0.20189968 0.17901098 0.24003897 0.14628988 0.16614394 0.19534165 0.15918733 0.19965878 0.15718225 0.09478524 0.19545932 0.23868462 0.17404813 0.18649345 0.19093796 0.14467048 0.17482885 0.15092347 0.14878883 0.20102391 0.12650594 0.17848317 0.19053546 0.13148554 0.10777682 0.19454594 0.15045033 0.14479130 0.13904552 0.18705107 0.18147556 0.19726630 0.16306050 0.15558726 0.15402850 0.26516826 0.18482883 0.18101031 0.15727628 0.16598571 0.11596334 0.15952894 0.17876569 0.13434439 0.16545609 0.15126863 0.19975215 0.20938093 0.17099227 0.16076029 0.13817213 0.19539599 0.17607268 0.15640682 0.16760949 0.18780333 0.17629257 0.19426516 0.15117601 0.19417087 0.18482661 0.18978713 0.21171026 0.15944618 0.14070767 0.21944395 0.19699067 0.25361558 0.17570779 0.16693838 0.27639096 0.17290311 0.18504027 0.17784343 0.19473902 0.19215100 0.14043366 0.19855285 0.25702592 0.21863622 0.22833122 0.19149019 0.17811452 0.14041545 0.24512186 0.20325661 0.26377962 0.22835033 0.21545129 0.26609478 0.20774777 0.20836477 0.22073180 0.31783466 0.35045071 0.46385097 0.23878870 0.43077819 0.14136590 0.21013410 0.20026415 0.16119183 0.23427705 0.24461626 0.13129979 0.18436374 0.14107425 0.17731125 0.16976519 0.18892761 0.20982163 0.11695118 0.13055310 0.13441388 0.15824420 0.16833223 0.21595876 0.19488529 0.22874016 0.25643092 0.20983851 0.24291971 0.23404579 0.20890440 0.23843233 0.22757011 0.24668276 0.21586222 0.20723639 0.21219656 0.20256146 0.28730334 0.16699196 0.20321747 0.18977276 0.21259829 0.23351288 0.22088679 0.20127251 0.29512812 0.27221374 0.22168605 0.25736258 0.21605022 0.20396611 
0.22075424 0.17653329 0.21354098 0.18700326 0.14487346 0.18888841 0.16409331 0.14065632 0.15681145 0.15923077 0.14845449 0.16792181 0.21319411 0.37974534 0.00000000 0.47353936 0.27713579 0.23782919 0.14584480 0.16809719 0.19688361 0.16668707 0.20316124 0.18417031 0.12534338 0.20931443 0.16563136 0.20378307 0.13973092 0.13522502 0.15269605 0.13987886 0.13432163 0.20041576 0.18294086 0.14293798 0.15725502 0.20974751 0.18034428 0.09688611 0.16416998 0.14882627 0.21008947 0.21459311 0.19468313 0.15744181 0.20457767 0.16426475 0.13989365 0.15691024 0.15595920 0.14049507 0.21406477 0.18346332 0.18755728 0.15831737 0.17660714 0.16074940 0.18517497 0.18443024 0.16653857 0.11609843 0.19849313 0.19713982 0.15306240 0.16165489 0.21413568 0.17048007 0.16190233 0.16547583 0.19319925 0.12305891 0.19052439 0.16733237 0.15515770 0.14743818 0.17015779 0.20373396 0.20177817 0.24721373 0.23315956 0.23896354 0.27974458 0.24327894 0.15776272 0.14617044 0.18598355 0.20316452 0.12706316 0.18703508 0.20765673 0.20076925 0.14725983 0.16373279 0.17920323 0.12076028 0.21182303 0.22300222 0.14028804 0.18115171 0.16383362 0.19817320 0.14288746 0.24703388 0.24841860 0.17262402 0.25485005 0.13860839 0.19722994 0.18084229 0.10600736 0.12026701 0.14057677 0.18578390 0.20543935 0.15248093 0.21998071 0.14960201 0.25491522 0.16285895 0.14830504 0.16766381 0.13454325 0.13788909 0.23252399 0.18200970 0.16283307 0.24938028 0.20059361 0.18782201 0.13371298 0.20731619 0.12678101 0.36610024 0.22914833 0.90596007 0.22531440 0.18034730 0.19744159 0.19955908 0.31778202 0.46366700 0.24157607 0.20315677 0.21139691 0.17674239 0.20934064 0.21991374 0.22510526 0.25317252 0.22475812 0.20462814 0.21761844 0.20646479 0.19812922 0.28791325 0.19943177 0.25398455 0.18986506 0.24043290 0.22809055 0.19139057 0.15977125 0.17982641 0.22588884 0.19487512 0.23023185 0.18558158 0.20217191 0.20612551 0.18488958 0.19315196 0.19646955 0.22326454 0.19372379 0.21421712 0.18572977 0.22177481 0.21047515 0.21747060 0.24571022 0.26502860 0.29011738 0.18333415 0.25630960 0.23198555 0.27502774 0.24347945 0.23260140 0.24770240 0.27142205 0.23483568 
0.18908063 0.19416761 0.20833825 0.15510458 0.15433926 0.22511914 0.19318969 0.18083253 0.13787840 0.16028490 0.20298845 0.25578050 0.23318034 0.54967371 0.47353936 0.00000000 0.26723695 0.29933992 0.14906257 0.16752445 0.17064193 0.18508950 0.16559874 0.17931033 0.23143781 0.11323868 0.15627509 0.19819365 0.18403689 0.15190350 0.22139573 0.08868968 0.11236059 0.14712491 0.13556765 0.07902771 0.19429609 0.22184793 0.14613822 0.09313857 0.14678949 0.16552923 0.18734194 0.23376045 0.24359701 0.24014377 0.22460481 0.23720628 0.16829897 0.18516203 0.15223980 0.19369960 0.17357415 0.12574979 0.18397730 0.16015419 0.14694113 0.14451217 0.18216067 0.15006757 0.10858595 0.17732679 0.16745453 0.24125061 0.19063306 0.16022488 0.20378121 0.12977759 0.14466797 0.21344998 0.18564454 0.10168493 0.19040894 0.11251420 0.12536955 0.14412143 0.15428080 0.16347232 0.14663417 0.15571754 0.19920971 0.17321788 0.21694285 0.17337687 0.22734370 0.15582898 0.21152189 0.23264603 0.19765425 0.23705115 0.14763591 0.18844691 0.20722128 0.18000391 0.20478941 0.17601358 0.15700377 0.16903638 0.15873524 0.18610164 0.18229824 0.17505352 0.19929854 0.22084624 0.22620766 0.22503018 0.17054112 0.15971951 0.18990763 0.18382076 0.18106066 0.13466915 0.15352178 0.16292428 0.14013168 0.15170311 0.14634982 0.18024075 0.25859861 0.20909147 0.20653920 0.17373242 0.17290017 0.18981498 0.20814895 0.20723414 0.15823280 0.19133969 0.20148916 0.20084204 0.12557164 0.22571515 0.12213784 0.22743662 0.13243591 0.30842456 0.22677641 0.23480603 0.22631420 0.23217798 0.23815849 0.36222440 0.31318658 0.29097478 0.34374036 0.14883079 0.16759681 0.21823144 0.22436812 0.13546315 0.21562118 0.17214571 0.19345736 0.18189742 0.21214312 0.17735089 0.19081612 0.21349661 0.17861531 0.15169421 0.25132262 0.19381897 0.17193889 0.22234724 0.27898563 0.23955098 0.24455757 0.21752667 0.24333402 0.23415590 0.24888218 0.24655938 0.22790056 0.23424775 0.21397707 0.26304060 0.26403084 0.23500086 0.25574830 0.24346530 0.20218144 0.24857774 0.26395118 0.24546581 0.26859325 0.25840412 0.23641243 0.26844827 0.19154209 0.24574818 0.28207034 0.24919283 
0.17562115 0.18387807 0.21686165 0.17012450 0.17397687 0.18518848 0.22100660 0.18371172 0.12614484 0.24292920 0.14440807 0.71336504 0.24011295 0.28713883 0.27713579 0.26723695 0.00000000 0.20288050 0.10754388 0.13091452 0.25782862 0.17702386 0.18835641 0.21772109 0.16270784 0.19980391 0.21355615 0.18637393 0.15053384 0.12004999 0.22879128 0.14307099 0.12819910 0.18537462 0.17388104 0.08202831 0.14406244 0.20331162 0.12348730 0.06071358 0.18973083 0.17561813 0.19970748 0.21298079 0.21007657 0.19635794 0.19855761 0.22225455 0.16121528 0.22223287 0.20173695 0.13330958 0.17004966 0.10980839 0.19901353 0.17710314 0.13722492 0.11874975 0.22689156 0.17821409 0.14307161 0.18104557 0.15585234 0.24373932 0.10988779 0.14038044 0.16180265 0.18541340 0.08471559 0.13524781 0.21361092 0.07459728 0.17169601 0.18904910 0.11592170 0.22446145 0.21426429 0.15229052 0.14772446 0.21335653 0.25577588 0.14342517 0.14894252 0.14613644 0.19841225 0.12229425 0.14878653 0.15531816 0.21281347 0.20460098 0.20888738 0.18615777 0.19995704 0.18435478 0.16632595 0.11738202 0.15878525 0.18347595 0.10948277 0.15717812 0.18139010 0.23401650 0.23735975 0.19841570 0.19625615 0.17528475 0.20719868 0.20894623 0.19893364 0.15283929 0.16991072 0.07960326 0.13754254 0.15631372 0.17922720 0.17912240 0.20424378 0.14435973 0.23869217 0.20901364 0.20691089 0.17876684 0.11541810 0.12465780 0.18073680 0.23257843 0.25866500 0.23735357 0.20175936 0.19123179 0.13954217 0.26770493 0.06343768 0.39591955 0.11092958 0.29712554 0.25852916 0.20930417 0.20102346 0.21392584 0.24229567 0.23569089 0.15872637 0.18794061 0.31086863 0.11034835 0.21557026 0.29176202 0.28826155 0.43730239 0.29599542 0.17889101 0.23190955 0.22178990 0.18447416 0.16898358 0.23816870 0.19946969 0.24091896 0.17954384 0.18372841 0.20098383 0.17762645 0.20187807 0.24478933 0.24091434 0.22270475 0.23012108 0.23855816 0.24633819 0.22302004 0.21096865 0.22151602 0.19697703 0.21861564 0.23466164 0.22863744 0.27712870 0.28716281 0.27053010 0.29888646 0.25980714 0.29272799 0.24346615 0.25991097 0.21568070 0.25796327 0.22275577 0.28284769 0.23230475 0.25905752 0.22161174 
0.18528486 0.17981558 0.18194370 0.17418582 0.17142211 0.17653179 0.20571338 0.17473253 0.21401515 0.21864662 0.25551858 0.17597592 0.18826051 0.61997766 0.23782919 0.29933992 0.20288050 0.00000000 0.25513972 0.30086384 0.23800644 0.21487236 0.19452305 0.17869480 0.23588583 0.38024042 0.30163664 0.17441934 0.21684398 0.18019752 0.25000115 0.20031176 0.22896041 0.16949616 0.19968984 0.20122266 0.20043131 0.19406543 0.19232603 0.23155524 0.17036011 0.11007039 0.20580927 0.14146957 0.14965101 0.14990669 0.15359158 0.15612702 0.22629703 0.26235158 0.24229778 0.19345127 0.16402165 0.20712401 0.20228487 0.25643387 0.19075864 0.17248420 0.19090068 0.15410143 0.23883073 0.23427756 0.21368998 0.16747444 0.18522929 0.16982536 0.19200036 0.23089170 0.21415526 0.16460349 0.22045340 0.20427658 0.18528459 0.16726995 0.18557051 0.19639058 0.23604410 0.16208444 0.22561549 0.15768659 0.16525729 0.15518294 0.17971689 0.19326197 0.16368897 0.13918210 0.18965610 0.20278815 0.13849589 0.17823625 0.15940505 0.16039553 0.15430436 0.20813114 0.18016393 0.20946383 0.16896943 0.13148391 0.20837338 0.16804858 0.10733927 0.18537061 0.21553404 0.16839208 0.19565945 0.17548724 0.20255278 0.15677246 0.13897157 0.17865398 0.14607934 0.22554758 0.19995104 0.24725680 0.14937748 0.16971048 0.20579911 0.23228455 0.19829154 0.11688460 0.11930386 0.18846076 0.15079593 0.14651456 0.18822485 0.16534022 0.15801619 0.13212214 0.16797270 0.15911858 0.17595935 0.17363055 0.20146884 0.18095531 0.21714914 0.21849967 0.17703903 0.17083024 0.17695154 0.16154636 0.28574947 0.23132860 0.33748471 0.22730113 0.92061470 0.26146880 0.33262031 0.46612866 0.18931414 0.19725546 0.17520730 0.18758879 0.16940570 0.17131086 0.19063781 0.27677539 0.19419824 0.15927208 0.24511986 0.14949380 0.16906607 0.16880339 0.17167552 0.20507353 0.19200076 0.19118605 0.13102757 0.16926058 0.15606492 0.13248453 0.12399702 0.15674227 0.14875601 0.24527532 0.13051231 0.11910101 0.13598173 0.18065810 0.18747219 0.22343343 0.19242547 0.20517223 0.17487921 0.21083521 0.20472479 0.14509287 0.19974792 0.17890338 0.22932287 0.17811802 0.17866779 0.20405274 
