0.00000000 0.14135954 0.12979119 0.10249374 0.08290401 0.09365638 0.11311326 0.09788775 0.08847209 0.10091080 0.06493927 0.08682352 0.06964577 0.09236924 0.08384466 0.08593213 0.09594365 0.10729976 0.06396476 0.09131440 0.07587396 0.08169659 0.07904128 0.08589275 0.09331364 0.07403948 0.08761595 0.08940930 0.08712695 0.09369842 0.10066753 0.14660036 0.07514720 0.08306209 0.07946930 0.06974493 0.10839795 0.09868033 0.11075002 0.08279723 0.11330793 0.08619556 0.09071558 0.10270196 0.07395769 0.09483507 0.08616672 0.10726768 0.10238634 0.11857521 0.08475079 0.10889028 0.11324719 0.07826671 0.08278862 0.08540827 0.04889044 0.07470231 0.08392346 0.08852121 0.05904686 0.09647845 0.06916409 0.09390003 0.07615945 0.09058853 0.07307237 0.08083866 0.07648099 0.09831127 0.09599666 0.06293448 0.08129512 0.10241608 0.07070140 0.06143175 0.08850248 0.07433517 0.05926679 0.05403362 0.07526194 0.09961903 0.09859444 0.05505811 0.07431447 0.09244086 0.06824128 0.11526036 0.08944409 0.06618966 0.07631048 0.07294592 0.05665136 0.05942483 0.07997948 0.07622223 0.06383310 0.08190353 0.07844363 0.08934090 0.06817127 0.08931428 0.08610563 0.10702658 0.07921241 0.10736339 0.07356862 0.09493337 0.08010494 0.07884695 0.09577595 0.09786592 0.10629492 0.09194439 0.08300443 0.09652886 0.07617940 0.08594786 0.07362352 0.06588559 0.08291141 0.05656224 0.08897560 0.07416666 0.07774928 0.05174401 0.06845408 0.07612144 0.10562783 0.09121962 0.09250722 0.08601065 0.08404843 0.09888879 0.07015738 0.07357817 0.07799084 0.07385390 0.08617903 0.08109790 0.06763682 0.08247034 0.07531176 0.07926889 0.05011449 0.06706509 0.07435235 0.08123847 0.09313897 0.07783615 0.07466227 0.09875541 0.09899063 0.10500155 0.05292659 0.10137319 0.10577728 0.08448390 0.08249137 0.08568530 0.09413890 0.05813785 0.07439685 0.08210789 0.10323895 0.08207227 0.09323521 0.06945163 0.09075040 0.11371615 0.10053864 0.09690801 0.09807531 0.08296421 0.09550781 0.07131397 0.07986620 0.11645178 0.11508988 0.06812028 0.12256296 0.10694959 0.07648620 0.10209533 0.09684072 0.11863264 0.06736699 0.06593998 0.12723213 0.10504934 0.10572837 0.10879541 0.06985643 0.08473733 0.08561605 0.09024590 0.07222513 0.09291034 0.12421997 0.08976964 
0.14135954 0.00000000 0.24331090 0.16070664 0.06898964 0.07526700 0.07796867 0.11303273 0.07759191 0.09796984 0.06311761 0.10036496 0.06751154 0.08492378 0.08683229 0.07529646 0.08422198 0.10193066 0.07460729 0.11143139 0.08207006 0.09538524 0.10913697 0.10797250 0.15305319 0.10989353 0.04956745 0.08938322 0.08274184 0.11534157 0.05660856 0.08589935 0.05224330 0.08498651 0.06950989 0.08128138 0.08515833 0.11255447 0.08283535 0.10707352 0.10330031 0.07414200 0.13167808 0.10147089 0.06989587 0.09504879 0.09858154 0.09158429 0.07544326 0.08864542 0.06247067 0.09377238 0.07440115 0.07386492 0.04076362 0.06419234 0.00354165 0.08449515 0.07791914 0.08835250 0.03549848 0.06675787 0.04055813 0.10780004 0.07833787 0.09255566 0.09082171 0.10162673 0.05765569 0.09176402 0.08998240 0.06109938 0.06470535 0.08907742 0.09715339 0.03288843 0.07449071 0.11086894 0.03567273 0.07525335 0.10159125 0.11827413 0.10114595 0.07548578 0.09763295 0.07759369 0.06962248 0.09883683 0.06952177 0.08494072 0.05078594 0.09261792 0.03503629 0.08476682 0.08298178 0.09083561 0.08592074 0.10849611 0.08311374 0.07697432 0.07275076 0.05355741 0.07022568 0.09371379 0.07650394 0.07085846 0.10825627 0.08675529 0.09493215 0.07654199 0.06844325 0.10114295 0.08082164 0.07234103 0.06924473 0.07091298 0.08168761 0.11699394 0.07661854 0.05082872 0.07999084 0.05435394 0.07478477 0.05930335 0.11867475 0.07540849 0.08601866 0.09505513 0.11078355 0.09808456 0.10371656 0.09430716 0.08052981 0.06821216 0.03795405 0.06191416 0.07534831 0.09916875 0.06867282 0.09748108 0.11022214 0.06398810 0.08050833 0.11664502 0.05176452 0.05535927 0.09051119 0.06849141 0.09773593 0.10184030 0.08504851 0.10944329 0.09174042 0.10043166 0.00377737 0.10809840 0.11007839 0.14499129 0.08488969 0.10313064 0.13300463 0.02103277 0.12906814 0.06856023 0.12040693 0.08345072 0.07183713 0.10025680 0.08993319 0.07400468 0.09122423 0.10732909 0.08643340 0.10936624 0.12540435 0.06595624 0.06172445 0.13369551 0.07826688 0.04803526 0.15912278 0.11479991 0.07270334 0.10345905 0.11035164 0.10096310 0.10209849 0.07265240 0.10781144 0.11476424 0.11657105 0.12084457 0.06515992 0.10792601 0.08786031 0.09565878 0.08471101 0.09733538 0.13196820 0.10121623 
0.12979119 0.24331090 0.00000000 0.15549774 0.12466583 0.12950489 0.08768171 0.10469940 0.12388900 0.07225828 0.03426594 0.12195513 0.10409353 0.08854796 0.10919458 0.06149701 0.05661897 0.11090401 0.07683304 0.14223208 0.07604546 0.11675254 0.07066900 0.08974343 0.08809419 0.10474141 0.07851008 0.08326086 0.08100285 0.07584753 0.09560844 0.13737560 0.08212912 0.06251946 0.07870968 0.06275008 0.09790423 0.16061589 0.16226021 0.11196194 0.12250656 0.06621449 0.12385005 0.12111613 0.07997106 0.13213580 0.09564231 0.13157307 0.05881531 0.08973265 0.06083473 0.09420631 0.08621344 0.05992261 0.05517947 0.09368497 0.05422316 0.06659358 0.10467172 0.06074560 0.03471236 0.08760115 0.05641580 0.06448427 0.05763100 0.09871898 0.11583327 0.07479637 0.09797537 0.09815632 0.09004877 0.05957776 0.05900286 0.07650627 0.11190506 0.02330956 0.06987254 0.07181628 0.02316309 0.06668001 0.03919024 0.11202257 0.09423736 0.06972743 0.10412345 0.08230152 0.04575210 0.09264566 0.07800203 0.02926378 0.05807653 0.07923412 0.06143512 0.06565038 0.03297568 0.11859576 0.11140696 0.10138963 0.12507303 0.09418884 0.05978611 0.07407841 0.10286718 0.09401179 0.05370684 0.10298699 0.09761262 0.06843776 0.09130661 0.10129382 0.10768771 0.11744813 0.09465232 0.08943873 0.06318075 0.12357014 0.05806953 0.08308743 0.06046378 0.06815865 0.07273757 0.09714674 0.07941756 0.07723161 0.08424866 0.05217319 0.09299837 0.06738062 0.07187681 0.07262460 0.09369490 0.08553369 0.07935243 0.08069507 0.02864773 0.04013787 0.10298383 0.03923049 0.06876121 0.07906723 0.08502388 0.06860491 0.07353428 0.12210004 0.09482997 0.07956117 0.05372739 0.05491269 0.09685396 0.07535275 0.04984227 0.11032696 0.09470923 0.11421814 0.00274705 0.12141492 0.08447030 0.10683468 0.09547999 0.10504065 0.13101963 0.05168901 0.10210733 0.07497380 0.09101731 0.12558905 0.06105972 0.12718177 0.09119981 0.09236379 0.07928849 0.05981345 0.10397173 0.08236361 0.06448425 0.05650125 0.08686223 0.08604753 0.05365951 0.08111909 0.08400518 0.09713116 0.10719658 0.10536471 0.10648927 0.07686600 0.09761842 0.08691268 0.09329636 0.10895440 0.10484830 0.08550779 0.11194058 0.09745881 0.08924950 0.13508411 0.09365089 0.11982015 0.16515996 0.13649677 
0.10249374 0.16070664 0.15549774 0.00000000 0.13963067 0.13371838 0.07204795 0.06521708 0.09070535 0.08722391 0.08404755 0.12709842 0.14899983 0.07496421 0.08620814 0.09066783 0.06056762 0.12020699 0.12231572 0.12799754 0.08568691 0.08014384 0.09948961 0.09663100 0.11955825 0.05895038 0.05301402 0.12326233 0.08800297 0.08538693 0.04986570 0.07555108 0.14020231 0.10475815 0.06661687 0.11181576 0.11062532 0.08519618 0.04893913 0.10469257 0.06958997 0.12828787 0.07606665 0.08181521 0.07969440 0.10706567 0.18357470 0.07450744 0.06636969 0.08045201 0.06608475 0.12296283 0.12475177 0.15475378 0.09937846 0.12555699 0.09271956 0.11466871 0.05972035 0.07782146 0.10466860 0.10488102 0.05688612 0.08923099 0.08545445 0.07000350 0.06632110 0.05894507 0.08874500 0.09869419 0.05843124 0.06516314 0.05953681 0.04719008 0.01235426 0.05827546 0.08298718 0.10341563 0.13879290 0.09057935 0.06266833 0.08465379 0.11550706 0.06989012 0.09964175 0.10443691 0.07079654 0.07674687 0.06069566 0.08441760 0.06809379 0.05049674 0.07223871 0.08120519 0.04617407 0.05562576 0.05717787 0.10114539 0.07091288 0.06427741 0.04978337 0.04382503 0.11812168 0.08192432 0.06947440 0.05839142 0.09026638 0.06469040 0.06241007 0.07196366 0.09613959 0.04864765 0.11181977 0.08803227 0.08619522 0.10550133 0.08010657 0.09375651 0.10612680 0.08941064 0.11604747 0.07474751 0.09103462 0.08795310 0.06401625 0.05596528 0.06551957 0.08181444 0.08701390 0.07196594 0.08492753 0.07917675 0.05816371 0.12112699 0.05301433 0.08232743 0.11138329 0.11639078 0.11736152 0.08463052 0.07779352 0.06845433 0.11775143 0.10251735 0.09878643 0.07800872 0.06165373 0.06489091 0.06847173 0.10073224 0.08192718 0.12810643 0.06312522 0.08534923 0.05810812 0.05661933 0.06570791 0.07841408 0.08541831 0.06528103 0.10206173 0.08701124 0.06858655 0.07037168 0.08308022 0.07593695 0.09959396 0.06040092 0.07932130 0.05879049 0.04113067 0.05789599 0.06245427 0.08933251 0.13005909 0.08044997 0.09074207 0.06537781 0.06310178 0.07288749 0.08804708 0.10660820 0.05387067 0.08977225 0.09081195 0.11204678 0.08307463 0.09814140 0.11512800 0.08108975 0.09530088 0.10240533 0.13858959 0.10994885 0.08598339 0.05007259 0.24550240 0.11113046 0.13409329 0.14865884 
0.08290401 0.06898964 0.12466583 0.13963067 0.00000000 0.10556743 0.16673868 0.14521662 0.10107419 0.10220640 0.12101865 0.08324298 0.12017160 0.09840637 0.09334854 0.06334821 0.10627004 0.09779490 0.07710907 0.07694717 0.06520951 0.06057868 0.09994954 0.09222274 0.08812734 0.06115173 0.13711972 0.07173173 0.17102829 0.05042951 0.07995618 0.10524227 0.10636194 0.11131836 0.04618538 0.08322932 0.07601412 0.05555263 0.06281090 0.06199761 0.07912945 0.06033891 0.09444761 0.06974896 0.10583936 0.11105725 0.08653618 0.16404653 0.07598324 0.15472932 0.09312503 0.07889187 0.06829621 0.06197134 0.07245374 0.10798222 0.11047045 0.15431515 0.10626542 0.09481124 0.07071454 0.07063005 0.11322859 0.12437548 0.09116656 0.10176302 0.06900538 0.05569502 0.09183170 0.09128430 0.05622439 0.06756524 0.06438254 0.10713784 0.09425408 0.08814509 0.05028533 0.06612756 0.09499245 0.09408822 0.13996983 0.07726228 0.08756965 0.10750528 0.11515652 0.09262516 0.06402071 0.08507187 0.08541711 0.08233483 0.10484437 0.07675147 0.08886475 0.07757710 0.10417865 0.08131606 0.07187903 0.07190160 0.06428795 0.04485163 0.05621111 0.05464006 0.10688673 0.06604116 0.04875154 0.04335476 0.07755436 0.08125153 0.06840136 0.09210443 0.09984200 0.11037077 0.09210093 0.05902082 0.08790610 0.07118797 0.10649928 0.08115157 0.07511120 0.10233991 0.09369065 0.10086828 0.07959401 0.05779894 0.07989365 0.05608431 0.09326710 0.04483052 0.07875802 0.07062857 0.05598086 0.05382494 0.06515912 0.07317131 0.12965558 0.09082820 0.03538185 0.09777176 0.06416629 0.08715271 0.07992657 0.12503811 0.08235320 0.08195942 0.09219034 0.05172780 0.10024825 0.09353105 0.09223314 0.05028348 0.07196583 0.06447056 0.09430737 0.08842387 0.12404214 0.10135727 0.06453510 0.05314771 0.07796584 0.11028297 0.07412232 0.09307468 0.03701759 0.08894489 0.08046477 0.06211084 0.06296711 0.11958011 0.13430062 0.06274947 0.09821709 0.12314251 0.10262685 0.08921071 0.07587586 0.08219380 0.08527592 0.11518555 0.06303893 0.05439779 0.05006375 0.08090059 0.08404570 0.09657497 0.09764534 0.10540388 0.12621301 0.08543042 0.08161759 0.06864505 0.09375521 0.09612671 0.07620871 0.09078225 0.09454253 0.09097691 0.12856771 0.13173623 0.10069793 0.22136128 
0.09365638 0.07526700 0.12950489 0.13371838 0.10556743 0.00000000 0.18584618 0.11119612 0.07628131 0.14024207 0.12761593 0.08745858 0.07866053 0.10736152 0.06112684 0.14850289 0.11547626 0.06030891 0.07175710 0.09245165 0.07646033 0.08206857 0.06717343 0.09697437 0.10883589 0.06928530 0.07182955 0.08592305 0.06367182 0.06336181 0.06030542 0.07270093 0.04961039 0.08431095 0.11968924 0.08412294 0.07746651 0.12928405 0.13595700 0.07516959 0.06729240 0.06226479 0.06096545 0.08326745 0.11775092 0.12971476 0.14195690 0.06563802 0.13698216 0.07919634 0.06718914 0.10133305 0.09669940 0.09881039 0.05945807 0.04877393 0.08907974 0.05337060 0.08356435 0.06200074 0.08905932 0.06107827 0.10813926 0.10447206 0.15673163 0.06469957 0.14048197 0.10092059 0.05397202 0.07828711 0.05767246 0.14296153 0.08649244 0.08019186 0.08257813 0.09139977 0.06236863 0.07919711 0.09729075 0.13394623 0.09526996 0.11039908 0.07132236 0.07330648 0.12951692 0.08192103 0.05688426 0.11262207 0.08204236 0.12096451 0.11030235 0.14945361 0.08471305 0.08331983 0.08136239 0.02924337 0.10304165 0.06433526 0.06346961 0.06621930 0.08592037 0.11436330 0.13604881 0.12638397 0.06746063 0.07564599 0.09947296 0.08471746 0.05230481 0.07460095 0.06842097 0.06233145 0.05448749 0.16989869 0.10393401 0.05187589 0.02106147 0.08340075 0.04417988 0.05782878 0.06763969 0.10563051 0.04338074 0.09795149 0.05398663 0.06014506 0.10482635 0.08640419 0.08442950 0.07518261 0.05175875 0.06309773 0.09970117 0.07534970 0.12681559 0.06793912 0.05516891 0.06893912 0.07429882 0.06081353 0.05539165 0.15568012 0.07547561 0.04117513 0.08711350 0.21242796 0.09929054 0.16075878 0.05672120 0.08415374 0.10710865 0.06684037 0.03865351 0.03845857 0.08728535 0.06960020 0.10757011 0.05517323 0.06294884 0.14332811 0.08166927 0.07853148 0.10379049 0.07121119 0.07163312 0.10989181 0.07351778 0.09787595 0.05937679 0.10063271 0.06080576 0.07850479 0.13976805 0.04991530 0.10914362 0.07332053 0.08672532 0.08919433 0.13435042 0.09828387 0.10998854 0.08260582 0.05343476 0.10276934 0.06816248 0.06450564 0.06375711 0.06575400 0.12062650 0.05180768 0.11251846 0.05954784 0.08705320 0.04404479 0.08106478 0.15596903 0.08966748 0.10467440 0.07424211 0.09975407 
0.11311326 0.07796867 0.08768171 0.07204795 0.16673868 0.18584618 0.00000000 0.15586787 0.13080773 0.12699876 0.20434822 0.10563901 0.15438365 0.10880943 0.06422134 0.07321864 0.10322154 0.07660382 0.09576470 0.08590096 0.08435652 0.08493489 0.08213178 0.10567745 0.04467617 0.07997486 0.12506954 0.08280000 0.04206085 0.15979139 0.07010932 0.07206768 0.12514169 0.11076118 0.15136027 0.10672576 0.09561788 0.11711881 0.12625272 0.05751321 0.07455828 0.08882388 0.06082354 0.06704631 0.06870264 0.06250112 0.08894839 0.09179491 0.10300532 0.11220453 0.14159518 0.09823654 0.11407017 0.05691472 0.14536400 0.06749327 0.07364255 0.09959473 0.06514428 0.05010992 0.07917705 0.05658531 0.05944228 0.05407280 0.09062408 0.08253002 0.05684196 0.11116197 0.07281630 0.06548514 0.07434524 0.11954229 0.10058509 0.08721929 0.08375003 0.06307841 0.08656330 0.03310772 0.09329021 0.08883255 0.06231333 0.02411628 0.08002660 0.08083297 0.05732342 0.07931375 0.08911158 0.07297881 0.14440010 0.06774736 0.27108406 0.12495529 0.11689550 0.07327646 0.07906536 0.08717596 0.07510441 0.09360494 0.08119743 0.07235694 0.10038047 0.02591248 0.07904614 0.04564778 0.07364434 0.04594675 0.08543043 0.05899541 0.05978592 0.10057731 0.07961320 0.04950198 0.10430834 0.09405599 0.09512069 0.07438390 0.04148053 0.07285409 0.09177115 0.10394169 0.08028738 0.05745341 0.10196239 0.05450428 0.09032738 0.07651890 0.08167868 0.12663781 0.09242578 0.08250162 0.10813053 0.07925736 0.07022641 0.06502740 0.11028416 0.07141414 0.06292697 0.10561387 0.10642618 0.06463221 0.06725198 0.09364337 0.06162328 0.08863422 0.06288495 0.10066230 0.07099237 0.08272358 0.07387327 0.07236075 0.13307326 0.12574509 0.06546488 0.05668979 0.07633567 0.08682380 0.09923288 0.10417031 0.03473346 0.08193132 0.09894587 0.06395866 0.05281750 0.08086994 0.12078283 0.04807595 0.07968182 0.06279024 0.08961261 0.08110082 0.07236611 0.03215425 0.06772017 0.09107053 0.08623885 0.08600451 0.08910860 0.07453099 0.11199057 0.07021558 0.10311609 0.08596459 0.07154291 0.09580502 0.10325661 0.05484811 0.05342150 0.07685531 0.08975451 0.06045250 0.07111763 0.07443789 0.09218964 0.05758041 0.10449561 0.10992266 0.06740253 0.21771009 0.07063945 0.12645043 
0.09788775 0.11303273 0.10469940 0.06521708 0.14521662 0.11119612 0.15586787 0.00000000 0.13504388 0.07567438 0.07190622 0.15695444 0.22422774 0.08711234 0.06381503 0.08023884 0.08306968 0.07820323 0.08704438 0.10973744 0.11723487 0.09190332 0.10904818 0.05613446 0.07883838 0.11280311 0.07636082 0.09103920 0.08064598 0.11446649 0.05951477 0.10147312 0.07824780 0.07327888 0.27434680 0.08403111 0.09737053 0.12690473 0.11339471 0.16403205 0.10665336 0.13582944 0.09170699 0.07696554 0.08013342 0.08403583 0.03641467 0.04716866 0.09499840 0.07921468 0.11216690 0.06920343 0.07663221 0.13437192 0.06553524 0.08924565 0.09062837 0.08920408 0.07869000 0.06426444 0.06977968 0.06877874 0.09208466 0.08049785 0.08158334 0.11271628 0.06280167 0.11104028 0.05980243 0.11810854 0.06106501 0.07968569 0.11014086 0.06701895 0.09385393 0.07050358 0.13050430 0.06262653 0.09743055 0.07873747 0.09281002 0.08544994 0.07794661 0.08061831 0.12098630 0.10972566 0.09000520 0.04597183 0.08591713 0.07697027 0.08198717 0.18330566 0.09142172 0.15489854 0.10770750 0.08909067 0.06347207 0.04168165 0.09885194 0.05507829 0.10302733 0.12888787 0.08483051 0.05404052 0.05317078 0.06427690 0.09165956 0.08427867 0.05511835 0.08267478 0.06912482 0.10322525 0.07318184 0.10696811 0.07424883 0.11430015 0.07064420 0.03668891 0.01122788 0.09970805 0.08671552 0.08066833 0.07018337 0.07679778 0.12929827 0.06231367 0.06455446 0.09310870 0.10562687 0.08487510 0.08570984 0.09936014 0.10606634 0.12269085 0.04857805 0.10875496 0.04763187 0.05460314 0.07561011 0.10497376 0.10401089 0.17962170 0.05443865 0.11240987 0.06526533 0.06542905 0.08991562 0.08326200 0.11042684 0.10874679 0.07427348 0.07244979 0.10920403 0.05684771 0.10418794 0.06756194 0.05752333 0.08134509 0.11309489 0.07601632 0.07864733 0.08983485 0.06511866 0.08494648 0.08366251 0.05199340 0.10219822 0.07322623 0.05418325 0.03494483 0.10591034 0.08829333 0.04858293 0.08854295 0.06141975 0.04794087 0.06834132 0.05240959 0.07993350 0.04615631 0.07742717 0.05792958 0.08099708 0.07657847 0.09837868 0.06508512 0.05317527 0.08256002 0.03807967 0.11965561 0.09215566 0.11696550 0.10924460 0.12410554 0.08865174 0.03201058 0.06807002 0.06590447 0.06700021 0.10091100 
0.08847209 0.07759191 0.12388900 0.09070535 0.10107419 0.07628131 0.13080773 0.13504388 0.00000000 0.08142692 0.14141495 0.09985218 0.08154602 0.08581497 0.10903850 0.09827742 0.10477739 0.05227174 0.09798807 0.15236534 0.08239318 0.11043612 0.10137436 0.07656433 0.10651960 0.08770885 0.11855045 0.12724722 0.08927873 0.14238562 0.06946552 0.15322018 0.12763336 0.09207368 0.10502325 0.11059874 0.12583411 0.07970984 0.11102486 0.08387222 0.05726879 0.06287846 0.04249428 0.09782767 0.06207072 0.08101108 0.10735484 0.12353403 0.10929461 0.14928031 0.11507803 0.06412952 0.23549575 0.07186111 0.19936221 0.03775426 0.06149551 0.06135067 0.04243590 0.07828607 0.05741344 0.09316947 0.06521257 0.07850251 0.10366746 0.06665671 0.09818390 0.09881099 0.11221703 0.06137195 0.09645298 0.04511849 0.07519913 0.06496756 0.05933790 0.08007457 0.11024538 0.08960312 0.06995394 0.10108086 0.07808188 0.09669884 0.08723836 0.09816369 0.09519063 0.06104262 0.08364126 0.11652886 0.14104932 0.11595959 0.10514810 0.12215732 0.08638850 0.12330903 0.07758341 0.03184969 0.09469310 0.08683725 0.06709181 0.07686201 0.03814125 0.10545806 0.08093130 0.04610270 0.12031002 0.05940542 0.05532150 0.07763115 0.05670345 0.05241924 0.07461734 0.06084616 0.03300371 0.07900321 0.06077079 0.04799517 0.09330189 0.06334556 0.08327616 0.12925481 0.05605298 0.08376026 0.08581016 0.12308908 0.08286067 0.09297028 0.08115890 0.14054792 0.12419554 0.10399916 0.11789108 0.08908630 0.05854055 0.09642964 0.07055259 0.05239609 0.06292327 0.05627767 0.07598855 0.08971871 0.08370851 0.11363353 0.07669782 0.11292964 0.08347803 0.09173651 0.10467125 0.04406144 0.09333685 0.11072004 0.07071375 0.05298184 0.05580403 0.09640802 0.07037881 0.08840867 0.07593104 0.08082765 0.05591158 0.07374795 0.07420102 0.06783788 0.09221219 0.09771088 0.04951672 0.09427932 0.12315457 0.06681831 0.09192999 0.07096137 0.03898024 0.04194471 0.07507388 0.11548152 0.05450032 0.15029856 0.10558313 0.06306223 0.09637968 0.11573938 0.04296267 0.08310950 0.10837700 0.09361887 0.07640631 0.07561313 0.11190748 0.10710870 0.06553283 0.07878571 0.12812383 0.05111521 0.14194288 0.04052785 0.08487248 0.09187954 0.08558594 0.09057564 0.07265910 0.08360944 
0.10091080 0.09796984 0.07225828 0.08722391 0.10220640 0.14024207 0.12699876 0.07567438 0.08142692 0.00000000 0.16577782 0.14215238 0.16159440 0.06214761 0.10043688 0.14355911 0.11017706 0.10690964 0.08318918 0.06196480 0.08962263 0.09210524 0.12088612 0.07247020 0.09201650 0.10143191 0.14896501 0.06220701 0.12724365 0.10765412 0.27877146 0.06045780 0.13126959 0.14974665 0.25045830 0.07620625 0.08022868 0.08459342 0.10967721 0.08630856 0.06781620 0.08187836 0.07985595 0.11319188 0.04106719 0.07134436 0.12883097 0.04782589 0.08727432 0.07339485 0.07616922 0.09369445 0.09828200 0.11512401 0.11166717 0.07337180 0.08943547 0.06330057 0.03280610 0.09832386 0.05982375 0.07757009 0.10233694 0.11075129 0.10231501 0.06506437 0.10296962 0.12362021 0.07608354 0.08246105 0.07247627 0.06726865 0.11895459 0.05605872 0.08565679 0.11284048 0.09657203 0.07533757 0.06986922 0.06702362 0.10435951 0.11800515 0.03971855 0.11143431 0.07396969 0.12574455 0.12805219 0.11667931 0.14137873 0.04206235 0.05550601 0.05686112 0.08219472 0.08921972 0.08326726 0.07433988 0.07392900 0.07113530 0.08062129 0.06379874 0.11897858 0.06874094 0.09550444 0.06172161 0.05448108 0.02499720 0.13592874 0.09399708 0.04326272 0.06306480 0.05336521 0.06035378 0.06941406 0.05449282 0.08395243 0.07313414 0.08943339 0.09593426 0.08003908 0.14129752 0.07977124 0.11937941 0.03303004 0.02843719 0.07983351 0.06198040 0.12614797 0.09820228 0.12097079 0.09128910 0.10611115 0.04904632 0.06698846 0.08953982 0.06499921 0.07520864 0.04705479 0.15195061 0.05790582 0.08531244 0.07926900 0.08992667 0.11914611 0.08799812 0.01983533 0.07708118 0.07322292 0.03895572 0.08605359 0.08810014 0.08657250 0.09269265 0.07237828 0.08441605 0.04464865 0.09193802 0.05670998 0.05246948 0.05192697 0.11073829 0.03539753 0.06891389 0.05972792 0.08164090 0.05334674 0.10809749 0.06064944 0.08313355 0.09931116 0.10555772 0.07885163 0.11091890 0.10437046 0.09491900 0.04229496 0.09297158 0.08195568 0.07550978 0.09065766 0.04774199 0.16298127 0.10287102 0.10128214 0.05663969 0.06222388 0.05581269 0.09643024 0.09325204 0.09851144 0.09642987 0.10900031 0.07689234 0.09492039 0.05009505 0.12496876 0.05273459 0.08978826 0.06900658 0.06712212 0.06910338 
0.06493927 0.06311761 0.03426594 0.08404755 0.12101865 0.12761593 0.20434822 0.07190622 0.14141495 0.16577782 0.00000000 0.21176766 0.11744269 0.12138052 0.05187065 0.12707714 0.13408798 0.11275729 0.09943753 0.10260503 0.06912227 0.11366211 0.12379369 0.08366785 0.08764541 0.07274643 0.06411485 0.06924995 0.07807409 0.08185673 0.08913199 0.07806061 0.10120327 0.12152586 0.08842652 0.12048255 0.07456922 0.06789637 0.11436552 0.08998371 0.08187893 0.07115513 0.07019780 0.07194467 0.10317805 0.08219540 0.05563862 0.02859127 0.14106502 0.08491934 0.08442694 0.08876120 0.14132828 0.12042625 0.10228346 0.08843199 0.12648406 0.07672207 0.09800584 0.08359963 0.09844911 0.04615685 0.12381476 0.07845120 0.14946577 0.05906103 0.06102642 0.06591263 0.05815941 0.07801063 0.11550063 0.12483929 0.11078707 0.05429769 0.05662677 0.24918796 0.10632865 0.14437853 0.10413827 0.09027458 0.07809544 0.03199695 0.04685568 0.09548233 0.06983730 0.03668742 0.12796131 0.07245534 0.08030776 0.10863455 0.10172597 0.09438149 0.15322961 0.11893735 0.15415951 0.06434237 0.04671723 0.06358577 0.09539660 0.03562387 0.08984570 0.08863302 0.07608346 0.05606924 0.04232525 0.12240491 0.10313068 0.04947513 0.06744553 0.10749408 0.06069132 0.03289231 0.09397571 0.07316424 0.10214504 0.07311419 0.06860601 0.04003222 0.07492680 0.08752791 0.08632597 0.12692611 0.10088879 0.06801571 0.07173869 0.16228388 0.10411905 0.08943551 0.06949522 0.08811925 0.06321840 0.04312940 0.05388745 0.11158517 0.08457380 0.08165264 0.07078852 0.06612109 0.09170978 0.08521892 0.07592398 0.09235068 0.09086213 0.09528936 0.06752144 0.09826128 0.07865679 0.10744925 0.05754354 0.09905320 0.13700352 0.06937719 0.03835438 0.05213021 0.08598663 0.04957934 0.09208687 0.12306967 0.07425912 0.05619706 0.08635648 0.06733703 0.11211028 0.08411045 0.07788348 0.06757736 0.11663927 0.08381838 0.09677119 0.06350816 0.05290040 0.06984139 0.04062575 0.08465801 0.06765760 0.07092484 0.10607717 0.05386123 0.11573686 0.07452332 0.08425437 0.10985891 0.05000055 0.13166658 0.09935325 0.04841380 0.07927505 0.06915393 0.08763011 0.04316317 0.07874205 0.10120937 0.06769588 0.08556467 0.10737457 0.03873208 0.07399762 0.07093455 0.05362143 0.08977515 
0.08682352 0.10036496 0.12195513 0.12709842 0.08324298 0.08745858 0.10563901 0.15695444 0.09985218 0.14215238 0.21176766 0.00000000 0.16559147 0.14685642 0.10743730 0.21702345 0.14305974 0.06644251 0.09354611 0.14927173 0.08882069 0.07807459 0.08448506 0.08412386 0.13527110 0.07823429 0.23359872 0.10376305 0.07730911 0.09868387 0.36494299 0.05595374 0.10156553 0.10316568 0.17635851 0.08461331 0.11653997 0.04619927 0.08443816 0.09275902 0.10378056 0.03263600 0.10614944 0.05868556 0.08734589 0.07294035 0.09672633 0.06617227 0.09517980 0.08090290 0.09928978 0.10879250 0.12596032 0.07159254 0.10965980 0.22908331 0.15792957 0.07570784 0.04908255 0.04764809 0.08650787 0.08406659 0.05158607 0.07038432 0.05072490 0.05723931 0.07654783 0.07497728 0.03443510 0.07705338 0.07541579 0.08622786 0.06737395 0.05155531 0.08097569 0.06409487 0.11385079 0.09038408 0.13623939 0.08005826 0.07507237 0.07904017 0.07127556 0.06257385 0.08270133 0.04639522 0.07937121 0.08200230 0.03369947 0.13268655 0.08924090 0.06072259 0.07836996 0.08544158 0.06388815 0.13030504 0.11769546 0.04349686 0.03322894 0.05510973 0.06536511 0.08310529 0.05482850 0.05305041 0.11466862 0.07006753 0.08915808 0.06462782 0.03485643 0.07753491 0.10200027 0.04232533 0.07582547 0.08286840 0.07683177 0.08193610 0.06103469 0.06743848 0.07580219 0.07760190 0.09023902 0.07169199 0.06865337 0.05919850 0.06648386 0.07066727 0.10162236 0.10394226 0.08571448 0.07901224 0.06312153 0.10708061 0.07715311 0.05427897 0.05854517 0.09971604 0.09548240 0.07407992 0.06822103 0.07980174 0.06250149 0.04178045 0.09438165 0.09215247 0.09108679 0.05582275 0.05732533 0.14954976 0.04831025 0.09355968 0.07556063 0.04667638 0.10895213 0.07164846 0.08388080 0.08183819 0.07079624 0.12089633 0.11515589 0.08325197 0.09108389 0.06538998 0.06030974 0.06570144 0.05802528 0.05936463 0.10639248 0.08446978 0.08699541 0.10305432 0.09591147 0.06505354 0.03932484 0.07068877 0.05242318 0.05448433 0.07813031 0.10132804 0.06402285 0.09396247 0.13622957 0.11140158 0.08534947 0.07972975 0.08553863 0.08073633 0.05918318 0.07552622 0.13268219 0.07059663 0.08291464 0.12046922 0.10003421 0.07847155 0.07164751 0.06006240 0.10300910 0.03390274 0.07120383 0.09299903 
0.06964577 0.06751154 0.10409353 0.14899983 0.12017160 0.07866053 0.15438365 0.22422774 0.08154602 0.16159440 0.11744269 0.16559147 0.00000000 0.11287884 0.17994938 0.14055970 0.08411327 0.06768529 0.13313720 0.09385536 0.07326048 0.10084838 0.07557781 0.11314837 0.09951687 0.06427545 0.10813199 0.10080663 0.08863268 0.08836714 0.07901838 0.08887721 0.07712311 0.10463410 0.09968789 0.08147504 0.09553702 0.08105756 0.05901308 0.05835575 0.06571697 0.15593769 0.04652930 0.05971605 0.05373429 0.07873801 0.13504960 0.09335955 0.10725878 0.09797397 0.08103674 0.09793924 0.06692335 0.07150232 0.08090459 0.07131232 0.06675383 0.04741238 0.07045925 0.09165129 0.10702182 0.07863852 0.08812797 0.04716825 0.09232864 0.05720991 0.05973961 0.06952781 0.05356384 0.09111963 0.05997384 0.10629743 0.11302732 0.08882577 0.06039719 0.10334089 0.06927132 0.07135822 0.09730517 0.05876385 0.07423035 0.07426585 0.10394932 0.12570200 0.10194823 0.10082802 0.06664420 0.06702349 0.12912410 0.09915545 0.09173981 0.09606157 0.13194676 0.09338587 0.13965046 0.05562264 0.13941665 0.10207828 0.10559814 0.08423239 0.10986472 0.08074462 0.09467409 0.07918258 0.07207545 0.08535396 0.15166549 0.08899172 0.09300571 0.07540310 0.08018481 0.10932980 0.09177515 0.05993956 0.09216505 0.07349502 0.05037440 0.06812084 0.06750712 0.09291034 0.04547685 0.07858349 0.10330360 0.08669831 0.08787230 0.06904843 0.09733352 0.09840161 0.06871643 0.09423790 0.07040412 0.06430359 0.10445954 0.07755761 0.06467006 0.07491398 0.10623813 0.03932801 0.09566349 0.11027717 0.13820897 0.03859230 0.15036535 0.10526658 0.10733736 0.11179853 0.06557319 0.08372579 0.05657106 0.10862540 0.08016039 0.06290654 0.04382366 0.04669787 0.07975168 0.06853320 0.06736468 0.07041505 0.09155026 0.09127794 0.07173455 0.06023506 0.07467321 0.08269126 0.05080731 0.04837778 0.08030547 0.10730570 0.08704115 0.03015128 0.04795667 0.06889931 0.08493114 0.10193406 0.10151166 0.12703600 0.09200625 0.10770503 0.09157919 0.07159383 0.08768125 0.06234780 0.05059713 0.09635479 0.06485632 0.09648639 0.06678360 0.05955406 0.06252452 0.07449523 0.07273253 0.08061425 0.07055777 0.05242496 0.09664212 0.07400789 0.05172059 0.07156190 0.08998934 0.09184704 
0.09236924 0.08492378 0.08854796 0.07496421 0.09840637 0.10736152 0.10880943 0.08711234 0.08581497 0.06214761 0.12138052 0.14685642 0.11287884 0.00000000 0.10551033 0.09880370 0.17019086 0.31417176 0.04661279 0.10900764 0.11964737 0.12072689 0.12040204 0.05736304 0.08926570 0.05412515 0.09252336 0.10194355 0.10339862 0.09000940 0.09369620 0.07769195 0.07319872 0.10836734 0.04854866 0.10754058 0.07997904 0.07239473 0.06899590 0.09589697 0.08247521 0.05360570 0.09081767 0.09383991 0.10545060 0.07072158 0.06136644 0.09901350 0.06941222 0.12486849 0.09044710 0.06339208 0.12483513 0.09655705 0.09316495 0.12311553 0.13046856 0.10623007 0.09526276 0.11008337 0.15624873 0.06403390 0.10315095 0.07623388 0.09977941 0.07221659 0.07315427 0.07656095 0.10369499 0.09371007 0.10406750 0.07358252 0.06134205 0.07232079 0.11010991 0.07664780 0.05499960 0.08581230 0.09141781 0.09992967 0.11774585 0.14109731 0.08053651 0.08982870 0.07444683 0.11784602 0.08714534 0.07765014 0.09708198 0.09485044 0.03373920 0.05476956 0.10472732 0.10213163 0.06221663 0.09070836 0.07489056 0.08018857 0.13309252 0.08163322 0.10238396 0.11464097 0.07365745 0.05982105 0.05575081 0.11035786 0.06106100 0.07805921 0.06881951 0.10192636 0.05908460 0.08315185 0.08052116 0.07928406 0.06294046 0.05115004 0.07887509 0.08445040 0.07020659 0.10900070 0.07839923 0.06311534 0.07991239 0.03961542 0.06996625 0.08123861 0.10693053 0.08416823 0.09112403 0.07751977 0.08397630 0.11428996 0.06321077 0.07833765 0.08208039 0.07894898 0.08134224 0.11807357 0.04055330 0.06585885 0.08610764 0.10067621 0.08345986 0.07808626 0.06105093 0.08125898 0.06611688 0.09811384 0.09062151 0.06845187 0.05624104 0.14409763 0.07759051 0.04391889 0.08237659 0.09174228 0.08496882 0.17567046 0.07742106 0.10205165 0.06786382 0.08368878 0.06575516 0.07275682 0.07346870 0.07122628 0.09646792 0.05161457 0.08184211 0.09343011 0.08205920 0.08551295 0.09220513 0.09256009 0.06889879 0.11599910 0.09427513 0.08847103 0.07944387 0.09836303 0.08927353 0.09199854 0.06806445 0.08061781 0.12622927 0.12824862 0.07104950 0.10043021 0.15117798 0.08596226 0.05749055 0.09081746 0.06706830 0.07273377 0.06566222 0.07635397 0.06069489 0.08033923 0.03404898 0.06958943 
0.08384466 0.08683229 0.10919458 0.08620814 0.09334854 0.06112684 0.06422134 0.06381503 0.10903850 0.10043688 0.05187065 0.10743730 0.17994938 0.10551033 0.00000000 0.10810499 0.10615067 0.16849557 0.11061388 0.07521021 0.15080358 0.07227372 0.12950772 0.12621822 0.11971017 0.10307019 0.05934950 0.06581186 0.10115135 0.10243336 0.13112847 0.08772624 0.06834715 0.10427082 0.04028479 0.05877583 0.06312724 0.15966190 0.10048174 0.11897410 0.08231602 0.07654623 0.05934655 0.09159986 0.10628186 0.08129592 0.06932877 0.05725981 0.10154172 0.11669163 0.03207824 0.04744712 0.06225799 0.09186736 0.08215199 0.08098938 0.09754261 0.10283402 0.12020926 0.12071155 0.12814026 0.07767687 0.06556705 0.12477545 0.15169617 0.09384097 0.09507735 0.11154297 0.11970021 0.09057912 0.10402984 0.07488275 0.08573697 0.12419905 0.09770587 0.07965185 0.06001194 0.12123487 0.05695121 0.05936212 0.10995344 0.07870552 0.06413258 0.08647715 0.08685142 0.05485774 0.05021871 0.06359023 0.10497020 0.08502728 0.06905778 0.08098736 0.05752195 0.09792659 0.08802678 0.05472079 0.04927251 0.24148894 0.14843389 0.10863283 0.08065256 0.04958999 0.04047226 0.10290207 0.08061068 0.09258242 0.06158743 0.08170955 0.06340905 0.06529497 0.07676418 0.10393616 0.11629744 0.09829524 0.06431661 0.13944760 0.10835514 0.07982395 0.12003167 0.11064294 0.08214555 0.06467639 0.09011639 0.09222134 0.04378181 0.05838177 0.08933882 0.11470310 0.10488037 0.09707175 0.08230582 0.05251963 0.08614392 0.10094322 0.08874742 0.09548832 0.10008861 0.05885348 0.05564669 0.04817705 0.09339133 0.07030605 0.11162075 0.05907211 0.13102509 0.08803269 0.05377168 0.04454048 0.13774304 0.07163997 0.08051256 0.03743963 0.09354161 0.08831878 0.06881422 0.13333167 0.04355973 0.09315835 0.14546481 0.06743439 0.08489050 0.07308386 0.11203548 0.07811668 0.06781035 0.08334062 0.09608694 0.07376971 0.06889459 0.10013886 0.10501598 0.07694873 0.09461669 0.10173739 0.10780767 0.08032210 0.08565421 0.07329548 0.06843643 0.07067292 0.06717603 0.11695583 0.06404286 0.09201531 0.08188289 0.10382169 0.03801774 0.08816556 0.07454691 0.08524214 0.08535464 0.10472334 0.05577715 0.05736693 0.07073054 0.09288110 0.09212560 0.12583184 0.07475116 0.08573757 
0.08593213 0.07529646 0.06149701 0.09066783 0.06334821 0.14850289 0.07321864 0.08023884 0.09827742 0.14355911 0.12707714 0.21702345 0.14055970 0.09880370 0.10810499 0.00000000 0.15494632 0.11407737 0.14702295 0.16712211 0.06622518 0.12543269 0.10040567 0.10715547 0.07755128 0.06768685 0.11171216 0.09849114 0.10177391 0.16186168 0.13377031 0.09149296 0.10596758 0.10209347 0.10261272 0.08891127 0.12803755 0.07738641 0.09385894 0.07770725 0.11315406 0.09354937 0.06443244 0.07318711 0.07335348 0.06301226 0.09312397 0.11783751 0.05800417 0.10642747 0.10725676 0.08262314 0.07722514 0.07627694 0.07374815 0.08773886 0.08905177 0.06227015 0.06745230 0.03641186 0.09118348 0.08518044 0.06779068 0.07487161 0.07383558 0.05227347 0.06176641 0.11788152 0.11279190 0.03745586 0.03168601 0.07261288 0.07051220 0.05127918 0.06081721 0.10291844 0.08327977 0.10619353 0.08380503 0.08267810 0.06175774 0.06511952 0.09631770 0.08072625 0.07995715 0.07547793 0.09958220 0.07082187 0.02259347 0.08425353 0.07139268 0.06316623 0.08735526 0.09110350 0.07951991 0.19498997 0.09459610 0.11467692 0.10737308 0.06750427 0.07349592 0.10169732 0.07869753 0.11368833 0.08875890 0.14099793 0.05477675 0.05895534 0.05712885 0.11800401 0.08266213 0.07296604 0.07901014 0.09923653 0.08613704 0.07018495 0.04789191 0.05627760 0.08330071 0.09089963 0.06050142 0.03663132 0.05118539 0.13854278 0.08675824 0.16303362 0.09787538 0.10505499 0.08720044 0.11379367 0.09760996 0.08288784 0.07702694 0.13549014 0.07619916 0.08262362 0.07723002 0.04813772 0.05519935 0.08332238 0.10609278 0.05317755 0.06941717 0.09595249 0.10803159 0.05561220 0.10348887 0.13793256 0.07479263 0.07442859 0.07566764 0.10220007 0.09081781 0.07994495 0.07786175 0.05816202 0.06675682 0.08556560 0.04285441 0.07144917 0.11510149 0.09474329 0.07921770 0.07645412 0.09872966 0.06182750 0.11511665 0.09353818 0.09623559 0.12018185 0.09386015 0.14103289 0.07731458 0.08331115 0.07034719 0.11154541 0.09992994 0.06642492 0.08236394 0.07132498 0.05216417 0.06609451 0.05318318 0.11862330 0.12234457 0.09477204 0.09937002 0.09215218 0.11378767 0.04620806 0.05254716 0.08007893 0.09067129 0.02677608 0.08201407 0.07876604 0.05279846 0.08567217 0.05511063 0.09884049 
0.09594365 0.08422198 0.05661897 0.06056762 0.10627004 0.11547626 0.10322154 0.08306968 0.10477739 0.11017706 0.13408798 0.14305974 0.08411327 0.17019086 0.10615067 0.15494632 0.00000000 0.18196609 0.05331079 0.13647671 0.13288038 0.17855009 0.16020060 0.14184239 0.10448069 0.06942137 0.18375770 0.08176894 0.09333669 0.09295672 0.13270270 0.03957311 0.07942449 0.08085854 0.12399173 0.07905951 0.15080273 0.13543987 0.13335362 0.07010119 0.06226446 0.03493926 0.06606354 0.09712070 0.07848412 0.08598140 0.11191261 0.08183169 0.08304926 0.11419379 0.10771519 0.09776854 0.09141076 0.07776599 0.11797447 0.21043695 0.13971110 0.19834596 0.07829885 0.09615273 0.07282904 0.10759639 0.07143969 0.04928925 0.08429615 0.04619264 0.06250761 0.05249805 0.04186184 0.10892707 0.07558380 0.11824087 0.10163206 0.08622532 0.03708531 0.12513139 0.04997515 0.07034084 0.10341814 0.06485572 0.10612137 0.10563167 0.06859482 0.11164999 0.09145185 0.10341775 0.11548095 0.06925454 0.07462413 0.07999557 0.09600442 0.08111906 0.06534262 0.10722241 0.05288750 0.06412648 0.06509545 0.06068605 0.12150672 0.04772434 0.10112053 0.09546034 0.08427274 0.08514545 0.05887064 0.07243799 0.05020792 0.08024040 0.08802793 0.05125562 0.06254838 0.10281628 0.03565809 0.04550852 0.07314293 0.08444730 0.07461492 0.04663217 0.11317845 0.13685250 0.01384171 0.07956165 0.07849205 0.11789412 0.06150235 0.08003853 0.06989487 0.10222622 0.04879991 0.05432665 0.04314047 0.04725475 0.11337039 0.03883680 0.09320767 0.11622547 0.06761677 0.14197819 0.07504580 0.05149979 0.03765867 0.07533755 0.11925500 0.04037707 0.09792434 0.02113619 0.06720477 0.06795246 0.08786816 0.05388818 0.07002044 0.07164771 0.11989957 0.07153299 0.07711461 0.08893601 0.07728538 0.08884664 0.03805355 0.07810545 0.10274339 0.11897965 0.07929332 0.07907539 0.04899314 0.07241740 0.12866860 0.11960815 0.13132273 0.05831935 0.07326371 0.11496900 0.06696710 0.08277511 0.09556829 0.07730502 0.12835740 0.09632450 0.08191767 0.10988752 0.14985169 0.12068342 0.06278663 0.05659891 0.05597342 0.02904330 0.06353548 0.08995527 0.07836374 0.06117873 0.07984356 0.10346855 0.09554631 0.09034864 0.07945786 0.05642377 0.10163472 0.08830607 0.03633544 0.07645900 
0.10729976 0.10193066 0.11090401 0.12020699 0.09779490 0.06030891 0.07660382 0.07820323 0.05227174 0.10690964 0.11275729 0.06644251 0.06768529 0.31417176 0.16849557 0.11407737 0.18196609 0.00000000 0.09501283 0.11547232 0.14769352 0.15522567 0.11820533 0.10804143 0.13055797 0.12384896 0.07740473 0.07832381 0.13309967 0.11760103 0.07482367 0.10203293 0.13146309 0.07827882 0.09674162 0.06740331 0.08296095 0.07899179 0.04492248 0.05238623 0.05215986 0.10703105 0.10911018 0.06517900 0.06782374 0.09998309 0.11179098 0.07913736 0.11119282 0.12865390 0.09675518 0.13434979 0.09868883 0.10959278 0.06307271 0.07468819 0.09279616 0.09847259 0.09790634 0.18813375 0.07148140 0.07370511 0.10174715 0.11158676 0.09999513 0.09740986 0.09310630 0.09995904 0.04815006 0.08655123 0.07654919 0.05552189 0.05032848 0.09830835 0.11614043 0.04748371 0.11311096 0.10097257 0.04407122 0.07017584 0.09380000 0.14787888 0.11917309 0.08704850 0.07757286 0.08547821 0.10037936 0.12530491 0.11637179 0.11675777 0.07150518 0.08137248 0.04689006 0.06196203 0.06290635 0.07621815 0.07455413 0.08516572 0.10304250 0.09487802 0.04657023 0.10749891 0.06718474 0.07448014 0.08004289 0.08050027 0.05730226 0.09843196 0.06564759 0.06912194 0.10815268 0.08532447 0.05145018 0.03418661 0.07332356 0.12748061 0.09166375 0.05935528 0.09090708 0.04580660 0.09096227 0.09165594 0.05866617 0.06905781 0.09594973 0.06853592 0.09267802 0.11189311 0.05221499 0.07583836 0.05573837 0.06521612 0.05896471 0.08569937 0.04820624 0.07100524 0.05028527 0.09350602 0.09524314 0.05617189 0.05692580 0.15865264 0.10750120 0.06486812 0.10062661 0.05827195 0.07600875 0.04976361 0.04366795 0.05062089 0.07384420 0.07887015 0.13276864 0.13881791 0.03777368 0.09949346 0.08018508 0.08602717 0.11800909 0.07754334 0.10220111 0.08214165 0.09267223 0.05793090 0.09378037 0.06093486 0.08698926 0.04809833 0.12230520 0.07966877 0.09582077 0.05264526 0.05275097 0.10573891 0.07539700 0.05413148 0.09040861 0.07000049 0.07091877 0.07182291 0.07930317 0.10804411 0.08422653 0.07416370 0.05356469 0.11889404 0.06507018 0.09491193 0.12267911 0.11013945 0.08660529 0.06883451 0.08264707 0.10613942 0.07473743 0.10500223 0.07757761 0.05863087 0.06860222 0.08826903 
