0.00000000 0.05061473 0.03842595 0.06209011 0.03561786 0.03469143 0.04242704 0.04983784 0.05462273 0.03471730 0.04764914 0.03978325 0.04250223 0.06059172 0.03316907 0.04062083 0.02549256 0.04041492 0.04202639 0.05735037 0.04503893 0.04234616 0.06069853 0.04415418 0.04063733 0.03663478 0.03916727 0.03467217 0.04478282 0.03938282 0.04329073 0.04176887 0.05369574 0.04485071 0.03378624 0.03958147 0.05111795 0.04194584 0.03519604 0.04782859 0.03670137 0.03540267 0.03663948 0.04123658 0.03540538 0.03662556 0.05186707 0.04206870 0.05509275 0.04528021 0.06050104 0.04161723 0.04179000 0.04296093 0.04962215 0.02749215 0.03000255 0.03735544 0.03476268 0.03417272 0.04920447 0.03785482 0.03487610 0.04053037 0.03820046 0.05508901 0.04141867 0.03958642 0.03818983 0.03364136 0.03240078 0.03821439 0.03998603 0.05125373 0.03005551 0.03814089 0.03807175 0.04704401 0.02946663 0.04746912 0.06847538 0.04265149 0.04896046 0.02663460 0.04222219 0.03684545 0.05365823 0.04544485 0.03782931 0.04970384 0.05216627 0.04364987 0.03333839 0.04737888 0.05753378 0.03321510 0.04174356 0.04929876 0.04106953 0.04978915 0.03583201 0.02425553 0.04773305 0.03704634 0.04056099 0.04808454 0.04256441 0.04297162 0.05238970 0.05298498 0.04759371 0.04021843 0.03059540 0.05470514 0.04129467 0.04685173 0.06262427 0.05382703 0.05117717 0.04285938 0.03547227 0.04350114 0.04171518 0.03884511 0.03746376 0.03152687 0.03810819 0.03949416 0.03723290 0.03400159 0.03996840 0.03432154 0.03859641 0.04718655 0.03859012 0.03418414 0.04750848 0.02995499 0.03972969 0.05959528 0.03072560 0.03986996 0.04853111 0.05076485 0.04424261 0.03968281 0.03993735 0.04226453 0.02869963 0.03887967 0.04313677 0.04258817 0.03128172 0.05266268 0.04603976 0.05686175 0.02963876 0.02237084 0.03495453 0.03558029 0.03851912 0.04557363 0.03865373 0.05139267 0.05675222 0.05242379 0.04676654 0.04688870 0.04936782 0.06675005 0.02902720 0.02695452 0.03174158 0.03101348 0.03303875 0.04474618 0.03378194 0.03400984 0.04150636 0.05325043 0.04040623 0.04663153 0.03558912 0.05072926 
0.05061473 0.00000000 0.08233042 0.04090262 0.04927887 0.04906120 0.06130470 0.01930046 0.06613032 0.03150515 0.05454453 0.03588907 0.03249200 0.03406011 0.06099221 0.02662485 0.04615761 0.06513847 0.04426014 0.02635413 0.04354762 0.04365138 0.03999793 0.05768562 0.03483225 0.01315557 0.04333621 0.04591746 0.02694011 0.05130489 0.06195862 0.04281640 0.03603040 0.02348576 0.03650285 0.06852063 0.06467923 0.04088052 0.03468668 0.04107186 0.06550495 0.04834078 0.06120911 0.05089224 0.05768092 0.04069192 0.02232626 0.05673789 0.01936645 0.05135437 0.04265159 0.04490085 0.04491180 0.04759109 0.04208555 0.03673699 0.05408903 0.05413273 0.04514127 0.03108085 0.05743684 0.04708129 0.02476980 0.04829394 0.05148311 0.05353072 0.06804101 0.05397925 0.05854466 0.04365074 0.04907273 0.05768838 0.06044007 0.05679821 0.04991013 0.04355658 0.03231227 0.03948787 0.06315519 0.03646481 0.03776640 0.05060739 0.01648111 0.03212783 0.03838185 0.04256243 0.04987238 0.03756961 0.05366253 0.03764750 0.02811410 0.05074069 0.04084135 0.05003539 0.06927324 0.01905664 0.05549423 0.03931474 0.04497707 0.03840565 0.03622273 0.02561747 0.03151373 0.05709807 0.02976606 0.04173917 0.04528135 0.04609992 0.06551424 0.05188288 0.03000774 0.03733124 0.02853109 0.02110108 0.03187227 0.04512566 0.03577378 0.04021583 0.03993024 0.04424724 0.04796223 0.04602904 0.02098442 0.04811210 0.02897696 0.03980654 0.03700739 0.04239515 0.01346013 0.04692372 0.07142589 0.04109692 0.04574893 0.04160432 0.04376606 0.03640200 0.03384315 0.04338912 0.02715887 0.05583180 0.02536402 0.04028004 0.02036644 0.03108443 0.04025592 0.02374211 0.03505850 0.02586358 0.03062837 0.03151431 0.05714173 0.04928757 0.02924262 0.05033711 0.03765679 0.04034473 0.04840992 0.03346917 0.03432033 0.05004738 0.03561645 0.05692908 0.03424560 0.03229658 0.05433960 0.04392727 0.04207077 0.03849361 0.05252241 0.04468701 0.04198933 0.05001777 0.04047320 0.03043261 0.04198284 0.05095959 0.03615636 0.04111911 0.03629846 0.03932256 0.04753808 0.03341962 0.03051300 0.03935938 
0.03842595 0.08233042 0.00000000 0.03095805 0.07330375 0.03074606 0.01821339 0.05259944 0.08261261 0.04310937 0.05437356 0.03802923 0.03128571 0.03424243 0.04303327 0.04616955 0.04368738 0.05550470 0.03217486 0.03663269 0.04993390 0.04267725 0.02982835 0.03231996 0.03706474 0.03675998 0.04164929 0.04679432 0.04016458 0.04182124 0.04644596 0.03727230 0.02565601 0.03457962 0.04577986 0.05162223 0.08897859 0.04813386 0.03878695 0.07282016 0.08720503 0.06439347 0.03801152 0.04106250 0.02470440 0.04348310 0.05141818 0.02862298 0.02426581 0.04766232 0.04462828 0.01999531 0.04852096 0.04468381 0.05341999 0.04235808 0.05344584 0.04769082 0.04075901 0.03714583 0.04293294 0.04130122 0.04738848 0.01875813 0.03163412 0.03888307 0.02550813 0.02454466 0.03963974 0.02695745 0.00607790 0.03351131 0.04241866 0.05294194 0.04055825 0.03357217 0.04600859 0.05824312 0.03773785 0.03765729 0.03372849 0.04354458 0.03694777 0.04278076 0.02295172 0.05289086 0.04322033 0.04027587 0.04079084 0.01473698 0.03839012 0.04288626 0.04993349 0.03646080 0.03220891 0.03151741 0.03008669 0.03434157 0.03891605 0.04352474 0.05938107 0.03100400 0.03793478 0.04208447 0.02181955 0.05436258 0.04527075 0.07586367 0.05514299 0.03603942 0.04741755 0.06720356 0.03807394 0.02877699 0.02677063 0.04326744 0.03572896 0.05505267 0.06170456 0.02489155 0.02778354 0.04830944 0.06311011 0.04089465 0.03607014 0.06137047 0.02847564 0.05636160 0.05429205 0.04310929 0.05126774 0.03470647 0.07559974 0.05622149 0.04512850 0.03179123 0.01263199 0.04226725 0.03788211 0.01642763 0.07139013 0.02947306 0.04079795 0.06090457 0.04299468 0.02665944 0.03801854 0.05578763 0.03478660 0.06488475 0.05737091 0.04604704 0.06623427 0.05174603 0.03374077 0.02099918 0.03915044 0.04490707 0.04212653 0.04665796 0.02992536 0.06388696 0.03843373 0.06236575 0.04681828 0.04687561 0.04272137 0.02587998 0.04053011 0.04067552 0.02780043 0.04661705 0.01920820 0.05009031 0.04639028 0.04193592 0.05855983 0.04920819 0.04910373 0.03129298 0.04536907 0.04349830 0.04501561 0.04120523 
0.06209011 0.04090262 0.03095805 0.00000000 0.04158779 0.05197987 0.04738936 0.03512649 0.02727239 0.05734271 0.06010746 0.06604650 0.02801822 0.03952955 0.03196482 0.03494796 0.04413836 0.02885652 0.04153842 0.07074171 0.03961196 0.03424650 0.03919881 0.05458080 0.03619831 0.04395766 0.02146416 0.04342930 0.05315986 0.03374436 0.06285146 0.02987333 0.02751331 0.03726165 0.05173832 0.04203002 0.05244539 0.03762442 0.05148357 0.06168160 0.02930086 0.06156874 0.03558795 0.06397418 0.05935742 0.02560833 0.03310508 0.05096001 0.06060414 0.06180921 0.03649978 0.04305352 0.02794307 0.04564617 0.04309802 0.04100210 0.03271786 0.03071053 0.04873290 0.04563141 0.05914600 0.03667527 0.04728121 0.04036914 0.03261291 0.04733981 0.04301181 0.05399373 0.05010594 0.02748836 0.05467134 0.05282385 0.03337761 0.03119589 0.03160098 0.02892651 0.03672919 0.03977506 0.03107378 0.03200789 0.02411269 0.04609885 0.03311684 0.05216243 0.02975906 0.04561110 0.03627500 0.05295773 0.03860214 0.05651219 0.05616027 0.02357943 0.05097140 0.02936167 0.04122787 0.05298696 0.02826768 0.04021003 0.03992997 0.09979744 0.04405508 0.08145433 0.03560426 0.03930594 0.05686321 0.05494373 0.08386869 0.06820569 0.05421649 0.06372499 0.03786885 0.04681935 0.02969185 0.02485451 0.03080461 0.06108956 0.02715275 0.03617913 0.04470814 0.03942013 0.04108897 0.02709202 0.04346277 0.03523809 0.04148990 0.03509584 0.04313621 0.03778804 0.03539421 0.03751493 0.04803142 0.03274250 0.02937008 0.03342827 0.03596551 0.04009625 0.04722554 0.03902939 0.02641806 0.05637362 0.03443798 0.02431284 0.05155594 0.03544013 0.04772965 0.04384220 0.03685496 0.06102090 0.03057098 0.03754759 0.04149907 0.05057368 0.02744559 0.03512145 0.04903329 0.04740032 0.04355532 0.03765288 0.03235664 0.05299206 0.05535208 0.04285706 0.05396754 0.05019667 0.03285313 0.04106495 0.02740018 0.02805240 0.04024019 0.04862280 0.03492777 0.03586854 0.03107394 0.03845865 0.03296816 0.02699459 0.03365942 0.04209650 0.03928465 0.02779661 0.04319281 0.02528473 0.04088795 0.03197053 
0.03561786 0.04927887 0.07330375 0.04158779 0.00000000 0.05013992 0.09432746 0.04777046 0.03294371 0.03966991 0.02628473 0.05032105 0.03728351 0.03877808 0.05826883 0.03674238 0.04714906 0.04502248 0.03685660 0.03862595 0.05000703 0.05710320 0.04126185 0.01086692 0.04446449 0.02789101 0.02891832 0.06096812 0.05206068 0.05021955 0.05282218 0.03914905 0.04725582 0.05874098 0.05775162 0.06496072 0.04455549 0.04867577 0.03334433 0.07864722 0.06381958 0.02470680 0.08316683 0.03690470 0.00549736 0.01425045 0.05980702 0.06865623 0.03288102 0.03316559 0.02543155 0.01491746 0.06883784 0.05102313 0.07644242 0.04620763 0.06298427 0.03823749 0.03525114 0.02728902 0.04515689 0.04378777 0.04938892 0.03573208 0.07922700 0.06939358 0.04163880 0.05859126 0.04116334 0.02016891 0.00848849 0.06597016 0.02829939 0.04050978 0.01493072 0.02450527 0.04741798 0.05364956 0.03474082 0.04805785 0.02492586 0.04439990 0.02341655 0.02805990 0.03842273 0.02132488 0.02891511 0.05696600 0.03549612 0.02389054 0.02373519 0.05839583 0.03161135 0.04390818 0.02667405 0.05137226 0.05676294 0.02827257 0.02300444 0.04063372 0.02525561 0.03292775 0.03903436 0.04260900 0.04238832 0.01802739 0.02180196 0.05312597 0.02802331 0.03579269 0.03730869 0.05724110 0.03412063 0.01947788 0.04385960 0.03399879 0.05710574 0.03493590 0.03027507 0.06709184 0.03565528 0.02917106 0.04129148 0.03056969 0.02384193 0.04847530 0.03161549 0.00905958 0.04658256 0.04531838 0.04827192 0.03990388 0.07076729 0.04429546 0.02779930 0.03170957 0.07408280 0.05383075 0.03097652 0.01538885 0.08346577 0.05532010 0.03654897 0.04873292 0.03237421 0.04883497 0.01060666 0.04859788 0.04227057 0.05723858 0.04876920 0.02811496 0.02221268 0.02428160 0.05222619 0.05707026 0.06411042 0.06721143 0.03462891 0.02751542 0.05022342 0.04196050 0.04467088 0.02909403 0.03858008 0.04257502 0.05416728 0.04314487 0.06064771 0.02893233 0.03836818 0.04840542 0.06032142 0.06215758 0.02900264 0.03139752 0.05227049 0.05116839 0.05656653 0.02976598 0.06200095 0.05525547 0.03876211 0.03404591 
0.03469143 0.04906120 0.03074606 0.05197987 0.05013992 0.00000000 0.01620248 0.05486495 0.07918900 0.03304705 0.05275037 0.04023519 0.05253936 0.05227156 0.03645634 0.05592230 0.05451043 0.03213523 0.06718975 0.04670020 0.04429390 0.04176045 0.01793733 0.04113849 0.04006153 0.03942760 0.02861734 0.05340700 0.04765649 0.02537021 0.05326147 0.02368985 0.05364851 0.04502102 0.05744062 0.00916431 0.04879622 0.05059160 0.02992618 0.03447445 0.03198880 0.06525238 0.03519578 0.07826249 0.05220499 0.04942728 0.04131585 0.04862457 0.04806015 0.05313309 0.03290598 0.05054347 0.05072881 0.05185630 0.02215876 0.02037116 0.07718208 0.08555201 0.07969734 0.04852005 0.03316915 0.04764743 0.03072525 0.04386718 0.03414532 0.04789607 0.06482852 0.03754673 0.03792174 0.04069122 0.03586267 0.03640358 0.03674106 0.03114592 0.06072156 0.05651463 0.03954535 0.05448391 0.05144286 0.05193322 0.04211153 0.04615159 0.04003009 0.04048498 0.04987640 0.03481440 0.04065999 0.04633739 0.07199860 0.06062662 0.05688494 0.03224773 0.03387846 0.07601056 0.05696232 0.03964005 0.03422086 0.02994905 0.04520080 0.06925500 0.04824306 0.05448756 0.03824901 0.02904341 0.02424992 0.03424764 0.03986114 0.05590043 0.05556207 0.04626097 0.05780857 0.05029477 0.02750113 0.02811638 0.02735442 0.04873332 0.04638519 0.05354733 0.03518418 0.06269485 0.02908861 0.04676681 0.02699190 0.04045885 0.03079724 0.04038033 0.04709335 0.03718192 0.03682087 0.01234170 0.05097673 0.04563784 0.04942157 0.03583238 0.04140401 0.01764209 0.02719852 0.03581331 0.01935179 0.04567892 0.05709201 0.03817617 0.04710403 0.04475211 0.03171005 0.04107245 0.02684085 0.05536863 0.03757894 0.03905085 0.02479411 0.01602806 0.04498572 0.02744942 0.07635103 0.04291764 0.02369185 0.04417192 0.04529661 0.04542992 0.03865067 0.02195213 0.05047338 0.03500853 0.03140343 0.03184812 0.03755312 0.02478081 0.05283585 0.03025974 0.02584206 0.03155808 0.04945044 0.04170089 0.04573429 0.04334513 0.03496557 0.04700480 0.04683148 0.03896170 0.04207080 0.03252813 0.02631837 0.03736544 
0.04242704 0.06130470 0.01821339 0.04738936 0.09432746 0.01620248 0.00000000 0.03032848 0.04165694 0.06324338 0.03678774 0.05784935 0.03071283 0.04202276 0.04940989 0.02238713 0.04285724 0.03758501 0.02177622 0.03996789 0.03974695 0.02849455 0.03345132 0.04901671 0.07763757 0.03522089 0.08319321 0.04313769 0.07046144 0.06615401 0.03969700 0.03001147 0.04088448 0.02063750 0.04523370 0.05023245 0.04923986 0.05917563 0.05168209 0.02348865 0.06925617 0.03084059 0.03849019 0.05663466 0.02823903 0.05929799 0.04140982 0.04620291 0.04600205 0.04230014 0.04920122 0.03671549 0.04094030 0.03761491 0.05399600 0.08147901 0.03620593 0.03978673 0.02615669 0.05604358 0.05025022 0.02850912 0.07243586 0.02302803 0.05511290 0.04185602 0.06560232 0.03376846 0.06144188 0.03108870 0.06193008 0.05113343 0.02106916 0.04972065 0.04527224 0.02319186 0.03343765 0.04182002 0.03286171 0.01995725 0.02978107 0.05891257 0.02083220 0.05569536 0.05443844 0.06074228 0.04247832 0.03781679 0.01675090 0.04501017 0.03235850 0.04908420 0.01963232 0.04062509 0.03504718 0.06322703 0.05145896 0.04498801 0.07392704 0.02924234 0.07562606 0.03372494 0.04301200 0.02546087 0.06914533 0.04091919 0.05772809 0.03017871 0.05960656 0.05709900 0.02949183 0.03743618 0.06081538 0.02310220 0.04768562 0.01581651 0.03056903 0.02663615 0.03992450 0.00955266 0.02465909 0.03827490 0.03784800 0.03262735 0.04888198 0.03868271 0.02240927 0.01854782 0.04640933 0.04960746 0.03929749 0.02983891 0.02829677 0.04798466 0.03826129 0.03069643 0.05750041 0.04615770 0.05004713 0.02343334 0.05069603 0.04059463 0.03964607 0.03989381 0.04109417 0.02706425 0.01938904 0.03387429 0.05497690 0.06112078 0.03422001 0.03558707 0.03726699 0.02366563 0.04111311 0.03406879 0.04790104 0.05819077 0.03847150 0.03157487 0.03027320 0.06096968 0.03766664 0.02892345 0.05939420 0.05424852 0.04274182 0.03489751 0.03795690 0.05005490 0.04556114 0.03917324 0.03688543 0.04102365 0.01615445 0.01722394 0.07124550 0.05402428 0.03661005 0.05891959 0.06069766 0.03904642 0.03856629 0.05014943 
0.04983784 0.01930046 0.05259944 0.03512649 0.04777046 0.05486495 0.03032848 0.00000000 0.02314356 0.04462484 0.06487347 0.05165603 0.03683085 0.04875875 0.04497917 0.00724947 0.05609254 0.05493871 0.02268210 0.04448485 0.04510775 0.03911533 0.05279974 0.01957352 0.01878206 0.06810436 0.05093060 0.03103813 0.04073687 0.02458322 0.03540245 0.03044076 0.02951829 0.02450212 0.04164247 0.02191159 0.03363800 0.05720266 0.03776656 0.04900039 0.05000022 0.03160880 0.02841790 0.04313094 0.04569489 0.02576072 0.07805008 0.03742614 0.03265124 0.03888799 0.06118373 0.05521570 0.03499617 0.00796943 0.05664752 0.05709689 0.02193969 0.04306319 0.09451730 0.03559952 0.03814054 0.05282206 0.05603665 0.05379042 0.05159378 0.03873925 0.01664151 0.02478242 0.04647813 0.06385066 0.04124821 0.03946550 0.04685420 0.03829995 0.05888604 0.04949289 0.04398526 0.04019675 0.04318841 0.04839941 0.09133071 0.03416787 0.03804172 0.04539142 0.05154505 0.04440994 0.03030032 0.03417878 0.04991227 0.09091502 0.03909612 0.05680610 0.07356419 0.03276885 0.01302796 0.05077797 0.04148559 0.02969717 0.05743230 0.04603492 0.01443762 0.04778705 0.03185256 0.02666242 0.04293426 0.05162550 0.04176125 0.02169727 0.11916796 0.03536381 0.04264752 0.04731391 0.03388505 0.04538520 0.03376689 0.08187811 0.03743725 0.04733365 0.04157093 0.04327878 0.02339269 0.04682325 0.04213080 0.03543150 0.03464836 0.03689593 0.02933214 0.04065950 0.03898502 0.03063995 0.02379775 0.05070838 0.02998625 0.03794840 0.06961022 0.04733057 0.05035941 0.03184417 0.04863760 0.04591793 0.07920427 0.04081975 0.04432405 0.03011596 0.04891872 0.02452683 0.06013195 0.02043784 0.05273316 0.03720051 0.04562066 0.06669872 0.06049985 0.01658557 0.03856720 0.03224043 0.03228604 0.06175154 0.06878673 0.03936544 0.05211235 0.02430974 0.03633228 0.04249480 0.05069124 0.04405089 0.06116368 0.03714309 0.02315853 0.06507832 0.04244221 0.04214228 0.03916849 0.02814934 0.03710389 0.03908492 0.03727202 0.01423820 0.02918438 0.02780440 0.04245764 0.03828944 0.02675410 0.03297919 
0.05462273 0.06613032 0.08261261 0.02727239 0.03294371 0.07918900 0.04165694 0.02314356 0.00000000 0.05590267 0.02129322 0.04855461 0.05947063 0.04815103 0.04100807 0.05760835 0.06725216 0.04489948 0.05026046 0.04542466 0.04736589 0.02561397 0.01557451 0.08212767 0.03161759 0.03526677 0.09081159 0.03771828 0.02800314 0.03265876 0.03815369 0.03830785 0.04459392 0.06909185 0.05473458 0.02174455 0.01333822 0.03894647 0.03011565 0.08134458 0.04988030 0.03837630 0.05529614 0.01433105 0.05230136 0.06005151 0.02456889 0.04589240 0.04635423 0.02251666 0.03518004 0.04260174 0.05284540 0.03707786 0.01440609 0.04327470 0.04658510 0.05389193 0.06079969 0.04021232 0.01956591 0.05475527 0.03483734 0.03469959 0.02752223 0.03925549 0.04024904 0.03206385 0.02710217 0.05284710 0.04078310 0.03455654 0.05014136 0.10580898 0.06743185 0.08452752 0.04414686 0.05403083 0.08397886 0.07520385 0.04015698 0.08431174 0.02391779 0.04080804 0.01516432 0.02232720 0.03686272 0.04172616 0.01981281 0.03971318 0.08009521 0.04336484 0.04235507 0.03107945 0.04381754 0.05676070 0.01982810 0.04027284 0.03882186 0.03226304 0.05576695 0.03480167 0.05002751 0.04129943 0.02456566 0.02463233 0.07147790 0.04982635 0.03843496 0.05368330 0.09341223 0.05089370 0.02718909 0.04073529 0.04538955 0.02943347 0.04123632 0.05415797 0.02927051 0.04668443 0.03235887 0.02681908 0.03343418 0.03725751 0.02230680 0.07679226 0.02418784 0.06226921 0.03670871 0.01637507 0.04076656 0.06111912 0.01496581 0.04756675 0.04105304 0.01308993 0.05591708 0.02876075 0.03678145 0.01117591 0.07154875 0.03853277 0.06727198 0.04445682 0.05507552 0.02526635 0.02510877 0.04626881 0.03979803 0.02762023 0.05107740 0.03159941 0.02010904 0.04743755 0.05771492 0.04984538 0.03350864 0.03557656 0.04305620 0.04765602 0.02365342 0.05549432 0.06781288 0.04658617 0.04385306 0.02986400 0.04162094 0.00525187 0.02424690 0.03376240 0.03778914 0.05009318 0.01039283 0.02959579 0.02626739 0.04210882 0.03672933 0.03530547 0.03737805 0.03699836 0.03290973 0.02417462 0.04811951 0.04019826 
0.03471730 0.03150515 0.04310937 0.05734271 0.03966991 0.03304705 0.06324338 0.04462484 0.05590267 0.00000000 0.04327630 0.07115954 0.05364795 0.08063009 0.04778292 0.03708735 0.03507402 0.03299613 0.03190282 0.04195235 0.04085744 0.04855736 0.03294842 0.04988877 0.04179414 0.04992279 0.04189062 0.03849681 0.03881875 0.04274185 0.05371340 0.03067681 0.04455610 0.03686685 0.03919852 0.03220801 0.05510998 0.04190300 0.04831072 0.03529389 0.03964114 0.04652998 0.03734999 0.04483001 0.02996483 0.03316603 0.04874371 0.06339877 0.03875028 0.03963543 0.04602701 0.03461265 0.03993110 0.04690053 0.04707287 0.08397054 0.04283198 0.04535251 0.03895525 0.04844428 0.03804050 0.04347154 0.05724222 0.06245324 0.04155526 0.05184646 0.04432183 0.04990601 0.04903348 0.03604160 0.03220714 0.03604962 0.04542416 0.03525866 0.04700971 0.06415572 0.04828127 0.03804809 0.03275457 0.03933577 0.03850542 0.03517466 0.04675933 0.03542895 0.03178082 0.05864693 0.02986399 0.04592576 0.06576587 0.04323906 0.05413273 0.04159840 0.05285516 0.04042733 0.03462031 0.03913770 0.03557075 0.03561201 0.03669848 0.07697899 0.04223971 0.03626546 0.06025668 0.05889674 0.02848524 0.04850695 0.06766149 0.04077134 0.03346280 0.04893712 0.04862400 0.03779741 0.05161216 0.06940628 0.08407388 0.05383602 0.03582375 0.04890496 0.03465937 0.04121240 0.03538606 0.02943526 0.04139636 0.02566643 0.04273128 0.03751868 0.04113176 0.03004909 0.03526702 0.04584573 0.03865412 0.04196771 0.03119000 0.03954373 0.03978356 0.04719531 0.03638170 0.05307271 0.04394199 0.04465335 0.03599784 0.03829418 0.04678006 0.04280425 0.03516708 0.04020921 0.04162103 0.05846432 0.05020793 0.04463770 0.04421057 0.03592333 0.04512375 0.05366399 0.03914673 0.04367736 0.02104785 0.02614454 0.02590051 0.03058205 0.02944850 0.02596338 0.02826060 0.04045209 0.02975610 0.04005463 0.03516896 0.02913951 0.04018485 0.03810731 0.02976569 0.03082010 0.03737372 0.02685394 0.02455542 0.03218910 0.02426119 0.02633408 0.02484569 0.03572555 0.02565436 0.02724242 0.03261847 0.03723372 
0.04764914 0.05454453 0.05437356 0.06010746 0.02628473 0.05275037 0.03678774 0.06487347 0.02129322 0.04327630 0.00000000 0.05320527 0.05314021 0.04416805 0.03958788 0.04270620 0.03370625 0.04014593 0.04603640 0.10474524 0.03139021 0.01583328 0.07981973 0.03462116 0.04723163 0.05435772 0.02368076 0.05692904 0.02905041 0.06838965 0.02446243 0.03034401 0.05114351 0.05232434 0.05538427 0.03016487 0.07121496 0.05852396 0.03877852 0.03201596 0.04029969 0.02189472 0.05224436 0.03760737 0.02135804 0.03099109 0.12916471 0.06514536 0.07224850 0.01691382 0.05344488 0.05261441 0.05248846 0.03093793 0.09548615 0.04863322 0.02950980 0.02791730 0.05110325 0.01607733 0.01192528 0.02931507 0.02681828 0.06013512 0.03198763 0.04015368 0.04968089 0.05394087 0.04741424 0.05394274 0.05550653 0.03729276 0.04814638 0.04787178 0.00700180 0.06856017 0.10047106 0.03597445 0.07451517 0.02874205 0.04830223 0.02918153 0.04827525 0.04687752 0.02995629 0.05474951 0.04210434 0.06070554 0.06419912 0.01048926 0.06603278 0.06754076 0.04354035 0.03513450 0.05985679 0.04321420 0.04379313 0.01938529 0.03196515 0.05169091 0.02434301 0.03355530 0.04138098 0.04685937 0.03769042 0.05850609 0.03138653 0.06640414 0.02920450 0.04105318 0.01097324 0.02297765 0.02470390 0.02613822 0.04477489 0.03513809 0.07816854 0.04078598 0.08593535 0.03339256 0.04766279 0.03305983 0.02659148 0.03649193 0.03092283 0.03001491 0.02104597 0.05349164 0.02914166 0.04416153 0.03847979 0.03940069 0.04177884 0.03714026 0.03460549 0.04129306 0.06002045 0.01854168 0.04428771 0.04345076 0.06330580 0.03525176 0.03390886 0.04715493 0.07354043 0.01878544 0.03029888 0.07091243 0.05368963 0.05782566 0.03144338 0.01054181 0.05328208 0.06333564 0.03767863 0.04805188 0.03933622 0.03828892 0.03778050 0.04154648 0.02230413 0.03933754 0.04142082 0.04317645 0.05182802 0.05822825 0.04937475 0.02122435 0.03382197 0.05520214 0.02592675 0.04448487 0.02575075 0.02255592 0.03828322 0.02055666 0.02981007 0.01890933 0.00983450 0.01301996 0.01909204 0.01374373 0.02659896 0.03429543 
0.03978325 0.03588907 0.03802923 0.06604650 0.05032105 0.04023519 0.05784935 0.05165603 0.04855461 0.07115954 0.05320527 0.00000000 0.04171159 0.04145461 0.04433607 0.04878917 0.04030694 0.03092842 0.04329969 0.04934672 0.04079103 0.04001014 0.03636955 0.03886158 0.03934007 0.04675031 0.03824571 0.03182669 0.04679244 0.03652473 0.04814308 0.03901872 0.04106458 0.03852721 0.04246948 0.04466455 0.03418950 0.04211420 0.03671860 0.04226991 0.03261880 0.04517788 0.05111566 0.04005687 0.04225792 0.03804644 0.04391411 0.03685340 0.04479274 0.04147868 0.05101256 0.04214620 0.04583824 0.04471746 0.04609678 0.04678597 0.04273983 0.03989629 0.05072209 0.03964533 0.04233789 0.04130555 0.03650296 0.04331272 0.04021007 0.04516551 0.05135045 0.05135000 0.04864909 0.03752590 0.03616856 0.03812648 0.04180513 0.03958115 0.04429940 0.04876876 0.04634899 0.03862412 0.03701558 0.03502270 0.03655310 0.04048780 0.04563805 0.03997391 0.04337978 0.04055908 0.04052682 0.04411679 0.05294693 0.04391778 0.04571772 0.04589166 0.04763429 0.04362205 0.03316405 0.04316268 0.03142410 0.03546725 0.04559125 0.06801985 0.03914840 0.03962456 0.06102322 0.04357943 0.03456955 0.04179207 0.05039497 0.05119569 0.03990816 0.06334376 0.03886310 0.04716970 0.03747964 0.03706671 0.04160236 0.03535703 0.03663463 0.04189684 0.03919522 0.04236779 0.03640338 0.03812191 0.03489093 0.03152550 0.04141622 0.04349980 0.03759985 0.04129851 0.03819505 0.04215725 0.04720506 0.03868625 0.04112383 0.03142041 0.04677075 0.04055635 0.04275540 0.04783875 0.03731542 0.04872925 0.04326836 0.03910399 0.04208970 0.03801374 0.03339324 0.04018702 0.04619510 0.04355210 0.03687085 0.04646120 0.04034234 0.03664440 0.04036675 0.04744735 0.04242657 0.05191057 0.03213994 0.03386152 0.03348662 0.04052427 0.03400443 0.03504687 0.04054444 0.04762140 0.03676633 0.04829506 0.04340969 0.03978126 0.04710384 0.04167397 0.04012049 0.04238749 0.04385271 0.03858389 0.03299880 0.03637589 0.03356109 0.03381611 0.03274874 0.03873037 0.03422304 0.03459777 0.03816424 0.04075956 
0.04250223 0.03249200 0.03128571 0.02801822 0.03728351 0.05253936 0.03071283 0.03683085 0.05947063 0.05364795 0.05314021 0.04171159 0.00000000 0.08605030 0.02326130 0.07533293 0.06000159 0.03596946 0.04496257 0.02967906 0.06146183 0.04132008 0.03995421 0.04044866 0.06222589 0.03648006 0.04674658 0.03435400 0.03993310 0.02497687 0.00116115 0.04111270 0.04559812 0.06156810 0.03651081 0.04516588 0.04136515 0.04698945 0.02053070 0.03112980 0.03335950 0.04479691 0.01339172 0.02687953 0.08132103 0.04943911 0.06134158 0.03281486 0.06618020 0.04370530 0.06584472 0.04867088 0.04762280 0.05222005 0.06349297 0.05203470 0.04345863 0.04893049 0.04931803 0.03642122 0.03174256 0.03912381 0.01781063 0.03371039 0.02793309 0.02774631 0.04313968 0.04493059 0.02388376 0.03816814 0.03525442 0.02914812 0.04786625 0.05351498 0.04352643 0.04919136 0.08430587 0.08910245 0.08117788 0.09626269 0.07167874 0.03521112 0.04673606 0.03173107 0.04497547 0.02275540 0.04116732 0.04420435 0.01111420 0.03945996 0.06635826 0.05377768 0.02941783 0.03630441 0.03858847 0.02470147 0.03441911 0.05210646 0.05159438 0.02805171 0.06314776 0.03336580 0.02549253 0.03322414 0.02608558 0.01158706 0.03209950 0.02824573 0.03600464 0.05119231 0.02580318 0.06109067 0.04513151 0.07358074 0.04303290 0.05732322 0.03989149 0.07291841 0.04458964 0.02655865 0.04386888 0.04613626 0.03066520 0.02099895 0.05276515 0.04394984 0.04270612 0.02164195 0.04537257 0.05045319 0.03589765 0.04387443 0.02195436 0.03753684 0.04254200 0.06910057 0.04417505 0.04140158 0.03986782 0.03683148 0.04718460 0.06558811 0.06581098 0.05587257 0.06410057 0.05938641 0.03010262 0.06032738 0.03941461 0.05370801 0.06001140 0.04664692 0.03958672 0.03419230 0.02939962 0.05526865 0.05702811 0.03284374 0.04971412 0.02422948 0.04028986 0.03214523 0.05161499 0.03775899 0.02668857 0.03731838 0.03270156 0.04090841 0.02372101 0.02961592 0.03565595 0.04384544 0.04313776 0.01752001 0.03874461 0.04619640 0.03616792 0.02345184 0.03824113 0.03600269 0.03665623 0.02924270 0.03601839 0.04885655 
0.06059172 0.03406011 0.03424243 0.03952955 0.03877808 0.05227156 0.04202276 0.04875875 0.04815103 0.08063009 0.04416805 0.04145461 0.08605030 0.00000000 0.04045053 0.04313624 0.05363254 0.04869456 0.06955948 0.05037572 0.05531097 0.08261424 0.06323725 0.04257682 0.04425785 0.05106021 0.04036330 0.02726030 0.03204082 0.03476857 0.05292183 0.03664591 0.03656358 0.03927234 0.04098658 0.02321707 0.04599382 0.03955345 0.02864764 0.04416120 0.03356637 0.03778896 0.04123841 0.03320929 0.03078526 0.03735674 0.06132574 0.06985538 0.04461005 0.03877610 0.04642457 0.05280930 0.04595517 0.02568358 0.04547203 0.02839793 0.04223427 0.02008522 0.04505877 0.03910286 0.03712067 0.04662797 0.03962928 0.06259099 0.03056333 0.04154611 0.02559773 0.04719024 0.06310070 0.04620526 0.02173199 0.04154798 0.06038262 0.04800996 0.04013644 0.05897588 0.03977558 0.04270654 0.04250356 0.06366558 0.11482689 0.02398576 0.06645858 0.02859233 0.03444542 0.04684171 0.01823413 0.04206568 0.06547707 0.02786071 0.05588018 0.05088543 0.04088049 0.02868052 0.02543568 0.03490237 0.05920383 0.04387859 0.01879087 0.03559425 0.04591491 0.03475585 0.02654698 0.03715593 0.02392325 0.04350532 0.05637662 0.06125164 0.03788979 0.03466700 0.02777431 0.03617977 0.07212149 0.09271496 0.07356240 0.07274702 0.04370859 0.08122869 0.04618870 0.02414647 0.04399514 0.02816352 0.02826227 0.03237387 0.03773542 0.03474033 0.02755489 0.03216604 0.05752613 0.04548106 0.03761581 0.04128544 0.03300496 0.05414604 0.03667601 0.04344829 0.05171147 0.04281129 0.07676067 0.05172549 0.05274272 0.07082654 0.05095046 0.05367275 0.04219994 0.05664831 0.04193105 0.01656146 0.03427614 0.05075023 0.05480101 0.03854971 0.03981688 0.03656198 0.03993834 0.07570184 0.02343487 0.02157158 0.02535599 0.03788566 0.04129213 0.03104092 0.03834682 0.02475482 0.06507380 0.04129439 0.03128204 0.02633909 0.03257436 0.03763979 0.02794965 0.01029441 0.02281779 0.01344699 0.01371919 0.03230857 0.00867152 0.02770280 0.01549546 0.02368803 0.01739097 0.02473365 0.02957874 0.03161976 
0.03316907 0.06099221 0.04303327 0.03196482 0.05826883 0.03645634 0.04940989 0.04497917 0.04100807 0.04778292 0.03958788 0.04433607 0.02326130 0.04045053 0.00000000 0.02828465 0.02842074 0.03321250 0.06393116 0.05974182 0.02706291 0.01148915 0.06638278 0.03125983 0.03558192 0.05655523 0.02328262 0.05820262 0.03686591 0.03841217 0.01325838 0.03579894 0.03566539 0.06413894 0.09797221 0.05269193 0.05025764 0.03827741 0.02745573 0.08658195 0.08199379 0.03613013 0.08769163 0.04616962 0.02014472 0.06606740 0.02349796 0.04496666 0.03259338 0.05345818 0.02767643 0.03844294 0.06773479 0.02553667 0.01853461 0.06140037 0.03539852 0.03027698 0.02297837 0.03529185 0.02342162 0.04217932 0.02995625 0.02785084 0.02227283 0.04126271 0.03659857 0.03234399 0.03950348 0.03943116 0.03488635 0.02604864 0.02972917 0.03103910 0.01531595 0.03112663 0.06469368 0.04405634 0.05656455 0.03242366 0.06408476 0.04738616 0.05435176 0.05891629 0.04689442 0.05639655 0.04942209 0.05118066 0.05529376 0.07004598 0.04168400 0.02538175 0.04346497 0.06776780 0.04563385 0.04687255 0.05172134 0.02500179 0.02700371 0.02210339 0.02835585 0.05882148 0.04258429 0.03403446 0.03386588 0.03214477 0.02587778 0.02240059 0.03406437 0.01384208 0.04783816 0.04889538 0.04505830 0.05354531 0.04277144 0.05849028 0.04147447 0.04122441 0.05490459 0.02907070 0.06511605 0.02088673 0.07729448 0.06186701 0.02578497 0.02892451 0.03967281 0.05349006 0.02414566 0.04084591 0.02314154 0.04594681 0.03410349 0.03275133 0.05642881 0.04572614 0.06049500 0.06266800 0.05450426 0.03707752 0.05399340 0.04851162 0.05555959 0.04013623 0.06660841 0.03071902 0.06297663 0.02417432 0.03708995 0.06082123 0.05663825 0.04072639 0.02784849 0.01866374 0.03593214 0.03636994 0.05705025 0.03692901 0.04706132 0.04292049 0.05018150 0.03956035 0.03355282 0.05627273 0.02917020 0.02816202 0.05204097 0.04207404 0.03896862 0.03651709 0.05128134 0.05172295 0.06694206 0.04289639 0.03661855 0.03162291 0.05287110 0.05491498 0.02797135 0.02678155 0.03154623 0.03868670 0.04286593 0.03645166 
0.04062083 0.02662485 0.04616955 0.03494796 0.03674238 0.05592230 0.02238713 0.00724947 0.05760835 0.03708735 0.04270620 0.04878917 0.07533293 0.04313624 0.02828465 0.00000000 0.06027819 0.02859686 0.12111740 0.05396177 0.04437514 0.05081313 0.02712797 0.01406137 0.03494057 0.04146204 0.03393571 0.05042184 0.04585918 0.02918739 0.08191129 0.03048046 0.03641357 0.04564307 0.04785809 0.05618616 0.02424546 0.04998667 0.04077874 0.03532687 0.03990096 0.02575798 0.04968894 0.03834331 0.03991514 0.04344577 0.03993131 0.02490523 0.03211837 0.04163510 0.06419057 0.03118726 0.08115228 0.07243936 0.06705792 0.02568987 0.04497191 0.05541615 0.04008192 0.03744320 0.07110670 0.03569737 0.03943174 0.04109248 0.04593172 0.02694978 0.04294065 0.05137500 0.06160518 0.07964618 0.04128468 0.02575216 0.05179439 0.03440697 0.07404002 0.08678458 0.06011305 0.06675996 0.07094048 0.05280996 0.04406367 0.05149428 0.04928045 0.03157697 0.04673659 0.03066546 0.01958060 0.03942305 0.02839780 0.03191673 0.03201242 0.05306707 0.05620495 0.02855694 0.03345200 0.03054679 0.02473843 0.04642099 0.03690804 0.04287624 0.06996247 0.03531483 0.03453197 0.04686180 0.04013511 0.04577328 0.05038353 0.06761615 0.02295188 0.04021123 0.03497187 0.02424284 0.04658036 0.05074507 0.04002778 0.04179182 0.01919533 0.03046755 0.03481376 0.07145468 0.02035952 0.03898934 0.03362489 0.02106280 0.02738469 0.03619424 0.02415477 0.04525859 0.03950585 0.03140492 0.03937701 0.04521755 0.06180575 0.04964636 0.04354943 0.03710651 0.03603582 0.05800598 0.02952094 0.04335144 0.04808802 0.04373268 0.03048523 0.04639267 0.03066359 0.05175923 0.02950019 0.04935883 0.04602471 0.04511808 0.03640398 0.02853876 0.06128970 0.02965125 0.02284563 0.05969037 0.03464976 0.04220106 0.06469583 0.02358080 0.02676645 0.02558960 0.03176658 0.03804220 0.04152395 0.05097769 0.05111658 0.01980751 0.03167630 0.02399941 0.03078284 0.03045664 0.03414882 0.04465127 0.04094069 0.05617160 0.03248707 0.03957729 0.03398933 0.05447203 0.04990679 0.04378834 0.05743444 0.06018027 
0.02549256 0.04615761 0.04368738 0.04413836 0.04714906 0.05451043 0.04285724 0.05609254 0.06725216 0.03507402 0.03370625 0.04030694 0.06000159 0.05363254 0.02842074 0.06027819 0.00000000 0.04828199 0.04689850 0.03390897 0.06201654 0.02583257 0.06061879 0.06600250 0.06604451 0.04134122 0.06500947 0.03532735 0.04358470 0.03388782 0.03183030 0.06021486 0.03980010 0.03074331 0.04676667 0.03114000 0.04042207 0.04205731 0.05153672 0.03939546 0.03381593 0.03794361 0.03803133 0.04586283 0.02686416 0.03236222 0.02597177 0.03319836 0.04528319 0.05284531 0.03630928 0.06023016 0.06186743 0.05923196 0.04107104 0.03672822 0.04503706 0.05337408 0.03455903 0.05428897 0.03319125 0.04301404 0.05550174 0.03945053 0.04232837 0.02536770 0.03931538 0.04212228 0.08285998 0.03600710 0.04638446 0.03070758 0.06345249 0.04626942 0.06207479 0.03506788 0.06595782 0.03820228 0.06614613 0.05425166 0.02783542 0.04782206 0.06416884 0.06125160 0.03486996 0.05180155 0.03821968 0.04545227 0.04696677 0.04439121 0.04476234 0.03891672 0.06069051 0.03559380 0.02615295 0.04417579 0.03148566 0.04737932 0.03632996 0.03115224 0.03000548 0.05318866 0.03246540 0.03598040 0.03437696 0.02906902 0.03618622 0.02049926 0.03882483 0.03734329 0.05065604 0.02648462 0.03739071 0.03075054 0.04668202 0.05422173 0.05037010 0.05799703 0.04122408 0.05001494 0.04144282 0.07689533 0.04788501 0.02980182 0.06220532 0.06019473 0.05686387 0.03947133 0.04390057 0.02912357 0.03736980 0.05032019 0.04000963 0.06049862 0.06758725 0.05348978 0.03254678 0.04077415 0.05416052 0.06713355 0.03576659 0.03216472 0.04255600 0.05398855 0.03398861 0.04320101 0.02556765 0.03666560 0.04186698 0.03942101 0.04544992 0.03637093 0.01758432 0.03831715 0.03377555 0.04172703 0.04282633 0.04351955 0.03849035 0.03491855 0.02093657 0.04617251 0.04497060 0.03601319 0.04073072 0.04353751 0.03798398 0.03827356 0.03541454 0.02114186 0.03180498 0.04917132 0.03378954 0.02122867 0.03478234 0.02846968 0.04758463 0.04374577 0.03898383 0.01960646 0.05016336 0.03112930 0.04248902 0.03651254 
0.04041492 0.06513847 0.05550470 0.02885652 0.04502248 0.03213523 0.03758501 0.05493871 0.04489948 0.03299613 0.04014593 0.03092842 0.03596946 0.04869456 0.03321250 0.02859686 0.04828199 0.00000000 0.04801684 0.04141897 0.03984647 0.03304370 0.06612704 0.06165037 0.03365841 0.02401004 0.05204403 0.04606843 0.03538503 0.03268794 0.06814860 0.03177866 0.04073313 0.03485745 0.04482992 0.03187097 0.03810831 0.04912993 0.03569991 0.04249274 0.06189871 0.04215172 0.03995877 0.06527040 0.04689437 0.04857114 0.03101742 0.04449300 0.03931054 0.03798553 0.02979682 0.04406069 0.04919011 0.01765831 0.02487753 0.03337095 0.06697653 0.02660290 0.04473133 0.03294018 0.02729365 0.05319175 0.06218423 0.03876370 0.04530637 0.04866063 0.03831624 0.04108105 0.06024637 0.04268362 0.03130534 0.05406996 0.03115279 0.02530917 0.05528315 0.03517209 0.03019184 0.03524509 0.04840251 0.02739433 0.04704444 0.03348463 0.04835973 0.02897350 0.02574834 0.04386028 0.06246981 0.02131110 0.02771542 0.04313018 0.08675046 0.04753975 0.02662034 0.04888093 0.03011376 0.05480314 0.04250263 0.05909388 0.04032951 0.03404131 0.04583074 0.04129071 0.03840630 0.05097603 0.05470845 0.05767893 0.03663883 0.07634884 0.02994342 0.05022654 0.03511894 0.05183647 0.06258032 0.04270592 0.03655598 0.03907714 0.03366499 0.04094318 0.05460818 0.05651044 0.04335364 0.05560016 0.07148872 0.07417380 0.05238328 0.02593924 0.06858210 0.05877013 0.04688496 0.03809007 0.03633419 0.03574745 0.05929377 0.04996705 0.04925306 0.07051695 0.03411783 0.05509387 0.04847167 0.06051906 0.02875811 0.03526936 0.02191425 0.02575697 0.03341657 0.03267737 0.04770399 0.02264376 0.03745262 0.03584301 0.04909026 0.08119317 0.05172297 0.03656877 0.05092750 0.02648169 0.04519141 0.04327432 0.04527422 0.03253348 0.03512751 0.03538665 0.03231991 0.01030002 0.03335873 0.04260968 0.03460151 0.04015121 0.03009586 0.03947883 0.05410251 0.03893501 0.03336290 0.04314938 0.05848023 0.04980127 0.04105855 0.05031332 0.03881046 0.03830169 0.04255610 0.04541149 0.03940044 0.04652021 
0.04202639 0.04426014 0.03217486 0.04153842 0.03685660 0.06718975 0.02177622 0.02268210 0.05026046 0.03190282 0.04603640 0.04329969 0.04496257 0.06955948 0.06393116 0.12111740 0.04689850 0.04801684 0.00000000 0.07072641 0.04663964 0.03938231 0.07020302 0.03467279 0.03178698 0.03027194 0.05956965 0.03521747 0.02273492 0.07931340 0.11281951 0.02458732 0.05303487 0.06122455 0.03295993 0.04298299 0.03140421 0.02367245 0.03358486 0.03970904 0.04114494 0.03686018 0.04071698 0.04216200 0.02516280 0.05459666 0.03366740 0.03737575 0.05739673 0.05424777 0.05373535 0.04538160 0.06290540 0.01847841 0.03887075 0.02853947 0.02851619 0.02763880 0.04856327 0.04181829 0.05026667 0.01723612 0.07533014 0.03394889 0.04071963 0.03066675 0.02644195 0.05801074 0.05024804 0.07298798 0.04421312 0.03516007 0.03728544 0.02674665 0.05606414 0.10036307 0.03963693 0.01974638 0.03319829 0.04952383 0.04909293 0.04870146 0.03071550 0.05739223 0.03490041 0.05637842 0.03262699 0.03780985 0.04726857 0.08223162 0.02388749 0.04678949 0.04120832 0.04503110 0.04636013 0.03008128 0.04724646 0.02382093 0.02450588 0.05743667 0.04773700 0.03875281 0.03296778 0.03571270 0.02929371 0.04250484 0.06915996 0.07671000 0.00960770 0.04084815 0.03573988 0.03401687 0.06836854 0.04949185 0.04548986 0.06028533 0.08502690 0.03620000 0.04522952 0.04144206 0.01992684 0.04479011 0.01437962 0.05550227 0.04097762 0.01915402 0.03315554 0.02677321 0.06204649 0.06241435 0.02469835 0.04343284 0.03489672 0.05511066 0.03209021 0.02032734 0.04452770 0.08634534 0.08205772 0.03825747 0.02540630 0.03023642 0.04642830 0.03354498 0.03443042 0.07237231 0.04870800 0.02425592 0.04210150 0.02924117 0.03183800 0.06436988 0.05740810 0.04313474 0.01914440 0.05012855 0.03392910 0.02708439 0.02540609 0.02824306 0.02357473 0.03074146 0.02259126 0.04786683 0.04100222 0.03072554 0.02226832 0.02269818 0.03939639 0.03260826 0.03521227 0.03671440 0.01849229 0.03458081 0.03893632 0.04807011 0.03609324 0.03223634 0.03633541 0.04307338 0.03241512 0.03968575 0.03856188 0.04992218 
