0.00000000 0.30702494 0.25351222 0.17975365 0.15981304 0.13563866 0.13379189 0.18344492 0.16233754 0.11999294 0.15066857 0.11514163 0.10791283 0.13841994 0.14623593 0.12275791 0.09262523 0.18420080 0.12229053 0.13110065 0.16213126 0.14956809 0.18961464 0.16690411 0.13173413 0.12123237 0.17224661 0.13731733 0.12228703 0.11157717 0.21564505 0.16002707 0.13253105 0.15981169 0.15807448 0.14580643 0.14786700 0.15523300 0.14616186 0.21051095 0.12958836 0.10475599 0.15186860 0.16410500 0.17969733 0.09641212 0.17052773 0.12992343 0.13481408 0.14389105 0.14314054 0.13624385 0.14046547 0.16403945 0.14753068 0.10049346 0.16312620 0.12158670 0.18081680 0.19471751 0.16924679 0.09551345 0.11711514 0.12663971 0.17534589 0.18118232 0.17015622 0.12971068 0.18161411 0.11292490 0.15514920 0.13170412 0.11603757 0.11509698 0.13629329 0.10548295 0.10177850 0.13208675 0.11878304 0.15200752 0.09939984 0.09782459 0.12765578 0.19090201 0.09390642 0.13454677 0.16768464 0.11790914 0.13771815 0.13256879 0.19365437 0.17569597 0.09421166 0.13077965 0.10727624 0.11033014 0.15658309 0.09295264 0.12249505 0.14018085 0.09991747 0.13866446 0.13983401 0.15289824 0.12722584 0.20866573 0.14203365 0.18538342 0.11345350 0.10036948 0.15685433 0.11476754 0.13238102 0.12172614 0.11941564 0.09705232 0.13501823 0.13111767 0.11363006 0.21679189 0.14204376 0.08321410 0.16511581 0.16678217 0.12636522 0.12310922 0.14414111 0.10204707 0.09063012 0.14204569 0.15368307 0.14599566 0.17307220 0.15870554 0.18251024 0.19414635 0.14413818 0.14069462 0.21704904 0.11598200 0.18940262 0.16899435 0.14185088 0.17424202 0.12738010 0.10138306 0.21906388 0.11032423 0.16344141 0.15960707 0.10289916 0.14031175 0.15145714 0.11644363 0.16672385 0.13183186 0.16368545 0.17857858 0.09976267 0.13953818 0.15448986 0.15213640 0.13419926 0.15034623 0.14761531 0.18221617 0.13652002 0.15257406 0.15379819 0.07982306 0.18707018 0.12554038 0.11208386 0.09331206 0.12010019 0.12609566 0.10993173 0.15134957 0.14110074 0.14013465 0.13566995 0.16294556 0.12585039 0.19118394 
0.30702494 0.00000000 0.23967882 0.12470981 0.17482803 0.13351504 0.11087962 0.12303848 0.10609320 0.13315758 0.11595608 0.10519194 0.12588134 0.10630765 0.20450680 0.11457955 0.20836691 0.17809717 0.17261133 0.13716530 0.17063586 0.17040940 0.18169015 0.12435183 0.13979778 0.09363187 0.09711281 0.11132398 0.15518026 0.14094495 0.19825364 0.14472771 0.16547089 0.11610919 0.17944576 0.19112093 0.15667555 0.21225240 0.17534097 0.20740300 0.22689192 0.21577395 0.08723548 0.18866077 0.10581183 0.18952990 0.09758138 0.16036809 0.16599948 0.15907320 0.19370565 0.20343547 0.13778242 0.16262769 0.20720165 0.15287783 0.14232034 0.07785384 0.22568573 0.17877898 0.15527765 0.15511564 0.17799870 0.14984645 0.16878847 0.12586700 0.17899264 0.13231554 0.13302663 0.18574521 0.12014603 0.22604930 0.16250450 0.13870479 0.13463932 0.12778940 0.14072468 0.08856924 0.10691230 0.18659663 0.09104270 0.08119630 0.13909939 0.11785486 0.13085900 0.12975823 0.13826179 0.16410040 0.19358189 0.16183713 0.15600384 0.17094362 0.18106094 0.17969179 0.12415752 0.10184990 0.18723475 0.15041233 0.13839580 0.13480634 0.17601005 0.23165131 0.19344489 0.24865147 0.20654578 0.13559395 0.09779464 0.18388296 0.11491180 0.13345638 0.12986477 0.10824390 0.10351549 0.09776047 0.09818359 0.17519264 0.10720947 0.11643554 0.13692986 0.15609991 0.18643993 0.14290687 0.17146034 0.10633215 0.10646861 0.15365684 0.10929041 0.10324776 0.07384143 0.14464092 0.20149238 0.13005863 0.10580776 0.10446269 0.10478514 0.20552011 0.12054044 0.14110380 0.08191517 0.09536338 0.18369152 0.15094963 0.16319167 0.11105706 0.15204548 0.12476278 0.15495294 0.03910075 0.21997283 0.10949240 0.20149455 0.14459970 0.15464601 0.15799549 0.15536207 0.13840843 0.14094148 0.16373782 0.16003784 0.12213473 0.17723836 0.09892014 0.10782608 0.14228545 0.11692675 0.09197312 0.08424606 0.11294692 0.14290497 0.09371974 0.14361532 0.12668065 0.10668724 0.10541128 0.13872418 0.13470742 0.11993388 0.09161359 0.12860279 0.08300764 0.12162324 0.13373314 0.09896249 0.13634962 
0.25351222 0.23967882 0.00000000 0.19892258 0.39406912 0.20904710 0.17344292 0.15012197 0.26652990 0.13394023 0.13531436 0.13437060 0.12668319 0.10330080 0.16175310 0.12693481 0.08855571 0.14320735 0.12290381 0.11707871 0.13939733 0.20270389 0.14072845 0.20486315 0.09895901 0.12633523 0.09541455 0.11381578 0.08334170 0.18281903 0.12428346 0.14003404 0.10249530 0.14137095 0.17721853 0.09667556 0.20805812 0.13235428 0.18736461 0.13066605 0.28312866 0.14139659 0.18364196 0.20832876 0.11948281 0.15918181 0.20142887 0.09802543 0.02290678 0.17746682 0.10327922 0.10716036 0.21246060 0.15698855 0.15211323 0.15570013 0.11245601 0.17494974 0.09238643 0.18042133 0.19114701 0.17557703 0.15912438 0.12045801 0.12835164 0.18499402 0.12287103 0.14011117 0.17511854 0.14739187 0.13496426 0.14419967 0.12068557 0.18243943 0.08412603 0.20388848 0.17548503 0.17981379 0.16069076 0.16626705 0.10658749 0.12737315 0.10020817 0.11276596 0.12318213 0.09773466 0.13887668 0.16277652 0.12652019 0.17095509 0.19163592 0.12956277 0.13998392 0.18711574 0.14136758 0.07362670 0.14451879 0.14496904 0.13024506 0.11275099 0.16293639 0.10287245 0.14628146 0.17600823 0.20652896 0.36378755 0.20358980 0.29540994 0.08806547 0.24410961 0.12128038 0.15387864 0.10762513 0.16130256 0.07345633 0.13931155 0.09827325 0.14603292 0.11984877 0.17674112 0.09496963 0.13832174 0.09429048 0.09016665 0.12803557 0.11434673 0.14313289 0.18063213 0.14593369 0.11660864 0.21915732 0.08855255 0.16814063 0.15992775 0.16552581 0.14052044 0.13727427 0.18381416 0.06135035 0.12847292 0.09727054 0.18795835 0.24472370 0.16965420 0.12966852 0.16977297 0.13001179 0.12287506 0.20403195 0.19707618 0.17229753 0.05312760 0.11101560 0.12982959 0.12481925 0.11345607 0.14964803 0.21920484 0.16667618 0.08787214 0.10988537 0.11032988 0.11999700 0.19468414 0.16311847 0.09875634 0.12635265 0.05290701 0.12707518 0.10672805 0.10737928 0.04160799 0.16335587 0.10354744 0.11732559 0.13148770 0.12451738 0.12188158 0.10873838 0.17202294 0.08491388 0.11679761 0.11491637 0.11229503 
0.17975365 0.12470981 0.19892258 0.00000000 0.37254726 0.25930333 0.15166485 0.11174327 0.10497731 0.18896153 0.11204785 0.17458594 0.09405263 0.09618154 0.10930406 0.04107165 0.05209971 0.13212292 0.18296787 0.17966717 0.16359887 0.13492716 0.00198353 0.15853717 0.12350616 0.24631373 0.10596201 0.06717857 0.11124225 0.19034367 0.14097169 0.14058355 0.16114868 0.16895089 0.15202519 0.10759811 0.17415939 0.14112088 0.09090931 0.18242938 0.20068249 0.66489531 0.16248493 0.23501698 0.09130837 0.10794182 0.15276215 0.09433184 0.13293880 0.12279755 0.11351706 0.13338011 0.10512837 0.12811914 0.15058860 0.18254307 0.08634039 0.42138474 0.15465308 0.08570880 0.11469652 0.10036120 0.20012406 0.11368342 0.07614482 0.09026408 0.15439726 0.08530841 0.05993665 0.13333122 0.11970128 0.14735684 0.10733696 0.17525301 0.12439143 0.13689299 0.07782885 0.08925435 0.08322345 0.13009968 0.12885008 0.15640171 0.13041587 0.15762776 0.19395579 0.15421738 0.16023236 0.10936650 0.12256496 0.13435180 0.12244288 0.13130127 0.15031338 0.18614910 0.16332787 0.15402632 0.20082842 0.11935053 0.08713942 0.17897462 0.15255687 0.36243478 0.13991091 0.16168641 0.36680297 0.23111804 0.65035481 0.18088203 0.14136094 0.19070247 0.12152411 0.17025845 0.14334346 0.09268544 0.13479270 0.12287761 0.16229231 0.14904330 0.16039969 0.11541293 0.17110344 0.07329445 0.15207263 0.16609080 0.20885645 0.08425933 0.10029997 0.20483178 0.07256986 0.12894973 0.15253104 0.17119947 0.16268978 0.13897900 0.11783316 0.21287474 0.06950335 0.16671864 0.18667134 0.17741793 0.08260698 0.14426977 0.05829730 0.14657771 0.14953892 0.17057997 0.10791757 0.13405559 0.15968248 0.09493172 0.09549021 0.14843580 0.23144098 0.08822544 0.14524408 0.08613927 0.15348134 0.13595099 0.09888960 0.14025414 0.10712705 0.09459922 0.11832726 0.18882783 0.13044807 0.11802313 0.13141183 0.06062796 0.09789598 0.14978441 0.10994048 0.09209231 0.17991513 0.12826431 0.10456542 0.12426110 0.06647221 0.07001279 0.03842529 0.08501505 0.09622185 0.17663896 0.11117986 0.09338804 
0.15981304 0.17482803 0.39406912 0.37254726 0.00000000 0.09778816 0.22566233 0.12388065 0.18607165 0.20019106 0.19012609 0.12746202 0.10041833 0.13622145 0.18786124 0.11277979 0.07728631 0.08172252 0.10815892 0.19667968 0.12246278 0.13999414 0.17322603 0.12014343 0.14953578 0.18873281 0.15981359 0.13024753 0.08399219 0.26290730 0.10750789 0.14944710 0.16742811 0.18985452 0.21060993 0.12558772 0.21561852 0.13976963 0.19582784 0.11840626 0.16463597 0.18746956 0.37590120 0.12375063 0.10620116 0.13269002 0.17306930 0.15155558 0.12799162 0.07157203 0.14721976 0.15340166 0.12592878 0.17696530 0.13839752 0.16327027 0.10137449 0.14788169 0.21398609 0.13233217 0.15271284 0.17063261 0.11714761 0.17265526 0.08229731 0.17632440 0.11615255 0.09046363 0.16611189 0.13861836 0.09340130 0.04294368 0.09534500 0.17391115 0.08950732 0.09896023 0.14904375 0.18105749 0.14915450 0.12103992 0.09816660 0.07004720 0.13043665 0.18159313 0.11871482 0.13206776 0.11506862 0.12121261 0.11106760 0.23886389 0.07608507 0.12683046 0.22124649 0.12348852 0.08044935 0.03561323 0.16203250 0.15459763 0.11278407 0.14129450 0.13548900 0.15999710 0.06072347 0.12405071 0.19932354 0.22421252 0.18227295 0.34259687 0.15029782 0.22929569 0.11407058 0.11350258 0.12780573 0.12009459 0.12901080 0.13601615 0.12064773 0.09888420 0.10532947 0.06764344 0.17054287 0.11639053 0.09302851 0.11781404 0.09084099 0.16933741 0.13175035 0.11128433 0.10238731 0.06361665 0.13909518 0.10214456 0.06335447 0.21701939 0.17142822 0.12925330 0.18585179 0.21303989 0.13567641 0.20957471 0.10070725 0.09077367 0.09254916 0.16544633 0.10154498 0.12178779 0.10552460 0.17256350 0.18670830 0.09668944 0.17750507 0.15674293 0.13999767 0.06720349 0.15712009 0.13130557 0.15028418 0.07484356 0.06421910 0.17052677 0.10663402 0.13728620 0.12340923 0.12118327 0.25081341 0.11408231 0.11821652 0.17798558 0.21195861 0.18376560 0.17074099 0.25810488 0.19715019 0.12252202 0.12970331 0.11474454 0.15230221 0.10168584 0.13102791 0.20810738 0.16049791 0.17588308 0.15648324 0.11155359 
0.13563866 0.13351504 0.20904710 0.25930333 0.09778816 0.00000000 0.30502216 0.28071280 0.15746924 0.16480678 0.17722247 0.14742885 0.10761207 0.14006134 0.10388716 0.13627956 0.08675257 0.10098924 0.14406288 0.14505625 0.16191983 0.12618334 0.14986672 0.15402196 0.13437446 0.10693898 0.12180503 0.13058466 0.10680609 0.13808963 0.13979179 0.12648708 0.16542892 0.08688711 0.13149081 0.11646523 0.14919455 0.23080545 0.12477118 0.11644619 0.12462085 0.20858172 0.17035273 0.76327144 0.12831041 0.44019335 0.08477493 0.20776439 0.12551696 0.14990918 0.09690816 0.15813144 0.14371409 0.26019742 0.15531661 0.13607258 0.24371025 0.44718967 0.19694692 0.13471806 0.17773977 0.08922059 0.08995511 0.11923374 0.11633534 0.05308031 0.09427177 0.07659125 0.08386634 0.09727424 0.08122450 0.02254363 0.03825924 0.13388647 0.11407265 0.14875953 0.12664416 0.13213692 0.10443148 0.17821711 0.19468235 0.11919302 0.06493893 0.16695186 0.09891774 0.24833534 0.22849971 0.08726052 0.08073735 0.51864331 0.16994031 0.13211026 0.38719879 0.33335416 0.14067086 0.19766064 0.12548952 0.14073911 0.19033782 0.11693793 0.16785922 0.21688125 0.06313421 0.12908647 0.13738097 0.10024754 0.26584019 0.13782782 0.26269772 0.09851394 0.12346492 0.11352433 0.14362735 0.11854296 0.10285519 0.11861974 0.10483848 0.15836301 0.10076638 0.20336278 0.15058457 0.07923096 0.09518220 0.13652506 0.13429119 0.14452141 0.10362651 0.14934194 0.15506747 0.12360531 0.08229494 0.13656678 0.15360360 0.08087742 0.20896390 0.18704294 0.14058532 0.13603152 0.18721823 0.20145213 0.15557608 0.11680124 0.07264675 0.10563502 0.11382981 0.14571443 0.08435658 0.09594558 0.14760997 0.06976316 0.07052335 0.21930254 0.11555161 0.14211624 0.15662079 0.08610741 0.12320339 0.20366509 0.08561937 0.08996946 0.12077481 0.12489605 0.12304500 0.10263065 0.13657367 0.11124636 0.07179480 0.07007799 0.08893676 0.13566643 0.08275004 0.12789994 0.16555973 0.08563053 0.08295403 0.13771364 0.16218495 0.12309231 0.10226956 0.10264894 0.10979113 0.15216247 0.07403096 0.08421127 
0.13379189 0.11087962 0.17344292 0.15166485 0.22566233 0.30502216 0.00000000 0.35319939 0.32213319 0.26850794 0.18115157 0.24239276 0.18253974 0.14985218 0.11102791 0.09983914 0.17388848 0.06415489 0.08083078 0.23835290 0.09631454 0.11390512 0.27767319 0.12603215 0.19156755 0.26183926 0.62984938 0.13046173 0.18064641 0.33290031 0.24928864 0.13089832 0.21739401 0.12985520 0.13697076 0.14527620 0.10300659 0.12525036 0.14367590 0.09018542 0.12085980 0.18647161 0.36549529 0.16162758 0.24820169 0.14100701 0.09775894 0.13223474 0.13515716 0.17024529 0.10590003 0.09307746 0.10232522 0.11509784 0.16706430 0.21039981 0.05991053 0.13375099 0.12276417 0.09402165 0.20829535 0.07599466 0.11456838 0.06998206 0.09279619 0.18437726 0.18211547 0.04001128 0.04143353 0.15696121 0.17838443 0.07766570 0.07233144 0.13795733 0.14153013 0.14173227 0.11362036 0.10136502 0.17851386 0.11502916 0.15561818 0.22480747 0.17224675 0.08454530 0.05716107 0.20374350 0.13235101 0.06873954 0.09948128 0.08142523 0.19116525 0.06073429 0.17414628 0.17541327 0.09767264 0.07255446 0.11240490 0.20376572 0.12708345 0.13729682 0.11384317 0.11269214 0.11436484 0.13610338 0.14158827 0.14456644 0.07766035 0.17122955 0.07265206 0.46208593 0.01990185 0.25862733 0.11619460 0.07103477 0.15932900 0.18759017 0.16714369 0.02168363 0.11699542 0.17934899 0.11532147 0.04414169 0.10918555 0.10230414 0.14611030 0.12210797 0.05825866 0.12817350 0.07698758 0.14847686 0.11916844 0.16262781 0.10734844 0.16904390 0.11557751 0.13457892 0.13614022 0.17678547 0.24264748 0.17107281 0.13183484 0.10600304 0.12341452 0.13352851 0.14365283 0.10713296 0.08186764 0.13760498 0.13415380 0.07366290 0.04633302 0.06985650 0.14315212 0.15957827 0.09474028 0.15510961 0.13882142 0.17221270 0.23346992 0.11927039 0.11802678 0.18073723 0.13585321 0.09227739 0.14664381 0.09079214 0.13531544 0.08508244 0.08787433 0.15929162 0.08972954 0.12615789 0.22934270 0.14652606 0.09939454 0.12351818 0.13358343 0.16373797 0.13942821 0.15866130 0.16583636 0.14793342 0.09301713 0.15571397 
0.18344492 0.12303848 0.15012197 0.11174327 0.12388065 0.28071280 0.35319939 0.00000000 0.17165521 0.24943250 0.24767788 0.18566124 0.17918929 0.15267388 0.17776764 0.17769627 0.13664704 0.20656793 0.19126759 0.19655803 0.20047007 0.11575173 0.20293541 0.11981243 0.16651144 0.14320649 0.09824289 0.07094453 0.16203338 0.13836258 0.10101669 0.15617452 0.07179680 0.13000661 0.03668225 0.09812312 0.16942430 0.10117169 0.07096178 0.11153010 0.06500861 0.17155402 0.08434469 0.21057769 0.13794295 0.37881101 0.19103047 0.24852154 0.16218265 0.10538740 0.11829036 0.13597404 0.11922887 0.14366051 0.05009039 0.07346427 0.09298733 0.09915519 0.13418835 0.05150537 0.14144891 0.11016526 0.19565940 0.09087823 0.13019060 0.09937932 0.09647816 0.13446770 0.10018571 0.09000439 0.14386299 0.11629523 0.16303376 0.06937126 0.13589318 0.19121283 0.09091759 0.11472628 0.10791783 0.14550722 0.14302392 0.10614810 0.27415224 0.05718565 0.10037896 0.40106693 0.16006160 0.16046582 0.19189501 0.64882127 0.07820318 0.14431520 0.23559181 0.15619612 0.08477322 0.11188215 0.13241937 0.16074449 0.15349428 0.09838587 0.13656818 0.17034658 0.18119945 0.09481679 0.17026144 0.15476571 0.16575807 0.13676276 0.59995322 0.14976042 0.21890672 0.13606047 0.15618961 0.16348429 0.13665402 0.19689588 0.19005437 0.09375149 0.18429194 0.20225170 0.09687166 0.15561891 0.05508108 0.22235154 0.13692078 0.09007520 0.13520076 0.17250990 0.11467369 0.13674485 0.10626337 0.07473700 0.17316888 0.15482752 0.23012485 0.07342130 0.15232046 0.07979950 0.13451019 0.14266539 0.17202668 0.07390997 0.08438486 0.11830340 0.10298931 0.04900834 0.07542390 0.20629009 0.02986602 0.19613497 0.08034872 0.15988365 0.12969712 0.06597797 0.06695373 0.17040942 0.15013287 0.11772552 0.14125383 0.11210954 0.12461581 0.15937184 0.13746355 0.10086299 0.19805327 0.14003310 0.10354748 0.14371666 0.11091833 0.08605243 0.09518008 0.10010247 0.11435662 0.07642076 0.13016309 0.14567437 0.10177217 0.11128367 0.15838507 0.10271740 0.13303173 0.17433221 0.14481643 0.12693906 
0.16233754 0.10609320 0.26652990 0.10497731 0.18607165 0.15746924 0.32213319 0.17165521 0.00000000 0.27485335 0.23277649 0.17645863 0.10028052 0.17864206 0.17399743 0.08464477 0.10872374 0.14207850 0.05303299 0.20346253 0.15534621 0.21044422 0.48082705 0.15645881 0.19015619 0.19283692 0.64159148 0.10207225 0.13870651 0.14469298 0.07006255 0.10543922 0.07808189 0.17298113 0.15332579 0.13341968 0.15246619 0.18741656 0.12613385 0.09086323 0.21969528 0.16227756 0.13373751 0.13726594 0.28458655 0.08965756 0.29570652 0.07718423 0.12878134 0.08253958 0.09401352 0.10886684 0.21094881 0.14857473 0.13398732 0.16568911 0.13781043 0.16025912 0.15188818 0.12351788 0.11442841 0.07792471 0.18174451 0.13912447 0.09268453 0.08028184 0.15712027 0.08412733 0.14615622 0.17324273 0.15881290 0.17203142 0.15307445 0.40340106 0.11901441 0.08706784 0.15968654 0.14121095 0.16546466 0.08608758 0.14489607 0.15372541 0.14964246 0.12655635 0.06964559 0.10473883 0.16597353 0.06215258 0.14998155 0.16615986 0.07582872 0.14442968 0.14290977 0.15753952 0.12619933 0.17847226 0.18232994 0.10248352 0.09700458 0.13198067 0.15141923 0.13004185 0.09213439 0.05265601 0.09175832 0.13037064 0.16369532 0.27306919 0.06023793 0.11131906 0.12806229 0.19560612 0.12651363 0.09221542 0.10240338 0.19253224 0.18297342 0.16687679 0.10959912 0.06913640 0.15766720 0.14866731 0.07706553 0.07920950 0.11176091 0.08308111 0.05251427 0.22004504 0.08303305 0.10304560 0.11522959 0.11266400 0.15212772 0.13517010 0.14138626 0.14567186 0.15315767 0.19657239 0.15469242 0.13434433 0.18396313 0.10157469 0.15064930 0.15861385 0.10516290 0.16126034 0.07861103 0.10002444 0.21195671 0.07056101 0.16011331 0.15442783 0.10617541 0.03740178 0.08499645 0.12683726 0.13731211 0.16005649 0.19054026 0.04516410 0.10872749 0.14571798 0.18115460 0.07053127 0.10427576 0.11756994 0.14371286 0.11980612 0.10649217 0.15233440 0.14590667 0.15988452 0.15132923 0.17468666 0.12429079 0.13156238 0.16423187 0.22170508 0.12358535 0.14766748 0.17050775 0.14650337 0.13877409 0.11118781 
0.11999294 0.13315758 0.13394023 0.18896153 0.20019106 0.16480678 0.26850794 0.24943250 0.27485335 0.00000000 0.15762516 0.67534928 0.26101320 0.59111184 0.32467450 0.11913072 0.13691239 0.13205760 0.13139341 0.16830640 0.11938320 0.12503380 0.18982832 0.11784280 0.12248144 0.12971778 0.19235636 0.11924425 0.08278368 0.10882609 0.11141889 0.10818060 0.09164888 0.15092053 0.11353249 0.13649929 0.13674609 0.11183114 0.10324087 0.11405265 0.09223329 0.14293658 0.12352029 0.09363671 0.17466212 0.11764747 0.14878480 0.20976185 0.14557701 0.17216793 0.12173649 0.11821740 0.14245942 0.11895416 0.14342012 0.12562415 0.12523341 0.08879326 0.11165251 0.13870937 0.12692739 0.12397383 0.11889200 0.13782687 0.09431657 0.15700549 0.12770907 0.12775854 0.10826050 0.14703356 0.13211636 0.11885836 0.10246723 0.16700387 0.13457990 0.13646190 0.13612740 0.12456886 0.14990877 0.11649902 0.38639896 0.09278732 0.16993453 0.08228246 0.11487906 0.14946578 0.15885516 0.12377568 0.10625434 0.17925060 0.08906817 0.10883123 0.09641143 0.13222398 0.09627198 0.13974909 0.15414820 0.12500685 0.09631224 0.12986127 0.14267013 0.11374473 0.11314282 0.12269282 0.10610812 0.17419383 0.12836475 0.10541193 0.09760723 0.18810997 0.15451755 0.15970699 0.20514176 0.34711363 0.36774567 0.16327279 0.13257716 0.19269753 0.08526635 0.09220477 0.11634042 0.10153643 0.15447630 0.11097745 0.12853516 0.12970010 0.14681898 0.09123297 0.09341163 0.08924973 0.12157358 0.11406130 0.12602812 0.12292576 0.14740592 0.10658737 0.13214887 0.14772902 0.17006981 0.12967905 0.12836371 0.10908937 0.09088679 0.12767892 0.15656632 0.11660386 0.15264396 0.12703297 0.10906902 0.10398750 0.08866714 0.13947594 0.17993280 0.11517975 0.08813685 0.11120997 0.14114237 0.14081896 0.11407924 0.12447854 0.10011480 0.14042257 0.11251716 0.13704539 0.12353296 0.14562384 0.11515094 0.12327289 0.13840190 0.13779400 0.13996473 0.11406339 0.19865302 0.12755383 0.12850627 0.11788625 0.12631505 0.12972161 0.11872715 0.15037353 0.11360456 0.12382896 0.14152908 0.16452261 
0.15066857 0.11595608 0.13531436 0.11204785 0.19012609 0.17722247 0.18115157 0.24767788 0.23277649 0.15762516 0.00000000 0.16178612 0.15937329 0.13312194 0.28349775 0.24523970 0.10487612 0.17965598 0.16565497 0.52989022 0.14388896 0.14759336 0.25891054 0.23079180 0.11344118 0.21813970 0.22247285 0.14773763 0.11302591 0.19138740 0.11910841 0.11806165 0.11948532 0.15675957 0.13360163 0.15736241 0.14073045 0.12528599 0.10281267 0.09797944 0.15734773 0.11838697 0.09166850 0.09319742 0.17706193 0.11696106 0.79693963 0.18334889 0.54521565 0.18701682 0.18792752 0.15129396 0.24539950 0.08619797 0.27118673 0.16730431 0.15043212 0.13995593 0.16383835 0.10707252 0.15455528 0.13131522 0.06028318 0.11450197 0.14853020 0.09903207 0.09587999 0.06157300 0.10176633 0.16972781 0.10941364 0.09745924 0.18548544 0.36030418 0.18275669 0.24499025 0.39337562 0.12404190 0.21766177 0.22559743 0.07522186 0.15673436 0.10894451 0.19524211 0.12001206 0.11444312 0.12456956 0.10618247 0.15251356 0.11553891 0.10166858 0.08493561 0.12682323 0.11370131 0.13040604 0.13702218 0.09926932 0.08184862 0.08312295 0.17431482 0.11818490 0.09139866 0.11042715 0.17265959 0.10431958 0.06974814 0.11165945 0.15846798 0.13846910 0.13584242 0.14785705 0.17440379 0.11939853 0.10351081 0.06875482 0.16066058 0.18565680 0.08277892 0.13154069 0.07830956 0.15944129 0.11418467 0.11066427 0.13639273 0.11847588 0.10104258 0.10539338 0.11402720 0.08222088 0.05247662 0.16674873 0.13667607 0.15752295 0.20167411 0.16261988 0.15332939 0.13986844 0.19798195 0.15863122 0.17350046 0.16371580 0.09117159 0.15051373 0.19078035 0.14438694 0.16164538 0.08481181 0.19046436 0.11369862 0.15240474 0.11432598 0.16370693 0.11353124 0.08100217 0.15793514 0.12191978 0.06209908 0.08332834 0.11800412 0.07316831 0.14215085 0.09230967 0.15632896 0.05054995 0.12573296 0.07178722 0.08950094 0.11908442 0.11018679 0.07480649 0.11888831 0.11211182 0.12353202 0.09371843 0.09433897 0.12171280 0.09285865 0.07741517 0.11934268 0.07861434 0.09327587 0.07280370 0.16392704 0.11909405 
0.11514163 0.10519194 0.13437060 0.17458594 0.12746202 0.14742885 0.24239276 0.18566124 0.17645863 0.67534928 0.16178612 0.00000000 0.16362619 0.52956243 0.34689516 0.13723189 0.17317860 0.15124944 0.11339800 0.16725246 0.14270954 0.11304988 0.15773128 0.10726427 0.12928189 0.21655490 0.08200411 0.13820269 0.09882389 0.17145968 0.12915195 0.15874319 0.11794071 0.19629678 0.14449124 0.11206598 0.13206699 0.10207110 0.14720536 0.10232758 0.16406732 0.12028661 0.14153993 0.13693636 0.18104784 0.10563098 0.12428494 0.20944879 0.20418872 0.14550310 0.19785754 0.10681562 0.11878139 0.11308788 0.10376945 0.17672871 0.12983259 0.09617313 0.08932302 0.11251864 0.09996924 0.10891897 0.17475775 0.16666282 0.13597610 0.12449424 0.11417315 0.10587991 0.13068317 0.15118004 0.12916049 0.11227246 0.13609236 0.13736021 0.12809723 0.10354623 0.13881185 0.10413812 0.14334753 0.11824564 0.34855618 0.16586619 0.16914986 0.16427592 0.10931045 0.18917691 0.12669475 0.12307607 0.12926185 0.13678170 0.11494799 0.13023968 0.09114981 0.13412012 0.11976760 0.12161701 0.15402828 0.15234822 0.13573672 0.10296985 0.13756636 0.07708953 0.11766274 0.12548936 0.15200356 0.13891730 0.12426982 0.11146494 0.15495133 0.15415862 0.13371340 0.18858602 0.23928588 0.17428464 0.31202423 0.19502204 0.14210992 0.13188167 0.10491225 0.16541667 0.11657295 0.10310540 0.09948445 0.15765880 0.12436009 0.12383686 0.07223626 0.14433994 0.09166825 0.12570340 0.09937028 0.13267289 0.14159828 0.10994323 0.12119998 0.11545305 0.10694692 0.08052360 0.18913417 0.13306768 0.09387082 0.15673524 0.15376971 0.11004442 0.20445329 0.10982180 0.09452420 0.12512122 0.13302354 0.09971751 0.15243904 0.19341967 0.12148454 0.11985575 0.15402348 0.15980975 0.10557329 0.13207612 0.08485246 0.08364174 0.13722189 0.11278889 0.12274722 0.11440761 0.11358813 0.14435556 0.15549011 0.13174394 0.13745100 0.12020428 0.15722438 0.16248875 0.12202040 0.11808392 0.11552857 0.10808449 0.13003625 0.14777952 0.13858814 0.14201786 0.12171641 0.12262638 0.12721484 0.15495018 
0.10791283 0.12588134 0.12668319 0.09405263 0.10041833 0.10761207 0.18253974 0.17918929 0.10028052 0.26101320 0.15937329 0.16362619 0.00000000 0.46197845 0.27519992 0.28715650 0.20672372 0.12009153 0.13114673 0.26529085 0.12779671 0.13010732 0.17611139 0.13055041 0.15468120 0.13531669 0.13248188 0.14969861 0.11694283 0.14382520 0.09667217 0.12195774 0.16496431 0.14423861 0.16031140 0.17217041 0.13004261 0.16628111 0.19632912 0.21141470 0.13790506 0.08863162 0.14408752 0.17476809 0.12160032 0.17980870 0.16206762 0.08569858 0.17890277 0.21122976 0.19778790 0.15410990 0.11419277 0.05325896 0.13013291 0.11416751 0.15148901 0.09453244 0.07612601 0.12623248 0.11932350 0.11121290 0.09001809 0.12175543 0.17538078 0.15613355 0.16797913 0.14222002 0.17594690 0.11505745 0.09640551 0.12301666 0.15764643 0.14356903 0.19623884 0.27791280 0.31308874 0.19646477 0.52831572 0.17303463 0.30499153 0.12464941 0.17018620 0.12138612 0.21691454 0.05762263 0.10334790 0.06253347 0.12182906 0.09809108 0.14982381 0.17667269 0.12728653 0.16271040 0.10531901 0.12149751 0.16994136 0.10615317 0.13024040 0.10553090 0.13429946 0.04934067 0.11610708 0.14526095 0.11864228 0.10245955 0.10470501 0.06585077 0.14077374 0.13360971 0.18858010 0.15919673 0.15576917 0.41250987 0.14208577 0.21878737 0.08855334 0.25099723 0.09351260 0.15296995 0.09521461 0.06737727 0.13477033 0.08421624 0.18724089 0.10574961 0.11553281 0.07603240 0.05749405 0.12384186 0.07253540 0.07679600 0.09375945 0.10150347 0.19650283 0.04493843 0.06432200 0.15592602 0.14308295 0.11754166 0.13147710 0.16010134 0.21896565 0.16850203 0.12152458 0.15604219 0.10378129 0.16336306 0.13972810 0.13185045 0.16278239 0.19463498 0.10095400 0.15001945 0.12715582 0.12517218 0.12421423 0.18523694 0.12701517 0.11737411 0.10935862 0.09888492 0.14508954 0.12429307 0.07155279 0.13461967 0.16598506 0.12397452 0.07531230 0.15503557 0.14832167 0.15555371 0.14644221 0.11691606 0.18263316 0.12727395 0.16723909 0.16134592 0.14829867 0.12802163 0.16468722 0.12739450 0.11514893 0.15743457 
0.13841994 0.10630765 0.10330080 0.09618154 0.13622145 0.14006134 0.14985218 0.15267388 0.17864206 0.59111184 0.13312194 0.52956243 0.46197845 0.00000000 0.46072109 0.12905051 0.17162749 0.12495715 0.18696287 0.13716235 0.20879375 0.11786062 0.13084765 0.10019333 0.15286253 0.20885930 0.20425654 0.09164225 0.12038336 0.15380935 0.14070815 0.12722402 0.10847864 0.12229667 0.10433203 0.10552760 0.18161983 0.14429175 0.12664635 0.13981243 0.13186611 0.10687391 0.14715126 0.10332922 0.12527820 0.12967631 0.08207921 0.33107929 0.13885305 0.12914913 0.11019065 0.11371446 0.08648689 0.10395629 0.11897150 0.07561278 0.19881788 0.09395007 0.13606653 0.13536374 0.12817472 0.14895362 0.18994459 0.08730893 0.10339775 0.13491778 0.11538164 0.13401635 0.14674479 0.13164236 0.10129821 0.16269289 0.12455516 0.19793022 0.08963473 0.13264658 0.09798633 0.09045535 0.19850204 0.19407760 0.60635891 0.09518253 0.16075329 0.11525568 0.12170525 0.11048250 0.14173110 0.10270373 0.12888339 0.13938796 0.11472020 0.10207869 0.09568761 0.15733286 0.07832042 0.09659429 0.16755366 0.11434036 0.11374203 0.12004220 0.13321912 0.07526010 0.16484308 0.14290046 0.14724205 0.11114587 0.13615324 0.13308553 0.11478742 0.14918663 0.14084081 0.14755251 0.25606761 0.73026845 0.36740456 0.14159271 0.11705051 0.19032357 0.13878236 0.14322342 0.10661424 0.07184550 0.10442271 0.09177728 0.07944042 0.11758702 0.14954798 0.10236827 0.11450215 0.16182558 0.10853034 0.07101076 0.09735358 0.13624841 0.15320066 0.11449779 0.13690945 0.11495225 0.19770729 0.17645144 0.11918518 0.12644662 0.12446211 0.13587314 0.11939429 0.09903155 0.12893522 0.06944521 0.12887896 0.13616240 0.07206240 0.12582092 0.11804000 0.11493092 0.07861020 0.11335386 0.08214179 0.13488875 0.10057651 0.13456258 0.09092716 0.11375064 0.12670112 0.12388181 0.12351304 0.14732918 0.10794272 0.13546491 0.08601484 0.08024902 0.12276750 0.09136096 0.13221386 0.12485875 0.10336265 0.14162068 0.12237963 0.12053336 0.14003519 0.13913875 0.10171324 0.10123384 0.11005126 0.15992286 
0.14623593 0.20450680 0.16175310 0.10930406 0.18786124 0.10388716 0.11102791 0.17776764 0.17399743 0.32467450 0.28349775 0.34689516 0.27519992 0.46072109 0.00000000 0.19114471 0.25435593 0.08945804 0.40982600 0.39634096 0.11059688 0.15033553 0.42923522 0.14225204 0.10892087 0.23974597 0.12341542 0.11336048 0.12058381 0.09281037 0.13794144 0.07985548 0.09247394 0.15721346 0.18396122 0.25117671 0.16435934 0.07491080 0.08157216 0.18130094 0.16795888 0.10289031 0.14266657 0.11339174 0.14642133 0.13852580 0.09383258 0.16637600 0.10097883 0.21095747 0.19226043 0.11215911 0.07155523 0.11942649 0.13737249 0.08014558 0.23600943 0.04667640 0.11217113 0.16452165 0.15995163 0.11476111 0.05475754 0.15192826 0.15363967 0.08615947 0.11778666 0.09232986 0.08212466 0.23926943 0.14565235 0.09417880 0.07069317 0.11738221 0.15757787 0.26985582 0.23113937 0.14798886 0.19744123 0.10540923 0.30268759 0.14074013 0.06943651 0.11134038 0.09875417 0.12708027 0.08623429 0.12737749 0.10694657 0.19319895 0.13285158 0.12523441 0.12472089 0.10156136 0.13888323 0.18331979 0.13870594 0.12745569 0.15539631 0.11935584 0.09645678 0.09070112 0.06546663 0.10721190 0.07864814 0.15816976 0.10159967 0.04831329 0.09168993 0.13314421 0.16319387 0.12997971 0.16067281 0.26951330 0.12014708 0.19989427 0.06417642 0.14253229 0.11222448 0.14833929 0.11711372 0.03062169 0.09084494 0.08543719 0.09939697 0.12482455 0.06367159 0.04270182 0.17387669 0.10086879 0.11935887 0.10398140 0.13447318 0.15296848 0.11145907 0.13069022 0.22063823 0.13419282 0.15218518 0.20266609 0.21085681 0.11846913 0.19322118 0.06501586 0.12022525 0.13107573 0.05643576 0.19144051 0.14008335 0.14481263 0.16255463 0.12934034 0.16888279 0.14267793 0.07001505 0.16949408 0.15510515 0.24908625 0.10808697 0.14345922 0.13086937 0.09830790 0.12292133 0.13448341 0.14547299 0.13637335 0.20971882 0.10044239 0.07998917 0.11485711 0.14116896 0.10803570 0.16409735 0.13334826 0.13752575 0.09170471 0.18857935 0.11723025 0.12679858 0.09677212 0.13052507 0.09723859 0.12888305 0.13705476 
0.12275791 0.11457955 0.12693481 0.04107165 0.11277979 0.13627956 0.09983914 0.17769627 0.08464477 0.11913072 0.24523970 0.13723189 0.28715650 0.12905051 0.19114471 0.00000000 0.30077025 0.38255260 0.42851781 0.16685697 0.21752483 0.18543489 0.10672905 0.17951108 0.17650558 0.11103621 0.17529607 0.17218384 0.19383942 0.15652905 0.18450148 0.15800346 0.08333064 0.14714438 0.19275032 0.21860779 0.19160078 0.14261397 0.22628239 0.11003188 0.13273920 0.16892222 0.13601066 0.05460327 0.08446060 0.08955027 0.13491896 0.14862529 0.18314050 0.22361958 0.17618537 0.19800191 0.17835591 0.11395827 0.18390063 0.10101302 0.11540356 0.17042205 0.15762503 0.23221469 0.08161318 0.10361938 0.08270323 0.21813273 0.19339341 0.19551296 0.11781578 0.12398800 0.17631836 0.21997055 0.08334855 0.23646559 0.19204089 0.14437983 0.20068125 0.39575058 0.14369871 0.27494223 0.19276321 0.17111146 0.14143932 0.13105873 0.08265077 0.10494247 0.18463397 0.09389923 0.10770247 0.13131270 0.20462021 0.14653308 0.13308847 0.14759470 0.15684124 0.09919895 0.10538452 0.12506903 0.14731218 0.12984600 0.16639822 0.12667732 0.13659039 0.12679156 0.11367106 0.10468010 0.12453312 0.09728681 0.07959901 0.07954404 0.15079819 0.15047466 0.15632821 0.10840594 0.07863488 0.12210412 0.14198091 0.27719196 0.08656636 0.19528843 0.18759054 0.12353918 0.10946722 0.10660757 0.14113243 0.15668269 0.10577356 0.13803773 0.12855906 0.12073304 0.10903351 0.08292855 0.15105898 0.09697569 0.09238267 0.15510831 0.09916868 0.06466882 0.17006357 0.17586861 0.12089699 0.12914985 0.06764457 0.13070137 0.11950555 0.05760132 0.14854982 0.12320970 0.19795633 0.13930386 0.08784487 0.15036747 0.12563637 0.11246371 0.10736026 0.12938017 0.10631863 0.13831275 0.11259952 0.09859336 0.18113410 0.13856319 0.16378138 0.11568390 0.12108832 0.13063730 0.14176130 0.09506311 0.15820575 0.19501578 0.18351363 0.15488349 0.10699293 0.13178683 0.11590778 0.13145855 0.15438990 0.13625451 0.14782601 0.16988131 0.09683149 0.12408271 0.13971729 0.15969269 0.12414347 0.13007935 
0.09262523 0.20836691 0.08855571 0.05209971 0.07728631 0.08675257 0.17388848 0.13664704 0.10872374 0.13691239 0.10487612 0.17317860 0.20672372 0.17162749 0.25435593 0.30077025 0.00000000 0.28322644 0.67837485 0.24062588 0.28760238 0.22384641 0.17843254 0.16430391 0.17043895 0.17534720 0.17909062 0.14497206 0.14498878 0.12838022 0.19803040 0.16989668 0.18991424 0.13721621 0.12484238 0.13781456 0.15034896 0.17618071 0.10917749 0.13051237 0.14436424 0.09608912 0.13948715 0.24524135 0.16713195 0.11304095 0.16375605 0.11667111 0.21516481 0.14088629 0.20799252 0.17320075 0.12141202 0.13947771 0.19360480 0.09632192 0.08519613 0.10625228 0.10716701 0.15140844 0.08110992 0.17631458 0.24567079 0.06301199 0.16528395 0.17373535 0.06940379 0.12515426 0.16621242 0.08983664 0.14859803 0.16938887 0.18163514 0.14999299 0.14355894 0.16847498 0.24985607 0.16686904 0.18316133 0.18333211 0.10255238 0.13779191 0.06882483 0.11364803 0.14164130 0.13424413 0.17243030 0.11993984 0.08699660 0.14532843 0.12045014 0.15459223 0.15258961 0.10265978 0.06119111 0.17037109 0.12113743 0.16254800 0.13086227 0.13071046 0.09661229 0.05765251 0.17259752 0.17291796 0.19153255 0.11852912 0.12184383 0.07933225 0.12196160 0.22854645 0.12026780 0.16477422 0.09383173 0.15823772 0.13404350 0.13675518 0.17587041 0.15007754 0.10571359 0.15792313 0.10200175 0.13281801 0.15030826 0.16654536 0.11397409 0.10555896 0.11413398 0.19382221 0.11535223 0.10647485 0.13550184 0.14388127 0.02857924 0.13527739 0.13019217 0.09319710 0.10059024 0.04934377 0.18246352 0.18979737 0.24644710 0.17902678 0.16515328 0.18469384 0.12508150 0.14309283 0.16930218 0.11417063 0.16964890 0.17011560 0.17786256 0.14878390 0.18111768 0.13303215 0.10019273 0.14794867 0.11204693 0.12994245 0.12928735 0.12260521 0.12141484 0.08656237 0.11799836 0.17207994 0.15197296 0.17026147 0.13456937 0.21863987 0.08535566 0.15076102 0.10107408 0.11391336 0.10805910 0.10194093 0.12857877 0.10322956 0.12432980 0.17896883 0.11468193 0.10244124 0.13840171 0.08129890 0.11733857 0.12861675 
0.18420080 0.17809717 0.14320735 0.13212292 0.08172252 0.10098924 0.06415489 0.20656793 0.14207850 0.13205760 0.17965598 0.15124944 0.12009153 0.12495715 0.08945804 0.38255260 0.28322644 0.00000000 0.24436920 0.20405207 0.24448784 0.21183070 0.14988624 0.16817053 0.22855174 0.10459517 0.10493571 0.09569004 0.22395562 0.10648574 0.12093292 0.16755331 0.19167967 0.09198956 0.15151498 0.18635516 0.20705494 0.14418668 0.15091213 0.15398691 0.11800055 0.10064210 0.11489335 0.04554620 0.07355818 0.17342780 0.09165290 0.03239340 0.12027612 0.13272138 0.14158144 0.14965907 0.16143307 0.09181328 0.14558345 0.15064663 0.11983652 0.15213720 0.18357834 0.18690031 0.12550379 0.26002403 0.16644574 0.09717459 0.18875608 0.19054653 0.07777355 0.14552692 0.24816933 0.15736602 0.08749171 0.19784678 0.13298849 0.17025538 0.19848224 0.17238232 0.15271613 0.21418558 0.17533571 0.17939495 0.07528731 0.10688586 0.20722632 0.17134120 0.13688089 0.09873879 0.09470964 0.11368604 0.17253974 0.17147416 0.10184909 0.11374976 0.20237087 0.12326655 0.13636013 0.14131809 0.15320325 0.18180855 0.20233382 0.13623559 0.15370342 0.23828348 0.13029655 0.21285659 0.13829043 0.18143294 0.11666371 0.15666636 0.15587646 0.11620753 0.04928089 0.11801269 0.10455590 0.11714575 0.10790772 0.13501767 0.10733567 0.19927336 0.13300693 0.10325882 0.10568140 0.19894977 0.17499895 0.16299824 0.18603646 0.20239027 0.25222963 0.12026173 0.09682985 0.16807997 0.19126618 0.20186867 0.10458264 0.21678834 0.06852390 0.13591592 0.05022173 0.13761091 0.14286629 0.10186332 0.11520633 0.18623083 0.14427312 0.13891947 0.16470479 0.18978617 0.25077897 0.11512580 0.14217629 0.12738961 0.13436693 0.09115527 0.11745397 0.20175855 0.14505223 0.14269337 0.09044082 0.13401413 0.11865156 0.18994749 0.11563671 0.09682605 0.14081131 0.12026010 0.08571875 0.03325427 0.09229751 0.18318896 0.19349528 0.12541712 0.13862733 0.15084147 0.12739562 0.11695891 0.15523416 0.13847637 0.13276453 0.17047322 0.13286349 0.15866334 0.12693486 0.09672095 0.13784536 0.16162304 
0.12229053 0.17261133 0.12290381 0.18296787 0.10815892 0.14406288 0.08083078 0.19126759 0.05303299 0.13139341 0.16565497 0.11339800 0.13114673 0.18696287 0.40982600 0.42851781 0.67837485 0.24436920 0.00000000 0.29981681 0.18343968 0.33797921 0.30699091 0.17537124 0.15436995 0.21485895 0.07765482 0.10234949 0.11106459 0.08552409 0.13674817 0.15863187 0.12525653 0.10538456 0.12579176 0.14503312 0.15547525 0.13780840 0.05447085 0.09147145 0.14832327 0.14094393 0.09677997 0.24247111 0.09680864 0.10163048 0.08141382 0.07161304 0.21448633 0.16667574 0.11068595 0.20068312 0.07220841 0.08743033 0.13484004 0.08883155 0.11962547 0.16994260 0.07239008 0.16657709 0.15786394 0.15707448 0.14379316 0.17337401 0.10294050 0.04705924 0.10191801 0.08176276 0.12080863 0.13972083 0.15403070 0.12522333 0.09195915 0.02623593 0.11137905 0.32433959 0.12210991 0.12724212 0.17264644 0.25186359 0.16040641 0.19514068 0.11530966 0.16376954 0.11551493 0.14799139 0.16535249 0.10646708 0.11916033 0.09542031 0.13384142 0.10815657 0.12773408 0.12460618 0.10118911 0.07246273 0.06492318 0.11643934 0.09852673 0.13052896 0.10388999 0.10801381 0.15074707 0.13467236 0.15259104 0.15394032 0.15763037 0.10070773 0.12823195 0.24952222 0.14189411 0.09543694 0.12612797 0.13817318 0.11504601 0.21606696 0.22455116 0.16180521 0.14810113 0.13878329 0.13746377 0.09441883 0.09502369 0.18733274 0.06409080 0.09093046 0.07737061 0.17511665 0.10958591 0.08106707 0.17376346 0.05774129 0.12611492 0.10318733 0.11727822 0.14340961 0.23472811 0.14920721 0.27762912 0.23168386 0.30102639 0.26878333 0.40735213 0.22842177 0.17201095 0.12819663 0.11503814 0.12960935 0.19509487 0.13814951 0.14216875 0.14976037 0.08176993 0.15283861 0.13343648 0.10864970 0.21234817 0.14699558 0.10193915 0.10904529 0.13290772 0.09517706 0.09962193 0.15101359 0.12126724 0.18296124 0.12736269 0.09372600 0.07757764 0.11561394 0.15282113 0.16222402 0.11122080 0.09967747 0.11644703 0.09486775 0.10680592 0.10822891 0.09688720 0.16976230 0.13912732 0.11445770 0.10916637 0.12199396 
