0.00000000 0.24696812 0.24272921 0.23854203 0.23812236 0.22148856 0.23581207 0.22017420 0.21359532 0.21876128 0.22233635 0.23692218 0.21801508 0.21918700 0.21151466 0.22253967 0.21429841 0.23237367 0.21446350 0.24465109 0.22280876 0.22317769 0.22287492 0.24418988 0.21798793 0.22300457 0.21631740 0.23141111 0.23693141 0.22500589 0.23338554 0.21984165 0.21149952 0.21849939 0.22428772 0.22959857 0.21317613 0.21067033 0.21350027 0.21859086 0.21460073 0.22526202 0.21248833 0.22938237 0.21071143 0.21167313 0.21260729 0.21234449 0.21879398 0.21866910 0.21664494 0.21662941 0.22535931 0.22369917 0.23585533 0.22085749 0.22185260 0.20952372 0.21289539 0.23236466 0.22281877 0.22098404 0.21355701 0.22678986 0.23180441 0.20863131 0.22577009 0.21681349 0.21575434 0.21812177 0.22502692 0.23787785 0.21114124 0.22341153 0.21308401 0.21376526 0.22152174 0.21093683 0.22381279 0.21692332 0.23164784 
0.24696812 0.00000000 0.30955403 0.28132823 0.26377287 0.25799457 0.24781270 0.23336974 0.24649852 0.24916830 0.24031832 0.24270015 0.21299329 0.21118660 0.20027247 0.23661099 0.20619676 0.20921136 0.19008708 0.22883191 0.21902321 0.20962342 0.22352854 0.22743161 0.20715598 0.22435732 0.22330339 0.23214319 0.25019086 0.22079151 0.21339254 0.23387683 0.20171701 0.20572016 0.20188241 0.20895270 0.22195437 0.21117437 0.21711099 0.20782979 0.20621707 0.21088192 0.22411919 0.24004541 0.20662770 0.21098665 0.22718590 0.20026567 0.21141062 0.20997932 0.22228621 0.22326942 0.20689678 0.23234667 0.20919791 0.22625559 0.22745845 0.22783050 0.22695699 0.20370730 0.21249612 0.23810919 0.21591879 0.21337800 0.20460921 0.22131739 0.25228505 0.21058344 0.20766351 0.21611865 0.19609171 0.22128077 0.21755315 0.20624953 0.21634534 0.20631402 0.20822622 0.21807649 0.21486178 0.22357244 0.23636840 
0.24272921 0.30955403 0.00000000 0.31181684 0.31850440 0.30457854 0.25735407 0.21023448 0.25919104 0.28869854 0.29394227 0.23595277 0.23468846 0.24261343 0.19262254 0.20200199 0.17074895 0.20454988 0.19735415 0.24120537 0.21042234 0.23204365 0.18634864 0.19074941 0.20181313 0.23079607 0.20664566 0.23284173 0.22634482 0.21390622 0.19514560 0.23700640 0.19005122 0.21956342 0.23661690 0.24717915 0.19851758 0.18930889 0.20800160 0.20241567 0.20251730 0.21399304 0.17882720 0.22714976 0.20595999 0.20697542 0.19883570 0.25726273 0.22912523 0.23424014 0.24234456 0.18437514 0.20678281 0.22119694 0.25238940 0.24838628 0.23795079 0.22360530 0.20483800 0.18292162 0.19892949 0.23637919 0.22851944 0.18541420 0.18710161 0.22311742 0.23302824 0.18470385 0.19096851 0.21665618 0.19375813 0.21302464 0.22182966 0.19700526 0.20683284 0.25420494 0.17177489 0.22427602 0.20360994 0.23785974 0.27323194 
0.23854203 0.28132823 0.31181684 0.00000000 0.68067696 0.44317129 0.34976858 0.27389412 0.29920791 0.30092712 0.28840207 0.25775360 0.14170471 0.33813243 0.16898709 0.20170831 0.12103141 0.12643631 0.19264122 0.15615856 0.25686356 0.19503963 0.27559577 0.20620842 0.15036517 0.23062858 0.18390556 0.25181793 0.21750790 0.24239166 0.30113189 0.27095946 0.16955781 0.23995861 0.13269244 0.22111899 0.14685064 0.18733608 0.20099362 0.17615394 0.15836252 0.14060248 0.18678864 0.21382288 0.24117770 0.16750339 0.20916133 0.23078042 0.16112265 0.23502571 0.19438866 0.17719004 0.22292503 0.14599976 0.24808444 0.24955395 0.26258759 0.13437841 0.19202298 0.19490945 0.16031190 0.13945322 0.17522441 0.24329670 0.24856173 0.22522664 0.28549250 0.20513323 0.24510496 0.24298809 0.17036468 0.13947182 0.11437894 0.26685189 0.26728419 0.31357741 0.21056319 0.26992539 0.14437048 0.25376074 0.28157587 
0.23812236 0.26377287 0.31850440 0.68067696 0.00000000 0.54824891 0.46973399 0.32660335 0.37155165 0.31387019 0.26565720 0.15265913 0.20073172 0.17651480 0.22880250 0.15080833 0.16563791 0.20455225 0.18260621 0.20648666 0.27766213 0.10299865 0.27648911 0.17154516 0.22745827 0.27655835 0.13786344 0.15984437 0.18984419 0.24203856 0.18933529 0.26366705 0.16818487 0.19687230 0.22989575 0.24525164 0.19701175 0.17679756 0.22269545 0.18825959 0.09325604 0.13347431 0.09818856 0.20025923 0.21548443 0.15778164 0.11864059 0.22711562 0.14560487 0.26333204 0.11174682 0.15862466 0.22083771 0.18639843 0.24925383 0.23533311 0.22035659 0.13886066 0.17164651 0.14666171 0.14719588 0.22651358 0.15002492 0.25905968 0.16331537 0.18442503 0.20711408 0.30044378 0.20807561 0.28657835 0.21138894 0.19508315 0.24288148 0.27057256 0.22228716 0.26456740 0.23977976 0.29097716 0.19600605 0.31571042 0.42880475 
0.22148856 0.25799457 0.30457854 0.44317129 0.54824891 0.00000000 0.52913122 0.43465740 0.35261719 0.36901435 0.35027775 0.27856502 0.23627155 0.28366913 0.16125015 0.14153084 0.22866198 0.09609147 0.13388813 0.09748911 0.23430360 0.17651768 0.14573859 0.17260618 0.25512930 0.23955532 0.29768908 0.21920230 0.24114717 0.24315659 0.17393255 0.18428374 0.23211728 0.16880299 0.13866896 0.20078344 0.13227437 0.19775819 0.16187554 0.33123887 0.12853329 0.10908179 0.06454103 0.19536168 0.13111021 0.26139205 0.16510577 0.26401521 0.22858503 0.18291869 0.14703418 0.15763970 0.22322856 0.24328191 0.24370383 0.31375713 0.28793267 0.21564129 0.20836390 0.12675109 0.15141312 0.23432560 0.30732537 0.24815772 0.22191233 0.20773626 0.21263656 0.31763791 0.05727624 0.34586842 0.24442379 0.13665103 0.09152113 0.26753802 0.16339529 0.26570455 0.22312284 0.28785791 0.20384826 0.33552066 0.30784989 
0.23581207 0.24781270 0.25735407 0.34976858 0.46973399 0.52913122 0.00000000 0.43259995 0.33669663 0.46920894 0.36410962 0.25414613 0.27811008 0.19510000 0.21841972 0.18260002 0.09883547 0.28685781 0.17586835 0.07074129 0.18345725 0.13785741 0.25882291 0.17753986 0.17071995 0.14724379 0.23979858 0.20387992 0.13925924 0.22892638 0.14443481 0.25616927 0.10956340 0.24226042 0.08326249 0.23866011 0.16693872 0.18956536 0.15665171 0.21050584 0.15407885 0.31778054 0.18266798 0.10200619 0.14566347 0.30480947 0.17322644 0.13709705 0.25299878 0.32718323 0.16361105 0.22335183 0.38619168 0.27030393 0.28213656 0.18938696 0.19685263 0.18098951 0.24261624 0.14607679 0.26069851 0.11205380 0.22332812 0.16824432 0.31858355 0.20257171 0.28962843 0.27496852 0.13045364 0.37900685 0.26542119 0.21927778 0.12428082 0.24065296 0.24637186 0.14758971 0.21316069 0.21400432 0.18523648 0.38206111 0.31933353 
0.22017420 0.23336974 0.21023448 0.27389412 0.32660335 0.43465740 0.43259995 0.00000000 0.57180365 0.31943158 0.39761315 0.48540503 0.35135662 0.24662234 0.23481754 0.26942512 0.14029908 0.23333545 0.29945081 0.12272537 0.25233162 0.09242707 0.23100870 0.19001954 0.14624646 0.18168119 0.20493129 0.21878807 0.24481257 0.22783672 0.24616757 0.10097574 0.12175906 0.31198708 0.17654464 0.23491122 0.12441146 0.32301118 0.20192679 0.18093440 0.16989800 0.19555808 0.05727933 0.11352723 0.13321472 0.23795680 0.27840309 0.26740543 0.20343500 0.23538892 0.24148270 0.11659789 0.23374273 0.24269850 0.15331651 0.27551576 0.29697324 0.10468992 0.11773788 0.13867061 0.20541092 0.17228334 0.23465655 0.22020206 0.20141118 0.18206747 0.21898542 0.34993680 0.30379413 0.21996440 0.11376657 0.14703971 0.21128348 0.17686026 0.19333975 0.16217032 0.27911222 0.19815227 0.25339153 0.26078229 0.29720843 
0.21359532 0.24649852 0.25919104 0.29920791 0.37155165 0.35261719 0.33669663 0.57180365 0.00000000 0.46002804 0.48574327 0.69321801 0.25574022 0.24064245 0.27599702 0.39263251 0.13816708 0.13934434 0.23109565 0.14103101 0.30020165 0.15790177 0.16263895 0.15621224 0.22684931 0.27312981 0.22310588 0.15917266 0.21295661 0.19278996 0.24205810 0.18927941 0.14233527 0.24182367 0.15618081 0.20004556 0.07360430 0.22459823 0.12522642 0.15234864 0.20159686 0.21658311 0.11700216 0.18857637 0.16285198 0.23577989 0.22414219 0.26922465 0.14442090 0.20705161 0.16580639 0.12753890 0.28730975 0.23406212 0.20572876 0.25314117 0.23997153 0.10635103 0.23624447 0.21874331 0.09122311 0.17249476 0.27265288 0.17517157 0.22477332 0.22686929 0.20046160 0.20185490 0.13613754 0.20207080 0.23391596 0.20448636 0.19528255 0.13890726 0.19193899 0.23491840 0.16762501 0.22265703 0.26674237 0.27121087 0.33299944 
0.21876128 0.24916830 0.28869854 0.30092712 0.31387019 0.36901435 0.46920894 0.31943158 0.46002804 0.00000000 0.53930772 0.27122530 0.29878536 0.36267831 0.20459364 0.23599630 0.08889539 0.17630331 0.19831166 0.15707001 0.20175112 0.24464581 0.11699558 0.22169143 0.22840348 0.20034635 0.23191989 0.13066692 0.21308363 0.25879514 0.17236532 0.22493738 0.21406445 0.29383349 0.14741866 0.18551462 0.28742854 0.22736731 0.17312554 0.31476561 0.18178709 0.21757535 0.17031787 0.17137186 0.16395151 0.21219287 0.18073792 0.25749861 0.16884628 0.29451915 0.23708709 0.17846422 0.31846649 0.30961332 0.19351409 0.15975041 0.20549065 0.21874249 0.13178911 0.18702529 0.18683270 0.15587640 0.23889435 0.20952857 0.23281985 0.27164361 0.27609901 0.13160524 0.26909197 0.24518576 0.18350357 0.15146860 0.14625840 0.20334205 0.10223403 0.19920102 0.20015002 0.24595216 0.15495237 0.30540420 0.36489153 
0.22233635 0.24031832 0.29394227 0.28840207 0.26565720 0.35027775 0.36410962 0.39761315 0.48574327 0.53930772 0.00000000 0.41693103 0.22767417 0.33704260 0.17913027 0.17737212 0.17732289 0.15095854 0.18584207 0.14330143 0.30216739 0.23492232 0.22718642 0.17967725 0.16682195 0.23728973 0.28397528 0.24373631 0.26349972 0.18174387 0.14510585 0.16017013 0.18889671 0.26453805 0.07238239 0.25580337 0.20724897 0.20315166 0.21248112 0.21321575 0.19245636 0.24732584 0.23119903 0.13715639 0.26077485 0.30880797 0.22890402 0.16786875 0.17845332 0.25415920 0.31068544 0.10202766 0.27806710 0.19274963 0.18189697 0.26296343 0.27714549 0.17501052 0.23048665 0.08125898 0.18927135 0.18917755 0.28974353 0.24125918 0.14430321 0.19271196 0.26357976 0.21958622 0.22244008 0.19623037 0.21855736 0.14444557 0.16854093 0.21357182 0.23928138 0.26737951 0.20887806 0.14987464 0.16689684 0.25369579 0.25850336 
0.23692218 0.24270015 0.23595277 0.25775360 0.15265913 0.27856502 0.25414613 0.48540503 0.69321801 0.27122530 0.41693103 0.00000000 0.41990138 0.38289172 0.22509209 0.41412076 0.13685480 0.28699986 0.24344323 0.27060860 0.23674326 0.33085774 0.28528222 0.19286800 0.12328569 0.17209381 0.22506013 0.17778785 0.17023118 0.16635818 0.21256283 0.22876821 0.22256223 0.22200286 0.18254651 0.10688323 0.18178290 0.18108635 0.24388720 0.14488508 0.14296168 0.21633941 0.11460264 0.18271032 0.24851942 0.36729190 0.28129557 0.22115911 0.27349521 0.17847134 0.21236907 0.05562185 0.16160579 0.23473565 0.23435821 0.18768778 0.20137042 0.18329694 0.25301646 0.17098434 0.21769130 0.13142819 0.29105770 0.16531716 0.18730895 0.18007686 0.21560698 0.23262952 0.19745504 0.19485958 0.21846363 0.20180004 0.22208498 0.24984971 0.27565558 0.27507501 0.19743978 0.19212987 0.18616470 0.29095903 0.18978678 
0.21801508 0.21299329 0.23468846 0.14170471 0.20073172 0.23627155 0.27811008 0.35135662 0.25574022 0.29878536 0.22767417 0.41990138 0.00000000 0.29684131 0.19177918 0.42216096 0.38577057 0.23811114 0.24574393 0.23261026 0.29024450 0.25229632 0.30621331 0.25888949 0.27860260 0.13669535 0.35406767 0.07075473 0.16422613 0.22506828 0.30288594 0.30195442 0.26772506 0.23342830 0.03261472 0.08931155 0.16871037 0.24401792 0.11268370 0.19947965 0.21147668 0.24071877 0.25841041 0.20168866 0.24149872 0.14873881 0.26951364 0.18283220 0.20456815 0.10621852 0.31027033 0.19105246 0.28680589 0.26873756 0.16358053 0.20726668 0.23179914 0.22415340 0.13421605 0.17762448 0.13768491 0.12750997 0.15236677 0.29340110 0.10999554 0.25248967 0.26812698 0.18076469 0.31063989 0.22471396 0.09202128 0.21797606 0.69276653 0.37156719 0.22896142 0.24777759 0.25871103 0.28355631 0.29857872 0.20039185 0.19814419 
0.21918700 0.21118660 0.24261343 0.33813243 0.17651480 0.28366913 0.19510000 0.24662234 0.24064245 0.36267831 0.33704260 0.38289172 0.29684131 0.00000000 0.33559096 0.18451784 0.31678748 0.45287460 0.21977140 0.17104853 0.33480587 0.31547914 0.34903850 0.14065747 0.25065274 0.06941946 0.15517519 0.15973477 0.20961787 0.22938418 0.17222456 0.14173681 0.14677443 0.17463672 0.18003032 0.23788560 0.23729701 0.27392189 0.42341570 0.26538119 0.20786588 0.24525041 0.31417996 0.28483028 0.28586452 0.25062443 0.15540567 0.20227990 0.27664183 0.28638541 0.20596552 0.20100644 0.19119980 0.31943052 0.31622108 0.18751221 0.22307541 0.12787751 0.25558623 0.13885938 0.27256639 0.22831389 0.16698985 0.32857281 0.20619193 0.22296445 0.18349987 0.21836046 0.21794448 0.20946672 0.23456718 0.16623968 0.19320649 0.13127572 0.21633300 0.31698981 0.24492736 0.12711666 0.15497807 0.31822200 0.17040844 
0.21151466 0.20027247 0.19262254 0.16898709 0.22880250 0.16125015 0.21841972 0.23481754 0.27599702 0.20459364 0.17913027 0.22509209 0.19177918 0.33559096 0.00000000 0.35502939 0.36466476 0.43717916 0.27650140 0.22957349 0.29052278 0.25372025 0.22727937 0.16203779 0.22263286 0.16471470 0.20127038 0.23861005 0.35546497 0.25645515 0.14406518 0.29341611 0.14582758 0.22541978 0.15207796 0.29598788 0.30541167 0.35603592 0.35473781 0.27052527 0.22598840 0.30177199 0.34778052 0.30637142 0.26121834 0.16405486 0.26760289 0.21777719 0.19865401 0.20538975 0.38412874 0.25508394 0.16090108 0.26453128 0.31617286 0.26764410 0.17352777 0.37772628 0.31392498 0.16464223 0.19405263 0.21716433 0.26685166 0.15332364 0.11058043 0.15407282 0.21572243 0.20313977 0.23073990 0.16348181 0.13796350 0.13819290 0.15482391 0.25720003 0.16872195 0.14922315 0.28014892 0.37892626 0.22548696 0.14076911 0.12852694 
0.22253967 0.23661099 0.20200199 0.20170831 0.15080833 0.14153084 0.18260002 0.26942512 0.39263251 0.23599630 0.17737212 0.41412076 0.42216096 0.18451784 0.35502939 0.00000000 0.22894392 0.22453084 0.25075256 0.44475825 0.21872208 0.17404127 0.18769345 0.28175516 0.33148761 0.22801975 0.21807650 0.34565462 0.17042862 0.10717980 0.20321385 0.17144799 0.12437285 0.42734436 0.16805082 0.15276591 0.35257596 0.17582797 0.20661181 0.30829481 0.11770411 0.17948163 0.29090771 0.14011386 0.25991601 0.15076213 0.21266925 0.14285071 0.18006974 0.18450526 0.18537230 0.20137346 0.18788607 0.19615834 0.28441305 0.15698313 0.17999594 0.20664381 0.18956455 0.15626263 0.10306867 0.29742577 0.16425299 0.21701960 0.21474849 0.15607245 0.08982603 0.15019204 0.43668284 0.13359510 0.14327036 0.25711680 0.49126713 0.14203120 0.37809169 0.45201394 0.31693249 0.24259663 0.18359953 0.46662836 0.28635593 
0.21429841 0.20619676 0.17074895 0.12103141 0.16563791 0.22866198 0.09883547 0.14029908 0.13816708 0.08889539 0.17732289 0.13685480 0.38577057 0.31678748 0.36466476 0.22894392 0.00000000 0.33809879 0.36486315 0.25696138 0.91560057 0.21813577 0.32961548 0.16395265 0.18366547 0.14521472 0.32910324 0.23841650 0.23586582 0.26913930 0.20345129 0.12067680 0.20241926 0.19409325 0.19433219 0.29589838 0.16586019 0.16881428 0.22365167 0.19586711 0.22443481 0.18477729 0.28388351 0.23946623 0.15412314 0.22738614 0.19541899 0.19362594 0.16301288 0.18106699 0.25275861 0.24966021 0.18616947 0.24680220 0.09466030 0.14826733 0.31433211 0.25319254 0.14966072 0.16112980 0.32737641 0.19924072 0.20330624 0.22945560 0.11868155 0.09604055 0.15489458 0.16685394 0.94804730 0.36588476 0.21706551 0.32235679 0.33836788 0.28868212 0.19552825 0.31373250 0.26486148 0.39020347 0.23797887 0.12877878 0.11953402 
0.23237367 0.20921136 0.20454988 0.12643631 0.20455225 0.09609147 0.28685781 0.23333545 0.13934434 0.17630331 0.15095854 0.28699986 0.23811114 0.45287460 0.43717916 0.22453084 0.33809879 0.00000000 0.24644852 0.25603293 0.36500804 0.37689778 0.23273072 0.21845470 0.33649988 0.20150220 0.21652312 0.14300395 0.14480981 0.31712305 0.24223825 0.20395714 0.27097479 0.30440605 0.27051872 0.19314888 0.30656638 0.32363690 0.22413348 0.36293562 0.28724876 0.28854591 0.21041308 0.35321621 0.32189947 0.22632073 0.24411342 0.30326489 0.21954092 0.18943192 0.20603032 0.12064240 0.11280965 0.19096813 0.33528029 0.20416385 0.25381310 0.24220271 0.25027775 0.12079938 0.27342060 0.16204437 0.16696795 0.09162083 0.12218406 0.24374021 0.13005984 0.19897198 0.29256836 0.22549382 0.17384118 0.20410522 0.20302018 0.23201946 0.26052715 0.15176504 0.30384370 0.25312192 0.30261118 0.21196957 0.14266404 
0.21446350 0.19008708 0.19735415 0.19264122 0.18260621 0.13388813 0.17586835 0.29945081 0.23109565 0.19831166 0.18584207 0.24344323 0.24574393 0.21977140 0.27650140 0.25075256 0.36486315 0.24644852 0.00000000 0.54099646 0.20122933 0.55041191 0.36669998 0.20758033 0.23496522 0.25813123 0.24127151 0.14375178 0.25006482 0.14439201 0.15924696 0.21965520 0.08281206 0.19646647 0.20153132 0.15939384 0.24654639 0.17490380 0.50335554 0.15599334 0.23031066 0.21596914 0.44054438 0.27299808 0.30780921 0.21048471 0.19153699 0.16000048 0.20990938 0.27338923 0.31050963 0.28518249 0.20206526 0.22328594 0.22774565 0.19395817 0.20034629 0.30017306 0.24573769 0.14344093 0.21335644 0.15511897 0.13128616 0.32722071 0.18778572 0.17371065 0.27636086 0.15785000 0.32346803 0.16759398 0.19549051 0.33321528 0.34916328 0.19854152 0.41384175 0.37564181 0.14358097 0.07158000 0.15579140 0.13989807 0.13052762 
0.24465109 0.22883191 0.24120537 0.15615856 0.20648666 0.09748911 0.07074129 0.12272537 0.14103101 0.15707001 0.14330143 0.27060860 0.23261026 0.17104853 0.22957349 0.44475825 0.25696138 0.25603293 0.54099646 0.00000000 0.24103247 0.24817332 0.15934427 0.54914597 0.21450672 0.25086938 0.17369161 0.20867287 0.20306482 0.24589413 0.23501010 0.22122107 0.12809835 0.10212110 0.23168972 0.20414300 0.27142083 0.24817685 0.32871064 0.27951640 0.21150534 0.16944759 0.20802374 0.23220180 0.13744082 0.25766390 0.20030830 0.24215881 0.21481389 0.24256704 0.13012062 0.28866948 0.22686659 0.21419401 0.19573076 0.19703883 0.20851502 0.20200472 0.23334396 0.27086020 0.21766736 0.19246299 0.16017890 0.20196316 0.15476580 0.20942046 0.20380627 0.34463431 0.39551172 0.17691866 0.26220034 0.47394780 0.30635101 0.13669394 0.16557836 0.13427850 0.25858525 0.16831326 0.24108566 0.12969362 0.17643983 
0.22280876 0.21902321 0.21042234 0.25686356 0.27766213 0.23430360 0.18345725 0.25233162 0.30020165 0.20175112 0.30216739 0.23674326 0.29024450 0.33480587 0.29052278 0.21872208 0.91560057 0.36500804 0.20122933 0.24103247 0.00000000 0.19452405 0.13223109 0.22699863 0.28896815 0.32468659 0.87956318 0.21961838 0.22189174 0.21465311 0.14162760 0.21016843 0.19737032 0.15714887 0.08342711 0.18631542 0.28058451 0.14143724 0.22486053 0.11300607 0.23512411 0.32214259 0.19302926 0.17007564 0.25270724 0.30148855 0.21299479 0.27092594 0.27475690 0.16262841 0.16958584 0.12983770 0.15378378 0.04259504 0.07779351 0.18530445 0.26899566 0.11007335 0.21428094 0.18572081 0.24157867 0.18923088 0.21517642 0.13630438 0.24901176 0.09127091 0.15845998 0.26010838 0.35321957 0.38561374 0.18444777 0.37445966 0.13346108 0.28954762 0.13718727 0.12939907 0.24238703 0.24388793 0.27294137 0.27111487 0.26015575 
0.22317769 0.20962342 0.23204365 0.19503963 0.10299865 0.17651768 0.13785741 0.09242707 0.15790177 0.24464581 0.23492232 0.33085774 0.25229632 0.31547914 0.25372025 0.17404127 0.21813577 0.37689778 0.55041191 0.24817332 0.19452405 0.00000000 0.35813091 0.11152528 0.34428118 0.21249322 0.26082888 0.13328563 0.12959499 0.12804874 0.25846742 0.09767014 0.26719469 0.24514783 0.23727682 0.34234448 0.20590028 0.22275648 0.25983904 0.15310357 0.36601441 0.45118205 0.50461885 0.23366238 0.26358374 0.26064854 0.23447783 0.32355907 0.23294551 0.22156705 0.29456765 0.29936595 0.28105561 0.26490831 0.18044884 0.18163886 0.14043210 0.36021918 0.34474926 0.14957983 0.21638238 0.18641774 0.24395527 0.06096448 0.16277473 0.29824422 0.17495164 0.09383950 0.19396654 0.25554899 0.14802964 0.15244953 0.25380224 0.27089511 0.30979259 0.42210440 0.40413641 0.19382873 0.24059497 0.19906188 0.08138175 
0.22287492 0.22352854 0.18634864 0.27559577 0.27648911 0.14573859 0.25882291 0.23100870 0.16263895 0.11699558 0.22718642 0.28528222 0.30621331 0.34903850 0.22727937 0.18769345 0.32961548 0.23273072 0.36669998 0.15934427 0.13223109 0.35813091 0.00000000 0.27672508 0.37002251 0.20482544 0.14410592 0.15987497 0.18521318 0.15416911 0.42563194 0.20911298 0.15575122 0.15448348 0.18816443 0.10577837 0.41378395 0.20330999 0.46339888 0.27108827 0.32110151 0.36458659 0.37863320 0.31802976 0.23444883 0.19247928 0.21294342 0.32721381 0.24410661 0.29252548 0.14446434 0.14962789 0.11133454 0.21554266 0.26120521 0.13758044 0.28298807 0.30230675 0.22219182 0.19359255 0.10793562 0.15448968 0.15734103 0.17706783 0.15141850 0.12513530 0.25550499 0.12293513 0.25312923 0.13787030 0.23766064 0.37690576 0.24387771 0.17468954 0.12248973 0.28554030 0.24548529 0.28643883 0.16304996 0.22929830 0.20551169 
0.24418988 0.22743161 0.19074941 0.20620842 0.17154516 0.17260618 0.17753986 0.19001954 0.15621224 0.22169143 0.17967725 0.19286800 0.25888949 0.14065747 0.16203779 0.28175516 0.16395265 0.21845470 0.20758033 0.54914597 0.22699863 0.11152528 0.27672508 0.00000000 0.36899302 0.54081380 0.49533064 0.36275068 0.63476328 0.36249527 0.25264512 0.24907466 0.14294947 0.16233565 0.58567335 0.19528854 0.17761621 0.18783464 0.18131573 0.24042795 0.10472199 0.14922838 0.18567571 0.16118602 0.21065730 0.24710750 0.19080813 0.12929607 0.18556319 0.18010666 0.20742516 0.22178944 0.16192153 0.19950007 0.13051908 0.21706204 0.18418428 0.20122952 0.20249440 0.17575292 0.20812393 0.20044393 0.15361820 0.24753395 0.18517492 0.27235044 0.24410537 0.17253588 0.21101128 0.28815289 0.21883373 0.18908770 0.14766818 0.22741140 0.19123141 0.17907227 0.15710758 0.18140898 0.17308705 0.20233224 0.20071506 
0.21798793 0.20715598 0.20181313 0.15036517 0.22745827 0.25512930 0.17071995 0.14624646 0.22684931 0.22840348 0.16682195 0.12328569 0.27860260 0.25065274 0.22263286 0.33148761 0.18366547 0.33649988 0.23496522 0.21450672 0.28896815 0.34428118 0.37002251 0.36899302 0.00000000 0.32957206 0.34837864 0.38131299 0.23479888 0.24615546 0.26830879 0.14027452 0.21547075 0.23979517 0.44583492 0.20997288 0.21970987 0.54520727 0.28962126 0.14260570 0.34578599 0.39831199 0.19376105 0.38476014 0.19172674 0.20026244 0.18849528 0.11731074 0.31273700 0.25371426 0.14637964 0.13297197 0.13787045 0.22871850 0.10960800 0.23733909 0.22333453 0.33697881 0.04869341 0.17966808 0.18263994 0.24572900 0.36053289 0.18296444 0.28693260 0.20097124 0.15559470 0.11020536 0.21651268 0.06450000 0.08283146 0.19896902 0.29536758 0.28170169 0.33321944 0.28982203 0.27496300 0.19564498 0.20691882 0.17872279 0.27389312 
0.22300457 0.22435732 0.23079607 0.23062858 0.27655835 0.23955532 0.14724379 0.18168119 0.27312981 0.20034635 0.23728973 0.17209381 0.13669535 0.06941946 0.16471470 0.22801975 0.14521472 0.20150220 0.25813123 0.25086938 0.32468659 0.21249322 0.20482544 0.54081380 0.32957206 0.00000000 0.18814194 1.34580462 0.26436231 0.32062745 0.26335789 0.48433838 0.20771782 0.12160541 0.69889501 0.15097806 0.15092288 0.15417649 0.22055418 0.26614355 0.17559295 0.23674227 0.14858022 0.27332126 0.14812611 0.12943665 0.21728541 0.23684186 0.16452761 0.19668228 0.20624897 0.20920517 0.08009207 0.14060402 0.24246233 0.23579833 0.13008240 0.22446206 0.17347745 0.33711051 0.18762613 0.23485146 0.15141220 0.25885543 0.25462733 0.20094541 0.16439009 0.10897983 0.11594636 0.19894554 0.22909368 0.14428653 0.15503162 0.16305167 0.33926367 0.14264642 0.13355312 0.17749461 0.20894500 0.22493241 0.20511740 
0.21631740 0.22330339 0.20664566 0.18390556 0.13786344 0.29768908 0.23979858 0.20493129 0.22310588 0.23191989 0.28397528 0.22506013 0.35406767 0.15517519 0.20127038 0.21807650 0.32910324 0.21652312 0.24127151 0.17369161 0.87956318 0.26082888 0.14410592 0.49533064 0.34837864 0.18814194 0.00000000 0.37485743 0.29445764 0.35830049 0.19908051 0.18003381 0.23403899 0.37030339 0.36636692 0.09240775 0.24632070 0.10670336 0.25297994 0.19378332 0.32173289 0.26855744 0.28877664 0.21046487 0.14480374 0.20528754 0.21230156 0.23077639 0.04925110 0.29716296 0.21168880 0.08301311 0.21143878 0.24724043 0.13266195 0.16004733 0.23047651 0.25438028 0.26868584 0.16753648 0.36254640 0.20044094 0.35575602 0.17117640 0.29536269 0.17843085 0.15236940 0.13758914 0.22451134 0.07563652 0.08180872 0.24733177 0.13083269 0.21868762 0.15680506 0.12301822 0.21643967 0.15705489 0.28106957 0.29454547 0.24503010 
0.23141111 0.23214319 0.23284173 0.25181793 0.15984437 0.21920230 0.20387992 0.21878807 0.15917266 0.13066692 0.24373631 0.17778785 0.07075473 0.15973477 0.23861005 0.34565462 0.23841650 0.14300395 0.14375178 0.20867287 0.21961838 0.13328563 0.15987497 0.36275068 0.38131299 1.34580462 0.37485743 0.00000000 0.35194408 0.75454071 0.24212799 0.46873623 0.20213057 0.27073164 0.93186340 0.22296877 0.20588610 0.20806650 0.17464324 0.16337442 0.09490267 0.12806436 0.12308548 0.12896099 0.19848488 0.05015793 0.10434111 0.21393401 0.14440240 0.13883531 0.18733364 0.14918726 0.17530573 0.16681717 0.29651313 0.08871294 0.13362426 0.27817616 0.00000000 0.17101950 0.17903344 0.21387000 0.21472793 0.23200342 0.20539992 0.61713052 0.14974991 0.24128492 0.23399666 0.18610562 0.32378287 0.19341714 0.05240484 0.24098409 0.19233053 0.13427591 0.27027349 0.15911254 0.11996416 0.14361154 0.19533920 
0.23693141 0.25019086 0.22634482 0.21750790 0.18984419 0.24114717 0.13925924 0.24481257 0.21295661 0.21308363 0.26349972 0.17023118 0.16422613 0.20961787 0.35546497 0.17042862 0.23586582 0.14480981 0.25006482 0.20306482 0.22189174 0.12959499 0.18521318 0.63476328 0.23479888 0.26436231 0.29445764 0.35194408 0.00000000 0.23979760 0.30278065 0.25526809 0.21496661 0.15548289 0.19385143 0.41860670 0.07355907 0.15192732 0.27008547 0.21989966 0.19347728 0.16344674 0.26772131 0.14839254 0.19881906 0.21859428 0.19463562 0.24522558 0.21791544 0.21711495 0.19858227 0.21095580 0.18740648 0.23837358 0.25890820 0.20746609 0.22276144 0.18576516 0.26411530 0.22001323 0.17514140 0.17673727 0.25952479 0.25648429 0.20019059 0.23072831 0.22900227 0.26572931 0.21992005 0.20069916 0.25029339 0.18404048 0.18045881 0.26770108 0.23150592 0.20865658 0.22066569 0.29143909 0.22296527 0.24345621 0.20981770 
0.22500589 0.22079151 0.21390622 0.24239166 0.24203856 0.24315659 0.22892638 0.22783672 0.19278996 0.25879514 0.18174387 0.16635818 0.22506828 0.22938418 0.25645515 0.10717980 0.26913930 0.31712305 0.14439201 0.24589413 0.21465311 0.12804874 0.15416911 0.36249527 0.24615546 0.32062745 0.35830049 0.75454071 0.23979760 0.00000000 0.18025565 0.39890092 0.21749569 0.25418342 0.29270022 0.17592767 0.15403670 0.23937375 0.15311790 0.22152421 0.30170293 0.25208004 0.22598615 0.18417368 0.22414882 0.10904300 0.11948801 0.20204495 0.21784838 0.18513533 0.21247122 0.13773224 0.31159308 0.24433051 0.15620879 0.04443925 0.18210345 0.19857590 0.25161947 0.13718886 0.27766706 0.16787740 0.21437517 0.40148343 0.28087462 1.18575655 0.15311007 0.50647276 0.16173203 0.20561214 0.14963862 0.14268683 0.17568590 0.28621504 0.15583255 0.12179131 0.12491176 0.29086872 0.17759986 0.31514887 0.21223650 
0.23338554 0.21339254 0.19514560 0.30113189 0.18933529 0.17393255 0.14443481 0.24616757 0.24205810 0.17236532 0.14510585 0.21256283 0.30288594 0.17222456 0.14406518 0.20321385 0.20345129 0.24223825 0.15924696 0.23501010 0.14162760 0.25846742 0.42563194 0.25264512 0.26830879 0.26335789 0.19908051 0.24212799 0.30278065 0.18025565 0.00000000 0.22807526 0.31037435 0.21294410 0.30677968 0.55033626 0.22576678 0.33849775 0.49682771 0.19387146 0.20035005 0.15591151 0.21154236 0.19505999 0.19752501 0.11936648 0.17168933 0.13071188 0.17633238 0.11315776 0.32748002 0.21449978 0.18863155 0.18123904 0.25367493 0.33264141 0.25451470 0.16811591 0.32614885 0.25515220 0.29535620 0.13293540 0.26112328 0.20379651 0.26839566 0.28472892 0.21596834 0.23218476 0.19692263 0.20242221 0.19876627 0.28589265 0.13802815 0.13058713 0.20887489 0.14337025 0.18847455 0.18392686 0.29874525 0.18733830 0.19363614 
0.21984165 0.23387683 0.23700640 0.27095946 0.26366705 0.18428374 0.25616927 0.10097574 0.18927941 0.22493738 0.16017013 0.22876821 0.30195442 0.14173681 0.29341611 0.17144799 0.12067680 0.20395714 0.21965520 0.22122107 0.21016843 0.09767014 0.20911298 0.24907466 0.14027452 0.48433838 0.18003381 0.46873623 0.25526809 0.39890092 0.22807526 0.00000000 0.33167187 0.39248403 0.44835409 0.12476461 0.24574850 0.15650011 0.20119507 0.18141641 0.13770381 0.29667320 0.24678799 0.12992043 0.26094661 0.17101547 0.20846704 0.25160475 0.24731483 0.05563064 0.21603559 0.14972675 0.26219153 0.19264144 0.19334413 0.23120878 0.13972771 0.24449276 0.17801500 0.24365562 0.35096843 0.23644735 0.20409881 0.47991981 0.23496760 0.54499878 0.42220830 0.12630663 0.19317245 0.23067690 0.24576943 0.18808699 0.14463427 0.21553627 0.19182820 0.16927309 0.33029897 0.25360369 0.24330128 0.22405861 0.22573797 
0.21149952 0.20171701 0.19005122 0.16955781 0.16818487 0.23211728 0.10956340 0.12175906 0.14233527 0.21406445 0.18889671 0.22256223 0.26772506 0.14677443 0.14582758 0.12437285 0.20241926 0.27097479 0.08281206 0.12809835 0.19737032 0.26719469 0.15575122 0.14294947 0.21547075 0.20771782 0.23403899 0.20213057 0.21496661 0.21749569 0.31037435 0.33167187 0.00000000 0.38033837 0.15259817 0.28959397 0.52523589 0.23187348 0.31905169 0.21357315 0.21721967 0.22798667 0.23855138 0.21899579 0.21237326 0.39835157 0.24642300 0.15198019 0.34302270 0.29151822 0.21531059 0.50655478 0.88560227 0.22783692 0.19000470 0.53861706 0.29627941 0.34663272 0.21009498 0.21647815 0.17739976 0.26950730 0.30251008 0.30349870 0.22839898 0.27644101 0.25422832 0.15715448 0.16071742 0.16530555 0.17864275 0.18141914 0.23777263 0.20161477 0.21252606 0.13860733 0.27113073 0.22600597 0.26535140 0.26507041 0.17446685 
0.21849939 0.20572016 0.21956342 0.23995861 0.19687230 0.16880299 0.24226042 0.31198708 0.24182367 0.29383349 0.26453805 0.22200286 0.23342830 0.17463672 0.22541978 0.42734436 0.19409325 0.30440605 0.19646647 0.10212110 0.15714887 0.24514783 0.15448348 0.16233565 0.23979517 0.12160541 0.37030339 0.27073164 0.15548289 0.25418342 0.21294410 0.39248403 0.38033837 0.00000000 0.16459216 0.21870840 0.33031102 0.45043893 0.27898938 0.15341282 0.32021493 0.20170448 0.15240192 0.14777057 0.22841853 0.31868895 0.24553145 0.17384746 0.32200424 0.30517097 0.24626212 0.12036282 0.38829055 0.24336095 0.08250984 0.19483424 0.40982787 0.30405702 0.35935092 0.23706183 0.17690816 0.17156243 0.27806852 0.18990994 0.25416019 0.26392081 0.11283681 0.25960112 0.21537274 0.20349216 0.26931561 0.04823432 0.23975090 0.11927550 0.20031338 0.15249222 0.23433863 0.34723549 0.18985008 0.40362387 0.22860713 
0.22428772 0.20188241 0.23661690 0.13269244 0.22989575 0.13866896 0.08326249 0.17654464 0.15618081 0.14741866 0.07238239 0.18254651 0.03261472 0.18003032 0.15207796 0.16805082 0.19433219 0.27051872 0.20153132 0.23168972 0.08342711 0.23727682 0.18816443 0.58567335 0.44583492 0.69889501 0.36636692 0.93186340 0.19385143 0.29270022 0.30677968 0.44835409 0.15259817 0.16459216 0.00000000 0.39159625 0.15180186 0.34716809 0.23121355 0.41501558 0.25538993 0.23168875 0.12091942 0.19372391 0.22278543 0.14745426 0.15525726 0.15971650 0.14997198 0.09381438 0.14075189 0.18465784 0.12885326 0.23877298 0.30441164 0.31379819 0.28628880 0.27610660 0.18416909 0.24730730 0.23227223 0.37364193 0.18715911 0.24755355 0.21577008 0.10420317 0.26145771 0.17438496 0.13315231 0.18051178 0.31794420 0.35843423 0.13748024 0.19493211 0.17906926 0.18075774 0.20558597 0.21153453 0.18084829 0.11434227 0.17116903 
0.22959857 0.20895270 0.24717915 0.22111899 0.24525164 0.20078344 0.23866011 0.23491122 0.20004556 0.18551462 0.25580337 0.10688323 0.08931155 0.23788560 0.29598788 0.15276591 0.29589838 0.19314888 0.15939384 0.20414300 0.18631542 0.34234448 0.10577837 0.19528854 0.20997288 0.15097806 0.09240775 0.22296877 0.41860670 0.17592767 0.55033626 0.12476461 0.28959397 0.21870840 0.39159625 0.00000000 0.36100616 0.23622934 0.22424729 0.13026693 0.34736241 0.28580302 0.13252989 0.16615339 0.31489065 0.14570242 0.31797642 0.26276919 0.19683655 0.10930601 0.16834481 0.21082263 0.16618068 0.30039002 0.40289906 0.53516940 0.20402103 0.21010611 0.35543992 0.18243206 0.10189406 0.13842068 0.18411686 0.24692765 0.18531365 0.16055045 0.22053059 0.22008381 0.25881136 0.27713417 0.29478856 0.15830825 0.16015967 0.23983014 0.35093284 0.21354374 0.17868292 0.13051045 0.26009924 0.21765819 0.23041406 
0.21317613 0.22195437 0.19851758 0.14685064 0.19701175 0.13227437 0.16693872 0.12441146 0.07360430 0.28742854 0.20724897 0.18178290 0.16871037 0.23729701 0.30541167 0.35257596 0.16586019 0.30656638 0.24654639 0.27142083 0.28058451 0.20590028 0.41378395 0.17761621 0.21970987 0.15092288 0.24632070 0.20588610 0.07355907 0.15403670 0.22576678 0.24574850 0.52523589 0.33031102 0.15180186 0.36100616 0.00000000 0.30124112 0.37377153 0.18290211 0.41515867 0.20792501 0.17954609 0.27624483 0.29374091 0.32635272 0.36883459 0.26526939 0.69546914 0.22503150 0.24364159 0.59362465 0.35012164 0.25069998 0.23126984 0.31524032 0.21369305 0.23536649 0.09121281 0.15406131 0.16015833 0.15835047 0.13795339 0.13640093 0.19275298 0.15040525 0.17411567 0.16141655 0.17599865 0.28320676 0.19336982 0.15285572 0.23729704 0.17562148 0.20807221 0.20293195 0.30805766 0.14406691 0.22985174 0.18392363 0.20443348 
0.21067033 0.21117437 0.18930889 0.18733608 0.17679756 0.19775819 0.18956536 0.32301118 0.22459823 0.22736731 0.20315166 0.18108635 0.24401792 0.27392189 0.35603592 0.17582797 0.16881428 0.32363690 0.17490380 0.24817685 0.14143724 0.22275648 0.20330999 0.18783464 0.54520727 0.15417649 0.10670336 0.20806650 0.15192732 0.23937375 0.33849775 0.15650011 0.23187348 0.45043893 0.34716809 0.23622934 0.30124112 0.00000000 0.34073016 0.27754656 0.50595121 0.49864716 0.31063472 0.31094537 0.37799913 0.31140722 0.25444429 0.18685709 0.28279232 0.34137872 0.27267510 0.29606345 0.30878362 0.21206143 0.18232831 0.14576430 0.29119674 0.17296393 0.18684444 0.18722870 0.18077379 0.09743355 0.15618706 0.15009482 0.21813298 0.26880875 0.16683790 0.16479473 0.14264731 0.39288949 0.22238842 0.15078940 0.10531060 0.09868692 0.11163888 0.22335920 0.27618396 0.34816125 0.15187752 0.27575236 0.23556794 
0.21350027 0.21711099 0.20800160 0.20099362 0.22269545 0.16187554 0.15665171 0.20192679 0.12522642 0.17312554 0.21248112 0.24388720 0.11268370 0.42341570 0.35473781 0.20661181 0.22365167 0.22413348 0.50335554 0.32871064 0.22486053 0.25983904 0.46339888 0.18131573 0.28962126 0.22055418 0.25297994 0.17464324 0.27008547 0.15311790 0.49682771 0.20119507 0.31905169 0.27898938 0.23121355 0.22424729 0.37377153 0.34073016 0.00000000 0.26412430 0.32436505 0.32120383 0.31120715 0.19551469 0.44236375 0.22711909 0.37080956 0.21643614 0.29824135 0.23536157 0.19697551 0.21544920 0.05149364 0.09269574 0.31364007 0.23118519 0.15025107 0.15333738 0.16557746 0.21696443 0.13141650 0.12900789 0.09434822 0.06830692 0.25068494 0.14135975 0.35974189 0.21303318 0.12078286 0.23079088 0.15778870 0.30139804 0.12213777 0.24283975 0.25045622 0.15765581 0.26660804 0.26422390 0.22377602 0.20276273 0.18926008 
0.21859086 0.20782979 0.20241567 0.17615394 0.18825959 0.33123887 0.21050584 0.18093440 0.15234864 0.31476561 0.21321575 0.14488508 0.19947965 0.26538119 0.27052527 0.30829481 0.19586711 0.36293562 0.15599334 0.27951640 0.11300607 0.15310357 0.27108827 0.24042795 0.14260570 0.26614355 0.19378332 0.16337442 0.21989966 0.22152421 0.19387146 0.18141641 0.21357315 0.15341282 0.41501558 0.13026693 0.18290211 0.27754656 0.26412430 0.00000000 0.30005396 0.35675196 0.36272426 0.26090089 0.28577511 0.24745881 0.28585710 0.16868878 0.21907091 0.19407027 0.32022545 0.45362540 0.29528102 0.09864223 0.20748680 0.21855559 0.14037886 0.26369024 0.33156071 0.20086236 0.13335963 0.14011863 0.11679745 0.14677379 0.26402507 0.14514558 0.21542425 0.24564284 0.33697311 0.30116293 0.21663276 0.19593484 0.18567053 0.18925354 0.24556501 0.46540243 0.16961718 0.23690833 0.38082615 0.17049686 0.26286485 
0.21460073 0.20621707 0.20251730 0.15836252 0.09325604 0.12853329 0.15407885 0.16989800 0.20159686 0.18178709 0.19245636 0.14296168 0.21147668 0.20786588 0.22598840 0.11770411 0.22443481 0.28724876 0.23031066 0.21150534 0.23512411 0.36601441 0.32110151 0.10472199 0.34578599 0.17559295 0.32173289 0.09490267 0.19347728 0.30170293 0.20035005 0.13770381 0.21721967 0.32021493 0.25538993 0.34736241 0.41515867 0.50595121 0.32436505 0.30005396 0.00000000 0.49911180 0.25025568 0.31876081 0.24178480 0.45536870 0.55675634 0.23990630 0.21359095 0.14163513 0.27409389 0.52019498 0.21569694 0.24804841 0.21496975 0.13108591 0.22311528 0.29092751 0.24477537 0.21357438 0.22864521 0.12559890 0.22520201 0.06640311 0.16568948 0.22094625 0.28143634 0.16232626 0.29205099 0.30852479 0.22639494 0.18919067 0.23365925 0.16695033 0.20630565 0.21497938 0.19599630 0.23909882 0.21601593 0.12536982 0.15848762 
0.22526202 0.21088192 0.21399304 0.14060248 0.13347431 0.10908179 0.31778054 0.19555808 0.21658311 0.21757535 0.24732584 0.21633941 0.24071877 0.24525041 0.30177199 0.17948163 0.18477729 0.28854591 0.21596914 0.16944759 0.32214259 0.45118205 0.36458659 0.14922838 0.39831199 0.23674227 0.26855744 0.12806436 0.16344674 0.25208004 0.15591151 0.29667320 0.22798667 0.20170448 0.23168875 0.28580302 0.20792501 0.49864716 0.32120383 0.35675196 0.49911180 0.00000000 0.29589308 0.32837748 0.27260580 0.29112947 0.30713927 0.22901068 0.21513678 0.22948780 0.24490649 0.43661448 0.12886053 0.33572545 0.27112632 0.19206977 0.20705458 0.26826431 0.33046868 0.22028846 0.28068939 0.16119665 0.19429447 0.04162553 0.14484332 0.15464955 0.15495424 0.12309664 0.14169587 0.24575122 0.14262053 0.21920523 0.27555286 0.23683543 0.20585825 0.34472340 0.20836010 0.16522009 0.25566105 0.12094440 0.09714928 
0.21248833 0.22411919 0.17882720 0.18678864 0.09818856 0.06454103 0.18266798 0.05727933 0.11700216 0.17031787 0.23119903 0.11460264 0.25841041 0.31417996 0.34778052 0.29090771 0.28388351 0.21041308 0.44054438 0.20802374 0.19302926 0.50461885 0.37863320 0.18567571 0.19376105 0.14858022 0.28877664 0.12308548 0.26772131 0.22598615 0.21154236 0.24678799 0.23855138 0.15240192 0.12091942 0.13252989 0.17954609 0.31063472 0.31120715 0.36272426 0.25025568 0.29589308 0.00000000 0.51068488 0.36818069 0.24807917 0.34847125 0.24207408 0.20921898 0.26542044 0.32670127 0.29458306 0.27300822 0.34722179 0.18798601 0.30900247 0.25175230 0.13017279 0.18480344 0.19201481 0.25766121 0.21774951 0.11346800 0.19185355 0.15083539 0.33861381 0.28973232 0.27062350 0.22929524 0.28500874 0.16835065 0.33433919 0.13801353 0.21518396 0.29648749 0.27588880 0.19564807 0.12769683 0.22159546 0.14817489 0.08285800 
0.22938237 0.24004541 0.22714976 0.21382288 0.20025923 0.19536168 0.10200619 0.11352723 0.18857637 0.17137186 0.13715639 0.18271032 0.20168866 0.28483028 0.30637142 0.14011386 0.23946623 0.35321621 0.27299808 0.23220180 0.17007564 0.23366238 0.31802976 0.16118602 0.38476014 0.27332126 0.21046487 0.12896099 0.14839254 0.18417368 0.19505999 0.12992043 0.21899579 0.14777057 0.19372391 0.16615339 0.27624483 0.31094537 0.19551469 0.26090089 0.31876081 0.32837748 0.51068488 0.00000000 0.55166149 0.29734329 0.23317203 0.25788518 0.18659917 0.21265919 0.41575479 0.33308459 0.16680547 0.22156116 0.28244437 0.25512862 0.16480419 0.26690769 0.21736241 0.15795061 0.22190900 0.16979712 0.12794078 0.21692338 0.24210904 0.29882653 0.22483758 0.20062682 0.13203954 0.26564707 0.14657024 0.25011278 0.25279114 0.23937354 0.19910075 0.26063913 0.21020478 0.21329507 0.20729297 0.18522983 0.11436029 
