0.00000000 0.52572881 0.42032308 0.39800735 0.36069383 0.38172571 0.37102294 0.34670607 0.31635718 0.25206052 0.26860847 0.23492013 0.27918456 0.31027475 0.31006440 0.22041237 0.29983166 0.35180338 0.34428656 0.36565850 0.33931792 0.43919141 0.40788850 0.41805346 0.35543615 0.25199047 0.29353121 0.32821084 0.32710019 0.34472343 0.41065473 0.33746336 0.35519892 0.36763874 0.33663673 0.27159124 0.33993840 0.30380526 0.37014406 0.27673093 0.25299278 0.38350994 0.26860711 0.26487556 0.28108398 0.34440313 0.37586549 0.36466334 0.21115944 0.32578952 0.30085116 0.29252727 0.35007199 0.34921126 0.30437239 0.33868845 0.28433216 0.32656014 0.39476503 0.34537464 0.33839749 0.30812672 0.30938581 0.38182391 0.36115868 0.34170615 0.30569173 0.32649846 0.26525654 0.28803537 0.23316596 0.26133469 0.38465235 0.36224406 0.29658519 0.30608533 0.34158118 0.35659332 0.28986272 0.32611391 
0.52572881 0.00000000 0.46337266 0.35842085 0.36372514 0.33068033 0.40670171 0.33971627 0.32729709 0.25678003 0.28172811 0.21230110 0.26615574 0.32492375 0.33712881 0.26814394 0.34895581 0.38304478 0.34698353 0.31740774 0.31988899 0.39459573 0.42141024 0.36162620 0.34639461 0.26215734 0.28796166 0.34616761 0.30872695 0.32237633 0.35372128 0.36508725 0.32704625 0.32073590 0.32238926 0.28391245 0.32306435 0.28312727 0.41440912 0.26401547 0.25164952 0.35231095 0.25489644 0.28104417 0.26667074 0.33630607 0.33671025 0.30871583 0.21864328 0.35184202 0.28251959 0.30326160 0.42045937 0.35653601 0.32959539 0.37352037 0.28577232 0.29956782 0.35666368 0.41275476 0.38563304 0.36029979 0.31608289 0.30315446 0.33906638 0.35707101 0.29425032 0.31312843 0.27929254 0.28699880 0.31257075 0.27444509 0.35827251 0.38946963 0.29649762 0.32326721 0.33332289 0.39391226 0.26971587 0.33361737 
0.42032308 0.46337266 0.00000000 0.73745572 0.46534444 0.40492458 0.30268527 0.31240364 0.33801973 0.21163053 0.27802433 0.14979550 0.11198672 0.24944065 0.38382470 0.09850322 0.35668850 0.40513098 0.40790128 0.45903222 0.39074168 0.60653374 0.49613594 0.49033765 0.33844886 0.21544547 0.29978590 0.36226258 0.37858060 0.23801937 0.43334209 0.44421236 0.34239242 0.40011928 0.38514935 0.19510433 0.38666156 0.28919028 0.37272552 0.31690994 0.20476802 0.23819608 0.06372532 0.23265366 0.12722735 0.30382941 0.31585249 0.31309353 0.03687290 0.22513651 0.40684880 0.32148460 0.27408158 0.28895586 0.32905273 0.43806673 0.22841925 0.31107855 0.49399015 0.38884178 0.32054834 0.42286593 0.30102011 0.30200055 0.38159909 0.28356659 0.36115680 0.48920384 0.35090406 0.25844433 0.20142149 0.18406768 0.42481233 0.32783616 0.32884677 0.33136462 0.27304500 0.35981327 0.29903874 0.50885356 
0.39800735 0.35842085 0.73745572 0.00000000 0.96020409 0.57431658 0.32236052 0.38253137 0.38172940 0.19566421 0.32513636 0.26355447 0.05967619 0.17570614 0.30584264 0.18611475 0.32862460 0.42005296 0.42053662 0.46735137 0.27599840 0.44253236 0.49280027 0.41105311 0.20509469 0.23725662 0.33781218 0.32778685 0.32828340 0.31671505 0.35388265 0.39660599 0.38618145 0.37802055 0.35319991 0.32303637 0.31268255 0.26572769 0.31122170 0.26817844 0.21148917 0.38459431 0.13863738 0.18019918 0.19573650 0.29311785 0.33592122 0.38639146 0.13291363 0.31542915 0.27951212 0.24648552 0.45438534 0.36980420 0.35956941 0.38448236 0.19727223 0.39200105 0.37181174 0.36741082 0.29957600 0.27200774 0.18591558 0.21227569 0.32100211 0.35521906 0.41906067 0.42813464 0.33360667 0.21311725 0.24255593 0.31519924 0.25272969 0.31905938 0.40668620 0.19775879 0.31017124 0.56242295 0.35120725 0.58111304 
0.36069383 0.36372514 0.46534444 0.96020409 0.00000000 0.74289281 0.38711038 0.60850628 0.28821613 0.30338353 0.21380919 0.29007550 0.11991000 0.56958516 0.28416867 0.36842964 0.22651843 0.22734613 0.28079878 0.42030093 0.13096253 0.29803874 0.23645119 0.26412137 0.21573895 0.33521101 0.30487623 0.23096158 0.36601687 0.37299083 0.26457218 0.33754011 0.41091986 0.30893032 0.29153119 0.25834795 0.28165787 0.16786115 0.34650475 0.14752958 0.18366493 0.36560148 0.08913118 0.26851196 0.00000000 0.22480899 0.29090642 0.09017444 0.19693662 0.40048551 0.31764251 0.48124281 0.28492282 0.72996030 1.04006116 0.41771693 0.57549620 0.43519645 0.21696685 0.50631555 0.31767371 0.16611877 0.26154247 0.28393526 0.32181702 0.30149918 0.36055299 0.44361577 0.42470587 0.22744155 0.24724126 0.32680232 0.26023051 0.33276301 0.39697515 0.29608870 0.35532546 0.47812658 0.75782451 0.48563644 
0.38172571 0.33068033 0.40492458 0.57431658 0.74289281 0.00000000 0.46703901 1.20441475 0.28015391 0.55972323 0.40773685 0.17533879 0.20366392 0.31113965 0.22763707 0.14689304 0.32626567 0.33900078 0.32273929 0.30031648 0.15455629 0.28120165 0.20490075 0.34411191 0.33766378 0.37266729 0.20913908 0.18184420 0.28415355 0.22500638 0.37302103 0.29573724 0.35841026 0.27745467 0.44993037 0.21114838 0.22210786 0.25485286 0.25287957 0.33981202 0.13931966 0.46986911 0.19838206 0.24811280 0.05555989 0.22804636 0.10137024 0.17816996 0.32161632 0.31489713 0.14360428 0.38488980 0.31274692 0.29388906 0.34686384 0.23117680 0.36631735 0.22352745 0.14716349 0.24252146 0.31585497 0.17472429 0.60391879 0.33309439 0.50020742 0.36045777 0.28619463 0.39544927 0.36212541 0.32659030 0.47384777 0.32904386 0.37215323 0.48004142 1.30435473 0.33194141 0.25590098 1.28064687 0.34414026 0.32634669 
0.37102294 0.40670171 0.30268527 0.32236052 0.38711038 0.46703901 0.00000000 0.41007404 0.36817128 0.37276946 0.34569781 0.28370496 0.32795877 0.32241191 0.30372357 0.31914030 0.14322288 0.21121180 0.31449465 0.28681820 0.24358905 0.41422855 0.34454610 0.35263601 0.26678058 0.39808700 0.28392197 0.25928573 0.34001187 0.33645200 0.22209189 0.15369668 0.36118061 0.33571006 0.28741756 0.39183465 0.25855466 0.29963237 0.49495036 0.17818968 0.34637538 0.35470687 0.49639388 0.30021814 0.24314345 0.42438057 0.16775630 0.23182507 0.48545303 0.33898816 0.42712020 0.22683940 0.44978888 0.63751197 0.41227644 0.30579815 0.46480842 0.28844314 0.38800114 0.21601393 0.14883158 0.25171376 0.22286879 0.47296135 0.23897824 0.41991919 0.34390404 0.24425687 0.32014459 0.25577540 0.35953658 0.44304522 0.24810369 0.27634280 0.41632521 0.23094080 0.49733160 0.40634940 0.76417720 0.30778693 
0.34670607 0.33971627 0.31240364 0.38253137 0.60850628 1.20441475 0.41007404 0.00000000 0.37580630 0.48462217 0.34221508 0.24197889 0.27723046 0.44639660 0.31321511 0.35800820 0.32893995 0.30222860 0.27010016 0.12461467 0.21508428 0.22787093 0.16310487 0.21301124 0.22212250 0.39214788 0.28780646 0.19380633 0.30837931 0.28789475 0.29893104 0.30363516 0.21192973 0.30397628 0.38444252 0.34949256 0.17341760 0.29689518 0.25597006 0.27257942 0.32421688 0.41722870 0.26771508 0.40380728 0.15160660 0.31939534 0.18491516 0.21154016 0.49212115 0.50520355 0.27800450 0.32833792 0.24719327 0.55201345 0.45539973 0.28632568 0.21391012 0.33895134 0.34298113 0.22733451 0.25912807 0.29624025 0.42951984 0.32501625 0.31555161 0.30995864 0.27831826 0.28078042 0.23944014 0.41829749 0.38010824 0.35106722 0.82290138 0.55715471 0.90070966 0.42142033 0.50719737 0.33790924 0.27510322 0.30625619 
0.31635718 0.32729709 0.33801973 0.38172940 0.28821613 0.28015391 0.36817128 0.37580630 0.00000000 0.53707352 0.56104318 0.62242060 0.53062777 0.25354220 0.38407022 0.33526628 0.38797124 0.37191416 0.35451612 0.39077007 0.27803579 0.36249871 0.32231678 0.36065016 0.30410414 0.30437385 0.31558008 0.37800500 0.25628272 0.35314936 0.26239450 0.27161217 0.17364509 0.20946642 0.21287891 0.28027744 0.23139221 0.39818414 0.39700079 0.25499004 0.32501112 0.96995391 0.20231951 0.52894125 0.48182278 0.34279231 0.39004909 0.36343854 0.34437081 0.28214556 0.26782843 0.23440687 0.21855182 0.31871127 0.31124228 0.14806814 0.32093235 0.32537002 0.20438466 0.21252010 0.28302540 0.10802145 0.27387816 0.39535303 0.26484636 0.27088876 0.18798976 0.29627584 0.43128188 0.52945948 0.27554013 0.45744186 0.44344745 0.39286589 0.33450972 0.59550074 0.19529060 0.20898932 0.22530910 0.19212068 
0.25206052 0.25678003 0.21163053 0.19566421 0.30338353 0.55972323 0.37276946 0.48462217 0.53707352 0.00000000 0.57929128 0.53559124 0.32890107 0.41626234 0.23553312 0.30873074 0.44586636 0.24447712 0.15100437 0.16369509 0.27085534 0.08784080 0.14905855 0.29353434 0.22759205 0.31295796 0.22814843 0.28405297 0.32836113 0.30439312 0.24134757 0.32492507 0.21327705 0.39940135 0.29524229 0.29334545 0.29238936 0.35619884 0.46611164 0.33763929 0.28831761 0.74624066 0.34568615 0.46372193 0.23691449 0.33027551 0.17027063 0.11620117 0.59929559 0.31225927 0.59350120 0.41287155 0.46136810 0.33967254 0.27501792 0.38983713 0.33586280 0.25440707 0.29115853 0.25689435 0.30708567 0.30352015 0.49736024 0.26844008 0.31160739 0.35488815 0.28065557 0.38069599 0.42099230 0.30642195 0.54410123 0.34780311 0.40627414 0.46653487 0.31861324 0.36031875 0.23071071 0.26539150 0.39913259 0.35903192 
0.26860847 0.28172811 0.27802433 0.32513636 0.21380919 0.40773685 0.34569781 0.34221508 0.56104318 0.57929128 0.00000000 0.72445812 0.52487545 0.42244560 0.31868843 0.50294779 0.25513541 0.26266466 0.43006503 0.37730019 0.52721826 0.46975110 0.49219745 0.35211650 0.41928788 0.32716532 0.16200627 0.22906767 0.11191869 0.36719556 0.14837588 0.21690625 0.29068369 0.23681662 0.10583796 0.20347416 0.18178380 0.35981032 0.21164976 0.34329121 0.32893523 0.38820737 0.32230201 0.60179430 0.42185498 0.32763863 0.33700735 0.36557195 0.78707444 0.31826042 0.35587246 0.25441197 0.37771880 0.41873881 0.18680887 0.15437586 0.27879768 0.31219215 0.20853836 0.31074299 0.24046073 0.22095342 0.26261082 0.33396294 0.28398866 0.26720437 0.49574382 0.43919050 0.31647699 0.31607749 0.45178482 0.40880835 0.29670319 0.24081986 0.22077598 0.53630469 0.24382855 0.20971768 0.37080313 0.42663369 
0.23492013 0.21230110 0.14979550 0.26355447 0.29007550 0.17533879 0.28370496 0.24197889 0.62242060 0.53559124 0.72445812 0.00000000 0.59075117 0.68142662 0.38684731 0.45010671 0.35435984 0.35919516 0.31390491 0.22124088 0.29716627 0.22006738 0.26339047 0.25137226 0.33203436 0.22930972 0.31208792 0.22669962 0.17870956 0.38394864 0.15073254 0.29158702 0.31879299 0.25708198 0.17002732 0.25222192 0.18988219 0.28798178 0.33228266 0.31490374 0.42103925 0.44841271 0.32791970 0.42192661 0.35819205 0.29251791 0.53240927 0.54117379 0.72032296 0.50052479 0.44838123 0.32553181 0.18394460 0.43413635 0.21979230 0.24180604 0.19918821 0.24019617 0.17353260 0.22579481 0.38607605 0.27154638 0.29067426 0.37805526 0.40258019 0.28521769 0.32407576 0.15199552 0.80418570 0.26795784 0.60197462 0.82723600 0.44565874 0.34728398 0.38302201 0.34531792 0.34566021 0.22851027 0.18016470 0.30213258 
0.27918456 0.26615574 0.11198672 0.05967619 0.11991000 0.20366392 0.32795877 0.27723046 0.53062777 0.32890107 0.52487545 0.59075117 0.00000000 0.51988728 0.54991533 0.41660390 0.22715110 0.23448026 0.32682374 0.38937523 0.42423762 0.35578416 0.32241908 0.31717395 0.26599325 0.40961467 0.29020510 0.25870077 0.20464661 0.21930175 0.39038977 0.23114999 0.28540410 0.22856218 0.25656057 0.44040040 0.20129500 0.28243272 0.17174193 0.28899277 0.41412771 0.80094023 0.48169837 0.44374668 0.36229774 0.29365145 0.50888738 0.38237718 0.64607612 0.45079198 0.45753273 0.28878520 0.35355452 0.24031176 0.26921197 0.24718361 0.29598643 0.28397139 0.42599273 0.26242975 0.15978087 0.42554356 0.24798824 0.52859240 0.33619859 0.14960165 0.18392271 0.24555275 0.44190068 0.36293875 0.23664895 0.42316993 0.35296265 0.29373632 0.32397316 0.36027129 0.25459898 0.29388882 0.35252617 0.32538625 
0.31027475 0.32492375 0.24944065 0.17570614 0.56958516 0.31113965 0.32241191 0.44639660 0.25354220 0.41626234 0.42244560 0.68142662 0.51988728 0.00000000 0.47678900 1.13630867 0.40316306 0.27288662 0.29556930 0.22411732 0.26363983 0.34953681 0.32499589 0.10115144 0.33301071 0.27285586 0.17591251 0.30705829 0.12952103 0.30949715 0.09583188 0.27480506 0.18591536 0.27791755 0.31885870 0.27613726 0.11014711 0.36827466 0.16799097 0.39998298 0.44323387 0.36935149 0.51201409 0.25246119 0.37096020 0.26842890 0.39189246 0.49990720 0.66378966 0.45755556 0.37018204 0.48373414 0.28743611 0.31700026 0.35109851 0.21800178 0.24450493 0.35422861 0.17572807 0.09895005 0.25167976 0.20440901 0.34413323 0.29936245 0.39225307 0.55188499 0.37367601 0.32106287 0.82014849 0.35909209 0.45436187 0.53632480 0.34118844 0.51882178 0.23485205 0.34204210 0.20602002 0.22536889 0.11055241 0.39971502 
0.31006440 0.33712881 0.38382470 0.30584264 0.28416867 0.22763707 0.30372357 0.31321511 0.38407022 0.23553312 0.31868843 0.38684731 0.54991533 0.47678900 0.00000000 0.37866797 0.95842589 0.46133994 0.39046553 0.45335856 0.44109529 0.37761666 0.39168660 0.27514476 0.59359963 0.30078157 0.37075717 0.25405827 0.09806017 0.29725216 0.25091567 0.16717794 0.23320670 0.13439314 0.29823609 0.31889825 0.19833114 0.25905317 0.22574562 1.21243640 0.26822778 0.53562445 0.31659907 0.39859364 0.39033178 0.31943627 0.48323392 0.41467321 0.28366678 0.28044169 0.28672457 0.22504554 0.17026491 0.48801230 0.17655192 0.33348780 0.37988586 0.26262678 0.24818440 0.27846921 0.13298229 0.34691179 0.16924204 0.51045234 0.20590106 0.34883608 0.31451803 0.31832497 0.23241504 0.40820053 0.33109813 0.33297389 0.35217028 0.36367914 0.22936766 0.56389146 0.21340268 0.12183950 0.17649778 0.27100763 
0.22041237 0.26814394 0.09850322 0.18611475 0.36842964 0.14689304 0.31914030 0.35800820 0.33526628 0.30873074 0.50294779 0.45010671 0.41660390 1.13630867 0.37866797 0.00000000 0.73862975 0.28694833 0.32558441 0.17195073 0.46975983 0.22348225 0.08440283 0.30585128 0.33468647 0.46893799 0.28720646 0.19061079 0.35821508 0.28973290 0.20594104 0.30846360 0.18313444 0.28961831 0.30569677 0.28105840 0.19366144 0.38608639 0.34005332 0.43045969 0.74030291 0.44366756 0.74605306 0.44134208 0.34120679 0.31829433 0.32124018 0.66130062 0.60379333 0.35619707 0.45300728 0.31220139 0.35322704 0.32555100 0.29369712 0.24232142 0.17807349 0.20313462 0.30205586 0.16535895 0.27225200 0.37535109 0.24679767 0.30108490 0.18051843 0.50648723 0.38526214 0.33358417 0.56625836 0.38626109 0.34010596 0.48687174 0.33612648 0.20361780 0.24311641 0.25707336 0.16639722 0.35584105 0.35578017 0.20034609 
0.29983166 0.34895581 0.35668850 0.32862460 0.22651843 0.32626567 0.14322288 0.32893995 0.38797124 0.44586636 0.25513541 0.35435984 0.22715110 0.40316306 0.95842589 0.73862975 0.00000000 0.60549573 0.29534464 0.40041380 0.54624463 0.39446313 0.30254884 0.37439590 0.47916082 1.18148087 0.18036693 0.64088668 0.32170606 0.29836346 0.14812392 0.19509165 0.10614909 0.24458048 0.26673672 0.24335812 0.17736762 0.18817327 0.22481315 0.61929789 0.67153595 0.42039748 0.31469389 0.20525872 0.15969802 0.29162989 0.32141372 0.47951346 0.23746177 0.35296524 0.30502279 0.45460708 0.19794809 0.25981323 0.37429893 0.24986659 0.27999190 0.13888878 0.25676916 0.27281744 0.26769161 0.37328104 0.12811658 0.07623843 0.46316220 1.02809032 0.33357966 0.28733876 0.34986306 0.32640762 0.25944215 0.28685903 0.37759279 0.31146415 0.32937328 0.22231051 0.20494483 0.19356580 0.22534372 0.35024224 
0.35180338 0.38304478 0.40513098 0.42005296 0.22734613 0.33900078 0.21121180 0.30222860 0.37191416 0.24447712 0.26266466 0.35919516 0.23448026 0.27288662 0.46133994 0.28694833 0.60549573 0.00000000 0.66615526 0.69541122 0.52436060 0.78089304 0.55205011 0.54987550 0.64761972 0.26492423 0.27801967 0.39842863 0.17869741 0.29148520 0.28904120 0.43215040 0.35290910 0.34433938 0.33535190 0.28402551 0.38100483 0.28871909 0.37104722 0.28196289 0.34369454 0.33667176 0.19571401 0.42294859 0.19191894 0.37972126 0.37477650 0.43422258 0.17605225 0.24059359 0.25743940 0.34389717 0.24728096 0.14355346 0.22486244 0.23715034 0.28512139 0.24222154 0.38021863 0.25217467 0.25726628 0.34166632 0.24577156 0.26584960 0.40212454 0.73879339 0.29802615 0.35317148 0.24863447 0.19157757 0.22956754 0.26756353 0.19950477 0.17855093 0.27644072 0.29564795 0.27387544 0.21364622 0.21269059 0.29845561 
0.34428656 0.34698353 0.40790128 0.42053662 0.28079878 0.32273929 0.31449465 0.27010016 0.35451612 0.15100437 0.43006503 0.31390491 0.32682374 0.29556930 0.39046553 0.32558441 0.29534464 0.66615526 0.00000000 0.60620016 0.70540183 0.58278600 0.75339242 0.51950623 0.32526593 0.37676322 0.34199357 0.27023508 0.23588518 0.34663973 0.36860222 0.31637631 0.43721133 0.36380979 0.34513931 0.32346313 0.41462365 0.21817339 0.32774517 0.34243304 0.35216282 0.28634174 0.34389105 0.42013176 0.42318778 0.52054308 0.35064758 0.32900413 0.24255786 0.22905932 0.38194504 0.28088544 0.30938354 0.14368279 0.24134811 0.33576695 0.24043928 0.24967506 0.29396514 0.30870375 0.20314852 0.22594081 0.23339595 0.20346912 0.33605369 0.25609074 0.31408818 0.23038564 0.30645998 0.23002753 0.39337836 0.14013493 0.29987997 0.22644647 0.26742310 0.47436745 0.31800842 0.14537363 0.27356347 0.24976447 
0.36565850 0.31740774 0.45903222 0.46735137 0.42030093 0.30031648 0.28681820 0.12461467 0.39077007 0.16369509 0.37730019 0.22124088 0.38937523 0.22411732 0.45335856 0.17195073 0.40041380 0.69541122 0.60620016 0.00000000 0.62591725 1.11989828 1.08980118 0.51700525 0.27685253 0.13703131 0.31814872 0.52755525 0.25830707 0.24884889 0.28529793 0.27646199 0.30407414 0.25978574 0.27977865 0.32106421 0.33183142 0.21451336 0.47278990 0.39919612 0.26029225 0.30018415 0.28430994 0.36281731 0.43334158 0.49783130 0.38812560 0.38289041 0.18464275 0.47833444 0.27645904 0.29673298 0.28492597 0.19890243 0.23310800 0.37982976 0.27217371 0.21936449 0.31400764 0.21778088 0.30192025 0.24448261 0.23848646 0.20435345 0.25177018 0.10321296 0.26403930 0.27572709 0.33988855 0.13988374 0.29145251 0.25479450 0.34890052 0.19093332 0.24715691 0.27174560 0.31381898 0.30086368 0.19005556 0.30732210 
0.33931792 0.31988899 0.39074168 0.27599840 0.13096253 0.15455629 0.24358905 0.21508428 0.27803579 0.27085534 0.52721826 0.29716627 0.42423762 0.26363983 0.44109529 0.46975983 0.54624463 0.52436060 0.70540183 0.62591725 0.00000000 0.63594031 0.53831489 0.68406777 0.32495484 0.46269157 0.36769163 0.40431895 0.27753144 0.29126972 0.44184098 0.25092737 0.37241551 0.22056717 0.30113544 0.33554075 0.33890119 0.31975847 0.32264006 0.42774920 0.31856432 0.32057659 0.33056695 0.38968330 0.32769433 0.50766498 0.39066436 0.42953823 0.21991859 0.19789127 0.27657090 0.21474601 0.32325607 0.20066471 0.27035174 0.17737140 0.38359087 0.26929270 0.36235819 0.19586259 0.17954126 0.32950362 0.22445169 0.25378707 0.32268467 0.42039289 0.42646169 0.22802520 0.33134222 0.24486814 0.28184260 0.15374954 0.21489736 0.27090726 0.19019056 0.38884696 0.21975238 0.18313607 0.22288819 0.31457485 
0.43919141 0.39459573 0.60653374 0.44253236 0.29803874 0.28120165 0.41422855 0.22787093 0.36249871 0.08784080 0.46975110 0.22006738 0.35578416 0.34953681 0.37761666 0.22348225 0.39446313 0.78089304 0.58278600 1.11989828 0.63594031 0.00000000 0.88755155 0.58766580 0.34411626 0.13126110 0.30709639 0.35479587 0.26804103 0.29493419 0.35774091 0.33110485 0.23203738 0.32626796 0.24210385 0.37487182 0.32012278 0.26940231 0.39907310 0.21868719 0.36153830 0.25444826 0.26567623 0.31278178 0.33598372 0.42682616 0.35072887 0.36223653 0.20946797 0.24621202 0.30212413 0.29246423 0.19438537 0.22181762 0.25125859 0.30934457 0.26178239 0.30823073 0.31930710 0.24222685 0.34829188 0.23607828 0.24714835 0.26657338 0.25868093 0.26007260 0.26486321 0.19362882 0.27602263 0.28719728 0.21137319 0.17696859 0.19131380 0.25007511 0.34757168 0.31196072 0.31645869 0.23179794 0.29408354 0.30455072 
0.40788850 0.42141024 0.49613594 0.49280027 0.23645119 0.20490075 0.34454610 0.16310487 0.32231678 0.14905855 0.49219745 0.26339047 0.32241908 0.32499589 0.39168660 0.08440283 0.30254884 0.55205011 0.75339242 1.08980118 0.53831489 0.88755155 0.00000000 0.79721326 0.34075461 0.21200513 0.30118172 0.32641722 0.30523278 0.26310196 0.30860783 0.32300717 0.31326597 0.39527249 0.40525192 0.31908308 0.42216188 0.26984583 0.49783403 0.28018045 0.26680214 0.27925840 0.16762835 0.32403158 0.15649790 0.36085010 0.36192226 0.38418228 0.09157250 0.12044078 0.34630593 0.27140567 0.30656157 0.17285298 0.30006302 0.38484563 0.27482906 0.35975673 0.28762553 0.35521299 0.24137788 0.17436759 0.19303624 0.27919039 0.27742907 0.35913445 0.31968630 0.31764857 0.27864270 0.17515761 0.22674052 0.23039527 0.22957281 0.25802708 0.23989431 0.29304885 0.33401710 0.36379095 0.35411262 0.50126297 
0.41805346 0.36162620 0.49033765 0.41105311 0.26412137 0.34411191 0.35263601 0.21301124 0.36065016 0.29353434 0.35211650 0.25137226 0.31717395 0.10115144 0.27514476 0.30585128 0.37439590 0.54987550 0.51950623 0.51700525 0.68406777 0.58766580 0.79721326 0.00000000 0.42969300 0.69426904 0.24931804 0.59364838 0.27955374 0.33616854 0.31120379 0.29500344 0.24851261 0.30398205 0.40834137 0.29838806 0.32638841 0.23033516 0.21903868 0.35937031 0.29182594 0.18428712 0.28695117 0.37607050 0.16821327 0.36797391 0.41270572 0.60649269 0.05800090 0.22334936 0.28028068 0.22311431 0.27919878 0.21498568 0.28593449 0.33450688 0.34299960 0.34369455 0.25790663 0.29079143 0.27522235 0.16306942 0.37869946 0.20938255 0.31766108 1.03993023 0.22037600 0.29162800 0.16430057 0.20074855 0.22296477 0.37313384 0.45583305 0.27339777 0.19779350 0.24491078 0.19502864 0.16846897 0.30504451 0.41038979 
0.35543615 0.34639461 0.33844886 0.20509469 0.21573895 0.33766378 0.26678058 0.22212250 0.30410414 0.22759205 0.41928788 0.33203436 0.26599325 0.33301071 0.59359963 0.33468647 0.47916082 0.64761972 0.32526593 0.27685253 0.32495484 0.34411626 0.34075461 0.42969300 0.00000000 0.47650394 0.38334809 0.46726917 0.37128863 0.32697553 0.33738711 0.33319873 0.29015033 0.30079634 0.35012761 0.30500782 0.18065448 0.33204179 0.24728191 0.65145079 0.41630037 0.36647872 0.22169016 0.26330364 0.40547037 0.34323194 0.31931266 0.28565793 0.20566012 0.13671296 0.27365362 0.33744622 0.33534478 0.10463919 0.23722049 0.23682383 0.25592500 0.20369601 0.57850648 0.18342063 0.21752981 0.93502493 0.24101104 0.58004886 0.44669832 0.66553607 0.34798745 0.33848821 0.28708907 0.37073951 0.33353792 0.30326534 0.23660948 0.27385897 0.25777433 0.32928778 0.57583467 0.29343438 0.22376579 0.32880672 
0.25199047 0.26215734 0.21544547 0.23725662 0.33521101 0.37266729 0.39808700 0.39214788 0.30437385 0.31295796 0.32716532 0.22930972 0.40961467 0.27285586 0.30078157 0.46893799 1.18148087 0.26492423 0.37676322 0.13703131 0.46269157 0.13126110 0.21200513 0.69426904 0.47650394 0.00000000 0.59905792 0.37328201 0.46476016 0.28597573 0.19551297 0.38116910 0.27867771 0.34603216 0.26951316 0.22422177 0.37724681 1.16552636 0.41090287 0.41639080 0.89223325 0.35099377 0.34959383 0.17493295 0.27750201 0.30341243 0.22511655 0.24678669 0.23195865 0.68623228 0.43402036 0.27854426 0.17343041 0.26186396 0.23309954 0.30567036 0.32571885 0.19000828 0.26859055 0.26434371 0.24989961 0.36089160 0.44709695 0.23123274 0.34827921 0.43915817 0.26514877 0.30183338 0.31613736 0.38407982 0.26987703 0.23218746 0.29939816 0.22297793 0.33242345 0.40214745 0.25557897 0.25154379 0.23137291 0.25865229 
0.29353121 0.28796166 0.29978590 0.33781218 0.30487623 0.20913908 0.28392197 0.28780646 0.31558008 0.22814843 0.16200627 0.31208792 0.29020510 0.17591251 0.37075717 0.28720646 0.18036693 0.27801967 0.34199357 0.31814872 0.36769163 0.30709639 0.30118172 0.24931804 0.38334809 0.59905792 0.00000000 0.46444752 0.37637244 0.40479497 1.12141027 0.41630153 0.41973760 0.40797697 0.33439219 0.25965115 1.48401274 0.28736976 0.43829748 0.33994901 0.29331814 0.11732589 0.21678530 0.22494042 0.38218489 0.41258889 0.20036343 0.27876129 0.27364385 0.18789822 0.24716313 0.21168921 0.29184135 0.28243950 0.26514494 0.20648038 0.40076050 0.27278315 1.03127165 0.32460834 0.22800383 0.64641242 0.14470662 0.28471873 0.25861139 0.34323056 0.28367181 0.18882201 0.29319639 0.28108698 0.25334801 0.24701779 0.22126956 0.21578025 0.17477208 0.30938505 0.80246352 0.26350411 0.29642711 0.24054276 
0.32821084 0.34616761 0.36226258 0.32778685 0.23096158 0.18184420 0.25928573 0.19380633 0.37800500 0.28405297 0.22906767 0.22669962 0.25870077 0.30705829 0.25405827 0.19061079 0.64088668 0.39842863 0.27023508 0.52755525 0.40431895 0.35479587 0.32641722 0.59364838 0.46726917 0.37328201 0.46444752 0.00000000 0.78242320 0.52901967 1.82226210 0.48982615 0.41813973 0.44302048 0.30781318 0.28267549 0.28293088 0.26719271 0.22803221 0.22263478 0.35559211 0.19066409 0.27229567 0.16305326 0.15710482 0.30549059 0.27329347 0.16531832 0.14249584 0.40006908 0.18954265 0.38172415 0.24347122 0.29727423 0.36489365 0.31879095 0.29645894 0.43764570 0.21378987 0.34874956 0.35113455 0.51228291 0.30439680 0.34242563 0.68414405 0.48411764 0.31384168 0.21240485 0.30253911 0.24909004 0.38201883 0.18999960 0.34352253 0.24876481 0.18691769 0.21614334 0.13548118 0.17306761 0.29335596 0.35217347 
0.32710019 0.30872695 0.37858060 0.32828340 0.36601687 0.28415355 0.34001187 0.30837931 0.25628272 0.32836113 0.11191869 0.17870956 0.20464661 0.12952103 0.09806017 0.35821508 0.32170606 0.17869741 0.23588518 0.25830707 0.27753144 0.26804103 0.30523278 0.27955374 0.37128863 0.46476016 0.37637244 0.78242320 0.00000000 0.45159065 0.66017174 0.56544942 0.27932029 0.34922602 0.47683739 0.28796454 0.22708687 0.36424530 0.22968525 0.24217468 0.17771303 0.09410443 0.30354390 0.13517637 0.24618935 0.31495618 0.09343757 0.35855357 0.16971854 0.29598510 0.29963564 0.35682157 0.42084006 0.23611180 0.27069733 0.22201610 0.39144852 0.36800240 0.41961275 0.77893419 1.70162270 0.78908314 0.50293492 0.41118766 0.43206162 0.23938580 0.18843089 0.25646784 0.24125108 0.25752342 0.21750678 0.39279109 0.27252656 0.22628820 0.34485637 0.25626095 0.40145462 0.47753059 0.66933852 0.20398887 
0.34472343 0.32237633 0.23801937 0.31671505 0.37299083 0.22500638 0.33645200 0.28789475 0.35314936 0.30439312 0.36719556 0.38394864 0.21930175 0.30949715 0.29725216 0.28973290 0.29836346 0.29148520 0.34663973 0.24884889 0.29126972 0.29493419 0.26310196 0.33616854 0.32697553 0.28597573 0.40479497 0.52901967 0.45159065 0.00000000 0.50665148 0.38082140 0.48243505 0.31556071 0.32955030 0.32015333 0.25947952 0.31254375 0.32674164 0.22682946 0.38526897 0.34404018 0.41184733 0.36863113 0.27034557 0.37507936 0.21725533 0.21967400 0.22806343 0.25727556 0.36266479 0.34265934 0.33152048 0.25566574 0.32412779 0.32088610 0.28524590 0.60484043 0.35874594 0.33672042 0.42276971 0.40798222 0.30649134 0.30799482 0.45307453 0.35808643 0.36342018 0.30016434 0.31501775 0.25121238 0.36079858 0.25541988 0.29930600 0.29624222 0.29132584 0.27764056 0.35928178 0.31329978 0.35422275 0.46142437 
0.41065473 0.35372128 0.43334209 0.35388265 0.26457218 0.37302103 0.22209189 0.29893104 0.26239450 0.24134757 0.14837588 0.15073254 0.39038977 0.09583188 0.25091567 0.20594104 0.14812392 0.28904120 0.36860222 0.28529793 0.44184098 0.35774091 0.30860783 0.31120379 0.33738711 0.19551297 1.12141027 1.82226210 0.66017174 0.50665148 0.00000000 0.55598870 0.31097908 0.39673855 0.26448399 0.29088131 1.19803108 0.20521137 0.34539038 0.20196886 0.17636292 0.26643745 0.34790274 0.33160563 0.25633135 0.41383927 0.20090896 0.09271225 0.25523988 0.34459506 0.15415294 0.22934909 0.13657963 0.25338293 0.25169987 0.29837368 0.26758439 0.43887968 0.44090249 0.17253164 0.19582450 0.43314683 0.31149013 0.16967900 0.21525955 0.31011067 0.39306150 0.20916974 0.24421695 0.23262348 0.32588799 0.32410264 0.38076506 0.19334429 0.25621893 0.30872272 0.47599787 0.42835010 0.41127477 0.23002558 
0.33746336 0.36508725 0.44421236 0.39660599 0.33754011 0.29573724 0.15369668 0.30363516 0.27161217 0.32492507 0.21690625 0.29158702 0.23114999 0.27480506 0.16717794 0.30846360 0.19509165 0.43215040 0.31637631 0.27646199 0.25092737 0.33110485 0.32300717 0.29500344 0.33319873 0.38116910 0.41630153 0.48982615 0.56544942 0.38082140 0.55598870 0.00000000 0.33320024 0.83865175 0.44389153 0.40258152 0.49751718 0.32818430 0.27901468 0.16885795 0.21589031 0.20197465 0.21416042 0.15071493 0.19108037 0.23540600 0.21797271 0.16525576 0.13414746 0.30054023 0.16642244 0.41031815 0.32732803 0.27784152 0.57695722 0.70492500 0.40263534 1.77641208 0.26789546 0.38906093 0.32383950 0.26902407 0.31216483 0.32673808 0.46340298 0.29138759 0.33773199 0.26475721 0.24899928 0.32336053 0.40868391 0.30894037 0.27358543 0.31043146 0.30821295 0.25214464 0.32333252 0.36044207 0.23289264 0.46584285 
0.35519892 0.32704625 0.34239242 0.38618145 0.41091986 0.35841026 0.36118061 0.21192973 0.17364509 0.21327705 0.29068369 0.31879299 0.28540410 0.18591536 0.23320670 0.18313444 0.10614909 0.35290910 0.43721133 0.30407414 0.37241551 0.23203738 0.31326597 0.24851261 0.29015033 0.27867771 0.41973760 0.41813973 0.27932029 0.48243505 0.31097908 0.33320024 0.00000000 0.31387538 0.42429310 0.32952151 0.36963729 0.32075531 0.60820677 0.44141936 0.28231629 0.32391614 0.25847573 0.38328093 0.37900312 0.33892272 0.17860377 0.27688103 0.39507515 0.33508087 0.37452971 0.18959007 0.72881060 0.29641340 0.47465027 0.45553487 0.57923267 0.35352984 0.50453207 0.37988694 0.30172613 0.21754898 0.23671274 0.21221920 0.24249250 0.30026825 0.33949869 0.43178742 0.40568286 0.39768977 0.29321097 0.26933786 0.29317608 0.43365992 0.19485388 0.22530508 0.28422713 0.30461415 0.48526886 0.28609348 
0.36763874 0.32073590 0.40011928 0.37802055 0.30893032 0.27745467 0.33571006 0.30397628 0.20946642 0.39940135 0.23681662 0.25708198 0.22856218 0.27791755 0.13439314 0.28961831 0.24458048 0.34433938 0.36380979 0.25978574 0.22056717 0.32626796 0.39527249 0.30398205 0.30079634 0.34603216 0.40797697 0.44302048 0.34922602 0.31556071 0.39673855 0.83865175 0.31387538 0.00000000 0.60894457 0.49097118 1.56913727 0.33581951 0.26951808 0.10401904 0.24896378 0.13679858 0.29243457 0.16739009 0.14040147 0.26972934 0.04255399 0.30130002 0.12533516 0.25829194 0.35225215 0.26914590 0.31182873 0.33619680 0.32905493 1.99098271 0.34866111 0.35620343 0.18313274 0.27403436 0.14736524 0.26635571 0.45616791 0.24977383 0.34523612 0.21449869 0.41224577 0.24234358 0.28342626 0.30827908 0.42444214 0.31432571 0.30564375 0.26398022 0.34032005 0.35526248 0.20183676 0.34051256 0.20055676 0.42319606 
0.33663673 0.32238926 0.38514935 0.35319991 0.29153119 0.44993037 0.28741756 0.38444252 0.21287891 0.29524229 0.10583796 0.17002732 0.25656057 0.31885870 0.29823609 0.30569677 0.26673672 0.33535190 0.34513931 0.27977865 0.30113544 0.24210385 0.40525192 0.40834137 0.35012761 0.26951316 0.33439219 0.30781318 0.47683739 0.32955030 0.26448399 0.44389153 0.42429310 0.60894457 0.00000000 0.62888274 0.44210900 0.30963864 0.26068481 0.19247568 0.25443158 0.22797030 0.27832273 0.25181423 0.38109588 0.33067897 0.33292029 0.21994845 0.20639737 0.36260131 0.29651897 0.30002076 0.55066261 0.56237781 0.71862015 1.52232424 0.29516567 0.34285882 0.25334117 0.26598834 0.36481719 0.30728845 0.32339674 0.29538637 0.25226048 0.22729427 0.26548905 0.39520200 0.23942457 0.32547213 0.34905544 0.35507162 0.29659472 0.30857000 0.29649511 0.30794949 0.11921088 0.26864363 0.44085431 0.40520346 
0.27159124 0.28391245 0.19510433 0.32303637 0.25834795 0.21114838 0.39183465 0.34949256 0.28027744 0.29334545 0.20347416 0.25222192 0.44040040 0.27613726 0.31889825 0.28105840 0.24335812 0.28402551 0.32346313 0.32106421 0.33554075 0.37487182 0.31908308 0.29838806 0.30500782 0.22422177 0.25965115 0.28267549 0.28796454 0.32015333 0.29088131 0.40258152 0.32952151 0.49097118 0.62888274 0.00000000 0.70054531 0.51398650 0.38930726 0.27836051 0.28175800 0.27249803 0.41264977 0.29581346 0.44973545 0.28202686 0.33717362 0.35160935 0.41964989 0.23724707 0.32028196 0.83160500 0.34891470 0.63397361 0.29659477 0.55320411 0.32491904 0.33702073 0.32117079 0.39285103 0.28967338 0.23239513 0.34769869 0.41873861 0.25965927 0.12922980 0.28935096 0.44939081 0.35837545 0.27331664 0.33143001 0.17742590 0.33487295 0.23689259 0.33328851 0.40372649 0.23747776 0.23936252 0.33642213 0.22857622 
0.33993840 0.32306435 0.38666156 0.31268255 0.28165787 0.22210786 0.25855466 0.17341760 0.23139221 0.29238936 0.18178380 0.18988219 0.20129500 0.11014711 0.19833114 0.19366144 0.17736762 0.38100483 0.41462365 0.33183142 0.33890119 0.32012278 0.42216188 0.32638841 0.18065448 0.37724681 1.48401274 0.28293088 0.22708687 0.25947952 1.19803108 0.49751718 0.36963729 1.56913727 0.44210900 0.70054531 0.00000000 0.71177219 0.34039071 0.13906470 0.30259251 0.12285901 0.35348854 0.24319530 0.27729193 0.31404132 0.31509445 0.31480812 0.28724925 0.20478031 0.21719653 0.30959819 0.34751579 0.40122197 0.25417800 0.39610303 0.41291502 0.20998158 0.36335259 0.15512574 0.29555475 0.38200942 0.18404571 0.20419797 0.26269111 0.35593765 0.38582606 0.50458413 0.25951667 0.43838544 0.28718248 0.31958506 0.26432556 0.20747049 0.13132694 0.12696217 0.23184948 0.19689466 0.29963930 0.19448386 
0.30380526 0.28312727 0.28919028 0.26572769 0.16786115 0.25485286 0.29963237 0.29689518 0.39818414 0.35619884 0.35981032 0.28798178 0.28243272 0.36827466 0.25905317 0.38608639 0.18817327 0.28871909 0.21817339 0.21451336 0.31975847 0.26940231 0.26984583 0.23033516 0.33204179 1.16552636 0.28736976 0.26719271 0.36424530 0.31254375 0.20521137 0.32818430 0.32075531 0.33581951 0.30963864 0.51398650 0.71177219 0.00000000 0.45059888 0.62587376 0.51399703 0.28453667 0.27731875 0.31556312 0.28519024 0.24154463 0.24891230 0.33021948 0.35328287 1.94528081 0.32783027 0.98568909 0.31310755 0.26705928 0.16813420 0.26512537 0.33017903 0.25465169 0.32411807 0.36078686 0.24257721 0.17828612 0.28998421 0.26331026 0.33177849 0.14921971 0.30432088 0.22602997 0.36923642 0.21500217 0.42127404 0.46822487 0.32183149 0.28906699 0.25938579 0.27871786 0.18898955 0.16619238 0.29952510 0.22756487 
0.37014406 0.41440912 0.37272552 0.31122170 0.34650475 0.25287957 0.49495036 0.25597006 0.39700079 0.46611164 0.21164976 0.33228266 0.17174193 0.16799097 0.22574562 0.34005332 0.22481315 0.37104722 0.32774517 0.47278990 0.32264006 0.39907310 0.49783403 0.21903868 0.24728191 0.41090287 0.43829748 0.22803221 0.22968525 0.32674164 0.34539038 0.27901468 0.60820677 0.26951808 0.26068481 0.38930726 0.34039071 0.45059888 0.00000000 1.03947474 0.39708604 0.19643042 0.30227702 0.17653377 0.45196887 0.33151362 0.26643494 0.26360130 0.35826674 0.33321381 0.37550080 0.18397316 0.65330779 0.47299426 0.38186559 0.27708626 0.46322776 0.22452370 0.29399423 0.09552271 0.12019450 0.41498946 0.25620047 0.22051946 0.16315020 0.28215618 0.54780401 0.19694363 0.18304800 0.23872672 0.24440106 0.21149376 0.40679560 0.17747036 0.37753576 0.34148522 0.86982808 0.22165127 0.37619271 0.25601150 
0.27673093 0.26401547 0.31690994 0.26817844 0.14752958 0.33981202 0.17818968 0.27257942 0.25499004 0.33763929 0.34329121 0.31490374 0.28899277 0.39998298 1.21243640 0.43045969 0.61929789 0.28196289 0.34243304 0.39919612 0.42774920 0.21868719 0.28018045 0.35937031 0.65145079 0.41639080 0.33994901 0.22263478 0.24217468 0.22682946 0.20196886 0.16885795 0.44141936 0.10401904 0.19247568 0.27836051 0.13906470 0.62587376 1.03947474 0.00000000 0.31005956 0.37537729 0.38590691 0.42799650 0.31511308 0.25078906 0.40579114 0.35800998 0.50588246 0.44941472 0.37069604 0.34706584 0.16625052 0.36364740 0.10331910 0.17000070 0.12108210 0.18447395 0.19500783 0.29886730 0.13766485 0.43564885 0.24395551 0.36997202 0.28085941 0.19440159 0.51979378 0.27491545 0.38921620 0.46121809 0.14692614 0.33347488 0.29611986 0.19973348 0.18785225 1.13498063 0.86996816 0.15013650 0.26467752 0.16001418 
0.25299278 0.25164952 0.20476802 0.21148917 0.18366493 0.13931966 0.34637538 0.32421688 0.32501112 0.28831761 0.32893523 0.42103925 0.41412771 0.44323387 0.26822778 0.74030291 0.67153595 0.34369454 0.35216282 0.26029225 0.31856432 0.36153830 0.26680214 0.29182594 0.41630037 0.89223325 0.29331814 0.35559211 0.17771303 0.38526897 0.17636292 0.21589031 0.28231629 0.24896378 0.25443158 0.28175800 0.30259251 0.51399703 0.39708604 0.31005956 0.00000000 0.40651823 0.34159538 0.53194874 0.63963232 0.35944501 0.56345940 1.07289785 0.30218144 0.76644285 0.35093323 0.28167663 0.28982927 0.16678885 0.23773823 0.16826071 0.35272298 0.24488218 0.37898543 0.32240704 0.27300019 0.33876696 0.21774879 0.31712009 0.15959503 0.45638025 0.24723827 0.28132509 0.40602303 0.28367936 0.31897580 0.30236017 0.47270740 0.18476328 0.30253770 0.25069264 0.21330832 0.13821657 0.26296912 0.19402370 
0.38350994 0.35231095 0.23819608 0.38459431 0.36560148 0.46986911 0.35470687 0.41722870 0.96995391 0.74624066 0.38820737 0.44841271 0.80094023 0.36935149 0.53562445 0.44366756 0.42039748 0.33667176 0.28634174 0.30018415 0.32057659 0.25444826 0.27925840 0.18428712 0.36647872 0.35099377 0.11732589 0.19066409 0.09410443 0.34404018 0.26643745 0.20197465 0.32391614 0.13679858 0.22797030 0.27249803 0.12285901 0.28453667 0.19643042 0.37537729 0.40651823 0.00000000 0.32598013 0.37230684 0.41904530 0.38464807 0.24824138 0.39707234 0.62970912 0.27021730 0.31512076 0.19078631 0.31771336 0.28999064 0.28661139 0.19631203 0.26756544 0.19168892 0.28407748 0.08384317 0.14088235 0.35589442 0.36158333 0.37213500 0.23999722 0.20571290 0.42745639 0.18249118 0.43516126 0.60515946 0.50153032 0.56522076 0.46844610 0.61214396 0.31747967 0.37964597 0.19787434 0.13621274 0.17826714 0.19434651 
0.26860711 0.25489644 0.06372532 0.13863738 0.08913118 0.19838206 0.49639388 0.26771508 0.20231951 0.34568615 0.32230201 0.32791970 0.48169837 0.51201409 0.31659907 0.74605306 0.31469389 0.19571401 0.34389105 0.28430994 0.33056695 0.26567623 0.16762835 0.28695117 0.22169016 0.34959383 0.21678530 0.27229567 0.30354390 0.41184733 0.34790274 0.21416042 0.25847573 0.29243457 0.27832273 0.41264977 0.35348854 0.27731875 0.30227702 0.38590691 0.34159538 0.32598013 0.00000000 0.61667069 0.56566210 0.85697928 0.54750022 0.66402278 0.49099988 0.25058225 0.37062735 0.32102163 0.33971190 0.33590960 0.16948893 0.26604090 0.22865699 0.16090020 0.24161456 0.30942952 0.33589904 0.31173426 0.18167050 0.32565524 0.38356817 0.28243598 0.68124407 0.35539021 0.31963306 0.41207387 0.28043521 0.35692715 0.27568770 0.52434943 0.28310826 0.33824307 0.42428262 0.23886794 0.40482250 0.19548625 
0.26487556 0.28104417 0.23265366 0.18019918 0.26851196 0.24811280 0.30021814 0.40380728 0.52894125 0.46372193 0.60179430 0.42192661 0.44374668 0.25246119 0.39859364 0.44134208 0.20525872 0.42294859 0.42013176 0.36281731 0.38968330 0.31278178 0.32403158 0.37607050 0.26330364 0.17493295 0.22494042 0.16305326 0.13517637 0.36863113 0.33160563 0.15071493 0.38328093 0.16739009 0.25181423 0.29581346 0.24319530 0.31556312 0.17653377 0.42799650 0.53194874 0.37230684 0.61667069 0.00000000 0.91117740 0.42965568 0.71919431 0.61748534 0.76373168 0.35469665 0.40327692 0.14954022 0.31827391 0.29588290 0.28983945 0.25205427 0.32519791 0.19964853 0.39465304 0.19270693 0.30298481 0.24139617 0.27429023 0.27319713 0.25535250 0.18208835 0.46361884 0.20899837 0.44085290 0.42886786 0.32591887 0.47549202 0.29641490 0.18626812 0.21438418 0.32972707 0.19996108 0.17575090 0.26802772 0.18510084 
0.28108398 0.26667074 0.12722735 0.19573650 0.00000000 0.05555989 0.24314345 0.15160660 0.48182278 0.23691449 0.42185498 0.35819205 0.36229774 0.37096020 0.39033178 0.34120679 0.15969802 0.19191894 0.42318778 0.43334158 0.32769433 0.33598372 0.15649790 0.16821327 0.40547037 0.27750201 0.38218489 0.15710482 0.24618935 0.27034557 0.25633135 0.19108037 0.37900312 0.14040147 0.38109588 0.44973545 0.27729193 0.28519024 0.45196887 0.31511308 0.63963232 0.41904530 0.56566210 0.91117740 0.00000000 0.79521947 0.89417529 0.73984358 0.50217656 0.40995988 0.37735090 0.26221389 0.48153075 0.40628588 0.31782596 0.27316325 0.21471710 0.27890602 0.48480276 0.23723163 0.21991303 0.35969072 0.12157268 0.20375138 0.32757759 0.31728335 0.28290712 0.27878583 0.37689116 0.31487821 0.29403689 0.33893276 0.30047050 0.37189931 0.20577611 0.36563907 0.30015765 0.21126429 0.36305389 0.20595819 
