0.00000000 0.47985000 0.36451200 0.35915827 0.33104525 0.34208960 0.33683497 0.31445896 0.28943673 0.22298790 0.23411371 0.21040643 0.25045982 0.27809371 0.28386014 0.19264281 0.25425649 0.31724603 0.31137865 0.32974284 0.28798916 0.41215416 0.37560394 0.38127106 0.33308162 0.21253029 0.26841273 0.27221568 0.28396574 0.31487116 0.36953212 0.29818058 0.32198501 0.31747613 0.30162772 0.24119180 0.30144897 0.27036660 0.33272076 0.24414492 0.23008128 0.34929061 0.23497642 0.23942933 0.25259818 0.30937172 0.33360514 0.33185614 0.18213804 0.29540754 0.24425393 0.25333258 0.32318475 0.31251301 0.27381181 0.28946982 0.25362224 0.29154352 0.34399110 0.30272772 0.30584273 0.27194521 0.27456124 0.33501061 0.33014450 0.30048536 0.27873913 0.28707268 0.23179973 0.25642484 0.20065117 0.21929995 0.33910165 0.34176170 0.26068344 0.27258606 0.28449329 0.31180913 0.25402903 0.29124478 
0.47985000 0.00000000 0.42256195 0.33016551 0.33179553 0.29344677 0.36185389 0.30008085 0.29805117 0.22730133 0.24581746 0.18345217 0.23957614 0.30095974 0.30291497 0.23543536 0.30691467 0.35306587 0.31259343 0.29294783 0.27658098 0.38094554 0.35974763 0.33243721 0.32131094 0.22069956 0.25014547 0.30881023 0.25495558 0.28959370 0.31995634 0.32110805 0.28584119 0.28332447 0.29597956 0.25218300 0.28666201 0.24467710 0.34602064 0.22490363 0.22657211 0.30128737 0.22235922 0.25671360 0.23941285 0.30378931 0.30129654 0.27503778 0.18564304 0.31162086 0.25343552 0.27066799 0.39856361 0.32130481 0.29825989 0.34379958 0.25763542 0.25150709 0.29389607 0.36079306 0.32427592 0.32733190 0.30594340 0.26456589 0.31746514 0.31390922 0.25898052 0.27095742 0.24399001 0.24713321 0.27479269 0.24590972 0.30501093 0.38889767 0.25093538 0.28817555 0.29882733 0.34456995 0.22825850 0.30260745 
0.36451200 0.42256195 0.00000000 0.70551472 0.45587357 0.30936410 0.23451565 0.26495018 0.29339213 0.14493077 0.23912820 0.12532891 0.11446353 0.19362340 0.35609236 0.08317154 0.30926127 0.36368868 0.44567149 0.44139518 0.35577184 0.48907785 0.40677903 0.50814246 0.30907012 0.18537199 0.24845855 0.31873068 0.28772890 0.18402531 0.40209510 0.42139836 0.35341442 0.30065764 0.37590713 0.18895521 0.33556369 0.23882214 0.34578243 0.27070622 0.19004804 0.23568428 0.04481262 0.18526190 0.12040099 0.27155772 0.25905184 0.31001294 0.00525083 0.23745010 0.40275819 0.21275659 0.30760367 0.31447729 0.27868857 0.32879685 0.23834897 0.29702893 0.35394433 0.38363354 0.33685141 0.35704417 0.27438657 0.21714806 0.32914620 0.20902859 0.36079888 0.42410444 0.33876957 0.23703776 0.15820723 0.23085475 0.32638385 0.34213553 0.24692352 0.31737118 0.22642210 0.33214731 0.26335112 0.43664854 
0.35915827 0.33016551 0.70551472 0.00000000 0.91083239 0.57138382 0.24456971 0.32032182 0.34361395 0.16933438 0.28422740 0.20769000 0.09065518 0.15005016 0.21842035 0.17491037 0.23127414 0.33319059 0.43647759 0.34347937 0.32737606 0.33752129 0.44560683 0.36641125 0.15880720 0.17773160 0.29019071 0.28485909 0.24901371 0.25055171 0.28725449 0.34931569 0.36209449 0.31011227 0.31416946 0.26316398 0.28521681 0.21425754 0.31642915 0.26871041 0.19464753 0.35838772 0.10395756 0.17324125 0.13678950 0.28660027 0.32318415 0.41409934 0.10038315 0.28726074 0.27166117 0.18777395 0.38028728 0.32834873 0.39402069 0.34798832 0.20735218 0.41482038 0.37508044 0.30234176 0.22192440 0.21667630 0.14457556 0.17655000 0.24341966 0.31363008 0.39140361 0.39750159 0.21585033 0.26478642 0.23030016 0.36345049 0.21210138 0.25390862 0.40772780 0.19624061 0.20919193 0.49067798 0.30602317 0.55064595 
0.33104525 0.33179553 0.45587357 0.91083239 0.00000000 0.62898787 0.31620353 0.53227015 0.32891707 0.32087041 0.21286039 0.22882857 0.22518630 0.50583659 0.23542189 0.32420317 0.24339280 0.18929728 0.30393331 0.36583024 0.19921217 0.25372761 0.20873887 0.29644943 0.20723831 0.33474252 0.24231781 0.14518841 0.29311498 0.30589812 0.25955931 0.21135069 0.32019511 0.25770367 0.26131363 0.14396514 0.21558325 0.14062524 0.34845133 0.15105690 0.24625819 0.28793458 0.03742512 0.21833729 0.00000000 0.21426496 0.26649723 0.02823880 0.12654980 0.38094571 0.27580424 0.48449098 0.26771397 0.66194356 0.92300619 0.37836015 0.59677693 0.34931926 0.22162122 0.45429637 0.19062593 0.11249383 0.20949375 0.24318579 0.23982347 0.26508701 0.31463573 0.43059232 0.42927158 0.19611771 0.23543537 0.30387260 0.24323917 0.31100619 0.32926209 0.19377203 0.33540589 0.42832241 0.68316288 0.42757958 
0.34208960 0.29344677 0.30936410 0.57138382 0.62898787 0.00000000 0.38512551 0.97690548 0.33397475 0.45515752 0.38906747 0.21812522 0.17946626 0.33053593 0.16847474 0.15783679 0.19138450 0.34660343 0.24388258 0.26774254 0.15561490 0.32357365 0.29465913 0.26313155 0.37635389 0.33735185 0.12729692 0.11189466 0.25425761 0.20019356 0.32341423 0.25169072 0.27205666 0.21611051 0.35298412 0.18373577 0.27077494 0.32091917 0.27767144 0.29704537 0.14833440 0.47073201 0.16187722 0.15144196 0.03760152 0.20162340 0.05422735 0.10744949 0.30279770 0.23998476 0.14113159 0.37659943 0.33611590 0.29155350 0.28306120 0.21497626 0.32501942 0.18967459 0.10965476 0.30554187 0.23158232 0.10421152 0.53940589 0.25996556 0.49928956 0.34920661 0.26159538 0.33208317 0.32678622 0.28697486 0.39191364 0.29416261 0.35739897 0.39177852 1.23199296 0.24391654 0.31040104 1.16783266 0.25053343 0.26211886 
0.33683497 0.36185389 0.23451565 0.24456971 0.31620353 0.38512551 0.00000000 0.39227304 0.37731401 0.35912249 0.24751372 0.26818327 0.20243531 0.24012858 0.24385024 0.28802193 0.18970154 0.22922209 0.29450669 0.26426256 0.20704188 0.39430949 0.31835500 0.36251280 0.16176516 0.42095523 0.32423935 0.22453820 0.29545221 0.32502728 0.23922456 0.10832893 0.26265242 0.27207422 0.23964944 0.32751414 0.25310138 0.26582103 0.47761228 0.20858745 0.33143066 0.29008697 0.38662862 0.24880631 0.20521015 0.34997669 0.12028870 0.23324143 0.38442072 0.30161610 0.35664828 0.24333854 0.33985448 0.61459790 0.43426587 0.33599102 0.40420712 0.30238468 0.36133918 0.18815166 0.18892919 0.19927451 0.17000583 0.42042842 0.23940795 0.39271367 0.31180134 0.17569593 0.31821448 0.24263253 0.34192371 0.36493400 0.24786243 0.23046565 0.29842251 0.25771737 0.39504623 0.36303518 0.71779050 0.21865739 
0.31445896 0.30008085 0.26495018 0.32032182 0.53227015 0.97690548 0.39227304 0.00000000 0.37834400 0.40260245 0.31093279 0.26153425 0.34086078 0.35242598 0.36933731 0.29711161 0.29205669 0.31203412 0.27048993 0.11757334 0.18334721 0.12928648 0.21676780 0.21921943 0.22333146 0.34304971 0.23607079 0.24401755 0.21959398 0.24540673 0.26365023 0.28106364 0.17109630 0.25373515 0.39517401 0.31545556 0.12874147 0.28966897 0.22354380 0.19502921 0.27265174 0.36986925 0.25797244 0.35636392 0.04724469 0.29519052 0.07442371 0.14197909 0.44706438 0.43796853 0.30061826 0.29298245 0.24930247 0.41939698 0.36433123 0.37547978 0.26293385 0.23277290 0.27050214 0.21773908 0.17306875 0.22286971 0.36937247 0.30342145 0.29261433 0.24526909 0.16585262 0.29150140 0.15929230 0.40860665 0.39501309 0.33632457 0.69285008 0.58893958 0.87057289 0.34724900 0.42634021 0.34727191 0.28032473 0.30232020 
0.28943673 0.29805117 0.29339213 0.34361395 0.32891707 0.33397475 0.37731401 0.37834400 0.00000000 0.52300377 0.41853604 0.49262616 0.45001796 0.23916009 0.37894481 0.26444874 0.30624122 0.32544021 0.29873533 0.31822893 0.30278395 0.33123445 0.37308150 0.38302393 0.24587244 0.34438054 0.20785689 0.32073421 0.23143435 0.32494621 0.21199812 0.27079970 0.16945886 0.17892128 0.19683603 0.25472216 0.22321191 0.43263202 0.35937978 0.27858079 0.23968092 0.93873258 0.16646728 0.39353409 0.31983172 0.29365369 0.34319568 0.23657925 0.31048507 0.18531688 0.24965710 0.19510873 0.20031005 0.22668299 0.31966445 0.15900372 0.36740369 0.30563421 0.20780449 0.22782420 0.26853395 0.10082260 0.26488760 0.30388572 0.19376747 0.19437017 0.16435135 0.18956211 0.31713412 0.50914377 0.21304231 0.42059291 0.37546806 0.28409153 0.30723862 0.57784343 0.16937431 0.20145866 0.10897446 0.22657148 
0.22298790 0.22730133 0.14493077 0.16933438 0.32087041 0.45515752 0.35912249 0.40260245 0.52300377 0.00000000 0.53334646 0.37801226 0.35808929 0.38930478 0.22035657 0.27426981 0.40120080 0.17961084 0.12373712 0.11573917 0.21271587 0.09221970 0.09709379 0.18574301 0.26727318 0.35606658 0.21742438 0.23860324 0.29956370 0.23140437 0.20827567 0.29797783 0.20105747 0.38546132 0.32597441 0.24038458 0.30425522 0.34121370 0.46969598 0.27975494 0.31269730 0.65898720 0.22951784 0.46582081 0.10775214 0.25609727 0.06896986 0.05073151 0.52664524 0.35891852 0.57603363 0.40139698 0.37323588 0.26258056 0.25272750 0.32655138 0.30041617 0.20757184 0.25442336 0.24673474 0.30663022 0.21891838 0.43587351 0.22807606 0.26390513 0.30396915 0.20802135 0.39259804 0.37063770 0.28298980 0.48805149 0.35590357 0.33710619 0.41660301 0.30630526 0.36996331 0.17114132 0.30323387 0.32403632 0.34621965 
0.23411371 0.24581746 0.23912820 0.28422740 0.21286039 0.38906747 0.24751372 0.31093279 0.41853604 0.53334646 0.00000000 0.71655443 0.44962250 0.41976409 0.27162892 0.53560108 0.13999566 0.20983195 0.32460612 0.33197332 0.38313688 0.41575257 0.41606955 0.30701359 0.45240885 0.28841171 0.10687820 0.15711624 0.10830131 0.30175201 0.11497627 0.14999517 0.21528956 0.19212431 0.10731680 0.18292275 0.20475478 0.34024685 0.24791238 0.31070469 0.31795808 0.36519439 0.25546097 0.56497707 0.35463479 0.30822169 0.35835293 0.29882822 0.78820456 0.29961911 0.28766159 0.26281453 0.38024176 0.39857123 0.19128071 0.11529580 0.18176149 0.26329554 0.19171881 0.27469428 0.19447859 0.17159559 0.17131955 0.27520338 0.25495708 0.16924178 0.52641304 0.40388948 0.30541229 0.24690763 0.47239813 0.38757210 0.28887152 0.31790712 0.15733123 0.49881222 0.25351795 0.15285763 0.30544156 0.35751222 
0.21040643 0.18345217 0.12532891 0.20769000 0.22882857 0.21812522 0.26818327 0.26153425 0.49262616 0.37801226 0.71655443 0.00000000 0.51927628 0.61410874 0.35737753 0.46075532 0.28974185 0.30175063 0.24184287 0.21066263 0.22105332 0.20784067 0.19000111 0.15983230 0.28966295 0.26991609 0.26811636 0.14714565 0.17417538 0.33378494 0.13116526 0.24894590 0.25678904 0.23805925 0.14393311 0.22687685 0.17774017 0.21554522 0.34111543 0.24353163 0.37444039 0.40839892 0.27872829 0.40774009 0.30998963 0.24842123 0.43182618 0.46108307 0.66916719 0.42435513 0.46585464 0.25591286 0.24020901 0.31647925 0.22094533 0.22595554 0.11374876 0.20674041 0.16012590 0.23938809 0.32499067 0.24573834 0.27254698 0.35490512 0.35916862 0.33587721 0.32805358 0.20390671 0.74423659 0.26693611 0.45456321 0.72313079 0.50483609 0.31127920 0.36003769 0.34102802 0.32359689 0.13336297 0.18181762 0.22831169 
0.25045982 0.23957614 0.11446353 0.09065518 0.22518630 0.17946626 0.20243531 0.34086078 0.45001796 0.35808929 0.44962250 0.51927628 0.00000000 0.36330375 0.53868259 0.40395864 0.27087528 0.20094752 0.22659330 0.25433948 0.27072865 0.22118568 0.17616505 0.21298635 0.23883213 0.41705920 0.24923457 0.27188797 0.13345520 0.18668948 0.35193639 0.23881703 0.21260099 0.15758789 0.22416671 0.30784552 0.20045863 0.24732949 0.17674008 0.28574996 0.36180422 0.73179882 0.48329120 0.42042634 0.34001899 0.26853368 0.50955982 0.33629561 0.48151458 0.45002999 0.48266231 0.30078857 0.27642167 0.23896679 0.21353914 0.18083054 0.15458312 0.28772039 0.38871421 0.27713588 0.20234219 0.38242070 0.28637925 0.47203931 0.33719244 0.16710410 0.13414099 0.20949160 0.42784803 0.40592405 0.28258675 0.32198727 0.29742954 0.30623042 0.26736410 0.27920207 0.23023749 0.23832539 0.28810818 0.24169397 
0.27809371 0.30095974 0.19362340 0.15005016 0.50583659 0.33053593 0.24012858 0.35242598 0.23916009 0.38930478 0.41976409 0.61410874 0.36330375 0.00000000 0.41299985 0.98420644 0.29387682 0.20661320 0.21521271 0.22480139 0.23443515 0.22326972 0.33991445 0.14941940 0.28472427 0.23967991 0.16301150 0.28778189 0.11193143 0.22185015 0.04875326 0.25993961 0.17812891 0.34406357 0.26582862 0.18957922 0.06112836 0.35061213 0.13328875 0.40328477 0.35302212 0.32571353 0.43261551 0.23098894 0.35868008 0.25343644 0.37154701 0.50455546 0.57351403 0.36078220 0.38183388 0.55527826 0.25812428 0.31061541 0.33336450 0.13788514 0.30915058 0.32699878 0.07012127 0.04677004 0.26012664 0.17040078 0.24898780 0.26898676 0.26732419 0.50009932 0.35549638 0.26287204 0.83800228 0.34924740 0.40390015 0.38860310 0.33115328 0.44317272 0.27566738 0.32568948 0.24259604 0.21021533 0.11504409 0.38292268 
0.28386014 0.30291497 0.35609236 0.21842035 0.23542189 0.16847474 0.24385024 0.36933731 0.37894481 0.22035657 0.27162892 0.35737753 0.53868259 0.41299985 0.00000000 0.37673352 0.80965770 0.49242937 0.28067663 0.46458177 0.37698770 0.32897475 0.34874631 0.19204596 0.56416129 0.17752630 0.33596452 0.21868939 0.16813275 0.27613613 0.22989325 0.07785303 0.21333803 0.09608314 0.23347548 0.28767577 0.10234709 0.24129094 0.19409052 1.04201938 0.19021126 0.43874916 0.29337503 0.33870437 0.27530015 0.28327633 0.38289230 0.36850747 0.24212368 0.24874428 0.26116992 0.17770448 0.23612116 0.46249695 0.15948908 0.25415450 0.31992931 0.21423697 0.20722494 0.28817820 0.06029223 0.34551345 0.16466724 0.44710184 0.19109401 0.32677502 0.27586627 0.30729469 0.28374928 0.39639270 0.34146095 0.34059291 0.34923266 0.32153690 0.26391584 0.56913597 0.14793471 0.07022199 0.19977903 0.17603086 
0.19264281 0.23543536 0.08317154 0.17491037 0.32420317 0.15783679 0.28802193 0.29711161 0.26444874 0.27426981 0.53560108 0.46075532 0.40395864 0.98420644 0.37673352 0.00000000 0.68519872 0.17697832 0.24477150 0.11185316 0.39253445 0.15921066 0.05020429 0.23790192 0.25518039 0.43796458 0.25023115 0.17576054 0.23797264 0.22482590 0.19029193 0.23053619 0.12637950 0.26367806 0.32251828 0.21840101 0.15729695 0.38779360 0.35300573 0.37947942 0.65460709 0.42982170 0.64958264 0.38637679 0.34039483 0.28367862 0.21217760 0.63209936 0.59882408 0.31674211 0.42527039 0.32965180 0.30365910 0.25621250 0.29186419 0.23274993 0.18846210 0.14699835 0.26542247 0.13286974 0.27552900 0.35693982 0.26052431 0.27064021 0.18693682 0.51236569 0.32800339 0.28668687 0.48938831 0.31620845 0.29219253 0.45148772 0.26946120 0.18829718 0.16253416 0.24737651 0.14408669 0.32240580 0.36214174 0.19958149 
0.25425649 0.30691467 0.30926127 0.23127414 0.24339280 0.19138450 0.18970154 0.29205669 0.30624122 0.40120080 0.13999566 0.28974185 0.27087528 0.29387682 0.80965770 0.68519872 0.00000000 0.57110908 0.27204969 0.39383994 0.45529370 0.40484067 0.28719990 0.23586137 0.40960437 1.13793099 0.13508788 0.57801231 0.31998037 0.27914095 0.14187673 0.21465033 0.09975377 0.23167400 0.27018042 0.17979104 0.14016857 0.21728310 0.22066349 0.60146797 0.54039793 0.38574745 0.31856719 0.18359832 0.17422173 0.25327335 0.30385865 0.45853620 0.20485021 0.32670557 0.27696219 0.42117069 0.16222638 0.23127431 0.35538978 0.20127205 0.24505207 0.18611206 0.27384630 0.25032603 0.20614357 0.33417416 0.16448648 0.05073305 0.37361887 0.93158557 0.25813592 0.18282468 0.25539961 0.29371156 0.20466850 0.26685924 0.31396193 0.26146915 0.32221319 0.17530062 0.18301586 0.23212545 0.20086893 0.31264116 
0.31724603 0.35306587 0.36368868 0.33319059 0.18929728 0.34660343 0.22922209 0.31203412 0.32544021 0.17961084 0.20983195 0.30175063 0.20094752 0.20661320 0.49242937 0.17697832 0.57110908 0.00000000 0.58704847 0.61596488 0.47508633 0.68166972 0.44586013 0.46465690 0.62238169 0.18944022 0.26341433 0.43466368 0.19055877 0.27836084 0.25146427 0.33786179 0.29078474 0.29469422 0.31825227 0.28873350 0.37525738 0.25069955 0.31012750 0.24323223 0.33281611 0.23832384 0.18667622 0.33512200 0.18529211 0.34602455 0.36826313 0.39748360 0.19165114 0.14012042 0.26588130 0.27227242 0.23884815 0.15929674 0.23993858 0.23152297 0.21323250 0.21514664 0.37348062 0.18306482 0.25889162 0.30372522 0.21274265 0.24554483 0.36889635 0.62133657 0.33380804 0.32280931 0.23346927 0.14334650 0.14949841 0.21031940 0.15405459 0.19195238 0.29184021 0.18955867 0.20610063 0.19153361 0.20638571 0.24373105 
0.31137865 0.31259343 0.44567149 0.43647759 0.30393331 0.24388258 0.29450669 0.27048993 0.29873533 0.12373712 0.32460612 0.24184287 0.22659330 0.21521271 0.28067663 0.24477150 0.27204969 0.58704847 0.00000000 0.52947208 0.60652298 0.53918908 0.64625431 0.46921546 0.29913404 0.30422610 0.21239689 0.27283602 0.25129635 0.33676976 0.33485123 0.29335491 0.34906548 0.37967120 0.27444647 0.36210549 0.38722531 0.20321525 0.28453848 0.28558696 0.29252566 0.25837389 0.35123415 0.36388066 0.39928393 0.48600380 0.29368303 0.33918889 0.20263441 0.23003593 0.27377172 0.19299755 0.27189428 0.17277384 0.19198962 0.28575653 0.28238853 0.23157377 0.26389572 0.27140745 0.19310140 0.22282821 0.27721155 0.20779376 0.26675450 0.19172820 0.24575733 0.26286423 0.21447562 0.22075228 0.26037059 0.12198618 0.27711670 0.26619649 0.24873370 0.34826166 0.27587159 0.13470302 0.25685224 0.24773381 
0.32974284 0.29294783 0.44139518 0.34347937 0.36583024 0.26774254 0.26426256 0.11757334 0.31822893 0.11573917 0.33197332 0.21066263 0.25433948 0.22480139 0.46458177 0.11185316 0.39383994 0.61596488 0.52947208 0.00000000 0.53675505 1.01539268 0.90781716 0.52199507 0.25814204 0.10307358 0.26559707 0.43694700 0.17532952 0.21587343 0.25123595 0.22003226 0.23871581 0.30282823 0.22664785 0.28390968 0.31378950 0.19317804 0.43976588 0.33038635 0.28034637 0.23590498 0.26709468 0.39947053 0.42029507 0.44996498 0.36759960 0.33338426 0.14430697 0.41823195 0.24978729 0.24088232 0.27662062 0.22113096 0.23210076 0.35302465 0.24197835 0.27321012 0.29215091 0.13493723 0.25054991 0.24076391 0.16937953 0.11711758 0.12032361 0.09948510 0.28975661 0.36862284 0.25862007 0.14094951 0.22764776 0.20865015 0.31278839 0.21521867 0.21686922 0.28022657 0.20535020 0.23488712 0.20440475 0.29964205 
0.28798916 0.27658098 0.35577184 0.32737606 0.19921217 0.15561490 0.20704188 0.18334721 0.30278395 0.21271587 0.38313688 0.22105332 0.27072865 0.23443515 0.37698770 0.39253445 0.45529370 0.47508633 0.60652298 0.53675505 0.00000000 0.62103109 0.47955055 0.59414262 0.29037350 0.32034139 0.28482398 0.32493450 0.24804067 0.30002076 0.37756426 0.20973043 0.36495726 0.18841457 0.26540104 0.27318164 0.27533324 0.23551015 0.25470297 0.40802901 0.26286657 0.34532913 0.35062071 0.34679163 0.33785027 0.49846481 0.38020375 0.42325103 0.18431705 0.24865899 0.23526560 0.21071899 0.24093515 0.24245183 0.24980503 0.21716298 0.33959260 0.22881588 0.32072537 0.20103166 0.14530451 0.33648840 0.19771046 0.21050825 0.30756151 0.33018031 0.39854748 0.18227799 0.24907616 0.24072819 0.20622824 0.12982295 0.20302099 0.20583727 0.17826025 0.30950319 0.17201240 0.13667186 0.26407967 0.29062862 
0.41215416 0.38094554 0.48907785 0.33752129 0.25372761 0.32357365 0.39430949 0.12928648 0.33123445 0.09221970 0.41575257 0.20784067 0.22118568 0.22326972 0.32897475 0.15921066 0.40484067 0.68166972 0.53918908 1.01539268 0.62103109 0.00000000 0.75096086 0.53892342 0.30327273 0.14938383 0.24661457 0.25435395 0.22422102 0.30075427 0.36855588 0.32504354 0.21527901 0.24968990 0.21304612 0.35684199 0.30629989 0.27047424 0.40142231 0.19729469 0.24414960 0.30316782 0.27172112 0.30643649 0.31985765 0.41460379 0.40443674 0.31821491 0.17725286 0.16730927 0.18670827 0.21881583 0.22261373 0.22599865 0.21496275 0.28003992 0.23209522 0.26151215 0.29023416 0.20882330 0.30818659 0.21820417 0.23737484 0.25113209 0.28839464 0.23351475 0.32418139 0.17427036 0.23380915 0.25752411 0.15652980 0.12169714 0.11282717 0.21508821 0.29594808 0.19665160 0.25650440 0.20641913 0.26150254 0.24153599 
0.37560394 0.35974763 0.40677903 0.44560683 0.20873887 0.29465913 0.31835500 0.21676780 0.37308150 0.09709379 0.41606955 0.19000111 0.17616505 0.33991445 0.34874631 0.05020429 0.28719990 0.44586013 0.64625431 0.90781716 0.47955055 0.75096086 0.00000000 0.71559775 0.38760702 0.09007535 0.28454665 0.31662115 0.26495041 0.24056568 0.31127103 0.29022954 0.25062127 0.36038115 0.37250528 0.27328817 0.45033584 0.19717560 0.44292982 0.20118465 0.13198354 0.29596817 0.18118815 0.29080117 0.17948989 0.33956438 0.28269591 0.37686471 0.01058151 0.07083008 0.21666449 0.18639280 0.30469528 0.11081341 0.24411622 0.31789467 0.27981448 0.30044047 0.27373411 0.30473031 0.24885235 0.14669570 0.20581006 0.20085034 0.27167541 0.30817069 0.22871131 0.31606651 0.25645030 0.17039533 0.16972172 0.19319652 0.17806435 0.26229003 0.19843845 0.29208523 0.36920366 0.42732556 0.35051674 0.51990951 
0.38127106 0.33243721 0.50814246 0.36641125 0.29644943 0.26313155 0.36251280 0.21921943 0.38302393 0.18574301 0.30701359 0.15983230 0.21298635 0.14941940 0.19204596 0.23790192 0.23586137 0.46465690 0.46921546 0.52199507 0.59414262 0.53892342 0.71559775 0.00000000 0.35879573 0.67508588 0.27988649 0.58171295 0.32095330 0.27747669 0.24853718 0.32170430 0.21068350 0.23418609 0.38313319 0.30100905 0.27059134 0.19344355 0.26321900 0.23090119 0.25858995 0.12937799 0.27074177 0.30242427 0.15312231 0.35012215 0.31858132 0.48625812 0.03740414 0.21296829 0.27892471 0.20380357 0.28754979 0.24309425 0.17392256 0.32958001 0.33457712 0.28111078 0.14657838 0.21728467 0.23537040 0.15192481 0.24727678 0.28387194 0.28536220 0.89402802 0.23030588 0.30370156 0.16739835 0.15292015 0.24478532 0.27497621 0.36689694 0.26015604 0.20802024 0.19496020 0.17565101 0.17461485 0.20068323 0.41537013 
0.33308162 0.32131094 0.30907012 0.15880720 0.20723831 0.37635389 0.16176516 0.22333146 0.24587244 0.26727318 0.45240885 0.28966295 0.23883213 0.28472427 0.56416129 0.25518039 0.40960437 0.62238169 0.29913404 0.25814204 0.29037350 0.30327273 0.38760702 0.35879573 0.00000000 0.39944430 0.31258064 0.39633365 0.34868254 0.30155244 0.30248616 0.30395084 0.20219690 0.28028903 0.28745131 0.23338416 0.10949550 0.26276272 0.21693408 0.58841053 0.40177576 0.28166686 0.16661311 0.22776562 0.32771730 0.29152651 0.23842085 0.19727383 0.18557936 0.13493640 0.24930413 0.24564731 0.32275539 0.09757100 0.28414929 0.26762381 0.25265717 0.20668864 0.48257630 0.18877789 0.21112129 0.89435249 0.19655562 0.55827661 0.44412200 0.60790527 0.29554825 0.33231162 0.25003906 0.28985977 0.23463244 0.26980119 0.21503017 0.17357948 0.24923853 0.37071289 0.42755156 0.25824949 0.20496033 0.29507154 
0.21253029 0.22069956 0.18537199 0.17773160 0.33474252 0.33735185 0.42095523 0.34304971 0.34438054 0.35606658 0.28841171 0.26991609 0.41705920 0.23967991 0.17752630 0.43796458 1.13793099 0.18944022 0.30422610 0.10307358 0.32034139 0.14938383 0.09007535 0.67508588 0.39944430 0.00000000 0.56718742 0.32372484 0.34365078 0.29169170 0.21503788 0.33807660 0.28259621 0.28881509 0.25508443 0.23205444 0.35328853 1.04636285 0.36995909 0.39018661 0.78720742 0.30185266 0.28213172 0.15611939 0.22920085 0.25427613 0.21226873 0.23805895 0.18692522 0.63049483 0.41201718 0.28432870 0.19269797 0.23608270 0.20456414 0.25406359 0.25423981 0.18371946 0.24160612 0.21754506 0.18337084 0.25506687 0.36965884 0.15298321 0.38533198 0.40007152 0.20691493 0.20191601 0.32906559 0.30580262 0.30288503 0.21384867 0.29850489 0.19058852 0.20021281 0.35342989 0.23793249 0.24162740 0.19360919 0.24421077 
0.26841273 0.25014547 0.24845855 0.29019071 0.24231781 0.12729692 0.32423935 0.23607079 0.20785689 0.21742438 0.10687820 0.26811636 0.24923457 0.16301150 0.33596452 0.25023115 0.13508788 0.26341433 0.21239689 0.26559707 0.28482398 0.24661457 0.28454665 0.27988649 0.31258064 0.56718742 0.00000000 0.40303064 0.33474046 0.36584007 0.98199700 0.39709564 0.40245899 0.35752219 0.27510795 0.23248873 1.36253619 0.30755531 0.35959973 0.35933079 0.26836241 0.10784215 0.19777719 0.25846950 0.35051691 0.37010128 0.23801232 0.26054216 0.22482321 0.17275955 0.21846573 0.18925100 0.26141272 0.32776058 0.25447171 0.21156795 0.34916695 0.25637971 0.92488125 0.19821164 0.21686938 0.58574952 0.11529911 0.27481790 0.23475358 0.27356195 0.28699826 0.22621866 0.26715826 0.29170116 0.21049828 0.24485679 0.19899588 0.18530840 0.13223658 0.21202555 0.74475015 0.15865611 0.26486373 0.17937460 
0.27221568 0.30881023 0.31873068 0.28485909 0.14518841 0.11189466 0.22453820 0.24401755 0.32073421 0.23860324 0.15711624 0.14714565 0.27188797 0.28778189 0.21868939 0.17576054 0.57801231 0.43466368 0.27283602 0.43694700 0.32493450 0.25435395 0.31662115 0.58171295 0.39633365 0.32372484 0.40303064 0.00000000 0.70993244 0.47061584 1.71841968 0.46368110 0.43819219 0.38901233 0.35728778 0.31358604 0.25408513 0.21621692 0.11021858 0.18583131 0.34640760 0.21412119 0.29046616 0.10314297 0.17298105 0.28080356 0.16691014 0.07553961 0.12066019 0.36564428 0.22841981 0.34541738 0.22598551 0.23674362 0.30196219 0.26825968 0.21613054 0.38970181 0.20661732 0.33905886 0.38162858 0.41334699 0.24514756 0.28070490 0.65738343 0.48492840 0.31730341 0.20358915 0.26146443 0.20564146 0.34893848 0.21311895 0.30592346 0.14838810 0.16336367 0.18280631 0.08544790 0.13668493 0.26755478 0.31075183 
0.28396574 0.25495558 0.28772890 0.24901371 0.29311498 0.25425761 0.29545221 0.21959398 0.23143435 0.29956370 0.10830131 0.17417538 0.13345520 0.11193143 0.16813275 0.23797264 0.31998037 0.19055877 0.25129635 0.17532952 0.24804067 0.22422102 0.26495041 0.32095330 0.34868254 0.34365078 0.33474046 0.70993244 0.00000000 0.37932964 0.53912597 0.49815934 0.32736434 0.29088500 0.53012850 0.20017026 0.22903144 0.30651001 0.17576919 0.20244020 0.18448998 0.11991191 0.25520938 0.11902925 0.19372664 0.28829110 0.08522039 0.27992511 0.11553184 0.22281399 0.25025382 0.29476750 0.37135314 0.19236547 0.26271531 0.20411367 0.40262778 0.34890626 0.39313154 0.72867199 1.56405356 0.75015360 0.50131228 0.39238606 0.40668109 0.27418498 0.25472224 0.26837677 0.16755021 0.20812986 0.22743874 0.35961779 0.23741430 0.21934556 0.32523316 0.20064715 0.28363525 0.38380915 0.57846100 0.19996138 
0.31487116 0.28959370 0.18402531 0.25055171 0.30589812 0.20019356 0.32502728 0.24540673 0.32494621 0.23140437 0.30175201 0.33378494 0.18668948 0.22185015 0.27613613 0.22482590 0.27914095 0.27836084 0.33676976 0.21587343 0.30002076 0.30075427 0.24056568 0.27747669 0.30155244 0.29169170 0.36584007 0.47061584 0.37932964 0.00000000 0.51735499 0.28132360 0.45538605 0.27082808 0.27098990 0.29708882 0.21081010 0.34018415 0.25691118 0.25880275 0.38154296 0.31183883 0.34352156 0.26538552 0.24383580 0.36202698 0.19063076 0.18746272 0.20579813 0.19887726 0.29421567 0.31247797 0.33026007 0.19091910 0.26543492 0.32302108 0.27390695 0.56241040 0.36969761 0.28964018 0.44337207 0.43409243 0.23977630 0.23199328 0.38224226 0.36136895 0.32194413 0.24869798 0.32328174 0.28683699 0.27322952 0.19729782 0.24591331 0.25485239 0.20073977 0.26641127 0.27627161 0.25792667 0.34498157 0.39865393 
0.36953212 0.31995634 0.40209510 0.28725449 0.25955931 0.32341423 0.23922456 0.26365023 0.21199812 0.20827567 0.11497627 0.13116526 0.35193639 0.04875326 0.22989325 0.19029193 0.14187673 0.25146427 0.33485123 0.25123595 0.37756426 0.36855588 0.31127103 0.24853718 0.30248616 0.21503788 0.98199700 1.71841968 0.53912597 0.51735499 0.00000000 0.48099129 0.27632275 0.37056552 0.25015988 0.29927243 1.06790918 0.15482625 0.32306863 0.18582187 0.14496519 0.22719703 0.37357847 0.33769034 0.25323615 0.32553893 0.17179369 0.12798032 0.22519355 0.27845879 0.14006149 0.12246040 0.17878044 0.22645362 0.19877930 0.20029511 0.27467459 0.34663717 0.42040649 0.18051810 0.14841032 0.40315741 0.26692582 0.12455025 0.21894971 0.26265043 0.34575201 0.18908975 0.27262441 0.18042403 0.28303756 0.24575534 0.30395243 0.21918885 0.21009412 0.21906865 0.44678901 0.33921033 0.31256683 0.21391189 
0.29818058 0.32110805 0.42139836 0.34931569 0.21135069 0.25169072 0.10832893 0.28106364 0.27079970 0.29797783 0.14999517 0.24894590 0.23881703 0.25993961 0.07785303 0.23053619 0.21465033 0.33786179 0.29335491 0.22003226 0.20973043 0.32504354 0.29022954 0.32170430 0.30395084 0.33807660 0.39709564 0.46368110 0.49815934 0.28132360 0.48099129 0.00000000 0.32454152 0.75842577 0.38124115 0.35738830 0.44157095 0.34845416 0.23728880 0.16238652 0.21207228 0.17433552 0.22839510 0.15556761 0.17083114 0.20534470 0.19152880 0.17015373 0.08079893 0.27165930 0.17512665 0.36193720 0.27919096 0.26031917 0.55284504 0.59334078 0.30929814 1.64993786 0.26114685 0.30267867 0.27345381 0.19596154 0.29698394 0.29310221 0.46069831 0.31796515 0.27384279 0.21778142 0.32828416 0.23587686 0.27420547 0.26414616 0.23430295 0.28194111 0.30487142 0.23815059 0.28803762 0.38592815 0.19961377 0.42837380 
0.32198501 0.28584119 0.35341442 0.36209449 0.32019511 0.27205666 0.26265242 0.17109630 0.16945886 0.20105747 0.21528956 0.25678904 0.21260099 0.17812891 0.21333803 0.12637950 0.09975377 0.29078474 0.34906548 0.23871581 0.36495726 0.21527901 0.25062127 0.21068350 0.20219690 0.28259621 0.40245899 0.43819219 0.32736434 0.45538605 0.27632275 0.32454152 0.00000000 0.34699839 0.31257025 0.31267905 0.34656277 0.31047658 0.46859599 0.27157041 0.28191797 0.26142973 0.22865554 0.29541788 0.39666869 0.30460631 0.19921487 0.19318942 0.34168943 0.33542194 0.38281564 0.20839105 0.51348033 0.35748224 0.42679491 0.41180867 0.55110604 0.26992151 0.45925120 0.31847961 0.25041992 0.20761406 0.20069206 0.22867072 0.24788719 0.24511108 0.33398664 0.43529096 0.27152812 0.33567928 0.27922211 0.19887376 0.29813280 0.47275825 0.18700363 0.14454957 0.27692764 0.28228716 0.47672595 0.25584630 
0.31747613 0.28332447 0.30065764 0.31011227 0.25770367 0.21611051 0.27207422 0.25373515 0.17892128 0.38546132 0.19212431 0.23805925 0.15758789 0.34406357 0.09608314 0.26367806 0.23167400 0.29469422 0.37967120 0.30282823 0.18841457 0.24968990 0.36038115 0.23418609 0.28028903 0.28881509 0.35752219 0.38901233 0.29088500 0.27082808 0.37056552 0.75842577 0.34699839 0.00000000 0.54581045 0.39381177 1.45268853 0.26241117 0.26709120 0.10656482 0.20672663 0.06313909 0.25758811 0.16408605 0.16203917 0.24209559 0.10677757 0.26316089 0.12488828 0.19055833 0.29194575 0.26346176 0.35430438 0.29019280 0.24457726 1.82925595 0.27420163 0.35271404 0.12643754 0.28550174 0.14920115 0.21515561 0.41451269 0.20697319 0.28981301 0.15929116 0.38104997 0.31145708 0.19316259 0.21687184 0.39548208 0.25313452 0.27162059 0.25334760 0.30158950 0.25053302 0.16287911 0.36394100 0.29042128 0.35824029 
0.30162772 0.29597956 0.37590713 0.31416946 0.26131363 0.35298412 0.23964944 0.39517401 0.19683603 0.32597441 0.10731680 0.14393311 0.22416671 0.26582862 0.23347548 0.32251828 0.27018042 0.31825227 0.27444647 0.22664785 0.26540104 0.21304612 0.37250528 0.38313319 0.28745131 0.25508443 0.27510795 0.35728778 0.53012850 0.27098990 0.25015988 0.38124115 0.31257025 0.54581045 0.00000000 0.56996458 0.42994535 0.24492724 0.19594908 0.10919359 0.15514805 0.15999139 0.25684043 0.19840717 0.24788463 0.30968781 0.30247606 0.19165372 0.19776557 0.31982413 0.31390607 0.27039738 0.56679765 0.53332106 0.62298143 1.41412790 0.29306021 0.24124408 0.17067525 0.25606126 0.31514399 0.22239392 0.32004691 0.18771762 0.21025128 0.23632142 0.27682622 0.41246037 0.26550221 0.23083357 0.31372116 0.34265653 0.23567386 0.25278111 0.23216296 0.30292721 0.09229581 0.25408642 0.39529739 0.40608645 
0.24119180 0.25218300 0.18895521 0.26316398 0.14396514 0.18373577 0.32751414 0.31545556 0.25472216 0.24038458 0.18292275 0.22687685 0.30784552 0.18957922 0.28767577 0.21840101 0.17979104 0.28873350 0.36210549 0.28390968 0.27318164 0.35684199 0.27328817 0.30100905 0.23338416 0.23205444 0.23248873 0.31358604 0.20017026 0.29708882 0.29927243 0.35738830 0.31267905 0.39381177 0.56996458 0.00000000 0.55169641 0.38247497 0.30669464 0.27036127 0.26238495 0.18810287 0.33435519 0.34221270 0.45847910 0.26515835 0.32713119 0.31034952 0.31171624 0.21055359 0.30282360 0.86291056 0.31215081 0.62371622 0.23645287 0.47107401 0.21454070 0.28894038 0.27952736 0.41633052 0.33266231 0.16856455 0.30337513 0.33358450 0.24310701 0.11687422 0.25190876 0.29762139 0.28553515 0.25757336 0.28230381 0.19985539 0.32064212 0.26015479 0.30730747 0.34631830 0.29234726 0.26330943 0.37393662 0.19981546 
0.30144897 0.28666201 0.33556369 0.28521681 0.21558325 0.27077494 0.25310138 0.12874147 0.22321191 0.30425522 0.20475478 0.17774017 0.20045863 0.06112836 0.10234709 0.15729695 0.14016857 0.37525738 0.38722531 0.31378950 0.27533324 0.30629989 0.45033584 0.27059134 0.10949550 0.35328853 1.36253619 0.25408513 0.22903144 0.21081010 1.06790918 0.44157095 0.34656277 1.45268853 0.42994535 0.55169641 0.00000000 0.61767838 0.32413178 0.16237696 0.26284508 0.11228824 0.31085414 0.33311259 0.23608411 0.29329945 0.26789877 0.20276837 0.23260711 0.23128675 0.17464436 0.31970527 0.29239136 0.38122452 0.14579098 0.29941511 0.40255611 0.22620021 0.28711555 0.11882522 0.32305621 0.34069087 0.13568807 0.10306425 0.18656610 0.34460545 0.39621430 0.38517750 0.25790905 0.37016626 0.21186955 0.27763221 0.21346088 0.15987194 0.17722368 0.14529502 0.21371277 0.19361486 0.18830856 0.15621199 
0.27036660 0.24467710 0.23882214 0.21425754 0.14062524 0.32091917 0.26582103 0.28966897 0.43263202 0.34121370 0.34024685 0.21554522 0.24732949 0.35061213 0.24129094 0.38779360 0.21728310 0.25069955 0.20321525 0.19317804 0.23551015 0.27047424 0.19717560 0.19344355 0.26276272 1.04636285 0.30755531 0.21621692 0.30651001 0.34018415 0.15482625 0.34845416 0.31047658 0.26241117 0.24492724 0.38247497 0.61767838 0.00000000 0.33458744 0.53158669 0.45269409 0.26464319 0.28165994 0.28143904 0.28628456 0.22085557 0.23662601 0.30319807 0.32423399 1.72303813 0.28530898 0.86218333 0.26591527 0.20789063 0.15865082 0.27349912 0.37376574 0.20135625 0.30057729 0.31230178 0.17681957 0.18368708 0.15777123 0.20131560 0.28731945 0.16040160 0.27431933 0.21654597 0.38288535 0.20322116 0.38617696 0.40115639 0.20347337 0.29206771 0.27154386 0.21216063 0.18903265 0.19756315 0.20330005 0.18537905 
0.33272076 0.34602064 0.34578243 0.31642915 0.34845133 0.27767144 0.47761228 0.22354380 0.35937978 0.46969598 0.24791238 0.34111543 0.17674008 0.13328875 0.19409052 0.35300573 0.22066349 0.31012750 0.28453848 0.43976588 0.25470297 0.40142231 0.44292982 0.26321900 0.21693408 0.36995909 0.35959973 0.11021858 0.17576919 0.25691118 0.32306863 0.23728880 0.46859599 0.26709120 0.19594908 0.30669464 0.32413178 0.33458744 0.00000000 0.93575685 0.30135290 0.17732362 0.30155788 0.16380202 0.39380150 0.26305694 0.26813330 0.30214544 0.34105147 0.19882356 0.26323681 0.16119496 0.58883583 0.40185892 0.33562730 0.25638808 0.43879408 0.19555398 0.26593253 0.07193568 0.11078107 0.43949485 0.24894212 0.19601963 0.11826049 0.27435720 0.49155627 0.16890042 0.10315222 0.18503311 0.19017381 0.18486323 0.48728797 0.17808545 0.31497400 0.26409241 0.79537394 0.16393379 0.31949532 0.20945650 
0.24414492 0.22490363 0.27070622 0.26871041 0.15105690 0.29704537 0.20858745 0.19502921 0.27858079 0.27975494 0.31070469 0.24353163 0.28574996 0.40328477 1.04201938 0.37947942 0.60146797 0.24323223 0.28558696 0.33038635 0.40802901 0.19729469 0.20118465 0.23090119 0.58841053 0.39018661 0.35933079 0.18583131 0.20244020 0.25880275 0.18582187 0.16238652 0.27157041 0.10656482 0.10919359 0.27036127 0.16237696 0.53158669 0.93575685 0.00000000 0.21084508 0.32271590 0.37693396 0.29776537 0.29506787 0.20550598 0.42014252 0.30584432 0.52196781 0.40624294 0.34872391 0.31475877 0.22854573 0.31835614 0.06255964 0.10268226 0.07279802 0.09772920 0.17326850 0.22227501 0.20980159 0.35717162 0.27632101 0.38219374 0.21952550 0.22649991 0.45825954 0.18808312 0.28496677 0.40039214 0.11136140 0.30131813 0.28427804 0.20530988 0.10398168 1.04895624 0.83732722 0.11190072 0.27617425 0.19224286 
0.23008128 0.22657211 0.19004804 0.19464753 0.24625819 0.14833440 0.33143066 0.27265174 0.23968092 0.31269730 0.31795808 0.37444039 0.36180422 0.35302212 0.19021126 0.65460709 0.54039793 0.33281611 0.29252566 0.28034637 0.26286657 0.24414960 0.13198354 0.25858995 0.40177576 0.78720742 0.26836241 0.34640760 0.18448998 0.38154296 0.14496519 0.21207228 0.28191797 0.20672663 0.15514805 0.26238495 0.26284508 0.45269409 0.30135290 0.21084508 0.00000000 0.36705296 0.30312430 0.57004973 0.50885228 0.30939869 0.52689084 0.93503942 0.28688540 0.70884976 0.32833066 0.27151174 0.21085144 0.13433226 0.24243857 0.13819055 0.26040071 0.18653045 0.29851899 0.23187277 0.20286667 0.29171144 0.24881034 0.27496359 0.17885867 0.41079032 0.24493399 0.28454770 0.41676776 0.28605148 0.27520980 0.29893035 0.42802765 0.21333930 0.31287793 0.21805164 0.23283751 0.07757378 0.26464089 0.11401146 
0.34929061 0.30128737 0.23568428 0.35838772 0.28793458 0.47073201 0.29008697 0.36986925 0.93873258 0.65898720 0.36519439 0.40839892 0.73179882 0.32571353 0.43874916 0.42982170 0.38574745 0.23832384 0.25837389 0.23590498 0.34532913 0.30316782 0.29596817 0.12937799 0.28166686 0.30185266 0.10784215 0.21412119 0.11991191 0.31183883 0.22719703 0.17433552 0.26142973 0.06313909 0.15999139 0.18810287 0.11228824 0.26464319 0.17732362 0.32271590 0.36705296 0.00000000 0.28109460 0.34172269 0.35389104 0.32668903 0.21327240 0.33977681 0.63841732 0.22474468 0.26631374 0.20948121 0.28032371 0.27179301 0.26470980 0.16650355 0.19894769 0.18912339 0.25500364 0.04541993 0.07437210 0.32376362 0.34690894 0.31783713 0.17916652 0.18303156 0.38303453 0.13921426 0.38048069 0.55570379 0.46560839 0.45791654 0.47436711 0.58881848 0.30963399 0.32378207 0.13744078 0.17349448 0.14436581 0.18450978 
0.23497642 0.22235922 0.04481262 0.10395756 0.03742512 0.16187722 0.38662862 0.25797244 0.16646728 0.22951784 0.25546097 0.27872829 0.48329120 0.43261551 0.29337503 0.64958264 0.31856719 0.18667622 0.35123415 0.26709468 0.35062071 0.27172112 0.18118815 0.27074177 0.16661311 0.28213172 0.19777719 0.29046616 0.25520938 0.34352156 0.37357847 0.22839510 0.22865554 0.25758811 0.25684043 0.33435519 0.31085414 0.28165994 0.30155788 0.37693396 0.30312430 0.28109460 0.00000000 0.44332272 0.58928471 0.71976092 0.53152623 0.62463147 0.37121273 0.25330170 0.30867478 0.20670843 0.26598692 0.27375150 0.18635891 0.30360244 0.20998428 0.16571502 0.19414860 0.29861404 0.29894218 0.27460279 0.08550796 0.37574823 0.33471687 0.19477105 0.61341108 0.34956884 0.24204563 0.33856007 0.24351374 0.32419429 0.27920255 0.40957868 0.29369385 0.36870873 0.35334644 0.23152540 0.32813061 0.16050628 
0.23942933 0.25671360 0.18526190 0.17324125 0.21833729 0.15144196 0.24880631 0.35636392 0.39353409 0.46582081 0.56497707 0.40774009 0.42042634 0.23098894 0.33870437 0.38637679 0.18359832 0.33512200 0.36388066 0.39947053 0.34679163 0.30643649 0.29080117 0.30242427 0.22776562 0.15611939 0.25846950 0.10314297 0.11902925 0.26538552 0.33769034 0.15556761 0.29541788 0.16408605 0.19840717 0.34221270 0.33311259 0.28143904 0.16380202 0.29776537 0.57004973 0.34172269 0.44332272 0.00000000 0.85561900 0.46044894 0.62049744 0.55450208 0.78754786 0.26485629 0.38296001 0.08643390 0.22992936 0.25734467 0.29413610 0.28744962 0.21848555 0.12150605 0.30018250 0.15365700 0.18110903 0.22781326 0.27428357 0.26301380 0.28373589 0.11886624 0.31882796 0.14760745 0.38560136 0.40041441 0.35904207 0.41713533 0.27970092 0.08601507 0.21304802 0.25845996 0.18976644 0.21926765 0.22283801 0.20412496 
0.25259818 0.23941285 0.12040099 0.13678950 0.00000000 0.03760152 0.20521015 0.04724469 0.31983172 0.10775214 0.35463479 0.30998963 0.34001899 0.35868008 0.27530015 0.34039483 0.17422173 0.18529211 0.39928393 0.42029507 0.33785027 0.31985765 0.17948989 0.15312231 0.32771730 0.22920085 0.35051691 0.17298105 0.19372664 0.24383580 0.25323615 0.17083114 0.39666869 0.16203917 0.24788463 0.45847910 0.23608411 0.28628456 0.39380150 0.29506787 0.50885228 0.35389104 0.58928471 0.85561900 0.00000000 0.66720702 0.75694281 0.66017700 0.45394640 0.40475898 0.35223798 0.24228554 0.39002143 0.40605188 0.27563854 0.24882872 0.16684314 0.23705953 0.33711111 0.19449905 0.17492625 0.37967180 0.13154295 0.22759010 0.27935480 0.26567753 0.31047415 0.21476687 0.33635454 0.28775552 0.25592837 0.29196524 0.27430122 0.32433539 0.17893461 0.36958354 0.30157545 0.16945696 0.27564623 0.22105145 
