0.00000000 0.05896698 0.05911284 0.06361063 0.05403877 0.02887001 0.03487664 0.04205085 0.02894162 0.02199915 0.03363687 0.03035322 0.02802079 0.03070043 0.02702643 0.02217833 0.02896876 0.03383910 0.01755745 0.02388132 0.02471676 0.04857045 0.02356766 0.04584708 0.03768687 0.02304099 0.02072671 0.02642443 0.03541481 0.06209476 0.04515342 0.04162515 0.04754299 0.03155663 0.02011783 0.03753720 0.03387697 0.04384556 0.03818389 0.04054733 0.03380646 0.03460482 0.03380468 0.02307223 0.02716339 0.02407846 0.05463098 0.03654822 0.03075507 0.02019209 0.01758126 0.04449507 0.03982785 0.02420891 0.04335881 0.03763453 0.02883325 0.01853633 0.04212234 0.04491356 0.04631415 0.03268989 0.04068665 0.02456887 0.04467348 0.03336117 0.03464388 0.03321859 0.02072158 0.03191630 0.01837098 0.01804584 0.03218525 0.04844906 0.03742488 0.04371389 0.03896801 0.02159651 0.04147571 0.01697651 0.02526281 0.03197153 0.04429488 0.06548694 0.01940326 0.02104860 0.05568632 0.05792287 0.04739266 0.04856804 0.01704930 0.02213466 0.03464790 0.03495728 0.01733173 0.03242088 0.04305465 0.04044589 0.02212143 0.03163711 0.03246011 0.02774321 0.03800623 0.02812883 0.03812178 0.05223137 0.03959721 0.04816333 0.03293905 0.05145471 0.03368862 0.05164829 0.02401517 0.03451858 0.03133468 0.02472813 0.06550385 0.02771123 0.04619441 0.03321681 0.02713434 0.02423870 0.04085781 0.03591456 0.03792504 0.04389596 0.03969271 0.03244881 0.04086954 0.02341418 0.02375043 0.03259920 0.05360343 0.04441106 0.01995090 0.04304363 0.04218630 0.02989326 0.01954552 0.06001425 0.04186173 0.04273828 0.04644810 0.05128923 0.04364050 0.05408378 0.04780280 0.04038398 0.05276272 0.04310036 0.01914213 0.04563546 0.05255988 0.05893390 0.07339131 0.05640174 
0.05896698 0.00000000 0.07579155 0.05033808 0.04538334 0.05134100 0.04077952 0.04837733 0.03779875 0.04167784 0.03506131 0.04310016 0.02348846 0.03425309 0.02245877 0.04150003 0.03956526 0.04581390 0.03590892 0.02093382 0.03475912 0.04588680 0.02321565 0.03799308 0.03755579 0.03755645 0.01884394 0.02727446 0.02826725 0.03552779 0.05095957 0.03597501 0.04515949 0.03386818 0.02778213 0.04033410 0.03369343 0.03205729 0.03930546 0.02744264 0.04212112 0.03933308 0.04169905 0.02287829 0.02524010 0.02821015 0.02566738 0.03993904 0.02673337 0.03133635 0.03000830 0.03230061 0.03046592 0.03410533 0.03644350 0.02792046 0.04362439 0.03269024 0.03198952 0.05312014 0.03739359 0.05599217 0.02915284 0.02936452 0.03842715 0.04641647 0.04656685 0.03613624 0.02589591 0.03635337 0.02697156 0.03127963 0.03248678 0.03900696 0.03003094 0.03325238 0.03312384 0.02651754 0.03218946 0.02375039 0.03257067 0.02896759 0.03178475 0.05243437 0.02465291 0.05164653 0.03845449 0.03721320 0.04079574 0.03740647 0.03028350 0.02575591 0.01524828 0.01598628 0.02409481 0.03609823 0.04427016 0.04606081 0.05133662 0.04695173 0.03846433 0.03024145 0.04234137 0.03027141 0.03955047 0.03550221 0.04319701 0.03936784 0.04006451 0.02753890 0.04365847 0.02240042 0.02998736 0.03669011 0.03223543 0.03870794 0.05982521 0.02317784 0.03652725 0.04378838 0.02260643 0.02929128 0.02243521 0.02930676 0.03177626 0.03666956 0.04078725 0.03101153 0.03247218 0.01973163 0.02389710 0.02862569 0.04472373 0.04635285 0.03846377 0.03177990 0.02808446 0.03173047 0.02968253 0.04998834 0.03971624 0.04316502 0.03955719 0.03473990 0.04189280 0.05554961 0.03400132 0.03534275 0.04330537 0.03745647 0.02150676 0.04313726 0.06303908 0.06287972 0.06472322 0.07941075 
0.05911284 0.07579155 0.00000000 0.05682675 0.04972166 0.04672658 0.05295640 0.03849150 0.04884844 0.02802639 0.04177956 0.03323779 0.02000575 0.02669523 0.01894459 0.04224189 0.03298522 0.03505414 0.03911635 0.01334294 0.02230648 0.04862564 0.03227377 0.04372029 0.03450175 0.03731418 0.02206220 0.03816366 0.03700480 0.03884039 0.04484413 0.04152653 0.03249855 0.03787895 0.02588511 0.03411213 0.03371556 0.03636199 0.03328746 0.02694126 0.03772026 0.02912877 0.04514595 0.01907016 0.01425129 0.03138290 0.02949360 0.03427348 0.03187718 0.01926880 0.02394000 0.03905108 0.03141171 0.02992241 0.03728270 0.03900632 0.02631586 0.03411223 0.02403948 0.04429406 0.03392481 0.05695897 0.03347033 0.02805921 0.02989543 0.03061277 0.03182829 0.04229591 0.01946383 0.01620683 0.01925067 0.02218706 0.02954811 0.04639009 0.03670224 0.03932614 0.03997215 0.02583389 0.03267608 0.02487783 0.02734766 0.03397869 0.03854786 0.05886795 0.03595465 0.03428153 0.03683418 0.03930638 0.03752022 0.03878172 0.04311463 0.04101214 0.02220691 0.02056678 0.01164531 0.03214311 0.03928319 0.04333768 0.04067803 0.03682273 0.03635245 0.02124159 0.03298126 0.03340370 0.05163374 0.04385842 0.04173922 0.03735974 0.03857275 0.03428709 0.02723882 0.02882662 0.03700433 0.02283273 0.03457670 0.02892319 0.06316008 0.02310979 0.03468457 0.03683733 0.04644379 0.02067724 0.03595423 0.04409648 0.03574952 0.03696491 0.03433491 0.03180608 0.03760019 0.02373805 0.04466776 0.04508549 0.04445231 0.04315955 0.02733105 0.04367014 0.03963518 0.03180871 0.02281851 0.04309164 0.03837711 0.04205347 0.03902188 0.04749558 0.05441842 0.04307053 0.05078030 0.04269489 0.06242733 0.04202957 0.03383282 0.05803681 0.05555043 0.06074844 0.08017929 0.06605524 
0.06361063 0.05033808 0.05682675 0.00000000 0.04814993 0.05288687 0.05025700 0.04889659 0.04288760 0.01849199 0.03501547 0.02693614 0.02095749 0.05254809 0.00614350 0.01929647 0.04258277 0.02132871 0.06693122 0.03375128 0.02509457 0.02316611 0.04781722 0.05461367 0.03110792 0.03775930 0.02209486 0.02290992 0.02297505 0.03354570 0.04456298 0.03661572 0.02333810 0.04418309 0.01906157 0.01361990 0.03761857 0.02053605 0.04974503 0.03858558 0.03609571 0.05990983 0.03393084 0.02194756 0.03143038 0.01812952 0.03935945 0.04240262 0.04038835 0.01265189 0.04669686 0.02852794 0.04628969 0.03171328 0.03303588 0.02181578 0.02908899 0.02932779 0.03450366 0.03207740 0.03282447 0.03595741 0.03629806 0.03663234 0.03215142 0.03773351 0.04076885 0.02479571 0.04378833 0.04110450 0.06242239 0.03016357 0.04546108 0.03963422 0.02638358 0.03979619 0.04040931 0.03367733 0.04555480 0.01677752 0.05162344 0.00997670 0.04803486 0.03472440 0.04025984 0.02419412 0.05626661 0.04690758 0.04787054 0.04128670 0.05606204 0.02877164 0.03992857 0.04911095 0.02463085 0.03537049 0.04100500 0.04339736 0.03582843 0.04079013 0.04477034 0.02423262 0.04113672 0.03440554 0.02084352 0.05070924 0.03744194 0.03567878 0.03314651 0.03405575 0.04122152 0.04843081 0.03468313 0.03441897 0.02888287 0.03189518 0.04552739 0.04156000 0.06197015 0.02369334 0.03841061 0.03225351 0.03568871 0.01640278 0.04032621 0.02555359 0.04068012 0.04885970 0.01293526 0.02463873 0.05085408 0.03802364 0.04417957 0.04780405 0.03725328 0.03480398 0.04050135 0.03696127 0.03184431 0.05187551 0.02677723 0.04832225 0.02318371 0.03747710 0.03361488 0.03184257 0.05499492 0.02886749 0.05052949 0.03947185 0.04450702 0.06991973 0.04224574 0.05442577 0.05190292 0.04154299 
0.05403877 0.04538334 0.04972166 0.04814993 0.00000000 0.07313679 0.05311797 0.03121077 0.03244118 0.03958253 0.03455683 0.02350392 0.03008259 0.03823237 0.02170304 0.02914513 0.03323984 0.04104638 0.02453111 0.01734148 0.01611371 0.02629941 0.04238534 0.03700712 0.03836230 0.04099010 0.02943315 0.02215811 0.02653461 0.04818006 0.01142652 0.03381977 0.02978894 0.03761075 0.03609755 0.03152696 0.02790352 0.02307934 0.04749316 0.04360897 0.04424649 0.03012162 0.03141278 0.04103492 0.04592156 0.03243447 0.02897740 0.05189206 0.04042898 0.01383997 0.05388609 0.04609930 0.03958787 0.02278099 0.03347577 0.02485700 0.04960697 0.01943693 0.03045979 0.01942141 0.03380604 0.02725367 0.03109431 0.03416584 0.03266180 0.04291430 0.04069751 0.04897571 0.01577447 0.04231180 0.03249709 0.03414126 0.02584362 0.05459394 0.04255742 0.05150174 0.03610366 0.04961938 0.03601308 0.02310054 0.02525327 0.01385741 0.03893092 0.03109196 0.03616862 0.02333240 0.03145616 0.04803134 0.03414816 0.04498963 0.03205467 0.03548499 0.04621630 0.03367386 0.05559268 0.03556428 0.04527263 0.04003173 0.01472721 0.04677402 0.02117728 0.03734083 0.02156460 0.03772275 0.02106791 0.03977370 0.03173237 0.03889405 0.03398119 0.04506417 0.03384488 0.04204063 0.03364385 0.03842314 0.04109614 0.04020019 0.04366189 0.04878158 0.04445721 0.02048062 0.04657798 0.03319949 0.05200856 0.03128339 0.04174940 0.03533263 0.04031932 0.04089585 0.05542093 0.03445009 0.03800575 0.04231229 0.05237875 0.03400051 0.05210152 0.07103593 0.05728223 0.01979855 0.04329289 0.05050664 0.03522212 0.05083008 0.03449153 0.04253463 0.04198604 0.05131433 0.03951805 0.02246867 0.04572402 0.04552289 0.04360465 0.03667363 0.02905368 0.04050721 0.04916649 0.04102257 
0.02887001 0.05134100 0.04672658 0.05288687 0.07313679 0.00000000 0.05666341 0.05169175 0.04836055 0.07639165 0.04029397 0.02352160 0.04245416 0.04721785 0.02253028 0.01933065 0.01135162 0.01820665 0.05080874 0.03975101 0.02207731 0.01226692 0.02026779 0.03883871 0.02741697 0.04799471 0.04515235 0.01780621 0.03133731 0.05589919 0.01966889 0.02239165 0.00171175 0.04429631 0.02927788 0.01584870 0.03668482 0.01412535 0.03031240 0.02902395 0.04380893 0.04820522 0.01875291 0.04989584 0.04324724 0.04291220 0.01517541 0.04603947 0.02647535 0.01872321 0.05119399 0.04073533 0.05165604 0.07299414 0.02775094 0.03084633 0.04332419 0.03960574 0.03358166 0.01968055 0.03115666 0.02698198 0.03957108 0.02720436 0.03594027 0.04605018 0.05109609 0.04469858 0.05815765 0.03093391 0.04332055 0.05458490 0.03158552 0.02622537 0.04218037 0.05716980 0.04915613 0.03710296 0.04014856 0.02802093 0.03787107 0.00296824 0.04660793 0.01541697 0.03915567 0.01951855 0.02625900 0.04259297 0.04254076 0.04243054 0.04381462 0.03642779 0.04755820 0.03738442 0.05940282 0.04237762 0.04242475 0.01860566 0.02034335 0.04871692 0.02490075 0.02966943 0.04111034 0.03828234 0.00784489 0.03141724 0.03882850 0.05127799 0.03973167 0.04366141 0.04176524 0.02660435 0.03222098 0.05061947 0.04052447 0.06693059 0.04408427 0.06263988 0.03184490 0.02116500 0.02934657 0.02888592 0.02936670 0.02747834 0.03626786 0.03273692 0.05595917 0.05222673 0.03479344 0.02617089 0.05479381 0.03847876 0.02983813 0.04060181 0.05619331 0.04344949 0.03867811 0.02670000 0.04789947 0.03643533 0.05104554 0.03653511 0.04104837 0.03350438 0.02013089 0.04276619 0.01226217 0.02517416 0.05932439 0.01553012 0.02924924 0.03942413 0.04397632 0.04825319 0.03510206 0.05213208 
0.03487664 0.04077952 0.05295640 0.05025700 0.05311797 0.05666341 0.00000000 0.05937114 0.07124322 0.10590938 0.04486421 0.03251936 0.03894633 0.04215594 0.02172949 0.04399479 0.03387919 0.03063185 0.04068032 0.01110519 0.02220442 0.02551758 0.03064566 0.02502889 0.02246448 0.03528484 0.01498914 0.02384918 0.03854695 0.03159222 0.03262849 0.04340586 0.00847642 0.03059906 0.05179350 0.00841418 0.06588277 0.00923762 0.02940440 0.03822806 0.05497479 0.03988371 0.04529708 0.03008636 0.04158961 0.04434444 0.02852981 0.02511700 0.01259932 0.01818729 0.03901612 0.02525220 0.02909384 0.02126384 0.02817189 0.05070000 0.04732521 0.04799486 0.02532469 0.02097202 0.04870515 0.03133643 0.04988397 0.05533847 0.03163466 0.05278997 0.02917452 0.01559811 0.01932108 0.03848092 0.03171884 0.02723330 0.03821470 0.06330085 0.04866453 0.03444187 0.04180411 0.03469808 0.03106381 0.02191331 0.03057680 0.00278039 0.06421175 0.02533489 0.08385379 0.01860543 0.04231005 0.02307831 0.06992289 0.03433097 0.02462533 0.03958540 0.05212612 0.03272424 0.06115734 0.03695925 0.03604594 0.03024126 0.02593906 0.01758159 0.02832600 0.02013279 0.01689738 0.04205301 0.03036266 0.05617035 0.04985438 0.01388409 0.04128568 0.02610654 0.03037464 0.03568407 0.03390231 0.01712029 0.04215078 0.03283549 0.03521733 0.02749553 0.05610640 0.03537120 0.04740382 0.04724091 0.07560582 0.05579248 0.06035089 0.04709909 0.04613393 0.04456489 0.04424986 0.02434147 0.02898570 0.04727153 0.05966101 0.04522127 0.02302815 0.03459993 0.03520145 0.03876150 0.03015947 0.01314528 0.01932372 0.04945602 0.03112035 0.04848104 0.03536613 0.04186637 0.05676750 0.01297582 0.04263910 0.03035285 0.03676651 0.04127915 0.02697056 0.04337658 0.04606158 0.03127946 
0.04205085 0.04837733 0.03849150 0.04889659 0.03121077 0.05169175 0.05937114 0.00000000 0.05094142 0.04893956 0.04818494 0.04445178 0.03617317 0.06167155 0.04994663 0.02543630 0.04431822 0.03286588 0.03714471 0.03868272 0.04508092 0.03111961 0.02877733 0.03462361 0.04139742 0.04050733 0.04863806 0.01317606 0.04423165 0.02245680 0.03395336 0.04377851 0.03175774 0.03340962 0.02384258 0.04107328 0.04753715 0.02221587 0.03629918 0.03625152 0.03059757 0.02383423 0.03953225 0.04132098 0.03517599 0.04317245 0.02853924 0.03497915 0.03432869 0.02313285 0.03416963 0.02963275 0.02937765 0.02963904 0.06211679 0.04365498 0.04306666 0.03496695 0.03012153 0.03366644 0.02242087 0.03180828 0.02897500 0.05138980 0.02997742 0.04201415 0.04570023 0.03212988 0.03309540 0.01518528 0.04045278 0.06491523 0.04697038 0.03931769 0.03802195 0.03371664 0.03364198 0.04489401 0.05236031 0.03499838 0.03429764 0.02225743 0.04363356 0.03355655 0.05343094 0.02831381 0.04069960 0.04979143 0.05433200 0.04973211 0.03119237 0.06025903 0.02570605 0.03165814 0.02131255 0.05253989 0.04030922 0.02829991 0.04882958 0.04401970 0.01982550 0.03702710 0.03033361 0.05185453 0.03359587 0.03943557 0.04839357 0.03864409 0.02720246 0.04127970 0.05035264 0.04903062 0.04442467 0.04398402 0.03859147 0.03538268 0.03017057 0.04497470 0.02703060 0.04362008 0.02948358 0.04128107 0.03867891 0.04204300 0.04032468 0.04211217 0.04303956 0.05198097 0.02140045 0.03452002 0.04278200 0.04575808 0.04124198 0.03990795 0.05114802 0.03534703 0.02798049 0.02946894 0.03996661 0.02195256 0.01180526 0.04307168 0.03818271 0.01222717 0.01319134 0.03825028 0.01667940 0.01990649 0.03113092 0.01968282 0.03473002 0.04890096 0.03605261 0.02873659 0.03044867 0.02740681 
0.02894162 0.03779875 0.04884844 0.04288760 0.03244118 0.04836055 0.07124322 0.05094142 0.00000000 0.06466641 0.03008685 0.03632410 0.03348504 0.03615642 0.02565733 0.05935739 0.04511855 0.01796832 0.04582310 0.04561840 0.02502433 0.02205856 0.03110230 0.05015716 0.04379595 0.03124501 0.03969939 0.03548132 0.03304024 0.03559643 0.02853051 0.03187533 0.01492995 0.03420575 0.04517989 0.01998161 0.02378764 0.01627790 0.02201916 0.02654538 0.03904760 0.02865773 0.03595723 0.03962058 0.04070144 0.04566938 0.03812547 0.04153585 0.03744594 0.01258659 0.04730990 0.02112429 0.03005657 0.04280551 0.04382160 0.03509906 0.04622890 0.04747393 0.06573171 0.03196054 0.03792164 0.04795565 0.04353503 0.02715013 0.03542351 0.03518273 0.03308442 0.03026783 0.04117257 0.04553267 0.04410649 0.03665055 0.03847848 0.03770362 0.04850357 0.05394311 0.05021744 0.04178682 0.01900857 0.06204190 0.03564229 0.02662474 0.04833765 0.03816429 0.04256306 0.02789048 0.03521391 0.04203010 0.05048149 0.03714224 0.03371524 0.05333559 0.04835530 0.01781173 0.01508919 0.01844430 0.04376265 0.01990459 0.03748147 0.06597163 0.03993279 0.02494128 0.04087667 0.04922931 0.02040273 0.06019437 0.04224064 0.05318867 0.03337725 0.04826820 0.03540839 0.03608515 0.02679617 0.03605055 0.01876336 0.03491489 0.03425770 0.02437840 0.05329188 0.04843629 0.03096932 0.03633831 0.03640064 0.04370317 0.01250326 0.02682257 0.02957570 0.04805554 0.03427132 0.02743820 0.03224413 0.03975735 0.03931765 0.03443289 0.03003690 0.04266686 0.06159006 0.03830857 0.03461297 0.03439115 0.04060909 0.03722182 0.05192760 0.05086647 0.03358608 0.04061479 0.03172382 0.02331025 0.03942919 0.03536620 0.03442863 0.02869941 0.01685228 0.03835615 0.04025953 0.03704485 
0.02199915 0.04167784 0.02802639 0.01849199 0.03958253 0.07639165 0.10590938 0.04893956 0.06466641 0.00000000 0.01309615 0.05451102 0.06131996 0.03411658 0.05396889 0.04474673 0.03373870 0.03644540 0.03768822 0.03849184 0.03066012 0.02606715 0.02137197 0.03984954 0.03864711 0.04062650 0.02826684 0.03674393 0.02512792 0.05040920 0.02656355 0.02605997 0.02486157 0.04592632 0.05272330 0.03556551 0.04038520 0.01851325 0.02812450 0.03650577 0.03617708 0.03851446 0.04086765 0.05221810 0.04048131 0.02005059 0.02940408 0.02020276 0.01306238 0.05959991 0.03400592 0.03804762 0.04896249 0.03999043 0.03396501 0.02549206 0.03202627 0.05229176 0.03010406 0.03166520 0.02509410 0.03342108 0.02746381 0.03613250 0.05255819 0.05652896 0.02280412 0.03718499 0.02841700 0.02782500 0.03652547 0.02355867 0.02475400 0.03363146 0.04746824 0.03479875 0.05203274 0.02400550 0.04458606 0.05206979 0.04316783 0.01594780 0.02173573 0.02774282 0.06296781 0.02785752 0.03559093 0.02120053 0.05150572 0.03073969 0.02574266 0.04219924 0.04848401 0.05937977 0.05955877 0.05325616 0.05376760 0.03465430 0.05207355 0.02070250 0.03787716 0.04427546 0.02292687 0.04558761 0.01770561 0.03154393 0.04549218 0.03371562 0.05968347 0.02901284 0.03320902 0.02758049 0.03496354 0.03281327 0.04135791 0.05511852 0.03029435 0.02717826 0.02281038 0.03343322 0.03339152 0.04006784 0.04850187 0.03771472 0.05540864 0.01389812 0.03154741 0.02782998 0.03808974 0.03932138 0.03632225 0.04111510 0.03407711 0.02753579 0.02399873 0.01335113 0.02527218 0.04003776 0.08299638 0.02893597 0.05070471 0.02601709 0.04608254 0.02489745 0.02759899 0.02942064 0.04385545 0.04225729 0.04052644 0.03212084 0.01848003 0.05507815 0.03373118 0.04728864 0.02434835 0.02644106 
0.03363687 0.03506131 0.04177956 0.03501547 0.03455683 0.04029397 0.04486421 0.04818494 0.03008685 0.01309615 0.00000000 0.03413053 0.02993683 0.03818128 0.03273951 0.02064973 0.03930271 0.01779838 0.04211235 0.05171033 0.06729122 0.02446020 0.06038896 0.06488062 0.04351289 0.05655351 0.04903804 0.02685614 0.03999802 0.03933067 0.04466141 0.03343913 0.02631392 0.02518860 0.04737561 0.04855614 0.05906012 0.06303447 0.03154660 0.05986440 0.03933743 0.03568912 0.01976555 0.02341822 0.04049116 0.02359107 0.02726581 0.06161638 0.04776401 0.03629783 0.03012041 0.04590139 0.03487698 0.02450568 0.03105027 0.05095951 0.04279731 0.04340372 0.03924906 0.04049610 0.03390768 0.03374536 0.03572108 0.02557060 0.03046440 0.04711506 0.02408484 0.01978695 0.03747301 0.04595456 0.01919838 0.03154372 0.03491001 0.03385448 0.01447277 0.04820195 0.03647566 0.04014770 0.05975664 0.04283905 0.02802678 0.03690194 0.04516374 0.04172478 0.04152400 0.04125782 0.05234584 0.03363310 0.03887419 0.02210394 0.02635920 0.04366650 0.01608199 0.02938295 0.02733131 0.03380645 0.03743501 0.02223244 0.03998872 0.04570591 0.03075449 0.02671898 0.02891538 0.03445124 0.04560273 0.03551240 0.05829215 0.02714404 0.01910314 0.01625912 0.02510945 0.03225186 0.03487025 0.07338083 0.03447304 0.02968279 0.03697857 0.03302139 0.01354375 0.03674250 0.04135733 0.04671662 0.02349899 0.02382212 0.02316279 0.03483305 0.04277967 0.04031217 0.05665020 0.04166311 0.03578771 0.04025522 0.03849654 0.02882078 0.03705072 0.03803609 0.04048126 0.04349691 0.03401546 0.01836990 0.02523559 0.03589864 0.05778175 0.04490560 0.03945028 0.04069752 0.04168458 0.04695260 0.02801944 0.05825595 0.03518817 0.02599348 0.03337736 0.03482498 0.05339973 0.03511221 
0.03035322 0.04310016 0.03323779 0.02693614 0.02350392 0.02352160 0.03251936 0.04445178 0.03632410 0.05451102 0.03413053 0.00000000 0.05143992 0.03877963 0.05631454 0.05541922 0.03707329 0.04624631 0.03218692 0.04101850 0.03347998 0.05765567 0.04245904 0.03815833 0.02783903 0.02835409 0.04412903 0.03860486 0.03290216 0.03300487 0.02922511 0.03714832 0.03551114 0.02660327 0.04400464 0.04861875 0.02854913 0.04384654 0.03714667 0.04159317 0.03999307 0.04175634 0.03448132 0.03877514 0.05006361 0.05024804 0.02387834 0.04279901 0.03348609 0.05735353 0.04716236 0.03189766 0.02649397 0.02461738 0.05025519 0.03897153 0.04340264 0.03455063 0.02629803 0.02812126 0.01919196 0.03392230 0.04020749 0.01693653 0.03549144 0.03302219 0.03026259 0.03994104 0.03479695 0.02434729 0.04055104 0.02567675 0.02283038 0.01852449 0.03096208 0.02698927 0.03223625 0.06165933 0.02591999 0.04770366 0.03025312 0.03142786 0.01871763 0.06183188 0.08111476 0.03073566 0.05367288 0.01333537 0.03984366 0.01772252 0.05541476 0.07502395 0.04163514 0.07251401 0.05330562 0.03075941 0.03294563 0.02751232 0.03601718 0.04685949 0.02722276 0.04000663 0.01723197 0.03753302 0.02735800 0.03400796 0.04772458 0.03634006 0.05827061 0.04468630 0.02644833 0.04223813 0.03365640 0.03364905 0.04888582 0.03984856 0.04414617 0.03336216 0.01930543 0.04772270 0.00938964 0.01830958 0.03576698 0.02849112 0.03013078 0.04051897 0.02272646 0.03856008 0.03495977 0.04163211 0.02938927 0.04652117 0.04150424 0.01951299 0.04934025 0.04334679 0.01887866 0.02442334 0.03694992 0.03052568 0.06669175 0.03095188 0.04484468 0.02972125 0.03886790 0.05396051 0.04298282 0.03850264 0.02180773 0.04181028 0.03301867 0.03186977 0.04781863 0.04333941 0.02801086 0.03880334 
0.02802079 0.02348846 0.02000575 0.02095749 0.03008259 0.04245416 0.03894633 0.03617317 0.03348504 0.06131996 0.02993683 0.05143992 0.00000000 0.03790778 0.10010596 0.05134804 0.04797660 0.03892441 0.04563750 0.03891183 0.04198471 0.04642156 0.03361805 0.01113514 0.02892028 0.02825657 0.03075392 0.04097957 0.02593462 0.02159419 0.04480748 0.04328963 0.04614924 0.03124591 0.04882842 0.03999371 0.03135983 0.03957134 0.03081871 0.04031118 0.02969770 0.04216969 0.02522530 0.03590294 0.03901502 0.03014143 0.05950262 0.02996068 0.03099456 0.05496305 0.01906622 0.03856362 0.04785207 0.02728412 0.03275962 0.03451118 0.02375021 0.04233048 0.02404188 0.02177373 0.03180329 0.02921675 0.02624408 0.03134083 0.03924716 0.04260726 0.03022517 0.04370286 0.02864697 0.04044581 0.03183675 0.02338564 0.03310353 0.02933260 0.02640625 0.05938630 0.03189123 0.03940664 0.03541771 0.03297605 0.03457910 0.04574631 0.02487449 0.03638478 0.03852449 0.04589518 0.04556587 0.04447029 0.03186302 0.04876921 0.05129360 0.02989788 0.02885280 0.03639831 0.04573679 0.03380313 0.02140969 0.02985723 0.04207022 0.03711967 0.04354344 0.04041025 0.05771583 0.01969838 0.03009512 0.04706293 0.04199699 0.04433682 0.02444457 0.03607942 0.03155515 0.03940058 0.03303352 0.02509305 0.02859881 0.03250695 0.01851174 0.03219858 0.01929024 0.05993541 0.03609847 0.03747729 0.03719447 0.04341736 0.03297836 0.04529150 0.02336961 0.02710059 0.05261792 0.03737876 0.03429604 0.02932961 0.02576646 0.04169172 0.03418653 0.06427061 0.03796744 0.03668709 0.03886384 0.02061029 0.04594924 0.04307289 0.04009042 0.03974588 0.04058554 0.01952725 0.03327965 0.05218465 0.05698058 0.03679440 0.03375162 0.03891752 0.03962901 0.05168382 0.02701538 0.02849304 
0.03070043 0.03425309 0.02669523 0.05254809 0.03823237 0.04721785 0.04215594 0.06167155 0.03615642 0.03411658 0.03818128 0.03877963 0.03790778 0.00000000 0.02826356 0.06292687 0.02435802 0.03124416 0.05735404 0.05476555 0.03061874 0.03178595 0.03019589 0.03442432 0.03609429 0.04476969 0.03540071 0.02738611 0.06102643 0.03505018 0.04425719 0.03063832 0.03955914 0.04392168 0.05108139 0.02677530 0.04333153 0.03450333 0.04086425 0.04631889 0.05466306 0.04445218 0.04291381 0.04436089 0.03342636 0.03768157 0.02098036 0.03540716 0.05339451 0.03696536 0.03520775 0.03834235 0.04100329 0.03092203 0.05028691 0.04058476 0.04469499 0.04674282 0.02677735 0.02960263 0.04076008 0.02547737 0.03740807 0.05005061 0.04564438 0.03672315 0.03072003 0.01584036 0.02897882 0.03973369 0.03460795 0.03466217 0.02867663 0.02800723 0.04235330 0.02768343 0.03957867 0.02785685 0.06070105 0.02557001 0.02790396 0.03150770 0.05369584 0.02371890 0.02798529 0.03826943 0.03597185 0.04849180 0.02598475 0.03560887 0.03855497 0.02862698 0.04839127 0.03300563 0.03606838 0.04022642 0.03138286 0.02897426 0.03085346 0.01639398 0.05083752 0.05274866 0.03977479 0.03152913 0.03785762 0.03911482 0.03821443 0.03239375 0.02958459 0.04847652 0.02861370 0.02876033 0.03593173 0.02553188 0.03727580 0.04079848 0.02454562 0.03806657 0.03568896 0.02495503 0.03923633 0.01890846 0.05492077 0.03436924 0.04757791 0.05711202 0.02041694 0.04189685 0.04352529 0.03398493 0.02045507 0.03115147 0.03363929 0.03477546 0.03278258 0.04444270 0.04036008 0.04342043 0.04214905 0.02824346 0.04841259 0.03543642 0.02051683 0.05405304 0.03317902 0.03792469 0.03514622 0.04462592 0.04333611 0.03302552 0.05763006 0.03575520 0.03846739 0.03475357 0.03898223 0.04896382 
0.02702643 0.02245877 0.01894459 0.00614350 0.02170304 0.02253028 0.02172949 0.04994663 0.02565733 0.05396889 0.03273951 0.05631454 0.10010596 0.02826356 0.00000000 0.06189313 0.04796355 0.04986156 0.03155318 0.05306425 0.06142930 0.05124106 0.03562850 0.01364810 0.03793465 0.03817495 0.03140348 0.03709026 0.04777313 0.02758497 0.03710575 0.03810144 0.05107071 0.03002125 0.04401106 0.05651988 0.03585167 0.05782468 0.04209863 0.04558934 0.04386382 0.03585168 0.03467937 0.03090432 0.03455052 0.03177741 0.02959752 0.02583553 0.02841765 0.04334110 0.02739871 0.02450873 0.03177944 0.03173477 0.03264151 0.03258759 0.02144121 0.04007488 0.02002732 0.03271670 0.02869135 0.02866424 0.03998930 0.02880771 0.03976542 0.03637947 0.03966491 0.04759396 0.03439451 0.02990075 0.02763702 0.02203280 0.05380103 0.03006479 0.02984127 0.03690437 0.01979217 0.04173124 0.03025876 0.03692604 0.03046612 0.05857186 0.01351529 0.04448121 0.02748668 0.06111553 0.03455634 0.03442408 0.02844154 0.04377808 0.03061380 0.03295879 0.03447509 0.03803352 0.03461351 0.03781323 0.02410811 0.03131125 0.04891000 0.02579951 0.04947574 0.04034231 0.05673042 0.02248022 0.04905916 0.04389420 0.04326110 0.04224538 0.02458032 0.01968116 0.02978104 0.03655980 0.03125953 0.02600114 0.02660657 0.03878689 0.01777545 0.02392156 0.03601915 0.07369811 0.04167179 0.05461891 0.02499418 0.03466478 0.03304701 0.02891923 0.04000479 0.03889778 0.05408290 0.03645560 0.03602012 0.02813812 0.03287345 0.03977289 0.02681058 0.05721135 0.02452285 0.02810754 0.03965328 0.04605114 0.03600486 0.02969993 0.03888235 0.03915147 0.04716573 0.02519949 0.04361280 0.04437935 0.03605575 0.03708155 0.04506900 0.03470329 0.05841783 0.05264481 0.02667471 0.02755554 
0.02217833 0.04150003 0.04224189 0.01929647 0.02914513 0.01933065 0.04399479 0.02543630 0.05935739 0.04474673 0.02064973 0.05541922 0.05134804 0.06292687 0.06189313 0.00000000 0.04738414 0.04407977 0.02886824 0.04101681 0.03741111 0.03700358 0.03702278 0.02924473 0.03243379 0.04384189 0.06054466 0.02263109 0.03431083 0.03052348 0.03552857 0.03505652 0.02829709 0.02259791 0.04444429 0.06753433 0.05294621 0.01019274 0.07532992 0.03323676 0.03541373 0.03163740 0.05584783 0.04652876 0.03632734 0.03799788 0.02228361 0.04058768 0.05537648 0.04795618 0.04333706 0.04706976 0.02218705 0.03994254 0.03147859 0.04963462 0.03597140 0.05300822 0.06258192 0.04419081 0.05382581 0.04557242 0.04384135 0.04896249 0.04734987 0.03402838 0.03766161 0.04527441 0.04933907 0.04552201 0.05881907 0.03906260 0.04284713 0.03486640 0.04813701 0.03076133 0.02621468 0.03030616 0.03939684 0.04141287 0.04134903 0.04075791 0.01169215 0.05299878 0.02205739 0.03632929 0.04811622 0.02740303 0.02796684 0.04680611 0.04820137 0.04118633 0.02608663 0.01641566 0.03177455 0.04095389 0.03156353 0.02725612 0.05775571 0.03368552 0.04161062 0.01917195 0.02519903 0.02336019 0.02624655 0.04056434 0.05482074 0.02089114 0.03133640 0.01228289 0.03059470 0.02314249 0.03603375 0.03594162 0.03673079 0.03905131 0.03667547 0.00533576 0.02201662 0.03704169 0.02033966 0.06529523 0.02485969 0.02785212 0.05217996 0.05333736 0.02153780 0.01867212 0.03393018 0.02871597 0.02497358 0.03834887 0.05209304 0.04931789 0.03434045 0.03946666 0.02730597 0.02746834 0.02058333 0.02549890 0.04938152 0.03295582 0.04310940 0.02675769 0.02334400 0.02377591 0.04030813 0.03773388 0.00978765 0.05572264 0.04061001 0.02975263 0.03183758 0.03497446 0.02691292 0.03682538 
0.02896876 0.03956526 0.03298522 0.04258277 0.03323984 0.01135162 0.03387919 0.04431822 0.04511855 0.03373870 0.03930271 0.03707329 0.04797660 0.02435802 0.04796355 0.04738414 0.00000000 0.03790853 0.05399000 0.05861107 0.04719261 0.02263324 0.03642294 0.03204223 0.04353188 0.05080698 0.05317666 0.03137304 0.05239550 0.04764342 0.05250453 0.06122623 0.04605333 0.06289716 0.02894091 0.04792198 0.08848795 0.05186210 0.06189689 0.02988109 0.03284318 0.05511258 0.03923368 0.04561404 0.03042752 0.05396640 0.02521858 0.01535640 0.04531534 0.03737827 0.01814743 0.04070555 0.03957063 0.02417494 0.03201829 0.04581500 0.06268949 0.04527948 0.02307491 0.03110702 0.02705447 0.04467655 0.05606740 0.02550661 0.02746384 0.04395375 0.02120195 0.02636230 0.06397444 0.03178519 0.02771600 0.03003731 0.03675425 0.02287846 0.01179603 0.02939363 0.03250621 0.05273556 0.02330983 0.04359736 0.03739621 0.04624271 0.04608148 0.03163922 0.04197478 0.06517693 0.01913109 0.03306483 0.04004351 0.02191209 0.05075696 0.04099937 0.02187556 0.03260888 0.01612616 0.02678074 0.01961841 0.02272673 0.05582248 0.03480688 0.05771392 0.03462354 0.03169163 0.01429243 0.06775307 0.03104406 0.03625773 0.01931813 0.03541923 0.03110219 0.03117946 0.01727946 0.04674153 0.03182492 0.01419875 0.03399391 0.03165578 0.04943498 0.03919576 0.06156320 0.02710199 0.04376215 0.01988843 0.03660127 0.00826727 0.03124823 0.04896646 0.05348385 0.04785118 0.03073853 0.02416471 0.03329475 0.04137599 0.05389220 0.02522528 0.03875021 0.03376142 0.04581955 0.02977293 0.03692279 0.03376953 0.02748111 0.02386098 0.01770648 0.03487468 0.03347908 0.02450294 0.04540093 0.06950654 0.05205953 0.00795554 0.04092448 0.01839426 0.04492590 0.02166761 0.02755383 
0.03383910 0.04581390 0.03505414 0.02132871 0.04104638 0.01820665 0.03063185 0.03286588 0.01796832 0.03644540 0.01779838 0.04624631 0.03892441 0.03124416 0.04986156 0.04407977 0.03790853 0.00000000 0.03646121 0.05374260 0.06329811 0.04870492 0.02259291 0.02116335 0.04444317 0.02424194 0.03221943 0.05214663 0.03908176 0.02591276 0.02881159 0.04544107 0.05767658 0.03238368 0.04232871 0.02580958 0.02093837 0.03009287 0.03847912 0.03299906 0.03105955 0.03450743 0.02073605 0.05068725 0.04844445 0.03777656 0.04300480 0.04296875 0.04629307 0.05296524 0.04640724 0.04440267 0.03284027 0.03725684 0.03721504 0.02280351 0.04182139 0.01928840 0.03194116 0.05392228 0.03433863 0.02760951 0.02140162 0.04015039 0.03385220 0.02872792 0.04355498 0.03956576 0.01964751 0.05096014 0.03874372 0.02765708 0.01969896 0.03484943 0.02512435 0.02405199 0.04770669 0.05494904 0.01753011 0.04141580 0.05152501 0.03587668 0.02139607 0.04379766 0.04234785 0.03408285 0.05163873 0.05193196 0.01716018 0.05582268 0.05679406 0.04077996 0.02320673 0.04314871 0.04354835 0.05185687 0.04558213 0.03855051 0.06556259 0.03895007 0.04582263 0.04012106 0.03152952 0.02613210 0.05281635 0.03867990 0.02155498 0.04290482 0.02593955 0.02847838 0.04684681 0.02924249 0.02946911 0.03949291 0.03766379 0.03678717 0.04377165 0.03393230 0.03251510 0.03630439 0.04952711 0.05252335 0.03661170 0.03108791 0.04679599 0.04236164 0.04397102 0.05257991 0.05090976 0.05938256 0.03850319 0.04306955 0.06183681 0.03362154 0.03589749 0.03414411 0.01050116 0.02402153 0.02414947 0.03711903 0.02498586 0.03382357 0.02313387 0.02829313 0.03509714 0.03204664 0.06376517 0.03419722 0.03271969 0.02762730 0.04784005 0.02061652 0.04341786 0.03324142 0.02806658 0.03608735 
0.01755745 0.03590892 0.03911635 0.06693122 0.02453111 0.05080874 0.04068032 0.03714471 0.04582310 0.03768822 0.04211235 0.03218692 0.04563750 0.05735404 0.03155318 0.02886824 0.05399000 0.03646121 0.00000000 0.05242392 0.03531408 0.03068288 0.02334100 0.03570865 0.04532458 0.03971568 0.03047900 0.02984417 0.03229792 0.04323221 0.06689291 0.02287545 0.01541104 0.04887639 0.07023813 0.02091395 0.03464029 0.03126555 0.03628629 0.04965306 0.04516762 0.05762978 0.04495129 0.02854748 0.02764483 0.02377682 0.02486570 0.05453468 0.04734873 0.03357379 0.03406051 0.04290025 0.04281076 0.02626445 0.04823149 0.04931794 0.02984385 0.04273613 0.03271454 0.02058745 0.03735129 0.03034084 0.03305772 0.03236046 0.05185980 0.04622884 0.04864587 0.03711958 0.04107638 0.04338511 0.03987809 0.03563571 0.02847398 0.02712997 0.01932921 0.04630386 0.05094450 0.02825409 0.03873161 0.03925982 0.05491779 0.01273405 0.03368499 0.02763583 0.04027595 0.02230355 0.03429310 0.05726733 0.03100585 0.04410414 0.04576201 0.02968864 0.02203705 0.03091598 0.03010588 0.02267445 0.03985244 0.01818066 0.04328484 0.02605118 0.02754652 0.03540325 0.02403363 0.02538746 0.02135705 0.04596404 0.02666885 0.03351698 0.04438910 0.05846424 0.03311935 0.03921145 0.02250815 0.03169357 0.04610065 0.06798824 0.02594517 0.05836689 0.03850566 0.02430188 0.05237638 0.01959774 0.03754525 0.03907723 0.03119576 0.03291890 0.04236256 0.03788345 0.04520424 0.03008488 0.03909098 0.05124811 0.04622052 0.02507472 0.03641115 0.05251075 0.03402467 0.04224580 0.05159533 0.03393624 0.05569591 0.04007238 0.05510485 0.02749550 0.03831091 0.00771516 0.04162258 0.04379906 0.03500070 0.02790867 0.03515638 0.03970614 0.02462103 0.04712307 0.01630419 0.02804030 
0.02388132 0.02093382 0.01334294 0.03375128 0.01734148 0.03975101 0.01110519 0.03868272 0.04561840 0.03849184 0.05171033 0.04101850 0.03891183 0.05476555 0.05306425 0.04101681 0.05861107 0.05374260 0.05242392 0.00000000 0.06231101 0.04615616 0.04206328 0.04758944 0.02989617 0.06042005 0.04538272 0.05211342 0.02212616 0.03211408 0.03551342 0.04220331 0.03494186 0.01975444 0.07902725 0.03993450 0.04526880 0.03406014 0.02953405 0.04374251 0.03511244 0.01852386 0.03043407 0.05042123 0.03760170 0.03027860 0.03724132 0.02719606 0.03789685 0.05488284 0.03469455 0.02462085 0.01249891 0.02152558 0.04238998 0.03979079 0.04261879 0.02273955 0.03629511 0.05019584 0.03514312 0.04046801 0.03546370 0.03717002 0.04223862 0.04306279 0.03770769 0.04118586 0.04732557 0.07556748 0.03320903 0.02950989 0.01326134 0.02459185 0.01293109 0.01476622 0.02037555 0.02767344 0.03815095 0.05089173 0.03712241 0.04952908 0.04512697 0.03177882 0.03642312 0.05846539 0.01705483 0.04117091 0.02031514 0.03497475 0.01140818 0.04199641 0.03659748 0.05626595 0.04489853 0.02407522 0.04497968 0.03275583 0.04179756 0.04904665 0.03614416 0.03688562 0.05315211 0.01450500 0.05055591 0.03180197 0.04583864 0.02790409 0.03946862 0.04341759 0.04184423 0.03212452 0.03855326 0.03881041 0.02043781 0.06990211 0.03327889 0.02914312 0.02200616 0.06414053 0.03502590 0.05483251 0.04874333 0.02321390 0.02538956 0.02792999 0.03941501 0.04546544 0.04120768 0.03047038 0.03178742 0.03015510 0.02712471 0.03139242 0.02476374 0.02404003 0.04498999 0.05066343 0.02546002 0.03503892 0.04851125 0.04985734 0.06714206 0.03168025 0.04139118 0.03333862 0.01699728 0.03912797 0.02060193 0.03093537 0.03869629 0.03473671 0.03918942 0.03067507 0.02725598 0.02921673 
0.02471676 0.03475912 0.02230648 0.02509457 0.01611371 0.02207731 0.02220442 0.04508092 0.02502433 0.03066012 0.06729122 0.03347998 0.04198471 0.03061874 0.06142930 0.03741111 0.04719261 0.06329811 0.03531408 0.06231101 0.00000000 0.04581384 0.04636033 0.02299880 0.04070996 0.03650325 0.03479926 0.04714608 0.02862911 0.02576030 0.03853812 0.03202090 0.06183442 0.03206920 0.04876208 0.04849507 0.05719574 0.05695402 0.06953447 0.04392544 0.03533272 0.03269330 0.03132407 0.04840506 0.02805474 0.03915285 0.01635832 0.03752546 0.03808810 0.07701811 0.03873370 0.03334089 0.02931845 0.03576880 0.03199069 0.02176215 0.01638960 0.03646870 0.02812399 0.02515696 0.01999569 0.03615337 0.03643983 0.02169876 0.02978974 0.05204904 0.02666997 0.03735952 0.05038753 0.02025724 0.03137418 0.02669531 0.02273700 0.02880973 0.03458992 0.02223477 0.04038659 0.02838186 0.02636686 0.04740446 0.03430176 0.06026768 0.00583930 0.03405270 0.03370244 0.06073697 0.02719786 0.03198881 0.03455851 0.01865463 0.03737323 0.03324393 0.03557772 0.05343785 0.04610049 0.02632117 0.02683156 0.05426376 0.03867128 0.01609530 0.02489371 0.01657450 0.07164699 0.03805885 0.07068283 0.03717374 0.05005665 0.03917065 0.04354230 0.03963548 0.02378413 0.04374471 0.04639279 0.03257251 0.04454570 0.03711874 0.03145612 0.04219162 0.01632904 0.04696278 0.02965501 0.03101521 0.02039086 0.04487053 0.03889303 0.02656982 0.00907238 0.04885655 0.03470245 0.01870749 0.04904039 0.02788745 0.03207806 0.01654960 0.06324342 0.05423949 0.02860950 0.02763822 0.06720489 0.02717515 0.03534815 0.03274847 0.03473738 0.01517018 0.05001005 0.02662834 0.02885070 0.05153182 0.04620610 0.05545609 0.03550277 0.04539998 0.05180757 0.04463978 0.02275868 0.03543905 
0.04857045 0.04588680 0.04862564 0.02316611 0.02629941 0.01226692 0.02551758 0.03111961 0.02205856 0.02606715 0.02446020 0.05765567 0.04642156 0.03178595 0.05124106 0.03700358 0.02263324 0.04870492 0.03068288 0.04615616 0.04581384 0.00000000 0.03251972 0.01198551 0.04109111 0.02084924 0.02284015 0.06854027 0.04457546 0.04674049 0.05455734 0.02658983 0.07507700 0.02520592 0.02963383 0.04737319 0.03025019 0.03846681 0.02114969 0.02780118 0.03566635 0.04012144 0.01740574 0.01584524 0.02492274 0.03365051 0.04153932 0.03419937 0.03790818 0.07551044 0.04055316 0.06681264 0.02875663 0.02981246 0.03203260 0.02831208 0.03572372 0.04034358 0.03143192 0.05981621 0.03435533 0.03226710 0.02451845 0.04538116 0.06874331 0.04711474 0.04627605 0.02726267 0.03388382 0.04251995 0.03354346 0.02689685 0.04918678 0.02181130 0.04265804 0.02938349 0.02066110 0.02728385 0.02330836 0.04757776 0.05820996 0.04477089 0.01913046 0.07524350 0.04251942 0.05748358 0.04568336 0.03237681 0.02983016 0.02663295 0.03304743 0.03572727 0.03572959 0.01879109 0.02136889 0.03638024 0.02234539 0.04791325 0.03719266 0.02695647 0.03673054 0.01903010 0.03532697 0.02976150 0.05376835 0.02904137 0.02650079 0.02702514 0.02471866 0.02295880 0.03812535 0.04929541 0.02734954 0.05763979 0.03763270 0.01621279 0.04857615 0.03303881 0.03121991 0.03272077 0.03733531 0.03460524 0.06634627 0.03766866 0.03303331 0.02589731 0.02316764 0.02113172 0.03877878 0.03922332 0.04981956 0.02536547 0.03763523 0.03524189 0.04184003 0.05821494 0.02450483 0.03434234 0.03094474 0.06636108 0.04243551 0.01958434 0.04955938 0.03220796 0.07342752 0.04512883 0.02444392 0.04891343 0.02724653 0.04264864 0.04077697 0.03085092 0.04629341 0.05129022 0.04122998 0.04173643 
0.02356766 0.02321565 0.03227377 0.04781722 0.04238534 0.02026779 0.03064566 0.02877733 0.03110230 0.02137197 0.06038896 0.04245904 0.03361805 0.03019589 0.03562850 0.03702278 0.03642294 0.02259291 0.02334100 0.04206328 0.04636033 0.03251972 0.00000000 0.03290052 0.04690230 0.06617071 0.03534448 0.04040842 0.03210790 0.03118943 0.05467040 0.05682538 0.02231385 0.03925662 0.02937748 0.03039848 0.05675345 0.04126481 0.03031034 0.03043941 0.03420634 0.05847134 0.02611857 0.04739842 0.03396885 0.03753988 0.03862647 0.03293199 0.05500515 0.05901577 0.03334720 0.03715907 0.05366873 0.06094772 0.04484455 0.04300724 0.03365585 0.04635118 0.02371333 0.02529640 0.04600262 0.03037677 0.04679754 0.03465681 0.03866452 0.02514249 0.03389543 0.05019198 0.03396162 0.04771516 0.02560903 0.02011913 0.02968919 0.05602106 0.03257905 0.03049755 0.04136479 0.03748003 0.04350254 0.02988213 0.05125958 0.02743723 0.04029787 0.03819261 0.03050278 0.03404997 0.01436659 0.04222223 0.05063936 0.03749493 0.02300190 0.03117175 0.03722813 0.03269805 0.02446498 0.03936984 0.01991711 0.01220226 0.05151992 0.02837179 0.02963884 0.08338808 0.02198609 0.01787328 0.03262956 0.02547268 0.04257861 0.03873254 0.04501348 0.03077910 0.04727107 0.03158318 0.06820474 0.03243157 0.05387023 0.04789512 0.07360225 0.04822660 0.02505479 0.02714358 0.03901063 0.03643998 0.04219662 0.02671870 0.01602809 0.04324406 0.02859217 0.04316661 0.00879503 0.02690691 0.02749384 0.05987049 0.02613379 0.02747701 0.03056685 0.04876192 0.05062727 0.04005119 0.04010950 0.04326399 0.02909361 0.04961659 0.04581298 0.04324679 0.05512646 0.02684326 0.03500308 0.01844458 0.02970609 0.02142500 0.05265136 0.04208762 0.02385446 0.03813814 0.03904701 0.03055093 
