0.00000000 0.22624093 0.15833615 0.25158531 0.15007976 0.08362403 0.11739959 0.17985438 0.17416494 0.16726650 0.09709597 0.11143948 0.11381165 0.12221871 0.12734113 0.09906901 0.10240001 0.10498869 0.13610604 0.12001274 0.13988285 0.10080298 0.16264302 0.14044316 0.11501838 0.08294542 0.13991207 0.12710594 0.12248340 0.10418762 0.12026547 0.13841678 0.13609383 0.08865401 0.07573738 0.15145507 0.08084058 0.13658936 0.12685905 0.09638315 0.13417779 0.11525808 0.14394429 0.13179807 0.13347367 0.16348565 0.20366519 0.11036833 0.13881884 0.10836339 0.13822279 0.08743242 0.14385515 0.09957350 0.12250598 0.13040444 0.17562737 0.17450860 0.15927913 0.15301863 0.14837034 0.19704330 0.16178748 0.16455679 0.08391539 0.15243932 0.07848623 0.14489933 0.10265614 0.11330253 0.15642196 0.13245744 0.15111727 0.16492757 0.13112727 0.12410575 0.12488692 0.15740780 0.11232082 0.08858276 0.12681900 0.09380262 0.14652644 0.15872119 0.13264102 0.11447846 0.11686975 0.10786153 0.12647308 0.10601590 0.12461258 0.14561778 0.19426529 0.10526804 0.09311872 0.13684994 0.15129301 0.12016090 0.09809260 0.11962467 0.09259543 0.09248063 0.07341056 0.09277012 0.14647685 0.14651888 0.14947464 0.14476725 0.14327950 0.12425962 0.13044533 0.14643128 0.11761074 0.10774689 0.08464590 0.05971251 0.09963561 0.08970002 0.12434169 0.11317095 0.14274921 0.14035034 0.12102110 0.12858533 0.13329002 0.16270718 0.16494476 0.16360444 0.13483856 0.18327122 0.18575108 0.14688292 0.09317306 0.16751097 0.16027117 0.10852721 0.19548530 0.20101057 0.14543966 0.18752019 0.14954153 0.10217748 0.14257243 0.14468884 0.13846196 0.11698424 0.17926592 0.13630427 0.11864166 0.11832622 0.11055780 0.14976988 0.15041504 0.13896413 0.15990806 0.14222136 
0.22624093 0.00000000 0.28784171 0.22038329 0.22801963 0.22062791 0.11823985 0.16798951 0.16784890 0.10994737 0.06838472 0.15333011 0.10739883 0.13553489 0.11597945 0.10292089 0.08279581 0.10625107 0.12776358 0.11980535 0.15987592 0.09440386 0.15549104 0.11077352 0.10789675 0.05371930 0.14016252 0.10337678 0.15711130 0.09069269 0.09567563 0.19985535 0.15737147 0.15530862 0.12199979 0.14820751 0.13306737 0.07427526 0.15604140 0.09527983 0.14981557 0.08271406 0.12773088 0.10213921 0.13361486 0.12920155 0.10475609 0.13716336 0.17253051 0.16174412 0.10847045 0.10183435 0.12591940 0.09102002 0.12890877 0.08774974 0.14594062 0.16499236 0.10099963 0.11374545 0.10067996 0.19139813 0.11499804 0.12431820 0.05406772 0.17801927 0.07724797 0.14296858 0.09664721 0.11347642 0.17895976 0.16979641 0.12170477 0.16500630 0.19045815 0.16145775 0.23750312 0.10166430 0.11776323 0.07265677 0.09791325 0.09489808 0.13541324 0.13824091 0.16236672 0.13227491 0.16212636 0.08841606 0.20656341 0.13114386 0.18956518 0.06960744 0.10416998 0.09892080 0.09812670 0.08302583 0.15054706 0.12220434 0.07920629 0.12938608 0.12955505 0.21202974 0.14052518 0.11550285 0.14835965 0.11102054 0.14009720 0.07130956 0.11366165 0.11673668 0.11436334 0.12395253 0.10283928 0.12491339 0.11264846 0.03460193 0.19010500 0.05599329 0.12634937 0.11869299 0.10056309 0.15573894 0.18399359 0.13939990 0.12369127 0.14670633 0.17073990 0.12048284 0.10257826 0.14870629 0.17755624 0.17289908 0.17417840 0.17288645 0.15554057 0.08918836 0.17839406 0.12890722 0.16094370 0.15053967 0.13090880 0.12027557 0.15268357 0.13805957 0.15699283 0.12648577 0.14268437 0.14376438 0.14118997 0.13142083 0.10161359 0.12904630 0.12982810 0.14751434 0.16845107 0.15943766 
0.15833615 0.28784171 0.00000000 0.24575136 0.15261579 0.17822992 0.14810136 0.15451125 0.14014937 0.16315028 0.12399923 0.13448664 0.11922777 0.11224453 0.10311804 0.10989773 0.10524281 0.24518597 0.11215036 0.14298659 0.13557939 0.13907559 0.19735218 0.13191601 0.13652378 0.09987029 0.11073738 0.14548983 0.08314633 0.11490818 0.13457683 0.13280224 0.17778518 0.12731621 0.08874671 0.10915655 0.08801847 0.14674790 0.15297050 0.09700607 0.13841183 0.12656634 0.16530491 0.14932003 0.12995719 0.11419695 0.12243924 0.10448360 0.11171292 0.10654739 0.10880450 0.11610714 0.11588538 0.13510885 0.13498097 0.13409410 0.16651377 0.14574925 0.11680547 0.15182494 0.12362631 0.17162911 0.14151709 0.07464839 0.09856298 0.17942720 0.08164875 0.10456588 0.10354663 0.14579509 0.14263786 0.12132105 0.14862225 0.16188166 0.15144782 0.18197880 0.08031069 0.08660168 0.11342367 0.10732329 0.16230454 0.10466206 0.17031569 0.16276229 0.12940886 0.14988804 0.09470298 0.11846112 0.10511233 0.11344527 0.12029687 0.22839690 0.17217238 0.08715100 0.09081102 0.11830605 0.14448171 0.17500202 0.12678985 0.13866830 0.09646455 0.14305009 0.09643770 0.08844743 0.15713522 0.10698350 0.09564865 0.09637567 0.15234517 0.15759053 0.15109291 0.13314380 0.11162996 0.12300794 0.11294004 0.10156383 0.14368572 0.17185985 0.16205531 0.11041073 0.15277602 0.13128793 0.10123540 0.13333488 0.10571814 0.14677500 0.13382346 0.09355570 0.10905292 0.15838591 0.11812635 0.18010598 0.11539757 0.12205907 0.14133942 0.14707532 0.11657946 0.11234930 0.11331338 0.14770528 0.13177966 0.12621910 0.13396530 0.13827039 0.15644623 0.15965222 0.15175016 0.15045295 0.11204389 0.09645068 0.15083542 0.11157527 0.15399335 0.14871913 0.14939291 0.15631411 
0.25158531 0.22038329 0.24575136 0.00000000 0.24153033 0.13430463 0.15649453 0.15292619 0.23691784 0.19466680 0.09585378 0.07820428 0.10287733 0.16117122 0.12383766 0.11558610 0.11327818 0.11763562 0.12861102 0.07264723 0.17512324 0.12760361 0.15154953 0.13709922 0.08173283 0.10403766 0.13530544 0.08321445 0.09165567 0.09410011 0.10605959 0.13311023 0.16384559 0.14001139 0.12889075 0.19025864 0.09900866 0.10397935 0.11913852 0.11197693 0.10172175 0.10203791 0.14036273 0.14744184 0.15152207 0.12518475 0.07736534 0.11688981 0.16709704 0.13921499 0.19091177 0.06342987 0.12502616 0.08818353 0.10891195 0.13363002 0.17461819 0.10301390 0.16777522 0.14936284 0.13571192 0.19553574 0.13302361 0.12496300 0.14420440 0.14217773 0.09867938 0.17251080 0.10981377 0.16629541 0.18789312 0.12808570 0.14378880 0.20962670 0.21348380 0.13773920 0.16035990 0.16136039 0.14251493 0.08562031 0.06188749 0.11602878 0.14497720 0.15974919 0.09408602 0.13880430 0.11462609 0.12489865 0.09065974 0.09379720 0.12765611 0.12080484 0.09209886 0.16885194 0.14719879 0.15520433 0.15218381 0.17040041 0.08783117 0.11562730 0.11637224 0.12063738 0.08921537 0.05638110 0.09202994 0.13884165 0.12207686 0.08926530 0.14866366 0.10632116 0.10817468 0.13613242 0.18130016 0.10540636 0.13485519 0.07979707 0.13961736 0.10535647 0.14509674 0.11024343 0.09682979 0.11673272 0.15332028 0.12037038 0.13748227 0.12285847 0.12103747 0.14240888 0.09335384 0.21668467 0.16901202 0.10174733 0.12918760 0.13894322 0.17172314 0.12567229 0.19297456 0.13628090 0.13425322 0.12548109 0.15121213 0.13886506 0.14062161 0.18008011 0.17482216 0.11095581 0.13005354 0.09884382 0.16504891 0.14336623 0.14377366 0.14407453 0.13726978 0.14899808 0.12606546 0.13738268 
0.15007976 0.22801963 0.15261579 0.24153033 0.00000000 0.35398790 0.15773734 0.11021506 0.13599689 0.10698667 0.11302571 0.12467140 0.12778380 0.10129942 0.13289620 0.09097760 0.06561495 0.08818983 0.08832474 0.08200408 0.12046012 0.08642497 0.13967934 0.12341457 0.11623119 0.07432380 0.10780858 0.06873181 0.12804696 0.13883095 0.10832424 0.10312889 0.17158755 0.13383352 0.11988701 0.20587495 0.17021308 0.10000201 0.13591750 0.07564799 0.15249277 0.09105192 0.13573510 0.13237706 0.14298997 0.17051198 0.13477224 0.10660014 0.17324786 0.14543646 0.12792992 0.10032674 0.19197305 0.08970337 0.11545136 0.10452320 0.15014008 0.17033446 0.12419437 0.15193268 0.16126338 0.19609717 0.16032975 0.14549718 0.08129833 0.19735788 0.09134510 0.16526760 0.09430999 0.14024067 0.14076172 0.15666622 0.18203573 0.16714573 0.17569765 0.25559510 0.14551101 0.07942524 0.15443673 0.05604725 0.08986076 0.06360789 0.09016382 0.15808740 0.11081472 0.09389485 0.12740386 0.08826643 0.11722474 0.11136807 0.12767893 0.16214635 0.13443777 0.15804025 0.16934124 0.13860392 0.13662707 0.18231794 0.11702508 0.15027033 0.09740119 0.15100400 0.12848111 0.14548352 0.17350278 0.09845770 0.10724512 0.08454851 0.07408695 0.07407163 0.11802000 0.12445221 0.14900718 0.10242290 0.10837752 0.05911648 0.08655300 0.11272953 0.14220630 0.13380990 0.14734441 0.13877801 0.14519476 0.09684848 0.18842556 0.17890032 0.21683214 0.13422109 0.18304625 0.12305005 0.13751585 0.17282007 0.10418815 0.16099601 0.18770050 0.15762736 0.12952542 0.12859338 0.23035149 0.11876521 0.18220208 0.12858399 0.10644561 0.14485307 0.15777314 0.10336757 0.09858804 0.15286723 0.15188992 0.16198300 0.16331948 0.16930605 0.09334102 0.14401441 0.10338607 0.11763538 
0.08362403 0.22062791 0.17822992 0.13430463 0.35398790 0.00000000 0.14289137 0.14849663 0.14306555 0.13763421 0.21028481 0.18622190 0.14027385 0.15478981 0.12605700 0.14260548 0.12284933 0.11871930 0.11276385 0.13568198 0.11710839 0.15511913 0.15593088 0.12979022 0.11715966 0.15041222 0.12200722 0.12417417 0.13691030 0.17814321 0.08359235 0.13244322 0.11778348 0.17194540 0.18256100 0.13882391 0.15997180 0.14416203 0.12870546 0.11085461 0.08993966 0.14966259 0.12911759 0.15426738 0.10175181 0.11987977 0.09816826 0.09140699 0.08929682 0.07119485 0.12099855 0.13675795 0.10106383 0.17931172 0.07259534 0.21712190 0.13045990 0.14847074 0.11107855 0.07854701 0.08226176 0.10608748 0.09969018 0.05962099 0.12969590 0.11850794 0.14212686 0.09135898 0.11727181 0.11379192 0.17483951 0.13356925 0.12002470 0.10738400 0.24503289 0.24992712 0.16296181 0.14181079 0.12497912 0.17228964 0.15564850 0.10889380 0.13550965 0.10996373 0.17073419 0.10214609 0.14472764 0.13942317 0.11797071 0.24037543 0.12944140 0.13127733 0.20431341 0.17183946 0.19759792 0.10284706 0.10870064 0.17509633 0.16899316 0.11570911 0.09877548 0.17389109 0.19009844 0.13484563 0.13474980 0.09512513 0.09633759 0.10217353 0.10946013 0.11043216 0.10513813 0.09925603 0.13539455 0.13400319 0.12731901 0.14357394 0.11441418 0.11791934 0.12511266 0.15379068 0.09870466 0.12515933 0.10067841 0.10713308 0.13883556 0.09856681 0.09192590 0.12005803 0.16087054 0.13322218 0.07024053 0.16261260 0.14369873 0.07473509 0.14651528 0.08108218 0.12886644 0.07768495 0.15413435 0.09466932 0.14421423 0.08338947 0.20619095 0.11246925 0.11464551 0.15547197 0.12140303 0.12577704 0.16109089 0.14806788 0.12206118 0.11358889 0.11886994 0.12044874 0.10738773 0.10957889 
0.11739959 0.11823985 0.14810136 0.15649453 0.15773734 0.14289137 0.00000000 0.22267839 0.42325447 0.31109578 0.15457902 0.20398934 0.15994635 0.17894918 0.12323219 0.13137499 0.08789414 0.15613153 0.11611479 0.11430881 0.14109856 0.12575816 0.13137058 0.09357261 0.12392275 0.13838983 0.13571300 0.09248328 0.15809439 0.10395724 0.09522797 0.14408381 0.12966589 0.13680338 0.12732065 0.11933922 0.12867965 0.12132967 0.10679372 0.12088095 0.11286125 0.12158825 0.12396788 0.17170242 0.11773666 0.14417036 0.12487116 0.11015684 0.12187402 0.17070051 0.17304255 0.10256247 0.10755848 0.09819442 0.11598982 0.05367665 0.11889935 0.18055924 0.13075460 0.13447965 0.16618242 0.09889029 0.12811160 0.15406764 0.16483009 0.09606165 0.08874313 0.15740173 0.12959929 0.14961765 0.16082508 0.18149473 0.17029367 0.16670862 0.14842718 0.09350592 0.14564115 0.12252394 0.09985146 0.11660866 0.12725247 0.08515240 0.17246933 0.06879068 0.10927479 0.09135875 0.11111531 0.09065433 0.15234280 0.10503515 0.15614612 0.11312290 0.14376725 0.15510023 0.17167444 0.14656089 0.14172978 0.10572327 0.16948766 0.12721780 0.11481920 0.10540855 0.09079187 0.15218145 0.14734987 0.12043104 0.13657915 0.12459667 0.11212765 0.12174805 0.09395373 0.11907239 0.09457993 0.09749229 0.08773995 0.16920684 0.10054087 0.09551219 0.22402460 0.10078575 0.09113547 0.12191980 0.10225568 0.13361231 0.07854617 0.22332630 0.18409345 0.12956885 0.09745223 0.13909038 0.11677081 0.10798509 0.14075734 0.15858074 0.12921127 0.07638524 0.17127854 0.12381448 0.11444869 0.10505376 0.08267318 0.10719690 0.12788558 0.25592833 0.15349931 0.12008743 0.13183383 0.17469796 0.09106438 0.15744482 0.10514403 0.16193514 0.18168083 0.13757242 0.11507635 0.11432516 
0.17985438 0.16798951 0.15451125 0.15292619 0.11021506 0.14849663 0.22267839 0.00000000 0.19730587 0.13828164 0.12271061 0.15524321 0.12088458 0.10462579 0.14084116 0.10471511 0.10883203 0.13441554 0.18979597 0.09249848 0.15172442 0.16042457 0.14057920 0.13154641 0.14510213 0.11673261 0.11499850 0.09707739 0.08935691 0.12805474 0.11125347 0.15108310 0.14802748 0.12771952 0.11984976 0.14681792 0.12029832 0.13830157 0.10396965 0.10378550 0.14114527 0.10922600 0.17423940 0.15464989 0.15074949 0.14646328 0.10970707 0.16046035 0.08353411 0.42066439 0.12985870 0.14619042 0.14830081 0.11879479 0.17990697 0.09298941 0.08695468 0.13210564 0.18582534 0.14362352 0.13320043 0.07054494 0.15990859 0.18218537 0.12463509 0.10227695 0.09364617 0.09414414 0.20219044 0.15630951 0.16677160 0.09016004 0.18321064 0.15332147 0.17919770 0.10924536 0.14602325 0.21108708 0.12207382 0.12135621 0.09212830 0.13360617 0.14517104 0.11999755 0.11692474 0.11607275 0.14010345 0.12125810 0.14311183 0.16045480 0.08387058 0.10662890 0.07084046 0.10963079 0.12703151 0.10923922 0.09861520 0.15330441 0.13913316 0.15733312 0.16487102 0.17232429 0.12909111 0.15558491 0.17194985 0.15430043 0.12099631 0.12018337 0.14320123 0.13175319 0.13631460 0.12232745 0.10371725 0.13775230 0.15916854 0.13046990 0.05301151 0.10049993 0.11669166 0.08007144 0.12932995 0.15578526 0.14351638 0.08713095 0.14251193 0.08909155 0.16266925 0.09638722 0.12796878 0.12797668 0.16037663 0.10699814 0.09778070 0.17529334 0.17823113 0.17511246 0.09821375 0.12822493 0.11484430 0.12617107 0.11900578 0.11659310 0.17323976 0.14540707 0.11772592 0.13685621 0.09091093 0.06998260 0.11863709 0.13160565 0.12520816 0.13552199 0.15414551 0.14472708 0.11400460 0.12150961 
0.17416494 0.16784890 0.14014937 0.23691784 0.13599689 0.14306555 0.42325447 0.19730587 0.00000000 0.16094262 0.13423136 0.15466843 0.11871874 0.13669551 0.12267404 0.12243954 0.10845148 0.11523501 0.13553478 0.10307304 0.13079554 0.12742213 0.16085107 0.09228760 0.12412691 0.10512342 0.14052756 0.12375416 0.08839571 0.11019372 0.10819752 0.11222205 0.15653581 0.10503956 0.08058501 0.18529495 0.12590583 0.08342410 0.20035296 0.08389156 0.17633174 0.08688504 0.09109615 0.24916191 0.17207566 0.18869465 0.16970587 0.10965758 0.18421950 0.12373384 0.11541480 0.05860574 0.16242177 0.09380632 0.18170679 0.05133568 0.16306298 0.17601535 0.16026647 0.14453544 0.13000063 0.17622883 0.15927518 0.12080051 0.10056191 0.11818710 0.09216513 0.11187148 0.13528190 0.16332729 0.18170528 0.16538336 0.21593627 0.17423877 0.15124872 0.13238308 0.19436386 0.07507793 0.10842981 0.10768042 0.13661711 0.09946981 0.11606032 0.14133191 0.11212262 0.10567179 0.10646017 0.10842541 0.08508357 0.12485501 0.11996851 0.09529227 0.11173829 0.10954475 0.11095688 0.14453430 0.10149515 0.16808859 0.16539574 0.12896618 0.10492131 0.04892070 0.13370029 0.12619940 0.13799695 0.11312474 0.11940828 0.13203793 0.12617813 0.09682052 0.11145498 0.17232093 0.08180643 0.14444913 0.11011236 0.06376805 0.09506535 0.08554243 0.20107991 0.13876735 0.21543016 0.15595999 0.13750203 0.13681809 0.14493261 0.17912639 0.14357578 0.17564162 0.09728180 0.16670907 0.14402790 0.11839181 0.10680656 0.15728133 0.11988651 0.16550661 0.10468251 0.15861337 0.16509969 0.09603826 0.11327491 0.13896605 0.12930539 0.13517853 0.10094104 0.10021487 0.11665664 0.14206204 0.12002644 0.13652950 0.15200629 0.13866702 0.13572302 0.13710609 0.12734458 0.13250478 
0.16726650 0.10994737 0.16315028 0.19466680 0.10698667 0.13763421 0.31109578 0.13828164 0.16094262 0.00000000 0.16119224 0.13632053 0.15247531 0.13111627 0.15210739 0.13409622 0.14221847 0.10970822 0.12684785 0.14444145 0.13919513 0.11194353 0.10558589 0.13600684 0.13526355 0.11562066 0.14120373 0.10649445 0.11612038 0.12551682 0.15235289 0.09939830 0.16754085 0.10779319 0.15891520 0.15765827 0.11862505 0.08657511 0.10187392 0.11167920 0.15224623 0.13980978 0.12443597 0.15329756 0.12543198 0.15826401 0.13521797 0.21574296 0.15015257 0.12288775 0.11135510 0.21757555 0.07242013 0.13237402 0.13254705 0.11780930 0.12452336 0.17012621 0.12612717 0.13913698 0.15585154 0.10194871 0.13383625 0.19043448 0.12906612 0.09659692 0.15819176 0.10155003 0.09767721 0.15391189 0.10455188 0.10162263 0.14480769 0.07613889 0.10999745 0.09363070 0.11808025 0.11128087 0.13440401 0.16991596 0.15534657 0.14703008 0.08237013 0.13901840 0.11887438 0.09739074 0.09533691 0.10749497 0.10757934 0.15949305 0.14084257 0.10321089 0.11731481 0.14108505 0.14792742 0.26783329 0.13757686 0.11920090 0.12072630 0.12727634 0.13932487 0.10434712 0.11098626 0.17256161 0.14194132 0.13812776 0.13855804 0.10584125 0.14134900 0.14169086 0.08528459 0.17051217 0.16253292 0.09641462 0.11528403 0.12114205 0.12226684 0.15789908 0.08398471 0.16934545 0.14145932 0.09472082 0.10551451 0.14209522 0.10465709 0.13627679 0.13030948 0.10693439 0.16377013 0.11790804 0.16131730 0.14766676 0.13948586 0.13175499 0.16521583 0.13263152 0.16134918 0.16843884 0.15262349 0.14877573 0.07041175 0.09658766 0.16387100 0.10815020 0.13193223 0.12775430 0.10291013 0.16387521 0.10982948 0.12651678 0.10476705 0.14791484 0.14633158 0.12333949 0.15127284 0.14321966 
0.09709597 0.06838472 0.12399923 0.09585378 0.11302571 0.21028481 0.15457902 0.12271061 0.13423136 0.16119224 0.00000000 0.18979433 0.17173001 0.10028598 0.18177935 0.16875188 0.22023631 0.13016410 0.12757760 0.13159836 0.17166717 0.16322524 0.15630969 0.12066540 0.14476181 0.15295402 0.13869371 0.16394850 0.16098870 0.19409862 0.15166821 0.14768659 0.11943572 0.19363511 0.15121858 0.11985137 0.14432996 0.15939086 0.13305559 0.27202583 0.12562159 0.21591199 0.12579498 0.11462034 0.15786656 0.07315485 0.09880646 0.18006153 0.10853474 0.14577416 0.11041587 0.15277537 0.11428312 0.21527367 0.08929448 0.18673550 0.12302807 0.09229021 0.10751384 0.09681520 0.11166581 0.09229990 0.11743748 0.09094308 0.21008929 0.06289871 0.19765228 0.10231798 0.17722020 0.12533946 0.05552034 0.10310200 0.09194943 0.10617907 0.04071758 0.09811414 0.11387612 0.15090913 0.12717536 0.22530136 0.13166728 0.16839156 0.12072748 0.07959402 0.13249519 0.14418808 0.12917961 0.17310653 0.20085254 0.16114660 0.06495690 0.09089781 0.16566182 0.13522454 0.13946057 0.04600931 0.06391547 0.11611042 0.22237313 0.10549775 0.27981978 0.08847209 0.16696702 0.13501722 0.09686297 0.11678199 0.15132802 0.17276758 0.11826692 0.15640608 0.15296642 0.11864478 0.15064660 0.17997217 0.12329452 0.16733957 0.07926823 0.17414888 0.13152568 0.16268176 0.17774327 0.15061966 0.13684915 0.11265372 0.06773437 0.11169865 0.12299362 0.09438153 0.11536968 0.11989525 0.12541029 0.10213759 0.09007771 0.11812795 0.08630537 0.08777906 0.12863890 0.08726384 0.11000745 0.10485281 0.08786605 0.16531308 0.12562245 0.16460112 0.10201472 0.14582142 0.13285229 0.12893428 0.13820898 0.10490173 0.12707525 0.07645430 0.11083656 0.10731500 0.12212034 0.11301226 
0.11143948 0.15333011 0.13448664 0.07820428 0.12467140 0.18622190 0.20398934 0.15524321 0.15466843 0.13632053 0.18979433 0.00000000 0.14399180 0.13824672 0.15243490 0.16564696 0.15066135 0.12917483 0.14838706 0.14316482 0.14708121 0.17610289 0.09947535 0.12726363 0.16877701 0.15192620 0.13245425 0.08994971 0.14067088 0.11630932 0.11887597 0.11972872 0.12812261 0.11577924 0.11053286 0.09110909 0.14646666 0.18801270 0.16291477 0.13503317 0.15528257 0.14444685 0.23834589 0.29811067 0.18312243 0.14819352 0.08652169 0.14399034 0.10539551 0.28577379 0.14880192 0.14962442 0.14415749 0.13749443 0.12937538 0.12541841 0.11993763 0.12434630 0.10536791 0.09299854 0.08017506 0.10839733 0.14276288 0.10636109 0.13356860 0.15110961 0.13276790 0.16753544 0.12177408 0.14364458 0.11720775 0.12344752 0.14762935 0.13160369 0.11766290 0.11302218 0.12846370 0.18821949 0.15945381 0.13628596 0.12921771 0.13435654 0.12571260 0.12031638 0.12565174 0.09081487 0.13207619 0.09381968 0.12193838 0.12312043 0.07403899 0.18066113 0.11466434 0.14623738 0.12144048 0.14032316 0.13536362 0.19232645 0.08530131 0.05619694 0.13136154 0.13239914 0.13421521 0.09360634 0.09126654 0.10293800 0.15395999 0.13930478 0.14443278 0.13141318 0.10528504 0.09916465 0.14917422 0.12354545 0.10201418 0.13277371 0.13176739 0.10982356 0.11824162 0.13612325 0.15659626 0.14127021 0.13800026 0.13363584 0.12612814 0.12009094 0.13478507 0.10531151 0.18811220 0.12427811 0.09782506 0.16212989 0.13559182 0.15712138 0.14075326 0.11642250 0.10413244 0.06303501 0.11089847 0.14882491 0.20105875 0.10324194 0.10839228 0.10617733 0.14573093 0.15595131 0.11634738 0.14881178 0.10612058 0.10898734 0.17154789 0.11768494 0.09340057 0.13663529 0.12856467 0.13143885 
0.11381165 0.10739883 0.11922777 0.10287733 0.12778380 0.14027385 0.15994635 0.12088458 0.11871874 0.15247531 0.17173001 0.14399180 0.00000000 0.13975666 0.31293838 0.22079717 0.14443092 0.16524923 0.17252687 0.12227428 0.13547309 0.16540559 0.12171463 0.11636925 0.14328368 0.15487671 0.14542995 0.13858554 0.14706134 0.12786678 0.13626780 0.14385842 0.13006680 0.15945881 0.13424956 0.11328310 0.11610966 0.13380879 0.12668352 0.13371663 0.10553975 0.14319405 0.16787807 0.13766311 0.14368990 0.12685384 0.12690630 0.10448065 0.13106743 0.13570046 0.11366860 0.14740055 0.12196866 0.13532392 0.10796886 0.14121349 0.12220856 0.13102914 0.10582067 0.11967519 0.12002156 0.10731965 0.13000733 0.13555989 0.14501224 0.11611926 0.11950204 0.14498136 0.15010374 0.12064950 0.12790260 0.10384962 0.11333634 0.10424741 0.12958924 0.16129103 0.11321781 0.14819942 0.12841754 0.12931202 0.13207899 0.14732526 0.11028599 0.11654003 0.11885237 0.11890745 0.13065508 0.17107150 0.12986389 0.13019278 0.13073661 0.11002355 0.13827607 0.13974955 0.13647044 0.14550217 0.09709086 0.12149981 0.14128661 0.13616657 0.12565753 0.12227423 0.12208601 0.12456357 0.11342176 0.14197435 0.13783311 0.12593156 0.12474578 0.12873374 0.12783742 0.12618901 0.12230530 0.13024310 0.12946547 0.13288730 0.10569330 0.16425436 0.10958535 0.18969276 0.10525100 0.12807617 0.12551019 0.13784230 0.11749206 0.15350779 0.10197596 0.11898763 0.14258883 0.15478696 0.11255713 0.11350513 0.11329930 0.13565954 0.12527774 0.14029436 0.10817216 0.12356984 0.13424141 0.11706921 0.13397426 0.14329784 0.13019175 0.11803912 0.11545499 0.11148452 0.11400128 0.12387811 0.09929345 0.13667441 0.11893055 0.15360007 0.13466615 0.13278996 0.12275438 0.13087678 
0.12221871 0.13553489 0.11224453 0.16117122 0.10129942 0.15478981 0.17894918 0.10462579 0.13669551 0.13111627 0.10028598 0.13824672 0.13975666 0.00000000 0.12203924 0.26543957 0.11841082 0.12492588 0.12316027 0.15396528 0.13763416 0.11856608 0.09915209 0.12068302 0.13067659 0.15775278 0.18561091 0.16442573 0.09409796 0.14308001 0.13244968 0.06326581 0.09853745 0.12862904 0.15563921 0.11613258 0.14433236 0.13365325 0.28048235 0.16462760 0.28937700 0.12373070 0.17845029 0.15659246 0.11406542 0.12607473 0.13819915 0.12200393 0.15468461 0.11623688 0.12022634 0.11480416 0.17943762 0.12115563 0.14745054 0.11180404 0.13894274 0.15032514 0.10573221 0.12914196 0.16524189 0.14395464 0.17466395 0.11629268 0.17367922 0.14818946 0.10349133 0.12780510 0.16570280 0.16695563 0.15797189 0.14258110 0.15793120 0.10246281 0.10951785 0.15934772 0.17928867 0.10313228 0.15658188 0.13577663 0.10350926 0.10483509 0.12541304 0.13495187 0.10071913 0.10557987 0.08669593 0.14089379 0.08911600 0.10374098 0.07762018 0.09257165 0.17691944 0.14445489 0.14087722 0.13971255 0.11955344 0.12949165 0.14079696 0.11539220 0.10334372 0.15530178 0.11406691 0.13841292 0.14330565 0.09751878 0.11979151 0.11914121 0.12871635 0.10999668 0.10737435 0.09752126 0.14002939 0.07915619 0.10429178 0.11932933 0.12683490 0.13961188 0.07792834 0.12711346 0.14002696 0.16001678 0.15482721 0.11064738 0.19063666 0.16959807 0.17727538 0.12205818 0.07400691 0.17643103 0.13431636 0.15124466 0.18056112 0.16010915 0.15298161 0.15385158 0.12252990 0.16861958 0.13539379 0.15742985 0.12177646 0.10378372 0.12874511 0.10374715 0.10437407 0.14254790 0.11992327 0.09150981 0.10698391 0.15813188 0.16432011 0.13274582 0.12906165 0.12816484 0.13274736 0.11977357 
0.12734113 0.11597945 0.10311804 0.12383766 0.13289620 0.12605700 0.12323219 0.14084116 0.12267404 0.15210739 0.18177935 0.15243490 0.31293838 0.12203924 0.00000000 0.22872401 0.17611055 0.18907950 0.19163846 0.14540259 0.13191428 0.15027528 0.11629545 0.12329330 0.14139890 0.15488788 0.12365461 0.14159394 0.13955240 0.12146456 0.12614343 0.13763824 0.13920083 0.15123906 0.12542177 0.14068369 0.12554822 0.14673460 0.13733931 0.15680523 0.10818701 0.17481687 0.12472566 0.11934962 0.12176623 0.12545490 0.11433203 0.11416697 0.11588685 0.10965749 0.10872807 0.13352745 0.10904645 0.15625299 0.11234357 0.11555475 0.12591085 0.11352300 0.10922570 0.11476616 0.11964162 0.09156842 0.13562127 0.10792933 0.12992368 0.10108421 0.14503458 0.13821324 0.14300083 0.11849677 0.11825396 0.08810263 0.10495084 0.10390423 0.10891673 0.13791077 0.11738091 0.14554673 0.11572232 0.12988194 0.12705125 0.16280298 0.10987420 0.12836898 0.11005446 0.13120340 0.11896480 0.14603211 0.10100703 0.14504642 0.12622063 0.11462031 0.13949091 0.13344297 0.15296241 0.13740612 0.11210812 0.10648145 0.19372629 0.12320949 0.14036510 0.12980153 0.14762156 0.11349323 0.11282517 0.15931377 0.13936312 0.14953577 0.14570850 0.13298926 0.12875703 0.11830366 0.12724905 0.11048376 0.11039546 0.14697592 0.10643608 0.16588592 0.13027041 0.22556364 0.10705815 0.14824896 0.10824303 0.16577751 0.11361134 0.11833039 0.15180534 0.14289858 0.11426292 0.12983648 0.10448601 0.11279574 0.11031518 0.12951092 0.10331045 0.12521539 0.11468961 0.11748090 0.13989545 0.15723474 0.13209320 0.13189007 0.13178041 0.11189277 0.14968359 0.10976268 0.12890106 0.11506537 0.11112369 0.12122048 0.11993227 0.14052104 0.15850489 0.12778030 0.11791946 0.12643536 
0.09906901 0.10292089 0.10989773 0.11558610 0.09097760 0.14260548 0.13137499 0.10471511 0.12243954 0.13409622 0.16875188 0.16564696 0.22079717 0.26543957 0.22872401 0.00000000 0.15603548 0.18114471 0.12367098 0.14127022 0.12136640 0.10928837 0.08410325 0.15484188 0.16279421 0.17553762 0.18103381 0.16433877 0.14560160 0.13978352 0.14168517 0.11752164 0.08011975 0.11681085 0.15851832 0.12569017 0.14302545 0.09942955 0.16931828 0.13812341 0.09705609 0.15273960 0.08901402 0.17817487 0.13737915 0.15485252 0.11970633 0.20094896 0.08490464 0.11482375 0.12720346 0.14160208 0.11428501 0.14351294 0.18682376 0.12607380 0.15144875 0.14927376 0.13407038 0.07977578 0.09918404 0.09317427 0.15008134 0.12220721 0.14303659 0.12536806 0.14735200 0.14257623 0.09239488 0.12455960 0.11866242 0.14223195 0.10825537 0.12170104 0.15924217 0.11838049 0.14312808 0.09668754 0.10352369 0.11009179 0.11739426 0.10663959 0.14427407 0.12877813 0.13575216 0.10752115 0.12202211 0.14077180 0.12039491 0.10649043 0.13155782 0.08251687 0.07374348 0.13869542 0.14256910 0.13412527 0.12878171 0.12037779 0.12716107 0.14025018 0.19525776 0.08243475 0.11210790 0.11623669 0.13116289 0.13258928 0.14688309 0.14267043 0.10904623 0.14073633 0.13412956 0.13666716 0.11535386 0.12228471 0.12946100 0.16857046 0.11772570 0.13340209 0.15675939 0.20460197 0.12698070 0.26838916 0.14097218 0.12792885 0.09798406 0.18253598 0.12595931 0.14366911 0.17560283 0.11906386 0.05737677 0.10820662 0.19670418 0.09399745 0.07540118 0.16154890 0.08042988 0.11126925 0.13190177 0.11001502 0.11138360 0.10437593 0.12687181 0.11725040 0.12017393 0.09006872 0.11434931 0.17054699 0.22201044 0.13966183 0.18507094 0.11947497 0.14065732 0.11294307 0.12004048 0.12329562 
0.10240001 0.08279581 0.10524281 0.11327818 0.06561495 0.12284933 0.08789414 0.10883203 0.10845148 0.14221847 0.22023631 0.15066135 0.14443092 0.11841082 0.17611055 0.15603548 0.00000000 0.19198362 0.15481302 0.32635556 0.15186734 0.15748309 0.08794257 0.13888176 0.18836388 0.20251232 0.15659195 0.19334601 0.18411823 0.14175064 0.19866832 0.12666504 0.12892210 0.17341530 0.19244117 0.13132767 0.13340743 0.21533537 0.19066273 0.19525604 0.11124508 0.18545821 0.13741928 0.12687553 0.08451964 0.12447023 0.11228678 0.08733541 0.13107620 0.10354808 0.08705616 0.18660335 0.11836142 0.23295293 0.14090218 0.17267325 0.13732142 0.16177319 0.11973775 0.13170540 0.14037192 0.05799650 0.17732770 0.12668261 0.18070507 0.10504535 0.27156049 0.10713186 0.16664039 0.09816940 0.10985526 0.10260009 0.07684755 0.08439480 0.09885961 0.06363347 0.14021341 0.19200002 0.10565788 0.17288069 0.15967929 0.17813438 0.10413530 0.11808886 0.15842935 0.16703047 0.08609845 0.16781215 0.18323332 0.09276400 0.12372150 0.13455340 0.08606963 0.12340796 0.12745488 0.11547962 0.12389173 0.10957290 0.15117613 0.10372152 0.14904190 0.13769778 0.18242770 0.11994678 0.14475556 0.13778491 0.16506603 0.12520499 0.10945048 0.15943880 0.18385901 0.09961911 0.11760980 0.14734816 0.12169240 0.22272625 0.05326721 0.18570952 0.13531324 0.13801354 0.09758692 0.11066310 0.06440989 0.09444035 0.10552074 0.10404234 0.10086810 0.12821193 0.09379457 0.11670551 0.07269354 0.07893271 0.15103934 0.10369356 0.05638510 0.18232610 0.10444080 0.08705473 0.08123633 0.11384167 0.12206589 0.10457434 0.09080667 0.08119951 0.06277882 0.09120034 0.14085659 0.11033525 0.24047605 0.13928096 0.11567812 0.14204697 0.11368593 0.16324796 0.11238944 0.10866427 
0.10498869 0.10625107 0.24518597 0.11763562 0.08818983 0.11871930 0.15613153 0.13441554 0.11523501 0.10970822 0.13016410 0.12917483 0.16524923 0.12492588 0.18907950 0.18114471 0.19198362 0.00000000 0.17926884 0.15232561 0.17053563 0.15581598 0.10981194 0.11634604 0.14057931 0.17238177 0.15729393 0.14457314 0.10639137 0.11792159 0.13932410 0.13292824 0.11590596 0.15122214 0.11247824 0.07964826 0.14176596 0.11717928 0.11472295 0.10843793 0.12589163 0.09328798 0.12521303 0.08993121 0.08799557 0.18102452 0.12834601 0.14155704 0.08997151 0.08399896 0.14992732 0.08937990 0.09001310 0.10792740 0.09535189 0.13665525 0.07317709 0.08540094 0.09231278 0.13940266 0.11876393 0.10676614 0.14563682 0.09057030 0.11427910 0.17073313 0.12089792 0.17789112 0.13557949 0.14343884 0.09863718 0.15973707 0.11079128 0.10789351 0.17291433 0.13311482 0.12987526 0.08464173 0.11149322 0.10197593 0.12942785 0.11678178 0.13577727 0.13089867 0.15881973 0.17495778 0.10725109 0.14140329 0.09845837 0.15950720 0.16547570 0.08288833 0.15944476 0.10750576 0.17612339 0.11716644 0.15069046 0.10816493 0.19640157 0.14278128 0.16354781 0.18743809 0.13060677 0.10006759 0.18827152 0.13814571 0.10691752 0.13510721 0.16185036 0.14034581 0.13294367 0.10849358 0.16740438 0.13941214 0.10868983 0.16782647 0.18108552 0.15236899 0.29055096 0.11719870 0.14109842 0.18098349 0.17390379 0.25711648 0.14319039 0.10657023 0.11766048 0.16461955 0.16939480 0.12217100 0.12653462 0.13337015 0.18201899 0.10309571 0.12919965 0.11922486 0.10173577 0.11125383 0.11060120 0.17540585 0.07825759 0.08043236 0.12058406 0.10781931 0.14895415 0.17366361 0.17787128 0.10304668 0.08456113 0.12429479 0.15680984 0.10153864 0.13325657 0.12754736 0.12402523 0.12161115 
0.13610604 0.12776358 0.11215036 0.12861102 0.08832474 0.11276385 0.11611479 0.18979597 0.13553478 0.12684785 0.12757760 0.14838706 0.17252687 0.12316027 0.19163846 0.12367098 0.15481302 0.17926884 0.00000000 0.17043938 0.08242676 0.14200630 0.15021848 0.13500597 0.11637599 0.14996368 0.12086463 0.14337969 0.18653723 0.15156401 0.13167785 0.20760281 0.10609129 0.12514332 0.14759448 0.09935754 0.12325683 0.16086509 0.12304080 0.11777043 0.13607736 0.17708232 0.17983076 0.11914771 0.09536496 0.10835453 0.13984528 0.09517412 0.13620363 0.15031817 0.14624812 0.17777827 0.10710605 0.11747284 0.13599375 0.14095115 0.12639300 0.08673048 0.11810030 0.10554293 0.09299925 0.12490613 0.10262355 0.12836809 0.13239623 0.09143575 0.13607595 0.11167187 0.11170547 0.13667583 0.11596254 0.09575226 0.09279710 0.14812356 0.12246423 0.15361656 0.12629264 0.13920810 0.13690941 0.13701127 0.14217559 0.10206046 0.18440118 0.17554514 0.20008165 0.10662579 0.10866754 0.14561747 0.11816132 0.15530489 0.10962169 0.09695577 0.12342889 0.09410793 0.11685724 0.11552766 0.16344828 0.09578281 0.13035926 0.07663953 0.08572543 0.15633931 0.11064869 0.14638065 0.09470784 0.14704250 0.18393599 0.12707823 0.13108122 0.18751633 0.12413905 0.12767786 0.10832587 0.16675691 0.14108491 0.17144288 0.10756079 0.09533673 0.15265391 0.14451486 0.14143136 0.09892962 0.18048962 0.13219019 0.09855983 0.14466881 0.09257142 0.17095683 0.14800985 0.15386955 0.16100702 0.09812588 0.16788160 0.14353226 0.11850789 0.11960502 0.12783720 0.11931417 0.16815041 0.12200946 0.14932269 0.15980425 0.15549336 0.10989649 0.11943947 0.17541675 0.16685097 0.18897756 0.16200262 0.16057623 0.11879472 0.11221062 0.10447296 0.11999872 0.14443142 0.13863631 
0.12001274 0.11980535 0.14298659 0.07264723 0.08200408 0.13568198 0.11430881 0.09249848 0.10307304 0.14444145 0.13159836 0.14316482 0.12227428 0.15396528 0.14540259 0.14127022 0.32635556 0.15232561 0.17043938 0.00000000 0.19140714 0.19675543 0.18677137 0.15953210 0.13957427 0.16807392 0.14431801 0.16551351 0.16442098 0.13472252 0.14281466 0.13007335 0.14268114 0.14410432 0.18459347 0.11773651 0.16511304 0.29095020 0.12646360 0.15654735 0.10382605 0.18319393 0.09931972 0.12524073 0.12424110 0.07788014 0.19066156 0.12953087 0.10225798 0.15354276 0.09533362 0.15542057 0.13120054 0.17540846 0.11483154 0.14682856 0.14740397 0.11784424 0.10895814 0.10271018 0.07021251 0.23909620 0.11662946 0.13239083 0.13539704 0.13143318 0.20221495 0.17921809 0.12976696 0.12112540 0.15246415 0.11122383 0.12684059 0.09640422 0.13347394 0.11666720 0.10364411 0.13240085 0.16070164 0.12941308 0.12192056 0.14254619 0.11283225 0.11168735 0.12680767 0.12994651 0.08845281 0.19905878 0.13423205 0.12914362 0.15905466 0.15647848 0.10482468 0.13222043 0.10264139 0.11803533 0.12006775 0.09174692 0.14983757 0.08433742 0.12050970 0.11018009 0.19791036 0.13205441 0.09944941 0.12948586 0.15869915 0.16305482 0.13617030 0.13977732 0.16434913 0.11182777 0.14778943 0.16309053 0.06830672 0.19630279 0.16867704 0.12077136 0.10927269 0.14489870 0.09063225 0.12606702 0.13267066 0.11433124 0.08075051 0.07539902 0.13845332 0.12470651 0.12547739 0.11420993 0.09500532 0.13943041 0.10165517 0.09897740 0.10335875 0.12940499 0.12651391 0.06398813 0.12798031 0.14305528 0.14247882 0.16043087 0.12010633 0.15106232 0.10217186 0.14565509 0.15419195 0.10669364 0.13936393 0.11620281 0.09045652 0.11935024 0.13204556 0.10698870 0.10914877 0.11742072 
0.13988285 0.15987592 0.13557939 0.17512324 0.12046012 0.11710839 0.14109856 0.15172442 0.13079554 0.13919513 0.17166717 0.14708121 0.13547309 0.13763416 0.13191428 0.12136640 0.15186734 0.17053563 0.08242676 0.19140714 0.00000000 0.20850085 0.21740581 0.12270817 0.11302088 0.11077382 0.09729666 0.13384883 0.09758257 0.09674629 0.09232235 0.16024836 0.15507756 0.08466623 0.12666072 0.15580034 0.20731828 0.21215767 0.13302396 0.13586560 0.10699286 0.16708000 0.05595391 0.06877231 0.07480588 0.13495250 0.10738364 0.11534593 0.14659270 0.20439879 0.11655067 0.15485351 0.10980359 0.10979330 0.09898088 0.08387953 0.10806399 0.08373744 0.10358565 0.09470876 0.14737156 0.21744772 0.10040103 0.13759595 0.12969754 0.16173032 0.15185024 0.15255771 0.09827367 0.16232767 0.20006742 0.16608534 0.15392083 0.11646306 0.09496622 0.10253859 0.14505051 0.20041734 0.11211578 0.11265585 0.14799651 0.10570167 0.11669836 0.10566543 0.08011992 0.13817498 0.16128297 0.09978965 0.15553600 0.08872601 0.13426844 0.15832791 0.11260154 0.12732977 0.09910693 0.08767626 0.05383418 0.12261641 0.12201865 0.13458752 0.13924653 0.12474208 0.14136612 0.18662096 0.19719767 0.07242368 0.13848484 0.09361311 0.12659881 0.11337910 0.13647918 0.17555312 0.13328648 0.13669850 0.18733776 0.13768665 0.15001661 0.16097339 0.12555732 0.12398568 0.12080763 0.12339334 0.14651726 0.15142416 0.06487037 0.10241569 0.09151680 0.13359184 0.07375179 0.11887196 0.13856591 0.18935033 0.14854365 0.09796059 0.14233732 0.17733224 0.12767555 0.15819109 0.15819541 0.13894173 0.15828856 0.19542473 0.15708342 0.11895205 0.23387532 0.24955858 0.13629566 0.12780590 0.13689737 0.10334730 0.11811542 0.13529207 0.11232826 0.11491488 0.12523035 0.12192900 
0.10080298 0.09440386 0.13907559 0.12760361 0.08642497 0.15511913 0.12575816 0.16042457 0.12742213 0.11194353 0.16322524 0.17610289 0.16540559 0.11856608 0.15027528 0.10928837 0.15748309 0.15581598 0.14200630 0.19675543 0.20850085 0.00000000 0.30033797 0.19049319 0.19690184 0.13451255 0.16980724 0.18600829 0.13787644 0.10589700 0.15935046 0.15392977 0.14993823 0.14517875 0.18111188 0.19290740 0.15877090 0.21758805 0.13430039 0.16243479 0.08586341 0.19860543 0.10449334 0.11138563 0.08508109 0.10444089 0.09782753 0.10827897 0.12881130 0.13579483 0.09274058 0.13714354 0.06432108 0.12840156 0.11795303 0.19711926 0.13391117 0.09876294 0.12585164 0.17266118 0.11017262 0.16139687 0.12194217 0.10838110 0.12586396 0.08996628 0.16134191 0.12376242 0.11655416 0.11084916 0.16679803 0.12165391 0.13871895 0.16044187 0.13140010 0.14701768 0.09597029 0.14198824 0.13727726 0.11485297 0.21408701 0.12731066 0.14478495 0.22832616 0.13253546 0.14027494 0.11288727 0.13910097 0.14090870 0.08716399 0.15688727 0.10892814 0.10101308 0.08262636 0.12940358 0.04949605 0.06944374 0.07646349 0.15084629 0.15381364 0.11112275 0.14003425 0.13879339 0.12605119 0.12884661 0.13143300 0.11296084 0.13644473 0.11583413 0.09472057 0.14236225 0.23602003 0.16118020 0.19099553 0.12748672 0.14942489 0.11237469 0.13869755 0.10698925 0.10869499 0.11492944 0.12475181 0.12862037 0.08627348 0.07977115 0.10417270 0.07871598 0.13509800 0.12266890 0.10141132 0.10442819 0.13997531 0.15987546 0.11394626 0.13932386 0.15420291 0.09089024 0.09720578 0.11524977 0.14954979 0.17771463 0.09592412 0.13101619 0.10708827 0.10851283 0.10717768 0.15983946 0.14532119 0.15535795 0.11433908 0.09033647 0.12983502 0.12415479 0.12425893 0.14285237 0.14466020 
0.16264302 0.15549104 0.19735218 0.15154953 0.13967934 0.15593088 0.13137058 0.14057920 0.16085107 0.10558589 0.15630969 0.09947535 0.12171463 0.09915209 0.11629545 0.08410325 0.08794257 0.10981194 0.15021848 0.18677137 0.21740581 0.30033797 0.00000000 0.12695866 0.16115527 0.12287037 0.17819857 0.20594929 0.09869652 0.10909263 0.13155202 0.15975428 0.12009346 0.15785315 0.15552939 0.17272988 0.12129761 0.19116243 0.16359418 0.15109122 0.09107391 0.13620971 0.11538707 0.08888651 0.16880099 0.13222222 0.11290090 0.12454380 0.18999065 0.14024909 0.11217762 0.11393851 0.20077349 0.15615693 0.11902562 0.17459685 0.13826423 0.13566278 0.09290201 0.09699901 0.15455750 0.16634215 0.14664578 0.10355728 0.08818113 0.11865116 0.11561688 0.11726529 0.17000922 0.18790444 0.19896063 0.14400850 0.11446959 0.10062262 0.14460892 0.10870537 0.14736370 0.16689172 0.13109652 0.14002815 0.15928864 0.10854824 0.15727384 0.11721098 0.16678161 0.15267539 0.09642640 0.11398108 0.17753926 0.13720497 0.10016347 0.12030023 0.16718269 0.09019095 0.08779886 0.14821744 0.10200668 0.09088677 0.13253992 0.14019877 0.12956947 0.08938610 0.12338606 0.11299375 0.13554459 0.10224394 0.11188128 0.09428916 0.08855131 0.11895891 0.08499852 0.15558801 0.15026338 0.15493184 0.15767093 0.10534883 0.09878220 0.10344217 0.11137330 0.13124449 0.14318621 0.10989738 0.10629775 0.16640204 0.16097954 0.11160494 0.12711323 0.08114091 0.13717357 0.10748041 0.13427927 0.17311051 0.10209628 0.10559064 0.12214366 0.13271799 0.10634711 0.10733435 0.14882945 0.11656714 0.18201830 0.13333074 0.14348267 0.13019309 0.09102518 0.13947592 0.25271256 0.14319342 0.15787763 0.09415299 0.11714839 0.11174515 0.14175767 0.12488060 0.13150847 0.12948726 
