0.00000000 0.15520881 0.15314007 0.10575869 0.11039973 0.11495536 0.12698511 0.10205251 0.09793905 0.11621943 0.09544561 0.08910296 0.11245207 0.10792828 0.09744594 0.07920607 0.07871487 0.08900161 0.06316204 0.08333333 0.06890828 0.08161696 0.08197149 0.07803659 0.07137904 0.08231902 0.06479827 0.09255056 0.09242158 0.09019906 0.08499480 0.08739895 0.09339727 0.07157153 0.06535457 0.07465260 0.08447439 0.07324151 0.07975398 0.06505793 0.05637177 0.06885137 0.05782609 0.07274581 0.06030097 0.07606882 0.08510971 0.08463887 0.10544138 0.07719837 0.08671852 0.07419975 0.07322104 0.08190478 0.06535409 0.08017466 0.08268660 0.06350333 0.08709756 0.08208116 0.07896012 0.08485020 0.06174403 0.07608525 0.09682188 0.08082476 0.09211919 0.06663130 0.06961960 0.07461682 0.07542364 0.06973669 0.05797146 0.05662352 0.08104961 0.08913765 0.06025102 0.08947783 0.08431751 0.06017812 0.05889992 0.05888415 0.08107016 0.06580600 0.08710070 0.07084075 0.06131087 0.07439034 0.06676056 0.06958189 0.06853467 0.05632538 0.06942600 0.07096852 0.06771652 0.08258168 0.07257384 0.05838472 0.08337860 0.07625820 0.06821924 0.06841224 0.07351943 0.08390230 0.07319920 0.05769834 0.08997668 0.06134380 0.07460051 0.06416893 0.11364396 0.07211697 0.06821676 0.05979578 0.08621978 0.06939009 0.08204480 0.06483154 0.06496356 0.06920666 0.06568703 0.08765395 0.09053736 0.08775407 0.07163760 0.08589086 0.08621539 0.08768052 0.05906754 0.07864666 0.07610752 0.06414404 0.08168882 0.08621370 0.08157724 0.06404236 0.07822788 0.07996923 0.07741949 0.07411251 0.06708419 0.07363033 0.07756837 0.06503690 0.07819760 0.08583680 0.07958727 0.07122733 0.07202055 0.06455430 0.08306471 0.06088140 0.07612076 0.07334649 0.05682849 0.05935052 0.09381642 0.08499386 0.05614402 0.09581276 0.06739895 0.07812252 0.07204604 0.07118884 0.07937411 0.07360184 0.06544911 0.08756476 0.06417655 0.06054411 0.06902857 0.07080226 0.08677543 0.08331698 0.07645603 0.07227718 0.07891442 0.08565902 0.08456487 0.09174415 0.07611461 0.08344854 0.09146991 0.10279885 
0.15520881 0.00000000 0.13038898 0.13205772 0.12396669 0.12500931 0.10917376 0.10938574 0.09642621 0.09857679 0.11062985 0.11652095 0.11311288 0.11496072 0.09063266 0.07052002 0.09493032 0.07172821 0.07267221 0.08444950 0.08760331 0.08000058 0.07483612 0.08451283 0.07632270 0.06996073 0.06351421 0.08019459 0.07871816 0.08591105 0.08212049 0.08328229 0.11028349 0.06742027 0.06671176 0.07603703 0.09074921 0.08209716 0.06806927 0.07069212 0.06176574 0.07298352 0.07461854 0.08268293 0.06360735 0.06959016 0.08348342 0.08045232 0.10536525 0.07884994 0.08053693 0.08658140 0.06469913 0.07698654 0.05921190 0.09897384 0.06428478 0.07688367 0.07510101 0.07383907 0.06954445 0.08698609 0.06652984 0.06610705 0.09396218 0.08821847 0.08520629 0.07742719 0.05361855 0.07146599 0.05920231 0.06241477 0.06609897 0.06692710 0.06268361 0.08140109 0.06504580 0.07734791 0.07981371 0.04948231 0.06368339 0.06557097 0.10166651 0.06699747 0.09914615 0.05608493 0.05549652 0.06747859 0.08523097 0.08175072 0.06840203 0.06210043 0.08149560 0.07608120 0.08831683 0.07812718 0.07698268 0.05909764 0.06449849 0.07905934 0.05751036 0.06377834 0.07322193 0.08869650 0.09249955 0.06223413 0.09845476 0.07360965 0.07216504 0.06765000 0.06685906 0.08532263 0.07181473 0.06103843 0.07139377 0.07952883 0.08090722 0.06248646 0.06958525 0.07379316 0.07380594 0.07694734 0.07395147 0.06586355 0.07305897 0.07391790 0.08676497 0.05716766 0.08121870 0.07809807 0.08000853 0.07862987 0.05352909 0.07924986 0.08794009 0.07418701 0.08017457 0.08866921 0.09158979 0.09935665 0.07532651 0.07451779 0.09496756 0.07319032 0.07036525 0.09070035 0.07117652 0.06469080 0.07504092 0.07076633 0.07550657 0.08243684 0.07264460 0.07269876 0.06129089 0.06704130 0.07522814 0.06907351 0.06240453 0.07362430 0.07372671 0.06049780 0.06709829 0.06742427 0.08381715 0.07668929 0.06941188 0.08489921 0.07853317 0.07652945 0.07266365 0.06383777 0.07181354 0.08869548 0.06709776 0.07235041 0.06541618 0.08394794 0.08103322 0.07928424 0.05846492 0.08414644 0.09027528 0.12009511 
0.15314007 0.13038898 0.00000000 0.20379098 0.21021278 0.11610323 0.12442409 0.10096488 0.10041096 0.12962013 0.15492538 0.12218541 0.09427038 0.08275231 0.07086324 0.09091001 0.09076002 0.09895079 0.05920824 0.08088774 0.07401491 0.12202059 0.11003978 0.06261334 0.05862029 0.04796232 0.04300006 0.09888402 0.06169922 0.11731425 0.06902271 0.07468226 0.08527656 0.05479028 0.08126393 0.06903451 0.08328128 0.05023929 0.07175138 0.08529890 0.06464075 0.05214967 0.04205141 0.07381236 0.06704887 0.09875210 0.06374923 0.07342897 0.11006333 0.08340607 0.07811105 0.10064534 0.05355815 0.08587350 0.08886927 0.06959947 0.07251914 0.07787836 0.06064130 0.08200358 0.06166088 0.06537423 0.04915383 0.04371310 0.08434982 0.07526266 0.05876381 0.08482170 0.06020043 0.06473148 0.07924338 0.08082873 0.06429413 0.04840143 0.08165741 0.08765621 0.05431332 0.06525276 0.09855186 0.05035772 0.04437356 0.07127323 0.07739375 0.08197979 0.09742734 0.05777939 0.04920285 0.08938422 0.05846945 0.06940940 0.05981566 0.04471784 0.06625860 0.06724283 0.06564289 0.08772756 0.07090988 0.07675956 0.08249993 0.06871059 0.07485775 0.07388872 0.07578764 0.07857648 0.06569029 0.05937499 0.08484491 0.05827125 0.07949130 0.05756422 0.06602488 0.08116837 0.05510340 0.04000602 0.04376515 0.08936154 0.06658209 0.06924208 0.04758065 0.06657030 0.05731120 0.10421446 0.06951078 0.07367341 0.08758168 0.07754373 0.10342338 0.08032673 0.07033427 0.05192960 0.09702248 0.10182535 0.07683458 0.11864793 0.09460063 0.06157049 0.09007117 0.06544376 0.11146075 0.08852671 0.08134021 0.09232858 0.10157365 0.06150076 0.07162072 0.06224329 0.09209157 0.05963708 0.08339238 0.09321789 0.05178826 0.08030273 0.06719982 0.09173047 0.09058012 0.07731362 0.08347341 0.10039912 0.05836498 0.08957984 0.06316516 0.06052663 0.06552939 0.09352133 0.03977797 0.06434606 0.05668437 0.07126295 0.05395803 0.08913755 0.08243233 0.07464048 0.07871765 0.08755646 0.05588301 0.05819727 0.09533612 0.08653015 0.08804233 0.07453692 0.06601999 0.08111927 0.12986271 0.11683540 
0.10575869 0.13205772 0.20379098 0.00000000 0.17985123 0.11760933 0.11848530 0.11588664 0.13087043 0.09613694 0.12785577 0.12873341 0.09951095 0.10757763 0.09702112 0.08304344 0.09115002 0.11088020 0.04998385 0.08678692 0.08574696 0.09352371 0.08426592 0.11148787 0.10015211 0.08721776 0.06434557 0.09943298 0.09612125 0.10221256 0.06982075 0.09183862 0.06846579 0.06529807 0.08437804 0.06230742 0.06039369 0.05977092 0.06215852 0.07448625 0.06660328 0.07438160 0.06470479 0.08174863 0.05987556 0.06524312 0.08684987 0.06259284 0.09843685 0.05948763 0.07650186 0.08831329 0.07100203 0.09467530 0.06626492 0.06450567 0.06638534 0.06970332 0.07975216 0.08675446 0.06997927 0.07055661 0.07900705 0.04888647 0.09453906 0.05711067 0.06909454 0.05205173 0.03081244 0.07936808 0.05915398 0.04284534 0.03733083 0.06066654 0.08136985 0.05812828 0.06181681 0.07400466 0.06213190 0.04646853 0.04902956 0.08452536 0.06922102 0.07755119 0.08205081 0.07200342 0.04995764 0.06907784 0.06489389 0.07949468 0.06691988 0.03648693 0.12686879 0.06151160 0.08790234 0.10791121 0.08362325 0.04217039 0.09015851 0.06595112 0.10363537 0.07158926 0.08238831 0.09439364 0.08126231 0.03848950 0.08148767 0.06598589 0.06032642 0.05453589 0.05639016 0.09733500 0.07254089 0.04513817 0.06191420 0.08081529 0.06628170 0.05627688 0.07557812 0.06415172 0.03767993 0.07616351 0.10085009 0.07825463 0.06101498 0.09789297 0.07184146 0.10853447 0.06230121 0.10946759 0.07770599 0.07108956 0.07395554 0.08379756 0.07504509 0.10155135 0.09939842 0.07444535 0.09403120 0.07532689 0.07577024 0.09643587 0.05911619 0.07551832 0.08540186 0.09197275 0.08958629 0.05682290 0.09913113 0.08281045 0.06932376 0.08302678 0.08717946 0.07355228 0.05575372 0.05068841 0.07124338 0.10294211 0.03002471 0.11778894 0.05922028 0.06376892 0.06271759 0.08485204 0.04072127 0.07652325 0.05091287 0.08870791 0.05473070 0.08643646 0.10696289 0.07881544 0.07192904 0.07964146 0.05847265 0.06684836 0.09070722 0.07117845 0.09134078 0.07856414 0.10262804 0.08501704 0.11143561 0.09298648 
0.11039973 0.12396669 0.21021278 0.17985123 0.00000000 0.10553812 0.10915039 0.15621308 0.10182528 0.10365456 0.10116984 0.11529293 0.08465429 0.08473424 0.10362211 0.12566473 0.07267886 0.11921462 0.06557887 0.08015150 0.10266752 0.08156342 0.07473113 0.10859363 0.06648694 0.07969237 0.03639537 0.10245297 0.07467651 0.10572890 0.08251605 0.08200488 0.10279782 0.07682829 0.09321443 0.05650422 0.10314862 0.06628124 0.05788631 0.07443441 0.07069782 0.06744943 0.04251603 0.04272835 0.06701272 0.08482059 0.06120741 0.06487654 0.09899536 0.07621849 0.08471858 0.08856038 0.06183104 0.07889081 0.07916636 0.06176819 0.12825148 0.07531630 0.04983643 0.06989852 0.05818560 0.08692534 0.06899061 0.04759873 0.06348820 0.10541775 0.05590380 0.06662993 0.06063804 0.08494275 0.06325028 0.06442360 0.05738920 0.05731150 0.08519728 0.08105583 0.06076937 0.09239889 0.08499212 0.04095250 0.04684237 0.06780592 0.07197161 0.06591688 0.07311653 0.09661827 0.04825515 0.07410198 0.06359281 0.05850778 0.06692817 0.06318407 0.07044882 0.06582454 0.08686821 0.08378583 0.10933755 0.03312552 0.06469776 0.07639395 0.07896272 0.10740433 0.09596039 0.08618732 0.07700366 0.01412553 0.09828047 0.04694506 0.07293969 0.07243843 0.09152675 0.10631131 0.07862170 0.05299752 0.04956463 0.08910666 0.06480280 0.08269024 0.03286138 0.06811805 0.06032608 0.08395562 0.07217390 0.09164353 0.06179149 0.07099210 0.07485734 0.08578520 0.07018183 0.09826060 0.07094416 0.08326247 0.07440922 0.10083990 0.07064570 0.07888951 0.10013935 0.08390718 0.10363899 0.08783876 0.07633893 0.08673316 0.06052570 0.07265749 0.06577114 0.07955344 0.08492521 0.06144840 0.07121062 0.08202812 0.07618498 0.08452656 0.07486478 0.05954513 0.06026243 0.07791563 0.06727400 0.08481111 0.04241819 0.09060132 0.06737588 0.11702070 0.07830494 0.06096748 0.05223796 0.07218877 0.07739223 0.08456136 0.05074630 0.08021985 0.06907856 0.07395475 0.07791874 0.06503606 0.05827424 0.06353220 0.09363036 0.06049914 0.10396146 0.09406785 0.08549511 0.08954140 0.11644987 0.08539499 
0.11495536 0.12500931 0.11610323 0.11760933 0.10553812 0.00000000 0.12086634 0.12398485 0.11350936 0.10799421 0.12947490 0.13399752 0.10227844 0.11137211 0.10882369 0.08885713 0.08789449 0.09262700 0.06609017 0.07432156 0.09038810 0.09030834 0.07972784 0.08325576 0.06100857 0.07586763 0.07762403 0.07825009 0.07275193 0.10791471 0.08756392 0.08498554 0.10979227 0.07391921 0.08851135 0.07797290 0.09086512 0.07618766 0.07390604 0.05775911 0.06232458 0.06074486 0.07919958 0.06677293 0.06401064 0.08270168 0.09730757 0.08282178 0.09448284 0.07324379 0.08647079 0.07184885 0.07418123 0.07191766 0.08140386 0.09119632 0.06504561 0.07333502 0.07027399 0.08154306 0.05950853 0.06479547 0.07400904 0.08739122 0.07746812 0.08489349 0.06416312 0.07749635 0.07229492 0.08203684 0.05525797 0.06525274 0.05702696 0.06032588 0.06656040 0.07734268 0.06410843 0.06271331 0.06759392 0.06060171 0.06503811 0.06677794 0.08270011 0.06843490 0.10584995 0.07295014 0.06206319 0.07182776 0.06080220 0.11078361 0.09908180 0.06047248 0.08582839 0.07391040 0.06473608 0.06883304 0.08233567 0.06236464 0.09074391 0.06540247 0.07567978 0.06093251 0.06653410 0.08017756 0.06218366 0.06499326 0.09029133 0.05536449 0.07126986 0.06276400 0.07577510 0.06041572 0.05489247 0.06221338 0.06661788 0.07156620 0.08826775 0.06477465 0.06856671 0.10695997 0.06528237 0.09641256 0.08165216 0.08320880 0.07070494 0.07590600 0.08273222 0.06351122 0.06949539 0.07696666 0.07554836 0.06903523 0.07174746 0.08389924 0.09749924 0.06811670 0.08591490 0.08581343 0.07332496 0.07213609 0.05958801 0.07255866 0.07724134 0.06400538 0.06608533 0.07358471 0.08151518 0.08893987 0.07794703 0.07395622 0.07341675 0.08092236 0.10090205 0.07054287 0.06403268 0.05541522 0.07527116 0.08103143 0.06164547 0.07906395 0.07141568 0.06579515 0.06399658 0.07038926 0.10137196 0.09139537 0.06469451 0.06330151 0.06032721 0.06948156 0.07090840 0.06354427 0.07536011 0.06454177 0.06913134 0.06539706 0.07595196 0.07116807 0.08126802 0.07971536 0.08409094 0.08076658 0.09195501 0.11757765 
0.12698511 0.10917376 0.12442409 0.11848530 0.10915039 0.12086634 0.00000000 0.09463170 0.09406007 0.09382279 0.10819786 0.09257320 0.11172421 0.09198995 0.09417821 0.08194893 0.08496662 0.09217016 0.06134692 0.07657003 0.08211818 0.07429521 0.07250483 0.09459567 0.07969302 0.08137264 0.06959688 0.08357826 0.08003750 0.10404460 0.08865825 0.08994185 0.09202779 0.06904956 0.06837149 0.07086776 0.08861362 0.07506595 0.07686584 0.05293481 0.05408548 0.06044460 0.06139663 0.06227677 0.07035317 0.07641124 0.08979288 0.09144098 0.10894556 0.07835655 0.07615408 0.08429356 0.06141235 0.08576829 0.07680154 0.09759230 0.07525818 0.06870602 0.09231903 0.06964103 0.07595874 0.06334257 0.07800369 0.07481012 0.07820170 0.08843559 0.07602758 0.07543192 0.08426832 0.07921018 0.05298605 0.06811900 0.05238305 0.04934368 0.06979636 0.08637076 0.06183361 0.06030844 0.07806344 0.05843591 0.05888922 0.05731815 0.07528361 0.06246085 0.09045795 0.06623389 0.06432761 0.09113784 0.05605377 0.08505934 0.07137712 0.05188382 0.06631791 0.08753596 0.08086327 0.09398255 0.06764909 0.05301741 0.07975710 0.06018290 0.07909895 0.06479627 0.06642698 0.09821591 0.05834707 0.06052758 0.08169017 0.06758379 0.07539596 0.05430398 0.08116575 0.06622044 0.07429414 0.05680545 0.05029466 0.06586184 0.09416155 0.07116585 0.05559017 0.08070506 0.05598212 0.06803197 0.07948652 0.08493551 0.08179494 0.09169394 0.09565648 0.07947988 0.06606422 0.09602504 0.07927565 0.08828016 0.07705538 0.08467792 0.08127265 0.06901783 0.09345403 0.07454736 0.09309715 0.07064039 0.07788075 0.08761902 0.08114531 0.06679362 0.07878955 0.09515288 0.09255098 0.09155882 0.07709775 0.08449131 0.08694390 0.07550538 0.07420589 0.06924633 0.07712889 0.07104430 0.07933583 0.08931207 0.06272912 0.08376808 0.07323616 0.07150540 0.06983270 0.06951529 0.08524727 0.08198968 0.07383609 0.07441648 0.06529158 0.05733311 0.06514772 0.07182582 0.08505211 0.07710917 0.07607274 0.07732653 0.07550476 0.08609066 0.08733499 0.08866110 0.08061186 0.08679232 0.10077983 0.11761714 
0.10205251 0.10938574 0.10096488 0.11588664 0.15621308 0.12398485 0.09463170 0.00000000 0.13169450 0.19967771 0.14462193 0.08463328 0.10766827 0.09666367 0.10537351 0.10922994 0.13006761 0.08550359 0.06529339 0.06733554 0.09749523 0.11461834 0.08091256 0.09036783 0.05203661 0.08675403 0.10305640 0.07766176 0.06405325 0.09012684 0.08490964 0.07308838 0.08603948 0.08022185 0.05890658 0.06952112 0.07682130 0.06329664 0.07477561 0.04887883 0.08133159 0.06675849 0.05918769 0.05299513 0.04667447 0.07391673 0.06955687 0.08106530 0.09745406 0.07673031 0.09416172 0.10452227 0.06023895 0.04526685 0.06002213 0.08944970 0.07797032 0.07456927 0.05333378 0.09040890 0.04166295 0.05444315 0.06172560 0.03004166 0.11314491 0.04869585 0.08311625 0.07021907 0.05244187 0.06713422 0.07594981 0.05555260 0.07845576 0.09110834 0.08924945 0.10164880 0.08592739 0.05890121 0.08642695 0.06573965 0.08803057 0.07445711 0.09688161 0.06384110 0.05069388 0.07065204 0.04908034 0.08845063 0.05401924 0.10783774 0.06464656 0.05705555 0.08340327 0.05309812 0.05975398 0.07497969 0.09855769 0.06696079 0.06322034 0.06377389 0.10198951 0.05890262 0.05451732 0.08497339 0.08743009 0.06285514 0.07938308 0.09851819 0.08576687 0.08387297 0.07960867 0.05680350 0.05899967 0.07134637 0.06927166 0.08904780 0.08741648 0.06243133 0.07899411 0.10636837 0.04540301 0.10355046 0.07971363 0.06728535 0.06730235 0.08932652 0.08533833 0.06755013 0.06939442 0.07805723 0.06577732 0.05590533 0.05954196 0.06438073 0.06234384 0.07134814 0.09211127 0.07406440 0.10341241 0.07194850 0.08603299 0.07295594 0.02721938 0.09423238 0.07158293 0.03412222 0.08938149 0.06199480 0.09474384 0.08697193 0.05436009 0.08792609 0.09809650 0.06141980 0.00973278 0.06668627 0.07314513 0.05385327 0.06273117 0.09300872 0.08138993 0.03371193 0.06754786 0.08378811 0.06478400 0.17535299 0.08669454 0.09599144 0.10147242 0.04346523 0.09759332 0.06753095 0.08159437 0.08947736 0.07755104 0.06283213 0.08283515 0.09056726 0.11630212 0.09660975 0.12950976 0.09025713 0.11641608 0.10716287 
0.09793905 0.09642621 0.10041096 0.13087043 0.10182528 0.11350936 0.09406007 0.13169450 0.00000000 0.13648657 0.12774815 0.11434955 0.11864306 0.12014206 0.12291445 0.10149664 0.08287477 0.08717538 0.03464206 0.09515826 0.08391963 0.12066481 0.07995632 0.05486434 0.08710228 0.08945244 0.10891897 0.09592149 0.10748751 0.09422068 0.07571258 0.06365870 0.08359160 0.10101596 0.08373281 0.07330459 0.10055024 0.07311529 0.04125073 0.05307242 0.07436795 0.09115618 0.08227207 0.10949119 0.04844372 0.09623849 0.08478888 0.07309676 0.07785073 0.09614825 0.07309621 0.07075837 0.07104445 0.12769753 0.11154318 0.06535506 0.08446251 0.06391952 0.11788010 0.08180320 0.04349048 0.05287097 0.05470305 0.08240821 0.08788815 0.09885833 0.06974587 0.04072492 0.04137895 0.06362802 0.06555245 0.05617086 0.07090695 0.14615790 0.10801384 0.09747635 0.06631458 0.07426912 0.04388039 0.06059510 0.08766562 0.06521223 0.06337997 0.06848560 0.06750338 0.04019070 0.11294760 0.06690370 0.03638399 0.05638723 0.07306331 0.04358430 0.07806133 0.09130694 0.09567042 0.08319210 0.09664574 0.08494209 0.07053684 0.11597904 0.05387488 0.08632875 0.05109036 0.07885846 0.06904534 0.04210504 0.08026726 0.07067824 0.08704483 0.06278685 0.05608291 0.05137461 0.07421281 0.06894829 0.08374508 0.05441898 0.06989845 0.06438251 0.07470136 0.08638883 0.04789042 0.10212344 0.06003295 0.10645128 0.05971427 0.05701058 0.06090986 0.08308325 0.02559560 0.07964480 0.06071472 0.08169223 0.06821667 0.09950509 0.11576500 0.05816186 0.08270323 0.09328991 0.08240416 0.07927376 0.05909344 0.09420150 0.07111531 0.07435436 0.08783000 0.09193099 0.07871138 0.08789267 0.07139292 0.05027837 0.09056052 0.09142868 0.10507182 0.10255790 0.06483308 0.08464665 0.08132365 0.03936710 0.05130129 0.08742099 0.07149271 0.06512309 0.07249480 0.05492685 0.06011005 0.06308211 0.08194552 0.07152549 0.05338602 0.09041131 0.09389971 0.07332847 0.07700480 0.06241632 0.06145095 0.06660651 0.08266792 0.07536394 0.07914311 0.09508287 0.09377558 0.08715498 0.09507425 0.10875564 
0.11621943 0.09857679 0.12962013 0.09613694 0.10365456 0.10799421 0.09382279 0.19967771 0.13648657 0.00000000 0.11182199 0.15331334 0.17637975 0.23688557 0.11274125 0.11099281 0.13653673 0.08510876 0.08325040 0.06528955 0.04671953 0.07904150 0.05982934 0.07042213 0.07443825 0.05594304 0.03150230 0.06257449 0.05585182 0.10385925 0.08510063 0.03948241 0.05609109 0.09503184 0.12051552 0.07505111 0.06108563 0.05241258 0.06834241 0.05670805 0.09116330 0.08011973 0.05308500 0.06675642 0.08514557 0.05629912 0.09144193 0.06968731 0.08851865 0.07043525 0.06482138 0.05763865 0.01653441 0.09974303 0.09302971 0.10534025 0.10447660 0.04207677 0.06473269 0.04323027 0.04778512 0.04578211 0.07685282 0.04660051 0.07114569 0.09096504 0.05699097 0.05935483 0.07529302 0.07067036 0.05354282 0.06857252 0.07346147 0.06318784 0.06629735 0.08667915 0.08254871 0.10323559 0.06003408 0.06623305 0.08388294 0.08490442 0.04471057 0.08508674 0.05405864 0.03258760 0.07925643 0.13645389 0.07441287 0.07272335 0.05162776 0.05259752 0.07102984 0.05449420 0.05414036 0.05679918 0.06546994 0.06961577 0.10039357 0.04509419 0.08988215 0.07294630 0.10076016 0.06107854 0.06747168 0.04974517 0.07150372 0.08470145 0.07593898 0.05922544 0.14343594 0.07381120 0.06957925 0.05350803 0.07560999 0.07464342 0.09159990 0.06369342 0.10831609 0.04587881 0.06988793 0.05709166 0.05129726 0.04160266 0.04354320 0.07277864 0.09413975 0.06530900 0.06153826 0.10190564 0.04588711 0.13158174 0.07196071 0.07699092 0.05980174 0.07870172 0.07832774 0.07625596 0.06025224 0.11056385 0.07403934 0.09871090 0.09458334 0.06661073 0.05136648 0.07345210 0.04925747 0.07842837 0.11918574 0.09555458 0.04072079 0.03347711 0.07698076 0.07826019 0.10741306 0.03361081 0.04460108 0.08440278 0.05309298 0.10805154 0.12016031 0.10686302 0.05159496 0.09629990 0.09767547 0.14177092 0.05966756 0.08026171 0.09105298 0.05615614 0.07311766 0.05969482 0.07147920 0.07570125 0.06662280 0.05022687 0.10424426 0.09940692 0.09226542 0.13470584 0.11344918 0.09661815 0.11606269 0.10609566 
0.09544561 0.11062985 0.15492538 0.12785577 0.10116984 0.12947490 0.10819786 0.14462193 0.12774815 0.11182199 0.00000000 0.24231149 0.13538178 0.14788681 0.11362683 0.12397466 0.09390998 0.11469078 0.05546943 0.07618513 0.10798799 0.07027665 0.03841957 0.06851886 0.09276634 0.05063947 0.07580500 0.08450894 0.10289372 0.07832347 0.06947726 0.10921836 0.06917146 0.05550796 0.10399011 0.07639465 0.08815594 0.09786463 0.07958567 0.09307476 0.03939924 0.06595918 0.08189598 0.04393080 0.07095453 0.08533991 0.07591671 0.08070853 0.09627079 0.09108235 0.08951501 0.07640046 0.08108287 0.07578002 0.05367559 0.09172841 0.05796431 0.04243330 0.06009863 0.10250768 0.03815436 0.04386415 0.04204916 0.05483575 0.05597306 0.12297998 0.07190379 0.10545408 0.08656554 0.07700787 0.06855077 0.07256816 0.03709649 0.04926949 0.04408187 0.08101098 0.09576913 0.04692485 0.05450256 0.05376743 0.06957400 0.08332561 0.07187556 0.08764593 0.11773990 0.07067891 0.10504639 0.04431724 0.02672454 0.10255318 0.07829699 0.04596694 0.04787808 0.08030376 0.06353288 0.06186370 0.08498547 0.06826281 0.08780410 0.04799678 0.07416799 0.08951080 0.04379804 0.10596869 0.05303006 0.05611590 0.08963069 0.08042892 0.08450957 0.05436732 0.06036556 0.07005832 0.06847420 0.05069726 0.09585375 0.10234589 0.08418150 0.06893910 0.04116743 0.13727821 0.05282205 0.05457586 0.07540150 0.07270909 0.05889428 0.10206014 0.09174902 0.07728599 0.10403243 0.05580486 0.10055468 0.06292009 0.07930534 0.05415962 0.06277784 0.05167749 0.06570340 0.10232809 0.04958330 0.03856354 0.05596685 0.08229441 0.07028679 0.09980676 0.08828579 0.04966809 0.05984801 0.06915606 0.06743819 0.11426559 0.05052524 0.11781161 0.10319819 0.05977417 0.08208430 0.13053746 0.06435618 0.06034988 0.07371799 0.07270255 0.03547662 0.13058991 0.04389642 0.14734740 0.08881216 0.08352999 0.05803274 0.08227422 0.02982715 0.06546185 0.08557560 0.05798146 0.08850232 0.09872285 0.06782828 0.06658771 0.06918310 0.06644623 0.06940888 0.07416402 0.07703763 0.07916542 0.11147802 0.09530860 
0.08910296 0.11652095 0.12218541 0.12873341 0.11529293 0.13399752 0.09257320 0.08463328 0.11434955 0.15331334 0.24231149 0.00000000 0.12504672 0.14551715 0.15601038 0.16973085 0.09960009 0.11422278 0.11789780 0.11347679 0.05817509 0.09624851 0.08620673 0.04929145 0.07319901 0.06383265 0.05709662 0.08047936 0.05195184 0.10168374 0.06175617 0.07401974 0.10693670 0.06409881 0.13867766 0.07020039 0.07602134 0.06361511 0.06157649 0.09300642 0.06761072 0.10349846 0.10231499 0.06521267 0.07059211 0.06643973 0.11858102 0.07246850 0.07818727 0.08330480 0.05329987 0.04735063 0.06562965 0.06187753 0.12334691 0.09273860 0.05359980 0.10276263 0.07073722 0.08565203 0.08511951 0.07174545 0.05212550 0.05729981 0.05219910 0.10472820 0.06206575 0.05750009 0.11282882 0.05959507 0.08252548 0.07023512 0.06381205 0.05173643 0.11159200 0.03913197 0.04873982 0.04881056 0.09850246 0.04565828 0.07207406 0.07428861 0.07570964 0.06253445 0.10913577 0.03604297 0.07637378 0.08047242 0.07356712 0.12302002 0.09855936 0.09376939 0.09044440 0.06175092 0.05956243 0.03309156 0.09708467 0.07233761 0.07187602 0.09016776 0.06752830 0.06761932 0.06223640 0.07654049 0.04503415 0.09809500 0.08386472 0.08303067 0.05285353 0.12385335 0.10044666 0.04785470 0.05294933 0.06661207 0.11512920 0.06176987 0.06998939 0.06182205 0.08975999 0.09370901 0.10347087 0.06495916 0.07244362 0.07648486 0.06552760 0.04524747 0.04847655 0.05079126 0.07905768 0.05904190 0.05485790 0.07075536 0.05157717 0.05134777 0.06600891 0.07464838 0.06378480 0.09584009 0.05964094 0.04562565 0.06817385 0.06465336 0.07499890 0.09781145 0.03683770 0.07777125 0.09026274 0.05984221 0.06526284 0.11011763 0.03914596 0.06016716 0.06374428 0.06918084 0.09958124 0.06542354 0.11452487 0.08366985 0.08261613 0.08307540 0.09767928 0.07215936 0.07719256 0.06746521 0.08848144 0.09614785 0.06771333 0.10710859 0.06463917 0.05326840 0.10065181 0.08322384 0.04863971 0.05258811 0.04730198 0.05777828 0.03727226 0.08107609 0.06179012 0.05110849 0.04632071 0.06136057 0.05549133 0.08283269 
0.11245207 0.11311288 0.09427038 0.09951095 0.08465429 0.10227844 0.11172421 0.10766827 0.11864306 0.17637975 0.13538178 0.12504672 0.00000000 0.19288136 0.10926479 0.12198438 0.10658680 0.10052058 0.05359141 0.09424196 0.09904853 0.09955983 0.05737193 0.09199861 0.09500077 0.04879554 0.09268397 0.07503698 0.08710512 0.08300509 0.04522319 0.09949496 0.08396028 0.06309491 0.07079706 0.06950008 0.07431867 0.08223893 0.04765140 0.06230411 0.07426710 0.07774875 0.11023779 0.08263912 0.06999527 0.06383403 0.08001630 0.06189818 0.09757698 0.08693448 0.10009439 0.06715303 0.06369194 0.07317239 0.06083721 0.11092098 0.05965013 0.10659228 0.04522636 0.07619667 0.12137404 0.05137885 0.07316139 0.09486369 0.08733452 0.09139768 0.09605616 0.07344297 0.05469672 0.07806387 0.07338751 0.07435720 0.06887739 0.05141964 0.08102626 0.07830176 0.07536802 0.06441388 0.10804647 0.11718335 0.06487684 0.06834760 0.05768578 0.08983861 0.07532572 0.08721384 0.05216443 0.07706262 0.09795824 0.09882442 0.08515349 0.08148757 0.08567432 0.09113862 0.07023993 0.08106612 0.08120816 0.06003133 0.08099787 0.07295057 0.05030437 0.05771970 0.07926144 0.07534033 0.07120506 0.06096956 0.08320424 0.06395500 0.07266491 0.09398137 0.05931648 0.09374552 0.03499011 0.05404370 0.06612054 0.06804306 0.10848479 0.05070947 0.07738426 0.08408926 0.04744379 0.10865465 0.04144863 0.07847241 0.07316430 0.06247176 0.06933100 0.07112473 0.06599534 0.06009615 0.07320758 0.06942571 0.06592696 0.06671556 0.06167656 0.07391812 0.09104835 0.08273418 0.09013649 0.06766254 0.04859586 0.07308655 0.07352607 0.06796631 0.07101984 0.09572134 0.10832806 0.06459840 0.07086775 0.08196685 0.07609826 0.08461951 0.07206392 0.06400735 0.06816676 0.06828219 0.07898992 0.07357625 0.06017814 0.06291688 0.08778620 0.07011038 0.05077178 0.04558615 0.04959565 0.11032869 0.09883069 0.09849245 0.03128206 0.04883015 0.06372897 0.05928098 0.09282218 0.06167502 0.05112227 0.07051423 0.06841248 0.10991448 0.07354814 0.09919170 0.07007657 0.07624064 0.08634944 0.10403086 
0.10792828 0.11496072 0.08275231 0.10757763 0.08473424 0.11137211 0.09198995 0.09666367 0.12014206 0.23688557 0.14788681 0.14551715 0.19288136 0.00000000 0.12581535 0.07707261 0.07384397 0.07232332 0.08818107 0.08994033 0.08545315 0.08150597 0.08325367 0.06566542 0.04791273 0.05456454 0.05979836 0.08177073 0.10434422 0.06874505 0.06085063 0.07068692 0.08122314 0.10263769 0.06947749 0.05976547 0.08165397 0.10326101 0.05955707 0.03508222 0.05697945 0.05115863 0.07314890 0.04098093 0.07933823 0.06125247 0.05131731 0.07961248 0.08740901 0.10363164 0.09588775 0.06403101 0.03859770 0.07176545 0.05758150 0.08310681 0.06869916 0.06694548 0.09254450 0.05464414 0.05615988 0.08402838 0.05607721 0.05384566 0.13362838 0.06643623 0.10026663 0.10395426 0.10685793 0.08035959 0.09323341 0.07896501 0.10922967 0.06081752 0.06057142 0.07696718 0.06711059 0.06274308 0.04895699 0.11250259 0.11018515 0.08378220 0.04114623 0.09307267 0.12850603 0.08028517 0.07106295 0.05055315 0.04205662 0.08632041 0.06752892 0.10327977 0.11911578 0.05412504 0.10031953 0.06865638 0.05684214 0.07132614 0.06645863 0.06811452 0.03285533 0.05397521 0.05439748 0.07479040 0.07915314 0.06379492 0.07231213 0.10190627 0.06564791 0.08450661 0.05531111 0.09784160 0.08652113 0.04950834 0.06162117 0.10371356 0.09712740 0.07818905 0.11571549 0.10817665 0.11689666 0.07369637 0.09766248 0.07547475 0.05587209 0.05658189 0.06202277 0.07048975 0.06514596 0.04450264 0.04981491 0.06198508 0.04541236 0.10636916 0.06131683 0.07512914 0.06075508 0.08953119 0.07064625 0.07646870 0.05662496 0.07629799 0.05963144 0.04444381 0.10316345 0.05074331 0.07585556 0.10583041 0.08493113 0.07166591 0.07155008 0.06976630 0.08643167 0.09368608 0.06004173 0.07926878 0.10745923 0.07204223 0.07334717 0.05796695 0.06171572 0.06731360 0.08330032 0.06745231 0.05975604 0.09398661 0.10104707 0.05676188 0.06984258 0.06158292 0.04245194 0.06195762 0.08256773 0.10520907 0.06900958 0.07925379 0.10242485 0.05284327 0.08837740 0.13729178 0.08129699 0.07418150 0.10316242 0.08750874 
0.09744594 0.09063266 0.07086324 0.09702112 0.10362211 0.10882369 0.09417821 0.10537351 0.12291445 0.11274125 0.11362683 0.15601038 0.10926479 0.12581535 0.00000000 0.12887871 0.11236544 0.09134111 0.11823690 0.08041959 0.07101904 0.11902340 0.11442575 0.07105265 0.10766209 0.10996878 0.07455496 0.11532656 0.05263733 0.06002582 0.05616171 0.08966700 0.06702951 0.07911254 0.08657632 0.07062685 0.07082139 0.06077388 0.07462471 0.06327816 0.08130445 0.05519924 0.03000289 0.04590977 0.06758343 0.03510197 0.06673271 0.08490510 0.09452294 0.10517176 0.08879139 0.07332309 0.08216343 0.10773353 0.05747769 0.06554902 0.05875070 0.07729920 0.08751322 0.09073809 0.10061689 0.06725031 0.06451814 0.07455069 0.06328909 0.12161466 0.10011447 0.06198761 0.08202636 0.06361011 0.06978099 0.07780906 0.06737743 0.06422849 0.08602228 0.04390269 0.04653068 0.08624091 0.05534957 0.07608880 0.09132730 0.09003479 0.05555209 0.07797955 0.08931648 0.06275986 0.07975154 0.02859365 0.07107187 0.11939806 0.06388546 0.07058469 0.08549689 0.08065340 0.08661228 0.04148319 0.09093549 0.05089509 0.12282920 0.08616674 0.09990020 0.04646178 0.07629706 0.07919418 0.02351631 0.04799380 0.07752603 0.04658490 0.06852225 0.05541365 0.06195357 0.12401145 0.09223294 0.05087757 0.05343584 0.07945968 0.05799517 0.04001877 0.04675279 0.05594637 0.14133379 0.05967613 0.10892355 0.09443398 0.09479423 0.11889049 0.07730971 0.09919636 0.07246689 0.06110492 0.09234482 0.09007737 0.05806520 0.09159292 0.08820813 0.08872344 0.05571917 0.07523459 0.06432522 0.06246891 0.04482548 0.06211234 0.04402623 0.07141467 0.09760739 0.05249867 0.09232166 0.09965592 0.07216695 0.06437569 0.10278801 0.04189545 0.05839243 0.06082921 0.05596741 0.12531536 0.11092014 0.10643922 0.09980146 0.08257336 0.12867031 0.07314056 0.06187756 0.09162337 0.05033282 0.13694757 0.06313194 0.08941553 0.05528069 0.05674980 0.04064162 0.05755744 0.07829327 0.06616917 0.05513092 0.04782612 0.06813373 0.07846089 0.10240674 0.08404372 0.08678954 0.08484789 0.08058834 0.11793981 
0.07920607 0.07052002 0.09091001 0.08304344 0.12566473 0.08885713 0.08194893 0.10922994 0.10149664 0.11099281 0.12397466 0.16973085 0.12198438 0.07707261 0.12887871 0.00000000 0.11993202 0.08305991 0.08290245 0.06167379 0.08890401 0.13174811 0.06126626 0.09291473 0.03465299 0.09861277 0.05809693 0.11659646 0.10778077 0.10881337 0.08139815 0.12040266 0.09575160 0.11389151 0.10230817 0.07318231 0.10633210 0.05843446 0.05083706 0.09171317 0.07570053 0.05270551 0.09550216 0.05434225 0.08300530 0.06220838 0.07018407 0.06168106 0.07580707 0.06448265 0.07141792 0.07646925 0.03651730 0.07396373 0.09913480 0.08620267 0.10514433 0.11419235 0.10100757 0.07098285 0.07214998 0.07930205 0.06361186 0.07197674 0.06188056 0.08762533 0.04326472 0.05572454 0.06458868 0.06454166 0.08600403 0.07529750 0.07516574 0.05807848 0.08828216 0.06621317 0.09337077 0.07904855 0.07378548 0.04320027 0.06518034 0.05521811 0.05101912 0.04705945 0.12709559 0.05173645 0.09242335 0.06334379 0.05790832 0.04554733 0.05888508 0.08682040 0.06711727 0.04473348 0.10770666 0.12615447 0.08471966 0.08187176 0.05449032 0.08529146 0.05360530 0.03882177 0.07443266 0.10511152 0.08517073 0.06526681 0.06195825 0.07795686 0.05158679 0.08190162 0.08802807 0.07035400 0.05119640 0.05136565 0.04725862 0.06375684 0.05409711 0.04388725 0.06463696 0.06164452 0.08022369 0.07822648 0.07594476 0.08133970 0.06738634 0.03939835 0.05890994 0.06627051 0.07686385 0.09576212 0.09967314 0.05512161 0.06597917 0.06642791 0.07124200 0.08469606 0.09888556 0.07755789 0.07601118 0.07196586 0.10582586 0.06535804 0.05437938 0.08691143 0.07874907 0.09938562 0.07777465 0.07785082 0.07782435 0.31505328 0.08077488 0.07603331 0.05865301 0.09088561 0.09328272 0.11189770 0.14668804 0.06228628 0.07962093 0.10989749 0.06616889 0.09477948 0.09960409 0.05062618 0.04063043 0.06731839 0.04749526 0.06600075 0.04362298 0.06615028 0.07629410 0.08737280 0.05394149 0.05568084 0.06265253 0.07469691 0.06573881 0.08236817 0.08515664 0.08472406 0.07755497 0.07546898 0.12896614 0.09742064 
0.07871487 0.09493032 0.09076002 0.09115002 0.07267886 0.08789449 0.08496662 0.13006761 0.08287477 0.13653673 0.09390998 0.09960009 0.10658680 0.07384397 0.11236544 0.11993202 0.00000000 0.09892694 0.11162442 0.08514020 0.06856474 0.08696439 0.11555407 0.06855295 0.07445949 0.07879990 0.10021572 0.07217294 0.12455032 0.05906914 0.08047215 0.10641140 0.09161168 0.07523884 0.08319706 0.06081627 0.07135533 0.08045591 0.10172978 0.08003051 0.06384219 0.07407628 0.08507021 0.08430685 0.06756189 0.06921347 0.08341907 0.07477583 0.08637218 0.09836023 0.04632346 0.06202506 0.06983958 0.09368839 0.07949327 0.05778273 0.05390328 0.07152766 0.07716547 0.08766876 0.06978553 0.09256355 0.04681757 0.06082773 0.08168543 0.06309918 0.09780841 0.04860227 0.02552093 0.05039563 0.03520519 0.04536667 0.07547131 0.04888625 0.05368352 0.07403066 0.04606261 0.07576727 0.09868732 0.07722160 0.05236159 0.10351525 0.07916841 0.05728254 0.04281405 0.07552932 0.04023405 0.05912333 0.07390612 0.02378088 0.08110271 0.06914546 0.09163104 0.08321556 0.08302081 0.07601875 0.06532797 0.07020184 0.06647833 0.11056200 0.07151568 0.06494911 0.07548279 0.09417609 0.06980325 0.08584515 0.08433348 0.08937425 0.06950871 0.08409185 0.08329006 0.08713257 0.07138183 0.04511186 0.06471383 0.08203145 0.04605282 0.08183069 0.10751705 0.09552672 0.08288274 0.12305113 0.09695960 0.07056051 0.09121723 0.12657726 0.08987715 0.08302882 0.07209654 0.08007291 0.09480098 0.08241275 0.12389131 0.08781891 0.08329062 0.07552334 0.06726526 0.07349858 0.04774637 0.05079800 0.09358610 0.07718382 0.08255478 0.05406462 0.09323051 0.10713949 0.07740121 0.06917038 0.06976311 0.10809803 0.09499144 0.08201804 0.10436046 0.09869891 0.10344964 0.06240998 0.11244213 0.06028598 0.05989185 0.13705656 0.06805870 0.11206250 0.04646782 0.09467155 0.08615382 0.10488873 0.07535997 0.07548879 0.06672513 0.03604031 0.08094306 0.07670795 0.05386983 0.06097429 0.07026226 0.05447655 0.09227625 0.09335336 0.07931994 0.10189492 0.09177874 0.10273201 0.11880822 0.10234536 
0.08900161 0.07172821 0.09895079 0.11088020 0.11921462 0.09262700 0.09217016 0.08550359 0.08717538 0.08510876 0.11469078 0.11422278 0.10052058 0.07232332 0.09134111 0.08305991 0.09892694 0.00000000 0.08957188 0.12008832 0.11027085 0.08736169 0.06707027 0.08228465 0.08529348 0.06715501 0.09412910 0.11641198 0.09749267 0.08246428 0.07287587 0.06654701 0.05821854 0.10654939 0.11225155 0.08832572 0.04970832 0.10046824 0.07084019 0.06833362 0.10536547 0.06674449 0.04846888 0.06797958 0.08605936 0.08400474 0.09712793 0.06131829 0.07857021 0.09324035 0.11409816 0.03543135 0.09338452 0.10597560 0.08538145 0.06943889 0.13612820 0.11937783 0.10779896 0.08538509 0.05580885 0.05121371 0.09683329 0.08720583 0.05915898 0.07091796 0.03989418 0.03806106 0.05058705 0.06482975 0.09164232 0.04672431 0.09231931 0.05924830 0.10674383 0.12402958 0.06365389 0.09625323 0.03468762 0.07537869 0.03647088 0.06708269 0.04188582 0.08336449 0.09620247 0.06923802 0.07047276 0.07742693 0.04029648 0.06270852 0.07446022 0.05847543 0.08933236 0.11286727 0.09243112 0.06469835 0.09105717 0.06354861 0.11176539 0.05572236 0.06100766 0.03553419 0.09745108 0.11151474 0.09192354 0.04517787 0.10784034 0.07963334 0.06233544 0.05476182 0.08164346 0.07254204 0.03071420 0.06827851 0.07694723 0.04777018 0.05745658 0.06683515 0.07591751 0.06963702 0.10521326 0.09925163 0.12023153 0.04569873 0.07189913 0.08859462 0.08280862 0.07930268 0.08500756 0.10308313 0.07744262 0.08176957 0.07612713 0.07046134 0.08779109 0.06089747 0.07976959 0.07682194 0.08871078 0.05827919 0.06338258 0.08385408 0.09065550 0.11407640 0.08202688 0.09525645 0.10474652 0.08244091 0.10082266 0.05854602 0.08973435 0.07336892 0.06862796 0.09364855 0.06088315 0.06825272 0.07672108 0.06895394 0.05338042 0.08808270 0.07853690 0.06273882 0.11642743 0.12126203 0.08982404 0.04500147 0.07745144 0.06168434 0.06215141 0.08437399 0.06171087 0.06733189 0.08491064 0.06717530 0.07785895 0.08972694 0.07130979 0.07201162 0.06644369 0.10586034 0.08684630 0.09240115 0.08564389 0.07429786 
0.06316204 0.07267221 0.05920824 0.04998385 0.06557887 0.06609017 0.06134692 0.06529339 0.03464206 0.08325040 0.05546943 0.11789780 0.05359141 0.08818107 0.11823690 0.08290245 0.11162442 0.08957188 0.00000000 0.09469316 0.10779521 0.10073417 0.05285115 0.09638645 0.08273156 0.08072486 0.06207989 0.06787110 0.08689261 0.09071140 0.07569765 0.09924703 0.08118137 0.09235325 0.06901795 0.12598378 0.07366004 0.07896099 0.07048290 0.08572206 0.11738120 0.07261881 0.09206802 0.09656199 0.09675828 0.06604873 0.07194987 0.07271856 0.07652166 0.05690463 0.10425861 0.08886437 0.07892282 0.08146562 0.08526108 0.13073952 0.07963150 0.07992431 0.07209879 0.06949470 0.10671534 0.09422019 0.17834728 0.09063469 0.05425766 0.06874739 0.06841910 0.05924397 0.11945012 0.07665359 0.07060248 0.07442335 0.07030040 0.10901304 0.05719383 0.06805523 0.10221828 0.05908817 0.09716473 0.06209043 0.07902292 0.06228431 0.05634287 0.07788217 0.08601108 0.08986795 0.08020463 0.10368197 0.14035776 0.07667613 0.07701295 0.12413557 0.09316431 0.07719896 0.09644994 0.07695409 0.05650235 0.05081957 0.07095650 0.07290809 0.08522991 0.06709796 0.09932163 0.07162545 0.10328857 0.08358870 0.04127106 0.06713027 0.07558591 0.10896242 0.06026131 0.06669994 0.09267838 0.08298691 0.08340454 0.08812774 0.06866982 0.12734091 0.08499913 0.07547542 0.08363164 0.04696641 0.06374310 0.08674187 0.08518496 0.09228226 0.09385773 0.03090323 0.09791776 0.06812940 0.07794474 0.07561009 0.10045121 0.03435585 0.05245879 0.08514530 0.04438144 0.06473114 0.08221622 0.05218519 0.02794439 0.08190704 0.09096468 0.06264106 0.09873472 0.07389790 0.08358810 0.07324205 0.07657579 0.06425150 0.07427541 0.10159350 0.10665385 0.08457172 0.08934622 0.07000448 0.14582240 0.11427339 0.06999058 0.08353961 0.06498284 0.09088005 0.12832478 0.10798163 0.10611268 0.07776550 0.06026540 0.10333971 0.10852478 0.06507431 0.09220828 0.06867296 0.05068135 0.03448465 0.05308157 0.04201719 0.04509730 0.05841365 0.04086635 0.04101967 0.04234200 0.03987897 0.05953951 0.03013382 
