0.00000000 0.06778628 0.06661928 0.03839311 0.04410110 0.05269017 0.05594020 0.04689014 0.04402690 0.04699942 0.04345882 0.04725259 0.05366691 0.03949418 0.03926983 0.02924365 0.02728817 0.03173415 0.03235856 0.03893169 0.02262088 0.04158541 0.03687220 0.02545104 0.05079150 0.04356351 0.02365788 0.03010391 0.03769404 0.03866210 0.04282305 0.04286938 0.04892206 0.03361634 0.02584880 0.02764627 0.03182964 0.03837418 0.03013280 0.03320423 0.02532833 0.03631074 0.01934532 0.01894963 0.02138554 0.02755183 0.03944120 0.03306366 0.04532246 0.02981744 0.03023450 0.02825218 0.02886863 0.02342644 0.03576302 0.04815587 0.03226628 0.02079645 0.03898487 0.02473357 0.03740409 0.03086679 0.03693679 0.01976586 0.04226767 0.04005904 0.02157255 0.02353265 0.04266638 0.02798010 0.03261322 0.02768564 0.01762491 0.01975384 0.03594016 0.04008715 0.02097366 0.02007753 0.03913777 0.01949172 0.03679089 0.02091762 0.02620362 0.02391896 0.04881983 0.01332325 0.02714818 0.02533950 0.03306366 0.03586331 0.03938335 0.02778027 0.02762520 0.02726816 0.03214851 0.02059110 0.03521625 0.03306366 0.03373210 0.02648092 0.02579685 0.03446520 0.03656105 0.04328749 0.01709269 0.02143886 0.02065119 0.02489146 0.02763102 0.03578673 0.03301022 0.02251210 0.02472890 0.02391896 0.01882697 0.01984049 0.04522165 0.04164023 0.02036047 0.03445591 0.02233081 0.01842177 0.02164742 0.04282500 0.04505887 0.03157062 0.04255978 0.03789012 0.02787538 0.03815161 0.03042006 0.03101575 0.02985263 0.04017333 0.02572788 0.03178986 0.02856735 0.02819369 0.02780977 0.02894152 0.02007288 0.02887406 0.03694953 0.03025144 0.02608757 0.03507393 0.03175420 0.02550929 0.03363842 0.03516409 0.03374556 0.02895869 0.04294301 0.03209511 0.03622990 0.03544894 0.03097465 0.02821682 0.02370357 0.02740469 0.03182511 0.02642423 0.03499119 0.02520591 0.03965218 0.02472401 0.02906262 0.04017825 0.03175618 0.01791679 0.02397180 0.02884156 0.04155404 0.03260530 0.03194126 0.02954257 0.01718258 0.03894664 0.02578953 0.04202802 0.01587998 0.03414699 0.03200483 0.04832863 
0.06778628 0.00000000 0.04994860 0.04915990 0.04657630 0.06722253 0.05045774 0.05756474 0.04343022 0.03783029 0.05419636 0.05573511 0.05093914 0.04813762 0.05203063 0.02983006 0.03265510 0.02994591 0.03635230 0.03496050 0.03560943 0.04075116 0.02551593 0.02395705 0.02699850 0.03340054 0.03923093 0.02465720 0.02765964 0.04207380 0.04036270 0.03626866 0.05172747 0.01946883 0.02961610 0.02897077 0.02673707 0.04156457 0.02723851 0.03623184 0.02751373 0.03763976 0.03138401 0.03288890 0.02042852 0.03176510 0.04502149 0.03234967 0.03472915 0.03110199 0.03007998 0.03426268 0.02708854 0.02487583 0.04815346 0.04090457 0.01268689 0.02434953 0.03236280 0.02933667 0.02075672 0.03332574 0.02303326 0.03346874 0.03950646 0.03090540 0.01868878 0.03510114 0.04437048 0.03094346 0.03582878 0.02746211 0.03280830 0.02522967 0.02850044 0.03472598 0.02292429 0.02532129 0.03122599 0.02500858 0.02895817 0.01186116 0.01965603 0.02436833 0.05263989 0.01768123 0.02739230 0.02776533 0.03234967 0.03944500 0.04080133 0.03076650 0.03997598 0.02605297 0.03471529 0.02386298 0.02488143 0.03234967 0.03298697 0.02700510 0.02645344 0.03058328 0.03744762 0.03662420 0.03149566 0.02261712 0.02059272 0.03489875 0.02460390 0.04086138 0.03303484 0.02028292 0.02312834 0.02436833 0.02141203 0.03646658 0.04280547 0.02530115 0.03558384 0.03830117 0.02337886 0.02490316 0.02473727 0.04143901 0.03863032 0.02418228 0.02975533 0.03120761 0.01728961 0.03623036 0.02556984 0.02743436 0.02349212 0.03709305 0.03153499 0.02210752 0.03477099 0.04178601 0.03279906 0.03577879 0.02252090 0.02890974 0.03739249 0.03658614 0.02805112 0.03323850 0.02274373 0.03248907 0.02860474 0.02212679 0.03288832 0.02884641 0.04113160 0.02108406 0.03489143 0.03777221 0.03240885 0.02852675 0.02374264 0.02299718 0.03485542 0.01870536 0.03866866 0.02694695 0.04864322 0.01960236 0.02687715 0.03904301 0.03208376 0.02103191 0.02068959 0.02944954 0.02780350 0.03340130 0.03183812 0.02873823 0.01387225 0.03834402 0.02494139 0.02773015 0.01977825 0.03913139 0.03459326 0.06001745 
0.06661928 0.04994860 0.00000000 0.05816968 0.06100774 0.04240447 0.05230185 0.02708507 0.04539567 0.03754384 0.06150131 0.03396121 0.04466638 0.03051764 0.02068394 0.02669919 0.04198655 0.02291846 0.03101911 0.04311701 0.03375484 0.04615530 0.05705422 0.02283144 0.04698227 0.03584189 0.02065586 0.02634518 0.03062821 0.04104522 0.04027813 0.03239785 0.03030176 0.03738155 0.02836838 0.02745224 0.04536974 0.01700446 0.02251035 0.04378446 0.02482812 0.02737260 0.01477248 0.01861044 0.02716560 0.05661816 0.02515842 0.03251860 0.04432169 0.03240639 0.02610819 0.03927302 0.01662929 0.03245279 0.02870275 0.04212277 0.04157943 0.04056718 0.03777396 0.04250183 0.04125644 0.02877511 0.04562176 0.01484888 0.05252956 0.01818937 0.04079795 0.02332587 0.04066640 0.02671906 0.01831190 0.02976048 0.03386763 0.02505017 0.03324225 0.04391202 0.02752893 0.03612355 0.04300247 0.02411067 0.02158357 0.03426852 0.03732651 0.02852012 0.03560228 0.02775366 0.02919960 0.04330543 0.03251860 0.02068281 0.03474497 0.02709245 0.03676279 0.04756244 0.02748444 0.05311645 0.02700017 0.03251860 0.04105454 0.03698271 0.01412979 0.01907108 0.02729033 0.03219022 0.00919703 0.02385339 0.02079531 0.03130134 0.02315042 0.03049148 0.02004967 0.01494408 0.05985973 0.02852012 0.02775724 0.03854950 0.03310909 0.03160300 0.01970237 0.01955870 0.02851883 0.02937731 0.01737247 0.04365709 0.03237985 0.04826089 0.06228926 0.03406177 0.02688352 0.02518128 0.02787680 0.03654942 0.02284681 0.05568262 0.02627904 0.02304750 0.02161435 0.01021049 0.02832207 0.02255003 0.02874549 0.03282834 0.02493913 0.02566241 0.03384982 0.03573453 0.01582713 0.02430250 0.04053004 0.01368098 0.03177217 0.03937475 0.02785075 0.04467881 0.03250469 0.02897092 0.01909090 0.05465313 0.01702162 0.02302714 0.02725832 0.04295031 0.02177655 0.01985843 0.03846329 0.02110595 0.01593636 0.03261609 0.03225509 0.03276461 0.02888637 0.04238160 0.02619795 0.04719011 0.02574023 0.01924379 0.04239665 0.04045041 0.03536592 0.02745228 0.02841876 0.03543271 0.04051050 0.04343516 
0.03839311 0.04915990 0.05816968 0.00000000 0.05886089 0.05374420 0.04117624 0.04239178 0.03895106 0.03419799 0.05178289 0.04734222 0.03626156 0.04331574 0.02980917 0.02835826 0.02032223 0.03295778 0.03462828 0.03964285 0.03373438 0.04064280 0.05632569 0.04517859 0.03279469 0.02951275 0.01221494 0.04605309 0.03454835 0.02974320 0.04324480 0.03743042 0.02726248 0.02226237 0.04192697 0.02128537 0.02222607 0.02019345 0.03174379 0.03255107 0.02457603 0.04920992 0.02876672 0.02326509 0.03596069 0.03134118 0.02608487 0.03023665 0.02754366 0.04092244 0.03021298 0.04304520 0.02495463 0.04401568 0.03317127 0.03264415 0.02208656 0.03253377 0.02698414 0.03294642 0.03398283 0.03835583 0.03626528 0.01633816 0.02542768 0.05511852 0.03723593 0.02605224 0.02048256 0.03854358 0.02343563 0.02351482 0.03108808 0.03419805 0.02705368 0.03272641 0.04230818 0.02208493 0.02435174 0.02605821 0.02136761 0.02462027 0.03261417 0.02723075 0.04954229 0.02054980 0.02954697 0.03587645 0.03023665 0.04103221 0.03820547 0.03337931 0.03757551 0.03476740 0.02801659 0.03274046 0.04199124 0.03023665 0.03387345 0.02809525 0.03761827 0.03470074 0.02972647 0.03248517 0.02735023 0.02083374 0.03099233 0.03566778 0.02172444 0.02719082 0.02189266 0.04962932 0.02832820 0.02723075 0.02386262 0.02678672 0.03704156 0.02405316 0.03308817 0.03179299 0.02989516 0.03297478 0.04268454 0.03117873 0.03216693 0.03327694 0.03970393 0.03856401 0.03928555 0.03000817 0.03365434 0.04790392 0.02773601 0.05610131 0.02818286 0.03295896 0.02822654 0.02224669 0.04179111 0.01879747 0.02598163 0.03427621 0.03155492 0.03382255 0.02638966 0.03311564 0.02726587 0.02216634 0.02251755 0.02793967 0.03625748 0.04395143 0.05374388 0.04449152 0.02919640 0.02354429 0.02795488 0.04701120 0.02358938 0.03240633 0.03425805 0.01412839 0.02640732 0.01203828 0.02809911 0.02536711 0.02721162 0.04058008 0.02741169 0.02788520 0.04352486 0.04420346 0.02730604 0.03217340 0.02057423 0.02310433 0.04088819 0.02599152 0.02240170 0.02384903 0.03349699 0.03865203 0.02985680 0.03151314 
0.04410110 0.04657630 0.06100774 0.05886089 0.00000000 0.03920354 0.03861375 0.03686158 0.03098544 0.03371044 0.03449636 0.02950104 0.03052364 0.02121266 0.05020863 0.03445194 0.03562094 0.03077394 0.03809602 0.03314421 0.03518403 0.03000861 0.03150858 0.04353728 0.02409512 0.04219064 0.02731390 0.03654341 0.02865002 0.02782408 0.04216594 0.03059953 0.03943351 0.03590537 0.03515107 0.01912927 0.03452287 0.02494971 0.03623207 0.05189230 0.02462773 0.03864451 0.02297038 0.03485527 0.03310816 0.03222091 0.02715054 0.02897787 0.03198588 0.02393548 0.02543410 0.03199914 0.02268842 0.02398470 0.03185360 0.02496274 0.04539295 0.03027092 0.03911926 0.03110878 0.02906311 0.04190032 0.04145430 0.01702382 0.03056155 0.03380047 0.01998476 0.03342041 0.02998386 0.03880397 0.02594206 0.02575168 0.03177538 0.04223389 0.04438500 0.03973304 0.03582544 0.02369890 0.03180619 0.03520035 0.02549980 0.02842221 0.01558144 0.02945324 0.03303624 0.03835673 0.02739096 0.02605604 0.02897787 0.02797508 0.02769796 0.04177916 0.02225039 0.03826694 0.03096351 0.03359389 0.05184514 0.02897787 0.03320502 0.02381114 0.03633548 0.03049337 0.02107855 0.03518569 0.03157689 0.02271738 0.03002097 0.03585657 0.03091241 0.04126996 0.03269285 0.05680675 0.03176657 0.02945324 0.03212184 0.03282432 0.02773031 0.02816960 0.02945396 0.02826347 0.02623207 0.02961650 0.02760468 0.03266856 0.03795627 0.04178815 0.03781597 0.03347677 0.04536071 0.04315466 0.03664279 0.03778550 0.03448060 0.04630296 0.02273090 0.02249201 0.05121116 0.02862859 0.02472437 0.02975024 0.03671505 0.05204578 0.03910153 0.03966051 0.03700762 0.03198170 0.02770568 0.03085371 0.04053993 0.02786363 0.02777498 0.03531784 0.03418537 0.03600342 0.03421797 0.02554099 0.03430900 0.04992240 0.02857998 0.03096584 0.03616295 0.02096957 0.02002735 0.01999604 0.02968133 0.01460962 0.03913847 0.03836308 0.02550990 0.02726526 0.02579783 0.03529820 0.03619928 0.02381743 0.02354459 0.02401820 0.02825839 0.02689567 0.02745957 0.04077036 0.02572182 0.04252884 0.02708934 0.02149470 
0.05269017 0.06722253 0.04240447 0.05374420 0.03920354 0.00000000 0.04865538 0.06337009 0.04916773 0.05336226 0.05547737 0.06574911 0.04982872 0.05203774 0.04222621 0.02811297 0.03361988 0.03833743 0.03077057 0.02496191 0.04074479 0.04062765 0.03724771 0.03409436 0.02302300 0.02610618 0.04369418 0.03421699 0.02987238 0.05156582 0.03884953 0.03332444 0.04755110 0.02692481 0.04047863 0.03132235 0.03372380 0.03726690 0.03490856 0.02005415 0.03055461 0.02696177 0.04081728 0.02418272 0.02330985 0.03255340 0.04375525 0.03290717 0.03379120 0.02352311 0.03543741 0.02596786 0.02730543 0.02226414 0.04355685 0.04615527 0.02155307 0.03122304 0.02951089 0.03341100 0.02067908 0.03677455 0.03633071 0.04004640 0.03589367 0.04203366 0.01223491 0.02689164 0.02426645 0.03228620 0.01682018 0.02837535 0.02099135 0.01856335 0.01688636 0.03382066 0.02571004 0.02363553 0.02265623 0.01986488 0.02352591 0.01514886 0.02876524 0.02581068 0.05456902 0.03578260 0.02845215 0.03133981 0.03290717 0.04877666 0.05100128 0.03252221 0.02943598 0.03282969 0.02513407 0.02798523 0.03300493 0.03290717 0.04203163 0.02139377 0.03420974 0.02076200 0.02335906 0.03424839 0.02540364 0.02455616 0.02210734 0.01858986 0.02504676 0.02425976 0.03573538 0.01990558 0.01806338 0.02581068 0.02311831 0.02436691 0.03934482 0.02527648 0.02618709 0.04632206 0.02529287 0.03078245 0.02881142 0.04410782 0.03625352 0.03281989 0.03313020 0.02599254 0.03114346 0.03158726 0.03166285 0.02689705 0.03226382 0.03893986 0.03936372 0.02742301 0.03509592 0.03606492 0.02440081 0.02960147 0.02226698 0.02848287 0.03695790 0.02745939 0.02466058 0.03402722 0.03312753 0.02677531 0.02376919 0.02106273 0.03959993 0.03824749 0.04633408 0.02439459 0.02734116 0.03027075 0.03131991 0.02420991 0.02504462 0.03205466 0.04224433 0.01833424 0.02940061 0.03656258 0.05160272 0.03127065 0.02510375 0.03439491 0.02693435 0.03299769 0.02565591 0.02144593 0.02598999 0.02598880 0.03261870 0.02888846 0.02167924 0.03390811 0.02701165 0.02463803 0.02756530 0.03181085 0.02264561 0.05178152 
0.05594020 0.05045774 0.05230185 0.04117624 0.03861375 0.04865538 0.00000000 0.03886187 0.03609990 0.03311246 0.04348136 0.03828234 0.05667046 0.03381265 0.03142126 0.02748486 0.04138259 0.03975142 0.02763676 0.03113759 0.03672484 0.02631304 0.02445767 0.04497273 0.03403983 0.03617438 0.03369075 0.03235596 0.04004318 0.04645759 0.03580900 0.03092622 0.03353688 0.02393427 0.02186154 0.02457333 0.03211103 0.03126402 0.03566130 0.02996602 0.02139483 0.02864465 0.02621146 0.01476495 0.03618336 0.03447203 0.04146934 0.03219007 0.05527292 0.03091284 0.02291048 0.03373242 0.03354478 0.02798018 0.03916001 0.06148643 0.02308101 0.02548709 0.04524568 0.01510557 0.03301310 0.02749116 0.03891916 0.03016875 0.02601725 0.03660196 0.02589953 0.02769524 0.03480136 0.02367613 0.02251178 0.02568178 0.01083377 0.01311887 0.02233557 0.03638477 0.01702969 0.00753897 0.02716794 0.01428092 0.02415969 0.01745179 0.02547622 0.02100087 0.04084973 0.02548826 0.02506925 0.04620679 0.03219007 0.02944181 0.03132802 0.02353939 0.02677969 0.04958154 0.03512628 0.04896985 0.02233976 0.03219007 0.02663071 0.02330214 0.03143724 0.02889231 0.02092150 0.05519421 0.01597539 0.01790062 0.02346061 0.02167437 0.03164254 0.02399514 0.02156994 0.02982886 0.02984765 0.02100087 0.01467924 0.01586716 0.04853903 0.03051252 0.01637671 0.02525775 0.01903346 0.01444191 0.03107959 0.04673626 0.05653803 0.04555326 0.04796310 0.04357571 0.04077952 0.03787330 0.03865952 0.04281624 0.04540034 0.03581968 0.02601106 0.02899697 0.04578172 0.02559417 0.03414340 0.03031308 0.03573628 0.03889040 0.03711956 0.03683979 0.03456464 0.04926732 0.04651243 0.03714874 0.02800811 0.03610145 0.04378680 0.03790226 0.02852991 0.02584792 0.03646939 0.03634753 0.03192885 0.02695472 0.02274606 0.03315846 0.04279835 0.02448314 0.03673589 0.02905264 0.04672338 0.02723357 0.03336049 0.04073755 0.03140747 0.01500726 0.02155669 0.02974063 0.03129211 0.03494157 0.03623789 0.03431708 0.02219895 0.04331099 0.02898686 0.02751105 0.02624126 0.03806705 0.02956901 0.05399798 
0.04689014 0.05756474 0.02708507 0.04239178 0.03686158 0.06337009 0.03886187 0.00000000 0.05607841 0.05411786 0.06098404 0.06170397 0.04109063 0.03632961 0.03565547 0.02065845 0.03225656 0.03414775 0.02410124 0.03517536 0.03041535 0.04413006 0.03668204 0.03026607 0.03963265 0.04321434 0.02736508 0.02839660 0.03176420 0.03089756 0.02474523 0.04164928 0.04010858 0.03459505 0.02728866 0.02342950 0.02621248 0.01857184 0.02496174 0.03176608 0.02385333 0.02884428 0.02396350 0.04041722 0.02305507 0.01544839 0.03901910 0.03058301 0.03286003 0.02756819 0.02055401 0.02287125 0.02924625 0.01712123 0.03085104 0.04198425 0.03468604 0.02893268 0.02158351 0.03875588 0.01822037 0.02101234 0.02704552 0.03464047 0.06614260 0.03937266 0.04775348 0.03977961 0.01790217 0.03471543 0.03963001 0.04275948 0.04107933 0.02980346 0.02161524 0.03284918 0.03209049 0.03134729 0.02606374 0.03135837 0.03729382 0.01504054 0.03303094 0.02754143 0.04389152 0.01844075 0.02612464 0.03273811 0.03058301 0.04165240 0.05216294 0.02364117 0.01459776 0.03482058 0.01654128 0.02683670 0.05673039 0.03058301 0.02912086 0.01257739 0.04278885 0.00154965 0.01537880 0.04710576 0.02366719 0.03413660 0.03168883 0.05067477 0.03286392 0.03083641 0.04326015 0.02068344 0.04221731 0.02754143 0.03613356 0.04556864 0.04651895 0.02966265 0.03239459 0.04683266 0.03745798 0.03741653 0.02526176 0.03933962 0.04905892 0.02835019 0.03662011 0.02586376 0.02459243 0.03028208 0.03524918 0.03280866 0.03097462 0.01663390 0.02969929 0.03469138 0.02457749 0.02325264 0.02438391 0.02978687 0.02833195 0.02242511 0.01509742 0.03494062 0.02012288 0.02569739 0.04196677 0.04132058 0.02498169 0.00692391 0.06037667 0.03581615 0.03251018 0.03280341 0.02068063 0.01178212 0.03210859 0.04375411 0.04030799 0.05469094 0.02397990 0.01794228 0.02557349 0.02235933 0.02435388 0.01876154 0.02587301 0.05412621 0.04042010 0.03120407 0.03050540 0.04079099 0.03385671 0.03624483 0.03028279 0.03509337 0.02987516 0.03221579 0.03113488 0.02991149 0.06416238 0.02557477 0.03492012 0.04852235 
0.04402690 0.04343022 0.04539567 0.03895106 0.03098544 0.04916773 0.03609990 0.05607841 0.00000000 0.05454959 0.05324174 0.04968313 0.02717341 0.02892675 0.03633525 0.04819583 0.02690883 0.03943954 0.02322821 0.04132025 0.04780966 0.03685219 0.05220249 0.03016839 0.03691818 0.03356850 0.02081264 0.03535263 0.04620264 0.03357627 0.05868846 0.03425132 0.02469625 0.05576124 0.03495188 0.02156019 0.03747312 0.04844570 0.02352448 0.03500193 0.03046563 0.03967656 0.01606686 0.02477073 0.03162150 0.03214857 0.02273820 0.02839843 0.03618997 0.03246172 0.02285513 0.03023127 0.02721149 0.03886395 0.02409074 0.03705487 0.03722204 0.03033822 0.02994516 0.05023713 0.02632008 0.02770729 0.04016860 0.02282833 0.03271008 0.04332080 0.03057366 0.02146878 0.03041210 0.02203216 0.03690149 0.03722955 0.03111342 0.03082078 0.03423850 0.06238929 0.02595294 0.05488676 0.03790635 0.02015326 0.02639687 0.01769075 0.02321963 0.03250111 0.03830070 0.01906743 0.03471346 0.02694366 0.02839843 0.03094176 0.04517438 0.02834267 0.03099594 0.04178501 0.03363690 0.04182435 0.04061394 0.02839843 0.04381114 0.04541837 0.02646121 0.03035983 0.03062849 0.03030464 0.02246688 0.02917122 0.02481739 0.02673388 0.03242291 0.01976266 0.04269930 0.04042668 0.02506553 0.03250111 0.03271308 0.02872622 0.03006482 0.03516283 0.02810263 0.03692203 0.02850941 0.04099635 0.01648628 0.04359380 0.02972238 0.01802532 0.04126526 0.02654215 0.03100607 0.02583043 0.02458811 0.04084256 0.02663537 0.01914809 0.03962840 0.02633914 0.02788808 0.01875119 0.02055234 0.02460843 0.02156282 0.02246819 0.03401898 0.01884973 0.02987790 0.03176204 0.02778829 0.02212606 0.03465607 0.04558800 0.03120546 0.01762561 0.02727638 0.05557206 0.03385730 0.02602801 0.02423381 0.03157095 0.03198049 0.03579221 0.02480696 0.02699937 0.02411175 0.02055778 0.04167135 0.03957954 0.02105296 0.03555861 0.03998623 0.07674346 0.03168426 0.03658363 0.02508719 0.02286177 0.02570587 0.02985630 0.02475482 0.03158825 0.01621356 0.03113306 0.02395655 0.02950111 0.02355465 0.05326633 
0.04699942 0.03783029 0.03754384 0.03419799 0.03371044 0.05336226 0.03311246 0.05411786 0.05454959 0.00000000 0.04288319 0.07846876 0.04500447 0.06843736 0.03607299 0.03022671 0.04185737 0.03533710 0.03113576 0.01719470 0.04220495 0.03281552 0.03148867 0.01508404 0.04740167 0.02233382 0.02722755 0.03135028 0.03969504 0.03116278 0.05481547 0.02054872 0.04537943 0.03485381 0.04600587 0.03656952 0.02155083 0.02895870 0.03320000 0.03269332 0.03257549 0.00983008 0.02005459 0.02468276 0.03247886 0.03256979 0.03180713 0.03117032 0.03185559 0.02668875 0.03819533 0.02418904 0.04633827 0.03077776 0.03320632 0.03513430 0.03406063 0.02201692 0.02077972 0.04291023 0.07188974 0.02961464 0.03778374 0.02197031 0.04680244 0.06923627 0.01314219 0.02321401 0.02132794 0.03057009 0.03555821 0.04016413 0.01931197 0.01084855 0.03020587 0.02587068 0.04131034 0.05127035 0.01757529 0.03635098 0.03507634 0.01369417 0.02477704 0.02978097 0.05903387 0.01766266 0.03029936 0.02332237 0.03117032 0.04529625 0.05788639 0.02531780 0.02939856 0.02294714 0.01059437 0.03474772 0.05053827 0.03117032 0.05345775 0.03132980 0.02267995 0.01726783 0.02336664 0.03282679 0.00727461 0.03836487 0.04834249 0.02214015 0.01992008 0.02341231 0.07080342 0.06888598 0.01779245 0.02978097 0.03168080 0.02586494 0.03593846 0.03471186 0.03355628 0.04568046 0.03109894 0.01553895 0.04627230 0.03173367 0.03015910 0.03589603 0.04327479 0.02422273 0.02069941 0.01739448 0.04829619 0.02173024 0.01709175 0.02144039 0.03437646 0.05358614 0.01704905 0.05228880 0.03114246 0.02601338 0.01683117 0.02124836 0.02498661 0.02770243 0.03279272 0.01956187 0.04617366 0.02330901 0.05024781 0.03105351 0.04983897 0.03632115 0.05090069 0.03252412 0.04016009 0.03062873 0.02503104 0.02851708 0.03863602 0.02968782 0.03507292 0.03211367 0.03040948 0.02584595 0.03298409 0.05136233 0.02127238 0.01181579 0.03558683 0.02584041 0.02132250 0.01689987 0.00911782 0.00762538 0.01860062 0.01796799 0.04658629 0.02453185 0.02077434 0.05017852 0.02365319 0.02267251 0.01275196 0.03300462 
0.04345882 0.05419636 0.06150131 0.05178289 0.03449636 0.05547737 0.04348136 0.06098404 0.05324174 0.04288319 0.00000000 0.07991318 0.05791892 0.05337338 0.04022204 0.05246713 0.01958661 0.05589233 0.03226146 0.03681669 0.02701910 0.04003538 0.00661774 0.03911805 0.02594388 0.01947049 0.03795425 0.02221984 0.01959219 0.06671951 0.03308502 0.04053447 0.04994331 0.02318818 0.03252941 0.03459862 0.05948904 0.03936720 0.03078896 0.02689851 0.02330160 0.03836351 0.02955515 0.02965124 0.04032366 0.03646761 0.03235828 0.03567745 0.03370257 0.02533813 0.02921340 0.02811815 0.01495629 0.02087426 0.03272351 0.05527853 0.02184364 0.02565836 0.03670236 0.04968121 0.01594849 0.03258520 0.02799363 0.02539359 0.02109196 0.03292801 0.03890803 0.02736201 0.03260657 0.03204550 0.02434768 0.03255121 0.01864890 0.02102860 0.02099502 0.04391112 0.01903734 0.01397804 0.02912010 0.01641827 0.01875350 0.01855162 0.03884107 0.02102913 0.05303056 0.03343846 0.03500456 0.03086807 0.03567745 0.03983172 0.04497033 0.02548077 0.01588162 0.01849163 0.04907962 0.03524853 0.02470509 0.03567745 0.07348618 0.01846067 0.03299705 0.02423772 0.02400551 0.03155290 0.01567803 0.02684438 0.04551213 0.03887393 0.01562551 0.04251317 0.01166741 0.01410700 0.05196534 0.02102913 0.01649255 0.02551686 0.03576788 0.02566621 0.02428361 0.03855858 0.02091379 0.01788398 0.02496467 0.03932350 0.03317289 0.02772844 0.05707087 0.02865708 0.02194676 0.03286529 0.03045428 0.02396091 0.02781005 0.04674629 0.05049024 0.01457047 0.03971800 0.02147658 0.02540580 0.02179183 0.01675016 0.02922678 0.02723705 0.02670041 0.02596196 0.02383109 0.02259474 0.02807167 0.02879598 0.02810300 0.04991730 0.04301551 0.02885260 0.03881618 0.02667814 0.03836438 0.02174012 0.05033249 0.02233017 0.01955711 0.04554655 0.01784626 0.04129703 0.02944191 0.05074115 0.04211045 0.03243242 0.03413987 0.03259657 0.02138441 0.02142794 0.03099945 0.03799303 0.03920137 0.03386336 0.03010589 0.02177751 0.03878705 0.03045847 0.02060010 0.02590795 0.02535405 0.03601107 0.03472397 
0.04725259 0.05573511 0.03396121 0.04734222 0.02950104 0.06574911 0.03828234 0.06170397 0.04968313 0.07846876 0.07991318 0.00000000 0.06008814 0.07454202 0.04669715 0.03806296 0.02997231 0.04541863 0.04156618 0.00991471 0.04106380 0.04678387 0.02179237 0.02748423 0.03255830 0.02242080 0.02046850 0.03583176 0.03012675 0.05571175 0.05221262 0.03855192 0.07151804 0.03534484 0.03549003 0.04984818 0.04538109 0.03908646 0.02583254 0.01537723 0.03161135 0.02900508 0.02573203 0.02546802 0.03741174 0.05018829 0.04357327 0.03195217 0.04335550 0.02544884 0.03858032 0.02145046 0.02523336 0.02605686 0.05416304 0.04593662 0.01265514 0.01824698 0.01725359 0.05398015 0.02449408 0.03572090 0.03210325 0.02658731 0.03125834 0.03689565 0.02453996 0.03065759 0.01906754 0.04394484 0.01637767 0.02714975 0.02553067 0.01619597 0.01276314 0.01387551 0.02650646 0.03756703 0.01707303 0.02441738 0.02565967 0.02124409 0.02382770 0.02423815 0.07085712 0.01988848 0.02781999 0.02940753 0.03195217 0.05992205 0.06240850 0.02993008 0.01822274 0.03051124 0.03013789 0.02282742 0.03712708 0.03195217 0.04947222 0.02380585 0.04121379 0.01155473 0.03178152 0.03352871 0.02302718 0.02392125 0.01554323 0.01839230 0.02698152 0.02114835 0.01898459 0.02581534 0.02893019 0.02423815 0.02304801 0.02552418 0.03907641 0.02239736 0.02947673 0.05447062 0.02642672 0.03281564 0.03239961 0.05710508 0.03587448 0.02505879 0.03098957 0.02972880 0.02416805 0.03233827 0.04288622 0.03476878 0.03701112 0.04085061 0.05161114 0.01196457 0.02856856 0.01698612 0.02987032 0.01594389 0.01510203 0.01985398 0.03293586 0.02546757 0.02162987 0.03394719 0.03246106 0.04570103 0.01340349 0.02243021 0.05183340 0.04266588 0.04754977 0.02625004 0.01842833 0.03236353 0.02453352 0.02592683 0.02238742 0.03637189 0.04565103 0.03800861 0.03916467 0.03543254 0.04393524 0.05600764 0.01153017 0.02514627 0.02538063 0.02111488 0.02396904 0.01582952 0.01240448 0.02057091 0.02647848 0.02192640 0.01225574 0.02321722 0.02480094 0.02183137 0.02163288 0.02872418 0.01161785 0.03363884 
0.05366691 0.05093914 0.04466638 0.03626156 0.03052364 0.04982872 0.05667046 0.04109063 0.02717341 0.04500447 0.05791892 0.06008814 0.00000000 0.05929853 0.04008924 0.02126761 0.03321526 0.03707182 0.04234978 0.02659013 0.03952591 0.02986782 0.02130389 0.04106068 0.02760157 0.03003679 0.02161037 0.02452954 0.03456328 0.05247972 0.03500567 0.03640451 0.05447802 0.01478068 0.01551665 0.02959764 0.02978944 0.03312534 0.03297320 0.02202935 0.04062125 0.01669945 0.02616012 0.03608876 0.03728952 0.04701722 0.03398594 0.03044143 0.05839245 0.02585068 0.05619479 0.03847411 0.02955813 0.02463555 0.03558142 0.06250634 0.03085562 0.01892536 0.03364609 0.02424059 0.02803489 0.03770125 0.02137536 0.02504356 0.02377461 0.03132505 0.02073934 0.04462783 0.03437564 0.03044213 0.02045137 0.02306677 0.03078259 0.01745669 0.02040753 0.04696708 0.01729248 0.02616957 0.02158401 0.01599656 0.03437927 0.01660868 0.02211361 0.03544375 0.06591407 0.01404028 0.02315544 0.03089907 0.03044143 0.06033618 0.06111925 0.03047320 0.02620685 0.02514418 0.04122019 0.04358911 0.02028106 0.03044143 0.04825194 0.02281472 0.02920131 0.02180051 0.02703102 0.03974057 0.03323196 0.03026282 0.03053371 0.02683848 0.02849858 0.02548363 0.02919905 0.03306258 0.03957880 0.03544375 0.03163801 0.04776668 0.04921729 0.03636869 0.03101710 0.05296888 0.01672904 0.01784695 0.03159039 0.05438835 0.04207912 0.03550040 0.02911320 0.04540283 0.01672845 0.02419139 0.03114694 0.03118684 0.01455307 0.02982744 0.04825862 0.01988357 0.03637773 0.02828137 0.02175641 0.01456452 0.01921698 0.03535439 0.02665065 0.05259930 0.02004234 0.02828344 0.02244048 0.02951340 0.03438179 0.03392606 0.03514711 0.03452702 0.04521229 0.02617412 0.02155520 0.02563982 0.02700548 0.03590490 0.02850499 0.02780657 0.03652086 0.02193518 0.03740623 0.04149367 0.04463225 0.05499433 0.03759341 0.01983890 0.03368673 0.02047392 0.01364936 0.02043870 0.02397958 0.02991571 0.04037557 0.03377032 0.01625911 0.04501710 0.01989129 0.02077669 0.01869383 0.02993017 0.02441441 0.02927058 
0.03949418 0.04813762 0.03051764 0.04331574 0.02121266 0.05203774 0.03381265 0.03632961 0.02892675 0.06843736 0.05337338 0.07454202 0.05929853 0.00000000 0.03519590 0.03242923 0.01985286 0.03938173 0.05122225 0.03357520 0.03350109 0.03185212 0.01590712 0.03895691 0.02319746 0.01072303 0.02749389 0.02034573 0.01555273 0.04069987 0.03354873 0.03878689 0.04263902 0.01987171 0.03447970 0.02901949 0.02803934 0.02860830 0.02273928 0.01660638 0.03515384 0.02785270 0.01916634 0.02051472 0.02134731 0.01749819 0.03890047 0.03105175 0.03305787 0.02193412 0.04910012 0.03310774 0.02237687 0.04635810 0.05178836 0.03615869 0.02538126 0.02862972 0.01227303 0.03992377 0.03615868 0.04731998 0.03353018 0.03588690 0.07067269 0.05492276 0.02353130 0.04702906 0.01903378 0.05481709 0.03047164 0.02568365 0.05094513 0.04380286 0.02136792 0.02683709 0.03205064 0.04032275 0.01920923 0.04778361 0.02729315 0.02945833 0.02380124 0.03070590 0.06966088 0.03411930 0.02594740 0.01824114 0.03105175 0.05188785 0.05252950 0.04062755 0.02203525 0.02076519 0.03328965 0.03394262 0.02906493 0.03105175 0.06810730 0.01838163 0.02991311 0.01829344 0.03399317 0.03298977 0.03601658 0.02676946 0.04210263 0.02545039 0.03375163 0.03104348 0.03189241 0.03679970 0.02325858 0.03070590 0.02313490 0.04206927 0.03225254 0.02458012 0.02778985 0.04491130 0.02203818 0.03329643 0.03733501 0.05128730 0.02975874 0.02081002 0.04187066 0.03483373 0.01890069 0.01657256 0.03299843 0.03155436 0.03009309 0.03852936 0.07037937 0.03016309 0.01627250 0.04149918 0.04649616 0.01572920 0.01369780 0.02293870 0.03828767 0.02286857 0.02422554 0.02155169 0.03740964 0.01497289 0.02138433 0.02486706 0.04162936 0.06624226 0.06561586 0.05119606 0.01309007 0.01583712 0.02886133 0.03586840 0.03291202 0.02040617 0.04209124 0.04044108 0.02033383 0.03495152 0.02549412 0.03709404 0.03759842 0.01831407 0.03527734 0.03779730 0.01480032 0.01732328 0.00966162 0.02142214 0.02073947 0.02332379 0.02510520 0.02421331 0.01487545 0.03546429 0.01725022 0.03602824 0.02456839 0.03690466 
0.03926983 0.05203063 0.02068394 0.02980917 0.05020863 0.04222621 0.03142126 0.03565547 0.03633525 0.03607299 0.04022204 0.04669715 0.04008924 0.03519590 0.00000000 0.03819283 0.02722920 0.01997498 0.03227444 0.02507172 0.02936331 0.06401259 0.02551058 0.01146261 0.03776098 0.06201139 0.04972905 0.02814784 0.01696878 0.00778189 0.03871103 0.04982761 0.04117614 0.05286174 0.03848930 0.03601423 0.03307707 0.06141525 0.03950433 0.04640729 0.04082356 0.03342336 0.05439708 0.05424268 0.02344111 0.05770724 0.05631515 0.03073103 0.02528407 0.05520394 0.05205299 0.01079668 0.02706958 0.01298937 0.02926047 0.02591454 0.03029571 0.03963000 0.03379227 0.01454837 0.02542074 0.02660264 0.03266919 0.05744684 0.04010219 0.01174309 0.03159940 0.02848062 0.04216628 0.02199144 0.04203106 0.03170339 0.02525179 0.01809383 0.01997605 0.01677805 0.02458527 0.03261122 0.02222087 0.02352151 0.04950458 0.04562575 0.03100392 0.03332767 0.03150947 0.01663587 0.03970773 0.02389277 0.03073103 0.06237785 0.03133744 0.02162904 0.06449828 0.04196217 0.05165223 0.03813371 0.02584228 0.03073103 0.02969213 0.02549889 0.03939574 0.02579447 0.02845618 0.02714746 0.03412208 0.04504833 0.03571685 0.05204000 0.02582044 0.03730106 0.01850685 0.03032943 0.02551551 0.03332767 0.02596411 0.04022688 0.02495882 0.03299542 0.03464073 0.04720443 0.03084550 0.04876774 0.01749023 0.02333575 0.02504876 0.01908849 0.05333872 0.01730119 0.02719833 0.02630985 0.01912252 0.01791479 0.01502875 0.02765405 0.04278091 0.03242758 0.02217029 0.04537306 0.02331826 0.03005415 0.05261215 0.03380572 0.04693094 0.03717248 0.03997499 0.05075397 0.01915819 0.02186826 0.03845212 0.01293204 0.00655591 0.01928278 0.01872994 0.01167757 0.01523451 0.01011149 0.04208059 0.03075647 0.02368407 0.02662555 0.04229601 0.01423873 0.01309173 0.02381753 0.03132036 0.04476247 0.01798262 0.03243488 0.03004446 0.05317408 0.05525244 0.01530739 0.03532574 0.03522673 0.03207056 0.02683950 0.00882427 0.03945540 0.04172592 0.02329199 0.02560150 0.01733570 0.02618174 0.03772503 
0.02924365 0.02983006 0.02669919 0.02835826 0.03445194 0.02811297 0.02748486 0.02065845 0.04819583 0.03022671 0.05246713 0.03806296 0.02126761 0.03242923 0.03819283 0.00000000 0.02488226 0.03564571 0.02653858 0.03081367 0.03620421 0.05751554 0.01891552 0.03659610 0.04343187 0.03337477 0.02198404 0.03389088 0.02069913 0.03628901 0.03828946 0.04241350 0.02099439 0.07774853 0.04080852 0.04176448 0.06128979 0.02132603 0.02812029 0.02195595 0.04232922 0.02908621 0.02824034 0.02644389 0.02500536 0.03028888 0.03706843 0.03079499 0.02459343 0.04494126 0.03747832 0.04088789 0.02440466 0.03004054 0.03885577 0.03307867 0.05157828 0.04144138 0.03095796 0.04183362 0.03330896 0.02576665 0.05146347 0.03203077 0.01704902 0.01422030 0.00917444 0.03491431 0.02609719 0.02509319 0.02549764 0.03635121 0.02081488 0.03207034 0.01939057 0.05086353 0.02981221 0.03180847 0.02336403 0.03842807 0.02783421 0.01947342 0.02853509 0.03790592 0.02522796 0.03122977 0.03050627 0.02666523 0.03079499 0.02239335 0.01975695 0.02811386 0.02341858 0.01943830 0.02027181 0.04581807 0.01927715 0.03079499 0.03368054 0.02970794 0.03727156 0.02384277 0.03812810 0.03325847 0.04998913 0.03028036 0.02902046 0.01657734 0.03282364 0.02512837 0.03990837 0.04593807 0.05071415 0.03790592 0.03216031 0.02778330 0.01622812 0.04967109 0.02925931 0.02945483 0.04886556 0.03558179 0.04087604 0.05028268 0.02952044 0.02424265 0.01901134 0.03817484 0.04361089 0.05608397 0.01966049 0.03259526 0.02064867 0.03987212 0.05390936 0.02315310 0.03174712 0.02677352 0.04515552 0.04237922 0.03654926 0.02001337 0.03216366 0.02227874 0.03968202 0.04707925 0.02437462 0.02580990 0.01545005 0.06999243 0.03999669 0.02394082 0.03162926 0.02189511 0.03851080 0.03475622 0.06044717 0.02208561 0.02758133 0.04447946 0.02047955 0.06378342 0.02962776 0.02492300 0.01067684 0.04560372 0.00000000 0.01755478 0.02139701 0.03985667 0.06928686 0.02314328 0.03638408 0.01835723 0.02023674 0.02432198 0.03873492 0.03711879 0.01856856 0.04495296 0.04018879 0.03194856 0.04690907 0.04205789 
0.02728817 0.03265510 0.04198655 0.02032223 0.03562094 0.03361988 0.04138259 0.03225656 0.02690883 0.04185737 0.01958661 0.02997231 0.03321526 0.01985286 0.02722920 0.02488226 0.00000000 0.02884444 0.01925026 0.03592730 0.03673044 0.04827509 0.04950832 0.02860904 0.02871439 0.03549764 0.03122266 0.02771163 0.02888355 0.02700905 0.02416525 0.03436419 0.05197739 0.03389252 0.03755269 0.03615449 0.04168456 0.04518098 0.03617517 0.03051616 0.03425005 0.02333528 0.03414447 0.03243999 0.03326309 0.02607616 0.04195502 0.02819012 0.03471940 0.03884402 0.02231803 0.04188679 0.03060202 0.03670575 0.02786967 0.02521752 0.04028760 0.02906418 0.03184680 0.03199557 0.03296448 0.02296301 0.04323695 0.02170979 0.02983743 0.03192145 0.01385681 0.01950990 0.04052783 0.01907608 0.02341405 0.02424164 0.01472343 0.01861047 0.02294615 0.04196456 0.03861516 0.04018813 0.03693233 0.03365369 0.03994513 0.02886205 0.03328842 0.03505379 0.02118943 0.03113410 0.03621931 0.06094932 0.02819012 0.03412867 0.04591579 0.02625914 0.03690817 0.05104268 0.04139677 0.03093617 0.03501047 0.02819012 0.02924863 0.03394814 0.02444454 0.04854941 0.03291142 0.04323561 0.02288995 0.03691764 0.02962570 0.01830035 0.03078814 0.02469406 0.04051312 0.05239121 0.02244458 0.03505379 0.01766202 0.02057684 0.02769350 0.02726077 0.02750879 0.03052150 0.03097463 0.03571534 0.03380534 0.03863795 0.04300699 0.06008168 0.02289021 0.02514194 0.03897711 0.04042806 0.04195334 0.04708493 0.03406550 0.02898967 0.02922528 0.02716757 0.02696040 0.03097868 0.01381351 0.03669436 0.03392056 0.04399611 0.04002179 0.03100652 0.03993796 0.04472429 0.04731066 0.03479559 0.02923120 0.03459387 0.02558395 0.02366570 0.02528673 0.05286284 0.04946412 0.03436632 0.05285214 0.02003842 0.03692211 0.04324907 0.03276939 0.04758861 0.03160680 0.02925960 0.04782269 0.04467950 0.04563411 0.02373532 0.02114414 0.01811236 0.03294575 0.01742538 0.02197239 0.02388549 0.03394453 0.02795392 0.04768872 0.02681026 0.01722587 0.03712427 0.01772857 0.02531230 0.05005401 0.04627250 
0.03173415 0.02994591 0.02291846 0.03295778 0.03077394 0.03833743 0.03975142 0.03414775 0.03943954 0.03533710 0.05589233 0.04541863 0.03707182 0.03938173 0.01997498 0.03564571 0.02884444 0.00000000 0.03138949 0.02978314 0.03337147 0.04519687 0.02415137 0.03590477 0.02052000 0.03253026 0.03345546 0.04529603 0.06012851 0.05343008 0.02902233 0.02826293 0.03064481 0.03984071 0.05670125 0.03689843 0.05433626 0.04541647 0.03679420 0.03140331 0.02874743 0.03179596 0.02817911 0.02942159 0.03877934 0.01577284 0.02873353 0.02936063 0.04169126 0.03232573 0.03073315 0.02147270 0.03026564 0.03345900 0.02616216 0.04797967 0.02071049 0.02999462 0.02669356 0.03320363 0.02161082 0.03346075 0.03534311 0.04083729 0.02021025 0.03672838 0.02738805 0.01799429 0.02758276 0.02722500 0.01710517 0.02852611 0.01260657 0.02670528 0.01997255 0.04369314 0.02182105 0.04098163 0.02958811 0.02888184 0.02308760 0.02334807 0.03239236 0.03046086 0.03861289 0.03727503 0.02575382 0.04723719 0.02936063 0.03910029 0.02942031 0.02899522 0.03311068 0.03832204 0.03106054 0.02644903 0.04327330 0.02936063 0.05807565 0.02810433 0.03116641 0.02387804 0.06347118 0.04800721 0.06185835 0.02753939 0.03815087 0.03137771 0.03900837 0.03391817 0.04154635 0.03868023 0.03542359 0.03046086 0.01475457 0.01692356 0.03986017 0.02512318 0.02719545 0.02501046 0.03236148 0.05362358 0.02053346 0.02888447 0.04821987 0.03713678 0.03841956 0.03346141 0.04521727 0.03087704 0.05411918 0.04107971 0.04342030 0.02894275 0.04741341 0.03173158 0.03085629 0.03409978 0.02876936 0.02083258 0.02317632 0.01898545 0.02647284 0.01757431 0.02471846 0.02881106 0.03643373 0.01890829 0.02454142 0.04686044 0.02521329 0.03414987 0.04194105 0.04352215 0.01672021 0.02746280 0.03241448 0.02319984 0.03664397 0.01343345 0.03275445 0.04648393 0.03005230 0.03104160 0.01952393 0.05192965 0.04679652 0.02339574 0.02501998 0.02632286 0.02065653 0.03753897 0.02396862 0.02963713 0.03816198 0.04254255 0.02425011 0.02792709 0.01737116 0.03223072 0.03158634 0.03635306 0.04343720 0.02753238 
0.03235856 0.03635230 0.03101911 0.03462828 0.03809602 0.03077057 0.02763676 0.02410124 0.02322821 0.03113576 0.03226146 0.04156618 0.04234978 0.05122225 0.03227444 0.02653858 0.01925026 0.03138949 0.00000000 0.02920417 0.02314960 0.02226898 0.03364910 0.03365412 0.03787870 0.02946613 0.04671800 0.02399223 0.03072338 0.03181553 0.02530723 0.02292318 0.04345638 0.02429879 0.01779595 0.05783422 0.02346796 0.02856186 0.03633041 0.03634530 0.05498399 0.03859288 0.03604305 0.02552067 0.02590058 0.03017710 0.03327173 0.03648067 0.04714552 0.02783746 0.03599852 0.03676659 0.02635027 0.02496578 0.02853424 0.03675026 0.01701290 0.04478951 0.03315608 0.01955047 0.04407880 0.06578815 0.02602858 0.02401605 0.02593452 0.03404245 0.03039060 0.05182986 0.02751247 0.06303943 0.02217201 0.03314758 0.05802435 0.04789530 0.02702983 0.03222192 0.02473937 0.02059090 0.02815115 0.04870120 0.02409200 0.02135446 0.03525668 0.03009423 0.05228964 0.02146079 0.03274806 0.02489194 0.03648067 0.03198807 0.03270285 0.06281459 0.02259291 0.02446912 0.02865179 0.02843841 0.01974570 0.03648067 0.03900212 0.02479065 0.03248567 0.01914383 0.03919414 0.03039385 0.04272092 0.02799356 0.02895452 0.02443599 0.02535082 0.04698593 0.02412861 0.04471244 0.03063631 0.03009423 0.02541249 0.02617731 0.02956057 0.02543931 0.03667576 0.02652580 0.02880592 0.02422331 0.04845567 0.03035453 0.03128435 0.03632576 0.04113590 0.04385328 0.02229182 0.04062482 0.03843828 0.04985390 0.02446975 0.03893380 0.04074745 0.02260657 0.02896597 0.02330493 0.03790766 0.02893038 0.02022625 0.02111046 0.02460009 0.02688311 0.02592950 0.02975680 0.03137740 0.02646132 0.03275199 0.02571957 0.03543627 0.06084818 0.03704930 0.02599676 0.02186960 0.02312794 0.02832051 0.02461103 0.04730334 0.03574811 0.05175913 0.03301138 0.02677779 0.05790755 0.04015522 0.03446625 0.03157486 0.02583038 0.02737070 0.03146794 0.02245745 0.02732422 0.03328047 0.02559613 0.03702880 0.03507194 0.02048533 0.02983001 0.02255892 0.01868404 0.02682907 0.02564399 0.02690037 0.02721486 
