0.00000000 0.36538597 0.26059768 0.21200886 0.14215160 0.24116664 0.12576279 0.23402515 0.10267472 0.10700350 0.05613267 0.21355445 0.11997212 0.42316490 0.15683727 0.16933378 0.23805793 0.14709249 0.09455249 0.12754035 0.14501496 0.07920795 0.08736496 0.11102139 0.08705974 0.12115975 0.17080123 0.20166672 0.26531902 0.39271515 0.17559697 0.24007138 0.19654267 0.02247551 0.08610602 0.19286402 0.15034220 0.18961713 0.08776488 0.14657849 0.17310751 0.15681833 0.12773314 0.35773748 0.06640240 0.23150733 0.25235130 0.21145549 0.32811180 1.20261003 0.33477772 0.39055637 0.29197162 
0.36538597 0.00000000 0.30388902 0.25469642 0.15277052 0.25848401 0.18607768 0.19231970 0.13815951 0.23435531 0.43683588 0.19374680 0.67431159 0.17220644 0.34565594 0.24269649 0.13723015 0.12236013 0.16993478 0.10233445 0.13346289 0.09450965 0.11236373 0.22965586 0.07074972 0.19975661 0.14262455 0.25289430 0.14788993 0.17979861 0.14955596 0.25889771 0.22954420 0.22128056 0.16234049 0.19196567 0.30456235 0.21283832 0.16803884 0.15725225 0.18504220 0.28915192 0.20023911 0.12432918 0.13560148 0.30742065 0.18685068 0.21694866 0.24875468 0.15069651 0.22667339 0.17396949 0.21783672 
0.26059768 0.30388902 0.00000000 0.07288746 0.20787472 0.10469753 0.22540307 0.14519001 0.48235690 0.23896833 0.23675136 0.18920273 0.12681320 0.20795727 0.24244427 0.17041592 0.17965799 0.25543739 0.17444514 0.34431532 0.14011833 0.28538455 0.20440224 0.20536315 0.18445429 0.23123815 0.17328606 0.07388776 0.07797715 0.35560435 0.17672154 0.03743303 0.19864680 0.13897177 0.45861424 0.23454242 0.11830002 0.15390177 0.18532248 0.08716572 0.18911403 0.24126288 0.18238221 0.20893309 0.23940443 0.11187744 0.24226813 0.13631894 0.28128253 0.41468886 0.14664007 0.20876942 0.16644059 
0.21200886 0.25469642 0.07288746 0.00000000 0.18720038 0.42828074 0.29488812 0.17556760 0.48576358 0.25638675 0.41612850 0.13333893 0.32762183 0.17226437 0.18656900 0.25882360 0.18194978 0.13073564 0.08091698 0.14674554 0.10413756 0.13283691 0.08239854 0.21384776 0.14965638 0.10591413 0.12325188 0.09327026 0.23675021 0.11122492 0.19222624 0.22799873 0.16649855 0.11490617 0.13811751 0.20444970 0.17329338 0.15105905 0.22642061 0.25284112 0.19637786 0.22020694 0.27287349 0.32722732 0.10887061 0.28395707 0.18424964 0.12021755 0.24125945 0.35888637 0.81732013 0.12722188 0.19566334 
0.14215160 0.15277052 0.20787472 0.18720038 0.00000000 0.16323846 0.16127445 0.45524408 0.15913859 0.19500057 0.24857911 0.28309828 0.15670951 0.16015706 0.15743416 0.13318027 0.20798945 0.17469681 0.15617008 0.15576817 0.13150280 0.17506442 0.19145495 0.22173112 0.19221074 0.17226231 0.18371031 0.18480101 0.21696180 0.15848068 0.17096536 0.19874969 0.18561654 0.15493575 0.17072921 0.20938352 0.20880315 0.41190894 0.24443725 0.13121812 0.39751126 0.16585018 0.22042985 0.17024848 0.18037644 0.12498760 0.14953306 0.22976050 0.14622590 0.15637263 0.22148544 0.16565707 0.18530694 
0.24116664 0.25848401 0.10469753 0.42828074 0.16323846 0.00000000 0.47258926 0.15431910 0.26447685 0.15972626 0.14330095 0.14462950 0.26237463 0.03586529 0.16958824 0.22026381 0.11577791 0.19767588 0.13274574 0.20104693 0.27138877 0.14381598 0.04812279 0.17833632 0.15549884 0.09179379 0.07957828 0.39918881 0.09632884 0.08249662 0.15404079 0.28954578 0.16784837 0.18968868 0.07322999 0.17499412 0.15695083 0.18158957 0.15914212 0.24128022 0.16584839 0.20826224 0.22498854 0.25663046 0.13983411 0.27578867 0.41975026 0.22013458 1.15003141 0.24344695 0.26687129 0.36711971 0.19030271 
0.12576279 0.18607768 0.22540307 0.29488812 0.16127445 0.47258926 0.00000000 0.15220424 0.19417259 0.13557033 0.34278470 0.12557790 0.31240409 0.06326974 0.16713378 0.24929467 0.12203551 0.18592909 0.05373996 0.22833964 0.19361215 0.32186600 0.13089847 0.12544220 0.10646367 0.25247046 0.22817618 0.19636269 0.18357631 0.14842517 0.13302844 0.19063355 0.12437295 0.21979913 0.28337224 0.26832959 0.31041955 0.17328923 0.21664027 0.32950726 0.15882829 0.36669062 0.69139980 0.23460008 0.09956482 0.27190041 0.26205501 0.20454973 0.20915361 0.21258040 0.19817474 0.07337164 0.17725168 
0.23402515 0.19231970 0.14519001 0.17556760 0.45524408 0.15431910 0.15220424 0.00000000 0.14782856 0.16401385 0.20841209 0.26777891 0.23440343 0.16498459 0.15628246 0.16267097 0.25720720 0.17861590 0.15404200 0.14785934 0.11636088 0.17211943 0.18234716 0.21517112 0.16254516 0.17002653 0.22338782 0.19393207 0.24463281 0.21884933 0.21447998 0.17869658 0.18528305 0.17480639 0.20932683 0.19708643 0.14978524 0.39174075 0.23077420 0.13830035 0.45849763 0.16613243 0.15645410 0.21091127 0.16623140 0.11758771 0.15308775 0.21762481 0.11968167 0.14423629 0.13931355 0.15588895 0.17044818 
0.10267472 0.13815951 0.48235690 0.48576358 0.15913859 0.26447685 0.19417259 0.14782856 0.00000000 0.33756762 0.32482801 0.13627172 0.10707860 0.08099536 0.13214179 0.19017464 0.24784893 0.08023997 0.15426302 0.31065282 0.15595656 0.24888562 0.21870678 0.16173066 0.21884098 0.16149107 0.09992572 0.15292026 0.10831382 0.18348218 0.16002584 0.15390629 0.21712035 0.13876309 0.20784782 0.28501716 0.14958919 0.12247574 0.26193426 0.23426072 0.13675198 0.32359938 0.31343887 0.19365212 0.14299569 0.15108161 0.19043808 0.16206024 0.42662481 0.11253406 0.25534988 0.19575569 0.33539058 
0.10700350 0.23435531 0.23896833 0.25638675 0.19500057 0.15972626 0.13557033 0.16401385 0.33756762 0.00000000 0.16499391 0.22102770 0.06898999 0.20525382 0.18707152 0.17717473 0.13006206 0.86584623 0.25744985 0.07511182 0.33858840 0.09151360 0.23408906 0.02404273 0.12309305 0.07863045 0.13556177 0.05444717 0.14657036 0.04077877 0.14091680 0.27274708 0.14492323 0.11887780 0.07197862 0.49204241 0.32778734 0.16690226 0.28890747 0.37335984 0.16907926 0.32898953 0.28964038 0.35023588 0.15643956 0.14998213 0.12383987 0.39392586 0.10734685 0.15295786 0.16978252 0.21430302 0.26620540 
0.05613267 0.43683588 0.23675136 0.41612850 0.24857911 0.14330095 0.34278470 0.20841209 0.32482801 0.16499391 0.00000000 0.20079757 0.43598373 0.06663447 0.15702718 0.20254412 0.13834025 0.13204974 0.14378392 0.30512405 0.07422887 0.20282599 0.15605667 0.15186922 0.23686156 0.21801420 0.17712652 0.15863349 0.09195787 0.20400573 0.19763818 0.11274284 0.18723363 0.12741712 0.20832708 0.13287687 0.17369767 0.20012299 0.13230901 0.19205830 0.21631227 0.18817497 0.14502792 0.12454693 0.21350358 0.24440197 0.21994969 0.17484810 0.28623885 0.21057438 0.49792304 0.26992962 0.19359707 
0.21355445 0.19374680 0.18920273 0.13333893 0.28309828 0.14462950 0.12557790 0.26777891 0.13627172 0.22102770 0.20079757 0.00000000 0.16879689 0.24443874 0.14324097 0.15793809 0.20979274 0.18091331 0.15847979 0.13158994 0.19137828 0.14597771 0.17690419 0.23718966 0.15989481 0.33425441 0.24398737 0.18672801 0.26152890 0.22757158 0.16580251 0.19835456 0.19653305 0.19522281 0.17319564 0.19178466 0.22862011 0.40776761 0.24770383 0.17916432 0.27339144 0.15341800 0.13434230 0.12202016 0.18266780 0.13919243 0.14609637 0.23220360 0.17629313 0.14718771 0.16214322 0.20075059 0.17333993 
0.11997212 0.67431159 0.12681320 0.32762183 0.15670951 0.26237463 0.31240409 0.23440343 0.10707860 0.06898999 0.43598373 0.16879689 0.00000000 0.06736587 0.45134246 0.57463109 0.28720101 0.16550922 0.13961370 0.17543689 0.15053384 0.16820272 0.12489413 0.17721993 0.18026040 0.14313062 0.10290732 0.29850722 0.14816202 0.25348036 0.27822620 0.08005048 0.17271163 0.27696180 0.19800463 0.17214226 0.14401168 0.13926335 0.12714599 0.16517718 0.19906920 0.24383491 0.12004742 0.18099879 0.23839634 0.22888345 0.02191287 0.12451893 0.20614877 0.26905833 0.07318276 0.11046345 0.13233697 
0.42316490 0.17220644 0.20795727 0.17226437 0.16015706 0.03586529 0.06326974 0.16498459 0.08099536 0.20525382 0.06663447 0.24443874 0.06736587 0.00000000 0.17058373 0.28896249 0.17080033 0.23510916 0.13769954 0.13214801 0.14619542 0.20243627 0.44645509 0.26752415 0.25593233 0.21749576 0.20877709 1.04305925 0.63405546 0.13101163 0.16807620 0.07580698 0.12455872 0.20088040 0.13136916 0.33925364 0.15489400 0.15176775 0.22632144 0.13551949 0.17096911 0.07318614 0.08607284 0.10420432 0.07503707 0.18226833 0.13491194 0.28659884 0.10225464 0.27241505 0.23556036 0.12481418 0.18275356 
0.15683727 0.34565594 0.24244427 0.18656900 0.15743416 0.16958824 0.16713378 0.15628246 0.13214179 0.18707152 0.15702718 0.14324097 0.45134246 0.17058373 0.00000000 0.30570830 0.20673938 0.05840986 0.38094188 0.21695000 0.19933302 0.38220644 0.17729705 0.25890745 0.24301885 0.36237276 0.19194072 0.31836655 0.11434664 0.26574146 0.29225723 0.22776247 0.19358106 0.27399842 0.17310538 0.23665950 0.08983686 0.17427949 0.27495155 0.09127683 0.17031693 0.15226091 0.10806325 0.21422855 0.16739259 0.26666299 0.24996799 0.17755570 0.11767749 0.12859675 0.13462929 0.23385331 0.27881158 
0.16933378 0.24269649 0.17041592 0.25882360 0.13318027 0.22026381 0.24929467 0.16267097 0.19017464 0.17717473 0.20254412 0.15793809 0.57463109 0.28896249 0.30570830 0.00000000 0.18321127 0.30729596 0.33548696 0.13610647 0.14517525 0.11304621 0.00000000 0.20978670 0.29941557 0.40003915 0.12756360 0.14362488 0.14065620 0.16154764 0.22106329 0.23234278 0.13620821 0.17753291 0.25929430 0.30374459 0.21522995 0.17786702 0.26865844 0.24717268 0.16469428 0.18393932 0.11954280 0.23073017 0.15750792 0.20741848 0.11714413 0.24610666 0.11541017 0.24951584 0.30976648 0.31622679 0.28263024 
0.23805793 0.13723015 0.17965799 0.18194978 0.20798945 0.11577791 0.12203551 0.25720720 0.24784893 0.13006206 0.13834025 0.20979274 0.28720101 0.17080033 0.20673938 0.18321127 0.00000000 0.23740631 0.24905905 0.09514475 0.12096465 0.25150814 0.43147601 0.23541455 0.41129695 0.28335224 0.46852532 0.12057915 0.19066376 0.17885525 0.18826729 0.19079290 0.35195968 0.15266811 0.20034435 0.16525069 0.12061202 0.20372648 0.20050880 0.12426383 0.28255860 0.21150146 0.17363681 0.09255396 0.13236030 0.17311456 0.10797493 0.17674598 0.10852766 0.12580147 0.10108258 0.10048015 0.19607716 
0.14709249 0.12236013 0.25543739 0.13073564 0.17469681 0.19767588 0.18592909 0.17861590 0.08023997 0.86584623 0.13204974 0.18091331 0.16550922 0.23510916 0.05840986 0.30729596 0.23740631 0.00000000 0.13642244 0.50640964 0.95203977 0.10287178 0.40568578 0.02328371 0.20901718 0.08524779 0.18656104 0.15561716 0.32922233 0.05656867 0.09621668 0.30849586 0.14833622 0.12677610 0.18804996 0.61382809 0.15676178 0.19994983 0.09778042 0.27972460 0.17910344 0.09546662 0.12728297 0.11247042 0.12425281 0.11100759 0.09831808 0.15100161 0.11542758 0.14343503 0.04115386 0.18235445 0.21226925 
0.09455249 0.16993478 0.17444514 0.08091698 0.15617008 0.13274574 0.05373996 0.15404200 0.15426302 0.25744985 0.14378392 0.15847979 0.13961370 0.13769954 0.38094188 0.33548696 0.24905905 0.13642244 0.00000000 0.39203129 0.25929799 0.38375532 0.20352126 0.34411713 0.39552339 0.20077175 0.41863828 0.11830283 0.04148192 0.22297069 0.31028686 0.21839432 0.22227622 0.31531137 0.28783031 0.02371241 0.07314160 0.13062266 0.16634906 0.22316371 0.16041045 0.23997958 0.19958309 0.20058098 0.24047395 0.18047489 0.26987743 0.20565112 0.14668100 0.17579282 0.24031498 0.26837013 0.13411807 
0.12754035 0.10233445 0.34431532 0.14674554 0.15576817 0.20104693 0.22833964 0.14785934 0.31065282 0.07511182 0.30512405 0.13158994 0.17543689 0.13214801 0.21695000 0.13610647 0.09514475 0.50640964 0.39203129 0.00000000 0.50085405 0.36873922 0.36303842 0.20843691 0.13871325 0.25591335 0.25748518 0.09081374 0.09760515 0.14421536 0.12399924 0.16175058 0.13125522 0.14616329 0.15664843 0.12401727 0.30315416 0.14601054 0.21451662 0.34877731 0.13414049 0.25935268 0.13916452 0.25369648 0.24458711 0.25942710 0.26308273 0.17502341 0.36655779 0.15031236 0.21000697 0.13346762 0.19856020 
0.14501496 0.13346289 0.14011833 0.10413756 0.13150280 0.27138877 0.19361215 0.11636088 0.15595656 0.33858840 0.07422887 0.19137828 0.15053384 0.14619542 0.19933302 0.14517525 0.12096465 0.95203977 0.25929799 0.50085405 0.00000000 0.43549740 0.31799767 0.27577505 0.11871731 0.12469961 0.14114872 0.16343098 0.24171452 0.11269906 0.11998008 0.26471966 0.13491361 0.22703598 0.29040682 0.31780347 0.23824810 0.13882858 0.18711362 0.24675177 0.12320709 0.13718744 0.21368406 0.23635790 0.22572231 0.19129320 0.41202446 0.13261661 0.21618677 0.13011980 0.29980124 0.14793320 0.19931267 
0.07920795 0.09450965 0.28538455 0.13283691 0.17506442 0.14381598 0.32186600 0.17211943 0.24888562 0.09151360 0.20282599 0.14597771 0.16820272 0.20243627 0.38220644 0.11304621 0.25150814 0.10287178 0.38375532 0.36873922 0.43549740 0.00000000 0.24188958 0.36374979 0.21547969 0.19680181 0.25554290 0.11205268 0.16604910 0.23347935 0.22604505 0.16816990 0.20663804 0.27143524 0.20297775 0.11998355 0.19251351 0.15992554 0.15321983 0.28810090 0.16896844 0.21736126 0.21501550 0.03286153 0.34696443 0.18345463 0.19120917 0.17547023 0.29434992 0.19070681 0.10826745 0.18660281 0.13347183 
0.08736496 0.11236373 0.20440224 0.08239854 0.19145495 0.04812279 0.13089847 0.18234716 0.21870678 0.23408906 0.15605667 0.17690419 0.12489413 0.44645509 0.17729705 0.00000000 0.43147601 0.40568578 0.20352126 0.36303842 0.31799767 0.24188958 0.00000000 0.29456437 0.10737473 0.13884956 0.32374575 0.23252716 0.29087788 0.24321343 0.15927740 0.30439096 0.28181596 0.14103377 0.25398632 0.12094739 0.24013770 0.15317845 0.16444549 0.27004103 0.18592840 0.18154135 0.12382101 0.11242914 0.29423035 0.13991876 0.24060971 0.15182840 0.10169410 0.13609221 0.24861291 0.13478207 0.22083184 
0.11102139 0.22965586 0.20536315 0.21384776 0.22173112 0.17833632 0.12544220 0.21517112 0.16173066 0.02404273 0.15186922 0.23718966 0.17721993 0.26752415 0.25890745 0.20978670 0.23541455 0.02328371 0.34411713 0.20843691 0.27577505 0.36374979 0.29456437 0.00000000 0.34274530 0.13119304 0.21932008 0.26136590 0.04897646 0.24470513 0.23842752 0.26112288 0.19906505 0.41123338 0.23135573 0.09226064 0.23356332 0.18308675 0.16660237 0.35871347 0.16170596 0.21236070 0.09738470 0.28629823 0.21962224 0.24544436 0.19040377 0.15706772 0.08932806 0.21787265 0.24019908 0.21926304 0.13081583 
0.08705974 0.07074972 0.18445429 0.14965638 0.19221074 0.15549884 0.10646367 0.16254516 0.21884098 0.12309305 0.23686156 0.15989481 0.18026040 0.25593233 0.24301885 0.29941557 0.41129695 0.20901718 0.39552339 0.13871325 0.11871731 0.21547969 0.10737473 0.34274530 0.00000000 0.30181242 0.29666529 0.22545002 0.27535782 0.24064399 0.17531555 0.01030017 0.28299317 0.25033124 0.24104755 0.14148885 0.14731344 0.16638442 0.25129551 0.27794721 0.17715070 0.30542543 0.14730314 0.11069748 0.36926231 0.16713313 0.23193228 0.25503460 0.13019971 0.08640953 0.07169698 0.13804442 0.19930248 
0.12115975 0.19975661 0.23123815 0.10591413 0.17226231 0.09179379 0.25247046 0.17002653 0.16149107 0.07863045 0.21801420 0.33425441 0.14313062 0.21749576 0.36237276 0.40003915 0.28335224 0.08524779 0.20077175 0.25591335 0.12469961 0.19680181 0.13884956 0.13119304 0.30181242 0.00000000 0.19414523 0.12472622 0.14215772 0.20603746 0.18962518 0.15691985 0.32598127 0.27187928 0.31049849 0.27245006 0.19335956 0.26423545 0.21893166 0.21341337 0.17136217 0.20795263 0.16762320 0.24223151 0.21729023 0.13021510 0.17777772 0.20598368 0.14785923 0.15868932 0.10068405 0.19069654 0.13590832 
0.17080123 0.14262455 0.17328606 0.12325188 0.18371031 0.07957828 0.22817618 0.22338782 0.09992572 0.13556177 0.17712652 0.24398737 0.10290732 0.20877709 0.19194072 0.12756360 0.46852532 0.18656104 0.41863828 0.25748518 0.14114872 0.25554290 0.32374575 0.21932008 0.29666529 0.19414523 0.00000000 0.22142137 0.25844625 0.21108785 0.24806716 0.20530337 0.17845998 0.25342638 0.22702166 0.18520062 0.13166877 0.17178997 0.31756168 0.20264150 0.25175191 0.14261981 0.15034654 0.14050652 0.12471507 0.16953200 0.19579711 0.19324553 0.15081751 0.12674295 0.15447941 0.17936382 0.15933861 
0.20166672 0.25289430 0.07388776 0.09327026 0.18480101 0.39918881 0.19636269 0.19393207 0.15292026 0.05444717 0.15863349 0.18672801 0.29850722 1.04305925 0.31836655 0.14362488 0.12057915 0.15561716 0.11830283 0.09081374 0.16343098 0.11205268 0.23252716 0.26136590 0.22545002 0.12472622 0.22142137 0.00000000 0.24053157 0.46801404 1.08590221 0.11488161 0.13094239 0.14621768 0.05054086 0.17251624 0.12927876 0.16737409 0.13942728 0.14964743 0.17825020 0.21681774 0.11208424 0.11499654 0.10354604 0.08057577 0.17934851 0.17841329 0.14575019 0.20374913 0.21406376 0.30360645 0.17711044 
0.26531902 0.14788993 0.07797715 0.23675021 0.21696180 0.09632884 0.18357631 0.24463281 0.10831382 0.14657036 0.09195787 0.26152890 0.14816202 0.63405546 0.11434664 0.14065620 0.19066376 0.32922233 0.04148192 0.09760515 0.24171452 0.16604910 0.29087788 0.04897646 0.27535782 0.14215772 0.25844625 0.24053157 0.00000000 0.08753832 0.08394493 1.11386706 0.21404124 0.03443147 0.08260213 0.30608659 0.17075293 0.22961669 0.18163655 0.19916026 0.26468806 0.14118224 0.18603809 0.06461192 0.15768844 0.09154608 0.15135180 0.16165186 0.17921005 0.33244252 0.12291747 0.10048977 0.24586104 
0.39271515 0.17979861 0.35560435 0.11122492 0.15848068 0.08249662 0.14842517 0.21884933 0.18348218 0.04077877 0.20400573 0.22757158 0.25348036 0.13101163 0.26574146 0.16154764 0.17885525 0.05656867 0.22297069 0.14421536 0.11269906 0.23347935 0.24321343 0.24470513 0.24064399 0.20603746 0.21108785 0.46801404 0.08753832 0.00000000 0.62471241 0.12798268 0.19216218 0.38321941 0.09884490 0.12210730 0.21696558 0.18529529 0.23521573 0.18995165 0.17958772 0.21615788 0.22103505 0.14890384 0.27750848 0.27841485 0.21623723 0.23222762 0.18277135 0.11306516 0.16175585 0.24142317 0.19338074 
0.17559697 0.14955596 0.17672154 0.19222624 0.17096536 0.15404079 0.13302844 0.21447998 0.16002584 0.14091680 0.19763818 0.16580251 0.27822620 0.16807620 0.29225723 0.22106329 0.18826729 0.09621668 0.31028686 0.12399924 0.11998008 0.22604505 0.15927740 0.23842752 0.17531555 0.18962518 0.24806716 1.08590221 0.08394493 0.62471241 0.00000000 0.09260613 0.31027503 0.13656007 0.17392806 0.09934999 0.19673570 0.19649722 0.13621814 0.24765391 0.23128796 0.17401776 0.10665458 0.16789924 0.25501460 0.15465224 0.08668979 0.14302228 0.20050916 0.17062285 0.23131477 0.13865644 0.18801912 
0.24007138 0.25889771 0.03743303 0.22799873 0.19874969 0.28954578 0.19063355 0.17869658 0.15390629 0.27274708 0.11274284 0.19835456 0.08005048 0.07580698 0.22776247 0.23234278 0.19079290 0.30849586 0.21839432 0.16175058 0.26471966 0.16816990 0.30439096 0.26112288 0.01030017 0.15691985 0.20530337 0.11488161 1.11386706 0.12798268 0.09260613 0.00000000 0.23081787 0.25651814 0.21015987 0.23264268 0.13760813 0.22270779 0.14221521 0.09707408 0.19732995 0.16767795 0.27943095 0.34022006 0.25192943 0.13603666 0.19118545 0.11743455 0.07280657 0.10201312 0.08974693 0.09934682 0.21342650 
0.19654267 0.22954420 0.19864680 0.16649855 0.18561654 0.16784837 0.12437295 0.18528305 0.21712035 0.14492323 0.18723363 0.19653305 0.17271163 0.12455872 0.19358106 0.13620821 0.35195968 0.14833622 0.22227622 0.13125522 0.13491361 0.20663804 0.28181596 0.19906505 0.28299317 0.32598127 0.17845998 0.13094239 0.21404124 0.19216218 0.31027503 0.23081787 0.00000000 0.30761786 0.21407153 0.18710651 0.22375627 0.17604337 0.14101687 0.19613978 0.18408596 0.28216332 0.18201668 0.18868784 0.22341686 0.27850299 0.21511360 0.16508554 0.11293082 0.09382799 0.20093301 0.19841880 0.14064051 
0.02247551 0.22128056 0.13897177 0.11490617 0.15493575 0.18968868 0.21979913 0.17480639 0.13876309 0.11887780 0.12741712 0.19522281 0.27696180 0.20088040 0.27399842 0.17753291 0.15266811 0.12677610 0.31531137 0.14616329 0.22703598 0.27143524 0.14103377 0.41123338 0.25033124 0.27187928 0.25342638 0.14621768 0.03443147 0.38321941 0.13656007 0.25651814 0.30761786 0.00000000 0.51575349 0.15882918 0.39052814 0.15072714 0.18247619 0.19152653 0.17419421 0.19397429 0.10197754 0.21049698 0.38826563 0.21040909 0.08818172 0.16684878 0.25938178 0.12158032 0.21883982 0.31065472 0.17612022 
0.08610602 0.16234049 0.45861424 0.13811751 0.17072921 0.07322999 0.28337224 0.20932683 0.20784782 0.07197862 0.20832708 0.17319564 0.19800463 0.13136916 0.17310538 0.25929430 0.20034435 0.18804996 0.28783031 0.15664843 0.29040682 0.20297775 0.25398632 0.23135573 0.24104755 0.31049849 0.22702166 0.05054086 0.08260213 0.09884490 0.17392806 0.21015987 0.21407153 0.51575349 0.00000000 0.06890473 0.21227758 0.20037441 0.24210113 0.18117407 0.18052375 0.22541970 0.28632077 0.37957248 0.19207530 0.31314599 0.27163501 0.17563439 0.15025115 0.22405523 0.16419206 0.20040377 0.14773655 
0.19286402 0.19196567 0.23454242 0.20444970 0.20938352 0.17499412 0.26832959 0.19708643 0.28501716 0.49204241 0.13287687 0.19178466 0.17214226 0.33925364 0.23665950 0.30374459 0.16525069 0.61382809 0.02371241 0.12401727 0.31780347 0.11998355 0.12094739 0.09226064 0.14148885 0.27245006 0.18520062 0.17251624 0.30608659 0.12210730 0.09934999 0.23264268 0.18710651 0.15882918 0.06890473 0.00000000 0.10548667 0.19649875 0.35660267 0.25457556 0.18657021 0.27536303 0.13481346 0.13431599 0.14816448 0.07870134 0.14332771 0.28896595 0.16375868 0.13371067 0.16769202 0.11264476 0.10212272 
0.15034220 0.30456235 0.11830002 0.17329338 0.20880315 0.15695083 0.31041955 0.14978524 0.14958919 0.32778734 0.17369767 0.22862011 0.14401168 0.15489400 0.08983686 0.21522995 0.12061202 0.15676178 0.07314160 0.30315416 0.23824810 0.19251351 0.24013770 0.23356332 0.14731344 0.19335956 0.13166877 0.12927876 0.17075293 0.21696558 0.19673570 0.13760813 0.22375627 0.39052814 0.21227758 0.10548667 0.00000000 0.19350903 0.18267299 0.26580188 0.18674743 0.49870314 0.22616472 0.18478443 0.17602893 0.29599462 0.25012021 0.21556970 0.32501170 0.39628176 0.21987821 0.35672654 0.25449066 
0.18961713 0.21283832 0.15390177 0.15105905 0.41190894 0.18158957 0.17328923 0.39174075 0.12247574 0.16690226 0.20012299 0.40776761 0.13926335 0.15176775 0.17427949 0.17786702 0.20372648 0.19994983 0.13062266 0.14601054 0.13882858 0.15992554 0.15317845 0.18308675 0.16638442 0.26423545 0.17178997 0.16737409 0.22961669 0.18529529 0.19649722 0.22270779 0.17604337 0.15072714 0.20037441 0.19649875 0.19350903 0.00000000 0.24644018 0.17140859 0.40159129 0.14608425 0.15397754 0.19999611 0.17834392 0.13616783 0.13646889 0.23072963 0.14686484 0.15693358 0.18634869 0.19007380 0.17231163 
0.08776488 0.16803884 0.18532248 0.22642061 0.24443725 0.15914212 0.21664027 0.23077420 0.26193426 0.28890747 0.13230901 0.24770383 0.12714599 0.22632144 0.27495155 0.26865844 0.20050880 0.09778042 0.16634906 0.21451662 0.18711362 0.15321983 0.16444549 0.16660237 0.25129551 0.21893166 0.31756168 0.13942728 0.18163655 0.23521573 0.13621814 0.14221521 0.14101687 0.18247619 0.24210113 0.35660267 0.18267299 0.24644018 0.00000000 0.09316312 0.23606247 0.17693688 0.12506637 0.14930107 0.13972023 0.17079836 0.17970133 0.22057643 0.22907949 0.14618385 0.22638972 0.21399264 0.16244412 
0.14657849 0.15725225 0.08716572 0.25284112 0.13121812 0.24128022 0.32950726 0.13830035 0.23426072 0.37335984 0.19205830 0.17916432 0.16517718 0.13551949 0.09127683 0.24717268 0.12426383 0.27972460 0.22316371 0.34877731 0.24675177 0.28810090 0.27004103 0.35871347 0.27794721 0.21341337 0.20264150 0.14964743 0.19916026 0.18995165 0.24765391 0.09707408 0.19613978 0.19152653 0.18117407 0.25457556 0.26580188 0.17140859 0.09316312 0.00000000 0.13188101 0.27980165 0.27779268 0.28100026 0.16490459 0.27570254 0.23605369 0.16248297 0.22741495 0.19206562 0.27491063 0.20646406 0.24168558 
0.17310751 0.18504220 0.18911403 0.19637786 0.39751126 0.16584839 0.15882829 0.45849763 0.13675198 0.16907926 0.21631227 0.27339144 0.19906920 0.17096911 0.17031693 0.16469428 0.28255860 0.17910344 0.16041045 0.13414049 0.12320709 0.16896844 0.18592840 0.16170596 0.17715070 0.17136217 0.25175191 0.17825020 0.26468806 0.17958772 0.23128796 0.19732995 0.18408596 0.17419421 0.18052375 0.18657021 0.18674743 0.40159129 0.23606247 0.13188101 0.00000000 0.11975801 0.15896482 0.17149664 0.20643434 0.15215307 0.12355787 0.26539040 0.14158528 0.13818527 0.13246179 0.15072579 0.17623955 
0.15681833 0.28915192 0.24126288 0.22020694 0.16585018 0.20826224 0.36669062 0.16613243 0.32359938 0.32898953 0.18817497 0.15341800 0.24383491 0.07318614 0.15226091 0.18393932 0.21150146 0.09546662 0.23997958 0.25935268 0.13718744 0.21736126 0.18154135 0.21236070 0.30542543 0.20795263 0.14261981 0.21681774 0.14118224 0.21615788 0.17401776 0.16767795 0.28216332 0.19397429 0.22541970 0.27536303 0.49870314 0.14608425 0.17693688 0.27980165 0.11975801 0.00000000 0.40117179 0.03194665 0.23711526 0.26201101 0.17957078 0.13391585 0.09556014 0.16728460 0.11363774 0.11699417 0.23350665 
0.12773314 0.20023911 0.18238221 0.27287349 0.22042985 0.22498854 0.69139980 0.15645410 0.31343887 0.28964038 0.14502792 0.13434230 0.12004742 0.08607284 0.10806325 0.11954280 0.17363681 0.12728297 0.19958309 0.13916452 0.21368406 0.21501550 0.12382101 0.09738470 0.14730314 0.16762320 0.15034654 0.11208424 0.18603809 0.22103505 0.10665458 0.27943095 0.18201668 0.10197754 0.28632077 0.13481346 0.22616472 0.15397754 0.12506637 0.27779268 0.15896482 0.40117179 0.00000000 0.63719014 0.24928084 0.25446284 0.45869378 0.21377781 0.33390344 0.10384671 0.16107615 0.15498457 0.22583510 
0.35773748 0.12432918 0.20893309 0.32722732 0.17024848 0.25663046 0.23460008 0.21091127 0.19365212 0.35023588 0.12454693 0.12202016 0.18099879 0.10420432 0.21422855 0.23073017 0.09255396 0.11247042 0.20058098 0.25369648 0.23635790 0.03286153 0.11242914 0.28629823 0.11069748 0.24223151 0.14050652 0.11499654 0.06461192 0.14890384 0.16789924 0.34022006 0.18868784 0.21049698 0.37957248 0.13431599 0.18478443 0.19999611 0.14930107 0.28100026 0.17149664 0.03194665 0.63719014 0.00000000 0.15260398 0.76096296 0.50098782 0.25698057 0.10346610 0.14474897 0.21077369 0.15085609 0.19062291 
0.06640240 0.13560148 0.23940443 0.10887061 0.18037644 0.13983411 0.09956482 0.16623140 0.14299569 0.15643956 0.21350358 0.18266780 0.23839634 0.07503707 0.16739259 0.15750792 0.13236030 0.12425281 0.24047395 0.24458711 0.22572231 0.34696443 0.29423035 0.21962224 0.36926231 0.21729023 0.12471507 0.10354604 0.15768844 0.27750848 0.25501460 0.25192943 0.22341686 0.38826563 0.19207530 0.14816448 0.17602893 0.17834392 0.13972023 0.16490459 0.20643434 0.23711526 0.24928084 0.15260398 0.00000000 0.27003151 0.20816297 0.22534925 0.23458080 0.21613946 0.20705116 0.34226247 0.12328401 
0.23150733 0.30742065 0.11187744 0.28395707 0.12498760 0.27578867 0.27190041 0.11758771 0.15108161 0.14998213 0.24440197 0.13919243 0.22888345 0.18226833 0.26666299 0.20741848 0.17311456 0.11100759 0.18047489 0.25942710 0.19129320 0.18345463 0.13991876 0.24544436 0.16713313 0.13021510 0.16953200 0.08057577 0.09154608 0.27841485 0.15465224 0.13603666 0.27850299 0.21040909 0.31314599 0.07870134 0.29599462 0.13616783 0.17079836 0.27570254 0.15215307 0.26201101 0.25446284 0.76096296 0.27003151 0.00000000 0.65733414 0.21308220 0.23988469 0.12164065 0.10234621 0.16041509 0.12900571 
0.25235130 0.18685068 0.24226813 0.18424964 0.14953306 0.41975026 0.26205501 0.15308775 0.19043808 0.12383987 0.21994969 0.14609637 0.02191287 0.13491194 0.24996799 0.11714413 0.10797493 0.09831808 0.26987743 0.26308273 0.41202446 0.19120917 0.24060971 0.19040377 0.23193228 0.17777772 0.19579711 0.17934851 0.15135180 0.21623723 0.08668979 0.19118545 0.21511360 0.08818172 0.27163501 0.14332771 0.25012021 0.13646889 0.17970133 0.23605369 0.12355787 0.17957078 0.45869378 0.50098782 0.20816297 0.65733414 0.00000000 0.16343664 0.39566057 0.26972269 0.16161502 0.17981204 0.19124286 
0.21145549 0.21694866 0.13631894 0.12021755 0.22976050 0.22013458 0.20454973 0.21762481 0.16206024 0.39392586 0.17484810 0.23220360 0.12451893 0.28659884 0.17755570 0.24610666 0.17674598 0.15100161 0.20565112 0.17502341 0.13261661 0.17547023 0.15182840 0.15706772 0.25503460 0.20598368 0.19324553 0.17841329 0.16165186 0.23222762 0.14302228 0.11743455 0.16508554 0.16684878 0.17563439 0.28896595 0.21556970 0.23072963 0.22057643 0.16248297 0.26539040 0.13391585 0.21377781 0.25698057 0.22534925 0.21308220 0.16343664 0.00000000 0.15662335 0.18005267 0.20231102 0.17727570 0.17859892 
0.32811180 0.24875468 0.28128253 0.24125945 0.14622590 1.15003141 0.20915361 0.11968167 0.42662481 0.10734685 0.28623885 0.17629313 0.20614877 0.10225464 0.11767749 0.11541017 0.10852766 0.11542758 0.14668100 0.36655779 0.21618677 0.29434992 0.10169410 0.08932806 0.13019971 0.14785923 0.15081751 0.14575019 0.17921005 0.18277135 0.20050916 0.07280657 0.11293082 0.25938178 0.15025115 0.16375868 0.32501170 0.14686484 0.22907949 0.22741495 0.14158528 0.09556014 0.33390344 0.10346610 0.23458080 0.23988469 0.39566057 0.15662335 0.00000000 0.27504761 0.16039300 0.27869241 0.19491523 
1.20261003 0.15069651 0.41468886 0.35888637 0.15637263 0.24344695 0.21258040 0.14423629 0.11253406 0.15295786 0.21057438 0.14718771 0.26905833 0.27241505 0.12859675 0.24951584 0.12580147 0.14343503 0.17579282 0.15031236 0.13011980 0.19070681 0.13609221 0.21787265 0.08640953 0.15868932 0.12674295 0.20374913 0.33244252 0.11306516 0.17062285 0.10201312 0.09382799 0.12158032 0.22405523 0.13371067 0.39628176 0.15693358 0.14618385 0.19206562 0.13818527 0.16728460 0.10384671 0.14474897 0.21613946 0.12164065 0.26972269 0.18005267 0.27504761 0.00000000 0.48732640 0.40572953 0.19324926 
0.33477772 0.22667339 0.14664007 0.81732013 0.22148544 0.26687129 0.19817474 0.13931355 0.25534988 0.16978252 0.49792304 0.16214322 0.07318276 0.23556036 0.13462929 0.30976648 0.10108258 0.04115386 0.24031498 0.21000697 0.29980124 0.10826745 0.24861291 0.24019908 0.07169698 0.10068405 0.15447941 0.21406376 0.12291747 0.16175585 0.23131477 0.08974693 0.20093301 0.21883982 0.16419206 0.16769202 0.21987821 0.18634869 0.22638972 0.27491063 0.13246179 0.11363774 0.16107615 0.21077369 0.20705116 0.10234621 0.16161502 0.20231102 0.16039300 0.48732640 0.00000000 0.35930355 0.24043666 
0.39055637 0.17396949 0.20876942 0.12722188 0.16565707 0.36711971 0.07337164 0.15588895 0.19575569 0.21430302 0.26992962 0.20075059 0.11046345 0.12481418 0.23385331 0.31622679 0.10048015 0.18235445 0.26837013 0.13346762 0.14793320 0.18660281 0.13478207 0.21926304 0.13804442 0.19069654 0.17936382 0.30360645 0.10048977 0.24142317 0.13865644 0.09934682 0.19841880 0.31065472 0.20040377 0.11264476 0.35672654 0.19007380 0.21399264 0.20646406 0.15072579 0.11699417 0.15498457 0.15085609 0.34226247 0.16041509 0.17981204 0.17727570 0.27869241 0.40572953 0.35930355 0.00000000 0.31630173 
0.29197162 0.21783672 0.16644059 0.19566334 0.18530694 0.19030271 0.17725168 0.17044818 0.33539058 0.26620540 0.19359707 0.17333993 0.13233697 0.18275356 0.27881158 0.28263024 0.19607716 0.21226925 0.13411807 0.19856020 0.19931267 0.13347183 0.22083184 0.13081583 0.19930248 0.13590832 0.15933861 0.17711044 0.24586104 0.19338074 0.18801912 0.21342650 0.14064051 0.17612022 0.14773655 0.10212272 0.25449066 0.17231163 0.16244412 0.24168558 0.17623955 0.23350665 0.22583510 0.19062291 0.12328401 0.12900571 0.19124286 0.17859892 0.19491523 0.19324926 0.24043666 0.31630173 0.00000000 
