0.00000000 0.13998614 0.17367461 0.12166350 0.11318409 0.11159492 0.10724506 0.08712465 0.08720120 0.07909182 0.09510418 0.07573643 0.08139881 0.08498306 0.08963571 0.11030970 0.07735733 0.08487943 0.11236501 0.09280021 0.09438600 0.09152790 0.09166618 0.07942492 0.10259878 0.09961181 0.09678314 0.09577232 0.08444742 0.08075538 0.08481631 0.08263405 0.10815738 0.08911140 0.10946964 0.09650133 0.09132761 0.08649487 0.12337108 0.09114932 0.07734995 0.10996671 0.09643214 0.10499097 0.07828922 0.10049446 0.10032431 0.07651847 0.08392780 0.08057158 0.07855157 0.09503090 0.08406874 0.09611098 0.08182027 0.08207532 0.08112505 0.10169572 0.08581321 0.07372367 0.09551645 0.09191935 0.09146000 0.08808652 0.08750386 0.08385733 0.10188782 0.07941003 0.08642211 0.08480740 0.10976799 0.09621434 0.10079628 0.07858620 0.07294603 0.08114524 0.08003414 0.07578961 0.09055433 0.09901448 0.08853689 0.08993521 0.08339845 0.08604931 0.08336417 0.08867890 0.08261887 0.09219916 0.07950967 0.08619311 0.07482295 0.07030968 0.09519934 0.08041600 0.08062900 0.08883749 0.08636942 0.09217567 0.08542992 0.08435927 0.07927311 0.08874014 0.09612333 0.07574741 0.08485698 0.07516214 0.09516764 0.09597225 0.09114395 0.06796527 0.06991841 0.07374466 0.07985939 0.08872295 0.09243393 0.08305581 0.09051952 0.10188660 0.09431451 0.08895496 0.07286929 0.08024657 0.08171625 
0.13998614 0.00000000 0.18112266 0.15345878 0.15466920 0.12588643 0.10142321 0.10649182 0.10837008 0.12945330 0.09679715 0.09164621 0.09420767 0.10910738 0.09954492 0.07895971 0.07451628 0.10596445 0.07754439 0.10024792 0.11878722 0.11164112 0.09093551 0.08470794 0.09912642 0.08830317 0.09237056 0.09379772 0.05720398 0.09344047 0.06063924 0.09100349 0.06019499 0.09222656 0.09889401 0.08809339 0.07753077 0.10679257 0.07633246 0.10032669 0.08393368 0.11279237 0.12689978 0.09957908 0.08183750 0.12072018 0.08526329 0.06560703 0.09277999 0.05241833 0.07586390 0.07878521 0.06285559 0.10799507 0.05600719 0.10064468 0.08596676 0.07582654 0.04961533 0.07475286 0.08875205 0.09062806 0.10418272 0.12106425 0.09020807 0.09466317 0.10745680 0.03682836 0.10462173 0.05198900 0.07264893 0.09030484 0.09403862 0.10563273 0.12395849 0.10630368 0.03933679 0.10020220 0.05661791 0.11937855 0.09635299 0.09558614 0.09411433 0.08158706 0.09197723 0.06058751 0.06886115 0.05440487 0.09799379 0.08279208 0.06486911 0.07204091 0.06686033 0.07086613 0.09468442 0.08190660 0.06028130 0.08343445 0.12129546 0.05689290 0.09647126 0.06737075 0.08441835 0.05497736 0.09140602 0.06322067 0.09195018 0.09391116 0.06360250 0.04830648 0.06964680 0.10296787 0.08022525 0.07756408 0.08205908 0.10634164 0.08661138 0.11569160 0.13638627 0.07950187 0.11573563 0.11076902 0.10935753 
0.17367461 0.18112266 0.00000000 0.20170889 0.19812322 0.13609925 0.10160029 0.13099856 0.10506816 0.08705219 0.13070366 0.09752077 0.08780120 0.09942956 0.10495420 0.06249569 0.06028551 0.07857062 0.11938890 0.10901727 0.10556481 0.13272028 0.12144795 0.10966489 0.09569570 0.11036459 0.07610586 0.10550872 0.05862427 0.10301513 0.07175282 0.10019797 0.06571719 0.10218709 0.08307568 0.07388677 0.10106012 0.08076718 0.08124928 0.06285836 0.06350440 0.09656891 0.14951812 0.13208407 0.08168510 0.12316664 0.07638665 0.12117262 0.07386901 0.03269160 0.09749091 0.08777385 0.04040641 0.10803795 0.04764257 0.09735382 0.05799979 0.09607638 0.03174525 0.08293457 0.09478207 0.10721072 0.10263157 0.10192213 0.09646582 0.11380770 0.10608053 0.00843216 0.11263005 0.03483265 0.07494480 0.09060172 0.06374630 0.12934572 0.05481006 0.07607713 0.00441911 0.08534466 0.07117654 0.08191135 0.09705245 0.09742407 0.06003989 0.09636633 0.09617095 0.05966901 0.09350730 0.07472746 0.07732045 0.08366852 0.03512991 0.05850907 0.06953194 0.05649483 0.05944151 0.09027479 0.04153696 0.07396796 0.06593235 0.02580123 0.10897549 0.07510042 0.07394613 0.08002937 0.06344389 0.05370734 0.06905324 0.05715542 0.08534710 0.07900005 0.09656882 0.08960241 0.09049006 0.08814675 0.11701539 0.10920715 0.12363177 0.11749956 0.16179851 0.13159007 0.11408768 0.15327610 0.10444051 
0.12166350 0.15345878 0.20170889 0.00000000 0.14847430 0.21501829 0.10560506 0.13244571 0.09820005 0.09416509 0.09526788 0.10324904 0.10852174 0.10427987 0.08618088 0.07645938 0.08495550 0.08707807 0.09530388 0.08370728 0.09841011 0.10187193 0.11812443 0.10152450 0.13305674 0.11837808 0.09549402 0.10042268 0.05874299 0.08627836 0.10004078 0.12555149 0.05649524 0.07782981 0.10982914 0.11759673 0.12349361 0.07336028 0.08632433 0.05162295 0.05877693 0.08852676 0.08352145 0.13781566 0.05539630 0.13657156 0.06315755 0.09707134 0.09368533 0.04147807 0.10398321 0.06292022 0.03288089 0.09940155 0.02332633 0.09829924 0.06770238 0.08768290 0.03921369 0.08793736 0.04124300 0.10946451 0.09480715 0.09086663 0.10311868 0.08722069 0.08835173 0.00905541 0.11922555 0.04977740 0.05885663 0.09024523 0.07821342 0.09253578 0.09790606 0.05748341 0.04294730 0.10215364 0.07483924 0.09788672 0.13074121 0.10928901 0.07526510 0.10946355 0.10717278 0.04536269 0.04664079 0.10111557 0.05270689 0.12885749 0.01309156 0.07518755 0.08769708 0.03851644 0.08233754 0.09198977 0.05317399 0.10429995 0.10818855 0.03745293 0.11733702 0.06000902 0.08076966 0.09085772 0.11199307 0.04711259 0.06381475 0.05790769 0.05301033 0.06485722 0.08841900 0.07360697 0.07847449 0.10684751 0.12073925 0.11983858 0.13755788 0.13139006 0.13709631 0.13608002 0.11119925 0.12137856 0.12316365 
0.11318409 0.15466920 0.19812322 0.14847430 0.00000000 0.26241161 0.15183312 0.13563138 0.08281153 0.14655750 0.13157696 0.08304609 0.04909053 0.05852757 0.10550183 0.06207769 0.11951082 0.13187711 0.13229559 0.12780279 0.12998787 0.11404842 0.10043369 0.12447937 0.11369257 0.10675281 0.05660802 0.09800453 0.05140913 0.06069417 0.10184587 0.08479786 0.08543070 0.08826106 0.12776977 0.08991517 0.11406525 0.07790847 0.08224225 0.10149468 0.08607564 0.08364536 0.11884102 0.14103234 0.10818813 0.10065953 0.10725087 0.11384982 0.08355063 0.05508594 0.09635081 0.06501320 0.02486466 0.12497051 0.00000000 0.09543611 0.03816600 0.08513873 0.06850219 0.09912381 0.04694845 0.10974288 0.09473976 0.09281214 0.09947925 0.10470012 0.10277966 0.04973235 0.07713956 0.09204297 0.07191712 0.08657650 0.11012856 0.09531244 0.09357656 0.08957936 0.03915145 0.09377680 0.06331643 0.06824657 0.10081381 0.09140526 0.09526860 0.09739379 0.07800901 0.06127237 0.07072609 0.09601478 0.09479452 0.08207447 0.02228925 0.08382797 0.05944802 0.04415868 0.08904769 0.09192018 0.07276868 0.09589967 0.05525413 0.02299128 0.05962013 0.05086650 0.06836460 0.08843267 0.08839704 0.04970138 0.04407252 0.07487709 0.11101835 0.07065473 0.05568183 0.07322460 0.08146008 0.05816421 0.10066307 0.07092732 0.08751794 0.12217753 0.12372906 0.12266115 0.10844918 0.11843740 0.11480790 
0.11159492 0.12588643 0.13609925 0.21501829 0.26241161 0.00000000 0.18770767 0.13069037 0.07860608 0.12548729 0.12026218 0.05221714 0.09088023 0.07431879 0.08360215 0.06606020 0.06513742 0.08385865 0.11623964 0.05088330 0.11088892 0.10296806 0.12407072 0.11184167 0.10255539 0.09059053 0.09939667 0.12132741 0.09185355 0.07150597 0.07611598 0.06791884 0.04603906 0.06662880 0.13259554 0.13952812 0.09636959 0.10414352 0.08373646 0.14734571 0.07898818 0.08003959 0.08412307 0.12514244 0.09065112 0.22610602 0.09540045 0.10482619 0.09654544 0.07706110 0.08689267 0.06502649 0.04146076 0.08563986 0.04420149 0.12245883 0.06705375 0.05406562 0.08446301 0.07299502 0.06013972 0.04206166 0.09433330 0.10305545 0.10071739 0.09850227 0.11252564 0.04490093 0.08634828 0.08520978 0.05169326 0.07685733 0.11869774 0.06364292 0.06240287 0.07957757 0.05015078 0.10537664 0.05425341 0.04882603 0.08429296 0.09051179 0.04176709 0.09132221 0.10335761 0.05723330 0.07528356 0.07107006 0.08732215 0.09566322 0.03382588 0.08995366 0.06432854 0.04623762 0.06631103 0.12097815 0.09172162 0.07376021 0.09697191 0.03557195 0.10097733 0.10891248 0.07431543 0.10587284 0.10639473 0.03367182 0.03834760 0.07470848 0.05589031 0.05478591 0.07255140 0.08358779 0.13377660 0.05960827 0.14134988 0.07838552 0.11904479 0.11689214 0.17161292 0.11333418 0.11463452 0.11372471 0.07997493 
0.10724506 0.10142321 0.10160029 0.10560506 0.15183312 0.18770767 0.00000000 0.11291869 0.14314918 0.14925071 0.10438332 0.07013666 0.03421475 0.08166167 0.08453996 0.14668644 0.09793263 0.12821891 0.11011536 0.06501514 0.08998985 0.12834463 0.10722650 0.12871895 0.14001668 0.15347199 0.07235330 0.13900858 0.06614952 0.05065242 0.08499411 0.05848001 0.05815437 0.07539911 0.07634798 0.08169310 0.14823698 0.10561162 0.13626525 0.07520980 0.18387831 0.09050886 0.11919708 0.12612864 0.10860078 0.12542908 0.09996133 0.12977672 0.12439585 0.07875395 0.05948369 0.06162321 0.06340749 0.08512418 0.04296681 0.10360138 0.07107247 0.05349517 0.06534386 0.05616457 0.07947206 0.10882020 0.10464578 0.08078969 0.05000176 0.06862582 0.10425719 0.03097861 0.07676302 0.06125863 0.16467988 0.07764171 0.07610076 0.07145687 0.06461769 0.11982895 0.07531323 0.09302298 0.09112955 0.08374068 0.06898610 0.06201796 0.06538910 0.07062739 0.09685308 0.06307728 0.06642283 0.07465812 0.11633653 0.06342607 0.05748356 0.13027658 0.06349936 0.05068764 0.08441765 0.10397699 0.06642618 0.08809079 0.09028610 0.05895820 0.06361449 0.06691427 0.07242763 0.05185506 0.05757120 0.08390087 0.09716198 0.07036111 0.12085737 0.07584945 0.07405256 0.05305330 0.10452538 0.11879453 0.14988783 0.06073310 0.07781232 0.11041151 0.09695449 0.13236326 0.06923522 0.09164176 0.09803688 
0.08712465 0.10649182 0.13099856 0.13244571 0.13563138 0.13069037 0.11291869 0.00000000 0.14123866 0.08229544 0.09633549 0.15565615 0.14218277 0.14670672 0.09850981 0.06633850 0.14756699 0.07399602 0.06931342 0.10668961 0.12598182 0.12077333 0.10165410 0.10415740 0.10132678 0.09536689 0.09876681 0.06300369 0.11812761 0.13117752 0.13646715 0.07592067 0.10309141 0.09093142 0.04811388 0.06014198 0.10476283 0.07792067 0.12005954 0.09727843 0.08548271 0.11464600 0.06082625 0.07985475 0.08300263 0.07763895 0.06753163 0.08394651 0.14864308 0.06102008 0.10103110 0.12788004 0.06131876 0.13344266 0.06783803 0.10656162 0.03825168 0.06061615 0.04361105 0.05735531 0.10942605 0.05510306 0.08067448 0.08809230 0.09655831 0.07428243 0.07085836 0.08139058 0.05267574 0.04628727 0.09659130 0.11934514 0.06295273 0.08641003 0.05831768 0.08538845 0.11209277 0.16013993 0.05908411 0.10766197 0.13898036 0.13613988 0.08295538 0.06215464 0.08779556 0.05568851 0.08981290 0.06965769 0.05550294 0.09406801 0.07418950 0.08776879 0.08766785 0.07328570 0.06618774 0.06968813 0.12673555 0.09245256 0.10265878 0.07355965 0.05243745 0.07858723 0.07399654 0.06787167 0.11981101 0.06170209 0.02863015 0.09981483 0.07696293 0.05508267 0.05906871 0.06937967 0.07095434 0.10329367 0.08260446 0.08464878 0.10567244 0.10258025 0.11568308 0.13626931 0.15775020 0.09170118 0.10707113 
0.08720120 0.10837008 0.10506816 0.09820005 0.08281153 0.07860608 0.14314918 0.14123866 0.00000000 0.14538020 0.12264264 0.06822948 0.06715072 0.10947426 0.13112540 0.11621748 0.12533466 0.09235203 0.12091708 0.09551275 0.10477511 0.07407568 0.08696923 0.10999230 0.14439781 0.08241315 0.07192897 0.09836369 0.07502677 0.03860467 0.12270067 0.09205047 0.04775856 0.08134480 0.10272581 0.06051053 0.08454508 0.06950079 0.07347784 0.10564463 0.12762217 0.10539056 0.09901482 0.10222990 0.11784657 0.07095700 0.11977295 0.14808794 0.10192323 0.09122455 0.16364948 0.10736041 0.09216447 0.04823526 0.06939807 0.07580497 0.12748894 0.06801491 0.05006412 0.03806469 0.09016546 0.04238463 0.09062139 0.10108214 0.05076042 0.09561084 0.11921099 0.07596647 0.11489542 0.07251948 0.09869179 0.10432601 0.11630050 0.09537512 0.04243935 0.09816430 0.16361685 0.09917220 0.06828012 0.07613068 0.13362617 0.07311367 0.07654259 0.08725809 0.08039985 0.11973422 0.07718352 0.07993826 0.10362273 0.06228663 0.14412674 0.05376969 0.06442942 0.10883370 0.09535473 0.04829035 0.06701305 0.05772255 0.07635158 0.11489557 0.05487385 0.11385130 0.08552871 0.05475036 0.14215557 0.08877062 0.05163439 0.05539531 0.10341116 0.08367183 0.08203262 0.08422243 0.11521118 0.13588893 0.07568415 0.06443521 0.06889557 0.10138411 0.10366826 0.10803590 0.08159603 0.07919553 0.08171113 
0.07909182 0.12945330 0.08705219 0.09416509 0.14655750 0.12548729 0.14925071 0.08229544 0.14538020 0.00000000 0.16812840 0.12495271 0.06418490 0.12322585 0.07035617 0.09097052 0.11500547 0.13050456 0.08667307 0.07726435 0.07609664 0.05871686 0.05086533 0.08606417 0.08221761 0.10389687 0.14636764 0.06569432 0.07130589 0.07848843 0.09032435 0.08254078 0.08089827 0.09354440 0.06992964 0.04514152 0.06545818 0.08535480 0.09388241 0.06418012 0.11105070 0.12990530 0.06951820 0.12925876 0.12203072 0.10735358 0.07735781 0.13643197 0.12718104 0.13137426 0.11179913 0.07911717 0.12443938 0.12194514 0.09480881 0.09012534 0.08367314 0.07972018 0.10900356 0.07866643 0.08507763 0.06790540 0.17404178 0.09779287 0.07389313 0.08386860 0.11366905 0.07135342 0.08049367 0.04185542 0.08277241 0.04958410 0.10321822 0.11162411 0.04540845 0.07885742 0.08515863 0.11979968 0.07901269 0.10354522 0.07419380 0.14594434 0.06842007 0.13073113 0.13386242 0.06236564 0.07351948 0.09060855 0.10184726 0.08296170 0.11199457 0.14117934 0.07882323 0.07999066 0.10142788 0.10638080 0.08154774 0.05256366 0.10546179 0.10632553 0.06810358 0.11896479 0.05967779 0.08499046 0.08148283 0.09668265 0.08757436 0.04693221 0.11779291 0.03174938 0.05181026 0.06030445 0.08595590 0.11801005 0.06068939 0.09341884 0.07158510 0.10159932 0.08656089 0.08955115 0.10718018 0.06738915 0.07544576 
0.09510418 0.09679715 0.13070366 0.09526788 0.13157696 0.12026218 0.10438332 0.09633549 0.12264264 0.16812840 0.00000000 0.11797343 0.13296033 0.17265555 0.14873493 0.12577161 0.11166409 0.10326023 0.10984437 0.05599477 0.13976893 0.08546566 0.07833426 0.12492599 0.05828910 0.09414929 0.08510803 0.07272916 0.08134311 0.12741362 0.08542356 0.06400510 0.06384623 0.07217457 0.06583781 0.12125885 0.10245858 0.04750754 0.08918751 0.10512284 0.07212620 0.11050647 0.09804395 0.10986262 0.12156160 0.09193215 0.05454283 0.08304399 0.13133734 0.11928081 0.04339511 0.05133179 0.11405785 0.08370726 0.05232554 0.09272864 0.08496812 0.10290905 0.05764313 0.09497078 0.08684945 0.08725331 0.07967597 0.08143390 0.11315293 0.16860894 0.10486832 0.13434156 0.07838995 0.05478671 0.09640785 0.09816918 0.09046091 0.12052841 0.07553687 0.08237538 0.06636026 0.06902169 0.06138692 0.09636417 0.11588216 0.09549632 0.09462956 0.10719587 0.10791086 0.09103396 0.05928287 0.07251706 0.07719568 0.05431427 0.04526535 0.06648224 0.05906867 0.07516732 0.12485923 0.09517170 0.05494307 0.05250457 0.04653740 0.07918701 0.12729011 0.10648265 0.07660014 0.10647766 0.07027485 0.10411982 0.04140026 0.13212416 0.10783845 0.06666363 0.05480532 0.06565309 0.08854165 0.10304693 0.05438056 0.14213292 0.09118430 0.12284724 0.11061165 0.12839964 0.09997366 0.08290826 0.06018592 
0.07573643 0.09164621 0.09752077 0.10324904 0.08304609 0.05221714 0.07013666 0.15565615 0.06822948 0.12495271 0.11797343 0.00000000 0.22603974 0.08175293 0.09938186 0.14872994 0.07353984 0.09014112 0.10340707 0.07531133 0.12109988 0.09246548 0.09639563 0.07099032 0.12052391 0.02236998 0.14665239 0.05544405 0.08093829 0.10796345 0.15319485 0.04979970 0.10668817 0.15392254 0.06870056 0.07964794 0.10777404 0.11091250 0.10620157 0.04997056 0.04221692 0.07079882 0.07005953 0.05261305 0.06310807 0.06873671 0.07261735 0.07098866 0.10390019 0.08237463 0.08960811 0.08452810 0.10855162 0.05183066 0.08963700 0.10856096 0.11773872 0.12210353 0.04932774 0.07959001 0.11144974 0.06678556 0.07225522 0.08771354 0.11122181 0.12420711 0.08025230 0.06038096 0.07962804 0.08357827 0.10254713 0.08779585 0.10709874 0.09988582 0.06360758 0.07812740 0.08326181 0.10299150 0.05926651 0.09644507 0.14990907 0.17620234 0.17341074 0.14887152 0.13935259 0.10176830 0.07259749 0.08008380 0.07097248 0.11451648 0.11732813 0.09124510 0.06851663 0.10706320 0.08422425 0.07124098 0.05618913 0.09942341 0.11585383 0.08591714 0.02349520 0.05256779 0.08106216 0.03449312 0.11919266 0.04532470 0.08763678 0.07301706 0.08250713 0.07121644 0.10463355 0.06281650 0.10148699 0.18104673 0.08622322 0.12228962 0.11536667 0.10393107 0.11200706 0.11365941 0.05052683 0.08845106 0.07631201 
0.08139881 0.09420767 0.08780120 0.10852174 0.04909053 0.09088023 0.03421475 0.14218277 0.06715072 0.06418490 0.13296033 0.22603974 0.00000000 0.10638254 0.11431895 0.21624047 0.11465879 0.08757791 0.07669742 0.10349276 0.16122051 0.07673030 0.09247125 0.08090575 0.06865241 0.12354943 0.08447803 0.07951618 0.08835976 0.06987945 0.06886848 0.07122665 0.11071486 0.13099290 0.09822619 0.07485238 0.18583254 0.03667701 0.13657578 0.08516998 0.09874521 0.11709121 0.10135595 0.12001932 0.09733757 0.05549269 0.04058431 0.10368520 0.09037762 0.22239767 0.03570068 0.08969700 0.10027943 0.06877750 0.11451394 0.11195155 0.05031345 0.08559566 0.11992754 0.12459142 0.08453699 0.03555499 0.11443800 0.05331936 0.05696389 0.10243254 0.10089422 0.07221312 0.12769757 0.10576130 0.06450929 0.10433750 0.10689696 0.08019779 0.07767191 0.04624139 0.08309713 0.05290727 0.09074314 0.14004386 0.11357087 0.07470805 0.05394730 0.09786667 0.09784583 0.10246592 0.10286495 0.10752736 0.07231036 0.09800324 0.05620113 0.10893093 0.07799149 0.20560517 0.07023659 0.04209811 0.06652970 0.10396431 0.08041808 0.16313385 0.10768618 0.06349737 0.09501612 0.09987035 0.07056659 0.05351742 0.08918223 0.05727938 0.06082009 0.05546586 0.07495225 0.10591827 0.05336596 0.10460844 0.05864586 0.09873235 0.09191487 0.05121760 0.04257785 0.07550760 0.06295998 0.08458319 0.05428069 
0.08498306 0.10910738 0.09942956 0.10427987 0.05852757 0.07431879 0.08166167 0.14670672 0.10947426 0.12322585 0.17265555 0.08175293 0.10638254 0.00000000 0.14828352 0.13775326 0.17851240 0.16187341 0.13295680 0.06861346 0.08641059 0.09256840 0.09077243 0.07434317 0.04144802 0.10605690 0.14391076 0.05350972 0.13489883 0.07961597 0.17740627 0.04299752 0.03962581 0.09569625 0.09282801 0.10011377 0.06131767 0.13002878 0.05871007 0.06673106 0.07336214 0.08899633 0.11753215 0.10696968 0.05653225 0.05872665 0.09329476 0.08588595 0.09488787 0.07535886 0.11285620 0.11277017 0.07646694 0.08249468 0.09502760 0.09333025 0.10973863 0.09718319 0.06103213 0.14064065 0.15618728 0.06689629 0.11732213 0.06020594 0.09693140 0.06714349 0.07710754 0.14276067 0.09493529 0.06100450 0.05546333 0.08760012 0.09531767 0.07279948 0.08179951 0.05778666 0.09179764 0.07200445 0.04828035 0.12905747 0.16212662 0.10898595 0.01396364 0.11751072 0.13251436 0.09785914 0.10691365 0.09853641 0.07526129 0.05971269 0.09489423 0.12280459 0.06601766 0.14094281 0.06166053 0.10733584 0.06674534 0.07148580 0.05261501 0.06447514 0.07153039 0.06565267 0.07136891 0.04396751 0.14308773 0.13244486 0.08866402 0.06589544 0.03939770 0.07928199 0.07942757 0.08394441 0.08729957 0.12285596 0.09112271 0.07648902 0.10653592 0.11410742 0.08935436 0.10432659 0.08909928 0.07744406 0.09523185 
0.08963571 0.09954492 0.10495420 0.08618088 0.10550183 0.08360215 0.08453996 0.09850981 0.13112540 0.07035617 0.14873493 0.09938186 0.11431895 0.14828352 0.00000000 0.10237237 0.10749756 0.20135232 0.15862374 0.09597718 0.12065715 0.06008083 0.10778745 0.10287512 0.08041908 0.15638851 0.14494694 0.09684847 0.09877888 0.05103377 0.08905343 0.09107177 0.05541423 0.16099994 0.13055850 0.09603609 0.15505989 0.11172772 0.09385039 0.06213887 0.07233554 0.05362320 0.06004383 0.08059860 0.09419118 0.07064125 0.08372618 0.09723045 0.05162461 0.07452647 0.06962010 0.18217403 0.06538389 0.06382424 0.05146583 0.05560203 0.11037284 0.05202029 0.09415960 0.09073732 0.10886645 0.10634675 0.02281338 0.11146670 0.12993800 0.02202129 0.08789018 0.12277734 0.14147437 0.11748022 0.12315035 0.08336171 0.08151051 0.10415116 0.08135203 0.06568259 0.10631144 0.11726014 0.07831108 0.09075919 0.11049574 0.05774547 0.08191705 0.13364713 0.08617645 0.08013097 0.10800408 0.08329941 0.09805380 0.12803913 0.02949265 0.11137265 0.06896077 0.09889732 0.05119730 0.04170041 0.08502866 0.12074599 0.10395355 0.05406310 0.11701983 0.08590280 0.06846258 0.09815171 0.07084043 0.06780670 0.05266264 0.09967741 0.09284756 0.06596486 0.06391049 0.11463653 0.05567456 0.10233035 0.06879287 0.12037343 0.08844749 0.09894338 0.09663112 0.11021185 0.09540237 0.08788567 0.07685371 
0.11030970 0.07895971 0.06249569 0.07645938 0.06207769 0.06606020 0.14668644 0.06633850 0.11621748 0.09097052 0.12577161 0.14872994 0.21624047 0.13775326 0.10237237 0.00000000 0.08654341 0.11131387 0.06953766 0.08764456 0.11713826 0.06454169 0.10287024 0.09231889 0.06570744 0.09304726 0.05572709 0.08379957 0.11613938 0.10334445 0.04050195 0.13237485 0.10442453 0.12791645 0.08749254 0.10578225 0.08213064 0.04991408 0.04833254 0.11266644 0.12100991 0.09328663 0.10728404 0.09657777 0.11503728 0.08628218 0.10238133 0.08791556 0.06419290 0.17047971 0.03459418 0.10469177 0.09885781 0.08119978 0.07317390 0.04519371 0.08146569 0.01957001 0.10819212 0.10083196 0.05954170 0.07054294 0.08304578 0.07791550 0.08368239 0.05448898 0.04245993 0.13187848 0.11189824 0.08271062 0.07608194 0.17077604 0.10884178 0.08795502 0.08370551 0.15209190 0.08336137 0.03644264 0.09805211 0.10098531 0.05624492 0.06297149 0.10816822 0.14103477 0.13812027 0.12135924 0.10042528 0.09068316 0.08905435 0.14054048 0.10901576 0.06827193 0.06462029 0.14191501 0.08902588 0.03047517 0.07878557 0.08282875 0.07056905 0.06467799 0.01682652 0.14703275 0.06859088 0.06678229 0.05784645 0.07828340 0.08386407 0.06814689 0.09676848 0.04968298 0.15269834 0.06352971 0.13289069 0.09792677 0.17277733 0.09719439 0.05193355 0.05119153 0.06101649 0.16340196 0.08797547 0.11540677 0.08306972 
0.07735733 0.07451628 0.06028551 0.08495550 0.11951082 0.06513742 0.09793263 0.14756699 0.12533466 0.11500547 0.11166409 0.07353984 0.11465879 0.17851240 0.10749756 0.08654341 0.00000000 0.14222297 0.10609858 0.07305862 0.17403911 0.10501370 0.07067720 0.08575360 0.13059485 0.14071426 0.11152663 0.08642284 0.13784621 0.05293918 0.07947130 0.05991126 0.06858703 0.08569431 0.10256816 0.07470212 0.06083125 0.07702707 0.10225746 0.07476988 0.03539502 0.15201067 0.10410098 0.06560709 0.06928749 0.07843988 0.08047910 0.09671111 0.08022262 0.06498831 0.11751763 0.14731972 0.07017193 0.14811371 0.07806647 0.07512414 0.11033853 0.12096834 0.14578066 0.11080868 0.13268482 0.06458261 0.13243982 0.07891547 0.07036417 0.07147734 0.11399050 0.06358289 0.09532801 0.14642418 0.10358684 0.10665595 0.11145073 0.08750826 0.06443198 0.11468756 0.07830789 0.09385915 0.08096680 0.06588361 0.07802974 0.08904623 0.10903438 0.09147541 0.10432485 0.06840139 0.06186885 0.07400351 0.07287020 0.08022549 0.08976360 0.10015793 0.10143243 0.08920358 0.11894275 0.04678241 0.07588665 0.06019156 0.01327621 0.07012207 0.04470977 0.04497863 0.11362766 0.11158511 0.13126817 0.08700955 0.04324300 0.07567428 0.03442134 0.08263993 0.09094826 0.07351633 0.15023548 0.13978097 0.08299751 0.13114042 0.11451710 0.09536890 0.15085645 0.09091576 0.06655156 0.08747650 0.08801656 
0.08487943 0.10596445 0.07857062 0.08707807 0.13187711 0.08385865 0.12821891 0.07399602 0.09235203 0.13050456 0.10326023 0.09014112 0.08757791 0.16187341 0.20135232 0.11131387 0.14222297 0.00000000 0.18077419 0.12641353 0.13136646 0.13049884 0.08464306 0.06614924 0.05213943 0.04784758 0.16877182 0.11470574 0.09642993 0.07812451 0.05207561 0.09671337 0.13201036 0.05900352 0.08996958 0.09492450 0.10064702 0.08655792 0.06269946 0.11259000 0.12464232 0.10144208 0.06811236 0.08162025 0.09266421 0.07989691 0.05471981 0.07623389 0.10722628 0.07480872 0.09903568 0.07126875 0.08925989 0.08034522 0.07855207 0.05614993 0.13484867 0.09560822 0.06458429 0.09658426 0.07484056 0.08066123 0.09655652 0.08265220 0.09361891 0.10174122 0.09675060 0.07765921 0.11533737 0.01198844 0.03449925 0.11211107 0.07828146 0.07163664 0.04959314 0.06313000 0.12609405 0.10439962 0.10663395 0.07558137 0.10309438 0.12530202 0.03042413 0.07325927 0.08766277 0.13581787 0.10678986 0.06614181 0.08786129 0.07115029 0.02769370 0.08663709 0.09061765 0.07999190 0.11204369 0.13696407 0.05604501 0.11346876 0.08200634 0.10571926 0.10168016 0.09607414 0.08395802 0.09010125 0.13326401 0.09901385 0.07204572 0.06703341 0.10195322 0.14100970 0.08810335 0.05519702 0.07064683 0.10496820 0.06768623 0.08479239 0.11573039 0.11107023 0.08685140 0.10440727 0.14243375 0.08652707 0.07427569 
0.11236501 0.07754439 0.11938890 0.09530388 0.13229559 0.11623964 0.11011536 0.06931342 0.12091708 0.08667307 0.10984437 0.10340707 0.07669742 0.13295680 0.15862374 0.06953766 0.10609858 0.18077419 0.00000000 0.08570685 0.08323022 0.10403480 0.12031901 0.09597253 0.06695364 0.04804341 0.09123174 0.10472224 0.13271110 0.06954066 0.09871888 0.07059882 0.11390359 0.12362920 0.09441999 0.01915918 0.08924183 0.11075928 0.03824660 0.11453258 0.07251485 0.07698387 0.08837415 0.08709579 0.06879767 0.08169410 0.12457316 0.09751760 0.08979845 0.08310980 0.11726145 0.16123947 0.06058071 0.04362538 0.07037078 0.08011596 0.11166482 0.08570132 0.08761587 0.11957606 0.05245536 0.09091026 0.09260802 0.06232108 0.07475469 0.03954198 0.12073755 0.08005728 0.12049172 0.12223632 0.09005498 0.05292523 0.08711124 0.06021200 0.12350420 0.08128945 0.08060750 0.07551671 0.09732661 0.08902294 0.11804324 0.08816827 0.13151756 0.12263232 0.10990660 0.06276364 0.09273016 0.11070967 0.06858228 0.06275374 0.04284832 0.07378509 0.09544907 0.11254244 0.06911155 0.08539967 0.09869834 0.04524024 0.11036630 0.05348828 0.11930789 0.06835852 0.07474187 0.15776286 0.12283405 0.11583156 0.13915910 0.04891032 0.09944528 0.06123072 0.12737774 0.10964300 0.04878468 0.12174785 0.10017836 0.09827123 0.16849595 0.08257023 0.09479741 0.07372826 0.10704667 0.08602044 0.08083233 
0.09280021 0.10024792 0.10901727 0.08370728 0.12780279 0.05088330 0.06501514 0.10668961 0.09551275 0.07726435 0.05599477 0.07531133 0.10349276 0.06861346 0.09597718 0.08764456 0.07305862 0.12641353 0.08570685 0.00000000 0.14444689 0.12264902 0.13507744 0.10377252 0.14033214 0.14491988 0.09954067 0.13798435 0.10595803 0.07604149 0.06759519 0.17333868 0.11420565 0.05323005 0.11311092 0.08744639 0.07414063 0.08011688 0.06985318 0.11446173 0.07434648 0.10900463 0.14294597 0.07680989 0.06055999 0.07649542 0.05059827 0.11736873 0.10425558 0.05069877 0.08156311 0.04563244 0.10756137 0.17004776 0.09040220 0.15812645 0.12094051 0.13056603 0.15301293 0.05361125 0.09506537 0.11019169 0.07272754 0.07489270 0.06601646 0.12097467 0.09528587 0.14341745 0.06432211 0.10301542 0.04542005 0.08220148 0.10823413 0.07296897 0.02348838 0.03695474 0.06722796 0.10874492 0.15029792 0.08715468 0.07309950 0.02003690 0.07561934 0.09165635 0.07237253 0.12327204 0.07240256 0.11043170 0.07183201 0.08432935 0.08810443 0.05764960 0.05400406 0.05975541 0.09007405 0.10923450 0.11359838 0.08893230 0.11560575 0.07989117 0.09758586 0.08008850 0.11550524 0.02978433 0.09524450 0.09465889 0.08719143 0.10023367 0.06269979 0.07039883 0.10704647 0.14284920 0.06724288 0.09286963 0.13206704 0.08989526 0.07704139 0.05846869 0.09488111 0.08198572 0.10419462 0.07266051 0.08922719 
0.09438600 0.11878722 0.10556481 0.09841011 0.12998787 0.11088892 0.08998985 0.12598182 0.10477511 0.07609664 0.13976893 0.12109988 0.16122051 0.08641059 0.12065715 0.11713826 0.17403911 0.13136646 0.08323022 0.14444689 0.00000000 0.13931364 0.09476337 0.07360594 0.13627420 0.10646721 0.08926358 0.12956390 0.09507335 0.12349633 0.10094664 0.09826166 0.12904102 0.08491797 0.08343087 0.06492840 0.11397316 0.12958830 0.03885946 0.10099034 0.09517807 0.09549127 0.09929629 0.09318266 0.10346464 0.07602127 0.01918102 0.06178525 0.09800483 0.03383018 0.08662682 0.05062213 0.05766374 0.08872376 0.05475208 0.11559082 0.08911940 0.06144452 0.06707999 0.11578823 0.07928960 0.12127491 0.06247412 0.06821011 0.11490045 0.10887052 0.08204288 0.05283294 0.09146504 0.02355947 0.12777793 0.08271929 0.09732756 0.12405462 0.11012561 0.14247472 0.08138440 0.04694378 0.06872760 0.08683841 0.09309543 0.11279460 0.14015125 0.07709506 0.10172447 0.10225773 0.10587978 0.06835462 0.05644098 0.10631398 0.08821477 0.09818300 0.09098714 0.04522445 0.09841460 0.14184802 0.08447136 0.08345243 0.03619405 0.06989124 0.05906197 0.15212023 0.08310084 0.09574392 0.06008514 0.06129792 0.07413883 0.06525200 0.05899715 0.03080965 0.04315031 0.12145963 0.06374126 0.05001233 0.08810777 0.14368405 0.12095531 0.07707803 0.12703187 0.08393491 0.09234474 0.08603005 0.07327416 
0.09152790 0.11164112 0.13272028 0.10187193 0.11404842 0.10296806 0.12834463 0.12077333 0.07407568 0.05871686 0.08546566 0.09246548 0.07673030 0.09256840 0.06008083 0.06454169 0.10501370 0.13049884 0.10403480 0.12264902 0.13931364 0.00000000 0.12988213 0.07834445 0.14109723 0.12411502 0.08873551 0.08929975 0.09889807 0.06919203 0.11569660 0.10256389 0.10226254 0.07631009 0.03914364 0.13201772 0.08143655 0.09737717 0.07300698 0.07502975 0.09993592 0.06502797 0.09376224 0.14581140 0.04859541 0.10244095 0.09929735 0.07605280 0.10765049 0.04466139 0.08947933 0.06831600 0.04176179 0.08774917 0.05752886 0.08793360 0.09604132 0.10022198 0.08549663 0.10009063 0.05799446 0.14706617 0.07409298 0.12970982 0.13498800 0.09268574 0.09163843 0.07134766 0.07180638 0.07849532 0.14033139 0.10968827 0.07381151 0.07856790 0.09093208 0.10350492 0.06564202 0.06165206 0.02557969 0.08753435 0.07085423 0.12044857 0.11266136 0.09588302 0.11158010 0.10509099 0.09121286 0.07949650 0.03979852 0.08160779 0.04579843 0.06812904 0.07557090 0.06967220 0.09686585 0.08854536 0.10398015 0.05758825 0.11347606 0.05851474 0.05845228 0.03294782 0.09686896 0.14015030 0.04946839 0.04830410 0.04161139 0.08990586 0.14777677 0.06483145 0.08770955 0.11573337 0.09622966 0.12496506 0.13152541 0.15391881 0.14504927 0.13662021 0.13488141 0.13156357 0.12212574 0.08054352 0.06928576 
0.09166618 0.09093551 0.12144795 0.11812443 0.10043369 0.12407072 0.10722650 0.10165410 0.08696923 0.05086533 0.07833426 0.09639563 0.09247125 0.09077243 0.10778745 0.10287024 0.07067720 0.08464306 0.12031901 0.13507744 0.09476337 0.12988213 0.00000000 0.12345094 0.11618606 0.12424927 0.07254375 0.12689621 0.08381154 0.10263398 0.10665413 0.03283495 0.12886109 0.06761428 0.15918523 0.08742841 0.13117301 0.13018882 0.04880418 0.05639641 0.09877328 0.06586159 0.08475123 0.10220789 0.06953920 0.08295379 0.10579607 0.11142716 0.09432614 0.06936337 0.06073059 0.10625329 0.07038380 0.10097272 0.08722915 0.13465514 0.06324401 0.11559206 0.09087520 0.10583323 0.09209502 0.08752627 0.08599328 0.09677217 0.08660041 0.11438620 0.12217943 0.11934096 0.07279010 0.11232592 0.08981358 0.09988064 0.08369696 0.08988266 0.10202615 0.06570017 0.07585158 0.10645643 0.09497111 0.09010695 0.08888178 0.06292110 0.06760220 0.06126809 0.07196391 0.09423254 0.05635302 0.06114744 0.08385325 0.07944203 0.06111578 0.06596137 0.08076381 0.08203842 0.12870658 0.11156146 0.08324643 0.12024399 0.09368296 0.08899122 0.05719510 0.07811461 0.06018915 0.07625321 0.11388605 0.04037508 0.08686685 0.08355306 0.11131211 0.07417190 0.08220970 0.09274313 0.09172191 0.09674687 0.06659691 0.05359762 0.11890646 0.08370024 0.09513093 0.10207824 0.09456730 0.14898641 0.06437918 
0.07942492 0.08470794 0.10966489 0.10152450 0.12447937 0.11184167 0.12871895 0.10415740 0.10999230 0.08606417 0.12492599 0.07099032 0.08090575 0.07434317 0.10287512 0.09231889 0.08575360 0.06614924 0.09597253 0.10377252 0.07360594 0.07834445 0.12345094 0.00000000 0.13049200 0.16226423 0.12350932 0.11165806 0.11040849 0.08611428 0.13015179 0.04253105 0.06864042 0.06818781 0.03277862 0.06675120 0.08491694 0.05195283 0.11529881 0.06859933 0.09399560 0.08635137 0.09319093 0.11526305 0.11381377 0.08818823 0.07459458 0.08519026 0.05200265 0.09912052 0.12372490 0.08460169 0.09935381 0.13843968 0.08996815 0.09934252 0.12554497 0.07283247 0.11948235 0.14225575 0.06321853 0.08192348 0.09033746 0.09025764 0.05868075 0.04712541 0.05171606 0.06359054 0.06179644 0.09937680 0.12025494 0.06515351 0.09578659 0.05710520 0.04288061 0.06727787 0.07294189 0.08389742 0.08194480 0.16324312 0.09392051 0.07270981 0.13167759 0.11738890 0.10043373 0.06311239 0.06356850 0.08723075 0.04045124 0.10334477 0.12718660 0.12385704 0.19584034 0.07600156 0.11725126 0.10530728 0.06442443 0.06645722 0.05706510 0.06867941 0.07271769 0.10556977 0.07934321 0.08407118 0.09474311 0.05493273 0.07848483 0.05968058 0.06029635 0.09402946 0.12731546 0.12481149 0.10664519 0.13285770 0.09144263 0.10480417 0.07935660 0.07862808 0.11788769 0.11664782 0.12103968 0.11777316 0.09975314 
0.10259878 0.09912642 0.09569570 0.13305674 0.11369257 0.10255539 0.14001668 0.10132678 0.14439781 0.08221761 0.05828910 0.12052391 0.06865241 0.04144802 0.08041908 0.06570744 0.13059485 0.05213943 0.06695364 0.14033214 0.13627420 0.14109723 0.11618606 0.13049200 0.00000000 0.16708105 0.08998159 0.14017611 0.08152427 0.11120899 0.11130998 0.05771991 0.04261353 0.09542849 0.05285391 0.07219174 0.12035236 0.07030559 0.10605039 0.14101367 0.10659920 0.11397675 0.10616690 0.12533585 0.11488439 0.09223389 0.07112965 0.06216529 0.11767302 0.06739387 0.10963302 0.12973151 0.10016289 0.05741298 0.05295425 0.10069777 0.08796813 0.10636921 0.08625285 0.12110558 0.13021623 0.10408880 0.08731565 0.14038508 0.04534899 0.14743633 0.10189238 0.05383522 0.06643752 0.06668325 0.04048812 0.12002218 0.06184671 0.09070038 0.09677965 0.08770472 0.03752586 0.14533208 0.07166622 0.09596452 0.07082832 0.10743734 0.10272513 0.08556366 0.11963254 0.09076958 0.08951996 0.06775772 0.08398726 0.08332578 0.07992724 0.05953326 0.05396684 0.09181897 0.07175220 0.05304049 0.06705830 0.08123676 0.09905645 0.07021804 0.12983996 0.13606860 0.07972924 0.10581556 0.11361449 0.05501557 0.10406429 0.06676441 0.07416298 0.09692663 0.05736034 0.10439453 0.03598851 0.08640119 0.06741708 0.07263719 0.10480176 0.08285878 0.11655436 0.09723351 0.07711556 0.08597441 0.06343400 
0.09961181 0.08830317 0.11036459 0.11837808 0.10675281 0.09059053 0.15347199 0.09536689 0.08241315 0.10389687 0.09414929 0.02236998 0.12354943 0.10605690 0.15638851 0.09304726 0.14071426 0.04784758 0.04804341 0.14491988 0.10646721 0.12411502 0.12424927 0.16226423 0.16708105 0.00000000 0.09777262 0.11582741 0.14909856 0.04804285 0.12885143 0.15373113 0.07556101 0.06556505 0.05202540 0.04695247 0.03987711 0.08430613 0.06363692 0.07452173 0.06009454 0.09078850 0.08534074 0.11623550 0.10940976 0.14748085 0.07970980 0.07346540 0.14111717 0.08408119 0.08643403 0.09637943 0.08210275 0.13714430 0.07812133 0.10343113 0.10315136 0.11223807 0.04093232 0.13886272 0.04166285 0.12181247 0.12193140 0.08567846 0.12621050 0.09966396 0.12429421 0.05771222 0.05255306 0.06277631 0.06501586 0.07811961 0.05671829 0.09347043 0.09678621 0.04108539 0.05842382 0.06692252 0.06013338 0.05666785 0.05887487 0.05115777 0.14838835 0.10221581 0.10727274 0.11710321 0.08016576 0.12044314 0.04916676 0.09788024 0.03876943 0.09494050 0.10070286 0.05882030 0.13948911 0.12651579 0.08383922 0.11416960 0.08507374 0.05702922 0.15050070 0.09973188 0.07651244 0.07266971 0.05867409 0.05133292 0.04171377 0.08444162 0.10737496 0.09297657 0.06088044 0.07336414 0.11078776 0.06330651 0.10713078 0.11889506 0.07951937 0.10841024 0.11398199 0.09150319 0.11916429 0.07308492 0.11335741 
0.09678314 0.09237056 0.07610586 0.09549402 0.05660802 0.09939667 0.07235330 0.09876681 0.07192897 0.14636764 0.08510803 0.14665239 0.08447803 0.14391076 0.14494694 0.05572709 0.11152663 0.16877182 0.09123174 0.09954067 0.08926358 0.08873551 0.07254375 0.12350932 0.08998159 0.09777262 0.00000000 0.15753502 0.10731697 0.24542553 0.11652260 0.10314089 0.09817994 0.07095899 0.11685682 0.13328237 0.13423191 0.08419676 0.07805882 0.05043691 0.06857575 0.11956445 0.07234625 0.09549830 0.06050228 0.07592654 0.09214661 0.11617465 0.05289678 0.06126921 0.08547529 0.12375227 0.11807823 0.10408419 0.07868242 0.09499087 0.10769186 0.06037120 0.14978380 0.14454994 0.08170382 0.10421918 0.11186592 0.06957162 0.08592984 0.07723153 0.08047718 0.07175651 0.03117258 0.05558309 0.13359184 0.05922715 0.12610190 0.08408204 0.08530201 0.05476698 0.08964515 0.06077557 0.14144573 0.07019979 0.06236176 0.06772307 0.04566544 0.06852839 0.06954504 0.11639145 0.11737266 0.13754072 0.07836155 0.12280329 0.09906541 0.09758385 0.10710634 0.05712537 0.08321650 0.12260591 0.07006753 0.06777770 0.11089731 0.08545460 0.09661943 0.10784746 0.07519781 0.05496022 0.10008747 0.10707365 0.07509183 0.06496829 0.13649296 0.12031267 0.05228227 0.06388045 0.07378206 0.13712200 0.10166857 0.09229415 0.05796819 0.06482864 0.06902829 0.05640192 0.08130642 0.06859990 0.05804527 
0.09577232 0.09379772 0.10550872 0.10042268 0.09800453 0.12132741 0.13900858 0.06300369 0.09836369 0.06569432 0.07272916 0.05544405 0.07951618 0.05350972 0.09684847 0.08379957 0.08642284 0.11470574 0.10472224 0.13798435 0.12956390 0.08929975 0.12689621 0.11165806 0.14017611 0.11582741 0.15753502 0.00000000 0.12283098 0.14532811 0.06867052 0.11871497 0.11355660 0.08448890 0.13864263 0.09554927 0.11127045 0.07265531 0.10032396 0.09542498 0.10014693 0.08888854 0.04346303 0.10198349 0.06072672 0.05908042 0.03696002 0.11544145 0.12205627 0.07760095 0.08124345 0.16181541 0.12878522 0.12486659 0.10707150 0.09946888 0.12631545 0.09713305 0.28820733 0.11977684 0.10834507 0.07885066 0.09720281 0.04949524 0.08771214 0.09207112 0.06584116 0.10403540 0.09198078 0.08176475 0.06668194 0.05617110 0.08683100 0.06419832 0.11224645 0.12290544 0.03776155 0.05173396 0.04340909 0.10613764 0.07610680 0.08737480 0.12063437 0.09733577 0.10630783 0.09660420 0.03582185 0.08491329 0.10669286 0.04898031 0.06813939 0.06056400 0.06449978 0.14153034 0.09291748 0.07153292 0.07116204 0.09604850 0.03885406 0.08628935 0.03934224 0.05916470 0.09129570 0.07492463 0.08212553 0.13919110 0.06587717 0.06706199 0.07964476 0.06054769 0.08801607 0.10288727 0.04638024 0.13164882 0.12548976 0.06413078 0.05334540 0.06957296 0.06269105 0.04342606 0.11712409 0.06282525 0.11549797 
0.08444742 0.05720398 0.05862427 0.05874299 0.05140913 0.09185355 0.06614952 0.11812761 0.07502677 0.07130589 0.08134311 0.08093829 0.08835976 0.13489883 0.09877888 0.11613938 0.13784621 0.09642993 0.13271110 0.10595803 0.09507335 0.09889807 0.08381154 0.11040849 0.08152427 0.14909856 0.10731697 0.12283098 0.00000000 0.13032677 0.10040109 0.29693997 0.12169753 0.06602289 0.08639300 0.08763724 0.08046327 0.08791676 0.01794826 0.07791818 0.05755065 0.07767907 0.07694998 0.05265656 0.11073017 0.10801228 0.12886815 0.07485638 0.08003528 0.07337123 0.11388141 0.05609188 0.13618982 0.06770502 0.09272651 0.14699013 0.14266470 0.10191448 0.09243232 0.07225589 0.05446094 0.13073915 0.09069675 0.09061802 0.07875281 0.10456489 0.09533722 0.12382921 0.06160784 0.06675006 0.08933702 0.04586444 0.05127050 0.09023596 0.04177545 0.07021775 0.07187966 0.14162767 0.11688269 0.12942270 0.07887641 0.07268268 0.05941565 0.09050863 0.10669873 0.11504750 0.10356537 0.07293288 0.08975042 0.11716375 0.08803203 0.08686630 0.06866574 0.05956476 0.12240741 0.10636997 0.10143713 0.09941248 0.06496179 0.08518619 0.04992865 0.13456019 0.10129108 0.04663860 0.13015391 0.12419374 0.08716871 0.09086789 0.07373244 0.14476673 0.08846021 0.06058672 0.09970941 0.07623975 0.07332215 0.10453722 0.09220975 0.06900294 0.07829822 0.11777493 0.07209713 0.06506755 0.09542278 
