0.00000000 0.07334767 0.07499818 0.06442350 0.06852139 0.06652707 0.06052929 0.05237257 0.06008870 0.05938739 0.05471199 0.04987480 0.04451387 0.04779932 0.04864945 0.04632759 0.04797559 0.05137026 0.05738623 0.04935053 0.05606651 0.05519312 0.05378609 0.04870368 0.05083458 0.05599886 0.05936101 0.04868583 0.04441642 0.04618668 0.05775086 0.04686524 0.04263812 0.04526886 0.04654280 0.06446392 0.04378857 0.05198217 0.05592068 0.04866475 0.04322281 0.05075816 0.06418538 0.05256268 0.05229396 0.05754525 0.05103229 0.04711643 0.05047895 0.04472755 0.04995549 0.04506058 0.04022761 0.05855366 0.03913783 0.04770098 0.04382250 0.05176606 0.04392924 0.04562108 0.04162054 0.04790254 0.05504541 0.04505648 0.05047983 0.05392720 0.05434536 0.04279189 0.06934917 0.03874484 0.04979712 0.04399887 0.04848673 0.05195059 0.04908666 0.04443383 0.04192095 0.05070265 0.04183350 0.05926061 0.04466584 0.05655352 0.04547363 0.04546140 0.05352361 0.04690559 0.04178517 0.04052822 0.04433082 0.04765558 0.04543731 0.05260418 0.04564325 0.04341159 0.05380816 0.04929340 0.04894906 0.04619842 0.04525012 0.04240732 0.04629668 0.05424728 0.05440407 0.05088846 0.04536121 0.04825531 0.04871250 0.04299068 0.04235069 0.04032875 0.04418419 0.05296974 0.05052821 0.06259268 0.05615443 0.03800727 0.06628830 0.06867017 0.06946361 0.06236206 0.06461440 0.06438573 0.06191848 
0.07334767 0.00000000 0.09102097 0.08074585 0.08775155 0.07716563 0.07139454 0.05144410 0.06366754 0.05819637 0.05562198 0.04186391 0.04412049 0.04209328 0.05163962 0.03902022 0.04906271 0.05519741 0.06441966 0.05480465 0.06461073 0.06745461 0.06698677 0.04277510 0.06011395 0.05491139 0.05870310 0.05394110 0.03383162 0.05362118 0.05397463 0.04314289 0.03164137 0.04855065 0.05463914 0.06341414 0.03287538 0.05575665 0.05301837 0.04409253 0.05574781 0.05383164 0.06624529 0.05649689 0.06231118 0.05634803 0.05071483 0.05206426 0.04454186 0.03504235 0.04431671 0.04744128 0.04961093 0.06058322 0.02515338 0.05163500 0.03419934 0.05426312 0.03388116 0.03413593 0.03004645 0.05557912 0.05864623 0.06914250 0.04291885 0.06225142 0.06020884 0.03161334 0.06481904 0.02487041 0.04189039 0.06079199 0.05412839 0.03877549 0.05537217 0.05120383 0.03014712 0.05433850 0.02981167 0.06339318 0.05650297 0.05550662 0.03619329 0.03596468 0.05940617 0.03721132 0.02952730 0.04546742 0.03216324 0.03786916 0.05272582 0.05170635 0.03721786 0.03206245 0.06100439 0.06053998 0.04071077 0.03586873 0.03454202 0.02973600 0.04364334 0.05016867 0.04958585 0.04496234 0.05044963 0.04777539 0.05811028 0.03182702 0.03104820 0.02737514 0.05531523 0.04352851 0.04219950 0.05851370 0.05186901 0.05621926 0.07473528 0.06747298 0.07487634 0.06598699 0.07177332 0.08001822 0.06558011 
0.07499818 0.09102097 0.00000000 0.08038070 0.08646193 0.07760677 0.06919129 0.04970765 0.06498929 0.05651237 0.05574188 0.04434795 0.04485037 0.04267868 0.05099216 0.03809854 0.05048140 0.05636691 0.06345081 0.05493951 0.06620496 0.06648608 0.06701841 0.04150843 0.06092255 0.05666428 0.06068468 0.05415862 0.03330513 0.05268776 0.05430692 0.04424370 0.03137865 0.05224274 0.05468757 0.06353073 0.03316573 0.05359368 0.05266442 0.04239810 0.05552351 0.05293293 0.06712042 0.05971376 0.06153805 0.05672786 0.04921275 0.05079180 0.04635406 0.03469224 0.04349897 0.04761876 0.05106043 0.06086127 0.02557401 0.05170750 0.03399536 0.05466088 0.03355324 0.03820679 0.02973463 0.05482964 0.05904211 0.06710969 0.04649947 0.05977296 0.05807272 0.03079783 0.06582327 0.02513371 0.04463682 0.06218693 0.05358432 0.04329290 0.05385125 0.04848911 0.02965706 0.05762788 0.02994818 0.06314803 0.05335850 0.05623344 0.03604782 0.03512255 0.05818356 0.03762389 0.02924260 0.04217145 0.03174953 0.03674168 0.05349685 0.05087532 0.03698874 0.03235109 0.05903667 0.05945636 0.04100582 0.03631717 0.03487915 0.03021743 0.04780721 0.05141215 0.04990979 0.04411461 0.05001669 0.04738838 0.05576895 0.03205198 0.03073613 0.02773915 0.05652977 0.04511062 0.04664310 0.06035559 0.04931236 0.05234824 0.07161920 0.07006480 0.07601996 0.06314894 0.07055446 0.07715859 0.06305297 
0.06442350 0.08074585 0.08038070 0.00000000 0.08553210 0.07943569 0.07300423 0.06968684 0.06159441 0.04570687 0.05229517 0.05622796 0.04262413 0.05113282 0.04611229 0.04513644 0.04718160 0.05735210 0.05584406 0.04526434 0.05966613 0.05753465 0.06232237 0.03581793 0.05480858 0.05320700 0.05206174 0.04376713 0.03800574 0.05311052 0.04645551 0.06335577 0.02925882 0.04095338 0.05009295 0.04947938 0.03117272 0.04587748 0.04637343 0.04573917 0.06206623 0.05321961 0.05752641 0.04564510 0.04912703 0.06568289 0.04817459 0.06254959 0.05812028 0.03194105 0.04383763 0.05210280 0.04431629 0.06286143 0.03877038 0.06025140 0.03419349 0.04703218 0.04133530 0.03834380 0.04685776 0.05074771 0.05995073 0.05232514 0.03865595 0.05778117 0.04702276 0.03136663 0.06105265 0.02730192 0.03960507 0.06418041 0.05339146 0.05344720 0.05305684 0.05321097 0.03511816 0.07043176 0.04782723 0.07355711 0.04847151 0.04336460 0.04936333 0.04202408 0.05566174 0.05154453 0.02480065 0.04002466 0.04403119 0.04829607 0.04576525 0.05676643 0.03419270 0.05039746 0.07244399 0.04978600 0.05034854 0.05418297 0.06133947 0.04216673 0.05526996 0.03642535 0.04711138 0.03446764 0.05504478 0.04421225 0.03719905 0.05475692 0.03490566 0.03681057 0.03767257 0.04031751 0.03960306 0.04487249 0.04852869 0.05985994 0.06728330 0.07334226 0.07204416 0.05864639 0.06865102 0.06770906 0.05645495 
0.06852139 0.08775155 0.08646193 0.08553210 0.00000000 0.09344661 0.08720328 0.06463191 0.06424824 0.04608986 0.05602068 0.04644772 0.03222522 0.05112200 0.05416193 0.04217116 0.04871527 0.06745829 0.06386455 0.04391349 0.06516775 0.06147227 0.06187267 0.03748150 0.05600909 0.06411751 0.05087000 0.04613996 0.04625328 0.04069676 0.05544354 0.04821839 0.03420281 0.05465212 0.04196787 0.05403460 0.02480132 0.04914818 0.04709767 0.04176500 0.05041734 0.05690409 0.05812458 0.05600597 0.05221126 0.06091690 0.06489609 0.04719013 0.05567326 0.04618017 0.03981814 0.04303063 0.03750219 0.05129942 0.01605314 0.05127841 0.03021216 0.05218217 0.02614690 0.04638177 0.04404890 0.04895755 0.05567401 0.05880278 0.04148651 0.05985037 0.05657687 0.03279395 0.06599491 0.02178937 0.04502907 0.04898830 0.06434357 0.04424733 0.05464566 0.04802267 0.04032705 0.05144750 0.05076192 0.06108327 0.06234750 0.04720300 0.04792629 0.03969958 0.05150052 0.05183691 0.04520102 0.05918833 0.03681657 0.03615968 0.04755921 0.05126682 0.03992467 0.02745488 0.05931982 0.06813676 0.04341106 0.03375379 0.03878930 0.02019263 0.03346093 0.03992562 0.04368932 0.03367043 0.04951603 0.04859020 0.05223746 0.03333560 0.05176231 0.03958636 0.04444835 0.03991813 0.04529036 0.05180346 0.05692694 0.05333644 0.07277087 0.07839653 0.07414099 0.06962442 0.07243520 0.08469691 0.07119549 
0.06652707 0.07716563 0.07760677 0.07943569 0.09344661 0.00000000 0.10133152 0.07467930 0.05571030 0.05444765 0.05844819 0.04129029 0.03649439 0.05382533 0.05170998 0.03947289 0.04634640 0.05985069 0.05694116 0.03882500 0.07005444 0.07698890 0.05062579 0.03677920 0.05555982 0.07592505 0.05238973 0.05884692 0.03723190 0.03891870 0.04925072 0.06100766 0.02842503 0.03933618 0.04320601 0.05362115 0.05439577 0.04759045 0.04884324 0.06643572 0.05719870 0.06618597 0.04944734 0.05437751 0.05527172 0.07343019 0.05892878 0.04583494 0.04362718 0.02130605 0.04870928 0.04798965 0.05184396 0.05246183 0.02229618 0.05560669 0.05465887 0.05502472 0.03827955 0.05779464 0.04253004 0.05762570 0.06279190 0.05576727 0.05755014 0.05010893 0.04815988 0.03271075 0.06339343 0.02512730 0.04583932 0.05612630 0.04161754 0.04073002 0.04916457 0.05170903 0.03203280 0.05781991 0.03434969 0.05388845 0.06088903 0.04448840 0.03353984 0.04555496 0.06618960 0.04416219 0.04386457 0.04764057 0.04114709 0.04080356 0.04524061 0.05300166 0.02961148 0.03302738 0.05092689 0.04927996 0.04827605 0.03296047 0.04277993 0.02411977 0.02529347 0.04260741 0.04228887 0.05114853 0.04193331 0.05469043 0.05876807 0.05160550 0.04440896 0.03493696 0.05222323 0.04134440 0.04626062 0.04900708 0.05378615 0.03759545 0.05630983 0.07616124 0.07983302 0.07002279 0.06958145 0.06178233 0.06771155 
0.06052929 0.07139454 0.06919129 0.07300423 0.08720328 0.10133152 0.00000000 0.10911682 0.07129296 0.05511588 0.06474928 0.03981031 0.02614577 0.06074610 0.07207442 0.05269219 0.05697413 0.05918724 0.06043716 0.04345738 0.07001866 0.06573115 0.03058394 0.03900335 0.05032489 0.05907640 0.04013856 0.05400036 0.05371065 0.04446008 0.03608119 0.05587099 0.02988025 0.06345709 0.04927502 0.05205165 0.06430279 0.05739329 0.05015724 0.05263133 0.04809362 0.06963413 0.05094320 0.06213003 0.06468184 0.06153427 0.05985232 0.03896229 0.04292842 0.03114102 0.04756769 0.05374954 0.05333343 0.06726910 0.02405507 0.04650067 0.05840957 0.04182181 0.03557907 0.04301720 0.05277006 0.05535017 0.04984530 0.05514034 0.04488792 0.05317013 0.05005786 0.03116032 0.06218792 0.02411773 0.04847603 0.05367810 0.04022020 0.03385900 0.05601984 0.05841226 0.03936275 0.05708976 0.04511172 0.05066975 0.03402589 0.04312141 0.05298647 0.05114590 0.05662484 0.03985022 0.04008589 0.04218649 0.03059227 0.04474736 0.04130411 0.05371995 0.04457259 0.04048450 0.05662613 0.05780320 0.03272485 0.05155790 0.05367548 0.01963263 0.02072569 0.04582074 0.03859120 0.05783528 0.04289155 0.04163359 0.04145661 0.06234550 0.04532959 0.03346686 0.06886466 0.05514840 0.04909848 0.03772491 0.05746016 0.03077255 0.05214248 0.05899867 0.05959139 0.07571618 0.06829300 0.06253876 0.06859420 
0.05237257 0.05144410 0.04970765 0.06968684 0.06463191 0.07467930 0.10911682 0.00000000 0.08009391 0.06708220 0.07702048 0.04377526 0.08316583 0.06323317 0.06952910 0.06070933 0.06937508 0.05031641 0.03697885 0.04290053 0.05903031 0.06496313 0.03349644 0.03799375 0.01792953 0.03769978 0.03601058 0.03545002 0.07042793 0.05235704 0.03359990 0.06187749 0.03823689 0.05583478 0.04312236 0.04990258 0.03086553 0.06336838 0.04959667 0.07188069 0.05186746 0.06996860 0.01965167 0.06518673 0.05770183 0.05391365 0.05575550 0.07391245 0.05976596 0.05624259 0.06433941 0.04797332 0.04574430 0.06446299 0.03653731 0.04078687 0.04786600 0.03723546 0.03245792 0.04912664 0.05898039 0.05402508 0.05782214 0.03948332 0.05654529 0.04097007 0.06153338 0.05339034 0.09673386 0.02792315 0.03674871 0.05255328 0.05807350 0.06645957 0.02969083 0.07623115 0.06119332 0.06187424 0.04560543 0.04102435 0.04980490 0.04897382 0.05166594 0.04251021 0.05860548 0.02885966 0.04925377 0.03950196 0.04561271 0.06341198 0.02532695 0.05469768 0.04143210 0.03825852 0.05683102 0.04437971 0.02597358 0.06120705 0.04919904 0.07811196 0.04019629 0.05795491 0.03435864 0.02356948 0.03541820 0.03845863 0.03566933 0.06268997 0.03860874 0.02958841 0.04378716 0.05989551 0.05959115 0.04716561 0.04273085 0.04675255 0.04192742 0.05373541 0.05724521 0.06424387 0.06234624 0.05633604 0.05842815 
0.06008870 0.06366754 0.06498929 0.06159441 0.06424824 0.05571030 0.07129296 0.08009391 0.00000000 0.07969796 0.04820830 0.07786819 0.03279986 0.07805056 0.07847259 0.07802452 0.03482899 0.04172705 0.04312000 0.04085275 0.06408101 0.04419522 0.04944444 0.04594299 0.04496474 0.04731978 0.04276027 0.03148441 0.03823480 0.02601880 0.05074613 0.05182446 0.03664671 0.05124854 0.03684434 0.04150960 0.03757943 0.05730182 0.04097022 0.04222876 0.05262412 0.06654283 0.06618623 0.05602602 0.05022001 0.04776328 0.05133633 0.05332906 0.04252243 0.05433172 0.04789009 0.02700229 0.08343868 0.02279612 0.04066951 0.07601584 0.08342369 0.06935530 0.01715823 0.05272970 0.04295285 0.04674234 0.05594939 0.06117764 0.05583238 0.04879995 0.05539273 0.05515469 0.05230936 0.02647129 0.03148716 0.04746952 0.07396080 0.05899162 0.04234676 0.04636351 0.07813790 0.08130643 0.02867829 0.05077073 0.04696626 0.03722012 0.03711628 0.06609018 0.05716235 0.06626484 0.03150191 0.04069172 0.07237817 0.08154586 0.06421644 0.01945814 0.03177158 0.03855111 0.05945889 0.05694224 0.06668140 0.04886975 0.04918588 0.05516034 0.02938494 0.04643261 0.04106621 0.05911792 0.07522878 0.04651410 0.02992632 0.04809505 0.04540765 0.06204400 0.02920765 0.06739384 0.06605321 0.05304431 0.04403421 0.06218617 0.04931824 0.05340972 0.05905637 0.05968636 0.06324449 0.05078529 0.05067033 
0.05938739 0.05819637 0.05651237 0.04570687 0.04608986 0.05444765 0.05511588 0.06708220 0.07969796 0.00000000 0.07834691 0.05464760 0.02484698 0.04995975 0.05808872 0.07389018 0.03446556 0.05334285 0.04971588 0.03424349 0.04943431 0.05022350 0.04673669 0.04280218 0.03836149 0.05904697 0.04234656 0.02211830 0.04002180 0.06453657 0.06719919 0.02792157 0.06250775 0.03989236 0.05877969 0.02942082 0.04153523 0.03898814 0.06928809 0.03716711 0.04964373 0.05722314 0.05150246 0.07823909 0.05213726 0.05735215 0.05662776 0.03594376 0.05312726 0.03181003 0.06512693 0.06392517 0.08345028 0.06666329 0.06417411 0.02924259 0.04160606 0.05264447 0.02349284 0.06534144 0.05637493 0.04594929 0.06358760 0.05524600 0.05868245 0.06821827 0.05524162 0.03347517 0.04372345 0.03162215 0.02448864 0.04418757 0.06065123 0.06618953 0.09471244 0.04452713 0.02523693 0.05776680 0.02341176 0.05906365 0.06273347 0.07344942 0.06821643 0.07369128 0.05477711 0.04883794 0.03697205 0.06131660 0.05891342 0.03627667 0.06327494 0.06754963 0.06775173 0.05756099 0.04111168 0.05533631 0.05226688 0.08149565 0.04079874 0.08143823 0.04830965 0.06954529 0.04469308 0.07041304 0.05710007 0.04160403 0.03240537 0.04294943 0.03620590 0.04486354 0.02752598 0.04439143 0.04929607 0.07769482 0.05253567 0.04628053 0.05235581 0.05289019 0.06063798 0.06092484 0.05947232 0.05575462 0.05485015 
0.05471199 0.05562198 0.05574188 0.05229517 0.05602068 0.05844819 0.06474928 0.07702048 0.04820830 0.07834691 0.00000000 0.06735176 0.07291810 0.07278895 0.07277502 0.04164978 0.04478125 0.05350592 0.05271026 0.01148689 0.05496336 0.04248609 0.05095851 0.04586384 0.03312020 0.03077693 0.06287804 0.03994069 0.06148484 0.03492131 0.04849209 0.04823365 0.02200564 0.03104880 0.02876133 0.03845417 0.06636150 0.04960161 0.03380429 0.05707384 0.04500430 0.06766921 0.04360159 0.05809757 0.06050884 0.03887352 0.04615286 0.07363465 0.05325986 0.08524137 0.05938357 0.04781348 0.07973795 0.02715728 0.03835742 0.02598117 0.05471532 0.05891495 0.03740265 0.05674721 0.04996945 0.07729360 0.04106421 0.06067964 0.07835079 0.07081651 0.06616991 0.03619193 0.01852073 0.04163041 0.03818395 0.05496365 0.03032307 0.06444601 0.03467890 0.05502342 0.04343096 0.05946831 0.03477889 0.08666666 0.06209625 0.04330281 0.06285654 0.08430520 0.05584141 0.06012444 0.09879240 0.04028274 0.03527897 0.04663735 0.01792084 0.02450922 0.04403188 0.05387685 0.03290478 0.03729486 0.03171641 0.05946052 0.06643282 0.08314577 0.05939990 0.06768723 0.05878872 0.05534091 0.06780512 0.03604478 0.04289441 0.06040417 0.05895206 0.04223364 0.05468489 0.06787042 0.05880682 0.05403163 0.02035228 0.05036167 0.05716136 0.07189544 0.06260893 0.06261683 0.06195524 0.06456691 0.06040074 
0.04987480 0.04186391 0.04434795 0.05622796 0.04644772 0.04129029 0.03981031 0.04377526 0.07786819 0.05464760 0.06735176 0.00000000 0.10705237 0.03989066 0.06855187 0.08712767 0.06636040 0.07161777 0.06658667 0.05734620 0.07708788 0.04888927 0.02431868 0.02017143 0.05905163 0.06025353 0.05449485 0.03387650 0.02606629 0.04696005 0.08666226 0.05273467 0.05165151 0.08787690 0.06851249 0.04275630 0.02436765 0.07765567 0.04361318 0.01562749 0.02841198 0.07698982 0.04518143 0.01978064 0.03377862 0.05221324 0.05559627 0.05182419 0.05229264 0.04707574 0.05699108 0.06518728 0.05594249 0.03276719 0.05815253 0.03302175 0.04563228 0.08014438 0.02745877 0.05464392 0.10378246 0.04180468 0.07395274 0.04688495 0.04209448 0.03818292 0.05687740 0.01178511 0.07518289 0.05052864 0.01587702 0.04170829 0.04053129 0.03161101 0.00681973 0.04174590 0.02508359 0.09956486 0.06544730 0.02589922 0.06486371 0.08586464 0.11528555 0.07777010 0.07063562 0.04419845 0.05140390 0.01268572 0.06736271 0.09006779 0.05073132 0.07714958 0.05336599 0.07946730 0.04332443 0.03939605 0.05318734 0.06334614 0.03114586 0.07644203 0.05575823 0.04133042 0.06597331 0.01773308 0.06146820 0.01562656 0.03139228 0.05718770 0.05378426 0.05963675 0.06316684 0.04958228 0.05218917 0.08275904 0.02818603 0.04555014 0.04848013 0.04686168 0.04488373 0.05031181 0.04756393 0.03736149 0.04273078 
0.04451387 0.04412049 0.04485037 0.04262413 0.03222522 0.03649439 0.02614577 0.08316583 0.03279986 0.02484698 0.07291810 0.10705237 0.00000000 0.06622462 0.05776179 0.06493305 0.08132316 0.05721165 0.06974434 0.07376399 0.07663428 0.05868601 0.05686102 0.06118665 0.03755124 0.06585608 0.07214268 0.06967676 0.07445270 0.03472204 0.02601517 0.04983510 0.05778970 0.01332569 0.07237062 0.04873021 0.04930569 0.03983913 0.07876004 0.03423710 0.03644523 0.04567351 0.04738106 0.04248520 0.01300521 0.02707669 0.06528410 0.06863936 0.04752211 0.10088041 0.03696349 0.04725441 0.06786683 0.04272386 0.06560966 0.04647351 0.03626539 0.04209852 0.10014985 0.09108060 0.03125217 0.04210878 0.08360491 0.04485676 0.03447158 0.03738236 0.05776319 0.06359971 0.02368462 0.08393858 0.04250886 0.05565475 0.05088703 0.04784074 0.05109177 0.07085476 0.03574326 0.05270793 0.04970757 0.03373356 0.05336249 0.04372671 0.06914047 0.03451301 0.06757118 0.04764485 0.03655228 0.06484631 0.05350544 0.03953653 0.03633109 0.06457886 0.04616039 0.09873918 0.02061774 0.02376151 0.04319662 0.09406390 0.04848370 0.06415248 0.08477489 0.02505793 0.05061657 0.02044002 0.05056748 0.06873973 0.07183799 0.04382904 0.03141252 0.08076010 0.03440647 0.04898882 0.03537597 0.04306299 0.07330639 0.04589008 0.03738355 0.05044251 0.04577848 0.02901218 0.03555246 0.03541216 0.03959952 
0.04779932 0.04209328 0.04267868 0.05113282 0.05112200 0.05382533 0.06074610 0.06323317 0.07805056 0.04995975 0.07278895 0.03989066 0.06622462 0.00000000 0.06632242 0.07433798 0.07757464 0.07071298 0.07320707 0.06718678 0.03400148 0.02764873 0.03939680 0.04868240 0.04900201 0.05921683 0.04025538 0.04338381 0.05038945 0.03265572 0.06783322 0.05331581 0.03807136 0.07271239 0.06543807 0.06627311 0.05305807 0.02798260 0.03554895 0.07053541 0.04248100 0.07006452 0.06561618 0.06244788 0.05868574 0.06089549 0.05195938 0.05005587 0.05293171 0.09346838 0.05570556 0.07231818 0.03801685 0.05235680 0.05894774 0.04223461 0.07202885 0.06612754 0.04665762 0.05135642 0.06392118 0.06900098 0.05075241 0.05629329 0.05114443 0.03819316 0.05802800 0.05306512 0.05130519 0.05230325 0.03548897 0.03286281 0.03070177 0.06651586 0.06455725 0.03227021 0.06864131 0.04815680 0.07911780 0.04110506 0.02305093 0.04472585 0.04141556 0.04108372 0.07395146 0.05580234 0.03340682 0.05787508 0.05147262 0.03842478 0.04531904 0.04853309 0.06154356 0.02824567 0.07383924 0.03899887 0.05008492 0.07249939 0.04398577 0.02725737 0.02773888 0.05177256 0.05351333 0.00628021 0.02714247 0.04297329 0.04117985 0.07734642 0.06348552 0.07388535 0.04885579 0.04041520 0.06994278 0.02896302 0.04921207 0.05685588 0.06344756 0.05533198 0.04929908 0.06003857 0.05818954 0.04612863 0.05462066 
0.04864945 0.05163962 0.05099216 0.04611229 0.05416193 0.05170998 0.07207442 0.06952910 0.07847259 0.05808872 0.07277502 0.06855187 0.05776179 0.06632242 0.00000000 0.10294884 0.05440630 0.07730529 0.09266706 0.04929456 0.03709999 0.06338893 0.05197566 0.05673172 0.05095595 0.07325062 0.05394480 0.03919365 0.05414639 0.02003909 0.04482901 0.05882874 0.02829422 0.07771940 0.04591192 0.03746264 0.05986219 0.06846802 0.04831824 0.06629053 0.05168168 0.02627179 0.05249443 0.04439810 0.05194585 0.04170143 0.03159601 0.03823951 0.03417383 0.07561977 0.02947198 0.07538875 0.04608347 0.03777557 0.04954987 0.04030978 0.07022411 0.04191927 0.03986761 0.03680188 0.05137359 0.06812701 0.04724606 0.03979108 0.08706585 0.03852933 0.06242106 0.04608813 0.07670369 0.05308974 0.04581847 0.05290938 0.04173107 0.04861336 0.02203552 0.03780375 0.06429783 0.03612771 0.02549033 0.06148540 0.08085559 0.05660424 0.06182335 0.08382629 0.07029695 0.05091932 0.05925734 0.05193790 0.06210840 0.06049460 0.05248770 0.03899752 0.06924528 0.02811947 0.03469648 0.04252664 0.05018158 0.08923989 0.03049384 0.03743197 0.01701976 0.02077510 0.04720625 0.10329951 0.04562106 0.04221396 0.03574744 0.02977209 0.07959853 0.05148783 0.04691406 0.04217727 0.04342525 0.05308484 0.04627231 0.06008366 0.05250084 0.05227735 0.04466418 0.06773005 0.04775893 0.05361837 0.06451005 
0.04632759 0.03902022 0.03809854 0.04513644 0.04217116 0.03947289 0.05269219 0.06070933 0.07802452 0.07389018 0.04164978 0.08712767 0.06493305 0.07433798 0.10294884 0.00000000 0.04406075 0.05164061 0.03168141 0.08300901 0.04593869 0.02231024 0.05626593 0.06863225 0.05979276 0.05332927 0.06052901 0.07385181 0.07094308 0.03446104 0.04414823 0.03785350 0.03714536 0.06510016 0.07180422 0.07228051 0.05398362 0.05133265 0.09005411 0.04987807 0.03227172 0.04806088 0.05928397 0.05193824 0.04506520 0.04313934 0.05293203 0.04505683 0.06313900 0.10263103 0.07528122 0.04425925 0.06416783 0.10254878 0.05142054 0.04235484 0.02344470 0.05973779 0.09447799 0.07557305 0.04085776 0.03901421 0.04870713 0.02779572 0.02294359 0.05946345 0.03728281 0.04665546 0.04439742 0.04141436 0.00302893 0.06843256 0.06441995 0.05223443 0.04768830 0.05394696 0.03687276 0.03910762 0.05116082 0.04636061 0.04389090 0.01738336 0.06742900 0.05755736 0.08243537 0.08273812 0.08126572 0.04386023 0.06060723 0.05640666 0.04197642 0.02187830 0.05541626 0.06025267 0.02589108 0.01552417 0.04218542 0.04261187 0.03607764 0.03446365 0.02213742 0.04871969 0.05039695 0.07039226 0.04553345 0.06669537 0.03364989 0.01973571 0.04659472 0.02191393 0.07417671 0.03046456 0.04053399 0.04947316 0.10198082 0.05879209 0.06374597 0.04431234 0.04830999 0.05722819 0.04746091 0.04265271 0.04726600 
0.04797559 0.04906271 0.05048140 0.04718160 0.04871527 0.04634640 0.05697413 0.06937508 0.03482899 0.03446556 0.04478125 0.06636040 0.08132316 0.07757464 0.05440630 0.04406075 0.00000000 0.08913207 0.04775723 0.05207386 0.04164179 0.06026756 0.05930504 0.06511054 0.06099167 0.04789752 0.06520299 0.08946747 0.07631419 0.05591059 0.03683273 0.04150414 0.05063674 0.03000355 0.07433036 0.03393154 0.05178065 0.05446531 0.05737771 0.04222049 0.01150560 0.03560393 0.05873183 0.02763680 0.05367177 0.04139436 0.06318794 0.04844666 0.06769582 0.03821460 0.03162123 0.04333128 0.05177290 0.09552870 0.07880095 0.05250653 0.07419394 0.05916125 0.09294944 0.09686773 0.06512023 0.04307072 0.03658685 0.03653748 0.03573360 0.04531183 0.05962594 0.05533374 0.10612906 0.05468146 0.08440691 0.07480754 0.01420721 0.06881978 0.04549840 0.03819494 0.04929816 0.03018086 0.05499569 0.04722935 0.05579351 0.06437319 0.02368274 0.06567531 0.04386770 0.04482561 0.06754233 0.04119249 0.02664990 0.03367970 0.04149009 0.09326244 0.03813826 0.03596329 0.03830699 0.03816797 0.04074174 0.03852471 0.04612983 0.04545996 0.03381337 0.03777429 0.04337812 0.07202958 0.08597484 0.04645965 0.06927569 0.04506566 0.04214957 0.05236330 0.05270334 0.05413638 0.06966498 0.06091349 0.04890595 0.08025939 0.06164559 0.04137563 0.05048304 0.04057528 0.05598295 0.03890209 0.03762900 
0.05137026 0.05519741 0.05636691 0.05735210 0.06745829 0.05985069 0.05918724 0.05031641 0.04172705 0.05334285 0.05350592 0.07161777 0.05721165 0.07071298 0.07730529 0.05164061 0.08913207 0.00000000 0.06756903 0.04073708 0.07806004 0.05852081 0.04269985 0.04837317 0.06103697 0.03595769 0.06403130 0.03443417 0.06068440 0.04049236 0.03532497 0.07585161 0.04819387 0.07054613 0.03107038 0.03259443 0.05191093 0.06793054 0.08701260 0.03339218 0.07840965 0.07171201 0.04375704 0.03735060 0.03934981 0.05267455 0.07483818 0.03652982 0.06893674 0.05706310 0.07335230 0.02132587 0.08301674 0.01932888 0.04049704 0.03530650 0.04925091 0.06264258 0.05423286 0.04241895 0.04993345 0.05553430 0.03526281 0.05544726 0.05519634 0.05621905 0.04998527 0.05390280 0.07086122 0.05041764 0.04079753 0.08505172 0.02915236 0.04062492 0.02974546 0.06096850 0.04153572 0.06104987 0.05592106 0.04032398 0.05140872 0.07245274 0.03561805 0.04697638 0.04318629 0.07506956 0.04204123 0.07218650 0.03775074 0.04016353 0.03744245 0.05920140 0.05574058 0.05650122 0.04111803 0.07843261 0.04646452 0.07221735 0.04219878 0.06426497 0.07736791 0.04362265 0.05290877 0.04028498 0.05288576 0.03521289 0.05043389 0.02611916 0.04910162 0.04367714 0.02739634 0.02953790 0.05511982 0.04354551 0.03286276 0.06036169 0.06276606 0.03903272 0.05391043 0.04871632 0.05776609 0.07081186 0.06083857 
0.05738623 0.06441966 0.06345081 0.05584406 0.06386455 0.05694116 0.06043716 0.03697885 0.04312000 0.04971588 0.05271026 0.06658667 0.06974434 0.07320707 0.09266706 0.03168141 0.04775723 0.06756903 0.00000000 0.04610337 0.06693383 0.05650397 0.04302347 0.06797778 0.05109045 0.03556702 0.04846117 0.04360983 0.05399541 0.02700259 0.07869320 0.03269648 0.05559768 0.02286364 0.04585754 0.04210950 0.04344575 0.05644955 0.03542370 0.05423493 0.04390638 0.05143313 0.03482449 0.05972507 0.05547979 0.05937209 0.05425381 0.02585454 0.03392122 0.03417452 0.06099037 0.04088953 0.03826607 0.03066218 0.05425589 0.04178175 0.06617738 0.05042317 0.06257099 0.05849812 0.05180972 0.05833986 0.07455403 0.06330952 0.06547867 0.03130834 0.03875175 0.03543890 0.04768388 0.03507539 0.05541726 0.04463724 0.05076257 0.04183075 0.04096805 0.06004384 0.04725906 0.03397161 0.07321124 0.07876057 0.05288163 0.03695425 0.09845463 0.04562416 0.07388032 0.01416280 0.08083748 0.07329045 0.06662062 0.07770917 0.04008042 0.06600620 0.05705541 0.04313825 0.04125824 0.05820895 0.06710506 0.05582523 0.11233013 0.04323360 0.05683992 0.04257878 0.03911527 0.02971420 0.07476924 0.06760533 0.04055231 0.03199118 0.05770761 0.04764345 0.07317733 0.05514066 0.03913537 0.02967634 0.03343134 0.07406651 0.06079979 0.05792613 0.05774785 0.04874531 0.06015486 0.05604067 0.04925171 
0.04935053 0.05480465 0.05493951 0.04526434 0.04391349 0.03882500 0.04345738 0.04290053 0.04085275 0.03424349 0.01148689 0.05734620 0.07376399 0.06718678 0.04929456 0.08300901 0.05207386 0.04073708 0.04610337 0.00000000 0.05481647 0.05940953 0.07172719 0.06726916 0.09054012 0.04789150 0.05663853 0.13046562 0.04049513 0.08179138 0.04651993 0.06397127 0.04948247 0.01396312 0.08333258 0.03974261 0.06021976 0.06580230 0.06492128 0.04131773 0.05073010 0.04542958 0.06465761 0.04504600 0.03239982 0.03694770 0.04319896 0.04691582 0.02219673 0.03324444 0.03578418 0.05543187 0.04714446 0.09937073 0.05286977 0.06746512 0.04160602 0.05392547 0.10646055 0.01431860 0.03338571 0.04752538 0.02797810 0.05598324 0.01687659 0.04517466 0.04678280 0.03136506 0.03900687 0.09322759 0.05111732 0.05481848 0.05126763 0.02537636 0.04447471 0.05760383 0.03681582 0.04448315 0.11239578 0.07111159 0.05024312 0.04643473 0.05079305 0.06415166 0.06909002 0.04713009 0.05477492 0.07885774 0.04332427 0.04894899 0.06950869 0.07631058 0.04530671 0.04085631 0.05268228 0.02728839 0.07132875 0.03717547 0.02332414 0.03426298 0.06413029 0.05715674 0.05895783 0.01548395 0.03274688 0.08766067 0.05405483 0.05657499 0.04811493 0.07158647 0.04962915 0.03120866 0.04315743 0.04762897 0.12243053 0.02868487 0.05585476 0.04159829 0.04337293 0.05409379 0.04539660 0.04101500 0.04650760 
0.05606651 0.06461073 0.06620496 0.05966613 0.06516775 0.07005444 0.07001866 0.05903031 0.06408101 0.04943431 0.05496336 0.07708788 0.07663428 0.03400148 0.03709999 0.04593869 0.04164179 0.07806004 0.06693383 0.05481647 0.00000000 0.07950790 0.04927806 0.03188663 0.06853291 0.07360141 0.03831787 0.04945486 0.04944064 0.05632294 0.06671088 0.07857187 0.04732360 0.06744065 0.00413118 0.03437298 0.06052696 0.05842718 0.03043437 0.04137277 0.03398694 0.05999962 0.04945835 0.03879329 0.03558698 0.04023565 0.04417078 0.04867582 0.03336985 0.02423006 0.03714817 0.05377799 0.02480452 0.05015363 0.04875980 0.08676545 0.06741232 0.03868043 0.03731079 0.06048437 0.06961883 0.08085194 0.08234493 0.03150301 0.04679360 0.04881192 0.06304700 0.05432905 0.07968192 0.02979053 0.06452859 0.03963446 0.05307878 0.05631088 0.04347358 0.06443383 0.03255898 0.04974254 0.06895875 0.04792078 0.08722922 0.04689876 0.08098157 0.05663257 0.05330972 0.06573030 0.05653803 0.05162337 0.04047034 0.04407922 0.04378655 0.05656958 0.04160010 0.03207519 0.05870117 0.07330287 0.07082088 0.04772560 0.02068717 0.03199656 0.06252689 0.05167870 0.03941448 0.06273773 0.05333794 0.03536663 0.05233682 0.03916772 0.03466674 0.02179643 0.02279347 0.06143438 0.04944905 0.04965953 0.05190799 0.05386336 0.06317218 0.05173127 0.05395290 0.05238485 0.05787515 0.05846015 0.05245714 
0.05519312 0.06745461 0.06648608 0.05753465 0.06147227 0.07698890 0.06573115 0.06496313 0.04419522 0.05022350 0.04248609 0.04888927 0.05868601 0.02764873 0.06338893 0.02231024 0.06026756 0.05852081 0.05650397 0.05940953 0.07950790 0.00000000 0.09312477 0.04590617 0.03620544 0.08731919 0.07063078 0.06509829 0.07025199 0.05325344 0.07470047 0.08029528 0.05448818 0.06138367 0.03787968 0.05435699 0.04553122 0.04210401 0.05752604 0.04036651 0.02274501 0.04484159 0.03674505 0.07017976 0.04269864 0.04298396 0.08379539 0.03897216 0.04735185 0.02012570 0.06652893 0.03227601 0.05101657 0.05926701 0.04636166 0.04705499 0.06728471 0.06290276 0.07078384 0.05802611 0.01905103 0.08070922 0.05251855 0.05592666 0.04075661 0.03403741 0.03331862 0.04063733 0.04259342 0.03435023 0.03954793 0.07504404 0.05032865 0.05658437 0.05592313 0.07807914 0.03254063 0.03835788 0.03934768 0.08374935 0.04301572 0.05179290 0.03330280 0.05336707 0.04312271 0.05359883 0.06653034 0.05079860 0.03289186 0.06621945 0.04837326 0.04945218 0.03524353 0.06104295 0.04266989 0.06652883 0.04899430 0.04688448 0.03944083 0.05523328 0.02382932 0.07113963 0.03076413 0.05588925 0.04658525 0.03077010 0.04352358 0.05317487 0.04336202 0.01333070 0.03495369 0.06325180 0.06201597 0.06119825 0.06535950 0.05877277 0.05460542 0.04944562 0.05461909 0.04035335 0.05666222 0.05936862 0.04835122 
0.05378609 0.06698677 0.06701841 0.06232237 0.06187267 0.05062579 0.03058394 0.03349644 0.04944444 0.04673669 0.05095851 0.02431868 0.05686102 0.03939680 0.05197566 0.05626593 0.05930504 0.04269985 0.04302347 0.07172719 0.04927806 0.09312477 0.00000000 0.09118037 0.07295520 0.08012644 0.05642874 0.05190568 0.04706441 0.07149050 0.05988966 0.05244974 0.04314263 0.02826154 0.05760182 0.03333002 0.05442164 0.04004200 0.07264090 0.04777167 0.05842523 0.03649390 0.04751559 0.04182810 0.05905626 0.02634813 0.04707915 0.04308018 0.04820440 0.03659149 0.03727702 0.05624777 0.03199842 0.05777316 0.05050972 0.08854199 0.05359453 0.04134014 0.06330924 0.05002036 0.05041861 0.04606223 0.05462863 0.03932774 0.03895776 0.04746531 0.04370525 0.05228889 0.03521621 0.04397794 0.04668185 0.03996432 0.06992800 0.04314507 0.06322243 0.04809910 0.04040864 0.03189300 0.05296767 0.06556449 0.05683677 0.05350207 0.03288023 0.06265285 0.06135195 0.09148621 0.06001876 0.03237932 0.03592632 0.04866166 0.05214175 0.05013308 0.02601287 0.05774271 0.07080670 0.06206894 0.06514913 0.03686980 0.04087367 0.05132808 0.02976949 0.06440846 0.03729451 0.06400171 0.03680753 0.04176367 0.07684807 0.05846613 0.07352041 0.05099381 0.02502386 0.05031449 0.04511405 0.05642827 0.07108169 0.03919123 0.07416134 0.03842342 0.06146464 0.04634191 0.05960729 0.06099497 0.04397176 
0.04870368 0.04277510 0.04150843 0.03581793 0.03748150 0.03677920 0.03900335 0.03799375 0.04594299 0.04280218 0.04586384 0.02017143 0.06118665 0.04868240 0.05673172 0.06863225 0.06511054 0.04837317 0.06797778 0.06726916 0.03188663 0.04590617 0.09118037 0.00000000 0.08561674 0.07645585 0.07525249 0.07575282 0.05999284 0.06134688 0.04988812 0.04520436 0.05642265 0.03916372 0.06153206 0.04326072 0.06468183 0.03470258 0.05525199 0.04179754 0.05746940 0.06609542 0.05036946 0.03668158 0.05458631 0.03785450 0.04275631 0.05185585 0.05908723 0.09492154 0.06547372 0.02934055 0.04711194 0.03801158 0.05722099 0.05434559 0.03714042 0.04313248 0.09050378 0.07134486 0.04744347 0.06768348 0.04974005 0.06313878 0.05722513 0.04457634 0.05698817 0.05458913 0.02114498 0.04130297 0.08003237 0.07131575 0.03783684 0.06430083 0.04772590 0.03603960 0.02834431 0.04111508 0.04842372 0.05990022 0.06501232 0.03350860 0.05998185 0.05199064 0.02913862 0.04227143 0.05084172 0.04979532 0.05237215 0.02940736 0.08325708 0.05892585 0.09106637 0.05306117 0.02488910 0.06981179 0.06387718 0.05817468 0.04122632 0.03117194 0.02795428 0.03999619 0.05179864 0.07527456 0.06363027 0.05941341 0.05787641 0.03843054 0.05682788 0.04830646 0.05669168 0.05115983 0.02579082 0.04914053 0.07740927 0.04268723 0.04431870 0.03602899 0.04727614 0.06385926 0.05026061 0.04731669 0.05350738 
0.05083458 0.06011395 0.06092255 0.05480858 0.05600909 0.05555982 0.05032489 0.01792953 0.04496474 0.03836149 0.03312020 0.05905163 0.03755124 0.04900201 0.05095595 0.05979276 0.06099167 0.06103697 0.05109045 0.09054012 0.06853291 0.03620544 0.07295520 0.08561674 0.00000000 0.08385304 0.04071278 0.04330918 0.05189748 0.04940889 0.04882995 0.04391999 0.06120836 0.06314721 0.07262581 0.03758122 0.03912591 0.01720960 0.04046604 0.03463570 0.05235728 0.04241711 0.04088159 0.07389094 0.05207981 0.07345321 0.05333344 0.06085818 0.04347373 0.05735722 0.02400561 0.07952393 0.05562875 0.04405230 0.03638372 0.10817445 0.05077628 0.04717983 0.07426209 0.03242823 0.05770048 0.03694807 0.04868353 0.07812835 0.06659068 0.06429311 0.04626934 0.03332821 0.02687904 0.05719768 0.02333376 0.04660548 0.03199501 0.04975613 0.05628788 0.04711913 0.04178441 0.07588367 0.03932389 0.03224321 0.06887268 0.02943959 0.04707142 0.04881304 0.03711203 0.04022788 0.05459697 0.05668058 0.04631325 0.05226954 0.04994153 0.05336228 0.06556121 0.05136935 0.04068598 0.06703853 0.03362064 0.02187857 0.04801887 0.04793359 0.05521558 0.07849388 0.04140463 0.06709904 0.06163625 0.05226993 0.04167212 0.04920708 0.02638880 0.07306433 0.03625138 0.04749382 0.07217943 0.06805997 0.04850970 0.06909557 0.08202012 0.04907310 0.05953097 0.05220305 0.06528096 0.04939032 0.04420037 
0.05599886 0.05491139 0.05666428 0.05320700 0.06411751 0.07592505 0.05907640 0.03769978 0.04731978 0.05904697 0.03077693 0.06025353 0.06585608 0.05921683 0.07325062 0.05332927 0.04789752 0.03595769 0.03556702 0.04789150 0.07360141 0.08731919 0.08012644 0.07645585 0.08385304 0.00000000 0.06637508 0.08553773 0.05812019 0.02197350 0.03312702 0.07151202 0.05289035 0.05351484 0.03267228 0.03460648 0.05603900 0.04127961 0.03545839 0.02461137 0.06010420 0.03771484 0.05705132 0.04953312 0.03882288 0.04184727 0.03951021 0.06220490 0.08906787 0.05907837 0.05399927 0.08146976 0.04352956 0.07007640 0.06389490 0.06227884 0.06407046 0.04852850 0.05389898 0.05928930 0.05542875 0.06765876 0.05458169 0.03254728 0.08337754 0.02909181 0.04339035 0.05139878 0.05077354 0.06703463 0.04136691 0.03636582 0.03128568 0.05428034 0.06686061 0.05102720 0.04509883 0.03397836 0.05155083 0.01151681 0.05560337 0.04399076 0.05928161 0.01951510 0.04831287 0.05665756 0.08485327 0.03618466 0.02532657 0.04414618 0.06051710 0.06620000 0.03545771 0.04633891 0.05659287 0.06933835 0.05358644 0.06711350 0.03889748 0.05656889 0.07720937 0.08267580 0.03954521 0.05104574 0.03776785 0.04500455 0.02932611 0.02472538 0.03740659 0.04691906 0.03012018 0.06376090 0.06166391 0.02775842 0.05685444 0.04866483 0.05933199 0.05917598 0.05940438 0.05205084 0.05710728 0.04786618 0.05956660 
0.05936101 0.05870310 0.06068468 0.05206174 0.05087000 0.05238973 0.04013856 0.03601058 0.04276027 0.04234656 0.06287804 0.05449485 0.07214268 0.04025538 0.05394480 0.06052901 0.06520299 0.06403130 0.04846117 0.05663853 0.03831787 0.07063078 0.05642874 0.07525249 0.04071278 0.06637508 0.00000000 0.08381023 0.05617749 0.11739028 0.04545601 0.05372276 0.05249840 0.04454617 0.06092683 0.03783740 0.05057992 0.06615653 0.03875927 0.04617044 0.01999848 0.04203370 0.05450879 0.04258338 0.06005234 0.05355295 0.03152405 0.07074590 0.03722148 0.05232282 0.03831768 0.03998557 0.06261222 0.04964495 0.05469921 0.07294137 0.05965051 0.03772720 0.06446904 0.05475930 0.04692264 0.06581639 0.05733308 0.05278878 0.04601904 0.02748527 0.05775222 0.05307973 0.01675223 0.04436528 0.08794141 0.04554640 0.03784426 0.04471624 0.04894685 0.05827927 0.07355491 0.05100117 0.05557487 0.04667827 0.04569198 0.06382969 0.02413839 0.06348729 0.03376000 0.07899503 0.08662751 0.04293897 0.03403015 0.05896506 0.04157111 0.05340670 0.04756145 0.06022482 0.04454280 0.06423947 0.04610438 0.08451466 0.06469584 0.05697716 0.02443383 0.04907219 0.04386851 0.08042866 0.05093193 0.04660173 0.06154826 0.04289940 0.05482276 0.04344205 0.04262258 0.03462812 0.05043118 0.07416768 0.06638511 0.04939350 0.04860706 0.05025434 0.04999753 0.04335171 0.04466776 0.04646039 0.05073692 
0.04868583 0.05394110 0.05415862 0.04376713 0.04613996 0.05884692 0.05400036 0.03545002 0.03148441 0.02211830 0.03994069 0.03387650 0.06967676 0.04338381 0.03919365 0.07385181 0.08946747 0.03443417 0.04360983 0.13046562 0.04945486 0.06509829 0.05190568 0.07575282 0.04330918 0.08553773 0.08381023 0.00000000 0.06974687 0.08107005 0.04614245 0.06365153 0.04624578 0.02145162 0.05547659 0.07039454 0.05250467 0.02187540 0.04247946 0.05620973 0.03940156 0.04033105 0.05382814 0.05873111 0.02684712 0.03446421 0.04733678 0.06561623 0.05021401 0.03135192 0.04328933 0.04017521 0.08814662 0.08971503 0.03966541 0.10692782 0.05360030 0.05794153 0.15515419 0.03961748 0.01772629 0.03340326 0.01429093 0.03032475 0.02615012 0.05016805 0.03577117 0.05670753 0.03970628 0.07656926 0.04953308 0.04228566 0.03648541 0.01667230 0.04979566 0.04704853 0.02875988 0.02727961 0.02397866 0.04869304 0.06229121 0.05331628 0.03887222 0.05109316 0.03005578 0.06332536 0.04564690 0.03394495 0.03281610 0.04961010 0.06786386 0.04214484 0.03948852 0.06804835 0.04279296 0.05025113 0.03651893 0.03634808 0.04075656 0.06491993 0.05483603 0.06561227 0.06035992 0.06857669 0.06585053 0.07635928 0.03434976 0.05312419 0.04830731 0.03108057 0.08477529 0.03201131 0.04939375 0.08782420 0.13718142 0.04381634 0.04110898 0.03758890 0.03658082 0.05512651 0.04945549 0.06201473 0.06912480 
0.04441642 0.03383162 0.03330513 0.03800574 0.04625328 0.03723190 0.05371065 0.07042793 0.03823480 0.04002180 0.06148484 0.02606629 0.07445270 0.05038945 0.05414639 0.07094308 0.07631419 0.06068440 0.05399541 0.04049513 0.04944064 0.07025199 0.04706441 0.05999284 0.05189748 0.05812019 0.05617749 0.06974687 0.00000000 0.08192641 0.07315068 0.07486015 0.05013947 0.04046154 0.04279043 0.05045377 0.03076533 0.03013225 0.00653972 0.05324323 0.05084014 0.05304027 0.05226345 0.07301263 0.02180360 0.05019873 0.07015214 0.03411183 0.05760868 0.02928236 0.04753973 0.04322931 0.03822729 0.02760546 0.05746298 0.08270908 0.08770428 0.03430163 0.06045217 0.05201740 0.07136366 0.06033689 0.06410132 0.08066577 0.03119776 0.03598096 0.03997513 0.05546329 0.05284974 0.04443737 0.03478114 0.03521858 0.05285807 0.08476926 0.05568927 0.08439533 0.06027123 0.06286362 0.01941743 0.03342547 0.05529228 0.05166710 0.06755792 0.04753252 0.02888267 0.03203204 0.09446304 0.06360959 0.03901308 0.07272275 0.04488705 0.06119137 0.03662983 0.08971473 0.04871625 0.06359394 0.04260804 0.03815705 0.04816930 0.05140240 0.02960045 0.06223909 0.05243803 0.08216694 0.09863070 0.09361732 0.04606079 0.05152279 0.06048334 0.05926900 0.03738218 0.05917198 0.04646429 0.04436636 0.04827351 0.04118433 0.04516382 0.05560697 0.04095080 0.04294948 0.03885620 0.04878978 0.05635631 
