0.00000000 0.18111783 0.24029424 0.24319997 0.09008559 0.10321724 0.12666803 0.10946450 0.12015020 0.15402334 0.18604010 0.12251255 0.12251255 0.16276389 0.13032743 0.11411092 0.13330736 0.15148630 0.11020981 0.19075884 0.16679689 0.22776177 0.19640117 0.09080629 0.11843601 0.14520625 0.13903358 0.19068019 0.16141202 0.09735811 0.10508795 0.13598433 0.19124842 0.10226942 0.13474374 0.08905667 0.14410175 0.12192508 0.18208333 0.15354671 0.09640135 0.15319623 0.16108778 0.14921935 0.20873636 0.15278763 0.15835051 0.14657260 0.11621298 0.15478018 0.12713147 0.17433529 0.16064780 0.20683423 0.17106587 0.16030963 0.21535464 0.15956041 0.15093387 0.16938082 0.12900495 0.10920871 0.18732389 0.16520948 0.19705255 0.13995653 0.13820836 0.14718226 0.17342834 0.10563289 0.13459068 0.16281263 0.13018873 0.12818011 0.17317815 0.18897620 0.18368041 0.21913676 0.11522438 0.32940280 0.10662411 0.13883464 0.16819821 0.20206292 0.14807562 0.11211667 0.20234288 0.16849723 0.16499665 0.12116243 0.13442173 0.10388907 0.08204761 0.11166230 0.10279444 0.08621400 0.20347485 0.18240606 0.18773013 0.13776888 0.16435746 0.17734817 0.13543236 0.14610053 0.11421909 0.12682170 0.12520929 0.17263927 0.11973955 0.15305447 0.17056371 0.17333983 0.11155319 0.13697739 0.13575117 0.15770562 0.18395100 0.12851026 0.15287558 0.08731881 0.11954622 0.08304392 0.12069438 0.10414507 0.12023124 0.12775252 0.15121028 0.15135283 
0.18111783 0.00000000 0.15647527 0.14321728 0.20574757 0.19718494 0.10551855 0.12835772 0.19033907 0.12497526 0.11822084 0.17272724 0.17272724 0.12780035 0.15163022 0.12563822 0.19766520 0.17449721 0.20263417 0.16950936 0.17447914 0.12553364 0.15844283 0.12194071 0.17042436 0.13063585 0.19656112 0.14886632 0.12554976 0.13903397 0.16825480 0.16705260 0.12636280 0.11895307 0.11342902 0.11660516 0.13964796 0.12790766 0.12575747 0.15444724 0.12232560 0.14300779 0.13550784 0.13445359 0.13103486 0.21229490 0.20004533 0.15341549 0.11474035 0.14533394 0.19285986 0.13533385 0.09297833 0.12704509 0.17475873 0.18135042 0.14924780 0.11755977 0.16371506 0.12570771 0.13473980 0.13569389 0.14146887 0.12655870 0.11129506 0.09757954 0.17509023 0.11939793 0.13434810 0.12570606 0.18490202 0.15353563 0.19520423 0.13334783 0.13127201 0.13657796 0.18632965 0.13365321 0.13826218 0.22313108 0.22634706 0.14641776 0.15512037 0.12771812 0.13195625 0.16017333 0.12544415 0.11583579 0.18762360 0.14356352 0.16465599 0.11702757 0.14487870 0.13836961 0.14220866 0.12920680 0.14288089 0.11198767 0.12338196 0.10906963 0.15088527 0.12564747 0.11695823 0.14664493 0.15819521 0.14635173 0.16717692 0.12334015 0.13858966 0.10384507 0.12673436 0.13031906 0.14113210 0.12614564 0.11619124 0.15347515 0.12591986 0.13897406 0.12008542 0.14790109 0.13996245 0.14416084 0.14543698 0.14763730 0.16853896 0.15803408 0.17148426 0.16326436 
0.24029424 0.15647527 0.00000000 0.21859359 0.15902042 0.08599644 0.39035862 0.14880639 0.12829749 0.12060105 0.23859606 0.13116703 0.13116703 0.13526162 0.17374295 0.13560990 0.17346089 0.19363870 0.13611506 0.10878349 0.13537318 0.13415237 0.11799518 0.10770181 0.08867772 0.17883928 0.14275452 0.21701775 0.19788703 0.10874932 0.18940827 0.18582120 0.17726220 0.09451746 0.19181717 0.13874707 0.12152191 0.17597345 0.13667455 0.12363167 0.19986326 0.19380410 0.24554971 0.11856194 0.10715165 0.12930089 0.15517721 0.12624017 0.13660529 0.17761726 0.16717526 0.17110511 0.16640872 0.19145829 0.13374666 0.14258360 0.19557021 0.08422894 0.14636285 0.15267139 0.17942700 0.17925391 0.15288591 0.15958364 0.09720051 0.16402775 0.10825818 0.11810958 0.12455135 0.10754021 0.17482185 0.15079422 0.18782209 0.17138243 0.12786838 0.19231514 0.12325179 0.13194216 0.15948653 0.10026925 0.13666956 0.15684834 0.18342091 0.30804871 0.13833450 0.11431744 0.14702866 0.16609560 0.07436379 0.14120748 0.21884846 0.12984228 0.10424141 0.10219039 0.11998894 0.19002611 0.16281528 0.15718664 0.09587912 0.14601355 0.11924348 0.16339149 0.06937783 0.15634049 0.16387214 0.17322819 0.14342123 0.14523767 0.15290496 0.13724184 0.08211237 0.16464969 0.09900982 0.14783354 0.14054634 0.12078125 0.15173491 0.14091365 0.10389707 0.12401538 0.12999617 0.12888912 0.11966600 0.12644966 0.13137879 0.11144969 0.13086503 0.13098277 
0.24319997 0.14321728 0.21859359 0.00000000 0.20084827 0.07056289 0.19686865 0.13261894 0.12092378 0.19444425 0.19895042 0.12266065 0.12266065 0.11510288 0.14896087 0.13146697 0.10231167 0.10501835 0.12009498 0.14247756 0.14372724 0.13808898 0.19987598 0.12204929 0.13888790 0.19983479 0.15725282 0.09123955 0.20492604 0.09747250 0.12922965 0.11352181 0.10474220 0.15387759 0.14963366 0.12493672 0.08714800 0.11663383 0.19686209 0.16410220 0.16199462 0.14634872 0.11942094 0.17225924 0.03851455 0.19157256 0.12120114 0.18378692 0.22657216 0.22154574 0.10504254 0.15043160 0.16104282 0.19868679 0.17001499 0.16115889 0.15753768 0.15873829 0.09607553 0.13816786 0.14745397 0.20021654 0.13146018 0.15367861 0.14907160 0.18841730 0.12118960 0.16884808 0.23853609 0.13504675 0.13102406 0.17158159 0.13793970 0.16797353 0.13761967 0.16995582 0.15262082 0.18425851 0.15408453 0.16037484 0.23808462 0.13415485 0.13064193 0.12811959 0.14284857 0.09247326 0.20071742 0.21184515 0.13385112 0.16696229 0.11095609 0.15529055 0.14316192 0.16237103 0.14483217 0.12552481 0.23944981 0.09858130 0.13728192 0.07464048 0.12221672 0.14520540 0.17024566 0.23763249 0.17915316 0.09640157 0.18246220 0.20615202 0.15425322 0.14027322 0.17270248 0.18037392 0.14536049 0.15050964 0.14953701 0.15980482 0.14166901 0.12516451 0.12081211 0.10533249 0.15129906 0.13111337 0.10693440 0.12781613 0.15801832 0.12254351 0.11566014 0.13249204 
0.09008559 0.20574757 0.15902042 0.20084827 0.00000000 0.10917102 0.19377972 0.29929630 0.13582635 0.16964908 0.19342849 0.13749206 0.13749206 0.12732703 0.11150127 0.13160360 0.13629062 0.09212641 0.10960056 0.18817636 0.20761119 0.16383958 0.13119336 0.17857873 0.20102870 0.14032440 0.20112200 0.15736633 0.13355842 0.12030823 0.16935407 0.15572243 0.13957538 0.12176035 0.08978402 0.15335141 0.11858813 0.15056100 0.09490352 0.11224177 0.18388594 0.09654279 0.12893492 0.14676726 0.18119967 0.13731654 0.09668169 0.15707857 0.19260120 0.10324151 0.15254498 0.12956818 0.10844644 0.12588527 0.14066748 0.12953741 0.16670690 0.06394036 0.13486760 0.16234918 0.13637302 0.14585062 0.16645893 0.20285859 0.14142666 0.16660101 0.14123469 0.13930740 0.12652226 0.16308109 0.06475079 0.12356543 0.21404423 0.17055810 0.18363092 0.17466777 0.13638518 0.10453234 0.14679117 0.22105188 0.73780941 0.18407698 0.16438198 0.08529760 0.09141074 0.06322377 0.12641995 0.13319915 0.08324887 0.15426277 0.11138484 0.14693809 0.15334360 0.12739638 0.14072593 0.14244745 0.09506730 0.07362836 0.14134996 0.11579124 0.13491651 0.16839367 0.12553112 0.12205705 0.07863770 0.14301768 0.12657115 0.15185993 0.10032943 0.15380066 0.10501126 0.18998754 0.13258890 0.13571163 0.13695141 0.15081793 0.12955684 0.18121630 0.19074949 0.16633720 0.20230270 0.17994097 0.17200122 0.17375360 0.15746406 0.16591112 0.13605591 0.13682349 
0.10321724 0.19718494 0.08599644 0.07056289 0.10917102 0.00000000 0.18246513 0.17616917 0.19213590 0.17564103 0.10734687 0.17195559 0.17195559 0.18435357 0.16519159 0.16749517 0.31685619 0.12204536 0.14477225 0.08103692 0.16875409 0.16973981 0.14463528 0.18731128 0.12442368 0.16642411 0.16130263 0.11398017 0.06825486 0.26034415 0.13449011 0.14224381 0.15834979 0.20410622 0.13014127 0.16256162 0.17601581 0.12906450 0.11525437 0.12205882 0.16641899 0.09183992 0.11017268 0.09541267 0.16779427 0.14673639 0.12090251 0.08362913 0.12480510 0.12586140 0.16961327 0.10327672 0.11137310 0.26301366 0.17372296 0.15116627 0.24220697 0.05183549 0.10390244 0.13919427 0.17235555 0.20889476 0.20468517 0.13582420 0.05724045 0.17934841 0.18225941 0.09906548 0.07922182 0.09230322 0.10994534 0.10126145 0.36110042 0.16272464 0.12791412 0.10843764 0.07121716 0.10113003 0.13974469 0.11961599 0.06875835 0.13054514 0.09592288 0.13662058 0.21078723 0.16058679 0.09872167 0.13234202 0.24251942 0.12201930 0.24020821 0.17263398 0.16477103 0.16945616 0.18523542 0.15601798 0.08137847 0.10583517 0.07626740 0.15467680 0.15168551 0.11930341 0.04350779 0.13025145 0.15962042 0.08869091 0.12403351 0.11568738 0.11352158 0.12030720 0.10958293 0.14001893 0.21131848 0.22187502 0.22610487 0.17910666 0.14706949 0.15303540 0.11160874 0.18379377 0.16524495 0.21295721 0.13407886 0.17141260 0.16484364 0.18769840 0.15848126 0.14929989 
0.12666803 0.10551855 0.39035862 0.19686865 0.19377972 0.18246513 0.00000000 0.17258181 0.11291396 0.19509245 0.16477075 0.11277140 0.11277140 0.14001002 0.23112256 0.13386671 0.18713978 0.17876256 0.11783364 0.21923701 0.18269812 0.17925390 0.08213168 0.16179394 0.14741246 0.15120112 0.15872115 0.17845299 0.15739280 0.04035244 0.15817816 0.17823577 0.14044687 0.12592747 0.09520944 0.09654542 0.11160753 0.12602175 0.20293504 0.13878490 0.11982307 0.15235371 0.15301020 0.15007274 0.14543152 0.15102752 0.14775929 0.21945025 0.14073807 0.20021488 0.15357696 0.15013498 0.21221758 0.20790266 0.13284047 0.17540792 0.10668805 0.15155381 0.16225812 0.10565020 0.17170633 0.15397384 0.15814834 0.16749628 0.16136078 0.15423984 0.12817489 0.15351547 0.18805885 0.15657832 0.08515818 0.17893158 0.12351485 0.19040690 0.13905504 0.13752709 0.14940084 0.19172675 0.12325586 0.15398459 0.11255754 0.16491376 0.10215385 0.26496149 0.08511379 0.08703207 0.18158563 0.15729096 0.10244364 0.18207795 0.12213238 0.14670683 0.14754333 0.12392066 0.13393599 0.16675328 0.14675645 0.16980508 0.16217696 0.16350140 0.14872356 0.12146014 0.21781260 0.14060183 0.15426170 0.08037369 0.15807386 0.16308268 0.13094687 0.05997771 0.07760568 0.14258223 0.13620206 0.14003682 0.18364159 0.17940710 0.12708700 0.17393923 0.13934644 0.12802823 0.12434157 0.13042050 0.12882855 0.11563916 0.14574369 0.15387738 0.12875217 0.14407355 
0.10946450 0.12835772 0.14880639 0.13261894 0.29929630 0.17616917 0.17258181 0.00000000 0.11886186 0.19245729 0.30599628 0.11968621 0.11968621 0.13356237 0.16127173 0.10138628 0.15327802 0.12314262 0.17868908 0.18345814 0.16258571 0.13150498 0.15552700 0.20730528 0.17203235 0.15385453 0.10885427 0.15919267 0.14927096 0.20514441 0.08652796 0.17567177 0.09345169 0.14835733 0.13374776 0.13105552 0.11168547 0.12371476 0.15073224 0.10341037 0.10452876 0.16742073 0.13432231 0.13714183 0.14719903 0.20699395 0.17505924 0.16792875 0.17168509 0.19649383 0.13544622 0.15628726 0.20898794 0.14112616 0.16582058 0.10569372 0.13113542 0.17977539 0.17201365 0.17609359 0.15566598 0.13741772 0.16366235 0.13947266 0.15206210 0.16813056 0.13398906 0.20484604 0.13323291 0.21102045 0.16022495 0.30399789 0.22795576 0.13842237 0.09464255 0.09969610 0.25084421 0.11141131 0.15287917 0.13486270 0.20089954 0.15486879 0.16746790 0.15659234 0.11257248 0.11740931 0.09825899 0.14279498 0.18710489 0.14943404 0.13663035 0.12440034 0.12545016 0.13291241 0.13833239 0.10931947 0.20981059 0.15776137 0.12764526 0.19657872 0.12268074 0.02202327 0.14888459 0.14592075 0.19320728 0.14564535 0.16091225 0.19602060 0.14235206 0.15963547 0.08400672 0.09525123 0.16971754 0.17149729 0.15935014 0.13071236 0.11188533 0.11513184 0.11560432 0.13629144 0.09803944 0.09623136 0.14156821 0.12251474 0.14025440 0.13104301 0.13772947 0.13440607 
0.12015020 0.19033907 0.12829749 0.12092378 0.13582635 0.19213590 0.11291396 0.11886186 0.00000000 0.16991050 0.15113818 0.23629982 0.23629982 0.12232671 0.11769145 0.15051637 0.18326717 0.12289336 0.17376488 0.13491961 0.12429266 0.12012585 0.14373260 0.15401202 0.17447655 0.13151389 0.16648612 0.13614146 0.13702874 0.15118168 0.13971555 0.12398338 0.13654988 0.13570763 0.12780960 0.13523268 0.15213504 0.13515078 0.12800326 0.13563947 0.16479553 0.12787699 0.14551526 0.16486054 0.13374019 0.12216799 0.14487625 0.13560050 0.13475176 0.12689985 0.19509119 0.13904578 0.13223841 0.13019883 0.12162209 0.12620269 0.12375887 0.13227476 0.12974878 0.13761607 0.14475157 0.11724428 0.13885117 0.13438028 0.12275308 0.12554321 0.18176751 0.15509006 0.13970003 0.12398443 0.13630987 0.12240612 0.14818403 0.15088865 0.15656313 0.12142263 0.13550896 0.17162604 0.16380014 0.13357250 0.15884959 0.14718063 0.17636001 0.17228583 0.15743296 0.14378173 0.14080434 0.13307600 0.13584961 0.14320052 0.17670860 0.14715882 0.14797955 0.15159450 0.15599034 0.12951463 0.16304772 0.13147388 0.13579827 0.16159845 0.15015089 0.14641902 0.11940533 0.14224622 0.15731959 0.16426126 0.12879867 0.13642126 0.13641234 0.16238925 0.13362550 0.13079223 0.12497157 0.15011209 0.15622155 0.14271264 0.14577025 0.15937772 0.15879712 0.14895200 0.15050537 0.16705505 0.16202214 0.15749924 0.15712448 0.15869958 0.17111381 0.15690379 
0.15402334 0.12497526 0.12060105 0.19444425 0.16964908 0.17564103 0.19509245 0.19245729 0.16991050 0.00000000 0.20232120 0.15869795 0.15869795 0.16264711 0.28171930 0.07579227 0.14924308 0.18437622 0.13388189 0.16581597 0.10618887 0.17761732 0.14319360 0.15136414 0.11963102 0.16286744 0.11087340 0.10972859 0.14440165 0.14833815 0.11746476 0.15653305 0.15537609 0.17464450 0.16156534 0.15391633 0.19530279 0.16924267 0.16602714 0.11687905 0.14901383 0.17306179 0.17373104 0.25334776 0.10460301 0.14341010 0.23719783 0.11568910 0.14433834 0.11023278 0.15157995 0.11018155 0.17785375 0.11775920 0.14107272 0.15765012 0.17808374 0.10538775 0.10315474 0.08222214 0.10001771 0.17814528 0.11879572 0.13462771 0.15006277 0.12466337 0.18212822 0.20808667 0.14443339 0.27625666 0.18319479 0.18441663 0.11581434 0.23359249 0.10515840 0.10407593 0.15632602 0.10306580 0.17053912 0.15369150 0.13686405 0.20023898 0.15895225 0.14537659 0.13643387 0.05806570 0.21256482 0.12860956 0.14201666 0.25832079 0.11599534 0.12671038 0.15251298 0.15872762 0.11538378 0.20511457 0.08316463 0.16855207 0.12908825 0.16207589 0.14165139 0.08125523 0.11133505 0.12636972 0.14472129 0.13228512 0.23079442 0.13318304 0.14552363 0.10887162 0.16087484 0.18898878 0.12664169 0.09872032 0.13154877 0.10087816 0.12330900 0.16075001 0.14993136 0.10270559 0.10651266 0.13150943 0.15547962 0.12032486 0.11195899 0.13636350 0.12775104 0.11259663 
0.18604010 0.11822084 0.23859606 0.19895042 0.19342849 0.10734687 0.16477075 0.30599628 0.15113818 0.20232120 0.00000000 0.14739758 0.14739758 0.21477533 0.15262987 0.14284358 0.12826522 0.18803184 0.09951274 0.19912059 0.13698355 0.16879780 0.21918947 0.28168901 0.19482992 0.15535245 0.12443917 0.11507818 0.14559077 0.09929224 0.12618475 0.19211254 0.09843870 0.16308840 0.17868924 0.12471526 0.13215703 0.10808056 0.13603024 0.10252345 0.14335704 0.10493909 0.14725253 0.09832860 0.14366998 0.20116806 0.18581147 0.18031345 0.21565041 0.27137943 0.14629285 0.18784860 0.23510690 0.13454292 0.18305286 0.15638229 0.21185189 0.08339048 0.08568587 0.14966583 0.09249614 0.21045287 0.12739380 0.20016244 0.16235348 0.25984099 0.13956777 0.24449517 0.07746908 0.17402841 0.08571792 0.14832736 0.13140575 0.19923124 0.15494555 0.24171863 0.13264641 0.14680220 0.11921820 0.15984377 0.13361544 0.10047008 0.16138716 0.10986787 0.07923845 0.10087020 0.12542457 0.11150239 0.20561790 0.12283169 0.15561685 0.11843262 0.13610601 0.12065824 0.14278202 0.10743752 0.12856616 0.15440799 0.17463832 0.13986286 0.11216683 0.11687004 0.20552462 0.16475992 0.09680891 0.10579624 0.14316095 0.06529386 0.12561291 0.17538879 0.11095321 0.12320797 0.12386870 0.09267313 0.09223900 0.10211829 0.11710218 0.12928010 0.12335035 0.13528914 0.08408582 0.16009780 0.16265950 0.10912871 0.10168422 0.14196725 0.15774694 0.18782438 
0.12251255 0.17272724 0.13116703 0.12266065 0.13749206 0.17195559 0.11277140 0.11968621 0.23629982 0.15869795 0.14739758 0.00000000 0.24250699 0.14067008 0.11922467 0.13779241 0.18966954 0.11873129 0.18012721 0.12857358 0.13293736 0.12854116 0.13225008 0.14245165 0.18151758 0.13834790 0.17208220 0.13068544 0.14536333 0.15628188 0.14457164 0.14240961 0.13680430 0.14348600 0.13348789 0.12953200 0.14075780 0.14604750 0.12581579 0.15357900 0.15704582 0.12499774 0.16155551 0.17623443 0.13877965 0.11477557 0.16264226 0.14006094 0.13421866 0.12872061 0.20141651 0.14734533 0.11201582 0.14195052 0.12859834 0.13580991 0.11498017 0.13087923 0.12252218 0.14833119 0.14609881 0.11408128 0.14328439 0.12219947 0.12977839 0.13182409 0.18786933 0.16336972 0.13456802 0.12554099 0.13058324 0.12058841 0.15585946 0.14972253 0.16381667 0.13133312 0.14289605 0.17463883 0.16980688 0.13510739 0.15873469 0.15858379 0.17064926 0.18226710 0.15585631 0.14540785 0.12761805 0.14381380 0.13799508 0.13883589 0.16084815 0.14777925 0.14864064 0.15193060 0.15610978 0.12986115 0.14552207 0.12663943 0.13009663 0.13778344 0.14795420 0.13263313 0.11995030 0.13493641 0.15025488 0.16759029 0.13557869 0.12086948 0.12009023 0.16982869 0.13019371 0.12030021 0.13887111 0.14375447 0.15025897 0.13885664 0.14524668 0.15313503 0.16454590 0.14208118 0.15084313 0.15136279 0.17836781 0.15491539 0.14927208 0.16480285 0.15343693 0.15741393 
0.12251255 0.17272724 0.13116703 0.12266065 0.13749206 0.17195559 0.11277140 0.11968621 0.23629982 0.15869795 0.14739758 0.24250699 0.00000000 0.14067008 0.11922467 0.13779241 0.18966954 0.11873129 0.18012721 0.12857358 0.13293736 0.12854116 0.13225008 0.14245165 0.18151758 0.13834790 0.17208220 0.13068544 0.14536333 0.15628188 0.14457164 0.14240961 0.13680430 0.14348600 0.13348789 0.12953200 0.14075780 0.14604750 0.12581579 0.15357900 0.15704582 0.12499774 0.16155551 0.17623443 0.13877965 0.11477557 0.16264226 0.14006094 0.13421866 0.12872061 0.20141651 0.14734533 0.11201582 0.14195052 0.12859834 0.13580991 0.11498017 0.13087923 0.12252218 0.14833119 0.14609881 0.11408128 0.14328439 0.12219947 0.12977839 0.13182409 0.18786933 0.16336972 0.13456802 0.12554099 0.13058324 0.12058841 0.15585946 0.14972253 0.16381667 0.13133312 0.14289605 0.17463883 0.16980688 0.13510739 0.15873469 0.15858379 0.17064926 0.18226710 0.15585631 0.14540785 0.12761805 0.14381380 0.13799508 0.13883589 0.16084815 0.14777925 0.14864064 0.15193060 0.15610978 0.12986115 0.14552207 0.12663943 0.13009663 0.13778344 0.14795420 0.13263313 0.11995030 0.13493641 0.15025488 0.16759029 0.13557869 0.12086948 0.12009023 0.16982869 0.13019371 0.12030021 0.13887111 0.14375447 0.15025897 0.13885664 0.14524668 0.15313503 0.16454590 0.14208118 0.15084313 0.15136279 0.17836781 0.15491539 0.14927208 0.16480285 0.15343693 0.15741393 
0.16276389 0.12780035 0.13526162 0.11510288 0.12732703 0.18435357 0.14001002 0.13356237 0.12232671 0.16264711 0.21477533 0.14067008 0.14067008 0.00000000 0.31601381 0.31586584 0.24198960 0.27112361 0.19912705 0.26097185 0.10287744 0.21921035 0.23858925 0.33247435 0.12655453 0.13740539 0.10963833 0.09786173 0.19064935 0.17002640 0.24027436 0.12184656 0.15739167 0.14953551 0.10210414 0.10963455 0.12522104 0.11560465 0.17925883 0.14844939 0.15311737 0.08216649 0.13957887 0.22115912 0.07400135 0.14930674 0.13986651 0.14603722 0.11880246 0.13284997 0.13479518 0.13143705 0.12245062 0.19837046 0.12845429 0.17466700 0.12307328 0.18501352 0.23946991 0.13588321 0.14784510 0.08975135 0.16081050 0.12616619 0.20482373 0.20612366 0.13780804 0.18502023 0.18697055 0.16255538 0.12089732 0.16937592 0.16758614 0.19440126 0.14811920 0.15126504 0.15336049 0.16617462 0.14827809 0.12451405 0.08285331 0.08664749 0.16342676 0.16335171 0.14337682 0.17620366 0.15557018 0.15580612 0.15065346 0.19935326 0.13699199 0.14368593 0.16411875 0.13317198 0.14966750 0.15566241 0.09194652 0.11334180 0.14525429 0.07199457 0.14784295 0.15668785 0.13580563 0.14330508 0.07498419 0.11175443 0.15059862 0.06561975 0.09988463 0.13185455 0.14952371 0.10492031 0.11872803 0.09522862 0.14308561 0.11910358 0.09505311 0.09011154 0.09146242 0.11623612 0.11786001 0.14787610 0.10960625 0.10632451 0.14784689 0.15003326 0.13231757 0.11234541 
0.13032743 0.15163022 0.17374295 0.14896087 0.11150127 0.16519159 0.23112256 0.16127173 0.11769145 0.28171930 0.15262987 0.11922467 0.11922467 0.31601381 0.00000000 0.23369538 0.12429687 0.19262932 0.19700586 0.21641950 0.15930163 0.17839666 0.12849266 0.07752615 0.21213864 0.10322035 0.20694708 0.17567366 0.18256012 0.06998694 0.13546977 0.15683915 0.08365763 0.14468007 0.12754064 0.12509749 0.16105658 0.13155729 0.16433539 0.15137395 0.10784003 0.15006946 0.15239388 0.24590367 0.09289237 0.16461464 0.20766693 0.06628230 0.18075378 0.17152151 0.11935614 0.17806284 0.19578450 0.16387969 0.16901349 0.18650141 0.18007592 0.18941799 0.17816243 0.15700786 0.16592938 0.21528455 0.15881072 0.15291957 0.18739971 0.10526027 0.13000910 0.16007301 0.20403321 0.14946199 0.12989562 0.17152511 0.18725637 0.17158185 0.22145644 0.09621167 0.17336758 0.15570572 0.11279930 0.14828587 0.11922080 0.15155884 0.16286936 0.11383170 0.12550513 0.12402256 0.10810628 0.18315599 0.11860287 0.09227911 0.09889430 0.12236517 0.14590935 0.11950600 0.11711692 0.15283233 0.10453274 0.16342459 0.12893465 0.15751744 0.09208529 0.14904214 0.16808030 0.18119650 0.06442999 0.16712359 0.18416727 0.23331516 0.14710072 0.12333780 0.15209436 0.18436943 0.11363216 0.11816353 0.13617720 0.09501876 0.14394053 0.12967423 0.09816817 0.12543802 0.12929458 0.13117230 0.09109158 0.12839349 0.11278949 0.12548350 0.10067711 0.12839013 
0.11411092 0.12563822 0.13560990 0.13146697 0.13160360 0.16749517 0.13386671 0.10138628 0.15051637 0.07579227 0.14284358 0.13779241 0.13779241 0.31586584 0.23369538 0.00000000 0.18745825 0.68545146 0.21493952 0.16249767 0.26873068 0.17537341 0.15812776 0.15482116 0.09927609 0.20277561 0.13308773 0.14923431 0.20788624 0.13273356 0.09063897 0.10813778 0.12230911 0.10837144 0.16181964 0.15448440 0.17782426 0.21452612 0.11816347 0.19654895 0.13265821 0.15080423 0.21931585 0.08685201 0.12555288 0.13248922 0.18125846 0.23297963 0.12186793 0.11764624 0.14570995 0.19859255 0.12856082 0.05954023 0.13009689 0.18459592 0.12004720 0.15911400 0.22037812 0.12440609 0.12027840 0.16267313 0.11599675 0.14504263 0.10465336 0.20579178 0.12357991 0.10131888 0.09799100 0.13990162 0.13171116 0.18961847 0.23403234 0.22525716 0.16756720 0.11996762 0.05480130 0.14319789 0.11145702 0.11594046 0.09719786 0.09039558 0.06667743 0.16115922 0.13817565 0.16979511 0.10641802 0.07724393 0.15419952 0.12148139 0.16097107 0.12098493 0.12676456 0.13018816 0.14152018 0.13318527 0.12986682 0.10716663 0.19156618 0.15096253 0.14687889 0.06986986 0.18668671 0.17713236 0.21309360 0.10891626 0.09139416 0.14834886 0.22884911 0.12126553 0.16215480 0.11053333 0.10154878 0.14813284 0.19243037 0.11056147 0.13903553 0.11522407 0.11237917 0.15745842 0.13884998 0.12970620 0.12717318 0.16815675 0.13451089 0.10186167 0.16193569 0.14049114 
0.13330736 0.19766520 0.17346089 0.10231167 0.13629062 0.31685619 0.18713978 0.15327802 0.18326717 0.14924308 0.12826522 0.18966954 0.18966954 0.24198960 0.12429687 0.18745825 0.00000000 0.16190467 0.35241750 0.11672840 0.14599512 0.10458694 0.12166040 0.21008111 0.17616163 0.17194418 0.15367176 0.16754509 0.24264142 0.10473378 0.13913355 0.13890180 0.09892077 0.09234064 0.10825098 0.09238640 0.15628836 0.14241571 0.12498789 0.15545346 0.09147151 0.09697659 0.08373123 0.19611576 0.15801840 0.09245307 0.13416706 0.15281015 0.11675605 0.14787726 0.14860481 0.09992477 0.14342389 0.15138408 0.14218809 0.15276847 0.14344031 0.15128722 0.18604773 0.17026214 0.13991620 0.14068830 0.09080636 0.09567128 0.09480279 0.11565174 0.14378378 0.10134051 0.09834973 0.09689643 0.12319095 0.14952971 0.12859878 0.11531261 0.12736361 0.14228317 0.11181001 0.14644928 0.16295011 0.12781172 0.14120533 0.12975795 0.27186191 0.13588629 0.19816498 0.10237273 0.15863560 0.13982505 0.31739021 0.29420975 0.20291071 0.16743879 0.12797512 0.12591773 0.11140179 0.16319233 0.17282637 0.09198641 0.16889993 0.15779778 0.26348773 0.22624975 0.15819938 0.11707711 0.16091639 0.12522052 0.11435919 0.11983232 0.09635552 0.11539005 0.13632757 0.12597107 0.17027387 0.13424727 0.10495702 0.09995803 0.11890967 0.10451871 0.11097822 0.12031955 0.11913264 0.12791802 0.11366271 0.10407608 0.13659647 0.13715702 0.11486923 0.12988815 
0.15148630 0.17449721 0.19363870 0.10501835 0.09212641 0.12204536 0.17876256 0.12314262 0.12289336 0.18437622 0.18803184 0.11873129 0.11873129 0.27112361 0.19262932 0.68545146 0.16190467 0.00000000 0.23197825 0.21391771 0.18855200 0.20907725 0.13069544 0.16873037 0.15388250 0.14152199 0.15004552 0.28018596 0.14897789 0.14209177 0.14880081 0.11270771 0.17291455 0.15681323 0.09024917 0.13757910 0.15281006 0.13376041 0.14210006 0.17251464 0.11173007 0.17691353 0.15148792 0.09898234 0.06224745 0.10412627 0.14710789 0.08070123 0.14718222 0.16216456 0.12838535 0.18488496 0.13917840 0.16115967 0.10680514 0.17542098 0.15964176 0.15734594 0.16291157 0.11527560 0.16903688 0.14426674 0.11770441 0.16046713 0.16850071 0.10419136 0.12335284 0.11137865 0.20423718 0.10551365 0.16278690 0.08345215 0.13722112 0.09165832 0.16918982 0.13433461 0.18114028 0.10841014 0.10485007 0.12739552 0.04549895 0.16567396 0.13374781 0.17754261 0.17837586 0.15809424 0.15768353 0.14257965 0.13993782 0.15762053 0.14426547 0.16715106 0.12508646 0.11311061 0.11495789 0.10750682 0.12450225 0.15367410 0.11149206 0.14725937 0.18250972 0.16721147 0.20250004 0.09745919 0.15260600 0.15875628 0.10208829 0.13465225 0.14836801 0.14661222 0.22168064 0.15567748 0.16138694 0.08771370 0.15603675 0.15566585 0.17842222 0.17254968 0.09893721 0.12721525 0.14171539 0.14210772 0.11006519 0.12987396 0.12717077 0.13136583 0.14190733 0.13624389 
0.11020981 0.20263417 0.13611506 0.12009498 0.10960056 0.14477225 0.11783364 0.17868908 0.17376488 0.13388189 0.09951274 0.18012721 0.18012721 0.19912705 0.19700586 0.21493952 0.35241750 0.23197825 0.00000000 0.16418544 0.17318928 0.18433541 0.11062757 0.21506434 0.19599130 0.23752359 0.14261377 0.11832590 0.18869939 0.19042082 0.13313382 0.12873729 0.12263692 0.09446748 0.13802784 0.15735695 0.17085938 0.15492461 0.13241581 0.14046042 0.17728238 0.13268490 0.08269133 0.11835777 0.16608767 0.15427066 0.12871914 0.13784272 0.13781215 0.11485670 0.17009982 0.12139650 0.11416073 0.17667527 0.14603241 0.13617447 0.13024353 0.13069715 0.13312096 0.19470323 0.16062673 0.14641294 0.12281717 0.09128320 0.06570184 0.07847758 0.13326204 0.10781219 0.13034278 0.08046968 0.10984704 0.11998764 0.14814348 0.12311899 0.12447381 0.10270196 0.12309027 0.10985393 0.14837845 0.09684776 0.13989181 0.16687852 0.19782329 0.14524771 0.12552843 0.14539840 0.13401311 0.13835971 0.16798322 0.20148548 0.18935693 0.16210310 0.16623312 0.16332513 0.14349999 0.14541346 0.18813174 0.11978411 0.14829379 0.18207429 0.24126689 0.18048110 0.16357754 0.14778103 0.14627811 0.16505026 0.12892232 0.15276911 0.13133382 0.15656763 0.16120604 0.13903850 0.11261638 0.09127889 0.09931622 0.12986548 0.11143523 0.12760295 0.13643793 0.12159172 0.13018538 0.12285755 0.11758017 0.12376193 0.13426974 0.16827945 0.11380030 0.13135595 
0.19075884 0.16950936 0.10878349 0.14247756 0.18817636 0.08103692 0.21923701 0.18345814 0.13491961 0.16581597 0.19912059 0.12857358 0.12857358 0.26097185 0.21641950 0.16249767 0.11672840 0.21391771 0.16418544 0.00000000 0.21485658 0.28642273 0.28455175 0.21302381 0.19603693 0.18789794 0.15659639 0.17386883 0.13030590 0.13881329 0.16616892 0.11275764 0.15068242 0.16739992 0.09319425 0.15871203 0.14417726 0.11017231 0.14893718 0.14800312 0.14337591 0.17675520 0.16668928 0.15461964 0.10489779 0.18945165 0.24602592 0.12491346 0.14607442 0.20951838 0.14512002 0.16621938 0.14531847 0.20455152 0.12892319 0.20226690 0.13431017 0.20682739 0.14050174 0.21178024 0.12293045 0.15429920 0.14510848 0.16122410 0.22846700 0.17528660 0.14877984 0.10672722 0.17742930 0.15871267 0.15970060 0.18984438 0.15204225 0.13004964 0.17327265 0.12180314 0.10463580 0.15562979 0.11785406 0.08296185 0.15365308 0.15730938 0.08586416 0.23730548 0.05310428 0.11335256 0.15391580 0.14535363 0.15285950 0.10651052 0.09137572 0.12930532 0.14415839 0.15272938 0.14881440 0.14508881 0.09599024 0.09299090 0.15845643 0.14377632 0.12956815 0.08033595 0.08902921 0.11086309 0.10179645 0.09786558 0.13190405 0.13498351 0.12372236 0.13809441 0.12587944 0.18341717 0.12826278 0.12338306 0.14755911 0.10870698 0.11650547 0.13175652 0.12719057 0.12618714 0.09641193 0.12060396 0.15247002 0.13448787 0.12334177 0.15119960 0.16076252 0.12376599 
0.16679689 0.17447914 0.13537318 0.14372724 0.20761119 0.16875409 0.18269812 0.16258571 0.12429266 0.10618887 0.13698355 0.13293736 0.13293736 0.10287744 0.15930163 0.26873068 0.14599512 0.18855200 0.17318928 0.21485658 0.00000000 0.35753439 0.16617342 0.19247071 0.19595704 0.17938283 0.10704691 0.17494056 0.15153052 0.11870902 0.11622637 0.11040812 0.11740651 0.16064723 0.19287677 0.15854792 0.14939748 0.13967511 0.17139906 0.15179459 0.15457860 0.18253599 0.11953752 0.13563574 0.14170148 0.09840060 0.16504346 0.08890803 0.11591649 0.10949105 0.11438307 0.18384237 0.16304466 0.15147561 0.17995588 0.11797221 0.17203789 0.13357069 0.10995191 0.17326049 0.24807982 0.16135596 0.16828003 0.18922945 0.14387373 0.21042054 0.11648658 0.10627914 0.16408403 0.13498139 0.20006674 0.13398609 0.15163222 0.17024785 0.12475327 0.13157516 0.11373021 0.11340023 0.12635409 0.17936085 0.13906082 0.14516791 0.16548545 0.07265333 0.13416181 0.16880592 0.19582202 0.16817300 0.11801287 0.15984410 0.14532931 0.14381004 0.13892219 0.11828601 0.16126590 0.18455048 0.23903084 0.18239882 0.18865835 0.21330300 0.14701707 0.14545818 0.16833513 0.09071030 0.19424807 0.08409866 0.14718570 0.09377392 0.16285726 0.15075215 0.11147381 0.12158583 0.14070368 0.14688966 0.11327410 0.18454893 0.16198957 0.09023615 0.08857436 0.10879239 0.12876252 0.11777349 0.11591908 0.09194772 0.11979473 0.11358791 0.11609866 0.11093070 
0.22776177 0.12553364 0.13415237 0.13808898 0.16383958 0.16973981 0.17925390 0.13150498 0.12012585 0.17761732 0.16879780 0.12854116 0.12854116 0.21921035 0.17839666 0.17537341 0.10458694 0.20907725 0.18433541 0.28642273 0.35753439 0.00000000 0.22211389 0.10707658 0.22021081 0.22780147 0.14315035 0.13076940 0.13436835 0.14856916 0.15628630 0.13119066 0.10115997 0.11911590 0.14127891 0.11459077 0.15017288 0.19080248 0.15468991 0.12480803 0.15708807 0.13648231 0.21295783 0.13339301 0.11098377 0.14597974 0.11550122 0.17980241 0.14353161 0.14927791 0.15502493 0.16798557 0.16881460 0.19038181 0.13066321 0.16695488 0.16709745 0.19402944 0.19020527 0.20620643 0.25452754 0.17930105 0.20789303 0.13463838 0.24382583 0.20323011 0.13704184 0.13577094 0.20648738 0.08884990 0.16843369 0.13802147 0.12260836 0.15236616 0.14203302 0.14484244 0.14378439 0.21736869 0.13943435 0.08750631 0.14139981 0.12799791 0.14583765 0.11614333 0.09433134 0.09592244 0.10525649 0.12917629 0.12552524 0.09966746 0.16718840 0.12871658 0.13365865 0.12279220 0.11497133 0.09248973 0.11290426 0.25178752 0.14143818 0.12882105 0.03073785 0.18779800 0.11051865 0.16618541 0.10571074 0.18283313 0.15663125 0.14833943 0.15699875 0.11374463 0.12100013 0.15998960 0.11858385 0.14827785 0.15098620 0.12691240 0.08896482 0.12808124 0.12985750 0.11341194 0.10751076 0.13130969 0.10480596 0.11755748 0.09122059 0.10870731 0.09314416 0.11502784 
0.19640117 0.15844283 0.11799518 0.19987598 0.13119336 0.14463528 0.08213168 0.15552700 0.14373260 0.14319360 0.21918947 0.13225008 0.13225008 0.23858925 0.12849266 0.15812776 0.12166040 0.13069544 0.11062757 0.28455175 0.16617342 0.22211389 0.00000000 0.33362619 0.12833080 0.14147826 0.14502682 0.19002073 0.18842406 0.16212795 0.10414829 0.12298464 0.11122673 0.15011654 0.11846628 0.12070779 0.15772573 0.14096425 0.12392809 0.15772857 0.15784592 0.13293723 0.12109089 0.14630213 0.15588962 0.28357483 0.10660575 0.22522958 0.15603487 0.14648296 0.13882295 0.15023516 0.20946581 0.18358430 0.16435248 0.21575930 0.15004115 0.14939510 0.17722975 0.14158831 0.14687758 0.12049041 0.13970187 0.20622272 0.26105866 0.17475541 0.11791477 0.11062682 0.15233742 0.14550795 0.13752670 0.15783015 0.10390147 0.08957650 0.11051805 0.15894433 0.17292509 0.14176352 0.13073843 0.15660755 0.18254681 0.15634087 0.11527932 0.17218760 0.11860337 0.14622794 0.21994145 0.16214324 0.13951317 0.17645062 0.14689842 0.12952185 0.13995338 0.14983352 0.13565981 0.12483253 0.13151524 0.11735889 0.14544294 0.10549302 0.14805004 0.18297716 0.12508749 0.14905724 0.14061045 0.16490902 0.12978816 0.13708090 0.12277944 0.11109905 0.08823181 0.16083117 0.13610938 0.13037156 0.16527555 0.13600621 0.11753464 0.09989497 0.11028190 0.12805413 0.12023476 0.14111104 0.11713076 0.14150504 0.14485196 0.13720119 0.14318315 0.15302642 
0.09080629 0.12194071 0.10770181 0.12204929 0.17857873 0.18731128 0.16179394 0.20730528 0.15401202 0.15136414 0.28168901 0.14245165 0.14245165 0.33247435 0.07752615 0.15482116 0.21008111 0.16873037 0.21506434 0.21302381 0.19247071 0.10707658 0.33362619 0.00000000 0.24564212 0.19803533 0.20742662 0.11790677 0.20074419 0.12317941 0.19084360 0.17799891 0.13244966 0.13435323 0.11612719 0.09852100 0.14523523 0.10737803 0.11273365 0.17029947 0.12114322 0.13428321 0.14292746 0.09767918 0.15218237 0.17287075 0.13895982 0.03923500 0.13378048 0.15900052 0.12450738 0.15502155 0.12610629 0.20546808 0.09885106 0.15300530 0.16504743 0.18026728 0.18941694 0.17308080 0.17390372 0.14380625 0.08585096 0.13348741 0.16633605 0.22055725 0.14455660 0.18006341 0.12511317 0.10762405 0.13390200 0.11658071 0.16100548 0.14437036 0.15573037 0.16439914 0.14875728 0.20585655 0.14048300 0.24874650 0.15900268 0.11148998 0.14206461 0.14406520 0.20580219 0.08742039 0.16026467 0.21077024 0.18131528 0.16477037 0.18406413 0.12908063 0.13067423 0.13571813 0.10935704 0.20336353 0.10095667 0.15216285 0.10480358 0.15292095 0.15714430 0.15897561 0.11152038 0.19266067 0.16056825 0.13503930 0.13601182 0.12886740 0.16024492 0.11769045 0.07052985 0.17427110 0.08918878 0.11878608 0.08809393 0.13178699 0.06824746 0.08385124 0.07959892 0.13654074 0.11116499 0.10878033 0.13983174 0.12715440 0.13242124 0.11233517 0.12484716 0.11045070 
0.11843601 0.17042436 0.08867772 0.13888790 0.20102870 0.12442368 0.14741246 0.17203235 0.17447655 0.11963102 0.19482992 0.18151758 0.18151758 0.12655453 0.21213864 0.09927609 0.17616163 0.15388250 0.19599130 0.19603693 0.19595704 0.22021081 0.12833080 0.24564212 0.00000000 0.15014230 0.32535474 0.13254694 0.20221022 0.17664264 0.19865681 0.12454436 0.11541229 0.14300365 0.15326794 0.14530853 0.13416275 0.15842025 0.15874337 0.10355576 0.17086659 0.13698144 0.10960158 0.15567447 0.16995755 0.17009397 0.12012724 0.12596085 0.12464097 0.12415890 0.17023142 0.21732583 0.14131902 0.19390934 0.23120574 0.19230939 0.21342287 0.13844437 0.17018078 0.17293871 0.14257897 0.08806786 0.15343290 0.12358259 0.15644689 0.13745373 0.16530024 0.09554734 0.15131064 0.12323444 0.19336656 0.13016927 0.23805699 0.11427929 0.13463376 0.11305314 0.10281133 0.09693313 0.13870291 0.11808957 0.08930522 0.12590702 0.12639176 0.12734922 0.16938591 0.12095026 0.17291725 0.14554948 0.11645120 0.18468708 0.21387029 0.16529039 0.16365301 0.15132108 0.14127986 0.11123899 0.14960273 0.11786569 0.09710126 0.16499698 0.13737201 0.12967036 0.14073987 0.09707269 0.08727007 0.14667126 0.11095356 0.12402064 0.11938315 0.10586767 0.15280564 0.14719081 0.09539626 0.09561986 0.11947604 0.07409823 0.10894522 0.09605592 0.12241615 0.11985932 0.12833449 0.12231148 0.12673806 0.12253129 0.13728725 0.13572794 0.13361984 0.14342146 
0.14520625 0.13063585 0.17883928 0.19983479 0.14032440 0.16642411 0.15120112 0.15385453 0.13151389 0.16286744 0.15535245 0.13834790 0.13834790 0.13740539 0.10322035 0.20277561 0.17194418 0.14152199 0.23752359 0.18789794 0.17938283 0.22780147 0.14147826 0.19803533 0.15014230 0.00000000 0.24196563 0.30061342 0.19693678 0.15734707 0.18389032 0.20002096 0.16711906 0.17369059 0.15743944 0.11614430 0.13605497 0.13162983 0.07851160 0.14022063 0.11341668 0.19785591 0.14473163 0.12424224 0.12574068 0.16657925 0.06590175 0.15020594 0.11150927 0.21463701 0.15701576 0.17975115 0.17623319 0.20332423 0.14230004 0.19068442 0.15904572 0.29266164 0.21475083 0.14341561 0.09800530 0.13700644 0.27703591 0.16768291 0.16568267 0.07646840 0.11724971 0.14221786 0.12647311 0.09467103 0.16351618 0.12111726 0.14197423 0.14055434 0.12491438 0.20424691 0.13169882 0.13261738 0.19701685 0.15276169 0.06765820 0.07837241 0.14525487 0.11726893 0.12758759 0.08808407 0.10800419 0.17049330 0.11215275 0.15291549 0.13477551 0.16149276 0.13437494 0.13294436 0.13166394 0.16060511 0.17159273 0.09850607 0.10836910 0.18196073 0.13707216 0.18500105 0.15272689 0.12274306 0.16799764 0.10849477 0.05943581 0.14402692 0.20788445 0.10036804 0.13754716 0.15482194 0.15683313 0.14885587 0.10431647 0.11853340 0.10553031 0.11064434 0.13749965 0.11548062 0.13413306 0.12879995 0.08258020 0.10549199 0.12952688 0.12355219 0.09672816 0.11829748 
0.13903358 0.19656112 0.14275452 0.15725282 0.20112200 0.16130263 0.15872115 0.10885427 0.16648612 0.11087340 0.12443917 0.17208220 0.17208220 0.10963833 0.20694708 0.13308773 0.15367176 0.15004552 0.14261377 0.15659639 0.10704691 0.14315035 0.14502682 0.20742662 0.32535474 0.24196563 0.00000000 0.15650371 0.17964367 0.19674242 0.12583677 0.15448665 0.11315355 0.13291195 0.16623589 0.15734649 0.13489141 0.18577458 0.11438336 0.09323529 0.11776889 0.12876277 0.14763818 0.19128775 0.14290586 0.17881665 0.12394753 0.12452971 0.12577011 0.09341870 0.18448827 0.10706471 0.11341038 0.10499603 0.17857288 0.12137710 0.14085718 0.12324272 0.07875936 0.17803609 0.12609346 0.14612378 0.11933278 0.12419366 0.10331528 0.10979009 0.16548106 0.13097931 0.10501097 0.13738965 0.15509731 0.18365089 0.14181257 0.16343722 0.12112526 0.11942603 0.15140314 0.18572634 0.11847870 0.10875507 0.24032098 0.13428691 0.12753812 0.19175761 0.16597176 0.09090228 0.12736424 0.16011903 0.13515532 0.14700585 0.27582505 0.16864820 0.18489643 0.16753862 0.16331585 0.11289039 0.12810504 0.09021394 0.14448151 0.12047476 0.10307351 0.12197116 0.10636055 0.10599300 0.14818053 0.17046147 0.10074942 0.09614057 0.13736674 0.18955559 0.16142116 0.13577002 0.12409577 0.13283810 0.16431075 0.12648018 0.12545776 0.16774493 0.13661070 0.16325503 0.15147366 0.17101560 0.12935524 0.17626864 0.15418202 0.16598564 0.15017027 0.14208575 
0.19068019 0.14886632 0.21701775 0.09123955 0.15736633 0.11398017 0.17845299 0.15919267 0.13614146 0.10972859 0.11507818 0.13068544 0.13068544 0.09786173 0.17567366 0.14923431 0.16754509 0.28018596 0.11832590 0.17386883 0.17494056 0.13076940 0.19002073 0.11790677 0.13254694 0.30061342 0.15650371 0.00000000 0.29165023 0.19117463 0.10006869 0.11557421 0.16325891 0.10763503 0.08798097 0.13616497 0.12505372 0.11966292 0.16089679 0.20832614 0.12375061 0.14876994 0.15208307 0.16969704 0.21889509 0.10834447 0.15936529 0.14886488 0.11194588 0.14258605 0.15218855 0.18064987 0.13210111 0.19622090 0.12393609 0.14056287 0.13336484 0.17850196 0.17421789 0.08865946 0.15565516 0.10812187 0.13057582 0.13501759 0.16383650 0.11736917 0.15491524 0.15540186 0.09981729 0.11867134 0.11632830 0.12154822 0.15427735 0.12040064 0.11464339 0.12612393 0.15265546 0.09496351 0.14329941 0.15996244 0.16395410 0.17964317 0.06584033 0.16593640 0.16880702 0.19177933 0.13769275 0.12907253 0.28363100 0.43984300 0.23525507 0.15514582 0.14662555 0.14283732 0.15616382 0.14084632 0.15801871 0.12871222 0.14636840 0.14680896 0.10119242 0.15821906 0.09028105 0.14521028 0.18042584 0.18610722 0.17141721 0.16647041 0.13120848 0.12170868 0.19492071 0.09253032 0.11733794 0.17453482 0.11510753 0.12378890 0.12816334 0.14632846 0.08302065 0.13283157 0.10763657 0.14028071 0.12699635 0.12399596 0.14243618 0.12379064 0.13309488 0.13216369 
