0.00000000 0.03405226 0.03127185 0.04252758 0.03686726 0.01360872 0.02602664 0.01880392 0.02141024 0.03076876 0.01069758 0.02141024 0.02141024 0.02740955 0.03263692 0.02526850 0.02141024 0.03585602 0.02141024 0.03000885 0.02638956 0.03538334 0.02088723 0.01114667 0.02141024 0.01114667 0.02141024 0.02184885 0.00973735 0.00804029 0.00977201 0.02181816 0.02093872 0.02666819 0.00624967 0.01633901 0.02071476 0.02321926 0.01355280 0.02141024 0.02383136 0.02107044 0.03984785 0.03725477 0.02097524 0.02488053 0.03041349 0.01520598 0.01675104 0.02397038 0.01360872 0.03389719 0.03139150 0.01360872 0.02922127 0.01278016 0.03357602 0.01360872 0.01679137 0.02080454 0.03581371 0.02957974 0.01360872 0.02896649 0.01906322 0.02851409 0.01360872 0.01445178 0.02923989 0.02145012 0.03038805 0.02647028 0.01318807 0.02839865 0.02141024 0.02519519 0.03833442 0.02361963 0.02141024 0.03560512 0.02904342 0.02141024 0.02141024 0.01958634 0.03405819 0.01823599 0.03313017 0.01636032 0.00804029 0.00695268 0.03799359 0.01653437 0.02096797 0.03675261 0.02636585 0.03355593 0.00675960 0.02669383 0.03669274 0.02701296 0.01475332 0.02069582 0.03309901 0.02064790 0.02141024 0.02141024 0.02666724 0.01413872 0.02000587 0.02141024 0.01022876 0.00804029 0.02952014 0.01794182 0.01241119 0.02901607 0.04006561 0.02562476 0.00804029 0.03302601 0.03845008 0.02605799 0.01069758 0.02846280 0.02170121 0.01067325 0.02763572 0.01291537 
0.03405226 0.00000000 0.06428531 0.02795234 0.03767941 0.02410435 0.02337507 0.02000694 0.02245998 0.01704821 0.01229738 0.02245998 0.02245998 0.01692474 0.01281970 0.01653746 0.02245998 0.01569461 0.02245998 0.02676484 0.04004011 0.01151317 0.01431861 0.02417302 0.02245998 0.02417302 0.02245998 0.01086302 0.01261858 0.01465018 0.01418513 0.01541241 0.02241744 0.02094936 0.01416237 0.02365851 0.01265684 0.01653285 0.01247325 0.02245998 0.02051939 0.02561285 0.01999559 0.02041289 0.01963819 0.02355878 0.02122901 0.02779747 0.03202845 0.02213065 0.02410435 0.01448636 0.02060759 0.02410435 0.03298976 0.02075080 0.03337554 0.02410435 0.01742736 0.03157595 0.03641598 0.03994957 0.02410435 0.03495298 0.03863089 0.02508872 0.02410435 0.02174375 0.01924004 0.01386611 0.03780219 0.02402595 0.02250281 0.01636343 0.02245998 0.02308457 0.03632061 0.02681172 0.02245998 0.04182113 0.03532063 0.02245998 0.02245998 0.04226196 0.01450344 0.01932414 0.01396916 0.01355793 0.01465018 0.01041528 0.01693422 0.02103387 0.02758637 0.02943985 0.02560528 0.02534668 0.02574273 0.01981660 0.03898034 0.01643431 0.02255595 0.01891845 0.01787565 0.01927857 0.02245998 0.02245998 0.03017732 0.02964093 0.01315739 0.02245998 0.02026824 0.01465018 0.02789306 0.03035839 0.01514365 0.02070779 0.01949147 0.01024191 0.01465018 0.02371791 0.01827798 0.02100061 0.01229738 0.03723125 0.03072077 0.01438319 0.02561648 0.01310555 
0.03127185 0.06428531 0.00000000 0.02607042 0.03570482 0.02615394 0.03048577 0.01761287 0.02286491 0.02463018 0.01396391 0.02286491 0.02286491 0.02240327 0.01934345 0.01105828 0.02286491 0.02296017 0.02286491 0.02442095 0.03599799 0.01755567 0.00896997 0.02671906 0.02286491 0.02671906 0.02286491 0.01644826 0.01472718 0.01827308 0.01809053 0.01186011 0.01997524 0.02443119 0.01822452 0.02018385 0.01875574 0.02151393 0.01656524 0.02286491 0.02125774 0.02226465 0.02280542 0.02287060 0.01695814 0.01954791 0.02499652 0.02545949 0.02861207 0.01906779 0.02615394 0.02018140 0.02777144 0.02615394 0.03166864 0.02328831 0.03308713 0.02615394 0.01248069 0.02753170 0.04595685 0.04078792 0.02615394 0.03109809 0.03513686 0.02139155 0.02615394 0.02471370 0.01191890 0.00580995 0.03601091 0.02186203 0.02534745 0.00624077 0.02286491 0.01593053 0.03683043 0.01877573 0.02286491 0.04260225 0.04294881 0.02286491 0.02286491 0.03896431 0.01751055 0.01364235 0.01701717 0.00837272 0.01827308 0.01479379 0.02443713 0.01858477 0.02333293 0.02403881 0.02269890 0.02348002 0.02127449 0.01000520 0.03657020 0.01967039 0.01781956 0.01973506 0.02114200 0.01378575 0.02286491 0.02286491 0.02557943 0.02678928 0.00665290 0.02286491 0.01783035 0.01827308 0.02700467 0.02618063 0.01739984 0.01716890 0.02613332 0.01563538 0.01827308 0.01887269 0.01214967 0.01449430 0.01396391 0.03868536 0.03884934 0.01674647 0.02135963 0.01698623 
0.04252758 0.02795234 0.02607042 0.00000000 0.03197217 0.01420907 0.03821645 0.02078750 0.02029714 0.02150634 0.02554495 0.02029714 0.02029714 0.01875566 0.03585910 0.02303821 0.02029714 0.02326738 0.02029714 0.02695250 0.01781112 0.02165055 0.01982069 0.01205031 0.02029714 0.01205031 0.02029714 0.01457271 0.01974548 0.01920521 0.02011141 0.02095235 0.02056068 0.01757686 0.01008491 0.01401929 0.02097197 0.01362393 0.02188574 0.02029714 0.02293788 0.02359205 0.03800760 0.04102523 0.02225426 0.02858595 0.02885043 0.01421903 0.01550892 0.02391419 0.01420907 0.02678808 0.03715928 0.01420907 0.02748720 0.01101297 0.03685914 0.01420907 0.02579000 0.01907766 0.03407879 0.02925672 0.01420907 0.02707430 0.01177066 0.02628185 0.01420907 0.01551995 0.03952222 0.03428503 0.02804013 0.02562468 0.01386535 0.03987170 0.02029714 0.02426279 0.03177984 0.02427434 0.02029714 0.03364794 0.02654530 0.02029714 0.02029714 0.00736046 0.02290103 0.02285184 0.02200743 0.02374053 0.01920521 0.01236404 0.02823119 0.01837675 0.02389748 0.03551696 0.02418170 0.03013154 0.01688113 0.03223462 0.03488291 0.03766874 0.02608031 0.01769842 0.02696813 0.02116684 0.02029714 0.02029714 0.02023995 0.01017113 0.02341450 0.02029714 0.01415141 0.01920521 0.02808107 0.01918712 0.01565989 0.03789582 0.03080267 0.01812101 0.01920521 0.02941872 0.02574604 0.02199195 0.02554495 0.02821818 0.02311213 0.01974146 0.02629347 0.01415560 
0.03686726 0.03767941 0.03570482 0.03197217 0.00000000 0.01984828 0.00719622 0.02661574 0.02153532 0.01056285 0.01469380 0.02153532 0.02153532 0.02107992 0.01655337 0.02316867 0.02153532 0.01412658 0.02153532 0.02800849 0.03564293 0.02268883 0.01271264 0.01898069 0.02153532 0.01898069 0.02153532 0.02130459 0.01790247 0.01190367 0.01117520 0.01910797 0.02339522 0.02957957 0.01656508 0.02057703 0.01067412 0.01725008 0.01089700 0.02153532 0.02297364 0.01616119 0.03402410 0.03447013 0.02734896 0.04333126 0.02311522 0.03097203 0.02658310 0.02884918 0.01984828 0.01988659 0.02028697 0.01984828 0.03464545 0.01733574 0.01718169 0.01984828 0.02789379 0.02842990 0.03550913 0.02549043 0.01984828 0.01476071 0.03220853 0.02849121 0.01984828 0.02639139 0.01351089 0.02519734 0.03538481 0.02817042 0.01958309 0.01114077 0.02153532 0.02647792 0.02372925 0.02809561 0.02153532 0.02741134 0.06259890 0.02153532 0.02153532 0.03451765 0.02333085 0.02327780 0.02272933 0.01210701 0.01190367 0.01168239 0.01986853 0.02434388 0.03248943 0.02700332 0.02545971 0.01725082 0.02268954 0.01739619 0.02328153 0.03235813 0.02248442 0.01975870 0.03003941 0.02083710 0.02153532 0.02153532 0.01264759 0.02699936 0.01565275 0.02153532 0.01665676 0.01190367 0.04153338 0.02724165 0.02241885 0.01129366 0.02254175 0.02335764 0.01190367 0.02626351 0.02991895 0.02747420 0.01469380 0.02166380 0.02774467 0.01514942 0.03371166 0.01689106 
0.01360872 0.02410435 0.02615394 0.01420907 0.01984828 0.00000000 0.02088626 0.02164355 0.02433311 0.01759121 0.01686326 0.02433311 0.02433311 0.02560316 0.02583439 0.02363429 0.02433311 0.02012291 0.02433311 0.02545577 0.01729048 0.02389947 0.02348305 0.03755215 0.02433311 0.03755215 0.02433311 0.02390128 0.01581751 0.03156344 0.03116809 0.02138319 0.02362278 0.01626422 0.02973457 0.02568655 0.02550836 0.02917767 0.02924979 0.02433311 0.02284334 0.01899139 0.01758238 0.01809599 0.01845775 0.02527874 0.01546232 0.02567386 0.02224673 0.01275614 0.03467646 0.02311746 0.01948068 0.03467646 0.01430087 0.03283110 0.01258871 0.03467646 0.01542313 0.01470746 0.01240841 0.01269679 0.03467646 0.01772082 0.02639268 0.01398268 0.03467646 0.03613862 0.02607313 0.02235103 0.01851310 0.02321064 0.03688613 0.01524269 0.02433311 0.02288726 0.01534571 0.02670341 0.02433311 0.01782118 0.01926620 0.02433311 0.02433311 0.02937247 0.01423153 0.02472424 0.01390747 0.02303148 0.03156344 0.02808658 0.01683126 0.02745231 0.02655957 0.01963557 0.02529334 0.02283412 0.02321364 0.01576775 0.02776103 0.01453021 0.02855771 0.02143680 0.01530027 0.02501512 0.02433311 0.02433311 0.02554633 0.02746007 0.01777476 0.02433311 0.02597042 0.03156344 0.02129352 0.01459161 0.01655379 0.02451892 0.01662235 0.01743852 0.03156344 0.01321367 0.01849233 0.02043700 0.01686326 0.02058873 0.02372420 0.01586572 0.01546917 0.02566541 
0.02602664 0.02337507 0.03048577 0.03821645 0.00719622 0.02088626 0.00000000 0.02000383 0.02168029 0.01689611 0.03140556 0.02168029 0.02168029 0.02687050 0.02971697 0.01260346 0.02168029 0.01613210 0.02168029 0.02515428 0.01646583 0.01768124 0.01786890 0.02027752 0.02168029 0.02027752 0.02168029 0.01887239 0.02566392 0.02948763 0.02800508 0.02088966 0.01663469 0.01955250 0.01988134 0.01523611 0.01958606 0.01715944 0.03213594 0.02168029 0.02615435 0.01504701 0.03711022 0.03832225 0.02035885 0.01917933 0.02653788 0.01517590 0.02346237 0.02444634 0.02088626 0.02308364 0.04804496 0.02088626 0.02880014 0.01766843 0.03751950 0.02088626 0.02158731 0.01699932 0.02841273 0.03212880 0.02088626 0.02673353 0.01286729 0.02263790 0.02088626 0.01780405 0.01534237 0.04174694 0.02139734 0.02638537 0.02326236 0.01700300 0.02168029 0.02673331 0.01193981 0.01343917 0.02168029 0.03571096 0.01728455 0.02168029 0.02168029 0.01075579 0.01998986 0.02236773 0.01934618 0.02517066 0.02948763 0.02243230 0.02027176 0.02076422 0.01985945 0.01127896 0.01889881 0.02274643 0.02131282 0.02807314 0.02241478 0.04019482 0.02150283 0.01877646 0.02624076 0.00779053 0.02168029 0.02168029 0.02859993 0.00979052 0.02309547 0.02168029 0.02322943 0.02948763 0.01341430 0.02384350 0.01986521 0.03192118 0.02345525 0.02082538 0.02948763 0.03810077 0.02497200 0.01572849 0.03140556 0.03247633 0.03604542 0.02604496 0.01989708 0.02212967 
0.01880392 0.02000694 0.01761287 0.02078750 0.02661574 0.02164355 0.02000383 0.00000000 0.01973336 0.02169180 0.02337764 0.01973336 0.01973336 0.02594830 0.01603869 0.01847841 0.01973336 0.01707847 0.01973336 0.03022793 0.02907398 0.03076286 0.02393776 0.02205144 0.01973336 0.02205144 0.01973336 0.02522673 0.02310598 0.02197081 0.02089818 0.02037036 0.03228421 0.02644126 0.02231029 0.02257193 0.01788963 0.02904180 0.02292107 0.01973336 0.01869355 0.02868258 0.01609027 0.01535518 0.03833207 0.02198643 0.02838303 0.02881459 0.02708101 0.02460148 0.02164355 0.01904926 0.02230305 0.02164355 0.02602161 0.02156431 0.02292202 0.02164355 0.03574347 0.02799176 0.01537928 0.03021652 0.02164355 0.02475120 0.02679522 0.02784861 0.02164355 0.02049153 0.01966797 0.02967388 0.02397378 0.03130477 0.02068768 0.02732686 0.01973336 0.01815845 0.01965993 0.01884424 0.01973336 0.02755760 0.02102135 0.01973336 0.01973336 0.02740518 0.02660332 0.02255675 0.02933330 0.02583229 0.02197081 0.02209857 0.02315818 0.01923545 0.03297127 0.01542520 0.01999016 0.01628829 0.03556198 0.02705778 0.01339884 0.01681587 0.02712336 0.02296973 0.02908848 0.01950876 0.01973336 0.01973336 0.02291449 0.02256772 0.02562141 0.01973336 0.02655359 0.02197081 0.02322215 0.02825714 0.02533616 0.01616713 0.02229493 0.03483625 0.02197081 0.01573121 0.02060883 0.03087827 0.02337764 0.02423309 0.02070302 0.02164896 0.03292564 0.02219938 
0.02141024 0.02245998 0.02286491 0.02029714 0.02153532 0.02433311 0.02168029 0.01973336 0.00000000 0.02144980 0.02421554 0.02722080 0.02722080 0.02105924 0.02359864 0.02045552 0.02722080 0.02185211 0.02722080 0.02118249 0.02443130 0.02309164 0.02021444 0.02450596 0.02722080 0.02450596 0.02722080 0.02045305 0.02352254 0.02267333 0.02276331 0.01980091 0.02031673 0.02222603 0.02221852 0.02101521 0.02086963 0.02200651 0.02342297 0.02722080 0.02677137 0.02085221 0.02493349 0.02486187 0.02028735 0.02068421 0.02262488 0.02119479 0.02207055 0.02001728 0.02433311 0.02239038 0.02169331 0.02433311 0.02061390 0.02438420 0.02006211 0.02433311 0.02054317 0.02293978 0.02010685 0.02008267 0.02433311 0.02084408 0.02288260 0.02031796 0.02433311 0.02455227 0.02214172 0.02154221 0.02066467 0.02030973 0.02460411 0.02192883 0.02722080 0.02260034 0.02211310 0.02480653 0.02722080 0.02030031 0.02328496 0.02722080 0.02722080 0.02351473 0.02266695 0.02140217 0.02265555 0.02014356 0.02267333 0.02157497 0.02114128 0.02256935 0.02233054 0.02263707 0.02103039 0.02020935 0.02291984 0.02270851 0.02189338 0.02296508 0.02199663 0.02556203 0.02189274 0.02086213 0.02722080 0.02722080 0.02100292 0.02147149 0.02089030 0.02722080 0.02213559 0.02267333 0.01962060 0.02265733 0.02307248 0.02048437 0.02108054 0.02106595 0.02267333 0.02038583 0.02017551 0.02190422 0.02421554 0.01935684 0.02044558 0.02323028 0.02232149 0.02455990 
0.03076876 0.01704821 0.02463018 0.02150634 0.01056285 0.01759121 0.01689611 0.02169180 0.02144980 0.00000000 0.01700816 0.02144980 0.02144980 0.02476190 0.04975497 0.01817849 0.02144980 0.04062853 0.02144980 0.01670608 0.02016695 0.02447063 0.04049932 0.01619082 0.02144980 0.01619082 0.02144980 0.02566014 0.02458252 0.01781437 0.02176095 0.02701930 0.02629645 0.03126370 0.02555856 0.02071384 0.04599045 0.02894766 0.02351934 0.02144980 0.02293494 0.01680039 0.01785225 0.02219116 0.01937116 0.02685914 0.02627912 0.01663447 0.01153788 0.02718594 0.01759121 0.01995436 0.02225863 0.01759121 0.03101685 0.01515762 0.03923216 0.01759121 0.03357102 0.03208845 0.03423361 0.02394832 0.01759121 0.03078756 0.01759297 0.03044560 0.01759121 0.02290651 0.02129097 0.01948564 0.02325933 0.01851956 0.01968223 0.01092220 0.02144980 0.01124335 0.02108982 0.02374628 0.02144980 0.01111180 0.02508014 0.02144980 0.02144980 0.00609961 0.03057182 0.01954055 0.03257205 0.03065045 0.01781437 0.02702262 0.04125228 0.00958761 0.01337530 0.02844206 0.02677867 0.02258786 0.01866417 0.03487614 0.01390455 0.01354293 0.01255842 0.02506721 0.02243113 0.02341829 0.02144980 0.02144980 0.02727515 0.02397878 0.03895262 0.02144980 0.02727597 0.01781437 0.02992599 0.01191859 0.03008654 0.01788032 0.04215346 0.02973919 0.01781437 0.02414540 0.02336404 0.02309717 0.01700816 0.01732003 0.01977281 0.02635645 0.01640386 0.02704579 
0.01069758 0.01229738 0.01396391 0.02554495 0.01469380 0.01686326 0.03140556 0.02337764 0.02421554 0.01700816 0.00000000 0.02421554 0.02421554 0.02820532 0.02842348 0.01477400 0.02421554 0.01739349 0.02421554 0.01399214 0.01494258 0.01848315 0.01498230 0.01560867 0.02421554 0.01560867 0.02421554 0.02593411 0.03864494 0.03633489 0.03585696 0.02268437 0.01067374 0.02352074 0.02808577 0.01151534 0.02802412 0.01423133 0.03376149 0.02421554 0.02240413 0.02761311 0.01604035 0.01690556 0.02508512 0.01551261 0.02837036 0.01999825 0.03323125 0.02498741 0.01686326 0.01333313 0.02510578 0.01686326 0.02020572 0.01626771 0.01896996 0.01686326 0.02260990 0.01192590 0.02229537 0.01912750 0.01686326 0.02924276 0.01289839 0.02637343 0.01686326 0.01633131 0.02131362 0.02464312 0.01912730 0.02362582 0.01540087 0.03255051 0.02421554 0.03248317 0.02507096 0.01608658 0.02421554 0.02494087 0.01710539 0.02421554 0.02421554 0.01442580 0.01294651 0.02706461 0.01255791 0.02477577 0.03633489 0.03162186 0.02847150 0.03039203 0.01352503 0.01348207 0.02841641 0.01963732 0.03250323 0.01515969 0.02342391 0.03756044 0.01322003 0.02036847 0.03179328 0.01591999 0.02421554 0.02421554 0.02289559 0.01064641 0.01771801 0.02421554 0.03315168 0.03633489 0.02283473 0.03686050 0.03215189 0.02673254 0.02724205 0.02791119 0.03633489 0.02657864 0.02485279 0.01576613 0.04288955 0.02189927 0.02567554 0.03820371 0.01336420 0.02647768 
0.02141024 0.02245998 0.02286491 0.02029714 0.02153532 0.02433311 0.02168029 0.01973336 0.02722080 0.02144980 0.02421554 0.00000000 0.02722080 0.02105924 0.02359864 0.02045552 0.02722080 0.02185211 0.02722080 0.02118249 0.02443130 0.02309164 0.02021444 0.02450596 0.02722080 0.02450596 0.02722080 0.02045305 0.02352254 0.02267333 0.02276331 0.01980091 0.02031673 0.02222603 0.02221852 0.02101521 0.02086963 0.02200651 0.02342297 0.02722080 0.02677137 0.02085221 0.02493349 0.02486187 0.02028735 0.02068421 0.02262488 0.02119479 0.02207055 0.02001728 0.02433311 0.02239038 0.02169331 0.02433311 0.02061390 0.02438420 0.02006211 0.02433311 0.02054317 0.02293978 0.02010685 0.02008267 0.02433311 0.02084408 0.02288260 0.02031796 0.02433311 0.02455227 0.02214172 0.02154221 0.02066467 0.02030973 0.02460411 0.02192883 0.02722080 0.02260034 0.02211310 0.02480653 0.02722080 0.02030031 0.02328496 0.02722080 0.02722080 0.02351473 0.02266695 0.02140217 0.02265555 0.02014356 0.02267333 0.02157497 0.02114128 0.02256935 0.02233054 0.02263707 0.02103039 0.02020935 0.02291984 0.02270851 0.02189338 0.02296508 0.02199663 0.02556203 0.02189274 0.02086213 0.02722080 0.02722080 0.02100292 0.02147149 0.02089030 0.02722080 0.02213559 0.02267333 0.01962060 0.02265733 0.02307248 0.02048437 0.02108054 0.02106595 0.02267333 0.02038583 0.02017551 0.02190422 0.02421554 0.01935684 0.02044558 0.02323028 0.02232149 0.02455990 
0.02141024 0.02245998 0.02286491 0.02029714 0.02153532 0.02433311 0.02168029 0.01973336 0.02722080 0.02144980 0.02421554 0.02722080 0.00000000 0.02105924 0.02359864 0.02045552 0.02722080 0.02185211 0.02722080 0.02118249 0.02443130 0.02309164 0.02021444 0.02450596 0.02722080 0.02450596 0.02722080 0.02045305 0.02352254 0.02267333 0.02276331 0.01980091 0.02031673 0.02222603 0.02221852 0.02101521 0.02086963 0.02200651 0.02342297 0.02722080 0.02677137 0.02085221 0.02493349 0.02486187 0.02028735 0.02068421 0.02262488 0.02119479 0.02207055 0.02001728 0.02433311 0.02239038 0.02169331 0.02433311 0.02061390 0.02438420 0.02006211 0.02433311 0.02054317 0.02293978 0.02010685 0.02008267 0.02433311 0.02084408 0.02288260 0.02031796 0.02433311 0.02455227 0.02214172 0.02154221 0.02066467 0.02030973 0.02460411 0.02192883 0.02722080 0.02260034 0.02211310 0.02480653 0.02722080 0.02030031 0.02328496 0.02722080 0.02722080 0.02351473 0.02266695 0.02140217 0.02265555 0.02014356 0.02267333 0.02157497 0.02114128 0.02256935 0.02233054 0.02263707 0.02103039 0.02020935 0.02291984 0.02270851 0.02189338 0.02296508 0.02199663 0.02556203 0.02189274 0.02086213 0.02722080 0.02722080 0.02100292 0.02147149 0.02089030 0.02722080 0.02213559 0.02267333 0.01962060 0.02265733 0.02307248 0.02048437 0.02108054 0.02106595 0.02267333 0.02038583 0.02017551 0.02190422 0.02421554 0.01935684 0.02044558 0.02323028 0.02232149 0.02455990 
0.02740955 0.01692474 0.02240327 0.01875566 0.02107992 0.02560316 0.02687050 0.02594830 0.02105924 0.02476190 0.02820532 0.02105924 0.02105924 0.00000000 0.02174713 0.02546892 0.02105924 0.02949474 0.02105924 0.03032694 0.01563177 0.04033970 0.02080350 0.02661888 0.02105924 0.02661888 0.02105924 0.03476748 0.02568374 0.02930170 0.03008032 0.02519575 0.02213497 0.03204636 0.02555093 0.01991229 0.02084229 0.02812315 0.03024311 0.02105924 0.01994663 0.01145348 0.01717329 0.01716396 0.02723467 0.01344633 0.01911013 0.02198394 0.02209861 0.01493641 0.02560316 0.01957103 0.01624192 0.02560316 0.01307120 0.02380102 0.01304951 0.02560316 0.02057092 0.01181971 0.01727132 0.01877482 0.02560316 0.02097218 0.01466110 0.01840018 0.02560316 0.02506974 0.02243238 0.03565103 0.01747333 0.03129852 0.02543736 0.02216461 0.02105924 0.02385947 0.02189006 0.01106111 0.02105924 0.02844631 0.02515574 0.02105924 0.02105924 0.01788491 0.03455942 0.02548781 0.03383902 0.02127191 0.02930170 0.02609726 0.03594113 0.02213184 0.02368703 0.01662406 0.01799042 0.02410883 0.01608197 0.02232754 0.01607027 0.02261248 0.01597099 0.02089971 0.04018590 0.01756863 0.02105924 0.02105924 0.02049304 0.01436572 0.02028527 0.02105924 0.02374805 0.02930170 0.01660599 0.02146770 0.02443242 0.02346020 0.03651293 0.03594560 0.02930170 0.01701994 0.02064200 0.01684449 0.02820532 0.02269133 0.02127865 0.02399752 0.02637145 0.02525001 
0.03263692 0.01281970 0.01934345 0.03585910 0.01655337 0.02583439 0.02971697 0.01603869 0.02359864 0.04975497 0.02842348 0.02359864 0.02359864 0.02174713 0.00000000 0.01441719 0.02359864 0.03012445 0.02359864 0.02039089 0.01822998 0.00969198 0.02944728 0.02594845 0.02359864 0.02594845 0.02359864 0.01829397 0.02102317 0.03383382 0.03937768 0.02531737 0.01626486 0.00676533 0.02190524 0.01655031 0.04540466 0.02498919 0.03898264 0.02359864 0.02777227 0.01685643 0.01868300 0.01991175 0.01368879 0.01955969 0.00832506 0.00978734 0.02462231 0.02220649 0.02583439 0.01321819 0.00972477 0.02583439 0.02182896 0.02151155 0.03849780 0.02583439 0.01285433 0.01881382 0.03030452 0.01059847 0.02583439 0.01714163 0.01285336 0.02153532 0.02583439 0.03074669 0.03923470 0.02951872 0.01348958 0.02486630 0.03112657 0.02672823 0.02359864 0.01601333 0.00837864 0.01183504 0.02359864 0.01832831 0.00986881 0.02359864 0.02359864 0.00830096 0.02145322 0.02298010 0.02085058 0.02276938 0.03383382 0.02572168 0.03734936 0.02574187 0.01380390 0.02886602 0.04731954 0.01709040 0.01659993 0.03162043 0.01279257 0.02116709 0.02231031 0.02001559 0.02146040 0.01112475 0.02359864 0.02359864 0.01560177 0.01809152 0.02306688 0.02359864 0.03392809 0.03383382 0.03003197 0.01949926 0.01095663 0.01962491 0.04202496 0.01822869 0.03383382 0.01442423 0.01738679 0.02957233 0.02842348 0.01794541 0.02374648 0.02552183 0.01240686 0.02569349 
0.02526850 0.01653746 0.01105828 0.02303821 0.02316867 0.02363429 0.01260346 0.01847841 0.02045552 0.01817849 0.01477400 0.02045552 0.02045552 0.02546892 0.01441719 0.00000000 0.02045552 0.03336000 0.02045552 0.02853291 0.02053767 0.03720074 0.02077599 0.02431927 0.02045552 0.02431927 0.02045552 0.03181653 0.02087135 0.01688226 0.01573355 0.02914533 0.03002153 0.03216706 0.02485471 0.02863780 0.02178986 0.02647133 0.01654076 0.02045552 0.02211863 0.02192126 0.02804273 0.02520600 0.01900455 0.01929029 0.02146813 0.02451657 0.01147338 0.02776046 0.02363429 0.03587800 0.01403961 0.02363429 0.01671816 0.02296085 0.02039915 0.02363429 0.02052150 0.02883989 0.02330001 0.02229456 0.02363429 0.02531420 0.01875037 0.02511496 0.02363429 0.02388222 0.05264684 0.02514917 0.01965713 0.02382591 0.02392343 0.03467174 0.02045552 0.03000959 0.04074055 0.03801741 0.02045552 0.02245292 0.02418910 0.02045552 0.02045552 0.02001111 0.04034344 0.02119920 0.03818391 0.01757416 0.01688226 0.02497354 0.02220734 0.01770142 0.01825882 0.03564881 0.01249064 0.03013582 0.00979155 0.01211234 0.01212842 0.02483477 0.03178861 0.02236153 0.02719615 0.03769029 0.02045552 0.02045552 0.02492859 0.03147091 0.01949598 0.02045552 0.01191500 0.01688226 0.01516818 0.01235678 0.02269459 0.02834895 0.02096311 0.02394680 0.01688226 0.02933117 0.02280161 0.02272098 0.01477400 0.02713913 0.01379758 0.02292137 0.02783131 0.02424558 
0.02141024 0.02245998 0.02286491 0.02029714 0.02153532 0.02433311 0.02168029 0.01973336 0.02722080 0.02144980 0.02421554 0.02722080 0.02722080 0.02105924 0.02359864 0.02045552 0.00000000 0.02185211 0.02722080 0.02118249 0.02443130 0.02309164 0.02021444 0.02450596 0.02722080 0.02450596 0.02722080 0.02045305 0.02352254 0.02267333 0.02276331 0.01980091 0.02031673 0.02222603 0.02221852 0.02101521 0.02086963 0.02200651 0.02342297 0.02722080 0.02677137 0.02085221 0.02493349 0.02486187 0.02028735 0.02068421 0.02262488 0.02119479 0.02207055 0.02001728 0.02433311 0.02239038 0.02169331 0.02433311 0.02061390 0.02438420 0.02006211 0.02433311 0.02054317 0.02293978 0.02010685 0.02008267 0.02433311 0.02084408 0.02288260 0.02031796 0.02433311 0.02455227 0.02214172 0.02154221 0.02066467 0.02030973 0.02460411 0.02192883 0.02722080 0.02260034 0.02211310 0.02480653 0.02722080 0.02030031 0.02328496 0.02722080 0.02722080 0.02351473 0.02266695 0.02140217 0.02265555 0.02014356 0.02267333 0.02157497 0.02114128 0.02256935 0.02233054 0.02263707 0.02103039 0.02020935 0.02291984 0.02270851 0.02189338 0.02296508 0.02199663 0.02556203 0.02189274 0.02086213 0.02722080 0.02722080 0.02100292 0.02147149 0.02089030 0.02722080 0.02213559 0.02267333 0.01962060 0.02265733 0.02307248 0.02048437 0.02108054 0.02106595 0.02267333 0.02038583 0.02017551 0.02190422 0.02421554 0.01935684 0.02044558 0.02323028 0.02232149 0.02455990 
0.03585602 0.01569461 0.02296017 0.02326738 0.01412658 0.02012291 0.01613210 0.01707847 0.02185211 0.04062853 0.01739349 0.02185211 0.02185211 0.02949474 0.03012445 0.03336000 0.02185211 0.00000000 0.02185211 0.02912938 0.02017111 0.04041675 0.02750561 0.01992653 0.02185211 0.01992653 0.02185211 0.03331337 0.01552015 0.01230982 0.01400527 0.03465542 0.02825595 0.03406882 0.01880385 0.03078938 0.03918038 0.03883248 0.00659097 0.02185211 0.02353576 0.00000000 0.01761919 0.02091075 0.01634615 0.01957790 0.02550509 0.02941529 0.01396416 0.01893256 0.02012291 0.03110319 0.02370963 0.02012291 0.02024738 0.02070353 0.02524368 0.02012291 0.01691881 0.02086480 0.03343834 0.02157398 0.02012291 0.02169420 0.01238088 0.01750547 0.02012291 0.02714511 0.02636662 0.01560012 0.01135132 0.02118256 0.02373680 0.01102223 0.02185211 0.01879850 0.04357188 0.00813920 0.02185211 0.01865970 0.02253609 0.02185211 0.02185211 0.00745351 0.04335434 0.01906060 0.04091893 0.03214481 0.01230982 0.02208490 0.04574637 0.01434992 0.01402029 0.02818525 0.02288253 0.02779012 0.00632633 0.03407377 0.01904557 0.02189422 0.03238390 0.02548680 0.02773292 0.02846712 0.02185211 0.02185211 0.01154725 0.02902974 0.02370725 0.02185211 0.01398102 0.01230982 0.02177381 0.02240336 0.01298905 0.02596057 0.04445136 0.02409515 0.01230982 0.02530860 0.02909343 0.03689605 0.01739349 0.02769231 0.02001341 0.01944615 0.03096271 0.02305855 
0.02141024 0.02245998 0.02286491 0.02029714 0.02153532 0.02433311 0.02168029 0.01973336 0.02722080 0.02144980 0.02421554 0.02722080 0.02722080 0.02105924 0.02359864 0.02045552 0.02722080 0.02185211 0.00000000 0.02118249 0.02443130 0.02309164 0.02021444 0.02450596 0.02722080 0.02450596 0.02722080 0.02045305 0.02352254 0.02267333 0.02276331 0.01980091 0.02031673 0.02222603 0.02221852 0.02101521 0.02086963 0.02200651 0.02342297 0.02722080 0.02677137 0.02085221 0.02493349 0.02486187 0.02028735 0.02068421 0.02262488 0.02119479 0.02207055 0.02001728 0.02433311 0.02239038 0.02169331 0.02433311 0.02061390 0.02438420 0.02006211 0.02433311 0.02054317 0.02293978 0.02010685 0.02008267 0.02433311 0.02084408 0.02288260 0.02031796 0.02433311 0.02455227 0.02214172 0.02154221 0.02066467 0.02030973 0.02460411 0.02192883 0.02722080 0.02260034 0.02211310 0.02480653 0.02722080 0.02030031 0.02328496 0.02722080 0.02722080 0.02351473 0.02266695 0.02140217 0.02265555 0.02014356 0.02267333 0.02157497 0.02114128 0.02256935 0.02233054 0.02263707 0.02103039 0.02020935 0.02291984 0.02270851 0.02189338 0.02296508 0.02199663 0.02556203 0.02189274 0.02086213 0.02722080 0.02722080 0.02100292 0.02147149 0.02089030 0.02722080 0.02213559 0.02267333 0.01962060 0.02265733 0.02307248 0.02048437 0.02108054 0.02106595 0.02267333 0.02038583 0.02017551 0.02190422 0.02421554 0.01935684 0.02044558 0.02323028 0.02232149 0.02455990 
0.03000885 0.02676484 0.02442095 0.02695250 0.02800849 0.02545577 0.02515428 0.03022793 0.02118249 0.01670608 0.01399214 0.02118249 0.02118249 0.03032694 0.02039089 0.02853291 0.02118249 0.02912938 0.02118249 0.00000000 0.03338120 0.04337232 0.02294675 0.02648888 0.02118249 0.02648888 0.02118249 0.02625480 0.00941389 0.01785415 0.01848127 0.02565036 0.03807259 0.02588939 0.01179920 0.03349359 0.01377869 0.02521950 0.01657233 0.02118249 0.01982755 0.01649533 0.01777151 0.01670667 0.03182522 0.01788946 0.00814916 0.02383250 0.02418155 0.02124414 0.02545577 0.02063460 0.01752535 0.02545577 0.01613340 0.02375328 0.02296045 0.02545577 0.02632752 0.02991688 0.01351965 0.02205188 0.02545577 0.01096118 0.03222164 0.01895893 0.02545577 0.02461701 0.03032977 0.02977156 0.01420395 0.03708846 0.02512027 0.02760584 0.02118249 0.01931931 0.03123955 0.02069980 0.02118249 0.03347261 0.02171653 0.02118249 0.02118249 0.03413097 0.03681612 0.02040396 0.03597639 0.02014349 0.01785415 0.01463379 0.02914440 0.02110547 0.03269027 0.01945853 0.02259292 0.02933908 0.02165310 0.02364479 0.01599550 0.01596811 0.03488621 0.02107001 0.03342130 0.02368071 0.02118249 0.02118249 0.00956054 0.02681166 0.01723624 0.02118249 0.02129813 0.01785415 0.01977135 0.02397836 0.00809887 0.02380221 0.02917697 0.02694677 0.01785415 0.01593243 0.01486963 0.02757792 0.01399214 0.02646718 0.01528779 0.01298335 0.03503860 0.01183083 
0.02638956 0.04004011 0.03599799 0.01781112 0.03564293 0.01729048 0.01646583 0.02907398 0.02443130 0.02016695 0.01494258 0.02443130 0.02443130 0.01563177 0.01822998 0.02053767 0.02443130 0.02017111 0.02443130 0.03338120 0.00000000 0.01891208 0.01836560 0.01617233 0.02443130 0.01617233 0.02443130 0.01229241 0.01369814 0.01208919 0.01255376 0.02180431 0.03135951 0.01548532 0.01287216 0.03170393 0.01318361 0.01579582 0.01489167 0.02443130 0.02267150 0.02621116 0.01760018 0.01746731 0.03062800 0.01967862 0.01491968 0.03419083 0.03915319 0.02828356 0.01729048 0.01569432 0.01577831 0.01729048 0.03097028 0.01696872 0.02427652 0.01729048 0.02736582 0.04335985 0.02347415 0.02992434 0.01729048 0.01440074 0.04305356 0.03179718 0.01729048 0.01722496 0.01971032 0.02081534 0.03187433 0.03076202 0.01613744 0.01741601 0.02443130 0.02866196 0.03879662 0.03160665 0.02443130 0.02475173 0.02855794 0.02443130 0.02443130 0.04012116 0.01379758 0.02619626 0.01348586 0.01766380 0.01208919 0.01095995 0.01993963 0.02855451 0.03535601 0.02443307 0.03364615 0.02357188 0.03024305 0.01823500 0.01619687 0.01281317 0.02902879 0.02077914 0.01424298 0.02194035 0.02443130 0.02443130 0.01587679 0.03656061 0.02110076 0.02443130 0.02573712 0.01208919 0.02777969 0.04274886 0.01443697 0.01385573 0.01841283 0.01411957 0.01208919 0.03026659 0.02339053 0.02516868 0.01494258 0.02727872 0.01923982 0.01414959 0.03481052 0.01770361 
0.03538334 0.01151317 0.01755567 0.02165055 0.02268883 0.02389947 0.01768124 0.03076286 0.02309164 0.02447063 0.01848315 0.02309164 0.02309164 0.04033970 0.00969198 0.03720074 0.02309164 0.04041675 0.02309164 0.04337232 0.01891208 0.00000000 0.03108647 0.02358111 0.02309164 0.02358111 0.02309164 0.03846560 0.01430927 0.01485133 0.01472331 0.02963585 0.03779387 0.02543574 0.01443857 0.02663311 0.01691341 0.03415760 0.00438128 0.02309164 0.02146350 0.00823567 0.01895846 0.01872148 0.03612714 0.01331271 0.00861040 0.01638213 0.01219690 0.01948457 0.02389947 0.03114247 0.01902499 0.02389947 0.01481338 0.02795569 0.02343240 0.02389947 0.02410856 0.01783473 0.02071162 0.02334612 0.02389947 0.02114137 0.01639204 0.01762444 0.02389947 0.01933663 0.02610640 0.02304830 0.00593542 0.03701354 0.02156558 0.03143165 0.02309164 0.01117824 0.03274194 0.00501417 0.02309164 0.03215121 0.03499670 0.02309164 0.02309164 0.00490323 0.04273165 0.02548117 0.04220162 0.01973685 0.01485133 0.01994973 0.04632707 0.02246824 0.02830590 0.01415418 0.01752973 0.03284489 0.01132221 0.02174035 0.00994962 0.01991761 0.02503060 0.02421103 0.03793934 0.02566239 0.02309164 0.02309164 0.01768406 0.01815097 0.01933857 0.02309164 0.01637605 0.01485133 0.01948726 0.02120450 0.01079605 0.01709605 0.03882227 0.04073194 0.01485133 0.02135481 0.02629216 0.02144863 0.01848315 0.02832350 0.02444753 0.01346727 0.03414360 0.01917632 
0.02088723 0.01431861 0.00896997 0.01982069 0.01271264 0.02348305 0.01786890 0.02393776 0.02021444 0.04049932 0.01498230 0.02021444 0.02021444 0.02080350 0.02944728 0.02077599 0.02021444 0.02750561 0.02021444 0.02294675 0.01836560 0.03108647 0.00000000 0.02424710 0.02021444 0.02424710 0.02021444 0.02342093 0.01946119 0.01593321 0.01721365 0.03662694 0.02857024 0.02634603 0.02216094 0.03064996 0.02701767 0.02693597 0.01446873 0.02021444 0.02059714 0.01658610 0.01947189 0.02294456 0.02575692 0.03594275 0.01982178 0.02267388 0.01644112 0.02581983 0.02348305 0.03493532 0.02473856 0.02348305 0.02857216 0.02654476 0.03590901 0.02348305 0.02814035 0.02569043 0.02713568 0.02250006 0.02348305 0.02156972 0.01882264 0.02314597 0.02348305 0.02248872 0.01324710 0.02480514 0.02069841 0.02412295 0.02301570 0.01158905 0.02021444 0.00625966 0.01544900 0.02011507 0.02021444 0.01508779 0.01488574 0.02021444 0.02021444 0.01619173 0.03016755 0.03349880 0.03036807 0.03800309 0.01593321 0.02309466 0.02848289 0.02463961 0.02173733 0.02375785 0.03043255 0.02774903 0.02231698 0.04716820 0.02317154 0.01287151 0.02288797 0.02697233 0.02057694 0.02643400 0.02021444 0.02021444 0.02743149 0.02531649 0.04149297 0.02021444 0.02495311 0.01593321 0.03126583 0.02008045 0.02336840 0.02820284 0.02651579 0.02572188 0.01593321 0.02038659 0.01994029 0.03374463 0.01498230 0.01872514 0.02715906 0.02079886 0.02306913 0.02172178 
0.01114667 0.02417302 0.02671906 0.01205031 0.01898069 0.03755215 0.02027752 0.02205144 0.02450596 0.01619082 0.01560867 0.02450596 0.02450596 0.02661888 0.02594845 0.02431927 0.02450596 0.01992653 0.02450596 0.02648888 0.01617233 0.02358111 0.02424710 0.00000000 0.02450596 0.04094241 0.02450596 0.02462933 0.01436533 0.03384206 0.03339193 0.02161682 0.02430622 0.01515399 0.03174604 0.02673859 0.02650725 0.03107589 0.03062902 0.02450596 0.02278345 0.01834010 0.01653191 0.01694885 0.01822164 0.02666076 0.01423573 0.02668626 0.02175089 0.01023854 0.03755215 0.02286448 0.01833422 0.03755215 0.01200334 0.03494681 0.01008490 0.03755215 0.01358595 0.01303965 0.00981455 0.01018652 0.03755215 0.01644495 0.02698771 0.01176080 0.03755215 0.03906697 0.02696063 0.02265176 0.01791408 0.02380183 0.04016669 0.01325441 0.02450596 0.02171729 0.01385177 0.02557943 0.02450596 0.01733453 0.01788043 0.02450596 0.02450596 0.03076957 0.01263878 0.02565320 0.01232345 0.02375750 0.03384206 0.02976082 0.01555358 0.02896361 0.02786024 0.01932308 0.02608391 0.02356780 0.02183223 0.01379208 0.02924910 0.01266836 0.03025055 0.02080797 0.01388286 0.02603697 0.02450596 0.02450596 0.02692538 0.02899793 0.01660644 0.02450596 0.02675159 0.03384206 0.02153013 0.01297008 0.01521953 0.02560169 0.01478143 0.01587402 0.03384206 0.01132107 0.01821680 0.01991371 0.01560867 0.02077260 0.02436818 0.01451224 0.01339450 0.02585653 
0.02141024 0.02245998 0.02286491 0.02029714 0.02153532 0.02433311 0.02168029 0.01973336 0.02722080 0.02144980 0.02421554 0.02722080 0.02722080 0.02105924 0.02359864 0.02045552 0.02722080 0.02185211 0.02722080 0.02118249 0.02443130 0.02309164 0.02021444 0.02450596 0.00000000 0.02450596 0.02722080 0.02045305 0.02352254 0.02267333 0.02276331 0.01980091 0.02031673 0.02222603 0.02221852 0.02101521 0.02086963 0.02200651 0.02342297 0.02722080 0.02677137 0.02085221 0.02493349 0.02486187 0.02028735 0.02068421 0.02262488 0.02119479 0.02207055 0.02001728 0.02433311 0.02239038 0.02169331 0.02433311 0.02061390 0.02438420 0.02006211 0.02433311 0.02054317 0.02293978 0.02010685 0.02008267 0.02433311 0.02084408 0.02288260 0.02031796 0.02433311 0.02455227 0.02214172 0.02154221 0.02066467 0.02030973 0.02460411 0.02192883 0.02722080 0.02260034 0.02211310 0.02480653 0.02722080 0.02030031 0.02328496 0.02722080 0.02722080 0.02351473 0.02266695 0.02140217 0.02265555 0.02014356 0.02267333 0.02157497 0.02114128 0.02256935 0.02233054 0.02263707 0.02103039 0.02020935 0.02291984 0.02270851 0.02189338 0.02296508 0.02199663 0.02556203 0.02189274 0.02086213 0.02722080 0.02722080 0.02100292 0.02147149 0.02089030 0.02722080 0.02213559 0.02267333 0.01962060 0.02265733 0.02307248 0.02048437 0.02108054 0.02106595 0.02267333 0.02038583 0.02017551 0.02190422 0.02421554 0.01935684 0.02044558 0.02323028 0.02232149 0.02455990 
0.01114667 0.02417302 0.02671906 0.01205031 0.01898069 0.03755215 0.02027752 0.02205144 0.02450596 0.01619082 0.01560867 0.02450596 0.02450596 0.02661888 0.02594845 0.02431927 0.02450596 0.01992653 0.02450596 0.02648888 0.01617233 0.02358111 0.02424710 0.04094241 0.02450596 0.00000000 0.02450596 0.02462933 0.01436533 0.03384206 0.03339193 0.02161682 0.02430622 0.01515399 0.03174604 0.02673859 0.02650725 0.03107589 0.03062902 0.02450596 0.02278345 0.01834010 0.01653191 0.01694885 0.01822164 0.02666076 0.01423573 0.02668626 0.02175089 0.01023854 0.03755215 0.02286448 0.01833422 0.03755215 0.01200334 0.03494681 0.01008490 0.03755215 0.01358595 0.01303965 0.00981455 0.01018652 0.03755215 0.01644495 0.02698771 0.01176080 0.03755215 0.03906697 0.02696063 0.02265176 0.01791408 0.02380183 0.04016669 0.01325441 0.02450596 0.02171729 0.01385177 0.02557943 0.02450596 0.01733453 0.01788043 0.02450596 0.02450596 0.03076957 0.01263878 0.02565320 0.01232345 0.02375750 0.03384206 0.02976082 0.01555358 0.02896361 0.02786024 0.01932308 0.02608391 0.02356780 0.02183223 0.01379208 0.02924910 0.01266836 0.03025055 0.02080797 0.01388286 0.02603697 0.02450596 0.02450596 0.02692538 0.02899793 0.01660644 0.02450596 0.02675159 0.03384206 0.02153013 0.01297008 0.01521953 0.02560169 0.01478143 0.01587402 0.03384206 0.01132107 0.01821680 0.01991371 0.01560867 0.02077260 0.02436818 0.01451224 0.01339450 0.02585653 
0.02141024 0.02245998 0.02286491 0.02029714 0.02153532 0.02433311 0.02168029 0.01973336 0.02722080 0.02144980 0.02421554 0.02722080 0.02722080 0.02105924 0.02359864 0.02045552 0.02722080 0.02185211 0.02722080 0.02118249 0.02443130 0.02309164 0.02021444 0.02450596 0.02722080 0.02450596 0.00000000 0.02045305 0.02352254 0.02267333 0.02276331 0.01980091 0.02031673 0.02222603 0.02221852 0.02101521 0.02086963 0.02200651 0.02342297 0.02722080 0.02677137 0.02085221 0.02493349 0.02486187 0.02028735 0.02068421 0.02262488 0.02119479 0.02207055 0.02001728 0.02433311 0.02239038 0.02169331 0.02433311 0.02061390 0.02438420 0.02006211 0.02433311 0.02054317 0.02293978 0.02010685 0.02008267 0.02433311 0.02084408 0.02288260 0.02031796 0.02433311 0.02455227 0.02214172 0.02154221 0.02066467 0.02030973 0.02460411 0.02192883 0.02722080 0.02260034 0.02211310 0.02480653 0.02722080 0.02030031 0.02328496 0.02722080 0.02722080 0.02351473 0.02266695 0.02140217 0.02265555 0.02014356 0.02267333 0.02157497 0.02114128 0.02256935 0.02233054 0.02263707 0.02103039 0.02020935 0.02291984 0.02270851 0.02189338 0.02296508 0.02199663 0.02556203 0.02189274 0.02086213 0.02722080 0.02722080 0.02100292 0.02147149 0.02089030 0.02722080 0.02213559 0.02267333 0.01962060 0.02265733 0.02307248 0.02048437 0.02108054 0.02106595 0.02267333 0.02038583 0.02017551 0.02190422 0.02421554 0.01935684 0.02044558 0.02323028 0.02232149 0.02455990 
0.02184885 0.01086302 0.01644826 0.01457271 0.02130459 0.02390128 0.01887239 0.02522673 0.02045305 0.02566014 0.02593411 0.02045305 0.02045305 0.03476748 0.01829397 0.03181653 0.02045305 0.03331337 0.02045305 0.02625480 0.01229241 0.03846560 0.02342093 0.02462933 0.02045305 0.02462933 0.02045305 0.00000000 0.03110905 0.02602463 0.02489340 0.03073992 0.02692370 0.04049919 0.03412364 0.02446108 0.02548728 0.02210864 0.02701535 0.02045305 0.01847844 0.01394145 0.01352656 0.01413158 0.02582730 0.01995928 0.02320344 0.03108463 0.01695143 0.02089204 0.02390128 0.02692645 0.01437441 0.02390128 0.02132501 0.02351099 0.01871155 0.02390128 0.02764013 0.02435609 0.02347239 0.02534062 0.02390128 0.02485510 0.01205241 0.01888607 0.02390128 0.02268910 0.01614108 0.02433514 0.01321622 0.02770223 0.02311571 0.02248643 0.02045305 0.01641711 0.01370225 0.00833134 0.02045305 0.02418701 0.02962883 0.02045305 0.02045305 0.01354509 0.04123117 0.02196515 0.03917318 0.02114156 0.02602463 0.03318828 0.03134492 0.02197889 0.02282335 0.01199530 0.01527709 0.01996762 0.01567367 0.01713798 0.01284081 0.01867643 0.02760617 0.02252640 0.03645004 0.02228516 0.02045305 0.02045305 0.02662898 0.02300195 0.02452973 0.02045305 0.01803123 0.02602463 0.01536238 0.01726162 0.03304090 0.01538262 0.03035251 0.03474267 0.02602463 0.02143392 0.02365620 0.01751387 0.02593411 0.02908380 0.02314278 0.02991536 0.03193257 0.03228313 
