0.00000000 0.66830926 0.23162054 0.15855331 0.24748475 0.16710993 0.16498253 0.13464490 0.11504944 0.14078273 0.21870653 0.15319797 0.09439901 0.13264182 0.16631304 0.17548000 0.08621004 0.17528483 0.19582259 0.22361098 0.17837626 0.11935199 0.17609952 0.17846956 0.11936107 0.12449608 0.18088535 0.18186717 0.17190133 0.14205494 0.27544326 0.12245527 0.20459572 0.14394727 0.19126977 0.11466252 0.10221183 0.12707468 0.19427816 0.15177508 0.11900190 0.19262470 0.16231833 0.22179767 0.10678815 0.19231733 0.10488784 0.14791338 0.17680815 0.22323245 0.18676050 0.20343307 0.08769143 0.14846195 0.13327643 0.19067017 0.13363574 0.14155068 0.15460132 0.21624828 0.24949170 0.14211296 0.18333209 0.20904625 0.27051929 0.30309916 
0.66830926 0.00000000 0.36433211 0.07943925 0.29463520 0.05901267 0.09264965 0.07830844 0.11682467 0.12252133 0.19947009 0.11695630 0.07054859 0.07723339 0.24649225 0.16352893 0.20694205 0.12831452 0.21956248 0.58249328 0.19248834 0.31182236 0.31061506 0.19324922 0.09160980 0.26329294 0.00000000 0.12229076 0.08401938 0.24524788 0.19044759 0.32675433 0.16898856 0.31574411 0.19049486 0.04795106 0.06281787 0.12806179 0.12329557 0.05717477 0.09782666 0.19124036 0.17455125 0.16809161 0.14816195 0.26079977 0.03516451 0.23259451 0.17371888 0.19867475 0.23147151 0.21484925 0.18555867 0.14045006 0.19697954 0.17047918 0.12807112 0.23424008 0.12886148 0.10516031 0.19432047 0.23006730 0.15522253 0.20089187 0.20176678 0.26149238 
0.23162054 0.36433211 0.00000000 0.15088649 0.18688953 0.19077840 0.13455550 0.18365505 0.14604284 0.15466540 0.20293462 0.20230887 0.17831848 0.15018134 0.10170009 0.14752372 0.17765137 0.13022784 0.15752427 0.16561351 0.38015861 0.24418616 0.20158447 0.13890353 0.21183753 0.08976181 0.12467606 0.09655204 0.14644787 0.12861342 0.10437268 0.16835208 0.13607853 0.16519203 0.24015314 0.24802043 0.11992031 0.17150793 0.14753533 0.18990608 0.05660998 0.17224111 0.20823220 0.16706579 0.09076367 0.44187510 0.14126201 0.46300005 0.14526397 0.26639881 0.15687644 0.18269717 0.17790149 0.21515969 0.15039988 0.19555566 0.17954987 0.19995754 0.21658429 0.13512222 0.20719156 0.14435315 0.18254534 0.16787343 0.18408297 0.26787169 
0.15855331 0.07943925 0.15088649 0.00000000 0.23503141 0.30445786 0.28120538 0.19954573 0.21923307 0.21621391 0.16370977 0.09912082 0.19303210 0.16054266 0.15754594 0.20739291 0.17147942 0.28521002 0.22150021 0.14619155 0.22014285 0.12435936 0.11604966 0.09137477 0.14505381 0.16863557 0.34243944 0.20272529 0.15353770 0.16852443 0.20535508 0.13757320 0.16457182 0.16841265 0.12672842 0.19174458 0.20337031 0.12323805 0.17091816 0.21231849 0.18287165 0.15416363 0.14721289 0.15708456 0.25234231 0.18881593 0.20406346 0.11529900 0.25963152 0.11875763 0.14051753 0.14240663 0.20584635 0.12179397 0.14390192 0.13045055 0.15939927 0.12420577 0.11937706 0.19169513 0.15649814 0.10448614 0.19857276 0.15845921 0.16932296 0.16381862 
0.24748475 0.29463520 0.18688953 0.23503141 0.00000000 0.14009385 0.22578253 0.17366829 0.15713213 0.20349116 0.23572243 0.18250295 0.12963310 0.13694239 0.14900461 0.15100141 0.21075343 0.13677411 0.33588349 0.13376757 0.20592990 0.24576124 0.29300181 0.21884139 0.14660447 0.14060896 0.13867446 0.19103527 0.11012563 0.17971798 0.23077562 0.08954918 0.18300830 0.22053186 0.21355090 0.15117461 0.21626117 0.18985842 0.14247925 0.13922235 0.14477283 0.13873857 0.19576116 0.21418265 0.04702908 0.41850431 0.15163216 0.16847297 0.09531693 0.19673437 0.17972218 0.19192229 0.08196065 0.12576789 0.12314326 0.19857748 0.19249275 0.16747307 0.20432553 0.15438855 0.22046678 0.16839125 0.17286588 0.17811795 0.15709174 0.19217242 
0.16710993 0.05901267 0.19077840 0.30445786 0.14009385 0.00000000 0.21188907 0.22392646 0.29230209 0.19754926 0.12629372 0.16774923 0.17159338 0.13736138 0.16014587 0.19291111 0.24917527 0.31279911 0.14745607 0.06898414 0.20450056 0.16540647 0.12042051 0.08906364 0.13965779 0.15670647 0.20953839 0.18801219 0.17147716 0.15409532 0.12437112 0.12206463 0.15336360 0.19591341 0.18196090 0.21673187 0.35745028 0.11217364 0.15871733 0.23016389 0.20354870 0.19662989 0.25295616 0.18809901 0.20230681 0.15043027 0.15350848 0.11182230 0.18565263 0.13553403 0.19179700 0.20420937 0.16563115 0.21765465 0.17520768 0.11999490 0.21768425 0.16569255 0.15617495 0.16601907 0.09798404 0.17924512 0.17308670 0.09396559 0.18268767 0.13654120 
0.16498253 0.09264965 0.13455550 0.28120538 0.22578253 0.21188907 0.00000000 0.37613104 0.23055413 0.26847491 0.13229931 0.09748818 0.34096492 0.29214023 0.19193330 0.16754696 0.19497255 0.16342624 0.17010550 0.08878686 0.14046706 0.08086083 0.11832278 0.13498968 0.28439027 0.18993837 0.31756718 0.17707526 0.31800990 0.17492717 0.23928219 0.17474569 0.23109291 0.09883560 0.14825264 0.18063121 0.22149271 0.12067530 0.16488985 0.11330446 0.13092122 0.14610554 0.24219492 0.10900966 0.14503912 0.18488302 0.16166018 0.24508283 0.15355629 0.16937672 0.14460825 0.18882736 0.18478211 0.15465594 0.09206409 0.19700053 0.12698458 0.10174925 0.12322399 0.18983726 0.13093912 0.22176478 0.15234036 0.17870495 0.08090626 0.12798141 
0.13464490 0.07830844 0.18365505 0.19954573 0.17366829 0.22392646 0.37613104 0.00000000 0.40558155 0.28717180 0.15396570 0.13404602 0.30695120 0.24688568 0.26645980 0.16757915 0.29279546 0.25921522 0.09033288 0.12291227 0.24234654 0.08989736 0.10293248 0.11468286 0.30027330 0.09014948 0.17795107 0.33420157 0.14880624 0.21022724 0.18727540 0.09955562 0.16345622 0.09670146 0.14808991 0.10534008 0.25374059 0.12617577 0.18919036 0.22983064 0.20179267 0.13041756 0.33211881 0.23219370 0.12400515 0.11826370 0.11545744 0.18075303 0.15615256 0.18279190 0.19310773 0.08099349 0.08777146 0.14472684 0.12081769 0.19106684 0.13332055 0.11064358 0.14347431 0.14794211 0.14177265 0.27957330 0.11793742 0.14659380 0.12697077 0.15272454 
0.11504944 0.11682467 0.14604284 0.21923307 0.15713213 0.29230209 0.23055413 0.40558155 0.00000000 0.28684740 0.12023623 0.09539793 0.29904481 0.22806948 0.19293175 0.18092869 0.25804854 0.18087761 0.15121615 0.06916383 0.19426021 0.14865031 0.13144178 0.11813010 0.13202961 0.10849187 0.20849959 0.23628449 0.37956725 0.29581740 0.16463429 0.10283039 0.14072715 0.09239072 0.15950302 0.08740743 0.30356774 0.23168339 0.35792646 0.30371661 0.23020583 0.07587172 0.30431040 0.10137112 0.20515311 0.13776384 0.16962496 0.14599082 0.14271236 0.13728964 0.18784635 0.13330127 0.12936473 0.17312003 0.09807935 0.20135041 0.13050293 0.12966193 0.09155309 0.14987089 0.10554029 0.16116530 0.24136782 0.08934863 0.08195015 0.08946952 
0.14078273 0.12252133 0.15466540 0.21621391 0.20349116 0.19754926 0.26847491 0.28717180 0.28684740 0.00000000 0.08814375 0.36443053 0.23517875 0.23592084 0.36949696 0.16273557 0.24654698 0.21632072 0.13968407 0.00792558 0.22279559 0.10303164 0.18337890 0.17162771 0.18135389 0.19335766 0.24400182 0.17207214 0.16818899 0.16846966 0.22582306 0.10854290 0.08836347 0.15944626 0.23714085 0.10938882 0.16589095 0.11090241 0.23370314 0.22783906 0.11405995 0.17103055 0.27420297 0.19469007 0.10350061 0.21165759 0.18124839 0.22211192 0.07084461 0.07811850 0.16914338 0.12968343 0.16456017 0.10004009 0.30430841 0.18532965 0.16965969 0.10261732 0.08560168 0.11371009 0.19055382 0.25104673 0.13477163 0.14046217 0.19830589 0.19112909 
0.21870653 0.19947009 0.20293462 0.16370977 0.23572243 0.12629372 0.13229931 0.15396570 0.12023623 0.08814375 0.00000000 0.50590775 0.15294973 0.16537964 0.13691759 0.15779443 0.15468706 0.12776031 0.18265449 0.16382204 0.14238032 0.24841510 0.17373501 0.17309554 0.14702045 0.18383215 0.07547385 0.13705617 0.14750774 0.18039763 0.12847925 0.12998018 0.19235131 0.15588735 0.16132625 0.28385405 0.14618746 0.31747246 0.11148445 0.36637439 0.07561094 0.41732965 0.08858097 0.15130550 0.11462104 0.26631688 0.13367977 0.26524079 0.16660010 0.14632242 0.19307948 0.18356545 0.24661715 0.23142387 0.29588312 0.20385328 0.17315635 0.20238856 0.20513966 0.13826277 0.07290935 0.07505701 0.20669019 0.26500258 0.25553936 0.21534837 
0.15319797 0.11695630 0.20230887 0.09912082 0.18250295 0.16774923 0.09748818 0.13404602 0.09539793 0.36443053 0.50590775 0.00000000 0.08845486 0.12193348 0.09043594 0.14909978 0.18691589 0.23563827 0.15598831 0.34397817 0.19445620 0.34096299 0.21718856 0.26401654 0.16884898 0.13582435 0.12350049 0.08690923 0.19239547 0.11500621 0.18743679 0.34222793 0.22234810 0.13740504 0.27039571 0.15636835 0.10404154 0.21295803 0.16067210 0.14606271 0.14986871 0.42779759 0.08536357 0.22797042 0.12882084 0.24143462 0.09922277 0.24554932 0.09798037 0.18254015 0.23050128 0.13014577 0.23282181 0.23105143 0.21514303 0.35301823 0.15904794 0.09973147 0.15754496 0.07768417 0.22815260 0.12425023 0.03591570 0.25745951 0.11302119 0.13943611 
0.09439901 0.07054859 0.17831848 0.19303210 0.12963310 0.17159338 0.34096492 0.30695120 0.29904481 0.23517875 0.15294973 0.08845486 0.00000000 0.23919234 0.24485905 0.18461585 0.20649412 0.16069190 0.14962274 0.13159454 0.17672942 0.11013748 0.11727238 0.15104900 0.30012525 0.13238462 0.25892887 0.25744767 0.14839618 0.16010677 0.22397574 0.08461853 0.19376256 0.18908401 0.12095816 0.19924966 0.29555569 0.13188247 0.19695226 0.21972279 0.14902351 0.04923149 0.17581316 0.13443089 0.18947695 0.15299092 0.23984900 0.14168706 0.20106747 0.16428230 0.20044271 0.22075550 0.15302611 0.15749498 0.17456602 0.37511342 0.22085261 0.17076588 0.11480205 0.11764901 0.08909932 0.15448853 0.11716695 0.13354831 0.13042012 0.09614898 
0.13264182 0.07723339 0.15018134 0.16054266 0.13694239 0.13736138 0.29214023 0.24688568 0.22806948 0.23592084 0.16537964 0.12193348 0.23919234 0.00000000 0.19030771 0.21863404 0.30386414 0.16472010 0.12512737 0.23742537 0.21799744 0.15848301 0.19250862 0.11607832 0.20559542 0.24407028 0.25349381 0.17315397 0.13374893 0.21811717 0.17699818 0.15931448 0.18782135 0.16194875 0.10749284 0.15824041 0.19964237 0.16194990 0.20297988 0.13672771 0.14883246 0.08624290 0.19833599 0.14002154 0.22358199 0.15097049 0.13446613 0.14045041 0.24101764 0.15506328 0.21651157 0.09737988 0.15682561 0.14670593 0.24934248 0.20489303 0.13993632 0.18219037 0.15365463 0.14969974 0.15655399 0.15289596 0.16894749 0.22122045 0.07355546 0.11238131 
0.16631304 0.24649225 0.10170009 0.15754594 0.14900461 0.16014587 0.19193330 0.26645980 0.19293175 0.36949696 0.13691759 0.09043594 0.24485905 0.19030771 0.00000000 0.19023542 0.19488838 0.06330804 0.15790678 0.18573650 0.07296934 0.08396394 0.23470673 0.20975996 0.17754957 0.06388018 0.14503035 0.16924527 0.15620966 0.23633178 0.16292832 0.24980871 0.11251461 0.21657892 0.15573939 0.25586966 0.16834039 0.15542044 0.12464618 0.29394491 0.17168626 0.20719500 0.20667620 0.15846374 0.12687459 0.16321876 0.16611505 0.20269316 0.17042043 0.21609887 0.13092145 0.10703566 0.25144028 0.19233795 0.29455115 0.12713052 0.16364582 0.06223634 0.14009132 0.16166395 0.29121517 0.23260928 0.17257099 0.06909760 0.19639648 0.21442958 
0.17548000 0.16352893 0.14752372 0.20739291 0.15100141 0.19291111 0.16754696 0.16757915 0.18092869 0.16273557 0.15779443 0.14909978 0.18461585 0.21863404 0.19023542 0.00000000 0.21714548 0.20532263 0.17180626 0.16725521 0.15567781 0.16336581 0.18793121 0.14310826 0.17722239 0.17392828 0.19014691 0.18620798 0.18040127 0.17025183 0.15686358 0.17509270 0.18558997 0.15605593 0.15639772 0.15986564 0.16897126 0.16278316 0.16982839 0.16820057 0.20166411 0.15283355 0.16146438 0.20805820 0.15784576 0.15293309 0.20785746 0.15344183 0.18958752 0.16702911 0.16293839 0.15640434 0.15700583 0.17314846 0.16090333 0.17371949 0.19786777 0.16649621 0.16811176 0.20078900 0.16229189 0.15516881 0.18616207 0.15187858 0.15899411 0.18568565 
0.08621004 0.20694205 0.17765137 0.17147942 0.21075343 0.24917527 0.19497255 0.29279546 0.25804854 0.24654698 0.15468706 0.18691589 0.20649412 0.30386414 0.19488838 0.21714548 0.00000000 0.16608850 0.16525716 0.09132210 0.17575551 0.14659550 0.13931652 0.10680395 0.16127453 0.25661850 0.21859358 0.18556085 0.13111383 0.17814173 0.16821235 0.13602595 0.23747485 0.11026854 0.12721203 0.15966060 0.19491775 0.15191643 0.15588512 0.18470614 0.22414065 0.15670577 0.20305063 0.13476429 0.20421979 0.17766062 0.15613631 0.15402266 0.16356168 0.14925533 0.18867396 0.13213629 0.18196203 0.12734958 0.13899327 0.25615225 0.14568776 0.12401320 0.13754928 0.14915814 0.12994129 0.18257294 0.12646489 0.15958326 0.16489000 0.14284929 
0.17528483 0.12831452 0.13022784 0.28521002 0.13677411 0.31279911 0.16342624 0.25921522 0.18087761 0.21632072 0.12776031 0.23563827 0.16069190 0.16472010 0.06330804 0.20532263 0.16608850 0.00000000 0.16122893 0.12696843 0.22957096 0.13879653 0.11676311 0.24606987 0.19856287 0.21522626 0.30607643 0.19212616 0.21671247 0.13219497 0.09420784 0.08690289 0.17287384 0.10220692 0.07161661 0.13822657 0.19527288 0.17947496 0.24659147 0.20825528 0.20093606 0.16449758 0.22521185 0.16270309 0.13939789 0.10144600 0.50939844 0.10990152 0.21069170 0.18135492 0.13500118 0.11708992 0.17093886 0.15144398 0.15322574 0.04607815 0.15611323 0.23988376 0.20097714 0.29815781 0.20399806 0.20367133 0.12453045 0.10032577 0.13041345 0.11194196 
0.19582259 0.21956248 0.15752427 0.22150021 0.33588349 0.14745607 0.17010550 0.09033288 0.15121615 0.13968407 0.18265449 0.15598831 0.14962274 0.12512737 0.15790678 0.17180626 0.16525716 0.16122893 0.00000000 0.28744076 0.27260018 0.25569086 0.13042807 0.19918901 0.25502156 0.29244270 0.06907477 0.09432525 0.16952904 0.16084609 0.20590114 0.21387569 0.25057267 0.10818217 0.21471138 0.25125143 0.22914903 0.16778288 0.08474082 0.20704165 0.17663098 0.19898909 0.25109728 0.18261825 0.18091753 0.17709814 0.18050928 0.24625914 0.16374061 0.09499642 0.18638784 0.16433911 0.15643583 0.14264633 0.18027640 0.12057680 0.11961859 0.28555765 0.28297855 0.21191534 0.12695447 0.18015148 0.11945507 0.25931674 0.12916016 0.19856565 
0.22361098 0.58249328 0.16561351 0.14619155 0.13376757 0.06898414 0.08878686 0.12291227 0.06916383 0.00792558 0.16382204 0.34397817 0.13159454 0.23742537 0.18573650 0.16725521 0.09132210 0.12696843 0.28744076 0.00000000 0.13349328 0.79085896 0.41737005 0.46385888 0.20860043 0.24699147 0.19096838 0.19571214 0.13996274 0.19474636 0.20718085 0.11028559 0.25199844 0.09162093 0.25200604 0.08336380 0.04406688 0.13771706 0.11055324 0.09123014 0.09806710 0.16146908 0.08967983 0.27516804 0.14553249 0.15334518 0.13275881 0.14448499 0.66074079 0.13398818 0.15024071 0.16273475 0.17497721 0.07874762 0.20430806 0.22343375 0.12313937 0.13128255 0.09009817 0.12458459 0.16101624 0.11638214 0.11641148 0.16235830 0.11748612 0.22394986 
0.17837626 0.19248834 0.38015861 0.22014285 0.20592990 0.20450056 0.14046706 0.24234654 0.19426021 0.22279559 0.14238032 0.19445620 0.17672942 0.21799744 0.07296934 0.15567781 0.17575551 0.22957096 0.27260018 0.13349328 0.00000000 0.17244160 0.29304212 0.18675476 0.28008026 0.13847515 0.19898236 0.11437167 0.15547531 0.12591887 0.18917886 0.12829279 0.11478057 0.24491040 0.15762127 0.17658258 0.23829325 0.19422761 0.11435812 0.17473775 0.07318623 0.20522667 0.12723603 0.08908980 0.16912518 0.45215854 0.13509291 0.23725676 0.11634138 0.20285519 0.21486079 0.10289886 0.19610692 0.12921629 0.22411948 0.10463727 0.14786625 0.13141401 0.13850949 0.10243493 0.16822672 0.18130824 0.23710712 0.16929955 0.10659430 0.25154727 
0.11935199 0.31182236 0.24418616 0.12435936 0.24576124 0.16540647 0.08086083 0.08989736 0.14865031 0.10303164 0.24841510 0.34096299 0.11013748 0.15848301 0.08396394 0.16336581 0.14659550 0.13879653 0.25569086 0.79085896 0.17244160 0.00000000 0.29339054 0.44784623 0.27052264 0.11325955 0.04730230 0.11212290 0.17605024 0.07884078 0.15184308 0.20854875 0.12759753 0.12619628 0.14047952 0.22671985 0.11612183 0.11128129 0.16563795 0.24570559 0.12533912 0.16875432 0.09277156 0.15747389 0.10647474 0.13202655 0.10065443 0.11099106 0.25079279 0.26365489 0.09616587 0.15507696 0.32385787 0.24582817 0.23892538 0.08501274 0.13612168 0.16714525 0.20864510 0.20446917 0.10524518 0.27028954 0.06221030 0.19730941 0.23245943 0.14178815 
0.17609952 0.31061506 0.20158447 0.11604966 0.29300181 0.12042051 0.11832278 0.10293248 0.13144178 0.18337890 0.17373501 0.21718856 0.11727238 0.19250862 0.23470673 0.18793121 0.13931652 0.11676311 0.13042807 0.41737005 0.29304212 0.29339054 0.00000000 0.26107334 0.13455317 0.24027975 0.12012212 0.14392961 0.15029958 0.14859612 0.18705427 0.13530093 0.17166602 0.12632854 0.17458769 0.13506653 0.13694074 0.08510948 0.14437199 0.27535005 0.23256677 0.13032806 0.19180034 0.13465777 0.15143119 0.28846794 0.12753398 0.21707377 0.22667794 0.16413676 0.13513659 0.13997268 0.13051981 0.12975120 0.16230330 0.08742400 0.11569060 0.17531758 0.19136031 0.14301942 0.15963288 0.26276571 0.14002295 0.17785514 0.19944040 0.21940103 
0.17846956 0.19324922 0.13890353 0.09137477 0.21884139 0.08906364 0.13498968 0.11468286 0.11813010 0.17162771 0.17309554 0.26401654 0.15104900 0.11607832 0.20975996 0.14310826 0.10680395 0.24606987 0.19918901 0.46385888 0.18675476 0.44784623 0.26107334 0.00000000 0.16054706 0.20988369 0.12271112 0.07582416 0.11145238 0.14252885 0.08450721 0.16088849 0.19612078 0.14033340 0.23000084 0.18710756 0.11316368 0.12453513 0.23210182 0.15114153 0.18231703 0.22841106 0.15060276 0.18286721 0.15373653 0.19780921 0.23695254 0.10940194 0.26812709 0.17059446 0.28339320 0.18761118 0.31646530 0.10854978 0.29404916 0.19250884 0.13263816 0.32982690 0.16066283 0.12134467 0.15623180 0.21327405 0.19199993 0.18766282 0.15451895 0.24477547 
0.11936107 0.09160980 0.21183753 0.14505381 0.14660447 0.13965779 0.28439027 0.30027330 0.13202961 0.18135389 0.14702045 0.16884898 0.30012525 0.20559542 0.17754957 0.17722239 0.16127453 0.19856287 0.25502156 0.20860043 0.28008026 0.27052264 0.13455317 0.16054706 0.00000000 0.32380007 0.22564497 0.04541878 0.20961511 0.11828768 0.12398759 0.11890124 0.16300689 0.07916705 0.21746837 0.16419217 0.19743825 0.20321239 0.20605754 0.27227863 0.14809611 0.11416619 0.20160011 0.19362132 0.14886116 0.10132828 0.22183819 0.11858092 0.23102695 0.14601928 0.13981933 0.19162610 0.20156471 0.18093361 0.17315974 0.19588689 0.13952737 0.15703034 0.24978999 0.14402995 0.10384737 0.18400947 0.19389533 0.12027052 0.10446186 0.13491670 
0.12449608 0.26329294 0.08976181 0.16863557 0.14060896 0.15670647 0.18993837 0.09014948 0.10849187 0.19335766 0.18383215 0.13582435 0.13238462 0.24407028 0.06388018 0.17392828 0.25661850 0.21522626 0.29244270 0.24699147 0.13847515 0.11325955 0.24027975 0.20988369 0.32380007 0.00000000 0.12734055 0.12883671 0.16242300 0.15536367 0.32860180 0.22026685 0.16231365 0.11504219 0.20561151 0.10613137 0.17218724 0.12239939 0.11328409 0.14244868 0.24472987 0.22673827 0.21927585 0.21536626 0.13411556 0.21280471 0.22056441 0.22572525 0.23638145 0.20882489 0.43448875 0.19804501 0.16887165 0.12114163 0.13186077 0.14052453 0.12246318 0.05732389 0.19900273 0.27657949 0.14575818 0.22697724 0.09094597 0.18335709 0.08304685 0.13506880 
0.18088535 0.00000000 0.12467606 0.34243944 0.13867446 0.20953839 0.31756718 0.17795107 0.20849959 0.24400182 0.07547385 0.12350049 0.25892887 0.25349381 0.14503035 0.19014691 0.21859358 0.30607643 0.06907477 0.19096838 0.19898236 0.04730230 0.12012212 0.12271112 0.22564497 0.12734055 0.00000000 0.19349616 0.37091167 0.32488655 0.25586409 0.05526647 0.12840178 0.07250099 0.18924676 0.12735324 0.14464488 0.10967831 0.30159561 0.25962340 0.14019776 0.10036992 0.27282873 0.16964989 0.14038121 0.12145078 0.20119429 0.12348796 0.14279628 0.09108215 0.24680900 0.24171016 0.09056955 0.22598834 0.13427853 0.27023711 0.16409324 0.18649404 0.14689035 0.14851936 0.14509422 0.24624164 0.09499704 0.12528390 0.20102866 0.09793644 
0.18186717 0.12229076 0.09655204 0.20272529 0.19103527 0.18801219 0.17707526 0.33420157 0.23628449 0.17207214 0.13705617 0.08690923 0.25744767 0.17315397 0.16924527 0.18620798 0.18556085 0.19212616 0.09432525 0.19571214 0.11437167 0.11212290 0.14392961 0.07582416 0.04541878 0.12883671 0.19349616 0.00000000 0.23089679 0.28524940 0.15589512 0.32205736 0.25985903 0.11248764 0.27027043 0.07751434 0.25237839 0.15179486 0.28142989 0.17956817 0.56128680 0.04119541 0.18099453 0.09371901 0.30456962 0.07831935 0.20966397 0.04924188 0.15130258 0.17216756 0.17257949 0.00399945 0.13063777 0.06915239 0.06777538 0.06680285 0.11950198 0.18842731 0.09886564 0.19513713 0.13810179 0.17451118 1.03279317 0.04784901 0.11983298 0.10818320 
0.17190133 0.08401938 0.14644787 0.15353770 0.11012563 0.17147716 0.31800990 0.14880624 0.37956725 0.16818899 0.14750774 0.19239547 0.14839618 0.13374893 0.15620966 0.18040127 0.13111383 0.21671247 0.16952904 0.13996274 0.15547531 0.17605024 0.15029958 0.11145238 0.20961511 0.16242300 0.37091167 0.23089679 0.00000000 0.22975143 0.38654403 0.12241287 0.15196902 0.06728208 0.10560634 0.12683897 0.19148956 0.31549477 0.24186255 0.24771222 0.20258008 0.15958323 0.23508158 0.12913099 0.13635152 0.14763415 0.17646019 0.07034379 0.15768804 0.11373516 0.23986152 0.13566343 0.15013136 0.24348671 0.16816401 0.14832530 0.20791394 0.15811475 0.26790847 0.12725444 0.15679307 0.24672534 0.26173313 0.11622736 0.07208579 0.05035749 
0.14205494 0.24524788 0.12861342 0.16852443 0.17971798 0.15409532 0.17492717 0.21022724 0.29581740 0.16846966 0.18039763 0.11500621 0.16010677 0.21811717 0.23633178 0.17025183 0.17814173 0.13219497 0.16084609 0.19474636 0.12591887 0.07884078 0.14859612 0.14252885 0.11828768 0.15536367 0.32488655 0.28524940 0.22975143 0.00000000 0.28528466 0.16953960 0.24790567 0.18405467 0.18446700 0.21446881 0.16643481 0.18925494 0.36561221 0.25822336 0.27511738 0.17671464 0.14507139 0.11788946 0.24874095 0.10804419 0.16197973 0.02794569 0.19736531 0.13558611 0.11088910 0.16023806 0.18528074 0.16720128 0.17736694 0.09773275 0.16715312 0.22121091 0.35570302 0.14294674 0.16869823 0.13523177 0.23911871 0.11135252 0.23287624 0.09610249 
0.27544326 0.19044759 0.10437268 0.20535508 0.23077562 0.12437112 0.23928219 0.18727540 0.16463429 0.22582306 0.12847925 0.18743679 0.22397574 0.17699818 0.16292832 0.15686358 0.16821235 0.09420784 0.20590114 0.20718085 0.18917886 0.15184308 0.18705427 0.08450721 0.12398759 0.32860180 0.25586409 0.15589512 0.38654403 0.28528466 0.00000000 0.25966066 0.23228375 0.18028888 0.22086767 0.17099975 0.18132815 0.28222913 0.27035748 0.13516591 0.21179131 0.22067408 0.17909801 0.17087939 0.17149630 0.05776978 0.20335350 0.17269243 0.09360464 0.19785147 0.13390697 0.10183616 0.17719698 0.11035234 0.13740331 0.17941509 0.17055716 0.21989779 0.11401061 0.09113473 0.18099192 0.16535305 0.10128298 0.17096982 0.13841709 0.13301019 
0.12245527 0.32675433 0.16835208 0.13757320 0.08954918 0.12206463 0.17474569 0.09955562 0.10283039 0.10854290 0.12998018 0.34222793 0.08461853 0.15931448 0.24980871 0.17509270 0.13602595 0.08690289 0.21387569 0.11028559 0.12829279 0.20854875 0.13530093 0.16088849 0.11890124 0.22026685 0.05526647 0.32205736 0.12241287 0.16953960 0.25966066 0.00000000 0.21128789 0.37115123 0.18659678 0.20995486 0.15430353 0.19364323 0.11474907 0.12245165 0.16953154 0.20232710 0.14077288 0.19365172 0.09556292 0.20496820 0.13235038 0.21356915 0.06250966 0.18512792 0.21112329 0.27888178 0.16380701 0.24227996 0.21547234 0.13952487 0.17473867 0.22853903 0.26705856 0.14159588 0.45599903 0.12497053 0.39020374 0.21096330 0.15897246 0.16579876 
0.20459572 0.16898856 0.13607853 0.16457182 0.18300830 0.15336360 0.23109291 0.16345622 0.14072715 0.08836347 0.19235131 0.22234810 0.19376256 0.18782135 0.11251461 0.18558997 0.23747485 0.17287384 0.25057267 0.25199844 0.11478057 0.12759753 0.17166602 0.19612078 0.16300689 0.16231365 0.12840178 0.25985903 0.15196902 0.24790567 0.23228375 0.21128789 0.00000000 0.31300987 0.42637131 0.10197228 0.27006811 0.23211378 0.30359781 0.16888612 0.25248949 0.12422654 0.14518537 0.15122960 0.35851070 0.11043297 0.19849593 0.13603803 0.08058909 0.12064534 0.10109482 0.13894145 0.11249923 0.16368127 0.19669605 0.11330402 0.17450229 0.05482156 0.18419372 0.17172976 0.21793479 0.08211397 0.11349377 0.13694537 0.18236863 0.06798616 
0.14394727 0.31574411 0.16519203 0.16841265 0.22053186 0.19591341 0.09883560 0.09670146 0.09239072 0.15944626 0.15588735 0.13740504 0.18908401 0.16194875 0.21657892 0.15605593 0.11026854 0.10220692 0.10818217 0.09162093 0.24491040 0.12619628 0.12632854 0.14033340 0.07916705 0.11504219 0.07250099 0.11248764 0.06728208 0.18405467 0.18028888 0.37115123 0.31300987 0.00000000 0.30205663 0.22817104 0.10070320 0.28482834 0.19852844 0.15824791 0.11818252 0.25443198 0.16344388 0.20500306 0.17477603 0.16313549 0.12877074 0.20142205 0.12369194 0.29513465 0.17780904 0.24510000 0.12929869 0.29456452 0.21929039 0.16018841 0.16781641 0.21166345 0.09161781 0.11822473 0.25731409 0.51893242 0.15707610 0.47520083 0.19595613 0.24326685 
0.19126977 0.19049486 0.24015314 0.12672842 0.21355090 0.18196090 0.14825264 0.14808991 0.15950302 0.23714085 0.16132625 0.27039571 0.12095816 0.10749284 0.15573939 0.15639772 0.12721203 0.07161661 0.21471138 0.25200604 0.15762127 0.14047952 0.17458769 0.23000084 0.21746837 0.20561151 0.18924676 0.27027043 0.10560634 0.18446700 0.22086767 0.18659678 0.42637131 0.30205663 0.00000000 0.29624454 0.16830321 0.19195981 0.20714530 0.12654271 0.09685035 0.21748336 0.09979539 0.15319337 0.27501315 0.18307669 0.08203737 0.18948867 0.15225762 0.05814637 0.12434024 0.19791871 0.23497082 0.20565004 0.22200748 0.18785510 0.14671601 0.14286818 0.10820528 0.11649084 0.19932922 0.11863714 0.16434421 0.20877973 0.30358990 0.26589774 
0.11466252 0.04795106 0.24802043 0.19174458 0.15117461 0.21673187 0.18063121 0.10534008 0.08740743 0.10938882 0.28385405 0.15636835 0.19924966 0.15824041 0.25586966 0.15986564 0.15966060 0.13822657 0.25125143 0.08336380 0.17658258 0.22671985 0.13506653 0.18710756 0.16419217 0.10613137 0.12735324 0.07751434 0.12683897 0.21446881 0.17099975 0.20995486 0.10197228 0.22817104 0.29624454 0.00000000 0.22708213 0.22303126 0.17842532 0.10974010 0.16303554 0.29414500 0.22961065 0.23920895 0.19498730 0.34807424 0.11207532 0.25123787 0.12222761 0.18775591 0.16992192 0.28522682 0.28734288 0.21070352 0.18036752 0.13629873 0.12239965 0.14204074 0.16097668 0.14719395 0.10933125 0.14798082 0.08696688 0.28531657 0.39774514 0.26499049 
0.10221183 0.06281787 0.11992031 0.20337031 0.21626117 0.35745028 0.22149271 0.25374059 0.30356774 0.16589095 0.14618746 0.10404154 0.29555569 0.19964237 0.16834039 0.16897126 0.19491775 0.19527288 0.22914903 0.04406688 0.23829325 0.11612183 0.13694074 0.11316368 0.19743825 0.17218724 0.14464488 0.25237839 0.19148956 0.16643481 0.18132815 0.15430353 0.27006811 0.10070320 0.16830321 0.22708213 0.00000000 0.21837551 0.24914924 0.27879184 0.39070539 0.13782634 0.21720896 0.14539565 0.22951809 0.11297594 0.23534412 0.19267709 0.17288032 0.11607937 0.16788598 0.09839157 0.11810449 0.10867399 0.10378411 0.12087821 0.15865062 0.18848672 0.24909400 0.15157496 0.13784189 0.15115932 0.11482242 0.11324038 0.15659215 0.11858628 
0.12707468 0.12806179 0.17150793 0.12323805 0.18985842 0.11217364 0.12067530 0.12617577 0.23168339 0.11090241 0.31747246 0.21295803 0.13188247 0.16194990 0.15542044 0.16278316 0.15191643 0.17947496 0.16778288 0.13771706 0.19422761 0.11128129 0.08510948 0.12453513 0.20321239 0.12239939 0.10967831 0.15179486 0.31549477 0.18925494 0.28222913 0.19364323 0.23211378 0.28482834 0.19195981 0.22303126 0.21837551 0.00000000 0.35579381 0.27424213 0.30039566 0.27042179 0.29166526 0.16166982 0.09028941 0.16019040 0.16531088 0.20313993 0.19694809 0.20970845 0.12251057 0.20891917 0.13531490 0.15212754 0.11669371 0.16933605 0.15066139 0.17114282 0.15555911 0.11472523 0.21011807 0.22905852 0.14562978 0.12486043 0.20528459 0.17207348 
0.19427816 0.12329557 0.14753533 0.17091816 0.14247925 0.15871733 0.16488985 0.18919036 0.35792646 0.23370314 0.11148445 0.16067210 0.19695226 0.20297988 0.12464618 0.16982839 0.15588512 0.24659147 0.08474082 0.11055324 0.11435812 0.16563795 0.14437199 0.23210182 0.20605754 0.11328409 0.30159561 0.28142989 0.24186255 0.36561221 0.27035748 0.11474907 0.30359781 0.19852844 0.20714530 0.17842532 0.24914924 0.35579381 0.00000000 0.20648224 0.20016267 0.13525071 0.17121250 0.11485327 0.19240221 0.08536090 0.15827492 0.13574344 0.19998777 0.23412553 0.16479574 0.10317357 0.21302925 0.12743110 0.12673469 0.14773097 0.16903791 0.11900742 0.17010587 0.14295363 0.10191879 0.18697348 0.17646791 0.13230928 0.13796202 0.15262799 
0.15177508 0.05717477 0.18990608 0.21231849 0.13922235 0.23016389 0.11330446 0.22983064 0.30371661 0.22783906 0.36637439 0.14606271 0.21972279 0.13672771 0.29394491 0.16820057 0.18470614 0.20825528 0.20704165 0.09123014 0.17473775 0.24570559 0.27535005 0.15114153 0.27227863 0.14244868 0.25962340 0.17956817 0.24771222 0.25822336 0.13516591 0.12245165 0.16888612 0.15824791 0.12654271 0.10974010 0.27879184 0.27424213 0.20648224 0.00000000 0.24972935 0.23393507 0.20550498 0.14726255 0.12314966 0.15634078 0.21713748 0.13895671 0.05859557 0.18920830 0.18994747 0.23880355 0.23236850 0.20497189 0.08722635 0.15712891 0.14982447 0.16831793 0.18354977 0.15090804 0.07142924 0.09203305 0.08820450 0.13885662 0.12007767 0.21616272 
0.11900190 0.09782666 0.05660998 0.18287165 0.14477283 0.20354870 0.13092122 0.20179267 0.23020583 0.11405995 0.07561094 0.14986871 0.14902351 0.14883246 0.17168626 0.20166411 0.22414065 0.20093606 0.17663098 0.09806710 0.07318623 0.12533912 0.23256677 0.18231703 0.14809611 0.24472987 0.14019776 0.56128680 0.20258008 0.27511738 0.21179131 0.16953154 0.25248949 0.11818252 0.09685035 0.16303554 0.39070539 0.30039566 0.20016267 0.24972935 0.00000000 0.13538818 0.21593844 0.16152402 0.23946384 0.01963817 0.35024375 0.05658043 0.16756376 0.07919643 0.13597357 0.15442612 0.10565622 0.14787771 0.09294243 0.11562655 0.14841099 0.15714967 0.21949003 0.27764558 0.13491919 0.08856442 0.29981633 0.15991409 0.25454193 0.09845707 
0.19262470 0.19124036 0.17224111 0.15416363 0.13873857 0.19662989 0.14610554 0.13041756 0.07587172 0.17103055 0.41732965 0.42779759 0.04923149 0.08624290 0.20719500 0.15283355 0.15670577 0.16449758 0.19898909 0.16146908 0.20522667 0.16875432 0.13032806 0.22841106 0.11416619 0.22673827 0.10036992 0.04119541 0.15958323 0.17671464 0.22067408 0.20232710 0.12422654 0.25443198 0.21748336 0.29414500 0.13782634 0.27042179 0.13525071 0.23393507 0.13538818 0.00000000 0.21202955 0.20892390 0.43774934 0.29354637 0.13970848 0.21158309 0.11124079 0.22197984 0.28986807 0.25942545 0.12451013 0.08776263 0.24792448 0.15965158 0.11531749 0.17733332 0.12967355 0.17049373 0.13735324 0.15944781 0.12030360 0.15463799 0.28846953 0.15190060 
0.16231833 0.17455125 0.20823220 0.14721289 0.19576116 0.25295616 0.24219492 0.33211881 0.30431040 0.27420297 0.08858097 0.08536357 0.17581316 0.19833599 0.20667620 0.16146438 0.20305063 0.22521185 0.25109728 0.08967983 0.12723603 0.09277156 0.19180034 0.15060276 0.20160011 0.21927585 0.27282873 0.18099453 0.23508158 0.14507139 0.17909801 0.14077288 0.14518537 0.16344388 0.09979539 0.22961065 0.21720896 0.29166526 0.17121250 0.20550498 0.21593844 0.21202955 0.00000000 0.13734256 0.18530863 0.16489313 0.18048287 0.21655339 0.11001218 0.22546354 0.18362871 0.22545265 0.10935725 0.15146696 0.15759325 0.18500237 0.16463389 0.11181435 0.13244319 0.09080891 0.17825629 0.20105401 0.14193185 0.15997702 0.21359754 0.09197686 
0.22179767 0.16809161 0.16706579 0.15708456 0.21418265 0.18809901 0.10900966 0.23219370 0.10137112 0.19469007 0.15130550 0.22797042 0.13443089 0.14002154 0.15846374 0.20805820 0.13476429 0.16270309 0.18261825 0.27516804 0.08908980 0.15747389 0.13465777 0.18286721 0.19362132 0.21536626 0.16964989 0.09371901 0.12913099 0.11788946 0.17087939 0.19365172 0.15122960 0.20500306 0.15319337 0.23920895 0.14539565 0.16166982 0.11485327 0.14726255 0.16152402 0.20892390 0.13734256 0.00000000 0.22850295 0.25507341 0.17464088 0.15314432 0.21206703 0.15280205 0.16743013 0.26574263 0.12264116 0.17646016 0.12094033 0.12427881 0.24069277 0.19017336 0.24083552 0.16393244 0.19612969 0.16826520 0.16390164 0.22581438 0.24726021 0.17466135 
0.10678815 0.14816195 0.09076367 0.25234231 0.04702908 0.20230681 0.14503912 0.12400515 0.20515311 0.10350061 0.11462104 0.12882084 0.18947695 0.22358199 0.12687459 0.15784576 0.20421979 0.13939789 0.18091753 0.14553249 0.16912518 0.10647474 0.15143119 0.15373653 0.14886116 0.13411556 0.14038121 0.30456962 0.13635152 0.24874095 0.17149630 0.09556292 0.35851070 0.17477603 0.27501315 0.19498730 0.22951809 0.09028941 0.19240221 0.12314966 0.23946384 0.43774934 0.18530863 0.22850295 0.00000000 0.25436418 0.19149124 0.09997682 0.16573787 0.09477125 0.13719839 0.16912152 0.23014163 0.17335661 0.16223653 0.15509536 0.14775317 0.21573683 0.23346814 0.18220816 0.26355192 0.07642980 0.16708032 0.19947817 0.51887348 0.22257333 
0.19231733 0.26079977 0.44187510 0.18881593 0.41850431 0.15043027 0.18488302 0.11826370 0.13776384 0.21165759 0.26631688 0.24143462 0.15299092 0.15097049 0.16321876 0.15293309 0.17766062 0.10144600 0.17709814 0.15334518 0.45215854 0.13202655 0.28846794 0.19780921 0.10132828 0.21280471 0.12145078 0.07831935 0.14763415 0.10804419 0.05776978 0.20496820 0.11043297 0.16313549 0.18307669 0.34807424 0.11297594 0.16019040 0.08536090 0.15634078 0.01963817 0.29354637 0.16489313 0.25507341 0.25436418 0.00000000 0.12000573 0.13023072 0.12779942 0.14574527 0.15731332 0.12193677 0.20402814 0.23309671 0.26158807 0.13159702 0.19330941 0.24291634 0.22074101 0.13033600 0.16393349 0.07799255 0.07558577 0.25110786 0.19493018 0.27494224 
0.10488784 0.03516451 0.14126201 0.20406346 0.15163216 0.15350848 0.16166018 0.11545744 0.16962496 0.18124839 0.13367977 0.09922277 0.23984900 0.13446613 0.16611505 0.20785746 0.15613631 0.50939844 0.18050928 0.13275881 0.13509291 0.10065443 0.12753398 0.23695254 0.22183819 0.22056441 0.20119429 0.20966397 0.17646019 0.16197973 0.20335350 0.13235038 0.19849593 0.12877074 0.08203737 0.11207532 0.23534412 0.16531088 0.15827492 0.21713748 0.35024375 0.13970848 0.18048287 0.17464088 0.19149124 0.12000573 0.00000000 0.11922113 0.26385416 0.14170597 0.10607712 0.12712749 0.16109580 0.16381684 0.12492315 0.14018070 0.18769936 0.25181854 0.12691243 0.34489076 0.10487004 0.16162640 0.36557548 0.21794519 0.10185671 0.17351136 
0.14791338 0.23259451 0.46300005 0.11529900 0.16847297 0.11182230 0.24508283 0.18075303 0.14599082 0.22211192 0.26524079 0.24554932 0.14168706 0.14045041 0.20269316 0.15344183 0.15402266 0.10990152 0.24625914 0.14448499 0.23725676 0.11099106 0.21707377 0.10940194 0.11858092 0.22572525 0.12348796 0.04924188 0.07034379 0.02794569 0.17269243 0.21356915 0.13603803 0.20142205 0.18948867 0.25123787 0.19267709 0.20313993 0.13574344 0.13895671 0.05658043 0.21158309 0.21655339 0.15314432 0.09997682 0.13023072 0.11922113 0.00000000 0.22368680 0.24121588 0.19498247 0.25797273 0.18774343 0.11718218 0.27121760 0.21708326 0.16354770 0.20275347 0.19957827 0.20246447 0.08652503 0.16683900 0.09983969 0.43636714 0.22559383 0.41202174 
0.17680815 0.17371888 0.14526397 0.25963152 0.09531693 0.18565263 0.15355629 0.15615256 0.14271236 0.07084461 0.16660010 0.09798037 0.20106747 0.24101764 0.17042043 0.18958752 0.16356168 0.21069170 0.16374061 0.66074079 0.11634138 0.25079279 0.22667794 0.26812709 0.23102695 0.23638145 0.14279628 0.15130258 0.15768804 0.19736531 0.09360464 0.06250966 0.08058909 0.12369194 0.15225762 0.12222761 0.17288032 0.19694809 0.19998777 0.05859557 0.16756376 0.11124079 0.11001218 0.21206703 0.16573787 0.12779942 0.26385416 0.22368680 0.00000000 0.27684248 0.20496094 0.11783797 0.19116001 0.21903019 0.11784950 0.11491307 0.28437529 0.12281766 0.16946010 0.25154060 0.14757949 0.13101031 0.17721428 0.11167099 0.27064455 0.15271665 
0.22323245 0.19867475 0.26639881 0.11875763 0.19673437 0.13553403 0.16937672 0.18279190 0.13728964 0.07811850 0.14632242 0.18254015 0.16428230 0.15506328 0.21609887 0.16702911 0.14925533 0.18135492 0.09499642 0.13398818 0.20285519 0.26365489 0.16413676 0.17059446 0.14601928 0.20882489 0.09108215 0.17216756 0.11373516 0.13558611 0.19785147 0.18512792 0.12064534 0.29513465 0.05814637 0.18775591 0.11607937 0.20970845 0.23412553 0.18920830 0.07919643 0.22197984 0.22546354 0.15280205 0.09477125 0.14574527 0.14170597 0.24121588 0.27684248 0.00000000 0.13342069 0.29330295 0.19756202 0.10144818 0.14743123 0.22831075 0.15571132 0.12673726 0.07318387 0.21098865 0.31134352 0.62979053 0.16026993 0.30911510 0.20955314 0.29878324 
0.18676050 0.23147151 0.15687644 0.14051753 0.17972218 0.19179700 0.14460825 0.19310773 0.18784635 0.16914338 0.19307948 0.23050128 0.20044271 0.21651157 0.13092145 0.16293839 0.18867396 0.13500118 0.18638784 0.15024071 0.21486079 0.09616587 0.13513659 0.28339320 0.13981933 0.43448875 0.24680900 0.17257949 0.23986152 0.11088910 0.13390697 0.21112329 0.10109482 0.17780904 0.12434024 0.16992192 0.16788598 0.12251057 0.16479574 0.18994747 0.13597357 0.28986807 0.18362871 0.16743013 0.13719839 0.15731332 0.10607712 0.19498247 0.20496094 0.13342069 0.00000000 0.19414234 0.19635195 0.09081673 0.10826325 0.19960396 0.23049821 0.31728427 0.16581969 0.19840520 0.19191514 0.19506060 0.14417215 0.17206835 0.21384560 0.20036402 
0.20343307 0.21484925 0.18269717 0.14240663 0.19192229 0.20420937 0.18882736 0.08099349 0.13330127 0.12968343 0.18356545 0.13014577 0.22075550 0.09737988 0.10703566 0.15640434 0.13213629 0.11708992 0.16433911 0.16273475 0.10289886 0.15507696 0.13997268 0.18761118 0.19162610 0.19804501 0.24171016 0.00399945 0.13566343 0.16023806 0.10183616 0.27888178 0.13894145 0.24510000 0.19791871 0.28522682 0.09839157 0.20891917 0.10317357 0.23880355 0.15442612 0.25942545 0.22545265 0.26574263 0.16912152 0.12193677 0.12712749 0.25797273 0.11783797 0.29330295 0.19414234 0.00000000 0.27142386 0.18817440 0.22032213 0.17581193 0.13838543 0.22145689 0.20655613 0.12750981 0.64765279 0.12787925 0.08307988 0.28483477 0.22403310 0.23447551 
0.08769143 0.18555867 0.17790149 0.20584635 0.08196065 0.16563115 0.18478211 0.08777146 0.12936473 0.16456017 0.24661715 0.23282181 0.15302611 0.15682561 0.25144028 0.15700583 0.18196203 0.17093886 0.15643583 0.17497721 0.19610692 0.32385787 0.13051981 0.31646530 0.20156471 0.16887165 0.09056955 0.13063777 0.15013136 0.18528074 0.17719698 0.16380701 0.11249923 0.12929869 0.23497082 0.28734288 0.11810449 0.13531490 0.21302925 0.23236850 0.10565622 0.12451013 0.10935725 0.12264116 0.23014163 0.20402814 0.16109580 0.18774343 0.19116001 0.19756202 0.19635195 0.27142386 0.00000000 0.26116516 0.30335876 0.10886651 0.14105385 0.44231231 0.27543579 0.14220234 0.20265837 0.19207099 0.14819157 0.14861584 0.23300579 0.14221004 
0.14846195 0.14045006 0.21515969 0.12179397 0.12576789 0.21765465 0.15465594 0.14472684 0.17312003 0.10004009 0.23142387 0.23105143 0.15749498 0.14670593 0.19233795 0.17314846 0.12734958 0.15144398 0.14264633 0.07874762 0.12921629 0.24582817 0.12975120 0.10854978 0.18093361 0.12114163 0.22598834 0.06915239 0.24348671 0.16720128 0.11035234 0.24227996 0.16368127 0.29456452 0.20565004 0.21070352 0.10867399 0.15212754 0.12743110 0.20497189 0.14787771 0.08776263 0.15146696 0.17646016 0.17335661 0.23309671 0.16381684 0.11718218 0.21903019 0.10144818 0.09081673 0.18817440 0.26116516 0.00000000 0.50140602 0.27656454 0.39375789 0.25976843 0.39819608 0.20087943 0.22753644 0.11283019 0.09153012 0.17042285 0.12715335 0.11394840 
0.13327643 0.19697954 0.15039988 0.14390192 0.12314326 0.17520768 0.09206409 0.12081769 0.09807935 0.30430841 0.29588312 0.21514303 0.17456602 0.24934248 0.29455115 0.16090333 0.13899327 0.15322574 0.18027640 0.20430806 0.22411948 0.23892538 0.16230330 0.29404916 0.17315974 0.13186077 0.13427853 0.06777538 0.16816401 0.17736694 0.13740331 0.21547234 0.19669605 0.21929039 0.22200748 0.18036752 0.10378411 0.11669371 0.12673469 0.08722635 0.09294243 0.24792448 0.15759325 0.12094033 0.16223653 0.26158807 0.12492315 0.27121760 0.11784950 0.14743123 0.10826325 0.22032213 0.30335876 0.50140602 0.00000000 0.30979036 0.15886653 0.21395590 0.11096405 0.14650727 0.24687919 0.20495149 0.12531173 0.18801173 0.22478976 0.19284067 
