0.00000000 1.29727353 0.34275904 0.29922389 0.37078660 0.23803490 0.20910460 0.05070753 0.23775548 0.15116153 0.17052858 0.19797150 0.19885472 0.20566440 0.17456323 0.20380480 0.19790596 0.34890935 0.20332018 0.19740924 0.20337032 0.30061760 0.23623642 0.19600101 0.20173102 0.15176231 0.14345728 0.14438674 0.29607569 0.23803273 0.23151357 0.27514220 0.29046280 0.22440789 0.27212379 0.14074469 0.25075009 0.12979423 0.16704522 0.20432023 0.26195674 0.26284959 0.19620391 0.27003781 0.23529065 0.16875564 0.15478010 0.30871752 0.38243978 0.52687411 0.13710461 0.23047009 0.26721012 0.13274340 0.29002578 0.28657105 0.19232618 0.26236236 0.20950287 0.27445940 0.26068788 0.17131935 0.29436735 0.28129620 0.19785104 0.50866477 
1.29727353 0.00000000 0.44346184 0.13345207 0.38142554 0.12824058 0.20424773 0.05707859 0.17079027 0.12805644 0.42027323 0.29723591 0.06546365 0.09729712 0.20423479 0.13500814 0.13178491 0.29368835 0.30652772 0.82033206 0.23782035 0.56351748 0.31949734 0.30338198 0.10106530 0.33720896 0.01415154 0.23892846 0.12880488 0.17555677 0.17936174 0.27817988 0.13072262 0.33008328 0.21809545 0.22858061 0.22359524 0.18260743 0.09763974 0.25380778 0.10829888 0.33254512 0.11762988 0.24306815 0.20276652 0.23988086 0.09471635 0.42525161 0.47444865 0.38813300 0.43341253 0.31220146 0.28819968 0.17492955 0.29664382 0.09812101 0.15773957 0.22763930 0.16331494 0.14250237 0.20582415 0.26749808 0.24984274 0.41651596 0.36449841 0.50114719 
0.34275904 0.44346184 0.00000000 0.30987228 0.42319851 0.23472788 0.19494821 0.20309114 0.17638159 0.11369496 0.29421662 0.28486281 0.22256619 0.17966901 0.20941241 0.20425294 0.25080854 0.17392739 0.27824362 0.19895525 0.80341808 0.32700136 0.23696871 0.16120248 0.29098366 0.09931481 0.10328182 0.13183122 0.31745199 0.14893976 0.17085402 0.09511061 0.14352375 0.24672302 0.27120421 0.13074914 0.32511943 0.30385177 0.31280185 0.26727607 0.24394297 0.35290856 0.28779073 0.22378064 0.14844530 0.85307661 0.19325024 0.97183201 0.29367610 0.22435002 0.29087983 0.22827582 0.18453329 0.18235849 0.28961907 0.12789510 0.17037493 0.29589322 0.11884940 0.15305271 0.19637068 0.34357674 0.18954869 0.34388222 0.21334257 0.49604811 
0.29922389 0.13345207 0.30987228 0.00000000 0.22758955 0.53175954 0.13471066 0.18892575 0.22308044 0.24777107 0.38054068 0.27442485 0.19775846 0.28485569 0.27065587 0.39954913 0.26401112 0.67954547 0.22134034 0.19936977 0.32979011 0.21046681 0.26764754 0.22571758 0.22309352 0.31109252 0.29176643 0.34643074 0.25652239 0.17582952 0.39439942 0.23264714 0.21052325 0.17517979 0.19414880 0.22616360 0.22568022 0.25795409 0.22398063 0.24824685 0.27131498 0.18613426 0.28277002 0.32046272 0.28022825 0.27399942 0.29239019 0.17384397 0.55446354 0.14382039 0.23425526 0.17657074 0.12745842 0.21647510 0.13272550 0.22266569 0.17435195 0.16810136 0.19201097 0.31645405 0.20713369 0.18666629 0.13445070 0.13290973 0.13871633 0.19345838 
0.37078660 0.38142554 0.42319851 0.22758955 0.00000000 0.33623479 0.29089798 0.21631301 0.27068914 0.30023577 0.21613797 0.22603659 0.26863396 0.26564080 0.22808842 0.22939366 0.24910907 0.26360634 0.70102194 0.23862205 0.56644126 0.17550387 0.25379820 0.13184809 0.24157803 0.19847784 0.28546421 0.19164897 0.19813230 0.17003261 0.28935616 0.23934486 0.10096405 0.36412956 0.21099575 0.24153039 0.37175525 0.14951035 0.12438958 0.13654125 0.18778471 0.30265071 0.33220263 0.45168096 0.17472231 0.90420281 0.25096634 0.28182532 0.11968708 0.30929343 0.19164261 0.26884008 0.35355378 0.11898131 0.23673891 0.16339917 0.32924462 0.33866247 0.11919766 0.16463733 0.18492907 0.11496363 0.12484745 0.22186640 0.22996502 0.16934947 
0.23803490 0.12824058 0.23472788 0.53175954 0.33623479 0.00000000 0.37424468 0.47186714 0.65581200 0.30838736 0.17737885 0.09793462 0.29062012 0.18488137 0.34960151 0.30750619 0.27208823 0.43501283 0.24646941 0.22294559 0.09747743 0.12907132 0.23496049 0.17583875 0.14557990 0.13333093 0.26435965 0.44655437 0.15765169 0.20008837 0.10227381 0.19288459 0.30821175 0.30212177 0.24691186 0.24188451 0.26259086 0.25364544 0.16835849 0.33253633 0.55198654 0.28147277 0.26626812 0.17122019 0.37563036 0.11678882 0.76984168 0.07515367 0.18406167 0.14446365 0.22550311 0.33042846 0.20906440 0.18452131 0.15909319 0.10397405 0.30743759 0.33790627 0.15815820 0.14197433 0.22322936 0.26218131 0.22131191 0.12322078 0.06489906 0.20274237 
0.20910460 0.20424773 0.19494821 0.13471066 0.29089798 0.37424468 0.00000000 0.77820891 0.39975333 0.37836788 0.28291395 0.21823946 0.27323840 0.27866836 0.25066470 0.21225808 0.27559021 0.20397402 0.64684276 0.17285051 0.18548596 0.23866341 0.30022659 0.18710537 1.03618785 0.22136754 0.19164927 0.18389368 0.36563214 0.07686630 0.28057356 0.41034555 0.23597746 0.24965795 0.23351446 0.18786048 0.19700953 0.13085556 0.16667916 0.20689640 0.25964739 0.20888330 0.35527686 0.36941156 0.28162932 0.21357370 0.20677493 0.15276617 0.11735809 0.16449031 0.20447600 0.25912247 0.33543266 0.24537799 0.16709513 0.27270301 0.21231363 0.16849334 0.27494523 0.10163985 0.15917166 0.23017897 0.13582078 0.27038317 0.13793161 0.12252020 
0.05070753 0.05707859 0.20309114 0.18892575 0.21631301 0.47186714 0.77820891 0.00000000 0.71173828 0.57976481 0.26043546 0.31272192 0.38656888 0.28662477 0.45919134 0.22804359 0.36975197 0.36212642 0.23887669 0.05986335 0.19843044 0.10674209 0.17242384 0.18309699 0.63592908 0.22605929 0.21865958 0.51634335 0.19799012 0.37896245 0.29187767 0.18211014 0.28770791 0.12543744 0.19603405 0.30321316 0.41514637 0.20024660 0.18803629 0.21026339 0.16189868 0.08705943 0.54624225 0.24975714 0.24151037 0.15820587 0.17363758 0.17731362 0.16572062 0.22315023 0.35675579 0.21570364 0.08017996 0.26231097 0.36252556 0.28609174 0.17448331 0.16881579 0.17959268 0.21685028 0.12209410 0.23623176 0.16933165 0.21589588 0.06665249 0.13777541 
0.23775548 0.17079027 0.17638159 0.22308044 0.27068914 0.65581200 0.39975333 0.71173828 0.00000000 0.59602051 0.33585114 0.27827436 0.31916518 0.36825483 0.34525057 0.25127199 0.34768712 0.14172483 0.21080216 0.12897141 0.24565426 0.12993844 0.12572817 0.28897070 0.14365522 0.18209281 0.26359950 0.37633676 0.39954653 0.65615428 0.17095223 0.10537968 0.38960339 0.21463665 0.18533291 0.20669745 0.33095227 0.37525621 0.44216760 0.29507468 0.33731629 0.05397124 0.42932006 0.10325176 0.17846251 0.25569502 0.16044297 0.20804408 0.17249983 0.11464492 0.18190261 0.12642565 0.18136874 0.28996223 0.24140098 0.32961395 0.19376720 0.04699471 0.18892704 0.15727858 0.11507464 0.10597558 0.18108877 0.13155046 0.14649108 0.14287092 
0.15116153 0.12805644 0.11369496 0.24777107 0.30023577 0.30838736 0.37836788 0.57976481 0.59602051 0.00000000 0.24218041 0.88753849 0.41117353 0.41570188 0.45996991 0.22864545 0.28994327 0.25898371 0.24528186 0.14627243 0.32087974 0.23391311 0.24462285 0.14626913 0.30045842 0.20382861 0.42725889 0.35971247 0.31709944 0.20685937 0.13839346 0.18237867 0.30003107 0.16327706 0.20149784 0.09689131 0.46400744 0.23974350 0.14301537 0.16586619 0.24957634 0.23921754 0.25428618 0.26445003 0.36483072 0.20334243 0.12837281 0.20915751 0.21855273 0.15819524 0.22663274 0.05741091 0.29709731 0.26084461 0.27120818 0.33946765 0.30074560 0.11688804 0.10449385 0.11793288 0.26709832 0.18797260 0.07403370 0.19304444 0.25361875 0.20782886 
0.17052858 0.42027323 0.29421662 0.38054068 0.21613797 0.17737885 0.28291395 0.26043546 0.33585114 0.24218041 0.00000000 0.95511917 0.34647491 0.26188639 0.16623455 0.22217446 0.22050126 0.14147253 0.22439205 0.27894431 0.17122809 0.36617081 0.16927207 0.28797411 0.12439308 0.33246186 0.11436367 0.10618169 0.25902859 0.31099138 0.23123217 0.16232807 0.18796587 0.21288372 0.18298452 0.36724726 0.17913229 0.64002919 0.39663129 0.76412663 0.15847147 0.68666595 0.39465970 0.21452776 0.19406295 0.18274114 0.23306274 0.23298872 0.07387851 0.29503992 0.12974178 0.30939842 0.24094858 0.28985408 0.25756939 0.13187340 0.15341424 0.20860340 0.20204120 0.11009747 0.20821582 0.23699128 0.19459031 0.31797857 0.28073348 0.28266041 
0.19797150 0.29723591 0.28486281 0.27442485 0.22603659 0.09793462 0.21823946 0.31272192 0.27827436 0.88753849 0.95511917 0.00000000 0.40234831 0.24779778 0.13077783 0.24068523 0.15788017 0.17539507 0.18271511 0.32521550 0.10506551 0.29389630 0.22103496 0.33248445 0.11861448 0.09959544 0.15106512 0.11889137 0.27967210 0.29954192 0.12590646 0.36913764 0.27268384 0.36012631 0.38124762 0.28085396 0.23224484 0.16571838 0.21791375 0.27573854 0.25274713 0.35831284 0.31154351 0.25474142 0.27791859 0.46124257 0.12569364 0.34496204 0.20646690 0.09716823 0.18312771 0.18080422 0.42208755 0.25251185 0.34802475 0.12448916 0.13367643 0.28186396 0.36476176 0.27095567 0.28068925 0.20387602 0.18942741 0.34488685 0.20041460 0.21972516 
0.19885472 0.06546365 0.22256619 0.19775846 0.26863396 0.29062012 0.27323840 0.38656888 0.31916518 0.41117353 0.34647491 0.40234831 0.00000000 0.41894522 0.50467426 0.29647032 0.60043865 0.27435075 0.28943644 0.14525538 0.26614321 0.30189969 0.21241046 0.21574678 0.18080559 0.20701470 0.50866550 0.19370142 0.34941533 0.16073107 0.25299442 0.27890242 0.22036255 0.30273004 0.20394542 0.25380048 0.38808692 0.27921636 0.11434079 0.27187356 0.24874368 0.29768379 0.39545981 0.15328142 0.19870494 0.15859875 0.14386630 0.25285681 0.20258512 0.23709484 0.22590749 0.19201675 0.19953065 0.24101387 0.17214074 0.26982244 0.24024587 0.11840426 0.18710011 0.27658967 0.13203538 0.22497221 0.13809364 0.13436550 0.19684980 0.23122433 
0.20566440 0.09729712 0.17966901 0.28485569 0.26564080 0.18488137 0.27866836 0.28662477 0.36825483 0.41570188 0.26188639 0.24779778 0.41894522 0.00000000 0.32970446 0.39270800 0.33950416 0.29137031 0.25564692 0.24371196 0.24642494 0.26951531 0.22469401 0.22114980 0.33215039 0.32055884 0.36033093 0.37735301 0.33321608 0.26482679 0.29497286 0.22979562 0.21848695 0.13378514 0.15403691 0.18062388 0.31029990 0.20942702 0.27714974 0.27876397 0.28169908 0.11273837 0.28224150 0.19148390 0.25035667 0.19093328 0.16110039 0.18159898 0.33308739 0.17147382 0.19773972 0.16077344 0.21045869 0.18279821 0.35027558 0.22785357 0.16477886 0.18479569 0.22187936 0.24329390 0.16624698 0.20670751 0.24849788 0.34390590 0.16149619 0.23252144 
0.17456323 0.20423479 0.20941241 0.27065587 0.22808842 0.34960151 0.25066470 0.45919134 0.34525057 0.45996991 0.16623455 0.13077783 0.50467426 0.32970446 0.00000000 0.42337164 0.63172118 0.25178860 0.08791223 0.15224283 0.25349344 0.20381377 0.21374192 0.22068117 0.31722205 0.28785375 0.42136152 0.16979119 0.29440802 0.27100358 0.18434996 0.18646676 0.27595043 0.18439151 0.26123980 0.13986257 0.37040387 0.22972858 0.29610676 0.28380804 0.26612792 0.24157543 0.40964261 0.33369597 0.29281840 0.17137796 0.13683202 0.19293611 0.30103731 0.27868973 0.24221878 0.22529063 0.25692712 0.15359694 0.14159044 0.17192587 0.25934364 0.17875681 0.25280672 0.17170070 0.26899323 0.09154884 0.20937858 0.08986592 0.20560520 0.23769274 
0.20380480 0.13500814 0.20425294 0.39954913 0.22939366 0.30750619 0.21225808 0.22804359 0.25127199 0.22864545 0.22217446 0.24068523 0.29647032 0.39270800 0.42337164 0.00000000 0.32554860 0.51787479 0.23664245 0.18750942 0.19960168 0.27258162 0.20499509 0.24260898 0.22814719 0.22360159 0.27825597 0.39032915 0.26768094 0.29712159 0.20781696 0.19884363 0.25362460 0.18145098 0.21591509 0.20215997 0.25833968 0.21539423 0.19682477 0.28339631 0.26310351 0.20812509 0.34637472 0.28014549 0.19179543 0.20057198 0.28170271 0.23499903 0.23697955 0.19893896 0.28337624 0.19366501 0.20017414 0.26145226 0.20887870 0.27474835 0.25310699 0.20529720 0.21776775 0.27505502 0.20049259 0.20009290 0.23236788 0.23046768 0.16269062 0.18866959 
0.19790596 0.13178491 0.25080854 0.26401112 0.24910907 0.27208823 0.27559021 0.36975197 0.34768712 0.28994327 0.22050126 0.15788017 0.60043865 0.33950416 0.63172118 0.32554860 0.00000000 0.25596350 0.23110553 0.17825101 0.24886462 0.20387109 0.24237308 0.22551773 0.33825302 0.30833038 0.61967056 0.23635546 0.33037302 0.19384621 0.19460486 0.20134158 0.29371612 0.16045838 0.15987358 0.30273346 0.28790704 0.20363243 0.22761484 0.12739513 0.33535336 0.25965177 0.21189381 0.21411027 0.28902783 0.17572887 0.21899943 0.22853769 0.25713021 0.26739348 0.21327983 0.11451036 0.30791955 0.19165912 0.19730557 0.28481252 0.31813781 0.17381493 0.20191506 0.22983338 0.11549770 0.19987872 0.11304925 0.10270670 0.14546940 0.20327656 
0.34890935 0.29368835 0.17392739 0.67954547 0.26360634 0.43501283 0.20397402 0.36212642 0.14172483 0.25898371 0.14147253 0.17539507 0.27435075 0.29137031 0.25178860 0.51787479 0.25596350 0.00000000 0.19834706 0.20585262 0.18245037 0.16877173 0.21804796 0.28758706 0.16483790 0.34484506 0.27747709 0.44021698 0.35714209 0.16777369 0.38427114 0.25319483 0.24077252 0.08639379 0.10130746 0.17823322 0.15405748 0.18785444 0.24846053 0.14709339 0.27802154 0.21902592 0.53036519 0.24030375 0.12126016 0.22429418 0.79851257 0.12730679 0.46297408 0.16053673 0.17400729 0.06803054 0.19741535 0.10578280 0.34158073 0.18561543 0.19157273 0.15611718 0.38545644 0.32423924 0.20440975 0.26355329 0.22688670 0.07357873 0.11036386 0.17059651 
0.20332018 0.30652772 0.27824362 0.22134034 0.70102194 0.24646941 0.64684276 0.23887669 0.21080216 0.24528186 0.22439205 0.18271511 0.28943644 0.25564692 0.08791223 0.23664245 0.23110553 0.19834706 0.00000000 0.61803279 0.59172049 0.27537627 0.39063057 0.37850861 0.40958994 0.38200700 0.19699006 0.10295968 0.15907165 0.34267872 0.22562595 0.23294316 0.16695736 0.23485197 0.38147964 0.30129169 0.18900193 0.20768852 0.26535701 0.08631821 0.23122423 0.22570063 0.34368650 0.51005653 0.17732336 0.39443859 0.25779837 0.25185303 0.19564843 0.18282533 0.28595292 0.30153954 0.23194640 0.17584498 0.13079855 0.20072484 0.18326469 0.27571482 0.24933093 0.22201134 0.24016280 0.10916952 0.19052767 0.30314862 0.08635459 0.21202613 
0.19740924 0.82033206 0.19895525 0.19936977 0.23862205 0.22294559 0.17285051 0.05986335 0.12897141 0.14627243 0.27894431 0.32521550 0.14525538 0.24371196 0.15224283 0.18750942 0.17825101 0.20585262 0.61803279 0.00000000 0.47784332 1.03243864 0.82410201 0.80865194 0.37415625 0.56659042 0.17026909 0.33344308 0.24221445 0.27909213 0.29502509 0.23455613 0.10593530 0.27631239 0.26346643 0.27332807 0.02406369 0.13062664 0.11266564 0.16886326 0.21240038 0.20680286 0.02101420 0.37720898 0.15094079 0.15913804 0.27782293 0.10692113 0.99837775 0.28682005 0.44282757 0.20200746 0.23425398 0.08575066 0.12631500 0.04328568 0.15148223 0.28108360 0.15468418 0.13132113 0.11891705 0.09209133 0.12162111 0.11111632 0.25509435 0.35338493 
0.20337032 0.23782035 0.80341808 0.32979011 0.56644126 0.09747743 0.18548596 0.19843044 0.24565426 0.32087974 0.17122809 0.10506551 0.26614321 0.24642494 0.25349344 0.19960168 0.24886462 0.18245037 0.59172049 0.47784332 0.00000000 0.53426401 0.27534179 0.30332740 0.26975789 0.21325872 0.22763598 0.08978559 0.20391166 0.14424211 0.23023490 0.20424934 0.16672080 0.22434429 0.16492380 0.17125081 0.51983714 0.15901417 0.14680122 0.26345687 0.14689719 0.30182530 0.26750945 0.19996668 0.34400357 1.19942221 0.10501178 0.29599415 0.12855310 0.32563424 0.14063912 0.25522006 0.28090671 0.06428801 0.33372925 0.22802538 0.19904901 0.25118676 0.25246557 0.12223319 0.16063917 0.19398970 0.16483292 0.18256562 0.23985475 0.21524479 
0.30061760 0.56351748 0.32700136 0.21046681 0.17550387 0.12907132 0.23866341 0.10674209 0.12993844 0.23391311 0.36617081 0.29389630 0.30189969 0.26951531 0.20381377 0.27258162 0.20387109 0.16877173 0.27537627 1.03243864 0.53426401 0.00000000 0.59057775 0.53565673 0.31037210 0.11749106 0.11244103 0.13526513 0.16790172 0.18041070 0.34130220 0.12689190 0.13877269 0.26876887 0.25863738 0.26079769 0.24363676 0.10701492 0.26836736 0.24973751 0.17316039 0.29593881 0.17436292 0.30159057 0.14189025 0.25130973 0.21193366 0.16770181 0.21620266 0.33669956 0.12626922 0.34272919 0.19617118 0.22409110 0.27664857 0.14175583 0.12605506 0.17983435 0.22182515 0.37275878 0.24266983 0.42040028 0.23664961 0.25671339 0.32429699 0.29802577 
0.23623642 0.31949734 0.23696871 0.26764754 0.25379820 0.23496049 0.30022659 0.17242384 0.12572817 0.24462285 0.16927207 0.22103496 0.21241046 0.22469401 0.21374192 0.20499509 0.24237308 0.21804796 0.39063057 0.82410201 0.27534179 0.59057775 0.00000000 0.34357296 0.31610255 0.33083637 0.24436525 0.25913224 0.19381970 0.27256735 0.27610939 0.21517030 0.10860162 0.32896359 0.25322579 0.24927801 0.20390612 0.15522767 0.12424789 0.33023927 0.16838052 0.25345136 0.28478250 0.23996444 0.12364823 0.24909765 0.18053163 0.13264514 0.31011472 0.27678300 0.34758792 0.11678664 0.25919853 0.23399908 0.34783969 0.24512575 0.21711849 0.24666496 0.31509376 0.29681707 0.28844349 0.21322088 0.31888555 0.24797957 0.19458507 0.32209016 
0.19600101 0.30338198 0.16120248 0.22571758 0.13184809 0.17583875 0.18710537 0.18309699 0.28897070 0.14626913 0.28797411 0.33248445 0.21574678 0.22114980 0.22068117 0.24260898 0.22551773 0.28758706 0.37850861 0.80865194 0.30332740 0.53565673 0.34357296 0.00000000 0.33344438 0.44220990 0.29603095 0.24571227 0.16783455 0.26401205 0.30526815 0.10148625 0.11179562 0.25380105 0.31011428 0.31526686 0.25159308 0.15960740 0.32557809 0.29667600 0.16056733 0.30511455 0.13824296 0.28297603 0.10296546 0.36297777 0.28126696 0.27876736 0.22793118 0.25052632 0.23087595 0.22002572 0.48266625 0.18507495 0.45167313 0.23379014 0.17934353 0.43035888 0.28778326 0.22568234 0.01429570 0.24609835 0.19469440 0.34204226 0.26949056 0.33087623 
0.20173102 0.10106530 0.29098366 0.22309352 0.24157803 0.14557990 1.03618785 0.63592908 0.14365522 0.30045842 0.12439308 0.11861448 0.18080559 0.33215039 0.31722205 0.22814719 0.33825302 0.16483790 0.40958994 0.37415625 0.26975789 0.31037210 0.31610255 0.33344438 0.00000000 0.47259073 0.28425324 0.24322072 0.26971119 0.20281571 0.29687976 0.28019027 0.28959455 0.08046952 0.29067749 0.10816192 0.21532058 0.19996423 0.10341279 0.30609041 0.26697860 0.13205051 0.23724023 0.42234607 0.24239400 0.20850480 0.24148985 0.29204309 0.18705360 0.23672839 0.22316879 0.24862134 0.27429785 0.18635790 0.29132029 0.24937470 0.18605134 0.24038359 0.23583304 0.16964752 0.16656522 0.13030329 0.20442389 0.26615544 0.08913965 0.14847423 
0.15176231 0.33720896 0.09931481 0.31109252 0.19847784 0.13333093 0.22136754 0.22605929 0.18209281 0.20382861 0.33246186 0.09959544 0.20701470 0.32055884 0.28785375 0.22360159 0.30833038 0.34484506 0.38200700 0.56659042 0.21325872 0.11749106 0.33083637 0.44220990 0.47259073 0.00000000 0.32002416 0.32728720 0.28116217 0.28019822 0.12879293 0.53079207 0.26445218 0.20010476 0.11814890 0.22709932 0.18427792 0.23897914 0.03734982 0.16908795 0.12728860 0.26700678 0.30226359 0.32520065 0.17860170 0.27226872 0.16037963 0.21536756 0.50372077 0.29807649 0.57636559 0.39039193 0.20577314 0.15289366 0.08646856 0.19721571 0.29772887 0.23283062 0.30046069 0.39007109 0.28326915 0.22553883 0.17376270 0.20015702 0.13918032 0.25058819 
0.14345728 0.01415154 0.10328182 0.29176643 0.28546421 0.26435965 0.19164927 0.21865958 0.26359950 0.42725889 0.11436367 0.15106512 0.50866550 0.36033093 0.42136152 0.27825597 0.61967056 0.27747709 0.19699006 0.17026909 0.22763598 0.11244103 0.24436525 0.29603095 0.28425324 0.32002416 0.00000000 0.30716260 0.68504197 0.36364563 0.35299833 0.15751008 0.17826726 0.22186382 0.17680257 0.32635943 0.18628199 0.25592284 0.31524109 0.20313795 0.28611004 0.09994924 0.29634624 0.20662837 0.22599673 0.16847103 0.20540794 0.25475839 0.34612722 0.16857498 0.36236760 0.21896818 0.10159761 0.36637154 0.14601718 0.33202878 0.15882536 0.29335095 0.17045037 0.27218186 0.18750351 0.26686169 0.16330922 0.29365663 0.15501627 0.12795743 
0.14438674 0.23892846 0.13183122 0.34643074 0.19164897 0.44655437 0.18389368 0.51634335 0.37633676 0.35971247 0.10618169 0.11889137 0.19370142 0.37735301 0.16979119 0.39032915 0.23635546 0.44021698 0.10295968 0.33344308 0.08978559 0.13526513 0.25913224 0.24571227 0.24322072 0.32728720 0.30716260 0.00000000 0.29310790 0.23391637 0.20052528 0.37922503 0.51002210 0.03513095 0.27845585 0.25930583 0.30807594 0.16354093 0.36525172 0.23329098 0.73411377 0.17405649 0.26481024 0.13559674 0.45159215 0.15399945 0.49164235 0.19290024 0.29047155 0.04509794 0.15318436 0.13609830 0.04195276 0.14745003 0.07047190 0.00000000 0.24963392 0.14774096 0.07190668 0.20622689 0.14179136 0.20345349 1.64649321 0.03463036 0.09509710 0.12947381 
0.29607569 0.12880488 0.31745199 0.25652239 0.19813230 0.15765169 0.36563214 0.19799012 0.39954653 0.31709944 0.25902859 0.27967210 0.34941533 0.33321608 0.29440802 0.26768094 0.33037302 0.35714209 0.15907165 0.24221445 0.20391166 0.16790172 0.19381970 0.16783455 0.26971119 0.28116217 0.68504197 0.29310790 0.00000000 0.26190058 0.65535433 0.12117900 0.22719718 0.14894767 0.16480506 0.16904534 0.21220538 0.36325198 0.17116252 0.23709420 0.21913668 0.18508649 0.28216088 0.18934334 0.27065345 0.20023666 0.13964198 0.20755740 0.33750745 0.26976637 0.21093166 0.28340748 0.21113268 0.22150637 0.20970783 0.28087484 0.26677755 0.19515135 0.35092932 0.20282746 0.18844586 0.27374469 0.24407057 0.14848910 0.14314186 0.16721678 
0.23803273 0.17555677 0.14893976 0.17582952 0.17003261 0.20008837 0.07686630 0.37896245 0.65615428 0.20685937 0.31099138 0.29954192 0.16073107 0.26482679 0.27100358 0.29712159 0.19384621 0.16777369 0.34267872 0.27909213 0.14424211 0.18041070 0.27256735 0.26401205 0.20281571 0.28019822 0.36364563 0.23391637 0.26190058 0.00000000 0.64190677 0.20168131 0.73816484 0.44225913 0.39029365 0.28134356 0.24202801 0.54487082 0.82764060 0.39815916 0.33793010 0.22259584 0.08947958 0.16668555 0.37904507 0.10885118 0.24618967 0.16008839 0.19487933 0.13288541 0.24918374 0.11957426 0.12815196 0.19094589 0.09082859 0.27198440 0.15391240 0.21956369 0.35102671 0.13638801 0.20955570 0.14171005 0.15548572 0.26680806 0.32597824 0.22467068 
0.23151357 0.17936174 0.17085402 0.39439942 0.28935616 0.10227381 0.28057356 0.29187767 0.17095223 0.13839346 0.23123217 0.12590646 0.25299442 0.29497286 0.18434996 0.20781696 0.19460486 0.38427114 0.22562595 0.29502509 0.23023490 0.34130220 0.27610939 0.30526815 0.29687976 0.12879293 0.35299833 0.20052528 0.65535433 0.64190677 0.00000000 0.51932108 0.29327509 0.36075605 0.27847912 0.27033678 0.17608433 0.34412690 0.43542175 0.25477198 0.33382221 0.23515316 0.19724875 0.19297644 0.35545053 0.16373879 0.16923830 0.24028964 0.21654945 0.34408410 0.06581741 0.16862366 0.31224537 0.17457389 0.30463679 0.21086786 0.23181325 0.19376419 0.17180973 0.22534247 0.37791214 0.24135945 0.19737759 0.16139464 0.20393334 0.18460570 
0.27514220 0.27817988 0.09511061 0.23264714 0.23934486 0.19288459 0.41034555 0.18211014 0.10537968 0.18237867 0.16232807 0.36913764 0.27890242 0.22979562 0.18646676 0.19884363 0.20134158 0.25319483 0.23294316 0.23455613 0.20424934 0.12689190 0.21517030 0.10148625 0.28019027 0.53079207 0.15751008 0.37922503 0.12117900 0.20168131 0.51932108 0.00000000 0.35804070 0.70614818 0.26257991 0.24346846 0.15187636 0.20994572 0.28108479 0.25099229 0.20437252 0.30543357 0.07010122 0.35361206 0.11214213 0.21642660 0.26232077 0.10256598 0.36632459 0.24811565 0.31475885 0.56465038 0.24846121 0.39805564 0.30636160 0.29880408 0.14783461 0.13139470 0.47720943 0.08051389 0.77786398 0.30581107 0.30047892 0.25132413 0.23411980 0.23109270 
0.29046280 0.13072262 0.14352375 0.21052325 0.10096405 0.30821175 0.23597746 0.28770791 0.38960339 0.30003107 0.18796587 0.27268384 0.22036255 0.21848695 0.27595043 0.25362460 0.29371612 0.24077252 0.16695736 0.10593530 0.16672080 0.13877269 0.10860162 0.11179562 0.28959455 0.26445218 0.17826726 0.51002210 0.22719718 0.73816484 0.29327509 0.35804070 0.00000000 0.31069332 0.58051515 0.50778811 0.25614372 0.54839435 0.60409580 0.42253602 0.63822803 0.17884775 0.11401236 0.20632404 0.33841385 0.06587123 0.36951208 0.04734443 0.22208273 0.08844657 0.18752856 0.23298157 0.09504592 0.25711542 0.19904093 0.10701432 0.16182877 0.12380999 0.09083256 0.29769078 0.06876236 0.18334705 0.36336569 0.21878012 0.41986953 0.19002204 
0.22440789 0.33008328 0.24672302 0.17517979 0.36412956 0.30212177 0.24965795 0.12543744 0.21463665 0.16327706 0.21288372 0.36012631 0.30273004 0.13378514 0.18439151 0.18145098 0.16045838 0.08639379 0.23485197 0.27631239 0.22434429 0.26876887 0.32896359 0.25380105 0.08046952 0.20010476 0.22186382 0.03513095 0.14894767 0.44225913 0.36075605 0.70614818 0.31069332 0.00000000 0.64173649 0.44460809 0.25075311 0.21260436 0.30474616 0.29044974 0.41103720 0.36848772 0.15977497 0.13993714 0.25977796 0.22616860 0.21658077 0.39083741 0.20054813 0.25636516 0.20801959 0.25663469 0.25088345 0.22754434 0.20024768 0.12168586 0.09799697 0.25629388 0.14681183 0.08124726 0.24685415 0.78806151 0.19051007 0.73350136 0.34270712 0.38691094 
0.27212379 0.21809545 0.27120421 0.19414880 0.21099575 0.24691186 0.23351446 0.19603405 0.18533291 0.20149784 0.18298452 0.38124762 0.20394542 0.15403691 0.26123980 0.21591509 0.15987358 0.10130746 0.38147964 0.26346643 0.16492380 0.25863738 0.25322579 0.31011428 0.29067749 0.11814890 0.17680257 0.27845585 0.16480506 0.39029365 0.27847912 0.26257991 0.58051515 0.64173649 0.00000000 0.66491392 0.51115699 0.55827558 0.38989402 0.27946880 0.18769744 0.34145050 0.29543847 0.24922866 0.27137194 0.18023828 0.13494986 0.24935468 0.12431102 0.16396379 0.23879445 0.32660104 0.23026608 0.25051248 0.20460610 0.39488460 0.26019014 0.24435111 0.32452835 0.17839195 0.21296932 0.18733099 0.16928467 0.18458710 0.42692682 0.27031999 
0.14074469 0.22858061 0.13074914 0.22616360 0.24153039 0.24188451 0.18786048 0.30321316 0.20669745 0.09689131 0.36724726 0.28085396 0.25380048 0.18062388 0.13986257 0.20215997 0.30273346 0.17823322 0.30129169 0.27332807 0.17125081 0.26079769 0.24927801 0.31526686 0.10816192 0.22709932 0.32635943 0.25930583 0.16904534 0.28134356 0.27033678 0.24346846 0.50778811 0.44460809 0.66491392 0.00000000 0.54828935 0.57972469 0.48369201 0.16166772 0.20619625 0.22560068 0.26060274 0.20634020 0.22039851 0.31154353 0.37573437 0.25504112 0.09479822 0.22780884 0.14930718 0.29262120 0.46495269 0.21734054 0.35945862 0.12929307 0.25750263 0.06793185 0.15291523 0.22513634 0.21280873 0.16544790 0.25305370 0.36942924 0.42996606 0.38416795 
0.25075009 0.22359524 0.32511943 0.22568022 0.37175525 0.26259086 0.19700953 0.41514637 0.33095227 0.46400744 0.17913229 0.23224484 0.38808692 0.31029990 0.37040387 0.25833968 0.28790704 0.15405748 0.18900193 0.02406369 0.51983714 0.24363676 0.20390612 0.25159308 0.21532058 0.18427792 0.18628199 0.30807594 0.21220538 0.24202801 0.17608433 0.15187636 0.25614372 0.25075311 0.51115699 0.54828935 0.00000000 0.43438360 0.32149106 0.26503231 0.26512754 0.21827996 0.32093961 0.18780718 0.31682754 0.31477638 0.30397998 0.25054868 0.21747177 0.21582073 0.11955705 0.21404040 0.17548330 0.22250058 0.12037785 0.25237118 0.20359222 0.19688943 0.33844520 0.14478997 0.17825606 0.19078135 0.21782007 0.12903297 0.28007640 0.23053626 
0.12979423 0.18260743 0.30385177 0.25795409 0.14951035 0.25364544 0.13085556 0.20024660 0.37525621 0.23974350 0.64002919 0.16571838 0.27921636 0.20942702 0.22972858 0.21539423 0.20363243 0.18785444 0.20768852 0.13062664 0.15901417 0.10701492 0.15522767 0.15960740 0.19996423 0.23897914 0.25592284 0.16354093 0.36325198 0.54487082 0.34412690 0.20994572 0.54839435 0.21260436 0.55827558 0.57972469 0.43438360 0.00000000 0.43995551 0.61238335 0.30291071 0.47754439 0.41423389 0.20491437 0.29974390 0.14193023 0.22554567 0.25663437 0.20827601 0.18767562 0.17270753 0.18281626 0.06797304 0.18355776 0.32254674 0.19862950 0.18764425 0.21515693 0.28445560 0.18435499 0.14426493 0.23260484 0.34776735 0.18299785 0.22093567 0.16687241 
0.16704522 0.09763974 0.31280185 0.22398063 0.12438958 0.16835849 0.16667916 0.18803629 0.44216760 0.14301537 0.39663129 0.21791375 0.11434079 0.27714974 0.29610676 0.19682477 0.22761484 0.24846053 0.26535701 0.11266564 0.14680122 0.26836736 0.12424789 0.32557809 0.10341279 0.03734982 0.31524109 0.36525172 0.17116252 0.82764060 0.43542175 0.28108479 0.60409580 0.30474616 0.38989402 0.48369201 0.32149106 0.43995551 0.00000000 0.53142569 0.34538928 0.31694721 0.13168085 0.31006052 0.30166557 0.31883725 0.41342537 0.15362399 0.10779202 0.23814291 0.16776002 0.20866334 0.13050992 0.30664421 0.19764864 0.19862098 0.16320322 0.06565842 0.13765160 0.30715147 0.18141862 0.25265787 0.30785062 0.37687510 0.37377147 0.21228515 
0.20432023 0.25380778 0.26727607 0.24824685 0.13654125 0.33253633 0.20689640 0.21026339 0.29507468 0.16586619 0.76412663 0.27573854 0.27187356 0.27876397 0.28380804 0.28339631 0.12739513 0.14709339 0.08631821 0.16886326 0.26345687 0.24973751 0.33023927 0.29667600 0.30609041 0.16908795 0.20313795 0.23329098 0.23709420 0.39815916 0.25477198 0.25099229 0.42253602 0.29044974 0.27946880 0.16166772 0.26503231 0.61238335 0.53142569 0.00000000 0.39019032 0.72048342 0.31417872 0.27343417 0.31322484 0.16419235 0.21699103 0.22968596 0.14981578 0.12235519 0.18072889 0.21135000 0.29074981 0.29683809 0.18705874 0.18056633 0.25661015 0.10913414 0.30557981 0.14649096 0.19214773 0.33442222 0.17810504 0.20974330 0.17776087 0.34769451 
0.26195674 0.10829888 0.24394297 0.27131498 0.18778471 0.55198654 0.25964739 0.16189868 0.33731629 0.24957634 0.15847147 0.25274713 0.24874368 0.28169908 0.26612792 0.26310351 0.33535336 0.27802154 0.23122423 0.21240038 0.14689719 0.17316039 0.16838052 0.16056733 0.26697860 0.12728860 0.28611004 0.73411377 0.21913668 0.33793010 0.33382221 0.20437252 0.63822803 0.41103720 0.18769744 0.20619625 0.26512754 0.30291071 0.34538928 0.39019032 0.00000000 0.22715602 0.32603354 0.27571734 0.51533359 0.11744579 0.50384967 0.16366663 0.31311339 0.27862402 0.21364799 0.07950880 0.13491825 0.16528354 0.21349402 0.19293511 0.20430951 0.12626348 0.13149627 0.20950930 0.04375511 0.13722238 0.24473591 0.17150172 0.37597332 0.12709105 
0.26284959 0.33254512 0.35290856 0.18613426 0.30265071 0.28147277 0.20888330 0.08705943 0.05397124 0.23921754 0.68666595 0.35831284 0.29768379 0.11273837 0.24157543 0.20812509 0.25965177 0.21902592 0.22570063 0.20680286 0.30182530 0.29593881 0.25345136 0.30511455 0.13205051 0.26700678 0.09994924 0.17405649 0.18508649 0.22259584 0.23515316 0.30543357 0.17884775 0.36848772 0.34145050 0.22560068 0.21827996 0.47754439 0.31694721 0.72048342 0.22715602 0.00000000 0.32750836 0.23451342 0.70346942 0.35690839 0.21988797 0.31603760 0.31901648 0.25869693 0.26450564 0.38660160 0.09140191 0.13862837 0.32890652 0.13866059 0.15962689 0.34581046 0.33912373 0.21041885 0.26915367 0.04918678 0.13316874 0.29361924 0.40435438 0.19039259 
0.19620391 0.11762988 0.28779073 0.28277002 0.33220263 0.26626812 0.35527686 0.54624225 0.42932006 0.25428618 0.39465970 0.31154351 0.39545981 0.28224150 0.40964261 0.34637472 0.21189381 0.53036519 0.34368650 0.02101420 0.26750945 0.17436292 0.28478250 0.13824296 0.23724023 0.30226359 0.29634624 0.26481024 0.28216088 0.08947958 0.19724875 0.07010122 0.11401236 0.15977497 0.29543847 0.26060274 0.32093961 0.41423389 0.13168085 0.31417872 0.32603354 0.32750836 0.00000000 0.57944716 0.31452366 0.38223730 0.28864184 0.28091366 0.12870927 0.25100188 0.14292143 0.21563781 0.20014239 0.27611127 0.22619088 0.32165524 0.14939258 0.18468188 0.28553304 0.14017379 0.19487048 0.24774078 0.12512397 0.16130446 0.25797267 0.13611510 
0.27003781 0.24306815 0.22378064 0.32046272 0.45168096 0.17122019 0.36941156 0.24975714 0.10325176 0.26445003 0.21452776 0.25474142 0.15328142 0.19148390 0.33369597 0.28014549 0.21411027 0.24030375 0.51005653 0.37720898 0.19996668 0.30159057 0.23996444 0.28297603 0.42234607 0.32520065 0.20662837 0.13559674 0.18934334 0.16668555 0.19297644 0.35361206 0.20632404 0.13993714 0.24922866 0.20634020 0.18780718 0.20491437 0.31006052 0.27343417 0.27571734 0.23451342 0.57944716 0.00000000 0.15381736 0.32813743 0.26936992 0.10180309 0.19313408 0.20062397 0.22663886 0.19805807 0.34126859 0.20475959 0.25294349 0.26024619 0.24970034 0.15922860 0.27897378 0.30251609 0.28994184 0.11975369 0.08569177 0.26346877 0.29681568 0.33547872 
0.23529065 0.20276652 0.14844530 0.28022825 0.17472231 0.37563036 0.28162932 0.24151037 0.17846251 0.36483072 0.19406295 0.27791859 0.19870494 0.25035667 0.29281840 0.19179543 0.28902783 0.12126016 0.17732336 0.15094079 0.34400357 0.14189025 0.12364823 0.10296546 0.24239400 0.17860170 0.22599673 0.45159215 0.27065345 0.37904507 0.35545053 0.11214213 0.33841385 0.25977796 0.27137194 0.22039851 0.31682754 0.29974390 0.30166557 0.31322484 0.51533359 0.70346942 0.31452366 0.15381736 0.00000000 0.37175657 0.28929253 0.18345759 0.26133838 0.19943093 0.29713903 0.11759108 0.11726672 0.13235170 0.18456043 0.12140972 0.14958137 0.08377018 0.32531411 0.16925563 0.20932249 0.11753523 0.24689929 0.16807484 1.30537294 0.31501390 
0.16875564 0.23988086 0.85307661 0.27399942 0.90420281 0.11678882 0.21357370 0.15820587 0.25569502 0.20334243 0.18274114 0.46124257 0.15859875 0.19093328 0.17137796 0.20057198 0.17572887 0.22429418 0.39443859 0.15913804 1.19942221 0.25130973 0.24909765 0.36297777 0.20850480 0.27226872 0.16847103 0.15399945 0.20023666 0.10885118 0.16373879 0.21642660 0.06587123 0.22616860 0.18023828 0.31154353 0.31477638 0.14193023 0.31883725 0.16419235 0.11744579 0.35690839 0.38223730 0.32813743 0.37175657 0.00000000 0.15061286 0.38242712 0.11199983 0.20883833 0.29125896 0.25067178 0.38894707 0.29583649 0.16669920 0.24632043 0.20827439 0.25923789 0.19882921 0.14779304 0.20252276 0.21465779 0.02562147 0.29766106 0.27369032 0.38122072 
0.15478010 0.09471635 0.19325024 0.29239019 0.25096634 0.76984168 0.20677493 0.17363758 0.16044297 0.12837281 0.23306274 0.12569364 0.14386630 0.16110039 0.13683202 0.28170271 0.21899943 0.79851257 0.25779837 0.27782293 0.10501178 0.21193366 0.18053163 0.28126696 0.24148985 0.16037963 0.20540794 0.49164235 0.13964198 0.24618967 0.16923830 0.26232077 0.36951208 0.21658077 0.13494986 0.37573437 0.30397998 0.22554567 0.41342537 0.21699103 0.50384967 0.21988797 0.28864184 0.26936992 0.28929253 0.15061286 0.00000000 0.31609356 0.30193318 0.18477611 0.30738118 0.10160354 0.18659664 0.28362692 0.23353455 0.17302363 0.32873936 0.16843688 0.25939597 0.27912967 0.13537317 0.19755124 0.49331751 0.17581593 0.33408601 0.18164422 
0.30871752 0.42525161 0.97183201 0.17384397 0.28182532 0.07515367 0.15276617 0.17731362 0.20804408 0.20915751 0.23298872 0.34496204 0.25285681 0.18159898 0.19293611 0.23499903 0.22853769 0.12730679 0.25185303 0.10692113 0.29599415 0.16770181 0.13264514 0.27876736 0.29204309 0.21536756 0.25475839 0.19290024 0.20755740 0.16008839 0.24028964 0.10256598 0.04734443 0.39083741 0.24935468 0.25504112 0.25054868 0.25663437 0.15362399 0.22968596 0.16366663 0.31603760 0.28091366 0.10180309 0.18345759 0.38242712 0.31609356 0.00000000 0.43467114 0.50070247 0.23686475 0.36584098 0.27592947 0.19828809 0.30796380 0.29052312 0.30880270 0.24840850 0.17910940 0.18981082 0.12542448 0.29500939 0.19310145 0.87110794 0.31334346 0.62775854 
0.38243978 0.47444865 0.29367610 0.55446354 0.11968708 0.18406167 0.11735809 0.16572062 0.17249983 0.21855273 0.07387851 0.20646690 0.20258512 0.33308739 0.30103731 0.23697955 0.25713021 0.46297408 0.19564843 0.99837775 0.12855310 0.21620266 0.31011472 0.22793118 0.18705360 0.50372077 0.34612722 0.29047155 0.33750745 0.19487933 0.21654945 0.36632459 0.22208273 0.20054813 0.12431102 0.09479822 0.21747177 0.20827601 0.10779202 0.14981578 0.31311339 0.31901648 0.12870927 0.19313408 0.26133838 0.11199983 0.30193318 0.43467114 0.00000000 0.50392244 0.50354440 0.21288714 0.20810112 0.17964360 0.04959688 0.18983367 0.21291647 0.06079552 0.19228812 0.44779321 0.27051248 0.32886178 0.11818595 0.19020607 0.09512185 0.14165210 
0.52687411 0.38813300 0.22435002 0.14382039 0.30929343 0.14446365 0.16449031 0.22315023 0.11464492 0.15819524 0.29503992 0.09716823 0.23709484 0.17147382 0.27868973 0.19893896 0.26739348 0.16053673 0.18282533 0.28682005 0.32563424 0.33669956 0.27678300 0.25052632 0.23672839 0.29807649 0.16857498 0.04509794 0.26976637 0.13288541 0.34408410 0.24811565 0.08844657 0.25636516 0.16396379 0.22780884 0.21582073 0.18767562 0.23814291 0.12235519 0.27862402 0.25869693 0.25100188 0.20062397 0.19943093 0.20883833 0.18477611 0.50070247 0.50392244 0.00000000 0.46009304 0.41277342 0.19326604 0.20765415 0.20823776 0.22328245 0.15691335 0.34114724 0.09366813 0.34686350 0.45509322 1.32866944 0.20916853 0.43819736 0.26927469 0.27493240 
0.13710461 0.43341253 0.29087983 0.23425526 0.19164261 0.22550311 0.20447600 0.35675579 0.18190261 0.22663274 0.12974178 0.18312771 0.22590749 0.19773972 0.24221878 0.28337624 0.21327983 0.17400729 0.28595292 0.44282757 0.14063912 0.12626922 0.34758792 0.23087595 0.22316879 0.57636559 0.36236760 0.15318436 0.21093166 0.24918374 0.06581741 0.31475885 0.18752856 0.20801959 0.23879445 0.14930718 0.11955705 0.17270753 0.16776002 0.18072889 0.21364799 0.26450564 0.14292143 0.22663886 0.29713903 0.29125896 0.30738118 0.23686475 0.50354440 0.46009304 0.00000000 0.32666851 0.53909595 0.22622137 0.18779078 0.29540637 0.20672779 0.62613926 0.34751528 0.28454550 0.34544595 0.40253068 0.28001736 0.26488326 0.25897208 0.23936845 
0.23047009 0.31220146 0.22827582 0.17657074 0.26884008 0.33042846 0.25912247 0.21570364 0.12642565 0.05741091 0.30939842 0.18080422 0.19201675 0.16077344 0.22529063 0.19366501 0.11451036 0.06803054 0.30153954 0.20200746 0.25522006 0.34272919 0.11678664 0.22002572 0.24862134 0.39039193 0.21896818 0.13609830 0.28340748 0.11957426 0.16862366 0.56465038 0.23298157 0.25663469 0.32660104 0.29262120 0.21404040 0.18281626 0.20866334 0.21135000 0.07950880 0.38660160 0.21563781 0.19805807 0.11759108 0.25067178 0.10160354 0.36584098 0.21288714 0.41277342 0.32666851 0.00000000 0.53943094 0.35273098 0.24582855 0.26994367 0.28330411 0.37709597 0.42012254 0.24396508 1.54622144 0.27148364 0.10135958 0.37385414 0.26526598 0.20500069 
0.26721012 0.28819968 0.18453329 0.12745842 0.35355378 0.20906440 0.33543266 0.08017996 0.18136874 0.29709731 0.24094858 0.42208755 0.19953065 0.21045869 0.25692712 0.20017414 0.30791955 0.19741535 0.23194640 0.23425398 0.28090671 0.19617118 0.25919853 0.48266625 0.27429785 0.20577314 0.10159761 0.04195276 0.21113268 0.12815196 0.31224537 0.24846121 0.09504592 0.25088345 0.23026608 0.46495269 0.17548330 0.06797304 0.13050992 0.29074981 0.13491825 0.09140191 0.20014239 0.34126859 0.11726672 0.38894707 0.18659664 0.27592947 0.20810112 0.19326604 0.53909595 0.53943094 0.00000000 0.48965862 0.47007623 0.41945367 0.27808802 0.92046330 0.44454019 0.15553570 0.35677179 0.40466532 0.20918720 0.18362450 0.21002424 0.28089743 
0.13274340 0.17492955 0.18235849 0.21647510 0.11898131 0.18452131 0.24537799 0.26231097 0.28996223 0.26084461 0.28985408 0.25251185 0.24101387 0.18279821 0.15359694 0.26145226 0.19165912 0.10578280 0.17584498 0.08575066 0.06428801 0.22409110 0.23399908 0.18507495 0.18635790 0.15289366 0.36637154 0.14745003 0.22150637 0.19094589 0.17457389 0.39805564 0.25711542 0.22754434 0.25051248 0.21734054 0.22250058 0.18355776 0.30664421 0.29683809 0.16528354 0.13862837 0.27611127 0.20475959 0.13235170 0.29583649 0.28362692 0.19828809 0.17964360 0.20765415 0.22622137 0.35273098 0.48965862 0.00000000 0.63972671 0.96460022 0.77070284 0.45222446 0.84402019 0.23259435 0.29405541 0.23104065 0.32431067 0.16859638 0.10436310 0.25137735 
0.29002578 0.29664382 0.28961907 0.13272550 0.23673891 0.15909319 0.16709513 0.36252556 0.24140098 0.27120818 0.25756939 0.34802475 0.17214074 0.35027558 0.14159044 0.20887870 0.19730557 0.34158073 0.13079855 0.12631500 0.33372925 0.27664857 0.34783969 0.45167313 0.29132029 0.08646856 0.14601718 0.07047190 0.20970783 0.09082859 0.30463679 0.30636160 0.19904093 0.20024768 0.20460610 0.35945862 0.12037785 0.32254674 0.19764864 0.18705874 0.21349402 0.32890652 0.22619088 0.25294349 0.18456043 0.16669920 0.23353455 0.30796380 0.04959688 0.20823776 0.18779078 0.24582855 0.47007623 0.63972671 0.00000000 0.72931757 0.45250866 0.32470047 0.46215316 0.25315869 0.35329348 0.34848823 0.23422967 0.28011547 0.34513058 0.30240359 
