0.00000000 0.55555136 0.48430031 0.38605545 0.27786726 0.27428963 0.35921314 0.24795232 0.36029466 0.33096358 0.29997081 0.34558895 0.35977405 0.26530981 0.35039767 0.43012238 0.26880571 0.28725746 0.46918858 0.40350289 0.33211317 0.37726284 0.25939089 0.24969279 0.34010988 0.31135864 0.32698509 0.26045615 0.21758818 0.28489577 0.31997416 0.25412852 0.25862751 0.38086383 0.29578589 0.26608036 0.39485653 0.44397880 0.32555559 0.32031772 0.30836254 0.30412949 0.37503422 0.32811239 0.33787681 0.29854119 0.31024019 0.31041121 0.29815084 0.28036332 0.28905465 0.27976961 0.27939106 0.25976940 0.26553151 0.29120075 0.20638987 0.21957965 0.33348354 0.31832519 0.28237766 0.23509728 0.26267038 0.27606167 0.23743366 0.29662392 0.30804755 0.34802032 0.22076562 0.27846569 0.29438023 0.30039693 
0.55555136 0.00000000 0.52699575 0.41753499 0.28631459 0.24683254 0.28910177 0.28719855 0.34723574 0.33624494 0.30172449 0.26877059 0.30938149 0.23961918 0.40425336 0.41265811 0.24185304 0.34024471 0.35555542 0.30220443 0.27317607 0.36232971 0.33369239 0.25504870 0.35944467 0.38350839 0.30263371 0.30175081 0.33121143 0.30507668 0.22445920 0.22710098 0.30769778 0.30587785 0.36705806 0.36551062 0.31320968 0.35302645 0.26248448 0.40134223 0.28484323 0.29145678 0.38568384 0.22124120 0.30341002 0.30214301 0.30821757 0.34734113 0.26499103 0.26415622 0.28291175 0.28383009 0.34537733 0.33509301 0.27631952 0.30520409 0.40792370 0.21502783 0.27864581 0.27706125 0.30323911 0.23426688 0.25770621 0.25983177 0.24464582 0.22855809 0.30956088 0.30037939 0.29736770 0.39371799 0.31509260 0.34581162 
0.48430031 0.52699575 0.00000000 0.51268727 0.40978462 0.29755661 0.38986237 0.29496963 0.32848867 0.35097427 0.40912941 0.29172718 0.20463861 0.31305354 0.30132201 0.22017591 0.30876810 0.14732895 0.39299644 0.26916738 0.25433003 0.18367344 0.30569970 0.19840725 0.40476991 0.26107490 0.51144443 0.23731418 0.34505153 0.28506874 0.20249212 0.15595843 0.48331407 0.41685782 0.32637810 0.39667152 0.14857354 0.32490428 0.23354220 0.27222809 0.23420678 0.35041097 0.42330062 0.14703976 0.32185821 0.31625352 0.32982182 0.33625576 0.37481301 0.30087613 0.34973099 0.40869309 0.40264552 0.34786200 0.26695059 0.35499269 0.29473173 0.18013155 0.32520327 0.37899004 0.33715446 0.22178402 0.20343917 0.18652309 0.29051062 0.30228678 0.43039506 0.34281902 0.28235115 0.39253975 0.40554307 0.39015320 
0.38605545 0.41753499 0.51268727 0.00000000 0.71215034 0.81051194 0.33421321 0.31031216 0.31380020 0.22582314 0.41433422 0.31390855 0.32781855 0.18010914 0.20642847 0.28797625 0.22321122 0.14817897 0.34393519 0.26518219 0.31730926 0.33923034 0.40714315 0.27376315 0.14437470 0.34113204 0.31097183 0.36821998 0.36405891 0.35728901 0.19491766 0.08619445 0.31698980 0.45026123 0.35751465 0.51567789 0.12243385 0.23902882 0.20292614 0.22022054 0.37247699 0.40450769 0.27306223 0.17679266 0.29908832 0.24542525 0.56906238 0.33223297 0.42888148 0.33606283 0.36860617 0.30521167 0.35038757 0.25108851 0.35028097 0.32274985 0.30926202 0.39641762 0.35735626 0.41591848 0.49703508 0.17716749 0.21129986 0.14315714 0.37597751 0.16536766 0.44888580 0.34086578 0.33891586 0.26860921 0.38652632 0.37278877 
0.27786726 0.28631459 0.40978462 0.71215034 0.00000000 0.41863016 0.65910094 0.29867821 0.21975418 0.23232684 0.41904480 0.11955502 0.18851715 0.24653598 0.20674287 0.23345837 0.21407453 0.20776252 0.22711451 0.17158343 0.20811241 0.12372174 0.35131813 0.22650655 0.16576178 0.25580079 0.34749690 0.25830491 0.39851103 0.39673120 0.27011380 0.15900000 0.38301521 0.51106276 0.25620011 0.35472537 0.18759485 0.24755207 0.19112825 0.27475907 0.23320895 0.33197762 0.17925964 0.26512330 0.92765720 0.32845951 1.44387763 0.52720228 0.46290945 0.42623459 0.21805915 0.35332716 0.49276474 0.45762598 0.35878068 0.28250599 0.50349932 0.23980575 0.14576808 0.20143770 0.32118851 0.16389810 0.39580008 0.13798482 0.30464830 0.18089517 0.47547471 0.38308245 0.27392611 0.26721965 0.34987199 0.38500399 
0.27428963 0.24683254 0.29755661 0.81051194 0.41863016 0.00000000 0.76271296 1.07666853 0.40648844 0.28509323 0.34971106 0.13878223 0.28739303 0.21470975 0.25409496 0.32025791 0.18696939 0.14166394 0.29251734 0.17129932 0.24228870 0.24051732 0.38083393 0.30905405 0.26349903 0.19232004 0.30812956 0.30271036 0.22420768 0.25683745 0.37673899 0.16394608 0.44628790 0.21352397 0.19000087 0.23156250 0.13057046 0.13583279 0.22316041 0.32378814 0.26612884 0.25376771 0.35811131 0.38799662 0.31604496 0.35241121 0.37994664 1.21619700 0.59900329 0.45322581 0.24830250 1.00827364 0.38553292 0.33719394 0.47891385 0.17786548 0.26829691 0.09267785 0.26519844 0.29989254 0.32908044 0.31434354 0.21611210 0.17193069 0.37931441 0.39481546 0.27632826 0.33960394 0.23505839 0.29219774 0.25847650 0.23669495 
0.35921314 0.28910177 0.38986237 0.33421321 0.65910094 0.76271296 0.00000000 0.35471937 0.50560114 0.28447058 0.35308700 0.26095308 0.24695866 0.34485758 0.31146312 0.15411464 0.26645463 0.33483890 0.10263612 0.14813039 0.10329226 0.19512678 0.27741996 0.27521349 0.12802094 0.21998170 0.48347023 0.40185745 0.22282471 0.30762846 0.39288192 0.28983929 0.19052396 0.40987629 0.15591119 0.34463951 0.15175609 0.27246215 0.15469105 0.28056757 0.55627439 0.44049059 1.62288747 0.35785735 1.36166933 0.25211175 0.36001181 0.31685536 0.26643223 0.25910648 0.53363379 0.29799082 0.27606610 0.26103005 0.14854772 0.21853341 0.13817354 0.15750905 0.21462651 0.38547593 0.28999476 0.19453169 0.20658714 0.17108485 0.24852868 0.19609640 0.35211195 0.44556605 0.37004397 0.39404241 0.31863964 0.35274093 
0.24795232 0.28719855 0.29496963 0.31031216 0.29867821 1.07666853 0.35471937 0.00000000 0.57218840 0.52946884 0.51549684 0.02535590 0.26579498 0.25367629 0.17118977 0.20945991 0.27193200 0.23405777 0.19091924 0.14095055 0.26352520 0.25502741 0.13631874 0.31676799 0.42685871 0.17194122 0.26559327 0.25003221 0.34126739 0.32900124 0.31411948 0.28222837 0.21984542 0.10681815 0.28377145 0.20161432 0.23300397 0.34560974 0.27271076 0.32433573 0.30181004 0.25685022 0.20491720 0.56829348 0.17245030 0.59987594 0.25679812 0.30521462 0.27596374 0.23031765 0.26995258 0.50723642 0.12226379 0.16448692 0.47369865 0.57946766 0.28991985 0.27972686 0.44655132 0.23327350 0.26103340 0.32595820 0.52770468 0.31005927 0.24217718 1.00756618 0.40929924 0.41018260 0.45403420 0.37738169 0.28694261 0.31583864 
0.36029466 0.34723574 0.32848867 0.31380020 0.21975418 0.40648844 0.50560114 0.57218840 0.00000000 0.46850619 0.94720130 0.27461392 0.28987893 0.16817816 0.26942093 0.02834083 0.19407212 0.26706638 0.41607963 0.38899831 0.11360904 0.04649652 0.41266613 0.14969358 0.25686850 0.24787118 0.22759718 0.35219602 0.44101306 0.26983004 0.34393839 0.18447568 0.42210635 0.26817765 0.25091877 0.31154961 0.27713363 0.39037826 0.26078749 0.47123586 0.39885437 0.76718778 0.63317263 0.13456142 0.71374215 0.20276815 0.30118114 0.33934747 0.34159146 0.20999657 0.23830742 0.30140309 0.31612800 0.26189865 0.20708875 0.34258930 0.25057431 0.21908455 0.11555098 0.43039713 0.26855572 0.15714563 0.17463744 0.22885509 0.41105787 0.72712749 1.13542997 0.37005017 0.46308918 0.26372884 0.26442603 0.28837002 
0.33096358 0.33624494 0.35097427 0.22582314 0.23232684 0.28509323 0.28447058 0.52946884 0.46850619 0.00000000 0.48670163 1.12115351 0.28033704 0.33102394 0.23971219 0.27669901 0.41063751 0.51163667 0.14513271 0.37616796 0.58354810 0.23786214 0.21837079 0.27700861 0.39656407 0.22310696 0.18107603 0.21760092 0.23976121 0.33481929 0.21427913 0.22599904 0.11293804 0.28644003 0.54994919 0.28162201 0.27757111 0.42356794 0.44870530 0.19567273 0.23978175 0.30482196 0.24124672 1.34871789 0.17975511 0.36142557 0.12228018 0.15981863 0.01120899 0.17672687 0.10033724 0.26258924 0.17502040 0.22946695 0.34017485 0.19314337 0.17151804 0.24646138 0.39946027 0.16863904 0.16523976 0.30335024 0.47561950 0.41671126 0.32987847 0.42505904 0.42665948 0.23395599 0.44276556 0.40127503 0.27969222 0.30728523 
0.29997081 0.30172449 0.40912941 0.41433422 0.41904480 0.34971106 0.35308700 0.51549684 0.94720130 0.48670163 0.00000000 0.26034735 0.54523908 0.24164493 0.17704003 0.18002855 0.18017049 0.19159878 0.28875203 0.33999244 0.06127627 0.21913835 0.19463402 0.40990906 0.30707683 0.29512789 0.41245447 0.23761777 0.20767588 0.33937464 0.24357543 0.21499291 0.19397918 0.28308085 0.13983479 0.33995433 0.40463740 0.14552833 0.32495612 0.42238613 0.25389011 1.13280991 0.38807524 0.28319542 0.19728248 0.20763691 0.32226857 0.03549865 0.19579710 0.34844963 0.42955579 0.31271694 0.34155489 0.16071499 0.15473901 0.20669982 0.18624633 0.11847817 0.04144426 0.41148402 0.37847400 0.20253340 0.22478811 0.19060743 1.41084410 0.51892628 1.14925707 0.45292373 0.33006278 0.41984219 0.27919720 0.29469219 
0.34558895 0.26877059 0.29172718 0.31390855 0.11955502 0.13878223 0.26095308 0.02535590 0.27461392 1.12115351 0.26034735 0.00000000 0.62214787 0.46670652 0.30991462 0.36503824 0.54137880 0.88930244 0.37511653 0.33611558 0.97388356 0.22809317 0.40207117 0.41109919 0.20174134 0.24551136 0.05461300 0.17452051 0.24269482 0.27506011 0.23447377 0.28583765 0.22165346 0.15945434 0.28348951 0.11124794 0.97781144 0.26610815 0.88291433 0.09944405 0.43645683 0.70358830 0.25221997 0.37400844 0.18619841 0.34714679 0.13928856 0.17570661 0.08275555 0.22907410 0.19865831 0.18806511 0.18284574 0.21794538 0.23917265 0.22088966 0.19793332 0.31008374 0.52808534 0.18560436 0.14927620 0.26973532 0.36018018 0.49868947 0.36111218 0.30620918 0.11583686 0.08004004 0.40512013 0.21515080 0.40829449 0.23549584 
0.35977405 0.30938149 0.20463861 0.32781855 0.18851715 0.28739303 0.24695866 0.26579498 0.28987893 0.28033704 0.54523908 0.62214787 0.00000000 0.62180459 0.45361172 0.86216658 0.47934198 0.40020785 0.25342511 0.96202889 0.32907121 0.23643105 0.52479776 0.50017375 0.25539916 0.28200537 0.20719459 0.28296213 0.20919285 0.30255622 0.23383754 0.29701437 0.13865973 0.20554436 0.35287372 0.33381832 0.42268221 0.35865441 0.55396485 0.45816760 0.27855067 0.33507686 0.26985857 0.36478319 0.17315367 0.28423863 0.11637196 0.34374076 0.19970948 0.28783284 0.14882649 0.11118785 0.13948951 0.01919921 0.21326707 0.48416163 0.29529738 0.30391105 0.44590110 0.49807289 0.35552823 0.41488900 0.28769950 0.47116899 0.31756924 0.16128986 0.26975173 0.28640063 0.29724827 0.19355032 0.36242094 0.40209968 
0.26530981 0.23961918 0.31305354 0.18010914 0.24653598 0.21470975 0.34485758 0.25367629 0.16817816 0.33102394 0.24164493 0.46670652 0.62180459 0.00000000 0.54513200 0.58270889 1.60366383 0.41424737 0.26521708 0.33315178 0.49788637 0.29620513 0.33435533 0.35559267 0.35831478 0.23520660 0.26918953 0.22154357 0.17246894 0.26876580 0.24123583 0.39466311 0.23937956 0.26204499 0.23391553 0.30078193 0.34749212 0.32650960 0.40761288 0.22092507 0.28340867 0.27521431 0.23195734 0.23104300 0.19463221 0.39546720 0.23148098 0.20857159 0.23471815 0.31080404 0.20890816 0.23898602 0.31559809 0.26585668 0.25035303 0.31164799 0.31040937 0.35128444 0.34594340 0.29279066 0.23949403 0.31802527 0.27629276 0.55332509 0.16557447 0.23255099 0.17027040 0.25858733 0.25543119 0.28143195 0.25438099 0.28217588 
0.35039767 0.40425336 0.30132201 0.20642847 0.20674287 0.25409496 0.31146312 0.17118977 0.26942093 0.23971219 0.17704003 0.30991462 0.45361172 0.54513200 0.00000000 1.09649177 0.33981107 0.96023029 0.91205583 0.38907727 0.26612427 0.57836535 0.39946246 0.33324974 0.17376164 0.14098905 0.30931783 0.21701899 0.32764817 0.31581183 0.27416548 0.21819466 0.18896594 0.30146685 0.19879983 0.33485124 0.21444803 0.63589287 0.76285294 0.74421316 0.54853484 0.46797366 0.17428564 0.18951859 0.20495900 0.21178365 0.26524167 0.29867434 0.31287012 0.26307474 0.14024909 0.24863369 0.20146206 0.30686442 0.22199909 0.09701261 0.25739895 0.41474775 0.19870836 0.19124979 0.28884322 0.25066341 0.40185242 0.45697822 0.41224720 0.09719501 0.20445172 0.19205669 0.22805057 0.32477778 0.33675128 0.30480342 
0.43012238 0.41265811 0.22017591 0.28797625 0.23345837 0.32025791 0.15411464 0.20945991 0.02834083 0.27669901 0.18002855 0.36503824 0.86216658 0.58270889 1.09649177 0.00000000 0.61321242 0.92195218 0.91132941 0.76619883 0.35001954 0.28933464 0.42695955 0.41938469 0.30256151 0.37580110 0.33928101 0.15271218 0.21529797 0.22585540 0.19899287 0.23028323 0.24449091 0.12330834 0.20967107 0.19021002 0.26659963 0.48055290 0.35199812 0.56808747 0.35332478 0.51392176 0.17293340 0.19710804 0.19225644 0.18351539 0.17703945 0.12431785 0.30178212 0.22941107 0.20787783 0.10469971 0.28710341 0.13958213 0.20183542 0.15835857 0.17247298 0.11362477 0.32300793 0.37210685 0.50277369 0.55123861 0.44494038 0.45085159 0.44807704 0.33822880 0.16706398 0.20196912 0.30154306 0.26550320 0.24839147 0.24591154 
0.26880571 0.24185304 0.30876810 0.22321122 0.21407453 0.18696939 0.26645463 0.27193200 0.19407212 0.41063751 0.18017049 0.54137880 0.47934198 1.60366383 0.33981107 0.61321242 0.00000000 0.45369979 0.25391863 0.40340345 0.50009099 0.39735058 0.26202943 0.33439452 0.35499731 0.28537152 0.27113796 0.19914544 0.28886092 0.27214149 0.23874559 0.29532199 0.23271670 0.33046788 0.34978694 0.18923294 0.53563502 0.31045452 0.38442554 0.41642142 0.30787995 0.30177512 0.21735951 0.35722024 0.24881441 0.32349046 0.18096361 0.18805536 0.22379351 0.25776957 0.17002925 0.16947171 0.22367342 0.21895054 0.27877237 0.22675831 0.26461329 0.29133577 0.36873806 0.24834575 0.25665931 0.27699738 0.34248002 0.76853652 0.25710665 0.29127679 0.11790114 0.17988305 0.18348767 0.18739166 0.25790959 0.28479493 
0.28725746 0.34024471 0.14732895 0.14817897 0.20776252 0.14166394 0.33483890 0.23405777 0.26706638 0.51163667 0.19159878 0.88930244 0.40020785 0.41424737 0.96023029 0.92195218 0.45369979 0.00000000 0.91532500 0.60049679 0.39070589 1.09064598 0.19833159 0.11748693 0.21223181 0.12944693 0.22784540 0.14689639 0.19996515 0.29659935 0.14246780 0.11563433 0.12569945 0.08722317 0.28679721 0.43554529 0.66743995 0.54228774 1.73264142 0.47346508 0.24728156 0.37846242 0.32622372 0.38447488 0.14894308 0.19693040 0.18212441 0.26008046 0.28442466 0.10604000 0.26790002 0.03358864 0.08699673 0.23645054 0.24917348 0.06654147 0.08148634 0.32827452 0.42753710 0.22007684 0.16070767 0.32783166 0.38245935 0.21007054 0.34669208 0.17086874 0.23358323 0.11091761 0.23044435 0.26197455 0.26678315 0.28759401 
0.46918858 0.35555542 0.39299644 0.34393519 0.22711451 0.29251734 0.10263612 0.19091924 0.41607963 0.14513271 0.28875203 0.37511653 0.25342511 0.26521708 0.91205583 0.91132941 0.25391863 0.91532500 0.00000000 0.92574118 0.21610741 0.62573977 1.05600950 0.32469163 0.19920451 0.36724253 0.26448822 0.13760665 0.28338213 0.28837099 0.28610218 0.22750649 0.26132578 0.26728735 0.27743895 0.24454098 0.15084728 0.29107410 0.53073443 0.33114212 0.25747954 0.37394764 0.36803711 0.15868800 0.30182850 0.26388818 0.31052781 0.18835297 0.33199207 0.09313702 0.15957850 0.35417494 0.35908658 0.32891922 0.10712119 0.29877146 0.34423606 0.33291477 0.15097852 0.38187212 0.40883830 0.41497581 0.19460717 0.23431951 0.23826730 0.30211929 0.25128912 0.42306093 0.33573010 0.35785235 0.31444382 0.30817449 
0.40350289 0.30220443 0.26916738 0.26518219 0.17158343 0.17129932 0.14813039 0.14095055 0.38899831 0.37616796 0.33999244 0.33611558 0.96202889 0.33315178 0.38907727 0.76619883 0.40340345 0.60049679 0.92574118 0.00000000 0.38015020 0.38886484 0.77420740 0.80174983 0.17412470 0.30706437 0.36778860 0.31225680 0.21185060 0.23206890 0.29589233 0.25402114 0.07195461 0.16497547 0.21437955 0.15518605 0.46560853 0.35610768 0.28095763 0.35759353 0.21797479 0.47365205 0.24559480 0.46403692 0.34947210 0.30809905 0.07989684 0.25272187 0.28526659 0.28181377 0.25377078 0.19111526 0.19015629 0.12455710 0.38411917 0.21098345 0.25064358 0.26507903 0.22105519 0.32393192 0.42479815 0.83146206 0.35645988 0.75919898 0.26780619 0.08806258 0.19895131 0.23742797 0.26129304 0.18559326 0.21624627 0.23707092 
0.33211317 0.27317607 0.25433003 0.31730926 0.20811241 0.24228870 0.10329226 0.26352520 0.11360904 0.58354810 0.06127627 0.97388356 0.32907121 0.49788637 0.26612427 0.35001954 0.50009099 0.39070589 0.21610741 0.38015020 0.00000000 0.40594442 0.29311266 0.50913689 0.48201024 0.25663550 0.20918574 0.34060768 0.16737044 0.40422332 0.24933204 0.26079750 0.12092817 0.33290975 0.39081879 0.18017858 0.59064957 0.35535413 0.35206558 0.00000000 0.22319061 0.24122471 0.33295673 0.62736326 0.15268205 0.28557741 0.20160051 0.34474598 0.24578402 0.28827140 0.09667362 0.22513984 0.41521180 0.28623645 0.31261649 0.26769210 0.19002982 0.51302008 1.02225301 0.13133209 0.15409116 0.62078789 0.53206743 0.51948136 0.20646346 0.28508290 0.14895199 0.21879194 0.31328950 0.25433313 0.24820149 0.33697152 
0.37726284 0.36232971 0.18367344 0.33923034 0.12372174 0.24051732 0.19512678 0.25502741 0.04649652 0.23786214 0.21913835 0.22809317 0.23643105 0.29620513 0.57836535 0.28933464 0.39735058 1.09064598 0.62573977 0.38886484 0.40594442 0.00000000 0.69492774 0.17242886 0.31470591 1.77304037 0.32108515 0.19357630 0.34318212 0.31953394 0.27790093 0.34623101 0.34077850 0.33488870 0.66964752 0.62951703 0.58939198 0.38401085 0.43486089 0.27178323 0.27196337 0.28804239 0.33479360 0.27417827 0.27631038 0.35997045 0.19816485 0.16829584 0.31304574 0.19028496 0.11287487 0.20171270 0.10654345 0.30220670 0.24539337 0.03605160 0.26039411 0.24212685 0.31253719 0.16921512 0.20580657 0.44269909 0.32486445 0.40093066 0.13119443 0.06215953 0.10440670 0.33262961 0.19484782 0.29708663 0.35989756 0.32611145 
0.25939089 0.33369239 0.30569970 0.40714315 0.35131813 0.38083393 0.27741996 0.13631874 0.41266613 0.21837079 0.19463402 0.40207117 0.52479776 0.33435533 0.39946246 0.42695955 0.26202943 0.19833159 1.05600950 0.77420740 0.29311266 0.69492774 0.00000000 0.42572011 0.28529150 0.50777907 0.61868313 0.16930663 0.40547957 0.29037950 0.35457300 0.34197727 0.32767018 0.33221967 0.21210346 0.32773810 0.15812908 0.37498000 0.29409992 0.24325561 0.26282210 0.20384774 0.20969796 0.27631421 0.24511540 0.12637824 0.40929795 0.36574291 0.33899737 0.26990016 0.15743669 0.32539931 0.31631535 0.28386576 0.18413530 0.37249212 0.22921319 0.24923058 0.01579462 0.33930910 0.62437265 0.37245417 0.27477001 0.35023958 0.34136520 0.33278782 0.25829727 0.36684691 0.26097079 0.26357115 0.30202658 0.24713062 
0.24969279 0.25504870 0.19840725 0.27376315 0.22650655 0.30905405 0.27521349 0.31676799 0.14969358 0.27700861 0.40990906 0.41109919 0.50017375 0.35559267 0.33324974 0.41938469 0.33439452 0.11748693 0.32469163 0.80174983 0.50913689 0.17242886 0.42572011 0.00000000 0.46748581 0.34720036 0.42287151 0.77957419 0.40266421 0.27063586 0.10709664 0.24689547 0.35201076 0.19714860 0.36609248 0.44509341 0.07419855 0.28804196 0.22247563 0.18607609 0.32123640 0.39079003 0.31433025 0.20009169 0.11329839 0.16861692 0.10933692 0.21251754 0.31107088 0.34399022 0.20066525 0.29231204 0.34822746 0.23410145 0.22536253 0.33029072 0.29871091 0.91130572 0.45868207 0.25508243 0.63917931 1.23351493 0.47352435 0.48245936 0.31056942 0.36634136 0.17312264 0.13984097 0.34068706 0.20411969 0.30732717 0.19598996 
0.34010988 0.35944467 0.40476991 0.14437470 0.16576178 0.26349903 0.12802094 0.42685871 0.25686850 0.39656407 0.30707683 0.20174134 0.25539916 0.35831478 0.17376164 0.30256151 0.35499731 0.21223181 0.19920451 0.17412470 0.48201024 0.31470591 0.28529150 0.46748581 0.00000000 0.62459483 0.28983145 0.53315593 0.29345497 0.28565782 0.43658024 0.82332359 0.47930408 0.21532650 0.78175918 0.18997397 0.38426347 0.30158256 0.13312355 0.34081982 0.21754691 0.19536122 0.24383978 1.28066541 0.20935040 0.60467936 0.12193183 0.21026357 0.20012411 0.34704821 0.34349409 0.20684706 0.20056947 0.28127046 0.82238353 0.15512091 0.29100579 0.45250000 0.63267384 0.23058213 0.13583608 0.23141653 0.30927136 0.29868262 0.09834614 0.17846490 0.05491539 0.14793219 0.23752830 0.32869948 0.27107934 0.27705954 
0.31135864 0.38350839 0.26107490 0.34113204 0.25580079 0.19232004 0.21998170 0.17194122 0.24787118 0.22310696 0.29512789 0.24551136 0.28200537 0.23520660 0.14098905 0.37580110 0.28537152 0.12944693 0.36724253 0.30706437 0.25663550 1.77304037 0.50777907 0.34720036 0.62459483 0.00000000 0.50684570 0.40051375 0.40515956 0.29427687 0.43554194 0.48218651 0.57233994 0.77967386 0.84592490 0.38736261 0.32147763 0.15291342 0.21830899 0.29598420 0.14528464 0.27719345 0.41262591 0.39030975 0.21978339 0.32899816 0.40800719 0.17557630 0.31560113 0.30176948 0.30298833 0.17582343 0.34744831 0.38187004 0.22527558 0.36050217 0.29500910 0.23241348 0.19024842 0.21039340 0.22094519 0.30860512 0.27378933 0.29935386 0.16720564 0.12379929 0.27776380 0.13885480 0.39556673 0.29979492 0.30589545 0.32866082 
0.32698509 0.30263371 0.51144443 0.31097183 0.34749690 0.30812956 0.48347023 0.26559327 0.22759718 0.18107603 0.41245447 0.05461300 0.20719459 0.26918953 0.30931783 0.33928101 0.27113796 0.22784540 0.26448822 0.36778860 0.20918574 0.32108515 0.61868313 0.42287151 0.28983145 0.50684570 0.00000000 0.40679115 0.52251948 0.23845544 0.31413971 0.41490130 0.40258271 0.38749848 0.32580896 0.42755023 0.36610133 0.21959080 0.47062317 0.16184193 0.44859342 0.21528625 0.43778162 0.15796643 0.39127790 0.20649120 0.38324368 0.26580960 0.44435570 0.36962222 0.32937248 0.23675234 0.29634691 0.37298254 0.20265469 0.35966636 0.35196898 0.55471779 0.14485896 0.26099351 0.50835507 0.35308833 0.37708910 0.21556833 0.42352852 0.05556628 0.29900116 0.35224775 0.52055350 0.33248841 0.32771090 0.30824981 
0.26045615 0.30175081 0.23731418 0.36821998 0.25830491 0.30271036 0.40185745 0.25003221 0.35219602 0.21760092 0.23761777 0.17452051 0.28296213 0.22154357 0.21701899 0.15271218 0.19914544 0.14689639 0.13760665 0.31225680 0.34060768 0.19357630 0.16930663 0.77957419 0.53315593 0.40051375 0.40679115 0.00000000 0.65188757 0.31802578 1.21765212 0.51678161 0.71409818 0.16679729 0.36670120 0.18766394 0.21156777 0.18025490 0.17978677 0.22037557 0.33878192 0.09524919 0.24975647 0.19112540 0.18838185 0.28864612 0.18758135 0.26130691 0.39414057 0.62038940 0.35962967 0.22127197 0.23256074 0.63700698 0.64265890 0.35996308 0.28529274 1.30807750 0.32122032 0.42524520 0.40268010 0.25943539 0.17220338 0.23175756 0.13629547 0.27179741 0.08787600 0.29190689 0.27816900 0.29783427 0.28104714 0.36560986 
0.21758818 0.33121143 0.34505153 0.36405891 0.39851103 0.22420768 0.22282471 0.34126739 0.44101306 0.23976121 0.20767588 0.24269482 0.20919285 0.17246894 0.32764817 0.21529797 0.28886092 0.19996515 0.28338213 0.21185060 0.16737044 0.34318212 0.40547957 0.40266421 0.29345497 0.40515956 0.52251948 0.65188757 0.00000000 0.45739196 0.69072795 0.66798434 0.61267047 0.40084958 0.18526910 0.33860974 0.09788146 0.18132867 0.22267460 0.36249081 0.37518438 0.18306752 0.23851290 0.28269536 0.33804981 0.26200119 0.29819452 0.35793804 0.78257382 0.31929789 0.36609928 0.35449614 0.39322882 0.37521555 0.17237380 0.29121802 0.53965685 0.40042319 0.05962712 0.30534964 0.39706808 0.37344807 0.30642901 0.16808407 0.25779664 0.19866114 0.30364943 0.24546341 0.34400332 0.40371898 0.37715563 0.37606834 
0.28489577 0.30507668 0.28506874 0.35728901 0.39673120 0.25683745 0.30762846 0.32900124 0.26983004 0.33481929 0.33937464 0.27506011 0.30255622 0.26876580 0.31581183 0.22585540 0.27214149 0.29659935 0.28837099 0.23206890 0.40422332 0.31953394 0.29037950 0.27063586 0.28565782 0.29427687 0.23845544 0.31802578 0.45739196 0.00000000 0.44896103 0.35491978 0.35284857 0.33175661 0.34303940 0.29048828 0.29781454 0.36319918 0.23243205 0.28872420 0.30530540 0.30439882 0.31634952 0.24890556 0.34967000 0.29747317 0.36180750 0.29139463 0.35359930 0.29858721 0.29216453 0.30282106 0.37298672 0.35720530 0.37998192 0.24657570 0.30184147 0.36301170 0.37335726 0.31096890 0.24213448 0.28664712 0.26119940 0.34536248 0.27953668 0.35914842 0.26069527 0.26915416 0.24076802 0.33434873 0.37012561 0.42867480 
0.31997416 0.22445920 0.20249212 0.19491766 0.27011380 0.37673899 0.39288192 0.31411948 0.34393839 0.21427913 0.24357543 0.23447377 0.23383754 0.24123583 0.27416548 0.19899287 0.23874559 0.14246780 0.28610218 0.29589233 0.24933204 0.27790093 0.35457300 0.10709664 0.43658024 0.43554194 0.31413971 1.21765212 0.69072795 0.44896103 0.00000000 1.33714498 0.45938192 0.39069469 0.29787121 0.21323051 0.29363146 0.22843365 0.27461818 0.25089689 0.28009085 0.25287810 0.26070293 0.19421504 0.27643872 0.31935254 0.24455247 0.36581791 0.40270535 0.73491018 0.37652259 0.25974633 0.23940881 0.47015782 0.28868522 0.22486284 0.43503930 0.33467716 0.32368000 0.31060647 0.24994067 0.23237881 0.14182238 0.24371133 0.20739114 0.26754344 0.28174280 0.17642164 0.19707321 0.21417766 0.30547551 0.31856870 
0.25412852 0.22710098 0.15595843 0.08619445 0.15900000 0.16394608 0.28983929 0.28222837 0.18447568 0.22599904 0.21499291 0.28583765 0.29701437 0.39466311 0.21819466 0.23028323 0.29532199 0.11563433 0.22750649 0.25402114 0.26079750 0.34623101 0.34197727 0.24689547 0.82332359 0.48218651 0.41490130 0.51678161 0.66798434 0.35491978 1.33714498 0.00000000 0.76648095 0.60232704 0.62982163 0.34251619 0.25773812 0.26599787 0.27592129 0.32733287 0.17411024 0.35427046 0.23890547 0.18711108 0.30497201 0.48999746 0.28628933 0.42668638 0.22267270 0.42342771 0.31086362 0.33340861 0.29036143 0.32154289 0.71384545 0.10764310 0.27539546 0.21521385 0.22280906 0.19306746 0.26717334 0.32709518 0.21438593 0.14746228 0.20987250 0.31066446 0.17268326 0.21614758 0.33083264 0.20979154 0.31795138 0.29603853 
0.25862751 0.30769778 0.48331407 0.31698980 0.38301521 0.44628790 0.19052396 0.21984542 0.42210635 0.11293804 0.19397918 0.22165346 0.13865973 0.23937956 0.18896594 0.24449091 0.23271670 0.12569945 0.26132578 0.07195461 0.12092817 0.34077850 0.32767018 0.35201076 0.47930408 0.57233994 0.40258271 0.71409818 0.61267047 0.35284857 0.45938192 0.76648095 0.00000000 1.02530384 0.57731375 0.37455593 0.29075582 0.11097485 0.18933487 0.32945367 0.18249600 0.27602467 0.32496725 0.19656222 0.24315751 0.30701861 1.00399124 0.42124327 0.49049372 0.32710213 0.36936703 0.22505867 0.36987583 0.34331488 0.36840793 0.39614650 0.31384235 0.28425786 0.19884404 0.36175541 0.34481922 0.16321087 0.21354646 0.19197236 0.24733665 0.23313510 0.26542222 0.35455446 0.30791686 0.35050525 0.27923614 0.33939120 
0.38086383 0.30587785 0.41685782 0.45026123 0.51106276 0.21352397 0.40987629 0.10681815 0.26817765 0.28644003 0.28308085 0.15945434 0.20554436 0.26204499 0.30146685 0.12330834 0.33046788 0.08722317 0.26728735 0.16497547 0.33290975 0.33488870 0.33221967 0.19714860 0.21532650 0.77967386 0.38749848 0.16679729 0.40084958 0.33175661 0.39069469 0.60232704 1.02530384 0.00000000 0.70786083 1.11093841 0.32857134 0.26074841 0.07766332 0.30582039 0.30062829 0.28279896 0.34931495 0.12892386 0.41882516 0.41269725 1.48730133 0.14952315 0.50804796 0.44975314 0.28431072 0.20108357 0.22839437 0.19749635 0.20759283 0.17394136 0.20934040 0.24036853 0.15161646 0.33683627 0.33864747 0.25560522 0.18910211 0.20985703 0.26094061 0.19604831 0.31532714 0.33291844 0.23912099 0.25217762 0.27819402 0.31813807 
0.29578589 0.36705806 0.32637810 0.35751465 0.25620011 0.19000087 0.15591119 0.28377145 0.25091877 0.54994919 0.13983479 0.28348951 0.35287372 0.23391553 0.19879983 0.20967107 0.34978694 0.28679721 0.27743895 0.21437955 0.39081879 0.66964752 0.21210346 0.36609248 0.78175918 0.84592490 0.32580896 0.36670120 0.18526910 0.34303940 0.29787121 0.62982163 0.57731375 0.70786083 0.00000000 0.36398327 0.77563872 0.43086292 0.56601456 0.24864570 0.36702215 0.20348887 0.17071131 0.66739329 0.18459385 0.43939379 0.22390951 0.27964176 0.17046489 0.23286072 0.21540827 0.19240250 0.15624911 0.24862511 0.54485969 0.12944707 0.23502137 0.27378499 0.33541736 0.16586798 0.22046748 0.20469585 0.31636222 0.38281160 0.18259448 0.12975473 0.10946629 0.22369964 0.21678463 0.37989037 0.38740378 0.34440604 
0.26608036 0.36551062 0.39667152 0.51567789 0.35472537 0.23156250 0.34463951 0.20161432 0.31154961 0.28162201 0.33995433 0.11124794 0.33381832 0.30078193 0.33485124 0.19021002 0.18923294 0.43554529 0.24454098 0.15518605 0.18017858 0.62951703 0.32773810 0.44509341 0.18997397 0.38736261 0.42755023 0.18766394 0.33860974 0.29048828 0.21323051 0.34251619 0.37455593 1.11093841 0.36398327 0.00000000 0.47977564 0.53297289 0.34111690 0.61354921 0.34541755 0.41529362 0.30240113 0.30738808 0.61645358 0.24348891 0.41282039 0.20184070 0.36830811 0.29132697 0.31469091 0.27918505 0.27967450 0.33756084 0.33631970 0.30827814 0.14235160 0.34011174 0.22318260 0.28959366 0.35350177 0.12839993 0.42238854 0.25501136 0.20739919 0.12826730 0.30820177 0.46914861 0.41065071 0.34221840 0.28088156 0.29836256 
0.39485653 0.31320968 0.14857354 0.12243385 0.18759485 0.13057046 0.15175609 0.23300397 0.27713363 0.27757111 0.40463740 0.97781144 0.42268221 0.34749212 0.21444803 0.26659963 0.53563502 0.66743995 0.15084728 0.46560853 0.59064957 0.58939198 0.15812908 0.07419855 0.38426347 0.32147763 0.36610133 0.21156777 0.09788146 0.29781454 0.29363146 0.25773812 0.29075582 0.32857134 0.77563872 0.47977564 0.00000000 0.33548716 1.00556904 0.20843649 0.32226026 0.39292332 0.26144091 0.94213544 0.31151367 0.35042464 0.22052023 0.14468320 0.25282915 0.28171682 0.12644081 0.11578986 0.07975653 0.22439306 0.37768578 0.20214950 0.24493633 0.34251695 0.17668152 0.28927792 0.34352652 0.19780170 0.46623210 0.44590678 0.11569909 0.19308500 0.22209119 0.24576540 0.23084314 0.38032637 0.39144197 0.38469176 
0.44397880 0.35302645 0.32490428 0.23902882 0.24755207 0.13583279 0.27246215 0.34560974 0.39037826 0.42356794 0.14552833 0.26610815 0.35865441 0.32650960 0.63589287 0.48055290 0.31045452 0.54228774 0.29107410 0.35610768 0.35535413 0.38401085 0.37498000 0.28804196 0.30158256 0.15291342 0.21959080 0.18025490 0.18132867 0.36319918 0.22843365 0.26599787 0.11097485 0.26074841 0.43086292 0.53297289 0.33548716 0.00000000 0.58224699 0.75083665 1.31974811 0.39013624 0.69366190 0.30551840 0.70252688 0.12805984 0.19984240 0.41457725 0.14545870 0.16685185 0.29501704 0.31402359 0.12264796 0.12244392 0.17363218 0.32456965 0.30741120 0.21262224 0.28829905 0.13328632 0.22716827 0.30800327 0.22734587 0.29518031 0.14661409 0.32969865 0.25065623 0.23342733 0.29206396 0.30213408 0.35066601 0.33801492 
0.32555559 0.26248448 0.23354220 0.20292614 0.19112825 0.22316041 0.15469105 0.27271076 0.26078749 0.44870530 0.32495612 0.88291433 0.55396485 0.40761288 0.76285294 0.35199812 0.38442554 1.73264142 0.53073443 0.28095763 0.35206558 0.43486089 0.29409992 0.22247563 0.13312355 0.21830899 0.47062317 0.17978677 0.22267460 0.23243205 0.27461818 0.27592129 0.18933487 0.07766332 0.56601456 0.34111690 1.00556904 0.58224699 0.00000000 0.59584614 0.37383398 0.70210861 0.19632231 0.39498219 0.33706431 0.13643357 0.23696240 0.13353801 0.20444297 0.29703965 0.19621439 0.15564772 0.26838823 0.11204189 0.19484421 0.16752273 0.10224511 0.18540637 0.46836973 0.36153275 0.24195530 0.22615886 0.26325317 0.26100481 0.37594752 0.19309436 0.24230977 0.17768695 0.19531289 0.22136945 0.20957668 0.20228025 
0.32031772 0.40134223 0.27222809 0.22022054 0.27475907 0.32378814 0.28056757 0.32433573 0.47123586 0.19567273 0.42238613 0.09944405 0.45816760 0.22092507 0.74421316 0.56808747 0.41642142 0.47346508 0.33114212 0.35759353 0.00000000 0.27178323 0.24325561 0.18607609 0.34081982 0.29598420 0.16184193 0.22037557 0.36249081 0.28872420 0.25089689 0.32733287 0.32945367 0.30582039 0.24864570 0.61354921 0.20843649 0.75083665 0.59584614 0.00000000 0.78758790 0.58834898 0.42019425 0.52364833 0.25011303 0.28406339 0.37396271 0.31931452 0.21313019 0.25753468 0.27835702 0.29070114 0.37468448 0.21085879 0.38743313 0.19779979 0.43440672 0.38914487 0.27399151 0.36322336 0.34824045 0.33071935 0.22736644 0.31391710 0.17512927 0.10990502 0.39427974 0.17409143 0.32158271 0.39532568 0.28798152 0.24099816 
0.30836254 0.28484323 0.23420678 0.37247699 0.23320895 0.26612884 0.55627439 0.30181004 0.39885437 0.23978175 0.25389011 0.43645683 0.27855067 0.28340867 0.54853484 0.35332478 0.30787995 0.24728156 0.25747954 0.21797479 0.22319061 0.27196337 0.26282210 0.32123640 0.21754691 0.14528464 0.44859342 0.33878192 0.37518438 0.30530540 0.28009085 0.17411024 0.18249600 0.30062829 0.36702215 0.34541755 0.32226026 1.31974811 0.37383398 0.78758790 0.00000000 0.63936064 1.21551600 0.20837826 0.55294530 0.28226743 0.30544656 0.21849227 0.36885255 0.28950707 0.33708265 0.21761008 0.24490322 0.32591717 0.18536818 0.01357538 0.27322407 0.38386564 0.28755885 0.25115469 0.28940715 0.29213122 0.22030886 0.18247905 0.27953545 0.19188976 0.39550238 0.32509347 0.26911909 0.33944551 0.31570484 0.24095865 
0.30412949 0.29145678 0.35041097 0.40450769 0.33197762 0.25376771 0.44049059 0.25685022 0.76718778 0.30482196 1.13280991 0.70358830 0.33507686 0.27521431 0.46797366 0.51392176 0.30177512 0.37846242 0.37394764 0.47365205 0.24122471 0.28804239 0.20384774 0.39079003 0.19536122 0.27719345 0.21528625 0.09524919 0.18306752 0.30439882 0.25287810 0.35427046 0.27602467 0.28279896 0.20348887 0.41529362 0.39292332 0.39013624 0.70210861 0.58834898 0.63936064 0.00000000 0.37525737 0.27088621 0.38600171 0.39114776 0.37493280 0.21513459 0.29800155 0.21611063 0.17292519 0.29811957 0.26905954 0.26480204 0.13361013 0.16337859 0.18907329 0.28917401 0.12075482 0.23884692 0.17911756 0.36148960 0.24141335 0.39221548 0.08767007 0.32125156 0.31247795 0.31165535 0.31407688 0.30668846 0.24829115 0.26248530 
0.37503422 0.38568384 0.42330062 0.27306223 0.17925964 0.35811131 1.62288747 0.20491720 0.63317263 0.24124672 0.38807524 0.25221997 0.26985857 0.23195734 0.17428564 0.17293340 0.21735951 0.32622372 0.36803711 0.24559480 0.33295673 0.33479360 0.20969796 0.31433025 0.24383978 0.41262591 0.43778162 0.24975647 0.23851290 0.31634952 0.26070293 0.23890547 0.32496725 0.34931495 0.17071131 0.30240113 0.26144091 0.69366190 0.19632231 0.42019425 1.21551600 0.37525737 0.00000000 0.28040594 0.70149938 0.37273247 0.45570710 0.30789980 0.28796983 0.10847929 0.28980265 0.23426608 0.21917747 0.22582877 0.35646637 0.47581835 0.22616642 0.17129466 0.22716611 0.28610148 0.13515495 0.15413963 0.19662552 0.29769329 0.15972810 0.21226366 0.32478296 0.43314561 0.45694411 0.30423382 0.26813707 0.28099581 
0.32811239 0.22124120 0.14703976 0.17679266 0.26512330 0.38799662 0.35785735 0.56829348 0.13456142 1.34871789 0.28319542 0.37400844 0.36478319 0.23104300 0.18951859 0.19710804 0.35722024 0.38447488 0.15868800 0.46403692 0.62736326 0.27417827 0.27631421 0.20009169 1.28066541 0.39030975 0.15796643 0.19112540 0.28269536 0.24890556 0.19421504 0.18711108 0.19656222 0.12892386 0.66739329 0.30738808 0.94213544 0.30551840 0.39498219 0.52364833 0.20837826 0.27088621 0.28040594 0.00000000 0.40319408 0.90148133 0.28186555 0.31399472 0.11339625 0.01133688 0.11386349 0.22447435 0.20128166 0.11188654 0.46103367 0.22883009 0.18912810 0.22244881 0.79814822 0.22617188 0.05693268 0.28031599 0.31099051 0.26701200 0.09207164 0.36556062 0.22683436 0.20140850 0.25524225 0.20157643 0.32341130 0.29178927 
0.33787681 0.30341002 0.32185821 0.29908832 0.92765720 0.31604496 1.36166933 0.17245030 0.71374215 0.17975511 0.19728248 0.18619841 0.17315367 0.19463221 0.20495900 0.19225644 0.24881441 0.14894308 0.30182850 0.34947210 0.15268205 0.27631038 0.24511540 0.11329839 0.20935040 0.21978339 0.39127790 0.18838185 0.33804981 0.34967000 0.27643872 0.30497201 0.24315751 0.41882516 0.18459385 0.61645358 0.31151367 0.70252688 0.33706431 0.25011303 0.55294530 0.38600171 0.70149938 0.40319408 0.00000000 0.38656905 0.54768861 0.28792505 0.36495667 0.37888327 0.25870381 0.39888422 0.33364671 0.35745620 0.24030997 0.31459965 0.22615322 0.18504252 0.16045846 0.33799726 0.39485850 0.44584888 0.35658668 0.15438221 0.24877413 0.31686563 0.32177121 0.28487678 0.22916909 0.33984245 0.30786500 0.32240203 
0.29854119 0.30214301 0.31625352 0.24542525 0.32845951 0.35241121 0.25211175 0.59987594 0.20276815 0.36142557 0.20763691 0.34714679 0.28423863 0.39546720 0.21178365 0.18351539 0.32349046 0.19693040 0.26388818 0.30809905 0.28557741 0.35997045 0.12637824 0.16861692 0.60467936 0.32899816 0.20649120 0.28864612 0.26200119 0.29747317 0.31935254 0.48999746 0.30701861 0.41269725 0.43939379 0.24348891 0.35042464 0.12805984 0.13643357 0.28406339 0.28226743 0.39114776 0.37273247 0.90148133 0.38656905 0.00000000 0.41124727 0.58566527 0.11895382 0.28074054 0.29896735 0.43374865 0.42137610 0.16644027 0.76855407 0.34538253 0.30755740 0.26504058 0.52219290 0.40623654 0.22733451 0.32372782 0.33463179 0.23317018 0.23028638 0.29873570 0.25069500 0.21173144 0.24393950 0.21348200 0.28139680 0.30772066 
0.31024019 0.30821757 0.32982182 0.56906238 1.44387763 0.37994664 0.36001181 0.25679812 0.30118114 0.12228018 0.32226857 0.13928856 0.11637196 0.23148098 0.26524167 0.17703945 0.18096361 0.18212441 0.31052781 0.07989684 0.20160051 0.19816485 0.40929795 0.10933692 0.12193183 0.40800719 0.38324368 0.18758135 0.29819452 0.36180750 0.24455247 0.28628933 1.00399124 1.48730133 0.22390951 0.41282039 0.22052023 0.19984240 0.23696240 0.37396271 0.30544656 0.37493280 0.45570710 0.28186555 0.54768861 0.41124727 0.00000000 0.69048817 0.39635099 0.24446995 0.34251366 0.23529561 0.30795406 0.43070280 0.06186939 0.42540259 0.56418599 0.21141445 0.20421337 0.33966788 0.23839891 0.15165689 0.26186635 0.13286341 0.23903859 0.14444485 0.24521188 0.31632140 0.36587152 0.42234878 0.29545799 0.33363099 
0.31041121 0.34734113 0.33625576 0.33223297 0.52720228 1.21619700 0.31685536 0.30521462 0.33934747 0.15981863 0.03549865 0.17570661 0.34374076 0.20857159 0.29867434 0.12431785 0.18805536 0.26008046 0.18835297 0.25272187 0.34474598 0.16829584 0.36574291 0.21251754 0.21026357 0.17557630 0.26580960 0.26130691 0.35793804 0.29139463 0.36581791 0.42668638 0.42124327 0.14952315 0.27964176 0.20184070 0.14468320 0.41457725 0.13353801 0.31931452 0.21849227 0.21513459 0.30789980 0.31399472 0.28792505 0.58566527 0.69048817 0.00000000 1.02635296 0.82795865 0.78337604 0.68319615 0.29414892 0.32495689 0.73142753 0.28603125 0.32726161 0.20370954 0.17753957 0.27917218 0.31927719 0.17403303 0.32365189 0.46180649 0.23367453 0.13975594 0.37353184 0.35581179 0.26744848 0.28866882 0.30483599 0.26979884 
0.29815084 0.26499103 0.37481301 0.42888148 0.46290945 0.59900329 0.26643223 0.27596374 0.34159146 0.01120899 0.19579710 0.08275555 0.19970948 0.23471815 0.31287012 0.30178212 0.22379351 0.28442466 0.33199207 0.28526659 0.24578402 0.31304574 0.33899737 0.31107088 0.20012411 0.31560113 0.44435570 0.39414057 0.78257382 0.35359930 0.40270535 0.22267270 0.49049372 0.50804796 0.17046489 0.36830811 0.25282915 0.14545870 0.20444297 0.21313019 0.36885255 0.29800155 0.28796983 0.11339625 0.36495667 0.11895382 0.39635099 1.02635296 0.00000000 0.89360130 0.59621057 0.50423392 0.37012797 0.51746271 0.18861976 0.37329723 0.40533988 0.23553193 0.09740978 0.38702165 0.26964438 0.15042281 0.27411651 0.35207171 0.30512151 0.30094750 0.51769239 0.33098618 0.37003760 0.33779510 0.35231929 0.27837897 
0.28036332 0.26415622 0.30087613 0.33606283 0.42623459 0.45322581 0.25910648 0.23031765 0.20999657 0.17672687 0.34844963 0.22907410 0.28783284 0.31080404 0.26307474 0.22941107 0.25776957 0.10604000 0.09313702 0.28181377 0.28827140 0.19028496 0.26990016 0.34399022 0.34704821 0.30176948 0.36962222 0.62038940 0.31929789 0.29858721 0.73491018 0.42342771 0.32710213 0.44975314 0.23286072 0.29132697 0.28171682 0.16685185 0.29703965 0.25753468 0.28950707 0.21611063 0.10847929 0.01133688 0.37888327 0.28074054 0.24446995 0.82795865 0.89360130 0.00000000 0.95105292 0.50029920 0.40948851 0.71745467 0.52391077 0.28837993 0.33040794 0.51439357 0.33159898 0.22535715 0.37038701 0.25707932 0.23630255 0.19215436 0.35143642 0.28581516 0.28057724 0.20257872 0.38346274 0.33119677 0.28254517 0.28108398 
