0.00000000 0.04894453 0.04192241 0.04034847 0.03845073 0.03682132 0.03950384 0.03832100 0.03714385 0.03916401 0.04201887 0.03870824 0.04191745 0.04038453 0.04190405 0.04092241 0.03762688 0.03687069 0.04044150 0.03884326 0.03775189 0.04248225 0.03814748 0.03830017 0.03915833 0.03902696 0.03793310 0.03877653 0.04313653 0.04331374 0.03843220 0.03933424 0.04253406 0.04417835 0.04674476 0.03877418 0.04058494 0.04191872 0.04145777 0.03797574 0.03849658 0.03697684 0.03593866 0.03995260 0.03691221 0.03695719 0.03678831 0.03803219 0.03815864 0.03698877 0.03808501 0.03996717 0.03864835 0.03884110 0.03520523 0.03702854 0.03759825 0.03782051 0.04194327 0.03881228 0.03651059 0.03803556 0.04119530 0.03675435 0.03785258 0.03838435 0.03933398 0.03676425 0.04082043 0.03748314 0.03586132 0.04034562 0.03850706 0.03997631 0.03893127 0.03874982 0.03999158 0.03886739 0.03924681 0.03914706 0.04001374 0.03774130 0.03991353 0.03936858 0.03889750 0.04046251 0.03643684 0.03549765 0.03647871 0.03673705 0.03708817 0.03694066 0.03932203 0.04227731 0.04180323 0.04399490 0.04097172 0.03918950 0.03747886 0.03745104 0.03903199 0.03821317 0.03775616 0.03871316 0.03796648 0.03689095 0.04273733 0.04023033 0.03960154 0.03962989 0.03746555 0.03906171 0.04093031 0.04161778 0.04213643 0.03760392 0.03825189 0.03998054 0.04086987 0.03641912 0.03805039 0.03904813 0.03593719 0.03703174 0.03707108 0.03932637 0.03797585 0.03851165 0.04000560 0.04082855 0.04267398 0.04130931 0.04190405 0.04109485 0.04394909 0.04394909 0.04001242 0.03924791 0.04114177 0.04588743 0.03676940 0.04186064 0.03838369 0.04496180 0.03922678 0.03695428 0.04108187 0.03812017 0.04200649 0.03993670 0.03976606 0.03795575 0.04199211 0.04600621 0.03816018 0.03737738 0.03899638 0.03852775 0.03761989 0.03952401 0.03818371 0.04003073 0.04112342 0.04234500 0.03841169 0.03768905 0.04184429 0.03607078 0.04333470 0.04140782 0.03842550 0.04431659 0.04024754 0.04224439 0.03810245 0.03819310 0.04036719 0.04079058 0.03783792 0.04140858 0.03918686 0.04784953 0.03927368 0.03773900 0.04183968 0.04193554 0.03628266 0.03905268 0.04137480 0.04300973 0.04161583 0.04650282 0.04753930 0.04791252 0.04824388 0.04932413 0.04889748 0.04889748 
0.04894453 0.00000000 0.05292195 0.04423739 0.04595895 0.03797546 0.04092153 0.04143114 0.03080745 0.03417147 0.03822273 0.03392338 0.03802509 0.03455904 0.03799614 0.03568081 0.04701616 0.04255364 0.03450572 0.04088855 0.03926138 0.04313635 0.03562207 0.03104881 0.04510449 0.04376789 0.03308069 0.05283976 0.04584898 0.04467557 0.03901694 0.03224858 0.04642268 0.04357815 0.04096352 0.04463801 0.04194228 0.03802840 0.03694802 0.03241400 0.03069503 0.04364953 0.04125521 0.03355176 0.03038272 0.03710089 0.03273101 0.03144631 0.03041552 0.03393305 0.02998177 0.03364044 0.04937432 0.04135594 0.02958237 0.04072937 0.04292557 0.04323741 0.03537561 0.03193001 0.03191577 0.02992226 0.03633899 0.03422178 0.04121262 0.05749338 0.04463640 0.04359001 0.04819353 0.04028051 0.02955383 0.05272186 0.03742252 0.04929770 0.04456470 0.03983390 0.05411859 0.03169589 0.05298351 0.04266622 0.03997908 0.04839546 0.04715080 0.03920558 0.03886722 0.04538025 0.03104612 0.03877503 0.02838833 0.04262947 0.03963574 0.02931852 0.04367300 0.03276445 0.03667986 0.05527938 0.04743667 0.04400082 0.03268770 0.03258697 0.04192144 0.03028250 0.03951756 0.03670256 0.03077220 0.04268130 0.04000039 0.03496164 0.03315612 0.03346735 0.02966335 0.03247737 0.03573798 0.03283765 0.03846689 0.04236143 0.03135321 0.03807822 0.04049573 0.02963006 0.03115664 0.04281699 0.02923430 0.02995579 0.03501662 0.03495387 0.03999386 0.03389771 0.04882942 0.03542211 0.03985002 0.03658990 0.03799614 0.04583293 0.04299405 0.04299405 0.03376728 0.04174084 0.03614527 0.04231411 0.04226981 0.03139665 0.03520167 0.05067046 0.03974688 0.04477772 0.03601342 0.03258254 0.03790424 0.03375348 0.05082873 0.03287114 0.03814231 0.05264220 0.03038777 0.03441927 0.03649080 0.03999014 0.03054428 0.03265408 0.03530588 0.03364395 0.03618701 0.03902536 0.03839666 0.03420673 0.03776975 0.03066070 0.05097461 0.04719794 0.03158178 0.05202107 0.03865176 0.04813294 0.04390695 0.03480005 0.03220992 0.04282896 0.03050910 0.04024838 0.04422499 0.03598995 0.04306784 0.04160331 0.03900014 0.04548961 0.04406415 0.04286837 0.04023313 0.05188639 0.04887139 0.05596365 0.05797531 0.06563560 0.06663247 0.06250759 0.06144454 0.06144454 
0.04192241 0.05292195 0.00000000 0.07002510 0.05873364 0.04437587 0.04105022 0.03473637 0.03224557 0.04327890 0.03873304 0.04720289 0.03983850 0.04426488 0.03978822 0.03207458 0.02110438 0.02323589 0.02906268 0.04590723 0.03574978 0.04640219 0.03764094 0.04136167 0.05334257 0.04677534 0.05488085 0.02740343 0.04641050 0.04312493 0.05047314 0.01935998 0.06157598 0.06354289 0.06262615 0.04904997 0.05893476 0.03815344 0.03854636 0.03886831 0.01970444 0.04425035 0.04700772 0.02639309 0.03672877 0.02975667 0.02176410 0.04773116 0.01408875 0.03101591 0.01849708 0.04289824 0.02468073 0.07078365 0.03145320 0.05516658 0.04735676 0.04073242 0.05888079 0.03049935 0.03275611 0.02812318 0.02209100 0.03831878 0.03224493 0.04246769 0.05533515 0.03054348 0.04110517 0.04020177 0.02937082 0.04720213 0.04828561 0.05295202 0.06172134 0.03035348 0.02021487 0.01604645 0.03178515 0.04341387 0.03766870 0.02884545 0.02836147 0.03683244 0.04680766 0.05292401 0.03337573 0.04701435 0.02828919 0.04838952 0.05368145 0.04857606 0.06032353 0.04862884 0.03978179 0.04345433 0.04055692 0.03622632 0.03628365 0.03716480 0.03382290 0.03125325 0.03592375 0.03100295 0.03237610 0.02294688 0.02939212 0.05796810 0.02271136 0.02950029 0.04104091 0.02739947 0.02216743 0.02913444 0.04730554 0.04437289 0.02618529 0.02819971 0.03963011 0.03585924 0.06197449 0.04804942 0.02632292 0.05165498 0.03831040 0.04327651 0.04851308 0.03513676 0.02980168 0.03118670 0.04674235 0.03496133 0.03978822 0.03261001 0.03931318 0.03931318 0.02559507 0.04873338 0.02421063 0.04004740 0.04309802 0.04084336 0.04418674 0.05554767 0.03225643 0.05695894 0.01951591 0.05796966 0.05695150 0.02894674 0.05424953 0.04853377 0.04066191 0.04576226 0.01251920 0.05760273 0.06720568 0.04656165 0.01417812 0.03372435 0.03357243 0.03036095 0.03332327 0.03870906 0.01920915 0.02093222 0.05411355 0.02728264 0.06489843 0.03918913 0.05578180 0.04745377 0.04987927 0.04711169 0.04389543 0.03932160 0.03626585 0.04715110 0.04116050 0.04230986 0.03802590 0.05198634 0.04879126 0.04066369 0.03378647 0.03702937 0.03227272 0.05747998 0.05262413 0.03719353 0.04593643 0.02946969 0.03929334 0.04692171 0.04759357 0.04684267 0.04335567 0.04335567 
0.04034847 0.04423739 0.07002510 0.00000000 0.07991447 0.04102783 0.04694018 0.03644878 0.04137109 0.02164691 0.03649291 0.03846793 0.03299926 0.03269499 0.03276101 0.03577604 0.02958598 0.02016621 0.02231345 0.02855522 0.02985267 0.03808483 0.03661239 0.04096437 0.03771539 0.04076305 0.03978877 0.01693912 0.04225374 0.03450077 0.03938560 0.01912176 0.04764902 0.04433302 0.04636374 0.04490420 0.04257698 0.03445601 0.04421984 0.05971836 0.03290568 0.05344863 0.03878401 0.04037283 0.05432979 0.05608898 0.05424802 0.03497209 0.03730522 0.04419966 0.02220330 0.04995090 0.02605516 0.04641352 0.03859291 0.04306449 0.04789997 0.04409530 0.03714693 0.02770490 0.03867219 0.04493062 0.04039981 0.03710741 0.03838597 0.03647373 0.04624834 0.03728437 0.04289616 0.04958012 0.05015727 0.04054891 0.04147866 0.04640734 0.04900625 0.05419524 0.04025940 0.04073535 0.02620101 0.04169245 0.04110331 0.05137284 0.03473995 0.04129362 0.06234747 0.03701523 0.06835562 0.05447197 0.04374983 0.04807675 0.05726261 0.05658111 0.05246447 0.04774549 0.03580216 0.03254922 0.03000741 0.02987668 0.03760165 0.04840491 0.06300679 0.03675835 0.06602889 0.04068595 0.02916497 0.04157153 0.02774704 0.04141947 0.03310855 0.02726840 0.04916849 0.02336153 0.03103466 0.02488282 0.03525389 0.02790862 0.04111128 0.03224845 0.03294868 0.03528116 0.03413803 0.04664484 0.04190802 0.04395716 0.03563888 0.04103342 0.03942739 0.03522382 0.03233612 0.02401971 0.04082062 0.02739502 0.03276101 0.03694343 0.03782438 0.03782438 0.03782822 0.05700487 0.02878605 0.04086971 0.05868558 0.03816514 0.04028495 0.04735919 0.03427910 0.02833903 0.03403830 0.03373900 0.04366147 0.02946694 0.03875266 0.03546134 0.03428553 0.05354602 0.03922891 0.05159235 0.02454707 0.02710078 0.03727355 0.02078176 0.03992287 0.02849693 0.03426370 0.03348481 0.05171938 0.03849204 0.05337365 0.04664628 0.04500823 0.04747483 0.05402728 0.03334104 0.04281437 0.04984918 0.05953323 0.04523283 0.03956235 0.03680867 0.02694823 0.02230231 0.04650714 0.05009927 0.03253101 0.04067518 0.04399807 0.03297490 0.04901658 0.03451860 0.03321755 0.04432807 0.04574592 0.05169219 0.05885462 0.03796761 0.03836457 0.03779766 0.04086492 0.04086492 
0.03845073 0.04595895 0.05873364 0.07991447 0.00000000 0.05331367 0.02497209 0.03628813 0.04597528 0.04778581 0.02985629 0.05025309 0.03747844 0.03625152 0.03539594 0.03805488 0.03272924 0.03766936 0.03099032 0.03842253 0.04556360 0.03299201 0.03105167 0.03185531 0.03513776 0.04829349 0.04176908 0.03905884 0.04229700 0.03643157 0.05301866 0.04020034 0.06500383 0.04509553 0.01915464 0.03376683 0.03373196 0.03878693 0.04235240 0.03489949 0.03204223 0.02874939 0.03841070 0.03567277 0.03931468 0.03242821 0.03574700 0.03123886 0.03264450 0.02546778 0.03754782 0.04329440 0.02696591 0.03242908 0.03347041 0.03284559 0.03863686 0.03888780 0.05210623 0.06141638 0.03794415 0.04305326 0.04150712 0.05958880 0.02328867 0.03632594 0.02877277 0.06203024 0.03179325 0.06337635 0.04865769 0.03904445 0.05324454 0.05072429 0.04546821 0.06185242 0.04482911 0.04677989 0.03925395 0.04232782 0.03534626 0.04678192 0.04651700 0.03701804 0.03806299 0.05644045 0.04660273 0.05337362 0.03446593 0.08673699 0.04306593 0.05018815 0.06251729 0.04828622 0.02841769 0.02366014 0.05294341 0.05285423 0.03746741 0.04538033 0.03255032 0.03217395 0.05843861 0.02742052 0.04213357 0.03187362 0.02523183 0.03075225 0.04338851 0.04121582 0.04907524 0.04784778 0.04507273 0.03748981 0.04068192 0.04197179 0.03578897 0.03026424 0.02552703 0.05080120 0.05593873 0.04988207 0.06795566 0.04425352 0.05178001 0.03821771 0.03856885 0.02939161 0.04422763 0.03242288 0.03437599 0.03730274 0.03539594 0.04079911 0.03641851 0.03641851 0.03701908 0.04621840 0.04403890 0.06327708 0.04642534 0.07541992 0.05111684 0.05531939 0.02923027 0.03192393 0.03517523 0.02888945 0.02731196 0.03432033 0.02429473 0.03098987 0.02658573 0.03031355 0.04565041 0.05693564 0.02996759 0.04427958 0.03339707 0.03112401 0.02648856 0.03455272 0.03799971 0.04444135 0.04060129 0.02181809 0.03181608 0.03388679 0.04393332 0.03419405 0.03063761 0.04403231 0.03700851 0.03079289 0.03947653 0.03058044 0.03255302 0.03516580 0.03423037 0.02559011 0.06896322 0.02463829 0.04115084 0.03422989 0.04121629 0.02639614 0.05969318 0.04985830 0.04115857 0.03396046 0.03817302 0.04263924 0.04189273 0.03805841 0.03828360 0.03891741 0.03554494 0.03554494 
0.03682132 0.03797546 0.04437587 0.04102783 0.05331367 0.00000000 0.05738556 0.05403860 0.03778365 0.02373065 0.03998890 0.03800074 0.02679192 0.02122413 0.03845971 0.03195266 0.04964356 0.07012581 0.04596394 0.02645768 0.05928414 0.05181674 0.03892573 0.05190585 0.04450506 0.05609468 0.03263168 0.03414009 0.04144812 0.03767725 0.06165224 0.02998701 0.04421259 0.02259782 0.05224905 0.02082396 0.02563959 0.03130342 0.02068447 0.02112453 0.03276095 0.03246234 0.02838098 0.03772657 0.02644083 0.04169020 0.05756697 0.02692392 0.02902839 0.02978228 0.02210672 0.03316485 0.06857929 0.03217241 0.03594796 0.02500578 0.05180841 0.03077096 0.04235969 0.05324259 0.04332027 0.02754469 0.03708708 0.05043709 0.04015913 0.03814971 0.04441208 0.04534873 0.03608812 0.05688218 0.05655230 0.04300433 0.03146790 0.01514864 0.05181914 0.04121680 0.05609548 0.02873272 0.03283411 0.03936743 0.05004800 0.02597784 0.04026502 0.04126649 0.03009484 0.05247066 0.04213459 0.07993459 0.03606161 0.07113053 0.04888114 0.03245822 0.04855091 0.04490070 0.04527078 0.03646803 0.06011016 0.05875989 0.04588755 0.00973711 0.04003658 0.04303124 0.01570806 0.02712953 0.04345206 0.02625535 0.03091056 0.05518791 0.03387080 0.03564056 0.02434806 0.02275735 0.03820604 0.04219370 0.05475952 0.04553938 0.02032890 0.04261328 0.05367007 0.05205255 0.03940636 0.05476356 0.09464793 0.03677457 0.04424134 0.02755772 0.03223836 0.03923988 0.07293290 0.03278518 0.03494964 0.03071974 0.03845971 0.03739990 0.03778515 0.03778515 0.05103769 0.05207120 0.03476512 0.01387382 0.03633353 0.03788149 0.02704461 0.04974293 0.05820509 0.04323152 0.05141424 0.02875504 0.04381498 0.03926434 0.04583396 0.02195567 0.03998156 0.02956796 0.03049162 0.03686172 0.08029864 0.02770316 0.03400566 0.03334538 0.02712161 0.01863054 0.02946729 0.04655229 0.02826162 0.03792019 0.04155806 0.03624327 0.02935153 0.04871161 0.05446371 0.02820646 0.02152400 0.03874077 0.03990096 0.04464299 0.04962559 0.03599524 0.04568425 0.05160883 0.05295942 0.04308338 0.04749084 0.03649821 0.08791703 0.04095408 0.05048346 0.05266513 0.05970095 0.03668369 0.03726432 0.05635243 0.03495715 0.03238961 0.03713376 0.03756473 0.03416016 0.03416016 
0.03950384 0.04092153 0.04105022 0.04694018 0.02497209 0.05738556 0.00000000 0.02655857 0.02595341 0.04990796 0.03412339 0.06891120 0.03227469 0.02974477 0.02761286 0.02328716 0.02663903 0.05192095 0.02976989 0.02712446 0.02153886 0.03057507 0.03769618 0.06127418 0.03251797 0.06792175 0.03980502 0.04994799 0.03273026 0.04383266 0.03356696 0.04428048 0.10036468 0.03137885 0.05397765 0.02843316 0.04286402 0.03348374 0.02327448 0.02140302 0.03631542 0.06140464 0.02960771 0.03097349 0.01777744 0.06443599 0.05910133 0.04245200 0.02879373 0.05280850 0.03001105 0.04525664 0.04492209 0.06299725 0.04516554 0.03592832 0.04427971 0.04161199 0.03701060 0.05270792 0.04436993 0.02658348 0.04151892 0.04137636 0.02341798 0.03683110 0.05493864 0.04166434 0.06189238 0.05272847 0.04237928 0.04201467 0.05002078 0.02862908 0.05599496 0.03163362 0.03864315 0.03893656 0.03731654 0.04266566 0.04706484 0.05678578 0.03656770 0.02648088 0.03702307 0.05322424 0.02923370 0.02592735 0.04042441 0.05116187 0.04542107 0.05210732 0.03423916 0.06286561 0.06320850 0.02965191 0.06135273 0.06041048 0.05427521 0.01921205 0.04301052 0.03647347 0.01503302 0.01995862 0.01727592 0.04146829 0.03618092 0.03359810 0.01541531 0.02266756 0.04278791 0.04256813 0.04045223 0.05092753 0.04273447 0.03544030 0.03072309 0.03188459 0.07185386 0.03085932 0.04365225 0.03788461 0.05975470 0.07452791 0.02797687 0.04350085 0.03104498 0.02976436 0.06462835 0.02590876 0.03481066 0.02545711 0.02761286 0.04676975 0.03921516 0.03921516 0.02481853 0.05607139 0.02745760 0.04768818 0.02801102 0.03326964 0.04416274 0.03405763 0.02416167 0.03002816 0.05096992 0.04692008 0.06923896 0.04426287 0.05009195 0.00893138 0.03775585 0.04303006 0.03882732 0.04571415 0.02811958 0.01898966 0.01610131 0.01438189 0.01701855 0.02995353 0.02120086 0.03050717 0.04408173 0.03777232 0.04978600 0.03375576 0.04111816 0.04280318 0.02937400 0.04494230 0.04277460 0.02556821 0.04077089 0.01519263 0.04032210 0.05382123 0.04858246 0.05536279 0.07146076 0.02011054 0.05258520 0.04537780 0.04179287 0.06226670 0.05269628 0.06217468 0.05125777 0.04108081 0.04196622 0.05395859 0.04232229 0.04129098 0.04556914 0.04361529 0.04713259 0.04713259 
0.03832100 0.04143114 0.03473637 0.03644878 0.03628813 0.05403860 0.02655857 0.00000000 0.03522887 0.02915748 0.06125588 0.04861315 0.04394886 0.03340787 0.03775648 0.04924636 0.02718331 0.03482055 0.03124020 0.01599607 0.04247459 0.05480391 0.07201481 0.04662032 0.06380081 0.03909718 0.02819437 0.02097940 0.04480333 0.02074086 0.04377793 0.02681992 0.02056770 0.06168342 0.04079124 0.03428426 0.03289131 0.05099437 0.05314398 0.04571583 0.02961450 0.02853179 0.05035248 0.03990630 0.04198370 0.02625495 0.06442638 0.04209807 0.03985487 0.02804348 0.02426073 0.04332393 0.03402143 0.06411521 0.03432389 0.03517102 0.03734778 0.04209046 0.04405607 0.02449937 0.03460628 0.02985397 0.02213099 0.03702014 0.05826194 0.07016760 0.02086077 0.03329762 0.02344895 0.07510952 0.01889103 0.03041946 0.04534260 0.03712559 0.04258962 0.05135180 0.04519578 0.03048613 0.03021929 0.04046303 0.04567057 0.03662400 0.04076528 0.03782662 0.02352777 0.03989998 0.05272642 0.02268367 0.02891767 0.04226733 0.03934808 0.04077258 0.02715428 0.06284344 0.02279775 0.02430087 0.05104097 0.06032229 0.03939310 0.03979456 0.05253700 0.04983370 0.06392260 0.03677880 0.03556780 0.02706931 0.05060427 0.04066169 0.05132041 0.05503671 0.04646192 0.03234023 0.03583228 0.04487972 0.04315828 0.03534235 0.04870493 0.02310284 0.04310251 0.03108532 0.02045145 0.04235774 0.03658674 0.02963797 0.05711892 0.02619001 0.05063233 0.05036862 0.05168129 0.03097431 0.04566723 0.03643040 0.03775648 0.04334250 0.04021047 0.04021047 0.02218364 0.02040121 0.02817554 0.07066383 0.04255466 0.06726699 0.03298791 0.03386613 0.05160270 0.03839922 0.03683455 0.04084936 0.05037451 0.05460539 0.07128876 0.03950725 0.03930640 0.04113008 0.03033616 0.04435731 0.04389089 0.05389104 0.03817456 0.03743855 0.04286000 0.05104837 0.04555417 0.03684629 0.02524718 0.03393972 0.04830441 0.04077370 0.05106192 0.05160912 0.03679331 0.03105812 0.03726158 0.01868972 0.03361475 0.05094750 0.04391661 0.04309247 0.02382920 0.04133726 0.04483263 0.05006613 0.02071133 0.05038326 0.05711878 0.06419605 0.02601217 0.03798207 0.03079227 0.03803737 0.03341993 0.03785443 0.04494994 0.04103933 0.03758065 0.03943515 0.03536992 0.03536992 
0.03714385 0.03080745 0.03224557 0.04137109 0.04597528 0.03778365 0.02595341 0.03522887 0.00000000 0.05446508 0.03004326 0.02905124 0.03402502 0.02235485 0.02817911 0.03018486 0.04930873 0.04280765 0.03216778 0.04726796 0.02608447 0.04852386 0.05818902 0.03739832 0.04488800 0.04350353 0.04409900 0.02937374 0.02644545 0.04178248 0.04767181 0.03307537 0.04679402 0.04470153 0.05637162 0.02555912 0.04536981 0.03403052 0.03137957 0.05270097 0.04394036 0.08447162 0.04460111 0.03702810 0.04523499 0.04770868 0.04817069 0.04386151 0.04718863 0.08455815 0.06451309 0.03171745 0.06147139 0.03116566 0.03407197 0.02522686 0.03731440 0.05472438 0.02721465 0.04547343 0.03589549 0.06068005 0.03953409 0.02565744 0.02465718 0.03580062 0.04541938 0.04239951 0.01348553 0.02521591 0.02999511 0.03325997 0.03741899 0.05251223 0.02558760 0.02535559 0.02683085 0.07465616 0.05447897 0.05421586 0.03969989 0.05007263 0.10190451 0.07624211 0.05177367 0.04755007 0.03872199 0.04373653 0.04912427 0.03211801 0.03805139 0.03316403 0.03100910 0.06208831 0.04702210 0.03139102 0.03983830 0.03706053 0.02806738 0.04163806 0.03152481 0.04639344 0.05180632 0.02860133 0.02230549 0.03824917 0.04733525 0.03051380 0.02889034 0.03454941 0.03414531 0.06292319 0.03378894 0.04892584 0.02885161 0.15941479 0.06264201 0.05284168 0.04120700 0.03327791 0.05368687 0.04139617 0.03171883 0.03286374 0.04885330 0.07645226 0.03766496 0.04865752 0.04455002 0.02692486 0.03189350 0.02922138 0.02817911 0.04509863 0.03960852 0.03960852 0.03135322 0.01318391 0.03725398 0.02911944 0.03442501 0.04235635 0.06556068 0.02710794 0.03315432 0.03630527 0.03319707 0.03210443 0.04108275 0.03264656 0.03093342 0.01808469 0.03027023 0.03544926 0.04009265 0.03421559 0.01144216 0.03021892 0.03568907 0.04707359 0.03211966 0.03303785 0.02512186 0.03126094 0.03070783 0.04087156 0.04790809 0.02533588 0.04569747 0.03576386 0.03508345 0.02846121 0.02715250 0.02712974 0.03240531 0.03725874 0.03828124 0.04152397 0.04215190 0.02949766 0.04499489 0.04811649 0.05542539 0.04635040 0.03576197 0.03525420 0.01899070 0.05433022 0.03078339 0.03459952 0.03698305 0.04202289 0.03822243 0.04204802 0.04030375 0.03807915 0.04608694 0.04608694 
0.03916401 0.03417147 0.04327890 0.02164691 0.04778581 0.02373065 0.04990796 0.02915748 0.05446508 0.00000000 0.06651788 0.04180464 0.04761436 0.04340873 0.03032386 0.03674399 0.01826982 0.04569042 0.03605475 0.03484563 0.04711574 0.04897334 0.12216004 0.05644882 0.02689646 0.06045786 0.04222792 0.03771193 0.04146089 0.03290741 0.04408376 0.02826906 0.01592624 0.03051279 0.05065318 0.02434441 0.03352789 0.06309607 0.05611777 0.03822239 0.03767549 0.04048980 0.04888912 0.05767349 0.04105802 0.03111879 0.03671128 0.03240555 0.02678491 0.03413295 0.04365478 0.04844655 0.02074927 0.03755271 0.05547493 0.05702917 0.04807155 0.04602822 0.02776754 0.05352909 0.01995842 0.03409576 0.03744000 0.04139932 0.01870277 0.04019941 0.03466009 0.04179242 0.07112926 0.03704549 0.04056534 0.03289923 0.04507411 0.03934237 0.02782164 0.04183562 0.03528906 0.03345116 0.05980289 0.04870681 0.03119300 0.02725965 0.03859796 0.04922793 0.03653729 0.04263280 0.04383125 0.03380202 0.04027307 0.03713408 0.03009902 0.03051938 0.05539577 0.02127830 0.04892085 0.03060884 0.03627761 0.03925640 0.04657263 0.07778699 0.04007706 0.02237525 0.02125423 0.04746866 0.03266624 0.03939927 0.03468295 0.04807371 0.04892056 0.05195269 0.03574485 0.03767941 0.03219263 0.03095527 0.03171963 0.05492046 0.03603746 0.03774895 0.03207580 0.02315945 0.02143316 0.08440472 0.03151015 0.04114335 0.04856196 0.02652241 0.02228466 0.03686330 0.05395215 0.05260078 0.03457057 0.04235026 0.03032386 0.03152970 0.04222222 0.04222222 0.04950337 0.02895623 0.04386000 0.05104296 0.03167387 0.04509678 0.04978753 0.05067462 0.03455690 0.03694323 0.03651925 0.04746673 0.05615183 0.03201058 0.02976792 0.02502709 0.05022650 0.03638476 0.05312194 0.06209821 0.04476607 0.06068186 0.03192859 0.03538494 0.03795897 0.04535635 0.05442223 0.03166483 0.04919363 0.02524307 0.03113642 0.02327712 0.03815160 0.04240398 0.02758272 0.02961121 0.04028715 0.05301676 0.03481241 0.02713056 0.05817191 0.04071319 0.03705367 0.04285380 0.04399324 0.03417932 0.06155859 0.04555317 0.03038446 0.07832599 0.03501280 0.02881529 0.03106737 0.03453194 0.01994712 0.03275062 0.03049032 0.03223974 0.03049306 0.03124023 0.03405400 0.03405400 
0.04201887 0.03822273 0.03873304 0.03649291 0.02985629 0.03998890 0.03412339 0.06125588 0.03004326 0.06651788 0.00000000 0.04624903 0.03939039 0.05748029 0.03963561 0.03598146 0.03436094 0.03588767 0.03431608 0.03894543 0.03858513 0.03816135 0.03880616 0.02980469 0.03788942 0.03647695 0.05304657 0.02934282 0.03344450 0.02822534 0.03471804 0.03049183 0.03474072 0.04969324 0.03766614 0.04239111 0.04302921 0.06472475 0.06085479 0.03873681 0.04908787 0.03339271 0.03292688 0.05400100 0.04313730 0.03785911 0.03383515 0.03074554 0.04145560 0.03480586 0.05361087 0.05823559 0.03785072 0.04468774 0.05097064 0.06034175 0.04723926 0.04842776 0.03553180 0.03069281 0.03469727 0.04178117 0.03642459 0.03252234 0.03826123 0.02785888 0.04131367 0.04183089 0.03269108 0.04373462 0.03288901 0.03421810 0.03212469 0.03870427 0.03268922 0.03529015 0.03342211 0.05092423 0.05299729 0.04446235 0.03675713 0.04700503 0.03492353 0.03588255 0.04452876 0.04161702 0.03659785 0.03430035 0.02775625 0.03384346 0.04400833 0.04310091 0.03298716 0.03286976 0.03504514 0.02772757 0.04076517 0.03554312 0.03981154 0.03489910 0.03818383 0.05256690 0.05413767 0.04699853 0.06363224 0.02828080 0.04212778 0.05369052 0.07519738 0.05544803 0.06232211 0.03160661 0.06478634 0.04383650 0.04130172 0.04042121 0.03261082 0.03500810 0.03327974 0.04891007 0.03181652 0.04007943 0.03878017 0.03166479 0.04378910 0.03764750 0.03429104 0.06424613 0.03319974 0.03568557 0.04143206 0.03703076 0.03963561 0.03842749 0.04487822 0.04487822 0.03271732 0.03601152 0.03683887 0.03254131 0.03070561 0.04186682 0.03206231 0.04193912 0.04146773 0.02630597 0.03720400 0.04762956 0.03139576 0.03259501 0.04779740 0.03216642 0.03951928 0.04933937 0.04471511 0.04183736 0.04488940 0.04230362 0.03853240 0.03203079 0.04451588 0.05665714 0.05910481 0.03928090 0.06233236 0.04183867 0.03811065 0.04548320 0.03324470 0.03674079 0.02855616 0.03258414 0.03182752 0.03288667 0.03756243 0.03691623 0.03180709 0.03880692 0.02908784 0.03033216 0.03509821 0.04449989 0.03244280 0.03558474 0.05270517 0.03367096 0.02809789 0.03734978 0.04235863 0.02927902 0.02203088 0.02811411 0.03478552 0.03607621 0.03573598 0.03620071 0.03829201 0.03829201 
0.03870824 0.03392338 0.04720289 0.03846793 0.05025309 0.03800074 0.06891120 0.04861315 0.02905124 0.04180464 0.04624903 0.00000000 0.04396869 0.04249635 0.04294631 0.07426887 0.02842769 0.05119284 0.03693883 0.10593390 0.04914693 0.03168122 0.03847491 0.03917314 0.04290331 0.05017623 0.02555138 0.02869320 0.05994075 0.06939186 0.04731673 0.05258319 0.03182885 0.02967463 0.04173636 0.03595238 0.03874693 0.04391841 0.04081291 0.02613200 0.03259919 0.04380725 0.04944019 0.03418155 0.02527872 0.02845861 0.04191919 0.06920328 0.03981958 0.02356394 0.07386976 0.03267695 0.03819266 0.03720690 0.03351021 0.03071824 0.03030522 0.03412042 0.03355315 0.03305269 0.07113929 0.04347134 0.05298628 0.04047441 0.05875889 0.03050202 0.04622447 0.03929716 0.03341590 0.04568451 0.02684278 0.05067152 0.04129561 0.01890732 0.03458048 0.02799482 0.03476939 0.04643581 0.03340859 0.03344013 0.02518023 0.02865949 0.02580620 0.03007535 0.02952172 0.03583200 0.04672244 0.03616311 0.03879808 0.02729770 0.03876405 0.03723247 0.02632106 0.00794955 0.05419723 0.03453385 0.06131683 0.04471715 0.02587798 0.05712706 0.03548453 0.05318954 0.01906870 0.03333821 0.03826156 0.03544996 0.03389697 0.04113467 0.03295744 0.03701008 0.06183737 0.03121122 0.06187894 0.04688701 0.03124415 0.02856925 0.05820115 0.03993907 0.04382909 0.02776398 0.02390694 0.04622957 0.01995501 0.04640943 0.05750178 0.03017093 0.03287797 0.07739774 0.05855044 0.04932881 0.03406014 0.05319711 0.04294631 0.04441791 0.04105983 0.04105983 0.06386120 0.04877028 0.03955378 0.03317448 0.03096375 0.03423774 0.03517767 0.02281911 0.03303276 0.02688119 0.04500298 0.02608913 0.04443507 0.04593549 0.07777716 0.04231229 0.03090542 0.06219026 0.04757719 0.04298753 0.02886258 0.02250790 0.03746066 0.03746388 0.03341493 0.04366059 0.04823245 0.03226482 0.03024908 0.02909032 0.03205540 0.04070472 0.03388110 0.03776378 0.04398381 0.04871919 0.02868265 0.03356635 0.03315978 0.05313127 0.02519460 0.03428519 0.03485656 0.05038228 0.02500931 0.03908809 0.03238966 0.04234938 0.02021348 0.03482457 0.02484009 0.05501232 0.03732603 0.04811118 0.04429813 0.05590904 0.03538702 0.03827950 0.04380675 0.04099957 0.03279359 0.03279359 
0.04191745 0.03802509 0.03983850 0.03299926 0.03747844 0.02679192 0.03227469 0.04394886 0.03402502 0.04761436 0.03939039 0.04396869 0.00000000 0.06418178 0.06194512 0.07114330 0.04502464 0.03615515 0.05585402 0.04576108 0.03061948 0.03468850 0.03888323 0.05520347 0.03108137 0.03041738 0.02856539 0.04303394 0.02505187 0.02460972 0.02691225 0.03039994 0.02916463 0.04026473 0.03287400 0.04940140 0.03583425 0.06072257 0.07316280 0.03720855 0.05852002 0.02785126 0.02631805 0.04972787 0.04579452 0.03488000 0.04116354 0.04621278 0.05180999 0.03005569 0.05764479 0.03252468 0.05729321 0.03893972 0.03747061 0.03982111 0.02709135 0.03203043 0.02991490 0.04868446 0.04132916 0.04052953 0.05479811 0.03588425 0.02794805 0.02712524 0.03328667 0.03676075 0.03072251 0.02694315 0.04242912 0.03372887 0.02587973 0.03504207 0.02750378 0.05202114 0.05520360 0.03144236 0.05995297 0.03716718 0.03472683 0.04349595 0.04255875 0.03198392 0.02765771 0.03090679 0.04268166 0.03363147 0.04803857 0.04198261 0.02736871 0.04890782 0.03614599 0.03539273 0.02814631 0.02395818 0.02960184 0.03546633 0.03680343 0.03500738 0.02755711 0.03082426 0.03928506 0.03862657 0.05250264 0.04060181 0.04162912 0.03302340 0.05515477 0.06222966 0.03818459 0.03133695 0.03537989 0.03417894 0.04064975 0.02927788 0.03163745 0.02893766 0.02748566 0.03400427 0.03108756 0.03827143 0.03353063 0.04751066 0.03979657 0.03676085 0.04287065 0.03855295 0.03262557 0.07243834 0.06498376 0.07383453 0.06194512 0.03664404 0.04453022 0.04453022 0.06417728 0.03157207 0.03636838 0.03167977 0.04296024 0.02411136 0.04555102 0.04522556 0.03355971 0.05028790 0.03656047 0.03328058 0.02884620 0.06814913 0.03334371 0.04274429 0.06224397 0.05752707 0.04091939 0.03709105 0.05786519 0.05116177 0.05021947 0.06218185 0.04987664 0.06740253 0.06634542 0.05710895 0.04036308 0.04053269 0.05520953 0.02373975 0.02338999 0.02443275 0.02788961 0.04655734 0.02845827 0.02838455 0.03022054 0.03843788 0.02726740 0.04922243 0.05808231 0.02981631 0.03802301 0.03976033 0.02887400 0.03489805 0.03847254 0.02766728 0.02934636 0.02986175 0.02871879 0.03681893 0.03213824 0.02749168 0.03448486 0.03583140 0.03546935 0.03591708 0.03809448 0.03809448 
0.04038453 0.03455904 0.04426488 0.03269499 0.03625152 0.02122413 0.02974477 0.03340787 0.02235485 0.04340873 0.05748029 0.04249635 0.06418178 0.00000000 0.06246537 0.07157570 0.04021883 0.04257981 0.05131318 0.03040169 0.03150025 0.03406980 0.02605999 0.03025961 0.01715702 0.03289776 0.04208085 0.03160065 0.02698616 0.02093047 0.02165561 0.04549348 0.02984321 0.03458760 0.02037944 0.07840119 0.03805035 0.06567507 0.07498058 0.02904180 0.07431654 0.02849190 0.02133646 0.07848643 0.05808368 0.04475301 0.02758245 0.03403184 0.07838916 0.02488814 0.06263762 0.04640154 0.05205083 0.03322953 0.04038203 0.02905513 0.02741159 0.04188603 0.04688374 0.04902319 0.04784940 0.04626034 0.03810244 0.03523145 0.03069252 0.02974342 0.03898147 0.02851529 0.02602442 0.02201197 0.03801568 0.02736535 0.02627164 0.02819530 0.04053016 0.04092718 0.03675971 0.05362326 0.08028922 0.03587761 0.03828816 0.03809023 0.02666210 0.02623648 0.03058747 0.03584756 0.04071769 0.02736242 0.03721709 0.03446462 0.02730549 0.04853511 0.02101942 0.04705083 0.03115595 0.02881717 0.01922590 0.02920048 0.04519686 0.04014285 0.02882231 0.03313681 0.03133332 0.03416499 0.06711790 0.02927353 0.03713694 0.03570180 0.08143817 0.07151026 0.03894386 0.04005069 0.03154286 0.03459791 0.03426780 0.03682352 0.03676992 0.03604958 0.02620449 0.03301232 0.04841039 0.03066345 0.03193576 0.04823972 0.03534105 0.03242363 0.03686137 0.03712260 0.03679933 0.06908882 0.05373671 0.07256598 0.06246537 0.05487325 0.04201846 0.04201846 0.06172058 0.02772339 0.04085038 0.03685645 0.02633486 0.03807336 0.03511224 0.05144838 0.02924145 0.04024096 0.03882492 0.04319535 0.02908717 0.06027772 0.03682983 0.04583467 0.04927669 0.04042778 0.04404902 0.03785427 0.05641443 0.04752924 0.06648603 0.07679433 0.05078037 0.07214599 0.08165086 0.04561550 0.03268606 0.03362963 0.04235879 0.03313574 0.02932728 0.03149882 0.05072101 0.03705180 0.04075926 0.02959051 0.03763835 0.03564307 0.02967977 0.04832147 0.05494239 0.03638548 0.03622830 0.03681356 0.03432534 0.03061669 0.04230755 0.03294618 0.02451692 0.02263538 0.03126105 0.03456605 0.03217129 0.02101957 0.03000994 0.03158222 0.03108173 0.03168955 0.03468823 0.03468823 
0.04190405 0.03799614 0.03978822 0.03276101 0.03539594 0.03845971 0.02761286 0.03775648 0.02817911 0.03032386 0.03963561 0.04294631 0.06194512 0.06246537 0.00000000 0.07046752 0.04411727 0.04768893 0.07004890 0.04734545 0.03445314 0.02763749 0.03499543 0.04108585 0.02784594 0.03317399 0.03823715 0.04580936 0.03181971 0.03079337 0.03221431 0.04698251 0.03545152 0.02945613 0.04437972 0.05081231 0.03818469 0.03881754 0.05765056 0.03329005 0.05805971 0.02747029 0.03073352 0.06430973 0.04639801 0.03463838 0.04602918 0.04625920 0.05174211 0.03135813 0.05717339 0.03270997 0.05329010 0.03265769 0.03663850 0.04394827 0.02982738 0.03793807 0.03236649 0.03924503 0.03896823 0.04360707 0.03617077 0.03629827 0.02931402 0.02644005 0.04090155 0.03629240 0.04150710 0.03114159 0.04051177 0.03389183 0.02610060 0.04522372 0.02753527 0.04135778 0.03305944 0.04615199 0.06174723 0.02478798 0.03116580 0.04365669 0.03295008 0.03191477 0.03056014 0.02551622 0.04128379 0.03032558 0.04201986 0.03397748 0.02237634 0.04069691 0.03366022 0.02956736 0.02937642 0.02369781 0.03144050 0.03028813 0.04105923 0.03385625 0.03203304 0.04486940 0.04047750 0.02584288 0.05725673 0.02778427 0.04185515 0.03268430 0.05647733 0.06637287 0.03813706 0.04803879 0.03554006 0.03320257 0.04096958 0.02836653 0.04552837 0.02873915 0.02605868 0.03217992 0.03783424 0.03172179 0.02832853 0.05198166 0.04067893 0.03491077 0.02974787 0.03176780 0.05568460 0.07168766 0.06520131 0.07310627 0.07687586 0.03563759 0.04476496 0.04476496 0.06316787 0.03074451 0.05777889 0.03073498 0.04030543 0.03439840 0.03208457 0.03815494 0.03335675 0.04558163 0.05696852 0.03669784 0.02972990 0.06590093 0.03249375 0.04099932 0.06245822 0.05086116 0.04005115 0.04137749 0.06022191 0.04584973 0.04724714 0.06057255 0.05117071 0.06438019 0.06776076 0.05736306 0.03092268 0.04112349 0.05561383 0.03212762 0.03653055 0.03368577 0.04508917 0.04531716 0.04182610 0.03444815 0.03488458 0.03767189 0.04080219 0.04336642 0.05503604 0.03189423 0.03300440 0.02634395 0.02903737 0.03692071 0.03742975 0.02680875 0.02143382 0.02597648 0.02061506 0.02162553 0.01986874 0.02721036 0.03448526 0.03580232 0.03545798 0.03592885 0.03807811 0.03807811 
0.04092241 0.03568081 0.03207458 0.03577604 0.03805488 0.03195266 0.02328716 0.04924636 0.03018486 0.03674399 0.03598146 0.07426887 0.07114330 0.07157570 0.07046752 0.00000000 0.04746511 0.04220878 0.06097316 0.04094077 0.03091001 0.02921008 0.04725265 0.04148936 0.02393598 0.02562211 0.03000624 0.04603744 0.02861555 0.02000480 0.02529697 0.03595020 0.02691866 0.03371832 0.04146421 0.04822652 0.03944740 0.05440146 0.06583895 0.03063673 0.05891739 0.02089803 0.03399299 0.05403804 0.05646745 0.03887054 0.03542794 0.03966116 0.05037696 0.02712109 0.05683798 0.02793298 0.05615674 0.03993861 0.03196616 0.04840532 0.02545051 0.03826311 0.02354718 0.04528359 0.03740067 0.05138553 0.04668602 0.03467473 0.02424836 0.02384997 0.04305750 0.03609171 0.02802726 0.02753345 0.03644530 0.02837763 0.02681330 0.03345970 0.02413188 0.04297937 0.04533662 0.03488810 0.06106895 0.03020563 0.02966516 0.04741350 0.03980860 0.02536750 0.03410053 0.02214857 0.04498093 0.02991974 0.04916678 0.03869312 0.02833939 0.04806700 0.02628972 0.02591778 0.02906140 0.02326523 0.02773363 0.02686108 0.02872729 0.03636972 0.03455231 0.03518692 0.02831548 0.02913907 0.05237673 0.03069157 0.03919823 0.03000671 0.05564484 0.06712146 0.04639100 0.04781572 0.03113124 0.03123968 0.03729390 0.02635037 0.05177102 0.04059219 0.02750240 0.03819075 0.02950100 0.03797066 0.02704287 0.05832440 0.03622441 0.03654213 0.04742590 0.02462459 0.04589174 0.07847115 0.06222963 0.08096332 0.07046752 0.03703858 0.04377870 0.04377870 0.07328240 0.03488986 0.04973713 0.03526536 0.04822061 0.02500349 0.03667324 0.03282523 0.03073607 0.04094061 0.04835603 0.02953070 0.02785305 0.07060120 0.02751045 0.05455232 0.05838497 0.07180517 0.06203681 0.03789559 0.06267042 0.04504907 0.04700151 0.06454811 0.05299562 0.06867752 0.07377309 0.05385334 0.02845794 0.04135833 0.05128439 0.03389348 0.02014215 0.02603580 0.03358176 0.05782319 0.03287127 0.02553463 0.02564971 0.04486162 0.03312007 0.05513062 0.05544248 0.03385902 0.02805377 0.04955215 0.02805316 0.03236501 0.03365888 0.02831849 0.02102607 0.02877190 0.02665514 0.03206635 0.03244570 0.04233127 0.03127850 0.03286001 0.03246040 0.03298793 0.03577444 0.03577444 
0.03762688 0.04701616 0.02110438 0.02958598 0.03272924 0.04964356 0.02663903 0.02718331 0.04930873 0.01826982 0.03436094 0.02842769 0.04502464 0.04021883 0.04411727 0.04746511 0.00000000 0.07496144 0.05532324 0.03596980 0.02614744 0.02118670 0.02302058 0.03514466 0.04518930 0.03340206 0.06075556 0.07125713 0.01799570 0.04806091 0.04641841 0.05282243 0.02082535 0.02753273 0.04008595 0.03308784 0.03498793 0.04751247 0.03941745 0.06201658 0.08565913 0.03698447 0.05610875 0.05809099 0.06040325 0.04214198 0.02783930 0.04608968 0.06455520 0.04189784 0.08435007 0.03380322 0.03276190 0.01885677 0.02385751 0.04249856 0.04260273 0.05458015 0.01709806 0.04664226 0.05432845 0.09013078 0.03867239 0.04005006 0.01302168 0.04222969 0.05630204 0.02623485 0.03842347 0.02377290 0.01736786 0.03283107 0.03844116 0.03409071 0.04515788 0.03460868 0.05280977 0.05194840 0.05204459 0.03030152 0.01785270 0.05958513 0.07780550 0.03630054 0.03368763 0.02652586 0.03738855 0.03986450 0.04595004 0.03745465 0.03883673 0.05961758 0.01532159 0.04410891 0.02612047 0.01667283 0.02242622 0.02046982 0.03348217 0.03222952 0.01500522 0.07727726 0.03688024 0.05167126 0.03852274 0.03901031 0.05548520 0.02160135 0.05187746 0.03703202 0.05543730 0.05025219 0.05539193 0.02923658 0.03381612 0.05910479 0.05270435 0.02986124 0.02841278 0.05282989 0.04778240 0.03737946 0.05375573 0.04166704 0.03255260 0.03110896 0.04316669 0.02876048 0.03350184 0.04994526 0.03874317 0.04906183 0.04411727 0.04232480 0.04219615 0.04219615 0.04291497 0.02978025 0.04107165 0.03582044 0.07104583 0.01417186 0.05232701 0.03317088 0.02823339 0.06024572 0.04708684 0.02715225 0.02548759 0.04263314 0.03080022 0.03917858 0.03831090 0.03629996 0.05855162 0.02298720 0.04280221 0.05370776 0.06663391 0.06454920 0.03310921 0.05549898 0.04755933 0.03823841 0.03732319 0.04799886 0.03683010 0.03903210 0.05938143 0.04785551 0.03004922 0.04985388 0.03204502 0.02083375 0.03570291 0.05721275 0.03442036 0.02734704 0.05938901 0.02180748 0.01090299 0.03259876 0.03848780 0.03783153 0.02896984 0.00156724 0.04238097 0.02615943 0.03493151 0.04306273 0.02151384 0.03436787 0.04240327 0.04324867 0.04174396 0.04338554 0.03125294 0.03125294 
0.03687069 0.04255364 0.02323589 0.02016621 0.03766936 0.07012581 0.05192095 0.03482055 0.04280765 0.04569042 0.03588767 0.05119284 0.03615515 0.04257981 0.04768893 0.04220878 0.07496144 0.00000000 0.04340988 0.03639299 0.08752444 0.02893540 0.04325630 0.01903143 0.05975238 0.03205893 0.03966692 0.05181374 0.03546793 0.07193992 0.04696804 0.07075832 0.04393778 0.04059856 0.05822317 0.05177823 0.05016342 0.03482571 0.03655759 0.04839900 0.05007388 0.05973784 0.03464635 0.04874329 0.03285397 0.05406215 0.03187257 0.03927285 0.04579891 0.03781376 0.05980095 0.03078890 0.04349329 0.02748642 0.02934206 0.03705588 0.02747556 0.04981937 0.04691045 0.03896769 0.03761937 0.05270496 0.03636889 0.02600320 0.02418272 0.03237969 0.04001414 0.01190740 0.03840503 0.01816451 0.02356407 0.03579116 0.03046805 0.05347063 0.03576311 0.03734903 0.06069918 0.06057571 0.05095520 0.06354951 0.03619933 0.06487155 0.03158023 0.03855181 0.05396407 0.02955343 0.03394251 0.04632511 0.02500336 0.01549914 0.02977972 0.03759341 0.02133838 0.03252814 0.03671206 0.01302698 0.03366807 0.02886729 0.04230375 0.02979917 0.02381215 0.04548507 0.06857884 0.04945684 0.06092072 0.03349466 0.04819755 0.03041004 0.03302981 0.03984090 0.04754588 0.04704662 0.04856876 0.03801686 0.02933288 0.04065385 0.03443827 0.03458582 0.03825960 0.03632913 0.03887989 0.03458476 0.02953288 0.04761480 0.05461341 0.02404389 0.04192740 0.03342628 0.05079327 0.03638126 0.04373552 0.04065867 0.04768893 0.05465699 0.03973429 0.03973429 0.03194767 0.03715442 0.04446847 0.04356947 0.06078198 0.03587897 0.04734669 0.03524141 0.03839111 0.01999163 0.04776779 0.03113512 0.02726308 0.03854727 0.03813190 0.02260891 0.03688976 0.01785652 0.04556998 0.02673969 0.05194216 0.04030601 0.05353438 0.05739632 0.03830437 0.05128884 0.03856007 0.03466682 0.03309951 0.03322671 0.02979102 0.05216364 0.05420608 0.02849586 0.02975553 0.02497316 0.01925503 0.02236852 0.04223866 0.03317524 0.02861034 0.02445480 0.04350493 0.02505610 0.02636644 0.03691016 0.05762191 0.05023754 0.04960583 0.09790500 0.06269380 0.03997303 0.02805865 0.04888382 0.02722142 0.03659107 0.02763444 0.04272674 0.04482386 0.04312584 0.02939873 0.02939873 
