0.00000000 0.10208960 0.09870892 0.09822034 0.09424422 0.09071579 0.07682487 0.06585020 0.07372364 0.06807555 0.07934879 0.05930718 0.06218655 0.06406623 0.07347535 0.07637663 0.06670767 0.07265270 0.07083947 0.07553278 0.07143327 0.07287149 0.07902619 0.06000832 0.06487477 0.06580733 0.06552150 0.06217053 0.06567550 0.07652587 0.07587466 0.06643971 0.06849615 0.06505683 0.06422164 0.07100342 0.07166169 0.06524169 0.05939704 0.06560222 0.06395089 0.06677245 0.06548470 0.06411180 0.06600120 0.06577646 0.06417120 0.06506270 0.06860113 0.05925715 0.06316390 0.07054519 0.05385134 0.07547939 0.06946401 0.06825297 0.05958419 0.06715406 0.05782733 0.06039774 0.06290635 0.05561147 0.06498521 0.07724718 0.06164427 0.07424667 0.07178929 0.06708112 0.06452595 0.07315742 0.06959744 0.07686207 0.07616983 0.07149908 0.07222852 0.07093630 0.07390596 0.07660567 0.08289718 0.07827446 0.07738712 0.06521785 0.06787774 0.06008421 0.06656706 0.05300611 0.06290176 0.05928694 0.05688400 0.06083297 0.06819670 0.06171537 0.07425095 0.07504453 0.06863154 0.06760350 0.05741344 0.06168750 0.07101417 0.05720163 0.06221563 0.06853581 0.06912345 0.06203985 0.05329488 0.07191687 0.06371278 0.05999925 0.06753289 0.05924760 0.06246828 0.06916266 0.06115815 0.07236723 0.06453874 0.05789817 0.06999106 0.07562045 0.06687927 0.07187708 0.05728573 0.07228593 0.06970931 0.05599931 0.05727410 0.06541692 0.07018411 0.06343398 0.06280397 0.06547812 0.07843042 0.07400689 0.06523082 0.07537081 0.06890917 0.06383293 0.06548277 0.06110425 0.06606133 0.05927050 0.05827965 0.07033577 0.06390496 0.06053609 0.06017781 0.05828155 0.06499362 0.06219687 0.05966165 0.06881596 0.05938132 0.07101617 0.06440890 0.06345369 0.05036414 0.05894329 0.06735501 0.05463006 0.07072191 0.05544029 0.06230541 0.05707383 0.05539786 0.07587302 0.06734149 0.07899975 
0.10208960 0.00000000 0.11021501 0.10627630 0.09785163 0.09187625 0.07700178 0.06378356 0.07133523 0.06595297 0.07759623 0.06236852 0.05379125 0.06338036 0.07493628 0.07504711 0.07485662 0.07171542 0.07277256 0.07382553 0.06944635 0.07116412 0.08371170 0.05954496 0.06299648 0.07221111 0.06926458 0.06137434 0.06316005 0.07622542 0.07609385 0.06259088 0.07182080 0.06440081 0.06359523 0.06805487 0.07234708 0.06314040 0.06823561 0.06469692 0.06005368 0.07142181 0.06974920 0.06199163 0.06897509 0.06937368 0.05963818 0.06685959 0.06926940 0.05672095 0.06147187 0.06980757 0.05436724 0.07659339 0.06724784 0.06827951 0.05896807 0.06276431 0.06094624 0.05684278 0.05896019 0.05109829 0.07372542 0.06990034 0.05668489 0.08760306 0.07110087 0.06419168 0.06818292 0.08215778 0.07771029 0.08637487 0.08666068 0.07341469 0.08198285 0.07857411 0.08169461 0.08205641 0.08844169 0.08847992 0.08745872 0.07032589 0.06563327 0.06298866 0.06383978 0.04256584 0.05178145 0.05182728 0.05247709 0.05629372 0.06705728 0.05714756 0.08421052 0.07623317 0.06614752 0.07405209 0.06769778 0.05947159 0.07119806 0.05465126 0.06631310 0.06801250 0.06637494 0.07041477 0.04801830 0.06949519 0.07268281 0.05428031 0.06328146 0.06297398 0.07027161 0.06527541 0.05817661 0.06642878 0.05897782 0.06078148 0.06974500 0.06601722 0.05871709 0.06482268 0.05531046 0.06499642 0.05957498 0.05524751 0.05889369 0.05827845 0.06850308 0.06294397 0.05800046 0.06424960 0.07734324 0.07370646 0.06100400 0.07710716 0.07048915 0.05949068 0.07104920 0.06749103 0.06493101 0.05790277 0.05941157 0.06070017 0.06172912 0.07019045 0.06300215 0.05129949 0.06107662 0.05609783 0.05954049 0.05565804 0.04607393 0.06713843 0.07008826 0.06409074 0.04883168 0.06295445 0.06685606 0.05875337 0.07087430 0.05650944 0.06010707 0.05173153 0.05458474 0.07310361 0.07158266 0.08346447 
0.09870892 0.11021501 0.00000000 0.11455925 0.09488720 0.09720060 0.07167012 0.06220492 0.06474774 0.06305011 0.07765994 0.06682560 0.06074627 0.05853773 0.06622096 0.08304594 0.05936965 0.06787997 0.08239881 0.07322158 0.06741248 0.06117270 0.08166195 0.05876847 0.05980784 0.07072404 0.07744707 0.06122568 0.06433577 0.07328607 0.07263683 0.05503056 0.06733461 0.05922405 0.06183474 0.07387688 0.07521599 0.06800465 0.05685565 0.06251348 0.05941366 0.06883830 0.06538786 0.06289894 0.06601676 0.07273396 0.06124916 0.06908987 0.06852988 0.05720638 0.06004654 0.06635420 0.06118960 0.07188319 0.05783757 0.06738832 0.06620131 0.06438359 0.05975797 0.05196857 0.06731397 0.06427594 0.06462217 0.06760805 0.06373161 0.07264269 0.07015603 0.05691216 0.06780444 0.07838109 0.07235630 0.08542077 0.08573380 0.06971588 0.07991996 0.07687541 0.08108186 0.08016831 0.08740650 0.08928517 0.09596887 0.07321578 0.08293493 0.06787317 0.06948779 0.05311348 0.05199545 0.04793829 0.04456479 0.06892074 0.06366539 0.06384536 0.07340960 0.08067168 0.06011915 0.09079295 0.08468969 0.06596179 0.06041638 0.05462084 0.05757257 0.06121554 0.06871318 0.06508827 0.04818355 0.06285381 0.07209394 0.05829275 0.05819643 0.06474655 0.06358754 0.06588492 0.05839298 0.06389413 0.05734108 0.05768471 0.06321670 0.07680498 0.05550438 0.06318654 0.05317596 0.07287451 0.06856169 0.06025251 0.06616220 0.05694142 0.07925936 0.06431784 0.05561242 0.06449547 0.08462772 0.07210517 0.05946838 0.06748138 0.08113769 0.06495465 0.06622457 0.07541280 0.07587191 0.05274695 0.05438997 0.06594141 0.06752770 0.06688429 0.06231394 0.05858921 0.05389931 0.05952125 0.05457456 0.04986232 0.05674072 0.06444381 0.06899960 0.06520906 0.06071980 0.07139146 0.07320701 0.05879511 0.07013389 0.06168816 0.05727535 0.05023578 0.04666321 0.06645759 0.06522890 0.08217276 
0.09822034 0.10627630 0.11455925 0.00000000 0.12371914 0.10842625 0.08090091 0.07739460 0.08181309 0.06346537 0.07140914 0.07598125 0.05495730 0.06503189 0.07459424 0.07330426 0.06962670 0.06941963 0.08645609 0.07671798 0.07549747 0.07558063 0.08945447 0.06510018 0.07419007 0.08551302 0.06038483 0.05409516 0.04586049 0.07942451 0.06323576 0.05883642 0.08024366 0.06463338 0.07896211 0.06713502 0.07718094 0.05875318 0.05605578 0.06098614 0.05965816 0.06269495 0.06051502 0.05150784 0.08533698 0.07622879 0.05908405 0.07091830 0.08298357 0.06557050 0.05279592 0.06972867 0.04863872 0.07860404 0.06372417 0.07949631 0.07389847 0.06933098 0.08270646 0.06778158 0.07535544 0.05714084 0.06013444 0.06639574 0.05506231 0.06790347 0.05789652 0.05171819 0.05554512 0.06938400 0.08274350 0.09378679 0.08176340 0.08580616 0.10294648 0.08595578 0.10070618 0.07925714 0.08815476 0.08283051 0.09410380 0.09058474 0.09701559 0.07509363 0.06857094 0.06640746 0.06023370 0.05050365 0.03959455 0.06672127 0.07766597 0.04549325 0.06398997 0.07163260 0.05619298 0.08743833 0.06146345 0.07068679 0.06772838 0.07260254 0.06919296 0.08017226 0.06891631 0.06649312 0.03015968 0.06085150 0.05959918 0.06162482 0.07658676 0.05554804 0.07295162 0.05949780 0.06761928 0.05789103 0.06158621 0.06165334 0.05955475 0.05788591 0.06516704 0.07083387 0.05247012 0.06786788 0.04763340 0.06902419 0.06627416 0.06712770 0.06954112 0.06260075 0.04582595 0.05923837 0.07870827 0.06368030 0.04982130 0.05466133 0.06533346 0.06676039 0.06912725 0.07912858 0.07191987 0.07189363 0.07058425 0.06086511 0.06275298 0.07298939 0.05907251 0.05731403 0.06758571 0.06658438 0.06689374 0.04187305 0.03975237 0.05248046 0.05937745 0.04818906 0.03355153 0.04619817 0.05311049 0.04026156 0.05354702 0.04187457 0.04541774 0.04235942 0.03363397 0.05667001 0.04777471 0.07316766 
0.09424422 0.09785163 0.09488720 0.12371914 0.00000000 0.12685478 0.11817294 0.09528438 0.08786494 0.07338759 0.07037887 0.07721579 0.04940657 0.06342728 0.07076555 0.06107172 0.07849605 0.08794226 0.06491495 0.06986611 0.09033966 0.09957799 0.10698511 0.06246446 0.07926489 0.06196455 0.07782168 0.04378967 0.04968092 0.07178318 0.07541910 0.07484390 0.07187033 0.08891067 0.09727428 0.06034319 0.10514377 0.06461643 0.07444394 0.09862716 0.06167424 0.06467395 0.05314558 0.04361587 0.07369218 0.08071164 0.04968217 0.07451309 0.08552289 0.06267649 0.04246075 0.07183888 0.04793409 0.06476012 0.06244583 0.08671100 0.10659042 0.08305274 0.08512137 0.08122812 0.07858813 0.09208193 0.05322022 0.07342652 0.06278527 0.05750674 0.07205442 0.05477195 0.05154524 0.10058041 0.08537390 0.09552578 0.08999715 0.07954215 0.08958828 0.08052501 0.10818666 0.06188287 0.07455207 0.07831263 0.07421425 0.08190598 0.08015133 0.06228086 0.04339880 0.05321362 0.05121259 0.06296712 0.04257405 0.04646176 0.04632674 0.04486325 0.06052201 0.05842372 0.04783321 0.06664641 0.04074392 0.06997278 0.04529505 0.09418338 0.08331373 0.09523935 0.07861279 0.08214738 0.02591781 0.06011792 0.04274133 0.07549012 0.07694567 0.05832343 0.07171354 0.05768185 0.09628294 0.07528516 0.08913244 0.07093499 0.07273577 0.04519553 0.07127667 0.08635519 0.07085567 0.03991564 0.03446925 0.06335306 0.06814225 0.07004650 0.09165575 0.04362122 0.03901114 0.03761415 0.06702015 0.06714881 0.06719408 0.01940660 0.04900213 0.05331484 0.06893347 0.05803037 0.06674084 0.07158858 0.08301516 0.08609243 0.04703634 0.08161549 0.06688229 0.05921632 0.05497650 0.06963595 0.07194476 0.05173961 0.05512369 0.07338690 0.07221039 0.06025072 0.02331692 0.04055829 0.03559225 0.01462516 0.03577920 0.04926546 0.02175496 0.02014991 0.04210878 0.03057489 0.03041260 0.06359628 
0.09071579 0.09187625 0.09720060 0.10842625 0.12685478 0.00000000 0.12818874 0.05589028 0.06218595 0.09893051 0.05016186 0.09967264 0.05891966 0.06656035 0.05992815 0.08351323 0.08310864 0.04944052 0.06759128 0.07720184 0.07344899 0.09089044 0.10883382 0.05963022 0.06623435 0.06236823 0.05840098 0.04665091 0.03989049 0.13561389 0.09861624 0.05349979 0.07014341 0.10809781 0.06871243 0.06709160 0.07474535 0.06830011 0.07218031 0.06051554 0.05543790 0.04329596 0.10147986 0.05575928 0.10101649 0.08102685 0.04890823 0.05115168 0.08254036 0.06508394 0.05038736 0.03500673 0.03566359 0.04839133 0.08768032 0.08186510 0.12420955 0.07818135 0.08708202 0.06015091 0.07650301 0.06040580 0.05675508 0.09748907 0.04549215 0.06757749 0.06643173 0.08739632 0.07525034 0.09741960 0.09511257 0.09335067 0.07375088 0.08920354 0.10715119 0.09269947 0.10532344 0.10009573 0.09097632 0.07773718 0.08874108 0.06988179 0.09064681 0.07016912 0.07633817 0.07520402 0.08468206 0.05440343 0.06895062 0.05949505 0.06833532 0.02431575 0.06282728 0.06049569 0.03995246 0.04552591 0.06330932 0.07144403 0.05249341 0.08415947 0.06423111 0.08984478 0.06158199 0.05409612 0.03524905 0.10472548 0.04037525 0.05095968 0.06310971 0.04805832 0.04695655 0.06257527 0.10510747 0.07000372 0.08063686 0.06530619 0.08288111 0.04447128 0.06757398 0.08002177 0.08744738 0.06094578 0.03786918 0.05949239 0.05471106 0.08896128 0.08495442 0.08417296 0.04155760 0.03586979 0.05213306 0.08154069 0.10025792 0.04947903 0.06010212 0.01936857 0.09537835 0.08721122 0.07492576 0.05623204 0.06480163 0.05391903 0.07370319 0.05814312 0.06595077 0.05359620 0.06688827 0.09563269 0.07787376 0.03557047 0.04614566 0.06045911 0.05487088 0.04371274 0.02187360 0.02367674 0.02346064 0.02783326 0.02974847 0.06158364 0.03364433 0.01207368 0.01036994 0.02176415 0.00983434 0.06334168 
0.07682487 0.07700178 0.07167012 0.08090091 0.11817294 0.12818874 0.00000000 0.08480250 0.08456633 0.07788732 0.00404799 0.10312201 0.06368994 0.05318066 0.01686066 0.07878481 0.08215800 0.09975536 0.02814076 0.08010672 0.07342933 0.03465766 0.06894175 0.11430510 0.04432976 0.07981489 0.05600315 0.07217309 0.09437782 0.07904154 0.07053816 0.02378567 0.06573888 0.05797784 0.05654402 0.10770779 0.05101981 0.05968012 0.05264981 0.05039283 0.06265871 0.05640087 0.05919329 0.07140412 0.05156241 0.06998968 0.06989130 0.03938164 0.05518977 0.06080203 0.10623297 0.04332909 0.06164977 0.07280297 0.07992131 0.07017839 0.11160630 0.07514534 0.04739918 0.08974046 0.05869582 0.06597515 0.10709998 0.04450445 0.05669174 0.04029055 0.05694940 0.06656607 0.08747277 0.05358498 0.07695304 0.06665599 0.07124059 0.08286962 0.08744116 0.10043146 0.09339741 0.08946878 0.06335271 0.06699442 0.06472529 0.04533143 0.04755658 0.07195462 0.06308471 0.09880090 0.05116461 0.08381746 0.12049320 0.02644920 0.03105474 0.07098099 0.05347178 0.03415914 0.09264202 0.07066536 0.07272838 0.11044287 0.07314367 0.11674760 0.06387419 0.10284215 0.09929356 0.09090356 0.07181179 0.07803811 0.05654694 0.08839793 0.13509254 0.06822579 0.06664995 0.14704769 0.09015642 0.07906322 0.06713287 0.13049218 0.04572059 0.00754340 0.05575409 0.08718206 0.07191014 0.04070957 0.06578513 0.08239221 0.11180146 0.06022816 0.05075438 0.04088958 0.02850205 0.02769932 0.06386296 0.04725129 0.03036856 0.06362815 0.04697043 0.08427195 0.05668516 0.03696817 0.03367915 0.09654969 0.06815298 0.02410070 0.07457353 0.04851900 0.08495384 0.07481247 0.08773815 0.09523285 0.06606921 0.06991968 0.10540288 0.02923148 0.02338795 0.09966906 0.06522696 0.05807773 0.05894005 0.08082931 0.08393028 0.03037227 0.04597472 0.12260135 0.05875427 0.00373817 0.05329680 0.03978485 
0.06585020 0.06378356 0.06220492 0.07739460 0.09528438 0.05589028 0.08480250 0.00000000 0.08559370 0.09752978 0.10872201 0.11494947 0.06632482 0.02699467 0.05109775 0.07230748 0.09826500 0.03440498 0.06353434 0.06227106 0.09554226 0.08802224 0.09151983 0.07382185 0.04950536 0.02117209 0.10894527 0.06503387 0.10042115 0.05165984 0.03945052 0.04633131 0.07560867 0.04811705 0.06561387 0.07881629 0.07919368 0.08470105 0.05344982 0.09100044 0.08180838 0.05813495 0.03733287 0.09107044 0.07152895 0.06345709 0.08385008 0.07566243 0.03753455 0.09573375 0.10707863 0.02791109 0.05199864 0.08153440 0.08449776 0.03776689 0.04432232 0.04873809 0.06859788 0.08097548 0.03493473 0.07110348 0.14552342 0.05683903 0.04313510 0.06904396 0.05486412 0.07520705 0.07490306 0.04898041 0.05951731 0.05846869 0.06318946 0.07772662 0.06033550 0.05969602 0.05940048 0.05262049 0.04913456 0.06501614 0.06040437 0.05580502 0.05405320 0.06315192 0.05500918 0.06533167 0.07439268 0.06322385 0.11858161 0.06334654 0.03460920 0.05804851 0.03418084 0.05740172 0.09418489 0.05011065 0.13624211 0.06002091 0.05421031 0.07267831 0.03284141 0.13314560 0.14478790 0.05990566 0.08075170 0.06779511 0.12498337 0.13701519 0.09670269 0.05848613 0.03818321 0.09042914 0.12448001 0.08343066 0.10398547 0.05140294 0.04600045 0.07873033 0.05990210 0.09165645 0.05839370 0.06221648 0.04907125 0.04789642 0.04703490 0.06557428 0.04402378 0.04239339 0.07598083 0.04938766 0.04962882 0.06692638 0.02515998 0.07671299 0.07825704 0.05900619 0.03829614 0.03584847 0.06962553 0.10784465 0.05033237 0.07959557 0.07216429 0.04662746 0.06956906 0.07153033 0.06315480 0.09819221 0.10521854 0.07182519 0.06834249 0.05666188 0.04308414 0.07353913 0.07501839 0.04258704 0.06453572 0.08111446 0.09620836 0.06110772 0.03389360 0.08397664 0.03905505 0.03995174 0.08498819 0.03555649 
0.07372364 0.07133523 0.06474774 0.08181309 0.08786494 0.06218595 0.08456633 0.08559370 0.00000000 0.06997470 0.11720103 0.06872986 0.09045720 0.08867208 0.19410327 0.07300889 0.07511975 0.08702381 0.03922849 0.06659545 0.08166669 0.07127796 0.06448506 0.04658917 0.07974855 0.09449702 0.03416513 0.04990376 0.04513028 0.02914172 0.04244978 0.10130251 0.06542984 0.07166090 0.10728694 0.05205417 0.08208690 0.10086093 0.06170125 0.03820858 0.05279044 0.06428803 0.07344798 0.09832152 0.07061391 0.07780061 0.04782404 0.06610259 0.11614080 0.06375182 0.05658298 0.08853590 0.04877214 0.08489135 0.04773647 0.17610640 0.05752790 0.07386159 0.08117846 0.05238783 0.07246717 0.06390957 0.09770269 0.05745739 0.04346764 0.07486037 0.08304462 0.06544982 0.04141766 0.05952729 0.06031108 0.06189800 0.06669455 0.08540073 0.09826313 0.09821741 0.07984969 0.05287046 0.06516880 0.04664073 0.04793007 0.04848398 0.04466593 0.03154542 0.03152544 0.07768062 0.05067878 0.03019322 0.07625564 0.06427288 0.11207117 0.03944067 0.06255677 0.04082926 0.06437887 0.10777895 0.05686478 0.05848041 0.06368423 0.03365842 0.08130657 0.06185631 0.07568009 0.06012522 0.03902517 0.05935578 0.07290989 0.07903151 0.08466234 0.07070368 0.06746386 0.05921959 0.07182999 0.03797915 0.06158181 0.06164068 0.05594045 0.10225730 0.05408711 0.04033551 0.08401329 0.08895869 0.06095134 0.07431408 0.06585825 0.05501942 0.06146934 0.10010809 0.06913939 0.09538610 0.08227079 0.06593029 0.06730787 0.04300899 0.06007610 0.04937461 0.07661177 0.06790060 0.09472370 0.06398171 0.06226204 0.07263271 0.06545823 0.06739701 0.05237452 0.07533619 0.03326167 0.04339896 0.08379804 0.05622396 0.04708629 0.07380872 0.09053002 0.03234871 0.06039660 0.05221420 0.05850387 0.07221888 0.04764942 0.08190206 0.07292272 0.04600153 0.06303412 0.08005983 0.06007711 0.07178925 
0.06807555 0.06595297 0.06305011 0.06346537 0.07338759 0.09893051 0.07788732 0.09752978 0.06997470 0.00000000 0.04831985 0.08339945 0.05356685 0.09899681 0.03576173 0.06388777 0.10881744 0.06298685 0.06084645 0.06563091 0.06448271 0.06400247 0.06711909 0.06507750 0.04544915 0.03924350 0.03978039 0.05751899 0.05854901 0.06146472 0.03518045 0.05500632 0.03958212 0.05091026 0.06223067 0.05868112 0.04442544 0.08071729 0.07505697 0.05305977 0.07061096 0.07472418 0.06618705 0.06628394 0.06577155 0.03075508 0.07159594 0.04405400 0.08623334 0.08122103 0.09590185 0.05654178 0.08933740 0.07043079 0.07011303 0.08587449 0.08638623 0.02846511 0.08359069 0.10247401 0.09277240 0.05944539 0.05584699 0.06883859 0.06241091 0.03528913 0.06848336 0.06382440 0.08923267 0.06571031 0.08281198 0.06965195 0.05929415 0.08095539 0.07791173 0.06665571 0.06606024 0.07632917 0.06538406 0.06010669 0.06333443 0.06527657 0.04746363 0.06900873 0.05211165 0.05848506 0.06672642 0.08600559 0.06267782 0.04765470 0.06462978 0.06159620 0.04979401 0.04712883 0.06569031 0.06859559 0.05131709 0.08347558 0.07312011 0.08931335 0.06845523 0.09377907 0.08901130 0.07973745 0.06412986 0.11823751 0.05034862 0.10075842 0.09702376 0.05821604 0.09438591 0.08946826 0.10706075 0.10343513 0.08681842 0.06511214 0.14526330 0.06077011 0.06775491 0.05662391 0.10687768 0.05456555 0.08000860 0.02681448 0.12244426 0.08313870 0.08618902 0.04230343 0.05667318 0.04570110 0.04724023 0.05114129 0.04677579 0.08292604 0.05735449 0.04910162 0.06674918 0.03696401 0.06705935 0.09400228 0.06073458 0.02601646 0.06095664 0.09518367 0.06556086 0.12268030 0.09095085 0.10275117 0.08357440 0.08308787 0.07126350 0.04372512 0.03992481 0.07908332 0.06568731 0.08357345 0.08306112 0.07277064 0.08374956 0.04175670 0.04753034 0.11516155 0.06879685 0.05738604 0.04740795 0.04599354 
0.07934879 0.07759623 0.07765994 0.07140914 0.07037887 0.05016186 0.00404799 0.10872201 0.11720103 0.04831985 0.00000000 0.04553895 0.07921567 0.04197308 0.09715504 0.07522512 0.09449831 0.04088077 0.08411077 0.05592622 0.05400336 0.07417947 0.11345310 0.06189016 0.07455504 0.09017816 0.11304192 0.09750774 0.06178079 0.06456386 0.09444396 0.06719552 0.07836884 0.10427745 0.07508313 0.03934683 0.07612743 0.08773169 0.06651163 0.07929357 0.07817160 0.11275339 0.07246739 0.05608150 0.09860859 0.07060631 0.05863872 0.05832406 0.09203237 0.05368018 0.08531342 0.11378783 0.05032871 0.11905167 0.04930689 0.04643563 0.01824006 0.04207724 0.02811304 0.02405008 0.04085809 0.05762269 0.11508680 0.12727850 0.09614901 0.10446341 0.08729254 0.05930279 0.06284512 0.07851936 0.05055630 0.06853492 0.07377134 0.06724221 0.06089260 0.04695031 0.06024148 0.04355977 0.05938972 0.06422638 0.06154168 0.08086518 0.07791072 0.05862999 0.03860109 0.02871837 0.04973987 0.04025940 0.05476658 0.09229048 0.12974209 0.09605580 0.11622282 0.14640854 0.07631346 0.07431206 0.04740431 0.04434692 0.04456773 0.04086753 0.04990258 0.09037574 0.05092637 0.03959943 0.02915457 0.05224042 0.06033817 0.05560789 0.03880749 0.05022821 0.08202628 0.04012785 0.05373591 0.07083872 0.04625485 0.01126481 0.06641400 0.06355114 0.01928615 0.02572315 0.03931590 0.07077445 0.05580945 0.05042816 0.04136252 0.06496352 0.06206378 0.09103478 0.07328890 0.10320633 0.14062069 0.10344046 0.07500451 0.05824783 0.06736499 0.04524962 0.06312963 0.07489206 0.14408561 0.04529990 0.05670566 0.09377409 0.08381447 0.09584672 0.03724393 0.04729482 0.05164731 0.06504019 0.08660505 0.05579684 0.06013189 0.06532482 0.09491356 0.01272721 0.06730271 0.06041501 0.07838759 0.04889345 0.06853682 0.10193546 0.08300079 0.06761078 0.04412541 0.08362990 0.04447606 0.06853326 
0.05930718 0.06236852 0.06682560 0.07598125 0.07721579 0.09967264 0.10312201 0.11494947 0.06872986 0.08339945 0.04553895 0.00000000 0.11822961 0.14309637 0.07088122 0.05937554 0.08493575 0.10985056 0.06107502 0.05553793 0.09167001 0.05336871 0.04892308 0.09172326 0.03490707 0.04060641 0.07676225 0.05504079 0.09031470 0.07082507 0.06092868 0.04962666 0.08436136 0.06694886 0.08413807 0.05236243 0.05926626 0.06980362 0.08959036 0.06019153 0.05047971 0.04295222 0.06250161 0.02799717 0.06693044 0.08572391 0.04420959 0.05018674 0.04268434 0.06711320 0.09745656 0.04632158 0.06186995 0.06644800 0.08500101 0.06758068 0.06462921 0.03872521 0.06024735 0.07126816 0.08205479 0.07405659 0.05277569 0.04269091 0.06066988 0.06681636 0.03488105 0.04481208 0.12818823 0.06053482 0.07836857 0.06782025 0.06199649 0.06876043 0.06707431 0.07214511 0.07602724 0.08976038 0.06312557 0.05862230 0.05922935 0.06115733 0.04888796 0.05822829 0.07187511 0.07300133 0.04603779 0.10777851 0.06666543 0.05275761 0.03621086 0.06702938 0.05279828 0.03941008 0.05579862 0.10463856 0.05297795 0.07125064 0.06708361 0.08564459 0.08751848 0.06572893 0.06823184 0.12395618 0.10127905 0.07570770 0.07673466 0.10468814 0.08983677 0.07049243 0.09741590 0.15188504 0.06623271 0.08521106 0.08539822 0.08023439 0.05733766 0.04035544 0.13589269 0.10631077 0.13721638 0.07122028 0.06976557 0.08077685 0.11290032 0.07847478 0.07509097 0.05324337 0.03276882 0.05740578 0.02581816 0.04876765 0.05148649 0.05165809 0.05810758 0.06006479 0.03934373 0.04190250 0.04184324 0.06233180 0.01972520 0.07003154 0.08408517 0.04991497 0.05739981 0.04005352 0.07309923 0.06969193 0.05413888 0.05672004 0.05642609 0.06577678 0.03884496 0.07755099 0.10562563 0.07913577 0.04566973 0.12449338 0.06381023 0.04232910 0.03689335 0.07168883 0.07001014 0.03485484 0.06656832 0.05778706 
0.06218655 0.05379125 0.06074627 0.05495730 0.04940657 0.05891966 0.06368994 0.06632482 0.09045720 0.05356685 0.07921567 0.11822961 0.00000000 0.09262739 0.07567570 0.10980908 0.11915306 0.07334636 0.08375620 0.10544561 0.06389838 0.04299852 0.05606535 0.04583482 0.05421064 0.07751245 0.04937151 0.06791709 0.05055785 0.06560307 0.05546961 0.07739305 0.07165763 0.05207792 0.06710701 0.07052227 0.03987202 0.06886356 0.07410464 0.08042153 0.06755842 0.07399110 0.09991795 0.07398220 0.08466438 0.09744146 0.05283129 0.08981654 0.08996566 0.09286704 0.08794942 0.08137706 0.11206998 0.07058161 0.06345054 0.06083224 0.06338479 0.08653966 0.06636776 0.09810421 0.07619298 0.09223290 0.06737394 0.06412396 0.07028941 0.05271885 0.04598177 0.06361497 0.08757334 0.05439319 0.08191346 0.04433443 0.04639131 0.06018606 0.07599006 0.06916807 0.08237723 0.06166282 0.05652089 0.05337229 0.06664590 0.06382956 0.05156131 0.08132153 0.07141726 0.06651921 0.08708428 0.09458480 0.05432079 0.04517680 0.07349280 0.09521789 0.07818732 0.05615848 0.06077128 0.02828145 0.04853956 0.07882522 0.06783647 0.08447450 0.09428611 0.06015241 0.09031071 0.08910715 0.05305729 0.07814252 0.04252813 0.02524187 0.06332795 0.07595460 0.08716293 0.07431249 0.05597400 0.06378236 0.00465402 0.05986629 0.06859667 0.04990246 0.06142970 0.07019987 0.09734728 0.06080004 0.05717479 0.05055882 0.06129652 0.09088276 0.07677484 0.05020777 0.08623355 0.04992787 0.09606188 0.07539319 0.05680435 0.06680960 0.04127327 0.09247964 0.08427752 0.06294774 0.07525483 0.10063190 0.02800722 0.05831670 0.07777325 0.06656094 0.04902209 0.03934514 0.02996194 0.08432804 0.08388223 0.04136315 0.10659220 0.08238416 0.06253585 0.05452572 0.05025933 0.06586823 0.05635854 0.06234398 0.08011155 0.08163177 0.04798265 0.06842016 0.10581886 0.08210673 0.05850828 0.07545234 
0.06406623 0.06338036 0.05853773 0.06503189 0.06342728 0.06656035 0.05318066 0.02699467 0.08867208 0.09899681 0.04197308 0.14309637 0.09262739 0.00000000 0.09856741 0.05079947 0.11671744 0.11497038 0.04143501 0.07896901 0.08080422 0.08414025 0.05261144 0.03779177 0.05601688 0.05126365 0.05908771 0.04957910 0.08705786 0.07643067 0.05939571 0.09546803 0.06719035 0.05130378 0.07107777 0.08557902 0.06226202 0.04953989 0.05882521 0.08304183 0.08576629 0.07674167 0.09705728 0.08541218 0.03025658 0.09663782 0.02286080 0.04477124 0.06349814 0.10309540 0.11175602 0.05720465 0.07052403 0.05893929 0.06103243 0.06326343 0.09327652 0.08040169 0.10836753 0.11350775 0.08842335 0.06221583 0.02644915 0.01273591 0.07007559 0.05889453 0.10368859 0.05868977 0.07557996 0.07056254 0.08374400 0.04927152 0.07114209 0.08245224 0.05865570 0.08110919 0.05904019 0.07363347 0.06138406 0.05967845 0.05274599 0.06850986 0.04488514 0.07710875 0.07206004 0.05715171 0.08924088 0.07258396 0.05836425 0.05347336 0.06383692 0.06997642 0.05418227 0.03165894 0.10379543 0.07759826 0.05497222 0.07559058 0.06736599 0.08035190 0.05379247 0.07823901 0.06480068 0.06929368 0.09810947 0.08194272 0.06732738 0.08116835 0.07369277 0.05354470 0.07994820 0.07140809 0.11466731 0.06167932 0.08105315 0.10939857 0.05267783 0.07121372 0.08967724 0.08616988 0.13265801 0.07706986 0.07133959 0.07612437 0.04621733 0.08411855 0.04644562 0.10874119 0.03582942 0.04360599 0.05166905 0.03245833 0.06932544 0.04076803 0.07922005 0.06829380 0.11598277 0.07858886 0.05370965 0.09088654 0.07588246 0.03797287 0.07525673 0.04543332 0.07578188 0.05339124 0.06089101 0.05324291 0.07282871 0.06243402 0.06168820 0.04881022 0.06649989 0.05211541 0.06877337 0.06562599 0.05064492 0.06050270 0.03809324 0.06484236 0.06949378 0.03817518 0.06566968 0.05940311 0.05728699 0.06133853 
0.07347535 0.07493628 0.06622096 0.07459424 0.07076555 0.05992815 0.01686066 0.05109775 0.19410327 0.03576173 0.09715504 0.07088122 0.07567570 0.09856741 0.00000000 0.08973698 0.08877120 0.08962203 0.10354054 0.08232821 0.05437037 0.09114320 0.07763939 0.06865162 0.10676077 0.08622440 0.04836578 0.08353153 0.08603973 0.03823384 0.07684229 0.09471058 0.03467304 0.06643019 0.08061103 0.05255466 0.11460945 0.06370421 0.06714374 0.10332243 0.05732563 0.08049767 0.04232091 0.03886299 0.12221380 0.07382403 0.06600566 0.06929741 0.09271987 0.09483825 0.04514112 0.05036308 0.05412639 0.10596930 0.07220897 0.12671933 0.08259599 0.08605911 0.05399319 0.04014890 0.09146449 0.06386388 0.05578869 0.06412800 0.06273163 0.08674845 0.09183975 0.04903941 0.05181324 0.03524362 0.05651647 0.06130868 0.05024968 0.07509583 0.08339604 0.05518182 0.06077884 0.05354899 0.04512738 0.05455534 0.05141670 0.06917992 0.08050147 0.04112975 0.05363756 0.08133787 0.04823474 0.04234882 0.07727250 0.06828077 0.09190261 0.05581622 0.09499470 0.06429987 0.08174320 0.08483551 0.06062115 0.06336098 0.04109707 0.03870067 0.06133483 0.04552831 0.06839843 0.05582857 0.02698974 0.04777424 0.06441221 0.03767497 0.06972530 0.06320012 0.06391471 0.04761609 0.07409118 0.02991361 0.08573538 0.02722051 0.06474895 0.08723425 0.06719403 0.04043581 0.05875175 0.10908405 0.05993610 0.07297994 0.04634647 0.03116406 0.04188063 0.08195501 0.06295404 0.11609260 0.10014362 0.07152146 0.08482294 0.05784660 0.02196259 0.06477912 0.06741166 0.05928867 0.08594861 0.04735686 0.06040006 0.05498099 0.05793599 0.08126217 0.06053570 0.06739526 0.05270020 0.01724218 0.08704255 0.08482279 0.05916901 0.08118790 0.08937100 0.05787231 0.04970625 0.06835300 0.08327807 0.06469574 0.05471614 0.08061469 0.08863018 0.03134175 0.10362544 0.07683762 0.06085948 0.07677042 
0.07637663 0.07504711 0.08304594 0.07330426 0.06107172 0.08351323 0.07878481 0.07230748 0.07300889 0.06388777 0.07522512 0.05937554 0.10980908 0.05079947 0.08973698 0.00000000 0.07542597 0.07892723 0.06920970 0.10346908 0.06468624 0.08965604 0.15367234 0.08387799 0.07448391 0.06476138 0.06304853 0.06894187 0.08412636 0.06561434 0.10478789 0.05133549 0.06784210 0.05862523 0.05861331 0.10880101 0.07236462 0.06575666 0.09107569 0.06198392 0.09468831 0.09346276 0.09979159 0.10623507 0.12884064 0.07583953 0.06776175 0.09292488 0.08475198 0.07760898 0.06346436 0.10758272 0.03702373 0.07983722 0.05374211 0.06835192 0.06281638 0.05696933 0.07863282 0.08017829 0.11644877 0.06221253 0.05626575 0.06057331 0.04779178 0.10374407 0.08865132 0.08749162 0.06791745 0.09231605 0.08310555 0.08516309 0.07681588 0.09094898 0.08119366 0.09281016 0.09447163 0.08862626 0.07491363 0.06467947 0.07587773 0.07419633 0.06938555 0.06815717 0.05540454 0.04850090 0.04739187 0.05993113 0.06975145 0.05279236 0.07377749 0.07519547 0.05925092 0.06410724 0.11746407 0.07057490 0.02574283 0.05378543 0.06485776 0.04469994 0.07588146 0.09043544 0.09540581 0.04743534 0.02328098 0.02751422 0.03876910 0.07955795 0.04167781 0.12132963 0.04196053 0.05317452 0.07188013 0.04182260 0.05562204 0.04253289 0.05354287 0.03435678 0.03463203 0.03917347 0.08828880 0.01934175 0.07274086 0.06336995 0.07374251 0.04816255 0.07078475 0.07562415 0.03755637 0.08826213 0.05507456 0.06967386 0.07579264 0.05669538 0.11010471 0.10929777 0.02636177 0.06864713 0.10608011 0.07329613 0.05211004 0.05961306 0.05023569 0.08642070 0.06262508 0.08227273 0.02881688 0.03767502 0.04650137 0.07428133 0.02935755 0.06677075 0.07829587 0.05376067 0.05610791 0.03857655 0.03944797 0.03754286 0.04838880 0.03853763 0.03003742 0.03427084 0.04030355 0.07724837 0.04177449 0.04472272 
0.06670767 0.07485662 0.05936965 0.06962670 0.07849605 0.08310864 0.08215800 0.09826500 0.07511975 0.10881744 0.09449831 0.08493575 0.11915306 0.11671744 0.08877120 0.07542597 0.00000000 0.07119973 0.07452676 0.09500339 0.09822994 0.08399817 0.06803751 0.07343418 0.08881350 0.05148530 0.06693870 0.07457749 0.07082921 0.05813768 0.07787936 0.06629711 0.05686247 0.06043352 0.05795302 0.05860644 0.07029769 0.11441295 0.10395301 0.07486394 0.06746729 0.10207716 0.07003390 0.07454900 0.06095940 0.07993110 0.07148796 0.07386122 0.07710590 0.08845901 0.05863281 0.03668850 0.04630363 0.05383484 0.04543994 0.04791039 0.06816068 0.06304486 0.07802048 0.06343568 0.04999088 0.03014038 0.07070510 0.04856014 0.05986755 0.04314093 0.07471327 0.06421455 0.05026123 0.07891053 0.06849037 0.06633396 0.06881534 0.06856604 0.06677049 0.08300054 0.07417854 0.07584531 0.06927884 0.05554313 0.05929683 0.05513972 0.06206984 0.07301689 0.07376300 0.08711407 0.09694156 0.08286216 0.05182960 0.06620798 0.03620663 0.07066688 0.06757632 0.06618149 0.06928059 0.07104408 0.03837893 0.11791180 0.07052773 0.08013760 0.07022869 0.07370449 0.07972690 0.06998163 0.07041854 0.02822217 0.07305677 0.07692461 0.06047469 0.04021823 0.06491389 0.06674333 0.11366969 0.04051551 0.07214036 0.05590637 0.05970574 0.07312927 0.06081323 0.05816614 0.08820056 0.06257741 0.07623249 0.06697569 0.06773685 0.07753633 0.06484990 0.04469719 0.08736522 0.07239922 0.03845472 0.06997327 0.04545903 0.04798400 0.05519020 0.04388499 0.07246917 0.07397322 0.05337839 0.04869487 0.06611773 0.05721076 0.08035755 0.06249294 0.08449750 0.06316365 0.08008030 0.04724333 0.08908334 0.08229383 0.08789695 0.07179413 0.05356137 0.03634522 0.05342011 0.04855364 0.07133206 0.05766939 0.07140118 0.08056358 0.10129012 0.07308193 0.03585792 0.04962745 0.08018299 0.04895455 
0.07265270 0.07171542 0.06787997 0.06941963 0.08794226 0.04944052 0.09975536 0.03440498 0.08702381 0.06298685 0.04088077 0.10985056 0.07334636 0.11497038 0.08962203 0.07892723 0.07119973 0.00000000 0.07262213 0.09223129 0.07883473 0.05527047 0.05318964 0.02512444 0.10007653 0.05657668 0.08012499 0.05852907 0.06064334 0.06608581 0.04927209 0.07140072 0.06840358 0.05775199 0.06200543 0.04498999 0.07222753 0.04725176 0.06117535 0.06608475 0.06363087 0.06876918 0.07257729 0.09328114 0.03828896 0.07599699 0.04888871 0.05911753 0.08488976 0.03515572 0.04125137 0.03816123 0.04951281 0.06592493 0.06842280 0.09097044 0.08831200 0.12285730 0.06852365 0.08886462 0.09487337 0.09423911 0.06715671 0.07696763 0.06358551 0.06290535 0.05992766 0.08416167 0.04701317 0.09340790 0.06719791 0.05226808 0.05993382 0.07334646 0.07279059 0.07877675 0.09595133 0.06477912 0.06765046 0.05892287 0.07899479 0.07015920 0.06948733 0.01841504 0.05921646 0.03755858 0.07236908 0.06469083 0.04516265 0.06429836 0.03762255 0.03068605 0.06387342 0.03267846 0.06080380 0.05110261 0.07898308 0.05933600 0.08837330 0.13764609 0.07013653 0.07199668 0.08401878 0.09470338 0.04335781 0.13859446 0.11527205 0.06686683 0.11542248 0.05684564 0.07189053 0.07552597 0.05797259 0.08433644 0.06295294 0.10666429 0.06103676 0.05958700 0.10789726 0.04755423 0.08792095 0.08287816 0.05977642 0.07868477 0.07076568 0.06184973 0.07569028 0.07478183 0.05686601 0.09555027 0.07681954 0.05039290 0.09733519 0.04076909 0.03330000 0.05054573 0.05636646 0.08490088 0.04493412 0.08813381 0.05841602 0.06210294 0.07615936 0.06508912 0.07766081 0.09510654 0.05435259 0.04950888 0.07252090 0.07463271 0.06676219 0.07512272 0.03927821 0.06959775 0.03402823 0.06951379 0.02280016 0.05289664 0.07745151 0.09153699 0.07335727 0.03348831 0.06922842 0.08982077 0.05684941 0.07285864 
0.07083947 0.07277256 0.08239881 0.08645609 0.06491495 0.06759128 0.02814076 0.06353434 0.03922849 0.06084645 0.08411077 0.06107502 0.08375620 0.04143501 0.10354054 0.06920970 0.07452676 0.07262213 0.00000000 0.07251085 0.07014226 0.04922095 0.06432896 0.06762380 0.07085872 0.06494123 0.06027863 0.04387289 0.06526569 0.07204011 0.09267341 0.08468006 0.04056399 0.08650753 0.06232667 0.07644920 0.05921305 0.09825220 0.08764111 0.04443199 0.08951252 0.05141636 0.09793182 0.06896821 0.08062271 0.05719381 0.08123838 0.09249750 0.08206840 0.10107581 0.06728764 0.08837864 0.08581954 0.10362109 0.07745138 0.07797147 0.08171492 0.05049465 0.09324472 0.05094369 0.06017692 0.03245068 0.07054337 0.08010829 0.08220854 0.08814932 0.04652631 0.10658598 0.09679271 0.08197365 0.05458731 0.06205603 0.06928930 0.03551798 0.06464578 0.05925223 0.04829457 0.07943068 0.07162691 0.05855653 0.06458446 0.08810988 0.09218830 0.07604293 0.10120415 0.06105074 0.08411902 0.07202065 0.07496298 0.06991512 0.06206969 0.07742486 0.10307127 0.06494711 0.07230953 0.06721793 0.04576402 0.03331977 0.08936317 0.04866692 0.03616672 0.04004156 0.00487417 0.06808802 0.07861953 0.07331004 0.04341678 0.06066753 0.04802999 0.04496217 0.05640409 0.03437705 0.07502905 0.05213256 0.07719763 0.06537658 0.09261272 0.04357925 0.08596723 0.05974921 0.01005739 0.04541106 0.04385967 0.09925023 0.05813691 0.07280091 0.08945736 0.06752489 0.09662008 0.05710374 0.07540268 0.06575821 0.08518441 0.09471696 0.06889648 0.06428057 0.07827712 0.03750350 0.07701115 0.05344830 0.03661311 0.04566223 0.08109346 0.11104369 0.11027819 0.05595797 0.05723352 0.07014874 0.07049023 0.05387033 0.02638542 0.10489074 0.07548486 0.06772909 0.04688237 0.06680483 0.11158268 0.04190855 0.04903978 0.05101974 0.06177180 0.06861285 0.06335732 0.08985802 0.05252599 0.07708041 
0.07553278 0.07382553 0.07322158 0.07671798 0.06986611 0.07720184 0.08010672 0.06227106 0.06659545 0.06563091 0.05592622 0.05553793 0.10544561 0.07896901 0.08232821 0.10346908 0.09500339 0.09223129 0.07251085 0.00000000 0.09381305 0.07138075 0.07955183 0.12023494 0.08650125 0.07492695 0.08022069 0.04925371 0.07207832 0.08726533 0.08299749 0.07046676 0.08536694 0.06599096 0.08835250 0.10426279 0.07628532 0.09300280 0.11199977 0.10290527 0.07299493 0.05742320 0.09803524 0.04628875 0.08888403 0.08655787 0.06529784 0.09181841 0.03853802 0.06631298 0.04970923 0.05278657 0.06830381 0.04714960 0.06970280 0.05066205 0.07851913 0.05614374 0.05563566 0.05880502 0.06837836 0.06169322 0.07530349 0.09124819 0.09075621 0.07031931 0.08773049 0.07614016 0.09932527 0.10255094 0.07596118 0.07432307 0.06175486 0.06327232 0.06522555 0.08572120 0.06266986 0.06438873 0.06608782 0.06470692 0.05987750 0.06549524 0.06404438 0.07103598 0.08222001 0.03711365 0.04089855 0.11614597 0.05540061 0.07348042 0.08430745 0.02641159 0.07162518 0.08284628 0.07165416 0.05489877 0.11796880 0.05976252 0.05368173 0.09350013 0.06094104 0.08895916 0.05156816 0.05360884 0.03815795 0.06236784 0.06006299 0.07247229 0.04162106 0.06536313 0.10403520 0.04233094 0.03177851 0.03854978 0.05728861 0.08277381 0.05780960 0.04446453 0.07448462 0.04065599 0.05931564 0.06215599 0.05675431 0.09187799 0.06328045 0.05491944 0.06633494 0.05792387 0.07744415 0.07168235 0.04425209 0.09189467 0.04583837 0.03829787 0.06126626 0.01693779 0.10977189 0.08728099 0.04295891 0.06745587 0.06226675 0.04063083 0.06638414 0.07983128 0.05639337 0.03011582 0.06031309 0.08213510 0.07714602 0.04253577 0.05607285 0.07975826 0.06453090 0.03626923 0.06344160 0.06808085 0.04525587 0.02803720 0.07949002 0.06084983 0.07406027 0.06159098 0.06632680 0.07550298 0.06407361 0.05457126 
0.07143327 0.06944635 0.06741248 0.07549747 0.09033966 0.07344899 0.07342933 0.09554226 0.08166669 0.06448271 0.05400336 0.09167001 0.06389838 0.08080422 0.05437037 0.06468624 0.09822994 0.07883473 0.07014226 0.09381305 0.00000000 0.09310590 0.02878639 0.10328024 0.09629683 0.06826678 0.06881009 0.04961434 0.07159989 0.05294076 0.04941330 0.08615154 0.04724182 0.05273023 0.07588271 0.05319993 0.04478076 0.04471973 0.08606860 0.08773771 0.07684246 0.06711224 0.06465958 0.10246292 0.05968192 0.07191589 0.06193210 0.08092718 0.06325432 0.07629532 0.06931074 0.00353206 0.09603522 0.03248732 0.05460447 0.06659659 0.10651061 0.10589553 0.09053800 0.14281117 0.11051002 0.06773618 0.09094379 0.07647292 0.02549643 0.05556436 0.06180247 0.05827121 0.04295193 0.08233855 0.06012728 0.06431302 0.06587169 0.06600491 0.06853502 0.06629601 0.07748528 0.06956497 0.05739719 0.06017083 0.05774992 0.05406393 0.07079145 0.08072748 0.06068868 0.06782583 0.10749255 0.06314394 0.05062859 0.09547482 0.05105615 0.03640977 0.07357370 0.02130223 0.03904213 0.09562231 0.09038667 0.10074669 0.08101207 0.09603662 0.07778686 0.03362867 0.04234826 0.08178156 0.09434671 0.09732548 0.06598806 0.11124859 0.11853528 0.07645267 0.07155926 0.09827107 0.07693057 0.07549908 0.06512371 0.09720591 0.07232569 0.04935614 0.10875829 0.11042019 0.06469841 0.05518823 0.07259076 0.05228409 0.12886084 0.07862373 0.04792897 0.04363431 0.07067994 0.02116596 0.00947009 0.04596593 0.05540261 0.04966895 0.02645348 0.08147433 0.05827695 0.03159721 0.05386668 0.09828488 0.07094807 0.06632740 0.06424246 0.02432137 0.08043017 0.06432090 0.09339875 0.04673730 0.07215962 0.04760379 0.11319625 0.05135260 0.03807897 0.07659068 0.09428440 0.04987928 0.04043836 0.05634372 0.04918879 0.08072074 0.05427306 0.04169507 0.03978933 0.03963381 0.11232033 0.06948788 
