0.00000000 0.58259968 0.49985711 0.40481422 0.39709723 0.37515450 0.36046598 0.36635223 0.34446139 0.31667147 0.30360812 0.32157847 0.33947905 0.38727364 0.33796136 0.34951797 0.32608978 0.35751598 0.33188415 0.31031021 0.35704146 0.32194614 0.30854576 0.30998578 0.32035900 0.30683794 0.32365989 0.29367447 0.31914413 0.33104784 0.31476473 0.31467866 0.30653013 0.32356157 0.30631142 0.32871069 0.34485263 0.30713236 0.34649970 0.32511495 0.35155136 0.34095626 0.32579129 0.33041187 0.33621362 0.31409858 0.31857058 0.28079701 0.31779549 0.31270440 0.30107699 0.29922576 0.31133189 0.31772457 0.34645086 0.32354810 0.34107046 0.33324649 0.33722866 0.33645205 0.31423088 0.32835303 0.33841297 0.30262429 0.33702082 0.30822361 0.34039011 0.30488279 0.33007114 0.31710526 0.30243183 0.30933534 0.32606014 0.32394060 0.34377925 0.32244107 0.33714745 0.33680547 0.31865193 0.33677401 0.34846665 0.34577985 0.30996148 0.29305494 0.30823916 0.31085380 0.32287402 0.32441139 0.30570788 0.31331441 0.30322176 0.29019740 0.31033482 0.30153498 0.32949113 0.32670442 0.31165593 0.30900631 0.32406695 0.33166886 0.33736382 0.32718037 0.32711293 0.34025744 0.35890695 0.33937591 0.30459770 0.32764319 0.32921969 0.34683471 0.31754912 0.35389467 0.33668994 0.31906636 0.32574378 0.34462734 0.31956104 0.38473726 0.31420024 0.32558234 0.31881380 0.31122328 0.30927204 0.32890112 0.32196538 0.31851106 0.37371742 0.29967817 0.28550080 0.29779685 0.32477132 0.32342421 0.32550657 0.33322022 0.32117542 0.31746557 0.31287753 0.33084714 0.31939632 0.33568647 0.34123656 0.33114732 0.33265655 0.32862497 0.35905835 0.30826837 0.31408346 0.33105125 0.30654453 0.31116140 0.31163829 0.29302895 0.29841353 0.34418069 0.28533047 0.30926743 0.29855560 0.30021249 0.31368557 0.29282288 0.29646127 0.31530735 0.30341866 0.30591015 0.33247418 0.34218791 
0.58259968 0.00000000 0.77605714 0.54132448 0.42838861 0.35348736 0.36936675 0.36455040 0.31796955 0.30213755 0.34127537 0.35896776 0.34728684 0.35679871 0.31100519 0.30927527 0.36873375 0.31162540 0.32189269 0.34628856 0.32128491 0.32236652 0.34572082 0.28973796 0.32673991 0.32142045 0.34776806 0.35327247 0.33661600 0.33992251 0.29666329 0.32697858 0.34294102 0.33340237 0.34442184 0.33655728 0.33949281 0.34889002 0.38362898 0.29825127 0.31207417 0.33318471 0.35705222 0.28806766 0.31862381 0.30738970 0.32139187 0.28029706 0.33201758 0.32168520 0.28464266 0.30188887 0.32973416 0.33125380 0.32657158 0.29907000 0.33298665 0.34894717 0.32166875 0.31420606 0.39148910 0.40620124 0.36227606 0.27619908 0.32088689 0.26257309 0.30812146 0.29844111 0.32174689 0.27041390 0.26166001 0.30705572 0.30097264 0.28838617 0.31379766 0.30389723 0.34751664 0.31530729 0.30764866 0.29966618 0.31155853 0.30235981 0.29438345 0.28814103 0.30323630 0.32706127 0.28534441 0.33348135 0.28474504 0.26970766 0.29585787 0.30253199 0.30659634 0.29757991 0.37065438 0.29070366 0.32874442 0.28144528 0.30774659 0.34873541 0.37836747 0.32877802 0.30831659 0.32350547 0.32482686 0.35856573 0.34215511 0.35643493 0.32710215 0.33893193 0.29418877 0.33811522 0.28604482 0.35195600 0.28927834 0.32307704 0.31017347 0.29970292 0.30781078 0.33815861 0.34517099 0.34233149 0.30449900 0.29014303 0.32394268 0.32295765 0.33143282 0.27781822 0.30537371 0.30449177 0.30489948 0.26512265 0.30557292 0.34886507 0.32359105 0.34512481 0.35570201 0.36316121 0.32906308 0.34065645 0.31522396 0.27511275 0.34587249 0.37544235 0.36407867 0.29536100 0.32194749 0.29390945 0.28965725 0.27148799 0.32926816 0.26544798 0.31959507 0.28443711 0.35085508 0.34186571 0.32200005 0.29741250 0.31891784 0.30107207 0.31228170 0.36162141 0.30693597 0.32664104 0.32046104 0.36644243 
0.49985711 0.77605714 0.00000000 1.10426484 0.67496051 0.46733609 0.35977166 0.40412849 0.32483210 0.32421079 0.34522278 0.31021878 0.38717937 0.29991353 0.28591744 0.29616832 0.36342848 0.34396615 0.31612338 0.27365365 0.31113357 0.37118835 0.34347389 0.30576548 0.37377685 0.28398447 0.35728223 0.34280226 0.29843421 0.22772008 0.27577132 0.32875859 0.32524774 0.30079107 0.29868702 0.34794060 0.33879145 0.34720405 0.30839593 0.34755521 0.30268728 0.30406619 0.28851762 0.33816652 0.31065141 0.34417374 0.32330777 0.37752791 0.34835493 0.29653469 0.25673770 0.24821865 0.32789374 0.34061399 0.32792798 0.32889219 0.37714970 0.36604433 0.33727472 0.27393143 0.38247188 0.37652605 0.29320858 0.22914238 0.32787923 0.28317942 0.31796826 0.33406374 0.31660237 0.27557003 0.26120419 0.32585883 0.27996216 0.26907376 0.27980961 0.28605483 0.30663724 0.26518825 0.28308002 0.28603447 0.29039542 0.26717421 0.29267639 0.26786431 0.29645891 0.31109599 0.36644100 0.29359705 0.25492208 0.24946073 0.33848384 0.40878280 0.25944066 0.28392342 0.29422017 0.26498227 0.28799398 0.32161734 0.31901814 0.37286965 0.33315705 0.33567733 0.36189880 0.31867239 0.35720676 0.30468969 0.33934595 0.33962453 0.36478057 0.35275659 0.34081370 0.34089958 0.30760204 0.33089246 0.25298344 0.34986350 0.29348562 0.29014913 0.33632502 0.30712840 0.31320089 0.29819695 0.28930519 0.28964961 0.32919797 0.31665811 0.35003545 0.24748863 0.31806836 0.29940002 0.31911606 0.29756151 0.31972274 0.38308958 0.39805183 0.34533526 0.32003217 0.33509954 0.30205859 0.31487880 0.35221509 0.31144157 0.35813189 0.30945512 0.38941625 0.33005515 0.27181270 0.35737896 0.33940076 0.27083587 0.31663074 0.27709666 0.24654717 0.28386432 0.32652441 0.34617902 0.27430990 0.29162810 0.33831427 0.26640403 0.28761648 0.33104868 0.30235020 0.32551341 0.34388258 0.32199289 
0.40481422 0.54132448 1.10426484 0.00000000 0.90365403 0.49494074 0.43148050 0.38432926 0.33460995 0.40560024 0.30041315 0.41083515 0.37134192 0.41384879 0.32587882 0.31788906 0.42525342 0.40331579 0.36902924 0.25550713 0.33981280 0.28478266 0.26736379 0.32267641 0.38523543 0.28161590 0.25462721 0.35012355 0.28070514 0.25461792 0.30101493 0.31113368 0.34187416 0.25556895 0.27139679 0.34219561 0.31977928 0.36290266 0.39097120 0.33337834 0.34521800 0.39055118 0.37557194 0.33745201 0.30464098 0.32359118 0.44114555 0.30975406 0.32613000 0.35206877 0.30053968 0.24305612 0.34904268 0.31718622 0.38218285 0.31926291 0.42012500 0.44353696 0.35492802 0.40709852 0.33939421 0.42404420 0.33180473 0.26567601 0.27327655 0.28023774 0.28585867 0.25144399 0.27062839 0.21055070 0.25558420 0.29331176 0.27432583 0.29860985 0.29583822 0.29260922 0.32928424 0.30704970 0.27114909 0.27428558 0.28964341 0.27837525 0.25975204 0.28119273 0.27805747 0.30984532 0.30218383 0.46558769 0.29263391 0.27986528 0.18833465 0.25073358 0.26307683 0.24864959 0.34251951 0.23955407 0.28836651 0.32320599 0.34872225 0.32811140 0.35125926 0.31082102 0.33315284 0.38878991 0.30952888 0.37122492 0.27939706 0.28843216 0.37444540 0.31875932 0.27340543 0.32053312 0.28432909 0.25595270 0.32129997 0.37719587 0.29106545 0.34741896 0.35906146 0.36148310 0.37324459 0.32872353 0.33644606 0.26505097 0.29930606 0.31416176 0.44422443 0.30402549 0.31596591 0.23658974 0.31915618 0.22818948 0.42431381 0.30990011 0.34546159 0.28604590 0.28060906 0.32938177 0.29485233 0.39874681 0.35321694 0.30605760 0.32289218 0.31534917 0.38992386 0.29312491 0.33310793 0.31501909 0.36561226 0.22697341 0.26346005 0.24808623 0.27709368 0.26573641 0.25653967 0.30241970 0.26360952 0.26697291 0.25637311 0.27285256 0.31664775 0.27038277 0.28868601 0.30929300 0.32702954 0.36045325 
0.39709723 0.42838861 0.67496051 0.90365403 0.00000000 0.92880410 0.70752206 0.36666874 0.30437942 0.43902972 0.39347275 0.44010944 0.35756215 0.36876553 0.27538358 0.27766958 0.41747837 0.33434466 0.28690857 0.25769203 0.36525276 0.28051163 0.28841013 0.30613786 0.37933057 0.22409994 0.30259037 0.26969850 0.36028025 0.30555357 0.25297216 0.30422777 0.32575324 0.36784278 0.31881260 0.34663191 0.34539507 0.30672455 0.43752748 0.31630367 0.22070872 0.36844270 0.36835675 0.22360625 0.27824081 0.43070308 0.33944593 0.32232684 0.35228474 0.29129845 0.29397405 0.27132444 0.37643212 0.33118725 0.28709908 0.28575294 0.73880954 0.64869205 0.42699636 0.32899418 0.42259026 0.24598246 0.29696093 0.35333671 0.25093657 0.26428151 0.39720205 0.26501757 0.35326103 0.22905693 0.29389071 0.33221238 0.25070527 0.24599151 0.26342880 0.25932230 0.35291946 0.31608886 0.25389309 0.31423653 0.27346731 0.29958192 0.28445817 0.28317586 0.32469052 0.32133580 0.35812858 0.35005118 0.22538111 0.29498429 0.20864006 0.29955822 0.16639939 0.23362694 0.36856383 0.33935867 0.27298225 0.28526646 0.38971854 0.49475547 0.36737371 0.25332311 0.29677351 0.47953565 0.24849846 0.49713552 0.26669808 0.25451245 0.78695615 0.36482856 0.31241132 0.43086897 0.37040872 0.28444559 0.33964207 0.47206899 0.32552715 0.30393970 0.30886868 0.44488735 0.29851847 0.28517956 0.32238501 0.26660769 0.38091496 0.25308607 0.37780103 0.26433984 0.31034893 0.23931735 0.28361675 0.25895909 0.31163592 0.26240481 0.29379865 0.34418108 0.37361930 0.26212150 0.17562222 0.28213369 0.34463732 0.33448490 0.29825938 0.22289278 0.39149269 0.30958844 0.20675087 0.27275871 0.31854314 0.32013469 0.34837910 0.24117608 0.21400339 0.25379698 0.28198495 0.24517467 0.25475820 0.24571849 0.21738002 0.26012017 0.24616941 0.18338495 0.21413326 0.26335578 0.28301460 0.33014293 
0.37515450 0.35348736 0.46733609 0.49494074 0.92880410 0.00000000 1.55488131 0.66373943 0.44685842 0.50053796 0.33456873 0.40336029 0.34676994 0.37515241 0.38375279 0.21732405 0.32665469 0.31833084 0.29683088 0.26065816 0.28061011 0.37263262 0.19270158 0.22755446 0.21436620 0.31634206 0.33525454 0.31609799 0.23803935 0.26885250 0.28394385 0.22172163 0.34009209 0.28938351 0.27512411 0.27749822 0.19773259 0.27621171 0.31803493 0.32861726 0.25482328 0.35256933 0.27824637 0.23547036 0.35611159 0.39768477 0.26545889 0.38234715 0.34634785 0.25003050 0.22842791 0.26121473 0.24305404 0.40318694 0.86682849 0.54253299 0.98708913 0.54168711 0.33197769 0.33132256 0.24805117 0.40222110 0.47799002 0.25157680 0.24479582 0.26763506 0.31600199 0.27767100 0.32937628 0.30677318 0.29981898 0.33390147 0.25389865 0.32873590 0.34401867 0.33468926 0.33651594 0.28511513 0.40243125 0.31126821 0.33952882 0.34115650 0.34624297 0.30706516 0.29393122 0.30073894 0.34418916 0.22464550 0.23664410 0.14412130 0.23616994 0.26985180 0.20301068 0.12890436 0.19616741 0.24412889 0.33715715 0.33054539 0.25579673 0.30590004 0.59953970 0.30319369 0.28037160 0.51127424 0.26595296 0.91310559 0.24236762 0.22076859 0.88411805 0.45100533 0.19151699 0.31570370 0.38029147 0.32055239 0.21819137 0.31369524 0.25388850 0.26072525 0.38642376 0.32083121 0.33510575 0.36933957 0.29696281 0.26841084 0.32006499 0.25053679 0.31359546 0.26467010 0.22409696 0.22876064 0.23908135 0.21502368 0.25530546 0.25614773 0.27663263 0.25901802 0.26036284 0.25035141 0.25138809 0.27129127 0.28901429 0.24461900 0.33670802 0.23340288 0.24476697 0.18782458 0.27700306 0.22618012 0.24166170 0.37472978 0.33505136 0.33238480 0.27699313 0.23457334 0.29383300 0.33454099 0.23705686 0.32679472 0.23344558 0.26985007 0.40720958 0.30660720 0.31159446 0.27101876 0.30428613 0.33510647 
0.36046598 0.36936675 0.35977166 0.43148050 0.70752206 1.55488131 0.00000000 0.88663676 1.28045847 0.65141307 0.40962164 0.46903331 0.46027040 0.33123822 0.38070916 0.27918807 0.39330137 0.45787931 0.21637040 0.27252518 0.27550053 0.21865514 0.14936791 0.28096013 0.35930183 0.24557034 0.20996433 0.24167236 0.26065392 0.24845756 0.28108584 0.29374889 0.30417718 0.42751520 0.37441605 0.22244295 0.32299734 0.30761284 0.28577688 0.29352074 0.21110245 0.29803777 0.42035434 0.23888259 0.30552805 0.35182145 0.31364248 0.38708158 0.33945274 0.32753101 0.37051253 0.28471543 0.35799785 0.34028422 0.69392059 1.34008970 0.73624169 0.41655435 0.73958650 0.47922217 0.39788562 0.47394881 0.23792751 0.23559461 0.15671863 0.19709241 0.25308878 0.22572669 0.36074893 0.20862374 0.22947694 0.27278545 0.28756961 0.29052486 0.31451432 0.24895257 0.31588907 0.33184632 0.39374855 0.29288435 0.29181058 0.36085697 0.33344854 0.29095717 0.39999266 0.21657079 0.39151259 0.34656754 0.18693798 0.11198150 0.22806805 0.25288170 0.11590532 0.13848006 0.17866842 0.18280643 0.17687417 0.21053022 0.27779531 0.47954626 0.27679330 0.26808213 0.37207580 0.36525895 0.29673412 0.32250493 0.30388187 0.23754328 0.52203184 0.35256141 0.22908408 0.38398068 0.43752767 0.13070827 0.29811255 0.55287167 0.33399083 0.23473302 0.34458273 0.42889247 0.32742258 0.27286353 0.35625318 0.26213020 0.30632868 0.24666191 0.20428796 0.19724740 0.19738685 0.21752893 0.19185084 0.11697201 0.34464105 0.32192665 0.21001667 0.30836560 0.25727673 0.13537660 0.23236699 0.34807891 0.37465156 0.29309837 0.29503416 0.22084219 0.34252981 0.21377082 0.27638338 0.26972475 0.26644988 0.25223969 0.30047207 0.31050869 0.26954748 0.31092936 0.25086860 0.25506817 0.28538889 0.38530712 0.23421564 0.28583717 0.28164275 0.27567968 0.26245887 0.30731802 0.28852530 0.33748980 
0.36635223 0.36455040 0.40412849 0.38432926 0.36666874 0.66373943 0.88663676 0.00000000 0.70643461 0.64715886 0.49725898 0.34834549 0.30862767 0.28242832 0.38016493 0.23229783 0.28639605 0.36062813 0.28882722 0.25212615 0.31639747 0.32909877 0.22549407 0.30409548 0.31079992 0.22500584 0.26163741 0.30713467 0.28758683 0.24962640 0.29904231 0.23873511 0.28977898 0.36237730 0.31836091 0.29963115 0.32832232 0.31771729 0.31011970 0.24518000 0.26287871 0.35279152 0.34838319 0.26535419 0.29857776 0.33963443 0.24030278 0.29658688 0.25819253 0.23717526 0.28834815 0.33163019 0.73351880 0.46279325 0.62340814 0.31935441 0.28664484 0.30511995 0.28021179 0.31335485 0.30009766 0.40111589 0.45627064 0.36545158 0.27909975 0.17910219 0.34704873 0.23883867 0.32408554 0.24238489 0.34465663 0.35179511 0.30113539 0.36535948 0.28671374 0.40741280 0.35608599 0.36835301 0.29140644 0.35256460 0.32413166 0.37977640 0.35527455 0.36629491 0.30960946 0.20982284 0.23260400 0.28851734 0.24374126 0.19594625 0.23118228 0.34468455 0.24725390 0.24666196 0.30018948 0.21684984 0.26440438 0.31167183 0.31016100 0.30733223 0.34610025 0.35826240 0.36578869 0.36732881 0.37335347 0.62078332 0.32154795 0.30538105 0.98327473 0.79028118 0.23978898 0.31607872 1.06619214 0.32365461 0.22163820 0.25492861 0.28343911 0.16292759 0.34974121 0.32605956 0.29422026 0.44998306 0.27034946 0.37108074 0.24476038 0.32221580 0.24706474 0.18112974 0.29984698 0.19323809 0.26297408 0.25435544 0.26775695 0.18829878 0.28243004 0.23464895 0.28278868 0.25445586 0.25052983 0.33108015 0.29880111 0.26418104 0.28554184 0.24631766 0.34940926 0.34428225 0.29715469 0.35307782 0.27523786 0.20644897 0.29341910 0.23598117 0.24543486 0.34859021 0.25795965 0.26244015 0.27181903 0.28556647 0.31583549 0.30967802 0.36850386 0.31178917 0.28652286 0.31252016 0.34175535 0.39115416 
0.34446139 0.31796955 0.32483210 0.33460995 0.30437942 0.44685842 1.28045847 0.70643461 0.00000000 0.73449470 0.54717764 0.75455442 0.44142491 0.64895330 2.35122396 0.32695253 0.35115821 0.34013992 0.32328393 0.31902541 0.32610990 0.33431954 0.17430277 0.33583901 0.27400690 0.17009841 0.18546791 0.25909806 0.24475257 0.18453034 0.22270280 0.24421920 0.18390165 0.25318050 0.29690134 0.17532166 0.27125581 0.35023127 0.28701005 0.23392172 0.18984487 0.31206127 0.32926253 0.21172995 0.32197955 0.31283236 0.32626864 0.21384670 0.31697458 0.24274614 0.25668582 0.23943493 0.36093575 1.02579324 0.50077938 3.01337639 0.32218385 0.32193578 0.55791736 0.38910737 0.52023246 0.40806301 0.31718917 0.24546741 0.27881609 0.22355377 0.25541494 0.24559291 0.27662356 0.22568465 0.21986950 0.21506066 0.21708021 0.24169856 0.23907766 0.23783692 0.27501665 0.29227959 0.26150965 0.21288712 0.24968538 0.28188216 0.29006898 0.31288334 0.23619066 0.31060596 0.31262699 0.31931382 0.32546637 0.20429569 0.21724636 0.16859873 0.21911427 0.17139190 0.23593834 0.13373749 0.26079707 0.18007806 0.34786957 0.40487229 0.31941892 0.26622651 0.36314755 0.28277787 0.26651398 0.19664120 0.32061945 0.38443687 0.29840424 0.31526829 0.23286133 0.37479093 0.35359054 0.32659840 0.18668216 0.32644519 0.30297744 0.25643652 0.28684578 0.36641091 0.38537261 0.31219933 0.30808912 0.25175932 0.28949744 0.24239848 0.25738835 0.18267332 0.18458503 0.17853467 0.18809710 0.13646169 0.31121818 0.20488883 0.09608230 0.24671039 0.28667698 0.21650012 0.17458284 0.26094062 0.31259879 0.26279942 0.35410055 0.27233049 0.28491789 0.21815290 0.22108313 0.30327981 0.33772981 0.18920785 0.32155113 0.23103461 0.29257674 0.21927544 0.22608234 0.26611394 0.27396700 0.24453076 0.24703022 0.27865392 0.29427506 0.28137225 0.34184542 0.34103047 0.32981716 0.36519122 
0.31667147 0.30213755 0.32421079 0.40560024 0.43902972 0.50053796 0.65141307 0.64715886 0.73449470 0.00000000 0.94202488 0.78335039 0.55824366 0.52567219 0.39781254 0.43766573 0.39469835 0.36620422 0.30983502 0.32263030 0.40760936 0.23312622 0.19506024 0.26118457 0.33466857 0.18971063 0.24840170 0.28708151 0.29118940 0.25362839 0.26530244 0.28882333 0.28735969 0.31647735 0.36117043 0.26902973 0.29296626 0.40681937 0.29972458 0.27050358 0.30820407 0.32095465 0.36428119 0.31749754 0.23336382 0.38645258 0.33522498 0.30873682 0.34683647 0.43763872 0.92895673 0.43925207 1.03208009 0.35997437 0.24458963 0.35835918 0.40956804 0.34661324 0.36331885 0.36821846 0.33547525 0.26272504 0.31355498 0.22480373 0.23497313 0.24797572 0.31933608 0.25310518 0.31256932 0.24507876 0.31252879 0.35522606 0.31348657 0.31121385 0.35217261 0.39796499 0.33281452 0.31757367 0.32392407 0.31481979 0.32571436 0.28726835 0.39086126 0.20675713 0.31878094 0.27126488 0.27547415 0.25469724 0.30872233 0.23366151 0.23633653 0.13645257 0.07872682 0.17891288 0.24061428 0.26113669 0.26369820 0.32114691 0.47281974 0.30552936 0.35113142 0.25151752 0.27796990 0.31204054 0.36704752 0.27283081 0.26067446 0.24815858 0.35021951 0.32625679 0.16295868 0.25592734 0.58469871 0.17572316 0.25832222 0.31336199 1.13596433 0.34842485 0.40905142 0.40160656 0.45308570 0.33066258 0.32567815 0.25022749 0.30796604 0.34661226 0.31484395 0.27514932 0.17014514 0.25823425 0.09329264 0.22813576 0.19712998 0.33073012 0.24021417 0.24274881 0.36950179 0.24026306 0.16129117 0.33731386 0.27085652 0.33324678 0.34735767 0.24642426 0.30141559 0.30636252 0.26126461 0.24155030 0.31689263 0.30913887 0.31893837 0.27802933 0.33485300 0.27871888 0.32468250 0.28054887 0.36132424 0.33801209 0.22060578 0.25263522 0.20391108 0.31806255 0.36840289 0.24738124 0.33822036 0.28758835 
0.30360812 0.34127537 0.34522278 0.30041315 0.39347275 0.33456873 0.40962164 0.49725898 0.54717764 0.94202488 0.00000000 0.92052010 0.68892961 0.32531800 1.04247299 0.84142716 0.35205535 0.36812676 1.35406899 0.46883038 0.27890999 0.36971178 0.45845594 0.32147089 0.16534713 0.28073223 0.24168642 0.27617649 0.28234459 0.30205096 0.38516030 0.34318572 0.32665752 0.31045656 0.35535819 0.31634183 0.25485207 0.36073198 0.28598610 0.23320840 0.37524282 0.42295352 0.25493903 0.26650664 0.57903939 0.27626907 0.35830471 0.31035970 0.33504407 0.30291774 0.34012537 0.90523280 0.30466686 1.34431189 0.22216494 0.37740699 0.10593080 0.28377220 0.14110975 0.18515211 0.50339667 0.22113586 0.34018228 0.41019822 0.45367800 0.39950203 0.35177830 0.39634605 0.22699053 0.18408832 0.29917493 0.27751999 0.33631901 0.33656494 0.26181342 0.28145472 0.23003691 0.25478340 0.25456877 0.24875121 0.23023513 0.25286271 0.33829239 0.29908925 0.24535600 0.28504266 0.23555351 0.30787240 0.32349605 0.35119226 0.34163828 0.21847553 0.31381891 0.50644039 0.34890530 0.41273047 0.24031215 0.35603612 0.28419627 0.15648268 0.15258445 0.27438761 0.20484604 0.26267477 0.26181339 0.20921874 0.23138272 0.19011514 0.20709505 0.27001445 0.32299662 0.23058504 0.28722753 0.41512113 0.18109539 0.10995059 0.32339675 0.30750554 0.25316737 0.25332850 0.24639900 0.37922933 0.22170705 0.28627749 0.28677213 0.32707729 0.23151348 0.39435101 0.21936030 0.30173994 0.29463209 0.26390267 0.28213995 0.29998804 0.21661564 0.30200041 0.24126835 0.19958922 0.32040163 0.29235132 0.29316810 0.18264668 0.38018754 0.28509332 0.19417763 0.18643473 0.27888522 0.39633300 0.29774293 0.23230221 0.31897599 0.36301450 0.35600614 0.28690745 0.30331951 0.24358385 0.25683000 0.33471597 0.26230024 0.27739103 0.32325641 0.28723201 0.32948215 0.24213844 0.30325230 0.26449174 
0.32157847 0.35896776 0.31021878 0.41083515 0.44010944 0.40336029 0.46903331 0.34834549 0.75455442 0.78335039 0.92052010 0.00000000 1.07125493 2.40936325 1.13334083 0.43500433 0.56367084 0.38596790 0.21509307 0.26446191 0.49249850 0.28740502 0.21962584 0.32470853 0.29361661 0.23438663 0.21797753 0.22585339 0.29249290 0.26270904 0.22698094 0.24697121 0.31226223 0.33217310 0.29823941 0.20195378 0.38382652 0.30833706 0.31498358 0.25852678 0.28209588 0.37936493 0.38402942 0.19763167 0.31802496 0.41514524 0.31758156 0.41088681 0.38314156 0.32254807 0.32125994 0.27312068 0.24892229 0.51076391 0.28643150 0.54306432 0.34469057 0.37232461 0.45330243 0.36226661 0.30360606 0.31008990 0.31243299 0.15313306 0.26599501 0.17341954 0.28168355 0.27502630 0.27897693 0.26523475 0.37143500 0.32090115 0.30100564 0.35761798 0.30448365 0.33301768 0.36038841 0.30332966 0.32831467 0.35152566 0.28675800 0.28225732 0.35332875 0.32822216 0.35709326 0.36094886 0.31088665 0.30968411 0.24400100 0.18170922 0.18320625 0.19458881 0.14402009 0.07695039 0.20027330 0.24035071 0.29371242 0.21722020 0.31669499 0.34466781 0.25520224 0.27644305 0.33378252 0.35668083 0.31308410 0.25293342 0.27054923 0.34646525 0.33705132 0.25168121 0.18298837 0.41395403 0.25737164 0.20644765 0.22833642 0.39943996 0.28878021 0.28163532 0.38690765 0.32367879 0.30023948 0.35774410 0.43602605 0.28588508 0.29969417 0.21948624 0.20419601 0.13091949 0.26250186 0.14279419 0.20241981 0.15275236 0.28104206 0.30059151 0.15182360 0.25223493 0.30350281 0.17405928 0.16503381 0.30195526 0.32336410 0.24659230 0.36762628 0.20243056 0.43966807 0.25960572 0.22237647 0.25921422 0.46031661 0.35465160 0.31766718 0.33446456 0.31082473 0.25953315 0.31814416 0.26786210 0.29743750 0.34639940 0.25547104 0.26872145 0.30167588 0.26647845 0.29063163 0.29365865 0.31951671 0.33911014 
0.33947905 0.34728684 0.38717937 0.37134192 0.35756215 0.34676994 0.46027040 0.30862767 0.44142491 0.55824366 0.68892961 1.07125493 0.00000000 1.30440431 0.53799234 0.88086710 0.62690597 0.34548243 0.30584953 0.45865738 0.33986459 0.27959211 0.23848550 0.26090886 0.27532260 0.23630282 0.24215549 0.29151148 0.25187274 0.21828869 0.24403805 0.29959975 0.31506611 0.24083509 0.27784145 0.21700044 0.27599016 0.42491129 0.36690449 0.40893804 0.29464059 1.07041898 0.48540728 0.29524990 0.55930539 1.05283850 0.41310994 0.28726074 0.36399063 0.29742885 0.29143970 0.26026274 0.25592484 0.31250224 0.36790025 0.32152192 0.33325167 0.36809625 0.34880133 0.33076060 0.34901705 0.25010702 0.26295943 0.19524583 0.21431579 0.25244578 0.20799851 0.28533260 0.30018390 0.29820477 0.43902078 0.30115242 0.38426345 0.30710254 0.24369562 0.35909653 0.32030488 0.32444445 0.26901753 0.32749021 0.29528427 0.31416288 0.33751398 0.36563366 0.41648126 0.30411916 0.36737962 0.34153278 0.26545567 0.33175879 0.16918334 0.30377483 0.18472481 0.04774329 0.25860619 0.16696701 0.17600932 0.22483543 0.37946764 0.29821017 0.29396508 0.23608219 0.36120032 0.43422522 0.33741272 0.22074419 0.27816932 0.35056707 0.30725478 0.28760603 0.17781671 0.28596127 0.32704053 0.23478460 0.23291156 0.43181579 0.22975335 0.22979305 0.39106165 0.37233765 0.37172300 0.38553754 0.42510298 0.24292661 0.27939255 0.26742098 0.23118250 0.23807695 0.19085558 0.17253758 0.18965055 0.19070117 0.25974065 0.27086744 0.23498765 0.22722137 0.30803562 0.14705791 0.23408273 0.29203451 0.24695861 0.26730155 0.35682610 0.15920361 0.40756759 0.24479838 0.22217713 0.26489994 0.33989312 0.33477319 0.30848303 0.32709266 0.31115184 0.34055427 0.36720770 0.38773601 0.36278711 0.38386784 0.22154326 0.31839710 0.30614694 0.28945043 0.37507634 0.31545211 0.41008508 0.29286273 
0.38727364 0.35679871 0.29991353 0.41384879 0.36876553 0.37515241 0.33123822 0.28242832 0.64895330 0.52567219 0.32531800 2.40936325 1.30440431 0.00000000 0.93461899 0.89897761 0.53631937 0.47249489 0.22360628 0.27478185 0.41888039 0.28122343 0.11770843 0.25790197 0.29882956 0.22091335 0.19967665 0.17774292 0.32046077 0.32848375 0.21776511 0.16681244 0.33131743 0.31775520 0.30132264 0.25503911 0.20095727 0.39912185 0.44696509 0.23901848 0.26921491 0.37273870 0.40909885 0.29462149 0.18854910 0.39446600 0.44288686 0.29307695 0.34253247 0.35434534 0.25842209 0.30111967 0.31023431 0.27433030 0.28676043 0.35566832 0.42563952 0.45211558 0.51084443 0.34531069 0.29933948 0.41377374 0.30336628 0.20351408 0.17482378 0.26738672 0.22913890 0.26413803 0.26092020 0.26564637 0.35531316 0.25085193 0.27528101 0.40235734 0.33101692 0.34745301 0.37315405 0.32449795 0.39314159 0.27479911 0.38082135 0.33082967 0.31043367 0.31146636 0.31426947 0.30064342 0.31705470 0.35902026 0.22460228 0.23935324 0.16871301 0.19997185 0.20530010 0.16877531 0.25868451 0.15417994 0.23192171 0.24113412 0.30909607 0.43982245 0.35074213 0.24215785 0.29153598 0.39671295 0.46532341 0.29394626 0.23241378 0.31557801 0.27561753 0.29262283 0.20884285 0.38886587 0.37752636 0.20083824 0.21871697 0.48185290 0.29707926 0.23615051 0.36393841 0.43213191 0.33201157 0.29210601 0.44406944 0.28794459 0.31892726 0.30078390 0.29473763 0.14938620 0.24142637 0.23659397 0.16173846 0.14878709 0.39383466 0.25450784 0.14815013 0.20614915 0.27998455 0.15988190 0.15259026 0.24980266 0.32019040 0.24750567 0.29735490 0.27369830 0.33209490 0.28226273 0.33687322 0.29575598 0.23621603 0.27022874 0.34109372 0.33433642 0.32259215 0.25091288 0.35191424 0.24289329 0.32738638 0.44575029 0.23893535 0.34921281 0.32549323 0.29501690 0.41511738 0.35391068 0.37330414 0.29351927 
0.33796136 0.31100519 0.28591744 0.32587882 0.27538358 0.38375279 0.38070916 0.38016493 2.35122396 0.39781254 1.04247299 1.13334083 0.53799234 0.93461899 0.00000000 0.51038385 0.49359075 0.88687642 0.48302708 0.37526330 0.36978055 0.33282810 0.24658081 0.36277196 0.21479876 0.21951646 0.21774198 0.19793476 0.30553770 0.28080568 0.19982133 0.28495818 0.22339200 0.27543299 0.26744103 0.23775448 0.23892953 0.26925767 0.30995881 0.32488810 0.38474355 0.29782853 0.28778977 0.24130459 0.38376120 0.29666604 0.28097035 0.22765612 0.28529516 0.32474850 0.29665358 0.35279058 0.34446867 0.67844067 0.29110184 1.15047205 0.27713846 0.30779782 0.38654191 0.28430248 0.70980327 0.34242797 0.43418078 0.18843386 0.36664493 0.31367398 0.28090630 0.30196887 0.24353604 0.22646698 0.20445495 0.21321200 0.26909800 0.30494827 0.25893403 0.21403878 0.25618149 0.22126389 0.26182564 0.25513301 0.23897339 0.28444095 0.21918493 0.28547200 0.30250531 0.25687906 0.28387363 0.30692617 0.27115900 0.36483073 0.33467691 0.24540061 0.24471137 0.23047355 0.30476122 0.31413686 0.26655373 0.32587896 0.33798301 0.31412420 0.24432979 0.23362729 0.22482274 0.21240932 0.25430088 0.30590269 0.29473592 0.31162914 0.29454895 0.34006303 0.24132577 0.30659452 0.27225919 0.20425415 0.26400265 0.28783673 0.25060579 0.25367649 0.36581698 0.31261702 0.15124438 0.29164060 0.22351399 0.30114312 0.25215754 0.27451772 0.27851242 0.27843854 0.23544220 0.26789103 0.21914930 0.31988150 0.27056602 0.26243074 0.25744075 0.30383857 0.23301573 0.27067905 0.19317332 0.32107546 0.30207650 0.26060783 0.31495974 0.21855488 0.26702305 0.22157285 0.26829110 0.38014471 0.30919403 0.29066665 0.27775514 0.27243202 0.25668330 0.29989199 0.29497380 0.29967778 0.28450600 0.32841177 0.23994588 0.29292574 0.34261709 0.25566614 0.30894385 0.33008087 0.38087081 0.34300788 
0.34951797 0.30927527 0.29616832 0.31788906 0.27766958 0.21732405 0.27918807 0.23229783 0.32695253 0.43766573 0.84142716 0.43500433 0.88086710 0.89897761 0.51038385 0.00000000 1.35236369 0.40361289 0.84174953 0.92643618 0.31310418 0.27965193 0.31206025 0.35336383 0.26365177 0.34056817 0.25256510 0.24254730 0.36021651 0.32697446 0.41957382 0.23919949 0.39754640 0.39054027 0.29600987 0.41018239 0.43883338 0.71946337 0.34174341 0.27750614 0.54492960 0.84638098 0.35236156 0.50694813 0.80239886 0.42443023 0.39888508 0.29062480 0.41525261 0.36679084 0.31660796 0.38335386 0.23112044 0.33630930 0.23304126 0.25551878 0.18927602 0.23637249 0.27552200 0.31231696 0.36544155 0.19414862 0.20670762 0.34873435 0.22340689 0.52616253 0.28012302 0.28106044 0.24319363 0.24749751 0.27518713 0.21506378 0.29913039 0.36192436 0.39396619 0.34524007 0.30790576 0.34583969 0.32111204 0.27969304 0.36569130 0.37570312 0.29291051 0.24554675 0.31872605 0.37349633 0.28468347 0.24879700 0.32894400 0.31322443 0.40504603 0.32835857 0.25467738 0.35055508 0.21585517 0.28742787 0.24084093 0.23980421 0.26421653 0.27428827 0.18951435 0.42741272 0.30235312 0.32251996 0.28988787 0.26041853 0.25552539 0.17471319 0.29942456 0.21871989 0.24717266 0.24713300 0.22862690 0.31118710 0.33036120 0.32809065 0.27791788 0.22913295 0.33958116 0.25230220 0.21926189 0.21362178 0.29847994 0.30346936 0.28955538 0.19860634 0.41234074 0.28086481 0.21391923 0.24438975 0.33339166 0.30469340 0.29085510 0.24498252 0.13591408 0.29232676 0.21971914 0.25528349 0.30098170 0.24157288 0.31386418 0.27622952 0.29356668 0.32391541 0.36918467 0.19742711 0.29598813 0.31228871 0.25615893 0.30086405 0.17066665 0.32548605 0.29837699 0.36923067 0.24367919 0.27072810 0.20095155 0.28360670 0.31525675 0.33289032 0.25973886 0.23986303 0.32211394 0.21904837 0.27896524 0.29047715 
0.32608978 0.36873375 0.36342848 0.42525342 0.41747837 0.32665469 0.39330137 0.28639605 0.35115821 0.39469835 0.35205535 0.56367084 0.62690597 0.53631937 0.49359075 1.35236369 0.00000000 1.07516870 0.57669742 0.77510406 1.05365842 0.29825612 0.29064900 0.32951783 0.33984259 0.17245716 0.16493565 0.25342061 0.32987573 0.27772227 0.17369802 0.29883527 0.26294990 0.27352180 0.28599801 0.26733414 0.31156944 1.37703927 0.43172785 0.29118813 0.28061863 0.62654170 0.43140304 0.22569261 0.29193767 0.38103320 0.43772909 0.40418886 0.33697059 0.30723340 0.24571192 0.29475342 0.24887363 0.26830533 0.25468396 0.30134709 0.39351707 0.35164701 0.32150760 0.44902078 0.28947917 0.39875375 0.35793835 0.22423431 0.22774869 0.22082925 0.19208130 0.30771747 0.43587407 0.26252109 0.31246532 0.34523716 0.27839585 0.35940339 0.29965016 0.26374150 0.42147157 0.30797939 0.24958293 0.35280812 0.30277949 0.31104279 0.29310561 0.26602038 0.24932589 0.29172566 0.29265680 0.33522554 0.30265161 0.18621860 0.24900817 0.17612254 0.21838077 0.21090541 0.18440706 0.25641703 0.22793598 0.24514647 0.34135941 0.44423378 0.23915786 0.21103767 0.31833647 0.35822276 0.27525316 0.18372224 0.22883896 0.31455443 0.32190546 0.26252693 0.14331160 0.38286471 0.26637769 0.16455303 0.28037020 0.33119526 0.27334279 0.24640925 0.33879860 0.43710277 0.38812344 0.34041143 0.36723100 0.27633243 0.29895400 0.21067078 0.32778546 0.18700146 0.14435618 0.20964462 0.14672961 0.11875871 0.28425655 0.25726367 0.17988372 0.30417327 0.35149641 0.12704905 0.14066300 0.33385345 0.34227339 0.32497124 0.33271669 0.18265407 0.40753599 0.29619619 0.30119679 0.30016514 0.33663718 0.24506181 0.40051381 0.33647242 0.36589466 0.35850572 0.37905135 0.29883693 0.34306082 0.34272305 0.30843124 0.33816746 0.30406878 0.26898197 0.33598855 0.30785445 0.39322157 0.30755945 
0.35751598 0.31162540 0.34396615 0.40331579 0.33434466 0.31833084 0.45787931 0.36062813 0.34013992 0.36620422 0.36812676 0.38596790 0.34548243 0.47249489 0.88687642 0.40361289 1.07516870 0.00000000 0.56826876 0.68898966 1.57066276 1.19109148 0.19305254 0.26506678 0.39356690 0.21903895 0.22396607 0.15737755 0.23847387 0.32396183 0.22541967 0.31985353 0.27770472 0.27667653 0.25347192 0.20098545 0.24941166 0.31429980 0.28305204 0.21410337 0.23078369 0.40461592 0.30621821 0.24675877 0.31745438 0.27588882 0.34071412 0.27937296 0.33139146 0.32474015 0.24160831 0.27384747 0.23162931 0.65166105 0.34273984 0.94824285 0.25769570 0.39866239 0.47132718 1.11800974 1.54393060 0.47165595 0.28803194 0.23894271 0.25433550 0.22753217 0.17546569 0.20678857 0.37262464 0.20410328 0.33221987 0.30094260 0.28710281 0.34308835 0.25097985 0.27787434 0.34927193 0.27501179 0.33455092 0.25481687 0.33892695 0.30962630 0.24563103 0.23054370 0.35460794 0.20505629 0.23554549 0.26661408 0.17264509 0.23544933 0.21666660 0.19260073 0.13687748 0.21393124 0.25095823 0.33679464 0.34926382 0.90699502 0.30722330 0.36163203 0.25626906 0.26922800 0.29170457 0.26152421 0.31372809 0.32897453 0.23397102 0.25863476 0.29151951 0.35781264 0.20276964 0.23454126 0.31588710 0.14523996 0.42447256 0.30503714 0.25312575 0.27070491 0.34828151 0.38450025 0.36647262 0.30392208 0.38838219 0.22613509 0.28637296 0.26116604 0.19569369 0.25496252 0.22932583 0.19659693 0.18772543 0.19067435 0.35397934 0.23177224 0.09976303 0.23735532 0.39021383 0.25401056 0.17901716 0.35088498 0.27344922 0.27395245 0.28541741 0.22949869 0.33970746 0.27555330 0.15936836 0.25187805 0.28780968 0.25079182 0.26368376 0.24016149 0.25079553 0.22061518 0.29496370 0.34336606 0.21608152 0.36082612 0.27541744 0.22239710 0.28801204 0.27786347 0.27825278 0.28965115 0.31217048 0.29608926 
0.33188415 0.32189269 0.31612338 0.36902924 0.28690857 0.29683088 0.21637040 0.28882722 0.32328393 0.30983502 1.35406899 0.21509307 0.30584953 0.22360628 0.48302708 0.84174953 0.57669742 0.56826876 0.00000000 0.59603182 0.33689888 0.42288304 0.57310587 0.35259535 0.24622196 0.24898706 0.44639683 0.23660448 0.38835010 0.34486057 0.36379672 0.35551072 0.28725841 0.34833953 0.41718429 0.32189930 0.29610229 0.30032567 0.35206978 0.28832652 0.55263400 0.25709916 0.30342914 0.35232313 0.39730691 0.31473774 0.24451767 0.29945099 0.29388848 0.34653228 0.22421608 0.53501177 0.30016572 0.53819415 0.31432589 0.39048274 0.17407887 0.27405788 0.30189771 0.16532271 0.66093616 0.24298714 0.31311510 0.93025437 0.13766742 0.40973400 0.31264969 0.33950822 0.30962130 0.37384289 0.26137643 0.32492988 0.28049631 0.40454308 0.32769624 0.36568420 0.28302200 0.36539444 0.24990728 0.25008422 0.38233874 0.38270720 0.38901170 0.29431760 0.29931409 0.30890910 0.30045907 0.24116255 0.37677126 0.38539524 0.43022782 0.29754539 0.42713247 0.32876238 0.31499846 0.49396883 0.33920843 0.32613872 0.18342096 0.21914136 0.23400730 0.17384592 0.20292782 0.21756485 0.37408938 0.25025911 0.28522252 0.19180959 0.21664164 0.30075497 0.36460494 0.23045742 0.19365023 0.35461800 0.25041344 0.20407103 0.13951415 0.32381465 0.24470896 0.25910114 0.25915617 0.33086656 0.30483969 0.29066195 0.30855806 0.32295955 0.31842641 0.38417379 0.31635627 0.38557080 0.41095261 0.31998236 0.18923748 0.23578416 0.28371568 0.25827883 0.25204021 0.56441327 0.29139316 0.15687708 0.14940192 0.23548820 0.34056744 0.28651100 0.17330195 0.35073856 0.34664694 0.29053779 0.25215215 0.31689554 0.22333954 0.35444068 0.42994304 0.31510245 0.26655728 0.32236281 0.21397079 0.33080815 0.39864761 0.28042072 0.45718743 0.33261521 0.32389321 0.32882297 0.34904464 0.31669142 
0.31031021 0.34628856 0.27365365 0.25550713 0.25769203 0.26065816 0.27252518 0.25212615 0.31902541 0.32263030 0.46883038 0.26446191 0.45865738 0.27478185 0.37526330 0.92643618 0.77510406 0.68898966 0.59603182 0.00000000 0.88932277 0.38434553 0.67654192 1.14116312 0.31656876 0.35554274 0.38839457 0.40378738 0.38562217 0.34064760 0.38738705 0.42405905 0.39893760 0.48347169 0.36444269 0.41559716 0.42877864 0.92669973 0.37761502 0.43148870 0.55010152 0.41613126 0.29419494 0.30321483 0.59024980 0.37258635 0.37362822 0.26580622 0.23756397 0.29962804 0.31326802 0.31619028 0.34674547 0.29040648 0.23268308 0.16525834 0.27376171 0.29978635 0.24922072 0.28720702 0.36335376 0.20639269 0.30448088 0.40321368 0.26549112 0.38489482 0.30443934 0.34600176 0.28699164 0.24801376 0.34605718 0.40514302 0.32587504 0.38025905 0.32081421 0.29958538 0.22930777 0.30459638 0.38385640 0.26704404 0.34675995 0.38402116 0.31632349 0.26694732 0.30158673 0.32987967 0.33813772 0.33609098 0.27845257 0.35084558 0.33418560 0.24496193 0.21801479 0.31825060 0.24993238 0.50071159 0.31119798 0.30070277 0.30068158 0.35346232 0.19401106 0.36453689 0.25685019 0.21264183 0.27188610 0.28362731 0.29713555 0.23572378 0.21827917 0.32884587 0.29919617 0.27991883 0.23253880 0.24841978 0.16369810 0.26693627 0.25967659 0.21664513 0.35009738 0.28126170 0.15685329 0.34241148 0.20056717 0.22843698 0.32390476 0.26665297 0.16993862 0.33786875 0.22051741 0.39092977 0.30513400 0.34427053 0.29483381 0.34269916 0.21541126 0.21528416 0.33970407 0.28614049 0.27380978 0.27695387 0.33557868 0.22926394 0.31349247 0.35782118 0.26831981 0.25332031 0.31763468 0.31233539 0.22041078 0.23660017 0.31802523 0.27954115 0.28542977 0.30898156 0.37137295 0.33892380 0.31756726 0.20600443 0.32710449 0.26659274 0.36714727 0.31965893 0.28898736 0.24450883 0.26626660 0.27516862 
0.35704146 0.32128491 0.31113357 0.33981280 0.36525276 0.28061011 0.27550053 0.31639747 0.32610990 0.40760936 0.27890999 0.49249850 0.33986459 0.41888039 0.36978055 0.31310418 1.05365842 1.57066276 0.33689888 0.88932277 0.00000000 0.54065369 0.41670307 0.79515346 1.10773181 0.27343038 0.16393880 0.32479117 0.34201541 0.25698681 0.27944425 0.39112098 0.27381207 0.28438168 0.25424568 0.28739305 0.35213222 0.48213537 0.41269040 0.26411868 0.24625443 0.37185789 0.34127120 0.21247419 0.30904024 0.35840832 0.29680393 0.25411814 0.39510880 0.30539373 0.26189276 0.22793221 0.25870125 0.26689715 0.26611512 0.32441988 0.32249637 0.36597732 0.34881607 0.63712905 0.31536883 0.28383897 0.20775402 0.29710472 0.19591323 0.22782024 0.28886505 0.24868119 0.28577847 0.25315036 0.29285300 0.41843492 0.33409049 0.30718266 0.38098406 0.28225804 0.35544710 0.36784050 0.30670039 0.28141247 0.33166108 0.28408643 0.26670812 0.29887968 0.31078467 0.29921920 0.38124927 0.27666924 0.30680035 0.27252939 0.11220960 0.17211814 0.20705078 0.11842667 0.11165145 0.21721813 0.19210377 1.22656981 0.35789369 0.39901913 0.34018607 0.19583081 0.32432925 0.33221789 0.32607001 0.34829219 0.25018589 0.29994413 0.31897337 0.27727341 0.24202413 0.42348773 0.35207381 0.20694157 0.27139241 0.44159823 0.21688188 0.27509783 0.35322847 0.34185510 0.29703553 0.34486099 0.35304998 0.25856801 0.39257288 0.31824419 0.30211692 0.26986014 0.10317908 0.20450646 0.16659221 0.22514881 0.28435637 0.29108815 0.15978737 0.30109744 0.30042520 0.23930537 0.15928437 0.42449461 0.30513562 0.27814927 0.45427906 0.21052317 0.38152214 0.26584824 0.27755467 0.35901517 0.24199435 0.39557071 0.33756614 0.30840392 0.29452095 0.30595358 0.25352349 0.36076954 0.28992642 0.36652012 0.28676378 0.25754412 0.26401291 0.25414442 0.30807797 0.29620802 0.41083473 0.28668177 
