0.00000000 0.49330431 0.34769618 0.13367189 0.29618769 0.16957698 0.19508448 0.24930004 0.26861933 0.21350631 0.30024114 0.21684453 0.24597796 0.22260517 0.14397260 0.20903796 0.19943928 0.23291988 0.11998737 0.26101686 0.28320709 0.17077217 0.26008781 0.18367138 0.26315130 0.22429588 0.24602312 0.23781996 0.30363906 0.21272832 0.35813828 0.17603017 0.11645307 0.28216566 0.12416732 0.22210418 0.18658722 0.15230837 0.20800170 0.21429904 0.23996211 0.23140812 0.20124317 0.40689126 0.62771481 0.24006794 0.37307229 0.40631036 0.27557088 0.12925856 0.20979825 0.19845530 0.19764179 0.23661818 0.20860515 0.14704685 0.26179481 0.23656996 0.13307324 0.24974614 0.25921150 0.21453640 0.23482761 0.25370237 0.12061894 0.28514906 0.19948666 0.32803277 
0.49330431 0.00000000 0.31001482 0.27810355 0.25511307 0.17009125 0.17971459 0.20558711 0.21210038 0.17980465 0.20290296 0.24188931 0.21185696 0.31785380 0.24351205 0.12558117 0.17395351 0.23798553 0.16137584 0.28907106 0.16215365 0.23520365 0.20692269 0.27143302 0.15901333 0.21376504 0.19584849 0.22494487 0.34210105 0.21822672 0.18324200 0.23430356 0.21213234 0.29717257 0.14566181 0.16715825 0.24500320 0.14616020 0.17259685 0.15442710 0.15044022 0.20797849 0.26717201 0.17331254 0.20904524 0.39767431 0.35009154 0.82036162 0.18784367 0.20173321 0.22173820 0.23263674 0.24133587 0.19896042 0.21827665 0.25443201 0.12914983 0.21749636 0.23444991 0.08213396 0.22235812 0.23223222 0.26726951 0.24622741 0.20173228 0.29033412 0.41513219 0.20501880 
0.34769618 0.31001482 0.00000000 0.21395642 0.53514887 0.25515686 0.15509693 0.08078563 0.22962625 0.16257965 0.20912714 0.15830509 0.17939390 0.21356526 0.23410442 0.18237420 0.17991096 0.19215451 0.24384268 0.23133339 0.07643652 0.25061495 0.20768062 0.16632222 0.32781946 0.21526990 0.17144174 0.21325455 0.28297215 0.14915215 0.18958185 0.26688393 0.16029540 0.18397018 0.18215414 0.10402420 0.12947146 0.18380682 0.21806380 0.20623535 0.46286286 0.28910260 0.18452207 0.53145857 0.72603243 0.51494840 0.23937908 0.26179250 0.21849086 0.20724302 0.29314357 0.21105658 0.14619575 0.27133705 0.20749505 0.24149864 0.21463594 0.31914331 0.31402732 0.22162678 0.11623107 0.26252093 0.27278989 0.15137067 0.14195023 0.28964204 0.20183896 0.35895541 
0.13367189 0.27810355 0.21395642 0.00000000 0.22588653 0.21673939 0.24889425 0.22593826 0.24890145 0.18680281 0.17980101 0.15047163 0.30516707 0.24205192 0.20976045 0.19824536 0.22936752 0.24677083 0.29389235 0.14322196 0.19813210 0.22248549 0.18316030 0.19292188 0.20781669 0.27332109 0.18680843 0.22014799 0.15396168 0.23612362 0.16171745 0.23146298 0.20214712 0.25516162 0.18008041 0.12607150 0.19619970 0.14982223 0.20855838 0.17064148 0.29105166 0.33470185 0.26682650 0.35907464 0.24206550 0.37108688 0.13202473 0.31549217 0.26963240 0.18273032 0.66438849 0.29688466 0.19461050 0.43234581 0.26830617 0.15992636 0.27372712 0.27165367 0.22592662 0.26540863 0.20836756 0.23663246 0.19710646 0.22413929 0.28880085 0.25889871 0.26933805 0.14245672 
0.29618769 0.25511307 0.53514887 0.22588653 0.00000000 0.34815514 0.69491598 0.27483780 0.20584863 0.27795979 0.18157320 0.24148708 0.11530402 0.20053493 0.39269766 0.15813720 0.18935448 0.20320205 0.24303015 0.21428185 0.11271499 0.20632532 0.17429573 0.17446938 0.15432667 0.13644219 0.15039787 0.17268930 0.24235292 0.19750563 0.21721790 0.17271735 0.22623925 0.14647892 0.12434327 0.23079824 0.14301714 0.13400017 0.16715077 0.27282569 0.80777506 0.36427363 0.18322007 0.20197886 0.29993490 0.30932258 0.27508648 0.17564214 0.19771344 0.15691066 0.22033625 0.25775029 0.17157727 0.19778895 0.21681831 0.18385780 0.23101321 0.19689111 0.17515061 0.27840340 0.27584753 0.19541803 0.24129945 0.07700164 0.20696268 0.54072256 0.35678764 0.37817006 
0.16957698 0.17009125 0.25515686 0.21673939 0.34815514 0.00000000 0.31698574 0.27455152 0.38065297 0.16687843 0.18443287 0.29187001 0.51261080 0.27627391 0.19002720 0.19208079 0.19828556 0.21703307 0.23027354 0.25626332 0.14524399 0.18752680 0.19753289 0.15614245 0.33097109 0.26202379 0.24822672 0.24312613 0.24168067 0.25287065 0.20057798 0.32137310 0.14561753 0.27615352 0.29288284 0.28164913 0.17230138 0.56407042 0.27431237 0.25828587 0.25108765 0.40605053 0.26913768 0.13499651 0.15318202 0.26137655 0.25126120 0.22454877 0.10184579 0.14948901 0.18219595 0.23659795 0.17193742 0.20519799 0.17270613 0.07353226 0.13165321 0.21964796 0.13958171 0.21140304 0.32012036 0.21483060 0.33786601 0.31615196 0.23095623 0.15790066 0.14631792 0.18857950 
0.19508448 0.17971459 0.15509693 0.24889425 0.69491598 0.31698574 0.00000000 0.34537936 0.19712812 0.24748362 0.21224059 0.21987521 0.19312080 0.30656577 0.25744328 0.18326497 0.33116509 0.20763840 0.24851797 0.11796859 0.06012968 0.27809491 0.10879022 0.19465761 0.23760682 0.17727677 0.10696262 0.21015736 0.19889822 0.13522333 0.18163305 0.15852349 0.15743721 0.19115793 0.25939284 0.09641950 0.10987629 0.39711854 0.39699842 0.08716106 0.22222914 0.22613222 0.15891705 0.08267186 0.28738288 0.21033256 0.23044057 0.13175330 0.22487744 0.39361148 0.15480243 0.18576198 0.12863367 0.19392229 0.19340408 0.16602496 0.12041242 0.19563701 0.13326370 0.20905690 0.16056195 0.20434685 0.20699769 1.05809141 0.27711107 1.18862004 0.28064770 0.45633443 
0.24930004 0.20558711 0.08078563 0.22593826 0.27483780 0.27455152 0.34537936 0.00000000 0.76602829 0.41724185 0.45625206 0.23304458 0.17904250 0.15559742 0.22803456 0.31465937 0.18582007 0.18500571 0.22398367 0.24195148 0.21471206 0.17418528 0.23748199 0.19202388 0.13152000 0.24971822 0.24633375 0.17899844 0.13088919 0.19234535 0.19203479 0.20865274 0.24373240 0.16102299 0.41785146 0.25397110 0.29063041 0.37179565 0.21530053 0.24154960 0.22273629 0.12147085 0.13454401 0.19972189 0.30715206 0.25692279 0.21418410 0.20822928 0.20409650 0.19892702 0.23715237 0.16482072 0.20133070 0.18964546 0.23855423 0.18842968 0.16722598 0.19903385 0.26855177 0.14692179 0.20936689 0.20302563 0.25560193 0.90563409 0.26005332 0.14431375 0.16995766 0.22347290 
0.26861933 0.21210038 0.22962625 0.24890145 0.20584863 0.38065297 0.19712812 0.76602829 0.00000000 0.63850173 0.31076406 0.21389239 0.28529377 0.18127093 0.24781530 0.29687238 0.17903846 0.22871386 0.17151895 0.16836699 0.05572545 0.18706727 0.18297987 0.26514220 0.24679681 0.15533125 0.11782400 0.21216413 0.21165457 0.20465349 0.22227012 0.24017560 0.15997432 0.10550669 0.27589951 0.78715912 0.28675083 0.35086636 0.22900786 0.35547502 0.26962938 0.15264925 0.21776885 0.25746895 0.22163266 0.22703527 0.15792665 0.17429069 0.19608798 0.17467240 0.27344486 0.21913171 0.14664887 0.19414242 0.14113932 0.16195388 0.28938665 0.24308438 0.16711792 0.22675997 0.27901334 0.25659935 0.24909339 0.22735171 0.16845826 0.15014007 0.19471835 0.31623504 
0.21350631 0.17980465 0.16257965 0.18680281 0.27795979 0.16687843 0.24748362 0.41724185 0.63850173 0.00000000 0.43253626 0.68245567 0.33355625 0.21088590 0.31304238 0.37879036 0.37180498 0.21071448 0.27079813 0.16969376 0.28258960 0.23946204 0.20950415 0.27533026 0.17035575 0.22037439 0.28202285 0.24403813 0.16212614 0.22634494 0.16377985 0.27177366 0.17954175 0.21873123 0.34590216 0.32178009 0.05516012 0.28757892 0.19758461 0.27558947 0.20083524 0.24823052 0.29647626 0.29746172 0.14617218 0.11445044 0.16214001 0.14392692 0.25647755 0.11961328 0.19888380 0.13082865 0.13653453 0.20938102 0.19399156 0.12807540 0.26789686 0.07354276 0.24454885 0.11381671 0.16298188 0.23659026 0.35030653 0.26351322 0.23003735 0.30945724 0.08302106 0.19593234 
0.30024114 0.20290296 0.20912714 0.17980101 0.18157320 0.18443287 0.21224059 0.45625206 0.31076406 0.43253626 0.00000000 0.84622495 0.20891546 0.42236768 0.31216204 0.18599761 0.20765037 0.20450240 0.16617238 0.19244273 0.17190579 0.16829724 0.17510099 0.19011915 0.21442312 0.30895933 0.15253920 0.18215975 0.20082116 0.25184660 0.22457164 0.21880697 0.30360497 0.22558946 0.14763193 0.18073292 0.16658219 0.22471834 0.15374544 0.30129509 0.33375442 0.29230906 0.26946310 0.29393660 0.15297094 0.21603871 0.23601441 0.28341993 0.26484279 0.19331902 0.20094919 0.23322441 0.26395512 0.10238639 0.18567101 0.25200224 0.24571187 0.13613088 0.22987831 0.35052893 0.28281824 0.24854197 0.15083492 0.34062700 0.23353436 0.13279369 0.22439043 0.26189973 
0.21684453 0.24188931 0.15830509 0.15047163 0.24148708 0.29187001 0.21987521 0.23304458 0.21389239 0.68245567 0.84622495 0.00000000 0.14742297 0.28473647 1.02994633 0.29024726 0.31947808 0.26303557 0.28295482 0.13332078 0.31186265 0.12118355 0.24278977 0.20341085 0.15796360 0.23029872 0.17285783 0.22806070 0.18499265 0.15125628 0.18407672 0.19292257 0.21282520 0.26318756 0.12602133 0.32601788 0.18151509 0.19724524 0.22043226 0.18875106 0.19171107 0.21605606 0.20199010 0.13985752 0.24833628 0.19679668 0.20560264 0.18936670 0.19549337 0.15559049 0.19329827 0.18563228 0.16337306 0.18046745 0.20340424 0.34760370 0.08040744 0.22289820 0.22628975 0.21113110 0.46312805 0.21163388 0.27510206 0.29418914 0.14293458 0.11509398 0.16742889 0.22571821 
0.24597796 0.21185696 0.17939390 0.30516707 0.11530402 0.51261080 0.19312080 0.17904250 0.28529377 0.33355625 0.20891546 0.14742297 0.00000000 0.18119138 0.22715670 0.24103127 0.25675669 0.28325747 0.23085649 0.38839430 0.24791355 0.14604733 0.18598969 0.17351102 0.32874572 0.24888433 0.22072495 0.24341926 0.18694213 0.26339995 0.21093504 0.24417801 0.15496951 0.17442652 0.66925366 0.41396447 0.17261355 0.34330499 0.17157668 0.20761092 0.24451830 0.29528126 0.18938389 0.16739580 0.16267198 0.22952791 0.19029271 0.17315270 0.16491787 0.19776183 0.20730953 0.19424020 0.28453426 0.25778388 0.24361750 0.15552033 0.19906410 0.20437876 0.22871074 0.17806234 0.17800384 0.29930576 0.20230485 0.14524488 0.22918654 0.26456753 0.22487353 0.20533835 
0.22260517 0.31785380 0.21356526 0.24205192 0.20053493 0.27627391 0.30656577 0.15559742 0.18127093 0.21088590 0.42236768 0.28473647 0.18119138 0.00000000 0.26892740 0.29085195 0.72509035 0.33268174 0.33164753 0.11798156 0.68783168 0.25480388 0.10566878 0.30462302 0.27764926 0.23343317 0.31385283 0.16868371 0.35573793 0.26660854 0.27880889 0.29487401 0.19001905 0.28505080 0.17080605 0.33374180 0.24167613 0.20497985 0.16824992 0.23197405 0.12355395 0.19083611 0.13886447 0.14402014 0.14735976 0.19376931 0.14632159 0.23765478 0.29685311 0.22054029 0.21663682 0.11800798 0.08939767 0.13764529 0.18774874 0.13333362 0.24436912 0.30013041 0.19771252 0.12249297 0.23785502 0.17155868 0.16400334 0.20517511 0.20212618 0.21829585 0.31578028 0.20640505 
0.14397260 0.24351205 0.23410442 0.20976045 0.39269766 0.19002720 0.25744328 0.22803456 0.24781530 0.31304238 0.31216204 1.02994633 0.22715670 0.26892740 0.00000000 0.21038339 0.33635492 0.15374054 0.35362421 0.18256388 0.16655690 0.24930118 0.18458447 0.14381052 0.16787127 0.25469629 0.15886613 0.21479117 0.15742583 0.18178797 0.14388284 0.21860223 0.26371234 0.21323509 0.15940415 0.21289950 0.22107648 0.24011575 0.27511566 0.19469426 0.20010363 0.24427030 0.17946757 0.16462064 0.30042920 0.14347669 0.19097734 0.20319771 0.31861963 0.20295177 0.25197513 0.15642804 0.22461926 0.34346728 0.20009977 0.34368858 0.29709906 0.16377229 0.18811003 0.27515832 0.75719016 0.19233305 0.22269507 0.23268677 0.15035935 0.16465103 0.18501859 0.19340720 
0.20903796 0.12558117 0.18237420 0.19824536 0.15813720 0.19208079 0.18326497 0.31465937 0.29687238 0.37879036 0.18599761 0.29024726 0.24103127 0.29085195 0.21038339 0.00000000 0.24645380 0.20679985 0.26022021 0.24828066 0.25772101 0.18689850 0.27823305 0.25300879 0.25039294 0.28164674 0.34609593 0.20526511 0.17920524 0.36627286 0.16389815 0.27985303 0.17626777 0.18112758 0.25313089 0.23517171 0.34589521 0.19417685 0.19922792 0.26676718 0.24838037 0.24720677 0.21309223 0.29119577 0.16544350 0.22334861 0.38381148 0.16717624 0.08924528 0.22169624 0.32171989 0.21350361 0.15988368 0.18818798 0.24409972 0.16730610 0.23448837 0.23802703 0.17367178 0.22477438 0.26930725 0.28416020 0.39421981 0.20664415 0.26423940 0.24687655 0.19277628 0.27211786 
0.19943928 0.17395351 0.17991096 0.22936752 0.18935448 0.19828556 0.33116509 0.18582007 0.17903846 0.37180498 0.20765037 0.31947808 0.25675669 0.72509035 0.33635492 0.24645380 0.00000000 0.21639685 0.34990255 0.17982966 0.54528983 0.30932911 0.24105317 0.23123273 0.27196479 0.19918532 0.24981652 0.27382616 0.18216225 0.21934864 0.27282608 0.26275727 0.25095894 0.19529100 0.23808897 0.30268529 0.33213474 0.12304699 0.20967360 0.18237547 0.10240831 0.26922211 0.22015563 0.17041344 0.17972660 0.26457925 0.08939279 0.18808478 0.22156628 0.25448634 0.17988478 0.17603450 0.22397405 0.26251503 0.13130132 0.32385326 0.27177543 0.19147417 0.12348654 0.19232061 0.18214479 0.21265742 0.14014939 0.22920983 0.16587348 0.31779019 0.13597070 0.18307574 
0.23291988 0.23798553 0.19215451 0.24677083 0.20320205 0.21703307 0.20763840 0.18500571 0.22871386 0.21071448 0.20450240 0.26303557 0.28325747 0.33268174 0.15374054 0.20679985 0.21639685 0.00000000 0.13956386 0.26534401 0.25711234 0.23752603 0.19934013 0.26967282 0.39691922 0.27219237 0.29462427 0.33573978 0.26326451 0.23731490 0.32104869 0.22830487 0.20842347 0.20174225 0.25312504 0.20879237 0.22697023 0.27414864 0.19884757 0.30029769 0.13708548 0.24957764 0.22509980 0.26710624 0.14806051 0.26736661 0.21700042 0.19554090 0.23740382 0.22708292 0.24412285 0.19755900 0.24191989 0.20440624 0.25031935 0.18130867 0.18458776 0.30122454 0.21589479 0.22239784 0.18976819 0.22581744 0.26090566 0.20268038 0.21528814 0.25305314 0.24301077 0.18213179 
0.11998737 0.16137584 0.24384268 0.29389235 0.24303015 0.23027354 0.24851797 0.22398367 0.17151895 0.27079813 0.16617238 0.28295482 0.23085649 0.33164753 0.35362421 0.26022021 0.34990255 0.13956386 0.00000000 0.21872691 0.31733520 0.95245475 0.30243667 0.24456796 0.21032410 0.14374906 0.09581159 0.19053807 0.19661399 0.23622415 0.24613780 0.22913378 0.21193984 0.24584348 0.24278969 0.23458435 0.15583596 0.17769660 0.24790581 0.20033336 0.11420573 0.21391434 0.15944660 0.17039149 0.10183311 0.16811970 0.21414172 0.14098741 0.17889246 0.21108551 0.19251252 0.14616935 0.30019486 0.17375336 0.18231646 0.40955837 0.49873780 0.34587885 0.08035180 0.57072788 0.40473368 0.22486737 0.26174626 0.18252070 0.25149313 0.19607820 0.07653964 0.33225988 
0.26101686 0.28907106 0.23133339 0.14322196 0.21428185 0.25626332 0.11796859 0.24195148 0.16836699 0.16969376 0.19244273 0.13332078 0.38839430 0.11798156 0.18256388 0.24828066 0.17982966 0.26534401 0.21872691 0.00000000 0.15985914 0.23093472 0.22529390 0.22343189 0.19039096 0.22154811 0.32591251 0.34271079 0.18315579 0.24330877 0.30618605 0.26702512 0.24071421 0.31999484 0.77287701 0.14828818 0.30239970 0.18230417 0.18169239 0.25252399 0.18550617 0.62750316 0.28030461 0.29520862 0.17717346 0.17829344 0.12208213 0.19651674 0.27603212 0.27903946 0.18933026 0.19742722 0.20467466 0.11836626 0.12318351 0.18178092 0.32966878 0.29046878 0.14726623 0.22752199 0.14182880 0.23290475 0.29758890 0.22756280 0.11718749 0.18756253 0.27270429 0.33732456 
0.28320709 0.16215365 0.07643652 0.19813210 0.11271499 0.14524399 0.06012968 0.21471206 0.05572545 0.28258960 0.17190579 0.31186265 0.24791355 0.68783168 0.16655690 0.25772101 0.54528983 0.25711234 0.31733520 0.15985914 0.00000000 0.53428553 0.33202402 0.48260843 0.28036640 0.62124197 0.65458046 0.21795564 0.24925053 0.29782827 0.23844669 0.26488970 0.39064796 0.37955597 0.20094520 0.27715867 0.15009557 0.17801912 0.24872508 0.19714194 0.15500111 0.19637809 0.18646156 0.19800932 0.20485698 0.06197196 0.25537409 0.21931117 0.12496891 0.09620534 0.26629728 0.24284798 0.15000320 0.18465333 0.17722976 0.19849116 0.14353952 0.21523823 0.16493586 0.14533978 0.12525757 0.17953782 0.16109064 0.17765694 0.24372414 0.06955428 0.11905845 0.13626605 
0.17077217 0.23520365 0.25061495 0.22248549 0.20632532 0.18752680 0.27809491 0.17418528 0.18706727 0.23946204 0.16829724 0.12118355 0.14604733 0.25480388 0.24930118 0.18689850 0.30932911 0.23752603 0.95245475 0.23093472 0.53428553 0.00000000 0.12706668 0.28198530 0.20711866 0.21352978 0.25244489 0.26054048 0.15985070 0.39540206 0.21942004 0.19746628 0.11729248 0.17422502 0.16593525 0.44419708 0.22473936 0.19212492 0.15608337 0.25645971 0.22200671 0.17756381 0.18102175 0.15714048 0.42638301 0.11231178 0.07221811 0.16463131 0.12568217 0.24450978 0.22890555 0.22326313 0.34427671 0.18912203 0.23060726 0.21267471 0.97328462 0.29321380 0.10387874 0.24788624 0.22898905 0.23658147 0.20555609 0.25529309 0.19001168 0.20700329 0.01564588 0.33468053 
0.26008781 0.20692269 0.20768062 0.18316030 0.17429573 0.19753289 0.10879022 0.23748199 0.18297987 0.20950415 0.17510099 0.24278977 0.18598969 0.10566878 0.18458447 0.27823305 0.24105317 0.19934013 0.30243667 0.22529390 0.33202402 0.12706668 0.00000000 0.36677667 0.36029912 0.23872916 0.18118567 0.25522793 0.16479462 0.14558242 0.27180271 0.21110251 0.25602570 0.28684776 0.17916076 0.12489671 0.17337315 0.30996187 0.18271319 0.10930745 0.14461191 0.15530391 0.31438454 0.25214121 0.34451753 0.32541770 0.30995632 0.17311159 0.15264486 0.09163373 0.19992111 0.18464158 0.27455934 1.15033069 0.30299369 0.22174161 0.49539299 0.44361649 0.27298462 0.17554463 0.20324645 0.21119655 0.21109793 0.14493400 0.20219912 0.26317455 0.28093198 0.18421551 
0.18367138 0.27143302 0.16632222 0.19292188 0.17446938 0.15614245 0.19465761 0.19202388 0.26514220 0.27533026 0.19011915 0.20341085 0.17351102 0.30462302 0.14381052 0.25300879 0.23123273 0.26967282 0.24456796 0.22343189 0.48260843 0.28198530 0.36677667 0.00000000 0.43093152 0.39067275 0.44025968 0.23599069 0.34095681 0.34638450 0.31256671 0.21835630 0.25049581 0.23773152 0.15913820 0.19143702 0.19611586 0.16588466 0.17879514 0.28075100 0.25634877 0.37439045 0.39092208 0.17985328 0.24527358 0.17571629 0.22199116 0.18500014 0.19081019 0.15523215 0.17253835 0.21189824 0.18696096 0.22078494 0.13216722 0.21165212 0.29549793 0.19631651 0.14769203 0.20423793 0.20578796 0.19119300 0.22838455 0.25865919 0.25592148 0.25966117 0.25646979 0.14423959 
0.26315130 0.15901333 0.32781946 0.20781669 0.15432667 0.33097109 0.23760682 0.13152000 0.24679681 0.17035575 0.21442312 0.15796360 0.32874572 0.27764926 0.16787127 0.25039294 0.27196479 0.39691922 0.21032410 0.19039096 0.28036640 0.20711866 0.36029912 0.43093152 0.00000000 0.18684437 0.27060983 0.19596826 0.18025220 0.11634276 0.19090594 0.23813339 0.13945911 0.24839319 0.23604480 0.17231814 0.32598938 0.34538994 0.25369214 0.21622672 0.19550123 0.20073931 0.49141975 0.41384094 0.21388302 0.21451837 0.28141260 0.27643810 0.27605507 0.26353417 0.26265854 0.18598636 0.14935981 0.33802119 0.22437064 0.09325537 0.11381627 0.15767609 0.19100855 0.17653839 0.34547005 0.20289317 0.15586598 0.23371012 0.23973659 0.24292858 0.16608550 0.35250349 
0.22429588 0.21376504 0.21526990 0.27332109 0.13644219 0.26202379 0.17727677 0.24971822 0.15533125 0.22037439 0.30895933 0.23029872 0.24888433 0.23343317 0.25469629 0.28164674 0.19918532 0.27219237 0.14374906 0.22154811 0.62124197 0.21352978 0.23872916 0.39067275 0.18684437 0.00000000 0.37795704 0.31316888 0.31228523 0.36823862 0.30312578 0.24276243 0.30131843 0.35888949 0.24660201 0.21553957 0.18411624 0.19769837 0.18347219 0.27034739 0.23112304 0.23286489 0.21786204 0.28500340 0.20032552 0.20346209 0.23498139 0.20789247 0.25225838 0.13697055 0.17380349 0.15731147 0.24278959 0.15218121 0.17593615 0.21909008 0.21478138 0.18110272 0.22648766 0.24865217 0.25207091 0.19169830 0.18904498 0.20238489 0.15090657 0.14501828 0.20556855 0.21515959 
0.24602312 0.19584849 0.17144174 0.18680843 0.15039787 0.24822672 0.10696262 0.24633375 0.11782400 0.28202285 0.15253920 0.17285783 0.22072495 0.31385283 0.15886613 0.34609593 0.24981652 0.29462427 0.09581159 0.32591251 0.65458046 0.25244489 0.18118567 0.44025968 0.27060983 0.37795704 0.00000000 0.32473307 0.56554898 0.55071186 0.31267460 0.25377954 0.33498473 0.30132315 0.23254435 0.21604810 0.23911247 0.25204657 0.18952981 0.25166982 0.19951380 0.23088791 0.18679645 0.26970821 0.27569633 0.09277754 0.18938394 0.22422781 0.12256451 0.21529821 0.20647173 0.19668488 0.22120874 0.18142262 0.15562210 0.29867663 0.19408129 0.12484573 0.17268890 0.15733786 0.27470968 0.21728352 0.15514853 0.18436351 0.13218451 0.20987265 0.09545242 0.15576666 
0.23781996 0.22494487 0.21325455 0.22014799 0.17268930 0.24312613 0.21015736 0.17899844 0.21216413 0.24403813 0.18215975 0.22806070 0.24341926 0.16868371 0.21479117 0.20526511 0.27382616 0.33573978 0.19053807 0.34271079 0.21795564 0.26054048 0.25522793 0.23599069 0.19596826 0.31316888 0.32473307 0.00000000 0.34918265 0.30339564 0.34103827 0.23776715 0.16930249 0.25492440 0.29471000 0.24512269 0.22024403 0.23508830 0.19906601 0.25642240 0.20338755 0.22533640 0.20963534 0.23591771 0.25131661 0.20265850 0.19063266 0.20673349 0.21311641 0.17326208 0.21526694 0.17602381 0.22692944 0.23324668 0.19510236 0.22380675 0.20548778 0.27021102 0.25525536 0.22229114 0.24922679 0.23423678 0.23817178 0.18323637 0.25919162 0.22009097 0.22002547 0.20289762 
0.30363906 0.34210105 0.28297215 0.15396168 0.24235292 0.24168067 0.19889822 0.13088919 0.21165457 0.16212614 0.20082116 0.18499265 0.18694213 0.35573793 0.15742583 0.17920524 0.18216225 0.26326451 0.19661399 0.18315579 0.24925053 0.15985070 0.16479462 0.34095681 0.18025220 0.31228523 0.56554898 0.34918265 0.00000000 0.47475901 0.26483755 0.25527679 1.30905168 0.26151103 0.14499513 0.13681386 0.27511842 0.21109883 0.23752771 0.23072913 0.21311478 0.16237696 0.20360494 0.13888650 0.27564271 0.13341340 0.32776237 0.33364816 0.19109646 0.20998251 0.15881313 0.10364727 0.11946250 0.08392988 0.15356781 0.26498163 0.16115485 0.31274396 0.28785210 0.21945568 0.16423213 0.17425946 0.22423955 0.16823668 0.12291510 0.12959519 0.21292697 0.22304000 
0.21272832 0.21822672 0.14915215 0.23612362 0.19750563 0.25287065 0.13522333 0.19234535 0.20465349 0.22634494 0.25184660 0.15125628 0.26339995 0.26660854 0.18178797 0.36627286 0.21934864 0.23731490 0.23622415 0.24330877 0.29782827 0.39540206 0.14558242 0.34638450 0.11634276 0.36823862 0.55071186 0.30339564 0.47475901 0.00000000 0.23319281 0.25936298 0.50168162 0.24382304 0.21105798 0.17953594 0.17516391 0.18077059 0.15220119 0.17097691 0.15965079 0.15533171 0.19675382 0.26486846 0.18490105 0.12011702 0.18359154 0.21375778 0.36050632 0.25782255 0.20670000 0.16374136 0.20095087 0.17439282 0.16360035 0.23051876 0.15423394 0.21525550 0.21862924 0.22023654 0.28797840 0.20918919 0.21216005 0.14684178 0.24962225 0.26522096 0.33601394 0.26906115 
0.35813828 0.18324200 0.18958185 0.16171745 0.21721790 0.20057798 0.18163305 0.19203479 0.22227012 0.16377985 0.22457164 0.18407672 0.21093504 0.27880889 0.14388284 0.16389815 0.27282608 0.32104869 0.24613780 0.30618605 0.23844669 0.21942004 0.27180271 0.31256671 0.19090594 0.30312578 0.31267460 0.34103827 0.26483755 0.23319281 0.00000000 0.26105950 0.23495341 0.17726722 0.25999606 0.26315602 0.27312450 0.29728886 0.25405171 0.26858113 0.22066098 0.33159414 0.18861896 0.15960969 0.29241641 0.21375384 0.24828566 0.23592593 0.36371153 0.20149387 0.28005244 0.18552899 0.19846955 0.22359053 0.20093121 0.19475867 0.16092798 0.18576685 0.24741579 0.19931415 0.22877819 0.23656223 0.20865605 0.14267511 0.25953706 0.20004747 0.27341679 0.21819728 
0.17603017 0.23430356 0.26688393 0.23146298 0.17271735 0.32137310 0.15852349 0.20865274 0.24017560 0.27177366 0.21880697 0.19292257 0.24417801 0.29487401 0.21860223 0.27985303 0.26275727 0.22830487 0.22913378 0.26702512 0.26488970 0.19746628 0.21110251 0.21835630 0.23813339 0.24276243 0.25377954 0.23776715 0.25527679 0.25936298 0.26105950 0.00000000 0.26687693 0.20745746 0.26688988 0.46722435 0.23326104 0.22798342 0.31456625 0.23261716 0.23186669 0.28746078 0.20455770 0.18036192 0.21193395 0.20601992 0.16989022 0.20249881 0.27032346 0.27831641 0.23327255 0.17932744 0.18956186 0.18884141 0.21305813 0.24460416 0.19444435 0.20785225 0.25463351 0.24070029 0.17688883 0.22106703 0.19094991 0.20499530 0.20414029 0.16723261 0.20695951 0.25534167 
0.11645307 0.21213234 0.16029540 0.20214712 0.22623925 0.14561753 0.15743721 0.24373240 0.15997432 0.17954175 0.30360497 0.21282520 0.15496951 0.19001905 0.26371234 0.17626777 0.25095894 0.20842347 0.21193984 0.24071421 0.39064796 0.11729248 0.25602570 0.25049581 0.13945911 0.30131843 0.33498473 0.16930249 1.30905168 0.50168162 0.23495341 0.26687693 0.00000000 0.42663266 0.21231038 0.38930363 0.68437693 0.14396702 0.27067407 0.41595984 0.25561829 0.17870971 0.21376190 0.17319834 0.36164790 0.16567912 0.00000000 0.16880885 0.27257463 0.13288563 0.23166586 0.28505620 0.14702868 0.10821463 0.12793354 0.27538141 0.18114161 0.17022370 0.18663202 0.10091580 0.21917145 0.23300039 0.11785430 0.12443079 0.19606626 0.14591211 0.22113687 0.24246707 
0.28216566 0.29717257 0.18397018 0.25516162 0.14647892 0.27615352 0.19115793 0.16102299 0.10550669 0.21873123 0.22558946 0.26318756 0.17442652 0.28505080 0.21323509 0.18112758 0.19529100 0.20174225 0.24584348 0.31999484 0.37955597 0.17422502 0.28684776 0.23773152 0.24839319 0.35888949 0.30132315 0.25492440 0.26151103 0.24382304 0.17726722 0.20745746 0.42663266 0.00000000 0.30184581 0.32071307 0.33446098 0.38156886 0.22990287 0.40376482 0.30622882 0.36699868 0.27700105 0.26731957 0.17832885 0.28836145 0.23475553 0.29854190 0.14451263 0.22639522 0.19127718 0.20006097 0.17887019 0.23996202 0.12303441 0.17205077 0.19571902 0.23584128 0.12318550 0.19128020 0.15733164 0.18476839 0.19772947 0.22605567 0.24010541 0.20803708 0.23076623 0.21126122 
0.12416732 0.14566181 0.18215414 0.18008041 0.12434327 0.29288284 0.25939284 0.41785146 0.27589951 0.34590216 0.14763193 0.12602133 0.66925366 0.17080605 0.15940415 0.25313089 0.23808897 0.25312504 0.24278969 0.77287701 0.20094520 0.16593525 0.17916076 0.15913820 0.23604480 0.24660201 0.23254435 0.29471000 0.14499513 0.21105798 0.25999606 0.26688988 0.21231038 0.30184581 0.00000000 0.29629449 0.21478424 0.50387666 0.37634128 0.23509378 0.18224949 0.34481621 0.22192817 0.19044531 0.18551494 0.16070684 0.13118873 0.14099374 0.30453649 0.25138751 0.19430625 0.16558284 0.24179419 0.29949010 0.15156278 0.17066810 0.22480120 0.16532016 0.18553546 0.19692624 0.20163442 0.25749016 0.19739015 0.14963341 0.15263455 0.19923010 0.18876354 0.19692602 
0.22210418 0.16715825 0.10402420 0.12607150 0.23079824 0.28164913 0.09641950 0.25397110 0.78715912 0.32178009 0.18073292 0.32601788 0.41396447 0.33374180 0.21289950 0.23517171 0.30268529 0.20879237 0.23458435 0.14828818 0.27715867 0.44419708 0.12489671 0.19143702 0.17231814 0.21553957 0.21604810 0.24512269 0.13681386 0.17953594 0.26315602 0.46722435 0.38930363 0.32071307 0.29629449 0.00000000 0.66264261 0.23569388 0.37784443 0.23078625 0.11820525 0.15301504 0.21048306 0.20661285 0.21129938 0.21428788 0.18935323 0.22940821 0.15305506 0.20004583 0.23611864 0.14764124 0.10812136 0.20219494 0.13918974 0.33905496 0.18391503 0.13852559 0.14232355 0.16068863 0.12619493 0.21275296 0.17114124 0.28888947 0.14976292 0.21599985 0.12483267 0.27299369 
0.18658722 0.24500320 0.12947146 0.19619970 0.14301714 0.17230138 0.10987629 0.29063041 0.28675083 0.05516012 0.16658219 0.18151509 0.17261355 0.24167613 0.22107648 0.34589521 0.33213474 0.22697023 0.15583596 0.30239970 0.15009557 0.22473936 0.17337315 0.19611586 0.32598938 0.18411624 0.23911247 0.22024403 0.27511842 0.17516391 0.27312450 0.23326104 0.68437693 0.33446098 0.21478424 0.66264261 0.00000000 0.47463328 0.60272793 0.58719715 0.33655662 0.21643767 0.16571131 0.28011123 0.28893794 0.16107402 0.21129323 0.18624062 0.23932055 0.14126394 0.25745476 0.23087771 0.15969251 0.31401686 0.21212455 0.25933245 0.23298212 0.11600316 0.16300136 0.25373727 0.10408094 0.21561671 0.11655558 0.19672983 0.13099301 0.24116332 0.18240488 0.19808726 
0.15230837 0.14616020 0.18380682 0.14982223 0.13400017 0.56407042 0.39711854 0.37179565 0.35086636 0.28757892 0.22471834 0.19724524 0.34330499 0.20497985 0.24011575 0.19417685 0.12304699 0.27414864 0.17769660 0.18230417 0.17801912 0.19212492 0.30996187 0.16588466 0.34538994 0.19769837 0.25204657 0.23508830 0.21109883 0.18077059 0.29728886 0.22798342 0.14396702 0.38156886 0.50387666 0.23569388 0.47463328 0.00000000 0.87705782 0.43442460 0.26379013 0.16534978 0.16439131 0.19444016 0.25588109 0.11001843 0.17540587 0.14789587 0.14015334 0.15462882 0.24417084 0.08492524 0.15325743 0.20196710 0.17806666 0.10692936 0.12439936 0.14242859 0.17180376 0.28341706 0.17873520 0.20850928 0.20529773 0.28918875 0.24759815 0.23734186 0.28748068 0.24424148 
0.20800170 0.17259685 0.21806380 0.20855838 0.16715077 0.27431237 0.39699842 0.21530053 0.22900786 0.19758461 0.15374544 0.22043226 0.17157668 0.16824992 0.27511566 0.19922792 0.20967360 0.19884757 0.24790581 0.18169239 0.24872508 0.15608337 0.18271319 0.17879514 0.25369214 0.18347219 0.18952981 0.19906601 0.23752771 0.15220119 0.25405171 0.31456625 0.27067407 0.22990287 0.37634128 0.37784443 0.60272793 0.87705782 0.00000000 0.33265281 0.26205947 0.28926415 0.17009146 0.21118887 0.21321959 0.19853825 0.19197811 0.17975326 0.17784038 0.20376673 0.22415404 0.24616493 0.17463722 0.16057731 0.14448594 0.25196704 0.18962202 0.14458457 0.16340158 0.24193401 0.18392280 0.23150104 0.15348561 0.24221241 0.19960270 0.23480288 0.18803443 0.30378918 
0.21429904 0.15442710 0.20623535 0.17064148 0.27282569 0.25828587 0.08716106 0.24154960 0.35547502 0.27558947 0.30129509 0.18875106 0.20761092 0.23197405 0.19469426 0.26676718 0.18237547 0.30029769 0.20033336 0.25252399 0.19714194 0.25645971 0.10930745 0.28075100 0.21622672 0.27034739 0.25166982 0.25642240 0.23072913 0.17097691 0.26858113 0.23261716 0.41595984 0.40376482 0.23509378 0.23078625 0.58719715 0.43442460 0.33265281 0.00000000 0.57891971 0.11753729 0.17093352 0.24396024 0.04806012 0.27051607 0.15111572 0.32957397 0.29319794 0.17606573 0.26551901 0.24056957 0.30164262 0.15158168 0.24992718 0.24590703 0.23558677 0.12318120 0.22833756 0.18664120 0.25662149 0.24465337 0.18609107 0.22073585 0.36098489 0.20971644 0.12660764 0.10990034 
0.23996211 0.15044022 0.46286286 0.29105166 0.80777506 0.25108765 0.22222914 0.22273629 0.26962938 0.20083524 0.33375442 0.19171107 0.24451830 0.12355395 0.20010363 0.24838037 0.10240831 0.13708548 0.11420573 0.18550617 0.15500111 0.22200671 0.14461191 0.25634877 0.19550123 0.23112304 0.19951380 0.20338755 0.21311478 0.15965079 0.22066098 0.23186669 0.25561829 0.30622882 0.18224949 0.11820525 0.33655662 0.26379013 0.26205947 0.57891971 0.00000000 0.26198842 0.20658741 0.44186600 0.20641630 0.37679311 0.20401878 0.23776178 0.19123921 0.11178038 0.35610156 0.31481851 0.32057029 0.19247567 0.18136780 0.17834786 0.15374711 0.28270196 0.18513796 0.25494024 0.25030413 0.18867001 0.12734587 0.29079035 0.16526145 0.21658979 0.28211371 0.38950444 
0.23140812 0.20797849 0.28910260 0.33470185 0.36427363 0.40605053 0.22613222 0.12147085 0.15264925 0.24823052 0.29230906 0.21605606 0.29528126 0.19083611 0.24427030 0.24720677 0.26922211 0.24957764 0.21391434 0.62750316 0.19637809 0.17756381 0.15530391 0.37439045 0.20073931 0.23286489 0.23088791 0.22533640 0.16237696 0.15533171 0.33159414 0.28746078 0.17870971 0.36699868 0.34481621 0.15301504 0.21643767 0.16534978 0.28926415 0.11753729 0.26198842 0.00000000 0.23185134 0.20915360 0.27993287 0.10681333 0.20508064 0.32120584 0.20756993 0.27953877 0.24461383 0.30761564 0.09982181 0.15707531 0.24423967 0.12557305 0.13458390 0.36212833 0.17845653 0.25820123 0.27849615 0.27554854 0.13232371 0.10485583 0.29478828 0.23363054 0.18543290 0.18057214 
0.20124317 0.26717201 0.18452207 0.26682650 0.18322007 0.26913768 0.15891705 0.13454401 0.21776885 0.29647626 0.26946310 0.20199010 0.18938389 0.13886447 0.17946757 0.21309223 0.22015563 0.22509980 0.15944660 0.28030461 0.18646156 0.18102175 0.31438454 0.39092208 0.49141975 0.21786204 0.18679645 0.20963534 0.20360494 0.19675382 0.18861896 0.20455770 0.21376190 0.27700105 0.22192817 0.21048306 0.16571131 0.16439131 0.17009146 0.17093352 0.20658741 0.23185134 0.00000000 0.30076109 0.29330133 0.34337935 0.34756034 0.14742563 0.24387913 0.81917502 0.22900608 0.23436998 0.23506711 0.72768971 0.12984880 0.14537058 0.18328880 0.19177605 0.16485817 0.24768058 0.22745150 0.21877991 0.23277137 0.21859244 0.13353841 0.15269503 0.25480343 0.17249172 
0.40689126 0.17331254 0.53145857 0.35907464 0.20197886 0.13499651 0.08267186 0.19972189 0.25746895 0.29746172 0.29393660 0.13985752 0.16739580 0.14402014 0.16462064 0.29119577 0.17041344 0.26710624 0.17039149 0.29520862 0.19800932 0.15714048 0.25214121 0.17985328 0.41384094 0.28500340 0.26970821 0.23591771 0.13888650 0.26486846 0.15960969 0.18036192 0.17319834 0.26731957 0.19044531 0.20661285 0.28011123 0.19444016 0.21118887 0.24396024 0.44186600 0.20915360 0.30076109 0.00000000 0.43277788 0.28242732 0.31435004 0.25961260 0.26213553 0.20253911 0.23619412 0.22021239 0.17403457 0.15409107 0.26852968 0.32879345 0.20919105 0.21421796 0.18150040 0.37438103 0.21832862 0.23574818 0.15952766 0.24209372 0.14174032 0.24043035 0.25373009 0.17536596 
0.62771481 0.20904524 0.72603243 0.24206550 0.29993490 0.15318202 0.28738288 0.30715206 0.22163266 0.14617218 0.15297094 0.24833628 0.16267198 0.14735976 0.30042920 0.16544350 0.17972660 0.14806051 0.10183311 0.17717346 0.20485698 0.42638301 0.34451753 0.24527358 0.21388302 0.20032552 0.27569633 0.25131661 0.27564271 0.18490105 0.29241641 0.21193395 0.36164790 0.17832885 0.18551494 0.21129938 0.28893794 0.25588109 0.21321959 0.04806012 0.20641630 0.27993287 0.29330133 0.43277788 0.00000000 0.30787126 0.41292950 0.25375825 0.19086033 0.22301530 0.20755254 0.19610994 0.36361854 0.18545710 0.20933194 0.11823035 0.20463176 0.19142767 0.24814180 0.22302135 0.23627996 0.20743891 0.19399255 0.10090550 0.23294958 0.13343695 0.22481608 0.18399724 
0.24006794 0.39767431 0.51494840 0.37108688 0.30932258 0.26137655 0.21033256 0.25692279 0.22703527 0.11445044 0.21603871 0.19679668 0.22952791 0.19376931 0.14347669 0.22334861 0.26457925 0.26736661 0.16811970 0.17829344 0.06197196 0.11231178 0.32541770 0.17571629 0.21451837 0.20346209 0.09277754 0.20265850 0.13341340 0.12011702 0.21375384 0.20601992 0.16567912 0.28836145 0.16070684 0.21428788 0.16107402 0.11001843 0.19853825 0.27051607 0.37679311 0.10681333 0.34337935 0.28242732 0.30787126 0.00000000 0.42437328 0.22042483 0.31504157 0.39570794 0.29322256 0.24820165 0.19191910 0.56974467 0.33848489 0.14441386 0.17946163 0.22136501 0.22020564 0.24161912 0.10069040 0.21204659 0.19213467 0.15031619 0.32801863 0.22257770 0.60008188 0.18354320 
0.37307229 0.35009154 0.23937908 0.13202473 0.27508648 0.25126120 0.23044057 0.21418410 0.15792665 0.16214001 0.23601441 0.20560264 0.19029271 0.14632159 0.19097734 0.38381148 0.08939279 0.21700042 0.21414172 0.12208213 0.25537409 0.07221811 0.30995632 0.22199116 0.28141260 0.23498139 0.18938394 0.19063266 0.32776237 0.18359154 0.24828566 0.16989022 0.00000000 0.23475553 0.13118873 0.18935323 0.21129323 0.17540587 0.19197811 0.15111572 0.20401878 0.20508064 0.34756034 0.31435004 0.41292950 0.42437328 0.00000000 0.26775459 0.55081431 0.77089568 0.25453766 0.43395895 0.38396703 0.22378218 0.27338535 0.24845009 0.26834722 0.22801200 0.19486355 0.16700661 0.17275315 0.19367794 0.20060566 0.11677967 0.21600408 0.18161995 0.33561131 0.28172852 
0.40631036 0.82036162 0.26179250 0.31549217 0.17564214 0.22454877 0.13175330 0.20822928 0.17429069 0.14392692 0.28341993 0.18936670 0.17315270 0.23765478 0.20319771 0.16717624 0.18808478 0.19554090 0.14098741 0.19651674 0.21931117 0.16463131 0.17311159 0.18500014 0.27643810 0.20789247 0.22422781 0.20673349 0.33364816 0.21375778 0.23592593 0.20249881 0.16880885 0.29854190 0.14099374 0.22940821 0.18624062 0.14789587 0.17975326 0.32957397 0.23776178 0.32120584 0.14742563 0.25961260 0.25375825 0.22042483 0.26775459 0.00000000 0.34854566 0.22512570 0.21161926 0.53162081 0.26240665 0.18638303 0.18163076 0.28417657 0.17983293 0.16625079 0.26468134 0.20046564 0.27353707 0.24631382 0.20101714 0.34860980 0.21259495 0.29299553 0.25699560 0.14821903 
0.27557088 0.18784367 0.21849086 0.26963240 0.19771344 0.10184579 0.22487744 0.20409650 0.19608798 0.25647755 0.26484279 0.19549337 0.16491787 0.29685311 0.31861963 0.08924528 0.22156628 0.23740382 0.17889246 0.27603212 0.12496891 0.12568217 0.15264486 0.19081019 0.27605507 0.25225838 0.12256451 0.21311641 0.19109646 0.36050632 0.36371153 0.27032346 0.27257463 0.14451263 0.30453649 0.15305506 0.23932055 0.14015334 0.17784038 0.29319794 0.19123921 0.20756993 0.24387913 0.26213553 0.19086033 0.31504157 0.55081431 0.34854566 0.00000000 0.37768718 0.23108679 0.53083084 0.51354242 0.21313690 0.17735709 0.19077337 0.26326663 0.11427173 0.20630609 0.22145054 0.18225775 0.21791754 0.18753108 0.19527960 0.37850273 0.13843861 0.35113819 0.28965143 
0.12925856 0.20173321 0.20724302 0.18273032 0.15691066 0.14948901 0.39361148 0.19892702 0.17467240 0.11961328 0.19331902 0.15559049 0.19776183 0.22054029 0.20295177 0.22169624 0.25448634 0.22708292 0.21108551 0.27903946 0.09620534 0.24450978 0.09163373 0.15523215 0.26353417 0.13697055 0.21529821 0.17326208 0.20998251 0.25782255 0.20149387 0.27831641 0.13288563 0.22639522 0.25138751 0.20004583 0.14126394 0.15462882 0.20376673 0.17606573 0.11178038 0.27953877 0.81917502 0.20253911 0.22301530 0.39570794 0.77089568 0.22512570 0.37768718 0.00000000 0.19052432 0.26944557 0.67293102 0.52746436 0.18639269 0.18485616 0.19155591 0.21178759 0.18138475 0.25713784 0.25668241 0.24221900 0.16790362 0.23982295 0.21932541 0.18979220 0.19549811 0.26272389 
0.20979825 0.22173820 0.29314357 0.66438849 0.22033625 0.18219595 0.15480243 0.23715237 0.27344486 0.19888380 0.20094919 0.19329827 0.20730953 0.21663682 0.25197513 0.32171989 0.17988478 0.24412285 0.19251252 0.18933026 0.26629728 0.22890555 0.19992111 0.17253835 0.26265854 0.17380349 0.20647173 0.21526694 0.15881313 0.20670000 0.28005244 0.23327255 0.23166586 0.19127718 0.19430625 0.23611864 0.25745476 0.24417084 0.22415404 0.26551901 0.35610156 0.24461383 0.22900608 0.23619412 0.20755254 0.29322256 0.25453766 0.21161926 0.23108679 0.19052432 0.00000000 0.27670206 0.22282871 0.23455853 0.30864176 0.26228133 0.15752481 0.20281374 0.22502886 0.16868185 0.23912182 0.25984694 0.25488905 0.20847058 0.23600850 0.23018930 0.26788061 0.18325413 
0.19845530 0.23263674 0.21105658 0.29688466 0.25775029 0.23659795 0.18576198 0.16482072 0.21913171 0.13082865 0.23322441 0.18563228 0.19424020 0.11800798 0.15642804 0.21350361 0.17603450 0.19755900 0.14616935 0.19742722 0.24284798 0.22326313 0.18464158 0.21189824 0.18598636 0.15731147 0.19668488 0.17602381 0.10364727 0.16374136 0.18552899 0.17932744 0.28505620 0.20006097 0.16558284 0.14764124 0.23087771 0.08492524 0.24616493 0.24056957 0.31481851 0.30761564 0.23436998 0.22021239 0.19610994 0.24820165 0.43395895 0.53162081 0.53083084 0.26944557 0.27670206 0.00000000 0.28949418 0.10356712 0.30223055 0.63340543 0.20292584 0.18457794 0.27305640 0.34582729 0.22153607 0.25371701 0.17543645 0.26456685 0.29317300 0.27629146 0.52483895 0.25710471 
0.19764179 0.24133587 0.14619575 0.19461050 0.17157727 0.17193742 0.12863367 0.20133070 0.14664887 0.13653453 0.26395512 0.16337306 0.28453426 0.08939767 0.22461926 0.15988368 0.22397405 0.24191989 0.30019486 0.20467466 0.15000320 0.34427671 0.27455934 0.18696096 0.14935981 0.24278959 0.22120874 0.22692944 0.11946250 0.20095087 0.19846955 0.18956186 0.14702868 0.17887019 0.24179419 0.10812136 0.15969251 0.15325743 0.17463722 0.30164262 0.32057029 0.09982181 0.23506711 0.17403457 0.36361854 0.19191910 0.38396703 0.26240665 0.51354242 0.67293102 0.22282871 0.28949418 0.00000000 0.45917039 0.18644468 0.56306314 1.03025600 0.19047736 0.25095478 0.21845016 0.20194863 0.21191809 0.18794214 0.18173553 0.23312963 0.23702247 0.22823499 0.23177245 
