0.00000000 0.48141274 0.13304278 0.12860512 0.22401936 0.09985872 0.14299161 0.19302620 0.15013251 0.15818691 0.22971657 0.16444495 0.22338049 0.22677542 0.14791197 0.22353160 0.18782445 0.17309331 0.10944223 0.14830996 0.29281615 0.14325327 0.20324827 0.16780368 0.20571949 0.12289155 0.21250754 0.15503218 0.17381469 0.12137695 0.33485140 0.18595189 0.18901381 0.23655630 0.09195251 0.10932888 0.09201147 0.09912363 0.17327825 0.12785385 0.20921292 0.22069203 0.11594018 0.24392255 0.45225332 0.14298862 0.25911719 0.38863649 0.15224872 0.13818231 0.20325821 0.20125592 0.10689353 0.15863046 0.13329525 0.11266460 0.14203203 0.16423220 0.17131047 0.11189329 0.13669469 0.17447835 0.18315706 0.11890376 0.11566515 0.23210142 0.21361871 0.21888885 
0.48141274 0.00000000 0.26953631 0.22435440 0.14736856 0.15475106 0.12525556 0.11630922 0.10899183 0.27341600 0.18505759 0.14282369 0.23173354 0.19399354 0.26148233 0.11713729 0.15585337 0.22767941 0.10431999 0.20775196 0.12088958 0.10335536 0.15468589 0.17754309 0.18937576 0.20763764 0.16218186 0.18189779 0.29402808 0.18902607 0.13098599 0.21483406 0.13617251 0.16273575 0.11023027 0.18484761 0.19023221 0.06630799 0.11537576 0.09652269 0.11035223 0.19971837 0.14687554 0.15119554 0.12958682 0.33521409 0.25932228 0.65688979 0.16835480 0.15794346 0.16804749 0.18020902 0.15188016 0.13750291 0.15176178 0.15245226 0.06759120 0.18585291 0.16103617 0.12370672 0.21639658 0.16420185 0.08106931 0.19626607 0.10534183 0.19477592 0.20839944 0.17052998 
0.13304278 0.26953631 0.00000000 0.21221756 0.46249590 0.19998804 0.17590837 0.10588582 0.23496961 0.21557149 0.09962497 0.08684265 0.14081432 0.12092108 0.19058204 0.26311678 0.15675065 0.15899969 0.12982521 0.23715015 0.13690848 0.15591721 0.15948640 0.15639139 0.24423709 0.15862893 0.14679079 0.16971030 0.16602403 0.08964193 0.09137043 0.18490086 0.07929708 0.16067897 0.16603397 0.07039191 0.17170189 0.17864454 0.16944901 0.11330776 0.36339530 0.19740052 0.15957217 0.26443659 0.56102748 0.33128469 0.25108908 0.20358778 0.09032979 0.16936484 0.21213816 0.20504926 0.08479250 0.19822511 0.20357499 0.16975216 0.11407508 0.16054405 0.23916237 0.15461374 0.10628442 0.18700497 0.14501549 0.11087092 0.11504101 0.12892244 0.13541809 0.41497767 
0.12860512 0.22435440 0.21221756 0.00000000 0.18154992 0.16500069 0.09967334 0.15714773 0.16149944 0.16588607 0.20222083 0.09356389 0.26781237 0.12352866 0.18217032 0.16091616 0.20526589 0.18436505 0.31527226 0.12750276 0.10707823 0.13652555 0.17502741 0.12553085 0.15524702 0.21055108 0.18108333 0.16991639 0.15873928 0.21405155 0.16440415 0.17059063 0.23362830 0.18120410 0.14252521 0.19421302 0.12067079 0.12548292 0.14707431 0.15177630 0.29664891 0.25692437 0.18359018 0.22312939 0.21041031 0.25764544 0.12660867 0.18279578 0.26628122 0.13631852 0.35705059 0.13348851 0.23685095 0.24609677 0.15164934 0.17495902 0.15571091 0.11015718 0.11630663 0.14807822 0.27179957 0.17269294 0.13133178 0.14757393 0.17731114 0.16014364 0.21674276 0.13549768 
0.22401936 0.14736856 0.46249590 0.18154992 0.00000000 0.28961710 0.55390056 0.19754264 0.16984928 0.11131529 0.17140953 0.12004417 0.14051001 0.19869527 0.30594346 0.09585643 0.09865910 0.14678996 0.11287894 0.19496786 0.07689477 0.19264243 0.14715058 0.13415404 0.13263826 0.10368548 0.12211431 0.14955413 0.16293230 0.18051321 0.17851392 0.16269351 0.16881169 0.07261875 0.09623784 0.17959420 0.18524667 0.13891239 0.13228397 0.21917514 0.57650947 0.25410215 0.07607142 0.15174717 0.17416742 0.19569212 0.13569974 0.18201647 0.13486699 0.14101489 0.18679904 0.15619454 0.15115510 0.10832981 0.15305458 0.12167854 0.19931613 0.14091259 0.21041127 0.12369142 0.18640855 0.19167253 0.21279483 0.13438349 0.14961825 0.50893255 0.31184713 0.21600193 
0.09985872 0.15475106 0.19998804 0.16500069 0.28961710 0.00000000 0.30880683 0.21530276 0.33710488 0.24287855 0.09693045 0.21997446 0.24387958 0.22268342 0.26007769 0.23809306 0.14285001 0.16205464 0.11271122 0.23105292 0.12196860 0.11226616 0.12874122 0.12228539 0.19388317 0.16733969 0.15549014 0.16345186 0.12435357 0.15000792 0.12963970 0.22848015 0.15787190 0.17033596 0.14971992 0.26120864 0.10714576 0.37777974 0.26676809 0.24381180 0.15516568 0.42689690 0.13845699 0.13407938 0.08659028 0.17983570 0.16251326 0.12928756 0.09313766 0.13191496 0.13309618 0.15846584 0.14871309 0.18475514 0.13079743 0.12511491 0.15889997 0.13721057 0.11196142 0.20023530 0.16909417 0.14980075 0.22365868 0.24701942 0.14242989 0.15697725 0.17701213 0.12124095 
0.14299161 0.12525556 0.17590837 0.09967334 0.55390056 0.30880683 0.00000000 0.20940393 0.22108988 0.17124409 0.24336964 0.06796616 0.18022602 0.28421212 0.21253388 0.14054122 0.17600508 0.12171881 0.24158816 0.12756941 0.08356489 0.14243575 0.06020761 0.08121549 0.16669820 0.12051827 0.08905389 0.14380851 0.14465272 0.11594830 0.11672397 0.12087727 0.08615470 0.13281618 0.15628702 0.00617359 0.10112098 0.26447166 0.26855153 0.12387313 0.20367311 0.20536216 0.19977027 0.09905800 0.17570891 0.07913104 0.13730579 0.07125469 0.12085203 0.23100103 0.14058968 0.10341676 0.12122463 0.18727733 0.19801414 0.19379586 0.09270436 0.20805062 0.15734375 0.09323459 0.20365668 0.12800692 0.22747302 0.90395422 0.22340056 0.68185368 0.25353653 0.44004177 
0.19302620 0.11630922 0.10588582 0.15714773 0.19754264 0.21530276 0.20940393 0.00000000 0.49738160 0.16886453 0.57924567 0.27000569 0.14660000 0.26408280 0.27863088 0.18238298 0.20695944 0.16012036 0.08755531 0.15606737 0.11698534 0.17144011 0.10903304 0.21418989 0.12894084 0.20775600 0.11172567 0.13986811 0.09671997 0.11113243 0.14961996 0.12477130 0.15507976 0.12413158 0.26863110 0.06326509 0.31657424 0.20134871 0.13075549 0.17653988 0.20564427 0.12393085 0.16974214 0.22359626 0.22453054 0.13557542 0.16344911 0.13954401 0.14158092 0.12419527 0.11932519 0.10611743 0.17707831 0.18233169 0.16501157 0.21279772 0.15426142 0.20739846 0.29910960 0.18294990 0.12164537 0.15173173 0.12505434 0.70241478 0.12471215 0.07286308 0.18085421 0.11355497 
0.15013251 0.10899183 0.23496961 0.16149944 0.16984928 0.33710488 0.22108988 0.49738160 0.00000000 0.19375399 0.36488110 0.18525963 0.20394008 0.12632448 0.10062859 0.22223239 0.15418412 0.18107987 0.18941553 0.13733636 0.04106589 0.12091511 0.15244763 0.20698755 0.14537071 0.15092906 0.12695617 0.15635629 0.18474087 0.16967529 0.18455115 0.17617990 0.12167237 0.13181962 0.17963422 0.71594280 0.17650139 0.37240671 0.13946744 0.28085821 0.11523012 0.13961900 0.10011795 0.18021178 0.24595521 0.13705382 0.16943653 0.11010968 0.18309032 0.17222790 0.19442071 0.18587835 0.09321357 0.12832706 0.11716520 0.16419304 0.20146725 0.14581165 0.11715560 0.18560116 0.20624075 0.17644203 0.25079183 0.23577223 0.10119701 0.15425324 0.18382625 0.14952637 
0.15818691 0.27341600 0.21557149 0.16588607 0.11131529 0.24287855 0.17124409 0.16886453 0.19375399 0.00000000 0.22616590 0.18329527 0.24966841 0.17375046 0.14176693 0.25058535 0.18704941 0.17331154 0.14309527 0.18244232 0.17751602 0.12771197 0.13479995 0.25013538 0.16920020 0.22376355 0.28511470 0.23821549 0.20125807 0.17957313 0.15984280 0.30043548 0.17219463 0.14784425 0.13785720 0.24143002 0.12960328 0.20619496 0.14277608 0.11799504 0.17036411 0.16704860 0.13684800 0.16180565 0.16639594 0.20187714 0.12505587 0.23563238 0.17953586 0.17903909 0.14104925 0.14256880 0.13862711 0.16555245 0.12064851 0.20490140 0.12650483 0.13321118 0.22699445 0.20421488 0.12866323 0.16665286 0.15609905 0.18145007 0.15462339 0.11960383 0.16485637 0.17858703 
0.22971657 0.18505759 0.09962497 0.20222083 0.17140953 0.09693045 0.24336964 0.57924567 0.36488110 0.22616590 0.00000000 0.73448413 0.15638254 0.32315986 0.25134168 0.15213656 0.06345376 0.14339905 0.10502151 0.14971194 0.11098147 0.14246072 0.16443213 0.17372715 0.16691797 0.25669748 0.12674360 0.14881093 0.12402072 0.16460783 0.20617926 0.16891184 0.34522422 0.20507834 0.14012691 0.11317960 0.11493777 0.16839460 0.09327168 0.19613615 0.21425028 0.09834469 0.14900619 0.16635124 0.17877304 0.12758777 0.10487201 0.19297478 0.22926084 0.15522318 0.13922130 0.17131400 0.11204581 0.05556908 0.12985957 0.14354108 0.22833705 0.05910166 0.16350159 0.19202655 0.22310834 0.16150715 0.28138785 0.31007009 0.18551214 0.13682086 0.16686830 0.14889758 
0.16444495 0.14282369 0.08684265 0.09356389 0.12004417 0.21997446 0.06796616 0.27000569 0.18525963 0.18329527 0.73448413 0.00000000 0.13693043 0.15039051 0.78685198 0.21297491 0.23661481 0.18170901 0.18820228 0.04432465 0.23744961 0.16457975 0.23974596 0.20274923 0.18766207 0.18485319 0.21905270 0.20273486 0.12103035 0.16678711 0.13840986 0.16061167 0.12054418 0.17499207 0.13929124 0.33572440 0.18197212 0.07768136 0.14437873 0.13382635 0.22458234 0.28479301 0.16807776 0.17869826 0.16348847 0.10758633 0.19232320 0.11670041 0.13610215 0.09866982 0.15398453 0.13376831 0.09457859 0.16066931 0.11179218 0.34768087 0.03923912 0.08533282 0.24160311 0.12075392 0.40041513 0.12372449 0.21077385 0.31962003 0.14144256 0.08149163 0.14619234 0.08075259 
0.22338049 0.23173354 0.14081432 0.26781237 0.14051001 0.24387958 0.18022602 0.14660000 0.20394008 0.24966841 0.15638254 0.13693043 0.00000000 0.20236369 0.12785749 0.26067410 0.23884078 0.24711187 0.14991572 0.17081838 0.17743471 0.12603893 0.13252020 0.16533620 0.15462103 0.24594797 0.20156309 0.23357963 0.16654407 0.24808653 0.21062587 0.18389035 0.15307783 0.13333974 0.20025168 0.19040838 0.13857139 0.13758253 0.15143768 0.20609352 0.13873431 0.18757994 0.15142344 0.17457849 0.14188015 0.17563282 0.15595308 0.21923240 0.13925909 0.14964270 0.15728457 0.21252648 0.15416501 0.14106657 0.21112611 0.16493860 0.12723958 0.15657581 0.17912438 0.13447633 0.15319143 0.23392399 0.16155363 0.11560520 0.21358368 0.19192235 0.13565563 0.15195266 
0.22677542 0.19399354 0.12092108 0.12352866 0.19869527 0.22268342 0.28421212 0.26408280 0.12632448 0.17375046 0.32315986 0.15039051 0.20236369 0.00000000 0.19773090 0.19304034 0.72096923 0.16996358 0.24525552 0.07284193 0.58103612 0.27071932 0.14695117 0.25004130 0.31260489 0.14806569 0.19161924 0.13558225 0.19810277 0.12981231 0.11310871 0.20083625 0.10723497 0.10815505 0.10280667 0.21239053 0.20514017 0.18524897 0.14000924 0.22105609 0.08789766 0.07894291 0.11016852 0.08704415 0.16544114 0.15206444 0.04851606 0.21232609 0.20409108 0.15500390 0.15888109 0.15316674 0.01227486 0.13701721 0.14244351 0.11189918 0.13449243 0.26074517 0.22104642 0.13744276 0.11394415 0.14331095 0.18543219 0.16560453 0.19753235 0.21107738 0.14445823 0.09001998 
0.14791197 0.26148233 0.19058204 0.18217032 0.30594346 0.26007769 0.21253388 0.27863088 0.10062859 0.14176693 0.25134168 0.78685198 0.12785749 0.19773090 0.00000000 0.15705532 0.13552367 0.13366324 0.26475497 0.14608663 0.08036435 0.23116388 0.14950943 0.11797065 0.14865679 0.22316273 0.13160809 0.12558275 0.13128333 0.16162602 0.14748237 0.12952091 0.15955536 0.16006684 0.07970639 0.12901156 0.09608255 0.13644545 0.12251240 0.17140432 0.16713207 0.22757983 0.22522793 0.14782881 0.14640390 0.03630651 0.18668198 0.17733983 0.18459071 0.16979019 0.17925514 0.13137121 0.18970578 0.21063954 0.18952273 0.30236461 0.20236740 0.01786007 0.18032421 0.22795734 0.71420283 0.15484737 0.17998951 0.23878079 0.19072863 0.11900403 0.14135895 0.10928672 
0.22353160 0.11713729 0.26311678 0.16091616 0.09585643 0.23809306 0.14054122 0.18238298 0.22223239 0.25058535 0.15213656 0.21297491 0.26067410 0.19304034 0.15705532 0.00000000 0.18526425 0.15678641 0.28548728 0.13957090 0.25254003 0.15422582 0.19419754 0.10851609 0.24475344 0.16930348 0.22138352 0.16765550 0.14586306 0.12629381 0.19108214 0.25564399 0.14420039 0.13550845 0.15196953 0.20808636 0.18056691 0.25247156 0.17497454 0.16405905 0.13366328 0.11400834 0.13468397 0.21012995 0.13572089 0.21586783 0.15724387 0.11589149 0.16097411 0.20179201 0.18661126 0.16791832 0.15546901 0.13763335 0.29560244 0.10369565 0.16226263 0.20430415 0.25661177 0.14484199 0.15674266 0.21785421 0.27520745 0.13988493 0.12390069 0.15285652 0.16448383 0.13765107 
0.18782445 0.15585337 0.15675065 0.20526589 0.09865910 0.14285001 0.17600508 0.20695944 0.15418412 0.18704941 0.06345376 0.23661481 0.23884078 0.72096923 0.13552367 0.18526425 0.00000000 0.16235595 0.29698524 0.12448654 0.53412461 0.26826653 0.26004220 0.26233323 0.13394121 0.14470849 0.24367491 0.16727613 0.12366413 0.17373912 0.15695210 0.26620210 0.20276167 0.13707261 0.13587525 0.23401362 0.14884362 0.08178017 0.16661161 0.10421236 0.10949690 0.32026030 0.18071113 0.12295861 0.11305931 0.10737080 0.10813059 0.13741293 0.11072183 0.12728315 0.13856367 0.13183194 0.18431638 0.15026172 0.13041610 0.17148440 0.21790819 0.14327282 0.10300436 0.17154084 0.13593832 0.16085851 0.13019830 0.12932521 0.15134869 0.22553507 0.17750930 0.12783233 
0.17309331 0.22767941 0.15899969 0.18436505 0.14678996 0.16205464 0.12171881 0.16012036 0.18107987 0.17331154 0.14339905 0.18170901 0.24711187 0.16996358 0.13366324 0.15678641 0.16235595 0.00000000 0.13234111 0.17664003 0.17086335 0.16655131 0.15921339 0.16280273 0.20468741 0.21294569 0.16944681 0.25647846 0.15567956 0.21204789 0.36883025 0.19794649 0.14953934 0.14045279 0.22794389 0.20041070 0.15828118 0.12902733 0.16592152 0.13999115 0.14293817 0.16553104 0.22995827 0.15897191 0.14056077 0.19935704 0.16105928 0.18884084 0.14073482 0.17250993 0.24325694 0.18488790 0.15676547 0.16094588 0.21097056 0.18791887 0.14284031 0.19674936 0.16290855 0.18606375 0.16131052 0.18110117 0.16542611 0.12968573 0.22076467 0.17581978 0.21898716 0.16213612 
0.10944223 0.10431999 0.12982521 0.31527226 0.11287894 0.11271122 0.24158816 0.08755531 0.18941553 0.14309527 0.10502151 0.18820228 0.14991572 0.24525552 0.26475497 0.28548728 0.29698524 0.13234111 0.00000000 0.18696534 0.26960606 0.58903496 0.26865324 0.25703200 0.13937407 0.15827972 0.14497082 0.14817984 0.13301388 0.18710177 0.20360211 0.17199747 0.10378161 0.28777333 0.17947491 0.18254360 0.11499735 0.16263433 0.18892098 0.19799603 0.12379821 0.18742304 0.13700220 0.11685503 0.10982641 0.16907830 0.23214850 0.08337932 0.15597359 0.13992800 0.12454541 0.14455661 0.15529631 0.10176854 0.16891968 0.23132091 0.34813192 0.18215506 0.07032052 0.41811678 0.27793286 0.18309043 0.18673892 0.13903097 0.18226306 0.09491801 0.09357022 0.30045774 
0.14830996 0.20775196 0.23715015 0.12750276 0.19496786 0.23105292 0.12756941 0.15606737 0.13733636 0.18244232 0.14971194 0.04432465 0.17081838 0.07284193 0.14608663 0.13957090 0.12448654 0.17664003 0.18696534 0.00000000 0.07918954 0.17312986 0.19913053 0.12176919 0.17251636 0.17167706 0.16517262 0.24132658 0.14713799 0.19454432 0.20398070 0.17384855 0.13965721 0.27267486 0.69057733 0.20889037 0.15677835 0.18480044 0.28078164 0.31434973 0.25830304 0.41346419 0.14431620 0.11935135 0.17723785 0.12945576 0.09889293 0.14833859 0.28256535 0.09772607 0.18045019 0.20546355 0.20877855 0.05672537 0.12153636 0.19267339 0.16665936 0.22420303 0.13852362 0.20531871 0.16887163 0.18118746 0.10454611 0.16869429 0.11164131 0.11747689 0.10441267 0.24344516 
0.29281615 0.12088958 0.13690848 0.10707823 0.07689477 0.12196860 0.08356489 0.11698534 0.04106589 0.17751602 0.11098147 0.23744961 0.17743471 0.58103612 0.08036435 0.25254003 0.53412461 0.17086335 0.26960606 0.07918954 0.00000000 0.54558832 0.13709778 0.54677648 0.24923291 0.42474628 0.51320548 0.16061060 0.15534542 0.16765283 0.15276525 0.19352311 0.14409498 0.23147303 0.14954206 0.18821087 0.06958701 0.15499306 0.19961878 0.10486379 0.10832428 0.13066683 0.13854151 0.15503318 0.14564795 0.11848790 0.29832053 0.13597702 0.05133625 0.07288407 0.19265655 0.17341562 0.07999345 0.13083191 0.11900266 0.14284518 0.08633149 0.19284590 0.13366920 0.08201304 0.07425130 0.14596267 0.13049910 0.24595238 0.15695770 0.04831562 0.09589658 0.17730482 
0.14325327 0.10335536 0.15591721 0.13652555 0.19264243 0.11226616 0.14243575 0.17144011 0.12091511 0.12771197 0.14246072 0.16457975 0.12603893 0.27071932 0.23116388 0.15422582 0.26826653 0.16655131 0.58903496 0.17312986 0.54558832 0.00000000 0.10916418 0.20786080 0.18104359 0.11738970 0.12152938 0.19475529 0.10329076 0.26969831 0.24263423 0.13189134 0.16517518 0.14037829 0.12843483 0.39177020 0.12724285 0.15987400 0.15569807 0.16884070 0.15379203 0.10508048 0.18491316 0.16654378 0.37716953 0.17404227 0.04020557 0.09238531 0.11874715 0.21002545 0.14179776 0.12549273 0.32290079 0.12042365 0.08221028 0.21430437 0.77133643 0.16181898 0.04646566 0.10772912 0.20223246 0.16232077 0.15598225 0.21047499 0.15683894 0.16844279 0.09495964 0.13439484 
0.20324827 0.15468589 0.15948640 0.17502741 0.14715058 0.12874122 0.06020761 0.10903304 0.15244763 0.13479995 0.16443213 0.23974596 0.13252020 0.14695117 0.14950943 0.19419754 0.26004220 0.15921339 0.26865324 0.19913053 0.13709778 0.10916418 0.00000000 0.27960729 0.29873350 0.14957278 0.10794938 0.18759378 0.17348513 0.17591789 0.19162412 0.16815245 0.16394341 0.21134118 0.11343958 0.05023792 0.13482976 0.18965411 0.10557911 0.04989167 0.06510947 0.12512965 0.24651660 0.20924009 0.19611062 0.27891674 0.12951743 0.08697635 0.11010895 0.13184449 0.12960335 0.12877418 0.26387818 1.13301377 0.14719432 0.24733583 0.39872707 0.42567821 0.11220661 0.21654011 0.13662085 0.20847156 0.14262317 0.09624732 0.14067317 0.12063538 0.11120567 0.17685207 
0.16780368 0.17754309 0.15639139 0.12553085 0.13415404 0.12228539 0.08121549 0.21418989 0.20698755 0.25013538 0.17372715 0.20274923 0.16533620 0.25004130 0.11797065 0.10851609 0.26233323 0.16280273 0.25703200 0.12176919 0.54677648 0.20786080 0.27960729 0.00000000 0.16808171 0.24714425 0.26320118 0.19042850 0.17756318 0.16899433 0.17549170 0.23923274 0.15116313 0.15456847 0.13420794 0.18005907 0.16246834 0.12449739 0.14769532 0.13847743 0.13970369 0.27641699 0.15555483 0.20070756 0.15316051 0.14331841 0.14427868 0.15209854 0.16855221 0.18301485 0.14485454 0.22033118 0.22536216 0.15019461 0.12515602 0.15677791 0.16154144 0.17221329 0.11667191 0.16492960 0.12757287 0.17175350 0.21440772 0.13806339 0.13065078 0.17591072 0.14841094 0.22547805 
0.20571949 0.18937576 0.24423709 0.15524702 0.13263826 0.19388317 0.16669820 0.12894084 0.14537071 0.16920020 0.16691797 0.18766207 0.15462103 0.31260489 0.14865679 0.24475344 0.13394121 0.20468741 0.13937407 0.17251636 0.24923291 0.18104359 0.29873350 0.16808171 0.00000000 0.13602088 0.21233300 0.15898885 0.15423194 0.11030195 0.13534025 0.27700764 0.15591600 0.10871418 0.12977946 0.18636457 0.27555976 0.14375950 0.15881714 0.16062366 0.19874572 0.20124524 0.52874641 0.27101582 0.15989871 0.11940521 0.19129484 0.11980530 0.20627339 0.18856635 0.26062703 0.12054354 0.09758274 0.26823585 0.15669391 0.14086896 0.12761975 0.12734609 0.13553492 0.11661896 0.22957207 0.17101791 0.12797077 0.19273300 0.14564808 0.10057389 0.16067349 0.19830142 
0.12289155 0.20763764 0.15862893 0.21055108 0.10368548 0.16733969 0.12051827 0.20775600 0.15092906 0.22376355 0.25669748 0.18485319 0.24594797 0.14806569 0.22316273 0.16930348 0.14470849 0.21294569 0.15827972 0.17167706 0.42474628 0.11738970 0.14957278 0.24714425 0.13602088 0.00000000 0.26501892 0.19857536 0.25845175 0.23096249 0.26821244 0.17061213 0.22507005 0.29548420 0.19711512 0.18734378 0.12344016 0.16025151 0.15210958 0.17991763 0.21472113 0.17475808 0.13761379 0.15743933 0.18585431 0.16966586 0.14177646 0.18233445 0.15771875 0.13498852 0.14441328 0.14118093 0.15380115 0.12935134 0.13742712 0.19506708 0.14179302 0.14069485 0.13348684 0.20346082 0.15121247 0.15535535 0.23328337 0.12944563 0.10963938 0.15263139 0.15346374 0.15989812 
0.21250754 0.16218186 0.14679079 0.18108333 0.12211431 0.15549014 0.08905389 0.11172567 0.12695617 0.28511470 0.12674360 0.21905270 0.20156309 0.19161924 0.13160809 0.22138352 0.24367491 0.16944681 0.14497082 0.16517262 0.51320548 0.12152938 0.10794938 0.26320118 0.21233300 0.26501892 0.00000000 0.20112949 0.36667513 0.28886451 0.14075210 0.27993641 0.24793640 0.11443735 0.14141298 0.28121220 0.12245668 0.22320523 0.23649484 0.11444380 0.14221373 0.11041807 0.10974497 0.28921035 0.17591310 0.18260257 0.12036512 0.15139882 0.15146147 0.12375707 0.21312507 0.12133249 0.09843441 0.12598741 0.22722078 0.25584373 0.09021282 0.17940638 0.19322238 0.14855302 0.12620650 0.16394153 0.18927866 0.10217778 0.15278746 0.16046738 0.09077863 0.14130209 
0.15503218 0.18189779 0.16971030 0.16991639 0.14955413 0.16345186 0.14380851 0.13986811 0.15635629 0.23821549 0.14881093 0.20273486 0.23357963 0.13558225 0.12558275 0.16765550 0.16727613 0.25647846 0.14817984 0.24132658 0.16061060 0.19475529 0.18759378 0.19042850 0.15898885 0.19857536 0.20112949 0.00000000 0.25161177 0.21040164 0.22047841 0.19872096 0.14869597 0.16442515 0.21185708 0.19475448 0.14731705 0.18160820 0.16587267 0.18220602 0.15471609 0.18036641 0.16377131 0.15273627 0.18560122 0.18347538 0.17326257 0.21045187 0.22400477 0.13499777 0.16890359 0.14352382 0.17376491 0.12727553 0.20442888 0.14761715 0.15564547 0.18111340 0.21518775 0.15744495 0.17163316 0.18442116 0.16673747 0.14597011 0.15619044 0.19495791 0.19859380 0.17032812 
0.17381469 0.29402808 0.16602403 0.15873928 0.16293230 0.12435357 0.14465272 0.09671997 0.18474087 0.20125807 0.12402072 0.12103035 0.16654407 0.19810277 0.13128333 0.14586306 0.12366413 0.15567956 0.13301388 0.14713799 0.15534542 0.10329076 0.17348513 0.17756318 0.15423194 0.25845175 0.36667513 0.25161177 0.00000000 0.29127795 0.21010058 0.18700812 0.86707235 0.11900835 0.11851829 0.08680284 0.20909753 0.17887123 0.19840299 0.19029615 0.16923660 0.06788688 0.17533016 0.24984798 0.24778871 0.08504012 0.27977733 0.29172039 0.16177021 0.16539381 0.13621920 0.13226617 0.01552436 0.07787885 0.11897042 0.19920892 0.08798928 0.21713934 0.26670567 0.22557640 0.12021886 0.14807846 0.17661449 0.09472426 0.13127206 0.19389709 0.25215245 0.18404170 
0.12137695 0.18902607 0.08964193 0.21405155 0.18051321 0.15000792 0.11594830 0.11113243 0.16967529 0.17957313 0.16460783 0.16678711 0.24808653 0.12981231 0.16162602 0.12629381 0.17373912 0.21204789 0.18710177 0.19454432 0.16765283 0.26969831 0.17591789 0.16899433 0.11030195 0.23096249 0.28886451 0.21040164 0.29127795 0.00000000 0.21696734 0.20028500 0.39292265 0.20831668 0.24302969 0.11469543 0.13608300 0.15424588 0.15216119 0.10867181 0.11376858 0.12857242 0.14237302 0.16670834 0.14886105 0.10705065 0.08979186 0.18651420 0.36552894 0.16575084 0.14748221 0.15758605 0.23685836 0.16493796 0.14459346 0.13306812 0.11225164 0.15112679 0.15589717 0.17584297 0.24940745 0.20626286 0.12195125 0.11252521 0.18183477 0.23266267 0.29775979 0.28664532 
0.33485140 0.13098599 0.09137043 0.16440415 0.17851392 0.12963970 0.11672397 0.14961996 0.18455115 0.15984280 0.20617926 0.13840986 0.21062587 0.11310871 0.14748237 0.19108214 0.15695210 0.36883025 0.20360211 0.20398070 0.15276525 0.24263423 0.19162412 0.17549170 0.13534025 0.26821244 0.14075210 0.22047841 0.21010058 0.21696734 0.00000000 0.17509351 0.18980492 0.15275632 0.19571095 0.12874156 0.25422607 0.14550664 0.17354387 0.15064391 0.13809375 0.22785370 0.14042780 0.16533325 0.27033551 0.21726731 0.18488521 0.18100733 0.29885378 0.14013275 0.25138756 0.15178499 0.25613030 0.10651528 0.15515652 0.15496350 0.15037816 0.13034870 0.18202754 0.13262512 0.23225047 0.16240744 0.13694258 0.14859871 0.13378447 0.16615260 0.09184416 0.16106506 
0.18595189 0.21483406 0.18490086 0.17059063 0.16269351 0.22848015 0.12087727 0.12477130 0.17617990 0.30043548 0.16891184 0.16061167 0.18389035 0.20083625 0.12952091 0.25564399 0.26620210 0.19794649 0.17199747 0.17384855 0.19352311 0.13189134 0.16815245 0.23923274 0.27700764 0.17061213 0.27993641 0.19872096 0.18700812 0.20028500 0.17509351 0.00000000 0.15038171 0.15173510 0.16746101 0.30125019 0.16530569 0.21236599 0.16581508 0.14629218 0.15262218 0.19156177 0.16603377 0.15440574 0.15388277 0.17746394 0.13809472 0.18748339 0.18338041 0.14734110 0.16983685 0.14663367 0.16558310 0.11759720 0.15139500 0.14562241 0.14165157 0.15683664 0.20085673 0.14485031 0.14036756 0.18304407 0.16438398 0.14226728 0.14829613 0.14111047 0.15568503 0.15707390 
0.18901381 0.13617251 0.07929708 0.23362830 0.16881169 0.15787190 0.08615470 0.15507976 0.12167237 0.17219463 0.34522422 0.12054418 0.15307783 0.10723497 0.15955536 0.14420039 0.20276167 0.14953934 0.10378161 0.13965721 0.14409498 0.16517518 0.16394341 0.15116313 0.15591600 0.22507005 0.24793640 0.14869597 0.86707235 0.39292265 0.18980492 0.15038171 0.00000000 0.35336431 0.15816991 0.33579346 0.56561534 0.16413023 0.19642040 0.36953174 0.21090028 0.15867156 0.13378797 0.15942134 0.20640966 0.11264988 0.07705381 0.19038311 0.15360050 0.10736116 0.15031680 0.28983148 0.09875673 0.10614185 0.18438231 0.26523055 0.19187213 0.04898965 0.13944488 0.05738508 0.15027842 0.11520187 0.12555402 0.10105821 0.11419114 0.13017136 0.14049301 0.13868999 
0.23655630 0.16273575 0.16067897 0.18120410 0.07261875 0.17033596 0.13281618 0.12413158 0.13181962 0.14784425 0.20507834 0.17499207 0.13333974 0.10815505 0.16006684 0.13550845 0.13707261 0.14045279 0.28777333 0.27267486 0.23147303 0.14037829 0.21134118 0.15456847 0.10871418 0.29548420 0.11443735 0.16442515 0.11900835 0.20831668 0.15275632 0.15173510 0.35336431 0.00000000 0.28023400 0.21127836 0.22716003 0.33210978 0.15818517 0.30495050 0.32415186 0.42110146 0.19255989 0.16461748 0.17255023 0.18840537 0.10184163 0.23921378 0.19755437 0.10846498 0.16489061 0.17040986 0.18934311 0.18448646 0.12514181 0.18017441 0.23139394 0.20116391 0.09990321 0.13002462 0.11241962 0.11585121 0.15050064 0.15715738 0.23975380 0.12655931 0.23174253 0.14365095 
0.09195251 0.11023027 0.16603397 0.14252521 0.09623784 0.14971992 0.15628702 0.26863110 0.17963422 0.13785720 0.14012691 0.13929124 0.20025168 0.10280667 0.07970639 0.15196953 0.13587525 0.22794389 0.17947491 0.69057733 0.14954206 0.12843483 0.11343958 0.13420794 0.12977946 0.19711512 0.14141298 0.21185708 0.11851829 0.24302969 0.19571095 0.16746101 0.15816991 0.28023400 0.00000000 0.26706704 0.29027689 0.37291624 0.36810617 0.30680903 0.16914170 0.23088521 0.12242747 0.12042264 0.15761356 0.15109499 0.10758348 0.13111351 0.23384685 0.17638145 0.15543977 0.18078826 0.18698691 0.19884283 0.16499525 0.13829503 0.16430255 0.13205335 0.17413633 0.12827451 0.13919832 0.21880983 0.19378345 0.11642278 0.16485778 0.16019299 0.16461405 0.09846633 
0.10932888 0.18484761 0.07039191 0.19421302 0.17959420 0.26120864 0.00617359 0.06326509 0.71594280 0.24143002 0.11317960 0.33572440 0.19040838 0.21239053 0.12901156 0.20808636 0.23401362 0.20041070 0.18254360 0.20889037 0.18821087 0.39177020 0.05023792 0.18005907 0.18636457 0.18734378 0.28121220 0.19475448 0.08680284 0.11469543 0.12874156 0.30125019 0.33579346 0.21127836 0.26706704 0.00000000 0.54717812 0.13812980 0.30692868 0.18452050 0.00000000 0.08556982 0.14348785 0.19062398 0.21943987 0.12815566 0.21160436 0.16491964 0.05490517 0.23501591 0.17643898 0.15364273 0.13683241 0.12068660 0.12458281 0.17431192 0.17565496 0.07775277 0.11590122 0.12285291 0.10706240 0.17749183 0.10115361 0.17452489 0.06621085 0.14021157 0.06677520 0.13162951 
0.09201147 0.19023221 0.17170189 0.12067079 0.18524667 0.10714576 0.10112098 0.31657424 0.17650139 0.12960328 0.11493777 0.18197212 0.13857139 0.20514017 0.09608255 0.18056691 0.14884362 0.15828118 0.11499735 0.15677835 0.06958701 0.12724285 0.13482976 0.16246834 0.27555976 0.12344016 0.12245668 0.14731705 0.20909753 0.13608300 0.25422607 0.16530569 0.56561534 0.22716003 0.29027689 0.54717812 0.00000000 0.49867493 0.44181310 0.34994562 0.20604792 0.18838336 0.10485281 0.15204333 0.25139658 0.12668419 0.26384129 0.14244316 0.10237493 0.06002697 0.15343876 0.15958192 0.18377657 0.25177185 0.14482991 0.11725153 0.13546222 0.21640925 0.06606794 0.21150171 0.12067619 0.14876823 0.11676422 0.14982962 0.15310263 0.13069994 0.19728381 0.19687681 
0.09912363 0.06630799 0.17864454 0.12548292 0.13891239 0.37777974 0.26447166 0.20134871 0.37240671 0.20619496 0.16839460 0.07768136 0.13758253 0.18524897 0.13644545 0.25247156 0.08178017 0.12902733 0.16263433 0.18480044 0.15499306 0.15987400 0.18965411 0.12449739 0.14375950 0.16025151 0.22320523 0.18160820 0.17887123 0.15424588 0.14550664 0.21236599 0.16413023 0.33210978 0.37291624 0.13812980 0.49867493 0.00000000 0.64973730 0.48087484 0.10260677 0.08585546 0.14124110 0.19803544 0.17064385 0.11062793 0.16730677 0.09862401 0.15377008 0.07422259 0.20880610 0.04767251 0.15842226 0.13609095 0.11995546 0.07196874 0.11127430 0.14668494 0.12762346 0.16086130 0.13561176 0.15133020 0.12601999 0.23375807 0.17330568 0.17716793 0.24215806 0.18193550 
0.17327825 0.11537576 0.16944901 0.14707431 0.13228397 0.26676809 0.26855153 0.13075549 0.13946744 0.14277608 0.09327168 0.14437873 0.15143768 0.14000924 0.12251240 0.17497454 0.16661161 0.16592152 0.18892098 0.28078164 0.19961878 0.15569807 0.10557911 0.14769532 0.15881714 0.15210958 0.23649484 0.16587267 0.19840299 0.15216119 0.17354387 0.16581508 0.19642040 0.15818517 0.36810617 0.30692868 0.44181310 0.64973730 0.00000000 0.23612938 0.10697048 0.12351327 0.11926554 0.17091787 0.14931485 0.18397375 0.16161626 0.13356449 0.08261376 0.06801472 0.21632445 0.16765951 0.06562946 0.13271941 0.16360665 0.15011632 0.09795489 0.14327810 0.11917779 0.23182200 0.16868373 0.17341174 0.15533037 0.16293039 0.19944492 0.15141626 0.14599145 0.36330595 
0.12785385 0.09652269 0.11330776 0.15177630 0.21917514 0.24381180 0.12387313 0.17653988 0.28085821 0.11799504 0.19613615 0.13382635 0.20609352 0.22105609 0.17140432 0.16405905 0.10421236 0.13999115 0.19799603 0.31434973 0.10486379 0.16884070 0.04989167 0.13847743 0.16062366 0.17991763 0.11444380 0.18220602 0.19029615 0.10867181 0.15064391 0.14629218 0.36953174 0.30495050 0.30680903 0.18452050 0.34994562 0.48087484 0.23612938 0.00000000 0.52513364 0.17192861 0.13390050 0.19147521 0.14675905 0.13979420 0.16607926 0.26448957 0.13432983 0.08711319 0.23575983 0.21558250 0.23604079 0.11447213 0.18625781 0.18279183 0.24807044 0.09945912 0.16986387 0.11532839 0.15327691 0.18674766 0.15987651 0.13337359 0.21444433 0.14242646 0.12271003 0.10756275 
0.20921292 0.11035223 0.36339530 0.29664891 0.57650947 0.15516568 0.20367311 0.20564427 0.11523012 0.17036411 0.21425028 0.22458234 0.13873431 0.08789766 0.16713207 0.13366328 0.10949690 0.14293817 0.12379821 0.25830304 0.10832428 0.15379203 0.06510947 0.13970369 0.19874572 0.21472113 0.14221373 0.15471609 0.16923660 0.11376858 0.13809375 0.15262218 0.21090028 0.32415186 0.16914170 0.00000000 0.20604792 0.10260677 0.10697048 0.52513364 0.00000000 0.33288776 0.10260727 0.33380224 0.26476714 0.22341160 0.17281799 0.17721189 0.11312383 0.15754685 0.24504412 0.19537969 0.18271919 0.19210075 0.16608502 0.09396397 0.09146155 0.18630405 0.11746361 0.20348859 0.19106740 0.18392625 0.11149676 0.24842733 0.17723793 0.21103102 0.17632075 0.20704464 
0.22069203 0.19971837 0.19740052 0.25692437 0.25410215 0.42689690 0.20536216 0.12393085 0.13961900 0.16704860 0.09834469 0.28479301 0.18757994 0.07894291 0.22757983 0.11400834 0.32026030 0.16553104 0.18742304 0.41346419 0.13066683 0.10508048 0.12512965 0.27641699 0.20124524 0.17475808 0.11041807 0.18036641 0.06788688 0.12857242 0.22785370 0.19156177 0.15867156 0.42110146 0.23088521 0.08556982 0.18838336 0.08585546 0.12351327 0.17192861 0.33288776 0.00000000 0.14078305 0.17111580 0.14354928 0.20311445 0.10151068 0.21838463 0.11161404 0.11584955 0.20605369 0.16660007 0.15071734 0.11143163 0.17936341 0.12712709 0.10992584 0.26979172 0.13133958 0.13185651 0.23824927 0.24196655 0.17794258 0.11670369 0.18303345 0.13521520 0.13165522 0.16607367 
0.11594018 0.14687554 0.15957217 0.18359018 0.07607142 0.13845699 0.19977027 0.16974214 0.10011795 0.13684800 0.14900619 0.16807776 0.15142344 0.11016852 0.22522793 0.13468397 0.18071113 0.22995827 0.13700220 0.14431620 0.13854151 0.18491316 0.24651660 0.15555483 0.52874641 0.13761379 0.10974497 0.16377131 0.17533016 0.14237302 0.14042780 0.16603377 0.13378797 0.19255989 0.12242747 0.14348785 0.10485281 0.14124110 0.11926554 0.13390050 0.10260727 0.14078305 0.00000000 0.17066916 0.17544869 0.30049188 0.31972838 0.14206902 0.23320027 0.56765947 0.17560701 0.15124222 0.27786610 0.55638567 0.16063688 0.13113308 0.09751358 0.18626572 0.12217051 0.19363646 0.16084442 0.14854772 0.15682406 0.15552961 0.15623437 0.28922380 0.14204256 0.13040867 
0.24392255 0.15119554 0.26443659 0.22312939 0.15174717 0.13407938 0.09905800 0.22359626 0.18021178 0.16180565 0.16635124 0.17869826 0.17457849 0.08704415 0.14782881 0.21012995 0.12295861 0.15897191 0.11685503 0.11935135 0.15503318 0.16654378 0.20924009 0.20070756 0.27101582 0.15743933 0.28921035 0.15273627 0.24984798 0.16670834 0.16533325 0.15440574 0.15942134 0.16461748 0.12042264 0.19062398 0.15204333 0.19803544 0.17091787 0.19147521 0.33380224 0.17111580 0.17066916 0.00000000 0.20945861 0.22026202 0.19044164 0.12256510 0.23167342 0.22838549 0.30352557 0.16439827 0.20151089 0.11152414 0.12379901 0.24795188 0.13928122 0.15846193 0.11750995 0.34411722 0.14674941 0.16704962 0.14917489 0.15897217 0.19842083 0.13112524 0.17839309 0.14568355 
0.45225332 0.12958682 0.56102748 0.21041031 0.17416742 0.08659028 0.17570891 0.22453054 0.24595521 0.16639594 0.17877304 0.16348847 0.14188015 0.16544114 0.14640390 0.13572089 0.11305931 0.14056077 0.10982641 0.17723785 0.14564795 0.37716953 0.19611062 0.15316051 0.15989871 0.18585431 0.17591310 0.18560122 0.24778871 0.14886105 0.27033551 0.15388277 0.20640966 0.17255023 0.15761356 0.21943987 0.25139658 0.17064385 0.14931485 0.14675905 0.26476714 0.14354928 0.17544869 0.20945861 0.00000000 0.13484196 0.31885552 0.18683842 0.10138330 0.17657818 0.21019942 0.20594269 0.28431654 0.11321928 0.12134928 0.10727890 0.23284044 0.10809874 0.20123524 0.18993444 0.12029064 0.16973523 0.10015238 0.03270457 0.12989431 0.09721798 0.18044593 0.23618548 
0.14298862 0.33521409 0.33128469 0.25764544 0.19569212 0.17983570 0.07913104 0.13557542 0.13705382 0.20187714 0.12758777 0.10758633 0.17563282 0.15206444 0.03630651 0.21586783 0.10737080 0.19935704 0.16907830 0.12945576 0.11848790 0.17404227 0.27891674 0.14331841 0.11940521 0.16966586 0.18260257 0.18347538 0.08504012 0.10705065 0.21726731 0.17746394 0.11264988 0.18840537 0.15109499 0.12815566 0.12668419 0.11062793 0.18397375 0.13979420 0.22341160 0.20311445 0.30049188 0.22026202 0.13484196 0.00000000 0.41877997 0.12984044 0.27874035 0.32928994 0.11770488 0.12025142 0.23999207 0.34437388 0.16778137 0.26413376 0.09831222 0.17096189 0.18016695 0.16884955 0.09547457 0.17954163 0.09820763 0.18370814 0.26288205 0.24091552 0.42254614 0.14438551 
0.25911719 0.25932228 0.25108908 0.12660867 0.13569974 0.16251326 0.13730579 0.16344911 0.16943653 0.12505587 0.10487201 0.19232320 0.15595308 0.04851606 0.18668198 0.15724387 0.10813059 0.16105928 0.23214850 0.09889293 0.29832053 0.04020557 0.12951743 0.14427868 0.19129484 0.14177646 0.12036512 0.17326257 0.27977733 0.08979186 0.18488521 0.13809472 0.07705381 0.10184163 0.10758348 0.21160436 0.26384129 0.16730677 0.16161626 0.16607926 0.17281799 0.10151068 0.31972838 0.19044164 0.31885552 0.41877997 0.00000000 0.16968580 0.40910177 0.55005910 0.15440572 0.25193477 0.19448624 0.16014185 0.15785425 0.19358439 0.26460132 0.19372370 0.05423542 0.22983394 0.16876541 0.12631677 0.15518064 0.18101330 0.14080389 0.21030528 0.26732989 0.19925483 
0.38863649 0.65688979 0.20358778 0.18279578 0.18201647 0.12928756 0.07125469 0.13954401 0.11010968 0.23563238 0.19297478 0.11670041 0.21923240 0.21232609 0.17733983 0.11589149 0.13741293 0.18884084 0.08337932 0.14833859 0.13597702 0.09238531 0.08697635 0.15209854 0.11980530 0.18233445 0.15139882 0.21045187 0.29172039 0.18651420 0.18100733 0.18748339 0.19038311 0.23921378 0.13111351 0.16491964 0.14244316 0.09862401 0.13356449 0.26448957 0.17721189 0.21838463 0.14206902 0.12256510 0.18683842 0.12984044 0.16968580 0.00000000 0.23717913 0.18270584 0.17813289 0.49827818 0.14175708 0.15681165 0.11243063 0.19565064 0.11223043 0.18066643 0.21403263 0.09135474 0.16798804 0.16065678 0.18110788 0.17860010 0.14141296 0.26339895 0.24655495 0.14031424 
0.15224872 0.16835480 0.09032979 0.26628122 0.13486699 0.09313766 0.12085203 0.14158092 0.18309032 0.17953586 0.22926084 0.13610215 0.13925909 0.20409108 0.18459071 0.16097411 0.11072183 0.14073482 0.15597359 0.28256535 0.05133625 0.11874715 0.11010895 0.16855221 0.20627339 0.15771875 0.15146147 0.22400477 0.16177021 0.36552894 0.29885378 0.18338041 0.15360050 0.19755437 0.23384685 0.05490517 0.10237493 0.15377008 0.08261376 0.13432983 0.11312383 0.11161404 0.23320027 0.23167342 0.10138330 0.27874035 0.40910177 0.23717913 0.00000000 0.36927731 0.22080717 0.45819658 0.36631455 0.16729220 0.15071651 0.13734976 0.15923913 0.11274099 0.14601445 0.19438423 0.14688031 0.16626701 0.16999796 0.10803663 0.31261400 0.18689341 0.19379733 0.18001400 
0.13818231 0.15794346 0.16936484 0.13631852 0.14101489 0.13191496 0.23100103 0.12419527 0.17222790 0.17903909 0.15522318 0.09866982 0.14964270 0.15500390 0.16979019 0.20179201 0.12728315 0.17250993 0.13992800 0.09772607 0.07288407 0.21002545 0.13184449 0.18301485 0.18856635 0.13498852 0.12375707 0.13499777 0.16539381 0.16575084 0.14013275 0.14734110 0.10736116 0.10846498 0.17638145 0.23501591 0.06002697 0.07422259 0.06801472 0.08711319 0.15754685 0.11584955 0.56765947 0.22838549 0.17657818 0.32928994 0.55005910 0.18270584 0.36927731 0.00000000 0.16032563 0.21785097 0.49562522 0.50895872 0.12277016 0.15386547 0.16213082 0.11961399 0.16564743 0.24866821 0.18618203 0.15613371 0.16031004 0.24130002 0.08245262 0.17044853 0.16312947 0.18636206 
0.20325821 0.16804749 0.21213816 0.35705059 0.18679904 0.13309618 0.14058968 0.11932519 0.19442071 0.14104925 0.13922130 0.15398453 0.15728457 0.15888109 0.17925514 0.18661126 0.13856367 0.24325694 0.12454541 0.18045019 0.19265655 0.14179776 0.12960335 0.14485454 0.26062703 0.14441328 0.21312507 0.16890359 0.13621920 0.14748221 0.25138756 0.16983685 0.15031680 0.16489061 0.15543977 0.17643898 0.15343876 0.20880610 0.21632445 0.23575983 0.24504412 0.20605369 0.17560701 0.30352557 0.21019942 0.11770488 0.15440572 0.17813289 0.22080717 0.16032563 0.00000000 0.28175556 0.17508846 0.16848419 0.18895126 0.17099458 0.09381425 0.19585611 0.12719187 0.20879855 0.18834704 0.17192438 0.16780758 0.20427510 0.15088861 0.12057998 0.16922961 0.13547185 
0.20125592 0.18020902 0.20504926 0.13348851 0.15619454 0.15846584 0.10341676 0.10611743 0.18587835 0.14256880 0.17131400 0.13376831 0.21252648 0.15316674 0.13137121 0.16791832 0.13183194 0.18488790 0.14455661 0.20546355 0.17341562 0.12549273 0.12877418 0.22033118 0.12054354 0.14118093 0.12133249 0.14352382 0.13226617 0.15758605 0.15178499 0.14663367 0.28983148 0.17040986 0.18078826 0.15364273 0.15958192 0.04767251 0.16765951 0.21558250 0.19537969 0.16660007 0.15124222 0.16439827 0.20594269 0.12025142 0.25193477 0.49827818 0.45819658 0.21785097 0.28175556 0.00000000 0.16050519 0.09028434 0.21829156 0.42205466 0.18371293 0.16462209 0.19773429 0.18396434 0.21865437 0.17215913 0.07975590 0.17454971 0.18434339 0.16073792 0.38126841 0.12995335 
0.10689353 0.15188016 0.08479250 0.23685095 0.15115510 0.14871309 0.12122463 0.17707831 0.09321357 0.13862711 0.11204581 0.09457859 0.15416501 0.01227486 0.18970578 0.15546901 0.18431638 0.15676547 0.15529631 0.20877855 0.07999345 0.32290079 0.26387818 0.22536216 0.09758274 0.15380115 0.09843441 0.17376491 0.01552436 0.23685836 0.25613030 0.16558310 0.09875673 0.18934311 0.18698691 0.13683241 0.18377657 0.15842226 0.06562946 0.23604079 0.18271919 0.15071734 0.27786610 0.20151089 0.28431654 0.23999207 0.19448624 0.14175708 0.36631455 0.49562522 0.17508846 0.16050519 0.00000000 0.33511669 0.14132868 0.34152158 0.88844414 0.18640663 0.14875323 0.14676116 0.11764089 0.15071329 0.12596761 0.07857809 0.21635236 0.20059435 0.14753442 0.16065669 
