0.00000000 0.19509484 0.17516341 0.12327002 0.10606270 0.11842006 0.10531506 0.09539373 0.17225576 0.11605988 0.13397921 0.13702107 0.09592865 0.14603522 0.11140733 0.14891845 0.13271936 0.08362662 0.13707006 0.17629577 0.08620731 0.10900274 0.15207891 0.09838730 0.17371504 0.09278987 0.12245555 0.12862627 0.10677520 0.11869374 0.13021905 0.16154836 0.12932718 0.13559591 0.14176626 0.11524149 0.11987452 0.11944709 0.11234781 0.12733502 0.12832601 0.11669202 0.13700398 0.14349133 0.13872962 0.14394736 0.11973699 0.13342296 0.10941376 0.11122932 0.11503328 0.15493630 0.18118172 0.13910209 0.11087898 0.15128815 0.11910834 0.13832079 0.14995943 0.19490560 0.14208361 0.14242370 0.12387788 0.12644477 0.17221331 0.15579091 0.14261058 0.10362542 0.08782734 0.11753294 0.13420153 0.15826925 0.07267204 0.12426709 0.19819658 0.14538668 0.14853903 0.10271804 0.11787981 0.21800954 0.10461717 
0.19509484 0.00000000 0.46907323 0.19678841 0.18890928 0.13574421 0.08791492 0.15433229 0.10768772 0.16030307 0.17349443 0.15755222 0.09049375 0.15399230 0.15305212 0.17078745 0.13580684 0.12590716 0.07652427 0.08053581 0.09084623 0.11386174 0.16613207 0.17051570 0.09697086 0.07916427 0.08630652 0.15517202 0.08635710 0.12598612 0.08132878 0.13272078 0.10460615 0.15162825 0.10150221 0.11599226 0.06074725 0.10005508 0.08633308 0.10371063 0.19419591 0.11785938 0.11469423 0.14046017 0.13877311 0.17024913 0.11790434 0.07948614 0.11763857 0.10790689 0.13940851 0.20324753 0.09829695 0.10641052 0.14468512 0.07061394 0.22118475 0.05806159 0.12413430 0.17254624 0.16215528 0.22304198 0.12716329 0.11604853 0.11717166 0.09739249 0.16662192 0.14886777 0.10103874 0.08504304 0.12330994 0.09115724 0.09848091 0.13462668 0.11827493 0.09315595 0.29068919 0.12642143 0.16446911 0.21180462 0.17313872 
0.17516341 0.46907323 0.00000000 0.20637988 0.27686131 0.24683433 0.12817644 0.10171100 0.32421257 0.04934594 0.25355789 0.23659459 0.13819164 0.15788867 0.14217646 0.13731674 0.11306880 0.08873136 0.13678231 0.12650964 0.16044192 0.05556669 0.16588918 0.17748989 0.20173418 0.18973816 0.18254451 0.11336140 0.19050559 0.11849256 0.08178869 0.06611964 0.05838308 0.14851917 0.14474252 0.07235286 0.06023274 0.09420145 0.06643518 0.08425133 0.26047374 0.12822624 0.05450731 0.04757682 0.14379288 0.07500629 0.03758480 0.07309001 0.12792662 0.15558958 0.08513374 0.06100504 0.16201532 0.13528938 0.12303582 0.09145829 0.13062746 0.15462245 0.11912185 0.09101288 0.11930309 0.10911931 0.06321528 0.06142616 0.07851880 0.12316304 0.20959053 0.09829809 0.13423180 0.17764629 0.20564468 0.09615829 0.08179581 0.19492167 0.16491393 0.14410890 0.21196122 0.15539542 0.12713271 0.12303715 0.14286221 
0.12327002 0.19678841 0.20637988 0.00000000 0.24820127 0.22517194 0.24729754 0.17248900 0.17138010 0.09631897 0.12646589 0.14850222 0.07352277 0.16568509 0.10725717 0.25502367 0.10710084 0.09908698 0.12437340 0.05873990 0.02035253 0.10618143 0.07970495 0.07131115 0.18134328 0.03325680 0.19350268 0.09464153 0.16573146 0.09826144 0.14349041 0.19358165 0.12981926 0.15793988 0.29340971 0.17235777 0.12423476 0.14917878 0.11595504 0.11002071 0.23801139 0.12315731 0.09122541 0.13669430 0.10586617 0.12127883 0.10959360 0.18306707 0.11921661 0.18459683 0.16778744 0.11868511 0.16410963 0.11457647 0.12607049 0.12953151 0.16908557 0.09993377 0.14567830 0.09834202 0.11573527 0.10793002 0.05448922 0.08143011 0.14792457 0.10313514 0.18158485 0.14361850 0.07897735 0.14893620 0.14085766 0.20167480 0.12578955 0.14138777 0.09818617 0.13921670 0.13558876 0.13873508 0.12361342 0.36172560 0.15143563 
0.10606270 0.18890928 0.27686131 0.24820127 0.00000000 0.23641264 0.08360561 0.18723738 0.29015310 0.43873690 0.17458273 0.20014232 0.19468043 0.08134894 0.14056796 0.12328678 0.08920685 0.14622543 0.13844193 0.37299928 0.00690428 0.14964175 0.04838166 0.15639110 0.06329298 0.16955384 0.13391912 0.12389512 0.11585214 0.05388775 0.11458445 0.14796486 0.08829658 0.10593295 0.10256805 0.07844994 0.13460562 0.11552789 0.11314226 0.11164664 0.04063677 0.11784770 0.08659562 0.09046391 0.18865354 0.12195292 0.08414711 0.25855890 0.11049572 0.17081407 0.14826530 0.09435162 0.07316550 0.11040955 0.13280898 0.08338615 0.10902860 0.12910143 0.18120053 0.10813930 0.11309545 0.13007685 0.20034769 0.06537861 0.14323298 0.06857233 0.08834566 0.04248021 0.12564861 0.06483537 0.09856585 0.14236658 0.09495824 0.09805172 0.18715262 0.15608887 0.14591054 0.27260763 0.28105905 0.06594420 0.17726303 
0.11842006 0.13574421 0.24683433 0.22517194 0.23641264 0.00000000 0.19576703 0.36766654 0.16864199 0.26532175 0.17317855 0.25781189 0.12130731 0.20166143 0.17480143 0.12323081 0.19487823 0.09441980 0.25897001 0.12747177 0.08536617 0.06952534 0.08029476 0.09850236 0.11290064 0.15213574 0.22444852 0.11353599 0.11019856 0.09050245 0.10093281 0.12073145 0.11119974 0.08610457 0.14855089 0.11913379 0.23543100 0.14474184 0.18854707 0.13564007 0.14389953 0.17660204 0.06677014 0.18102044 0.10805773 0.06662482 0.15621548 0.15714512 0.20471216 0.07376339 0.15309901 0.07915992 0.05672720 0.13314541 0.04779319 0.10966503 0.10744483 0.04130971 0.05418076 0.14507540 0.11145676 0.15448851 0.11732124 0.02688137 0.07753505 0.05692216 0.11338713 0.12647636 0.09366336 0.10281503 0.11642180 0.15706954 0.07791183 0.12008483 0.22028294 0.15153756 0.10891286 0.21361041 0.16096619 0.08454374 0.11183866 
0.10531506 0.08791492 0.12817644 0.24729754 0.08360561 0.19576703 0.00000000 0.22885196 0.13413448 0.19408333 0.22686858 0.09177654 0.07913958 0.12263953 0.12847114 0.23126042 0.13338053 0.10538225 0.06315167 0.10080149 0.13557523 0.46973297 0.19057501 0.21623197 0.16147451 0.04626213 0.10434670 0.06455829 0.12740245 0.14467358 0.15530525 0.12718331 0.10468901 0.17224722 0.17117537 0.09094438 0.10681788 0.11555796 0.11675117 0.08919723 0.09301195 0.13354574 0.09383116 0.17913519 0.10561770 0.14598256 0.15781104 0.14750234 0.13125397 0.18184528 0.06581632 0.08138210 0.18335875 0.18593345 0.14057855 0.14308169 0.09895862 0.12208333 0.15977586 0.19616154 0.14961948 0.10401799 0.14428856 0.13124417 0.12583370 0.08494198 0.18499901 0.13845971 0.10282134 0.15751960 0.21807795 0.17057148 0.13650395 0.04123457 0.16104407 0.12646970 0.12009607 0.13739635 0.17099127 0.11624250 0.22235167 
0.09539373 0.15433229 0.10171100 0.17248900 0.18723738 0.36766654 0.22885196 0.00000000 0.15199617 0.15370201 0.30526641 0.29808591 0.11338169 0.15720437 0.17646289 0.18299869 0.24646552 0.12663556 0.17950703 0.16126345 0.02826380 0.07576615 0.10760140 0.17741850 0.05187443 0.20550748 0.13392647 0.07677409 0.11800662 0.13892272 0.14940081 0.10487454 0.18907908 0.16539856 0.16530186 0.15906118 0.11906958 0.08033700 0.14556449 0.12029957 0.10906021 0.11379493 0.02490470 0.13226538 0.05882780 0.10195087 0.14150272 0.20803799 0.11244340 0.08488071 0.09212321 0.10862385 0.08349219 0.16658415 0.11223782 0.12211505 0.08437739 0.10841236 0.04287289 0.08721364 0.10971774 0.12261723 0.09914843 0.11764179 0.14735201 0.07871950 0.23502351 0.07597073 0.05388539 0.20213835 0.24814274 0.17200890 0.20240319 0.18558752 0.22056042 0.05985051 0.12009700 0.12031389 0.16207555 0.12896242 0.08083982 
0.17225576 0.10768772 0.32421257 0.17138010 0.29015310 0.16864199 0.13413448 0.15199617 0.00000000 0.22971793 0.17089179 0.36277148 0.32315843 0.18611081 0.22020825 0.14646574 0.06258003 0.13519380 0.22688154 0.11433103 0.06363665 0.19602923 0.05572674 0.19616377 0.12348405 0.10808777 0.17120037 0.11097482 0.12484846 0.02117086 0.08295330 0.12939897 0.08390571 0.08105890 0.09416457 0.13292115 0.19718005 0.13853428 0.20460694 0.12122906 0.19523636 0.13869220 0.08891778 0.10517435 0.11841385 0.06530952 0.07084682 0.14300809 0.16295053 0.07939827 0.10388804 0.07123466 0.11563851 0.13872285 0.06573811 0.13990584 0.06266263 0.04849661 0.05366339 0.10517500 0.12475138 0.11544087 0.09173920 0.10743021 0.12384905 0.16268562 0.15644007 0.08689140 0.09362778 0.01652475 0.16438075 0.09233346 0.11000745 0.16589794 0.16136217 0.14249448 0.00958116 0.30001889 0.12202855 0.18850566 0.16180205 
0.11605988 0.16030307 0.04934594 0.09631897 0.43873690 0.26532175 0.19408333 0.15370201 0.22971793 0.00000000 0.25911389 0.16609414 0.19137772 0.10693892 0.12898461 0.10472840 0.09862619 0.19946870 0.16869242 0.15010105 0.08555709 0.63439248 0.09561600 0.12455584 0.18580949 0.12610196 0.20932970 0.19033257 0.09795759 0.16010814 0.19085381 0.03656189 0.01755557 0.06086276 0.10411929 0.12346035 0.15341963 0.11782847 0.12807429 0.13410720 0.05240881 0.13926654 0.07895690 0.05498688 0.09277306 0.09373348 0.16146530 0.14570314 0.17501797 0.11373941 0.08641722 0.07402019 0.03992032 0.11445299 0.13550742 0.15368636 0.06697219 0.09312717 0.06990313 0.17258924 0.14947457 0.12297620 0.15520457 0.04677609 0.06703811 0.11242554 0.17429437 0.05038949 0.08727495 0.06394461 0.12174170 0.05345225 0.11031510 0.10773323 0.09539015 0.04677201 0.21139860 0.16232992 0.17734821 0.15832619 0.27707960 
0.13397921 0.17349443 0.25355789 0.12646589 0.17458273 0.17317855 0.22686858 0.30526641 0.17089179 0.25911389 0.00000000 0.17809734 0.16806379 0.21704300 0.29379341 0.17251124 0.20570541 0.21682944 0.16773484 0.15500948 0.07193656 0.09773851 0.08091132 0.16990828 0.28834253 0.14152681 0.15933555 0.18730692 0.15843492 0.04074653 0.13277108 0.10122678 0.05431004 0.12735005 0.16543217 0.14204429 0.17916961 0.14412847 0.15735749 0.11695662 0.09040583 0.04940170 0.12800677 0.06442583 0.22274630 0.04442416 0.04066035 0.04421138 0.16000277 0.04389902 0.13363382 0.14458321 0.14698670 0.21269912 0.08724686 0.15567794 0.06619985 0.07234421 0.06909608 0.13406187 0.17307614 0.14976845 0.05916688 0.08688640 0.09799097 0.15187734 0.15707129 0.04020168 0.04240028 0.08254183 0.13679122 0.19160202 0.09452359 0.12415786 0.11822448 0.07410609 0.12535777 0.10250841 0.16052488 0.15225938 0.25202984 
0.13702107 0.15755222 0.23659459 0.14850222 0.20014232 0.25781189 0.09177654 0.29808591 0.36277148 0.16609414 0.17809734 0.00000000 0.20096536 0.16892831 0.18786274 0.20153408 0.30078834 0.21688076 0.05932764 0.15120639 0.06203734 0.09333845 0.09099546 0.14043417 0.17828522 0.14269629 0.17498873 0.08542104 0.14866036 0.15163306 0.12483043 0.16303485 0.05222332 0.13850799 0.16157181 0.16242880 0.19681717 0.17456161 0.17008668 0.11752613 0.12065046 0.02871799 0.19804512 0.15328841 0.08471141 0.09435845 0.04211490 0.05111766 0.12266327 0.11630494 0.08254614 0.10088483 0.05617146 0.21301549 0.05692770 0.10399757 0.10169440 0.15248180 0.14631899 0.10805893 0.16003065 0.13125074 0.05803760 0.12830802 0.05966418 0.04118526 0.15069268 0.10144129 0.12038324 0.07960392 0.20888123 0.08153549 0.14124536 0.08577459 0.11465376 0.10682697 0.18782487 0.15103988 0.15663700 0.16542816 0.18027021 
0.09592865 0.09049375 0.13819164 0.07352277 0.19468043 0.12130731 0.07913958 0.11338169 0.32315843 0.19137772 0.16806379 0.20096536 0.00000000 0.17472924 0.15456489 0.18247321 0.16092935 0.71806634 0.31263157 0.63111299 0.11802507 0.08217023 0.12018584 0.04771570 0.10845586 0.25369915 0.15242325 0.18195148 0.27769330 0.07627212 0.22412625 0.12972602 0.03717937 0.12076358 0.16162208 0.12694696 0.09845596 0.08956465 0.09018387 0.07172151 0.09097122 0.13556378 0.01285534 0.15854346 0.13638157 0.11128548 0.08883740 0.22273101 0.08278780 0.05505423 0.08796892 0.06557371 0.08826840 0.08320269 0.07694945 0.12575674 0.07294867 0.09349094 0.03665057 0.06777524 0.20522623 0.13683137 0.04668698 0.10743728 0.05151711 0.08149605 0.12573365 0.06455843 0.09970276 0.04751173 0.12758378 0.14719199 0.08115115 0.10280959 0.12190668 0.09446410 0.07154083 0.13801032 0.20123779 0.07874659 0.14556709 
0.14603522 0.15399230 0.15788867 0.16568509 0.08134894 0.20166143 0.12263953 0.15720437 0.18611081 0.10693892 0.21704300 0.16892831 0.17472924 0.00000000 0.40705127 0.16167876 0.29445485 0.14507690 0.14859157 0.09632470 0.16734469 0.07331743 0.31104930 0.12898009 0.12459262 0.11648247 0.10090273 0.09863045 0.20223689 0.13024113 0.20026232 0.25188724 0.11822277 0.10783625 0.10772201 0.13869632 0.10497038 0.10035256 0.12275063 0.09775017 0.09946988 0.13487280 0.09720005 0.15621634 0.18366108 0.16941220 0.06777983 0.14020595 0.15269832 0.17128679 0.18643265 0.05307911 0.11562968 0.22329006 0.07735708 0.11861487 0.12126352 0.14510776 0.14668327 0.09661564 0.12290765 0.11689426 0.09647825 0.10425237 0.10360645 0.08331997 0.16086850 0.05097676 0.04596631 0.07662683 0.11924375 0.10295228 0.11250648 0.05322561 0.20302599 0.25579632 0.08997879 0.19364622 0.08576075 0.07845554 0.15447552 
0.11140733 0.15305212 0.14217646 0.10725717 0.14056796 0.17480143 0.12847114 0.17646289 0.22020825 0.12898461 0.29379341 0.18786274 0.15456489 0.40705127 0.00000000 0.19062671 0.39172177 0.27014952 0.22681269 0.05047427 0.04199072 0.16870144 0.13862984 0.17419655 0.22389689 0.15565374 0.16012622 0.09414545 0.14902788 0.10301904 0.10996521 0.21560832 0.08616517 0.23929437 0.16373411 0.22612395 0.13946212 0.14483298 0.16989002 0.17005167 0.13146073 0.13404057 0.15070979 0.07819770 0.15652888 0.08781111 0.16650286 0.09888896 0.14580695 0.05751582 0.20280150 0.06042856 0.09757180 0.14914241 0.06025463 0.07286782 0.08554173 0.03068657 0.08917870 0.10329140 0.13361510 0.09247328 0.04048281 0.06579655 0.11168569 0.03083404 0.13159943 0.08569447 0.13141578 0.04554532 0.20874631 0.15303489 0.12213079 0.16944046 0.04386710 0.04375969 0.09900058 0.12297138 0.12987737 0.11821348 0.14746393 
0.14891845 0.17078745 0.13731674 0.25502367 0.12328678 0.12323081 0.23126042 0.18299869 0.14646574 0.10472840 0.17251124 0.20153408 0.18247321 0.16167876 0.19062671 0.00000000 0.30138519 0.14019259 0.15019846 0.13669184 0.13332504 0.09065286 0.13492436 0.15038329 0.07779012 0.21296401 0.11902914 0.12687768 0.12657431 0.08042877 0.22635460 0.12719810 0.08271009 0.10124848 0.19740341 0.18273480 0.15320867 0.12635603 0.13552314 0.12629624 0.16657834 0.11354970 0.13427452 0.07489932 0.26687428 0.16510194 0.07749588 0.15713985 0.14210793 0.10753369 0.13045324 0.13483113 0.18640159 0.16884941 0.10502822 0.05031771 0.17994071 0.23090167 0.13625444 0.16184357 0.12535826 0.13449251 0.07116326 0.06758217 0.06416258 0.10750886 0.11035645 0.10853269 0.05892791 0.11348269 0.13677208 0.09454543 0.11344389 0.16161353 0.17469616 0.06674049 0.09478357 0.06110063 0.13302697 0.19041839 0.22766408 
0.13271936 0.13580684 0.11306880 0.10710084 0.08920685 0.19487823 0.13338053 0.24646552 0.06258003 0.09862619 0.20570541 0.30078834 0.16092935 0.29445485 0.39172177 0.30138519 0.00000000 0.23182309 0.12397831 0.11505327 0.07197744 0.15049780 0.07717570 0.15469389 0.08381823 0.12696100 0.11361551 0.06194962 0.21958248 0.15521448 0.15398419 0.17788720 0.11654914 0.21336655 0.24348788 0.18289425 0.13267402 0.07731963 0.11121208 0.09767039 0.13731098 0.13270323 0.09075093 0.11194811 0.08888043 0.05594571 0.10172139 0.15449453 0.15436641 0.18086127 0.15906003 0.16649940 0.15078982 0.14356515 0.16109212 0.06238194 0.09654306 0.06359506 0.08740614 0.14288352 0.13189880 0.16470141 0.11217321 0.09929205 0.10245673 0.04462933 0.06814260 0.13906636 0.04868400 0.11457302 0.13376908 0.11415454 0.16160602 0.23073630 0.22266413 0.03147775 0.07688149 0.09863435 0.15550872 0.08853655 0.18723218 
0.08362662 0.12590716 0.08873136 0.09908698 0.14622543 0.09441980 0.10538225 0.12663556 0.13519380 0.19946870 0.21682944 0.21688076 0.71806634 0.14507690 0.27014952 0.14019259 0.23182309 0.00000000 0.32815654 0.30412033 0.10203789 0.11267400 0.14227788 0.07455188 0.17867960 0.17534200 0.11979934 0.14211332 0.29517952 0.05948841 0.32192381 0.09794102 0.11092723 0.11256668 0.06022464 0.04559931 0.20313271 0.11723516 0.19591918 0.11507149 0.09468478 0.18385529 0.11855141 0.03902086 0.28791109 0.07428925 0.05232044 0.16264165 0.14305876 0.16053886 0.08355188 0.20459155 0.04090326 0.10514049 0.09262319 0.19750591 0.05238711 0.07051824 0.14838378 0.06863695 0.16047087 0.11389934 0.10204215 0.16679319 0.10171978 0.11482490 0.11110769 0.04519880 0.06866997 0.04720337 0.10210818 0.12444320 0.14204568 0.12299935 0.08899865 0.06284003 0.07344676 0.09303495 0.13546952 0.04722217 0.06402647 
0.13707006 0.07652427 0.13678231 0.12437340 0.13844193 0.25897001 0.06315167 0.17950703 0.22688154 0.16869242 0.16773484 0.05932764 0.31263157 0.14859157 0.22681269 0.15019846 0.12397831 0.32815654 0.00000000 0.21308502 0.13277968 0.14434739 0.10320080 0.18215519 0.15839553 0.21573507 0.14225492 0.12917780 0.12826491 0.25204215 0.20336400 0.08642437 0.05620229 0.46247312 0.08932726 0.06259155 0.10423012 0.12989696 0.09052218 0.06776713 0.12338181 0.15664203 0.05470413 0.37059158 0.13977898 0.11040225 0.19952987 0.34411660 0.09972120 0.09838999 0.11303091 0.08218140 0.03406300 0.05114887 0.17573072 0.13831983 0.17494327 0.13513364 0.07039068 0.09723041 0.12769374 0.13321510 0.10526426 0.08984736 0.05021215 0.11683751 0.11855475 0.12783922 0.08564196 0.07138912 0.18602501 0.05081725 0.01072815 0.10918613 0.06433364 0.18482589 0.09103503 0.12167635 0.22475762 0.09607360 0.07134918 
0.17629577 0.08053581 0.12650964 0.05873990 0.37299928 0.12747177 0.10080149 0.16126345 0.11433103 0.15010105 0.15500948 0.15120639 0.63111299 0.09632470 0.05047427 0.13669184 0.11505327 0.30412033 0.21308502 0.00000000 0.15938666 0.13330024 0.16378981 0.13828797 0.21469044 0.21333664 0.09883679 0.26059135 0.18612472 0.05257587 0.20735489 0.05203911 0.17663365 0.11023771 0.08466125 0.15017548 0.11661599 0.12056776 0.09421906 0.10998035 0.08564979 0.06916306 0.04008315 0.15339401 0.10284408 0.22221672 0.12106372 0.21851413 0.09487015 0.18627843 0.09043544 0.01565234 0.15852973 0.04987605 0.03050402 0.19412027 0.05370746 0.12861576 0.07835337 0.10825658 0.13326390 0.17078906 0.11935357 0.07941891 0.06200887 0.04946566 0.11887995 0.09490281 0.05593103 0.04800673 0.10063296 0.13146171 0.09840763 0.13130071 0.05162210 0.18750548 0.12272785 0.30795385 0.18789250 0.09787223 0.10957390 
0.08620731 0.09084623 0.16044192 0.02035253 0.00690428 0.08536617 0.13557523 0.02826380 0.06363665 0.08555709 0.07193656 0.06203734 0.11802507 0.16734469 0.04199072 0.13332504 0.07197744 0.10203789 0.13277968 0.15938666 0.00000000 0.14935315 0.21133638 0.21348618 0.13902770 0.08452191 0.10983953 0.14649622 0.04649420 0.56798025 0.12355172 0.10854086 0.15946151 0.13020530 0.15578278 0.10405037 0.11560373 0.14626918 0.14060312 0.20852036 0.11581139 0.04800704 0.19488306 0.21271277 0.14229525 0.22404422 0.29454669 0.11386631 0.12924517 0.09951935 0.11806352 0.34240415 0.15701173 0.13976475 0.17397657 0.15678687 0.24142662 0.18607164 0.13109261 0.13626718 0.14601473 0.14448626 0.15483087 0.16256900 0.07443684 0.03290377 0.16819700 0.06889118 0.13850727 0.19152801 0.12421667 0.27687212 0.21436905 0.12370287 0.10854129 0.07580095 0.19410693 0.04211230 0.11241090 0.17508573 0.03376747 
0.10900274 0.11386174 0.05556669 0.10618143 0.14964175 0.06952534 0.46973297 0.07576615 0.19602923 0.63439248 0.09773851 0.09333845 0.08217023 0.07331743 0.16870144 0.09065286 0.15049780 0.11267400 0.14434739 0.13330024 0.14935315 0.00000000 0.18301707 0.13852938 0.32044346 0.16277010 0.18745146 0.02730480 0.11691756 0.06591984 0.04028578 0.07763009 0.11567171 0.06424642 0.11765652 0.07343081 0.08666672 0.11284873 0.10106953 0.12389205 0.16186361 0.09464058 0.02774536 0.24544515 0.13285717 0.10414593 0.18542142 0.24635207 0.23508945 0.15356063 0.17319822 0.27172209 0.21621635 0.10847372 0.05558564 0.28076148 0.15356943 0.03602818 0.14701005 0.13199048 0.11660676 0.14062298 0.19882631 0.13961330 0.11073514 0.11951801 0.10863252 0.00000000 0.10295067 0.14406473 0.05119625 0.10512938 0.13381774 0.03709916 0.11939844 0.10953330 0.09455843 0.22830860 0.11223334 0.12632749 0.12365628 
0.15207891 0.16613207 0.16588918 0.07970495 0.04838166 0.08029476 0.19057501 0.10760140 0.05572674 0.09561600 0.08091132 0.09099546 0.12018584 0.31104930 0.13862984 0.13492436 0.07717570 0.14227788 0.10320080 0.16378981 0.21133638 0.18301707 0.00000000 0.21734794 0.10962193 0.14565280 0.10553920 0.21927888 0.09934982 0.12829753 0.12595316 0.14308162 0.03672409 0.08020692 0.06742526 0.22066406 0.07581783 0.10860101 0.10911510 0.11841249 0.05410308 0.10053054 0.06177462 0.29077942 0.19079937 0.12600367 0.10200513 0.01725313 0.06106483 0.06323908 0.12350650 0.33045307 0.17898319 0.17826702 0.13038486 0.41665982 0.13983190 0.12731736 0.14542906 0.21282856 0.08688986 0.17706210 0.13307474 0.19182149 0.11083902 0.12435881 0.14402524 0.17946970 0.09853991 0.20999316 0.12881716 0.12240720 0.06896548 0.15960235 0.10956852 0.10819050 0.17701271 0.14495854 0.09345371 0.20769052 0.16435967 
0.09838730 0.17051570 0.17748989 0.07131115 0.15639110 0.09850236 0.21623197 0.17741850 0.19616377 0.12455584 0.16990828 0.14043417 0.04771570 0.12898009 0.17419655 0.15038329 0.15469389 0.07455188 0.18215519 0.13828797 0.21348618 0.13852938 0.21734794 0.00000000 0.26422603 0.04886605 0.11265557 0.11016053 0.08712059 0.06778953 0.08982695 0.20745013 0.07770619 0.10094649 0.15289129 0.11894241 0.09407423 0.12144123 0.07008915 0.11215288 0.14054265 0.05013906 0.23902193 0.20641767 0.13182009 0.15878233 0.13817095 0.13306059 0.10755724 0.17564860 0.12176736 0.09455227 0.24861682 0.15636651 0.20804226 0.12170287 0.52204660 0.07241442 0.09266723 0.11265439 0.11397128 0.12328009 0.13922764 0.15259900 0.09478238 0.06427501 0.13369262 0.20169891 0.14654412 0.36824768 0.09955780 0.06259713 0.09431460 0.29614409 0.08516332 0.07955309 0.10764805 0.07316749 0.11579721 0.13635968 0.04835644 
0.17371504 0.09697086 0.20173418 0.18134328 0.06329298 0.11290064 0.16147451 0.05187443 0.12348405 0.18580949 0.28834253 0.17828522 0.10845586 0.12459262 0.22389689 0.07779012 0.08381823 0.17867960 0.15839553 0.21469044 0.13902770 0.32044346 0.10962193 0.26422603 0.00000000 0.10698344 0.04380069 0.07738840 0.09843683 0.16812268 0.07809122 0.02158563 0.11260093 0.18355572 0.08167732 0.24249241 0.09583574 0.08872191 0.09461695 0.06965094 0.15485850 0.12718109 0.07510743 0.18116778 0.17679058 0.12605091 0.21102646 0.13247313 0.19200786 0.21161767 0.23418195 0.12250806 0.10379260 0.09873591 0.15591566 0.06102908 0.13146001 0.10139144 0.27784229 0.17500030 0.11527550 0.15803967 0.12920044 0.05446766 0.09407963 0.13793634 0.12309008 0.03196547 0.11317980 0.15085273 0.06849556 0.18664356 0.15538815 0.18631878 0.12489402 0.13464054 0.09587674 0.09737166 0.06416712 0.15930105 0.19475045 
0.09278987 0.07916427 0.18973816 0.03325680 0.16955384 0.15213574 0.04626213 0.20550748 0.10808777 0.12610196 0.14152681 0.14269629 0.25369915 0.11648247 0.15565374 0.21296401 0.12696100 0.17534200 0.21573507 0.21333664 0.08452191 0.16277010 0.14565280 0.04886605 0.10698344 0.00000000 0.22844181 0.27930592 0.13242952 0.24226848 0.07260347 0.23416143 0.12259664 0.16433537 0.09409547 0.09602859 0.09604639 0.07763601 0.08891741 0.07555353 0.09301059 0.09260936 0.07920905 0.09143341 0.06089613 0.01841998 0.06336182 0.11461402 0.11329331 0.18961663 0.15025492 0.05182895 0.16756366 0.13207023 0.08473988 0.09370624 0.14394492 0.14605091 0.06887399 0.07699885 0.11414729 0.10445560 0.13042964 0.12335840 0.12812697 0.13855941 0.09256372 0.15962439 0.09811115 0.11661373 0.11930206 0.14394052 0.08407993 0.23228774 0.25837629 0.09532143 0.73298197 0.08644317 0.19930918 0.36202139 0.13509727 
0.12245555 0.08630652 0.18254451 0.19350268 0.13391912 0.22444852 0.10434670 0.13392647 0.17120037 0.20932970 0.15933555 0.17498873 0.15242325 0.10090273 0.16012622 0.11902914 0.11361551 0.11979934 0.14225492 0.09883679 0.10983953 0.18745146 0.10553920 0.11265557 0.04380069 0.22844181 0.00000000 0.19528488 0.15757537 0.11481716 0.22048156 0.10761643 0.19930019 0.19025795 0.13910736 0.14085280 0.13068102 0.11028745 0.10287551 0.10113909 0.10606958 0.16156524 0.16650647 0.08916997 0.13048535 0.07746428 0.10061473 0.11401404 0.15524621 0.11018153 0.15075877 0.09428091 0.19098151 0.16510396 0.07629486 0.12065525 0.11196764 0.08733242 0.10539151 0.17837793 0.12832281 0.12084276 0.11823582 0.12172901 0.08826158 0.07232728 0.10820476 0.18388667 0.08769376 0.06895821 0.18856882 0.18252783 0.05012532 0.12000230 0.15840696 0.07562579 0.13566410 0.16597238 0.15629253 0.09068627 0.13544496 
0.12862627 0.15517202 0.11336140 0.09464153 0.12389512 0.11353599 0.06455829 0.07677409 0.11097482 0.19033257 0.18730692 0.08542104 0.18195148 0.09863045 0.09414545 0.12687768 0.06194962 0.14211332 0.12917780 0.26059135 0.14649622 0.02730480 0.21927888 0.11016053 0.07738840 0.27930592 0.19528488 0.00000000 0.19460592 0.24207427 0.16963492 0.09908940 0.15515356 0.03936767 0.11768934 0.07112453 0.13381875 0.14383524 0.09965411 0.12149164 0.11608633 0.18830716 0.12395187 0.05530754 0.16085693 0.10022776 0.16294761 0.13599464 0.12705879 0.05018468 0.13801836 0.06233762 0.13163646 0.18565211 0.23177125 0.09306065 0.10591680 0.11432298 0.10713467 0.08130592 0.15221752 0.16765683 0.17307337 0.14603741 0.11254858 0.13156793 0.13988971 0.08308878 0.19431187 0.14002836 0.14658865 0.10291064 0.22526421 0.14842556 0.12431136 0.13150612 0.20034281 0.09895115 0.23289679 0.16791008 0.07276671 
0.10677520 0.08635710 0.19050559 0.16573146 0.11585214 0.11019856 0.12740245 0.11800662 0.12484846 0.09795759 0.15843492 0.14866036 0.27769330 0.20223689 0.14902788 0.12657431 0.21958248 0.29517952 0.12826491 0.18612472 0.04649420 0.11691756 0.09934982 0.08712059 0.09843683 0.13242952 0.15757537 0.19460592 0.00000000 0.04393973 0.40230228 0.18896066 0.21447967 0.16756474 0.12305037 0.13678701 0.10770268 0.09805418 0.09926053 0.08122019 0.11189366 0.18219367 0.06691481 0.11371161 0.17304714 0.13283076 0.08910924 0.15455373 0.14172224 0.13067662 0.07663408 0.08717639 0.17063659 0.08942205 0.05834750 0.20126836 0.13283212 0.13184149 0.07400777 0.09436785 0.09828851 0.10171810 0.06846202 0.08941883 0.14064465 0.15958646 0.11892048 0.10161539 0.15364473 0.12574009 0.07773269 0.12153694 0.15211350 0.12230310 0.09089888 0.22066124 0.11315248 0.06608958 0.07855562 0.11594106 0.29165211 
0.11869374 0.12598612 0.11849256 0.09826144 0.05388775 0.09050245 0.14467358 0.13892272 0.02117086 0.16010814 0.04074653 0.15163306 0.07627212 0.13024113 0.10301904 0.08042877 0.15521448 0.05948841 0.25204215 0.05257587 0.56798025 0.06591984 0.12829753 0.06778953 0.16812268 0.24226848 0.11481716 0.24207427 0.04393973 0.00000000 0.06691545 0.17574299 0.10604658 0.18734793 0.01509185 0.17141690 0.07773948 0.11279845 0.13605676 0.15295863 0.20052360 0.18340708 0.24184904 0.23000285 0.20418626 0.18573425 0.12462837 0.04987591 0.11969477 0.25718036 0.13178290 0.17206162 0.11909918 0.16226957 0.13366660 0.19224127 0.16788536 0.06266277 0.13354156 0.10625318 0.11441777 0.11173095 0.20129665 0.18362840 0.13647760 0.10479465 0.16174437 0.16908460 0.11065319 0.12069305 0.17909181 0.16595685 0.23468224 0.03894183 0.11442570 0.14636066 0.16414416 0.11070439 0.06429056 0.07574748 0.04746767 
0.13021905 0.08132878 0.08178869 0.14349041 0.11458445 0.10093281 0.15530525 0.14940081 0.08295330 0.19085381 0.13277108 0.12483043 0.22412625 0.20026232 0.10996521 0.22635460 0.15398419 0.32192381 0.20336400 0.20735489 0.12355172 0.04028578 0.12595316 0.08982695 0.07809122 0.07260347 0.22048156 0.16963492 0.40230228 0.06691545 0.00000000 0.17047529 0.10977750 0.13475850 0.08760090 0.13969483 0.25222475 0.14936114 0.17351283 0.14545313 0.06197252 0.13190539 0.12105757 0.17903643 0.23754534 0.08811448 0.10197095 0.14865100 0.11981685 0.14711259 0.14895835 0.13412264 0.09561060 0.07745511 0.13470185 0.14657202 0.11043838 0.06757290 0.09398440 0.08995538 0.16893486 0.06512750 0.05124612 0.16878260 0.09204154 0.10455061 0.13107639 0.10948328 0.06893421 0.11269199 0.07782002 0.11770276 0.16195615 0.14698413 0.12540818 0.12492478 0.10488095 0.14998834 0.17018526 0.13171796 0.14522954 
0.16154836 0.13272078 0.06611964 0.19358165 0.14796486 0.12073145 0.12718331 0.10487454 0.12939897 0.03656189 0.10122678 0.16303485 0.12972602 0.25188724 0.21560832 0.12719810 0.17788720 0.09794102 0.08642437 0.05203911 0.10854086 0.07763009 0.14308162 0.20745013 0.02158563 0.23416143 0.10761643 0.09908940 0.18896066 0.17574299 0.17047529 0.00000000 0.23224538 0.16941898 0.33683254 0.17803817 0.10390855 0.12672836 0.19009631 0.07855170 0.14394797 0.15154894 0.15795896 0.05483031 0.17041819 0.17415494 0.21654542 0.11607995 0.16276092 0.02947383 0.12036492 0.09382332 0.14491201 0.17009873 0.14738191 0.10350966 0.13196368 0.10517435 0.13811373 0.25873034 0.10804833 0.12599680 0.08777289 0.12618976 0.07894479 0.14533785 0.15409211 0.16416164 0.08808753 0.09402267 0.16292778 0.18070067 0.09049318 0.22459888 0.09976664 0.18784516 0.13301225 0.19264576 0.14062258 0.21931855 0.05407223 
0.12932718 0.10460615 0.05838308 0.12981926 0.08829658 0.11119974 0.10468901 0.18907908 0.08390571 0.01755557 0.05431004 0.05222332 0.03717937 0.11822277 0.08616517 0.08271009 0.11654914 0.11092723 0.05620229 0.17663365 0.15946151 0.11567171 0.03672409 0.07770619 0.11260093 0.12259664 0.19930019 0.15515356 0.21447967 0.10604658 0.10977750 0.23224538 0.00000000 0.10184996 0.14998938 0.20956235 0.11204443 0.18832938 0.11746645 0.24432830 0.09576641 0.17468440 0.17835078 0.02939452 0.11618696 0.22710024 0.23569562 0.09097315 0.11660114 0.17188667 0.10531656 0.18754127 0.11455089 0.23182141 0.16674799 0.10342195 0.03484697 0.24826698 0.13313235 0.07865349 0.14272957 0.09140169 0.24131299 0.31689308 0.14883345 0.17111635 0.07438064 0.11737937 0.16387757 0.21573716 0.12676945 0.35200629 0.10789343 0.08394668 0.16926658 0.26590863 0.07141554 0.10484766 0.09249711 0.13143702 0.11313201 
0.13559591 0.15162825 0.14851917 0.15793988 0.10593295 0.08610457 0.17224722 0.16539856 0.08105890 0.06086276 0.12735005 0.13850799 0.12076358 0.10783625 0.23929437 0.10124848 0.21336655 0.11256668 0.46247312 0.11023771 0.13020530 0.06424642 0.08020692 0.10094649 0.18355572 0.16433537 0.19025795 0.03936767 0.16756474 0.18734793 0.13475850 0.16941898 0.10184996 0.00000000 0.17925916 0.08294421 0.19762805 0.15662442 0.17440843 0.21560687 0.10956289 0.09544834 0.16658472 0.29841169 0.22750997 0.19427920 0.13288217 0.17785753 0.16206266 0.09797073 0.20053222 0.06169768 0.09872590 0.07745307 0.17600430 0.00866346 0.10745293 0.22855984 0.07720572 0.13036516 0.09788357 0.05943704 0.13157980 0.13371650 0.09957251 0.10122860 0.13269648 0.16789706 0.09113742 0.18563632 0.15472453 0.14330778 0.09665875 0.09934115 0.11249258 0.14799872 0.17742178 0.11412826 0.10332363 0.02202212 0.13115709 
0.14176626 0.10150221 0.14474252 0.29340971 0.10256805 0.14855089 0.17117537 0.16530186 0.09416457 0.10411929 0.16543217 0.16157181 0.16162208 0.10772201 0.16373411 0.19740341 0.24348788 0.06022464 0.08932726 0.08466125 0.15578278 0.11765652 0.06742526 0.15289129 0.08167732 0.09409547 0.13910736 0.11768934 0.12305037 0.01509185 0.08760090 0.33683254 0.14998938 0.17925916 0.00000000 0.25078253 0.13985105 0.11845552 0.12957783 0.15421166 0.30780664 0.16249128 0.13802206 0.16642782 0.18554534 0.09358765 0.08193131 0.08984761 0.15250652 0.08179598 0.19694799 0.13949018 0.20869578 0.15464473 0.06802049 0.11955336 0.14405152 0.13134502 0.12369135 0.16361629 0.13538237 0.12820716 0.08235588 0.17586872 0.06098308 0.13369566 0.13442446 0.12537596 0.12355998 0.13829651 0.09236770 0.17089855 0.12826406 0.25896064 0.13916867 0.16416558 0.12533139 0.11560719 0.08901336 0.14448326 0.17766084 
0.11524149 0.11599226 0.07235286 0.17235777 0.07844994 0.11913379 0.09094438 0.15906118 0.13292115 0.12346035 0.14204429 0.16242880 0.12694696 0.13869632 0.22612395 0.18273480 0.18289425 0.04559931 0.06259155 0.15017548 0.10405037 0.07343081 0.22066406 0.11894241 0.24249241 0.09602859 0.14085280 0.07112453 0.13678701 0.17141690 0.13969483 0.17803817 0.20956235 0.08294421 0.25078253 0.00000000 0.09933608 0.13161044 0.10648032 0.15308138 0.39464203 0.27097449 0.15948137 0.11689725 0.04239595 0.14137700 0.14993833 0.11361465 0.16234745 0.21688622 0.11436076 0.09160349 0.11312507 0.14761713 0.18107119 0.23434494 0.13727285 0.18167703 0.16887016 0.08420675 0.11637501 0.12312200 0.12967550 0.16773272 0.13570920 0.11632509 0.12352385 0.25482336 0.11201372 0.19036047 0.07247519 0.16606999 0.05724073 0.16706589 0.18568602 0.06055756 0.09072809 0.12644184 0.10467720 0.10300936 0.06063283 
0.11987452 0.06074725 0.06023274 0.12423476 0.13460562 0.23543100 0.10681788 0.11906958 0.19718005 0.15341963 0.17916961 0.19681717 0.09845596 0.10497038 0.13946212 0.15320867 0.13267402 0.20313271 0.10423012 0.11661599 0.11560373 0.08666672 0.07581783 0.09407423 0.09583574 0.09604639 0.13068102 0.13381875 0.10770268 0.07773948 0.25222475 0.10390855 0.11204443 0.19762805 0.13985105 0.09933608 0.00000000 0.29815910 0.36505966 0.26647135 0.11707338 0.11995524 0.14277203 0.14510084 0.12162279 0.06511648 0.09330729 0.09798345 0.22653070 0.11733391 0.10842067 0.13703436 0.13797649 0.11819511 0.09416018 0.15754877 0.09407028 0.10809545 0.15462876 0.08301374 0.11932755 0.09133268 0.08067675 0.14014430 0.19401465 0.16625484 0.07524291 0.08769181 0.17379998 0.08542116 0.10949070 0.08064167 0.10812984 0.13896752 0.12174767 0.12822442 0.08007090 0.22927550 0.12168570 0.11067181 0.10030132 
0.11944709 0.10005508 0.09420145 0.14917878 0.11552789 0.14474184 0.11555796 0.08033700 0.13853428 0.11782847 0.14412847 0.17456161 0.08956465 0.10035256 0.14483298 0.12635603 0.07731963 0.11723516 0.12989696 0.12056776 0.14626918 0.11284873 0.10860101 0.12144123 0.08872191 0.07763601 0.11028745 0.14383524 0.09805418 0.11279845 0.14936114 0.12672836 0.18832938 0.15662442 0.11845552 0.13161044 0.29815910 0.00000000 0.25328000 0.27456469 0.13334439 0.08525442 0.12485534 0.10285740 0.16040016 0.08022494 0.09682885 0.10376661 0.12180177 0.13106608 0.10348061 0.20357612 0.24145361 0.11396101 0.12439784 0.15685624 0.09745012 0.10236365 0.13852817 0.07747610 0.14722518 0.10890110 0.11740548 0.15071621 0.18804056 0.23632503 0.09473964 0.12316693 0.26396132 0.13201686 0.16058197 0.11349219 0.09117718 0.09446513 0.14104815 0.08786026 0.09707262 0.16422896 0.11530939 0.11181053 0.11891814 
0.11234781 0.08633308 0.06643518 0.11595504 0.11314226 0.18854707 0.11675117 0.14556449 0.20460694 0.12807429 0.15735749 0.17008668 0.09018387 0.12275063 0.16989002 0.13552314 0.11121208 0.19591918 0.09052218 0.09421906 0.14060312 0.10106953 0.10911510 0.07008915 0.09461695 0.08891741 0.10287551 0.09965411 0.09926053 0.13605676 0.17351283 0.19009631 0.11746645 0.17440843 0.12957783 0.10648032 0.36505966 0.25328000 0.00000000 0.34620020 0.15666117 0.15138087 0.11642072 0.08142874 0.11878473 0.12017560 0.15023605 0.13523758 0.22467537 0.11826028 0.10814720 0.14570286 0.16302485 0.10588329 0.07257354 0.19793749 0.10146085 0.16137323 0.15105928 0.14186643 0.16783346 0.10865037 0.14705246 0.12567136 0.16575933 0.09474400 0.09101507 0.11774249 0.11207617 0.10263550 0.07275451 0.11389122 0.12979327 0.11534509 0.06949556 0.14042819 0.09397459 0.12881668 0.10585055 0.09970482 0.09553265 
0.12733502 0.10371063 0.08425133 0.11002071 0.11164664 0.13564007 0.08919723 0.12029957 0.12122906 0.13410720 0.11695662 0.11752613 0.07172151 0.09775017 0.17005167 0.12629624 0.09767039 0.11507149 0.06776713 0.10998035 0.20852036 0.12389205 0.11841249 0.11215288 0.06965094 0.07555353 0.10113909 0.12149164 0.08122019 0.15295863 0.14545313 0.07855170 0.24432830 0.21560687 0.15421166 0.15308138 0.26647135 0.27456469 0.34620020 0.00000000 0.15655582 0.09800066 0.10092909 0.12011668 0.13751178 0.14702709 0.10833631 0.19747035 0.10603370 0.11662239 0.15891554 0.10789440 0.12943748 0.11485035 0.10986861 0.22179456 0.08719732 0.14975350 0.15831549 0.15711784 0.19272356 0.14388410 0.18117554 0.15501253 0.14667427 0.15067136 0.06938575 0.09850251 0.12580562 0.12517744 0.13827462 0.10065078 0.09363400 0.10980658 0.12802929 0.12397299 0.09828312 0.16204826 0.10442444 0.08165517 0.12298893 
0.12832601 0.19419591 0.26047374 0.23801139 0.04063677 0.14389953 0.09301195 0.10906021 0.19523636 0.05240881 0.09040583 0.12065046 0.09097122 0.09946988 0.13146073 0.16657834 0.13731098 0.09468478 0.12338181 0.08564979 0.11581139 0.16186361 0.05410308 0.14054265 0.15485850 0.09301059 0.10606958 0.11608633 0.11189366 0.20052360 0.06197252 0.14394797 0.09576641 0.10956289 0.30780664 0.39464203 0.11707338 0.13334439 0.15666117 0.15655582 0.00000000 0.28452438 0.25028050 0.21205170 0.15045394 0.22148111 0.12015334 0.23020944 0.09318732 0.13456529 0.06701959 0.08397385 0.17120852 0.19357583 0.06091421 0.16576938 0.11612704 0.15358690 0.13932369 0.11239105 0.11110981 0.12069903 0.12609830 0.13061847 0.13648639 0.11945481 0.15747073 0.20968590 0.14230117 0.18731385 0.10080754 0.07901470 0.13366471 0.12771437 0.15362073 0.11434561 0.10857530 0.09240169 0.12501067 0.15277492 0.17902685 
0.11669202 0.11785938 0.12822624 0.12315731 0.11784770 0.17660204 0.13354574 0.11379493 0.13869220 0.13926654 0.04940170 0.02871799 0.13556378 0.13487280 0.13404057 0.11354970 0.13270323 0.18385529 0.15664203 0.06916306 0.04800704 0.09464058 0.10053054 0.05013906 0.12718109 0.09260936 0.16156524 0.18830716 0.18219367 0.18340708 0.13190539 0.15154894 0.17468440 0.09544834 0.16249128 0.27097449 0.11995524 0.08525442 0.15138087 0.09800066 0.28452438 0.00000000 0.18995096 0.05793585 0.26322401 0.22039418 0.21243544 0.10713357 0.13929106 0.12994150 0.14836933 0.10012226 0.10869015 0.19460004 0.10696216 0.14247257 0.12106501 0.23904132 0.13836782 0.17717041 0.12176544 0.11507291 0.13428805 0.17802589 0.13323836 0.24234241 0.16256057 0.20734368 0.19378981 0.13693790 0.07748917 0.14859802 0.12324058 0.10271803 0.16358294 0.14542755 0.11347573 0.08041035 0.13415708 0.06025895 0.16458429 
0.13700398 0.11469423 0.05450731 0.09122541 0.08659562 0.06677014 0.09383116 0.02490470 0.08891778 0.07895690 0.12800677 0.19804512 0.01285534 0.09720005 0.15070979 0.13427452 0.09075093 0.11855141 0.05470413 0.04008315 0.19488306 0.02774536 0.06177462 0.23902193 0.07510743 0.07920905 0.16650647 0.12395187 0.06691481 0.24184904 0.12105757 0.15795896 0.17835078 0.16658472 0.13802206 0.15948137 0.14277203 0.12485534 0.11642072 0.10092909 0.25028050 0.18995096 0.00000000 0.23414202 0.08941813 0.22587916 0.28476723 0.12368168 0.14727337 0.06461265 0.13851321 0.25645001 0.13354206 0.19826850 0.32387883 0.12089780 0.20636519 0.27920152 0.21245412 0.15299619 0.12643288 0.15573512 0.18987093 0.27774582 0.15831852 0.19262631 0.09538937 0.22181379 0.14363462 0.17587414 0.09198559 0.16435169 0.19863082 0.11878718 0.10257392 0.05743891 0.09174401 0.08987955 0.05008686 0.12129307 0.06990830 
0.14349133 0.14046017 0.04757682 0.13669430 0.09046391 0.18102044 0.17913519 0.13226538 0.10517435 0.05498688 0.06442583 0.15328841 0.15854346 0.15621634 0.07819770 0.07489932 0.11194811 0.03902086 0.37059158 0.15339401 0.21271277 0.24544515 0.29077942 0.20641767 0.18116778 0.09143341 0.08916997 0.05530754 0.11371161 0.23000285 0.17903643 0.05483031 0.02939452 0.29841169 0.16642782 0.11689725 0.14510084 0.10285740 0.08142874 0.12011668 0.21205170 0.05793585 0.23414202 0.00000000 0.18678071 0.14246515 0.06673687 0.03884893 0.14983231 0.09520857 0.16559737 0.16983791 0.11715064 0.20841921 0.15636777 0.14587768 0.14905159 0.09402441 0.22000260 0.17216203 0.13765423 0.13539631 0.13600692 0.16147073 0.06708797 0.15337694 0.16235658 0.10076882 0.08120920 0.04418066 0.04845791 0.10746258 0.14325504 0.11800763 0.17421306 0.16302004 0.12704684 0.05634544 0.13102536 0.08658143 0.15510292 
