0.00000000 0.28389614 0.17208569 0.16160431 0.10440009 0.18042012 0.19327376 0.15447454 0.23130188 0.15031496 0.23912583 0.17589229 0.09763338 0.23194345 0.15383542 0.24244408 0.19517585 0.11696255 0.20755750 0.16979162 0.11767310 0.19361262 0.21098714 0.12507150 0.17951829 0.10493425 0.12365488 0.15551085 0.15129115 0.13850764 0.14835178 0.23512803 0.23223301 0.17724565 0.24525433 0.16375261 0.21022674 0.16737457 0.20397175 0.17097225 0.17085432 0.21453894 0.21526224 0.17537516 0.24279469 0.14462695 0.14743054 0.15253434 0.13591948 0.14992595 0.18389101 0.25023024 0.23522998 0.16508392 0.14560351 0.24583057 0.22016976 0.13781471 0.28296278 0.30836053 0.14882339 0.18110013 0.19479319 0.20900352 0.21868749 0.19710518 0.14735900 0.13312576 0.12701159 0.15894325 0.16884705 0.23104212 0.12392609 0.13375667 0.19318230 0.19268498 0.14866770 0.19263426 0.12878173 0.24402136 0.17513154 
0.28389614 0.00000000 0.69583111 0.19322817 0.24188839 0.21124461 0.13922271 0.14841172 0.22640658 0.20107092 0.16440555 0.24498032 0.09997171 0.20402020 0.18542222 0.21953825 0.19001192 0.15165045 0.09397779 0.08650250 0.16569354 0.13505821 0.17389560 0.21676982 0.23446896 0.26376564 0.14725471 0.06811281 0.11235340 0.20747090 0.11979269 0.15061798 0.17516546 0.18302027 0.21122488 0.09009043 0.10274009 0.11576750 0.14280531 0.14832802 0.18967967 0.20043255 0.15865417 0.17380289 0.18224264 0.19894414 0.13216555 0.09343363 0.08662186 0.21131343 0.19495282 0.26266537 0.20120356 0.17547296 0.13789283 0.09556985 0.20490018 0.11304949 0.22072218 0.22919356 0.19253487 0.24171827 0.14345295 0.12075860 0.19762919 0.17866261 0.25626286 0.14175973 0.06390473 0.19931354 0.18854877 0.15927381 0.15045661 0.25718767 0.16107029 0.20248036 0.31012341 0.21997488 0.21712873 0.37809765 0.22179886 
0.17208569 0.69583111 0.00000000 0.46471041 0.50924280 0.23832772 0.18412388 0.23401013 0.49839163 0.14124598 0.18306901 0.38810361 0.08217333 0.16949735 0.18201928 0.14835656 0.16722649 0.25735374 0.14311779 0.12236479 0.17012983 0.19167605 0.23074523 0.22046133 0.19074042 0.25427932 0.19389952 0.18261094 0.24233296 0.21697463 0.04962581 0.16785996 0.13178161 0.28872111 0.17424973 0.11644891 0.12859760 0.16463625 0.14049007 0.15525771 0.25378842 0.10324898 0.03199992 0.16799176 0.24411894 0.10565457 0.07596906 0.07904793 0.18129199 0.19528949 0.14976897 0.13373576 0.23415284 0.11416827 0.13708716 0.07826607 0.17578899 0.15840183 0.16429457 0.09043642 0.09976921 0.15699111 0.09476446 0.09882408 0.19929661 0.16040200 0.20969092 0.03504042 0.14953555 0.21323718 0.24272280 0.17063784 0.06669867 0.23166355 0.19691197 0.14069393 0.29859750 0.23317766 0.15244864 0.25106787 0.26687634 
0.16160431 0.19322817 0.46471041 0.00000000 0.40749429 0.30344522 0.38141047 0.27775664 0.26192232 0.09793818 0.18536466 0.20579848 0.14995379 0.22866139 0.18421139 0.26115547 0.17986547 0.20675879 0.10354009 0.07691786 0.13653253 0.18726271 0.14446857 0.11592563 0.25863087 0.13534238 0.19124480 0.15360528 0.13606724 0.13152439 0.10801042 0.17189582 0.10135550 0.13116433 0.32239084 0.23489919 0.16166251 0.17858438 0.10417998 0.15070042 0.33718439 0.17434165 0.08541417 0.18650967 0.14964149 0.26287289 0.09707567 0.20698448 0.12410041 0.21211113 0.17043925 0.26963362 0.14605557 0.14261158 0.15247921 0.11772327 0.23661906 0.21734214 0.15216091 0.13898577 0.14151572 0.07716161 0.08057172 0.11374023 0.15794663 0.21628841 0.19078744 0.24604967 0.15268186 0.22175607 0.28629135 0.14678089 0.15218857 0.29980520 0.26358098 0.17146500 0.23461730 0.24265881 0.09184634 0.73529993 0.09188380 
0.10440009 0.24188839 0.50924280 0.40749429 0.00000000 0.50712623 0.23587165 0.17552014 0.38040154 0.70547719 0.19869015 0.25328299 0.24550974 0.08691244 0.25068359 0.16157523 0.03766907 0.09962723 0.18198621 0.56771288 0.03464409 0.21416345 0.08282068 0.15443345 0.06541310 0.22778195 0.26000970 0.23951603 0.10106828 0.12148839 0.18758621 0.07196649 0.23821067 0.10590590 0.16143049 0.06599055 0.16199835 0.17164498 0.16533367 0.15342295 0.14505308 0.04744651 0.04350016 0.10663286 0.26748358 0.18386732 0.16671573 0.25376230 0.24314143 0.11941931 0.17084673 0.13348962 0.16258938 0.19246563 0.21383298 0.22882680 0.11389884 0.06209946 0.17905231 0.12303067 0.15933521 0.19817271 0.17148879 0.13376425 0.14555141 0.06727504 0.13756016 0.09020246 0.15961630 0.07469891 0.13126312 0.20086238 0.12595868 0.08048290 0.12028850 0.23695640 0.23172247 0.31507497 0.49172267 0.16580619 0.25059677 
0.18042012 0.21124461 0.23832772 0.30344522 0.50712623 0.00000000 0.29669610 0.63233911 0.38647655 0.33384124 0.28244702 0.26487074 0.18159938 0.30411497 0.27691695 0.20079177 0.15513059 0.20433304 0.12850459 0.27844233 0.07399930 0.19209027 0.11431059 0.28694052 0.08550396 0.17525688 0.18977494 0.14223755 0.14560432 0.09685161 0.21779333 0.28702603 0.04007435 0.14154497 0.17446710 0.17009622 0.23706076 0.14542330 0.20477911 0.12120623 0.15297975 0.17806810 0.11705843 0.20179585 0.15071046 0.09865611 0.14035967 0.19624236 0.26169198 0.20548455 0.17755536 0.15653314 0.09391577 0.12347505 0.04841735 0.28621895 0.11690532 0.12108323 0.13420926 0.19526768 0.11776166 0.18373271 0.17410558 0.14829574 0.15729526 0.16453145 0.12039239 0.13470207 0.09322671 0.22373347 0.21043324 0.24269413 0.04795945 0.15983766 0.23936342 0.17455539 0.05496869 0.09575756 0.20770968 0.20930465 0.16693903 
0.19327376 0.13922271 0.18412388 0.38141047 0.23587165 0.29669610 0.00000000 0.35467986 0.22421474 0.39315091 0.47961827 0.12668668 0.18616746 0.15191109 0.16173521 0.21232638 0.17205052 0.08404057 0.18304591 0.15957650 0.24298593 0.73808714 0.20173473 0.11637909 0.24340987 0.08744480 0.14684844 0.21945554 0.07794619 0.21759740 0.13546020 0.17639217 0.25187613 0.21299510 0.17766915 0.19657644 0.12022741 0.10491996 0.14457942 0.13665133 0.14057118 0.07662993 0.25837322 0.21951245 0.17041477 0.17604876 0.16785676 0.10822281 0.17432938 0.23747686 0.07449615 0.14702806 0.07957552 0.28371062 0.17087215 0.17156792 0.17544364 0.27451683 0.14288749 0.17695316 0.16348325 0.12993642 0.13998055 0.15089237 0.13754770 0.10168320 0.22746529 0.19664597 0.14707635 0.27465146 0.26657133 0.10017539 0.18081288 0.10406154 0.26740703 0.24050692 0.14718894 0.22885473 0.13966962 0.17845604 0.38352114 
0.15447454 0.14841172 0.23401013 0.27775664 0.17552014 0.63233911 0.35467986 0.00000000 0.30716581 0.24380244 0.46900421 0.53031265 0.18049205 0.18133463 0.30347404 0.33104823 0.17980569 0.16871674 0.17647550 0.29374883 0.05981497 0.17343148 0.22376640 0.25733706 0.18452906 0.15825548 0.16030473 0.21211495 0.18043502 0.15708433 0.22084064 0.17206849 0.14772255 0.16530909 0.31005572 0.21423742 0.15229843 0.14961055 0.14204265 0.16591810 0.08505506 0.19501602 0.07150919 0.14950446 0.17671020 0.16617759 0.12211301 0.20650990 0.12522299 0.27272903 0.19114250 0.11140149 0.05100198 0.23791576 0.17943070 0.10747187 0.12562533 0.10518112 0.13590333 0.15484642 0.15255451 0.13080896 0.12860262 0.24438668 0.11462513 0.05192897 0.16695376 0.14261627 0.06632706 0.20501489 0.21833633 0.17439137 0.16470571 0.25532039 0.19272335 0.05160817 0.13357074 0.11916515 0.20546530 0.28377351 0.16331538 
0.23130188 0.22640658 0.49839163 0.26192232 0.38040154 0.38647655 0.22421474 0.30716581 0.00000000 0.33717397 0.25760132 0.64556804 0.38558819 0.22256356 0.27864234 0.20135682 0.14795540 0.14917685 0.13777585 0.05822931 0.18600979 0.12469744 0.17999260 0.19971554 0.25235391 0.14722133 0.23482388 0.07740624 0.26751395 0.14889495 0.15823913 0.16745197 0.09867095 0.08953984 0.10083755 0.10010249 0.25909510 0.18501070 0.31754956 0.21373087 0.18496534 0.19482386 0.14407706 0.13659912 0.12785336 0.07807517 0.08522055 0.18785743 0.23125483 0.17735127 0.16524136 0.18621678 0.14145662 0.10505649 0.12722898 0.15317394 0.15062336 0.01901027 0.11245532 0.16137104 0.17056404 0.23311179 0.15439522 0.06999922 0.15387573 0.26629897 0.16785530 0.13046505 0.21782780 0.04472405 0.23159839 0.06432155 0.06743355 0.16434729 0.14957485 0.16617874 0.01178889 0.12142803 0.14731137 0.24161142 0.27728668 
0.15031496 0.20107092 0.14124598 0.09793818 0.70547719 0.33384124 0.39315091 0.24380244 0.33717397 0.00000000 0.26637919 0.18270640 0.28953108 0.23376445 0.10095429 0.13600391 0.23240357 0.13737278 0.21052676 0.27407638 0.14703874 1.13017889 0.08014801 0.02375113 0.25442708 0.17229831 0.39835273 0.24042884 0.12710587 0.20563280 0.23745857 0.06787440 0.16599543 0.05576982 0.06776315 0.15047719 0.21412942 0.17652911 0.15075750 0.17726598 0.05453630 0.17189530 0.17173147 0.15857368 0.13380736 0.00390334 0.09643467 0.24342241 0.20685242 0.07663033 0.14461153 0.09276654 0.12687114 0.09695183 0.11082600 0.17952657 0.10965236 0.03878257 0.13485917 0.21986825 0.15730508 0.19314617 0.17417495 0.11000948 0.14823896 0.13726048 0.14966930 0.11831516 0.10513493 0.04788274 0.15193538 0.06168124 0.13115556 0.13319359 0.11563588 0.12325829 0.19725432 0.24054435 0.20666884 0.22667295 0.53096161 
0.23912583 0.16440555 0.18306901 0.18536466 0.19869015 0.28244702 0.47961827 0.46900421 0.25760132 0.26637919 0.00000000 0.30532869 0.25392066 0.29613757 0.36786912 0.27209051 0.20074099 0.26757754 0.26421004 0.27747892 0.11690037 0.14319921 0.12235794 0.17645329 0.25067488 0.20260673 0.18624958 0.15107477 0.14787542 0.19757940 0.25855215 0.16282814 0.15413005 0.15431834 0.10401236 0.18441626 0.16826479 0.19680957 0.20685298 0.10971053 0.10791676 0.13684117 0.19447163 0.14662461 0.13219560 0.04004414 0.07889607 0.14474157 0.27735524 0.14977095 0.15226268 0.12076667 0.08582060 0.22546425 0.17256725 0.12978915 0.13898694 0.13961474 0.15756000 0.16997725 0.26266497 0.19917282 0.13503391 0.16988814 0.18381481 0.25778513 0.17556592 0.11268924 0.18052038 0.17938340 0.22344319 0.15160717 0.19444401 0.12966196 0.18429760 0.09269131 0.25529738 0.17586324 0.15364026 0.16605136 0.26238779 
0.17589229 0.24498032 0.38810361 0.20579848 0.25328299 0.26487074 0.12668668 0.53031265 0.64556804 0.18270640 0.30532869 0.00000000 0.26548525 0.28630578 0.26013191 0.33071596 0.24743335 0.37821281 0.07830101 0.23889938 0.05323267 0.08966481 0.18096415 0.22701263 0.19454584 0.18003399 0.10010694 0.08999104 0.18206263 0.11282872 0.25320337 0.12428111 0.09089680 0.13038911 0.12138535 0.20837468 0.22798482 0.25926857 0.21569570 0.18590303 0.22029953 0.12121794 0.14533611 0.15521938 0.12868518 0.15183824 0.10746320 0.15051428 0.15554404 0.17253658 0.20903454 0.09168477 0.08198939 0.31923695 0.13405834 0.13701579 0.09249247 0.17773053 0.26042183 0.19209653 0.21958832 0.20688858 0.10562800 0.18068177 0.13228581 0.07235245 0.08553515 0.20096550 0.15870447 0.11758657 0.34913192 0.21692943 0.14244256 0.08701210 0.13695223 0.15982002 0.23021612 0.14394901 0.22424724 0.16104113 0.15885079 
0.09763338 0.09997171 0.08217333 0.14995379 0.24550974 0.18159938 0.18616746 0.18049205 0.38558819 0.28953108 0.25392066 0.26548525 0.00000000 0.33976788 0.47525044 0.33511861 0.29231948 1.14916637 0.33173500 0.93779093 0.14518172 0.13755796 0.13254636 0.05923706 0.13187684 0.21441929 0.23584195 0.18623936 0.31319922 0.12399522 0.28605948 0.19539648 0.10546410 0.15500504 0.21434804 0.11144095 0.17055756 0.15479227 0.11084659 0.15418427 0.11921509 0.10698317 0.13704792 0.08046630 0.19141258 0.16013493 0.15577389 0.26509558 0.15255137 0.13928916 0.12834062 0.03909979 0.11009701 0.12146947 0.04642336 0.10716015 0.07805554 0.11615708 0.04772376 0.18267931 0.23521697 0.20994191 0.06160851 0.10181134 0.13550393 0.12642255 0.14260840 0.06124402 0.08773243 0.00975501 0.14193594 0.13155582 0.08927092 0.20797037 0.21014040 0.00998495 0.10751300 0.12619061 0.24532580 0.18412583 0.19798594 
0.23194345 0.20402020 0.16949735 0.22866139 0.08691244 0.30411497 0.15191109 0.18133463 0.22256356 0.23376445 0.29613757 0.28630578 0.33976788 0.00000000 0.76214936 0.32066404 0.28705995 0.20659913 0.25387139 0.27894287 0.27212283 0.07286987 0.27005954 0.26053656 0.29827278 0.13461427 0.12033281 0.11450792 0.20225492 0.21338561 0.15320085 0.28560980 0.12140689 0.12994874 0.18864947 0.10444210 0.14550247 0.11416989 0.16036865 0.14363608 0.26234349 0.30336172 0.13731540 0.14320284 0.22112779 0.13609046 0.22993482 0.18416476 0.19181164 0.13627530 0.20017251 0.11148651 0.15916205 0.22916336 0.09331941 0.10894823 0.08503742 0.06837431 0.21413821 0.15461128 0.24407246 0.15463907 0.11998252 0.07016143 0.13236701 0.17942790 0.19991814 0.13707232 0.17395340 0.11933553 0.17849368 0.14712237 0.23954261 0.15115369 0.20371269 0.20413011 0.13055411 0.17209646 0.19127765 0.09587075 0.18079911 
0.15383542 0.18542222 0.18201928 0.18421139 0.25068359 0.27691695 0.16173521 0.30347404 0.27864234 0.10095429 0.36786912 0.26013191 0.47525044 0.76214936 0.00000000 0.30266677 0.66472221 0.62165158 0.23322266 0.10516098 0.12681733 0.14001975 0.11086487 0.15959058 0.14297662 0.12975162 0.32045682 0.08905298 0.29005976 0.14555154 0.24171617 0.28813035 0.16823930 0.13377536 0.23006238 0.24307392 0.16477092 0.16334572 0.18270320 0.16566775 0.22057537 0.12317180 0.09635085 0.10324610 0.17123588 0.13578624 0.16708197 0.21700081 0.15336032 0.14698329 0.21078442 0.04582278 0.16715600 0.23639229 0.15507137 0.03655499 0.05477348 0.16364262 0.19479061 0.18552959 0.20215334 0.12654418 0.04237546 0.09188456 0.15917025 0.09614100 0.17058099 0.18214660 0.12582517 0.12299379 0.17581324 0.06442294 0.10899776 0.22661658 0.06709558 0.15056439 0.20800419 0.10419630 0.12196397 0.14839933 0.13440977 
0.24244408 0.21953825 0.14835656 0.26115547 0.16157523 0.20079177 0.21232638 0.33104823 0.20135682 0.13600391 0.27209051 0.33071596 0.33511861 0.32066404 0.30266677 0.00000000 0.46727496 0.27363891 0.24851945 0.11611733 0.12400139 0.12330371 0.15685659 0.25772544 0.13166839 0.20514793 0.14998290 0.17429564 0.13943874 0.05571610 0.28390300 0.09841011 0.06952341 0.29221166 0.34829658 0.25590744 0.13095934 0.16595451 0.14117230 0.14848540 0.36559223 0.16138710 0.12685571 0.21652795 0.39607685 0.19842169 0.17905998 0.21777028 0.15890214 0.17504850 0.12405909 0.12893063 0.24387258 0.13403563 0.11534067 0.10612706 0.11168837 0.13487508 0.17657317 0.18981974 0.12652788 0.19547895 0.13267394 0.11753964 0.09247471 0.19985610 0.09290210 0.21560779 0.06972489 0.14092194 0.26936110 0.16741804 0.19765567 0.36324465 0.18625488 0.12396250 0.08951489 0.14750584 0.21241087 0.23090771 0.20676405 
0.19517585 0.19001192 0.16722649 0.17986547 0.03766907 0.15513059 0.17205052 0.17980569 0.14795540 0.23240357 0.20074099 0.24743335 0.29231948 0.28705995 0.66472221 0.46727496 0.00000000 0.44097241 0.24700797 0.11034238 0.18173991 0.10412012 0.14139295 0.14413047 0.20660158 0.25207502 0.17692592 0.32948170 0.15705976 0.22097672 0.32385002 0.27594902 0.08729845 0.14139272 0.30487290 0.15351829 0.12369392 0.10485867 0.14464431 0.10333721 0.10754205 0.19983093 0.17424237 0.11298199 0.17630036 0.18156614 0.23415986 0.20092968 0.16245861 0.13167703 0.15878404 0.17956803 0.23276427 0.28004064 0.13122614 0.08060917 0.14386766 0.14695628 0.17888765 0.14185936 0.18162040 0.17954905 0.19641223 0.17906819 0.14191675 0.17384854 0.09846683 0.20475799 0.15224407 0.21074917 0.21129120 0.13568504 0.13282259 0.26794571 0.26468961 0.10080092 0.20060511 0.06126894 0.18581615 0.22073471 0.14728757 
0.11696255 0.15165045 0.25735374 0.20675879 0.09962723 0.20433304 0.08404057 0.16871674 0.14917685 0.13737278 0.26757754 0.37821281 1.14916637 0.20659913 0.62165158 0.27363891 0.44097241 0.00000000 0.56094446 0.52405764 0.15032233 0.02336468 0.20204036 0.10306608 0.16622850 0.22098527 0.17653154 0.12215394 0.52089513 0.16414604 0.45326329 0.12169974 0.11472010 0.14831294 0.05190486 0.05455461 0.19017429 0.14334612 0.22261285 0.14815154 0.08669307 0.07618804 0.21060694 0.08875159 0.26545755 0.15793521 0.03256403 0.35032969 0.17630244 0.18424780 0.16760025 0.06677336 0.10316758 0.11068851 0.00000000 0.15335228 0.11745705 0.11520056 0.14598907 0.11444079 0.23053400 0.19637693 0.16423979 0.13096592 0.18453528 0.11603845 0.07187162 0.11748108 0.05894114 0.14752819 0.15198720 0.12205925 0.15478327 0.18785695 0.22797720 0.05605403 0.04376683 0.11705950 0.19230719 0.11033091 0.16762834 
0.20755750 0.09397779 0.14311779 0.10354009 0.18198621 0.12850459 0.18304591 0.17647550 0.13777585 0.21052676 0.26421004 0.07830101 0.33173500 0.25387139 0.23322266 0.24851945 0.24700797 0.56094446 0.00000000 0.29108456 0.23538516 0.21392531 0.27491963 0.15639912 0.17793960 0.10194087 0.14919689 0.11259670 0.21116444 0.41389722 0.34037424 0.18115579 0.09273986 0.76664828 0.19451056 0.12672139 0.12854851 0.15877415 0.14711279 0.16847662 0.16930677 0.17962022 0.11618063 0.54728431 0.24486743 0.18369941 0.29752036 0.77867619 0.18584574 0.18385190 0.16788256 0.03807000 0.08936301 0.12874967 0.12896195 0.12153954 0.23976372 0.17372527 0.17908453 0.14416642 0.16052523 0.12472603 0.14436666 0.14919977 0.04533459 0.12518218 0.12213890 0.20995007 0.09826386 0.12241610 0.14904487 0.10162457 0.08198481 0.07264523 0.15024742 0.27624580 0.15591981 0.09819517 0.16122869 0.10481246 0.05242525 
0.16979162 0.08650250 0.12236479 0.07691786 0.56771288 0.27844233 0.15957650 0.29374883 0.05822931 0.27407638 0.27747892 0.23889938 0.93779093 0.27894287 0.10516098 0.11611733 0.11034238 0.52405764 0.29108456 0.00000000 0.12060341 0.12560158 0.18249756 0.16695861 0.24892828 0.10097818 0.23122609 0.39811706 0.23615808 0.05479267 0.37576154 0.14818325 0.14951564 0.14289081 0.16500597 0.12056518 0.17746076 0.15823589 0.08898583 0.17394271 0.11429513 0.03272304 0.07652968 0.23956703 0.13461642 0.16475718 0.13055779 0.31016999 0.17372667 0.22185936 0.15901113 0.02470523 0.19646549 0.05909734 0.06338495 0.19088711 0.07500985 0.12493377 0.19004641 0.10969804 0.18071485 0.22029384 0.17976448 0.06321896 0.11155943 0.03885003 0.21666150 0.18487428 0.09674155 0.07453810 0.12282203 0.15144301 0.15432381 0.20966165 0.14434912 0.21473568 0.13763683 0.41753474 0.24638855 0.11924890 0.20800317 
0.11767310 0.16569354 0.17012983 0.13653253 0.03464409 0.07399930 0.24298593 0.05981497 0.18600979 0.14703874 0.11690037 0.05323267 0.14518172 0.27212283 0.12681733 0.12400139 0.18173991 0.15032233 0.23538516 0.12060341 0.00000000 0.19156317 0.47558169 0.20725873 0.11796301 0.09253151 0.10990176 0.16083880 0.20827507 0.98347189 0.10326223 0.24386678 0.06440929 0.17855120 0.18673425 0.13919581 0.14514177 0.15669447 0.20346495 0.12584498 0.19786250 0.09444515 0.33331500 0.28230871 0.24585135 0.34341619 0.29509361 0.20693984 0.26894277 0.10456686 0.13600986 0.65927342 0.09716947 0.27127556 0.20288694 0.11414289 0.12321031 0.29521720 0.09446961 0.19756206 0.15390377 0.19163092 0.06367148 0.21112178 0.11317961 0.13851435 0.14477358 0.12362990 0.24890201 0.30954790 0.26215787 0.38420676 0.19585817 0.12091172 0.06882470 0.18515546 0.26959352 0.10900841 0.10882994 0.17653773 0.00682807 
0.19361262 0.13505821 0.19167605 0.18726271 0.21416345 0.19209027 0.73808714 0.17343148 0.12469744 1.13017889 0.14319921 0.08966481 0.13755796 0.07286987 0.14001975 0.12330371 0.10412012 0.02336468 0.21392531 0.12560158 0.19156317 0.00000000 0.40681225 0.16808372 0.52789358 0.18299396 0.30021495 0.13964822 0.21788954 0.09557857 0.07919531 0.08353216 0.01730219 0.14081917 0.07061975 0.11165313 0.16196589 0.17840925 0.18573875 0.15304969 0.10716718 0.13927169 0.14956965 0.24411934 0.10801870 0.15740080 0.12570959 0.30488138 0.32513920 0.19163856 0.17228973 0.26220946 0.23117787 0.21912986 0.07088650 0.23946996 0.28707739 0.11681958 0.16950366 0.21402595 0.16449590 0.16624448 0.21021403 0.14143959 0.18857509 0.17963831 0.10230393 0.02549949 0.16586488 0.15569599 0.06606996 0.07842854 0.18102910 0.12515995 0.07988529 0.11636121 0.15285454 0.27985291 0.18346745 0.19223975 0.44885314 
0.21098714 0.17389560 0.23074523 0.14446857 0.08282068 0.11431059 0.20173473 0.22376640 0.17999260 0.08014801 0.12235794 0.18096415 0.13254636 0.27005954 0.11086487 0.15685659 0.14139295 0.20204036 0.27491963 0.18249756 0.47558169 0.40681225 0.00000000 0.67460210 0.08172822 0.19711583 0.15966279 0.23023753 0.10934843 0.15255249 0.19401940 0.09414400 0.06546623 0.10942782 0.03224636 0.15317810 0.18690863 0.19834879 0.21200700 0.11860156 0.10745282 0.19993335 0.06868937 0.18142759 0.21686841 0.19767308 0.09169121 0.12076931 0.09141097 0.08815119 0.19190591 0.62101889 0.25116188 0.19492149 0.30909088 0.51775598 0.21125448 0.08082726 0.20910800 0.24588948 0.17599230 0.24052460 0.23256406 0.14927964 0.17717266 0.16848456 0.20597125 0.21084911 0.12712073 0.22280453 0.13148268 0.19304896 0.16676087 0.22530736 0.16384986 0.20694973 0.06759351 0.08278937 0.13195666 0.24032197 0.15168780 
0.12507150 0.21676982 0.22046133 0.11592563 0.15443345 0.28694052 0.11637909 0.25733706 0.19971554 0.02375113 0.17645329 0.22701263 0.05923706 0.26053656 0.15959058 0.25772544 0.14413047 0.10306608 0.15639912 0.16695861 0.20725873 0.16808372 0.67460210 0.00000000 0.44236904 0.15917713 0.17217188 0.19710604 0.21065492 0.05058080 0.06604268 0.20206088 0.14701717 0.06057617 0.14790392 0.21184456 0.07034392 0.14824933 0.04774915 0.13800196 0.19023241 0.23607647 0.24362284 0.11904277 0.18175388 0.20979232 0.22883036 0.19438544 0.18901235 0.25997675 0.21581399 0.17554111 0.52082801 0.21438948 0.05574597 0.13637467 1.07351269 0.05373546 0.19507260 0.11996855 0.14289917 0.15599869 0.14771006 0.17522795 0.09025519 0.09499830 0.20820130 0.30127513 0.15053104 0.46008618 0.16892524 0.12225480 0.14252017 0.35201205 0.04663227 0.15344831 0.22941187 0.16582548 0.17247357 0.12004532 0.05785115 
0.17951829 0.23446896 0.19074042 0.25863087 0.06541310 0.08550396 0.24340987 0.18452906 0.25235391 0.25442708 0.25067488 0.19454584 0.13187684 0.29827278 0.14297662 0.13166839 0.20660158 0.16622850 0.17793960 0.24892828 0.11796301 0.52789358 0.08172822 0.44236904 0.00000000 0.17242812 0.16300736 0.17191743 0.21041607 0.20920007 0.20169845 0.10942826 0.07924520 0.22669518 0.20976590 0.17863430 0.13654307 0.14227723 0.15428507 0.21205589 0.17712893 0.19713360 0.09539307 0.13350720 0.25355135 0.11329253 0.24213164 0.14732392 0.19072537 0.19312193 0.35171615 0.08563621 0.16056943 0.20687528 0.25294258 0.09029038 0.29876611 0.17040556 0.26156222 0.22749622 0.17208257 0.21443741 0.22387540 0.10905033 0.17657624 0.23915525 0.11654761 0.05073566 0.10873754 0.15219862 0.11271843 0.23121682 0.08259916 0.19828393 0.33471147 0.06375800 0.22420300 0.16298341 0.17202848 0.31185690 0.20996901 
0.10493425 0.26376564 0.25427932 0.13534238 0.22778195 0.17525688 0.08744480 0.15825548 0.14722133 0.17229831 0.20260673 0.18003399 0.21441929 0.13461427 0.12975162 0.20514793 0.25207502 0.22098527 0.10194087 0.10097818 0.09253151 0.18299396 0.19711583 0.15917713 0.17242812 0.00000000 0.18252720 0.50111012 0.22843634 0.31351285 0.05955528 0.20529815 0.09497802 0.20874675 0.12403859 0.22439885 0.14387946 0.13226964 0.10223507 0.14127049 0.12448455 0.16120003 0.19004012 0.12897935 0.18590214 0.14175166 0.03513729 0.10069212 0.17263471 0.21932986 0.16713412 0.21140624 0.19400552 0.24801366 0.10563713 0.04396250 0.25711090 0.11701863 0.09351885 0.11914737 0.13495237 0.11273073 0.10988117 0.11396269 0.12283795 0.15536251 0.15646278 0.20133246 0.18412250 0.14865187 0.18757162 0.15957381 0.11654073 0.43503545 0.26169559 0.13673082 1.53256041 0.14250276 0.16210037 0.71254035 0.22409747 
0.12365488 0.14725471 0.19389952 0.19124480 0.26000970 0.18977494 0.14684844 0.16030473 0.23482388 0.39835273 0.18624958 0.10010694 0.23584195 0.12033281 0.32045682 0.14998290 0.17692592 0.17653154 0.14919689 0.23122609 0.10990176 0.30021495 0.15966279 0.17217188 0.16300736 0.18252720 0.00000000 0.25386380 0.27883117 0.21447726 0.27601595 0.12240836 0.17396637 0.15125011 0.18414011 0.22786417 0.23788274 0.18256300 0.23904537 0.15729113 0.23497540 0.23477878 0.13423304 0.15091477 0.09329754 0.14936912 0.09631790 0.11772875 0.24027791 0.15578707 0.25079687 0.09033184 0.16263830 0.11401339 0.08939445 0.16649760 0.21570896 0.25255070 0.10172088 0.17643320 0.20661041 0.25680428 0.17671344 0.11586594 0.12468550 0.19385169 0.11406194 0.15070643 0.21227375 0.13148829 0.13907564 0.12472633 0.10880821 0.16660174 0.14177104 0.22391638 0.11464421 0.21423952 0.34699756 0.17688524 0.34379752 
0.15551085 0.06811281 0.18261094 0.15360528 0.23951603 0.14223755 0.21945554 0.21211495 0.07740624 0.24042884 0.15107477 0.08999104 0.18623936 0.11450792 0.08905298 0.17429564 0.32948170 0.12215394 0.11259670 0.39811706 0.16083880 0.13964822 0.23023753 0.19710604 0.17191743 0.50111012 0.25386380 0.00000000 0.24822709 0.26570002 0.17114541 0.14940172 0.24237397 0.14796514 0.10489204 0.14553320 0.18959153 0.17315751 0.17560745 0.14997269 0.14126873 0.09732610 0.19429914 0.11135822 0.07412089 0.19429840 0.08154204 0.13044384 0.22818691 0.12247030 0.12903869 0.18764398 0.19148277 0.16417331 0.27335451 0.32034387 0.11088471 0.22179565 0.13494913 0.08367348 0.20820521 0.19678510 0.18718216 0.12908878 0.08670894 0.18596770 0.18511463 0.14131785 0.14375768 0.21802598 0.18926084 0.20532817 0.43457720 0.23906435 0.15506254 0.26231070 0.34057258 0.19723815 0.33007980 0.22145362 0.08347056 
0.15129115 0.11235340 0.24233296 0.13606724 0.10106828 0.14560432 0.07794619 0.18043502 0.26751395 0.12710587 0.14787542 0.18206263 0.31319922 0.20225492 0.29005976 0.13943874 0.15705976 0.52089513 0.21116444 0.23615808 0.20827507 0.21788954 0.10934843 0.21065492 0.21041607 0.22843634 0.27883117 0.24822709 0.00000000 0.19545607 0.67980658 0.25640816 0.29480814 0.17096536 0.10522154 0.21100497 0.11286014 0.15834768 0.11438016 0.17915301 0.07193137 0.19014776 0.26066707 0.21934847 0.28831238 0.19480065 0.14580136 0.18533636 0.14347061 0.12767979 0.17283908 0.03463712 0.14048331 0.11886668 0.10102902 0.38264913 0.06959647 0.27478695 0.12483566 0.13019349 0.15130436 0.17658433 0.08358873 0.14992622 0.14194595 0.12286719 0.09643522 0.15905346 0.18640299 0.17316368 0.11172036 0.14361237 0.21329261 0.20125745 0.25107040 0.20857681 0.05508548 0.15076385 0.16858537 0.06797378 0.23267105 
0.13850764 0.20747090 0.21697463 0.13152439 0.12148839 0.09685161 0.21759740 0.15708433 0.14889495 0.20563280 0.19757940 0.11282872 0.12399522 0.21338561 0.14555154 0.05571610 0.22097672 0.16414604 0.41389722 0.05479267 0.98347189 0.09557857 0.15255249 0.05058080 0.20920007 0.31351285 0.21447726 0.26570002 0.19545607 0.00000000 0.14544447 0.18740283 0.27096713 0.40474046 0.08768315 0.23316162 0.16721506 0.17810855 0.24912712 0.14282710 0.21482234 0.20698073 0.23694586 0.33520077 0.25011854 0.08666271 0.10285698 0.18774590 0.19869722 0.20121386 0.18401487 0.25442842 0.24970547 0.24441099 0.08855429 0.10933941 0.26449653 0.15690106 0.09578036 0.17859840 0.18591351 0.13390725 0.19306500 0.21275246 0.19528722 0.22682677 0.19586279 0.15770630 0.21933900 0.24625316 0.13426608 0.06557907 0.27093269 0.03735231 0.12559409 0.19233418 0.18447010 0.07654678 0.11338317 0.02524816 0.11192431 
0.14835178 0.11979269 0.04962581 0.10801042 0.18758621 0.21779333 0.13546020 0.22084064 0.15823913 0.23745857 0.25855215 0.25320337 0.28605948 0.15320085 0.24171617 0.28390300 0.32385002 0.45326329 0.34037424 0.37576154 0.10326223 0.07919531 0.19401940 0.06604268 0.20169845 0.05955528 0.27601595 0.17114541 0.67980658 0.14544447 0.00000000 0.28555998 0.15139654 0.23890693 0.19012457 0.10443153 0.31658141 0.20433784 0.27076531 0.22432562 0.11208621 0.15477457 0.11606133 0.17186908 0.24149206 0.15735771 0.11446750 0.24798018 0.14983886 0.20022616 0.10493810 0.07295887 0.08675300 0.12502894 0.21685280 0.15704066 0.17489760 0.04474148 0.13375251 0.15193381 0.19219892 0.19259051 0.13766882 0.18127151 0.11727321 0.15323653 0.05351800 0.08310523 0.07086949 0.08346621 0.22073479 0.18655006 0.15366383 0.21192457 0.21428327 0.11979929 0.09845052 0.28306121 0.25424013 0.19260378 0.23711400 
0.23512803 0.15061798 0.16785996 0.17189582 0.07196649 0.28702603 0.17639217 0.17206849 0.16745197 0.06787440 0.16282814 0.12428111 0.19539648 0.28560980 0.28813035 0.09841011 0.27594902 0.12169974 0.18115579 0.14818325 0.24386678 0.08353216 0.09414400 0.20206088 0.10942826 0.20529815 0.12240836 0.14940172 0.25640816 0.18740283 0.28555998 0.00000000 0.26171010 0.32446363 0.42836142 0.29507814 0.12679318 0.17441383 0.12574866 0.09706346 0.24337559 0.20394848 0.24255491 0.16239863 0.21808698 0.25148548 0.28526518 0.15929510 0.20081222 0.11236176 0.15772275 0.12404217 0.15000758 0.15522850 0.15737228 0.23857353 0.17055015 0.08833373 0.18480967 0.34882018 0.16115101 0.21795203 0.12066577 0.05963380 0.10969064 0.22786708 0.40613588 0.21003261 0.18515522 0.13512329 0.23163886 0.39661060 0.24193282 0.24450723 0.13503405 0.31793438 0.29127730 0.14549392 0.10553079 0.23935030 0.08012559 
0.23223301 0.17516546 0.13178161 0.10135550 0.23821067 0.04007435 0.25187613 0.14772255 0.09867095 0.16599543 0.15413005 0.09089680 0.10546410 0.12140689 0.16823930 0.06952341 0.08729845 0.11472010 0.09273986 0.14951564 0.06440929 0.01730219 0.06546623 0.14701717 0.07924520 0.09497802 0.17396637 0.24237397 0.29480814 0.27096713 0.15139654 0.26171010 0.00000000 0.10338474 0.08143105 0.38124937 0.18112763 0.20831734 0.20206494 0.30082409 0.05927954 0.19605268 0.26600372 0.12876835 0.18637046 0.26158701 0.25587364 0.15227553 0.14710115 0.25477036 0.21165062 0.20201425 0.11203964 0.19386756 0.22272647 0.17185177 0.15402037 0.28478285 0.26839341 0.21931762 0.22819338 0.11560834 0.32915564 0.32209472 0.22399979 0.22303085 0.32117851 0.22800478 0.25942438 0.34263699 0.14628546 0.50269268 0.07794932 0.14173394 0.26016855 0.35170975 0.03730167 0.24619400 0.21085226 0.15940595 0.16613387 
0.17724565 0.18302027 0.28872111 0.13116433 0.10590590 0.14154497 0.21299510 0.16530909 0.08953984 0.05576982 0.15431834 0.13038911 0.15500504 0.12994874 0.13377536 0.29221166 0.14139272 0.14831294 0.76664828 0.14289081 0.17855120 0.14081917 0.10942782 0.06057617 0.22669518 0.20874675 0.15125011 0.14796514 0.17096536 0.40474046 0.23890693 0.32446363 0.10338474 0.00000000 0.37940052 0.18705148 0.20569162 0.24419432 0.16695708 0.23932298 0.19811922 0.22462706 0.15257194 0.28714791 0.45666437 0.16163227 0.18371894 0.15320291 0.14634486 0.20143228 0.19027774 0.08450460 0.18964939 0.02380681 0.22240403 0.06521254 0.18485814 0.28004201 0.10728723 0.15888163 0.22213717 0.08183780 0.12271569 0.20304070 0.12424624 0.20649266 0.27243154 0.29815468 0.16903201 0.23819932 0.16566551 0.11104185 0.12383739 0.18905737 0.26392214 0.16909441 0.18168932 0.19820509 0.22576529 0.19110476 0.14527912 
0.24525433 0.21122488 0.17424973 0.32239084 0.16143049 0.17446710 0.17766915 0.31005572 0.10083755 0.06776315 0.10401236 0.12138535 0.21434804 0.18864947 0.23006238 0.34829658 0.30487290 0.05190486 0.19451056 0.16500597 0.18673425 0.07061975 0.03224636 0.14790392 0.20976590 0.12403859 0.18414011 0.10489204 0.10522154 0.08768315 0.19012457 0.42836142 0.08143105 0.37940052 0.00000000 0.39792196 0.14101107 0.15347560 0.10677286 0.20203876 0.58873976 0.28606739 0.09064228 0.15002495 0.26166726 0.17485998 0.03496379 0.23798478 0.25976132 0.15333283 0.24210818 0.09699440 0.24870999 0.26611912 0.12294994 0.26782662 0.14762919 0.19930959 0.17147657 0.22894678 0.16726823 0.17733314 0.16109297 0.34110452 0.12305008 0.22552519 0.17133137 0.14632089 0.23124443 0.15544295 0.17005935 0.22560308 0.21506044 0.26428403 0.18654220 0.24751582 0.07068813 0.10646594 0.22089934 0.19799721 0.24685594 
0.16375261 0.09009043 0.11644891 0.23489919 0.06599055 0.17009622 0.19657644 0.21423742 0.10010249 0.15047719 0.18441626 0.20837468 0.11144095 0.10444210 0.24307392 0.25590744 0.15351829 0.05455461 0.12672139 0.12056518 0.13919581 0.11165313 0.15317810 0.21184456 0.17863430 0.22439885 0.22786417 0.14553320 0.21100497 0.23316162 0.10443153 0.29507814 0.38124937 0.18705148 0.39792196 0.00000000 0.14655318 0.15318853 0.13845423 0.15245460 0.44126520 0.32290251 0.31839355 0.11235652 0.07941706 0.23793203 0.23867650 0.14203623 0.14636201 0.19942676 0.21494082 0.25457903 0.22206050 0.25183961 0.30433568 0.18165014 0.16839055 0.34708906 0.20795978 0.13266388 0.19108867 0.12821512 0.15746351 0.20003794 0.10152239 0.15177657 0.30768409 0.38965859 0.26989893 0.18918258 0.20649472 0.23093014 0.13877438 0.24273029 0.25316531 0.24002423 0.15794352 0.23006241 0.13949293 0.13894914 0.12136587 
0.21022674 0.10274009 0.12859760 0.16166251 0.16199835 0.23706076 0.12022741 0.15229843 0.25909510 0.21412942 0.16826479 0.22798482 0.17055756 0.14550247 0.16477092 0.13095934 0.12369392 0.19017429 0.12854851 0.17746076 0.14514177 0.16196589 0.18690863 0.07034392 0.13654307 0.14387946 0.23788274 0.18959153 0.11286014 0.16721506 0.31658141 0.12679318 0.18112763 0.20569162 0.14101107 0.14655318 0.00000000 0.50841474 0.67067618 0.54599832 0.13882915 0.14473437 0.20093460 0.25958344 0.10814183 0.10175748 0.10269118 0.15505124 0.27587980 0.10458747 0.14807345 0.18921465 0.17352252 0.15443657 0.16468722 0.30286221 0.10393372 0.12645442 0.20568709 0.17928773 0.12992538 0.13697837 0.22027089 0.11517407 0.38297472 0.18006411 0.06068440 0.12398628 0.17071060 0.11642549 0.16069874 0.10281099 0.24904315 0.17729979 0.10609447 0.15231709 0.13906848 0.26472908 0.17628542 0.11240178 0.13373077 
0.16737457 0.11576750 0.16463625 0.17858438 0.17164498 0.14542330 0.10491996 0.14961055 0.18501070 0.17652911 0.19680957 0.25926857 0.15479227 0.11416989 0.16334572 0.16595451 0.10485867 0.14334612 0.15877415 0.15823589 0.15669447 0.17840925 0.19834879 0.14824933 0.14227723 0.13226964 0.18256300 0.17315751 0.15834768 0.17810855 0.20433784 0.17441383 0.20831734 0.24419432 0.15347560 0.15318853 0.50841474 0.00000000 0.49077584 0.42690777 0.17014376 0.14248936 0.21456637 0.19981654 0.20650263 0.11677055 0.12515443 0.18410035 0.18576146 0.14482540 0.14970369 0.17652969 0.22225608 0.18220260 0.17808359 0.20288957 0.12878062 0.12949346 0.18849922 0.13530596 0.17872825 0.17076178 0.16186140 0.17358509 0.31298533 0.20660691 0.13190658 0.16954448 0.26315310 0.12640708 0.17849418 0.19356014 0.14895697 0.15683084 0.13423712 0.10759814 0.19529392 0.23120688 0.17035027 0.13024990 0.20370280 
0.20397175 0.14280531 0.14049007 0.10417998 0.16533367 0.20477911 0.14457942 0.14204265 0.31754956 0.15075750 0.20685298 0.21569570 0.11084659 0.16036865 0.18270320 0.14117230 0.14464431 0.22261285 0.14711279 0.08898583 0.20346495 0.18573875 0.21200700 0.04774915 0.15428507 0.10223507 0.23904537 0.17560745 0.11438016 0.24912712 0.27076531 0.12574866 0.20206494 0.16695708 0.10677286 0.13845423 0.67067618 0.49077584 0.00000000 0.55931129 0.15208232 0.18667930 0.18676406 0.17620837 0.12336280 0.21686414 0.15075979 0.25803437 0.24950129 0.16155078 0.15086434 0.24729779 0.19901873 0.16293590 0.10277917 0.26536506 0.13777624 0.15967221 0.26836794 0.25746756 0.16578774 0.16385340 0.18533003 0.09657670 0.31227915 0.05999670 0.09141259 0.12245467 0.24023607 0.06972992 0.14540932 0.21195654 0.14722866 0.12019780 0.08957340 0.13065645 0.11092501 0.17877014 0.15029987 0.11848547 0.15282272 
0.17097225 0.14832802 0.15525771 0.15070042 0.15342295 0.12120623 0.13665133 0.16591810 0.21373087 0.17726598 0.10971053 0.18590303 0.15418427 0.14363608 0.16566775 0.14848540 0.10333721 0.14815154 0.16847662 0.17394271 0.12584498 0.15304969 0.11860156 0.13800196 0.21205589 0.14127049 0.15729113 0.14997269 0.17915301 0.14282710 0.22432562 0.09706346 0.30082409 0.23932298 0.20203876 0.15245460 0.54599832 0.42690777 0.55931129 0.00000000 0.18711943 0.15988719 0.14783370 0.19217685 0.22407293 0.13886552 0.12144336 0.30293242 0.15211302 0.18676787 0.18907368 0.14660338 0.27394135 0.10905553 0.16785936 0.26286679 0.11986545 0.20620025 0.20721285 0.19513511 0.19049276 0.14536617 0.23553302 0.12916499 0.36979963 0.15801090 0.04957294 0.11659955 0.11475665 0.20104680 0.19551433 0.18119534 0.11128410 0.20692885 0.16459493 0.11862649 0.15330682 0.18614092 0.15708979 0.14841516 0.21188793 
0.17085432 0.18967967 0.25378842 0.33718439 0.14505308 0.15297975 0.14057118 0.08505506 0.18496534 0.05453630 0.10791676 0.22029953 0.11921509 0.26234349 0.22057537 0.36559223 0.10754205 0.08669307 0.16930677 0.11429513 0.19786250 0.10716718 0.10745282 0.19023241 0.17712893 0.12448455 0.23497540 0.14126873 0.07193137 0.21482234 0.11208621 0.24337559 0.05927954 0.19811922 0.58873976 0.44126520 0.13882915 0.17014376 0.15208232 0.18711943 0.00000000 0.45734063 0.35091222 0.27610728 0.43738853 0.27334540 0.26183093 0.25172661 0.17310614 0.24120126 0.08857697 0.16319735 0.14588535 0.20137296 0.17224831 0.20733370 0.11344653 0.33632570 0.19288522 0.18574985 0.14753882 0.16876298 0.14592545 0.11935587 0.09292662 0.04823888 0.26483922 0.18038565 0.12995546 0.25246837 0.21512427 0.18224600 0.16608144 0.23351635 0.26344213 0.13020133 0.15362477 0.26421243 0.18897038 0.21630009 0.12419180 
0.21453894 0.20043255 0.10324898 0.17434165 0.04744651 0.17806810 0.07662993 0.19501602 0.19482386 0.17189530 0.13684117 0.12121794 0.10698317 0.30336172 0.12317180 0.16138710 0.19983093 0.07618804 0.17962022 0.03272304 0.09444515 0.13927169 0.19993335 0.23607647 0.19713360 0.16120003 0.23477878 0.09732610 0.19014776 0.20698073 0.15477457 0.20394848 0.19605268 0.22462706 0.28606739 0.32290251 0.14473437 0.14248936 0.18667930 0.15988719 0.45734063 0.00000000 0.38708935 0.13552218 0.30977201 0.30744609 0.24662906 0.19751575 0.18402226 0.13633853 0.10051220 0.19293463 0.07660882 0.26257033 0.23006335 0.11369597 0.30811877 0.26746177 0.13409655 0.15183302 0.15234029 0.16551419 0.17763182 0.22839636 0.09832724 0.43831220 0.20435074 0.26037537 0.27784532 0.21210521 0.20806303 0.22123491 0.11935951 0.26982672 0.28371477 0.24128828 0.21008483 0.09719884 0.17668275 0.16187129 0.26836306 
0.21526224 0.15865417 0.03199992 0.08541417 0.04350016 0.11705843 0.25837322 0.07150919 0.14407706 0.17173147 0.19447163 0.14533611 0.13704792 0.13731540 0.09635085 0.12685571 0.17424237 0.21060694 0.11618063 0.07652968 0.33331500 0.14956965 0.06868937 0.24362284 0.09539307 0.19004012 0.13423304 0.19429914 0.26066707 0.23694586 0.11606133 0.24255491 0.26600372 0.15257194 0.09064228 0.31839355 0.20093460 0.21456637 0.18676406 0.14783370 0.35091222 0.38708935 0.00000000 0.36989411 0.25895665 0.44110243 0.40708921 0.26284983 0.18137377 0.26433990 0.15096458 0.19348791 0.20738327 0.25026932 0.43600265 0.20985258 0.15350194 0.32618485 0.23859357 0.20269438 0.16056044 0.15985776 0.18030124 0.25380684 0.14631681 0.16300398 0.16503887 0.21236159 0.14372657 0.28895316 0.13362420 0.16994875 0.26646665 0.11878325 0.14440828 0.24055506 0.07373382 0.13303119 0.07000573 0.11275440 0.17301341 
0.17537516 0.17380289 0.16799176 0.18650967 0.10663286 0.20179585 0.21951245 0.14950446 0.13659912 0.15857368 0.14662461 0.15521938 0.08046630 0.14320284 0.10324610 0.21652795 0.11298199 0.08875159 0.54728431 0.23956703 0.28230871 0.24411934 0.18142759 0.11904277 0.13350720 0.12897935 0.15091477 0.11135822 0.21934847 0.33520077 0.17186908 0.16239863 0.12876835 0.28714791 0.15002495 0.11235652 0.25958344 0.19981654 0.17620837 0.19217685 0.27610728 0.13552218 0.36989411 0.00000000 0.20758301 0.28894627 0.18357463 0.17131204 0.16019553 0.09117815 0.25234065 0.19355976 0.21363650 0.14469648 0.17709660 0.17816654 0.20785434 0.15047825 0.27296428 0.20929118 0.25095843 0.19713162 0.22580105 0.19077956 0.18760034 0.05128239 0.25544799 0.17872652 0.18562431 0.20141422 0.08360556 0.26649833 0.28415099 0.18212609 0.17584873 0.08374221 0.16877284 0.10866314 0.17197032 0.13803316 0.12630678 
