0.00000000 0.24800748 0.15498237 0.14148121 0.13264548 0.15427056 0.11571348 0.11363733 0.13772324 0.13854550 0.19156783 0.17471330 0.14127636 0.10060837 0.13507630 0.15240441 0.15074551 0.12148285 0.18503533 0.13183785 0.08698692 0.12271604 0.10017313 0.09774961 0.11228627 0.11804381 0.13576497 0.15124863 0.15009818 0.07599899 0.13981028 0.15093990 0.19110109 0.07891184 0.04403058 0.16008000 0.13272176 0.11303531 0.15448807 0.15816831 0.15722097 0.13365783 0.10969788 0.10307503 0.17793200 0.15794214 0.11243352 0.18569555 0.18316763 0.13131242 0.11927351 0.10215142 0.11976077 0.13587924 0.13953049 0.14029752 0.09809573 0.11800838 0.11942666 0.11646431 0.14908441 0.10399531 0.13333892 0.13349617 0.12763844 0.09597035 0.14032204 0.11377877 0.12401551 0.10652575 0.15453310 0.12360946 0.12433659 0.13196088 0.09522949 0.14471735 0.14106842 0.15336054 0.10907693 0.14445812 0.09300277 0.08344227 0.13599842 0.11684075 0.17462521 0.11995346 0.10578809 0.11400099 0.13765434 0.19962383 0.12773970 0.13339882 0.12563754 0.14126640 0.17425044 0.06016333 0.09367762 0.10651401 0.06646529 0.10708252 0.17359722 0.11311977 0.09009500 0.12419819 0.08622467 0.10566906 0.13332681 0.11991698 0.11515638 0.13395841 0.07897313 0.13154950 0.09734760 0.10982473 0.13549655 0.11784242 0.12923500 0.08424775 0.14019739 0.21409996 0.12200644 0.15605471 0.16718176 0.20081963 0.12863912 0.13164135 0.10688662 0.14182725 0.14124232 0.09545160 0.14653425 0.11970303 0.12221399 0.14939869 0.14892138 0.11799438 0.12940654 0.09633885 0.15346655 0.16706406 0.12378956 0.09358529 0.09613136 0.10318806 0.13869024 0.12495138 0.12003539 0.12909906 0.15108454 0.13316052 0.14125074 0.14986034 0.12035716 0.07277613 0.12440258 0.13942939 0.14806906 0.12300208 0.12681641 0.08046388 0.19586880 0.10036643 0.18957778 0.15082360 0.14657193 0.12259506 0.19457115 0.11508213 0.09275990 
0.24800748 0.00000000 0.21352607 0.15719605 0.16093930 0.06810155 0.13970306 0.08905583 0.12912033 0.10258369 0.07290920 0.08132974 0.11127500 0.06271360 0.09970046 0.12100008 0.10180563 0.15327147 0.13888171 0.19062490 0.19170992 0.14863206 0.13432417 0.15226925 0.12992757 0.14547452 0.14982148 0.15665999 0.18645851 0.25509268 0.17310620 0.18728001 0.12356942 0.18314321 0.07823477 0.12239663 0.12372484 0.14124140 0.10176605 0.16836731 0.16438941 0.16950973 0.11352966 0.14908356 0.17237049 0.24058539 0.23829497 0.22078523 0.20924148 0.19983576 0.14471040 0.19371284 0.10974765 0.10135725 0.12948678 0.08921726 0.10722065 0.08910106 0.11103590 0.15300149 0.10880170 0.06872596 0.08153201 0.08230027 0.08509175 0.11392208 0.13368444 0.06666788 0.12064978 0.13084937 0.14380485 0.18567058 0.11524934 0.16242741 0.15934164 0.10114757 0.10277449 0.09900217 0.14316171 0.12909401 0.11865489 0.12038294 0.11212846 0.13636317 0.17518122 0.07572304 0.09383602 0.06547631 0.08430034 0.08845413 0.07008305 0.11144598 0.06434636 0.09045478 0.08189975 0.12179678 0.12244235 0.06988528 0.05731040 0.12664140 0.11079527 0.13357134 0.14908814 0.13442714 0.07650501 0.18022400 0.14464958 0.18012870 0.13582490 0.19884716 0.12885864 0.08565204 0.16373202 0.13552642 0.19306844 0.19383593 0.13109312 0.10357531 0.12017857 0.11647364 0.12255628 0.13723080 0.12072906 0.15031044 0.10423645 0.14573034 0.11872912 0.12232075 0.13119445 0.11899724 0.15012177 0.14572324 0.14693395 0.13714139 0.14971814 0.10358396 0.11522312 0.08967851 0.18114927 0.12272038 0.12061804 0.11461951 0.07694880 0.10115132 0.15116766 0.10835695 0.13224164 0.11746798 0.12409727 0.16782929 0.13117965 0.06000465 0.11012163 0.17958142 0.12608584 0.08579599 0.17523660 0.18669662 0.10894964 0.13110272 0.13995255 0.18338497 0.07300761 0.13824480 0.11769402 0.14528449 0.11629275 0.13588137 0.10656342 
0.15498237 0.21352607 0.00000000 0.25393907 0.13045090 0.22415524 0.15353746 0.12165331 0.07901176 0.11108589 0.12673365 0.09306805 0.09947589 0.16616037 0.07967696 0.11528101 0.08741558 0.12686977 0.15773411 0.11848627 0.15978480 0.19129894 0.12217247 0.11350467 0.29599592 0.14809372 0.17055334 0.13128580 0.13651022 0.07708841 0.16563304 0.10672518 0.13336009 0.19325369 0.15634985 0.14253907 0.14431831 0.12776988 0.15358721 0.11889816 0.14266598 0.11676308 0.16970707 0.10944957 0.15417890 0.11652980 0.11483660 0.16804978 0.33875766 0.18051809 0.20656429 0.08802474 0.14694690 0.13869139 0.13988727 0.13831167 0.13942536 0.10160098 0.08128246 0.16079401 0.06928082 0.19425306 0.11170872 0.12502714 0.09906351 0.16589219 0.11657763 0.14708889 0.14971753 0.11492073 0.12672515 0.13246971 0.16859999 0.10420495 0.08590630 0.15221025 0.12154327 0.14645635 0.15761600 0.09742266 0.13634480 0.10088264 0.10704728 0.13952889 0.13330822 0.12668502 0.12305530 0.12008441 0.11872014 0.13391624 0.10534630 0.11465129 0.11549005 0.17567137 0.10470621 0.12879182 0.09007690 0.13915435 0.12145432 0.10177067 0.12541632 0.14715175 0.13406515 0.14221942 0.15365781 0.15183789 0.12765966 0.14334566 0.18372056 0.09020299 0.06155344 0.13664908 0.10521320 0.09257883 0.17348590 0.10004202 0.11659521 0.08711354 0.08100198 0.14444581 0.14719005 0.09655719 0.09614027 0.10076581 0.09473069 0.07420157 0.11704120 0.07859315 0.20216749 0.08429472 0.07707608 0.09945095 0.07687423 0.11037311 0.10272764 0.08549194 0.12823840 0.13892234 0.17966082 0.14171514 0.18298339 0.16035245 0.09691304 0.14564791 0.08701184 0.11541248 0.15083230 0.13673994 0.12243828 0.12581338 0.13894458 0.12585451 0.09761794 0.12143377 0.12092121 0.18552285 0.12414690 0.13372332 0.12845583 0.07203564 0.15943374 0.14549641 0.16187801 0.15292598 0.05762386 0.13585844 0.13152193 0.11903020 0.13432175 
0.14148121 0.15719605 0.25393907 0.00000000 0.20164677 0.49485457 0.19469948 0.09195191 0.14579477 0.10608495 0.07838969 0.12173430 0.12434909 0.17968593 0.12277290 0.18568629 0.23869150 0.10656936 0.19785458 0.12731959 0.07094983 0.08522441 0.13943721 0.15624696 0.14683592 0.11816405 0.12409099 0.16643856 0.19991898 0.19449277 0.09978877 0.19616074 0.09394954 0.30804511 0.16859774 0.14340351 0.14931829 0.05103437 0.19766615 0.13167696 0.10445701 0.14325706 0.15520245 0.16824393 0.14524338 0.14708542 0.33882701 0.24495017 0.12884709 0.28068906 0.03033299 0.17791246 0.21332198 0.10765767 0.06813904 0.14187345 0.11636213 0.07057219 0.10171187 0.09938719 0.15638965 0.11350028 0.14234401 0.11817336 0.09609968 0.11030843 0.14573761 0.13678033 0.09787470 0.07434590 0.14351956 0.11942767 0.09122841 0.19674961 0.13888746 0.15755974 0.14860364 0.12025820 0.14985125 0.12234507 0.15223202 0.14924088 0.12592925 0.16130500 0.12930089 0.15030940 0.12688557 0.09377879 0.06609207 0.09782371 0.09966477 0.05083908 0.12462960 0.10404200 0.09155870 0.08868345 0.09699150 0.12713186 0.09940346 0.14907406 0.15552309 0.11441067 0.13184496 0.12949857 0.12908131 0.11431013 0.20514539 0.14125616 0.13908911 0.12341892 0.10462256 0.08822234 0.09466900 0.09240568 0.08929526 0.11922180 0.13317032 0.13823205 0.12690507 0.12694925 0.08581255 0.04396584 0.08272750 0.09796862 0.11466406 0.08791870 0.10912516 0.09175354 0.05726005 0.11483535 0.09489749 0.08649576 0.07677329 0.07764733 0.10191647 0.07714879 0.07253573 0.09843641 0.11562272 0.11546965 0.15536308 0.12267986 0.06635780 0.10032263 0.11829518 0.12430853 0.14026702 0.10651273 0.13216615 0.11151496 0.11988167 0.17282572 0.08672175 0.10158341 0.11742008 0.14959047 0.12188388 0.14596283 0.10459572 0.16667373 0.14821670 0.12993377 0.07052664 0.14410805 0.16881080 0.18577423 0.13427203 0.12043747 0.14630798 
0.13264548 0.16093930 0.13045090 0.20164677 0.00000000 0.13303074 0.17556060 0.09294058 0.14815577 0.08083394 0.11155032 0.18924077 0.16821374 0.13083839 0.04359015 0.13330472 0.12868022 0.24094867 0.16207454 0.09678551 0.27732327 0.42254050 0.09751612 0.16020851 0.18848420 0.11342068 0.23824691 0.16277049 0.11849087 0.19578268 0.21230346 0.16555337 0.17782504 0.17536389 0.10063322 0.13797180 0.02811285 0.14240682 0.12129816 0.16823765 0.02740122 0.14183046 0.09897137 0.12323993 0.14314302 0.11520239 0.16262319 0.14663740 0.03524655 0.13681454 0.26482843 0.11927111 0.12757133 0.10919121 0.07416530 0.13404113 0.12772775 0.17502038 0.07139754 0.09939511 0.07756638 0.14118121 0.09513375 0.10544199 0.12928719 0.10735929 0.13197712 0.14476286 0.19418906 0.07030123 0.14908023 0.16741269 0.13729854 0.12629852 0.12848078 0.14449280 0.12411683 0.18040242 0.13322635 0.11474797 0.14364691 0.12511005 0.08538392 0.09193655 0.13160159 0.10706426 0.08867799 0.14591281 0.09916500 0.13813681 0.14342604 0.10729912 0.13822559 0.16319518 0.11099667 0.07436130 0.16635766 0.13903259 0.06787378 0.17643074 0.05451855 0.07852140 0.15337229 0.11550734 0.13499454 0.07826376 0.15497344 0.11668957 0.19398903 0.18284126 0.18840009 0.14088771 0.21969832 0.08654048 0.06036823 0.09419578 0.09086829 0.09587530 0.07278387 0.16886116 0.12744819 0.10585191 0.15823888 0.08711517 0.10326801 0.16948868 0.07616864 0.14094387 0.08948823 0.15453016 0.16307471 0.12289211 0.09918404 0.13265906 0.10216480 0.11493619 0.14884194 0.13644761 0.09026005 0.12195770 0.18487326 0.07746884 0.13402252 0.13275192 0.17716714 0.06152242 0.07209362 0.13908881 0.10008975 0.09796003 0.09995210 0.15940911 0.07384758 0.07558831 0.18707574 0.08270096 0.04502448 0.11282481 0.10270063 0.13986567 0.07469474 0.10341607 0.11567736 0.11951557 0.13982449 0.12888755 0.15702202 0.18917263 0.13775891 
0.15427056 0.06810155 0.22415524 0.49485457 0.13303074 0.00000000 0.13908532 0.16197621 0.10721943 0.14898657 0.14443804 0.11369172 0.13365166 0.09435027 0.12698783 0.08892337 0.10383465 0.11115740 0.12795420 0.14783970 0.11456314 0.11350351 0.13308042 0.08529785 0.15465284 0.11823347 0.14483729 0.09554200 0.14668070 0.08481299 0.11311631 0.16129075 0.15831176 0.23814461 0.09881097 0.24418735 0.17367531 0.13006192 0.20449973 0.09829379 0.09923689 0.17175860 0.10566511 0.20233592 0.10113168 0.15410489 0.21432703 0.10273233 0.10921505 0.25734503 0.15984505 0.28023997 0.11813282 0.07055418 0.07761219 0.10363153 0.12755705 0.07251110 0.14745637 0.15168511 0.17186556 0.16196057 0.19940548 0.11413472 0.21537810 0.17350126 0.10298971 0.10463200 0.25634199 0.09552373 0.12099331 0.12819465 0.16983447 0.14888640 0.14990779 0.14968047 0.14065660 0.09685627 0.09570254 0.09519273 0.11857797 0.14545073 0.10399290 0.19515647 0.12190302 0.13612252 0.13699906 0.10359834 0.10919072 0.11038081 0.10142342 0.10301289 0.07582378 0.13215464 0.08900561 0.11053965 0.10213644 0.16302438 0.15064773 0.09284562 0.11973386 0.16821417 0.08376987 0.12723350 0.08634679 0.09823602 0.13414973 0.12330094 0.16541240 0.11521933 0.12606095 0.17672192 0.17030107 0.09417982 0.10620041 0.13076881 0.11958277 0.19192669 0.12474175 0.15302763 0.12598181 0.07749393 0.09025059 0.11653126 0.12709232 0.08568878 0.08969069 0.10948231 0.07048050 0.11088213 0.11540909 0.12734190 0.07692063 0.05876189 0.13361528 0.10673512 0.14456916 0.11005864 0.15672402 0.10662838 0.09189676 0.10195791 0.12389210 0.10538812 0.15056496 0.15904724 0.12252390 0.14384506 0.15644032 0.14653086 0.11819673 0.16744051 0.11294327 0.13117415 0.11156065 0.10220919 0.06911439 0.08743362 0.17055137 0.09916709 0.12699933 0.07705229 0.10492003 0.09683235 0.09958795 0.13125790 0.12515643 0.13829571 0.12010791 
0.11571348 0.13970306 0.15353746 0.19469948 0.17556060 0.13908532 0.00000000 0.09868440 0.17032173 0.19090861 0.22436982 0.15757618 0.14824975 0.19887985 0.27706656 0.09860302 0.12744049 0.20848107 0.24166219 0.17645112 0.10307953 0.07746294 0.10849408 0.13635695 0.10013668 0.08898487 0.06485063 0.09777385 0.14867711 0.13619365 0.10119517 0.15469749 0.15279368 0.15916777 0.20504381 0.24445328 0.11563387 0.11397134 0.09855008 0.10206051 0.09674523 0.14828076 0.11827325 0.16655529 0.08297735 0.07739079 0.18036974 0.14478941 0.13069915 0.16394376 0.10378753 0.09387103 0.19512322 0.06574048 0.13270911 0.09965873 0.13545304 0.12406564 0.13834893 0.11320112 0.12812096 0.08596753 0.15710434 0.10346601 0.09872373 0.14164215 0.11655885 0.19812957 0.14256408 0.19041855 0.14251683 0.14169711 0.13185376 0.11780336 0.15571331 0.09359143 0.09661661 0.17889127 0.19396745 0.14951892 0.12051536 0.13436688 0.13425386 0.18261375 0.14376069 0.14475423 0.08921874 0.16510749 0.12382596 0.11282838 0.13233486 0.14189748 0.12926238 0.15680567 0.10554768 0.10585050 0.12655709 0.09797829 0.09033621 0.08981737 0.13338209 0.06615512 0.10003807 0.11115705 0.06987383 0.12508117 0.09587044 0.10332748 0.17774529 0.13177748 0.08596719 0.10443228 0.13739753 0.11641670 0.13280548 0.13680157 0.09027623 0.10950587 0.08561357 0.11760756 0.11294292 0.11173195 0.10017960 0.08895639 0.11662883 0.12848296 0.09937549 0.11675108 0.10126873 0.11934895 0.12218077 0.10490899 0.11369557 0.11404147 0.13411207 0.12120066 0.11878542 0.14463932 0.11105846 0.22543644 0.12080368 0.20221746 0.17781039 0.09812027 0.18208340 0.09289314 0.11547269 0.13368195 0.09972219 0.09608909 0.12132837 0.17069681 0.15018736 0.15824199 0.12046039 0.09139774 0.19228970 0.10006699 0.11960423 0.10609818 0.10268462 0.07929588 0.10460459 0.09419947 0.15287143 0.13113156 0.13116435 0.15370208 0.13701289 
0.11363733 0.08905583 0.12165331 0.09195191 0.09294058 0.16197621 0.09868440 0.00000000 0.16727358 0.24269529 0.19642811 0.20371368 0.12440217 0.10838726 0.11504503 0.08157054 0.03846053 0.14325473 0.06740633 0.07610742 0.10599605 0.11999657 0.12591946 0.05928476 0.11715167 0.09191994 0.12212666 0.12136141 0.13557164 0.09585539 0.15270166 0.07964035 0.16470584 0.12428400 0.21984956 0.15419567 0.15851219 0.09836901 0.09408439 0.10812086 0.10819130 0.10911811 0.07514854 0.14726160 0.11405678 0.12434891 0.08592213 0.02971501 0.12436712 0.15293864 0.12648036 0.10110939 0.10557390 0.25966335 0.22594570 0.16320788 0.21541361 0.16351117 0.11093240 0.18472163 0.15275166 0.12588639 0.38779530 0.16195263 0.31157628 0.29378897 0.15487687 0.07507186 0.13077926 0.07756013 0.08362690 0.11639463 0.09149306 0.08201176 0.10969493 0.09067086 0.13751110 0.14992938 0.08697963 0.14168219 0.13981614 0.10911775 0.08954855 0.13421067 0.13391990 0.10870455 0.20096705 0.16191188 0.24608733 0.19211949 0.14774995 0.15943092 0.19571043 0.18827941 0.18691711 0.11499902 0.11078486 0.17060077 0.12274729 0.10739330 0.21795436 0.12166552 0.13645147 0.11663572 0.14220950 0.13161551 0.12533852 0.16725455 0.16247066 0.09696886 0.10467992 0.15192388 0.16971019 0.11007163 0.09647436 0.06518587 0.10495747 0.07278967 0.08266677 0.12539286 0.14943713 0.13959885 0.13919743 0.13363015 0.17223298 0.09304309 0.12122467 0.13702165 0.13882255 0.14307363 0.14495846 0.15348073 0.15291152 0.10889889 0.16650506 0.15215302 0.13512335 0.18560157 0.14574637 0.12511782 0.09533333 0.08711267 0.13656811 0.16179530 0.13889771 0.10960445 0.12221038 0.14449124 0.08611155 0.08847511 0.13395362 0.12168413 0.15665662 0.05421726 0.11289439 0.09753386 0.14038045 0.07270874 0.16098905 0.08728769 0.07582334 0.10269434 0.19473017 0.07106155 0.03968057 0.03810201 0.08963154 0.03238540 0.12954537 
0.13772324 0.12912033 0.07901176 0.14579477 0.14815577 0.10721943 0.17032173 0.16727358 0.00000000 0.15167399 0.12662397 0.23005815 0.18209076 0.30604717 0.10933941 0.06846248 0.06105489 0.09015574 0.15862774 0.11409514 0.05349325 0.13919315 0.11288118 0.09990721 0.14886307 0.04409392 0.09013231 0.11776230 0.15688098 0.11051223 0.16043260 0.19173725 0.11879076 0.05672881 0.10156413 0.19964691 0.05828902 0.09606709 0.06907706 0.16804135 0.14455737 0.05933825 0.07170189 0.08832007 0.15705861 0.08390146 0.15258331 0.09984735 0.07702790 0.13735157 0.19342609 0.21547452 0.11436908 0.12639304 0.12141286 0.12335600 0.09491572 0.09347645 0.23119856 0.13325613 0.07702160 0.14450611 0.13822130 0.15537291 0.31363885 0.11457225 0.09333927 0.06531656 0.18259329 0.24435832 0.08920858 0.21266775 0.19516237 0.17459475 0.08282019 0.16558245 0.13439214 0.07699451 0.06605317 0.08231840 0.15729265 0.06490665 0.09644877 0.12222963 0.08043783 0.12406781 0.09360721 0.12839272 0.10988442 0.13597539 0.07838240 0.15606343 0.12618876 0.12984480 0.10900779 0.13444271 0.16764377 0.10412403 0.19055833 0.10917410 0.16869066 0.08245566 0.17840555 0.11306730 0.08383920 0.12914040 0.14911414 0.11646391 0.08068277 0.08521771 0.06776927 0.14740029 0.09684714 0.16983176 0.05259414 0.09527058 0.11183925 0.17139710 0.18394352 0.14477650 0.13565747 0.17311069 0.17408736 0.13085981 0.12951088 0.15279433 0.12629831 0.13967648 0.14475721 0.16949173 0.16460484 0.13253124 0.14499833 0.14867213 0.19667048 0.13561253 0.16317970 0.12339547 0.15787875 0.14704556 0.12810205 0.17623312 0.08142366 0.18828318 0.19126627 0.18713372 0.16929746 0.15947649 0.15865305 0.15974029 0.10260937 0.15757718 0.08422490 0.10363092 0.08970931 0.10025700 0.13293368 0.11681247 0.11130424 0.13091542 0.11686042 0.10907132 0.07036293 0.12539312 0.08891174 0.09349135 0.08568160 0.10866977 0.13476602 
0.13854550 0.10258369 0.11108589 0.10608495 0.08083394 0.14898657 0.19090861 0.24269529 0.15167399 0.00000000 0.31358949 0.13777613 0.13036362 0.20939045 0.17516900 0.16575104 0.10724760 0.15548741 0.19213815 0.16064165 0.10312423 0.08404896 0.09705856 0.18214807 0.08430438 0.07463971 0.06290896 0.11214525 0.12394928 0.07034480 0.09832515 0.12447272 0.08655762 0.12005186 0.14157341 0.17278111 0.15640989 0.07905885 0.11428988 0.14855844 0.10364463 0.08234164 0.07960624 0.12788837 0.09817183 0.10872020 0.08038345 0.11282837 0.08857131 0.10653039 0.15057588 0.16018005 0.12298422 0.14126201 0.19448882 0.17676997 0.20706628 0.19633418 0.15650254 0.14641494 0.13537951 0.16467362 0.23902348 0.41788106 0.11523410 0.15442125 0.07797801 0.08197210 0.12775595 0.10991880 0.13321572 0.13488405 0.11275145 0.09364988 0.07695474 0.05012530 0.04231160 0.10183285 0.12669149 0.13369027 0.09742125 0.10343014 0.12803562 0.10453801 0.15492160 0.13573766 0.12735446 0.21710432 0.17702063 0.24873836 0.12683806 0.16857639 0.18619199 0.22643755 0.12970067 0.10884690 0.15086014 0.14420588 0.15446508 0.10724896 0.18444172 0.16615030 0.09063796 0.17229072 0.17506768 0.11991223 0.10000672 0.12366861 0.13730812 0.08378844 0.08503855 0.08617212 0.10082817 0.14803291 0.12187722 0.09292874 0.08612816 0.11079081 0.08914847 0.14103145 0.11642050 0.09805794 0.09068675 0.12712234 0.15943572 0.11388754 0.13569442 0.13903389 0.13301604 0.15220952 0.11168185 0.12614754 0.12092168 0.11307400 0.14276936 0.11794343 0.15512286 0.16385644 0.10056377 0.09398509 0.09654773 0.13695028 0.18063334 0.21029063 0.19895286 0.19725481 0.17891500 0.13745108 0.12649393 0.15566295 0.19894664 0.15293082 0.14126201 0.09473437 0.14464851 0.11740231 0.14491472 0.06075914 0.13923211 0.13803071 0.05396639 0.06261649 0.11379392 0.11025724 0.07837863 0.07176689 0.04515288 0.08962297 0.10074808 
0.19156783 0.07290920 0.12673365 0.07838969 0.11155032 0.14443804 0.22436982 0.19642811 0.12662397 0.31358949 0.00000000 0.12267245 0.24840989 0.11685928 0.14860852 0.23442794 0.14118649 0.12936298 0.10788237 0.12518248 0.11873429 0.06747419 0.15991349 0.15830796 0.08782525 0.08038612 0.10509166 0.09400911 0.10907704 0.09898940 0.08122957 0.12186081 0.16215693 0.14155149 0.11127088 0.12293332 0.10868458 0.18222172 0.09681732 0.16341513 0.10225891 0.10906284 0.04589160 0.10861542 0.08469422 0.06472514 0.08190843 0.10089914 0.08127730 0.11309350 0.13411260 0.13006262 0.14818384 0.21536039 0.18126506 0.21032144 0.29718045 0.23588254 0.15470644 0.15854178 0.11634177 0.16759133 0.13786739 0.18904870 0.09017032 0.17060518 0.14433384 0.04734293 0.11838825 0.08774028 0.14712686 0.07678997 0.10611732 0.11889497 0.12794410 0.09480472 0.07360381 0.12822216 0.14524294 0.12572740 0.09135318 0.12657303 0.10708418 0.14587536 0.13348267 0.11082499 0.19635495 0.20577493 0.15698336 0.19774464 0.09009981 0.14560593 0.14328464 0.16697634 0.16613886 0.25611481 0.15964159 0.13193995 0.14753603 0.11359226 0.16081753 0.17535552 0.11339743 0.13447852 0.11286515 0.11591299 0.14739157 0.15454481 0.15969268 0.08941948 0.11998526 0.09654408 0.17263874 0.12047771 0.11331188 0.11665118 0.09978697 0.10085485 0.10169801 0.16471292 0.14023713 0.09869493 0.13998896 0.13487135 0.14756880 0.11611441 0.15147788 0.09856351 0.16667519 0.10678056 0.12582755 0.09786212 0.10533980 0.11778446 0.16903617 0.10808002 0.10840782 0.11435469 0.13950765 0.11420243 0.18361240 0.13599855 0.14708006 0.17081705 0.14755483 0.16335301 0.13525539 0.11766847 0.12411556 0.11288373 0.11615573 0.17848538 0.11858569 0.13654969 0.10183638 0.13370388 0.11124414 0.05407178 0.10593043 0.13559343 0.03183751 0.06393846 0.06906397 0.08579178 0.07924138 0.09645603 0.13521607 0.16248540 0.11781074 
0.17471330 0.08132974 0.09306805 0.12173430 0.18924077 0.11369172 0.15757618 0.20371368 0.23005815 0.13777613 0.12267245 0.00000000 0.21366237 0.11843988 0.19883480 0.12745413 0.12870943 0.16290468 0.13253163 0.12131001 0.13248774 0.11737597 0.10890801 0.09254541 0.15309663 0.09256301 0.08823035 0.08399104 0.07163946 0.14341350 0.14063985 0.07552239 0.16662731 0.08851334 0.12364155 0.11353240 0.18671223 0.10920626 0.14868233 0.17738363 0.14454966 0.11088693 0.11150307 0.17402355 0.14515760 0.16787531 0.06996295 0.08599431 0.08748731 0.11062542 0.10942911 0.10769293 0.10326838 0.12788425 0.09350469 0.11575157 0.11406142 0.19057428 0.15469197 0.18379822 0.10007924 0.13792262 0.14874777 0.16718757 0.16445216 0.11304267 0.09991346 0.15530921 0.14732647 0.11810958 0.11857821 0.10297297 0.11102940 0.11659758 0.11507320 0.13485933 0.09173126 0.14587236 0.10737987 0.08889753 0.08347231 0.12842966 0.13898433 0.13198367 0.11660394 0.15463196 0.12454705 0.11822702 0.16488323 0.10921147 0.10857068 0.16041323 0.11991661 0.15861867 0.16960326 0.14656536 0.16235774 0.14016218 0.12673102 0.08435636 0.09251028 0.10786196 0.08674154 0.12103667 0.12082322 0.13024424 0.10453818 0.11934718 0.11258400 0.10201648 0.13202336 0.09555753 0.13985127 0.22325357 0.09347101 0.10437903 0.12050588 0.08343474 0.13209143 0.13104490 0.18926313 0.16736355 0.16489339 0.14898262 0.13162387 0.13871296 0.13539543 0.14033805 0.16314653 0.14522681 0.17265524 0.14974082 0.18331220 0.16865469 0.18865300 0.18141488 0.16199764 0.15731838 0.14509578 0.09374308 0.13617598 0.08461976 0.12121523 0.08738191 0.13491306 0.19422711 0.10208539 0.07533832 0.12491243 0.11719070 0.08053118 0.06997589 0.06997875 0.11446823 0.11969333 0.08528471 0.11694485 0.12544987 0.10927356 0.11870267 0.13202013 0.14369071 0.07857847 0.16484933 0.13469014 0.09336063 0.16723949 0.14051439 0.16724702 
0.14127636 0.11127500 0.09947589 0.12434909 0.16821374 0.13365166 0.14824975 0.12440217 0.18209076 0.13036362 0.24840989 0.21366237 0.00000000 0.18822370 0.10397801 0.15451554 0.18974220 0.15667043 0.09578329 0.15616880 0.10514475 0.14998219 0.12989917 0.14370925 0.13032006 0.15118986 0.13206280 0.09267557 0.17623061 0.09293715 0.08182861 0.10938251 0.11370723 0.10223141 0.12255576 0.15892586 0.10805196 0.09139772 0.08412751 0.08385427 0.12225798 0.14905791 0.14354133 0.11332028 0.12357060 0.15244094 0.13394867 0.08902383 0.11819723 0.05386422 0.08493623 0.16945061 0.14343847 0.11526331 0.21329006 0.09192931 0.21211342 0.10243151 0.13528835 0.11362344 0.10110602 0.10920570 0.10713846 0.11372559 0.14249098 0.15238949 0.11611927 0.10165065 0.14132096 0.20833605 0.12671331 0.21803476 0.12285611 0.14751725 0.13449276 0.13094605 0.12827576 0.11320121 0.13222944 0.10742358 0.13384895 0.09140665 0.16800770 0.14819974 0.12388121 0.15691750 0.14084626 0.19086067 0.12423979 0.20453069 0.14823771 0.16821792 0.14279315 0.13083063 0.08633755 0.09203998 0.25054974 0.08244952 0.07920038 0.10042909 0.11566408 0.11638288 0.03462282 0.14069318 0.05879220 0.12056614 0.09826083 0.15043860 0.05520690 0.06904771 0.11825202 0.10844374 0.11885393 0.11155622 0.03378528 0.15396022 0.10765609 0.09501987 0.06874612 0.15936858 0.17063010 0.16743556 0.14243504 0.13665936 0.13849412 0.14529109 0.16174528 0.09360753 0.14750440 0.10149079 0.10486669 0.10812178 0.14183469 0.14468107 0.09909533 0.12389241 0.15314587 0.09544683 0.17851372 0.12687055 0.12311539 0.13413247 0.17978712 0.17583250 0.21678537 0.24967090 0.19405725 0.09354563 0.16690217 0.15034508 0.18145352 0.14242433 0.17360407 0.07233656 0.09822030 0.19902441 0.14662984 0.12130705 0.10548243 0.11210009 0.07124216 0.10943312 0.12360320 0.10826414 0.10821489 0.15213881 0.09642994 0.13882466 0.13911625 
0.10060837 0.06271360 0.16616037 0.17968593 0.13083839 0.09435027 0.19887985 0.10838726 0.30604717 0.20939045 0.11685928 0.11843988 0.18822370 0.00000000 0.12675483 0.15120922 0.19945751 0.14982084 0.09259839 0.10925552 0.12409303 0.13960947 0.14867267 0.13065989 0.15123977 0.17088231 0.09684484 0.13844930 0.16029939 0.10234110 0.06841387 0.13060782 0.14951190 0.09615351 0.14239364 0.13090154 0.08786592 0.06486867 0.11895041 0.10921286 0.08454083 0.12211925 0.14423110 0.10318437 0.16569194 0.07643935 0.20825173 0.14796963 0.17014926 0.09889114 0.13264862 0.10374994 0.37610113 0.09122723 0.24356561 0.11209576 0.18068275 0.14097767 0.15317460 0.11685474 0.16496590 0.14382507 0.15661183 0.13313238 0.19496576 0.15136576 0.06546762 0.14660716 0.10470510 0.13273501 0.15048396 0.14756929 0.11697163 0.14360254 0.13242332 0.19840888 0.06876998 0.14750375 0.07099808 0.16007850 0.18660997 0.12291244 0.22108264 0.16741977 0.09223337 0.15656747 0.05770347 0.31288179 0.08596413 0.18354570 0.11737965 0.07961574 0.08906219 0.15583803 0.11984175 0.06240938 0.12230830 0.10131631 0.14107660 0.18586539 0.13950376 0.17053986 0.13406640 0.10439546 0.13323566 0.09311497 0.08614163 0.07566257 0.08412597 0.08547976 0.12077204 0.15209427 0.12268912 0.11036576 0.04627044 0.12120906 0.10222633 0.12841191 0.11580827 0.14655088 0.06767742 0.10385067 0.10112532 0.13595433 0.15647046 0.10660861 0.10629377 0.07531547 0.10469713 0.08055608 0.08768371 0.10566775 0.07988374 0.07973881 0.06309798 0.09506334 0.05745088 0.12607827 0.13234041 0.09321066 0.17291530 0.15165952 0.16659823 0.13888608 0.15647984 0.10601962 0.08769562 0.13906294 0.12053007 0.14174516 0.11153409 0.12723790 0.16006945 0.10964032 0.14897901 0.14664240 0.11150245 0.12514630 0.11057462 0.14904890 0.09401140 0.07837460 0.15339991 0.12624429 0.14810611 0.18034343 0.14431827 0.12824203 0.13705581 
0.13507630 0.09970046 0.07967696 0.12277290 0.04359015 0.12698783 0.27706656 0.11504503 0.10933941 0.17516900 0.14860852 0.19883480 0.10397801 0.12675483 0.00000000 0.20063051 0.11826931 0.14978314 0.61517324 0.14169362 0.12843647 0.20313422 0.19097330 0.17410182 0.07918051 0.15499928 0.11513085 0.10945532 0.15809095 0.13356639 0.11582577 0.21981119 0.11830163 0.19720082 0.23525019 0.09156845 0.15143151 0.21346993 0.15466504 0.14207622 0.09127089 0.11536705 0.12111814 0.09978657 0.10836555 0.14327726 0.09565938 0.13875216 0.07325811 0.03822453 0.07865573 0.08637353 0.07614489 0.10482130 0.11996358 0.12856065 0.14886551 0.09753152 0.14076052 0.18267950 0.14562396 0.16478578 0.10981564 0.20510906 0.28430260 0.09207513 0.13781835 0.14181924 0.18470062 0.15288802 0.15116534 0.13221730 0.11558406 0.08824234 0.16158504 0.10359720 0.11460715 0.09314026 0.13239294 0.10140277 0.09514025 0.12689272 0.17417552 0.09695809 0.11465599 0.11260087 0.12227727 0.13145180 0.11673007 0.10211973 0.07053678 0.11036985 0.19893962 0.15427205 0.16621532 0.11976489 0.10788006 0.10699831 0.13375567 0.09701145 0.15766967 0.10277589 0.14822678 0.12984718 0.02120983 0.10375468 0.12750185 0.13587131 0.13913385 0.10834440 0.10594044 0.14697068 0.17239251 0.12522864 0.06890226 0.10939387 0.11048253 0.11842640 0.12109406 0.10152925 0.12598076 0.08887461 0.12222913 0.13939441 0.12080324 0.13546326 0.10916409 0.11159229 0.12523147 0.13166576 0.15929742 0.11047324 0.11446097 0.14694262 0.12147157 0.10895326 0.08431796 0.14421108 0.15719075 0.13564264 0.14844129 0.09118954 0.17486816 0.13561459 0.17095249 0.11382776 0.11902972 0.13632869 0.12509168 0.12899855 0.15688681 0.12194535 0.16378841 0.10389930 0.10506691 0.09514229 0.11654069 0.10568982 0.12374090 0.09496743 0.15198133 0.14877560 0.09054911 0.12175155 0.08893722 0.07262892 0.08165628 0.14521649 0.12180526 
0.15240441 0.12100008 0.11528101 0.18568629 0.13330472 0.08892337 0.09860302 0.08157054 0.06846248 0.16575104 0.23442794 0.12745413 0.15451554 0.15120922 0.20063051 0.00000000 0.15152477 0.10173010 0.21431071 0.25175971 0.16617876 0.10777065 0.15092106 0.12823184 0.17399768 0.14852662 0.11041659 0.14027470 0.13248396 0.13462562 0.14097223 0.12950877 0.12350226 0.12652009 0.19816547 0.14125155 0.21529087 0.14955069 0.11579840 0.13665787 0.13360955 0.11379818 0.08535704 0.22658471 0.19672280 0.15827470 0.08734949 0.17319879 0.10195965 0.14902932 0.10420066 0.13327749 0.14273032 0.12351018 0.10517338 0.13512931 0.20188637 0.14698239 0.12504447 0.12240768 0.13491158 0.09800184 0.13698278 0.19017207 0.12446656 0.16037002 0.11543917 0.14991318 0.07470656 0.14145735 0.11781916 0.12912409 0.08425509 0.17531770 0.15429015 0.11208464 0.13771744 0.07504809 0.12184482 0.09716407 0.14414927 0.15084700 0.15542825 0.12527398 0.08220794 0.12522256 0.07546595 0.13715391 0.16078728 0.15849794 0.11951851 0.10674928 0.12953018 0.08580877 0.17285892 0.17592080 0.15026524 0.08782285 0.07070098 0.10291501 0.11442888 0.07826413 0.08910164 0.20404269 0.13207442 0.10081795 0.14729420 0.23254725 0.15423131 0.13282532 0.09406022 0.10934599 0.10404324 0.08331614 0.11284616 0.02653985 0.14154977 0.13007348 0.15002772 0.09738682 0.10597150 0.11629561 0.07987411 0.09562232 0.08350934 0.11810565 0.13247388 0.15756521 0.09784193 0.07573639 0.09844308 0.09271013 0.09193108 0.12693117 0.12985449 0.11186437 0.09651625 0.07976573 0.11099307 0.08313968 0.09393203 0.12331079 0.09978298 0.13249055 0.17955418 0.15241343 0.19031178 0.09759336 0.18028289 0.15619323 0.15879194 0.16094683 0.26879907 0.13096861 0.16497683 0.13917429 0.19973185 0.16588398 0.11339191 0.16287133 0.19031611 0.09017979 0.13620855 0.11217790 0.10844725 0.12424183 0.12055939 0.13421243 0.12837005 
0.15074551 0.10180563 0.08741558 0.23869150 0.12868022 0.10383465 0.12744049 0.03846053 0.06105489 0.10724760 0.14118649 0.12870943 0.18974220 0.19945751 0.11826931 0.15152477 0.00000000 0.10412589 0.16103255 0.15088894 0.11592203 0.18804457 0.10911456 0.18894407 0.09185508 0.08206262 0.13454570 0.16782247 0.13629882 0.11787420 0.10688040 0.07564046 0.10676877 0.10205196 0.10224700 0.15273255 0.13027126 0.11963837 0.08625309 0.11690190 0.10277466 0.11570054 0.11738858 0.10175300 0.12422585 0.09345337 0.18767363 0.14754171 0.13727937 0.08367580 0.11066893 0.11542602 0.22310914 0.09040364 0.08161423 0.11408831 0.15114499 0.09895791 0.15708558 0.12978199 0.06743152 0.11535288 0.14874575 0.09209776 0.18343612 0.16525769 0.06617756 0.15352408 0.09938887 0.14215209 0.07668765 0.19640809 0.06570827 0.10857393 0.21535299 0.10406171 0.08816368 0.09125607 0.10758432 0.14094055 0.11148118 0.13940908 0.15744584 0.15537299 0.15184934 0.18283547 0.12929403 0.22657357 0.07902271 0.15916716 0.14933451 0.14473534 0.14463658 0.10308386 0.07856053 0.14017934 0.17926127 0.12961820 0.15446263 0.11697155 0.14573314 0.13542221 0.11222197 0.18213868 0.10729485 0.11546275 0.09509464 0.16067324 0.08100222 0.18104318 0.13124486 0.14007193 0.10964925 0.07954083 0.12487380 0.13735457 0.07524952 0.15273463 0.13350053 0.11753335 0.12175919 0.12749736 0.08306026 0.10260256 0.10764584 0.21174468 0.08808469 0.08425374 0.14301705 0.12635814 0.06639849 0.14737476 0.13543924 0.09820715 0.05655959 0.15338717 0.11923887 0.07494413 0.15868285 0.11084688 0.16329923 0.10690364 0.22700553 0.16878932 0.20895389 0.12963744 0.14355859 0.11038071 0.10661363 0.18337820 0.16487879 0.21378810 0.21095556 0.13985096 0.18404626 0.41693253 0.13785644 0.14952248 0.09481368 0.16260902 0.10445606 0.06126488 0.09311042 0.07872950 0.14485302 0.20214759 0.14671077 0.14522475 0.12608021 
0.12148285 0.15327147 0.12686977 0.10656936 0.24094867 0.11115740 0.20848107 0.14325473 0.09015574 0.15548741 0.12936298 0.16290468 0.15667043 0.14982084 0.14978314 0.10173010 0.10412589 0.00000000 0.15605044 0.10095842 0.17280750 0.16206196 0.12981460 0.14252246 0.12485847 0.16253289 0.13363620 0.16304654 0.11523976 0.12386134 0.13659030 0.11230812 0.17242584 0.13349469 0.10542321 0.13601532 0.09046639 0.09085581 0.13740841 0.09951915 0.14205840 0.10890693 0.15660082 0.14294546 0.17887853 0.13133520 0.10607428 0.12060487 0.13957059 0.10053248 0.11149895 0.10168302 0.18675400 0.11108906 0.11305580 0.11385355 0.14948811 0.17100488 0.12223612 0.10910311 0.10143222 0.11438421 0.15516294 0.11416125 0.11958512 0.11288386 0.11359416 0.13348270 0.10875939 0.13226262 0.12375147 0.13194181 0.14673767 0.12447690 0.10916274 0.11214839 0.10801791 0.12253619 0.10899779 0.12367671 0.09604932 0.09875522 0.10965890 0.16349906 0.16467073 0.26926370 0.14001541 0.14190560 0.14975631 0.12531422 0.13021070 0.08500941 0.12237547 0.10983779 0.14545799 0.12885730 0.08445252 0.13618720 0.11946759 0.19540823 0.09776248 0.10757282 0.12338513 0.12560114 0.14488196 0.15662240 0.10951794 0.11963372 0.12903293 0.14537539 0.09681762 0.12478378 0.23491867 0.12968040 0.11132601 0.12973415 0.17335354 0.08013732 0.16713655 0.15296560 0.13699623 0.13374158 0.15410400 0.14578682 0.20102508 0.15021729 0.15790260 0.15508985 0.15393662 0.15590024 0.13676754 0.13062976 0.13037346 0.14604155 0.15783820 0.17388865 0.16603414 0.13038123 0.16144295 0.16994267 0.10929926 0.10138571 0.09088676 0.10123897 0.10983394 0.13547809 0.08608728 0.08233398 0.09699430 0.12522129 0.12785127 0.07612548 0.12968533 0.06698293 0.08158748 0.08207556 0.10214937 0.09254767 0.12265941 0.06979780 0.10746849 0.07700088 0.09231031 0.10881019 0.17636078 0.13388329 0.10606068 0.11956898 0.10683710 
0.18503533 0.13888171 0.15773411 0.19785458 0.16207454 0.12795420 0.24166219 0.06740633 0.15862774 0.19213815 0.10788237 0.13253163 0.09578329 0.09259839 0.61517324 0.21431071 0.16103255 0.15605044 0.00000000 0.17398454 0.09944197 0.22035411 0.15073137 0.23845112 0.13010536 0.11933748 0.17643871 0.17449748 0.08688815 0.15423797 0.13428921 0.19774962 0.24078230 0.14104447 0.09150912 0.16711632 0.14773940 0.15912904 0.11852215 0.10902290 0.13809627 0.13428069 0.17851762 0.13309096 0.09932630 0.13957841 0.13986858 0.13663860 0.16330605 0.09838034 0.06751197 0.13102077 0.13781702 0.12714349 0.04753524 0.05418803 0.11883896 0.10510899 0.16184261 0.09358481 0.12154119 0.05625729 0.12147868 0.10583399 0.08729985 0.08912538 0.15682142 0.12290891 0.12103015 0.17064901 0.11803964 0.10249726 0.16530013 0.17702776 0.12835089 0.14791034 0.15626355 0.10340204 0.13537113 0.09416968 0.17503219 0.15116836 0.07607465 0.19380282 0.08544541 0.12566888 0.07048263 0.11950078 0.08955086 0.09401128 0.16898095 0.11898093 0.10986386 0.07345302 0.11165078 0.09949962 0.10830733 0.08280534 0.13431620 0.06563272 0.17803664 0.07436133 0.12338947 0.09502570 0.15297377 0.14903670 0.09622153 0.10200190 0.10185352 0.11279984 0.11011041 0.13307910 0.13881151 0.08902904 0.12544062 0.09802526 0.15232719 0.11040812 0.18380619 0.12402236 0.11890039 0.08491262 0.12612309 0.13479120 0.09831058 0.09735160 0.09005262 0.07150429 0.09001640 0.09382625 0.11002990 0.12421320 0.13848451 0.14165233 0.11651618 0.11423598 0.09856424 0.09958916 0.13212405 0.12618781 0.13052255 0.10946974 0.13690149 0.14194711 0.14167636 0.11493300 0.14212484 0.11765917 0.15282609 0.12515826 0.13695780 0.13864785 0.11254545 0.08886649 0.17413033 0.17976852 0.18383389 0.12522342 0.12905906 0.09029179 0.12504791 0.16403236 0.10907409 0.12263975 0.13655409 0.18325637 0.14886856 0.13418124 0.14825496 
0.13183785 0.19062490 0.11848627 0.12731959 0.09678551 0.14783970 0.17645112 0.07610742 0.11409514 0.16064165 0.12518248 0.12131001 0.15616880 0.10925552 0.14169362 0.25175971 0.15088894 0.10095842 0.17398454 0.00000000 0.16599295 0.14169266 0.20545027 0.28115022 0.14155777 0.12095588 0.15252822 0.11511819 0.12567899 0.15795858 0.11236349 0.18390400 0.14027560 0.14166629 0.16572300 0.15117228 0.16879798 0.19846459 0.06463089 0.14842217 0.15959610 0.19061508 0.17956226 0.07360342 0.18071073 0.10287364 0.12676158 0.10257042 0.09359024 0.11575265 0.10190183 0.13544915 0.14100410 0.16806144 0.08659479 0.08408190 0.17182402 0.08384308 0.11809731 0.13822947 0.14107163 0.12025751 0.08776913 0.13820406 0.08706407 0.07327937 0.15487810 0.13253727 0.12524275 0.09913276 0.13197660 0.06323974 0.13452342 0.10556478 0.12780417 0.15163335 0.11187895 0.17540592 0.19705123 0.14955529 0.10864643 0.15980101 0.13986294 0.15733573 0.08025081 0.15714711 0.13540806 0.15600119 0.12801620 0.13154355 0.08521047 0.08723237 0.14406949 0.10003772 0.07605307 0.15210271 0.10182486 0.08583467 0.08362911 0.07791239 0.14760808 0.14284277 0.09541296 0.13193926 0.05977020 0.09888915 0.13671701 0.13124804 0.14371890 0.10921235 0.11964679 0.07913400 0.19052053 0.11974523 0.14814666 0.13115696 0.14484528 0.15624740 0.08789425 0.09803506 0.12317917 0.13687124 0.10471466 0.15519283 0.08509074 0.14638482 0.10903709 0.12735270 0.08663335 0.11104243 0.10448326 0.09148074 0.10059696 0.10733249 0.09906174 0.09239783 0.10919860 0.07628544 0.14486691 0.17873834 0.07947709 0.14517589 0.09512544 0.12673174 0.17701693 0.14416384 0.07148822 0.14814403 0.15318875 0.15148889 0.14446485 0.11205372 0.44175342 0.13309702 0.19577019 0.28831497 0.17464739 0.13815785 0.06384628 0.13465060 0.14897004 0.13999143 0.12110967 0.11441284 0.15345964 0.09779653 0.16270446 0.09895726 0.15081239 
0.08698692 0.19170992 0.15978480 0.07094983 0.27732327 0.11456314 0.10307953 0.10599605 0.05349325 0.10312423 0.11873429 0.13248774 0.10514475 0.12409303 0.12843647 0.16617876 0.11592203 0.17280750 0.09944197 0.16599295 0.00000000 0.20660134 0.09300695 0.20254414 0.16203887 0.23050596 0.12480083 0.15904588 0.16024352 0.13735609 0.19993301 0.19140707 0.15824759 0.14946885 0.11570879 0.06370355 0.05217775 0.09176368 0.20415293 0.15071930 0.17040363 0.13979882 0.13427476 0.07577541 0.18913566 0.17135649 0.19404636 0.17542952 0.07944931 0.13280238 0.15982178 0.01728113 0.31925981 0.08207109 0.08945140 0.09168467 0.10594713 0.11361701 0.09241851 0.12712474 0.12936793 0.13129080 0.06720319 0.05999360 0.13639151 0.18371837 0.13946967 0.11610747 0.06110637 0.18134934 0.11008224 0.19039734 0.14346553 0.13179896 0.07995557 0.09840870 0.13522299 0.10607986 0.08891926 0.13309761 0.14830189 0.11008303 0.12265107 0.12323422 0.13345272 0.22406455 0.11368525 0.08024181 0.08873399 0.08689124 0.16806712 0.06553840 0.17768136 0.10692926 0.10258356 0.07232610 0.17401873 0.15656901 0.11939292 0.16961405 0.09279454 0.16720694 0.12072256 0.16905580 0.13746593 0.14624678 0.15847038 0.09474320 0.11303299 0.07275329 0.14354266 0.12732398 0.14544746 0.14498551 0.13320076 0.11775885 0.13588181 0.18584630 0.13275543 0.09157054 0.10199113 0.09261416 0.09171841 0.10587693 0.12953405 0.09798577 0.08263842 0.14077257 0.12505343 0.10829003 0.12306695 0.10438014 0.11693899 0.12073752 0.10988874 0.11094367 0.13407878 0.12937466 0.13466936 0.13213407 0.17415034 0.07517832 0.11588723 0.15036975 0.07748094 0.09674881 0.18321796 0.11237309 0.12187162 0.11849838 0.12621635 0.10494908 0.13119030 0.18104312 0.13145692 0.18259259 0.13883825 0.17585979 0.14953280 0.29586189 0.05824209 0.08516920 0.22883303 0.12183641 0.11852783 0.10764904 0.10826856 0.12904596 0.11783836 
