0.00000000 0.06856262 0.05749757 0.08098066 0.05026992 0.06008336 0.05889756 0.02588875 0.05475054 0.06714085 0.05897947 0.06798407 0.09329809 0.05255429 0.08109491 0.07432882 0.06210103 0.03718202 0.06830594 0.07089322 0.06344748 0.04459673 0.04862561 0.04924650 0.06956514 0.08847606 0.06839858 0.06240772 0.07731374 0.06176399 0.05224298 0.08157066 0.06490594 0.04858315 0.02625770 0.05990776 0.04011440 0.05206209 0.05630869 0.06027337 0.05353864 0.05355997 0.07106550 0.03901495 0.04322973 0.08980248 0.07031403 0.10418914 0.08624884 0.02995438 0.06111172 0.04362719 0.03905374 0.08328756 0.07176145 0.04237324 0.07309960 0.06799199 0.04620116 0.03949744 0.06815373 0.03261991 0.04956273 0.06218275 0.03691979 0.03950894 0.05134900 0.08007515 0.04704972 0.03963843 0.06980471 0.07319315 0.07004795 0.06112325 0.04879669 0.06917991 0.04747675 0.05619227 0.04016008 0.05060571 0.01790743 0.07476562 0.07014260 0.04107399 0.07806207 0.03377381 0.02771914 0.10048680 0.06146347 0.03994615 0.03579977 0.05612308 0.08171832 0.04054559 0.08205179 0.03125837 0.04589812 0.05521460 0.05635188 0.04595020 0.05705719 0.03057176 0.02511398 0.03776405 0.01638758 0.05543445 0.05399340 0.05506839 0.07243564 0.05530814 0.06312190 0.04225577 0.03120132 0.05949801 0.05459979 0.05516621 0.02483365 0.05184095 0.05350267 0.06323899 0.06848187 0.06678128 0.06686046 0.08763588 0.06929426 0.05781377 0.04351276 0.08102777 0.05486869 0.04011733 0.04355090 0.05397554 0.05012628 0.04420060 0.04171274 0.04533026 0.04633667 0.02469436 0.03984036 0.02557297 0.03360440 0.04485989 0.05411627 0.04958796 0.04281242 0.05303905 0.07991974 0.04112605 0.05723108 0.07405795 0.04151257 0.04328411 0.04180325 0.04767137 0.03678112 0.04810044 0.06013533 0.05635119 0.03844091 0.03678201 0.04207152 0.04718764 0.10659794 0.09619538 0.08442995 0.08263063 0.11313798 0.08259993 0.06226814 
0.06856262 0.00000000 0.05605996 0.05540137 0.05515918 0.04660812 0.07001061 0.02828261 0.06166875 0.06585738 0.04839300 0.05341358 0.08588052 0.04223137 0.06272363 0.05433795 0.08204968 0.04160460 0.07435746 0.05720592 0.05767692 0.05994986 0.09901265 0.04506456 0.06242614 0.05249834 0.03264824 0.05884712 0.06964663 0.07114548 0.04291937 0.08668399 0.03294801 0.06212018 0.03900505 0.04222583 0.07782175 0.07614498 0.04763635 0.06264053 0.05229340 0.06878274 0.05707521 0.02771952 0.07661153 0.07045534 0.08281032 0.09080762 0.05412219 0.05761613 0.06160842 0.07104919 0.03264754 0.05240951 0.03254378 0.03121698 0.03162295 0.05229092 0.04890631 0.04271062 0.04117663 0.06529512 0.03951455 0.03919154 0.04260264 0.04581915 0.05845030 0.07153347 0.05521314 0.05853401 0.06064581 0.07258975 0.07803270 0.04515273 0.07555625 0.07756400 0.05809169 0.04242542 0.10755271 0.03905880 0.05969944 0.05471996 0.05505757 0.04565788 0.05512855 0.04983795 0.03773901 0.05519427 0.03703902 0.03104330 0.04002242 0.05498906 0.03930343 0.06260713 0.06450049 0.04124742 0.02933892 0.05293009 0.07553220 0.04267266 0.06664176 0.04239794 0.05469319 0.05251603 0.04707817 0.03595789 0.07231403 0.04231413 0.05686284 0.04781771 0.04077401 0.07176274 0.04314709 0.05289277 0.08178816 0.05502414 0.05349633 0.06462671 0.05245854 0.04725144 0.05245784 0.05712160 0.05860286 0.06158705 0.03535445 0.05391371 0.07168449 0.04517992 0.06352186 0.03494684 0.07179772 0.04796874 0.07608262 0.05150310 0.05912714 0.05363296 0.04334621 0.06255335 0.04222109 0.05228248 0.06052623 0.05010702 0.08739720 0.03291438 0.05446429 0.06500675 0.07719676 0.04035073 0.06444031 0.04383832 0.05478513 0.03995613 0.05557790 0.09516517 0.04725215 0.08496169 0.07862005 0.05198019 0.03417913 0.06199731 0.04339538 0.06069855 0.03622746 0.10580951 0.07089251 0.05587642 0.04839122 0.07714632 0.05133815 
0.05749757 0.05605996 0.00000000 0.09508828 0.08767502 0.10684722 0.03338273 0.03215987 0.02255974 0.06695900 0.04532559 0.04781506 0.04931891 0.07072423 0.04923345 0.06187773 0.03683202 0.04625205 0.06951974 0.05056347 0.06944773 0.06350429 0.04765916 0.05021425 0.04783904 0.04851459 0.08047791 0.06192200 0.04151911 0.05042400 0.06798930 0.04197083 0.07904968 0.03611889 0.08714433 0.08627228 0.05870374 0.05605115 0.06828834 0.06402653 0.03200144 0.04777230 0.06408233 0.06763830 0.05622531 0.04767482 0.05144540 0.04074285 0.08319887 0.06423163 0.06966904 0.06201605 0.03511415 0.04650734 0.05634555 0.03828260 0.04176650 0.03693951 0.06034184 0.04813967 0.06359867 0.06575066 0.04926685 0.05807115 0.05170481 0.06366038 0.07221575 0.05078254 0.06576885 0.06646170 0.05276871 0.03460220 0.05258342 0.03683464 0.02624817 0.04088344 0.04881789 0.06110120 0.06186463 0.05065241 0.08848279 0.04799948 0.03935599 0.06170758 0.05425938 0.04593363 0.06898581 0.04071178 0.05179953 0.04129255 0.06790334 0.06123001 0.03130528 0.06149176 0.04654528 0.06358807 0.04911704 0.05450754 0.06401288 0.06868996 0.05114328 0.06372785 0.06619422 0.06618663 0.05722163 0.05807075 0.05943821 0.05340254 0.06768971 0.07330289 0.03864529 0.07161441 0.05393242 0.06369093 0.07699697 0.05620730 0.08464333 0.06318413 0.06788096 0.05587450 0.04872074 0.04151651 0.05484058 0.04331168 0.04636709 0.04344276 0.03289192 0.04353716 0.07835134 0.09578629 0.04103869 0.06462261 0.05011387 0.02858737 0.06017462 0.05005384 0.04599634 0.06912518 0.03045145 0.06659079 0.07408164 0.04073599 0.04115966 0.05324568 0.04057451 0.06505791 0.09077505 0.06006983 0.07447221 0.05786489 0.04820669 0.09108532 0.03363175 0.05974860 0.06498555 0.05344134 0.08038994 0.05336754 0.05833364 0.05217131 0.03563206 0.06827599 0.03091851 0.04899713 0.07210544 0.05701738 0.06796624 0.02884758 0.05076955 
0.08098066 0.05540137 0.09508828 0.00000000 0.10554979 0.17144322 0.08089278 0.05521666 0.03896752 0.03828817 0.05387474 0.03861214 0.05078461 0.08813517 0.07955156 0.05265986 0.05727194 0.03758978 0.06251016 0.04588921 0.06452272 0.03409452 0.05562374 0.06281656 0.08260676 0.05402214 0.06679368 0.06064049 0.03158033 0.05110631 0.04412248 0.07467584 0.05906667 0.10161234 0.06377765 0.05926270 0.04299723 0.04794908 0.07056981 0.03953041 0.04707493 0.05283126 0.06839148 0.06794795 0.04050776 0.06136008 0.11799368 0.07363901 0.06565199 0.06483790 0.04258960 0.05178573 0.03600711 0.03998398 0.05355956 0.05635578 0.05731073 0.03382061 0.05452844 0.06827379 0.06403242 0.06891049 0.03982834 0.03511071 0.06562562 0.05288781 0.03814544 0.04482430 0.06384369 0.04045989 0.06925345 0.06187600 0.03146823 0.05022354 0.05643301 0.06215410 0.06813936 0.05334337 0.03436170 0.04408492 0.05033272 0.04706249 0.03430433 0.05016922 0.06462226 0.06360706 0.06710645 0.05727090 0.05732722 0.04141568 0.07978763 0.05197416 0.03754735 0.05205750 0.05551038 0.03170340 0.04951392 0.04136435 0.02682735 0.07887114 0.05109858 0.06091941 0.07287451 0.05871120 0.04075753 0.04292112 0.04919003 0.05628570 0.04989002 0.03894667 0.06110513 0.05239860 0.06006565 0.06019157 0.08063541 0.07423691 0.06317205 0.09049783 0.05363901 0.05683522 0.04900671 0.03961033 0.04517322 0.04126440 0.05286297 0.04220134 0.05446098 0.05011505 0.05647858 0.05297377 0.07776537 0.03382223 0.05075063 0.05581549 0.03492906 0.05330405 0.04162597 0.04466301 0.05775979 0.05839713 0.05609318 0.03911102 0.05674360 0.05799566 0.03822529 0.04962391 0.06616024 0.05177413 0.06074344 0.07033574 0.06920843 0.06284921 0.03430475 0.05059208 0.05897702 0.05192119 0.05114986 0.04829378 0.08050101 0.06392829 0.04622731 0.10261530 0.04799933 0.07034540 0.03748691 0.07411277 0.05335842 0.02835291 0.04813073 
0.05026992 0.05515918 0.08767502 0.10554979 0.00000000 0.06498575 0.04593098 0.02761970 0.07803284 0.07083435 0.05079998 0.05553329 0.07477470 0.05825378 0.03896639 0.05944274 0.05927587 0.04164570 0.05011553 0.08065320 0.08604308 0.06238647 0.04540721 0.09294236 0.07423113 0.09058666 0.08192267 0.04069671 0.05928317 0.07544096 0.08245145 0.07183014 0.04951882 0.07272740 0.04317143 0.04050149 0.04484379 0.06139927 0.07478292 0.06696990 0.05068985 0.03957595 0.04358659 0.06363505 0.06720347 0.08479325 0.04808565 0.01222202 0.06357268 0.06313676 0.10176515 0.07788235 0.06963967 0.05959851 0.02261664 0.02500088 0.04840353 0.06757287 0.06427822 0.04981340 0.06142772 0.02720611 0.04237988 0.03568915 0.04537094 0.02943529 0.04710938 0.07089930 0.06958131 0.04376566 0.05585376 0.08895972 0.02394586 0.04530115 0.07802517 0.06415756 0.04739413 0.08499766 0.05526622 0.05623333 0.05513248 0.04673075 0.02573959 0.09624817 0.05070546 0.05705073 0.05286635 0.07736597 0.03242782 0.03562947 0.05183499 0.06318800 0.04862959 0.04662984 0.04238666 0.05206389 0.08662770 0.06527279 0.05407756 0.04476935 0.04004477 0.04673484 0.08620999 0.08461454 0.07254994 0.07498854 0.05799084 0.05453434 0.06594800 0.07168998 0.07680746 0.04177424 0.06906559 0.04383243 0.04020049 0.06308974 0.05815655 0.06353438 0.04824172 0.06249940 0.05123504 0.03257337 0.05081789 0.05051259 0.03980371 0.07727351 0.06070748 0.07218739 0.06028780 0.05995732 0.07544667 0.06272269 0.02970991 0.07113495 0.03969046 0.03299361 0.02364985 0.04148511 0.06685531 0.04417445 0.03705338 0.06049731 0.01722762 0.03479081 0.04906243 0.03952597 0.03576339 0.04896590 0.04018054 0.06518070 0.06125470 0.04705221 0.05151591 0.04514769 0.04861998 0.02137298 0.03934182 0.04589197 0.04044531 0.04590420 0.08426479 0.04340656 0.02992966 0.04826385 0.06169174 0.08082909 0.07666507 0.05992430 0.05512037 
0.06008336 0.04660812 0.10684722 0.17144322 0.06498575 0.00000000 0.04830848 0.05400328 0.04711184 0.06456473 0.05188660 0.04516928 0.05074695 0.09166675 0.06545992 0.05029839 0.04293506 0.06099055 0.04223168 0.04571446 0.04574279 0.04871485 0.09464350 0.07090555 0.06046553 0.05483120 0.05658143 0.06718697 0.04213203 0.05482761 0.05564042 0.06682295 0.04775167 0.09852612 0.06942424 0.03563840 0.04207862 0.03885484 0.06574882 0.04785553 0.04920214 0.06743456 0.07270247 0.04132632 0.05180739 0.03891163 0.09441053 0.06357657 0.03235938 0.03471702 0.04645132 0.08391266 0.05320484 0.03091234 0.04009728 0.04537542 0.06502428 0.03545976 0.08074995 0.05278461 0.06676528 0.06410329 0.03862461 0.04795288 0.05889473 0.07751135 0.04357073 0.06165188 0.05804316 0.04034631 0.05719939 0.09286224 0.08134454 0.05987202 0.04850813 0.08423449 0.07951219 0.05961345 0.04378501 0.03605879 0.05528383 0.02974868 0.04062807 0.02912825 0.06300047 0.06402591 0.03978434 0.06007594 0.05558407 0.04133823 0.07873822 0.05650024 0.04052222 0.07233065 0.03568262 0.04827328 0.03319289 0.06938326 0.06025381 0.05517537 0.06807224 0.09794831 0.08226982 0.04746548 0.05384663 0.05330477 0.09361961 0.05826538 0.07722633 0.02325424 0.04066901 0.04386216 0.05893108 0.06637094 0.03920192 0.08484075 0.08072187 0.07372684 0.04741440 0.06651317 0.04607974 0.03734597 0.03117871 0.03522816 0.05776654 0.03976932 0.03023717 0.04596979 0.04081766 0.05899339 0.06727771 0.04568318 0.04827771 0.02166221 0.05554164 0.04579428 0.05246391 0.03180555 0.04014694 0.07330290 0.05335353 0.05673827 0.06947233 0.05366101 0.04967857 0.04900985 0.06264712 0.06722616 0.03852899 0.02197098 0.05537779 0.03872501 0.06151735 0.06092628 0.04782222 0.07371733 0.06245682 0.06321186 0.04293466 0.07197153 0.06188811 0.06393416 0.05644826 0.06912682 0.03928810 0.06371158 0.07514802 0.03776836 0.05057117 
0.05889756 0.07001061 0.03338273 0.08089278 0.04593098 0.04830848 0.00000000 0.04997322 0.05389560 0.04658557 0.07748626 0.04978082 0.05845238 0.04467224 0.03408103 0.06129346 0.04932914 0.03953646 0.05957123 0.06715209 0.05471363 0.05369324 0.09234519 0.06324726 0.08856693 0.07433865 0.05442446 0.05105210 0.08855571 0.04193079 0.04021978 0.03908999 0.04040575 0.07268753 0.06989106 0.06089075 0.07859172 0.08635249 0.06591540 0.01612271 0.03698255 0.05227571 0.03685062 0.09308141 0.04471374 0.07418555 0.05054311 0.05406882 0.07828119 0.07559412 0.06838881 0.05155794 0.03339404 0.06517428 0.03572948 0.06254461 0.02871989 0.05620758 0.08056733 0.06041942 0.04268729 0.04692360 0.04432818 0.04082215 0.04205896 0.04024172 0.05289720 0.07766884 0.06488387 0.04074995 0.06352341 0.06613345 0.06156929 0.10164105 0.04894181 0.03529579 0.03917501 0.03774656 0.07034966 0.05139466 0.05303414 0.07105038 0.04853459 0.05229810 0.05154311 0.05657736 0.05966717 0.04280483 0.07346474 0.05730226 0.04870158 0.05121361 0.05513206 0.04624290 0.06122167 0.06113747 0.07542738 0.04467798 0.05668606 0.04070145 0.06410832 0.04543777 0.03975408 0.03650547 0.02684455 0.05207702 0.03217372 0.05434760 0.05323907 0.08118535 0.05371326 0.04558394 0.07191310 0.03577418 0.08548748 0.05544583 0.04895128 0.04584201 0.04200738 0.03397440 0.08467657 0.05752200 0.06173278 0.04547993 0.04089965 0.07403413 0.04015591 0.07483546 0.04248563 0.04618573 0.07311266 0.03774406 0.07313252 0.05571746 0.06861999 0.05315157 0.05125577 0.03691732 0.04719138 0.05521929 0.06879264 0.07416822 0.06537128 0.05081965 0.07532259 0.06655270 0.09011305 0.03969806 0.06101097 0.09268010 0.08566972 0.05985498 0.05161957 0.06891594 0.03738276 0.02746241 0.03084747 0.07401959 0.04082730 0.05595207 0.06422463 0.04017770 0.06463817 0.03217470 0.08640673 0.05481750 0.04090623 0.05660520 0.05509659 
0.02588875 0.02828261 0.03215987 0.05521666 0.02761970 0.05400328 0.04997322 0.00000000 0.08531001 0.09150769 0.07561918 0.07733171 0.04075850 0.04316636 0.06315632 0.04935041 0.04306284 0.05984697 0.04857379 0.03670951 0.03715595 0.02731317 0.02065320 0.04983219 0.04633350 0.03459397 0.03915196 0.04760777 0.03960864 0.03663783 0.05029046 0.04749857 0.04670303 0.07396239 0.04804304 0.04805855 0.06704842 0.04331194 0.03010362 0.06378786 0.06627133 0.06528831 0.02787959 0.05338611 0.04628207 0.03952161 0.04798324 0.03989984 0.02094845 0.04334378 0.06491926 0.06240777 0.05247324 0.06378013 0.08280018 0.09687614 0.07868450 0.08388579 0.05187550 0.07741079 0.06679393 0.09022095 0.12850938 0.06900231 0.11260214 0.08723832 0.06105753 0.02780601 0.05359512 0.05920409 0.04182916 0.03239350 0.04852379 0.05419933 0.04576549 0.03577963 0.06307873 0.04696063 0.02097777 0.03604325 0.06899013 0.05699757 0.06643839 0.04877269 0.03024797 0.07029654 0.07335947 0.06430199 0.09723912 0.10612019 0.06524000 0.03746266 0.08338616 0.10305188 0.04561188 0.06199486 0.07449269 0.08422419 0.05072043 0.05073702 0.08159386 0.04480318 0.05739305 0.06104317 0.08258377 0.05430603 0.05278893 0.05220493 0.05734033 0.04271168 0.05515636 0.04452464 0.05476628 0.04376235 0.03580490 0.03408517 0.04443278 0.05816027 0.05363034 0.03551488 0.07111577 0.05241059 0.05816975 0.06569505 0.07630954 0.04791426 0.04990417 0.04688957 0.06125664 0.04233352 0.04057001 0.06596564 0.05175308 0.04215517 0.06927306 0.09794799 0.04768439 0.09032982 0.05903782 0.07571409 0.08330835 0.06837791 0.05051467 0.08636461 0.06346055 0.03728988 0.04910677 0.07471883 0.06796794 0.05169582 0.03829954 0.06348152 0.04233637 0.03563948 0.07118229 0.06025173 0.03407944 0.03611201 0.07663185 0.06197433 0.05076866 0.05990713 0.07269080 0.05363713 0.04275737 0.03108921 0.02792018 0.05390177 0.05151805 
0.05475054 0.06166875 0.02255974 0.03896752 0.07803284 0.04711184 0.05389560 0.08531001 0.00000000 0.07061157 0.04910705 0.11410729 0.06770920 0.03539537 0.08483306 0.04057902 0.03697751 0.06772306 0.04761022 0.03208872 0.03698985 0.12863792 0.02166341 0.02275769 0.08626504 0.04440147 0.04993970 0.05621655 0.06630128 0.06330975 0.05737484 0.06801528 0.08247507 0.06631955 0.04570445 0.04180033 0.06100811 0.09889278 0.04438540 0.07989550 0.08808242 0.05238025 0.02548552 0.04846691 0.04334825 0.03790103 0.05166799 0.03947158 0.06990682 0.07668092 0.03554115 0.07677610 0.07334937 0.06504025 0.05588571 0.03804074 0.04576406 0.09775412 0.07041013 0.04576129 0.04154474 0.05711641 0.07325609 0.06753228 0.07536606 0.04765685 0.04793700 0.04739149 0.08178832 0.07575061 0.04314634 0.08869481 0.05372064 0.07232946 0.03612961 0.06772795 0.05141357 0.08054894 0.04600354 0.05423906 0.04135556 0.04439089 0.02809036 0.03180206 0.05779576 0.05844540 0.03691652 0.07489008 0.03248114 0.05346290 0.02432310 0.07603150 0.06343593 0.04539017 0.04818115 0.06503546 0.08300008 0.05774074 0.05566926 0.03723006 0.05672900 0.08327412 0.03233731 0.03703316 0.03293465 0.06008275 0.05423601 0.08899798 0.05757595 0.04906961 0.07811007 0.03771837 0.07169839 0.04696191 0.05433644 0.04745085 0.06158874 0.03729490 0.05591104 0.05228214 0.03217830 0.06393984 0.07764481 0.04293715 0.04323006 0.05436698 0.04381296 0.07937903 0.05079801 0.03378048 0.04307792 0.04499863 0.04391756 0.03780165 0.08773778 0.06314651 0.05260318 0.05639151 0.05214295 0.04396219 0.02827455 0.05759252 0.07093587 0.04057937 0.08675702 0.03657259 0.02086243 0.03078287 0.06449602 0.02760917 0.04854866 0.06604011 0.03475779 0.05289194 0.04151035 0.04713284 0.04849551 0.04797327 0.04308794 0.06498796 0.07210897 0.04386426 0.06066335 0.09531253 0.07494011 0.06804850 0.07396117 0.08464631 0.06025355 
0.06714085 0.06585738 0.06695900 0.03828817 0.07083435 0.06456473 0.04658557 0.09150769 0.07061157 0.00000000 0.07030591 0.06711902 0.06041071 0.08706654 0.05236384 0.03985487 0.05424209 0.03594196 0.05210082 0.05315974 0.05818767 0.03473694 0.05426691 0.04794748 0.04402215 0.07072256 0.05094174 0.05665319 0.06962731 0.06280301 0.05748327 0.06070865 0.06362126 0.05737802 0.06209122 0.07080936 0.05443705 0.02034664 0.03757852 0.05170665 0.06309701 0.03813605 0.05068069 0.04939511 0.05796027 0.03254095 0.05109276 0.06285908 0.07211112 0.08565187 0.07763252 0.07496600 0.08688073 0.06330796 0.06279720 0.06485222 0.05566862 0.07576204 0.03544188 0.05834164 0.06817323 0.07562438 0.07270150 0.06593893 0.07166950 0.06866955 0.04135184 0.03759686 0.07324554 0.03336715 0.04050228 0.05234058 0.04713512 0.05947073 0.04275381 0.06714043 0.04527345 0.04300809 0.06167069 0.04641798 0.06772529 0.05547555 0.04739505 0.04615463 0.06366384 0.04447530 0.04464325 0.07968281 0.06037374 0.06130069 0.04524819 0.05753675 0.06579777 0.05602676 0.05272220 0.05752252 0.06469792 0.06223902 0.06704115 0.05753919 0.06392861 0.06726014 0.05224432 0.03934619 0.05593474 0.05097875 0.04797714 0.03214164 0.03369369 0.04582531 0.05018907 0.05509922 0.05028622 0.03700324 0.06110322 0.03605433 0.03146130 0.05372975 0.05798007 0.07174498 0.05557735 0.03893127 0.04109490 0.02969403 0.06201450 0.06052545 0.06380610 0.07954795 0.05453505 0.05478056 0.05510131 0.04856809 0.06581582 0.08091431 0.04783833 0.05575959 0.05957560 0.07246956 0.05220141 0.06682548 0.08773333 0.05102620 0.04984723 0.06479264 0.06082446 0.07445361 0.06984782 0.06964429 0.02561279 0.06248354 0.06084551 0.05778457 0.04859606 0.04584090 0.06342438 0.04550078 0.07966092 0.01864345 0.06024776 0.06222025 0.05835671 0.04306877 0.05875536 0.06852307 0.05048253 0.04470410 0.06238605 0.05266394 0.05430028 
0.05897947 0.04839300 0.04532559 0.05387474 0.05079998 0.05188660 0.07748626 0.07561918 0.04910705 0.07030591 0.00000000 0.06783956 0.06401776 0.05517677 0.09265092 0.07068018 0.06941662 0.06667041 0.05508935 0.03870142 0.04896831 0.04659896 0.06614010 0.07294721 0.04467459 0.08782556 0.03742392 0.05403983 0.04814874 0.05944410 0.05086880 0.06579829 0.07422498 0.03796982 0.06319189 0.04801436 0.07760427 0.06078262 0.04129285 0.06334642 0.06068447 0.06642834 0.05221504 0.05508203 0.03424686 0.04783837 0.05385119 0.07752870 0.03389392 0.06101753 0.05242597 0.04972636 0.07585089 0.06326396 0.03866709 0.06214810 0.12054334 0.05227771 0.05331978 0.05127118 0.06029562 0.05981205 0.04093885 0.06799402 0.06219106 0.05730698 0.05301551 0.03324316 0.07812642 0.04006525 0.04655826 0.08843667 0.08038529 0.08119139 0.04564146 0.05451630 0.05165882 0.02723932 0.04089573 0.04513750 0.04402967 0.05368640 0.06815695 0.03548663 0.04602174 0.05256175 0.06028373 0.05062140 0.04161519 0.08117558 0.05138546 0.03890264 0.07808059 0.03814771 0.06123096 0.05010951 0.05487694 0.05044451 0.06653821 0.03634940 0.02766228 0.05539199 0.03276448 0.04017893 0.03750428 0.05603005 0.06750533 0.04223426 0.06363963 0.06083080 0.07750179 0.04502259 0.03915175 0.02968781 0.06373627 0.02975678 0.07705432 0.04953344 0.06486390 0.07969212 0.06898635 0.04689998 0.12618701 0.05550401 0.05392387 0.07678961 0.05094015 0.04442750 0.07669157 0.03538370 0.06809164 0.03180452 0.06629572 0.05031048 0.04853273 0.04540631 0.04606862 0.07588524 0.05917228 0.03298209 0.03793524 0.06277924 0.04135471 0.05035361 0.06796002 0.04796993 0.06929460 0.04348860 0.07375261 0.03470777 0.05522599 0.05935302 0.05513212 0.09573185 0.05732701 0.04294110 0.08093173 0.05859661 0.04548415 0.03689761 0.03866169 0.06269276 0.04779677 0.07368763 0.05602120 0.04277116 0.02974687 0.06573266 0.05110550 
0.06798407 0.05341358 0.04781506 0.03861214 0.05553329 0.04516928 0.04978082 0.07733171 0.11410729 0.06711902 0.06783956 0.00000000 0.07019097 0.04324471 0.09916533 0.05648695 0.05202123 0.06638580 0.06362149 0.04889291 0.05262797 0.06563324 0.05033060 0.05422821 0.06621177 0.05150660 0.06481372 0.05161467 0.04233237 0.07861878 0.06228450 0.05822280 0.06140959 0.04413288 0.06372270 0.05093094 0.07524626 0.05858213 0.02994381 0.06985129 0.07184247 0.07805738 0.04124367 0.04828696 0.05123609 0.05024707 0.03393207 0.04505183 0.05542122 0.05875101 0.04001702 0.07089889 0.06043881 0.07380321 0.04672070 0.03150351 0.04711605 0.10265010 0.05221393 0.03766930 0.03967524 0.03459521 0.10810849 0.07045591 0.11733307 0.03074794 0.06485689 0.06412005 0.06500223 0.05509936 0.04816125 0.05876441 0.05946730 0.08436482 0.06246455 0.05346113 0.05190827 0.04930464 0.05315996 0.03990377 0.03179852 0.06541848 0.04168110 0.04643142 0.05911374 0.06481521 0.03516342 0.07397765 0.03268863 0.04690770 0.03418906 0.05674689 0.08407246 0.03543754 0.05940848 0.07062696 0.05795616 0.03789743 0.06131474 0.02541014 0.06921320 0.06491494 0.03579889 0.03019662 0.04096717 0.07602252 0.03738337 0.06558778 0.08028603 0.06213728 0.06036799 0.05609596 0.03543963 0.04253115 0.04223679 0.04726960 0.04255227 0.03100168 0.06331264 0.06302446 0.03807756 0.06799105 0.05511607 0.06132378 0.04809719 0.06918730 0.04462403 0.06712308 0.06797931 0.04686306 0.05955442 0.04224321 0.03872936 0.05691739 0.05081084 0.06205317 0.06072798 0.06982797 0.07285630 0.02493718 0.02622819 0.08116802 0.05560297 0.03813421 0.07683843 0.07153008 0.03434139 0.03336425 0.04921099 0.05570765 0.04340558 0.04219912 0.04212398 0.05886665 0.04782594 0.04153846 0.06019264 0.05473869 0.03244325 0.04546620 0.05253993 0.05421893 0.04970131 0.05502389 0.09727712 0.06932773 0.07183514 0.07987005 0.05406812 
0.09329809 0.08588052 0.04931891 0.05078461 0.07477470 0.05074695 0.05845238 0.04075850 0.06770920 0.06041071 0.06401776 0.07019097 0.00000000 0.06728268 0.07265638 0.08077063 0.08510010 0.04256168 0.06025605 0.08729207 0.05913421 0.06188850 0.05495725 0.06278051 0.07013065 0.05834002 0.06000432 0.06204085 0.06692226 0.06086490 0.02209761 0.04163386 0.08727712 0.05414257 0.04632576 0.04464549 0.05836090 0.07045046 0.05080867 0.04452912 0.07186256 0.05558284 0.05938524 0.09864127 0.05737509 0.06980276 0.06272036 0.05720868 0.03882143 0.03218236 0.04875485 0.05181192 0.06177476 0.06905038 0.05185025 0.04042612 0.06135486 0.06362648 0.05096522 0.03901812 0.03200832 0.03067761 0.04815865 0.06406303 0.05009627 0.04532197 0.05316703 0.04209967 0.06856524 0.04121680 0.05654479 0.07412672 0.06579572 0.06660248 0.09271306 0.06821384 0.04442015 0.03811605 0.05628449 0.04093952 0.02996364 0.05037454 0.04634037 0.05974105 0.04380556 0.05645997 0.02606409 0.06927878 0.04359502 0.03881943 0.04612229 0.06322039 0.06612720 0.02201478 0.06629578 0.04601773 0.09259529 0.05741369 0.07396250 0.03858801 0.02924087 0.07344706 0.03355060 0.04670356 0.04021165 0.04887030 0.05261665 0.06182431 0.03670901 0.03256422 0.08317901 0.04850277 0.02978432 0.04067065 0.07397748 0.04984536 0.05136829 0.05146565 0.06141640 0.07545881 0.06880163 0.05516431 0.05822689 0.04694230 0.05575978 0.04679600 0.08764474 0.05605024 0.06834767 0.02910618 0.06566364 0.04074458 0.07763994 0.06429792 0.04676993 0.04860527 0.06052817 0.02139773 0.06716194 0.02803207 0.03479895 0.04484120 0.04370155 0.05058796 0.06534810 0.08789164 0.06628553 0.04288059 0.06451418 0.07314765 0.05716538 0.04809345 0.08342432 0.06438366 0.04587949 0.03338331 0.06667325 0.06620435 0.03248231 0.06079650 0.05732885 0.04849328 0.07702994 0.06430882 0.05854013 0.08987819 0.05780687 0.05518108 0.06888172 
0.05255429 0.04223137 0.07072423 0.08813517 0.05825378 0.09166675 0.04467224 0.04316636 0.03539537 0.08706654 0.05517677 0.04324471 0.06728268 0.00000000 0.05357727 0.05095476 0.09220570 0.04558291 0.05591278 0.06480419 0.04157792 0.05282326 0.03258874 0.06976517 0.03624660 0.06035407 0.04180342 0.04029087 0.05903712 0.03117422 0.03014966 0.05229529 0.05061983 0.06562498 0.03088041 0.04428974 0.05308083 0.05181053 0.07663133 0.05602309 0.05390422 0.05853945 0.07855970 0.03881792 0.03065011 0.04295175 0.08619139 0.05665809 0.07535728 0.03241156 0.04615447 0.03351153 0.06514963 0.06255971 0.05969179 0.04750818 0.06040930 0.04755192 0.06636140 0.04380052 0.06373959 0.08013628 0.04671430 0.05188355 0.02958409 0.04015834 0.06304040 0.05326908 0.06835536 0.05483691 0.07062848 0.06760730 0.05027295 0.05489903 0.06119915 0.08322601 0.05410465 0.05264608 0.05593506 0.06546774 0.04134979 0.06984463 0.05682342 0.04847103 0.07614951 0.06094554 0.03426457 0.08684045 0.03934391 0.05046897 0.06945748 0.04771211 0.04306820 0.04478081 0.04302140 0.03832396 0.04785771 0.04096555 0.06320157 0.09539701 0.05062200 0.10614943 0.07816430 0.08861744 0.03553731 0.03551372 0.07571071 0.05086638 0.06790213 0.04618881 0.05662700 0.04662427 0.04463555 0.05140586 0.04617579 0.03514500 0.04002395 0.08251071 0.05044765 0.08767204 0.03512026 0.07041207 0.06306909 0.08196305 0.04958784 0.08200325 0.04965583 0.06753884 0.08449067 0.03932987 0.06363307 0.04486492 0.05208793 0.04266253 0.03788343 0.04548194 0.05106472 0.04079442 0.04210932 0.03611159 0.03547346 0.04558021 0.07410195 0.04461065 0.05350392 0.07063558 0.04864850 0.08646151 0.07107536 0.05119611 0.06442071 0.05947001 0.03685346 0.05679317 0.06876730 0.04136207 0.08609930 0.07519711 0.03661607 0.05207869 0.04985617 0.04716651 0.04926202 0.03531701 0.05273973 0.08055360 0.07535558 0.05692036 0.05423200 
0.08109491 0.06272363 0.04923345 0.07955156 0.03896639 0.06545992 0.03408103 0.06315632 0.08483306 0.05236384 0.09265092 0.09916533 0.07265638 0.05357727 0.00000000 0.05491663 0.02065882 0.07232717 0.13232060 0.04803785 0.07736755 0.07631179 0.04841474 0.05333165 0.07533442 0.05379562 0.04875001 0.08397189 0.05251570 0.04972732 0.04683959 0.05103481 0.07792999 0.06292100 0.07691881 0.03407356 0.06910552 0.06001078 0.08210705 0.06116816 0.04805941 0.05542682 0.06576646 0.03321234 0.04846804 0.06067599 0.05384537 0.09961154 0.02624538 0.03286281 0.04079447 0.03333318 0.05611419 0.03463768 0.03743407 0.03370618 0.09170000 0.06243815 0.06559397 0.05024451 0.07598858 0.07286278 0.05662827 0.06746129 0.08469757 0.05343637 0.06742347 0.06719909 0.06745629 0.05071649 0.08294493 0.07288956 0.04799556 0.06346645 0.07619333 0.05359421 0.08600213 0.05922046 0.04656569 0.05202750 0.04370177 0.06548726 0.04510647 0.05294815 0.07690355 0.05312823 0.04350664 0.07997888 0.04761260 0.05759223 0.02428421 0.06727807 0.05607221 0.03554152 0.04296871 0.06427724 0.05194026 0.07035507 0.05825909 0.04927772 0.04611292 0.05548418 0.03574485 0.04606896 0.03335887 0.05652519 0.06468850 0.05502873 0.06451024 0.04571195 0.05291951 0.05608473 0.05036817 0.02416998 0.04160943 0.05762796 0.03819471 0.04350159 0.03955148 0.04533539 0.05813988 0.03702048 0.06472280 0.05014751 0.06464006 0.06999098 0.04469574 0.05002219 0.06654027 0.08049695 0.03480826 0.03989110 0.05524552 0.05548782 0.02929378 0.04811650 0.05288550 0.06961397 0.06191156 0.06321110 0.03497054 0.04558974 0.04162261 0.05509907 0.03959612 0.04282079 0.05901623 0.03194010 0.06878776 0.05829185 0.04823346 0.03008245 0.05745412 0.03293426 0.04123823 0.05509629 0.06393148 0.04688191 0.04060639 0.05313625 0.04831195 0.05612594 0.04629351 0.10102032 0.07079868 0.06183763 0.05021137 0.06114611 0.06624047 
0.07432882 0.05433795 0.06187773 0.05265986 0.05944274 0.05029839 0.06129346 0.04935041 0.04057902 0.03985487 0.07068018 0.05648695 0.08077063 0.05095476 0.05491663 0.00000000 0.07192944 0.04998033 0.04857746 0.09043120 0.05975916 0.05783984 0.08441000 0.03364417 0.05371175 0.04941022 0.07338163 0.07392170 0.06896937 0.07358577 0.05079612 0.06713241 0.06757379 0.07298380 0.04969732 0.04859759 0.04787023 0.07661580 0.05572585 0.05679330 0.07561341 0.05989929 0.04472612 0.06470940 0.08260981 0.08037030 0.07025563 0.07153055 0.06951624 0.06695954 0.03974987 0.04433156 0.06466204 0.05620381 0.03774220 0.06636105 0.05785239 0.04626507 0.07177813 0.04827818 0.03447159 0.03015658 0.04957693 0.06968938 0.05167892 0.04010187 0.04755455 0.04639320 0.03568669 0.06722655 0.03368093 0.05046274 0.04133143 0.05935519 0.06394063 0.04807055 0.05177704 0.05043307 0.08204878 0.04603055 0.05956803 0.06521891 0.01877193 0.04123346 0.06301086 0.06273682 0.03953702 0.05981316 0.06267665 0.05503104 0.06878891 0.05830694 0.06654875 0.03385066 0.08229965 0.03212397 0.04457965 0.03068850 0.05658661 0.05857794 0.05695039 0.03437669 0.03068645 0.06621798 0.03489032 0.07356447 0.07161891 0.06361512 0.08071485 0.04278038 0.06723871 0.04371470 0.05433502 0.03906153 0.05959759 0.04256538 0.09593795 0.03122563 0.07603681 0.04634119 0.04961826 0.06632274 0.05844289 0.03932498 0.04111055 0.06448088 0.06994154 0.07071050 0.05782120 0.03407019 0.06201567 0.03558608 0.04801834 0.06126060 0.06717395 0.06704342 0.05121610 0.03963914 0.05427025 0.03949051 0.03852103 0.05150516 0.02205511 0.04923438 0.07045142 0.07077002 0.05315912 0.04914609 0.06599860 0.07410350 0.06844671 0.03174434 0.09221693 0.05999474 0.03977982 0.06987993 0.05048218 0.07661408 0.04959092 0.05515900 0.06059500 0.07231017 0.05186553 0.05364967 0.07187054 0.08998881 0.05017479 0.07758373 0.05598637 
0.06210103 0.08204968 0.03683202 0.05727194 0.05927587 0.04293506 0.04932914 0.04306284 0.03697751 0.05424209 0.06941662 0.05202123 0.08510010 0.09220570 0.02065882 0.07192944 0.00000000 0.04816153 0.07857681 0.07994050 0.03617797 0.03201952 0.11157387 0.03611079 0.03659450 0.03665489 0.06914740 0.05664282 0.09041031 0.06052348 0.04757765 0.05552668 0.08801935 0.13186699 0.05097546 0.05652002 0.05621841 0.07630942 0.07532470 0.06868252 0.03965566 0.05648961 0.06417634 0.06617158 0.02582397 0.06790471 0.05957686 0.05382489 0.07811109 0.07658134 0.05586918 0.07386285 0.05801113 0.04372927 0.03618023 0.03136715 0.04540232 0.02140301 0.05186255 0.03885456 0.03377199 0.05183460 0.03532346 0.05157563 0.03176834 0.04336445 0.05647923 0.04161503 0.07528022 0.06100182 0.07107118 0.07912704 0.04552159 0.06246763 0.09612781 0.07054728 0.04526224 0.04785110 0.07125202 0.04731205 0.02444872 0.05073570 0.11133765 0.04975567 0.09806562 0.04446019 0.03927546 0.07036979 0.04716035 0.04680344 0.03935149 0.06992407 0.03529609 0.04151348 0.05312693 0.04671803 0.03336855 0.07094350 0.04368443 0.04858270 0.02935223 0.03709663 0.03907982 0.09618587 0.03118249 0.02822407 0.04196242 0.06932659 0.03149031 0.04248486 0.05602637 0.07285449 0.03873480 0.06015010 0.05067881 0.06858057 0.03882402 0.07752105 0.06002432 0.07071017 0.07332144 0.05051343 0.05685219 0.04594963 0.03396479 0.09571263 0.06046987 0.03543341 0.06345909 0.03280209 0.03725304 0.05431643 0.07143575 0.05532300 0.04272322 0.05656133 0.04044787 0.04741178 0.03776164 0.04291083 0.06124375 0.07334181 0.09955304 0.04159445 0.05668601 0.05925817 0.05033760 0.06692190 0.06306360 0.04326659 0.04358248 0.05770369 0.05788971 0.08724366 0.05905590 0.05431108 0.06440941 0.05705837 0.03340826 0.04123023 0.07195412 0.05378016 0.08106657 0.03724423 0.06612106 0.08280652 0.05382939 0.08047744 0.05948075 
0.03718202 0.04160460 0.04625205 0.03758978 0.04164570 0.06099055 0.03953646 0.05984697 0.06772306 0.03594196 0.06667041 0.06638580 0.04256168 0.04558291 0.07232717 0.04998033 0.04816153 0.00000000 0.06604538 0.07249831 0.06720181 0.07847998 0.05469608 0.06783064 0.05642949 0.06242479 0.06195326 0.06703633 0.03953996 0.04357193 0.08483679 0.05630821 0.07225066 0.04320281 0.05740890 0.06298229 0.06056731 0.04545841 0.06294353 0.07355117 0.05631124 0.04733960 0.03546280 0.06666458 0.04201963 0.06323754 0.03511113 0.05314441 0.04670765 0.05106954 0.05393296 0.04848463 0.09995800 0.05051510 0.06155757 0.03926625 0.07871622 0.05629693 0.06624811 0.05623239 0.03534724 0.05264651 0.04610824 0.04684182 0.05920494 0.07603058 0.05484508 0.06453008 0.06334452 0.06055411 0.03495747 0.03136825 0.08072212 0.03873664 0.03709862 0.04563253 0.04215695 0.04916981 0.05437463 0.04898717 0.05679364 0.06801675 0.07795147 0.08774319 0.04767082 0.16012759 0.04603891 0.06123660 0.04179867 0.08781467 0.04007551 0.04909257 0.05462483 0.08848867 0.07119626 0.09854626 0.05299525 0.04491728 0.04852356 0.05272137 0.04501106 0.05366184 0.07617780 0.04195428 0.05881615 0.04973860 0.06583820 0.06523955 0.06835687 0.04745249 0.04653647 0.06211573 0.07530848 0.05768850 0.04616265 0.06167861 0.04385622 0.04849929 0.06195478 0.05800984 0.06041339 0.05042536 0.04841259 0.03693269 0.04546849 0.05130943 0.06309120 0.05878980 0.05558505 0.06897425 0.04566271 0.07256314 0.05858389 0.06639837 0.04877238 0.03822059 0.04981741 0.05344090 0.05289438 0.05750884 0.06058784 0.08487459 0.05523737 0.06622895 0.05197515 0.05071838 0.03072774 0.05056221 0.05673779 0.05317015 0.05576477 0.04702400 0.08367416 0.03255315 0.05389467 0.07618049 0.03315847 0.04643957 0.04875404 0.04078139 0.03145457 0.04954725 0.04865587 0.05628846 0.04389342 0.04847574 0.04626920 0.04723472 0.05261406 
0.06830594 0.07435746 0.06951974 0.06251016 0.05011553 0.04223168 0.05957123 0.04857379 0.04761022 0.05210082 0.05508935 0.06362149 0.06025605 0.05591278 0.13232060 0.04857746 0.07857681 0.06604538 0.00000000 0.05680164 0.07414481 0.06665251 0.06945636 0.06755300 0.05021360 0.05151109 0.04737317 0.06743793 0.05480063 0.06396691 0.03456098 0.05727295 0.10184200 0.07736730 0.05846621 0.07030829 0.03615190 0.06559492 0.05014223 0.08867654 0.05524545 0.04629825 0.07549762 0.06487876 0.07360411 0.05349041 0.05430718 0.08192036 0.07145997 0.04979858 0.07216077 0.07000862 0.06137617 0.04102167 0.04613522 0.02507209 0.05901063 0.04906963 0.05597947 0.03696999 0.04406867 0.07181390 0.04457181 0.04834568 0.03972172 0.03664098 0.04316952 0.06771505 0.05566952 0.05199916 0.03096642 0.06432839 0.06545707 0.06630866 0.06233637 0.04960218 0.05850084 0.05050194 0.06641534 0.04485923 0.04416949 0.04818698 0.03503701 0.05891156 0.05313405 0.04136454 0.05917867 0.06584473 0.03407143 0.05702247 0.04994579 0.06667433 0.05191740 0.04066567 0.05734440 0.05535574 0.06738149 0.05282536 0.05119912 0.03937839 0.04788875 0.05140160 0.05633405 0.05199760 0.04832243 0.04199767 0.04845333 0.03536956 0.08854549 0.07030454 0.06346981 0.06551651 0.04405472 0.05326145 0.05451385 0.06863972 0.05468944 0.06960784 0.07150613 0.06204355 0.04209090 0.03611792 0.08334637 0.07758039 0.03662856 0.05686595 0.10059307 0.04327666 0.05371435 0.04746737 0.07207258 0.04127226 0.05929437 0.07178789 0.06962149 0.05651526 0.07272336 0.04960986 0.04932951 0.03806654 0.04127613 0.05130517 0.06556057 0.04122229 0.05010469 0.06713088 0.05561709 0.03861882 0.08531735 0.04209685 0.03659739 0.04736104 0.05729820 0.06284749 0.03432732 0.05753072 0.07256717 0.06601205 0.02817365 0.04557655 0.06362777 0.04723095 0.01293430 0.05564483 0.07353045 0.07250744 0.04813125 0.05493463 0.05025352 
0.07089322 0.05720592 0.05056347 0.04588921 0.08065320 0.04571446 0.06715209 0.03670951 0.03208872 0.05315974 0.03870142 0.04889291 0.08729207 0.06480419 0.04803785 0.09043120 0.07994050 0.07249831 0.05680164 0.00000000 0.04542254 0.05747468 0.07208300 0.06008437 0.06466818 0.05963224 0.03864638 0.05585635 0.07410754 0.03946715 0.04595968 0.06557869 0.06418906 0.06380034 0.04799525 0.05883726 0.04668176 0.06335159 0.05660789 0.08479434 0.05634098 0.06083062 0.05133800 0.03563474 0.04276720 0.09545699 0.03777336 0.05809137 0.05730863 0.06559197 0.04672532 0.06367815 0.06539168 0.03243055 0.06518469 0.04042614 0.06742906 0.05405648 0.05567134 0.04148826 0.08272771 0.05521367 0.03840299 0.04317743 0.04170510 0.04198900 0.06288309 0.07565383 0.03738208 0.03182328 0.06789200 0.05944172 0.08536906 0.05975769 0.06845479 0.09072153 0.04539859 0.06747904 0.06648110 0.04145340 0.04156472 0.04296819 0.04211299 0.06212221 0.04809549 0.07068783 0.06047587 0.08152203 0.03553453 0.06867110 0.06168745 0.04562561 0.04298518 0.03778357 0.06546101 0.04867893 0.05365663 0.05298736 0.05768056 0.02508422 0.04804960 0.04659874 0.06707316 0.03413904 0.04763933 0.04770981 0.05620692 0.05885745 0.06283835 0.05663802 0.06448291 0.05455522 0.06066529 0.02454390 0.06568359 0.04824530 0.06478941 0.04739470 0.04314089 0.07092390 0.06705844 0.06895997 0.06312283 0.05279268 0.05414991 0.06379672 0.07146141 0.06171257 0.05550956 0.04865549 0.04964187 0.06622877 0.03310627 0.03707692 0.03939462 0.04508929 0.07424144 0.03690597 0.04464016 0.04527717 0.03467311 0.03441411 0.06734665 0.04722577 0.08579138 0.06072333 0.04453351 0.03514609 0.04390946 0.08182327 0.05442573 0.03861766 0.14133327 0.06573298 0.04169670 0.06894385 0.08839774 0.06997060 0.03924354 0.06773264 0.04561177 0.05812363 0.06208614 0.04161076 0.07822008 0.08327566 0.06515758 0.06460514 0.06358067 
0.06344748 0.05767692 0.06944773 0.06452272 0.08604308 0.04574279 0.05471363 0.03715595 0.03698985 0.05818767 0.04896831 0.05262797 0.05913421 0.04157792 0.07736755 0.05975916 0.03617797 0.06720181 0.07414481 0.04542254 0.00000000 0.08819130 0.07398047 0.08873444 0.05366608 0.07519098 0.05867166 0.07131574 0.03912953 0.04618089 0.07402557 0.06502350 0.04425141 0.04658608 0.06417199 0.06240110 0.05656572 0.04582754 0.05062435 0.04763724 0.04920678 0.04703430 0.05051636 0.06779348 0.07073852 0.05790471 0.05334555 0.04219200 0.05327907 0.07579579 0.05092143 0.06269236 0.07560204 0.04121030 0.03643070 0.04985868 0.03318444 0.04822922 0.04470796 0.04416785 0.05379348 0.04014653 0.03970535 0.05408359 0.04021466 0.04985205 0.05577235 0.06234470 0.05416487 0.04746695 0.06563182 0.02771510 0.02486433 0.04797962 0.07263773 0.03470546 0.08263833 0.04537869 0.05023032 0.07513602 0.06112915 0.05275000 0.09475106 0.10217641 0.05602263 0.10965623 0.05878676 0.03499611 0.05440384 0.03752547 0.04737078 0.09304066 0.05055354 0.05850981 0.02425316 0.04951191 0.03717291 0.05071482 0.06249479 0.05963505 0.04689546 0.08960065 0.05514918 0.05109520 0.04533567 0.06045600 0.05367507 0.06511601 0.05144758 0.03535532 0.05564830 0.07102487 0.06804908 0.05290209 0.06148493 0.05329103 0.05712899 0.05096614 0.04786994 0.04541510 0.04758493 0.04562131 0.05097403 0.04140202 0.04217775 0.04684648 0.04441428 0.05770190 0.03890424 0.04364756 0.04896761 0.04480935 0.05738933 0.04283797 0.04277956 0.07033503 0.06789100 0.05815030 0.07226342 0.06207063 0.06463792 0.03628512 0.06193720 0.07843680 0.04751784 0.06037595 0.05443023 0.07314073 0.04897662 0.06378268 0.05323972 0.05185591 0.03926264 0.07358384 0.05621475 0.07765233 0.05985074 0.05621861 0.06467206 0.06342235 0.04811522 0.07758095 0.04847862 0.08223020 0.04371094 0.04517820 0.06999084 0.04772867 0.05240905 
