0.00000000 0.27850605 0.27123934 0.19692454 0.17198800 0.18287447 0.22019699 0.13513839 0.17791271 0.18335295 0.17636779 0.22009405 0.18512540 0.21930313 0.17337559 0.21005058 0.11240425 0.15862895 0.13841055 0.23054371 0.18192703 0.24624686 0.17525146 0.20839539 0.13733870 0.16403416 0.19128298 0.16721146 0.18477209 0.18772553 0.17494650 0.10998443 0.18733917 0.17785911 0.11170130 0.21873714 0.23190406 0.18301591 0.13351646 0.14975883 0.16224674 0.11277420 0.19065731 0.12276137 0.15287671 0.14711063 0.15178300 0.18591732 0.15293493 0.17809766 0.21929148 0.20070269 0.13514500 0.14207549 0.13286724 0.12596135 0.14050491 0.14819645 0.17085172 0.12982657 0.15179456 0.12825470 0.10490904 0.18380247 0.17751610 0.14328812 0.14754895 0.23459588 0.13975598 0.14428209 0.22373441 0.14445889 0.17489420 0.15153518 0.21688164 0.19387110 0.12766722 0.17944764 0.14823265 0.21409744 0.10398383 0.15596190 0.16915796 0.18182192 0.18186293 0.19532708 0.16676899 0.13400062 0.15038401 0.20474708 0.16299795 0.21946987 0.15276607 0.18559634 0.22631704 0.19022697 0.17716445 0.17605084 0.14065796 0.14859092 0.14856467 0.16920598 
0.27850605 0.00000000 0.39323901 0.33845097 0.24157592 0.22506925 0.16615757 0.22392763 0.12183200 0.21495809 0.15631695 0.18221378 0.17910749 0.21813383 0.23191654 0.23938530 0.10574803 0.09697870 0.12472478 0.20702061 0.17157615 0.16601085 0.13419834 0.23066826 0.21241120 0.16473505 0.19180249 0.10928170 0.09958180 0.18672242 0.19145239 0.12995894 0.18528593 0.11297611 0.14739871 0.25288049 0.12090458 0.10160572 0.06576851 0.14619042 0.10396369 0.11606328 0.29849342 0.11850966 0.14848817 0.12264510 0.16422167 0.14018142 0.12778137 0.22442468 0.17351078 0.19059832 0.20530908 0.16250559 0.16974007 0.08151010 0.15374652 0.19100557 0.19708591 0.13719569 0.18383621 0.12444003 0.09033506 0.11111934 0.16023733 0.10539433 0.19905356 0.20103242 0.11833877 0.19035220 0.17126140 0.15420664 0.15681926 0.16096699 0.18116086 0.14550675 0.14565818 0.23820768 0.17134568 0.27033404 0.06695410 0.15082712 0.16833916 0.18390432 0.14230815 0.20597151 0.16692744 0.15606054 0.13366472 0.18987214 0.20325331 0.17750863 0.24186808 0.17879432 0.17453466 0.21604238 0.23367066 0.23546368 0.22116697 0.16988471 0.16607831 0.15992884 
0.27123934 0.39323901 0.00000000 0.36784753 0.27111190 0.51230038 0.20501564 0.22862464 0.11285198 0.26772065 0.28598508 0.17789299 0.27516541 0.25936506 0.24469100 0.19244078 0.16183339 0.31072646 0.15514607 0.15938952 0.08297963 0.10878383 0.16991891 0.21197755 0.16532312 0.04198031 0.24946321 0.02803124 0.28816058 0.14085200 0.16691233 0.07544876 0.31927891 0.16169037 0.14291444 0.11056796 0.04759049 0.13966253 0.09231991 0.06048856 0.03016260 0.13686793 0.26585690 0.09684121 0.06857730 0.12659671 0.09818716 0.13378798 0.07453496 0.08562889 0.09267172 0.21394899 0.19872141 0.24518893 0.15602050 0.15818269 0.15114811 0.16954347 0.12510374 0.08948753 0.10510972 0.05919795 0.03164206 0.15107936 0.06854665 0.23857919 0.13406926 0.25728191 0.13071136 0.21152544 0.18584672 0.16001854 0.23537048 0.12025051 0.14631916 0.22825809 0.19343448 0.26815553 0.16537057 0.20789147 0.07100919 0.22056305 0.10214189 0.18132685 0.16711792 0.22198749 0.27974410 0.09375317 0.09199846 0.21876685 0.18612790 0.11584458 0.11298483 0.18120268 0.22320455 0.25906325 0.17223650 0.26589744 0.28069205 0.27876030 0.18748184 0.20063801 
0.19692454 0.33845097 0.36784753 0.00000000 0.61889496 0.23802796 0.25242317 0.41500135 0.30240978 0.17752147 0.15572059 0.18603748 0.18953681 0.25407668 0.14270910 0.22734012 0.07280258 0.13547925 0.07286388 0.14692281 0.22126313 0.15237808 0.14368771 0.22375841 0.15083261 0.13869166 0.20795367 0.03782587 0.21382838 0.13888960 0.14588640 0.12080830 0.15980251 0.15783093 0.17405467 0.11385695 0.12662722 0.13031249 0.13493074 0.11090704 0.08092945 0.19969379 0.09591255 0.13270673 0.08550040 0.11102927 0.16236864 0.17255635 0.10901029 0.03653071 0.11757027 0.12793604 0.14176297 0.17781136 0.13439340 0.08415160 0.13345566 0.27935222 0.08939392 0.15175197 0.12756996 0.10942497 0.13201289 0.13666803 0.17852330 0.16173713 0.14229527 0.21651827 0.19085060 0.17755219 0.11939861 0.19968061 0.15897649 0.14122891 0.13139150 0.14521488 0.16113331 0.17512599 0.18211078 0.13509451 0.14822988 0.32742852 0.08608709 0.20350599 0.29166736 0.13810244 0.20343997 0.09017847 0.15868674 0.18236888 0.17159794 0.18069888 0.24897343 0.15681783 0.23267225 0.36334229 0.24231122 0.28694145 0.22078892 0.16972391 0.15442400 0.15712819 
0.17198800 0.24157592 0.27111190 0.61889496 0.00000000 0.29777454 0.53993320 0.42605591 0.18330274 0.16245276 0.21786399 0.27923394 0.26676348 0.20387267 0.18643220 0.25271594 0.12985686 0.10892218 0.14579424 0.17382448 0.08948125 0.08415278 0.09965921 0.13334933 0.17113957 0.05715951 0.21638120 0.04876769 0.15631010 0.12210773 0.10183579 0.09583789 0.18147099 0.15377002 0.11852524 0.18067559 0.07003539 0.07713364 0.09006574 0.09370710 0.06650845 0.16223865 0.21708015 0.15867990 0.11777310 0.10294531 0.16744368 0.14593981 0.07212470 0.18014689 0.12033968 0.12297753 0.11977373 0.19958498 0.12713804 0.19722432 0.13660789 0.19729226 0.12373566 0.18370969 0.13869569 0.18996657 0.08847408 0.21142319 0.15826059 0.24771448 0.16515078 0.28959431 0.08335198 0.22364305 0.18867649 0.05564499 0.17364789 0.10229245 0.18191671 0.10968939 0.14859391 0.29168861 0.13578913 0.16518452 0.04070262 0.19448773 0.16389729 0.22454753 0.14214183 0.21918850 0.16784665 0.09999169 0.07260609 0.19644240 0.16747506 0.21596534 0.20088850 0.21887352 0.23082010 0.28742021 0.42350234 0.26816786 0.20895071 0.16678887 0.20312415 0.16474575 
0.18287447 0.22506925 0.51230038 0.23802796 0.29777454 0.00000000 0.27168417 0.24778666 0.38265345 0.45906129 0.23523518 0.12207358 0.31850251 0.30492236 0.23906457 0.12471941 0.16157587 0.18895539 0.14049507 0.22911027 0.10129686 0.05644206 0.19904210 0.14891599 0.15564148 0.07953830 0.22886410 0.03379441 0.13811910 0.20237091 0.17485877 0.07614886 0.14666961 0.13930251 0.18838452 0.19086118 0.08360019 0.09741774 0.02400068 0.10052333 0.08422267 0.13258995 0.12531365 0.14075580 0.09613197 0.13021567 0.13705807 0.13513702 0.12744262 0.19469929 0.06699473 0.18698980 0.12281363 0.19191463 0.12498960 0.11535301 0.16318909 0.11985864 0.08121744 0.08517525 0.19128626 0.09418328 0.04443984 0.15125469 0.16948760 0.36440621 0.12851183 0.18043125 0.15129574 0.16847478 0.35030055 0.11967949 0.10460892 0.35558176 0.15763478 0.18368782 0.20717399 0.24990597 0.10777939 0.19963550 0.03518483 0.16668194 0.11564751 0.17128471 0.17535711 0.14117535 0.25380535 0.23223073 0.09915775 0.17188122 0.12865917 0.23208110 0.16500699 0.17632842 0.26621123 0.17390357 0.23828864 0.22249519 0.31162037 0.22900096 0.29995115 0.18341594 
0.22019699 0.16615757 0.20501564 0.25242317 0.53993320 0.27168417 0.00000000 0.32384375 0.27679442 0.27868746 0.35033359 0.23489663 0.25296594 0.26890664 0.26910715 0.20086875 0.18245555 0.08551624 0.10058607 0.21255845 0.10360340 0.20444537 0.17364780 0.20475760 0.24901860 0.08718113 0.20019788 0.10619634 0.11385179 0.17352031 0.14265007 0.09461673 0.21581794 0.16001217 0.16106692 0.17224485 0.18673793 0.13639712 0.10829521 0.12767554 0.05038760 0.15287114 0.28629102 0.12854761 0.18587686 0.08537267 0.05356548 0.11236589 0.10274732 0.14476650 0.16776850 0.16016070 0.07738510 0.12869571 0.13170042 0.12973572 0.15072477 0.12171572 0.01401317 0.16249094 0.16867329 0.14613956 0.06538788 0.19468015 0.20190818 0.07899425 0.09470436 0.12743728 0.14477089 0.17041294 0.20006705 0.10950906 0.15477861 0.08137147 0.13980790 0.21025404 0.16606163 0.32342510 0.09690807 0.18311192 0.08750271 0.24571234 0.15649231 0.15295446 0.17121117 0.19590400 0.17928820 0.13807277 0.17849873 0.23983200 0.21905971 0.18213591 0.16680792 0.19745457 0.22801945 0.20543225 0.28239068 0.27419831 0.33850132 0.21224592 0.25847990 0.19235012 
0.13513839 0.22392763 0.22862464 0.41500135 0.42605591 0.24778666 0.32384375 0.00000000 0.14808713 0.24327815 0.42200039 0.72381539 0.22657853 0.21652413 0.20281907 0.17875515 0.22081728 0.09899004 0.07593354 0.11064278 0.06997984 0.12912699 0.13501487 0.19613756 0.11344219 0.10591216 0.14410024 0.07249065 0.25882785 0.14690775 0.14938011 0.11960470 0.27646048 0.10600657 0.19399977 0.10080069 0.13155872 0.09820106 0.08219135 0.17206246 0.07356182 0.08086589 0.15827881 0.05440119 0.16835489 0.09157991 0.11037260 0.11786710 0.07138838 0.08327875 0.15074615 0.15148338 0.11399166 0.14501411 0.12332604 0.10919044 0.17318095 0.15644147 0.12326899 0.11452677 0.10533682 0.13630101 0.08550761 0.18225150 0.07602892 0.15060090 0.11212543 0.15038276 0.17569874 0.08555599 0.19532927 0.09823388 0.19874514 0.16047429 0.15418588 0.10935175 0.07682340 0.23787894 0.17250663 0.14372906 0.10492409 0.18223980 0.11945905 0.23306024 0.16770539 0.15641734 0.14459754 0.10598440 0.21285316 0.18197130 0.18478253 0.22997468 0.22134411 0.49308560 0.26665429 0.47962611 0.76843187 0.21489284 0.16297415 0.19210150 0.20995438 0.16311186 
0.17791271 0.12183200 0.11285198 0.30240978 0.18330274 0.38265345 0.27679442 0.14808713 0.00000000 0.21667029 0.21209914 0.37813522 0.24983767 0.22300204 0.17451470 0.09143187 0.11974449 0.14629347 0.19881816 0.16506994 0.14041706 0.16874302 0.16201050 0.08648517 0.15968514 0.11917264 0.22284824 0.17768449 0.25453862 0.17977789 0.07399204 0.20877082 0.16554123 0.18464349 0.22438561 0.14165503 0.09203263 0.18938932 0.14438259 0.22111430 0.12160098 0.11831372 0.11602566 0.20752108 0.12965517 0.08405220 0.08011886 0.14721158 0.25790798 0.18746641 0.13187621 0.14995786 0.20211758 0.14363915 0.24094775 0.36471133 0.12377454 0.10294451 0.13067555 0.16273692 0.25159267 0.07024983 0.14702267 0.25992988 0.12134472 0.14331440 0.11998634 0.18355068 0.16564129 0.24849553 0.13142074 0.10945703 0.06071296 0.20129953 0.15220418 0.17553892 0.09477486 0.13150737 0.18011055 0.16413094 0.32482377 0.28801371 0.11177830 0.08627765 0.54070882 0.20775214 0.14305541 0.18841699 0.23946264 0.21637935 0.12767595 0.16718509 0.11703807 0.17425723 0.19254724 0.13163924 0.12314776 0.22241095 0.15650724 0.18202036 0.16046693 0.16592191 
0.18335295 0.21495809 0.26772065 0.17752147 0.16245276 0.45906129 0.27868746 0.24327815 0.21667029 0.00000000 0.37302739 0.08655831 0.60848753 0.47663048 0.21925676 0.15629504 0.12908547 0.22172669 0.18977930 0.15408900 0.17947390 0.08535193 0.21016989 0.19073390 0.13003126 0.18267637 0.12418641 0.09605111 0.18903978 0.14519683 0.08452498 0.10989108 0.20961923 0.17457448 0.21061811 0.17197065 0.12495417 0.06077247 0.07995943 0.19217752 0.12190432 0.12303947 0.11108088 0.09699013 0.08962533 0.17917958 0.19250624 0.15583044 0.12120261 0.14562044 0.05863156 0.12276702 0.16782993 0.15534144 0.20346055 0.10075339 0.16495449 0.15837922 0.16330145 0.11060532 0.10244016 0.06696334 0.18492069 0.13174491 0.12653628 0.19372124 0.15585044 0.27536331 0.19900238 0.17318574 0.36310001 0.07541847 0.10734482 0.13609626 0.18435072 0.18905266 0.09493493 0.20397422 0.19017347 0.13424131 0.14499755 0.18205827 0.10084611 0.22103626 0.14286400 0.16340437 0.14677520 0.16650348 0.13924739 0.26339186 0.16162013 0.22435736 0.18339681 0.19016717 0.22975608 0.17219946 0.25112215 0.16202082 0.21320572 0.20151495 0.24535407 0.20826786 
0.17636779 0.15631695 0.28598508 0.15572059 0.21786399 0.23523518 0.35033359 0.42200039 0.21209914 0.37302739 0.00000000 0.17378106 0.09862554 0.39435934 1.03328660 0.22963288 0.15114250 0.17715216 0.11083567 0.16075418 0.13165006 0.15166872 0.16052831 0.25116932 0.15132039 0.12625061 0.12879564 0.15473235 0.15647386 0.22649211 0.15244863 0.13767015 0.07817121 0.08292788 0.17401400 0.07663756 0.17637973 0.25557472 0.11623479 0.17917285 0.14098059 0.12305108 0.26087854 0.10168060 0.19126015 0.16373852 0.16726836 0.12820303 0.17648295 0.17274077 0.17683622 0.15005358 0.16102009 0.25689352 0.10998137 0.14005020 0.13919793 0.14540399 0.10658661 0.12399559 0.14042480 0.15203529 0.11688404 0.08080238 0.12496069 0.19632563 0.13169222 0.09021538 0.09435383 0.13042157 0.21725058 0.11804924 0.15319128 0.16231953 0.11581137 0.17858826 0.10811517 0.16748172 0.12103582 0.11904886 0.15773700 0.16274761 0.17395170 0.13684652 0.08807475 0.15119663 0.13519979 0.21030054 0.19774187 0.20724631 0.13523443 0.16804724 0.21439848 0.30401571 0.22400463 0.12546137 0.23320955 0.17409634 0.19874392 0.20501704 0.21004214 0.16105657 
0.22009405 0.18221378 0.17789299 0.18603748 0.27923394 0.12207358 0.23489663 0.72381539 0.37813522 0.08655831 0.17378106 0.00000000 0.17077070 0.13379791 0.31198866 0.39371305 0.16202044 0.10699990 0.16620640 0.10481409 0.19616608 0.09686748 0.17540889 0.19814832 0.18972802 0.15308209 0.09475091 0.19680154 0.13575468 0.21387858 0.06958192 0.18402522 0.19781893 0.13508642 0.21977774 0.21016673 0.11251384 0.18159216 0.13667952 0.17615323 0.15466676 0.23824306 0.08846308 0.11194561 0.08026775 0.16208096 0.16673453 0.15077203 0.13726794 0.13367734 0.05729172 0.09589825 0.15083523 0.10428355 0.15783983 0.22892669 0.16310003 0.08317108 0.05969278 0.18912146 0.28142683 0.10354020 0.20585011 0.09719913 0.23071437 0.03632107 0.14527054 0.11374801 0.32577419 0.28457322 0.03818009 0.07355175 0.03816836 0.15663998 0.06986008 0.16559064 0.20810472 0.17657361 0.18184177 0.11677858 0.26031546 0.16238446 0.11187174 0.14403366 0.44245476 0.11820266 0.01634774 0.15973945 0.42762938 0.05879683 0.20789614 0.20747306 0.15818481 0.51053132 0.12892560 0.19599600 0.11608236 0.20477403 0.22277015 0.15323200 0.15758960 0.18419694 
0.18512540 0.17910749 0.27516541 0.18953681 0.26676348 0.31850251 0.25296594 0.22657853 0.24983767 0.60848753 0.09862554 0.17077070 0.00000000 0.24679549 0.16664191 0.24369193 0.16370548 0.18910077 0.17587596 0.13527041 0.18709010 0.12784842 0.22761412 0.15031096 0.14590077 0.12373401 0.21825905 0.07296338 0.07313560 0.05346472 0.20008459 0.08366452 0.18448829 0.13381428 0.06739089 0.12248976 0.15975330 0.27988790 0.11983135 0.15008292 0.09454958 0.10635694 0.13992545 0.12139691 0.11337716 0.13772561 0.10047181 0.14814622 0.11045698 0.21221983 0.10252548 0.09321926 0.16871537 0.19060596 0.11637152 0.29950113 0.16792065 0.18120916 0.13897747 0.11647234 0.13994974 0.19176580 0.07606185 0.14217433 0.10650834 0.11972642 0.21925850 0.73114241 0.49646885 0.50647988 0.34453984 0.12940848 0.05827462 0.22162309 0.10158300 0.13536085 0.09471143 0.16919873 0.13432983 0.13270391 0.15822615 0.18256129 0.13942404 0.08820524 0.24600288 0.13686416 0.08129447 0.12868011 0.09698386 0.12040815 0.05364141 0.20560497 0.15746513 0.20616922 0.09264457 0.19512504 0.25319703 0.29824034 0.17707235 0.14819439 0.18841084 0.15852527 
0.21930313 0.21813383 0.25936506 0.25407668 0.20387267 0.30492236 0.26890664 0.21652413 0.22300204 0.47663048 0.39435934 0.13379791 0.24679549 0.00000000 0.42878663 0.28952189 0.16359284 0.09178514 0.10992137 0.20524345 0.21431992 0.23711543 0.09419909 0.28313190 0.18125285 0.14571078 0.16722697 0.09071500 0.15187584 0.20519224 0.19574633 0.07525446 0.09861848 0.20738864 0.15996038 0.22013228 0.10169910 0.18215813 0.09824242 0.14157365 0.02082255 0.10641359 0.26784518 0.05409786 0.22435519 0.08505053 0.07331397 0.14128668 0.13430884 0.15010300 0.06185264 0.10997206 0.18674648 0.20209116 0.15047840 0.26533081 0.08528684 0.13416519 0.08742734 0.03415266 0.12047285 0.10972687 0.05263824 0.14637370 0.11468236 0.21444269 0.11203586 0.11312014 0.24016659 0.25701982 0.12714479 0.08164181 0.11852502 0.17608313 0.17455500 0.18905985 0.13696036 0.14700875 0.22377701 0.18498560 0.15861848 0.12097503 0.14798616 0.08735994 0.12384373 0.24636356 0.17373875 0.20746802 0.19610943 0.25670585 0.21091460 0.20113465 0.16054634 0.22021782 0.29355352 0.15082982 0.27548622 0.28917715 0.21011334 0.23704455 0.25929890 0.17284008 
0.17337559 0.23191654 0.24469100 0.14270910 0.18643220 0.23906457 0.26910715 0.20281907 0.17451470 0.21925676 1.03328660 0.31198866 0.16664191 0.42878663 0.00000000 0.28903652 0.06740560 0.12505518 0.19559461 0.16812101 0.24020604 0.16141879 0.13211354 0.17979346 0.22853276 0.14893444 0.24092998 0.09530608 0.22142593 0.21186283 0.18288822 0.16730710 0.18796793 0.11526034 0.18129462 0.04558969 0.13384447 0.15296481 0.11468177 0.11458830 0.10316702 0.13021246 0.19327900 0.20299329 0.13495886 0.08317305 0.17241886 0.14982361 0.10064357 0.07247929 0.10711713 0.15944287 0.17776174 0.17608127 0.06223368 0.19201519 0.07955861 0.19895916 0.20743058 0.07230676 0.10767134 0.04563351 0.13871525 0.15044378 0.06957221 0.08610518 0.18975367 0.07210732 0.11371463 0.15405094 0.12223003 0.09527367 0.14494626 0.17001413 0.07106262 0.15352734 0.10848026 0.12836597 0.17010782 0.17603726 0.13123171 0.21765249 0.17480095 0.16818856 0.24136100 0.11839645 0.15910678 0.26471519 0.19015151 0.13719291 0.16358703 0.37442673 0.30068648 0.41608012 0.24453350 0.16965458 0.15788298 0.26805080 0.14363117 0.20030978 0.22645164 0.15899563 
0.21005058 0.23938530 0.19244078 0.22734012 0.25271594 0.12471941 0.20086875 0.17875515 0.09143187 0.15629504 0.22963288 0.39371305 0.24369193 0.28952189 0.28903652 0.00000000 0.15562161 0.10861451 0.14761074 0.33873350 0.62940861 0.22861911 0.20656113 0.30488171 0.11051184 0.16601186 0.29310351 0.10654559 0.22074804 0.26369844 0.13944244 0.20043532 0.05498682 0.12648631 0.08549690 0.19027042 0.04238637 0.18167336 0.09431755 0.12175858 0.06871288 0.05958771 0.27987422 0.05363703 0.16376597 0.06305331 0.14677002 0.11650274 0.09971887 0.08753848 0.12363089 0.15326224 0.19623300 0.09014673 0.13356439 0.11885966 0.11036100 0.07555516 0.07791524 0.07774758 0.13977283 0.18335139 0.06919896 0.11557798 0.05581294 0.19364508 0.16855397 0.16263633 0.39975168 0.20301450 0.19060042 0.12833291 0.29773879 0.07958380 0.14268754 0.11842738 0.08721448 0.15094905 0.14394787 0.20246790 0.11737904 0.18905281 0.11447257 0.06735985 0.26847852 0.13201840 0.13148727 0.33500302 0.15307454 0.25805898 0.27934810 0.79849055 0.10094922 0.18011001 0.21314099 0.15461631 0.12090537 0.21526511 0.19165705 0.21234226 0.22349779 0.16968158 
0.11240425 0.10574803 0.16183339 0.07280258 0.12985686 0.16157587 0.18245555 0.22081728 0.11974449 0.12908547 0.15114250 0.16202044 0.16370548 0.16359284 0.06740560 0.15562161 0.00000000 0.25565807 0.90281747 0.45487711 0.14240731 0.11659764 0.21708367 0.28350093 0.15988887 0.19084846 0.14856390 0.19912785 0.19786679 0.14797869 0.16535187 0.13862234 0.14862326 0.13515010 0.21683033 0.11591671 0.20933445 0.15589754 0.20803205 0.15699510 0.21823382 0.19889558 0.15789527 0.09881384 0.20168377 0.17187384 0.10224586 0.18390604 0.15590457 0.14222472 0.16813423 0.13939520 0.65658237 0.17955347 0.18837904 0.49776224 0.18856768 0.12973160 0.10090038 0.15929262 0.16964388 0.20098572 0.19007448 0.13546819 0.22062337 0.13317544 0.16457154 0.15686473 0.16390951 0.15279298 0.21601364 0.16058804 0.13693211 0.16236635 0.09238175 0.14947188 0.11944656 0.21399802 0.16704556 0.17999601 0.21218500 0.06932631 0.20937499 0.12899642 0.08876270 0.10068348 0.21612931 0.12903630 0.15082084 0.12402656 0.12822517 0.13631130 0.11948095 0.15170373 0.13602278 0.17139791 0.11245618 0.13112169 0.18262146 0.18123912 0.17882927 0.14520985 
0.15862895 0.09697870 0.31072646 0.13547925 0.10892218 0.18895539 0.08551624 0.09899004 0.14629347 0.22172669 0.17715216 0.10699990 0.18910077 0.09178514 0.12505518 0.10861451 0.25565807 0.00000000 0.32439733 0.26668112 0.30004133 0.27840507 0.17640678 0.10436691 0.08662592 0.21712730 0.17763956 0.19726318 0.12157573 0.12981872 0.14875911 0.15946570 0.14365853 0.28667410 0.16629552 0.14975910 0.15365786 0.08942312 0.18385926 0.15329397 0.18230475 0.22752632 0.13873711 0.10398482 0.09332961 0.11767674 0.13353531 0.14718690 0.14839108 0.15022632 0.27446327 0.21326805 0.19211242 0.21642479 0.16433540 0.28493913 0.19543494 0.46379991 0.15279980 0.14875894 0.18940220 0.09249036 0.17427595 0.12981109 0.23813653 0.18905533 0.18131382 0.19753008 0.23455006 0.08644569 0.15262696 0.33342022 0.16908431 0.16424745 0.12310040 0.14207778 0.21997358 0.12282078 0.11246196 0.07410132 0.15769972 0.10307112 0.19104838 0.20567954 0.17994263 0.12258691 0.18532799 0.19227019 0.28194270 0.27871373 0.17886978 0.13771544 0.21557898 0.10128933 0.13761270 0.18685858 0.18446636 0.16059349 0.24219659 0.17005296 0.15674691 0.18567720 
0.13841055 0.12472478 0.15514607 0.07286388 0.14579424 0.14049507 0.10058607 0.07593354 0.19881816 0.18977930 0.11083567 0.16620640 0.17587596 0.10992137 0.19559461 0.14761074 0.90281747 0.32439733 0.00000000 0.33529847 0.16652924 0.17208291 0.37488108 0.12170798 0.18970079 0.24348450 0.21474101 0.24209394 0.25003693 0.33306268 0.13790237 0.20747817 0.12283542 0.20368661 0.83783924 0.24308859 0.11603699 0.10251331 0.14584172 0.15387605 0.17502727 0.08749058 0.10745066 0.14926572 0.16669703 0.10220599 0.13841381 0.12751191 0.15564467 0.19195691 0.23377790 0.25221023 0.63177792 0.14209512 0.22854046 0.39128790 0.07870435 0.08492449 0.12362561 0.13485786 0.12967535 0.15897736 0.13579596 0.18043522 0.12979088 0.21682319 0.16674498 0.07964427 0.25559104 0.14564250 0.18318333 0.14219952 0.09252462 0.12701212 0.08294356 0.15011094 0.10816651 0.09077858 0.09999478 0.14448996 0.10462785 0.13653776 0.10804714 0.17275878 0.15117333 0.14190045 0.18517944 0.09287398 0.14908368 0.15104626 0.16229230 0.15099852 0.14258268 0.07136363 0.17146500 0.13445657 0.10506879 0.06896481 0.15683144 0.21566800 0.13108264 0.17358520 
0.23054371 0.20702061 0.15938952 0.14692281 0.17382448 0.22911027 0.21255845 0.11064278 0.16506994 0.15408900 0.16075418 0.10481409 0.13527041 0.20524345 0.16812101 0.33873350 0.45487711 0.26668112 0.33529847 0.00000000 0.18805455 0.25726355 0.22302168 0.12054882 0.12418929 0.19796677 0.28411773 0.13968011 0.27474789 0.12683688 0.22585276 0.18017862 0.14415662 0.16173968 0.08923331 0.21899918 0.14465555 0.24125801 0.13290280 0.16002050 0.17283841 0.12871081 0.14274150 0.09259533 0.15961475 0.18141570 0.13256419 0.12942001 0.14390004 0.07265782 0.22857683 0.15393679 0.22003441 0.25749915 0.15930178 0.30550842 0.17504895 0.03359435 0.13135066 0.12404159 0.12202418 0.13194292 0.16063527 0.25147136 0.05508260 0.13192098 0.23841123 0.09981459 0.21875991 0.09050558 0.13859506 0.19771853 0.08248303 0.14085309 0.13704141 0.09469778 0.14342571 0.15416088 0.09579119 0.25295357 0.13993766 0.11203143 0.14972519 0.10141535 0.11135697 0.16602052 0.15662460 0.25595673 0.23379692 0.18160102 0.23091872 0.34255933 0.20378509 0.17777659 0.19492450 0.23675255 0.17573455 0.21561891 0.15200616 0.22762762 0.24840182 0.18694203 
0.18192703 0.17157615 0.08297963 0.22126313 0.08948125 0.10129686 0.10360340 0.06997984 0.14041706 0.17947390 0.13165006 0.19616608 0.18709010 0.21431992 0.24020604 0.62940861 0.14240731 0.30004133 0.16652924 0.18805455 0.00000000 0.24176197 0.20054635 0.28222243 0.12734540 0.24739469 0.22853627 0.08735767 0.13260472 0.16948121 0.21532093 0.16679128 0.22240125 0.10784945 0.16654401 0.08430881 0.21737304 0.08657505 0.12939275 0.16707821 0.26112650 0.14474816 0.14529846 0.11428736 0.14049312 0.24732246 0.14989376 0.15983987 0.18471683 0.11486728 0.19449081 0.11986846 0.17697472 0.10722980 0.21349517 0.17095281 0.18448651 0.14063200 0.14275872 0.13264394 0.28681129 0.09522146 0.17450435 0.16855990 0.07593432 0.09512818 0.17810929 0.09855336 0.54048753 0.17290033 0.14053848 0.22519558 0.28608512 0.09894801 0.08454842 0.17632729 0.22233260 0.06678552 0.18377965 0.06715871 0.27281401 0.08177408 0.09980125 0.12352699 0.10088400 0.10016644 0.21184725 0.37834441 0.23658561 0.18515645 0.28318711 0.33660226 0.12712794 0.13526176 0.20995831 0.14701655 0.08609620 0.20939945 0.21497592 0.20472581 0.18790246 0.15140271 
0.24624686 0.16601085 0.10878383 0.15237808 0.08415278 0.05644206 0.20444537 0.12912699 0.16874302 0.08535193 0.15166872 0.09686748 0.12784842 0.23711543 0.16141879 0.22861911 0.11659764 0.27840507 0.17208291 0.25726355 0.24176197 0.00000000 0.27642832 0.13696014 0.18868324 0.34183948 0.28493254 0.23529080 0.07435549 0.20043372 0.14355137 0.16848723 0.11318709 0.06086467 0.20260781 0.20978481 0.31856208 0.11707545 0.14046578 0.17612908 0.25711873 0.22629193 0.17467886 0.16198758 0.17431824 0.12512148 0.20117235 0.15905787 0.26049981 0.20040062 0.40502347 0.14894505 0.15943411 0.11518256 0.07189630 0.26567117 0.17779073 0.26029236 0.17229327 0.21545756 0.09769453 0.14697023 0.16647464 0.14461768 0.19089075 0.16254049 0.20876882 0.09265811 0.19644994 0.10209176 0.13700065 0.44236607 0.23735737 0.18265245 0.13131770 0.35659653 0.10670895 0.12073300 0.21050173 0.11909837 0.16319643 0.15282988 0.12340435 0.18339799 0.03518801 0.11639849 0.07517081 0.19060658 0.14022856 0.05263957 0.06248450 0.19411815 0.27337842 0.16579513 0.12000146 0.11969954 0.17229395 0.17187637 0.16920837 0.25770091 0.26293702 0.15179925 
0.17525146 0.13419834 0.16991891 0.14368771 0.09965921 0.19904210 0.17364780 0.13501487 0.16201050 0.21016989 0.16052831 0.17540889 0.22761412 0.09419909 0.13211354 0.20656113 0.21708367 0.17640678 0.37488108 0.22302168 0.20054635 0.27642832 0.00000000 0.27740200 0.23590139 0.25696526 0.56330818 0.20779654 0.22289241 0.16238373 0.20247480 0.24977172 0.11739661 0.15258632 0.19687628 0.12224809 0.25956406 0.16693861 0.05532888 0.14987067 0.18979474 0.08885803 0.19250185 0.11657175 0.11577553 0.11215555 0.19456898 0.16054683 0.11051747 0.19136970 0.20704339 0.13620973 0.21767768 0.17231195 0.14820643 0.20912282 0.12136451 0.16530295 0.13891952 0.16362047 0.25207547 0.08809298 0.15873726 0.21130285 0.10848109 0.19772316 0.19122478 0.24138433 0.14852458 0.10781818 0.21116870 0.14654882 0.16786081 0.16367448 0.10684303 0.17666033 0.15006940 0.25079897 0.14056133 0.13267041 0.21873283 0.18059787 0.19898806 0.20136749 0.10194686 0.16628529 0.15252126 0.15614283 0.19551608 0.24110439 0.24882997 0.22561522 0.12809780 0.14692682 0.07723857 0.20216599 0.10719654 0.18086428 0.12857183 0.18366969 0.15013548 0.18239296 
0.20839539 0.23066826 0.21197755 0.22375841 0.13334933 0.14891599 0.20475760 0.19613756 0.08648517 0.19073390 0.25116932 0.19814832 0.15031096 0.28313190 0.17979346 0.30488171 0.28350093 0.10436691 0.12170798 0.12054882 0.28222243 0.13696014 0.27740200 0.00000000 0.33228043 0.35491360 0.27089849 0.12270138 0.15531293 0.14366774 0.15533036 0.18464747 0.13767664 0.19545212 0.15118951 0.13817632 0.21254583 0.13547427 0.08389292 0.14820420 0.13788229 0.14511304 0.11178816 0.17839584 0.11367492 0.17775142 0.11809590 0.14748487 0.17198441 0.13467642 0.12002104 0.11202333 0.11368301 0.16641534 0.12387883 0.05404450 0.19868271 0.05790601 0.14590585 0.05259218 0.13933819 0.00831421 0.09320310 0.21613207 0.14160829 0.25936241 0.18691664 0.08075130 0.18780754 0.07365653 0.28153167 0.10102916 0.18677822 0.14339585 0.14209877 0.20857744 0.32726059 0.13587717 0.10401026 0.21523813 0.20352248 0.21234243 0.15165993 0.18218452 0.21761105 0.09795748 0.19942657 0.25068431 0.15409770 0.15538578 1.15165711 0.13725087 0.20307962 0.18114999 0.05774648 0.10263503 0.21148244 0.20160014 0.19157774 0.17057619 0.21400250 0.17665325 
0.13733870 0.21241120 0.16532312 0.15083261 0.17113957 0.15564148 0.24901860 0.11344219 0.15968514 0.13003126 0.15132039 0.18972802 0.14590077 0.18125285 0.22853276 0.11051184 0.15988887 0.08662592 0.18970079 0.12418929 0.12734540 0.18868324 0.23590139 0.33228043 0.00000000 0.20212362 0.24361822 0.21575369 0.17484781 0.14405891 0.07369394 0.14138679 0.08761976 0.20224711 0.20206185 0.20699315 0.15259573 0.13298753 0.16880186 0.15869010 0.19891585 0.18804565 0.12290333 0.11833059 0.09938026 0.16467300 0.12757554 0.15309049 0.16043584 0.00000000 0.22173713 0.14077929 0.15464869 0.08997637 0.11940436 0.18088451 0.12761531 0.06426774 0.18751794 0.16626494 0.11334450 0.14064903 0.15050580 0.14644659 0.19177139 0.22728640 0.14639036 0.06475291 0.16714238 0.16234405 0.12420866 0.58473343 0.27714296 0.11537087 0.11054432 0.73772707 0.74294365 0.22712795 0.14046778 0.15450612 0.13142287 0.07079241 0.17819435 0.15001151 0.16895600 0.13724388 0.49442134 0.12451807 0.16711224 0.18212390 0.30645241 0.22271972 0.11487214 0.22003809 0.15472234 0.16472947 0.12342684 0.12979976 0.18343138 0.13700150 0.16165482 0.15057718 
0.16403416 0.16473505 0.04198031 0.13869166 0.05715951 0.07953830 0.08718113 0.10591216 0.11917264 0.18267637 0.12625061 0.15308209 0.12373401 0.14571078 0.14893444 0.16601186 0.19084846 0.21712730 0.24348450 0.19796677 0.24739469 0.34183948 0.25696526 0.35491360 0.20212362 0.00000000 0.16715000 0.37048744 0.12694929 0.23125159 0.08634205 0.22068075 0.15332665 0.16385121 0.21017987 0.10790454 0.69950200 0.22336173 0.23334260 0.20549065 0.29232879 0.20213066 0.14950792 0.22394182 0.23285770 0.19058637 0.22233281 0.17622098 0.26469179 0.12039812 0.26911177 0.14757054 0.16885898 0.20778894 0.23844140 0.11483868 0.22175077 0.11345610 0.18637558 0.18399932 0.17365588 0.05928777 0.21118208 0.15267677 0.18628922 0.11988065 0.20365792 0.11468619 0.22131490 0.20408586 0.07761492 0.24270709 0.12135358 0.13183125 0.21319063 0.16285691 0.17316763 0.15558243 0.16905365 0.10139624 0.21032204 0.13851369 0.15623772 0.10237395 0.18664570 0.15317913 0.14858938 0.18656262 0.23186815 0.25064809 0.16880794 0.16805702 0.11085609 0.11315002 0.09669182 0.09834781 0.09907039 0.16543250 0.12408482 0.07186283 0.12516632 0.18784376 
0.19128298 0.19180249 0.24946321 0.20795367 0.21638120 0.22886410 0.20019788 0.14410024 0.22284824 0.12418641 0.12879564 0.09475091 0.21825905 0.16722697 0.24092998 0.29310351 0.14856390 0.17763956 0.21474101 0.28411773 0.22853627 0.28493254 0.56330818 0.27089849 0.24361822 0.16715000 0.00000000 0.16992560 0.50056166 0.16943721 0.10886619 0.12438278 0.24290135 0.14942922 0.12120206 0.25981474 0.25874451 0.26524843 0.11404762 0.14273539 0.08937871 0.13476681 0.28145580 0.14671631 0.15726656 0.08366627 0.15131808 0.10972214 0.12181119 0.32426402 0.18610503 0.16769989 0.22325929 0.19913215 0.19588577 0.28552964 0.12284300 0.08339431 0.12052137 0.19090208 0.16002801 0.05540182 0.13282582 0.11710694 0.04184495 0.12543075 0.10757304 0.12189527 0.10837949 0.19582943 0.15987242 0.16023302 0.17161034 0.18063777 0.05993037 0.19043258 0.22962196 0.19495651 0.15999885 0.12469532 0.03709350 0.12320898 0.12244031 0.23375597 0.08439291 0.14680070 0.18958492 0.14285095 0.13194502 0.22080785 0.06251404 0.14287923 0.18754933 0.16628152 0.20388308 0.14421775 0.19855117 0.19928682 0.26767016 0.21047552 0.24607892 0.18492962 
0.16721146 0.10928170 0.02803124 0.03782587 0.04876769 0.03379441 0.10619634 0.07249065 0.17768449 0.09605111 0.15473235 0.19680154 0.07296338 0.09071500 0.09530608 0.10654559 0.19912785 0.19726318 0.24209394 0.13968011 0.08735767 0.23529080 0.20779654 0.12270138 0.21575369 0.37048744 0.16992560 0.00000000 0.29778949 0.32608334 0.15627838 0.42374570 0.15507149 0.22536059 0.15817495 0.24332823 0.51320827 0.19409136 0.24069177 0.18701436 0.21111131 0.28552218 0.13812362 0.16100629 0.17705820 0.17229068 0.15994875 0.14129992 0.22858855 0.19101201 0.67570619 0.19788776 0.24826622 0.25232761 0.17978282 0.12599255 0.16602987 0.14102836 0.14971516 0.25062938 0.17223863 0.20345228 0.26350555 0.15364030 0.16072084 0.16599514 0.19473973 0.14544945 0.15240619 0.17237703 0.14822135 0.22274498 0.16841470 0.13891187 0.16972984 0.13283578 0.16249572 0.16848693 0.11734974 0.15514477 0.29170043 0.16772255 0.21506952 0.17566823 0.13639058 0.17789783 0.15054263 0.13602595 0.24333120 0.15961128 0.13999904 0.18503945 0.14668121 0.15873283 0.08624936 0.11504788 0.02586976 0.04373249 0.09010917 0.10580697 0.06744856 0.13520539 
0.18477209 0.09958180 0.28816058 0.21382838 0.15631010 0.13811910 0.11385179 0.25882785 0.25453862 0.18903978 0.15647386 0.13575468 0.07313560 0.15187584 0.22142593 0.22074804 0.19786679 0.12157573 0.25003693 0.27474789 0.13260472 0.07435549 0.22289241 0.15531293 0.17484781 0.12694929 0.50056166 0.29778949 0.00000000 0.08859977 0.72892879 0.23894537 0.31161200 0.14730664 0.20472276 0.28294535 0.14344629 0.18868448 0.06996959 0.20083162 0.14614237 0.12852632 0.13345713 0.16863171 0.20188007 0.12851536 0.18052944 0.24775325 0.19251737 0.18351576 0.13709691 0.17664498 0.15685395 0.25837938 0.20362137 0.20620098 0.16531007 0.13740923 0.08795298 0.14072786 0.12672828 0.17044086 0.15260872 0.13464413 0.15419178 0.08140187 0.16567644 0.26644886 0.10854450 0.16919195 0.08699127 0.11709539 0.15595972 0.17952200 0.15345328 0.15272748 0.15363237 0.17713473 0.11884051 0.14332998 0.17820259 0.16046076 0.18945572 0.15276367 0.09934115 0.18456814 0.10575605 0.21363663 0.24386813 0.13106618 0.13652076 0.07973588 0.15748060 0.14372531 0.12963470 0.16834174 0.17646073 0.16566051 0.25225891 0.19135619 0.19300403 0.17474457 
0.18772553 0.18672242 0.14085200 0.13888960 0.12210773 0.20237091 0.17352031 0.14690775 0.17977789 0.14519683 0.22649211 0.21387858 0.05346472 0.20519224 0.21186283 0.26369844 0.14797869 0.12981872 0.33306268 0.12683688 0.16948121 0.20043372 0.16238373 0.14366774 0.14405891 0.23125159 0.16943721 0.32608334 0.08859977 0.00000000 0.14195090 0.40061897 0.32873611 0.29374883 0.35317618 0.20159680 0.11632131 0.25398915 0.11986872 0.18698711 0.21034934 0.16039559 0.15877361 0.14889605 0.20146645 0.15962606 0.16555349 0.12838349 0.23126627 0.16979506 0.17292434 0.20836822 0.11990572 0.17089689 0.19593697 0.20447076 0.14637660 0.15728311 0.19384075 0.12959128 0.18068985 0.09809636 0.18995035 0.21407657 0.07813857 0.19430080 0.17213038 0.18050528 0.10913567 0.12262409 0.12072324 0.21027532 0.16123805 0.18005570 0.12284878 0.14036189 0.18646813 0.14578861 0.19307759 0.18953854 0.19492764 0.13521668 0.20379880 0.20569306 0.17758045 0.12970228 0.17709780 0.24171547 0.23028183 0.11474641 0.15089842 0.15999148 0.17544444 0.14333418 0.16689874 0.11072196 0.22941735 0.08666415 0.14637214 0.16046349 0.15214005 0.14890497 
0.17494650 0.19145239 0.16691233 0.14588640 0.10183579 0.17485877 0.14265007 0.14938011 0.07399204 0.08452498 0.15244863 0.06958192 0.20008459 0.19574633 0.18288822 0.13944244 0.16535187 0.14875911 0.13790237 0.22585276 0.21532093 0.14355137 0.20247480 0.15533036 0.07369394 0.08634205 0.10886619 0.15627838 0.72892879 0.14195090 0.00000000 0.30298899 0.32566626 0.22194908 0.19983240 1.08068026 0.11886032 0.15345883 0.10525978 0.10179876 0.14447981 0.12069669 0.22790792 0.12168057 0.24199325 0.19575165 0.12009353 0.12516239 0.26301706 0.31762904 0.17460267 0.16067922 0.10194654 0.18198773 0.17898073 0.07377468 0.08473943 0.07180867 0.19372397 0.15846280 0.25530611 0.14953567 0.10397526 0.20434239 0.12802896 0.16560683 0.14887233 0.09263153 0.09622356 0.21770377 0.12734244 0.16696527 0.04932003 0.16395536 0.21030440 0.13836048 0.13740351 0.19058143 0.18545529 0.30054088 0.09923421 0.25715187 0.20892058 0.23389798 0.16809340 0.25753792 0.20436583 0.09128240 0.13281010 0.24778174 0.19312577 0.25640301 0.13389746 0.04616170 0.25309867 0.18331347 0.14860387 0.16696229 0.13926858 0.25529173 0.14866606 0.15305722 
0.10998443 0.12995894 0.07544876 0.12080830 0.09583789 0.07614886 0.09461673 0.11960470 0.20877082 0.10989108 0.13767015 0.18402522 0.08366452 0.07525446 0.16730710 0.20043532 0.13862234 0.15946570 0.20747817 0.18017862 0.16679128 0.16848723 0.24977172 0.18464747 0.14138679 0.22068075 0.12438278 0.42374570 0.23894537 0.40061897 0.30298899 0.00000000 0.39930517 0.20328707 0.29650152 0.11442427 0.19865736 0.15412488 0.19484811 0.24379599 0.17818745 0.15072684 0.11663141 0.14952982 0.19317765 0.16905118 0.22049318 0.16874900 0.13107524 0.22212046 0.31198051 0.13509659 0.19167829 0.29082507 0.19955082 0.09500044 0.15590229 0.15335358 0.19002276 0.21870916 0.22963205 0.19397179 0.23907034 0.15169740 0.16134919 0.20862576 0.24564576 0.13682847 0.25957746 0.16536658 0.09931307 0.20702250 0.09901227 0.16524083 0.14090232 0.13143182 0.17120773 0.16115217 0.12981034 0.19874191 0.22701599 0.11267139 0.18970131 0.18430939 0.11667438 0.26338100 0.13990678 0.14565517 0.22569770 0.17794055 0.14185982 0.12026154 0.16440972 0.18407131 0.09941360 0.18570918 0.10194788 0.08017910 0.11448191 0.10622476 0.08145369 0.14723297 
0.18733917 0.18528593 0.31927891 0.15980251 0.18147099 0.14666961 0.21581794 0.27646048 0.16554123 0.20961923 0.07817121 0.19781893 0.18448829 0.09861848 0.18796793 0.05498682 0.14862326 0.14365853 0.12283542 0.14415662 0.22240125 0.11318709 0.11739661 0.13767664 0.08761976 0.15332665 0.24290135 0.15507149 0.31161200 0.32873611 0.32566626 0.39930517 0.00000000 0.69174975 0.20698923 0.16040428 0.06019831 0.16892454 0.08287692 0.13058616 0.14226622 0.12321574 0.15087526 0.06289901 0.15709698 0.17772711 0.19958408 0.11751012 0.11913839 0.28382485 0.18512022 0.17059165 0.18204611 0.80619097 0.18096433 0.29263109 0.17865685 0.07129513 0.09458528 0.10713212 0.14099706 0.01409278 0.14815019 0.13125163 0.13691418 0.15006328 0.16155366 0.25770812 0.16257464 0.19640939 0.13756514 0.09047164 0.09916292 0.16862108 0.19072993 0.18036182 0.14455839 0.11911362 0.14888903 0.14933765 0.11741334 0.13801422 0.11864025 0.20878671 0.19386150 0.19588389 0.22622348 0.21356837 0.11507201 0.15861359 0.18704917 0.22047414 0.14982683 0.15224730 0.15110150 0.14683548 0.16435262 0.12080103 0.23512559 0.23568670 0.22784177 0.17169562 
0.17785911 0.11297611 0.16169037 0.15783093 0.15377002 0.13930251 0.16001217 0.10600657 0.18464349 0.17457448 0.08292788 0.13508642 0.13381428 0.20738864 0.11526034 0.12648631 0.13515010 0.28667410 0.20368661 0.16173968 0.10784945 0.06086467 0.15258632 0.19545212 0.20224711 0.16385121 0.14942922 0.22536059 0.14730664 0.29374883 0.22194908 0.20328707 0.69174975 0.00000000 0.13422442 0.33347591 0.08326547 0.09544358 0.16955660 0.14508949 0.12399674 0.21256215 0.25393247 0.11692743 0.15571246 0.24319221 0.15962457 0.13827186 0.07878872 0.67616738 0.28571362 0.61815072 0.17759933 0.34768520 0.43805140 0.27165086 0.44569244 0.06491595 0.17487082 0.11769850 0.33317064 0.10082985 0.12073578 0.13941424 0.13952506 0.24635851 0.16132204 0.11104798 0.09225321 0.07494087 0.08498326 0.19069932 0.14948020 0.17740476 0.07929974 0.09520686 0.09723495 0.15554779 0.20371689 0.16333653 0.12327952 0.18038969 0.14372483 0.17387566 0.15764463 0.19327029 0.10447743 0.11626552 0.19359590 0.16306311 0.10521552 0.10252925 0.16916238 0.14399094 0.09170188 0.11160692 0.11355213 0.15419046 0.16318088 0.11928818 0.13954446 0.14641533 
0.11170130 0.14739871 0.14291444 0.17405467 0.11852524 0.18838452 0.16106692 0.19399977 0.22438561 0.21061811 0.17401400 0.21977774 0.06739089 0.15996038 0.18129462 0.08549690 0.21683033 0.16629552 0.83783924 0.08923331 0.16654401 0.20260781 0.19687628 0.15118951 0.20206185 0.21017987 0.12120206 0.15817495 0.20472276 0.35317618 0.19983240 0.29650152 0.20698923 0.13422442 0.00000000 0.24535112 0.23530234 0.12394110 0.17287245 0.25073497 0.17963777 0.18177881 0.09625781 0.15015605 0.15636408 0.12944203 0.18098505 0.13166903 0.25301360 0.17060261 0.26042390 0.18659255 0.42235647 0.16449631 0.23224334 0.09692892 0.14066082 0.13245783 0.15234607 0.19034530 0.14993320 0.18966900 0.16047063 0.13953779 0.17687973 0.10452704 0.17451763 0.11999288 0.20778296 0.04865406 0.20372466 0.13201209 0.15266895 0.14271297 0.16722999 0.14426368 0.23340133 0.13775280 0.06794844 0.23528977 0.17924646 0.17616512 0.17985826 0.12733203 0.15844091 0.11924527 0.14744088 0.23940764 0.15484940 0.11909768 0.22721635 0.17853877 0.14579627 0.14252711 0.17544059 0.10956582 0.16404226 0.10656099 0.14837679 0.18269511 0.15346060 0.20998650 
