0.00000000 0.23680415 0.21614317 0.16026231 0.12275433 0.14167824 0.16732353 0.11009197 0.14324714 0.14848185 0.15062616 0.16791857 0.14593081 0.17716427 0.15314704 0.16481084 0.08037746 0.13614875 0.09756578 0.18219889 0.16465027 0.21763302 0.14184036 0.15608073 0.11328848 0.14852050 0.15670175 0.15828631 0.16185081 0.19518583 0.14891355 0.11201130 0.16592139 0.14728775 0.09677452 0.17485483 0.17839762 0.14661003 0.11530400 0.13813082 0.12437977 0.09389552 0.14561812 0.12538620 0.13319863 0.12394649 0.13245161 0.12661314 0.08928894 0.15137625 0.16278739 0.16601726 0.11245223 0.12472632 0.11545896 0.10937251 0.11793365 0.11959310 0.12999872 0.11946954 0.12155483 0.07791125 0.10648627 0.13838773 0.15965933 0.07784427 0.12424621 0.19127194 0.11241771 0.12854704 0.17125357 0.10782721 0.12553861 0.13578917 0.19318416 0.17213539 0.08238806 0.17196010 0.11899150 0.17002105 0.09498256 0.12827675 0.11492099 0.16586674 0.14571154 0.14548257 0.13118836 0.11690333 0.13769762 0.15408353 0.12104770 0.14485764 0.12409526 0.16303186 0.16654098 0.14797601 0.11952704 0.10725075 0.09567516 0.08112127 0.09278951 0.13531579 
0.23680415 0.00000000 0.29002039 0.20853046 0.18123530 0.15687309 0.14538644 0.13152793 0.08114882 0.15947532 0.11118924 0.10895521 0.16968545 0.18333983 0.21590344 0.14116596 0.05130804 0.05637526 0.10047615 0.17054956 0.16129407 0.11184423 0.12222573 0.16123691 0.18935559 0.15381241 0.12506278 0.12023783 0.09584338 0.15316905 0.15617871 0.09339916 0.13250004 0.10879850 0.10498648 0.18981999 0.15272055 0.10731210 0.07847084 0.13341453 0.11009323 0.04466638 0.23003222 0.08923266 0.12101627 0.17924658 0.13822372 0.14953232 0.09461410 0.14003722 0.12478242 0.15461843 0.18527959 0.13551344 0.11517983 0.12001553 0.13704273 0.13167291 0.15988837 0.09226435 0.07246610 0.08660094 0.06454767 0.12985528 0.12376928 0.08888328 0.12856477 0.12035668 0.18058977 0.11187594 0.13852086 0.09052792 0.09231285 0.10709539 0.18554201 0.14874112 0.11414116 0.18610893 0.11388519 0.22771256 0.07610724 0.17534633 0.15242013 0.17398230 0.13331243 0.21648236 0.09552675 0.11581464 0.12267913 0.15005492 0.16133711 0.12775784 0.19430634 0.15129693 0.16243884 0.19994951 0.17855978 0.21788265 0.15795397 0.15964958 0.14875527 0.12887968 
0.21614317 0.29002039 0.00000000 0.26363784 0.09656446 0.37497855 0.13751017 0.14762418 0.08867934 0.14820090 0.28482662 0.16279534 0.21865032 0.11352450 0.14714839 0.12991417 0.13754652 0.23719793 0.10788273 0.13768687 0.11070264 0.08407044 0.13742251 0.13242725 0.15751756 0.04601151 0.18216376 0.10280773 0.28072862 0.12748994 0.14964757 0.04840618 0.26957980 0.14396498 0.16021049 0.09399703 0.10434895 0.08426102 0.14883346 0.11959106 0.09649325 0.11333847 0.20330140 0.08646707 0.07182757 0.09068600 0.12641512 0.11489843 0.04054097 0.06333589 0.09174744 0.16003242 0.12393006 0.22389815 0.12818801 0.18177242 0.06706604 0.10340058 0.13028494 0.10205846 0.10068573 0.06061544 0.12242112 0.15446292 0.06227457 0.11845992 0.10684282 0.22851784 0.10611096 0.16983412 0.14538532 0.11305579 0.12701456 0.08563140 0.13128604 0.15718588 0.16243247 0.29752549 0.11046046 0.09295461 0.10344563 0.27781555 0.10672975 0.14683203 0.17672206 0.15708722 0.19720100 0.06759063 0.14469728 0.10513465 0.13745572 0.13814337 0.05775524 0.16169574 0.19050164 0.16319839 0.08884180 0.17318570 0.17907999 0.21625965 0.15827492 0.15291857 
0.16026231 0.20853046 0.26363784 0.00000000 0.48354424 0.17959103 0.18705914 0.31595491 0.25483750 0.15315564 0.17883381 0.15241564 0.16526362 0.16250989 0.12764158 0.19589090 0.09175375 0.08715788 0.03827973 0.16188776 0.12849731 0.08919978 0.03230104 0.07877460 0.12112338 0.15419359 0.18040973 0.10330618 0.14618684 0.10814612 0.07542783 0.10319331 0.13499518 0.11386933 0.07451027 0.08919022 0.12225066 0.12929002 0.17375873 0.11660428 0.11062444 0.17891352 0.05152925 0.10172764 0.07568342 0.09921232 0.15008056 0.11542325 0.08755882 0.05537138 0.12374176 0.09313500 0.09214109 0.11261657 0.15021190 0.09640807 0.15710255 0.12905404 0.14709888 0.14572226 0.12394946 0.07778010 0.17781824 0.14069878 0.06771901 0.13454672 0.10783880 0.20789612 0.13208248 0.15933186 0.04037408 0.13057327 0.09307585 0.18469736 0.18395188 0.15708371 0.12376478 0.09503823 0.18445301 0.10555643 0.13670652 0.27858194 0.10416898 0.16746986 0.26186425 0.08031360 0.18493291 0.14603444 0.14683088 0.13338815 0.13075330 0.09535451 0.16577933 0.15807706 0.15528018 0.26428600 0.16141661 0.20750087 0.13409223 0.13675230 0.12029225 0.12477683 
0.12275433 0.18123530 0.09656446 0.48354424 0.00000000 0.17477683 0.34293595 0.23162105 0.17371973 0.13410740 0.17255898 0.21061417 0.25563672 0.11840017 0.11885509 0.17542533 0.08209491 0.13490078 0.05252244 0.08032947 0.09860904 0.14027624 0.06920908 0.08989879 0.17725895 0.07012994 0.19019588 0.13792746 0.16786244 0.12622473 0.13165725 0.14051977 0.17246743 0.14110011 0.09339700 0.11712548 0.15905470 0.05641532 0.15298571 0.14223845 0.13998709 0.15510719 0.15600922 0.11266126 0.07996253 0.10318034 0.17285150 0.12406690 0.05037572 0.11783632 0.14942219 0.12519073 0.08807587 0.11490801 0.03687198 0.17656520 0.09384446 0.20636294 0.07009071 0.23029301 0.12468272 0.14723658 0.14016089 0.14920220 0.09664092 0.12618611 0.11578404 0.23317459 0.11319761 0.12311159 0.19544157 0.10080077 0.12450444 0.13197508 0.09735526 0.09780918 0.13394925 0.24103600 0.15742203 0.09077685 0.05393595 0.14073806 0.12389009 0.17555945 0.15609613 0.14742234 0.10274438 0.08533942 0.05274950 0.13818322 0.12054806 0.18968714 0.15313721 0.15749639 0.11245440 0.21088829 0.27999504 0.16778940 0.14282067 0.14747328 0.19492945 0.13039469 
0.14167824 0.15687309 0.37497855 0.17959103 0.17477683 0.00000000 0.19320104 0.17644768 0.23665895 0.29020855 0.15192403 0.09568773 0.19715671 0.19586418 0.11632491 0.02299241 0.21229593 0.10585698 0.12374276 0.18880364 0.16016666 0.10537343 0.22590638 0.13386917 0.15976770 0.16313203 0.11967363 0.12681738 0.12919431 0.12226189 0.13025507 0.09976428 0.08522600 0.11816238 0.16610699 0.17816709 0.10273592 0.09362686 0.07220189 0.11391806 0.09108882 0.11616203 0.05131465 0.07984009 0.15854839 0.07797395 0.19776124 0.10744291 0.08067096 0.12137167 0.12948596 0.16762337 0.10145621 0.14349217 0.13773817 0.06216854 0.13466552 0.05815929 0.08132695 0.05776500 0.19167667 0.08268364 0.08870864 0.06025302 0.08539897 0.27366252 0.08505502 0.14213587 0.11239340 0.10009579 0.34124640 0.09026533 0.13495366 0.26470650 0.14343140 0.13685070 0.14540828 0.22091720 0.12782850 0.14208029 0.12082838 0.13787897 0.10317961 0.19356729 0.13747242 0.12715458 0.23339719 0.16658876 0.13705908 0.17175754 0.12463316 0.15037427 0.16237189 0.10636191 0.13006712 0.14365220 0.14104924 0.16668587 0.19015876 0.18933935 0.22976794 0.14104273 
0.16732353 0.14538644 0.13751017 0.18705914 0.34293595 0.19320104 0.00000000 0.18173893 0.18723866 0.28826719 0.21423896 0.13033467 0.21206418 0.17800362 0.19931216 0.08322803 0.11203922 0.11059933 0.10355800 0.18773607 0.08793163 0.11705415 0.15229508 0.15909901 0.11856269 0.10461228 0.20303776 0.10254092 0.10456696 0.19492170 0.11372043 0.09480822 0.14632417 0.11068294 0.16952102 0.16430881 0.12352064 0.06284788 0.05529377 0.13060693 0.12905308 0.11670271 0.17060166 0.06664567 0.14484710 0.09905435 0.10343511 0.10752193 0.06567465 0.09567484 0.11169641 0.19653818 0.07608527 0.07705367 0.13492688 0.07985905 0.11756540 0.14837873 0.06586082 0.10068937 0.17910939 0.17298239 0.10805315 0.20279347 0.15542123 0.10834290 0.11028981 0.14788892 0.15546979 0.10359444 0.13335618 0.08978074 0.09229528 0.10266725 0.13314632 0.17587701 0.14172053 0.28153532 0.09196565 0.14872463 0.10153561 0.16064616 0.16240635 0.14531494 0.16413207 0.17893733 0.16757851 0.11283219 0.12510459 0.20115012 0.15485131 0.14415774 0.19828154 0.15612788 0.15498339 0.21147851 0.10435812 0.23947636 0.23409167 0.14348906 0.16096439 0.14559129 
0.11009197 0.13152793 0.14762418 0.31595491 0.23162105 0.17644768 0.18173893 0.00000000 0.09829104 0.12313220 0.23726687 0.55069966 0.12963843 0.14159100 0.20015455 0.20882608 0.11461994 0.09834609 0.10683926 0.10221355 0.10084312 0.10842065 0.13146299 0.21323303 0.13212640 0.08393192 0.13888201 0.09234001 0.22052267 0.09693500 0.17405550 0.08505062 0.20765314 0.08536182 0.12019659 0.10980873 0.09349363 0.06749041 0.10569747 0.11968014 0.09846185 0.09718688 0.13754475 0.04893016 0.10488212 0.05875449 0.06886872 0.10850481 0.05527077 0.09645604 0.12880569 0.08417946 0.12933462 0.18499701 0.16104968 0.09119910 0.14306231 0.16894090 0.13072030 0.12749308 0.13433809 0.09533434 0.13655838 0.08451184 0.12565067 0.12092073 0.12209135 0.08730232 0.19106077 0.13879753 0.13046178 0.09327240 0.15092919 0.18512775 0.14531086 0.14754746 0.07031235 0.09133932 0.12757024 0.09019452 0.06994437 0.10625913 0.07194519 0.15525271 0.08767052 0.11448526 0.11720275 0.08063290 0.24214364 0.10083065 0.17756828 0.15811992 0.23226561 0.38757706 0.22521870 0.36938691 0.56358798 0.15292809 0.13989095 0.14541742 0.10529564 0.12299137 
0.14324714 0.08114882 0.08867934 0.25483750 0.17371973 0.23665895 0.18723866 0.09829104 0.00000000 0.20888797 0.11238440 0.22376304 0.09901522 0.11144488 0.17714824 0.06056599 0.13945170 0.12359896 0.18092577 0.18897505 0.16418171 0.08125661 0.07920004 0.08441652 0.19105752 0.10432011 0.16832057 0.12290822 0.21303809 0.12345270 0.07475992 0.13483461 0.06064814 0.13965003 0.11732271 0.07935009 0.11240425 0.15358415 0.09876419 0.12514015 0.11714057 0.12174590 0.12153296 0.14929323 0.15788218 0.14008621 0.06364500 0.15459788 0.23454116 0.14852281 0.14367242 0.17515807 0.14151258 0.04703650 0.13751903 0.25367657 0.19031863 0.12937359 0.12563232 0.11139257 0.16565665 0.07931116 0.14471370 0.26253451 0.13507223 0.08553394 0.11897344 0.09397390 0.20129246 0.15777877 0.11534200 0.14575815 0.06692493 0.25591589 0.12506501 0.10341277 0.13494427 0.10187133 0.14990416 0.15225351 0.23701998 0.11869506 0.13503304 0.12471321 0.43854262 0.17368940 0.09589195 0.12070009 0.06988188 0.19512670 0.12795698 0.17979690 0.05902406 0.08820296 0.14012386 0.14041109 0.13896520 0.16797844 0.15295755 0.14584185 0.11986937 0.13490479 
0.14848185 0.15947532 0.14820090 0.15315564 0.13410740 0.29020855 0.28826719 0.12313220 0.20888797 0.00000000 0.18517169 0.08798052 0.39669569 0.30996796 0.15718922 0.09018989 0.11736823 0.13760846 0.13157808 0.12654001 0.19645802 0.10509464 0.14662405 0.17306101 0.07774226 0.10366353 0.08964906 0.07255223 0.08467146 0.09293097 0.10814682 0.13473469 0.19045315 0.12718565 0.08426280 0.11435271 0.09372992 0.12289478 0.12631508 0.11259702 0.09560856 0.11292070 0.14255422 0.11707631 0.07036088 0.11722584 0.10178037 0.10921413 0.12753209 0.10032268 0.09328159 0.09746272 0.15706562 0.15234123 0.22646362 0.13002160 0.17765381 0.17720559 0.08055249 0.07333041 0.18623338 0.11907725 0.13429708 0.12560906 0.10258356 0.12049275 0.11906397 0.20451198 0.17919700 0.14489563 0.32592725 0.12509858 0.10462024 0.06383527 0.21573675 0.15046412 0.12975820 0.09729605 0.12396916 0.16172308 0.09977864 0.16856086 0.14069967 0.09579373 0.11935965 0.21274706 0.13088031 0.10394284 0.12992791 0.16678839 0.11785427 0.15840515 0.12205904 0.13135257 0.23154728 0.15738293 0.18170481 0.16968600 0.12448943 0.14291803 0.19658967 0.17364815 
0.15062616 0.11118924 0.28482662 0.17883381 0.17255898 0.15192403 0.21423896 0.23726687 0.11238440 0.18517169 0.00000000 0.11690865 0.10478841 0.23858487 0.59173262 0.15654748 0.16099703 0.16206048 0.10359276 0.08514878 0.15208535 0.11419967 0.22391021 0.13367927 0.16683585 0.09100784 0.08144966 0.11071800 0.12777140 0.17544673 0.13278433 0.12029045 0.03309341 0.08769831 0.13601119 0.06378022 0.17309852 0.25934353 0.07001467 0.11447794 0.12157121 0.07605999 0.17426698 0.17354265 0.13500509 0.14379829 0.09271440 0.11555526 0.12506850 0.20080264 0.16088600 0.10354629 0.14420018 0.18323601 0.10177298 0.11848461 0.13523969 0.24655072 0.06924180 0.13081059 0.14357242 0.05853114 0.06949433 0.07522734 0.10654610 0.13526482 0.12739241 0.08848589 0.12551671 0.05586254 0.21616883 0.09212513 0.09621830 0.17691483 0.05946610 0.14966108 0.07029362 0.07861891 0.03548011 0.16787316 0.10811090 0.16828478 0.09016129 0.10429229 0.10723591 0.17253262 0.17498782 0.16625450 0.21997093 0.17360760 0.11942036 0.15496874 0.16181418 0.35826998 0.19779949 0.11109416 0.17332193 0.14242116 0.18217706 0.18610116 0.11965298 0.12515702 
0.16791857 0.10895521 0.16279534 0.15241564 0.21061417 0.09568773 0.13033467 0.55069966 0.22376304 0.08798052 0.11690865 0.00000000 0.13317552 0.11332947 0.34019853 0.18257404 0.08616746 0.12188348 0.07972422 0.10009226 0.11065703 0.11138682 0.14621187 0.20511200 0.11156152 0.16938890 0.09629575 0.07654333 0.11575306 0.22887040 0.11303818 0.09647254 0.21796440 0.15304673 0.16540546 0.19166332 0.18509494 0.09065751 0.06557472 0.15640665 0.14195167 0.10351501 0.08410590 0.06606703 0.11065414 0.09775394 0.15231205 0.12805797 0.11447562 0.07284468 0.06168525 0.06128966 0.12506923 0.05768186 0.13567511 0.12654730 0.17890584 0.02645627 0.07250969 0.12761422 0.20302120 0.03412733 0.06302344 0.04872928 0.12345000 0.07898266 0.15371483 0.04459590 0.30974199 0.28699993 0.06466101 0.12013273 0.05835695 0.13273054 0.05004547 0.16045162 0.15407043 0.10995598 0.15461729 0.08866377 0.27502097 0.15308722 0.09133275 0.11111308 0.38345373 0.12891341 0.04719449 0.14325779 0.25880787 0.04726600 0.19819414 0.17410421 0.07016880 0.43593884 0.09736845 0.15057944 0.09741891 0.22692500 0.19615815 0.14090382 0.17630145 0.15487552 
0.14593081 0.16968545 0.21865032 0.16526362 0.25563672 0.19715671 0.21206418 0.12963843 0.09901522 0.39669569 0.10478841 0.13317552 0.00000000 0.11690996 0.11445258 0.21294159 0.15276758 0.16354654 0.12272318 0.14192922 0.08131232 0.09591035 0.15750595 0.07348762 0.11732427 0.14437579 0.09810331 0.14301126 0.12025198 0.09753212 0.18923457 0.11399954 0.20592466 0.04469056 0.05736239 0.06796033 0.10939063 0.12362365 0.12324495 0.12803119 0.11107140 0.12456428 0.10926434 0.14858167 0.06305539 0.08868390 0.08459480 0.11523267 0.06735324 0.17650493 0.12342946 0.13282730 0.10799803 0.12284076 0.17751279 0.27214819 0.14314882 0.08692308 0.03867335 0.15921177 0.13385472 0.12375289 0.12204245 0.10152477 0.07411073 0.14926419 0.18060766 0.50794299 0.39887501 0.42151626 0.22168540 0.12466220 0.04523680 0.16010666 0.10107388 0.17065241 0.10011182 0.10705687 0.17192542 0.03604320 0.16183495 0.16363215 0.06257913 0.09862741 0.19800675 0.15861810 0.08734835 0.11253967 0.13258290 0.09900385 0.09064103 0.19395291 0.10712973 0.15882603 0.10951946 0.19441444 0.18122306 0.17155517 0.12339416 0.10111328 0.13266050 0.11521387 
0.17716427 0.18333983 0.11352450 0.16250989 0.11840017 0.19586418 0.17800362 0.14159100 0.11144488 0.30996796 0.23858487 0.11332947 0.11690996 0.00000000 0.26271843 0.16099500 0.10948524 0.08256264 0.13036695 0.12196814 0.14506232 0.17270686 0.12678843 0.18745084 0.12496298 0.14128520 0.22729050 0.15603407 0.18351467 0.21241607 0.13294731 0.08481290 0.14334545 0.17638394 0.13522143 0.18349378 0.13849976 0.16211014 0.04585166 0.10162187 0.09252775 0.12099417 0.19742608 0.04778000 0.22291693 0.05573773 0.14692642 0.09443919 0.08683536 0.12290581 0.18280757 0.11108215 0.07402797 0.15916290 0.08735263 0.19105867 0.07410559 0.12287894 0.11982461 0.09005774 0.12683180 0.04892877 0.09168591 0.11545565 0.06301385 0.13689055 0.11602245 0.07613981 0.26000401 0.20310645 0.14807991 0.10802848 0.09036348 0.09786201 0.15929568 0.08736668 0.17463917 0.18798132 0.17109691 0.08429951 0.07447950 0.10811231 0.14521416 0.10239951 0.15023074 0.22394018 0.13135551 0.13202918 0.16349305 0.29426523 0.16790999 0.14723305 0.18325899 0.23766185 0.25065980 0.19835663 0.09346900 0.15962420 0.18634580 0.16014350 0.16156036 0.12533656 
0.15314704 0.21590344 0.14714839 0.12764158 0.11885509 0.11632491 0.19931216 0.20015455 0.17714824 0.15718922 0.59173262 0.34019853 0.11445258 0.26271843 0.00000000 0.28478849 0.12814161 0.16042710 0.11359071 0.05146867 0.20354545 0.08290892 0.15141689 0.16094520 0.17575555 0.06845022 0.16166289 0.10091843 0.13995786 0.17867061 0.10976038 0.11345021 0.12799435 0.11861775 0.11351121 0.05003919 0.13792611 0.13768163 0.11079932 0.09659587 0.09642240 0.07937954 0.16278962 0.11048510 0.09635690 0.11757933 0.12783932 0.10929737 0.09210708 0.04515622 0.07992745 0.09814204 0.13042339 0.14546323 0.06152693 0.20375437 0.11770069 0.14433222 0.16313710 0.08892152 0.17323800 0.03795091 0.07089886 0.17116260 0.04614654 0.11298199 0.11192783 0.04558759 0.14621943 0.14191975 0.16844025 0.12450597 0.04705841 0.13628300 0.04026145 0.04124005 0.12003843 0.18923849 0.14983873 0.12132746 0.15059938 0.22403038 0.13503758 0.14690812 0.14887802 0.05071599 0.13631268 0.21848118 0.18855936 0.11327333 0.08914086 0.29295450 0.20939248 0.40480859 0.23077739 0.11363431 0.17833531 0.23247964 0.11507801 0.12522114 0.16713686 0.12121614 
0.16481084 0.14116596 0.12991417 0.19589090 0.17542533 0.02299241 0.08322803 0.20882608 0.06056599 0.09018989 0.15654748 0.18257404 0.21294159 0.16099500 0.28478849 0.00000000 0.12166873 0.09682946 0.12521523 0.35101487 0.55702105 0.07881822 0.17962905 0.15270344 0.13534218 0.09291956 0.26120670 0.10340207 0.15634545 0.13819586 0.11075132 0.11642285 0.08906183 0.07841572 0.14314351 0.12494471 0.03962203 0.15462001 0.05571538 0.12212601 0.13597228 0.05617847 0.27519362 0.02444034 0.10908323 0.07546637 0.07194591 0.09534604 0.07852438 0.09048482 0.09164137 0.05632418 0.18398717 0.02209019 0.14642995 0.21562450 0.14714674 0.02650391 0.11303160 0.11660085 0.12663068 0.08991843 0.06680266 0.09677948 0.03239706 0.16267448 0.11711696 0.24031613 0.32429253 0.25253902 0.09658189 0.11360021 0.28719351 0.08718763 0.13718518 0.08378162 0.13564270 0.07911912 0.20297224 0.20569987 0.05565962 0.14778533 0.10104174 0.09950486 0.19549530 0.09469508 0.14214054 0.22651468 0.09878575 0.22898280 0.22218100 0.58848434 0.07702572 0.15641200 0.13186454 0.20587529 0.05664772 0.14122439 0.16352227 0.14162532 0.15376896 0.13559375 
0.08037746 0.05130804 0.13754652 0.09175375 0.08209491 0.21229593 0.11203922 0.11461994 0.13945170 0.11736823 0.16099703 0.08616746 0.15276758 0.10948524 0.12814161 0.12166873 0.00000000 0.23460006 0.68363108 0.35029010 0.13791022 0.09516134 0.16437895 0.18787530 0.17096654 0.08519401 0.07565577 0.12171673 0.08306806 0.15692511 0.18978014 0.11994484 0.18554355 0.07796869 0.15863835 0.09130774 0.14942955 0.09960257 0.18656629 0.14385905 0.12430932 0.17624427 0.19572939 0.14736718 0.13849594 0.06928983 0.06482127 0.10871912 0.13774387 0.09478293 0.07676615 0.10846358 0.57493444 0.18077107 0.13863816 0.32994886 0.12163843 0.17442238 0.08316250 0.17046045 0.13944467 0.20622516 0.17654607 0.09796178 0.14989005 0.09051086 0.12109517 0.06569660 0.16758532 0.10095070 0.16637699 0.12897442 0.09658194 0.11880334 0.05694360 0.17562105 0.07926669 0.15746448 0.10816289 0.11956928 0.17939073 0.03832643 0.13915385 0.13626989 0.08391949 0.13490997 0.12773166 0.11332622 0.10095351 0.08556013 0.20983894 0.04445123 0.07295120 0.11568818 0.10418196 0.15991044 0.18055668 0.15251050 0.12795545 0.13210153 0.16050748 0.12010360 
0.13614875 0.05637526 0.23719793 0.08715788 0.13490078 0.10585698 0.11059933 0.09834609 0.12359896 0.13760846 0.16206048 0.12188348 0.16354654 0.08256264 0.16042710 0.09682946 0.23460006 0.00000000 0.30919259 0.19321712 0.30491761 0.24853603 0.08156930 0.05557679 0.08882213 0.17532487 0.15094239 0.18155049 0.12615214 0.13061398 0.08206462 0.16521783 0.14556112 0.39088954 0.15976864 0.10691247 0.08574421 0.10326256 0.18927544 0.12736123 0.12756522 0.17095081 0.11440404 0.11816797 0.09774033 0.08077317 0.08935061 0.11134227 0.10211283 0.15910416 0.17063180 0.26995320 0.11806098 0.09848402 0.10897955 0.14839751 0.10362908 0.36670845 0.11099665 0.19427112 0.16172969 0.07177654 0.20468865 0.12538980 0.17741578 0.17265395 0.13133028 0.17803164 0.19477766 0.06992465 0.13461003 0.19539302 0.19281900 0.12940868 0.08964930 0.07577842 0.15329469 0.07906462 0.14388333 0.08754576 0.15579727 0.13507206 0.15889949 0.15115155 0.17015610 0.12235427 0.15889774 0.14257985 0.13948361 0.09287542 0.12002847 0.03284180 0.11751787 0.09469648 0.10248420 0.11146509 0.10502138 0.08172571 0.14185728 0.10738093 0.10244271 0.15510003 
0.09756578 0.10047615 0.10788273 0.03827973 0.05252244 0.12374276 0.10355800 0.10683926 0.18092577 0.13157808 0.10359276 0.07972422 0.12272318 0.13036695 0.11359071 0.12521523 0.68363108 0.30919259 0.00000000 0.13739889 0.15791605 0.12887088 0.23519277 0.13392944 0.19831172 0.17176599 0.15808432 0.15874955 0.20577213 0.14348085 0.12824626 0.16226140 0.13327132 0.18867109 0.57220781 0.12385518 0.11350344 0.07899539 0.14643134 0.14267469 0.13988190 0.11443416 0.10578158 0.13513040 0.09882770 0.06769435 0.12922724 0.13940531 0.12212750 0.12581694 0.12417570 0.22684215 0.42390022 0.08342699 0.16300543 0.18367089 0.02494784 0.09242679 0.22303381 0.17003182 0.08551107 0.10075179 0.16492621 0.13292514 0.10158831 0.14882664 0.15847472 0.11914748 0.15992371 0.12641923 0.14079697 0.16907947 0.14009720 0.11350438 0.08027225 0.14827748 0.08964268 0.09940822 0.09312457 0.09206164 0.15054255 0.11694318 0.12100419 0.19994701 0.06863670 0.11922715 0.11495306 0.12155687 0.19063210 0.14148111 0.13805903 0.09771795 0.07589188 0.10192511 0.12007042 0.10376108 0.10456013 0.08541543 0.12548316 0.13939647 0.07306685 0.15030937 
0.18219889 0.17054956 0.13768687 0.16188776 0.08032947 0.18880364 0.18773607 0.10221355 0.18897505 0.12654001 0.08514878 0.10009226 0.14192922 0.12196814 0.05146867 0.35101487 0.35029010 0.19321712 0.13739889 0.00000000 0.09528253 0.20632448 0.13610195 0.10483856 0.11780780 0.18318529 0.18894901 0.12791293 0.19020444 0.10014086 0.16428265 0.16140827 0.09820977 0.15703240 0.11235836 0.18039207 0.16300066 0.28262643 0.12440294 0.13865195 0.14635659 0.17882590 0.10765830 0.07151035 0.17972449 0.16200614 0.09077385 0.14145243 0.19395961 0.09124785 0.19090506 0.17507466 0.19354730 0.10304392 0.18660116 0.27530131 0.12790035 0.01751471 0.08583270 0.13787620 0.09032832 0.11178653 0.14770648 0.22355648 0.09255337 0.11424420 0.12407874 0.14451136 0.15373998 0.05269203 0.10571890 0.15868829 0.07266360 0.10426992 0.13831580 0.07695822 0.07865454 0.10467020 0.11551466 0.18697507 0.10832450 0.11134857 0.12062784 0.11016152 0.04580789 0.13307601 0.11950602 0.17171597 0.17731563 0.08369269 0.17433575 0.19772469 0.18866909 0.12855213 0.10994869 0.13134158 0.15770169 0.13972178 0.11245428 0.19505901 0.15405092 0.14868709 
0.16465027 0.16129407 0.11070264 0.12849731 0.09860904 0.16016666 0.08793163 0.10084312 0.16418171 0.19645802 0.15208535 0.11065703 0.08131232 0.14506232 0.20354545 0.55702105 0.13791022 0.30491761 0.15791605 0.09528253 0.00000000 0.24637665 0.22552134 0.21909522 0.08198721 0.11780350 0.08584430 0.09915042 0.10429597 0.09676040 0.12089623 0.09741019 0.16171863 0.10921747 0.12678767 0.09786757 0.11220363 0.15232724 0.06405512 0.12409159 0.13201640 0.10208138 0.10062603 0.09533546 0.14854502 0.10497898 0.11358682 0.18838689 0.17910667 0.10495337 0.14539712 0.14437562 0.13484555 0.18354660 0.18547387 0.08237541 0.08644406 0.14387080 0.21781274 0.11937482 0.14957182 0.05785330 0.09001012 0.11712709 0.07033308 0.14317941 0.13970589 0.06395470 0.38050447 0.12196916 0.16543483 0.22052465 0.16678917 0.11060115 0.06873163 0.12166065 0.09460020 0.05286190 0.13197657 0.09780843 0.14471118 0.14649240 0.12654761 0.09362911 0.12617135 0.15112097 0.13726692 0.35909512 0.19003887 0.10221172 0.19007617 0.23211302 0.15604187 0.03391478 0.22133712 0.08200730 0.10100796 0.13291108 0.15862781 0.11999463 0.11880868 0.10833292 
0.21763302 0.11184423 0.08407044 0.08919978 0.14027624 0.10537343 0.11705415 0.10842065 0.08125661 0.10509464 0.11419967 0.11138682 0.09591035 0.17270686 0.08290892 0.07881822 0.09516134 0.24853603 0.12887088 0.20632448 0.24637665 0.00000000 0.16265087 0.10107114 0.12976531 0.24574022 0.15439871 0.24394773 0.12825066 0.13030412 0.06067214 0.21669577 0.18402528 0.09903305 0.25265608 0.09019608 0.22783753 0.12313915 0.09352954 0.13852817 0.16347211 0.14369062 0.16174208 0.10655984 0.11118746 0.11381528 0.22189067 0.15752353 0.14179865 0.14761930 0.28312165 0.09179278 0.08377930 0.05078951 0.11833500 0.24052782 0.16372593 0.23342077 0.14126842 0.22761393 0.10953500 0.09880567 0.12226916 0.09239608 0.16167910 0.16039375 0.17031102 0.15882937 0.18290691 0.07710904 0.06539381 0.28539048 0.20496702 0.11925670 0.03828257 0.26590880 0.11986063 0.12624644 0.14076713 0.05804902 0.13697369 0.14828237 0.11984570 0.19817644 0.09028698 0.11494129 0.06790737 0.13653918 0.12442500 0.07836742 0.11621434 0.20026249 0.20999263 0.06339965 0.10826193 0.05907244 0.10347574 0.13789679 0.11993248 0.16543936 0.20468164 0.12483561 
0.14184036 0.12222573 0.13742251 0.03230104 0.06920908 0.22590638 0.15229508 0.13146299 0.07920004 0.14662405 0.22391021 0.14621187 0.15750595 0.12678843 0.15141689 0.17962905 0.16437895 0.08156930 0.23519277 0.13610195 0.22552134 0.16265087 0.00000000 0.19678790 0.12743222 0.21733037 0.43279869 0.13009056 0.14115414 0.15942603 0.11197270 0.19579363 0.09332267 0.14901436 0.16349464 0.10095660 0.24255093 0.24324983 0.07192298 0.15422010 0.15406510 0.08418210 0.15607866 0.04802694 0.17519755 0.09223320 0.16963535 0.14423949 0.12870918 0.10245643 0.09187241 0.13405172 0.13978403 0.17677317 0.08197468 0.18213584 0.10850585 0.08384431 0.14511556 0.13527451 0.19833379 0.08906328 0.08104854 0.20298148 0.10880459 0.15638894 0.16860870 0.21168812 0.14195522 0.10812185 0.17934610 0.14560497 0.17764311 0.15527302 0.16114761 0.08910106 0.11445869 0.18462135 0.06425126 0.10558717 0.15382264 0.15656099 0.12419591 0.22892504 0.10244992 0.12100358 0.14774737 0.12689299 0.10477649 0.09325725 0.09583690 0.14798878 0.11604202 0.04148818 0.04007010 0.15084399 0.12410800 0.15204014 0.15297127 0.17346919 0.11660543 0.15379863 
0.15608073 0.16123691 0.13242725 0.07877460 0.08989879 0.13386917 0.15909901 0.21323303 0.08441652 0.17306101 0.13367927 0.20511200 0.07348762 0.18745084 0.16094520 0.15270344 0.18787530 0.05557679 0.13392944 0.10483856 0.21909522 0.10107114 0.19678790 0.00000000 0.22555238 0.33833879 0.14804717 0.15754732 0.09452636 0.11598028 0.17540363 0.10828874 0.13607879 0.15880550 0.18978139 0.12314388 0.18814335 0.08037408 0.07615085 0.12563879 0.13664642 0.07626828 0.09411414 0.09644145 0.06467028 0.15492899 0.07987267 0.14484734 0.12309558 0.12323968 0.15130493 0.19829216 0.09642379 0.06442440 0.07542479 0.07654765 0.13508109 0.07557013 0.04429444 0.08281931 0.08814661 0.06005659 0.07436506 0.17142297 0.11212963 0.20706462 0.12950440 0.01939826 0.12709672 0.06224321 0.18905927 0.13775420 0.17322385 0.12117136 0.13521471 0.22037392 0.21414787 0.15045084 0.18461652 0.27205977 0.12851455 0.14973698 0.10395993 0.12262466 0.18802566 0.14362724 0.23800410 0.16930238 0.05710463 0.13044945 0.87530336 0.16772793 0.16347378 0.15567647 0.09384721 0.07168940 0.20768862 0.08061119 0.14085080 0.15714649 0.17996846 0.13683819 
0.11328848 0.18935559 0.15751756 0.12112338 0.17725895 0.15976770 0.11856269 0.13212640 0.19105752 0.07774226 0.16683585 0.11156152 0.11732427 0.12496298 0.17575555 0.13534218 0.17096654 0.08882213 0.19831172 0.11780780 0.08198721 0.12976531 0.12743222 0.22555238 0.00000000 0.13221035 0.22752361 0.11170454 0.18224552 0.12053272 0.05923256 0.11118672 0.18019647 0.10962745 0.14055377 0.16103313 0.09289475 0.08777912 0.12428000 0.13606326 0.11312804 0.15039599 0.12325782 0.09928178 0.06253010 0.07838813 0.14815952 0.15203677 0.12977104 0.01249961 0.06604671 0.09513077 0.16948500 0.07072926 0.05670690 0.13960606 0.07065916 0.06386326 0.16876847 0.07918440 0.13687552 0.14096492 0.12754590 0.10500566 0.13504845 0.25733229 0.11064791 0.02521526 0.11995020 0.09070494 0.15172541 0.33110699 0.22341333 0.11543549 0.01437926 0.46188217 0.55232422 0.21630730 0.09769687 0.16879591 0.17339956 0.07038680 0.17564291 0.14741691 0.19491575 0.15507672 0.41883533 0.12299269 0.11398152 0.13268489 0.16605010 0.15235775 0.10557830 0.18396071 0.16822311 0.09342344 0.08643601 0.12896316 0.17009615 0.13776937 0.15175262 0.11839173 
0.14852050 0.15381241 0.04601151 0.15419359 0.07012994 0.16313203 0.10461228 0.08393192 0.10432011 0.10366353 0.09100784 0.16938890 0.14437579 0.14128520 0.06845022 0.09291956 0.08519401 0.17532487 0.17176599 0.18318529 0.11780350 0.24574022 0.21733037 0.33833879 0.13221035 0.00000000 0.18119329 0.30643768 0.14065073 0.10764953 0.03584713 0.16862281 0.12396497 0.08936855 0.14681573 0.12676847 0.59668468 0.28785788 0.10643488 0.13446897 0.20463397 0.10167918 0.11897935 0.18559530 0.15698222 0.18998216 0.11612397 0.17462247 0.21328257 0.09704635 0.27393485 0.11082882 0.11256984 0.16500057 0.14633418 0.17308274 0.17998383 0.06637810 0.15829351 0.11678037 0.14621725 0.05980876 0.08402827 0.13338961 0.09069325 0.14451403 0.13875078 0.06003139 0.10895750 0.01797818 0.01527480 0.17775081 0.10333058 0.11189313 0.10501309 0.23215401 0.13660449 0.07570380 0.11525329 0.10423518 0.12115863 0.21949637 0.17130979 0.09483725 0.14516539 0.09909398 0.07709170 0.13199803 0.14724825 0.15480038 0.17593095 0.16068668 0.09773746 0.09760864 0.14209686 0.10402264 0.12502426 0.15779613 0.13343591 0.08466249 0.15266205 0.15854240 
0.15670175 0.12506278 0.18216376 0.18040973 0.19019588 0.11967363 0.20303776 0.13888201 0.16832057 0.08964906 0.08144966 0.09629575 0.09810331 0.22729050 0.16166289 0.26120670 0.07565577 0.15094239 0.15808432 0.18894901 0.08584430 0.15439871 0.43279869 0.14804717 0.22752361 0.18119329 0.00000000 0.10725299 0.36257214 0.19494355 0.11514410 0.15638604 0.18033848 0.12954155 0.15530330 0.18860519 0.17679325 0.20077132 0.06295079 0.10832006 0.09488071 0.07205458 0.23731171 0.13742087 0.20623889 0.08943542 0.13840043 0.09933548 0.05641318 0.16185216 0.10542680 0.10624404 0.23225279 0.13562929 0.08500580 0.19718441 0.12325832 0.08375309 0.16623826 0.10442723 0.17774137 0.04642173 0.07904076 0.20409135 0.11715411 0.15005325 0.10464444 0.09336288 0.03927001 0.11352398 0.09210396 0.09880264 0.12058010 0.13376457 0.06907256 0.21584921 0.17187034 0.17664124 0.15936564 0.08021062 0.07644770 0.13156647 0.14934219 0.16605886 0.09067123 0.14605098 0.19191068 0.10012763 0.10718809 0.20824976 0.08510041 0.10311382 0.16737429 0.11485719 0.11012586 0.22509998 0.18751672 0.11825373 0.16116097 0.18820376 0.15799765 0.14180462 
0.15828631 0.12023783 0.10280773 0.10330618 0.13792746 0.12681738 0.10254092 0.09234001 0.12290822 0.07255223 0.11071800 0.07654333 0.14301126 0.15603407 0.10091843 0.10340207 0.12171673 0.18155049 0.15874955 0.12791293 0.09915042 0.24394773 0.13009056 0.15754732 0.11170454 0.30643768 0.10725299 0.00000000 0.10800586 0.23857125 0.12704620 0.20343339 0.14961052 0.11825618 0.15594232 0.11217834 0.27381522 0.15608972 0.13674719 0.16959794 0.18001811 0.11901084 0.07816529 0.16985518 0.14562721 0.15533341 0.13764915 0.16742641 0.24651419 0.13283821 0.59381698 0.15900153 0.18331870 0.18284444 0.14186580 0.10573711 0.13270474 0.11288754 0.19086877 0.12103970 0.13092110 0.16133063 0.12982910 0.13683027 0.10966348 0.10962190 0.15747113 0.12830153 0.11044611 0.12085535 0.13084122 0.14766181 0.12816262 0.12731828 0.15518693 0.10933593 0.14958921 0.11276104 0.12752334 0.12561643 0.16595340 0.09866196 0.11356364 0.11436135 0.09901164 0.19086760 0.08613532 0.13529528 0.18452246 0.12540927 0.10351570 0.09535563 0.10670050 0.09259639 0.11378964 0.14578400 0.08007185 0.08780693 0.05949734 0.07241913 0.06243934 0.12781051 
0.16185081 0.09584338 0.28072862 0.14618684 0.16786244 0.12919431 0.10456696 0.22052267 0.21303809 0.08467146 0.12777140 0.11575306 0.12025198 0.18351467 0.13995786 0.15634545 0.08306806 0.12615214 0.20577213 0.19020444 0.10429597 0.12825066 0.14115414 0.09452636 0.18224552 0.14065073 0.36257214 0.10800586 0.00000000 0.13795094 0.56370591 0.08973229 0.22778781 0.10289311 0.22251736 0.19828848 0.04687411 0.10957948 0.10773871 0.10990955 0.13367195 0.13600692 0.16004674 0.07261531 0.16001903 0.16635223 0.15482595 0.11977969 0.12164234 0.09892869 0.09086807 0.15337671 0.14113938 0.19331731 0.17758306 0.16074669 0.08009752 0.09438660 0.02112608 0.11326647 0.13642298 0.07608335 0.12654991 0.09704386 0.15582019 0.06584927 0.12348533 0.17592173 0.07507771 0.19669096 0.10343422 0.09503934 0.11174704 0.13743537 0.11796071 0.20442331 0.11464847 0.15251448 0.18713620 0.10319521 0.11206663 0.14250276 0.10673227 0.13268551 0.00957149 0.15986743 0.10557449 0.20416888 0.20207659 0.13665014 0.07297861 0.06435836 0.15743443 0.12977802 0.14709730 0.21032877 0.13021556 0.18152067 0.22385746 0.14373483 0.14635236 0.13045093 
0.19518583 0.15316905 0.12748994 0.10814612 0.12622473 0.12226189 0.19492170 0.09693500 0.12345270 0.09293097 0.17544673 0.22887040 0.09753212 0.21241607 0.17867061 0.13819586 0.15692511 0.13061398 0.14348085 0.10014086 0.09676040 0.13030412 0.15942603 0.11598028 0.12053272 0.10764953 0.19494355 0.23857125 0.13795094 0.00000000 0.08155266 0.30425883 0.13879958 0.23371564 0.20602571 0.09473935 0.12624842 0.12250663 0.08949144 0.13375012 0.11668981 0.16010387 0.08052258 0.06783477 0.15648777 0.11308817 0.14939127 0.12832099 0.21020580 0.14798088 0.14694324 0.15422193 0.11868531 0.11447297 0.26213604 0.18431918 0.12920643 0.19465122 0.10281860 0.10464060 0.11746717 0.04275307 0.11770684 0.13630362 0.09410138 0.15242605 0.16298661 0.12893270 0.05628399 0.16389076 0.15752294 0.20046226 0.23522568 0.07014907 0.14063608 0.10639040 0.15589035 0.12436287 0.15051019 0.16617329 0.08635630 0.18041015 0.16750237 0.08601343 0.11258567 0.16162219 0.20224679 0.14047714 0.09260537 0.12517379 0.15021835 0.08672441 0.15775110 0.10565038 0.17674623 0.10176872 0.15767811 0.10010304 0.14134974 0.14920591 0.13955374 0.12374668 
0.14891355 0.15617871 0.14964757 0.07542783 0.13165725 0.13025507 0.11372043 0.17405550 0.07475992 0.10814682 0.13278433 0.11303818 0.18923457 0.13294731 0.10976038 0.11075132 0.18978014 0.08206462 0.12824626 0.16428265 0.12089623 0.06067214 0.11197270 0.17540363 0.05923256 0.03584713 0.11514410 0.12704620 0.56370591 0.08155266 0.00000000 0.14151823 0.23446032 0.13925977 0.12127899 0.87936717 0.09423956 0.15474222 0.09278707 0.14484607 0.11566001 0.11063731 0.17846633 0.06731330 0.18160134 0.14808847 0.20105623 0.09906919 0.18969334 0.29211312 0.14732010 0.08508560 0.09599371 0.13663976 0.14062421 0.08978546 0.11984790 0.05352339 0.15466854 0.15850201 0.14044093 0.17291511 0.10254970 0.17409080 0.10340729 0.09845594 0.16099730 0.04561987 0.07059014 0.21659089 0.11244896 0.08344745 0.06571722 0.06667270 0.18408523 0.16113470 0.15249157 0.13056516 0.11442041 0.20011561 0.11215346 0.23349889 0.20611190 0.15382901 0.13120351 0.21708725 0.17784642 0.05344600 0.09868757 0.09754375 0.18511311 0.18757877 0.11440046 0.07374062 0.17310983 0.12945072 0.12332202 0.13151631 0.09940979 0.16851335 0.13866076 0.12372476 
0.11201130 0.09339916 0.04840618 0.10319331 0.14051977 0.09976428 0.09480822 0.08505062 0.13483461 0.13473469 0.12029045 0.09647254 0.11399954 0.08481290 0.11345021 0.11642285 0.11994484 0.16521783 0.16226140 0.16140827 0.09741019 0.21669577 0.19579363 0.10828874 0.11118672 0.16862281 0.15638604 0.20343339 0.08973229 0.30425883 0.14151823 0.00000000 0.21951085 0.13108146 0.19917038 0.15018807 0.15577655 0.12064037 0.13439618 0.21268300 0.17847852 0.10358136 0.11144630 0.14317608 0.11390267 0.15343341 0.11980962 0.14436030 0.16363350 0.08594891 0.19074859 0.12789309 0.12080797 0.10370707 0.19656268 0.10261689 0.14684921 0.14090806 0.20576508 0.13776843 0.13847882 0.13065675 0.11761038 0.19180570 0.12036190 0.14405230 0.19905975 0.13025112 0.17715546 0.10979167 0.15765855 0.19811700 0.12534051 0.21388596 0.13726729 0.12461882 0.17697010 0.12595332 0.07947279 0.14585515 0.21189223 0.12231735 0.13890002 0.11455010 0.17320426 0.13809268 0.09203326 0.12934090 0.17585036 0.14653047 0.16422146 0.08795036 0.17516752 0.12908184 0.12885732 0.11526785 0.11531478 0.07346712 0.09030472 0.10560451 0.08723995 0.13592524 
0.16592139 0.13250004 0.26957980 0.13499518 0.17246743 0.08522600 0.14632417 0.20765314 0.06064814 0.19045315 0.03309341 0.21796440 0.20592466 0.14334545 0.12799435 0.08906183 0.18554355 0.14556112 0.13327132 0.09820977 0.16171863 0.18402528 0.09332267 0.13607879 0.18019647 0.12396497 0.18033848 0.14961052 0.22778781 0.13879958 0.23446032 0.21951085 0.00000000 0.53132957 0.18784436 0.14584866 0.03177540 0.14542484 0.07298225 0.11741376 0.14765542 0.07783859 0.19210410 0.12245575 0.08882009 0.18486214 0.23283176 0.12823457 0.13867521 0.25021049 0.11251231 0.08126421 0.13804308 0.64906559 0.11055526 0.17549904 0.06126314 0.09263105 0.05951609 0.11937096 0.11982229 0.01328694 0.04635751 0.09760683 0.06600962 0.06341146 0.12824692 0.15292663 0.13673356 0.20802280 0.11566757 0.04003796 0.07815003 0.13089335 0.14702446 0.20822582 0.17213561 0.09970628 0.11172684 0.14537668 0.13179107 0.11607060 0.10839936 0.14261151 0.07511419 0.13254684 0.12005155 0.10856709 0.08306840 0.20601131 0.16011582 0.13477805 0.09315722 0.09772315 0.13288504 0.08136202 0.10044766 0.09834252 0.19359370 0.19008268 0.19192084 0.14380232 
0.14728775 0.10879850 0.14396498 0.11386933 0.14110011 0.11816238 0.11068294 0.08536182 0.13965003 0.12718565 0.08769831 0.15304673 0.04469056 0.17638394 0.11861775 0.07841572 0.07796869 0.39088954 0.18867109 0.15703240 0.10921747 0.09903305 0.14901436 0.15880550 0.10962745 0.08936855 0.12954155 0.11825618 0.10289311 0.23371564 0.13925977 0.13108146 0.53132957 0.00000000 0.13588159 0.17320234 0.09746035 0.07690003 0.12590523 0.12686858 0.12561112 0.13125306 0.19384567 0.07990110 0.11243016 0.24042753 0.14611080 0.11543476 0.04819367 0.41995177 0.16650099 0.42264812 0.17770078 0.21570546 0.35728882 0.18640385 0.32286915 0.15008777 0.17382967 0.08034962 0.20481074 0.06411359 0.11969088 0.10063600 0.11081006 0.17368907 0.15117183 0.09839622 0.06805877 0.06597024 0.08918764 0.13509375 0.17135075 0.14833559 0.10128665 0.08984625 0.09815134 0.11713895 0.10516873 0.15661140 0.12890198 0.12551127 0.12823404 0.14725917 0.16666241 0.19263194 0.10736449 0.09683117 0.11711945 0.13886503 0.08664957 0.12744640 0.14558910 0.08849744 0.06038774 0.10638730 0.09444383 0.12065882 0.11191975 0.11685011 0.11469619 0.10514851 
0.09677452 0.10498648 0.16021049 0.07451027 0.09339700 0.16610699 0.16952102 0.12019659 0.11732271 0.08426280 0.13601119 0.16540546 0.05736239 0.13522143 0.11351121 0.14314351 0.15863835 0.15976864 0.57220781 0.11235836 0.12678767 0.25265608 0.16349464 0.18978139 0.14055377 0.14681573 0.15530330 0.15594232 0.22251736 0.20602571 0.12127899 0.19917038 0.18784436 0.13588159 0.00000000 0.15268985 0.10057913 0.13081043 0.11484356 0.14398012 0.16962849 0.18493890 0.03052176 0.20715111 0.10064989 0.12210936 0.17557707 0.12103315 0.14390018 0.12980975 0.10853230 0.21637713 0.28998687 0.16139636 0.17424552 0.05328918 0.10714337 0.05756194 0.04751024 0.11386191 0.11143465 0.17099694 0.12142642 0.14752460 0.18063973 0.06329416 0.14008355 0.04914948 0.06574619 0.08331183 0.19867185 0.11676496 0.17995546 0.03799476 0.15314442 0.21461454 0.18504591 0.10498614 0.03990689 0.19765080 0.13768489 0.14132030 0.24583100 0.11833701 0.13886093 0.12902036 0.09813087 0.20233524 0.14244016 0.13931090 0.17792344 0.15234196 0.03307311 0.09264379 0.15437597 0.00742988 0.16598831 0.12118750 0.14874872 0.17353272 0.15774786 0.17833846 
