0.00000000 0.17779700 0.17776159 0.17283542 0.16604217 0.16294819 0.16340276 0.16760326 0.17154177 0.16801437 0.17622491 0.18607493 0.16337720 0.16735077 0.17602277 0.17610217 0.16884749 0.17504120 0.17662892 0.16663661 0.16410412 0.17172308 0.16848498 0.16310423 0.16613427 0.16350886 0.16392450 0.16183670 0.16548847 0.16138830 0.16539074 0.16259503 0.16645368 0.17020211 0.16413812 0.16459463 0.16967380 0.16343436 0.16140011 0.17724561 0.16141965 0.16492453 0.16018608 0.17639971 0.17379683 0.17416704 0.16445261 0.16216652 0.16503999 0.16426566 0.16383612 0.16289473 0.16576549 0.16051685 0.16605156 0.16366741 0.16396729 0.16762094 0.16023743 0.16802378 0.16279999 0.16345127 0.16556680 0.16745965 0.16111486 0.16784240 0.16013585 0.16957963 0.16530355 0.16888308 0.16193758 0.16354753 0.16019733 0.16419390 0.16897533 0.16689697 0.16039701 0.16399314 0.16330231 0.16330272 0.16402179 0.16726921 0.16053745 0.16317171 0.16208959 0.17010645 0.17052653 0.16232123 0.16831169 0.16556686 0.16736754 0.16685132 0.16614638 0.16315152 0.16013406 0.16402812 0.16443230 0.16752410 0.16073376 0.16293293 0.16174954 0.16319506 0.16286221 0.16311804 0.16420562 0.16649727 0.16337413 0.16032377 0.16072174 0.16109461 0.16251679 0.16250159 0.16502063 0.16113074 0.16323819 0.16083507 0.16323804 0.16387324 0.16378077 0.16548057 0.17356890 0.17003157 0.16427194 0.16864190 0.16773715 0.16532669 0.16612034 0.16254086 0.16914143 0.16642617 0.17441987 0.17516904 0.17160920 0.16179388 0.16148549 0.16842226 0.16123284 0.16755100 0.16419113 0.16877648 0.16164331 0.16171008 0.16600719 0.16584608 0.16489875 0.16117948 0.16625921 0.16515884 0.16160432 0.16352257 0.16403501 0.16278969 0.16419704 0.16614784 0.16176862 0.16422520 0.16257992 0.16652289 0.17239236 
0.17779700 0.00000000 0.24421115 0.25306151 0.20349304 0.18451265 0.17954778 0.18113789 0.17350332 0.15471131 0.15104262 0.16469424 0.14826987 0.13876745 0.16467460 0.14394384 0.14655512 0.16074716 0.16688138 0.15441810 0.17025934 0.16239909 0.14556280 0.16089050 0.15984062 0.14310099 0.16844922 0.16804417 0.16435555 0.14704146 0.17400766 0.18092044 0.20217160 0.18769691 0.18009532 0.18921535 0.18849912 0.16176039 0.15406223 0.21569904 0.18008059 0.15202193 0.12976289 0.16180220 0.18862284 0.16342018 0.14040044 0.17823524 0.16494296 0.19110868 0.14572001 0.15388961 0.14487098 0.17211165 0.17081672 0.16301844 0.13780871 0.17627903 0.12246276 0.17745199 0.17938388 0.16387442 0.14715487 0.16940588 0.16205326 0.16705454 0.14992788 0.19658931 0.15303229 0.17821298 0.16921249 0.18876439 0.13899225 0.15700653 0.16300101 0.15424140 0.14462315 0.16892869 0.16586442 0.17494949 0.16751874 0.13924676 0.14604071 0.17866637 0.16809926 0.12958746 0.16725539 0.15765154 0.14992055 0.17545835 0.19869140 0.14535165 0.14262472 0.17628446 0.16212803 0.14349789 0.16304845 0.17923074 0.14408030 0.15812049 0.17673163 0.17929750 0.15804978 0.16392017 0.18360710 0.17001448 0.17545089 0.17057256 0.15327453 0.15905657 0.16976680 0.16340666 0.15962268 0.14338096 0.15701869 0.16842323 0.19186174 0.16058408 0.18147784 0.16988015 0.13961071 0.22413914 0.19861218 0.19180881 0.19496985 0.19465435 0.17181985 0.19196652 0.15010223 0.17333753 0.15329438 0.16880162 0.12675983 0.12857364 0.13641118 0.13189653 0.16980631 0.17561153 0.13461901 0.13593041 0.15064208 0.16839973 0.17113340 0.16993593 0.17768758 0.16215418 0.16604227 0.16543622 0.16035160 0.15839249 0.16575379 0.17598605 0.16184946 0.15532257 0.14287946 0.18227516 0.15492124 0.18317440 0.17409566 
0.17776159 0.24421115 0.00000000 0.24261102 0.20314342 0.18185112 0.16686662 0.16270314 0.14993429 0.17870410 0.17791643 0.18052124 0.14853395 0.14354837 0.16588113 0.15659009 0.14704049 0.16205102 0.16959276 0.15162240 0.16898677 0.18206609 0.14901126 0.15043662 0.15549934 0.16407387 0.17611877 0.17809279 0.15832495 0.17289280 0.15881222 0.18818669 0.19238942 0.18931299 0.20182013 0.19503099 0.17239418 0.16546308 0.14462602 0.19924941 0.17799145 0.15000577 0.13655719 0.16025963 0.21264184 0.16950170 0.14049948 0.15764673 0.17690410 0.17444420 0.14409068 0.17395775 0.14814720 0.16900377 0.16810203 0.14552029 0.13996011 0.17570405 0.12952078 0.15663003 0.17540245 0.17211100 0.14651717 0.15585713 0.17152707 0.18268664 0.14278514 0.16200246 0.17972834 0.19453847 0.16240811 0.17825804 0.14232408 0.19248827 0.16491581 0.14214645 0.16871057 0.15713462 0.18225419 0.19091015 0.19040815 0.13928938 0.13327977 0.16707683 0.16391239 0.14250355 0.15698495 0.16222357 0.17619237 0.18129205 0.17087598 0.15601399 0.14086801 0.17062983 0.16663518 0.14713264 0.15589979 0.18074834 0.14769985 0.17619064 0.17305375 0.17818988 0.18185713 0.16665886 0.19688891 0.17300273 0.17920737 0.16353523 0.15554474 0.15008780 0.16806872 0.14856704 0.15483261 0.15173623 0.15164261 0.16347684 0.16720158 0.15483551 0.16459906 0.16051485 0.13232804 0.18670518 0.17573075 0.18429789 0.17400892 0.18395051 0.16961544 0.16032513 0.15838812 0.16177875 0.16081526 0.17313412 0.13978749 0.13505691 0.14205448 0.14862329 0.18286716 0.18469910 0.14251521 0.14571952 0.15008361 0.16796482 0.17373560 0.14253912 0.16784169 0.15451869 0.17063860 0.19538046 0.15624923 0.15856589 0.15808955 0.16470874 0.16183878 0.16900522 0.14091594 0.17344356 0.17193473 0.15762598 0.16202291 
0.17283542 0.25306151 0.24261102 0.00000000 0.37684434 0.23752235 0.16518917 0.22676310 0.12760719 0.14650461 0.13206003 0.18647397 0.13030986 0.18571450 0.15707504 0.16315530 0.17394389 0.13299773 0.13685170 0.16888521 0.20048830 0.19466838 0.12214038 0.16708844 0.15833039 0.17600015 0.14416892 0.19584553 0.14535756 0.15462583 0.21596100 0.14910234 0.11165537 0.15207685 0.14672824 0.13125058 0.19464339 0.17815753 0.18800042 0.24582833 0.20371784 0.14442836 0.17827717 0.15966584 0.14504036 0.13072592 0.14208058 0.14140705 0.09631508 0.06313150 0.08969907 0.11184339 0.24190922 0.13443131 0.22226628 0.18230177 0.16026420 0.13579740 0.17611619 0.14199169 0.15646792 0.18619636 0.20416626 0.12422031 0.20751178 0.15674321 0.18862128 0.16916336 0.19628628 0.17178150 0.16878791 0.17169621 0.15533442 0.16233461 0.15025716 0.13267741 0.17115201 0.16383155 0.21632768 0.25594373 0.18084258 0.21181911 0.13296839 0.17210733 0.19856466 0.13456892 0.17223492 0.17841734 0.17572703 0.24144457 0.14547278 0.14105302 0.09101960 0.10698464 0.20704566 0.13786935 0.11006771 0.16409051 0.09869664 0.17364146 0.13902164 0.15248350 0.21075954 0.11843875 0.16118405 0.15863504 0.18026370 0.09596516 0.17390051 0.16333594 0.13162970 0.12948362 0.12069367 0.16832671 0.14988428 0.11654872 0.14565639 0.11736699 0.13521974 0.14062695 0.15566790 0.20148471 0.15754939 0.17152381 0.15577352 0.13106320 0.10326054 0.17402078 0.23114038 0.19302451 0.15755279 0.19394687 0.19320568 0.21190288 0.17274173 0.20665159 0.19067571 0.21128502 0.12622859 0.14903289 0.22605401 0.19890709 0.15069217 0.17622962 0.17794447 0.20662884 0.21140232 0.16095324 0.17146731 0.12630074 0.14871566 0.18651524 0.19028269 0.16866566 0.15162088 0.17665472 0.14825017 0.14660214 0.24064981 
0.16604217 0.20349304 0.20314342 0.37684434 0.00000000 0.39063494 0.22686042 0.11152426 0.17845194 0.12496622 0.12290714 0.12345119 0.12892631 0.13301882 0.13534508 0.09861712 0.14997652 0.11421975 0.12727216 0.17189746 0.11864071 0.14825972 0.18352088 0.16158900 0.16744098 0.19026871 0.22384717 0.15496590 0.18043829 0.21888560 0.17140567 0.18096024 0.16005683 0.15420003 0.14848048 0.11423495 0.25466177 0.21994758 0.18572864 0.23262092 0.28804678 0.14768160 0.11326957 0.15684607 0.18708334 0.16494377 0.09402023 0.17233981 0.15821409 0.15371475 0.09613854 0.15747948 0.19074038 0.17114875 0.18571359 0.16117797 0.19025708 0.18796878 0.14766231 0.13813381 0.14294406 0.20077912 0.20017312 0.16290505 0.17148686 0.17987930 0.14775533 0.21453741 0.17104899 0.16595752 0.18015191 0.20753459 0.13185545 0.17180870 0.10062839 0.10306815 0.15253923 0.15043021 0.15703486 0.18707079 0.16859502 0.18462682 0.13051450 0.12070751 0.18031753 0.15789627 0.17162120 0.17905706 0.17763737 0.18961978 0.14556979 0.16291049 0.11434672 0.14853157 0.20533419 0.13259863 0.14389998 0.16370298 0.18272887 0.13081186 0.15976870 0.18886399 0.21399111 0.17186470 0.15325578 0.17840198 0.19342662 0.09678928 0.14671717 0.15113496 0.16248015 0.15416630 0.11970768 0.18792851 0.15631403 0.15671094 0.18097195 0.10885046 0.13998707 0.13625575 0.19575866 0.20157373 0.19817006 0.18627546 0.17252694 0.13974795 0.15696503 0.19107194 0.16870159 0.16084062 0.14197362 0.15598072 0.19664158 0.14910063 0.15471595 0.20638600 0.17677248 0.20833161 0.13306052 0.12716856 0.21008089 0.16980212 0.16301954 0.15522808 0.21515535 0.13475322 0.18782866 0.10700308 0.16505714 0.14477668 0.14801614 0.15496041 0.16335579 0.26858725 0.21637438 0.19850382 0.11245090 0.12718346 0.21552513 
0.16294819 0.18451265 0.18185112 0.23752235 0.39063494 0.00000000 0.36618782 0.34167874 0.14874989 0.19995409 0.15890969 0.11761878 0.13066842 0.10095148 0.13396663 0.14670287 0.15906764 0.15642086 0.12616844 0.13992850 0.17403815 0.12143639 0.13327725 0.17946928 0.19571907 0.17119825 0.13419913 0.17273168 0.04415083 0.15802856 0.19329166 0.17798803 0.20352560 0.16765174 0.15503061 0.21767065 0.15342744 0.22144937 0.28905662 0.12558488 0.17377352 0.17177231 0.07354574 0.15825224 0.15652352 0.16909499 0.20233177 0.19037792 0.19918152 0.12571994 0.05396398 0.17749625 0.08053332 0.18838304 0.14339295 0.16120803 0.11921262 0.16816380 0.10651416 0.14237209 0.13993350 0.21275004 0.12300358 0.13229470 0.23393418 0.15390062 0.14644648 0.14464140 0.20579481 0.17419000 0.16631028 0.15966794 0.20997182 0.17404110 0.18874412 0.11186914 0.12928563 0.16505501 0.15621836 0.18945802 0.14496895 0.11541594 0.19604929 0.18823244 0.16863351 0.26846546 0.25162437 0.37026640 0.18328705 0.21296104 0.18037344 0.13478811 0.12793632 0.14134493 0.19659397 0.12620312 0.14515338 0.25516944 0.12650010 0.13895078 0.17140076 0.14374077 0.10554447 0.17847865 0.15239820 0.19685092 0.17785181 0.17365794 0.24823618 0.19372553 0.15202565 0.18774869 0.24933917 0.14849950 0.21700133 0.15708305 0.16716890 0.20304365 0.16544638 0.19847757 0.19237136 0.18674928 0.22258664 0.17984427 0.18152431 0.12047235 0.24105501 0.08104699 0.15223687 0.14661450 0.13387501 0.16962321 0.18368949 0.14443116 0.14687862 0.15629844 0.13980214 0.19718624 0.12402740 0.04653174 0.14024471 0.19592260 0.11397863 0.16040370 0.11123016 0.15578995 0.16185427 0.17057045 0.08546317 0.13957314 0.16242333 0.16372862 0.15617663 0.20936931 0.18209595 0.20409877 0.18108932 0.22275370 0.16878890 
0.16340276 0.17954778 0.16686662 0.16518917 0.22686042 0.36618782 0.00000000 0.27968475 0.26487849 0.12030637 0.19257633 0.13558203 0.15222437 0.14603074 0.14102405 0.11547180 0.19876803 0.14990405 0.13014874 0.10964015 0.15720585 0.11145787 0.24377519 0.21513303 0.09768236 0.15522224 0.22553481 0.11502225 0.12482667 0.17332675 0.14995484 0.03577356 0.18519965 0.14709490 0.16658257 0.19252565 0.19717220 0.13910966 0.13348092 0.15897018 0.93263552 0.28463228 0.43997322 0.13347175 0.14573706 0.13700550 0.15991313 0.16907950 0.12412782 0.16065773 0.11781989 0.15348470 0.16687253 0.16927174 0.15654436 0.17052580 0.02176679 0.17214864 0.17195333 0.15985310 0.14342927 0.12811923 0.10241565 0.15800697 0.07093695 0.17320502 0.06681354 0.18348473 0.14081418 0.11130167 0.14575704 0.13454846 0.09486678 0.21514878 0.21369092 0.14169468 0.26936032 0.19991512 0.17798444 0.16530646 0.20054704 0.23166846 0.23799377 0.27587883 0.43783567 0.44548500 0.28758878 0.14525278 0.21853440 0.13091259 0.04395290 0.09587447 0.13143934 0.17870848 0.12779347 0.09543892 0.18029576 0.13538161 0.14432728 0.12108173 0.11166410 0.12715527 0.16441536 0.12237296 0.16906590 0.16519964 0.14484109 0.17382200 0.13234292 0.11374053 0.19023695 0.10111120 0.09470046 0.09810334 0.15139427 0.16305557 0.13461298 0.13571954 0.17795346 0.17089615 0.22005010 0.21717996 0.20190826 0.16219149 0.13373637 0.17126282 0.20925261 0.07653588 0.08238062 0.12812456 0.14822520 0.14730294 0.15566540 0.10885741 0.22832020 0.17154423 0.16429026 0.16503190 0.18728227 0.12841358 0.14087125 0.20477602 0.15077705 0.13365028 0.08967549 0.18122411 0.11459035 0.22066934 0.18552076 0.17133826 0.11796419 0.17990156 0.18850949 0.11316760 0.11336253 0.20480351 0.22790737 0.20457018 0.14986653 
0.16760326 0.18113789 0.16270314 0.22676310 0.11152426 0.34167874 0.27968475 0.00000000 0.25341871 0.32085845 0.21776159 0.21541115 0.15916436 0.17756986 0.18408202 0.17763207 0.17129099 0.21823541 0.17462479 0.16222551 0.20821475 0.15386673 0.12453427 0.22077680 0.12596591 0.69489002 0.11170774 0.10177785 0.09568519 0.23388524 0.21853507 0.09297356 0.16352907 0.16345022 0.22124483 0.16371229 0.15587338 0.18277950 0.25159540 0.14084474 0.13779691 0.31357024 0.25922637 0.21084858 0.11608395 0.16121538 0.10328362 0.12548255 0.13656446 0.18012761 0.19509611 0.09354995 0.16416017 0.20258110 0.10622908 0.13169078 0.14753209 0.18988567 0.15906966 0.24268470 0.20581919 0.18784274 0.13384100 0.17575202 0.13340495 0.08760556 0.11124998 0.17217914 0.13116469 0.20471559 0.18154018 0.16716517 0.14541436 0.04840076 0.10056947 0.25543926 0.14776780 0.11138461 0.15435415 0.12265449 0.14937334 0.19852647 0.16878972 0.16763107 0.11326440 0.08511767 0.24197013 0.34366577 0.19998464 0.20438889 0.10567355 0.16922372 0.08661221 0.11321202 0.12352519 0.15072930 0.07213375 0.13108062 0.12550327 0.08154351 0.12564512 0.13674757 0.18144916 0.27405124 0.12438007 0.20730491 0.11547071 0.20385639 0.10248178 0.14830660 0.20926826 0.13340531 0.10828611 0.14755449 0.13847035 0.18158019 0.12585668 0.27604140 0.08540201 0.14373262 0.23141433 0.16983682 0.14946027 0.18002802 0.27443862 0.19183398 0.13996048 0.12611932 0.23977822 0.12316304 0.14123341 0.16988404 0.09931170 0.22470815 0.16865575 0.16285519 0.14280225 0.10594219 0.18204197 0.14628004 0.10246997 0.12248282 0.06428827 0.14377365 0.05068239 0.12081824 0.08867555 0.07462643 0.17547333 0.15252899 0.12801530 0.18929093 0.16362205 0.33425456 0.22830743 0.08198098 0.14497202 0.24647008 0.19904175 
0.17154177 0.17350332 0.14993429 0.12760719 0.17845194 0.14874989 0.26487849 0.25341871 0.00000000 0.24605232 0.30895366 0.32085447 0.13939259 0.14287552 0.22615292 0.14471899 0.12193944 0.12949036 0.22910257 0.15528783 0.10002993 0.14562367 0.16011011 0.20830016 0.23041812 0.27164423 0.26802109 0.15928599 0.10164823 0.19349602 0.13060250 0.10460236 0.17431561 0.16258100 0.11569991 0.14161140 0.15571937 0.16137207 0.07354656 0.16177872 0.16161604 0.20033676 0.31571487 0.17402643 0.65058764 0.13885638 0.23127487 0.09773764 0.12374682 0.19434302 0.18939351 0.14051345 0.10536835 0.15825900 0.20254036 0.18064413 0.14300855 0.09729291 0.11511015 0.10243054 0.13985543 0.09964733 0.06263757 0.14141977 0.15081087 0.11684584 0.12877615 0.23693612 0.15250626 0.13979600 0.12000874 0.09816728 0.09171389 0.10512548 0.13855522 0.35756303 0.14899558 0.37812365 0.17518520 0.18260323 0.15322117 0.20462600 0.21157745 0.17306716 0.12373362 0.43298989 0.17070545 0.22515796 0.32868852 0.16243826 0.17350246 0.22203946 0.18613546 0.14474757 0.16940644 0.15430643 0.11505022 0.14899018 0.11788148 0.15430819 0.16187175 0.17725137 0.13492709 0.19830112 0.18751071 0.13894638 0.19017115 0.15591956 0.11871530 0.12681749 0.22232272 0.14889676 0.15861928 0.15626409 0.17481872 0.21214681 0.20096308 0.13701257 0.15500349 0.14172008 0.16795769 0.18736977 0.08279773 0.14089773 0.17130129 0.15244378 0.13128071 0.21769758 0.19668946 0.18093853 0.13081460 0.14412041 0.19959024 0.16739957 0.11829657 0.12847348 0.16332285 0.14536386 0.11966318 0.13765375 0.12090374 0.16489795 0.09733061 0.08455260 0.09320920 0.15360668 0.16979273 0.10695704 0.10047223 0.16602282 0.12181420 0.16995690 0.16631250 0.08671941 0.16477010 0.13839124 0.16298342 0.14097577 0.17351639 
0.16801437 0.15471131 0.17870410 0.14650461 0.12496622 0.19995409 0.12030637 0.32085845 0.24605232 0.00000000 0.33297791 0.26200704 0.09506896 0.16261821 0.21544643 0.22616244 0.13125983 0.15387429 0.18026010 0.12651752 0.13859174 0.54131760 0.13987387 0.14549227 0.18736285 0.76732262 0.20093633 0.09775477 0.30029916 0.12897672 0.11376884 0.13811411 0.12859817 0.13257329 0.09929652 0.13961715 0.13293286 0.13050908 0.29261797 0.14722227 0.10637085 0.26173165 0.18777085 0.16652879 0.14161662 0.14809487 0.10898154 0.13949966 0.14224807 0.18842744 0.18208392 0.11235084 0.16601107 0.14486086 0.21579751 0.14596558 0.14289022 0.10170440 0.15807071 0.32004644 0.07246816 0.09755187 0.12592292 0.10963879 0.08196538 0.10366708 0.09740813 0.16246256 0.18089924 0.11758790 0.17367148 0.14800694 0.15017813 0.09322082 0.17149126 0.18351214 0.09232433 0.19967805 0.14618884 0.13121981 0.12731194 0.11103291 0.14440461 0.10202348 0.14055323 0.19843111 0.19104783 0.08177117 0.08077912 0.38750918 0.20036805 0.42244503 0.18496612 0.09460556 0.17580726 0.14556636 0.18577864 0.12102149 0.09238458 0.14212780 0.14068025 0.04323677 0.19176080 0.10306132 0.11893159 0.13225277 0.11043658 0.14045157 0.14362289 0.12522149 0.14051964 0.21113210 0.10402874 0.14673371 0.21692134 0.17273179 0.17751065 0.21402878 0.14715219 0.19082509 0.20155987 0.15697864 0.24516175 0.10970969 0.10132526 0.21418172 0.20516160 0.14714524 0.25666253 0.17666310 0.13444075 0.11835333 0.10710379 0.18799524 0.14983406 0.11674546 0.10484987 0.14504589 0.08391835 0.14702627 0.16566216 0.06661185 0.14359709 0.08177667 0.15108588 0.25174339 0.14998470 0.15214893 0.17545517 0.16604119 0.56897836 0.12305820 0.16967655 0.44850917 0.23100049 0.10552636 0.13220239 0.09470989 0.11560965 
0.17622491 0.15104262 0.17791643 0.13206003 0.12290714 0.15890969 0.19257633 0.21776159 0.30895366 0.33297791 0.00000000 0.29487770 0.28919357 0.21728289 0.21577156 0.31403202 0.14149363 0.19552665 0.25124542 0.28018780 0.23882628 0.24324028 0.22007737 0.16647885 0.25068913 0.18567411 0.16530622 0.10476961 0.16700772 0.12039183 0.16648619 0.10924469 0.13821154 0.15222376 0.12229377 0.11682814 0.17324580 0.13637017 0.23192778 0.19534084 0.13933623 0.16912993 0.25961869 0.14634293 0.21826941 0.15766191 0.25342803 0.16673915 0.17834836 0.14701516 0.10945254 0.12139466 0.21410460 0.15352558 0.14288314 0.13193004 0.08268138 0.10729379 0.12349266 0.12528201 0.15106659 0.20269173 0.21551367 0.11869045 0.12465439 0.07506500 0.07176359 0.18321140 0.14468598 0.12242926 0.07263189 0.09023209 0.11884024 0.19955517 0.17661716 0.25687839 0.18983900 0.27860496 0.10090526 0.17003705 0.19188652 0.22227022 0.28506478 0.14677797 0.09529308 0.18188368 0.19601258 0.22659011 0.28432317 0.17554421 0.19197656 0.14465528 0.14775877 0.11094126 0.13943419 0.22103980 0.10259041 0.11271070 0.08378295 0.33087881 0.14203773 0.15907188 0.18150925 0.15770073 0.13206685 0.13722135 0.12052994 0.10983775 0.11451838 0.10450609 0.17993753 0.13993467 0.22179503 0.15188692 0.21240689 0.06873093 0.15872267 0.12679974 0.11766286 0.14928999 0.15258103 0.13811460 0.13539910 0.10074348 0.14792967 0.15509759 0.12129937 0.19545229 0.21569499 0.13290580 0.15347457 0.27597873 0.18829285 0.16582314 0.21876223 0.19828591 0.19117918 0.19374412 0.10303513 0.14808102 0.16440240 0.11140628 0.13825595 0.15436777 0.06787170 0.19151498 0.15861642 0.17040569 0.16246387 0.14626753 0.15558415 0.15495628 0.11569726 0.17692101 0.13140596 0.18064042 0.13201442 0.15886185 0.16513936 
0.18607493 0.16469424 0.18052124 0.18647397 0.12345119 0.11761878 0.13558203 0.21541115 0.32085447 0.26200704 0.29487770 0.00000000 0.30404559 0.42478395 0.53579594 0.27530634 0.24463006 0.34215916 0.42883405 0.25304948 0.15996063 0.15304461 0.14364592 0.15575730 0.12053555 0.12661514 0.14247005 0.13657335 0.12005967 0.15378866 0.13434675 0.12675094 0.12227744 0.13953548 0.15581843 0.13439964 0.16967882 0.16847716 0.12591056 0.18068767 0.12983793 0.12832985 0.12880511 0.27036895 0.19802527 0.30423475 0.17372004 0.16869515 0.14415784 0.12443206 0.19354183 0.15830790 0.21347652 0.17060811 0.16139723 0.14601369 0.19004692 0.14256586 0.16595845 0.16160650 0.14942350 0.17632354 0.14446913 0.16383460 0.16423166 0.16281342 0.14182184 0.15175628 0.17487571 0.16988786 0.10889573 0.11736377 0.19708727 0.11094682 0.14430910 0.17381455 0.17404978 0.13602649 0.10775821 0.13517342 0.12519539 0.18232498 0.13698643 0.12524390 0.12699252 0.15215894 0.18041907 0.11362907 0.14516052 0.13126544 0.13278861 0.21184225 0.22273428 0.18916952 0.13339516 0.17742891 0.18272648 0.12829036 0.14097132 0.14606511 0.17227733 0.14419105 0.21150767 0.15423250 0.15754645 0.14364976 0.12304526 0.11542226 0.12697956 0.13723985 0.14606446 0.15959158 0.11076392 0.16961279 0.12644576 0.16534104 0.14244564 0.17411641 0.13691136 0.13557914 0.14293193 0.15045968 0.11751756 0.11214317 0.13449109 0.12741630 0.14134003 0.14536031 0.16111420 0.12113504 0.25420837 0.19714663 0.17801830 0.16716809 0.16987312 0.14622737 0.10975316 0.17827988 0.14429628 0.20120164 0.15266711 0.14326101 0.22061834 0.13327894 0.12582641 0.14481225 0.13156529 0.11893197 0.12864471 0.13211389 0.18406135 0.10858632 0.15173550 0.15473229 0.14694992 0.16681697 0.13508434 0.11501431 0.18324453 
0.16337720 0.14826987 0.14853395 0.13030986 0.12892631 0.13066842 0.15222437 0.15916436 0.13939259 0.09506896 0.28919357 0.30404559 0.00000000 0.42539321 0.24674888 0.29205643 0.27521037 0.26721292 0.23829030 0.22702878 0.21519247 0.16853803 0.23474967 0.23419983 0.11458023 0.16367579 0.12508782 0.11522746 0.10670819 0.11701969 0.06651480 0.06105351 0.11332508 0.09434366 0.05751444 0.06078332 0.12334341 0.14629872 0.11539327 0.10744501 0.12481195 0.21303252 0.20080477 0.16637177 0.17926427 0.23812787 0.28394010 0.50420913 0.16180956 0.27085904 0.26456161 0.19516359 0.17303064 0.17971881 0.11557935 0.22662039 0.25625687 0.18627424 0.22820526 0.25731960 0.14698261 0.13300442 0.12428806 0.17804227 0.04234599 0.07219334 0.11202820 0.13776918 0.08069399 0.08713556 0.10266523 0.09551958 0.13995284 0.15929369 0.26987169 0.12543505 0.20478666 0.12630528 0.08039570 0.14216946 0.09713857 0.20987168 0.15957664 0.15046194 0.12247655 0.10970049 0.12698530 0.09004298 0.15633110 0.15507224 0.25687159 0.32158776 0.29122726 0.14528435 0.37357530 0.78417703 0.25124774 0.15355168 0.28274361 0.18091208 0.12643950 0.14275282 0.12627414 0.23147602 0.17896111 0.11212116 0.13149117 0.08656990 0.10650813 0.19363209 0.12197046 0.15922092 0.13779991 0.16218054 0.10295619 0.15108124 0.27364964 0.14921433 0.17695860 0.09776477 0.13391848 0.10656190 0.09660598 0.07840542 0.07602296 0.07723044 0.11722019 0.22823356 0.17590702 0.22947915 0.26634993 0.20320118 0.21104574 0.20910063 0.22231851 0.12578232 0.14992304 0.15572966 0.20460307 0.23864317 0.03606910 0.11824907 0.13935996 0.13101007 0.14255915 0.20775044 0.12226421 0.10014178 0.15176930 0.14511979 0.14723408 0.12864041 0.11995454 0.13909823 0.11156319 0.11571726 0.11156481 0.17778678 0.11721471 
0.16735077 0.13876745 0.14354837 0.18571450 0.13301882 0.10095148 0.14603074 0.17756986 0.14287552 0.16261821 0.21728289 0.42478395 0.42539321 0.00000000 0.37693744 0.39139892 0.44410727 0.37901812 0.35403073 0.28774511 0.11324692 0.14798242 0.23415148 0.09947877 0.16372077 0.21432210 0.18042177 0.10221535 0.14518251 0.17201962 0.12928017 0.05838646 0.06903108 0.10134296 0.07972123 0.03993467 0.10116164 0.16063920 0.11021939 0.12363608 0.12957096 0.21062069 0.19082693 0.23772402 0.15378292 0.17930754 0.24807364 0.38347286 0.08988489 0.08233524 0.23600620 0.08550517 0.29792637 0.21342086 0.21316423 0.15953601 0.25805140 0.14512845 0.23982823 0.20536318 0.09242237 0.10716072 0.14096810 0.09915558 0.12407202 0.10433013 0.20565777 0.12359642 0.15704538 0.12921237 0.08298535 0.11793978 0.19245560 0.15115144 0.31824253 0.23857934 0.22080956 0.15975986 0.18212616 0.19001443 0.09309602 0.20516745 0.17904554 0.15056254 0.13286720 0.13681903 0.18421783 0.15930457 0.19972172 0.15752372 0.17335822 0.25070267 0.16071892 0.15192435 0.28317516 0.25866410 0.17756483 0.13987419 0.05681056 0.16504827 0.13443249 0.13075756 0.16366113 0.10243350 0.11608460 0.10869200 0.12897086 0.05601208 0.05004048 0.09233327 0.18176486 0.19074078 0.14175494 0.10459389 0.19613225 0.12422331 0.17957228 0.09348747 0.06217769 0.00630233 0.08877134 0.07182831 0.04526729 0.02557977 0.00294084 0.04064728 0.02036178 0.23439231 0.29377217 0.16190542 0.30687170 0.20461284 0.55653730 0.25403807 0.14740122 0.17495808 0.19049004 0.19370797 0.18825163 0.28501589 0.16925029 0.17347834 0.33616887 0.18841670 0.10006717 0.17160904 0.12174129 0.10001175 0.14180048 0.12035356 0.10880641 0.15071461 0.13861606 0.16824044 0.11181099 0.08877315 0.12776120 0.09739007 0.15355664 
0.17602277 0.16467460 0.16588113 0.15707504 0.13534508 0.13396663 0.14102405 0.18408202 0.22615292 0.21544643 0.21577156 0.53579594 0.24674888 0.37693744 0.00000000 0.31089125 0.29251459 0.33341749 0.48588911 0.20357713 0.13712145 0.16662636 0.26309224 0.16419101 0.15266477 0.14489576 0.15437190 0.13691631 0.11713278 0.15114117 0.12619286 0.10241730 0.10856209 0.14114374 0.20672776 0.14140341 0.17111991 0.13981577 0.14895644 0.18411161 0.13196734 0.16429337 0.14549588 0.36395543 0.21546855 0.24126764 0.16814142 0.16637543 0.15440618 0.13022045 0.18390673 0.14935309 0.21342029 0.16316624 0.11353231 0.16193600 0.16777351 0.19550707 0.16173112 0.16083178 0.13303256 0.13414143 0.19182363 0.18761564 0.17371382 0.17139011 0.15459340 0.18779698 0.14670947 0.15873518 0.14086627 0.15659710 0.17384321 0.15377227 0.16644100 0.20078656 0.13094122 0.16655245 0.13479180 0.13605031 0.14284844 0.17178784 0.14909853 0.15032144 0.12871611 0.15494126 0.16450688 0.12077317 0.11785904 0.15665255 0.14698966 0.23474211 0.17551803 0.11965317 0.11328808 0.18075150 0.15845874 0.14629319 0.12409139 0.14856108 0.10449157 0.11737266 0.17390057 0.15007475 0.13737096 0.12538477 0.12750247 0.14489251 0.15080794 0.16348274 0.15215599 0.12742272 0.11192580 0.14905917 0.15306317 0.13395677 0.14282438 0.15424751 0.13115614 0.13852406 0.14162987 0.14435922 0.15991731 0.10831143 0.12709457 0.12657428 0.13200322 0.13193044 0.15421350 0.14499053 0.27496946 0.17904610 0.16763565 0.16128085 0.16318562 0.12839567 0.16230689 0.14559592 0.12733255 0.22563373 0.15944716 0.13805042 0.15870382 0.15357278 0.11653082 0.16768437 0.15381066 0.15084678 0.13005944 0.17039014 0.11968730 0.15195965 0.16102987 0.18845062 0.13588956 0.11133682 0.12800300 0.14387052 0.19563323 
0.17610217 0.14394384 0.15659009 0.16315530 0.09861712 0.14670287 0.11547180 0.17763207 0.14471899 0.22616244 0.31403202 0.27530634 0.29205643 0.39139892 0.31089125 0.00000000 0.41697233 0.27946127 0.24976504 0.33509002 0.20980129 0.19894853 0.20577112 0.18083988 0.13773882 0.20173749 0.12973620 0.07258406 0.08652340 0.14925078 0.08408297 0.13644275 0.08261300 0.10315816 0.11942595 0.07289926 0.10275477 0.13376478 0.16344814 0.14035814 0.06827445 0.10276998 0.25891842 0.21222196 0.21083733 0.16096794 0.20792549 0.24748794 0.25378703 0.17075068 0.25409312 0.21921996 0.25148229 0.22161251 0.13558367 0.20988202 0.34144836 0.10952533 0.20981592 0.27922600 0.14468159 0.09605076 0.20028915 0.21747251 0.09933534 0.11571918 0.11041066 0.10134758 0.17292928 0.10097982 0.13005768 0.07286803 0.22280585 0.12431126 0.29373656 0.23937926 0.18011513 0.12422320 0.17088752 0.14734789 0.10106152 0.12490236 0.21293825 0.15548000 0.16959638 0.26151287 0.12668708 0.15390593 0.18071584 0.19380340 0.20661081 0.30407500 0.28775357 0.10650799 0.18882270 0.22797313 0.18151799 0.14856990 0.11745225 0.19503750 0.09296014 0.10410224 0.08205812 0.10767802 0.15071442 0.15690614 0.09640428 0.06650458 0.08163714 0.11096114 0.09975661 0.12704196 0.12556909 0.11863260 0.18267182 0.11222382 0.14562403 0.12294747 0.09565987 0.11922533 0.12668934 0.14421801 0.10044123 0.07262420 0.07853552 0.08095111 0.08439795 0.15788500 0.20229244 0.14111135 0.22270166 0.26111066 0.28290035 0.25606509 0.24753795 0.15956954 0.18445208 0.13760556 0.14401389 0.40005275 0.12784390 0.13616544 0.20145257 0.21411760 0.12143895 0.14661741 0.17765916 0.16789395 0.10915633 0.19869665 0.13466222 0.02802342 0.15092098 0.17435305 0.17894317 0.12609942 0.10790988 0.09722847 0.13495438 
0.16884749 0.14655512 0.14704049 0.17394389 0.14997652 0.15906764 0.19876803 0.17129099 0.12193944 0.13125983 0.14149363 0.24463006 0.27521037 0.44410727 0.29251459 0.41697233 0.00000000 0.35843387 0.33196889 0.35023086 0.14733617 0.14923881 0.20619125 0.11722141 0.13755890 0.25951829 0.12595617 0.08786410 0.15878614 0.19430735 0.13972749 0.08630990 0.07849649 0.07150168 0.07687906 0.06385333 0.08999580 0.22424794 0.17327344 0.12257277 0.06730232 0.11874536 0.18739004 0.18608331 0.19551356 0.15652427 0.28378074 0.11483251 0.17414632 0.12137665 0.11862202 0.15472848 0.16089365 0.11503625 0.16656397 0.16029897 0.26888159 0.08672170 0.33236484 0.30319707 0.08849654 0.14964379 0.13171365 0.09277595 0.09607039 0.09409004 0.15999438 0.11825188 0.22710263 0.11026292 0.11848964 0.12670123 0.18835680 0.16868391 0.21430541 0.22374441 0.17335285 0.21921336 0.15408695 0.08974539 0.16783366 0.21022882 0.26025786 0.12098840 0.12333787 0.25548018 0.24949362 0.19366674 0.16685264 0.15447924 0.17578345 0.35194546 0.24988877 0.10297065 0.14719322 0.27355561 0.19706800 0.13815958 0.12988075 0.15098762 0.10128713 0.08521309 0.09757238 0.11269515 0.12451323 0.07802248 0.11826035 0.10429712 0.14414953 0.14950411 0.18133792 0.22814571 0.12985910 0.19744208 0.13683346 0.11691850 0.20050762 0.13706839 0.03885709 0.02185291 0.09413473 0.08222171 0.03526358 0.06187704 0.05180010 0.06325936 0.08083215 0.21387566 0.17936977 0.16961480 0.34150732 0.31849221 0.25235274 0.26505405 0.15434669 0.20904122 0.19452913 0.13590502 0.25063829 0.42837388 0.13182967 0.14435359 0.32793444 0.18859409 0.07847750 0.14957413 0.18301293 0.14642180 0.12390434 0.16798332 0.17810792 0.11500891 0.13902516 0.11104102 0.18957484 0.16495420 0.09676580 0.15200623 0.14749899 
0.17504120 0.16074716 0.16205102 0.13299773 0.11421975 0.15642086 0.14990405 0.21823541 0.12949036 0.15387429 0.19552665 0.34215916 0.26721292 0.37901812 0.33341749 0.27946127 0.35843387 0.00000000 0.38186086 0.18919504 0.15246104 0.14628593 0.19924035 0.13097191 0.17346265 0.20973082 0.14768360 0.15044523 0.13455710 0.15988766 0.12096689 0.10299140 0.11704083 0.13895881 0.11864539 0.13437514 0.11770955 0.12887678 0.12155079 0.15663882 0.11920681 0.15919165 0.17697171 0.18774587 0.14269783 0.18341329 0.23415189 0.14056162 0.12198652 0.13979189 0.14220696 0.11299325 0.15089997 0.15560582 0.14059888 0.16551278 0.18191984 0.20959602 0.18411698 0.23375354 0.15263873 0.13643137 0.19437303 0.15739367 0.18030907 0.10482908 0.16456401 0.14201003 0.17909613 0.14849472 0.14840861 0.12121404 0.16841372 0.14826474 0.21787912 0.15057827 0.19137874 0.16836479 0.14085186 0.16685850 0.15704085 0.17766466 0.15271390 0.17570364 0.15427762 0.14581925 0.15029698 0.16724865 0.19344016 0.18225730 0.16774634 0.26688717 0.23758666 0.17769134 0.14136188 0.19850735 0.16859606 0.19023559 0.10884640 0.14823273 0.11984545 0.17297407 0.15469798 0.16416953 0.19880722 0.12170104 0.11469867 0.13024898 0.11026962 0.12110591 0.17862207 0.14206870 0.14604686 0.16520681 0.14791373 0.15639081 0.20864512 0.11014581 0.14215316 0.11462048 0.11619019 0.09052053 0.10454520 0.14354280 0.11401349 0.12308317 0.09798502 0.14270205 0.22303680 0.16127164 0.44259443 0.21748622 0.19635881 0.18619058 0.21394413 0.16983514 0.18442555 0.13193231 0.17619554 0.23030489 0.16710365 0.16904775 0.17178146 0.14651313 0.15352035 0.16316916 0.15657615 0.13821433 0.14123420 0.16135222 0.13395439 0.14005528 0.11970374 0.13684102 0.16174011 0.11837457 0.16280174 0.12469877 0.14453679 
0.17662892 0.16688138 0.16959276 0.13685170 0.12727216 0.12616844 0.13014874 0.17462479 0.22910257 0.18026010 0.25124542 0.42883405 0.23829030 0.35403073 0.48588911 0.24976504 0.33196889 0.38186086 0.00000000 0.21531054 0.17943904 0.16594867 0.23505265 0.16106484 0.14674340 0.17087944 0.13378652 0.14817117 0.16727534 0.15313804 0.11045161 0.11456111 0.12158491 0.13197990 0.18007140 0.15934866 0.18323060 0.14075574 0.14920531 0.18020478 0.13575686 0.16400457 0.14196083 0.27568983 0.17918435 0.17316568 0.19157501 0.15836944 0.15474687 0.13425541 0.20618203 0.16603795 0.20311964 0.14551910 0.12838392 0.16964763 0.18333626 0.16166404 0.16467263 0.17133678 0.16145282 0.14036407 0.15316728 0.12365888 0.16783241 0.15117134 0.14200071 0.17407390 0.17822609 0.16712804 0.16589805 0.14519460 0.17044983 0.15905145 0.13857852 0.18297460 0.13720381 0.17098996 0.13030179 0.14296508 0.13436605 0.13346953 0.17434133 0.14063172 0.14092228 0.16340172 0.19375095 0.13269296 0.19886880 0.13259884 0.13818132 0.20563226 0.18313850 0.11541809 0.14370830 0.16061577 0.14756950 0.16663264 0.14963414 0.19193935 0.12354394 0.11482397 0.17802476 0.15133748 0.16829136 0.12802779 0.13440618 0.12531207 0.13436020 0.13391106 0.18538817 0.13953832 0.13970758 0.15354918 0.15945438 0.14527271 0.15582471 0.16478386 0.14622806 0.17348635 0.13508376 0.11698090 0.13786478 0.11172615 0.13273028 0.12374443 0.14971043 0.14521493 0.15309818 0.14756728 0.28519156 0.18883726 0.16991958 0.14563586 0.14950102 0.16066289 0.12255977 0.15429957 0.13843698 0.18405516 0.17905832 0.13626158 0.15591019 0.16955742 0.12020078 0.17909426 0.12973789 0.13599744 0.12865240 0.15336208 0.14203922 0.15011735 0.17402455 0.18637425 0.17735079 0.13223486 0.14210731 0.13197688 0.15807560 
0.16663661 0.15441810 0.15162240 0.16888521 0.17189746 0.13992850 0.10964015 0.16222551 0.15528783 0.12651752 0.28018780 0.25304948 0.22702878 0.28774511 0.20357713 0.33509002 0.35023086 0.18919504 0.21531054 0.00000000 0.23784781 0.23764331 0.25259487 0.21514759 0.22138995 0.19995713 0.13776563 0.18203636 0.14001021 0.14549719 0.14587319 0.11646891 0.09695447 0.13324649 0.14925187 0.06798993 0.15775895 0.14265675 0.14446856 0.14962979 0.15105980 0.16231603 0.19800337 0.18485147 0.11454717 0.20349423 0.25023563 0.22459165 0.18655205 0.16330052 0.14589495 0.10075399 0.23343072 0.20303721 0.17672457 0.37956025 0.21598406 0.10104934 0.21185862 0.29059467 0.23191490 0.10037134 0.17023228 0.29037476 0.09433069 0.16597663 0.18210968 0.16178403 0.22543654 0.22393867 0.21900609 0.09388857 0.22632241 0.23149685 0.18479384 0.33542508 0.12600275 0.21063212 0.05696523 0.11658994 0.10139194 0.12253326 0.18746531 0.17101598 0.15436617 0.19406774 0.14785789 0.20514673 0.18873882 0.18875831 0.18041355 0.32074730 0.27595350 0.15620190 0.14513839 0.21372548 0.15717205 0.16389031 0.11195007 0.22424279 0.14194611 0.17354418 0.13970597 0.14926063 0.11853693 0.11809052 0.08967809 0.07994946 0.12221022 0.07865180 0.16324613 0.12887592 0.09999747 0.17626611 0.14618049 0.12327198 0.09440380 0.09499754 0.05614792 0.06588734 0.16160806 0.12982959 0.12850044 0.09173063 0.11947468 0.10660411 0.09992971 0.12425011 0.25466051 0.19347613 0.17334225 0.23284735 0.25151991 0.20324320 0.13799210 0.12136871 0.17200431 0.11868662 0.12833160 0.23381494 0.15098874 0.08914758 0.19937636 0.20807823 0.15712250 0.17275288 0.14600892 0.10151753 0.12650136 0.18864908 0.16255398 0.05481360 0.15173203 0.13682748 0.15594558 0.08487482 0.09581046 0.09028508 0.16889207 
0.16410412 0.17025934 0.16898677 0.20048830 0.11864071 0.17403815 0.15720585 0.20821475 0.10002993 0.13859174 0.23882628 0.15996063 0.21519247 0.11324692 0.13712145 0.20980129 0.14733617 0.15246104 0.17943904 0.23784781 0.00000000 0.35281353 0.17608932 0.28816297 0.34298250 0.11238178 0.11021675 0.16450291 0.11217903 0.06475424 0.13810911 0.13946031 0.10455090 0.13712813 0.12012966 0.10245149 0.11123680 0.12107691 0.08730998 0.11666641 0.11156953 0.13837624 0.04910085 0.12699576 0.10347645 0.14789766 0.14090651 0.11400349 0.16744353 0.12269224 0.21406674 0.12012776 0.17265477 0.16161488 0.13029900 0.14618325 0.11397305 0.22642337 0.19356719 0.69854319 0.19686949 0.14100715 0.30442221 0.76434109 0.16547928 0.13522661 0.23940267 0.08083534 0.29905839 0.18474244 0.27869683 0.20810063 0.21220773 0.04023268 0.16163442 0.13926082 0.13687647 0.15239466 0.13529615 0.10438022 0.17086331 0.06292632 0.05215070 0.13533451 0.04416065 0.13428036 0.08881512 0.16146747 0.13033397 0.18705843 0.18357876 0.10507199 0.19580291 0.16337606 0.12843921 0.19356978 0.11339958 0.12647836 0.11768905 0.20215143 0.14102799 0.07876237 0.11648639 0.12525412 0.18240714 0.16886758 0.11234788 0.16465338 0.11735188 0.12043442 0.09577658 0.07278913 0.19709806 0.16930514 0.08656641 0.15247523 0.14401215 0.16694736 0.10822592 0.22250750 0.18364813 0.16517524 0.15232507 0.23176274 0.13267008 0.18569002 0.18946150 0.12663627 0.13708781 0.15788400 0.16790745 0.19841286 0.10737724 0.16142141 0.20333482 0.18374424 0.30710653 0.16967756 0.17310312 0.23087472 0.18189361 0.29148527 0.31132588 0.47304019 0.25177631 0.21841521 0.24297001 0.20861199 0.16861829 0.09729537 0.17013935 0.11445323 0.17072723 0.16637811 0.15533631 0.20089472 0.09299536 0.15324606 0.15273830 
0.17172308 0.16239909 0.18206609 0.19466838 0.14825972 0.12143639 0.11145787 0.15386673 0.14562367 0.54131760 0.24324028 0.15304461 0.16853803 0.14798242 0.16662636 0.19894853 0.14923881 0.14628593 0.16594867 0.23764331 0.35281353 0.00000000 0.22266713 0.27924934 0.22991518 0.23688630 0.15139084 0.15582389 0.13742571 0.17115271 0.13360633 0.16900692 0.19486637 0.15088002 0.15754838 0.13955091 0.13575879 0.20231808 0.21332586 0.15506747 0.10828749 0.17748530 0.18117158 0.16824391 0.26340899 0.22518480 0.14485286 0.16326351 0.20331837 0.11746446 0.17096893 0.16568665 0.18403929 0.16538790 0.12954333 0.12702945 0.11800156 0.14118356 0.21590586 0.19731143 0.13807233 0.08726383 0.15311969 0.10769575 0.11958917 0.10170163 0.19505898 0.07962391 0.12428837 0.16109041 0.20963423 0.11643982 0.12852028 0.12658625 0.19682893 0.16487074 0.15520737 0.15591381 0.20401824 0.14066746 0.10748694 0.14826651 0.15944814 0.08104641 0.16373327 0.13934186 0.17215055 0.20693767 0.13858525 0.21108536 0.21635954 0.36483065 0.16370065 0.12489831 0.18829458 0.18446339 0.08887024 0.14682840 0.11188420 0.15314851 0.16363773 0.13145165 0.14854093 0.14675910 0.15291384 0.15323386 0.13080170 0.16878835 0.12949108 0.17028026 0.11561830 0.16432532 0.14706360 0.15619818 0.34131848 0.11931367 0.11221604 0.07487193 0.15344136 0.07823071 0.20356711 0.18984652 0.08434369 0.12284036 0.14533447 0.21309345 0.13687690 0.19524897 0.26748503 0.15527531 0.14445389 0.14537518 0.22779191 0.18463673 0.16344255 0.20716274 0.08711109 0.09926674 0.13390686 0.15884494 0.15123462 0.10840313 0.24176792 0.15320835 0.14176054 0.20317919 0.32839168 0.14205176 0.13131229 0.16198414 0.28991855 0.11712000 0.15063798 0.22855995 0.19424751 0.12907150 0.16501876 0.10235846 0.20218237 
