0.00000000 0.05109492 0.05595913 0.05195256 0.04381731 0.03781304 0.03703429 0.03604733 0.03942829 0.03689987 0.05290913 0.05719478 0.03621738 0.03671299 0.03885059 0.05298608 0.03775304 0.03953548 0.03953548 0.03775304 0.03328795 0.03525813 0.03403353 0.03057367 0.03707138 0.03327101 0.03434487 0.03025967 0.03722101 0.03178490 0.03419536 0.03614330 0.03841036 0.04186296 0.03457050 0.03594445 0.04814021 0.03306651 0.03353411 0.05268485 0.03234592 0.03628489 0.02938931 0.04302626 0.03879207 0.03892628 0.03189799 0.03885054 0.03863410 0.03437613 0.03472365 0.03237382 0.03430351 0.03221983 0.03998522 0.03244108 0.03216783 0.03908439 0.03017210 0.03784989 0.03399945 0.03778645 0.04055254 0.03724582 0.03369316 0.04127807 0.02926976 0.03360100 0.03289838 0.04119297 0.03594094 0.03648327 0.03294932 0.03750552 0.04902734 0.04066092 0.03126346 0.03390254 0.03819901 0.03712045 0.03797608 0.03982578 0.03139010 0.03436593 0.03434665 0.04689301 0.03485812 0.03208395 0.03450310 0.03490140 0.04075216 0.03209987 0.03224500 0.03542733 0.03193247 0.03473990 0.04250755 0.04566927 0.03211596 0.03311649 0.03586836 0.03883032 0.04038075 0.03804548 0.02973304 0.04387182 0.03717344 0.03109138 0.03298095 0.03146457 0.03604391 0.03281596 0.03938059 0.03311736 0.03422508 0.03151568 0.03821062 0.03643606 0.03496325 0.03477766 0.05179390 0.04014290 0.03768526 0.03977194 0.03852252 0.03795436 0.03728148 0.03263694 0.04316009 0.03804716 0.03991540 0.04302626 0.04879133 0.03362392 0.03294290 0.03930611 0.03356647 0.04731575 0.03876088 0.03339863 0.02992304 0.03748889 0.03478158 0.03366765 0.03933068 0.03063272 0.03586015 0.03592078 0.03415822 0.03237465 0.03207083 0.03772617 0.03805349 0.03505940 0.02990555 0.03851918 0.03690973 0.03381484 0.04771353 
0.05109492 0.00000000 0.04890839 0.06903093 0.06573517 0.04688190 0.03947614 0.04104029 0.04317593 0.04009595 0.03840911 0.04447624 0.03645364 0.03412784 0.03759682 0.03878379 0.03439250 0.03757195 0.03757195 0.03439250 0.02882380 0.03312393 0.02749085 0.02443928 0.02941238 0.02758354 0.04717659 0.02605776 0.03904830 0.02708021 0.04719082 0.04933751 0.04361107 0.04028187 0.04721309 0.02928163 0.05909821 0.04500053 0.03060859 0.06309338 0.03558074 0.03321532 0.02601031 0.04241614 0.04669685 0.03474549 0.02471336 0.04579967 0.03187518 0.03758955 0.03088230 0.02575294 0.02622974 0.04231402 0.03394202 0.02838341 0.02689500 0.04001210 0.02301853 0.04575294 0.04334160 0.03567919 0.04478576 0.04594489 0.02900262 0.03185896 0.02034494 0.04680109 0.03291495 0.03717962 0.03929733 0.03715727 0.03359072 0.03786735 0.03343711 0.03499405 0.02728214 0.04312162 0.04026053 0.03963954 0.04801565 0.02891213 0.02631920 0.03862724 0.03783445 0.03489298 0.03481570 0.02952603 0.02517608 0.03794374 0.05980719 0.03113598 0.02619101 0.04433364 0.03245974 0.03282124 0.03725285 0.03938989 0.03405282 0.02740708 0.04091784 0.04048973 0.03426792 0.03345959 0.02211447 0.04307982 0.03932236 0.02531991 0.03565947 0.03446860 0.03918695 0.04289648 0.03990529 0.02786149 0.03361071 0.03041127 0.03864095 0.03785651 0.03888545 0.03704186 0.03913288 0.04992734 0.06035792 0.04451034 0.04003806 0.03958405 0.03345709 0.03825644 0.04311891 0.03052514 0.03600750 0.04241614 0.03244554 0.02913895 0.02840376 0.02993701 0.03989598 0.03960982 0.02555340 0.02770522 0.02988313 0.04093795 0.03930067 0.04192855 0.04861498 0.02441218 0.04021221 0.04408988 0.02992780 0.03101904 0.03606817 0.04414931 0.04477741 0.03557488 0.02306892 0.04410190 0.04593420 0.03621258 0.03849318 
0.05595913 0.04890839 0.00000000 0.05866230 0.04753150 0.04613939 0.03747267 0.03403187 0.03868779 0.04954643 0.04934094 0.05440362 0.03327425 0.03318851 0.03623253 0.04895919 0.03475119 0.03724621 0.03724621 0.03475119 0.02929264 0.04416207 0.03025030 0.02565579 0.03431941 0.03678059 0.03875237 0.02708745 0.03794379 0.03382217 0.04253577 0.03817212 0.03688872 0.03864462 0.05141849 0.03753346 0.04825344 0.02742266 0.03094887 0.04913754 0.03163919 0.03661673 0.04045294 0.04239916 0.03829739 0.03652004 0.02743564 0.03850817 0.03564534 0.03145610 0.03155823 0.02973005 0.03016921 0.02849708 0.03763043 0.02906283 0.02785182 0.03691996 0.02500566 0.03618256 0.03161907 0.04504397 0.03995471 0.03723269 0.03275134 0.03847399 0.02629503 0.04953221 0.03097384 0.04504535 0.03414508 0.03656787 0.03186589 0.04097370 0.04493687 0.04074522 0.02665091 0.03623332 0.04054873 0.03685359 0.04438404 0.03972423 0.02761166 0.03642868 0.03946813 0.04372430 0.03339075 0.03392499 0.03143694 0.03296976 0.03691714 0.04169114 0.02810770 0.03849766 0.03264440 0.03227511 0.03751715 0.04808162 0.03151268 0.02878133 0.03661456 0.03674412 0.03986799 0.03536222 0.02460332 0.04389522 0.04234609 0.03586424 0.03430634 0.02718482 0.03939762 0.02823098 0.03699668 0.02908699 0.03517347 0.04526171 0.04712171 0.04066997 0.03473331 0.03546495 0.04797058 0.03633736 0.03296994 0.03344295 0.03179686 0.04122461 0.04479116 0.04178824 0.04174730 0.03971146 0.03791913 0.04239916 0.04446823 0.02986738 0.02880522 0.03748753 0.04076269 0.04502914 0.03425199 0.02955763 0.04132127 0.04039004 0.03983742 0.03562893 0.04286699 0.02632095 0.03747169 0.03743653 0.03319627 0.04027043 0.02958168 0.03618647 0.03616220 0.03275400 0.02476213 0.03690260 0.04397699 0.04036772 0.04545494 
0.05195256 0.06903093 0.05866230 0.00000000 0.05627356 0.05191366 0.04611456 0.04196168 0.04127829 0.05612297 0.05131018 0.04765580 0.03258419 0.02964943 0.03416091 0.04058928 0.02895335 0.03330943 0.03330943 0.02895335 0.02398031 0.04477443 0.02103241 0.01727337 0.01801614 0.03773324 0.03460560 0.02845452 0.03554675 0.03610072 0.03436221 0.03766981 0.03899706 0.02904908 0.05591077 0.04438240 0.04543144 0.03178275 0.03754043 0.05855897 0.02671790 0.04608786 0.02834721 0.04102292 0.04770790 0.03029181 0.01693043 0.03437303 0.02854533 0.02789954 0.02543803 0.03630926 0.01823715 0.02532067 0.03332308 0.02156470 0.03264961 0.03680072 0.02986461 0.04694919 0.05006416 0.04000435 0.04590979 0.03870389 0.03119785 0.04129946 0.02990098 0.04449040 0.02651221 0.04733612 0.04857089 0.03172706 0.04414047 0.03712630 0.03358113 0.03893281 0.02948949 0.03827357 0.03886343 0.04212843 0.04257334 0.02787511 0.01840586 0.04624250 0.03901195 0.03796548 0.05161028 0.03560630 0.02504956 0.04391739 0.04155640 0.04300028 0.01852616 0.04284556 0.03419156 0.02774901 0.02736627 0.03792649 0.02895669 0.02426355 0.03853534 0.03881506 0.02766672 0.04708175 0.01363477 0.03992464 0.03751730 0.03481580 0.02999059 0.01917330 0.04145222 0.03301496 0.03674918 0.02918826 0.04326453 0.03834498 0.04439004 0.03811963 0.03917383 0.03826860 0.03461075 0.04545072 0.03813684 0.03134823 0.04579922 0.03759555 0.04357495 0.04913256 0.05806439 0.05392956 0.03189808 0.04102292 0.03146507 0.03776109 0.03776140 0.04274436 0.04320402 0.04576839 0.03622447 0.02070483 0.04382174 0.04451255 0.04613358 0.02453344 0.03729817 0.01705694 0.03941687 0.03510953 0.04094582 0.04952791 0.03346276 0.03982233 0.04287446 0.04199819 0.01557715 0.04457283 0.05021904 0.04009740 0.04822319 
0.04381731 0.06573517 0.04753150 0.05627356 0.00000000 0.06227920 0.06006113 0.03536221 0.04869066 0.04170732 0.03953258 0.03107291 0.03975098 0.03384527 0.02849436 0.02953042 0.03534849 0.02867185 0.02867185 0.03534849 0.03466215 0.03277926 0.04707161 0.02816777 0.03335976 0.02311834 0.03978429 0.04099007 0.03484495 0.02511092 0.03691877 0.03651449 0.03859829 0.04858532 0.04538541 0.05267052 0.05232198 0.03584400 0.03792293 0.05328527 0.03814402 0.04146033 0.02850381 0.03909863 0.03533804 0.02561822 0.01791023 0.02017037 0.03046008 0.03937507 0.03579253 0.03757854 0.02293622 0.03960960 0.03476036 0.03643523 0.02760596 0.02032390 0.02518655 0.04123363 0.02563793 0.04070612 0.04976708 0.04790498 0.03628977 0.02883622 0.04592533 0.03948183 0.03793936 0.03354740 0.03138790 0.04730338 0.03774521 0.03962712 0.02280679 0.04602751 0.03584648 0.04691146 0.02869423 0.02582690 0.04748441 0.04032041 0.03523964 0.03557774 0.03900966 0.03103504 0.03475006 0.03307360 0.02518273 0.03135030 0.02577223 0.03316693 0.03074283 0.04916917 0.03157922 0.03841475 0.03333110 0.03520940 0.03198928 0.02996434 0.03690393 0.03505596 0.05761607 0.04867917 0.03888840 0.05159360 0.05742877 0.02865668 0.03755287 0.02713619 0.06187244 0.02347782 0.02903504 0.03625283 0.04418901 0.03590013 0.04090570 0.04970008 0.03470308 0.03422062 0.04441588 0.06118388 0.05021146 0.03178350 0.03603862 0.04600758 0.03489240 0.03788976 0.02928928 0.02550431 0.02655871 0.03909863 0.02459819 0.02842242 0.03553389 0.03231400 0.04935251 0.03750238 0.02832477 0.02573222 0.04106728 0.04975394 0.04215880 0.03681034 0.04211544 0.03091625 0.03293328 0.04226636 0.03397037 0.04134199 0.03338931 0.03907932 0.03550927 0.04441150 0.02887781 0.05206186 0.04887521 0.03253128 0.03817927 
0.03781304 0.04688190 0.04613939 0.05191366 0.06227920 0.00000000 0.04922240 0.06475829 0.04829487 0.05030865 0.04254754 0.04146853 0.05602162 0.04749562 0.03502816 0.05447794 0.04623160 0.03471079 0.03471079 0.04623160 0.04253745 0.03317855 0.05401060 0.03465103 0.03715073 0.03616550 0.04649925 0.03094527 0.02533379 0.06196749 0.03233062 0.04077668 0.04011606 0.03222664 0.05374662 0.04180833 0.03665236 0.03120456 0.03940505 0.02674636 0.04031478 0.03668564 0.04950391 0.03715530 0.02790475 0.05243234 0.02847642 0.03538324 0.04190688 0.02557409 0.03872185 0.01922337 0.03396970 0.04608168 0.01593724 0.04844772 0.04545138 0.02385195 0.03150016 0.03739852 0.02742075 0.05284049 0.03132796 0.03589070 0.04007839 0.02876843 0.04545939 0.04236306 0.02612211 0.03288653 0.02503070 0.02476737 0.03518615 0.03745823 0.02872539 0.03645373 0.03923946 0.03609201 0.02556927 0.04787457 0.03453859 0.05456941 0.03780817 0.03533272 0.03121306 0.04490482 0.03354915 0.04503375 0.02720031 0.03135724 0.03207940 0.04431280 0.06064990 0.04092022 0.03244163 0.03829496 0.04111912 0.04784251 0.04038691 0.01875549 0.02942568 0.03353955 0.02973504 0.05607691 0.04701779 0.04774603 0.03882234 0.04164370 0.03208178 0.03272136 0.03881854 0.01762571 0.03298963 0.03090341 0.03414522 0.03084875 0.03756485 0.04997680 0.03017646 0.01075683 0.03572110 0.03827576 0.03092247 0.02917626 0.03151732 0.05207239 0.04414937 0.03970503 0.02564899 0.02238309 0.03154780 0.03715530 0.04576549 0.05012411 0.03325890 0.04884413 0.05604783 0.04083795 0.02934265 0.05704848 0.02951934 0.04933751 0.03786259 0.01962914 0.03902829 0.03287734 0.04037700 0.02520685 0.01872826 0.04012740 0.03250199 0.04454572 0.02266714 0.02347025 0.04267519 0.01879108 0.04400764 0.02640988 0.02853275 
0.03703429 0.03947614 0.03747267 0.04611456 0.06006113 0.04922240 0.00000000 0.03693276 0.05835697 0.03760007 0.02679052 0.03134245 0.04943953 0.03985123 0.03431455 0.03300612 0.02862858 0.03378700 0.03378700 0.02862858 0.03842462 0.01952417 0.04028754 0.05409027 0.01919356 0.04236249 0.04088621 0.05921457 0.02692860 0.03318243 0.03936823 0.03964972 0.02993326 0.02239599 0.03973183 0.04590496 0.02310343 0.05082108 0.03139220 0.03927939 0.04557816 0.04815907 0.04745176 0.03702790 0.04691022 0.02707501 0.03478824 0.02749585 0.03720522 0.02785669 0.03998745 0.03038903 0.03966576 0.03614050 0.01948110 0.05290594 0.03827291 0.02420701 0.03930822 0.03800755 0.03310616 0.02559803 0.04846077 0.04746594 0.03612176 0.01857940 0.05121822 0.03230826 0.05052862 0.03807171 0.05084622 0.05274848 0.03918892 0.04757287 0.02941445 0.04223244 0.03646703 0.03575557 0.03432306 0.03821843 0.03878160 0.04340451 0.03604058 0.04484101 0.03983998 0.03214318 0.03881012 0.04272655 0.03147848 0.04127214 0.02112907 0.04043357 0.02681644 0.05181613 0.05091442 0.03411203 0.03196637 0.04031897 0.03759801 0.02418874 0.03922548 0.03357400 0.03531962 0.04955517 0.05691499 0.03148814 0.04223002 0.03526315 0.03552819 0.04652944 0.06434639 0.03580739 0.01679729 0.02533736 0.05344524 0.03929337 0.02660724 0.07291743 0.06020099 0.03112279 0.03688082 0.02925560 0.03328350 0.03668721 0.04397919 0.03619423 0.04180507 0.04849266 0.04996528 0.03192383 0.03819178 0.03702790 0.01673730 0.03787685 0.03966443 0.04525078 0.04163769 0.02196548 0.04156271 0.03808778 0.03251216 0.03683585 0.04545394 0.03156340 0.03648708 0.02812035 0.02946719 0.02744645 0.03479863 0.03425449 0.03478455 0.04272676 0.02933097 0.02278875 0.02757232 0.04437349 0.03149455 0.03797097 0.02473167 
0.03604733 0.04104029 0.03403187 0.04196168 0.03536221 0.06475829 0.03693276 0.00000000 0.04079476 0.07948149 0.06780033 0.07113674 0.06455259 0.04544478 0.05942636 0.04774762 0.04161315 0.05364951 0.05364951 0.04161315 0.03205811 0.03094389 0.02623692 0.03645949 0.02290097 0.04148661 0.05956743 0.03491672 0.03681967 0.03763364 0.03872130 0.03434372 0.04142470 0.02547509 0.04904746 0.02414693 0.04258542 0.07409774 0.04635395 0.02520127 0.05868903 0.02163118 0.04078027 0.03886213 0.02858378 0.04604842 0.05946446 0.02926420 0.02821481 0.03455365 0.03784401 0.03748054 0.04325034 0.05648628 0.02662571 0.03683558 0.03442534 0.03343229 0.03576019 0.04136283 0.04542510 0.05171994 0.03655432 0.04657973 0.02720832 0.03766318 0.03265208 0.04867535 0.02961918 0.04420709 0.05529362 0.03031161 0.04868573 0.03293942 0.02995242 0.02304905 0.03469443 0.04445253 0.03224882 0.03383269 0.01315911 0.03273922 0.04208919 0.03113981 0.02700257 0.05708411 0.03522301 0.03441835 0.00972892 0.04472826 0.02698172 0.04180422 0.04529332 0.03879840 0.02581721 0.04151750 0.03795261 0.02647936 0.03122735 0.01850706 0.03279417 0.05651800 0.02675428 0.04337732 0.05590230 0.02258880 0.03401335 0.02613827 0.02481090 0.04271685 0.02031531 0.02377000 0.02831513 0.05752746 0.04701832 0.03256596 0.02415835 0.03280248 0.02561445 0.02132353 0.04880009 0.03163314 0.04179803 0.03161581 0.03647587 0.03270351 0.03954203 0.04207899 0.03774927 0.01869844 0.03873756 0.03886213 0.03382858 0.03672376 0.04599592 0.05576320 0.02335315 0.03069005 0.03229432 0.04043100 0.02819267 0.04376910 0.01809445 0.03821076 0.04336503 0.02773115 0.04054405 0.01309702 0.00782517 0.05174069 0.02781663 0.03850898 0.03303966 0.03767535 0.03774897 0.02069895 0.03150204 0.02187740 0.02964063 
0.03942829 0.04317593 0.03868779 0.04127829 0.04869066 0.04829487 0.05835697 0.04079476 0.00000000 0.04709707 0.03954553 0.05100092 0.03777409 0.02384425 0.04044766 0.02315427 0.02744293 0.03949284 0.03949284 0.02744293 0.04655769 0.02944143 0.04098889 0.04536201 0.02303647 0.04094427 0.03708284 0.03546756 0.03554285 0.03693810 0.03581885 0.04012027 0.03755155 0.03403623 0.04033225 0.04043927 0.02628607 0.03957787 0.04455217 0.03908112 0.03879000 0.05717275 0.05284018 0.03725605 0.04813194 0.03440978 0.05147077 0.02318587 0.05322343 0.02660562 0.03701910 0.04361254 0.04764637 0.03839546 0.02870153 0.03141624 0.03594612 0.01935758 0.03155799 0.04075910 0.03705054 0.03147819 0.06156779 0.03097782 0.02956006 0.03738703 0.06511477 0.04362092 0.03772854 0.05752209 0.05753651 0.03191379 0.03047032 0.03577580 0.02468091 0.05631500 0.06909244 0.03703438 0.02152633 0.02940974 0.03874160 0.04378876 0.05555489 0.03984055 0.04649997 0.03141647 0.03175718 0.04474007 0.05708654 0.05457721 0.02821380 0.04937838 0.02928874 0.04882054 0.02895045 0.03797289 0.03211302 0.03170032 0.02651424 0.03180785 0.02333222 0.02588977 0.02768393 0.03289946 0.05916353 0.03540231 0.02323664 0.04203799 0.03064114 0.03864180 0.05016735 0.03344841 0.02196026 0.03588186 0.03227251 0.03416397 0.02702356 0.05381001 0.02617432 0.03508040 0.04475301 0.03469155 0.03275231 0.03948934 0.05064977 0.02544044 0.03080734 0.03692256 0.01956379 0.02089566 0.02995821 0.03725605 0.01687064 0.02826951 0.04352951 0.02380385 0.04206854 0.02715324 0.05107762 0.03015115 0.05243533 0.04867669 0.04743026 0.02705368 0.03409728 0.03393260 0.03351869 0.02285274 0.04333642 0.03142427 0.03117347 0.04682922 0.02955163 0.03025648 0.04730138 0.03060418 0.04442689 0.04708641 0.02345507 
0.03689987 0.04009595 0.04954643 0.05612297 0.04170732 0.05030865 0.03760007 0.07948149 0.04709707 0.00000000 0.06619413 0.08345781 0.03787357 0.05605638 0.07483096 0.04184337 0.04973679 0.06226102 0.06226102 0.04973679 0.03361218 0.07515475 0.03889261 0.01959878 0.04548245 0.05158449 0.04124865 0.03429149 0.02830566 0.04078870 0.03682192 0.02773874 0.04590442 0.03034528 0.04473218 0.04306871 0.04313668 0.04717074 0.03191782 0.04605467 0.03453504 0.02637408 0.03877066 0.03892771 0.02548666 0.04484210 0.02261581 0.03898034 0.03296194 0.04248888 0.02753804 0.02744190 0.02653147 0.03353394 0.04090453 0.02520508 0.02293983 0.04828550 0.01766872 0.03231877 0.03239566 0.02506508 0.02764720 0.04801232 0.01999821 0.03162279 0.02799641 0.05634225 0.02908607 0.04804202 0.04423201 0.02139802 0.05842800 0.02817283 0.01946379 0.02952709 0.02854246 0.02527421 0.04265941 0.04469315 0.04785092 0.02686067 0.02041173 0.04635162 0.04595154 0.02722131 0.05191454 0.04808507 0.02827837 0.03901266 0.01978498 0.05959421 0.02028023 0.04991458 0.03716372 0.03071493 0.03221339 0.03790781 0.04856177 0.01806256 0.02399007 0.03792838 0.04187564 0.02525355 0.02587788 0.03770069 0.04792095 0.04149528 0.03034815 0.04054608 0.02884003 0.02742976 0.03544892 0.01931207 0.04380478 0.03178843 0.03541701 0.02737384 0.03904424 0.05199259 0.02954080 0.03282567 0.02972122 0.02203348 0.03054981 0.03082493 0.04147432 0.04013448 0.04768792 0.03718252 0.02913482 0.03892771 0.01219101 0.02275598 0.03760511 0.02721405 0.03367087 0.04119268 0.03561000 0.02212298 0.02777869 0.04654336 0.03511360 0.03158278 0.03604956 0.01090522 0.04288057 0.03465215 0.03402557 0.04856415 0.02779328 0.03365327 0.04882030 0.02912233 0.02510192 0.04258883 0.04471749 0.03265267 0.04228605 
0.05290913 0.03840911 0.04934094 0.05131018 0.03953258 0.04254754 0.02679052 0.06780033 0.03954553 0.06619413 0.00000000 0.08711796 0.05511347 0.05336332 0.05119630 0.04925204 0.06447641 0.06105325 0.06105325 0.06447641 0.04242598 0.02142789 0.03168062 0.02736884 0.02607649 0.02832943 0.03683497 0.04859394 0.03318790 0.03017232 0.05651662 0.03052987 0.04336535 0.02947313 0.04463033 0.03924232 0.04187769 0.05126031 0.03102663 0.04859769 0.05385021 0.03142580 0.04072428 0.03911987 0.02820324 0.04789381 0.03196358 0.02113663 0.04432635 0.01906527 0.02659791 0.02519038 0.02847377 0.03245631 0.03810046 0.02763983 0.03625689 0.03226560 0.03094763 0.03101491 0.02253440 0.05102260 0.04750382 0.02640892 0.03201785 0.04136111 0.04528353 0.03489107 0.02014479 0.03855603 0.03317399 0.04689053 0.04242693 0.03715557 0.04681659 0.03276643 0.03391960 0.03631315 0.03594432 0.05421455 0.03423700 0.03282345 0.01888114 0.03759164 0.02666665 0.03570350 0.04221780 0.02731690 0.03474378 0.04042839 0.03187202 0.02389727 0.03539816 0.03231327 0.03008970 0.03090924 0.04166829 0.04506087 0.03589929 0.02298588 0.05179291 0.05418598 0.02553720 0.03283583 0.03271308 0.04251281 0.02485865 0.01222702 0.03252924 0.03621458 0.04696937 0.04466985 0.02175838 0.03649103 0.02212170 0.01839891 0.02528079 0.02798603 0.02272338 0.01405374 0.04817458 0.04166318 0.03133176 0.03029094 0.03870422 0.03259087 0.03418197 0.03108110 0.02113694 0.04264765 0.02871218 0.03911987 0.04050195 0.04608584 0.05001456 0.02304213 0.04283842 0.05250733 0.03046327 0.02827694 0.03874426 0.03265746 0.04388527 0.03972475 0.04011546 0.02673876 0.02621344 0.03827399 0.03431898 0.05178825 0.02863952 0.04356585 0.02733316 0.03337517 0.02989956 0.05891674 0.03565813 0.03050371 0.04675694 
0.05719478 0.04447624 0.05440362 0.04765580 0.03107291 0.04146853 0.03134245 0.07113674 0.05100092 0.08345781 0.08711796 0.00000000 0.04758791 0.06822681 0.08358431 0.07001615 0.05595969 0.06660883 0.06660883 0.05595969 0.03618892 0.02964676 0.02709895 0.02102854 0.02659100 0.02235473 0.04320096 0.03170986 0.04125729 0.03635947 0.03777586 0.03479343 0.03044003 0.03103963 0.04294531 0.03725011 0.03791176 0.04807766 0.04090452 0.05464087 0.03850666 0.03077739 0.03000061 0.03908152 0.03866994 0.05221414 0.03071352 0.03390825 0.03475680 0.03900624 0.02553764 0.03428723 0.02848752 0.03773258 0.03661207 0.02486089 0.02157601 0.05277722 0.01817761 0.04964417 0.03590578 0.03210866 0.02766817 0.03829585 0.04108782 0.03810319 0.02753092 0.04319626 0.03449156 0.04998457 0.04162279 0.01782518 0.03624542 0.03019792 0.05060310 0.02549029 0.02929354 0.02136232 0.04064889 0.02862038 0.03371766 0.02651123 0.02162768 0.03397402 0.03660467 0.03613598 0.02835286 0.03975187 0.02709989 0.02604982 0.02900213 0.02277447 0.01750909 0.04805484 0.03480942 0.02867361 0.03056040 0.04075889 0.03325392 0.02606433 0.03076715 0.04156244 0.04108902 0.03790902 0.03091494 0.03290549 0.03722657 0.02692552 0.03878942 0.02751323 0.03407653 0.02938830 0.04666843 0.01963744 0.02826970 0.03552692 0.04210203 0.02701554 0.03504941 0.03714985 0.04443120 0.04138148 0.03549720 0.03565871 0.04062192 0.04610853 0.04119457 0.02823739 0.04567042 0.03502322 0.03092874 0.03908152 0.04296883 0.02094619 0.03917146 0.03150329 0.03025761 0.04098703 0.03500625 0.02094990 0.03105500 0.03803271 0.03293837 0.03675490 0.04308970 0.01952035 0.03793342 0.03281697 0.02511313 0.03103570 0.02966133 0.03150035 0.04214991 0.02705037 0.02380990 0.03178068 0.05886435 0.03275183 0.05467267 
0.03621738 0.03645364 0.03327425 0.03258419 0.03975098 0.05602162 0.04943953 0.06455259 0.03777409 0.03787357 0.05511347 0.04758791 0.00000000 0.06812499 0.04325799 0.05699979 0.06362417 0.05044230 0.05044230 0.06362417 0.03293417 0.03336434 0.03482846 0.04369035 0.04326948 0.02753988 0.02636865 0.02815869 0.02968344 0.02948676 0.03559930 0.02732771 0.02797868 0.03416748 0.03205931 0.03531472 0.03758624 0.04001230 0.06354864 0.01758874 0.02714554 0.02205199 0.04598417 0.03766207 0.02851829 0.04378420 0.03805019 0.03757280 0.02938561 0.03126112 0.05092201 0.03127918 0.03502376 0.05008775 0.02402841 0.05510785 0.04749457 0.02738534 0.03687672 0.03065129 0.02432659 0.02553352 0.02295893 0.06790871 0.02615578 0.02898248 0.02937117 0.02014706 0.05855408 0.04262228 0.04355189 0.02994189 0.04283379 0.01664059 0.04928602 0.05264108 0.03133289 0.03511376 0.02800272 0.03055211 0.03861365 0.03034433 0.04083892 0.03375531 0.04208554 0.05010121 0.02747971 0.04452018 0.03084243 0.04126080 0.03281926 0.02572981 0.05221440 0.02736207 0.04390826 0.09263376 0.02553657 0.03163737 0.04323270 0.01918251 0.03092118 0.02710518 0.03387471 0.04751736 0.05483595 0.02316626 0.04364523 0.03771080 0.03301579 0.03596427 0.03605033 0.02520036 0.01301091 0.02831708 0.05714473 0.04344879 0.01842945 0.03526741 0.03311466 0.03001258 0.02974920 0.03954835 0.03825155 0.03970972 0.03659532 0.02522971 0.03678194 0.04665017 0.02664874 0.03282583 0.05018439 0.03766207 0.04133287 0.04400808 0.05292762 0.05110745 0.02023086 0.02764503 0.02498720 0.04228004 0.01925478 0.03348607 0.04499433 0.04622057 0.04058466 0.03987654 0.04161838 0.03550653 0.01952301 0.04078869 0.04492734 0.03300852 0.03802550 0.06990847 0.03955823 0.03612624 0.02858717 0.02016773 0.02386403 
0.03671299 0.03412784 0.03318851 0.02964943 0.03384527 0.04749562 0.03985123 0.04544478 0.02384425 0.05605638 0.05336332 0.06822681 0.06812499 0.00000000 0.08827650 0.08286614 0.09169036 0.07105880 0.07105880 0.09169036 0.02416907 0.02536322 0.03747115 0.02051223 0.03458490 0.04641620 0.04589007 0.03225412 0.03673899 0.03658947 0.03102199 0.03118297 0.02368495 0.05285709 0.02845259 0.03407393 0.03500792 0.03527209 0.03824434 0.04173836 0.03555602 0.03232315 0.02938695 0.03938342 0.02226176 0.03084473 0.02947904 0.04766834 0.04013886 0.04249374 0.04666010 0.03845610 0.04371159 0.03011158 0.03430746 0.03551449 0.05010986 0.03557353 0.04468610 0.04344277 0.02735919 0.03378175 0.02261594 0.03354492 0.03022257 0.02987682 0.03037354 0.03248913 0.03868194 0.04510803 0.03523787 0.02867073 0.05004401 0.02753888 0.05751847 0.03032543 0.02872459 0.02446465 0.03042943 0.03316689 0.03355412 0.04050577 0.03191764 0.03329843 0.03846319 0.03154884 0.01950539 0.04518502 0.02635436 0.02332631 0.04834097 0.02331864 0.03602573 0.03888683 0.03779997 0.04801464 0.02414084 0.02198231 0.03503336 0.04035546 0.02756994 0.02440404 0.04341628 0.04088166 0.03323411 0.03046971 0.02558711 0.03607514 0.02416015 0.02397556 0.03685561 0.03053140 0.04060492 0.02638288 0.03519210 0.02542738 0.03975132 0.03305133 0.04165336 0.04443080 0.02920113 0.02912805 0.03093479 0.02650138 0.04613348 0.03643518 0.04127470 0.03431821 0.04247816 0.04408235 0.03028363 0.03938342 0.04924345 0.05274934 0.05150553 0.03561238 0.03688532 0.02738193 0.02878453 0.05054216 0.01642231 0.03020084 0.03763261 0.01875733 0.03712896 0.03669653 0.03092355 0.03973096 0.03803705 0.03689130 0.03023800 0.03519673 0.03466901 0.02029986 0.02683291 0.04288428 0.04635564 0.02800625 0.03524744 
0.03885059 0.03759682 0.03623253 0.03416091 0.02849436 0.03502816 0.03431455 0.05942636 0.04044766 0.07483096 0.05119630 0.08358431 0.04325799 0.08827650 0.00000000 0.07022022 0.07236766 0.08108700 0.08108700 0.07236766 0.02562352 0.03668975 0.02791436 0.02343074 0.03538418 0.02859382 0.04386698 0.03862367 0.03933674 0.04202234 0.03357378 0.03986037 0.02784656 0.03619657 0.03484215 0.03562727 0.03443703 0.05023468 0.04454853 0.05138884 0.03198717 0.03562944 0.03110281 0.04024656 0.03976926 0.03324034 0.03776400 0.03999839 0.03842020 0.04434241 0.02651882 0.04154310 0.03125149 0.03286927 0.03803646 0.02450942 0.02511328 0.05565877 0.02408212 0.04245811 0.03336014 0.02587854 0.02436451 0.02930185 0.03815476 0.03027891 0.02192121 0.04057286 0.03809008 0.04130100 0.03351730 0.02690902 0.03349386 0.03249745 0.02771965 0.02689311 0.03361166 0.02263710 0.03867540 0.03480282 0.03464880 0.03456981 0.02279600 0.03549661 0.03773184 0.02658372 0.02706935 0.03975350 0.02477452 0.02430943 0.03700978 0.02669471 0.02184281 0.04125026 0.04034448 0.02569937 0.02380026 0.02906988 0.03972652 0.03875325 0.03084490 0.03246775 0.05160130 0.04828353 0.03175953 0.04088016 0.02927758 0.02803368 0.03666468 0.02799289 0.03552164 0.02770910 0.04628818 0.02653849 0.03429184 0.03450359 0.03841855 0.03523144 0.04040485 0.04898272 0.03930665 0.04049084 0.04038044 0.03156430 0.04555581 0.03809433 0.04049380 0.02731270 0.02662402 0.03954691 0.03397559 0.04024656 0.03413680 0.02350836 0.02810030 0.02513890 0.03137546 0.03354155 0.03033895 0.02452186 0.02272950 0.03804567 0.02980388 0.03245458 0.05109488 0.02524861 0.04181303 0.03953281 0.03857651 0.03399409 0.03172133 0.03926288 0.04559389 0.02820519 0.03150379 0.04149250 0.06355314 0.03949010 0.04423176 
0.05298608 0.03878379 0.04895919 0.04058928 0.02953042 0.05447794 0.03300612 0.04774762 0.02315427 0.04184337 0.04925204 0.07001615 0.05699979 0.08286614 0.07022022 0.00000000 0.07176160 0.05475783 0.05475783 0.07176160 0.01853983 0.02160997 0.03771459 0.01559305 0.03434154 0.02624414 0.04891819 0.02083535 0.02857924 0.03878394 0.03508347 0.02647374 0.03451225 0.04222462 0.03095986 0.02950219 0.04216049 0.03554206 0.03398908 0.04394069 0.03089724 0.02333238 0.01985050 0.03820348 0.02696552 0.03349632 0.03530359 0.06550010 0.04523281 0.06343009 0.06059974 0.04694849 0.05927991 0.02101476 0.04065901 0.03375345 0.06766053 0.03300534 0.05795657 0.02628945 0.02279297 0.02448313 0.03021259 0.02905345 0.03690986 0.03707137 0.03114121 0.04109480 0.05188528 0.03622316 0.04013636 0.02354879 0.04208648 0.02368776 0.05819658 0.04594640 0.02648509 0.03230846 0.03102917 0.04901899 0.02938267 0.02932339 0.03443068 0.01723192 0.02795902 0.04827993 0.02236753 0.02892409 0.02635873 0.04321717 0.04360212 0.03533698 0.05041943 0.03436743 0.03197460 0.03561440 0.03108172 0.03711180 0.02884195 0.03531800 0.02737524 0.01646324 0.04364285 0.05353517 0.03104304 0.03427702 0.01945517 0.02252906 0.03285522 0.02120794 0.03397843 0.02762097 0.04830398 0.03482049 0.03365152 0.03129859 0.04271044 0.02330760 0.04347961 0.04500886 0.03335813 0.03009346 0.02170070 0.03074905 0.04273335 0.02742020 0.03002763 0.02694036 0.02597597 0.04003886 0.03479827 0.03820348 0.05427316 0.06793622 0.03159786 0.04068488 0.03301935 0.02207180 0.03797220 0.07158896 0.01646528 0.02495986 0.04865420 0.01756370 0.02903186 0.04113703 0.05918712 0.04049846 0.02472535 0.03432944 0.03874221 0.03203444 0.04012523 0.02691413 0.04500333 0.02663809 0.04558320 0.03034464 0.04413512 
0.03775304 0.03439250 0.03475119 0.02895335 0.03534849 0.04623160 0.02862858 0.04161315 0.02744293 0.04973679 0.06447641 0.05595969 0.06362417 0.09169036 0.07236766 0.07176160 0.00000000 0.07895668 0.07895668 0.10194660 0.02481462 0.03477129 0.04844859 0.02444004 0.04117289 0.04196754 0.03625301 0.02727120 0.03499830 0.03995143 0.02702026 0.02642069 0.02354022 0.04680450 0.03903046 0.02937547 0.03164588 0.03201160 0.03245830 0.03167960 0.03398626 0.02846533 0.03279287 0.04003820 0.02210225 0.03179956 0.03532834 0.04144815 0.03892689 0.03430703 0.03572988 0.02200208 0.05436361 0.03127903 0.03601453 0.03665080 0.03720359 0.03473244 0.03966852 0.03073733 0.02415063 0.03124632 0.02169108 0.03322294 0.03981038 0.02464939 0.03423934 0.03623174 0.04198879 0.04847664 0.02960845 0.03468227 0.05806612 0.02905631 0.05898233 0.03172236 0.03201997 0.03097274 0.03178690 0.02803616 0.03432045 0.04926912 0.04103970 0.03430555 0.03928306 0.03438573 0.02468297 0.04630584 0.03761364 0.03532494 0.04086729 0.02344765 0.04711722 0.04233343 0.03503706 0.04853529 0.03299492 0.02758428 0.02434472 0.05392470 0.03163269 0.02666328 0.03547901 0.03421336 0.03581058 0.02666586 0.01962574 0.03377441 0.02778085 0.02690707 0.04229558 0.03683468 0.03065934 0.03761134 0.04127793 0.02640594 0.03128129 0.02775279 0.03465227 0.03041748 0.03616997 0.02172558 0.02822848 0.02143019 0.02680051 0.02881529 0.03599848 0.03207912 0.03869635 0.04353857 0.03287037 0.04003820 0.05866697 0.04025104 0.04198903 0.03532000 0.03036400 0.03968785 0.03236303 0.05289815 0.02628937 0.02965979 0.04465702 0.02375014 0.03431311 0.04611254 0.03167198 0.04205300 0.03800340 0.03923928 0.03895713 0.04066013 0.02980981 0.02412467 0.02980999 0.03646901 0.04431424 0.02784782 0.04284869 
0.03953548 0.03757195 0.03724621 0.03330943 0.02867185 0.03471079 0.03378700 0.05364951 0.03949284 0.06226102 0.06105325 0.06660883 0.05044230 0.07105880 0.08108700 0.05475783 0.07895668 0.00000000 0.08673268 0.07895668 0.02893551 0.04381910 0.03006597 0.02760075 0.04163201 0.03777892 0.03917744 0.03383563 0.04558599 0.04433974 0.02986819 0.03513168 0.03031620 0.04533428 0.04077562 0.03846548 0.03316187 0.04519698 0.04845407 0.03904102 0.03556105 0.03484538 0.03510176 0.04111116 0.03354195 0.03485696 0.04357298 0.03476327 0.02859064 0.04235874 0.03026524 0.02764547 0.03333252 0.04223315 0.03660981 0.02595876 0.03051100 0.04981201 0.03032902 0.03500629 0.03946213 0.03131827 0.01926093 0.03395480 0.03829051 0.02577353 0.02431947 0.03626255 0.04650331 0.05330223 0.02998947 0.03381806 0.03767308 0.03618725 0.03522339 0.02286501 0.03621260 0.02067963 0.03280898 0.04028150 0.02851318 0.04386379 0.02539674 0.03559019 0.03851279 0.03160443 0.03253477 0.04204281 0.02450328 0.01940960 0.03428746 0.02799485 0.02693457 0.03268743 0.03546772 0.02476174 0.02958239 0.03713985 0.03489406 0.04667855 0.03482483 0.03031347 0.04179547 0.03999754 0.03390898 0.03409144 0.02667689 0.03433112 0.03470395 0.03072907 0.04053140 0.02942828 0.03891625 0.03272844 0.03165744 0.03760599 0.02713681 0.03280037 0.03907903 0.03860160 0.04347380 0.02797992 0.03705604 0.03054179 0.03563301 0.03681753 0.03892377 0.02635290 0.03274830 0.04341246 0.03607258 0.04111116 0.04273205 0.02854844 0.02955605 0.02437751 0.02970978 0.04033877 0.03529303 0.02965217 0.02409402 0.03607057 0.02905170 0.03077353 0.04750169 0.03026062 0.03624349 0.03657090 0.03655001 0.03397014 0.03038974 0.04138099 0.03821187 0.02538749 0.03588722 0.02958220 0.05579055 0.03960147 0.04886954 
0.03953548 0.03757195 0.03724621 0.03330943 0.02867185 0.03471079 0.03378700 0.05364951 0.03949284 0.06226102 0.06105325 0.06660883 0.05044230 0.07105880 0.08108700 0.05475783 0.07895668 0.08673268 0.00000000 0.07895668 0.02893551 0.04381910 0.03006597 0.02760075 0.04163201 0.03777892 0.03917744 0.03383563 0.04558599 0.04433974 0.02986819 0.03513168 0.03031620 0.04533428 0.04077562 0.03846548 0.03316187 0.04519698 0.04845407 0.03904102 0.03556105 0.03484538 0.03510176 0.04111116 0.03354195 0.03485696 0.04357298 0.03476327 0.02859064 0.04235874 0.03026524 0.02764547 0.03333252 0.04223315 0.03660981 0.02595876 0.03051100 0.04981201 0.03032902 0.03500629 0.03946213 0.03131827 0.01926093 0.03395480 0.03829051 0.02577353 0.02431947 0.03626255 0.04650331 0.05330223 0.02998947 0.03381806 0.03767308 0.03618725 0.03522339 0.02286501 0.03621260 0.02067963 0.03280898 0.04028150 0.02851318 0.04386379 0.02539674 0.03559019 0.03851279 0.03160443 0.03253477 0.04204281 0.02450328 0.01940960 0.03428746 0.02799485 0.02693457 0.03268743 0.03546772 0.02476174 0.02958239 0.03713985 0.03489406 0.04667855 0.03482483 0.03031347 0.04179547 0.03999754 0.03390898 0.03409144 0.02667689 0.03433112 0.03470395 0.03072907 0.04053140 0.02942828 0.03891625 0.03272844 0.03165744 0.03760599 0.02713681 0.03280037 0.03907903 0.03860160 0.04347380 0.02797992 0.03705604 0.03054179 0.03563301 0.03681753 0.03892377 0.02635290 0.03274830 0.04341246 0.03607258 0.04111116 0.04273205 0.02854844 0.02955605 0.02437751 0.02970978 0.04033877 0.03529303 0.02965217 0.02409402 0.03607057 0.02905170 0.03077353 0.04750169 0.03026062 0.03624349 0.03657090 0.03655001 0.03397014 0.03038974 0.04138099 0.03821187 0.02538749 0.03588722 0.02958220 0.05579055 0.03960147 0.04886954 
0.03775304 0.03439250 0.03475119 0.02895335 0.03534849 0.04623160 0.02862858 0.04161315 0.02744293 0.04973679 0.06447641 0.05595969 0.06362417 0.09169036 0.07236766 0.07176160 0.10194660 0.07895668 0.07895668 0.00000000 0.02481462 0.03477129 0.04844859 0.02444004 0.04117289 0.04196754 0.03625301 0.02727120 0.03499830 0.03995143 0.02702026 0.02642069 0.02354022 0.04680450 0.03903046 0.02937547 0.03164588 0.03201160 0.03245830 0.03167960 0.03398626 0.02846533 0.03279287 0.04003820 0.02210225 0.03179956 0.03532834 0.04144815 0.03892689 0.03430703 0.03572988 0.02200208 0.05436361 0.03127903 0.03601453 0.03665080 0.03720359 0.03473244 0.03966852 0.03073733 0.02415063 0.03124632 0.02169108 0.03322294 0.03981038 0.02464939 0.03423934 0.03623174 0.04198879 0.04847664 0.02960845 0.03468227 0.05806612 0.02905631 0.05898233 0.03172236 0.03201997 0.03097274 0.03178690 0.02803616 0.03432045 0.04926912 0.04103970 0.03430555 0.03928306 0.03438573 0.02468297 0.04630584 0.03761364 0.03532494 0.04086729 0.02344765 0.04711722 0.04233343 0.03503706 0.04853529 0.03299492 0.02758428 0.02434472 0.05392470 0.03163269 0.02666328 0.03547901 0.03421336 0.03581058 0.02666586 0.01962574 0.03377441 0.02778085 0.02690707 0.04229558 0.03683468 0.03065934 0.03761134 0.04127793 0.02640594 0.03128129 0.02775279 0.03465227 0.03041748 0.03616997 0.02172558 0.02822848 0.02143019 0.02680051 0.02881529 0.03599848 0.03207912 0.03869635 0.04353857 0.03287037 0.04003820 0.05866697 0.04025104 0.04198903 0.03532000 0.03036400 0.03968785 0.03236303 0.05289815 0.02628937 0.02965979 0.04465702 0.02375014 0.03431311 0.04611254 0.03167198 0.04205300 0.03800340 0.03923928 0.03895713 0.04066013 0.02980981 0.02412467 0.02980999 0.03646901 0.04431424 0.02784782 0.04284869 
0.03328795 0.02882380 0.02929264 0.02398031 0.03466215 0.04253745 0.03842462 0.03205811 0.04655769 0.03361218 0.04242598 0.03618892 0.03293417 0.02416907 0.02562352 0.01853983 0.02481462 0.02893551 0.02893551 0.02481462 0.00000000 0.04986954 0.06823818 0.06371046 0.03435305 0.03931855 0.04200550 0.05149769 0.04895835 0.05029072 0.03763899 0.03179932 0.03120463 0.02677639 0.02739048 0.03220590 0.03875142 0.04591318 0.04647749 0.02894858 0.02565659 0.03355550 0.03193716 0.03721165 0.02265501 0.06475959 0.04325788 0.03084083 0.02750828 0.02980422 0.03107258 0.04307438 0.03045226 0.04230994 0.03098703 0.04132911 0.02583640 0.03505253 0.03021887 0.05847853 0.04259346 0.03927125 0.04694144 0.04568225 0.03379992 0.05019504 0.04674232 0.03553711 0.03865318 0.03453087 0.03610678 0.03610792 0.03640134 0.02547028 0.02456656 0.02308940 0.02988327 0.03753373 0.04215709 0.03372519 0.03780539 0.02489311 0.02929236 0.03545856 0.03043034 0.02504568 0.04543108 0.04538583 0.03825163 0.03879431 0.04783570 0.03322640 0.02707147 0.05381693 0.04470049 0.03760986 0.03246050 0.04717760 0.05500882 0.03080667 0.03876075 0.04209162 0.03755095 0.03279106 0.03393423 0.04906922 0.03531893 0.03044603 0.03666964 0.02778871 0.05305979 0.02965785 0.04764855 0.04391056 0.03205345 0.02784093 0.03941872 0.03456954 0.03008437 0.03410703 0.04381442 0.02452476 0.04169587 0.03330510 0.05026797 0.03475260 0.03667493 0.01689698 0.04022823 0.02866477 0.05353749 0.03721165 0.02498516 0.01148124 0.03904612 0.04102521 0.03563171 0.04353135 0.03863294 0.03328001 0.04098596 0.05699511 0.05032136 0.06212011 0.04402270 0.03631412 0.05326862 0.04592274 0.02829518 0.04225098 0.06726756 0.02884042 0.02655022 0.04350095 0.05641844 0.05515195 0.02255464 0.04701952 0.02806271 
0.03525813 0.03312393 0.04416207 0.04477443 0.03277926 0.03317855 0.01952417 0.03094389 0.02944143 0.07515475 0.02142789 0.02964676 0.03336434 0.02536322 0.03668975 0.02160997 0.03477129 0.04381910 0.04381910 0.03477129 0.04986954 0.00000000 0.03309216 0.02978096 0.03685960 0.06813505 0.03033618 0.02810991 0.03033526 0.04499986 0.04148587 0.02657888 0.05665451 0.04545575 0.03635930 0.04819633 0.05307824 0.03441373 0.03256668 0.03825475 0.02939401 0.04158758 0.02469378 0.03876047 0.05088635 0.05306209 0.03073815 0.04542825 0.04847213 0.04096325 0.03124610 0.03247724 0.01847723 0.03135154 0.04574032 0.03658406 0.02697174 0.05453026 0.02086460 0.03970068 0.03752256 0.02616689 0.02228905 0.04672739 0.02580974 0.04488131 0.02371061 0.02614266 0.02369948 0.02487394 0.04359252 0.03022410 0.06636462 0.03123422 0.02529904 0.03365609 0.02748334 0.03452099 0.04581056 0.02702936 0.03126145 0.01984887 0.03247761 0.04186166 0.03977261 0.04360319 0.07351118 0.04565627 0.03526831 0.05123890 0.04290497 0.07108109 0.02581866 0.03244380 0.03345497 0.04330116 0.03012614 0.03946851 0.03292786 0.03207146 0.04473990 0.03565910 0.03631946 0.02843430 0.02049081 0.03484570 0.05288214 0.04836095 0.04585651 0.03315113 0.04506650 0.03161775 0.03360746 0.02540187 0.05601966 0.03095041 0.04386040 0.02980389 0.04480754 0.06680682 0.01687007 0.03416172 0.03641966 0.03375339 0.02244969 0.02828840 0.03206822 0.05063680 0.05848374 0.04027277 0.03009153 0.03876047 0.02276725 0.02928755 0.02307438 0.03381536 0.03385614 0.03732059 0.03206691 0.02873303 0.02974198 0.04954146 0.03099230 0.02877695 0.02404049 0.03559468 0.05066367 0.04221118 0.03514976 0.05194517 0.03640758 0.04539198 0.05305390 0.04952698 0.04002121 0.04660073 0.03780677 0.03862590 0.05435654 
