0.00000000 0.14475906 0.11168310 0.11005270 0.12301539 0.13581281 0.08927202 0.08707669 0.06020895 0.07776522 0.06123178 0.03166782 0.08598879 0.08717710 0.07097252 0.08014244 0.04131631 0.05376045 0.08149413 0.04360343 0.05075877 0.05206204 0.05342705 0.05898703 0.04426623 0.05846885 0.03404782 0.05799608 0.10056001 0.03293540 0.04582929 0.03006713 0.06225720 0.04357144 0.04150090 0.09003252 0.09048087 0.03760220 0.08982295 0.01867083 0.03170204 0.02493352 0.07567944 0.05520875 0.06260727 0.04461985 0.06630197 0.06398971 0.05705574 0.05300560 0.07371532 0.06577452 0.04942489 0.06238101 0.03422829 0.05586047 0.05799608 0.05294593 0.05339139 0.04144908 0.05799608 0.04965870 0.03676476 0.05799608 0.05799608 0.06586691 0.04004524 0.04616724 0.03308968 0.03414466 0.05799608 0.03700580 0.06779814 0.04160997 0.08535127 0.06291315 0.05047780 0.04810799 0.08701441 0.07995806 0.03313584 0.04196776 0.04089679 0.06185990 0.05204463 0.07245704 0.08019883 0.05372928 0.08260238 0.06387585 0.02738876 0.06979813 0.03080090 0.02034333 0.06235881 0.03696272 0.02925072 0.07132626 0.07279974 0.13259440 0.05799608 0.05353467 0.05837270 0.04850837 0.02775383 0.05699626 0.05393379 0.04662189 0.04984817 0.04439128 0.03623025 0.18961753 0.05504323 0.05815495 0.07133983 0.05577687 0.03286275 0.07742496 0.07288941 0.04150610 0.03836836 0.05037583 0.08898953 0.02892017 0.05320006 0.06275566 0.07146090 0.02819866 0.05210115 0.03180392 0.02911698 0.08090956 0.06671621 0.13035589 0.07166993 0.05837423 0.06304733 0.03814454 0.04752085 0.09824342 0.06931360 0.05396228 0.06815055 0.07903574 0.05116279 0.05401862 0.08564605 0.05339185 0.12238800 0.04527494 0.12579015 0.15105250 0.10849330 0.05811043 0.11921181 0.08151770 0.09583592 0.06375675 0.07091113 0.03189147 0.07483696 0.03883607 0.04992534 0.05667804 0.04080252 0.03886621 0.07767579 0.09181978 0.07502257 0.07909121 0.08914677 0.11323349 0.06081888 0.04648318 0.03186520 0.07619279 0.05003821 
0.14475906 0.00000000 0.08098414 0.08986399 0.15615376 0.07111038 0.07711375 0.07395706 0.05671243 0.04348697 0.04669603 0.04989905 0.06394505 0.08895942 0.07854630 0.09118674 0.12131985 0.06624057 0.07908016 0.09796673 0.07562845 0.05699224 0.04900816 0.08035871 0.04715365 0.05163442 0.04390070 0.05136546 0.05295859 0.05332045 0.05079953 0.04800510 0.04748950 0.03281658 0.04103876 0.05194554 0.06167905 0.09872906 0.06230657 0.03748986 0.08801057 0.05098091 0.09691021 0.04939136 0.07001873 0.06986362 0.07974925 0.08137288 0.06504989 0.04071251 0.04770986 0.05535623 0.09707995 0.02723951 0.03269839 0.06474865 0.05136546 0.05071937 0.03861731 0.03296673 0.05136546 0.03851173 0.07354541 0.05136546 0.05136546 0.04705941 0.05431356 0.02595437 0.04477159 0.03992315 0.05136546 0.04652713 0.03267530 0.05709513 0.08108836 0.10624433 0.04956763 0.02943732 0.03492796 0.07832698 0.03441221 0.08928133 0.06054624 0.08704948 0.04692813 0.06149113 0.02980933 0.05629170 0.06628311 0.08685334 0.07020310 0.07618483 0.04458376 0.04967447 0.04373281 0.08963816 0.02796426 0.09797193 0.04092630 0.08459825 0.05136546 0.05250941 0.02486714 0.03365498 0.04249184 0.08937847 0.03621807 0.05745395 0.06389861 0.05078019 0.05131351 0.08161040 0.07792441 0.04007726 0.06522941 0.06074975 0.04960403 0.06051336 0.03582751 0.03477510 0.04491246 0.06267456 0.05810187 0.08941589 0.06142486 0.03431793 0.05768491 0.06117629 0.05790709 0.07583233 0.07345506 0.07562036 0.05620317 0.07994072 0.07744074 0.03024240 0.02340179 0.02958404 0.06408108 0.09735573 0.06420411 0.02833006 0.12046143 0.04846050 0.05661857 0.09043869 0.09773117 0.04756419 0.15259063 0.05133175 0.08486222 0.10148724 0.09028100 0.08632867 0.09781418 0.07968522 0.10442736 0.07658820 0.06414180 0.03698617 0.06103755 0.06636830 0.05399773 0.06524593 0.07455861 0.05652425 0.06468215 0.04564678 0.08821714 0.05437382 0.07531664 0.04438064 0.08827492 0.07593460 0.03921037 0.08793182 0.06076851 
0.11168310 0.08098414 0.00000000 0.09306802 0.17718726 0.06659773 0.11230334 0.05024503 0.06315443 0.08958861 0.05245190 0.05594049 0.07921596 0.06046046 0.09345643 0.07095955 0.05106563 0.07006078 0.06192679 0.06427028 0.05254652 0.03096755 0.04272731 0.09068391 0.05526952 0.05336258 0.03762023 0.05274724 0.00776483 0.04700869 0.04311798 0.08336476 0.07510429 0.04340796 0.04655997 0.11472005 0.08615648 0.03941452 0.12989516 0.06855478 0.08327917 0.05111694 0.05589663 0.08719048 0.05380167 0.04317822 0.06221104 0.04768476 0.05637854 0.07260522 0.05455843 0.04536375 0.05805911 0.09208494 0.05216025 0.06618256 0.05274724 0.06386611 0.02845547 0.03714217 0.05274724 0.04036819 0.08169201 0.05274724 0.05274724 0.04566526 0.06729840 0.06435939 0.03892100 0.03444887 0.05274724 0.04084921 0.03517948 0.02645167 0.12083453 0.06079180 0.05643564 0.03250336 0.04712130 0.04187951 0.05798923 0.03869945 0.10347182 0.05274944 0.03900613 0.04584455 0.02423344 0.05576702 0.05537838 0.03097282 0.02429273 0.02752564 0.06114722 0.03445545 0.05932814 0.06635406 0.07455371 0.06424199 0.08231762 0.04674202 0.05274724 0.07324342 0.03427548 0.03571241 0.08199171 0.07330384 0.04494471 0.08827569 0.04446163 0.04656275 0.05422549 0.05102162 0.04505569 0.05258572 0.07068572 0.06778091 0.10595380 0.04979232 0.03650870 0.04976484 0.04787273 0.05458896 0.07515829 0.03442388 0.08616353 0.08935050 0.07082355 0.04780160 0.08353176 0.05068456 0.11903729 0.05238886 0.04251519 0.06500922 0.08765918 0.03530196 0.03457089 0.13917936 0.14745033 0.13282268 0.07641498 0.03703904 0.05777900 0.11073559 0.04577287 0.06510228 0.14987617 0.04683607 0.07775183 0.07661429 0.05142625 0.09439904 0.05824618 0.06325358 0.06312622 0.04646419 0.08301780 0.05778069 0.05806681 0.13807782 0.03835175 0.04991594 0.02619951 0.09986510 0.06620296 0.06077959 0.05543750 0.06720741 0.08377705 0.07457561 0.04097035 0.05228849 0.07345883 0.04561098 0.08818670 0.03868772 0.06192795 
0.11005270 0.08986399 0.09306802 0.00000000 0.09491538 0.04809318 0.07677443 0.09031095 0.05309741 0.08602427 0.09836397 0.09218928 0.08362348 0.07209940 0.10783831 0.08431929 0.08110642 0.05424195 0.08026442 0.07379413 0.04778906 0.06733611 0.05206421 0.05544085 0.05407213 0.05463597 0.07140659 0.05403838 0.06355913 0.04157961 0.03091130 0.02163192 0.05401557 0.03082388 0.03612153 0.06974677 0.08695332 0.04598658 0.09587066 0.06563409 0.06556502 0.10320590 0.06835564 0.08759390 0.07803274 0.05816793 0.03270776 0.08345570 0.09017915 0.06308886 0.07396929 0.04513647 0.04593297 0.02987273 0.07616832 0.04823911 0.05403838 0.05073063 0.03002062 0.03843721 0.05403838 0.04308812 0.03397640 0.05403838 0.05403838 0.06987755 0.07031521 0.03863723 0.04599401 0.03217315 0.05403838 0.03992749 0.04408616 0.03876778 0.03107500 0.05960588 0.05660623 0.03748818 0.07795791 0.07839978 0.04063132 0.05955494 0.06613195 0.08295586 0.09617949 0.03389701 0.06764071 0.06579158 0.09499361 0.05866451 0.04080898 0.07781905 0.10678357 0.02338909 0.05494998 0.06308875 0.05690078 0.09720283 0.06909961 0.04628581 0.05403838 0.06517068 0.04648962 0.04019317 0.11014808 0.06323497 0.04097790 0.08059979 0.07697524 0.02784555 0.07218325 0.05684926 0.04315556 0.04667122 0.06402999 0.07144892 0.06073074 0.03479008 0.07204336 0.04089630 0.03657757 0.05502607 0.06463235 0.03590552 0.04520325 0.07833284 0.07342919 0.06411920 0.05972909 0.07627491 0.08047459 0.04825561 0.04317297 0.05081090 0.06683668 0.05235717 0.04780637 0.08129540 0.07466174 0.05148116 0.05052452 0.03587947 0.09189673 0.02802890 0.05870370 0.07293809 0.05395592 0.05388631 0.09018883 0.09008982 0.07826267 0.04024807 0.06827050 0.11064648 0.09158860 0.05584582 0.09938606 0.03368910 0.06232286 0.10141683 0.06104829 0.04963429 0.04713375 0.03247619 0.08902396 0.08063482 0.06468627 0.08615841 0.07288824 0.08427195 0.12066362 0.05591830 0.09445114 0.04490444 0.03967972 0.05943440 0.06384010 
0.12301539 0.15615376 0.17718726 0.09491538 0.00000000 0.11825867 0.04888549 0.03888339 0.06291428 0.04777455 0.04988155 0.06564611 0.05363431 0.03308734 0.06854349 0.08162297 0.03651082 0.04206036 0.06672841 0.07537279 0.02215196 0.05595528 0.02202008 0.07110235 0.07255207 0.05155391 0.05696478 0.05075224 0.07273676 0.04173582 0.05521778 0.09793333 0.07413792 0.03073434 0.05721388 0.08314177 0.09930846 0.09879331 0.14865082 0.03568454 0.05605261 0.03782155 0.05790854 0.06213203 0.05248584 0.06339594 0.07323256 0.04737851 0.08509682 0.05335737 0.04827172 0.05087197 0.04818456 0.05723251 0.07449250 0.04830550 0.05075224 0.06626285 0.03777215 0.03833078 0.05075224 0.03829245 0.09325399 0.05075224 0.05075224 0.07655647 0.07487635 0.04136571 0.04379049 0.04045838 0.05075224 0.05457128 0.04931404 0.04301129 0.11902137 0.05781348 0.04652284 0.04192796 0.06472591 0.06580347 0.02368082 0.08968028 0.03740719 0.11408385 0.05648314 0.03517362 0.05776285 0.05280987 0.08207473 0.04870917 0.08103556 0.05285938 0.07534918 0.07098935 0.05106547 0.10715533 0.09784903 0.09434785 0.05801165 0.07576259 0.05075224 0.06797906 0.03532443 0.04856134 0.08032340 0.06035834 0.05256433 0.06139652 0.08289814 0.04563559 0.08201001 0.05640137 0.06795990 0.07405452 0.04412068 0.04567004 0.04479774 0.02443109 0.06749183 0.04458108 0.04395082 0.04750745 0.10077755 0.06043982 0.03776686 0.02455647 0.05673928 0.06247408 0.04409336 0.05158679 0.04523197 0.06895176 0.05837347 0.06743595 0.06883055 0.03006305 0.02993429 0.07148286 0.06288503 0.07701604 0.05837613 0.04746729 0.06863553 0.11860065 0.06790807 0.06161136 0.09225032 0.06384777 0.05359254 0.05659669 0.05306292 0.06380297 0.06242119 0.08749510 0.13620948 0.03918835 0.12071271 0.07504428 0.07129069 0.10847419 0.06224335 0.04907016 0.06795154 0.06011082 0.04257369 0.06874901 0.07778754 0.05345538 0.05599767 0.06965227 0.07027003 0.03210243 0.05692360 0.06417948 0.04892743 0.06218686 0.05536406 
0.13581281 0.07111038 0.06659773 0.04809318 0.11825867 0.00000000 0.11728618 0.09522794 0.07546044 0.08074573 0.21526086 0.06424033 0.08300896 0.07950751 0.06009805 0.07776224 0.06980124 0.03473554 0.08606175 0.09147498 0.06366207 0.01826470 0.09398409 0.04752413 0.05204856 0.05069345 0.03147936 0.05010276 0.06793978 0.02759704 0.02755449 0.04817880 0.04947827 0.06939899 0.04653709 0.04913413 0.08565246 0.07671833 0.05382421 0.08428059 0.06429275 0.07627705 0.04074506 0.06319926 0.05138817 0.07855208 0.06192739 0.08775832 0.04583193 0.03713455 0.04981411 0.04983418 0.05579983 0.08007430 0.03860265 0.05790043 0.05010276 0.06737432 0.04124280 0.03628651 0.05010276 0.03972149 0.04314712 0.05010276 0.05010276 0.04996879 0.03005242 0.04828173 0.02701809 0.03941900 0.05010276 0.04567438 0.05157432 0.06008837 0.06148605 0.07871012 0.05973975 0.02882777 0.07960761 0.09523170 0.05284596 0.08149301 0.06983033 0.05817615 0.05416791 0.04470135 0.03601216 0.05401988 0.06973109 0.02250396 0.06082925 0.06893177 0.06827519 0.05139116 0.05342928 0.04866608 0.08955920 0.10310303 0.05387588 0.08998501 0.05010276 0.04878469 0.04689470 0.05160408 0.04273478 0.07353462 0.05311843 0.02707267 0.07165908 0.03628625 0.06255395 0.06805122 0.04951038 0.07265645 0.08917284 0.05120595 0.04304482 0.08634254 0.09322419 0.03968923 0.04572860 0.05162936 0.04977971 0.07329716 0.04831284 0.02665560 0.07208323 0.06340301 0.05287847 0.04509485 0.03861599 0.08275882 0.17276042 0.11609085 0.04509271 0.04891329 0.04519039 0.02539451 0.07352682 0.10867081 0.06311231 0.04165007 0.04386641 0.04791463 0.02165982 0.06879765 0.09487820 0.04615750 0.10234874 0.02934868 0.07527553 0.06206431 0.08142319 0.08117780 0.09501875 0.06937328 0.12549681 0.06402967 0.12541789 0.03313618 0.05942465 0.04522226 0.04277406 0.05482943 0.04815586 0.03858968 0.04344559 0.09625309 0.08974743 0.09328510 0.04918748 0.09037675 0.07296739 0.07778781 0.08427711 0.07825517 0.07019633 
0.08927202 0.07711375 0.11230334 0.07677443 0.04888549 0.11728618 0.00000000 0.09549881 0.09129980 0.11237626 0.12694200 0.09334273 0.07893927 0.06214696 0.07059714 0.04153394 0.07120192 0.07630387 0.09933041 0.07532081 0.13429327 0.07605852 0.06767904 0.08623230 0.05134291 0.05210184 0.05774952 0.05212371 0.04329023 0.06437881 0.07725700 0.06601015 0.05780078 0.04625599 0.03939590 0.05128700 0.04037673 0.04873898 0.07643390 0.06029706 0.04344781 0.04872036 0.05907099 0.09486851 0.05644098 0.07630702 0.08169830 0.06565315 0.09506021 0.09403804 0.09953215 0.05592694 0.05107984 0.02218449 0.02675377 0.07645732 0.05212371 0.05550194 0.03883713 0.05349261 0.05212371 0.05201820 0.03575670 0.05212371 0.05212371 0.02969751 0.04387507 0.05308620 0.03815403 0.05109043 0.05212371 0.04360450 0.04688446 0.03651681 0.09589152 0.03683307 0.05481376 0.03570075 0.06781098 0.07031516 0.02701791 0.05922820 0.08110267 0.06600145 0.12337161 0.06298056 0.03865288 0.06372502 0.07355167 0.03657791 0.07353260 0.08074550 0.10663039 0.06075708 0.06119093 0.05310740 0.03968288 0.03416901 0.07397997 0.06881430 0.05212371 0.07276359 0.04889573 0.04201300 0.04070521 0.09193966 0.04558547 0.05540269 0.04221474 0.04910329 0.06281503 0.05677447 0.06853186 0.04474180 0.08842768 0.05937285 0.07052757 0.02640280 0.05429032 0.05581154 0.04904408 0.05617645 0.11379076 0.01992550 0.05144201 0.09422192 0.08488557 0.08537181 0.03107607 0.09184406 0.11993486 0.05391947 0.09661138 0.05106163 0.05753479 0.04304081 0.04072364 0.04286183 0.05708280 0.08374145 0.07056519 0.04685244 0.06157869 0.04046108 0.04413588 0.08518934 0.04356627 0.07068235 0.05073464 0.06215564 0.06983596 0.06523386 0.08830355 0.06736091 0.03644720 0.04087274 0.06926601 0.04516065 0.07679418 0.07684201 0.06055447 0.05732370 0.06713275 0.05701660 0.07535517 0.03694100 0.09456459 0.04366469 0.07427262 0.09470209 0.03834874 0.04552806 0.06842346 0.05751488 0.05622910 0.05453225 0.06967623 
0.08707669 0.07395706 0.05024503 0.09031095 0.03888339 0.09522794 0.09549881 0.00000000 0.07570565 0.06540442 0.07702689 0.10970816 0.08414218 0.08152061 0.05326864 0.10998383 0.06902316 0.09520904 0.04214580 0.05664145 0.05864376 0.04164475 0.06906209 0.05567167 0.06132275 0.05422158 0.05988599 0.05455057 0.06405839 0.06544017 0.04380358 0.06868402 0.07654021 0.04940020 0.05292246 0.02922964 0.02009843 0.04601218 0.06839625 0.04977138 0.06649427 0.07102527 0.07263264 0.06431778 0.05535628 0.04643337 0.04907648 0.03918452 0.06870119 0.08154039 0.05699289 0.08078701 0.05267500 0.05833144 0.07274370 0.04582467 0.05455057 0.05220437 0.05383026 0.05545378 0.05455057 0.06349378 0.06595083 0.05455057 0.05455057 0.08480221 0.08253144 0.04788271 0.05646933 0.05393614 0.05455057 0.05043265 0.05162965 0.05560739 0.06008829 0.06030402 0.06524046 0.05311632 0.05748607 0.06042330 0.04174691 0.05850272 0.06807602 0.07266248 0.07679067 0.03888107 0.07087308 0.08237436 0.05522396 0.04515169 0.06050464 0.05628188 0.06265463 0.07173981 0.06668235 0.08752651 0.04477807 0.03845480 0.07027646 0.07189367 0.05455057 0.05136736 0.05841692 0.05795486 0.05148806 0.05014804 0.05573829 0.07713721 0.06690964 0.04941148 0.04042587 0.07216379 0.06913246 0.09574490 0.05839382 0.06880452 0.05367627 0.02833938 0.02068008 0.05752325 0.04882719 0.05628440 0.06393266 0.06551863 0.04404955 0.04439884 0.04369264 0.07057114 0.05612384 0.04611996 0.06900058 0.05701881 0.04456456 0.04630477 0.07184160 0.06710799 0.05951055 0.04797238 0.04306125 0.06196770 0.08186015 0.05679626 0.08438778 0.08229571 0.05755473 0.05859985 0.06917343 0.06122107 0.04944509 0.08548955 0.04300365 0.12713530 0.09314165 0.07869200 0.03507891 0.04690020 0.05980290 0.03628779 0.08679306 0.06861910 0.04502784 0.09286898 0.04985487 0.04039341 0.04859711 0.13021179 0.07267844 0.10089177 0.09410743 0.09898093 0.08613929 0.09135931 0.10114157 0.02620530 0.07279621 0.10053870 0.06384622 
0.06020895 0.05671243 0.06315443 0.05309741 0.06291428 0.07546044 0.09129980 0.07570565 0.00000000 0.07679344 0.03231090 0.13235702 0.06766900 0.06593474 0.07740866 0.07559795 0.07029026 0.09586231 0.15698586 0.04661247 0.04899735 0.04806935 0.08385957 0.06285491 0.04404297 0.05347431 0.05579851 0.05330576 0.03871580 0.05445263 0.08589172 0.04850558 0.05696980 0.07250579 0.05079465 0.02713198 0.05919344 0.02175725 0.06144620 0.05557700 0.05120552 0.07075344 0.09343207 0.05923487 0.05569777 0.07392967 0.09420369 0.05148075 0.08590539 0.07937820 0.08131980 0.05319820 0.08107108 0.09657955 0.06116326 0.10673312 0.05330576 0.07133341 0.06468755 0.05313816 0.05330576 0.06211171 0.04222171 0.05330576 0.05330576 0.04312028 0.03456773 0.07022874 0.06084143 0.05767082 0.05330576 0.06341436 0.06690565 0.03708994 0.04959197 0.09325962 0.03840259 0.05259316 0.07349447 0.07331690 0.04406427 0.05119365 0.05784956 0.04698867 0.07819570 0.07509163 0.06406015 0.08266676 0.06078171 0.05654500 0.05768750 0.05829065 0.09155370 0.03873651 0.07178725 0.03944652 0.02924599 0.08663999 0.05285132 0.06738416 0.05330576 0.04758164 0.05961350 0.05622739 0.04508493 0.03840672 0.05465183 0.05460678 0.07111008 0.05863283 0.05674623 0.09328119 0.04991132 0.04814913 0.06633695 0.06445727 0.09170762 0.06196044 0.05976711 0.06602876 0.07150269 0.06542362 0.04469527 0.06745058 0.06911590 0.04302689 0.02946789 0.12573983 0.05014645 0.08722723 0.08404985 0.04534937 0.06748390 0.05538436 0.04580461 0.06303395 0.05779483 0.12518738 0.08582995 0.08373642 0.05207495 0.05468867 0.03237879 0.03960107 0.04646956 0.04222948 0.04038326 0.04697975 0.07629260 0.05718807 0.03747018 0.02735636 0.07074659 0.05497139 0.04825344 0.05262585 0.07447592 0.05291871 0.06840917 0.08390496 0.06360353 0.05261940 0.04606663 0.06754945 0.10897361 0.04166439 0.04373286 0.09657229 0.07014585 0.08994615 0.06844080 0.09938064 0.09184778 0.05615314 0.05065533 0.05309999 0.07138186 
0.07776522 0.04348697 0.08958861 0.08602427 0.04777455 0.08074573 0.11237626 0.06540442 0.07679344 0.00000000 0.08730560 0.09648854 0.15723802 0.06381089 0.11294749 0.07083987 0.11001931 0.05673246 0.09364025 0.09088965 0.08683166 0.06169533 0.05614454 0.10062131 0.04432392 0.05786606 0.03739761 0.05797534 0.11759846 0.08717069 0.05827019 0.04894746 0.07114734 0.02762883 0.05480355 0.08037636 0.04248680 0.07509283 0.09427522 0.08061724 0.07175760 0.04689762 0.03506594 0.08594997 0.07341840 0.01971017 0.09701076 0.04312760 0.05780111 0.05143986 0.02027810 0.04425196 0.06224120 0.07122286 0.06717552 0.07975257 0.05797534 0.05392445 0.04747643 0.05443249 0.05797534 0.05234708 0.03543713 0.05797534 0.05797534 0.07787013 0.10259080 0.04614454 0.05408890 0.06230046 0.05797534 0.07098797 0.06272981 0.03516021 0.04978628 0.04074728 0.03949127 0.04537956 0.05475116 0.03762199 0.04206038 0.03441086 0.04131007 0.09711538 0.03849172 0.07401440 0.02088403 0.06344874 0.04498005 0.07708705 0.06850707 0.08229928 0.08463830 0.03950430 0.05147869 0.09267446 0.03324279 0.02432158 0.08626003 0.03256241 0.05797534 0.08139956 0.07602341 0.04904922 0.06499404 0.03442855 0.05935751 0.11395437 0.09616841 0.03879183 0.06340017 0.08903897 0.04687410 0.04137598 0.07862407 0.05951120 0.09265539 0.03414361 0.06714317 0.04659646 0.05792158 0.07013764 0.05798085 0.05302863 0.05629477 0.04630040 0.06555470 0.03872720 0.07796682 0.04597777 0.06421438 0.09712037 0.07045076 0.07747309 0.05182782 0.06963769 0.08123887 0.07827313 0.05051022 0.07995008 0.06248558 0.05127519 0.03214671 0.04320414 0.08309954 0.05931700 0.08379387 0.05481450 0.05805229 0.08333473 0.06102432 0.05233849 0.03877963 0.06726505 0.02032233 0.03179634 0.09053933 0.04531356 0.05111391 0.09011934 0.03553641 0.09984434 0.04475758 0.05327259 0.01228440 0.02652022 0.05380264 0.03705224 0.05429031 0.06915052 0.07438305 0.09231423 0.06621003 0.07137474 0.05456361 0.06593796 0.07792890 
0.06123178 0.04669603 0.05245190 0.09836397 0.04988155 0.21526086 0.12694200 0.07702689 0.03231090 0.08730560 0.00000000 0.09345018 0.09175135 0.08187359 0.07753648 0.07647169 0.05664691 0.05659864 0.07862106 0.11897856 0.03138277 0.07936792 0.07387853 0.04548454 0.06918053 0.05851187 0.04667632 0.05865738 0.03120587 0.05194358 0.03896868 0.04502915 0.03806241 0.03853799 0.05626351 0.04822838 0.10656821 0.03635918 0.07106432 0.07299957 0.05695365 0.05521279 0.07536815 0.08133756 0.05734467 0.04400424 0.09312439 0.09202527 0.06248997 0.07212019 0.03668656 0.06909827 0.06593826 0.04709564 0.04499511 0.06843982 0.05865738 0.05392934 0.04717784 0.05743483 0.05865738 0.05409597 0.09512738 0.05865738 0.05865738 0.03658225 0.02696828 0.04727663 0.04633032 0.03607004 0.05865738 0.03930709 0.05234519 0.07321068 0.05225115 0.07472767 0.07050744 0.05994919 0.05801841 0.05143620 0.02915531 0.08309032 0.07387668 0.04101648 0.05266839 0.07541528 0.07607238 0.07802244 0.04519262 0.05856369 0.07670712 0.07874426 0.07675306 0.06670610 0.04972960 0.03972532 0.10083251 0.09289148 0.03662712 0.06431962 0.05865738 0.06428525 0.05307229 0.05803326 0.01915776 0.07642347 0.06601024 0.03093351 0.11854360 0.05278213 0.05897052 0.04486105 0.07169872 0.09025844 0.05253831 0.09701724 0.05312386 0.07861568 0.05467434 0.06021304 0.05317355 0.05880456 0.06062335 0.04469309 0.03179854 0.07255761 0.04981413 0.06237721 0.06944076 0.04121491 0.04713412 0.05470700 0.22873567 0.04540256 0.05839790 0.04805799 0.06035383 0.02912076 0.03383423 0.04869497 0.03995917 0.06705009 0.04464817 0.03420490 0.04282629 0.04560667 0.04310629 0.06445561 0.05239563 0.03199059 0.06361273 0.08831518 0.08054351 0.04663597 0.05818043 0.07145961 0.05804657 0.05716989 0.12720279 0.04640309 0.05570565 0.09529217 0.08223442 0.03748712 0.04410134 0.09611821 0.06092384 0.04653873 0.05580526 0.07449866 0.10691477 0.07622620 0.07663830 0.05862538 0.05674397 0.04415126 0.07400955 
0.03166782 0.04989905 0.05594049 0.09218928 0.06564611 0.06424033 0.09334273 0.10970816 0.13235702 0.09648854 0.09345018 0.00000000 0.05451632 0.05587225 0.03879090 0.08548155 0.10457311 0.09398756 0.05993448 0.06746759 0.06659730 0.06236161 0.06613071 0.06119393 0.05233268 0.05785806 0.04117542 0.05825960 0.02775592 0.05627206 0.04882323 0.05636969 0.04915194 0.07618429 0.04120861 0.05754636 0.03915346 0.03702325 0.05895884 0.04942036 0.05750240 0.05687534 0.05381784 0.08094893 0.04848175 0.07707739 0.08280532 0.12297258 0.04045220 0.09149276 0.06284570 0.05997498 0.03212463 0.08007438 0.07634310 0.03403810 0.05825960 0.07503053 0.05689710 0.04481221 0.05825960 0.06261252 0.04624810 0.05825960 0.05825960 0.06904231 0.05289326 0.07863977 0.06252792 0.05184203 0.05825960 0.05080362 0.07698786 0.03356318 0.06244733 0.05640869 0.07027187 0.05158236 0.02961915 0.04012707 0.05956690 0.04135580 0.07787466 0.07587371 0.05527092 0.02408175 0.06473188 0.04705416 0.07001714 0.05527373 0.09796709 0.11484889 0.07937798 0.06874407 0.04804642 0.07018735 0.06094789 0.10409088 0.04447379 0.09626243 0.05825960 0.05229556 0.07551899 0.05015106 0.07515014 0.04714634 0.06326400 0.04774742 0.04600150 0.06304032 0.05494133 0.07475941 0.07659349 0.07856589 0.03862472 0.04042739 0.06285197 0.04272890 0.05699331 0.06099259 0.06111081 0.05310139 0.04779463 0.09133340 0.06446580 0.07620238 0.07031509 0.04156626 0.03802589 0.06826022 0.02926151 0.06104503 0.07136843 0.06152551 0.08184874 0.05414527 0.06323390 0.06195813 0.06196540 0.04586173 0.04600636 0.05916662 0.07078391 0.07909109 0.05382563 0.04494562 0.06979477 0.06279536 0.05738466 0.04508184 0.04505819 0.09821621 0.07176146 0.07421093 0.05221846 0.04425387 0.04645484 0.02857446 0.07849022 0.05593582 0.03789691 0.05529565 0.04873268 0.05998960 0.07149602 0.08650696 0.08098594 0.05878997 0.07763641 0.05106409 0.05954081 0.06323402 0.11890250 0.12762912 0.07953818 0.07888188 0.07401837 
0.08598879 0.06394505 0.07921596 0.08362348 0.05363431 0.08300896 0.07893927 0.08414218 0.06766900 0.15723802 0.09175135 0.05451632 0.00000000 0.08229987 0.07653329 0.08353802 0.14876681 0.05260706 0.07820684 0.04169936 0.05274706 0.05319016 0.08220294 0.08593426 0.03969660 0.04953737 0.02857110 0.04863912 0.05772791 0.04454289 0.04066183 0.04250838 0.07892937 0.04297014 0.04282711 0.08043757 0.09173286 0.09702488 0.10017131 0.05894678 0.06494514 0.07928054 0.06605489 0.08484568 0.05936173 0.08366116 0.06677641 0.07171132 0.06272762 0.03874769 0.07332653 0.05537037 0.07590267 0.11230053 0.05816438 0.07710640 0.04863912 0.05252656 0.04013427 0.03675212 0.04863912 0.05132367 0.06040684 0.04863912 0.04863912 0.04882671 0.04630294 0.05852814 0.03835849 0.03401139 0.04863912 0.04229045 0.05942147 0.05381339 0.08035418 0.04712203 0.06039564 0.05295160 0.03644730 0.07628975 0.08010652 0.07775240 0.09313456 0.05626540 0.07192761 0.06553078 0.08943522 0.05429700 0.06794204 0.09386582 0.06575211 0.07029244 0.11609421 0.05234138 0.05724620 0.05613851 0.05737908 0.04254475 0.07172973 0.05878305 0.04863912 0.05786862 0.04205486 0.04363998 0.07082770 0.03950804 0.03951370 0.05144333 0.03950828 0.03985398 0.12595939 0.08259517 0.05595222 0.06454461 0.04226493 0.05832032 0.04244586 0.06865568 0.05982782 0.04807342 0.04152867 0.04937272 0.06954195 0.04213920 0.08330853 0.05959387 0.09674233 0.06856728 0.04645619 0.05522091 0.07845121 0.06430542 0.06511537 0.03233091 0.07105225 0.03355009 0.03407327 0.03668392 0.06004171 0.06725382 0.03456453 0.03821997 0.08364904 0.04398107 0.05364091 0.09652679 0.07278930 0.05164975 0.08052374 0.04684407 0.04692797 0.07090091 0.08673409 0.05735973 0.03294155 0.04046023 0.09308201 0.03357715 0.06384999 0.07357279 0.05438560 0.06401329 0.08786845 0.04561258 0.06762498 0.07575315 0.07108292 0.09093538 0.06293065 0.04851930 0.06302094 0.09690269 0.06515758 0.07086132 0.08531824 0.06711471 0.06048918 
0.08717710 0.08895942 0.06046046 0.07209940 0.03308734 0.07950751 0.06214696 0.08152061 0.06593474 0.06381089 0.08187359 0.05587225 0.08229987 0.00000000 0.04741709 0.11419585 0.09823051 0.04891417 0.09315437 0.02636189 0.05292287 0.02269520 0.04891790 0.05076823 0.06476231 0.05266541 0.05302331 0.05206983 0.05842407 0.04126092 0.06320163 0.06926115 0.04507587 0.05942700 0.04693220 0.07704489 0.10482011 0.05068778 0.07814416 0.05920030 0.09126358 0.07064535 0.08251742 0.06481476 0.05132461 0.03787459 0.08704834 0.10145975 0.06483225 0.05971196 0.05329203 0.05399085 0.04896214 0.07103188 0.07605073 0.07033845 0.05206983 0.05739089 0.04556371 0.05554392 0.05206983 0.05245488 0.02575476 0.05206983 0.05206983 0.07487210 0.05455734 0.06326112 0.04291840 0.04063095 0.05206983 0.03712544 0.05928334 0.05602175 0.09111699 0.04013126 0.04727914 0.05649480 0.05978464 0.06469132 0.07065681 0.05290197 0.12302847 0.07890569 0.08239215 0.09437961 0.05990989 0.05597920 0.04041206 0.04448289 0.08365565 0.04393186 0.04871623 0.04928485 0.05270160 0.03663749 0.06706054 0.05118584 0.05192111 0.07588386 0.05206983 0.07087732 0.05613669 0.04878999 0.03365560 0.07688483 0.04973854 0.05665899 0.04894473 0.04442035 0.05603588 0.08715107 0.04907880 0.07816488 0.04115216 0.09402909 0.05586854 0.05562022 0.07291965 0.05610339 0.04857007 0.05798478 0.03454244 0.06250290 0.03698639 0.07676471 0.02431353 0.02207804 0.11123973 0.09884997 0.12344914 0.08369129 0.08925533 0.05422845 0.02272861 0.04486851 0.05130427 0.11165419 0.08759082 0.03822116 0.06983729 0.05189955 0.11245148 0.09712235 0.05893383 0.06445216 0.07252966 0.06026617 0.03955161 0.06152612 0.06040887 0.09498259 0.07326392 0.06898103 0.06155788 0.04616025 0.05103671 0.03173665 0.05926993 0.04019339 0.05919218 0.08322501 0.08252732 0.07345912 0.11780316 0.06338215 0.06478625 0.03804247 0.06664587 0.04974454 0.08009312 0.08717962 0.07791857 0.07571922 0.08814572 0.08023733 0.07239420 
0.07097252 0.07854630 0.09345643 0.10783831 0.06854349 0.06009805 0.07059714 0.05326864 0.07740866 0.11294749 0.07753648 0.03879090 0.07653329 0.04741709 0.00000000 0.04213747 0.08801459 0.10171771 0.05893535 0.03418448 0.11808976 0.06084256 0.09642660 0.03036139 0.04752719 0.06360467 0.04985814 0.06301401 0.02302033 0.06587666 0.07237197 0.06269452 0.03778392 0.08009796 0.04609318 0.04261310 0.06986848 0.05903004 0.05416157 0.05659487 0.14020807 0.06215536 0.03490670 0.04655370 0.07379190 0.06705026 0.05815867 0.08119280 0.04986404 0.10160034 0.04864246 0.05495935 0.05736916 0.04204043 0.05137080 0.04586736 0.06301401 0.05557649 0.05220558 0.06377564 0.06301401 0.05310911 0.04058838 0.06301401 0.06301401 0.05210044 0.06214165 0.06158934 0.07369175 0.08069440 0.06301401 0.08697044 0.04780541 0.04542789 0.03861663 0.04002411 0.07028163 0.04545904 0.05866847 0.06867732 0.08453334 0.08086250 0.03631862 0.04457812 0.03741107 0.06983861 0.06585210 0.04998562 0.07483036 0.10051158 0.08032332 0.06391208 0.03929547 0.07353524 0.04870464 0.18211382 0.07279151 0.09991348 0.06683215 0.07053902 0.06301401 0.05618578 0.05012673 0.04999105 0.04738743 0.05431162 0.04723520 0.07463707 0.05704992 0.04735802 0.05386932 0.05035946 0.08593544 0.04995696 0.04513191 0.06498375 0.05210296 0.04901496 0.07530306 0.06537925 0.05787522 0.07593055 0.11376182 0.06158019 0.04545949 0.11223575 0.05532545 0.03690336 0.05164567 0.04601530 0.03721752 0.06274724 0.06240910 0.05068523 0.05708530 0.06608104 0.06780731 0.05391776 0.06380016 0.04916400 0.05064475 0.04543451 0.10113985 0.06034335 0.05432738 0.06379963 0.05296446 0.05421806 0.05046227 0.05726271 0.06306388 0.06215724 0.07771684 0.07615849 0.06204669 0.04415918 0.08098425 0.04443660 0.04196417 0.05812381 0.05478637 0.04585305 0.05275528 0.09299629 0.07522747 0.05770472 0.05453260 0.04764910 0.07026183 0.05130805 0.08250101 0.06163257 0.04066846 0.06263894 0.06311200 0.05898950 0.06834117 
0.08014244 0.09118674 0.07095955 0.08431929 0.08162297 0.07776224 0.04153394 0.10998383 0.07559795 0.07083987 0.07647169 0.08548155 0.08353802 0.11419585 0.04213747 0.00000000 0.15161334 0.06426357 0.06931793 0.07434673 0.04698815 0.04345644 0.03918535 0.09622407 0.04377002 0.04799740 0.04943513 0.04759377 0.03353656 0.04823752 0.04883192 0.05628867 0.07415694 0.08492594 0.04329294 0.06413282 0.07077990 0.07088164 0.07190961 0.04951503 0.08730816 0.04426909 0.04408373 0.08085881 0.05259651 0.07410260 0.07438673 0.13699005 0.06038702 0.07343502 0.07228384 0.04250092 0.04631237 0.01742876 0.06062256 0.06294947 0.04759377 0.04681036 0.03898470 0.04036154 0.04759377 0.05138393 0.05911639 0.04759377 0.04759377 0.05941396 0.06046274 0.05396748 0.05171864 0.04266065 0.04759377 0.05041427 0.04699772 0.04004413 0.08738971 0.06191565 0.02896197 0.04151494 0.05180369 0.08889779 0.09389013 0.08452869 0.08563115 0.08455007 0.07915174 0.06548415 0.07108371 0.05658490 0.09271147 0.08487367 0.06605535 0.05473806 0.05891947 0.05485317 0.07033068 0.06769933 0.08818813 0.11401390 0.08658190 0.05571334 0.04759377 0.05671706 0.04484097 0.04783984 0.05503233 0.07373717 0.05639630 0.05998909 0.05625743 0.04972034 0.06375128 0.05770808 0.05475548 0.04338475 0.06527780 0.06766845 0.04606372 0.05956641 0.07250921 0.04231106 0.04496195 0.05587826 0.04248281 0.06365153 0.05551216 0.04152043 0.05811706 0.05675647 0.06395147 0.06112805 0.09511939 0.06719083 0.09442395 0.07133462 0.06854459 0.03309867 0.03742684 0.01397886 0.06380664 0.06738144 0.04419545 0.04670242 0.11300244 0.06938467 0.05597577 0.04841084 0.08101876 0.05434748 0.03970437 0.06471684 0.06362711 0.03983752 0.08486229 0.04702898 0.07411916 0.07750391 0.08253112 0.03007187 0.06707267 0.05832154 0.03841910 0.06692517 0.04250912 0.09877922 0.05475268 0.06006973 0.04998456 0.08953502 0.07186881 0.07973650 0.03482466 0.08051845 0.06836256 0.09312666 0.08803933 0.09909688 0.07034982 
0.04131631 0.12131985 0.05106563 0.08110642 0.03651082 0.06980124 0.07120192 0.06902316 0.07029026 0.11001931 0.05664691 0.10457311 0.14876681 0.09823051 0.08801459 0.15161334 0.00000000 0.05376104 0.05411331 0.07289174 0.05293229 0.06742629 0.04931241 0.05855685 0.06531569 0.04942042 0.03949898 0.04935656 0.06368726 0.04823212 0.06237171 0.04468819 0.05187659 0.05486914 0.04184028 0.05581304 0.07807289 0.02036357 0.02789637 0.04592622 0.10124868 0.09501046 0.08879514 0.07151390 0.07060379 0.08087034 0.04282326 0.05425363 0.07301205 0.13253588 0.07743637 0.06822229 0.05646077 0.05266911 0.05558712 0.08189178 0.04935656 0.05016504 0.04186733 0.04313311 0.04935656 0.04919654 0.02059213 0.04935656 0.04935656 0.03684501 0.04674900 0.05082070 0.05488805 0.04965859 0.04935656 0.04433481 0.04443353 0.04561053 0.05040143 0.06816013 0.05339243 0.04580043 0.05008738 0.06413129 0.09610865 0.07918383 0.12257186 0.06679678 0.10373213 0.06104000 0.06057379 0.05910737 0.06248465 0.07816353 0.08959987 0.06863939 0.08896835 0.04693221 0.04733057 0.06487282 0.07886037 0.07839434 0.08140102 0.06061291 0.04935656 0.06248858 0.03007123 0.03954985 0.06930817 0.05493730 0.04071943 0.05098661 0.04233671 0.04095661 0.10262256 0.06782804 0.07414802 0.04992372 0.02866340 0.05390358 0.03225954 0.08050597 0.06364489 0.03952348 0.04562539 0.06439381 0.07853838 0.09272418 0.05332392 0.05087351 0.10283490 0.07730037 0.06499030 0.07329201 0.09464160 0.03858719 0.08052306 0.05919486 0.04941342 0.04333377 0.04192664 0.05615418 0.05102695 0.06236676 0.05763295 0.03646201 0.08006558 0.05637792 0.05641384 0.06865516 0.04398353 0.05325952 0.03666764 0.05175786 0.04704851 0.05081258 0.04338690 0.07069282 0.07035819 0.09092936 0.09471511 0.03928532 0.04942840 0.05440020 0.03645549 0.06241198 0.05927425 0.06586697 0.05106723 0.05231474 0.06366820 0.09902775 0.06343842 0.07457733 0.07788132 0.07130851 0.05555885 0.12414531 0.10427424 0.07245327 0.06767979 
0.05376045 0.06624057 0.07006078 0.05424195 0.04206036 0.03473554 0.07630387 0.09520904 0.09586231 0.05673246 0.05659864 0.09398756 0.05260706 0.04891417 0.10171771 0.06426357 0.05376104 0.00000000 0.06074185 0.08224281 0.11017062 0.07205389 0.04489970 0.06379315 0.06547554 0.06619172 0.05599819 0.06495838 0.03865952 0.05076212 0.04824031 0.06320137 0.10913703 0.12253120 0.05675704 0.04109797 0.05934562 0.06272295 0.04149784 0.06059363 0.07012978 0.06669418 0.03849390 0.06509270 0.07943953 0.05792576 0.08304105 0.05498361 0.05796535 0.06297141 0.07952315 0.05915712 0.03918591 0.06457679 0.04570680 0.06465039 0.06495838 0.05790699 0.05958533 0.07892109 0.06495838 0.05681674 0.03669246 0.06495838 0.06495838 0.04847666 0.05642219 0.06639521 0.07595159 0.06930021 0.06495838 0.06665370 0.06403462 0.04706139 0.06237082 0.07170967 0.05743884 0.07221767 0.05484491 0.06555727 0.04544750 0.05268543 0.04067774 0.04997587 0.09514619 0.09514243 0.04651396 0.06666868 0.06611553 0.09785589 0.08380998 0.05455619 0.08412018 0.08647942 0.05317641 0.16463634 0.04389957 0.04640798 0.04914118 0.03956882 0.06495838 0.05959644 0.05257835 0.06733027 0.05276073 0.04160831 0.06246564 0.05832084 0.04817820 0.05869637 0.04521914 0.04367832 0.04584994 0.05102098 0.09998015 0.05676340 0.09353250 0.04908278 0.04471151 0.08474284 0.05870524 0.07692754 0.04215342 0.07801044 0.04782035 0.06723411 0.04170367 0.04462864 0.05441053 0.04114036 0.04585340 0.05503794 0.05386192 0.04250996 0.08712578 0.05207444 0.04726106 0.03015983 0.07041089 0.04831292 0.10458262 0.06316552 0.10566007 0.05289103 0.04561259 0.06602532 0.05122600 0.05866585 0.06131417 0.06106590 0.04841924 0.04279180 0.07592045 0.05926932 0.03421839 0.10263626 0.03724768 0.04986941 0.04889125 0.03662003 0.04139311 0.07979286 0.06187503 0.07640259 0.05856651 0.07883029 0.06734757 0.06041257 0.06699535 0.03655877 0.08002456 0.05174904 0.09172692 0.07274371 0.07032644 0.06242978 0.07588021 
0.08149413 0.07908016 0.06192679 0.08026442 0.06672841 0.08606175 0.09933041 0.04214580 0.15698586 0.09364025 0.07862106 0.05993448 0.07820684 0.09315437 0.05893535 0.06931793 0.05411331 0.06074185 0.00000000 0.12344640 0.05772745 0.06902643 0.02498880 0.03095483 0.07295848 0.05552268 0.07078856 0.05537848 0.02625605 0.03861450 0.03865152 0.04158925 0.04193091 0.04674200 0.04362357 0.05513477 0.06965058 0.08827665 0.09577401 0.06841052 0.05093119 0.10016850 0.06692352 0.08004496 0.05862501 0.07019954 0.08023352 0.06777774 0.05448108 0.08421427 0.09397026 0.06939468 0.10725116 0.04521701 0.01956195 0.06622106 0.05537848 0.06024320 0.04435977 0.03822610 0.05537848 0.05323201 0.03103531 0.05537848 0.05537848 0.03372323 0.06435276 0.05477057 0.03833119 0.03370079 0.05537848 0.04617511 0.05782608 0.05112883 0.05192587 0.02068819 0.06896843 0.04998835 0.08476795 0.07494190 0.05297283 0.06857014 0.06263243 0.08960356 0.06362559 0.08831489 0.07474470 0.05743471 0.05275835 0.08027365 0.06862069 0.09329126 0.09481252 0.08991833 0.07550217 0.05542257 0.05982555 0.06515351 0.06215601 0.09482779 0.05537848 0.07202458 0.04433117 0.05034346 0.06245631 0.07452720 0.05921616 0.02762801 0.08241514 0.05470492 0.10069409 0.04260550 0.05819699 0.09256700 0.08860558 0.04967812 0.04994779 0.04846585 0.05531965 0.04324448 0.05326096 0.06237478 0.05188006 0.06554119 0.04195655 0.08073726 0.05210417 0.08103495 0.07930315 0.06930062 0.06366429 0.08210028 0.08306874 0.05659211 0.06326293 0.04020074 0.04372006 0.05125553 0.07695151 0.03752893 0.06497878 0.05376038 0.09872618 0.07976809 0.06430964 0.07842618 0.07375285 0.05555896 0.04928178 0.03420422 0.04580143 0.05285615 0.06604494 0.03997093 0.07605168 0.05350777 0.04656372 0.06144116 0.04763947 0.03862392 0.06703878 0.05568745 0.05994242 0.06154726 0.06476319 0.03131686 0.05983231 0.05518671 0.06645032 0.03240464 0.04932567 0.05753240 0.10068081 0.08132184 0.08761959 0.07966447 0.06572904 
0.04360343 0.09796673 0.06427028 0.07379413 0.07537279 0.09147498 0.07532081 0.05664145 0.04661247 0.09088965 0.11897856 0.06746759 0.04169936 0.02636189 0.03418448 0.07434673 0.07289174 0.08224281 0.12344640 0.00000000 0.12141793 0.03744737 0.07278662 0.06300950 0.04126670 0.05616910 0.06184382 0.05560081 0.04743107 0.07124882 0.04245676 0.06277602 0.04523116 0.02583750 0.05273513 0.03085677 0.03904766 0.05388721 0.09169344 0.05224882 0.04363408 0.04438864 0.06594551 0.07680276 0.05336556 0.02207708 0.10914410 0.06715368 0.05343768 0.07981935 0.14988593 0.04829807 0.14466318 0.04652578 0.03674092 0.07432810 0.05560081 0.07360266 0.04807323 0.04857931 0.05560081 0.05341196 0.03083332 0.05560081 0.05560081 0.04206337 0.05498673 0.05443482 0.05007579 0.05712378 0.05560081 0.05473894 0.05775563 0.03985653 0.07104160 0.04688226 0.04889162 0.04388146 0.03923907 0.07050189 0.03570698 0.05365015 0.05605469 0.06296377 0.03886442 0.04811596 0.04513945 0.06821055 0.07400738 0.11859028 0.05788693 0.05157900 0.10174174 0.15590258 0.05268172 0.04701022 0.09210785 0.05280926 0.06357374 0.05344557 0.05560081 0.06342962 0.04566607 0.05380688 0.10678593 0.07384659 0.05066078 0.06674792 0.06815247 0.05835257 0.04764090 0.06493127 0.08102490 0.05217074 0.07024732 0.07467424 0.07558018 0.08208699 0.03601689 0.03877917 0.03871671 0.05256652 0.02883042 0.04781237 0.05773613 0.06785720 0.03230666 0.07095162 0.07448701 0.09067327 0.06014826 0.08257537 0.05593701 0.07793159 0.09129302 0.03120373 0.04061551 0.03143572 0.07481924 0.07810433 0.06111573 0.04607896 0.09031112 0.05621787 0.06982478 0.07286839 0.04601246 0.04454661 0.05971093 0.06369600 0.02931716 0.07999274 0.06682757 0.04113894 0.08326339 0.08272733 0.04359430 0.10267666 0.06790316 0.07811330 0.06853440 0.03815573 0.08403840 0.02368232 0.04505879 0.07253894 0.09802163 0.04820386 0.06005470 0.08241113 0.09883608 0.06457945 0.08085395 0.08309590 0.08064831 0.08690268 0.06742392 
