0.00000000 0.28577706 0.31136263 0.24055105 0.18219067 0.11799309 0.18828084 0.15072504 0.10704080 0.12788928 0.14089370 0.19156566 0.11751667 0.18563312 0.13025252 0.14463269 0.12076568 0.14650477 0.18882449 0.13704906 0.16965621 0.13651510 0.12928888 0.17660037 0.13551203 0.14987349 0.16724904 0.12319096 0.12868038 0.14277404 0.12439583 0.11996636 0.15208049 0.16516429 0.10987930 0.13805112 0.15559655 0.16178887 0.17865121 0.12797526 0.14688225 0.17399278 0.12901656 0.18201205 0.12171495 0.16958432 0.14198527 0.11786331 0.15261402 0.14574232 0.13535850 0.14143135 0.12927288 0.17055516 0.18146504 0.13801457 0.16005433 0.11683957 0.11918117 0.12194115 0.12981061 0.10614386 0.13347182 0.11673332 0.15921777 0.15186586 0.15345478 0.12394633 0.16881694 0.12533365 0.14217106 0.11551028 0.13190317 0.10273283 0.11607880 0.14627389 0.16615214 0.17479241 0.12240442 0.18203617 0.18184632 0.14659243 0.15304952 0.13205410 0.13507440 0.11812707 0.12709116 0.18450998 0.12923639 0.14266722 0.10001863 0.18065722 0.16741809 0.12132084 0.13712080 0.14662882 0.18224597 0.21187724 0.14500331 0.12366326 0.13228066 0.15975466 0.23426739 0.19324475 0.17228440 0.19822631 0.09994979 0.13331972 0.14168721 0.12988204 0.17153971 0.13641357 0.12110875 0.19889225 0.10093335 0.16429972 0.15610549 0.19274220 0.14806695 0.12357653 0.12898167 0.16538481 0.20582946 0.14372712 0.12751315 0.19121585 0.19107941 0.11492169 0.17761679 0.22005155 0.16499335 0.12211965 0.09955129 0.13172048 0.10884323 0.11631146 0.16686434 0.13387399 0.13785701 0.16719410 0.13447864 0.15630095 0.15444595 0.14852249 0.17751144 0.12227862 0.12938348 0.13853280 0.12432950 0.14338162 0.17780801 0.15330650 
0.28577706 0.00000000 0.30213873 0.23971771 0.24581579 0.18384949 0.18536188 0.19190656 0.16428588 0.11442393 0.15506638 0.14148371 0.12189607 0.14003448 0.12765787 0.12878428 0.13274000 0.10640312 0.08535925 0.13932595 0.16777140 0.14710057 0.14526128 0.14669333 0.13667799 0.18438288 0.14470610 0.08908734 0.14253488 0.10331844 0.14756804 0.12228870 0.13087455 0.08983836 0.15030761 0.15291493 0.11589657 0.13990268 0.15482217 0.12051875 0.09470753 0.13659847 0.25095677 0.11410374 0.15495416 0.17002651 0.17183464 0.15555140 0.11776589 0.13181757 0.09195441 0.13802330 0.18399113 0.14298770 0.15670487 0.13299904 0.13024109 0.12237502 0.08145825 0.11297734 0.14828044 0.13632211 0.15446560 0.17276525 0.18401115 0.11297424 0.13857772 0.14280319 0.14869558 0.08684526 0.14210478 0.13383298 0.12247954 0.14851913 0.16233043 0.11633073 0.11657358 0.11467256 0.18211004 0.14699240 0.21428725 0.22222622 0.14507107 0.15080310 0.17560641 0.22431664 0.10291633 0.19328974 0.19859589 0.15773334 0.23156807 0.15809457 0.19486547 0.19927559 0.14531108 0.11353779 0.28872502 0.10545957 0.16949509 0.16208150 0.22413675 0.17904210 0.26031265 0.21497982 0.14394981 0.25110167 0.12748480 0.12640597 0.11552812 0.15876072 0.13960367 0.13892736 0.14054739 0.17983363 0.14814186 0.14938124 0.14258152 0.14460868 0.14416668 0.15938871 0.10132704 0.12113652 0.11220143 0.12543794 0.10227088 0.22825881 0.17022665 0.12055767 0.15557554 0.16843827 0.18451494 0.13295876 0.12918082 0.11404852 0.15551063 0.12883031 0.09401604 0.12316778 0.15809793 0.16259872 0.13750623 0.13097262 0.14725678 0.14097754 0.13566794 0.15495348 0.10481930 0.14695143 0.14916271 0.12305774 0.11341420 0.12897899 
0.31136263 0.30213873 0.00000000 0.24085556 0.13464378 0.15319475 0.24801856 0.18098897 0.15537430 0.14293476 0.22155315 0.18311390 0.21736974 0.13634364 0.07899067 0.12881027 0.14646941 0.07849523 0.23318704 0.17000474 0.14980025 0.10119989 0.13296295 0.13481046 0.13947681 0.08926033 0.12851547 0.14987893 0.14732740 0.12572817 0.12612170 0.15034226 0.18605377 0.16941383 0.10264690 0.10614914 0.14302122 0.16617938 0.17252853 0.13341394 0.19147962 0.16972623 0.08458807 0.11227312 0.10622222 0.10561909 0.11254677 0.17353515 0.07929786 0.12246371 0.16795557 0.17158228 0.20136272 0.11334957 0.13329668 0.07664102 0.18143426 0.13466210 0.16184583 0.21305478 0.13140051 0.12740261 0.18260460 0.11863415 0.13951424 0.10849485 0.11196874 0.19370808 0.19177798 0.18400008 0.12352614 0.15058423 0.06309508 0.19690237 0.14610782 0.14272574 0.12616818 0.11825545 0.15994231 0.14770131 0.16472306 0.15353968 0.17871928 0.11318406 0.09725234 0.14078037 0.15249563 0.10860068 0.12186687 0.20035125 0.17356709 0.21839682 0.13080383 0.14049050 0.13157913 0.21659732 0.13639011 0.24089396 0.17877127 0.20727604 0.20740402 0.18401913 0.26669874 0.11374825 0.12071439 0.13763806 0.19040675 0.15079241 0.16082383 0.16812378 0.15120576 0.15660085 0.15004620 0.17617141 0.13096870 0.12084440 0.17331195 0.11899639 0.10192722 0.09794695 0.16919333 0.14380538 0.15665208 0.17062249 0.23954572 0.10038225 0.15490954 0.15375908 0.15886791 0.10540533 0.19551965 0.09346612 0.12749333 0.17324918 0.15343521 0.16444343 0.17005082 0.13763415 0.13832496 0.17188642 0.29685116 0.10298953 0.12869927 0.18972958 0.11572420 0.08787288 0.06622028 0.05592123 0.15689031 0.09971071 0.07479434 0.17502260 
0.24055105 0.23971771 0.24085556 0.00000000 0.31495493 0.25144392 0.17152051 0.34743507 0.16857166 0.19401935 0.16343812 0.16722446 0.21169920 0.21708711 0.11896247 0.36884842 0.17330297 0.22263541 0.15658602 0.10149378 0.15100781 0.15864856 0.14304348 0.19163389 0.10618248 0.12534211 0.11744811 0.14221488 0.11724822 0.12779489 0.09660151 0.17786031 0.09493180 0.10885213 0.16156055 0.16809584 0.14046429 0.13678874 0.10755027 0.09042202 0.18148846 0.07027090 0.14880530 0.14801785 0.18213766 0.15326133 0.16860250 0.15239143 0.13960921 0.17530797 0.18577788 0.13260570 0.09249015 0.24806011 0.13686527 0.15655619 0.10528748 0.11474541 0.12998378 0.15052485 0.11383965 0.12867552 0.19093704 0.16255033 0.09873967 0.12631323 0.20294491 0.17167905 0.13478464 0.11220577 0.19445935 0.13352289 0.16765029 0.14393351 0.17131701 0.15377066 0.14695010 0.11875636 0.10169260 0.14458842 0.12720207 0.11060500 0.14114710 0.18214585 0.08926012 0.15207142 0.18037517 0.13431123 0.09488754 0.14509281 0.18831412 0.13307418 0.14993743 0.16213455 0.12384060 0.12221109 0.14775779 0.18259728 0.21317404 0.17417564 0.16516145 0.13877664 0.10456071 0.13880624 0.15572501 0.15776055 0.07632626 0.13907198 0.21020690 0.16239141 0.12079958 0.10569885 0.17771078 0.12282309 0.13656334 0.09645648 0.09929276 0.13465255 0.09043498 0.20318238 0.12597673 0.13781354 0.18414919 0.15153608 0.16070669 0.24846872 0.08297907 0.18768143 0.22043057 0.10978411 0.21861972 0.12054986 0.18412701 0.11103635 0.16793925 0.18069798 0.14508203 0.11562225 0.17986088 0.14603319 0.16777763 0.16164370 0.19126880 0.11362100 0.15040288 0.16981238 0.07332805 0.13024556 0.10768026 0.09670556 0.11039709 0.14039437 
0.18219067 0.24581579 0.13464378 0.31495493 0.00000000 0.22489426 0.22565638 0.39891709 0.51504592 0.22890008 0.22494023 0.16665829 0.27118484 0.11778676 0.16081106 0.13418218 0.10704207 0.21431105 0.16103138 0.17682998 0.14384554 0.14360948 0.15104026 0.12068555 0.08830112 0.21300047 0.06288170 0.09072704 0.14659582 0.13846908 0.11646214 0.17162264 0.10923491 0.16325411 0.14923077 0.10910693 0.14157545 0.11415342 0.12773026 0.08130136 0.07414450 0.10242449 0.18398230 0.12487003 0.09080133 0.11850641 0.22712208 0.25649176 0.16712280 0.06022240 0.17522781 0.17419034 0.11753691 0.18194182 0.05332492 0.06155304 0.06246020 0.15106158 0.08998222 0.13690516 0.12963361 0.13977526 0.20490316 0.08087169 0.10418731 0.17541717 0.15420899 0.13762462 0.27122446 0.14018539 0.17628652 0.11712097 0.07594254 0.23799878 0.17041781 0.15977474 0.16747818 0.09528523 0.09544276 0.13810148 0.15181524 0.14502650 0.16190683 0.19917592 0.18424367 0.15408493 0.16740775 0.12564978 0.16063125 0.15335559 0.13126359 0.10868591 0.17572107 0.12510989 0.12419140 0.18009639 0.21178984 0.07264889 0.16684626 0.10026818 0.12815867 0.22664370 0.21197740 0.22068460 0.17470528 0.21899827 0.15577936 0.14920887 0.14263943 0.11052797 0.12351704 0.15917690 0.13414714 0.07938642 0.19222828 0.16400966 0.12578478 0.14303429 0.14478119 0.16948914 0.09285725 0.14976249 0.08745963 0.12213520 0.14006692 0.14498880 0.12986670 0.17437005 0.07206020 0.11528503 0.13314014 0.08866787 0.17441052 0.21781881 0.15876083 0.19427255 0.13285820 0.12041180 0.24166250 0.21024716 0.12452389 0.10847770 0.17936074 0.13696492 0.13220644 0.15719861 0.11040037 0.18114916 0.10107445 0.14086539 0.13892421 0.11399724 
0.11799309 0.18384949 0.15319475 0.25144392 0.22489426 0.00000000 0.28084659 0.15208389 0.40442524 0.63865382 0.17569762 0.21461489 0.17186562 0.15543005 0.19638605 0.11282782 0.10383079 0.15973995 0.16415622 0.25433354 0.15891458 0.15110347 0.19199781 0.15009756 0.13087240 0.13966370 0.09422605 0.17692999 0.12600801 0.31363069 0.10222854 0.19820422 0.19740672 0.08289506 0.07421017 0.12093319 0.16074421 0.17373074 0.10608106 0.08657940 0.11172113 0.16220304 0.14045201 0.09750592 0.12027173 0.13588725 0.11167393 0.17916575 0.12028106 0.13071872 0.15804330 0.17115996 0.14187540 0.10754988 0.11838430 0.16085422 0.11362128 0.08899664 0.11609508 0.08478643 0.13699300 0.14046742 0.12602770 0.15227711 0.18563358 0.12239008 0.09407326 0.20249865 0.03517012 0.15863207 0.10875519 0.12139765 0.14696546 0.20214690 0.08509275 0.20955655 0.12581009 0.10731759 0.11722148 0.10489788 0.13943199 0.11865084 0.12405497 0.14365888 0.21398383 0.14059964 0.15809452 0.16195706 0.09412471 0.12875517 0.16346890 0.18624195 0.15981715 0.11724426 0.11189506 0.13688731 0.14630902 0.15052304 0.17183122 0.25520889 0.22605319 0.17608702 0.18226404 0.16400897 0.09807907 0.13034071 0.13372301 0.13317993 0.13196834 0.12488637 0.12345797 0.14298005 0.11021829 0.12142868 0.16100728 0.13612073 0.12337052 0.15681995 0.18647453 0.13125864 0.19521890 0.11582638 0.11907828 0.15692863 0.13473866 0.14971247 0.17911743 0.12403506 0.17346792 0.14734754 0.13299329 0.09778935 0.16750245 0.21671443 0.11498346 0.12172582 0.12685299 0.10786045 0.13305659 0.17754225 0.22506076 0.17373791 0.21670134 0.22110019 0.11204481 0.20386604 0.18284789 0.12745380 0.11949516 0.17263023 0.10361855 0.15666946 
0.18828084 0.18536188 0.24801856 0.17152051 0.22565638 0.28084659 0.00000000 0.30068201 0.25834437 0.21144254 0.19930743 0.27302786 0.14538599 0.35903462 0.13437062 0.11220214 0.17328549 0.13417108 0.18035702 0.14690610 0.12202342 0.09132298 0.18540067 0.16466142 0.13365571 0.10458993 0.10967981 0.13618514 0.20175287 0.10592421 0.17225573 0.11800997 0.04433061 0.17389846 0.15944940 0.15690973 0.11732426 0.13075328 0.10307593 0.13071685 0.12631023 0.13863916 0.17320057 0.10160942 0.12945016 0.11287619 0.14598892 0.14805404 0.16552921 0.09520070 0.09247699 0.10601758 0.14362911 0.12662609 0.18552860 0.16932528 0.13679593 0.11078629 0.12775455 0.11701274 0.14179086 0.14776202 0.16484890 0.10165814 0.15272111 0.12642513 0.13794458 0.15368484 0.13726717 0.11428495 0.14617261 0.13181910 0.15960738 0.10071549 0.16480651 0.16459090 0.10402819 0.13771482 0.09366528 0.14781880 0.12602205 0.18299330 0.07908043 0.13021644 0.17306624 0.15502990 0.18965600 0.14422821 0.13314342 0.09681258 0.07584195 0.18517686 0.10935437 0.10956879 0.13746988 0.12302437 0.09622470 0.11671718 0.08339370 0.20613752 0.15810290 0.14829327 0.10896136 0.11804731 0.13322012 0.18713899 0.19111240 0.11295903 0.18821105 0.13312924 0.17256672 0.13653894 0.15977022 0.10893073 0.11603858 0.09660379 0.08149569 0.20367969 0.12367397 0.08346796 0.12795774 0.16828732 0.16765592 0.21287135 0.08972293 0.19472279 0.18646836 0.14797067 0.15368433 0.19939673 0.33945453 0.20566441 0.23213004 0.13405620 0.14882114 0.13762766 0.18667099 0.10790979 0.14277058 0.15741306 0.23655076 0.12830319 0.16564695 0.17485622 0.15514503 0.14179878 0.12025444 0.13464500 0.15037605 0.16112829 0.19327853 0.17047533 
0.15072504 0.19190656 0.18098897 0.34743507 0.39891709 0.15208389 0.30068201 0.00000000 0.26661049 0.24222433 0.33740348 0.17704780 0.32258613 0.76816911 0.21720686 0.21799396 0.12904887 0.20652688 0.17038701 0.20205114 0.14507703 0.14824370 0.12966105 0.05480684 0.13082727 0.15908809 0.08571937 0.10493102 0.22259242 0.13977115 0.16286910 0.13928823 0.10041611 0.11147808 0.09458735 0.14024912 0.16286591 0.06733769 0.14695542 0.12529144 0.12892372 0.15940197 0.14295382 0.08185862 0.10172538 0.19960410 0.18327665 0.20512220 0.17789846 0.10677644 0.11126844 0.11812148 0.09011333 0.09342145 0.08525156 0.14780785 0.15716566 0.18739330 0.21290248 0.11471301 0.08077839 0.07975558 0.21263973 0.10529453 0.14115193 0.09452111 0.13829069 0.17063068 0.10745240 0.17508569 0.20224653 0.12228397 0.08964489 0.18161696 0.19497330 0.16542406 0.11856090 0.13362197 0.14722847 0.13110736 0.15907164 0.04343439 0.08588643 0.13834768 0.12400225 0.04875356 0.17274450 0.13938606 0.19408851 0.12598691 0.14102067 0.09711554 0.20126013 0.16800094 0.13047347 0.11020831 0.17544754 0.11143005 0.12938467 0.06828340 0.10954102 0.13748647 0.19625630 0.19588193 0.08656675 0.18285881 0.19002957 0.09719306 0.17332777 0.10782354 0.10988845 0.10704093 0.14557251 0.10327849 0.14952401 0.20696938 0.06567966 0.12846054 0.16857247 0.07048237 0.10475309 0.07271358 0.09709603 0.15116711 0.10086983 0.12500567 0.14402001 0.16873806 0.11848302 0.06888012 0.18563477 0.18179092 0.09922548 0.16493197 0.10084317 0.19782316 0.18994218 0.09094947 0.16077321 0.19426508 0.13645030 0.12065940 0.24714043 0.10753984 0.16906594 0.13767664 0.19070093 0.17283295 0.17219238 0.23394841 0.10492388 0.11867554 
0.10704080 0.16428588 0.15537430 0.16857166 0.51504592 0.40442524 0.25834437 0.26661049 0.00000000 0.39903223 0.23774614 0.16015811 0.28554142 0.15572048 0.22376726 0.11214980 0.21006560 0.19608056 0.10311579 0.13610152 0.17435869 0.16338815 0.16697773 0.09230007 0.16002270 0.13619415 0.06277416 0.11528108 0.20468067 0.14022931 0.14976195 0.17014270 0.17130778 0.15854161 0.05550950 0.14132723 0.17123493 0.12120937 0.11026554 0.10626125 0.11633446 0.07877392 0.12595799 0.10036753 0.12124080 0.13747098 0.15529634 0.13595605 0.21312948 0.12766032 0.16821879 0.16162418 0.12114238 0.12945045 0.09548260 0.10527225 0.13596502 0.05987544 0.17590010 0.06818960 0.15862666 0.15662685 0.19093736 0.18626387 0.08616312 0.10214103 0.21511933 0.13227497 0.14775932 0.10819116 0.25389203 0.19495195 0.14670841 0.23892412 0.19349538 0.10874459 0.12089216 0.20700663 0.15548010 0.09885434 0.14043269 0.15493476 0.14964321 0.15487227 0.14199646 0.09541827 0.22011242 0.21011550 0.14344245 0.13639592 0.13323193 0.06094428 0.12811473 0.14085475 0.09991583 0.11068675 0.10229694 0.05804096 0.12351769 0.10776166 0.15114316 0.14103786 0.14495603 0.23651327 0.25290532 0.11113420 0.20221878 0.11780160 0.22308644 0.13362266 0.12276062 0.20152877 0.24033976 0.10608150 0.17436458 0.23207183 0.12211187 0.20763656 0.20919350 0.08750017 0.14018197 0.09573058 0.03918841 0.10457878 0.11752058 0.14525502 0.11212773 0.14403352 0.11172660 0.06205952 0.10745524 0.16590072 0.09100541 0.20437434 0.16849209 0.23514343 0.12755739 0.07523935 0.13052618 0.14472773 0.12569834 0.10414658 0.16894971 0.06208552 0.16933736 0.19208107 0.15155577 0.20021347 0.10762705 0.17888876 0.14699045 0.16413901 
0.12788928 0.11442393 0.14293476 0.19401935 0.22890008 0.63865382 0.21144254 0.24222433 0.39903223 0.00000000 0.49538240 0.27693083 0.21956482 0.17561768 0.14850382 0.15340123 0.17314161 0.16399690 0.15168193 0.18863522 0.15822295 0.18011265 0.09764789 0.12320862 0.05623136 0.15792644 0.05857153 0.11001675 0.13435520 0.15159989 0.08382026 0.12545327 0.14901278 0.12920640 0.12287195 0.13075261 0.12820842 0.08123624 0.13117300 0.11779070 0.11477565 0.13800945 0.18221518 0.13098795 0.14432705 0.08598036 0.15139622 0.16084366 0.16449049 0.13714697 0.10742958 0.11222131 0.11452945 0.08664930 0.14915854 0.14498522 0.08091029 0.12582539 0.13492540 0.14863309 0.11104198 0.20474286 0.02921318 0.16039407 0.10540639 0.09362284 0.10776071 0.09230032 0.15638450 0.13458563 0.17094889 0.15925993 0.12157557 0.16244141 0.12143672 0.10653513 0.13452188 0.11418706 0.20131798 0.12659137 0.11762901 0.10786300 0.10699292 0.13831175 0.07098817 0.08723171 0.14755790 0.13548992 0.18702998 0.14065000 0.09390059 0.05341222 0.11384583 0.15829501 0.12725785 0.12672276 0.14343570 0.17450394 0.17911164 0.13061545 0.21477188 0.12084021 0.13579681 0.16595496 0.19391695 0.19317464 0.17524765 0.11682378 0.11085649 0.14367982 0.17020888 0.15717118 0.13455872 0.19518998 0.14440871 0.18417534 0.17985755 0.18043704 0.13642980 0.07643723 0.11252726 0.12072116 0.14461278 0.17749738 0.07548673 0.15188871 0.14494447 0.17660591 0.16728094 0.06091294 0.24822352 0.17109011 0.07801186 0.14118096 0.14290392 0.20339256 0.17201830 0.08023636 0.13497520 0.30194733 0.49582006 0.11572482 0.25728903 0.20528840 0.19657374 0.17425442 0.13636966 0.15592980 0.15125983 0.11202101 0.22691228 0.14363375 
0.14089370 0.15506638 0.22155315 0.16343812 0.22494023 0.17569762 0.19930743 0.33740348 0.23774614 0.49538240 0.00000000 0.23435888 0.37890737 0.20193793 0.23499953 0.19895088 0.12793785 0.14702603 0.15399480 0.11280185 0.14852509 0.10566927 0.11572667 0.13115405 0.16039002 0.20548154 0.11141597 0.09413871 0.22216296 0.08011596 0.12859813 0.21359078 0.12683351 0.17664534 0.13712020 0.10342180 0.15426492 0.13898072 0.11571063 0.07232384 0.14753854 0.10548199 0.15197381 0.17443704 0.14324064 0.14175767 0.18947569 0.09376702 0.16623483 0.11814752 0.13145075 0.13880886 0.16512951 0.11343000 0.17618621 0.14605064 0.13283799 0.06697920 0.11651787 0.12451884 0.13480271 0.13473406 0.11899793 0.12288956 0.14099723 0.09834579 0.12223132 0.16538978 0.08209043 0.15571906 0.11362425 0.12398649 0.08145297 0.25486220 0.12236598 0.22168081 0.15907986 0.16848131 0.16219801 0.15214881 0.08804452 0.15583396 0.17010657 0.19450258 0.14387867 0.12079358 0.16094410 0.17884645 0.13773845 0.13048780 0.22192093 0.10140761 0.17983720 0.11396609 0.12028498 0.11062435 0.16515356 0.09428288 0.14167527 0.05416133 0.15967322 0.10861167 0.14765312 0.10513057 0.11554706 0.15842035 0.12019283 0.11903271 0.14922133 0.17144510 0.19785141 0.19851649 0.20056809 0.12294600 0.20998877 0.23780660 0.19693786 0.20622771 0.18550373 0.17631687 0.07519934 0.08371992 0.10429629 0.17330186 0.16217354 0.18641137 0.13790757 0.10777992 0.12239307 0.06100791 0.15877091 0.12605847 0.12435829 0.16613730 0.13723013 0.18874641 0.21556855 0.18905135 0.17807154 0.13843948 0.14916636 0.07988537 0.18612007 0.14927872 0.21876991 0.07431469 0.10079205 0.18871246 0.08679867 0.14230909 0.09264668 0.15254402 
0.19156566 0.14148371 0.18311390 0.16722446 0.16665829 0.21461489 0.27302786 0.17704780 0.16015811 0.27693083 0.23435888 0.00000000 0.27947105 0.28170249 0.28899184 0.18968095 0.22985891 0.15521420 0.11791880 0.14396037 0.15156677 0.14040540 0.13946775 0.08885986 0.13364472 0.17511383 0.12790265 0.08256371 0.12612089 0.14301435 0.09207635 0.08664770 0.12264018 0.16515192 0.18824037 0.14131419 0.10522881 0.11781294 0.09815682 0.11037779 0.17095974 0.16399953 0.18424516 0.14772501 0.16235078 0.17380689 0.19957280 0.18050340 0.11186440 0.13406663 0.10623294 0.11040106 0.14727901 0.13378531 0.16125213 0.05445334 0.14380267 0.09642074 0.15082887 0.06631962 0.21250414 0.12075571 0.09964305 0.09412826 0.12790567 0.09366492 0.15698690 0.10081064 0.12528072 0.14014132 0.14233815 0.14975725 0.12474484 0.06922453 0.14655815 0.11615841 0.12734791 0.10190892 0.19755977 0.11078008 0.15176075 0.14331241 0.10646411 0.17787421 0.18069593 0.17536921 0.15885532 0.14943095 0.12824766 0.12033668 0.14203835 0.11745267 0.16287123 0.06102159 0.12773666 0.09609506 0.10807279 0.20118961 0.09552787 0.24903046 0.12156379 0.18047854 0.19368986 0.17859539 0.13334764 0.21465161 0.20772522 0.17412522 0.15049274 0.19633937 0.10725691 0.21270244 0.13132635 0.15567915 0.19412112 0.12316959 0.11896435 0.13956616 0.12679822 0.06220420 0.19012210 0.13599034 0.16874595 0.17681882 0.08144486 0.14834592 0.12928400 0.15757888 0.10707819 0.10011026 0.17569615 0.17987815 0.26496263 0.12753576 0.17849216 0.19592245 0.25034315 0.14813058 0.13709035 0.20422969 0.38976496 0.09556130 0.09178706 0.15139781 0.20785143 0.12157198 0.11334803 0.18716641 0.12267213 0.17336834 0.18939668 0.13147877 
0.11751667 0.12189607 0.21736974 0.21169920 0.27118484 0.17186562 0.14538599 0.32258613 0.28554142 0.21956482 0.37890737 0.27947105 0.00000000 0.31466740 0.22980672 0.21473012 0.20828006 0.18192911 0.12106132 0.21661108 0.12618614 0.13134829 0.20097396 0.09486814 0.13306934 0.14095181 0.12354011 0.15355462 0.19308935 0.09596404 0.11250072 0.09710520 0.14312685 0.15228915 0.15873420 0.16957781 0.08952621 0.12879094 0.13709097 0.11982223 0.09550993 0.07985393 0.12605400 0.10582199 0.22033959 0.08792262 0.09266327 0.15544998 0.18339179 0.15763030 0.07721478 0.14575335 0.12469603 0.13274696 0.12746929 0.14169112 0.09086197 0.07483156 0.12510227 0.12248995 0.19531493 0.12387820 0.10815646 0.12164754 0.14558738 0.11618848 0.16042231 0.20115169 0.09725583 0.10613310 0.20179247 0.16386343 0.13648536 0.17628640 0.14453294 0.13795413 0.15851847 0.10821050 0.22853480 0.14242553 0.07175333 0.17341482 0.10365531 0.15464403 0.12727822 0.06323589 0.21411015 0.22513978 0.13530514 0.13888882 0.14752368 0.10252529 0.12075943 0.09003586 0.12335147 0.12116430 0.10357508 0.10370168 0.13884506 0.10009352 0.12833570 0.10634421 0.11640690 0.18820830 0.21299531 0.11191144 0.26846287 0.13802357 0.18435669 0.11392928 0.10717012 0.12838762 0.10956657 0.17502157 0.10926962 0.17964720 0.09677443 0.21217164 0.19289704 0.22599246 0.08958491 0.10090706 0.04937879 0.10413237 0.07254512 0.15369646 0.12558250 0.13132283 0.12833737 0.10423595 0.18249636 0.19762099 0.16879410 0.26399190 0.14454345 0.23672839 0.40665493 0.09379367 0.20085100 0.18934478 0.13765574 0.09272977 0.28917237 0.13659947 0.17132390 0.11138909 0.16634843 0.17491066 0.16221842 0.14326226 0.20748314 0.16515356 
0.18563312 0.14003448 0.13634364 0.21708711 0.11778676 0.15543005 0.35903462 0.76816911 0.15572048 0.17561768 0.20193793 0.28170249 0.31466740 0.00000000 0.28750484 0.25536499 0.19637269 0.12681604 0.26648421 0.13934381 0.19731939 0.10417014 0.20829936 0.14779133 0.09527113 0.13011738 0.15314095 0.07369169 0.16890716 0.16026824 0.12685819 0.16648526 0.08710184 0.10658005 0.19233989 0.12042742 0.10179159 0.12135349 0.05219147 0.17322106 0.12465047 0.12736745 0.16821540 0.11145056 0.13145987 0.14927175 0.16797430 0.10763490 0.10896285 0.10435968 0.05708605 0.07273195 0.21637709 0.11134338 0.11756921 0.11198402 0.13626846 0.15629416 0.18087209 0.11755798 0.12403386 0.15014217 0.11010426 0.21234455 0.18713058 0.14039661 0.17898920 0.13615267 0.12675364 0.13438139 0.18764343 0.24797072 0.07383115 0.13196525 0.08541739 0.15960580 0.12774950 0.11338909 0.15365451 0.09813517 0.09541500 0.11772998 0.17036095 0.20650909 0.16204712 0.11107220 0.12189061 0.11997467 0.12264519 0.09992381 0.11649161 0.14136608 0.13280733 0.06386345 0.15023319 0.13260545 0.05995866 0.16086186 0.13249554 0.11925837 0.16897351 0.12315257 0.16182177 0.16898977 0.14857336 0.16440501 0.17346561 0.12608818 0.13258726 0.20500267 0.04744590 0.13821325 0.11776088 0.18939293 0.12056671 0.19153219 0.11031402 0.13553714 0.16871085 0.16736424 0.10503934 0.17366628 0.16434860 0.14145317 0.12485341 0.19126514 0.16476833 0.18378450 0.12334866 0.11581679 0.27900739 0.10760058 0.24337931 0.18028201 0.19636672 0.17458134 0.22973043 0.07836509 0.08131121 0.10432424 0.14961100 0.08909816 0.15007213 0.18338486 0.14222690 0.11472206 0.13407809 0.15901191 0.12619250 0.16948370 0.19594132 0.11868917 
0.13025252 0.12765787 0.07899067 0.11896247 0.16081106 0.19638605 0.13437062 0.21720686 0.22376726 0.14850382 0.23499953 0.28899184 0.22980672 0.28750484 0.00000000 0.26395320 0.48246200 0.19398265 0.12550908 0.23634858 0.14216694 0.19577559 0.18576740 0.09857288 0.13282485 0.11027907 0.08105892 0.07353594 0.13529053 0.14492599 0.14309475 0.17822520 0.19172811 0.16847296 0.16776048 0.24913447 0.09881342 0.09688712 0.14492842 0.10717937 0.08797783 0.15189471 0.12311877 0.12539872 0.13700655 0.15696043 0.17639061 0.12594444 0.18137970 0.14206399 0.07931420 0.13595064 0.13191781 0.08471734 0.12442855 0.16999712 0.14194804 0.17143934 0.13623838 0.10627147 0.19477480 0.18261792 0.14520422 0.10778491 0.13470706 0.06042943 0.17780253 0.18077274 0.17126579 0.18036749 0.15863531 0.15917500 0.13355728 0.20213425 0.10287098 0.20815590 0.16347450 0.16785747 0.16910724 0.10237481 0.10018674 0.07896640 0.11385947 0.11982677 0.16180887 0.11292741 0.17425885 0.19052759 0.16920491 0.13718075 0.13249746 0.05708991 0.21462880 0.09355396 0.12116599 0.08674538 0.14710241 0.05656967 0.11616801 0.10512786 0.13360581 0.10196972 0.16658712 0.14886593 0.13355018 0.03768341 0.20658919 0.08519363 0.15493902 0.11822583 0.14961799 0.18161808 0.16428310 0.08805869 0.13213776 0.18037987 0.12571687 0.20280832 0.45152245 0.08505861 0.14399862 0.08997529 0.07965047 0.03645399 0.11746532 0.17309874 0.10482040 0.17742852 0.12122364 0.06878275 0.06577708 0.55711871 0.23976190 0.18113138 0.12163420 0.15232781 0.16079402 0.13932615 0.16443566 0.22078629 0.19064990 0.16658987 0.16752921 0.19795382 0.15296455 0.16486128 0.14318664 0.20015439 0.12935113 0.13714061 0.16511572 0.14577210 
0.14463269 0.12878428 0.12881027 0.36884842 0.13418218 0.11282782 0.11220214 0.21799396 0.11214980 0.15340123 0.19895088 0.18968095 0.21473012 0.25536499 0.26395320 0.00000000 0.22450923 0.40268322 0.16508129 0.26049701 0.19204777 0.15485913 0.20455611 0.17067991 0.16931844 0.22117634 0.21415087 0.15013583 0.15010943 0.17381915 0.13049957 0.15885277 0.14213542 0.15754174 0.12751361 0.10265647 0.11942015 0.11984412 0.11644531 0.10556294 0.19804328 0.16317843 0.10415012 0.15856953 0.13243645 0.08261597 0.05906827 0.04069989 0.10045120 0.16331850 0.18131440 0.12515157 0.21602726 0.10658901 0.12965385 0.11622650 0.15959492 0.08820057 0.13228306 0.14862832 0.18165884 0.13092540 0.13605005 0.15807062 0.14382138 0.17391294 0.14779918 0.17618632 0.14639460 0.11727809 0.17218867 0.12512562 0.10194085 0.20074266 0.12484748 0.18675974 0.15904273 0.14875526 0.12941383 0.15975442 0.12506737 0.17996290 0.13894779 0.11401520 0.14881857 0.12841245 0.16848754 0.13718717 0.11599804 0.14296962 0.11855871 0.09810069 0.12310511 0.13874070 0.11002669 0.14724540 0.18074376 0.16236847 0.15997866 0.13935477 0.18410847 0.12715486 0.05395910 0.10079503 0.16668197 0.12202395 0.20476059 0.18203148 0.18450765 0.14742037 0.16675891 0.13309949 0.12184116 0.16366020 0.16187701 0.22251240 0.12253494 0.13517377 0.15292003 0.15431485 0.18123305 0.16609251 0.11887452 0.14621475 0.15166477 0.15249013 0.10238880 0.07427672 0.37156627 0.19566677 0.26475585 0.15266773 0.14424753 0.11782776 0.09974527 0.15287549 0.12695299 0.12423157 0.17336267 0.14239580 0.20765846 0.07785904 0.12373354 0.17156798 0.20057685 0.06772994 0.14482043 0.15639179 0.16742246 0.06975023 0.12968118 0.15141421 
0.12076568 0.13274000 0.14646941 0.17330297 0.10704207 0.10383079 0.17328549 0.12904887 0.21006560 0.17314161 0.12793785 0.22985891 0.20828006 0.19637269 0.48246200 0.22450923 0.00000000 0.20651495 0.28135700 0.22058933 0.17808561 0.23527800 0.10606869 0.17416076 0.09671413 0.18471185 0.15518083 0.11227890 0.16227168 0.11427233 0.17890280 0.19725052 0.20299934 0.16623455 0.27526452 0.17206814 0.13008773 0.07670079 0.06354604 0.11237625 0.08644247 0.11782351 0.13162962 0.08916742 0.12130731 0.20595152 0.11240195 0.15190962 0.14912001 0.11896287 0.18771016 0.14295552 0.13713753 0.10554664 0.15459960 0.13863495 0.17841729 0.12770606 0.09935043 0.18127411 0.14695006 0.15953925 0.11831803 0.10461858 0.12555649 0.11202766 0.14789060 0.11814111 0.10844287 0.22698833 0.13839374 0.12703985 0.08416318 0.12313075 0.15362865 0.15295086 0.16269569 0.12961282 0.16523627 0.12706932 0.12927259 0.11084703 0.11388820 0.10745954 0.09468752 0.09386205 0.09059935 0.18766512 0.21024575 0.10109711 0.12450724 0.10336532 0.18119455 0.07972819 0.10963236 0.13594093 0.13609111 0.16363580 0.08754538 0.14034424 0.14713802 0.13762032 0.12917861 0.10644091 0.18509878 0.06876140 0.19387088 0.14191550 0.09745271 0.20763819 0.15341295 0.07256256 0.20509260 0.09385741 0.13411436 0.16851716 0.08486300 0.15926987 0.19432054 0.15192841 0.37145366 0.18749685 0.11351210 0.16680310 0.15546138 0.18756761 0.13808041 0.16236882 0.11041057 0.22288839 0.17137020 0.53492275 0.14582113 0.11324313 0.09935965 0.15970426 0.15618434 0.07538685 0.20622213 0.13239897 0.12712944 0.19324457 0.20801050 0.14688282 0.14935535 0.16349425 0.20217947 0.11723475 0.17476332 0.14024097 0.20505508 0.15540525 
0.14650477 0.10640312 0.07849523 0.22263541 0.21431105 0.15973995 0.13417108 0.20652688 0.19608056 0.16399690 0.14702603 0.15521420 0.18192911 0.12681604 0.19398265 0.40268322 0.20651495 0.00000000 0.19600499 0.23706640 0.14317488 0.19641277 0.15802470 0.16091227 0.16314049 0.15623253 0.20214452 0.15104249 0.13205433 0.14393957 0.18345530 0.14743159 0.17271553 0.17229245 0.15648033 0.11800288 0.13184387 0.11935945 0.11337741 0.09819167 0.12756506 0.13219456 0.12500897 0.09260989 0.13718049 0.14975939 0.16173287 0.18005302 0.10774941 0.20166951 0.12816608 0.16058281 0.18229912 0.12524801 0.11321132 0.23416707 0.13462713 0.09825872 0.14549067 0.14732083 0.14837275 0.11194419 0.13661600 0.16628121 0.16149775 0.12969617 0.10209846 0.10987370 0.15069570 0.05661636 0.16578359 0.18215423 0.11966973 0.11795122 0.14699235 0.13539636 0.16960044 0.14183334 0.14478379 0.13012299 0.09726870 0.13885848 0.15845096 0.16859391 0.08860349 0.11961771 0.21587981 0.19020600 0.08642396 0.12135059 0.14611279 0.13803949 0.11775108 0.12607048 0.14808951 0.08153748 0.13721887 0.06611767 0.14854896 0.12073603 0.12267682 0.09314870 0.15078714 0.11078526 0.12951867 0.09730719 0.19687909 0.07535942 0.18128647 0.15202766 0.18209021 0.19355354 0.21430294 0.19788409 0.20076949 0.17255044 0.12435874 0.13237650 0.15509661 0.11970736 0.15711821 0.13964325 0.12492807 0.18469073 0.10690465 0.22862775 0.10107867 0.22759486 0.35863497 0.22225281 0.15174633 0.17007950 0.11902672 0.13536480 0.13643370 0.18266711 0.16616839 0.11578984 0.20408380 0.24201764 0.18650628 0.14338954 0.18360690 0.12439254 0.16251844 0.16235630 0.10532743 0.17900147 0.19864499 0.20745883 0.15348485 0.14495116 
0.18882449 0.08535925 0.23318704 0.15658602 0.16103138 0.16415622 0.18035702 0.17038701 0.10311579 0.15168193 0.15399480 0.11791880 0.12106132 0.26648421 0.12550908 0.16508129 0.28135700 0.19600499 0.00000000 0.28398872 0.33675093 0.35039264 0.34236354 0.22387203 0.16677598 0.21257068 0.11015913 0.12719951 0.13995476 0.23710733 0.30611681 0.11876677 0.17840688 0.15138776 0.11048680 0.12688782 0.11383279 0.17809430 0.12866976 0.19003128 0.13104723 0.14205287 0.19300005 0.18936627 0.16312620 0.16881313 0.15398187 0.20370440 0.12793738 0.07169392 0.08631696 0.07161998 0.16072636 0.15684976 0.20098997 0.07687222 0.06448160 0.10083759 0.12784305 0.08260361 0.12079039 0.08171903 0.14979948 0.11551910 0.14619125 0.17486241 0.13556225 0.06300004 0.16247044 0.08959251 0.07937449 0.14427301 0.10390025 0.08774281 0.12541761 0.13875347 0.18564943 0.13179311 0.10354142 0.15408437 0.09539046 0.13432715 0.18382771 0.09430889 0.10820145 0.17209545 0.16010094 0.12982025 0.11445805 0.21781218 0.15619590 0.19950723 0.19466724 0.20566633 0.13485405 0.27127407 0.15239693 0.16141807 0.08251721 0.13232461 0.10556893 0.07203453 0.19317343 0.18671683 0.16956684 0.10543231 0.13027004 0.18768521 0.10340458 0.13708884 0.12281252 0.08756290 0.17583816 0.17003940 0.10455845 0.05841740 0.12593711 0.12240541 0.10457854 0.14339234 0.11269002 0.13092409 0.21560303 0.15290699 0.12010513 0.11259724 0.26593784 0.32058000 0.14090296 0.28555832 0.13346073 0.15566624 0.16957971 0.18883004 0.06802204 0.12560287 0.15266836 0.16972856 0.05214682 0.09612337 0.13749703 0.12672034 0.08223154 0.14160913 0.17570776 0.15767562 0.12571928 0.14979648 0.19528218 0.10852770 0.20217156 0.10943217 
0.13704906 0.13932595 0.17000474 0.10149378 0.17682998 0.25433354 0.14690610 0.20205114 0.13610152 0.18863522 0.11280185 0.14396037 0.21661108 0.13934381 0.23634858 0.26049701 0.22058933 0.23706640 0.28398872 0.00000000 0.27892170 0.27073194 0.30084427 0.14677039 0.18745907 0.18308985 0.14726581 0.14753215 0.20357722 0.30831082 0.09444012 0.16630742 0.17814608 0.12736676 0.13831613 0.17045529 0.15748364 0.12271261 0.13361545 0.13417579 0.08623744 0.10967391 0.14961090 0.10719266 0.14392648 0.16951594 0.20316663 0.19183780 0.11320649 0.15261988 0.10826627 0.11422553 0.11283460 0.06697948 0.15183364 0.12221631 0.12132059 0.09898793 0.12243914 0.09330620 0.12491059 0.11796250 0.10979062 0.20409662 0.16961116 0.09159210 0.19412853 0.14755727 0.11521469 0.13615899 0.13147099 0.17716806 0.09371060 0.14730505 0.13205359 0.10894611 0.13268833 0.11936707 0.23027580 0.09132119 0.21940504 0.10267179 0.12615389 0.16756256 0.12764451 0.16466321 0.22015021 0.13702515 0.16920575 0.11639379 0.10670006 0.13708604 0.17383287 0.12359939 0.11041474 0.12616090 0.10720864 0.10129733 0.11822943 0.09850736 0.13125239 0.17304457 0.19252705 0.19102829 0.10410573 0.10647719 0.20087509 0.14812116 0.11118435 0.11848707 0.16030855 0.24330842 0.11788721 0.12945870 0.12533405 0.14235722 0.20187899 0.20800221 0.13930656 0.16522794 0.13255337 0.08345927 0.12859309 0.13148084 0.18784548 0.10927721 0.16442288 0.15507110 0.14247712 0.11279027 0.09336323 0.16527230 0.15607312 0.17601618 0.10172540 0.22174449 0.16676850 0.12861817 0.13863499 0.20662036 0.13320762 0.15599397 0.15034545 0.14147351 0.18814194 0.15234676 0.20452820 0.15547088 0.14760925 0.14178189 0.17204010 0.16588384 
0.16965621 0.16777140 0.14980025 0.15100781 0.14384554 0.15891458 0.12202342 0.14507703 0.17435869 0.15822295 0.14852509 0.15156677 0.12618614 0.19731939 0.14216694 0.19204777 0.17808561 0.14317488 0.33675093 0.27892170 0.00000000 0.32695041 0.32172814 0.16339771 0.16313392 0.34792852 0.13381509 0.10453268 0.14168943 0.16455264 0.20271987 0.18204456 0.10666314 0.15410963 0.15988780 0.13192039 0.16192565 0.12977375 0.10789836 0.10684593 0.11556800 0.12291973 0.13721201 0.17530681 0.10778651 0.13183200 0.15243730 0.15737579 0.09671057 0.10672850 0.06793957 0.16489356 0.17794443 0.12818100 0.15718095 0.10163979 0.21282081 0.14356322 0.15308289 0.21947849 0.11997097 0.08078650 0.13305994 0.12318114 0.15109708 0.08424246 0.15359888 0.13885797 0.10188219 0.13424106 0.15904022 0.16887005 0.16704834 0.17217598 0.13826980 0.13931713 0.13496234 0.07515356 0.15440874 0.13559274 0.11847694 0.11519510 0.17606163 0.12813957 0.11194606 0.18121233 0.17070489 0.18990122 0.15676694 0.15022782 0.11238027 0.11517379 0.15557942 0.22687393 0.13681246 0.15782497 0.18007489 0.12495421 0.14831055 0.14918664 0.20560139 0.07602017 0.16195822 0.19438473 0.14638178 0.13495024 0.08074632 0.13706477 0.09257740 0.16113784 0.14756080 0.10900966 0.13157236 0.12122103 0.09831691 0.14352815 0.15022194 0.17163413 0.15209207 0.19749458 0.12341650 0.16800617 0.24901759 0.22468758 0.17095933 0.16495092 0.24069625 0.25233301 0.20915195 0.20309586 0.18777955 0.15524401 0.23466237 0.13212152 0.06551642 0.08429125 0.13518525 0.14927500 0.13063515 0.16556464 0.14601783 0.10048280 0.15304895 0.08338951 0.17902549 0.16387027 0.17095742 0.07071380 0.12730304 0.11990100 0.18406337 0.14196425 
0.13651510 0.14710057 0.10119989 0.15864856 0.14360948 0.15110347 0.09132298 0.14824370 0.16338815 0.18011265 0.10566927 0.14040540 0.13134829 0.10417014 0.19577559 0.15485913 0.23527800 0.19641277 0.35039264 0.27073194 0.32695041 0.00000000 0.39796126 0.18575258 0.18469599 0.43612339 0.20347779 0.16132009 0.13985835 0.17862539 0.18335293 0.16462017 0.17561864 0.12433032 0.19109990 0.15934295 0.19495190 0.15716448 0.11481831 0.14401347 0.14927062 0.12887552 0.18613236 0.14459406 0.14530438 0.12123136 0.16832487 0.12315999 0.12088114 0.14410191 0.16505286 0.15998715 0.15347911 0.10761945 0.12833193 0.08698388 0.11419089 0.19518387 0.14402282 0.16252376 0.14203654 0.12819108 0.19733946 0.03161627 0.12633983 0.13602168 0.12934409 0.04385487 0.09131547 0.15050711 0.16990533 0.13335064 0.18820387 0.16170795 0.16639173 0.18762765 0.18633617 0.10521787 0.18647806 0.14105630 0.18207210 0.10223616 0.09268119 0.16479590 0.13437886 0.10994882 0.13149747 0.13191057 0.11739637 0.17071388 0.12127746 0.13622536 0.13394938 0.14479986 0.14283510 0.20977751 0.18365232 0.25790985 0.10242417 0.19930141 0.08748766 0.13604901 0.15009630 0.19903811 0.09258666 0.11471175 0.10394549 0.19113188 0.18560836 0.19106263 0.22195285 0.16106558 0.10401046 0.11032543 0.14054495 0.16693778 0.12815263 0.12993465 0.13231776 0.16840136 0.20226078 0.12301041 0.16521130 0.20535476 0.14974818 0.13733082 0.21870157 0.21130564 0.16710586 0.22149044 0.11448649 0.17075932 0.13106150 0.05395556 0.13768025 0.06833908 0.11191073 0.08954640 0.09270383 0.07206782 0.11537540 0.10591463 0.15702693 0.13287502 0.08589463 0.15895757 0.13935621 0.07973462 0.14390390 0.17769706 0.13819453 0.14116189 
0.12928888 0.14526128 0.13296295 0.14304348 0.15104026 0.19199781 0.18540067 0.12966105 0.16697773 0.09764789 0.11572667 0.13946775 0.20097396 0.20829936 0.18576740 0.20455611 0.10606869 0.15802470 0.34236354 0.30084427 0.32172814 0.39796126 0.00000000 0.20506301 0.14268413 0.29298707 0.21795459 0.17216015 0.17250672 0.15523377 0.16495917 0.12425184 0.08978285 0.09798727 0.16736675 0.11972746 0.13916954 0.22252723 0.12085125 0.18151487 0.16792095 0.12629607 0.17209782 0.18732202 0.12975092 0.13288387 0.11549519 0.14538327 0.14294554 0.17450686 0.16784910 0.16663584 0.09831649 0.15025533 0.13578918 0.10785235 0.12056213 0.16489081 0.14545425 0.14900941 0.14048174 0.14710032 0.13856299 0.18306143 0.11782322 0.15539490 0.11525887 0.08672953 0.08747123 0.12438403 0.12450682 0.13301502 0.18104349 0.13329747 0.17931530 0.14357144 0.12174710 0.15146016 0.17674238 0.11006097 0.15369062 0.11247751 0.12227431 0.14969140 0.15116887 0.17436871 0.17281424 0.16216171 0.18308290 0.12286581 0.17960259 0.17007145 0.23785637 0.14360245 0.12121332 0.26406963 0.15978016 0.11710513 0.17876039 0.18104047 0.19074411 0.19917667 0.14016070 0.08846344 0.16627961 0.12153387 0.15395230 0.18159810 0.10947970 0.11287520 0.14879163 0.09312550 0.09627052 0.13673064 0.13897043 0.11569407 0.16248861 0.12772242 0.13134936 0.15972802 0.17379669 0.17498656 0.17730797 0.16288086 0.17964112 0.19667727 0.18564833 0.20944347 0.15359325 0.17347168 0.16500226 0.15416243 0.19381709 0.17988613 0.15696142 0.10991682 0.10970393 0.13543795 0.07553455 0.11424699 0.11720609 0.15493864 0.06413833 0.09386827 0.13798565 0.08808397 0.10830937 0.09569424 0.09976580 0.11710026 0.16004357 0.12273454 
