0.00000000 0.02491477 0.02347196 0.01873708 0.02355471 0.01594349 0.01718282 0.02063146 0.01718282 0.02063146 0.01718282 0.01704019 0.01782568 0.01531843 0.02063146 0.02063146 0.01718282 0.01718282 0.01636428 0.01570417 0.02063146 0.01718282 0.01594790 0.01519851 0.01666074 0.01499373 0.02063146 0.01718282 0.01547068 0.01718282 0.01674281 0.01607292 0.01773837 0.01773837 0.01718282 0.01536024 0.01680781 0.01718282 0.02063146 0.01642602 0.02063146 0.01782568 0.02063146 0.02063146 0.01782568 0.01718282 0.01718282 0.02397125 0.01736612 0.01549807 0.01773837 0.02043958 0.01467739 0.02063146 0.01747147 0.01718282 0.01718282 0.01521582 0.01710726 0.01699888 0.01772383 0.01454027 0.02132297 0.01567979 0.01797873 0.01699690 0.01803988 0.01618365 0.01652422 0.01618708 0.01612570 0.01691560 0.01528625 0.01640305 0.01745492 0.01531713 0.02035576 0.01816524 0.02063146 0.02063146 0.01666400 0.02063146 0.01599120 0.01718282 0.01773837 0.01773837 0.01457534 0.01911422 0.01718282 0.01816465 0.02101362 0.01657486 0.02063146 0.01774690 0.02063146 0.02063146 0.02063146 0.01598644 0.01668878 0.02063146 0.02063146 0.01718282 0.01718282 0.02731898 0.01773837 0.01773837 0.01573642 0.01628436 0.02709574 0.02414068 0.01718282 0.01541113 0.02103615 0.02063146 0.01718282 0.01943637 0.02053613 0.01493729 0.02063146 0.01808249 0.01718282 0.01628272 0.02136040 0.02004381 0.01872525 0.02372410 0.01585038 0.01604026 0.02322839 0.02054914 0.02063146 0.02108528 0.02025984 0.01670949 0.02964349 0.01924795 0.02063493 0.01789390 0.01745710 0.01670403 0.01781553 0.01735886 0.01718282 0.02121616 0.01537696 0.02098120 0.01844375 0.01718282 0.02061394 0.02066899 0.01508522 0.01611019 0.01626466 0.01898308 0.01558344 0.01857225 0.02063146 0.01970527 0.01552108 0.02063146 0.01885805 0.01571512 0.02828635 0.02063146 0.01718282 0.01728065 0.01773837 0.02090335 0.01545159 0.01612014 0.01718282 0.01583298 0.01718282 0.02063146 0.01513742 0.01718282 0.01650401 0.01718282 0.02014131 0.02063146 0.01570417 0.01668878 0.02234802 0.01688529 0.01651368 0.01592859 0.01976383 0.01683913 0.01718282 0.01567338 0.02063146 0.02063146 0.02318719 0.01600889 0.01718282 0.02389182 0.01705024 0.01569258 0.02063146 0.01450037 0.02357251 0.02035708 0.01549664 0.01707029 0.01718282 0.01574811 0.01959540 0.01773837 
0.02491477 0.00000000 0.02214148 0.01110441 0.02299106 0.01828230 0.02114105 0.02020602 0.02114105 0.02020602 0.02114105 0.01434218 0.01675652 0.01651541 0.02020602 0.02020602 0.02114105 0.02114105 0.01695607 0.01824639 0.02020602 0.02114105 0.01603996 0.01487863 0.01511852 0.01531606 0.02020602 0.02114105 0.01695638 0.02114105 0.01692118 0.01429695 0.01940405 0.01940405 0.02114105 0.01497746 0.01991306 0.02114105 0.02020602 0.01641831 0.02020602 0.01675652 0.02020602 0.02020602 0.01675652 0.02114105 0.02114105 0.02767975 0.01644342 0.01520307 0.01940405 0.01655653 0.01532742 0.02020602 0.01662656 0.02114105 0.02114105 0.01647549 0.01563356 0.01518528 0.01657604 0.01379134 0.02173888 0.01757890 0.01305646 0.01616221 0.01281072 0.01771090 0.01981413 0.01922055 0.01883917 0.01472120 0.01435223 0.01206960 0.01787749 0.01512318 0.01710857 0.01106927 0.02020602 0.02020602 0.01337501 0.02020602 0.01622323 0.02114105 0.01940405 0.01940405 0.01538001 0.02073491 0.02114105 0.01405291 0.01700302 0.01679557 0.02020602 0.01608795 0.02020602 0.02020602 0.02020602 0.01509260 0.02018596 0.02020602 0.02020602 0.02114105 0.02114105 0.02100869 0.01940405 0.01940405 0.01485746 0.01417237 0.02491477 0.02206559 0.02114105 0.01699559 0.01635135 0.02020602 0.02114105 0.01794285 0.02339346 0.01608813 0.02020602 0.01710736 0.02114105 0.01907618 0.01605772 0.01956753 0.01651055 0.02733353 0.01835285 0.01860045 0.02205444 0.01214266 0.02020602 0.01842478 0.01837282 0.01729959 0.02493210 0.01862212 0.01830179 0.01710957 0.01763982 0.01437179 0.01538325 0.01638068 0.02114105 0.02457103 0.01424087 0.01734679 0.01657304 0.02114105 0.01839929 0.01301722 0.01681990 0.01515954 0.01649528 0.02085777 0.01499813 0.01986424 0.02020602 0.01892045 0.01317703 0.02020602 0.01762060 0.01714126 0.03014491 0.02020602 0.02114105 0.01288019 0.01940405 0.01633244 0.01208470 0.01286236 0.02114105 0.01856714 0.02114105 0.02020602 0.01704181 0.02114105 0.01635711 0.02114105 0.01835700 0.02020602 0.01824639 0.02018596 0.01956780 0.02048894 0.01542469 0.01089210 0.01733127 0.01583549 0.02114105 0.01395431 0.02020602 0.02020602 0.02234403 0.01458236 0.02114105 0.01927753 0.01733778 0.01219784 0.02020602 0.01443428 0.02251295 0.01681246 0.01409230 0.01727075 0.02114105 0.01830645 0.01545709 0.01940405 
0.02347196 0.02214148 0.00000000 0.02389097 0.01729284 0.01685762 0.01906187 0.01788109 0.01906187 0.01788109 0.01906187 0.02553523 0.01109309 0.01288511 0.01788109 0.01788109 0.01906187 0.01906187 0.01737190 0.01452235 0.01788109 0.01906187 0.01950106 0.02047912 0.01792387 0.01272246 0.01788109 0.01906187 0.01293951 0.01906187 0.01828819 0.01465246 0.01801919 0.01801919 0.01906187 0.02113681 0.01756423 0.01906187 0.01788109 0.01686316 0.01788109 0.01109309 0.01788109 0.01788109 0.01109309 0.01906187 0.01906187 0.01729018 0.02492985 0.01238849 0.01801919 0.02090187 0.01283327 0.01788109 0.01158818 0.01906187 0.01906187 0.02131070 0.01753686 0.01520205 0.01719548 0.01931819 0.02740522 0.01709246 0.01903310 0.01632525 0.01908224 0.01508785 0.01715706 0.01819673 0.01570190 0.01884357 0.01973891 0.01445764 0.01853028 0.01398465 0.02041900 0.02551337 0.01788109 0.01788109 0.01632935 0.01788109 0.01767025 0.01906187 0.01801919 0.01801919 0.01414796 0.01927494 0.01906187 0.02146322 0.01931600 0.01488354 0.01788109 0.02146429 0.01788109 0.01788109 0.01788109 0.03116848 0.01767859 0.01788109 0.01788109 0.01906187 0.01906187 0.02225742 0.01801919 0.01801919 0.01789025 0.01209196 0.02347196 0.02447663 0.01906187 0.02702689 0.02218747 0.01788109 0.01906187 0.01545657 0.01491387 0.01371118 0.01788109 0.01698656 0.01906187 0.01651385 0.02055426 0.02384880 0.01626179 0.02502845 0.01474774 0.02855572 0.01642884 0.02384814 0.01788109 0.02090965 0.02412424 0.01553082 0.02748041 0.01447688 0.02282735 0.02901520 0.02154794 0.01606236 0.01797493 0.01836469 0.01906187 0.02504588 0.01203238 0.02203324 0.02110712 0.01906187 0.01851981 0.02132050 0.01262528 0.01299197 0.01576138 0.02058677 0.01566611 0.02274879 0.01788109 0.02685904 0.01091959 0.01788109 0.01783370 0.01323019 0.02381864 0.01788109 0.01906187 0.01747152 0.01801919 0.02171364 0.01317412 0.01848173 0.01906187 0.01502574 0.01906187 0.01788109 0.02634440 0.01906187 0.01486449 0.01906187 0.01468958 0.01788109 0.01452235 0.01767859 0.01383649 0.01817749 0.00870476 0.02055312 0.01961359 0.02191188 0.01906187 0.01162168 0.01788109 0.01788109 0.01577913 0.01924488 0.01906187 0.02036217 0.01808356 0.01623116 0.01788109 0.01863706 0.01643624 0.02023692 0.01947453 0.01711850 0.01906187 0.01693400 0.02089756 0.01801919 
0.01873708 0.01110441 0.02389097 0.00000000 0.01545233 0.01275841 0.01045607 0.01689011 0.01045607 0.01689011 0.01045607 0.02166809 0.01960717 0.02967186 0.01689011 0.01689011 0.01045607 0.01045607 0.02556032 0.01639793 0.01689011 0.01045607 0.01865982 0.02400902 0.02415522 0.01889431 0.01689011 0.01045607 0.02748945 0.01045607 0.02582234 0.02434670 0.01165531 0.01165531 0.01045607 0.00721674 0.01786809 0.01045607 0.01689011 0.01817167 0.01689011 0.01960717 0.01689011 0.01689011 0.01960717 0.01045607 0.01045607 0.01780918 0.01365747 0.02834789 0.01165531 0.02465804 0.01829727 0.01689011 0.01459072 0.01045607 0.01045607 0.02976575 0.01326574 0.02796757 0.01370004 0.02227077 0.01807479 0.01379983 0.02462528 0.01843769 0.02486304 0.01840764 0.01150029 0.00985775 0.02406879 0.02281877 0.01563959 0.03444741 0.02006642 0.01887071 0.02292040 0.03822742 0.01689011 0.01689011 0.00787344 0.01689011 0.02361028 0.01045607 0.01165531 0.01165531 0.01873998 0.02262301 0.01045607 0.02470564 0.01747521 0.02053647 0.01689011 0.02112213 0.01689011 0.01689011 0.01689011 0.02878951 0.01000181 0.01689011 0.01689011 0.01045607 0.01045607 0.01222054 0.01165531 0.01165531 0.01727627 0.02332189 0.01873708 0.02378907 0.01045607 0.01706526 0.01620494 0.01689011 0.01045607 0.02239798 0.01950097 0.02032830 0.01689011 0.00964435 0.01045607 0.01114913 0.02957734 0.00923086 0.02899232 0.01754964 0.01758879 0.01170051 0.02353704 0.01954224 0.01689011 0.01983895 0.01777682 0.02522327 0.02555824 0.01896960 0.02105621 0.02650626 0.01790227 0.02949747 0.02191490 0.03139273 0.01045607 0.02065571 0.01976268 0.03628637 0.03219711 0.01045607 0.02648168 0.03088289 0.01417478 0.03365798 0.01233098 0.02743384 0.01765700 0.03390055 0.01689011 0.01383629 0.02021422 0.01689011 0.03712319 0.00540533 0.00980198 0.01689011 0.01045607 0.01546356 0.01165531 0.02915731 0.02025320 0.02850062 0.01045607 0.02455662 0.01045607 0.01689011 0.03398262 0.01045607 0.02094338 0.01045607 0.03501415 0.01689011 0.01639793 0.01000181 0.01707350 0.00913704 0.02727238 0.02635129 0.03084480 0.01814596 0.01045607 0.01732036 0.01689011 0.01689011 0.01736315 0.02177122 0.01045607 0.02046847 0.01173576 0.03299011 0.01689011 0.03077116 0.00928691 0.02990966 0.03020646 0.02842406 0.01045607 0.02331730 0.01951127 0.01165531 
0.02355471 0.02299106 0.01729284 0.01545233 0.00000000 0.01637128 0.01816818 0.01750073 0.01816818 0.01750073 0.01816818 0.01625382 0.01318325 0.00901215 0.01750073 0.01750073 0.01816818 0.01816818 0.00988819 0.01326508 0.01750073 0.01816818 0.02505222 0.01634601 0.02450549 0.02081104 0.01750073 0.01816818 0.01661708 0.01816818 0.02756658 0.01367961 0.01782673 0.01782673 0.01816818 0.02107297 0.01649640 0.01816818 0.01750073 0.01266751 0.01750073 0.01318325 0.01750073 0.01750073 0.01318325 0.01816818 0.01816818 0.01598073 0.01461632 0.01854487 0.01782673 0.01856520 0.01462891 0.01750073 0.01581589 0.01816818 0.01816818 0.01958639 0.01923274 0.01672616 0.01466547 0.01607026 0.02061105 0.01615387 0.02701695 0.01840960 0.01744390 0.01744969 0.01922890 0.01634830 0.02733528 0.02000036 0.00944844 0.02624037 0.02434106 0.03120247 0.02679137 0.01741812 0.01750073 0.01750073 0.01817502 0.01750073 0.00839557 0.01816818 0.01782673 0.01782673 0.01504554 0.04224873 0.01816818 0.01748208 0.01478096 0.01252672 0.01750073 0.02775217 0.01750073 0.01750073 0.01750073 0.02248424 0.01679316 0.01750073 0.01750073 0.01816818 0.01816818 0.02684410 0.01782673 0.01782673 0.02636537 0.05015346 0.02355471 0.01859309 0.01816818 0.01557599 0.01890507 0.01750073 0.01816818 0.01982923 0.01679035 0.01815135 0.01750073 0.01897809 0.01816818 0.02006134 0.00986738 0.02226956 0.02430392 0.02482492 0.01464876 0.01474676 0.01821500 0.00960615 0.01750073 0.02545780 0.00769173 0.02631854 0.02607535 0.01632240 0.02342700 0.02018132 0.01079157 0.00954838 0.01831927 0.01599227 0.01816818 0.02845396 0.02090034 0.02001276 0.02225321 0.01816818 0.02186552 0.01747954 0.01861657 0.02063759 0.02162472 0.01628667 0.01405396 0.02407031 0.01750073 0.02439231 0.01589839 0.01750073 0.01187032 0.01348628 0.02444725 0.01750073 0.01816818 0.00774975 0.01782673 0.03185753 0.02006671 0.00594595 0.01816818 0.02491330 0.01816818 0.01750073 0.01946450 0.01816818 0.00808224 0.01816818 0.02156575 0.01750073 0.01326508 0.01679316 0.01512682 0.02237344 0.01653010 0.01499451 0.01947680 0.02006675 0.01816818 0.01845313 0.01750073 0.01750073 0.01561258 0.01422654 0.01816818 0.02303168 0.02703753 0.00426510 0.01750073 0.01926484 0.01606296 0.02248272 0.02133491 0.01337084 0.01816818 0.02331788 0.01859742 0.01782673 
0.01594349 0.01828230 0.01685762 0.01275841 0.01637128 0.00000000 0.02210138 0.01814064 0.02210138 0.01814064 0.02210138 0.01381619 0.01218817 0.02444362 0.01814064 0.01814064 0.02210138 0.02210138 0.02334054 0.01692594 0.01814064 0.02210138 0.02667102 0.02155032 0.01237179 0.02286337 0.01814064 0.02210138 0.02861387 0.02210138 0.01306479 0.01369470 0.02141474 0.02141474 0.02210138 0.02610658 0.02005079 0.02210138 0.01814064 0.01895673 0.01814064 0.01218817 0.01814064 0.01814064 0.01218817 0.02210138 0.02210138 0.01266871 0.01916729 0.01255253 0.02141474 0.01441997 0.01099017 0.01814064 0.01281598 0.02210138 0.02210138 0.01525106 0.01616905 0.01498444 0.01544607 0.00898074 0.01686204 0.03300022 0.01662655 0.01180461 0.01276007 0.01704479 0.01961472 0.01866219 0.01812037 0.01555765 0.01575352 0.02662695 0.01989258 0.01094249 0.01788553 0.02065489 0.01814064 0.01814064 0.01296106 0.01814064 0.01222585 0.02210138 0.02141474 0.02141474 0.01249409 0.01083624 0.02210138 0.01798597 0.01258116 0.01548134 0.01814064 0.01143746 0.01814064 0.01814064 0.01814064 0.01043375 0.02023017 0.01814064 0.01814064 0.02210138 0.02210138 0.00946521 0.02141474 0.02141474 0.00983083 0.01273635 0.01594349 0.01069079 0.02210138 0.01684320 0.01978403 0.01814064 0.02210138 0.01762918 0.02323053 0.03444065 0.01814064 0.01533194 0.02210138 0.01854172 0.02138388 0.02007134 0.01581032 0.01281080 0.03540649 0.01770397 0.02731912 0.01201291 0.01814064 0.00892138 0.01359005 0.01628648 0.01457946 0.01507336 0.02032763 0.01304348 0.02000954 0.01990079 0.01190016 0.02281025 0.02210138 0.02877961 0.01196931 0.01572615 0.01256647 0.02210138 0.01015256 0.01052192 0.01480573 0.03286417 0.01537097 0.01165601 0.02353918 0.01918289 0.01814064 0.01552250 0.01163447 0.01814064 0.01757055 0.02808786 0.01968269 0.01814064 0.02210138 0.01965634 0.02141474 0.01688294 0.00856362 0.00822355 0.02210138 0.01748427 0.02210138 0.01814064 0.01500953 0.02210138 0.02631410 0.02210138 0.02109705 0.01814064 0.01692594 0.02023017 0.02317292 0.02092344 0.03018510 0.02461529 0.01691927 0.01907165 0.02210138 0.02248719 0.01814064 0.01814064 0.02417748 0.02203834 0.02210138 0.01443872 0.02114426 0.01349972 0.01814064 0.01288432 0.02948421 0.01640741 0.01281598 0.02103364 0.02210138 0.01707039 0.01543416 0.02141474 
0.01718282 0.02114105 0.01906187 0.01045607 0.01816818 0.02210138 0.00000000 0.01907291 0.02594371 0.01907291 0.02594371 0.01858601 0.01346492 0.01939356 0.01907291 0.01907291 0.02594371 0.02594371 0.01815762 0.02183923 0.01907291 0.02594371 0.01751576 0.01660648 0.01454156 0.01746910 0.01907291 0.02594371 0.02029602 0.02594371 0.01853116 0.01773196 0.02480381 0.02480381 0.02594371 0.01662445 0.02442878 0.02594371 0.01907291 0.01990530 0.01907291 0.01346492 0.01907291 0.01907291 0.01346492 0.02594371 0.02594371 0.01770078 0.01697759 0.01782313 0.02480381 0.01169393 0.01734925 0.01907291 0.01307390 0.02594371 0.02594371 0.01948387 0.01576645 0.01346438 0.01692856 0.01456553 0.02011486 0.02107861 0.00931664 0.01201326 0.00876257 0.02124873 0.02409920 0.02327074 0.02280385 0.01325293 0.01475613 0.01323848 0.01249619 0.01651475 0.01183255 0.01191102 0.01907291 0.01907291 0.01711481 0.01907291 0.01778743 0.02594371 0.02480381 0.02480381 0.01781173 0.01067053 0.02594371 0.00971389 0.01086789 0.02024889 0.01907291 0.01486334 0.01907291 0.01907291 0.01907291 0.00917543 0.02456273 0.01907291 0.01907291 0.02594371 0.02594371 0.01309423 0.02480381 0.02480381 0.01582360 0.01613303 0.01718282 0.01489216 0.02594371 0.02017248 0.01079191 0.01907291 0.02594371 0.01546853 0.01278263 0.01877240 0.01907291 0.01599927 0.02594371 0.02310451 0.00976192 0.01775970 0.01331112 0.01748800 0.02210844 0.02251141 0.01639836 0.01262420 0.01907291 0.01360042 0.01410009 0.02099199 0.01510632 0.01678423 0.01280042 0.01317653 0.01977943 0.01385487 0.01377376 0.01587717 0.02594371 0.01267095 0.01647165 0.01032874 0.01534619 0.02594371 0.01357688 0.00887524 0.01983962 0.01829059 0.01908793 0.01102243 0.01572148 0.01162849 0.01907291 0.01716006 0.01569753 0.01907291 0.01592345 0.02057502 0.02411478 0.01907291 0.02594371 0.01061016 0.02480381 0.00835711 0.01405119 0.01378049 0.02594371 0.02234108 0.02594371 0.01907291 0.02031212 0.02594371 0.01067568 0.02594371 0.01503820 0.01907291 0.02183923 0.02456273 0.01377196 0.02511507 0.01102080 0.01200935 0.01302831 0.01582834 0.02594371 0.01542353 0.01907291 0.01907291 0.01762182 0.01413571 0.02594371 0.01159432 0.02181088 0.01297731 0.01907291 0.01584775 0.01676303 0.01113756 0.01552636 0.01793781 0.02594371 0.02198776 0.01003957 0.02480381 
0.02063146 0.02020602 0.01788109 0.01689011 0.01750073 0.01814064 0.01907291 0.00000000 0.01907291 0.02078256 0.01907291 0.01829167 0.01936149 0.01768490 0.02078256 0.02078256 0.01907291 0.01907291 0.01730308 0.01805280 0.02078256 0.01907291 0.01714437 0.01687742 0.01638919 0.01721720 0.02078256 0.01907291 0.01785313 0.01907291 0.01732647 0.01812791 0.01970234 0.01970234 0.01907291 0.01704481 0.01877232 0.01907291 0.02078256 0.01842321 0.02078256 0.01936149 0.02078256 0.02078256 0.01936149 0.01907291 0.01907291 0.01794392 0.01701312 0.01791364 0.01970234 0.01728035 0.01710593 0.02078256 0.01930360 0.01907291 0.01907291 0.01766531 0.01666388 0.01604722 0.01689226 0.01654124 0.01765231 0.01793795 0.01607309 0.01917772 0.01637582 0.01798183 0.01864253 0.01842265 0.01825472 0.01611331 0.01638815 0.01734947 0.01796241 0.01697723 0.01661977 0.01760705 0.02078256 0.02078256 0.01815167 0.02078256 0.01729047 0.01907291 0.01970234 0.01970234 0.01728082 0.01708158 0.01907291 0.01628145 0.01693140 0.01835650 0.02078256 0.01638261 0.02078256 0.02078256 0.02078256 0.01783628 0.01877371 0.02078256 0.02078256 0.01907291 0.01907291 0.01877989 0.01970234 0.01970234 0.01663035 0.01771194 0.02063146 0.01757928 0.01907291 0.01775379 0.01672466 0.02078256 0.01907291 0.01656862 0.01675564 0.01743643 0.02078256 0.01671934 0.01907291 0.01835931 0.01687208 0.01708007 0.01602361 0.01810356 0.01811099 0.01815252 0.01682875 0.01869925 0.02078256 0.01708625 0.01625216 0.01845310 0.02014725 0.02095031 0.01606953 0.01900449 0.01759413 0.01691065 0.01679268 0.01672829 0.01907291 0.01641343 0.01795501 0.01646144 0.01664420 0.01907291 0.01623771 0.01759825 0.01759106 0.01806025 0.01763124 0.01689346 0.01657832 0.01734592 0.02078256 0.01701971 0.01740870 0.02078256 0.01662914 0.01785007 0.01868300 0.02078256 0.01907291 0.01719859 0.01970234 0.01654935 0.01731122 0.01714302 0.01907291 0.01814169 0.01907291 0.02078256 0.01761425 0.01907291 0.01798736 0.01907291 0.01647568 0.02078256 0.01805280 0.01877371 0.01715747 0.01893144 0.01855003 0.01683247 0.01602140 0.01669836 0.01907291 0.01741120 0.02078256 0.02078256 0.01716580 0.01624948 0.01907291 0.01763737 0.01874946 0.01693960 0.02078256 0.01664370 0.01715845 0.01691083 0.01719871 0.01717357 0.01907291 0.01803464 0.01636002 0.01970234 
0.01718282 0.02114105 0.01906187 0.01045607 0.01816818 0.02210138 0.02594371 0.01907291 0.00000000 0.01907291 0.02594371 0.01858601 0.01346492 0.01939356 0.01907291 0.01907291 0.02594371 0.02594371 0.01815762 0.02183923 0.01907291 0.02594371 0.01751576 0.01660648 0.01454156 0.01746910 0.01907291 0.02594371 0.02029602 0.02594371 0.01853116 0.01773196 0.02480381 0.02480381 0.02594371 0.01662445 0.02442878 0.02594371 0.01907291 0.01990530 0.01907291 0.01346492 0.01907291 0.01907291 0.01346492 0.02594371 0.02594371 0.01770078 0.01697759 0.01782313 0.02480381 0.01169393 0.01734925 0.01907291 0.01307390 0.02594371 0.02594371 0.01948387 0.01576645 0.01346438 0.01692856 0.01456553 0.02011486 0.02107861 0.00931664 0.01201326 0.00876257 0.02124873 0.02409920 0.02327074 0.02280385 0.01325293 0.01475613 0.01323848 0.01249619 0.01651475 0.01183255 0.01191102 0.01907291 0.01907291 0.01711481 0.01907291 0.01778743 0.02594371 0.02480381 0.02480381 0.01781173 0.01067053 0.02594371 0.00971389 0.01086789 0.02024889 0.01907291 0.01486334 0.01907291 0.01907291 0.01907291 0.00917543 0.02456273 0.01907291 0.01907291 0.02594371 0.02594371 0.01309423 0.02480381 0.02480381 0.01582360 0.01613303 0.01718282 0.01489216 0.02594371 0.02017248 0.01079191 0.01907291 0.02594371 0.01546853 0.01278263 0.01877240 0.01907291 0.01599927 0.02594371 0.02310451 0.00976192 0.01775970 0.01331112 0.01748800 0.02210844 0.02251141 0.01639836 0.01262420 0.01907291 0.01360042 0.01410009 0.02099199 0.01510632 0.01678423 0.01280042 0.01317653 0.01977943 0.01385487 0.01377376 0.01587717 0.02594371 0.01267095 0.01647165 0.01032874 0.01534619 0.02594371 0.01357688 0.00887524 0.01983962 0.01829059 0.01908793 0.01102243 0.01572148 0.01162849 0.01907291 0.01716006 0.01569753 0.01907291 0.01592345 0.02057502 0.02411478 0.01907291 0.02594371 0.01061016 0.02480381 0.00835711 0.01405119 0.01378049 0.02594371 0.02234108 0.02594371 0.01907291 0.02031212 0.02594371 0.01067568 0.02594371 0.01503820 0.01907291 0.02183923 0.02456273 0.01377196 0.02511507 0.01102080 0.01200935 0.01302831 0.01582834 0.02594371 0.01542353 0.01907291 0.01907291 0.01762182 0.01413571 0.02594371 0.01159432 0.02181088 0.01297731 0.01907291 0.01584775 0.01676303 0.01113756 0.01552636 0.01793781 0.02594371 0.02198776 0.01003957 0.02480381 
0.02063146 0.02020602 0.01788109 0.01689011 0.01750073 0.01814064 0.01907291 0.02078256 0.01907291 0.00000000 0.01907291 0.01829167 0.01936149 0.01768490 0.02078256 0.02078256 0.01907291 0.01907291 0.01730308 0.01805280 0.02078256 0.01907291 0.01714437 0.01687742 0.01638919 0.01721720 0.02078256 0.01907291 0.01785313 0.01907291 0.01732647 0.01812791 0.01970234 0.01970234 0.01907291 0.01704481 0.01877232 0.01907291 0.02078256 0.01842321 0.02078256 0.01936149 0.02078256 0.02078256 0.01936149 0.01907291 0.01907291 0.01794392 0.01701312 0.01791364 0.01970234 0.01728035 0.01710593 0.02078256 0.01930360 0.01907291 0.01907291 0.01766531 0.01666388 0.01604722 0.01689226 0.01654124 0.01765231 0.01793795 0.01607309 0.01917772 0.01637582 0.01798183 0.01864253 0.01842265 0.01825472 0.01611331 0.01638815 0.01734947 0.01796241 0.01697723 0.01661977 0.01760705 0.02078256 0.02078256 0.01815167 0.02078256 0.01729047 0.01907291 0.01970234 0.01970234 0.01728082 0.01708158 0.01907291 0.01628145 0.01693140 0.01835650 0.02078256 0.01638261 0.02078256 0.02078256 0.02078256 0.01783628 0.01877371 0.02078256 0.02078256 0.01907291 0.01907291 0.01877989 0.01970234 0.01970234 0.01663035 0.01771194 0.02063146 0.01757928 0.01907291 0.01775379 0.01672466 0.02078256 0.01907291 0.01656862 0.01675564 0.01743643 0.02078256 0.01671934 0.01907291 0.01835931 0.01687208 0.01708007 0.01602361 0.01810356 0.01811099 0.01815252 0.01682875 0.01869925 0.02078256 0.01708625 0.01625216 0.01845310 0.02014725 0.02095031 0.01606953 0.01900449 0.01759413 0.01691065 0.01679268 0.01672829 0.01907291 0.01641343 0.01795501 0.01646144 0.01664420 0.01907291 0.01623771 0.01759825 0.01759106 0.01806025 0.01763124 0.01689346 0.01657832 0.01734592 0.02078256 0.01701971 0.01740870 0.02078256 0.01662914 0.01785007 0.01868300 0.02078256 0.01907291 0.01719859 0.01970234 0.01654935 0.01731122 0.01714302 0.01907291 0.01814169 0.01907291 0.02078256 0.01761425 0.01907291 0.01798736 0.01907291 0.01647568 0.02078256 0.01805280 0.01877371 0.01715747 0.01893144 0.01855003 0.01683247 0.01602140 0.01669836 0.01907291 0.01741120 0.02078256 0.02078256 0.01716580 0.01624948 0.01907291 0.01763737 0.01874946 0.01693960 0.02078256 0.01664370 0.01715845 0.01691083 0.01719871 0.01717357 0.01907291 0.01803464 0.01636002 0.01970234 
0.01718282 0.02114105 0.01906187 0.01045607 0.01816818 0.02210138 0.02594371 0.01907291 0.02594371 0.01907291 0.00000000 0.01858601 0.01346492 0.01939356 0.01907291 0.01907291 0.02594371 0.02594371 0.01815762 0.02183923 0.01907291 0.02594371 0.01751576 0.01660648 0.01454156 0.01746910 0.01907291 0.02594371 0.02029602 0.02594371 0.01853116 0.01773196 0.02480381 0.02480381 0.02594371 0.01662445 0.02442878 0.02594371 0.01907291 0.01990530 0.01907291 0.01346492 0.01907291 0.01907291 0.01346492 0.02594371 0.02594371 0.01770078 0.01697759 0.01782313 0.02480381 0.01169393 0.01734925 0.01907291 0.01307390 0.02594371 0.02594371 0.01948387 0.01576645 0.01346438 0.01692856 0.01456553 0.02011486 0.02107861 0.00931664 0.01201326 0.00876257 0.02124873 0.02409920 0.02327074 0.02280385 0.01325293 0.01475613 0.01323848 0.01249619 0.01651475 0.01183255 0.01191102 0.01907291 0.01907291 0.01711481 0.01907291 0.01778743 0.02594371 0.02480381 0.02480381 0.01781173 0.01067053 0.02594371 0.00971389 0.01086789 0.02024889 0.01907291 0.01486334 0.01907291 0.01907291 0.01907291 0.00917543 0.02456273 0.01907291 0.01907291 0.02594371 0.02594371 0.01309423 0.02480381 0.02480381 0.01582360 0.01613303 0.01718282 0.01489216 0.02594371 0.02017248 0.01079191 0.01907291 0.02594371 0.01546853 0.01278263 0.01877240 0.01907291 0.01599927 0.02594371 0.02310451 0.00976192 0.01775970 0.01331112 0.01748800 0.02210844 0.02251141 0.01639836 0.01262420 0.01907291 0.01360042 0.01410009 0.02099199 0.01510632 0.01678423 0.01280042 0.01317653 0.01977943 0.01385487 0.01377376 0.01587717 0.02594371 0.01267095 0.01647165 0.01032874 0.01534619 0.02594371 0.01357688 0.00887524 0.01983962 0.01829059 0.01908793 0.01102243 0.01572148 0.01162849 0.01907291 0.01716006 0.01569753 0.01907291 0.01592345 0.02057502 0.02411478 0.01907291 0.02594371 0.01061016 0.02480381 0.00835711 0.01405119 0.01378049 0.02594371 0.02234108 0.02594371 0.01907291 0.02031212 0.02594371 0.01067568 0.02594371 0.01503820 0.01907291 0.02183923 0.02456273 0.01377196 0.02511507 0.01102080 0.01200935 0.01302831 0.01582834 0.02594371 0.01542353 0.01907291 0.01907291 0.01762182 0.01413571 0.02594371 0.01159432 0.02181088 0.01297731 0.01907291 0.01584775 0.01676303 0.01113756 0.01552636 0.01793781 0.02594371 0.02198776 0.01003957 0.02480381 
0.01704019 0.01434218 0.02553523 0.02166809 0.01625382 0.01381619 0.01858601 0.01829167 0.01858601 0.01829167 0.01858601 0.00000000 0.01400687 0.02080682 0.01829167 0.01829167 0.01858601 0.01858601 0.00978775 0.01326062 0.01829167 0.01858601 0.01482149 0.01600135 0.02415008 0.02020734 0.01829167 0.01858601 0.01318527 0.01858601 0.02581651 0.02731376 0.01897166 0.01897166 0.01858601 0.01966789 0.01593925 0.01858601 0.01829167 0.00841465 0.01829167 0.01400687 0.01829167 0.01829167 0.01400687 0.01858601 0.01858601 0.00683749 0.02893569 0.02990363 0.01897166 0.02488649 0.01645365 0.01829167 0.01686149 0.01858601 0.01858601 0.01540031 0.01273915 0.01092683 0.01039032 0.01462870 0.01945192 0.01236450 0.02502718 0.01632138 0.01549054 0.01565758 0.01549434 0.01484228 0.01428842 0.01785711 0.02217186 0.01411488 0.00537429 0.01883435 0.01920233 0.01524847 0.01829167 0.01829167 0.00822129 0.01829167 0.00906944 0.01858601 0.01897166 0.01897166 0.02031086 0.02305743 0.01858601 0.02065398 0.02813200 0.00922399 0.01829167 0.03491917 0.01829167 0.01829167 0.01829167 0.02127941 0.01604406 0.01829167 0.01829167 0.01858601 0.01858601 0.02165041 0.01897166 0.01897166 0.02181136 0.03178331 0.01704019 0.02410324 0.01858601 0.03091569 0.02029419 0.01829167 0.01858601 0.02014334 0.02079676 0.01156960 0.01829167 0.01147028 0.01858601 0.01462859 0.01012856 0.02767266 0.01070081 0.03258159 0.01348146 0.03764489 0.01370976 0.02983983 0.01829167 0.00564366 0.01389044 0.04096605 0.01725456 0.01609614 0.02332274 0.03105614 0.01638875 0.00206286 0.01310930 0.00760425 0.01858601 0.01981444 0.00917947 0.03046847 0.03452868 0.01858601 0.01906211 0.01494442 0.01166605 0.00781756 0.01544814 0.03308497 0.00997451 0.02203745 0.01829167 0.02662903 0.01059596 0.01829167 0.01391963 0.01343577 0.01561105 0.01829167 0.01858601 0.01589937 0.01897166 0.02029295 0.02731520 0.01237702 0.01858601 0.03632865 0.01858601 0.01829167 0.03116766 0.01858601 0.00966335 0.01858601 0.01604639 0.01829167 0.01326062 0.01604406 0.00938192 0.01687537 0.01470549 0.04236201 0.01812808 0.02059726 0.01858601 0.01090328 0.01829167 0.01829167 0.01258496 0.02188569 0.01858601 0.01969133 0.01441190 0.00963489 0.01829167 0.02283173 0.01335866 0.01151822 0.03163629 0.00923199 0.01858601 0.03488168 0.02528629 0.01897166 
0.01782568 0.01675652 0.01109309 0.01960717 0.01318325 0.01218817 0.01346492 0.01936149 0.01346492 0.01936149 0.01346492 0.01400687 0.00000000 0.01243290 0.01936149 0.01936149 0.01346492 0.01346492 0.01778691 0.03563932 0.01936149 0.01346492 0.02279308 0.01263350 0.01582193 0.01176464 0.01936149 0.01346492 0.03092268 0.01346492 0.01782784 0.01375305 0.01444783 0.01444783 0.01346492 0.02383785 0.01290760 0.01346492 0.01936149 0.03392621 0.01936149 0.04082705 0.01936149 0.01936149 0.04082705 0.01346492 0.01346492 0.03440818 0.01713996 0.01253380 0.01444783 0.01699884 0.02985325 0.01936149 0.01498653 0.01346492 0.01346492 0.02619718 0.02866302 0.02464381 0.01325444 0.02179259 0.01395209 0.01142129 0.01594264 0.01408518 0.02303146 0.01305096 0.01266493 0.01315699 0.01199977 0.01752782 0.02522780 0.02801933 0.02216228 0.02239597 0.02747551 0.01727078 0.01936149 0.01936149 0.02604739 0.01936149 0.01736530 0.01346492 0.01444783 0.01444783 0.01381884 0.01806229 0.01346492 0.01855550 0.01996839 0.03477195 0.01936149 0.01555775 0.01936149 0.01936149 0.01936149 0.03389354 0.01288889 0.01936149 0.01936149 0.01346492 0.01346492 0.01730567 0.01444783 0.01444783 0.02781161 0.01240527 0.01782568 0.02829099 0.01346492 0.01250766 0.01694850 0.01936149 0.01346492 0.02409827 0.02200426 0.01174411 0.01936149 0.01336532 0.01346492 0.01311210 0.02141000 0.01205452 0.02544818 0.01288411 0.01157050 0.01187892 0.01195011 0.02163557 0.01936149 0.01906619 0.01479659 0.01355952 0.01616645 0.01743864 0.01888463 0.01483411 0.01520433 0.02711332 0.02189945 0.01542986 0.01346492 0.02451124 0.02937547 0.02244646 0.01969574 0.01346492 0.02531908 0.01827073 0.01122489 0.01227077 0.02774081 0.02801344 0.01583560 0.02017729 0.01936149 0.02197305 0.03356609 0.01936149 0.01358915 0.01133632 0.01268127 0.01936149 0.01346492 0.02051406 0.01444783 0.01479971 0.02557378 0.02248581 0.01346492 0.01182467 0.01346492 0.01936149 0.01162471 0.01346492 0.01547534 0.01346492 0.02328425 0.01936149 0.03563932 0.01288889 0.03028315 0.01311821 0.01317743 0.01335453 0.02120151 0.01777686 0.01346492 0.01281026 0.01936149 0.01936149 0.03024653 0.01593493 0.01346492 0.03051396 0.01451784 0.03038707 0.01936149 0.02353481 0.02656349 0.02317540 0.02430428 0.01525825 0.01346492 0.01199062 0.01482008 0.01444783 
0.01531843 0.01651541 0.01288511 0.02967186 0.00901215 0.02444362 0.01939356 0.01768490 0.01939356 0.01768490 0.01939356 0.02080682 0.01243290 0.00000000 0.01768490 0.01768490 0.01939356 0.01939356 0.03695708 0.01429813 0.01768490 0.01939356 0.02150652 0.02082354 0.01953910 0.03427109 0.01768490 0.01939356 0.01773750 0.01939356 0.01075791 0.01671077 0.01921206 0.01921206 0.01939356 0.01228429 0.01729697 0.01939356 0.01768490 0.01345033 0.01768490 0.01243290 0.01768490 0.01768490 0.01243290 0.01939356 0.01939356 0.01223154 0.01163433 0.03757212 0.01921206 0.00551373 0.02632186 0.01768490 0.02195123 0.01939356 0.01939356 0.01021573 0.00699629 0.01374420 0.00648751 0.02540025 0.02010713 0.02383580 0.02341339 0.02199664 0.01415259 0.01672648 0.01700447 0.01680650 0.01563735 0.03149139 0.01550963 0.02258145 0.01170281 0.01345659 0.01936926 0.02169664 0.01768490 0.01768490 0.01820755 0.01768490 0.01224104 0.01939356 0.01921206 0.01921206 0.03316981 0.02617843 0.01939356 0.02082774 0.01629866 0.01360590 0.01768490 0.02205991 0.01768490 0.01768490 0.01768490 0.01591628 0.01745576 0.01768490 0.01768490 0.01939356 0.01939356 0.01318763 0.01921206 0.01921206 0.00829830 0.01880262 0.01531843 0.01334822 0.01939356 0.01454383 0.01684817 0.01768490 0.01939356 0.01194992 0.02442540 0.03313269 0.01768490 0.00769123 0.01939356 0.01725632 0.01697896 0.00889071 0.02102493 0.01293493 0.02701614 0.01491761 0.02395194 0.00787229 0.01768490 0.02981236 0.01278871 0.02839040 0.01487420 0.01488434 0.00837364 0.01398945 0.00963610 0.03105018 0.00438125 0.02225999 0.01939356 0.01386371 0.01456059 0.02003132 0.02511205 0.01939356 0.01337492 0.02214360 0.02049487 0.02289361 0.01816199 0.01110700 0.03233278 0.00244339 0.01768490 0.02282470 0.01542612 0.01768490 0.01245135 0.01742086 0.01686046 0.01768490 0.01939356 0.02638611 0.01921206 0.01850014 0.01853216 0.01864217 0.01939356 0.02701385 0.01939356 0.01768490 0.02133690 0.01939356 0.04237021 0.01939356 0.01515460 0.01768490 0.01429813 0.01745576 0.01374742 0.01811135 0.03948106 0.02834926 0.01913071 0.01489899 0.01939356 0.02593205 0.01768490 0.01768490 0.01383604 0.02130684 0.01939356 0.00832854 0.01672266 0.01632207 0.01768490 0.01898025 0.01624556 0.01583828 0.02199712 0.02930655 0.01939356 0.02562388 0.01280235 0.01921206 
0.02063146 0.02020602 0.01788109 0.01689011 0.01750073 0.01814064 0.01907291 0.02078256 0.01907291 0.02078256 0.01907291 0.01829167 0.01936149 0.01768490 0.00000000 0.02078256 0.01907291 0.01907291 0.01730308 0.01805280 0.02078256 0.01907291 0.01714437 0.01687742 0.01638919 0.01721720 0.02078256 0.01907291 0.01785313 0.01907291 0.01732647 0.01812791 0.01970234 0.01970234 0.01907291 0.01704481 0.01877232 0.01907291 0.02078256 0.01842321 0.02078256 0.01936149 0.02078256 0.02078256 0.01936149 0.01907291 0.01907291 0.01794392 0.01701312 0.01791364 0.01970234 0.01728035 0.01710593 0.02078256 0.01930360 0.01907291 0.01907291 0.01766531 0.01666388 0.01604722 0.01689226 0.01654124 0.01765231 0.01793795 0.01607309 0.01917772 0.01637582 0.01798183 0.01864253 0.01842265 0.01825472 0.01611331 0.01638815 0.01734947 0.01796241 0.01697723 0.01661977 0.01760705 0.02078256 0.02078256 0.01815167 0.02078256 0.01729047 0.01907291 0.01970234 0.01970234 0.01728082 0.01708158 0.01907291 0.01628145 0.01693140 0.01835650 0.02078256 0.01638261 0.02078256 0.02078256 0.02078256 0.01783628 0.01877371 0.02078256 0.02078256 0.01907291 0.01907291 0.01877989 0.01970234 0.01970234 0.01663035 0.01771194 0.02063146 0.01757928 0.01907291 0.01775379 0.01672466 0.02078256 0.01907291 0.01656862 0.01675564 0.01743643 0.02078256 0.01671934 0.01907291 0.01835931 0.01687208 0.01708007 0.01602361 0.01810356 0.01811099 0.01815252 0.01682875 0.01869925 0.02078256 0.01708625 0.01625216 0.01845310 0.02014725 0.02095031 0.01606953 0.01900449 0.01759413 0.01691065 0.01679268 0.01672829 0.01907291 0.01641343 0.01795501 0.01646144 0.01664420 0.01907291 0.01623771 0.01759825 0.01759106 0.01806025 0.01763124 0.01689346 0.01657832 0.01734592 0.02078256 0.01701971 0.01740870 0.02078256 0.01662914 0.01785007 0.01868300 0.02078256 0.01907291 0.01719859 0.01970234 0.01654935 0.01731122 0.01714302 0.01907291 0.01814169 0.01907291 0.02078256 0.01761425 0.01907291 0.01798736 0.01907291 0.01647568 0.02078256 0.01805280 0.01877371 0.01715747 0.01893144 0.01855003 0.01683247 0.01602140 0.01669836 0.01907291 0.01741120 0.02078256 0.02078256 0.01716580 0.01624948 0.01907291 0.01763737 0.01874946 0.01693960 0.02078256 0.01664370 0.01715845 0.01691083 0.01719871 0.01717357 0.01907291 0.01803464 0.01636002 0.01970234 
0.02063146 0.02020602 0.01788109 0.01689011 0.01750073 0.01814064 0.01907291 0.02078256 0.01907291 0.02078256 0.01907291 0.01829167 0.01936149 0.01768490 0.02078256 0.00000000 0.01907291 0.01907291 0.01730308 0.01805280 0.02078256 0.01907291 0.01714437 0.01687742 0.01638919 0.01721720 0.02078256 0.01907291 0.01785313 0.01907291 0.01732647 0.01812791 0.01970234 0.01970234 0.01907291 0.01704481 0.01877232 0.01907291 0.02078256 0.01842321 0.02078256 0.01936149 0.02078256 0.02078256 0.01936149 0.01907291 0.01907291 0.01794392 0.01701312 0.01791364 0.01970234 0.01728035 0.01710593 0.02078256 0.01930360 0.01907291 0.01907291 0.01766531 0.01666388 0.01604722 0.01689226 0.01654124 0.01765231 0.01793795 0.01607309 0.01917772 0.01637582 0.01798183 0.01864253 0.01842265 0.01825472 0.01611331 0.01638815 0.01734947 0.01796241 0.01697723 0.01661977 0.01760705 0.02078256 0.02078256 0.01815167 0.02078256 0.01729047 0.01907291 0.01970234 0.01970234 0.01728082 0.01708158 0.01907291 0.01628145 0.01693140 0.01835650 0.02078256 0.01638261 0.02078256 0.02078256 0.02078256 0.01783628 0.01877371 0.02078256 0.02078256 0.01907291 0.01907291 0.01877989 0.01970234 0.01970234 0.01663035 0.01771194 0.02063146 0.01757928 0.01907291 0.01775379 0.01672466 0.02078256 0.01907291 0.01656862 0.01675564 0.01743643 0.02078256 0.01671934 0.01907291 0.01835931 0.01687208 0.01708007 0.01602361 0.01810356 0.01811099 0.01815252 0.01682875 0.01869925 0.02078256 0.01708625 0.01625216 0.01845310 0.02014725 0.02095031 0.01606953 0.01900449 0.01759413 0.01691065 0.01679268 0.01672829 0.01907291 0.01641343 0.01795501 0.01646144 0.01664420 0.01907291 0.01623771 0.01759825 0.01759106 0.01806025 0.01763124 0.01689346 0.01657832 0.01734592 0.02078256 0.01701971 0.01740870 0.02078256 0.01662914 0.01785007 0.01868300 0.02078256 0.01907291 0.01719859 0.01970234 0.01654935 0.01731122 0.01714302 0.01907291 0.01814169 0.01907291 0.02078256 0.01761425 0.01907291 0.01798736 0.01907291 0.01647568 0.02078256 0.01805280 0.01877371 0.01715747 0.01893144 0.01855003 0.01683247 0.01602140 0.01669836 0.01907291 0.01741120 0.02078256 0.02078256 0.01716580 0.01624948 0.01907291 0.01763737 0.01874946 0.01693960 0.02078256 0.01664370 0.01715845 0.01691083 0.01719871 0.01717357 0.01907291 0.01803464 0.01636002 0.01970234 
0.01718282 0.02114105 0.01906187 0.01045607 0.01816818 0.02210138 0.02594371 0.01907291 0.02594371 0.01907291 0.02594371 0.01858601 0.01346492 0.01939356 0.01907291 0.01907291 0.00000000 0.02594371 0.01815762 0.02183923 0.01907291 0.02594371 0.01751576 0.01660648 0.01454156 0.01746910 0.01907291 0.02594371 0.02029602 0.02594371 0.01853116 0.01773196 0.02480381 0.02480381 0.02594371 0.01662445 0.02442878 0.02594371 0.01907291 0.01990530 0.01907291 0.01346492 0.01907291 0.01907291 0.01346492 0.02594371 0.02594371 0.01770078 0.01697759 0.01782313 0.02480381 0.01169393 0.01734925 0.01907291 0.01307390 0.02594371 0.02594371 0.01948387 0.01576645 0.01346438 0.01692856 0.01456553 0.02011486 0.02107861 0.00931664 0.01201326 0.00876257 0.02124873 0.02409920 0.02327074 0.02280385 0.01325293 0.01475613 0.01323848 0.01249619 0.01651475 0.01183255 0.01191102 0.01907291 0.01907291 0.01711481 0.01907291 0.01778743 0.02594371 0.02480381 0.02480381 0.01781173 0.01067053 0.02594371 0.00971389 0.01086789 0.02024889 0.01907291 0.01486334 0.01907291 0.01907291 0.01907291 0.00917543 0.02456273 0.01907291 0.01907291 0.02594371 0.02594371 0.01309423 0.02480381 0.02480381 0.01582360 0.01613303 0.01718282 0.01489216 0.02594371 0.02017248 0.01079191 0.01907291 0.02594371 0.01546853 0.01278263 0.01877240 0.01907291 0.01599927 0.02594371 0.02310451 0.00976192 0.01775970 0.01331112 0.01748800 0.02210844 0.02251141 0.01639836 0.01262420 0.01907291 0.01360042 0.01410009 0.02099199 0.01510632 0.01678423 0.01280042 0.01317653 0.01977943 0.01385487 0.01377376 0.01587717 0.02594371 0.01267095 0.01647165 0.01032874 0.01534619 0.02594371 0.01357688 0.00887524 0.01983962 0.01829059 0.01908793 0.01102243 0.01572148 0.01162849 0.01907291 0.01716006 0.01569753 0.01907291 0.01592345 0.02057502 0.02411478 0.01907291 0.02594371 0.01061016 0.02480381 0.00835711 0.01405119 0.01378049 0.02594371 0.02234108 0.02594371 0.01907291 0.02031212 0.02594371 0.01067568 0.02594371 0.01503820 0.01907291 0.02183923 0.02456273 0.01377196 0.02511507 0.01102080 0.01200935 0.01302831 0.01582834 0.02594371 0.01542353 0.01907291 0.01907291 0.01762182 0.01413571 0.02594371 0.01159432 0.02181088 0.01297731 0.01907291 0.01584775 0.01676303 0.01113756 0.01552636 0.01793781 0.02594371 0.02198776 0.01003957 0.02480381 
