0.00000000 0.08561512 0.08417548 0.08023748 0.08137546 0.07470650 0.07559574 0.07585250 0.07523357 0.07604483 0.07515019 0.07830225 0.07561772 0.07593579 0.07509259 0.07875873 0.07569095 0.07648444 0.07538865 0.07543377 0.08053132 0.07391745 0.07479502 0.07560613 0.07657901 0.07602696 0.07906150 0.07352993 0.07511698 0.07423033 0.07698036 0.07637677 0.07620206 0.07592985 0.07298715 0.07531973 0.07506425 0.07418206 0.07709719 0.07836104 0.07635686 0.07962472 0.08221728 0.07901484 0.08066693 0.08013636 0.07510358 0.07837057 0.07619022 0.07347125 0.07432501 0.07787696 0.07415439 0.07542684 0.07477091 0.07381870 0.08262794 0.07429803 0.07817368 0.07780956 0.07735939 0.07408809 0.07897521 0.07437476 0.07784918 0.07321056 0.07662192 0.07501213 0.07425501 0.07327001 0.07451305 0.07717222 0.07460937 0.07603569 0.07824803 0.07515278 0.07822213 0.07628205 0.07750649 0.07551332 0.07672492 0.07437274 0.07579869 0.07554231 0.07585127 0.07496987 0.07584267 0.08006952 0.07573384 0.07837689 0.07819467 0.07698230 0.07553522 0.07672397 0.07532908 0.07816197 0.07779813 0.07572262 0.07808809 0.08071672 0.08149498 0.07535797 0.08296205 0.07946416 0.07554421 0.07581210 0.07646579 0.07480711 0.08190025 0.07952982 0.07438204 0.07326942 0.07810712 0.08011068 0.07808668 0.07793113 0.07811150 0.07528191 0.07395665 0.07632245 0.07560977 0.07495188 0.07818888 0.07838555 0.07850700 0.07931315 0.07475038 0.07513581 0.07857030 0.07697603 0.07712045 0.07828404 0.07887955 0.07386369 0.08304645 0.07724451 0.08036423 0.07659604 0.07604752 0.07457419 0.07744161 0.07589945 0.07429153 0.07920356 0.07375467 0.07888794 0.07843495 0.07586530 0.07878363 0.07751318 0.07536394 0.07654073 0.07514141 0.07763318 0.07495565 0.07813568 0.07459643 0.07699355 0.07379153 0.07475223 0.07763582 0.07697372 0.07889160 0.08036757 0.07428570 0.07769870 0.07511148 0.08094181 0.07675756 0.07436776 0.07412675 0.07391079 0.07356664 0.07735194 0.07377816 0.07868076 0.07788022 0.07467901 0.07831801 0.07686642 0.07581665 0.07421624 0.07964511 0.07445141 0.07508658 0.07637221 0.07843429 0.07717394 0.07438564 0.07634185 0.07757653 0.07415112 0.07858681 0.07650846 0.07425750 0.07916163 0.07593080 0.07696973 0.07938329 0.07618398 0.08014719 0.07825583 0.07748710 0.07592882 0.07596998 0.07544335 0.08082480 0.07880101 
0.08561512 0.00000000 0.12955016 0.14411270 0.10311264 0.08556836 0.09677078 0.08288054 0.07562919 0.06991342 0.07396283 0.06947465 0.07272461 0.07894502 0.05892596 0.08704977 0.07917529 0.06554097 0.07433657 0.08092333 0.07648588 0.07300596 0.09778956 0.08602353 0.09261056 0.06239929 0.06654764 0.08823733 0.08336911 0.08027060 0.06823708 0.05572371 0.05203578 0.05118573 0.07026320 0.07093216 0.05955800 0.07113278 0.06642164 0.05956434 0.06912921 0.06366545 0.08556051 0.06590415 0.07145173 0.06779937 0.07973137 0.07860525 0.08063679 0.08245218 0.07832954 0.09098757 0.08523641 0.06672245 0.07908680 0.07510260 0.08868815 0.07888056 0.05331242 0.08461042 0.09134332 0.08818333 0.07738540 0.06842375 0.07410127 0.08101569 0.08037788 0.09065080 0.06071356 0.07114697 0.07949267 0.07497192 0.06553630 0.06204309 0.06379194 0.07322239 0.07966836 0.07224442 0.06309469 0.05759892 0.07623977 0.08086510 0.07722527 0.08090237 0.11446539 0.09157999 0.08849813 0.07238159 0.08486291 0.07904468 0.07086251 0.07308546 0.05969831 0.07276057 0.08545610 0.07279495 0.07493356 0.06307168 0.06085829 0.07004969 0.06828676 0.06632613 0.09185902 0.07213077 0.08286527 0.09289683 0.08493495 0.07480614 0.09882847 0.06859994 0.07603221 0.07401956 0.08916223 0.07847942 0.08097916 0.06931203 0.06827909 0.06421298 0.07447249 0.06891959 0.07464140 0.06267950 0.08187389 0.09420130 0.07505638 0.06335977 0.09223060 0.07554970 0.06648051 0.06575216 0.07797024 0.06259592 0.07236630 0.05690390 0.07890241 0.06443160 0.08334567 0.07140458 0.06276582 0.09054524 0.09077206 0.09559996 0.07434456 0.08942979 0.08494748 0.06823951 0.06920578 0.08632238 0.08345206 0.07163996 0.06290140 0.08850501 0.06373483 0.07405082 0.07526278 0.07598246 0.08519839 0.08514469 0.07102626 0.05855767 0.06647926 0.08266295 0.06324615 0.06180135 0.08430379 0.07567027 0.08872778 0.07612876 0.07821621 0.09497463 0.08426007 0.06479870 0.07120054 0.05600403 0.07681126 0.05743608 0.06754940 0.07363011 0.07126805 0.06943388 0.07025293 0.07632227 0.07042168 0.07605057 0.07660581 0.07564997 0.07421498 0.06308238 0.08373955 0.08311221 0.07021412 0.08044655 0.07151382 0.06997457 0.08098276 0.07188579 0.09240984 0.09304365 0.11973238 0.09133075 0.09774885 0.09574124 0.10033742 0.09433026 0.10793770 0.07350527 0.06107600 0.05920388 
0.08417548 0.12955016 0.00000000 0.12238039 0.10624087 0.09384443 0.07954401 0.07139922 0.09058680 0.09676370 0.08016854 0.06418451 0.07666499 0.09111756 0.07350899 0.10151383 0.07768447 0.08537032 0.07094442 0.08361559 0.07258140 0.08185497 0.07656060 0.08213938 0.08330811 0.06834126 0.06875317 0.08944547 0.09416535 0.07976057 0.08052297 0.07397149 0.07164243 0.06177613 0.06928107 0.07378050 0.06436976 0.07879949 0.06454874 0.05423200 0.06728755 0.06597202 0.07971080 0.08195126 0.07250246 0.06861924 0.08272951 0.06000197 0.07920123 0.09308363 0.08549687 0.07887425 0.08898011 0.06519495 0.07293828 0.06743168 0.09368136 0.08540806 0.07364276 0.08653494 0.07498221 0.08010933 0.08984182 0.08076137 0.08248107 0.09421145 0.07887134 0.07025106 0.08191025 0.06637462 0.06692132 0.08134251 0.08100603 0.06925283 0.06698710 0.06195749 0.08153577 0.07210101 0.07861699 0.04222608 0.06908641 0.07205983 0.07711038 0.08003590 0.10937678 0.09877167 0.06977241 0.06946343 0.07694996 0.07892421 0.07474884 0.05597555 0.06213126 0.06636465 0.10048509 0.08368120 0.06727419 0.06998283 0.06332191 0.06183141 0.05862704 0.06779580 0.09800413 0.07904966 0.07841798 0.06608077 0.10926197 0.09110790 0.08491240 0.06356954 0.07371550 0.06770281 0.08482555 0.06941262 0.06664752 0.06674406 0.06081412 0.06926317 0.07180202 0.06564955 0.08000089 0.06520273 0.07320277 0.07019178 0.09362524 0.05426430 0.06398902 0.07940958 0.07319825 0.05947244 0.07726465 0.08627649 0.06807188 0.05965434 0.09054566 0.07800435 0.08120558 0.08153616 0.08028248 0.06372695 0.07015147 0.07978435 0.08908484 0.07555042 0.07372880 0.08246990 0.07676601 0.09042119 0.07929801 0.09128273 0.07200411 0.07698915 0.07668362 0.06824096 0.07682787 0.07362850 0.07918207 0.07314400 0.07517516 0.06408256 0.06256575 0.05852322 0.07212077 0.04789906 0.08489981 0.08836426 0.08266011 0.07796857 0.08627324 0.07770495 0.07927729 0.06517862 0.06652966 0.04965102 0.07546042 0.06425082 0.06672391 0.07437241 0.07111997 0.07939195 0.07890052 0.07273591 0.07167836 0.07647253 0.07879693 0.06584383 0.06341634 0.07074562 0.07041448 0.08683819 0.07709314 0.08245468 0.06576536 0.08367756 0.08518581 0.08509296 0.10484623 0.09743481 0.10404598 0.08171853 0.10391530 0.08511702 0.08336028 0.09891277 0.08991833 0.05268693 0.07464783 0.07472736 
0.08023748 0.14411270 0.12238039 0.00000000 0.15318585 0.12728783 0.07985325 0.07221856 0.06898268 0.10097569 0.07992891 0.07454252 0.08312051 0.06714528 0.08196573 0.07262162 0.06915026 0.07567663 0.09479729 0.06984813 0.05357538 0.08477908 0.07994252 0.09299897 0.09030401 0.04869804 0.05046884 0.08224389 0.08160094 0.06719296 0.08277083 0.08345240 0.07437456 0.11537591 0.06822809 0.04858547 0.08166243 0.04969871 0.08087440 0.08860049 0.07078794 0.08812647 0.08384763 0.04660730 0.08705104 0.08737593 0.07903159 0.09808658 0.06617364 0.05775297 0.06281649 0.06161898 0.12062919 0.05792227 0.09062348 0.05892002 0.08031851 0.08308546 0.09823451 0.08351885 0.05718510 0.06308853 0.07889439 0.07012589 0.08475128 0.06713342 0.06077015 0.06203229 0.07935333 0.06866159 0.09523000 0.09081643 0.07112731 0.07575253 0.10695400 0.07497103 0.09118381 0.07353302 0.10011649 0.04375713 0.07240821 0.06655184 0.05106803 0.06485243 0.07796975 0.07920780 0.11868042 0.06790921 0.06254852 0.06063898 0.04426534 0.08329067 0.09483485 0.08850298 0.07312007 0.10853896 0.10225833 0.07711511 0.07781867 0.07518852 0.08696654 0.08969958 0.08701189 0.06553638 0.05732760 0.06395777 0.06386901 0.09180985 0.06953630 0.09072420 0.08037744 0.05346721 0.09136325 0.05688029 0.10173864 0.06027354 0.05136179 0.09030792 0.05797693 0.08762001 0.09087039 0.06687329 0.06757553 0.07591093 0.06764496 0.07119963 0.09576731 0.07384861 0.07332491 0.06314133 0.07559481 0.05169661 0.05863016 0.06022588 0.07013791 0.07694923 0.05713252 0.11437610 0.06336728 0.06691668 0.08622043 0.07918796 0.09284764 0.08424753 0.09241540 0.07525213 0.09146997 0.06693941 0.04571885 0.07249153 0.08374332 0.09990187 0.07215168 0.06682515 0.06242485 0.07335051 0.08747363 0.07118110 0.06533046 0.07117576 0.07561689 0.05458260 0.06098200 0.05627510 0.08018252 0.07625436 0.06317077 0.07857579 0.09115583 0.07467222 0.06561054 0.07990690 0.08437013 0.07243564 0.07974984 0.07841175 0.09437961 0.05351725 0.08787730 0.05067806 0.06996006 0.05880402 0.06806673 0.08886848 0.06337523 0.07366047 0.06831233 0.06241539 0.05103777 0.07383302 0.06398400 0.06137515 0.09000619 0.06464230 0.05817359 0.09430320 0.09612321 0.10578765 0.08783270 0.10487014 0.07397523 0.12625090 0.09574755 0.10668767 0.08465992 0.05362779 0.09102795 0.07832270 
0.08137546 0.10311264 0.10624087 0.15318585 0.00000000 0.15744393 0.13106755 0.08903350 0.08491612 0.10131740 0.10810329 0.07656800 0.06951382 0.10763702 0.08487058 0.08896771 0.07728403 0.10839122 0.05498908 0.07377413 0.08985069 0.08283074 0.08442947 0.07594534 0.09766720 0.07761050 0.08700085 0.07484371 0.09393645 0.05690036 0.09933271 0.07683481 0.06544582 0.08341078 0.06864385 0.07781923 0.07530753 0.08771356 0.07575644 0.07160575 0.05397855 0.07646142 0.07699620 0.07958013 0.09671820 0.07891260 0.09217908 0.10095420 0.09290010 0.05886921 0.06519894 0.06235644 0.07731797 0.03182361 0.08698827 0.07994309 0.07973680 0.06021980 0.03974191 0.06858005 0.07948384 0.06852170 0.07234421 0.05669881 0.06761781 0.08270315 0.06236326 0.09817749 0.06814497 0.09229824 0.09608277 0.06778873 0.07435013 0.07194885 0.07995659 0.07564219 0.08398513 0.06408928 0.07429452 0.04370638 0.08130935 0.07981160 0.06570258 0.09168312 0.07689537 0.07834092 0.07007081 0.10012050 0.06005697 0.10725702 0.06622983 0.06965116 0.05244058 0.05819186 0.06565718 0.06176637 0.08105370 0.07058176 0.05862073 0.07436340 0.07493991 0.06319757 0.08453931 0.10392327 0.09238113 0.07531688 0.08090291 0.09008076 0.07912280 0.07416991 0.05512311 0.05687912 0.05999106 0.07194660 0.04518226 0.06129724 0.06585622 0.07169460 0.08901709 0.06823897 0.05627643 0.05059266 0.11678891 0.06073927 0.12980264 0.07304245 0.04672032 0.06320795 0.07211577 0.06847617 0.06603688 0.09508586 0.06201451 0.08537825 0.07098655 0.06872759 0.08350520 0.06501097 0.05610367 0.05989819 0.07696446 0.06548381 0.07346747 0.06148439 0.08190206 0.08881406 0.09352660 0.05204222 0.07076206 0.07572694 0.07595927 0.07082413 0.08304264 0.09058854 0.09619222 0.10464127 0.05903723 0.06826857 0.06754532 0.06621193 0.07709410 0.09174626 0.06827519 0.07316684 0.08220024 0.06593119 0.07413137 0.07878568 0.08399221 0.07503012 0.07739798 0.09121046 0.07900365 0.08628481 0.05735551 0.08673340 0.05681161 0.07418963 0.06158394 0.03348902 0.08932841 0.06651719 0.06843534 0.08493433 0.07791972 0.09792052 0.06279251 0.08972598 0.08424118 0.10219889 0.04368251 0.09749589 0.09664686 0.06651078 0.07126391 0.07413745 0.08456131 0.09596205 0.08292031 0.10051374 0.09037978 0.06856616 0.09169065 0.08570966 0.06960968 0.05895965 0.07676078 0.10575519 
0.07470650 0.08556836 0.09384443 0.12728783 0.15744393 0.00000000 0.14393740 0.07971962 0.08013690 0.07882639 0.08831644 0.08384798 0.05643425 0.06626299 0.08019583 0.07479662 0.06504493 0.09643882 0.05529824 0.06572059 0.09554695 0.09636707 0.09741861 0.10315593 0.09159468 0.10087066 0.09962971 0.07698693 0.08522054 0.07629505 0.06358384 0.07826511 0.07017509 0.11490288 0.05593057 0.05209549 0.05713196 0.08018583 0.06714405 0.07732479 0.08727007 0.07280016 0.08064582 0.08955514 0.06551762 0.04428999 0.03720912 0.08735386 0.06833096 0.09417295 0.07678714 0.08208111 0.08672852 0.05543036 0.11717052 0.07718599 0.07458088 0.09589781 0.08924242 0.11244871 0.08232308 0.07628020 0.05198268 0.10074613 0.08086362 0.06564255 0.07351724 0.07281755 0.06013582 0.10337146 0.10270495 0.10964219 0.09095314 0.08894346 0.06713048 0.06694200 0.08254217 0.08450360 0.06580499 0.07137886 0.08658974 0.04312019 0.05290900 0.09813656 0.08888925 0.07098856 0.10116130 0.04480566 0.04655602 0.04449615 0.08064645 0.05322257 0.06448479 0.07395188 0.07193838 0.09471580 0.08703980 0.06417559 0.10925250 0.06352626 0.06627402 0.08533155 0.07684307 0.05470246 0.08636357 0.07371925 0.08247533 0.07262578 0.08149291 0.07088128 0.07658992 0.08432213 0.07406901 0.05587695 0.06424445 0.07112918 0.09318345 0.07645431 0.07095072 0.06911584 0.07615532 0.06329939 0.07256509 0.08242424 0.09002363 0.10267968 0.07226870 0.07080861 0.08495236 0.07477569 0.05957408 0.08042275 0.08652548 0.06195981 0.08322118 0.08511200 0.07791984 0.10440906 0.06256152 0.06230727 0.07703014 0.07836948 0.08452637 0.08462597 0.07859154 0.07372471 0.11454441 0.09062540 0.09090587 0.08212608 0.10012557 0.06686068 0.08940201 0.05842618 0.07166427 0.04613808 0.06182671 0.08952821 0.07263370 0.08518164 0.06294418 0.07107463 0.05673794 0.07878780 0.08497946 0.07342750 0.09522150 0.07617199 0.05380943 0.06543044 0.06991558 0.08497875 0.08545693 0.10210509 0.09797985 0.05638047 0.08602488 0.05481006 0.05581670 0.03698753 0.04987134 0.08764943 0.09902425 0.06835761 0.07190632 0.06028996 0.10141994 0.10286397 0.07360160 0.06751188 0.03381747 0.08465992 0.07608615 0.08694180 0.07003383 0.05555378 0.10119617 0.05901444 0.08201898 0.06879054 0.06625925 0.06818611 0.07138685 0.07153505 0.09136241 0.07777304 0.07639571 0.08431174 
0.07559574 0.09677078 0.07954401 0.07985325 0.13106755 0.14393740 0.00000000 0.19929258 0.11855864 0.14154021 0.09395674 0.09964454 0.08286331 0.11175405 0.08739919 0.07560787 0.09514567 0.06771017 0.07762458 0.05630146 0.07448951 0.08466467 0.07404595 0.09350521 0.06418647 0.07733752 0.10045347 0.07096487 0.06993699 0.05763053 0.07095009 0.06297979 0.06898281 0.08237599 0.07513355 0.08581443 0.08954653 0.05987589 0.06794028 0.07180853 0.04602879 0.09812069 0.07630259 0.11244831 0.10640505 0.08517948 0.09248644 0.12823464 0.09791592 0.09755736 0.10876521 0.07838272 0.10929506 0.08175364 0.05323924 0.08682168 0.08007841 0.07245356 0.04211852 0.04809741 0.08086099 0.06252401 0.07984389 0.04271167 0.05628277 0.05966871 0.05623674 0.09814529 0.08825494 0.08455573 0.08483257 0.07095756 0.05551823 0.06297034 0.04975934 0.04173339 0.07502728 0.08345158 0.09280529 0.07264004 0.09245657 0.08696587 0.04500013 0.09298438 0.05814912 0.05616009 0.05169571 0.05793503 0.09720959 0.06789763 0.06135984 0.07134300 0.07963956 0.09357899 0.09367635 0.09499482 0.08332127 0.05110189 0.06648509 0.11222635 0.06493289 0.06364238 0.08454311 0.11055877 0.09869670 0.09109169 0.11478197 0.07215486 0.09426673 0.06789025 0.06625884 0.04452404 0.07674713 0.04784641 0.07136801 0.10234160 0.06839750 0.04196195 0.07909769 0.06877827 0.09884241 0.05681039 0.07503040 0.05921923 0.08370799 0.05219561 0.08287460 0.11729556 0.05515457 0.05124264 0.10373652 0.06852427 0.05034247 0.05917993 0.07733829 0.09596208 0.05533928 0.07963423 0.07888130 0.11227058 0.06192260 0.08785318 0.08457429 0.04514989 0.07090778 0.07613631 0.08573981 0.06483188 0.08550330 0.04983851 0.07360731 0.08052684 0.03242337 0.07027903 0.07215950 0.07084651 0.03987004 0.07628905 0.06564917 0.05641916 0.06347272 0.07728054 0.07049468 0.12438906 0.06800642 0.07332977 0.10149992 0.10222100 0.06982664 0.08416189 0.05040448 0.06722607 0.09370254 0.04965096 0.06709794 0.05651078 0.08479269 0.10050746 0.10731534 0.08399953 0.08992234 0.04480021 0.11207041 0.10499331 0.09900096 0.06130265 0.06597716 0.06123906 0.06873249 0.05612878 0.06741273 0.07245149 0.05982712 0.06926716 0.06432614 0.05133101 0.04911587 0.06281900 0.09140786 0.08467719 0.05471766 0.06037542 0.12000682 0.06149582 0.05573748 0.07755113 0.06751211 0.08152708 
0.07585250 0.08288054 0.07139922 0.07221856 0.08903350 0.07971962 0.19929258 0.00000000 0.14355859 0.12728505 0.13144276 0.10455587 0.10240274 0.09384059 0.08944677 0.07382779 0.08150490 0.08020272 0.06561987 0.08678468 0.06333056 0.06991691 0.08824446 0.09393171 0.07271280 0.08466572 0.10947911 0.09565995 0.07232233 0.10547124 0.06595419 0.06700523 0.08050600 0.10484992 0.06153070 0.06373993 0.06562178 0.06924857 0.06823292 0.09972248 0.07261015 0.08180545 0.08379841 0.07927617 0.10432230 0.09179290 0.12237540 0.15709684 0.10548267 0.07723333 0.14539020 0.07037099 0.07206699 0.11715604 0.11143772 0.07115577 0.08853321 0.07488874 0.06667958 0.04619965 0.01987073 0.06841746 0.09927178 0.04367530 0.06679125 0.07598416 0.06664673 0.09852440 0.05122896 0.05476546 0.09089513 0.07589727 0.04886249 0.06589895 0.04657225 0.06138649 0.06689865 0.07093597 0.09080637 0.05376141 0.09378754 0.06969627 0.07245790 0.09370350 0.09890983 0.05320985 0.08317704 0.06734849 0.08579646 0.07914763 0.06845553 0.05763074 0.08891790 0.06390288 0.08302812 0.06400365 0.05296535 0.06100197 0.06854895 0.09855970 0.10373907 0.05857328 0.08551472 0.11354247 0.07390947 0.09206120 0.07927736 0.07880572 0.05702196 0.04056227 0.04920803 0.08089658 0.04976196 0.05600845 0.05067185 0.05677931 0.07692737 0.06138654 0.05836379 0.05759200 0.09815435 0.07142973 0.06214415 0.06639168 0.07995201 0.06628829 0.11912298 0.06126582 0.07012202 0.06515352 0.07227452 0.05429901 0.06170421 0.08492199 0.07260384 0.07826744 0.05906695 0.05387853 0.05731517 0.08937485 0.05489454 0.06509622 0.05528094 0.05722130 0.07208565 0.10929655 0.08042482 0.06696797 0.06689180 0.05671901 0.07148917 0.06062585 0.08047845 0.07435794 0.08384452 0.06022652 0.06538381 0.08261822 0.08086111 0.05389950 0.06640300 0.07799557 0.06897936 0.09736788 0.07631340 0.09188561 0.08068343 0.06851139 0.10178527 0.09686090 0.05555082 0.06680335 0.10839951 0.04172492 0.10020058 0.08580444 0.09374371 0.12205265 0.06052404 0.07208123 0.06946177 0.08701781 0.11608877 0.08864576 0.10516646 0.06704853 0.07740824 0.13056348 0.06666352 0.05386808 0.05751268 0.07512570 0.07249401 0.07511512 0.04771225 0.05798747 0.05749232 0.06350468 0.07245718 0.05752140 0.06767695 0.05840938 0.05937385 0.09118212 0.06707197 0.06377901 0.07681913 0.07633764 
0.07523357 0.07562919 0.09058680 0.06898268 0.08491612 0.08013690 0.11855864 0.14355859 0.00000000 0.12666855 0.21984628 0.06902527 0.05849507 0.11618218 0.11707620 0.08682559 0.09908924 0.09264750 0.10277786 0.05418761 0.06151163 0.08352103 0.10392884 0.08252951 0.08397267 0.09982229 0.07988277 0.04839441 0.06785391 0.07718580 0.06685864 0.06766673 0.06041845 0.07191632 0.08547630 0.05757725 0.06260143 0.08221338 0.10099591 0.09196522 0.05277651 0.07616879 0.07321883 0.08957861 0.08042395 0.06015250 0.13285116 0.11972797 0.08964743 0.07490905 0.09238674 0.09217722 0.07013847 0.08534486 0.09379280 0.04722877 0.08064863 0.08028090 0.06538365 0.04908484 0.06981759 0.04937865 0.06496870 0.07107384 0.03275797 0.06653754 0.08246545 0.04649889 0.05223487 0.09140525 0.07391175 0.09777098 0.03957634 0.07802318 0.08755193 0.06048587 0.06147962 0.06804710 0.09984284 0.05143971 0.09561259 0.07140169 0.06990459 0.11740028 0.10338316 0.07878772 0.06279910 0.05590456 0.04701717 0.06743974 0.08051929 0.05649180 0.06825618 0.06390858 0.07409354 0.06189725 0.09006039 0.08892991 0.07315734 0.09094104 0.08349936 0.09776094 0.07831378 0.15070347 0.10587507 0.06258218 0.05913846 0.06109854 0.06536505 0.06738075 0.08750327 0.08909657 0.08352427 0.10014448 0.05680016 0.08274470 0.09961125 0.04553777 0.07565094 0.05793500 0.06752510 0.10800107 0.05792406 0.03178723 0.06893009 0.08020858 0.09465857 0.05138271 0.10235961 0.05673706 0.08785235 0.11818396 0.10116873 0.08209036 0.06578683 0.07316729 0.04026577 0.04390071 0.08524782 0.05279411 0.07647103 0.10334375 0.05072987 0.09270197 0.08156160 0.05349338 0.07611603 0.07477627 0.07988707 0.03209291 0.05712703 0.07090128 0.10803192 0.04296552 0.06874989 0.08463087 0.06662377 0.07170155 0.07046128 0.04632413 0.12868588 0.06207669 0.06929151 0.09178946 0.11477678 0.09543957 0.07300189 0.07902401 0.06380164 0.06655871 0.07651470 0.06316310 0.09393594 0.07183843 0.09599051 0.10399669 0.09160859 0.06172058 0.05904926 0.07127691 0.05848379 0.06945233 0.07204420 0.07207302 0.06630651 0.06330154 0.04039252 0.13944532 0.09807290 0.07169930 0.05091443 0.14044921 0.07129480 0.11756644 0.08461734 0.05037113 0.03829382 0.06141396 0.06960931 0.08576913 0.08183458 0.10711059 0.08326397 0.06651098 0.04680709 0.05288575 0.04481407 0.06984135 
0.07604483 0.06991342 0.09676370 0.10097569 0.10131740 0.07882639 0.14154021 0.12728505 0.12666855 0.00000000 0.12251623 0.07792974 0.12032058 0.08196003 0.07315778 0.07155935 0.09479621 0.10302447 0.11232183 0.06329865 0.07808409 0.07885054 0.09834611 0.08044478 0.09780909 0.09733185 0.09850716 0.06846206 0.08712408 0.09384166 0.07127494 0.08495327 0.06871438 0.08146900 0.08528414 0.09216040 0.07690234 0.09651011 0.08364289 0.09429726 0.08211564 0.06728200 0.06834498 0.13283032 0.07816262 0.05564410 0.08321475 0.07272623 0.05815220 0.07512140 0.09149612 0.11606091 0.10385366 0.07526459 0.04832071 0.07891227 0.07677783 0.06396474 0.06651716 0.06404547 0.07676078 0.05552949 0.07101809 0.06392816 0.06267962 0.08099234 0.06157986 0.03033075 0.06427392 0.08283469 0.05902118 0.06451738 0.08873343 0.05740179 0.04373255 0.07512679 0.09524221 0.08879957 0.12103715 0.06729312 0.10368276 0.07214170 0.08904828 0.10686851 0.07784990 0.07861132 0.06613699 0.05592880 0.09953094 0.08316335 0.07416425 0.06487015 0.09007006 0.05461324 0.07840294 0.06184276 0.08832665 0.08582534 0.05762254 0.06876606 0.08008687 0.06573763 0.08615622 0.12350805 0.08596286 0.08575145 0.09030171 0.06629857 0.08147890 0.07790954 0.06134678 0.06673468 0.08648264 0.06662970 0.08172664 0.06830586 0.06496111 0.05043251 0.10814385 0.07526627 0.08664818 0.07744970 0.04967157 0.05274959 0.07212794 0.09984045 0.09533054 0.09644429 0.05451973 0.08585088 0.11017153 0.06237583 0.05356812 0.06281479 0.04876149 0.06746900 0.09018943 0.08786461 0.04251814 0.04133688 0.13500039 0.04590827 0.07707866 0.07994300 0.07445989 0.03408221 0.04747001 0.04503259 0.09427667 0.06256223 0.08112400 0.06034602 0.06743494 0.05320444 0.05129409 0.08460346 0.06636699 0.10179843 0.10822790 0.08544701 0.06513812 0.06509326 0.05876214 0.07600791 0.10548884 0.11288138 0.10320047 0.07499152 0.07787715 0.07387434 0.07348831 0.06806596 0.07098817 0.06661291 0.06237101 0.04115063 0.03052363 0.10359424 0.08826918 0.06900087 0.07809955 0.05756926 0.06603554 0.10284359 0.09402764 0.08854822 0.09397684 0.08986826 0.06919608 0.06293948 0.05625435 0.05986020 0.05472894 0.07770835 0.08933118 0.04882702 0.04239472 0.07957460 0.08005984 0.07174801 0.07104255 0.06097547 0.05697141 0.05850405 0.07812072 0.07437409 0.07128558 0.07357831 
0.07515019 0.07396283 0.08016854 0.07992891 0.10810329 0.08831644 0.09395674 0.13144276 0.21984628 0.12251623 0.00000000 0.11273276 0.18925145 0.11971454 0.09978015 0.06925409 0.10669477 0.07890057 0.11962746 0.06830736 0.07113684 0.10993232 0.08741431 0.08873476 0.07709027 0.07453337 0.07934825 0.07175096 0.09254919 0.08609005 0.08028967 0.07053097 0.07448751 0.08678984 0.11364437 0.06798255 0.06841735 0.09759377 0.08968622 0.07305152 0.07187795 0.06213011 0.06829722 0.09549027 0.06626476 0.09257801 0.15935444 0.08204861 0.07591773 0.07454281 0.07393690 0.07551612 0.08899627 0.07429151 0.06676693 0.08815041 0.07630308 0.07997524 0.05530299 0.06422468 0.07587011 0.05103562 0.08142739 0.08518735 0.05483131 0.05945641 0.04013140 0.05384648 0.05779990 0.07263933 0.04296402 0.07559440 0.03647439 0.05347665 0.07051647 0.04738633 0.07652700 0.06504491 0.10112468 0.05231139 0.08709993 0.08967199 0.06013028 0.08062161 0.09486718 0.06598260 0.04567583 0.07626957 0.07379730 0.08079763 0.06416196 0.07391725 0.08650461 0.07985596 0.07808206 0.07106555 0.08149038 0.06624468 0.07274602 0.07649527 0.09357256 0.09407617 0.07697299 0.07714204 0.07360694 0.06441928 0.07276481 0.08673253 0.08394909 0.04187671 0.08719782 0.04900230 0.07301560 0.09328420 0.07943861 0.06890215 0.06831216 0.10413883 0.07328533 0.06676031 0.11990233 0.07214888 0.04770187 0.06363127 0.07665358 0.07369629 0.07688698 0.08394303 0.06499883 0.08445697 0.07446463 0.08839758 0.08271628 0.08474458 0.11905406 0.09891405 0.06845400 0.09233253 0.05195457 0.04699553 0.07815564 0.06154067 0.07096585 0.07594560 0.06604841 0.05797108 0.06943228 0.06060543 0.09363745 0.05716964 0.08080320 0.06616892 0.08905061 0.06524188 0.07511252 0.11914578 0.08955771 0.09931437 0.08259382 0.07622887 0.11296520 0.06116412 0.08793448 0.11808323 0.08612788 0.08278537 0.07624633 0.07470834 0.06366138 0.07087014 0.06544065 0.07459104 0.09839755 0.09780539 0.08765853 0.08483032 0.04504787 0.12669965 0.07742918 0.05139239 0.07120536 0.07297319 0.05732537 0.06272057 0.08605165 0.04592408 0.02764614 0.08792282 0.03763889 0.06745986 0.03543096 0.06128006 0.08005618 0.07561251 0.08076802 0.05343242 0.08419496 0.05293470 0.07056573 0.05251919 0.04392830 0.04838371 0.07119208 0.05589089 0.04794615 0.05733897 0.09809798 0.09045050 
0.07830225 0.06947465 0.06418451 0.07454252 0.07656800 0.08384798 0.09964454 0.10455587 0.06902527 0.07792974 0.11273276 0.00000000 0.11982144 0.21209867 0.12967142 0.10151472 0.11152215 0.09847250 0.08444894 0.15440212 0.07875043 0.05302680 0.07064229 0.09692445 0.09426350 0.09932983 0.07424277 0.07944574 0.09802580 0.06713140 0.05627841 0.07429565 0.08277586 0.08463831 0.04618358 0.06808186 0.12794469 0.09666375 0.05485434 0.10246116 0.12181251 0.09365492 0.08089857 0.13028610 0.09046311 0.08388177 0.10358255 0.04710066 0.05197888 0.06448738 0.05258918 0.07523674 0.07402935 0.08548458 0.04312863 0.05962019 0.07358965 0.08077835 0.05497436 0.05828269 0.04874938 0.03662631 0.04135121 0.03644059 0.05845160 0.04242624 0.03901312 0.07534324 0.05058897 0.03857684 0.10020284 0.09746568 0.08337532 0.08536343 0.04844468 0.06879641 0.08556286 0.05748873 0.08552977 0.09746331 0.07284465 0.10659691 0.09442212 0.09983206 0.08704762 0.08774179 0.09977127 0.06921758 0.08529209 0.07823109 0.06265430 0.09706796 0.05204963 0.09265466 0.12174862 0.06621471 0.04026670 0.08288207 0.12342279 0.09824916 0.06587108 0.06331497 0.08055057 0.06268928 0.09081878 0.07896754 0.08332566 0.04960516 0.06029641 0.02515822 0.07916084 0.06133006 0.05604865 0.04272554 0.07896146 0.10381109 0.10139086 0.12188283 0.08745337 0.09304542 0.10110182 0.08125051 0.04742229 0.07861661 0.11892335 0.10424005 0.09663129 0.07773039 0.05188262 0.09573087 0.06711212 0.04520260 0.06055559 0.08680483 0.06856065 0.07537981 0.07237817 0.07107643 0.07148900 0.08336098 0.06500841 0.06878134 0.07895439 0.07218894 0.08287970 0.11670312 0.07899016 0.07421840 0.05886224 0.03457953 0.05237228 0.05617308 0.05817239 0.04027949 0.06015664 0.07765860 0.05685021 0.11298291 0.05875150 0.04119964 0.06532977 0.06604591 0.06414452 0.05953394 0.08784019 0.09218634 0.13228588 0.08616160 0.10557829 0.03038027 0.07371054 0.07253414 0.04351634 0.08497029 0.07726349 0.05942800 0.07816010 0.07159707 0.06496115 0.06091184 0.08485540 0.07120113 0.05226189 0.07386366 0.05812359 0.06863014 0.06401435 0.09493561 0.05213409 0.11139781 0.05154610 0.08594852 0.08255096 0.06914863 0.08774546 0.07943715 0.05111115 0.08539671 0.07528487 0.04816385 0.04693030 0.08253887 0.05176732 0.08725639 0.07540648 0.07864904 0.11620096 0.10453551 
0.07561772 0.07272461 0.07666499 0.08312051 0.06951382 0.05643425 0.08286331 0.10240274 0.05849507 0.12032058 0.18925145 0.11982144 0.00000000 0.07205142 0.11865196 0.15725460 0.14023550 0.06637943 0.14183595 0.09018335 0.08599890 0.08083694 0.08498634 0.08033459 0.04420165 0.08820633 0.06300908 0.07342991 0.07982625 0.05457221 0.09004539 0.07276592 0.05860785 0.06809779 0.09444492 0.05194190 0.07163877 0.09744553 0.06910682 0.10474961 0.06822072 0.14053556 0.09420961 0.07887979 0.13123132 0.05821643 0.08707103 0.07867451 0.07737413 0.07469969 0.05221514 0.04389070 0.11619838 0.08679655 0.06792449 0.07598978 0.09223237 0.07479786 0.08954259 0.07922280 0.06675328 0.07573505 0.06206061 0.06610516 0.05915115 0.05922438 0.04141470 0.05263503 0.07919411 0.06388219 0.09232015 0.05659963 0.04307576 0.06896083 0.06298412 0.07345003 0.07876269 0.08463192 0.07952497 0.07925774 0.09092931 0.07113245 0.07602522 0.09360490 0.10669845 0.06830182 0.06199975 0.05305435 0.05838922 0.07545984 0.07802767 0.08786623 0.09419287 0.07179191 0.05059471 0.05418004 0.07700204 0.08154480 0.10557926 0.10705472 0.06926612 0.06673166 0.07735903 0.08031199 0.07699746 0.09081044 0.03726188 0.06650019 0.06813353 0.04445888 0.11794455 0.08682455 0.06471673 0.10410688 0.04908839 0.07900849 0.04182861 0.11334731 0.07334894 0.07416387 0.11522300 0.06056041 0.08326753 0.10143641 0.08301173 0.08944382 0.09163639 0.08730812 0.07569991 0.04785982 0.07974589 0.06274135 0.04935967 0.06622527 0.05338186 0.06205984 0.05865163 0.10344667 0.07293018 0.07259066 0.07056605 0.05570749 0.05844941 0.06721002 0.05247634 0.09654587 0.05721788 0.07679356 0.07175231 0.05067578 0.06298670 0.08769392 0.06744050 0.06050051 0.10765948 0.07080351 0.09676183 0.06394281 0.06340554 0.10842790 0.08035045 0.05562558 0.08099901 0.10038617 0.08931953 0.09171863 0.08875740 0.08454023 0.09032510 0.05289643 0.07888151 0.06203102 0.07412679 0.06103213 0.07460433 0.12218545 0.07241279 0.10875490 0.07922755 0.06451604 0.07898975 0.06771081 0.04804139 0.05451522 0.11820655 0.04131832 0.07581079 0.06729037 0.07175359 0.05583751 0.05148077 0.06956350 0.09389731 0.07176552 0.06396804 0.06884069 0.06154367 0.09285577 0.07144925 0.10806596 0.05636062 0.05403258 0.10694570 0.05708027 0.10655871 0.05214166 0.06947090 0.07594654 
0.07593579 0.07894502 0.09111756 0.06714528 0.10763702 0.06626299 0.11175405 0.09384059 0.11618218 0.08196003 0.11971454 0.21209867 0.07205142 0.00000000 0.11637338 0.09521327 0.10587001 0.12083862 0.08326804 0.11780658 0.10282050 0.07526754 0.09340304 0.08406143 0.09405003 0.09189894 0.09587725 0.08364518 0.07311192 0.07922288 0.07542342 0.06255235 0.08370041 0.06311702 0.10476901 0.10518769 0.08019204 0.06264498 0.08405586 0.05826494 0.07687265 0.08775286 0.06658905 0.09230454 0.07366718 0.08843528 0.09990023 0.07697080 0.08108244 0.08284371 0.08902490 0.08544958 0.06466651 0.06436306 0.07216258 0.04062118 0.08224230 0.08052486 0.04774141 0.10271095 0.06623664 0.07181020 0.04978992 0.06438180 0.05160718 0.05230316 0.04957712 0.05500703 0.08506021 0.05906263 0.05559820 0.07871313 0.07819443 0.10621597 0.04430217 0.07071290 0.07952674 0.08637642 0.12131220 0.07337567 0.05671857 0.12129273 0.07462960 0.08759204 0.07080917 0.06785811 0.08626010 0.05462491 0.06576476 0.09284871 0.10108565 0.07708297 0.06994186 0.08900343 0.07139290 0.09761891 0.09870949 0.13141252 0.08370880 0.09284295 0.06243922 0.10859475 0.08054862 0.09366699 0.07530834 0.06935054 0.09167220 0.09117757 0.07134814 0.06808468 0.07594234 0.05729304 0.06075709 0.06895172 0.06797571 0.10024255 0.07735930 0.07269463 0.09878571 0.07085386 0.08698217 0.11050738 0.07331079 0.05596986 0.14981590 0.05901568 0.11012373 0.09256277 0.07709411 0.10738320 0.08757373 0.07338669 0.05752164 0.08856953 0.08093814 0.08174756 0.07198255 0.07948628 0.04928914 0.04299419 0.06232064 0.06784501 0.08308115 0.06676539 0.06510504 0.03912204 0.11575511 0.08409996 0.05845722 0.02694651 0.07010158 0.05846285 0.08307663 0.05525358 0.04268525 0.07192038 0.05264427 0.07392776 0.05859310 0.03759815 0.07269621 0.09702469 0.07537423 0.10980185 0.06710671 0.07516925 0.10647391 0.08889518 0.06774173 0.04595513 0.06997749 0.06067011 0.06291813 0.07411300 0.09371213 0.08061527 0.10691854 0.06956312 0.12284686 0.06524557 0.08851334 0.04165688 0.05176286 0.06630444 0.06658243 0.06345002 0.04831261 0.11661777 0.08704955 0.10509624 0.05397192 0.05439425 0.04084021 0.08923795 0.05195735 0.05064187 0.05109057 0.03767946 0.08350693 0.03792398 0.03706773 0.05860239 0.04321140 0.06019980 0.06935321 0.05186984 0.04528182 0.09183908 
0.07509259 0.05892596 0.07350899 0.08196573 0.08487058 0.08019583 0.08739919 0.08944677 0.11707620 0.07315778 0.09978015 0.12967142 0.11865196 0.11637338 0.00000000 0.09090435 0.09215852 0.11010154 0.09607308 0.14502719 0.10019015 0.09408572 0.08863898 0.07061795 0.07707533 0.09597791 0.09168646 0.09685911 0.06609259 0.07646557 0.07516289 0.07588343 0.05296684 0.06885167 0.10232279 0.07301258 0.05563203 0.07946487 0.08539777 0.13225001 0.12816476 0.10769567 0.08338565 0.13580048 0.09191332 0.10355506 0.11436649 0.05398016 0.05956337 0.03863278 0.08910989 0.09897224 0.07611581 0.08227161 0.06247102 0.05145725 0.08040745 0.09059965 0.05206971 0.06822463 0.08571525 0.04475915 0.05590481 0.05334266 0.05940985 0.06693902 0.05914843 0.09265598 0.04967302 0.05425218 0.08902447 0.07992516 0.08242690 0.06133804 0.11134640 0.05102044 0.06121894 0.11968983 0.07429348 0.13871116 0.10849693 0.11600156 0.10844414 0.10837537 0.09083902 0.06345789 0.06150901 0.07994887 0.08704096 0.09117561 0.10242795 0.13320635 0.12736979 0.05662039 0.10465082 0.06425276 0.10437155 0.04781996 0.08280177 0.10060230 0.07938302 0.10368220 0.08045596 0.07947052 0.08093686 0.09052365 0.07305812 0.08076374 0.08230939 0.07012137 0.05641995 0.06017659 0.06668102 0.07595951 0.10783898 0.08678832 0.09164136 0.07333735 0.07498440 0.06319844 0.07312513 0.09223021 0.07217850 0.01891057 0.08964701 0.09448150 0.11284264 0.11026576 0.07807759 0.06673685 0.11926091 0.06611750 0.05382352 0.10567460 0.05560443 0.08569476 0.06164908 0.11331458 0.06645310 0.07208506 0.05334701 0.07161170 0.08293827 0.03129986 0.08548652 0.03872979 0.04759961 0.06512820 0.04986606 0.06776623 0.06621270 0.13297569 0.04766108 0.05472394 0.05885386 0.09681056 0.06931449 0.07971135 0.05084016 0.12806057 0.07345909 0.05493217 0.06802179 0.07027350 0.06782851 0.09104213 0.09716799 0.09430700 0.07623919 0.05459191 0.07028178 0.06664815 0.05973500 0.07831050 0.09536718 0.09484129 0.08208128 0.05971858 0.07309977 0.03396559 0.07941125 0.03609697 0.08342178 0.07013177 0.06942888 0.04910801 0.03901607 0.06537108 0.06290535 0.09947800 0.04010144 0.05754408 0.06355135 0.04495365 0.05308921 0.03780152 0.05428639 0.04832889 0.07059689 0.05924005 0.03111906 0.04223922 0.04012309 0.05584262 0.02722550 0.05887339 0.06029101 0.07728040 
0.07875873 0.08704977 0.10151383 0.07262162 0.08896771 0.07479662 0.07560787 0.07382779 0.08682559 0.07155935 0.06925409 0.10151472 0.15725460 0.09521327 0.09090435 0.00000000 0.13956174 0.09226542 0.15457112 0.08381522 0.09011063 0.09635944 0.07851744 0.09929494 0.06995784 0.08663390 0.07119086 0.08835962 0.08612592 0.07490373 0.08566223 0.05899377 0.05690464 0.08590785 0.06420281 0.09092570 0.06864024 0.11371175 0.13334366 0.06479070 0.07317848 0.08535577 0.08755880 0.09874998 0.09784552 0.06914089 0.09127428 0.08864064 0.08100134 0.08886722 0.11856047 0.09831911 0.08941231 0.08055784 0.04735795 0.03599406 0.08191267 0.07862362 0.06042896 0.05257469 0.07273073 0.04032010 0.07050147 0.06249966 0.05601924 0.08001319 0.05883908 0.08101374 0.07138497 0.05692511 0.06165016 0.09358955 0.04942150 0.06082833 0.08978085 0.05603863 0.07320041 0.11318000 0.07452503 0.07286040 0.10191473 0.09395341 0.08132299 0.07203892 0.06699764 0.08842787 0.06300849 0.07443086 0.10811148 0.05936878 0.06902002 0.05768024 0.08974798 0.06071491 0.06647876 0.07912645 0.06689528 0.07402682 0.07450513 0.09857852 0.06990331 0.11050608 0.07928283 0.09912081 0.08311515 0.07544851 0.08691420 0.06753250 0.09700647 0.05976915 0.09351279 0.07155750 0.07181746 0.07517173 0.06030273 0.10204016 0.05989521 0.09493368 0.07231882 0.07711016 0.09345814 0.09199951 0.04149707 0.07886165 0.09400222 0.06034328 0.07947698 0.09290412 0.05464161 0.07458770 0.08945030 0.10110421 0.06518071 0.04843148 0.05638290 0.06131284 0.05582522 0.06709199 0.05604062 0.04571799 0.05133734 0.05027681 0.08502533 0.04764724 0.08571992 0.06585304 0.05795934 0.07766810 0.04890903 0.06104147 0.08365735 0.08243759 0.06707650 0.04652357 0.09205074 0.07798766 0.07517964 0.08098611 0.05647236 0.06923565 0.07933026 0.10683381 0.09616618 0.07627732 0.09282828 0.08388200 0.06307602 0.07687327 0.07503244 0.06092757 0.05311436 0.07779879 0.09496695 0.08924924 0.07801464 0.11853617 0.05981831 0.09169890 0.08612448 0.10913490 0.11880242 0.07977282 0.06214997 0.07484096 0.07804739 0.06475843 0.06294014 0.07080456 0.07509899 0.06741142 0.08624139 0.07904296 0.05960711 0.06605809 0.06403597 0.04342416 0.06743177 0.06198105 0.07200772 0.05008127 0.04480465 0.05718041 0.05580733 0.05836298 0.10756709 0.06480961 0.04386759 0.05664253 
0.07569095 0.07917529 0.07768447 0.06915026 0.07728403 0.06504493 0.09514567 0.08150490 0.09908924 0.09479621 0.10669477 0.11152215 0.14023550 0.10587001 0.09215852 0.13956174 0.00000000 0.17448548 0.13313265 0.11303329 0.09809455 0.07427170 0.06498539 0.06928618 0.10756515 0.13185583 0.08840033 0.08982661 0.09828105 0.09231121 0.09753866 0.08284100 0.08661960 0.08944367 0.07938530 0.09704001 0.11314966 0.12908517 0.08723464 0.13439989 0.09501481 0.07290523 0.07378625 0.09607160 0.07521417 0.05320966 0.06412996 0.07870637 0.06976873 0.05729504 0.07274338 0.04376176 0.08995451 0.09249016 0.07392195 0.09806330 0.08158751 0.07630601 0.06755777 0.04275405 0.06580466 0.07337037 0.12353206 0.05275197 0.05504126 0.06967962 0.04587324 0.07057202 0.04106375 0.05610981 0.04784818 0.05977404 0.03881230 0.04198726 0.07282070 0.06365205 0.07863177 0.12166708 0.11913428 0.07213712 0.09319643 0.14883047 0.06642025 0.06711455 0.05296703 0.06305657 0.05424387 0.05357465 0.07652011 0.08248734 0.03839210 0.08658662 0.10618925 0.05277751 0.05701717 0.04915499 0.03983025 0.05200493 0.07428545 0.08317724 0.07806439 0.04989899 0.08781056 0.09382692 0.07436727 0.04737984 0.06956800 0.08861444 0.06720519 0.05808987 0.08207698 0.09082338 0.08765981 0.06844747 0.08825791 0.05501458 0.06716328 0.06638305 0.10151705 0.05781725 0.06697512 0.11668181 0.07484774 0.05620999 0.09298890 0.08854134 0.11880560 0.14199706 0.08054065 0.05817545 0.09748974 0.04515857 0.06728238 0.06355076 0.08031967 0.10592138 0.08238514 0.09107283 0.05898973 0.07628082 0.05839225 0.07383966 0.14532758 0.03425109 0.08034984 0.05343598 0.04475028 0.07568967 0.04172427 0.05304834 0.08089169 0.09197369 0.07411435 0.05002465 0.07576535 0.10295032 0.06149946 0.08677656 0.07315760 0.07274160 0.06607473 0.07002279 0.04962199 0.10576983 0.09473713 0.05722293 0.06637179 0.06923642 0.06557277 0.07938179 0.08257913 0.08858522 0.05551313 0.07444200 0.07974171 0.08151245 0.05486221 0.09170898 0.09848842 0.10050079 0.11708256 0.04961358 0.08739935 0.05442263 0.09238003 0.05408086 0.05398316 0.06395216 0.06010135 0.06232384 0.08638297 0.05533933 0.07105954 0.05392308 0.06026672 0.05873154 0.05558168 0.04970516 0.06133695 0.07217178 0.04744008 0.04787952 0.04781516 0.05470974 0.09290831 0.06246767 0.06443993 0.10406177 
