0.00000000 0.09863562 0.07683550 0.17166817 0.11595816 0.13789763 0.08335793 0.13563324 0.04828287 0.07743759 0.10410687 0.05104311 0.05394615 0.08791607 0.02922774 0.08915759 0.06570912 0.08663321 0.04493465 0.03672306 0.04953346 0.06376854 0.05778149 0.07079871 0.07634929 0.03553586 0.08825269 0.08048506 0.06481576 0.07191289 0.07439402 0.10259794 0.07712443 0.13350512 0.09032108 0.06468118 0.12978381 0.06035212 0.09187758 0.06182787 0.07122315 0.07350586 0.05729428 0.06689236 0.01665080 0.05461346 0.06949887 0.06792075 0.07561625 0.01980008 0.06071935 0.07966416 0.05715989 0.14619974 0.06844055 0.07278591 0.05103214 0.04662873 0.06526876 0.09610381 0.06837417 0.09512446 0.06422035 0.01656706 0.09792328 0.10546088 0.10758355 0.07618417 0.05970577 0.07815124 0.07156820 0.03308533 0.08278090 0.12990413 0.08225012 0.11886214 0.08080601 0.05770775 0.05532305 0.07096012 0.06961946 0.06761041 0.09258665 0.03647476 0.06643537 0.06129332 0.08942994 0.12385329 0.04035004 0.05350923 0.12937286 0.07620911 0.07616310 0.10267134 0.04699253 0.10882788 0.10176914 0.07165831 0.12446081 0.03670861 0.04804232 0.17855349 0.08585809 0.07937881 0.08277785 0.10605143 0.01226808 0.05350989 0.07303194 0.06372137 0.07245612 0.07751035 0.05440143 0.06171102 0.06899872 0.07185804 
0.09863562 0.00000000 0.08436177 0.06458625 0.08502577 0.15396423 0.10652739 0.07623337 0.10472349 0.06242371 0.11824597 0.07868706 0.07232843 0.09538087 0.06804147 0.10200315 0.09464119 0.06652239 0.10337374 0.04404243 0.07566556 0.05850902 0.03382667 0.05619557 0.06743645 0.07962899 0.11172885 0.10881919 0.05955562 0.04043756 0.06739183 0.11457944 0.06084754 0.09606297 0.07951831 0.05302440 0.03711172 0.04684608 0.06335967 0.08356157 0.09145722 0.11336847 0.06743958 0.04230639 0.08485919 0.06599229 0.03109097 0.08863201 0.04193814 0.07871185 0.12678892 0.04084217 0.08237569 0.06327520 0.07382070 0.07682707 0.08314240 0.09644401 0.06480855 0.06594296 0.05225574 0.06446450 0.08128762 0.09570876 0.07271172 0.05358883 0.08318470 0.07763852 0.08341864 0.05792301 0.04747868 0.06447920 0.05340522 0.07651127 0.06264132 0.07590532 0.08978704 0.09067355 0.09993512 0.05658161 0.04514250 0.05867911 0.08773175 0.08618718 0.07100488 0.06118896 0.03714575 0.04793028 0.05374378 0.14037063 0.05239968 0.08574722 0.05492144 0.05960902 0.06604747 0.07615440 0.05474063 0.10476112 0.08924447 0.12117460 0.10688737 0.07726914 0.11477517 0.06471581 0.09642452 0.08839750 0.05605883 0.06302210 0.10960628 0.10354520 0.09308953 0.07030348 0.07833134 0.05851462 0.06424936 0.06396683 
0.07683550 0.08436177 0.00000000 0.09305949 0.05181634 0.08329428 0.12754429 0.10681897 0.10583839 0.09284823 0.10199806 0.14690919 0.13687033 0.06732913 0.07963273 0.06780696 0.10220943 0.05680000 0.04127018 0.08333499 0.07983048 0.04632391 0.13282161 0.08705042 0.04416668 0.04528644 0.09961102 0.05788008 0.04239245 0.06432150 0.06813469 0.08176092 0.06970787 0.10785234 0.07325997 0.05173834 0.08022798 0.10288748 0.11574486 0.07438292 0.08986735 0.05982614 0.05395756 0.05278948 0.03950796 0.08815093 0.06918729 0.05550018 0.03813975 0.09841378 0.03970279 0.10745914 0.06447369 0.07777551 0.06865136 0.10165382 0.09303353 0.04617659 0.09102281 0.07139353 0.05754770 0.04416208 0.06842107 0.09487525 0.05774301 0.07179617 0.08030002 0.07839739 0.08016893 0.09198682 0.05831255 0.12680258 0.08251048 0.07163777 0.05860296 0.05416235 0.06581360 0.08546243 0.05627408 0.13798733 0.08679235 0.10910810 0.07671242 0.05733539 0.10522164 0.11074453 0.10045824 0.06510390 0.05108350 0.06543469 0.09832188 0.07721543 0.06945844 0.04476066 0.12303037 0.04388482 0.07175098 0.05967708 0.04156683 0.08196125 0.02509071 0.05159928 0.05141974 0.05241230 0.06513581 0.09270476 0.06984528 0.05274228 0.07093876 0.05728684 0.04590740 0.09374843 0.08540323 0.07011628 0.06246478 0.07047190 
0.17166817 0.06458625 0.09305949 0.00000000 0.10501771 0.10067532 0.08375434 0.14329155 0.09266882 0.05600832 0.11389803 0.05994870 0.12484142 0.10989848 0.09816013 0.04615744 0.06710927 0.09343483 0.05638559 0.04826587 0.10446052 0.08131538 0.06003666 0.05758330 0.09647013 0.04222409 0.09371714 0.10924842 0.08350681 0.07475779 0.08886328 0.06943581 0.06576029 0.09701551 0.10919002 0.04651365 0.10012038 0.05858918 0.07043817 0.05720670 0.03267814 0.04199827 0.08243171 0.09999127 0.03319388 0.06490177 0.07430942 0.08868169 0.07921279 0.05443590 0.12506845 0.10980872 0.12795667 0.06682193 0.08274361 0.07284109 0.07024918 0.06636621 0.06951100 0.08428446 0.05429355 0.08642386 0.09405266 0.05336463 0.05045077 0.08003151 0.06258115 0.07338733 0.07395869 0.07078412 0.06613109 0.07343888 0.05562726 0.04473390 0.06388091 0.04119867 0.06434313 0.05171680 0.03529903 0.06423081 0.05227915 0.04588736 0.05670875 0.07399634 0.04922857 0.12836648 0.10879311 0.06843496 0.09933751 0.08526620 0.05519921 0.08903829 0.08375140 0.12420702 0.09306272 0.10931609 0.07639506 0.12196537 0.08303544 0.09437756 0.06547785 0.07917384 0.10129915 0.06448867 0.05871840 0.05935031 0.05492826 0.05713870 0.02251095 0.08025372 0.09592791 0.04835064 0.12849882 0.04358861 0.04536777 0.06373588 
0.11595816 0.08502577 0.05181634 0.10501771 0.00000000 0.10348827 0.05960398 0.12365459 0.08614743 0.06966001 0.03762755 0.06989526 0.08683497 0.08262338 0.04389546 0.11542392 0.05104775 0.04571112 0.08725398 0.05272394 0.12193140 0.05484116 0.04476579 0.06759284 0.02241425 0.05653512 0.12969009 0.05329482 0.05840602 0.11173308 0.05802393 0.08005913 0.06661519 0.07109794 0.13797322 0.03302614 0.07055726 0.09007797 0.08248994 0.05979742 0.05317914 0.06181871 0.08031037 0.08001247 0.09713168 0.02951750 0.10011902 0.06828363 0.08779636 0.10614522 0.10007104 0.07817442 0.12035094 0.07779222 0.07468987 0.04929326 0.04912332 0.10913748 0.04197087 0.11845619 0.06575369 0.09468539 0.05964360 0.04941911 0.06835540 0.07883135 0.05744597 0.07256539 0.08537302 0.04360909 0.05447113 0.10369524 0.07006936 0.07504635 0.06593510 0.04124780 0.11984256 0.06370815 0.07162636 0.07861328 0.05152144 0.03312025 0.03883152 0.06350991 0.04323869 0.08346789 0.10821880 0.07100959 0.08219248 0.08312490 0.05356553 0.07726066 0.11676704 0.07717669 0.06807454 0.09014300 0.08460755 0.16137019 0.09385251 0.06213422 0.24131847 0.12562912 0.03145033 0.07874332 0.06857767 0.08053512 0.09219342 0.06584594 0.07940903 0.05676921 0.04857074 0.08610929 0.09781757 0.07534755 0.08354840 0.05758432 
0.13789763 0.15396423 0.08329428 0.10067532 0.10348827 0.00000000 0.10866277 0.07676556 0.09914855 0.05125507 0.14623007 0.17366328 0.17542071 0.06956516 0.07342977 0.08023797 0.08488723 0.08689210 0.07511589 0.07225938 0.06953721 0.06809964 0.08256074 0.06223051 0.02340561 0.08332693 0.08333569 0.09041908 0.07904623 0.05305178 0.12627406 0.16307206 0.05434525 0.03137900 0.07418441 0.05740622 0.03690559 0.06572096 0.08446551 0.01686511 0.05020531 0.08851165 0.05618274 0.06589932 0.07515305 0.09002121 0.10026913 0.05768004 0.11195843 0.08742883 0.06199690 0.07518423 0.14730792 0.04033872 0.07584225 0.05405542 0.06879582 0.03258612 0.08550698 0.09975366 0.09431166 0.05668424 0.04144617 0.08867121 0.02374267 0.05473015 0.04039943 0.07775076 0.05153440 0.11333754 0.06931672 0.05859323 0.02622097 0.05814023 0.04811533 0.02530704 0.06921645 0.05226073 0.06354614 0.12864470 0.08586510 0.09880445 0.04674352 0.11048675 0.05467100 0.04907552 0.04907338 0.07709981 0.13728673 0.08473477 0.02771901 0.05311781 0.11333219 0.08043750 0.04358016 0.06008713 0.08756929 0.11095452 0.09004447 0.06529016 0.11452476 0.12964603 0.08464789 0.03657373 0.08690901 0.06441518 0.05552430 0.06137269 0.11908652 0.05337748 0.05169541 0.06587752 0.01315255 0.07112888 0.04352313 0.08074021 
0.08335793 0.10652739 0.12754429 0.08375434 0.05960398 0.10866277 0.00000000 0.11711748 0.07962483 0.06407002 0.06924895 0.07212371 0.07344859 0.06113790 0.07722504 0.06643941 0.05368971 0.10531632 0.07265595 0.08433359 0.07995464 0.07000340 0.10045380 0.07237370 0.06544398 0.08165244 0.06813947 0.06002374 0.06539947 0.04647605 0.06977852 0.07137866 0.06515715 0.07861066 0.10025641 0.08311929 0.07485680 0.07633888 0.09584067 0.06110708 0.05268260 0.05085822 0.05063553 0.07694111 0.10932336 0.09604747 0.07126468 0.07038681 0.07718583 0.09573213 0.07535049 0.07252339 0.07415403 0.08932084 0.07398819 0.05506456 0.08299550 0.07451740 0.05939237 0.08260649 0.06991400 0.04843892 0.06878386 0.05633782 0.07287718 0.06698940 0.07886177 0.08198677 0.07055334 0.08982123 0.07486437 0.07393556 0.05702694 0.06712282 0.06592763 0.09074257 0.08216961 0.09847110 0.07976611 0.06862794 0.06534873 0.05456015 0.08245012 0.08094699 0.07007077 0.05192326 0.08138621 0.06537209 0.08840127 0.08407317 0.08917707 0.06367193 0.07707622 0.07870231 0.09736525 0.06583794 0.09241898 0.08163360 0.05286515 0.06773043 0.07045785 0.10062175 0.07740976 0.09666267 0.05526342 0.07079391 0.05850151 0.06002342 0.08464737 0.05403775 0.08261309 0.07141903 0.06677056 0.07942268 0.06481881 0.06191667 
0.13563324 0.07623337 0.10681897 0.14329155 0.12365459 0.07676556 0.11711748 0.00000000 0.09383274 0.06869788 0.21104548 0.15307948 0.08456415 0.09202846 0.06298626 0.07203467 0.04768988 0.08624599 0.12731862 0.08970721 0.09044654 0.06619549 0.10253559 0.05728916 0.07356874 0.05270266 0.07868639 0.05285821 0.07569559 0.11037259 0.05138179 0.10396723 0.07205781 0.06912856 0.04998941 0.12642574 0.05275734 0.05985917 0.07257039 0.07048387 0.05428280 0.06692582 0.07335088 0.03546407 0.09695746 0.05222927 0.08988285 0.09609817 0.08027308 0.03745527 0.08123198 0.08595300 0.07622624 0.05317612 0.06911982 0.08732169 0.05751425 0.06031258 0.05406160 0.05187907 0.05713546 0.03862859 0.06977993 0.03985943 0.05876387 0.07350452 0.03872269 0.07803883 0.06659233 0.06623786 0.13833108 0.07292113 0.05311835 0.05604974 0.06436586 0.10244268 0.02525518 0.08356535 0.07159543 0.06641844 0.04464738 0.04798946 0.07949118 0.07117204 0.05539030 0.07804458 0.10838490 0.06478075 0.04138501 0.12426041 0.08260300 0.07203472 0.11503330 0.11016530 0.09181834 0.10308136 0.06819663 0.06821042 0.05101305 0.05640725 0.06655204 0.04281462 0.07562290 0.06617605 0.07455255 0.04528939 0.04463456 0.06587046 0.04753721 0.05948112 0.07661879 0.03431369 0.10283490 0.09806521 0.08680904 0.06783565 
0.04828287 0.10472349 0.10583839 0.09266882 0.08614743 0.09914855 0.07962483 0.09383274 0.00000000 0.11536207 0.06701797 0.07897234 0.14292228 0.07774355 0.07213785 0.11077510 0.04984801 0.06971453 0.05129313 0.05301624 0.05234692 0.03888920 0.08638346 0.04046458 0.06227023 0.09722847 0.08092632 0.06029092 0.09636524 0.07483487 0.08175123 0.04580288 0.07606838 0.05007692 0.09087078 0.07247203 0.03973975 0.05032654 0.09380704 0.07373920 0.03213875 0.09262145 0.07842003 0.07804059 0.03166732 0.13139346 0.10596635 0.05615127 0.08233089 0.09103069 0.13603862 0.11789645 0.10173408 0.06931712 0.07650016 0.12529174 0.10308725 0.10400065 0.07805316 0.08881655 0.09484607 0.07779580 0.08379279 0.07625292 0.07095834 0.07571827 0.08377622 0.07137665 0.05720144 0.03136853 0.07298349 0.05799430 0.09469465 0.04883381 0.06776492 0.08691456 0.05047034 0.08834396 0.05374560 0.07134602 0.09584962 0.06027081 0.07492885 0.06869171 0.06755915 0.05448650 0.09910434 0.08074603 0.09181662 0.10580292 0.05374317 0.10239688 0.05684174 0.13125637 0.08555488 0.05350000 0.09990491 0.06401725 0.06007977 0.05810158 0.09897031 0.07170736 0.07651919 0.07030025 0.06786676 0.08985207 0.04894008 0.09298238 0.08992991 0.04871045 0.12403523 0.05071940 0.04955640 0.06845598 0.07315607 0.07543481 
0.07743759 0.06242371 0.09284823 0.05600832 0.06966001 0.05125507 0.06407002 0.06869788 0.11536207 0.00000000 0.08945607 0.08281236 0.10706711 0.10956219 0.09703241 0.08883246 0.06992818 0.06673944 0.03137955 0.04114500 0.09978267 0.05242624 0.02423741 0.08261827 0.09853273 0.04862177 0.08929077 0.06042777 0.06948648 0.06675064 0.05488166 0.07722258 0.07566146 0.10987168 0.07627276 0.07053007 0.08853543 0.06511942 0.08749289 0.06617816 0.01434249 0.03204398 0.05983445 0.08501169 0.08699140 0.13098432 0.07167702 0.08693723 0.07759530 0.06312701 0.07457112 0.06218142 0.07769700 0.06521882 0.09719643 0.09306576 0.05071883 0.07657271 0.07823424 0.08744755 0.07865762 0.04809195 0.03554362 0.05031679 0.11025835 0.11856376 0.06083540 0.07309897 0.11575913 0.10241215 0.08226725 0.07062733 0.05906227 0.08773938 0.07892948 0.06330691 0.09286139 0.08001069 0.10974349 0.10625827 0.04390881 0.07718376 0.07042286 0.06274515 0.03921896 0.10297408 0.11073582 0.08818716 0.05537892 0.08439348 0.10075082 0.04125515 0.09380044 0.08306004 0.07119843 0.06630230 0.09213068 0.07245894 0.07123355 0.12691429 0.07910515 0.07803670 0.04508944 0.09664642 0.09025011 0.08800294 0.08027920 0.09595301 0.07950113 0.04005870 0.18249017 0.07085298 0.04218793 0.07693687 0.09217470 0.09189253 
0.10410687 0.11824597 0.10199806 0.11389803 0.03762755 0.14623007 0.06924895 0.21104548 0.06701797 0.08945607 0.00000000 0.03212118 0.05928366 0.14872295 0.19001408 0.08411378 0.05036016 0.11286955 0.07241659 0.04854696 0.10124848 0.08499715 0.06965712 0.10103417 0.09354692 0.10709522 0.03315250 0.07621256 0.03726499 0.03826586 0.04210582 0.06558923 0.06623151 0.04768030 0.07059501 0.07965396 0.05408167 0.06370866 0.08413976 0.04700309 0.09165211 0.10599132 0.07986472 0.06188241 0.05643202 0.13992589 0.08582091 0.08359465 0.08783045 0.06767947 0.05071634 0.08559615 0.09735838 0.04737903 0.05239519 0.06089821 0.06744764 0.05467347 0.03898364 0.04219650 0.06687217 0.03739575 0.10316837 0.04836539 0.02078959 0.05534072 0.14795407 0.07626453 0.05383351 0.03601434 0.06996532 0.12372047 0.07736956 0.07404664 0.05760677 0.07427817 0.05762030 0.06176722 0.06005279 0.08696952 0.05343128 0.05586952 0.08474636 0.07767128 0.09157533 0.08071122 0.08171806 0.06152606 0.06321087 0.10791556 0.06408711 0.09658143 0.04459939 0.06565579 0.08480553 0.08965916 0.09150961 0.13011577 0.06015124 0.12887921 0.05014161 0.10483051 0.06136457 0.05205937 0.07867589 0.11688927 0.09811158 0.05550683 0.07365954 0.07605880 0.06267401 0.04105229 0.08314508 0.04826886 0.05702283 0.08546704 
0.05104311 0.07868706 0.14690919 0.05994870 0.06989526 0.17366328 0.07212371 0.15307948 0.07897234 0.08281236 0.03212118 0.00000000 0.13394429 0.07258791 0.09829597 0.07038622 0.07366827 0.07247404 0.06518708 0.06117633 0.07093894 0.04650476 0.03536953 0.14272093 0.07906503 0.05180684 0.10810698 0.06717897 0.10223310 0.07205509 0.02766745 0.03277842 0.06347628 0.05308425 0.09819719 0.04422616 0.12972470 0.05381004 0.04881927 0.06538168 0.05561580 0.06513637 0.06958047 0.12749013 0.05707302 0.14858867 0.05896079 0.02454733 0.10633702 0.07534793 0.07264444 0.07717976 0.07447445 0.06934263 0.06169773 0.09744654 0.09942942 0.03468422 0.09586229 0.10527080 0.07500898 0.09751620 0.07251183 0.05841742 0.08962210 0.06626189 0.06970571 0.07399403 0.03789043 0.05109062 0.04599052 0.10190735 0.05345086 0.08839518 0.12455220 0.05792534 0.06795364 0.04438237 0.08785127 0.09820255 0.06829949 0.08313886 0.03506694 0.04031554 0.05125105 0.08653764 0.05920165 0.11745095 0.03167016 0.05622902 0.06313652 0.07844698 0.08089884 0.06941434 0.10697733 0.05682259 0.09484296 0.05533211 0.05666797 0.08899464 0.21251410 0.09574093 0.06051875 0.06808277 0.11671809 0.09899906 0.04562778 0.06406316 0.03002342 0.04110098 0.07470316 0.08162179 0.13155791 0.07811624 0.05176641 0.05556815 
0.05394615 0.07232843 0.13687033 0.12484142 0.08683497 0.17542071 0.07344859 0.08456415 0.14292228 0.10706711 0.05928366 0.13394429 0.00000000 0.11693428 0.09721393 0.04181946 0.10386611 0.08206291 0.07433515 0.03990614 0.07598136 0.10595146 0.09024803 0.09982441 0.12758989 0.05705695 0.10718265 0.05730029 0.06601858 0.07769652 0.07422359 0.07940692 0.06629847 0.11001410 0.07429328 0.05164412 0.02830583 0.04176606 0.10261537 0.08569689 0.04180296 0.06924618 0.10435198 0.04738027 0.03804386 0.18919310 0.09348387 0.04779773 0.08126963 0.08622854 0.05500034 0.04109323 0.08386205 0.06964533 0.09094525 0.06611301 0.06360107 0.10759442 0.07164865 0.09439819 0.08853062 0.03136852 0.07644199 0.08214260 0.09222563 0.11555204 0.07489258 0.07180306 0.09721422 0.06929924 0.06323864 0.05551264 0.08036755 0.07846379 0.07702237 0.06400660 0.07301945 0.11370443 0.07375205 0.07926619 0.04976016 0.06407572 0.04126205 0.08445254 0.03639639 0.06330170 0.09070439 0.05200719 0.08294760 0.08189493 0.12491978 0.07464068 0.07245617 0.05532102 0.07178148 0.04305861 0.08834121 0.07189844 0.04655051 0.03897232 0.08440193 0.08243710 0.07214384 0.07633458 0.05162158 0.05464535 0.06236468 0.05628586 0.05649059 0.04823047 0.04598637 0.09267432 0.07041125 0.06776742 0.10551278 0.06462007 
0.08791607 0.09538087 0.06732913 0.10989848 0.08262338 0.06956516 0.06113790 0.09202846 0.07774355 0.10956219 0.14872295 0.07258791 0.11693428 0.00000000 0.08837076 0.07211382 0.07671998 0.08873089 0.06170456 0.05616563 0.09113838 0.06782855 0.06399870 0.05232382 0.10416708 0.07572757 0.08464455 0.06592076 0.06853403 0.07073728 0.08769452 0.07303604 0.05301028 0.07237655 0.08872735 0.06799570 0.06487927 0.04331641 0.05400298 0.09090673 0.10139129 0.08675270 0.09966899 0.08123896 0.06951167 0.09506710 0.08115267 0.06886226 0.13377312 0.05703008 0.06047806 0.08441608 0.04415237 0.08769151 0.07497172 0.06087267 0.06850777 0.04985589 0.05894900 0.08987162 0.06482313 0.07908590 0.10071971 0.08494764 0.07497728 0.08919789 0.08737348 0.07119452 0.11213533 0.07029254 0.07944820 0.09316825 0.07676842 0.09482256 0.06049360 0.07916020 0.04497258 0.06884703 0.02043229 0.06090149 0.05611434 0.07113279 0.07463191 0.05950839 0.09533575 0.10060509 0.08214846 0.04755307 0.08017554 0.06864540 0.08671327 0.16975298 0.07605959 0.06465484 0.04454353 0.09066365 0.08362248 0.04339577 0.05199758 0.06102424 0.08123767 0.08090398 0.04011431 0.04130636 0.09409580 0.09083029 0.07645681 0.07160278 0.07755844 0.05780185 0.09734973 0.05400670 0.11774614 0.09842451 0.08332381 0.07416559 
0.02922774 0.06804147 0.07963273 0.09816013 0.04389546 0.07342977 0.07722504 0.06298626 0.07213785 0.09703241 0.19001408 0.09829597 0.09721393 0.08837076 0.00000000 0.09927367 0.02900519 0.10873401 0.10508977 0.07457393 0.06748975 0.07757371 0.06834463 0.05821454 0.09750187 0.10046021 0.08931730 0.07598902 0.02718059 0.06763319 0.05977690 0.05672297 0.08250350 0.05190169 0.06175609 0.05808062 0.11056638 0.05001548 0.07819027 0.10003967 0.07348963 0.08593111 0.05074152 0.05836485 0.05719337 0.12073184 0.06362016 0.05664818 0.07414853 0.07413665 0.08071010 0.06109765 0.09468476 0.06806776 0.06954896 0.06794255 0.08456509 0.07725888 0.06255236 0.09312406 0.08191800 0.05337833 0.06424308 0.08749302 0.04713895 0.03355860 0.10467045 0.07447557 0.07766596 0.07332003 0.06336395 0.07853350 0.09742150 0.04952932 0.05199363 0.08047444 0.03978092 0.04432187 0.04501403 0.06852493 0.06907022 0.04182755 0.04915498 0.05217505 0.09989268 0.10356015 0.10909831 0.13642076 0.12132339 0.06419568 0.06793039 0.19185478 0.04661257 0.16800326 0.05035531 0.07785699 0.05434823 0.07774881 0.09298549 0.09815566 0.04677405 0.06094801 0.12512496 0.08842833 0.09800290 0.10085724 0.08514717 0.08606501 0.01036526 0.11274010 0.05470423 0.04653837 0.03822266 0.08729331 0.10200028 0.08792003 
0.08915759 0.10200315 0.06780696 0.04615744 0.11542392 0.08023797 0.06643941 0.07203467 0.11077510 0.08883246 0.08411378 0.07038622 0.04181946 0.07211382 0.09927367 0.00000000 0.09590210 0.08272638 0.06660223 0.09097611 0.06728369 0.06859050 0.08619126 0.08315640 0.06508885 0.13591193 0.10398492 0.04913676 0.03084106 0.06745799 0.07995497 0.06527893 0.11045403 0.11412934 0.05686627 0.06994274 0.11016587 0.09413327 0.07221278 0.04739845 0.08633374 0.08164283 0.07054301 0.08333885 0.10828697 0.06827392 0.04936485 0.08574339 0.12258015 0.05669344 0.07255227 0.07798928 0.06327298 0.06286834 0.08003132 0.09256745 0.04935803 0.04226086 0.07851092 0.06520170 0.08573097 0.05483836 0.05297828 0.07937174 0.13771883 0.07012844 0.05872985 0.07459229 0.07959772 0.11813991 0.08838199 0.06527416 0.09889244 0.07938394 0.08816815 0.04964615 0.09335745 0.05763519 0.02598212 0.06383296 0.07257957 0.10120621 0.06815133 0.10084110 0.12376020 0.06255190 0.05316415 0.09157245 0.05309341 0.05601146 0.04770911 0.07671661 0.07509001 0.16402414 0.08111389 0.06067310 0.07182061 0.08286165 0.04836675 0.05009115 0.05774059 0.07149036 0.05989810 0.09243772 0.05650858 0.08822340 0.05871986 0.05192202 0.11177193 0.05904456 0.08545128 0.03360755 0.07545977 0.04709467 0.06474884 0.06520328 
0.06570912 0.09464119 0.10220943 0.06710927 0.05104775 0.08488723 0.05368971 0.04768988 0.04984801 0.06992818 0.05036016 0.07366827 0.10386611 0.07671998 0.02900519 0.09590210 0.00000000 0.07793389 0.07459747 0.09687274 0.11124430 0.11625225 0.05177498 0.06166527 0.09325110 0.07851566 0.07135014 0.09326974 0.04723503 0.09788222 0.09296902 0.06879996 0.09007983 0.07329221 0.03968376 0.09549101 0.08401018 0.05913099 0.11731463 0.09380421 0.03965653 0.16630195 0.08853825 0.07553470 0.07582090 0.07802067 0.06922752 0.09029849 0.06815389 0.06991690 0.08948154 0.05804604 0.04468844 0.05678512 0.07124033 0.06704451 0.05011965 0.12900294 0.11560968 0.06326079 0.10816870 0.10269910 0.11265480 0.05096940 0.04453007 0.06120119 0.06259007 0.07243601 0.10033667 0.07738646 0.06448145 0.05267238 0.07070766 0.10800396 0.07395906 0.08086021 0.09466181 0.07116168 0.08450603 0.06423993 0.05787844 0.11930794 0.11357100 0.10654821 0.08817401 0.06468724 0.07490667 0.10282886 0.07840254 0.09231063 0.11709357 0.09225989 0.03437812 0.05833904 0.08913160 0.06346833 0.04783353 0.06407321 0.07573087 0.05555309 0.09479666 0.08261200 0.11309648 0.05367665 0.05879050 0.09811335 0.08271179 0.04801609 0.06813855 0.06402210 0.09172177 0.06915600 0.04495836 0.05018472 0.05992179 0.07217570 
0.08663321 0.06652239 0.05680000 0.09343483 0.04571112 0.08689210 0.10531632 0.08624599 0.06971453 0.06673944 0.11286955 0.07247404 0.08206291 0.08873089 0.10873401 0.08272638 0.07793389 0.00000000 0.06352685 0.07735302 0.09510497 0.17327609 0.05579762 0.06774713 0.08439723 0.05736178 0.06432648 0.03885758 0.04472658 0.06291726 0.08897367 0.08405780 0.06624317 0.08741305 0.06069804 0.07875611 0.09978979 0.06826004 0.08653063 0.08585214 0.07487073 0.05332160 0.06297179 0.07035285 0.09112575 0.07479113 0.07847009 0.06777148 0.11040984 0.06805138 0.09268370 0.08922412 0.07270297 0.09992914 0.08402973 0.07075447 0.06087094 0.08697613 0.06443266 0.05514919 0.06201150 0.08944150 0.07594712 0.06254821 0.15063999 0.10104749 0.09168473 0.07034771 0.07755431 0.05970501 0.06216662 0.03852419 0.06807695 0.05615504 0.06193033 0.06587085 0.05294807 0.06032689 0.07407836 0.12575300 0.06866545 0.07492086 0.09966144 0.07086002 0.11629676 0.06108174 0.08475299 0.07842091 0.08751995 0.09387381 0.06925066 0.21751760 0.06814166 0.05289333 0.09838264 0.06695808 0.06342929 0.03533109 0.06318427 0.05350839 0.08079943 0.06858383 0.07558571 0.06975290 0.05033351 0.07163922 0.04500472 0.06801937 0.06373589 0.10456883 0.09365279 0.07089110 0.07556369 0.12211808 0.05074207 0.08374287 
0.04493465 0.10337374 0.04127018 0.05638559 0.08725398 0.07511589 0.07265595 0.12731862 0.05129313 0.03137955 0.07241659 0.06518708 0.07433515 0.06170456 0.10508977 0.06660223 0.07459747 0.06352685 0.00000000 0.17164731 0.09341043 0.09395775 0.14220105 0.08011808 0.12914995 0.08365945 0.07251043 0.09362793 0.08481160 0.08144475 0.06778710 0.08555152 0.12378517 0.07079199 0.11532770 0.11283152 0.06361572 0.11235934 0.04305622 0.05825817 0.11014982 0.08674399 0.05184860 0.07930811 0.08721560 0.02939269 0.06021837 0.07299594 0.09892244 0.05367884 0.12987890 0.11830042 0.09042619 0.12017211 0.05681571 0.08025215 0.05801683 0.03413383 0.06452452 0.03390322 0.03259095 0.05352003 0.03932267 0.02874995 0.07052182 0.05878756 0.05229722 0.07880135 0.05565628 0.09570330 0.11953318 0.14559589 0.05829320 0.04967782 0.05384938 0.10647316 0.11864705 0.04835131 0.08842248 0.05046742 0.10739129 0.06563460 0.05177844 0.08700608 0.16180513 0.03441900 0.10476787 0.10823623 0.10016479 0.07554509 0.10424695 0.05239705 0.06791379 0.09809473 0.06624612 0.04385851 0.06203415 0.04658003 0.06094986 0.04746164 0.04040564 0.07216427 0.01978109 0.06248149 0.12159170 0.05686581 0.05857645 0.03784024 0.02997074 0.04589362 0.06694776 0.02618761 0.14018040 0.10503497 0.10031469 0.07093809 
0.03672306 0.04404243 0.08333499 0.04826587 0.05272394 0.07225938 0.08433359 0.08970721 0.05301624 0.04114500 0.04854696 0.06117633 0.03990614 0.05616563 0.07457393 0.09097611 0.09687274 0.07735302 0.17164731 0.00000000 0.13578197 0.04660425 0.09476690 0.13790337 0.07768031 0.09842838 0.06136563 0.05677227 0.09698475 0.08105402 0.05128689 0.09585861 0.09935858 0.07334110 0.06389127 0.06789557 0.11256954 0.11011094 0.04638540 0.07851170 0.18058713 0.10595376 0.05625890 0.06687157 0.24172593 0.06259659 0.04281049 0.14945410 0.08647726 0.09676320 0.04824945 0.10633232 0.13010778 0.10883608 0.06485138 0.04224507 0.11137420 0.04592502 0.04679755 0.04138625 0.03811676 0.03439238 0.06546252 0.05647874 0.09635629 0.11100281 0.07278328 0.07804484 0.07331774 0.03742677 0.06464973 0.07361512 0.07029494 0.06690582 0.08646733 0.08862611 0.08671537 0.04343134 0.07003933 0.04026139 0.09019913 0.07965944 0.04935128 0.11409674 0.08531487 0.04206027 0.05241348 0.01937090 0.14607149 0.04462858 0.05577214 0.06682287 0.05372160 0.05276828 0.04649384 0.08518705 0.06536303 0.09903754 0.11925618 0.10635154 0.05492265 0.09435596 0.04302783 0.03186629 0.06945623 0.07325726 0.06384322 0.09084804 0.07373125 0.08396065 0.02674988 0.10196797 0.06318092 0.08224897 0.08745440 0.09600490 
0.04953346 0.07566556 0.07983048 0.10446052 0.12193140 0.06953721 0.07995464 0.09044654 0.05234692 0.09978267 0.10124848 0.07093894 0.07598136 0.09113838 0.06748975 0.06728369 0.11124430 0.09510497 0.09341043 0.13578197 0.00000000 0.05365572 0.06486121 0.07024720 0.10756567 0.08407593 0.06680142 0.03630398 0.05599619 0.09385362 0.05728046 0.04982826 0.05529225 0.09614858 0.06646723 0.13029060 0.07712090 0.10710982 0.06582079 0.08073564 0.09246921 0.08382016 0.08752862 0.04044017 0.06206735 0.05468160 0.11891455 0.05686091 0.05856522 0.05510906 0.11869125 0.08064911 0.11430141 0.09879810 0.08314645 0.07371007 0.07824313 0.06281767 0.07322297 0.08233457 0.05874401 0.07372858 0.07517761 0.03636499 0.11941205 0.10867922 0.10499927 0.06846034 0.07917198 0.06100812 0.09301411 0.12179561 0.09525958 0.06294860 0.07899706 0.07299781 0.08586751 0.08570622 0.07749755 0.04571521 0.04423983 0.05132447 0.05031764 0.06836511 0.06414430 0.08348786 0.06770122 0.07416445 0.11678246 0.09009071 0.06630036 0.07631930 0.05656807 0.08406538 0.11387497 0.05066257 0.07424921 0.11750868 0.05454740 0.06797567 0.10917029 0.04520356 0.08569072 0.05568578 0.08306146 0.05210675 0.05292537 0.06188401 0.02791387 0.06725542 0.07123054 0.08761690 0.08727833 0.07456659 0.10060235 0.07334537 
0.06376854 0.05850902 0.04632391 0.08131538 0.05484116 0.06809964 0.07000340 0.06619549 0.03888920 0.05242624 0.08499715 0.04650476 0.10595146 0.06782855 0.07757371 0.06859050 0.11625225 0.17327609 0.09395775 0.04660425 0.05365572 0.00000000 0.05671709 0.11137325 0.09110579 0.14209253 0.10762491 0.05885669 0.08255397 0.13718603 0.07542385 0.10326268 0.06443074 0.06822551 0.14123127 0.04125846 0.07462449 0.06744749 0.06745604 0.07418920 0.09076343 0.06622780 0.05741980 0.06969537 0.06463001 0.10783401 0.07702721 0.05897146 0.09160364 0.07682330 0.11515770 0.07338976 0.03657565 0.06424352 0.06741207 0.07168708 0.05365444 0.07814698 0.05003193 0.08342567 0.08719781 0.07963187 0.05255296 0.07385036 0.07259771 0.07626782 0.10561418 0.07024474 0.09513105 0.10961456 0.08378243 0.07066607 0.06608525 0.07653233 0.09470039 0.07101049 0.08079641 0.06392084 0.08177472 0.08303780 0.05865059 0.04980005 0.05999867 0.13035828 0.09106281 0.05993978 0.13054705 0.16528182 0.05706353 0.03880503 0.18099916 0.06350840 0.07458976 0.07419941 0.04061314 0.07056577 0.07428886 0.03587116 0.08888255 0.04596791 0.05463415 0.04839987 0.08365268 0.11798243 0.09609624 0.07262759 0.05652317 0.03278457 0.07554239 0.04495362 0.07605648 0.04943974 0.08213284 0.06618685 0.10706561 0.08532237 
0.05778149 0.03382667 0.13282161 0.06003666 0.04476579 0.08256074 0.10045380 0.10253559 0.08638346 0.02423741 0.06965712 0.03536953 0.09024803 0.06399870 0.06834463 0.08619126 0.05177498 0.05579762 0.14220105 0.09476690 0.06486121 0.05671709 0.00000000 0.10632440 0.08742506 0.11974913 0.07148768 0.04303664 0.10280544 0.14698371 0.11276445 0.12169588 0.12198038 0.07800972 0.08070607 0.07365333 0.03899716 0.11135973 0.10289112 0.04393585 0.13925127 0.04339096 0.08555209 0.02758776 0.11558148 0.09507141 0.04976266 0.02660358 0.12200052 0.05354162 0.08963990 0.06540052 0.05018155 0.08624618 0.05703363 0.08138852 0.07022442 0.04396205 0.07019408 0.04240686 0.06686485 0.04707701 0.10001804 0.06418974 0.06645136 0.06466740 0.09801677 0.07540025 0.08612865 0.03038244 0.12296261 0.09741192 0.13400156 0.11710138 0.13086622 0.05312278 0.08672728 0.06871407 0.05822591 0.05709122 0.10180186 0.07332606 0.05970479 0.11398864 0.07807182 0.08799657 0.07346940 0.09439292 0.09888006 0.10282147 0.09354578 0.06735109 0.06036464 0.06339262 0.08646629 0.08015887 0.07239008 0.08212580 0.04982233 0.06981059 0.01747858 0.02749922 0.05076058 0.09626161 0.03363009 0.06220023 0.09112250 0.06766278 0.03274107 0.08389673 0.05440235 0.05470169 0.07871715 0.07087286 0.10684938 0.09116430 
0.07079871 0.05619557 0.08705042 0.05758330 0.06759284 0.06223051 0.07237370 0.05728916 0.04046458 0.08261827 0.10103417 0.14272093 0.09982441 0.05232382 0.05821454 0.08315640 0.06166527 0.06774713 0.08011808 0.13790337 0.07024720 0.11137325 0.10632440 0.00000000 0.10029384 0.08832061 0.11078476 0.07862310 0.07492058 0.07060764 0.05447733 0.05540564 0.07714762 0.09445696 0.06639038 0.08264691 0.08293680 0.16881112 0.09950572 0.07525256 0.10060053 0.05717961 0.07289835 0.07000736 0.12574502 0.07495021 0.07160405 0.08230549 0.08775964 0.07376014 0.07606309 0.09623967 0.11792033 0.08175031 0.07313527 0.07346297 0.08472746 0.07688739 0.06867702 0.08408733 0.06197220 0.04894143 0.04178028 0.07131185 0.09620738 0.07009433 0.07866741 0.07379041 0.06964680 0.08463748 0.17072686 0.09183505 0.07201845 0.05726386 0.06201090 0.07361974 0.05662760 0.09102307 0.06692497 0.08889626 0.04213044 0.05411602 0.08292206 0.07117094 0.08078338 0.07416151 0.06126240 0.06433141 0.07680402 0.04085836 0.09444273 0.06762630 0.04902922 0.08088265 0.04526553 0.06615302 0.07633715 0.04666467 0.09677006 0.04968295 0.08235286 0.07418138 0.08749474 0.06144859 0.10097380 0.03998141 0.04479160 0.05917543 0.04323532 0.08044600 0.10247787 0.08490301 0.08390797 0.08883516 0.08740159 0.08552462 
0.07634929 0.06743645 0.04416668 0.09647013 0.02241425 0.02340561 0.06544398 0.07356874 0.06227023 0.09853273 0.09354692 0.07906503 0.12758989 0.10416708 0.09750187 0.06508885 0.09325110 0.08439723 0.12914995 0.07768031 0.10756567 0.09110579 0.08742506 0.10029384 0.00000000 0.10159158 0.06869604 0.09042710 0.06776027 0.11360119 0.05833684 0.06908172 0.07669552 0.10878695 0.06392718 0.09142572 0.07173592 0.06316990 0.06520053 0.09520023 0.05946038 0.06669676 0.10289027 0.07364221 0.08703753 0.07368066 0.06200841 0.06644990 0.08154983 0.04194382 0.07030256 0.11983774 0.05537822 0.06089123 0.06646202 0.07861144 0.03045380 0.06609478 0.08228052 0.07215197 0.08546309 0.07312718 0.08330596 0.04840229 0.09542541 0.09390409 0.10054030 0.07231017 0.04924902 0.06137230 0.08775040 0.13010315 0.07178582 0.08895486 0.09035481 0.06862700 0.03573492 0.07511808 0.06597586 0.09538882 0.07284090 0.05171517 0.09432878 0.08600383 0.11688382 0.04576776 0.10205319 0.11905416 0.03971596 0.06665154 0.10459641 0.07362839 0.07394260 0.10395852 0.06220595 0.11018069 0.07726682 0.06441915 0.03816302 0.08049183 0.03856161 0.05345034 0.04632536 0.10010639 0.07687950 0.06130027 0.08566252 0.06358062 0.06322271 0.07710187 0.09135921 0.07044822 0.06728662 0.07000461 0.13437124 0.06123203 
0.03553586 0.07962899 0.04528644 0.04222409 0.05653512 0.08332693 0.08165244 0.05270266 0.09722847 0.04862177 0.10709522 0.05180684 0.05705695 0.07572757 0.10046021 0.13591193 0.07851566 0.05736178 0.08365945 0.09842838 0.08407593 0.14209253 0.11974913 0.08832061 0.10159158 0.00000000 0.03648557 0.11479674 0.08756229 0.08087434 0.05845407 0.06656991 0.11594204 0.05224395 0.07595719 0.06903211 0.06893688 0.09093456 0.03072749 0.06976802 0.10454455 0.08886977 0.07805894 0.02928450 0.14184536 0.03767414 0.07928705 0.02250127 0.10604436 0.06071481 0.06971315 0.11309814 0.08102783 0.04892893 0.06552731 0.05448974 0.08766066 0.06001916 0.08292769 0.07446192 0.09720914 0.08597069 0.07899269 0.09033553 0.06597647 0.05863636 0.05934947 0.08039645 0.10219197 0.07876348 0.06410849 0.10846334 0.06096104 0.07841524 0.05753953 0.05910929 0.09495151 0.05365265 0.07736447 0.13761786 0.11147632 0.07687782 0.05464619 0.15004307 0.08686696 0.04912197 0.04033934 0.08048688 0.05722280 0.07266321 0.06228590 0.06232053 0.08760685 0.09426129 0.07474718 0.05436036 0.09115576 0.06152651 0.04420678 0.05943708 0.07233950 0.05129251 0.05680794 0.09499961 0.05685761 0.09574557 0.09693807 0.06262333 0.10302329 0.04326962 0.04288552 0.09773839 0.08873274 0.03041334 0.05596983 0.09040950 
0.08825269 0.11172885 0.09961102 0.09371714 0.12969009 0.08333569 0.06813947 0.07868639 0.08092632 0.08929077 0.03315250 0.10810698 0.10718265 0.08464455 0.08931730 0.10398492 0.07135014 0.06432648 0.07251043 0.06136563 0.06680142 0.10762491 0.07148768 0.11078476 0.06869604 0.03648557 0.00000000 0.14801050 0.11447550 0.13143170 0.08441740 0.05314766 0.05762020 0.06312597 0.07422613 0.07526865 0.07448686 0.11022268 0.12718292 0.03714233 0.06308605 0.05894458 0.06336530 0.07711687 0.06358827 0.10956635 0.10647832 0.06209140 0.05585148 0.07527383 0.11380865 0.02632081 0.03947492 0.05710227 0.08184861 0.06893794 0.07482998 0.08510418 0.04861915 0.13138089 0.07073250 0.08365799 0.05855104 0.04242060 0.06969984 0.08648122 0.12721450 0.07515632 0.05055115 0.08007153 0.04061152 0.05810427 0.07635454 0.07151618 0.08018292 0.08865297 0.10615681 0.08201524 0.07044418 0.06748844 0.04673333 0.04475178 0.07943972 0.04315641 0.07094250 0.07067706 0.09181803 0.07784484 0.05334324 0.10469978 0.08555979 0.10476541 0.10475042 0.07086656 0.05802188 0.07654288 0.08261966 0.10260280 0.05401608 0.04915860 0.05698955 0.05071284 0.08244723 0.04562882 0.07471659 0.09334327 0.09463620 0.05208316 0.06153198 0.04953340 0.08807451 0.07108754 0.03916602 0.11038444 0.05482197 0.09831826 
0.08048506 0.10881919 0.05788008 0.10924842 0.05329482 0.09041908 0.06002374 0.05285821 0.06029092 0.06042777 0.07621256 0.06717897 0.05730029 0.06592076 0.07598902 0.04913676 0.09326974 0.03885758 0.09362793 0.05677227 0.03630398 0.05885669 0.04303664 0.07862310 0.09042710 0.11479674 0.14801050 0.00000000 0.13163198 0.09293983 0.12298405 0.10973892 0.07881211 0.07697396 0.07999126 0.08671333 0.07830719 0.06312280 0.06669447 0.06796909 0.08823144 0.07497910 0.06621514 0.07125686 0.05171114 0.06884691 0.09064293 0.05910999 0.08303053 0.04065635 0.07392832 0.04830311 0.03524394 0.07018807 0.06176209 0.06417823 0.05908346 0.08827171 0.07517330 0.03908090 0.04653213 0.09585508 0.04365772 0.05797593 0.07622713 0.08551653 0.06482705 0.07222776 0.13790145 0.06837832 0.07802777 0.08637022 0.08108428 0.08233364 0.06186519 0.08161026 0.12468474 0.06636065 0.09185437 0.24126367 0.10595914 0.09546438 0.13100967 0.16319523 0.04352262 0.07533249 0.13101102 0.07967809 0.05500747 0.04874306 0.06050210 0.04520860 0.06932944 0.05037489 0.05801262 0.08123106 0.06673023 0.05413607 0.06021177 0.04576397 0.10833802 0.10110224 0.08376289 0.07031135 0.04584215 0.09335463 0.09135911 0.07640949 0.06260569 0.05707580 0.11090701 0.07069225 0.10975136 0.04877009 0.07406442 0.07381333 
0.06481576 0.05955562 0.04239245 0.08350681 0.05840602 0.07904623 0.06539947 0.07569559 0.09636524 0.06948648 0.03726499 0.10223310 0.06601858 0.06853403 0.02718059 0.03084106 0.04723503 0.04472658 0.08481160 0.09698475 0.05599619 0.08255397 0.10280544 0.07492058 0.06776027 0.08756229 0.11447550 0.13163198 0.00000000 0.11781271 0.19851286 0.16290136 0.06880628 0.09540883 0.05634317 0.05306204 0.08346198 0.10196285 0.10675054 0.09613858 0.17661771 0.06766224 0.08802141 0.08670804 0.09349729 0.07024117 0.09215795 0.08271765 0.02262511 0.13482200 0.11452704 0.02966710 0.07423532 0.10142877 0.09856014 0.04914573 0.07132831 0.05663103 0.06772529 0.07161474 0.05036048 0.03258376 0.06346003 0.04087850 0.09313245 0.04083511 0.11237178 0.07757632 0.06553817 0.04485101 0.08304085 0.06263518 0.03629552 0.11474614 0.03886042 0.08750143 0.07571247 0.05338925 0.06107737 0.15951880 0.18769648 0.08119000 0.06255530 0.09760923 0.06744708 0.05212910 0.07648458 0.03759682 0.06401498 0.06604225 0.05827784 0.06712059 0.04982618 0.12073171 0.09600399 0.05602550 0.07712502 0.08701777 0.06209385 0.09491872 0.05523024 0.08692612 0.04464947 0.00000000 0.07534159 0.09996821 0.07885346 0.06266404 0.08815709 0.08003419 0.11573017 0.06348088 0.02699290 0.04099804 0.02176796 0.08128068 
0.07191289 0.04043756 0.06432150 0.07475779 0.11173308 0.05305178 0.04647605 0.11037259 0.07483487 0.06675064 0.03826586 0.07205509 0.07769652 0.07073728 0.06763319 0.06745799 0.09788222 0.06291726 0.08144475 0.08105402 0.09385362 0.13718603 0.14698371 0.07060764 0.11360119 0.08087434 0.13143170 0.09293983 0.11781271 0.00000000 0.11315860 0.03911922 0.05910128 0.06417246 0.10919669 0.05366356 0.06112714 0.06623609 0.06978751 0.11435024 0.10155325 0.05911678 0.05722440 0.07947270 0.05997270 0.10536183 0.07774616 0.07264998 0.12230474 0.06147749 0.05334850 0.08425363 0.17621700 0.09205971 0.06682376 0.04737936 0.06578861 0.10422641 0.07487234 0.05927217 0.09719890 0.08395399 0.05134438 0.04206059 0.11842387 0.06981353 0.05429296 0.07003681 0.06911436 0.06586287 0.07867603 0.08309354 0.09407259 0.08777320 0.08249678 0.06369219 0.09484731 0.08292420 0.08104403 0.11576957 0.10788672 0.06261049 0.08370338 0.13089356 0.04358307 0.08571440 0.05431232 0.05064528 0.05406043 0.06541970 0.10448365 0.09404883 0.06154720 0.08483129 0.05599745 0.06855744 0.06983180 0.05993445 0.03734248 0.03462801 0.08731383 0.02995031 0.05714663 0.09850636 0.06521378 0.05803588 0.07750512 0.06539974 0.03990421 0.06506641 0.07316002 0.08359383 0.05713146 0.09887325 0.12028268 0.07083358 
0.07439402 0.06739183 0.06813469 0.08886328 0.05802393 0.12627406 0.06977852 0.05138179 0.08175123 0.05488166 0.04210582 0.02766745 0.07422359 0.08769452 0.05977690 0.07995497 0.09296902 0.08897367 0.06778710 0.05128689 0.05728046 0.07542385 0.11276445 0.05447733 0.05833684 0.05845407 0.08441740 0.12298405 0.19851286 0.11315860 0.00000000 0.07160789 0.08682234 0.10774895 0.09902159 0.06417681 0.08942131 0.07850473 0.05831637 0.09910170 0.09702387 0.05872793 0.07755951 0.08776851 0.03815406 0.07255544 0.04933455 0.03565381 0.07019073 0.03409283 0.11055514 0.07510973 0.09253679 0.09430033 0.10019545 0.09499255 0.05322401 0.08611884 0.08360590 0.07867006 0.07971755 0.07463623 0.06660291 0.04612534 0.12338204 0.05257596 0.07416244 0.07219447 0.11570215 0.06242406 0.06466460 0.09508524 0.05035194 0.10339646 0.10928445 0.05200422 0.13122894 0.09269296 0.03860925 0.10204128 0.07546330 0.07999704 0.05923394 0.07353113 0.08287763 0.08461316 0.07993210 0.05738070 0.06153207 0.05898919 0.09733659 0.08716088 0.13145334 0.10004420 0.07749779 0.09500414 0.07248904 0.03843448 0.08503521 0.05229596 0.06069060 0.04803641 0.09409902 0.08312715 0.09785597 0.09697817 0.06694541 0.07444228 0.04188984 0.12001769 0.05327548 0.07645615 0.06398658 0.04473489 0.09145791 0.06100398 
