0.00000000 0.31468014 0.19210449 0.17594342 0.10581540 0.07019833 0.16178844 0.15989569 0.12362689 0.07934934 0.10842196 0.10817347 0.10424733 0.09461237 0.15635756 0.08114883 0.06777342 0.11871823 0.11651398 0.11733203 0.08852896 0.10359110 0.11314935 0.17487741 0.12473788 0.14223110 0.15043785 0.12005402 0.09017896 0.09825004 0.10581973 0.12054353 0.15352984 0.09765366 0.06337810 0.09460076 0.11909700 0.10170799 0.08110401 0.12277348 0.10526248 0.13040134 0.10061307 0.10655520 0.11703858 0.06009134 0.11027441 0.06958167 0.07480563 0.06358875 0.09859976 0.07771077 0.12486073 0.11630742 0.09967501 0.11324704 0.06806244 0.08030544 0.04211718 0.07977601 0.10599852 0.05361291 0.12259876 0.15240421 0.11051130 0.11328337 0.08868346 0.12935841 0.17054243 0.07565205 0.10141254 0.10052163 0.13538171 0.10142004 0.12358823 0.10377736 0.08636516 0.11499438 0.12703481 0.08668614 0.06110831 0.10032079 0.10580194 0.07908021 0.09745895 0.06409860 0.07008373 0.11698042 0.13035796 0.09037668 0.09564027 0.07659995 0.10052893 0.13042088 0.10422430 0.07778249 0.09942864 0.08623727 0.10778729 0.10048155 0.07456401 0.15919689 0.06082887 0.11410423 0.09026566 0.09797562 0.11241787 0.08711576 0.10323442 0.09478622 0.12682412 0.13845420 0.08605171 0.10432706 0.07726457 0.10746285 0.09071878 0.12049385 0.06312676 0.15141468 0.05267697 0.12424913 0.05367431 0.09266043 0.07370916 0.10622825 0.06090267 0.09084069 0.14435704 0.08881069 0.10523688 0.09731379 0.09621461 0.09320704 0.09470750 0.10052236 0.10993774 0.10832615 0.10472217 0.01468433 0.05310412 0.10463811 0.13902589 0.10276553 0.11368916 0.07615774 0.09194697 0.09805908 0.05763798 0.09459246 0.05657655 0.10508516 0.10590943 0.10807548 0.10220877 0.08805994 0.12358218 0.09864338 0.08792733 0.16918679 0.12226160 0.08083921 0.10412718 0.20301446 0.09986347 0.12532967 
0.31468014 0.00000000 0.13678809 0.23817888 0.17118556 0.13307924 0.13911418 0.12802973 0.12886791 0.11949370 0.13723351 0.21055365 0.12561012 0.09809633 0.47305422 0.15183769 0.38440374 0.12791296 0.09361065 0.09226431 0.13693826 0.08311867 0.11365467 0.06475985 0.10617136 0.22390311 0.15172894 0.09925135 0.13371207 0.10154837 0.08245909 0.05831988 0.11638130 0.07941950 0.12643891 0.08872538 0.10255392 0.08681234 0.06626397 0.10972715 0.09672705 0.06585874 0.14487516 0.09937124 0.05991086 0.09332197 0.09969626 0.05483854 0.12016467 0.12127671 0.06872735 0.04588653 0.06852336 0.07911296 0.03825210 0.16659445 0.11882265 0.09074295 0.11935541 0.11452740 0.06914825 0.07449165 0.07082762 0.07978174 0.11655720 0.06856720 0.13196205 0.10420048 0.16470305 0.08959385 0.06381774 0.11297354 0.09269474 0.12837792 0.05189594 0.10740882 0.02672859 0.10613699 0.02917112 0.05613354 0.10983509 0.06264076 0.06864390 0.07253663 0.09796690 0.17537798 0.09205985 0.09894978 0.08351165 0.06704302 0.11865552 0.07717031 0.12058204 0.11240274 0.12451438 0.14451940 0.06781366 0.11933591 0.08010005 0.11133878 0.09352429 0.15005578 0.10774104 0.13428210 0.07315084 0.17500146 0.10812424 0.07513111 0.08091337 0.13025100 0.11779973 0.07425958 0.10815547 0.09941611 0.09909327 0.05496536 0.08447347 0.03331607 0.04016037 0.07283170 0.08226262 0.10537919 0.09154634 0.06700398 0.09947832 0.10552431 0.09131103 0.08703062 0.14629808 0.05056913 0.09036992 0.08941192 0.11280539 0.10150913 0.10893891 0.10470506 0.09148650 0.09253195 0.08800578 0.04250577 0.08393443 0.10656502 0.03006383 0.12221944 0.08198359 0.12227277 0.05206230 0.09160440 0.08649689 0.08247823 0.12804336 0.05284336 0.07791253 0.09363236 0.12157973 0.05208396 0.08970059 0.09893586 0.09346179 0.09933808 0.07814406 0.09558211 0.07817420 0.15790757 0.11871551 0.13570245 
0.19210449 0.13678809 0.00000000 0.21660075 0.12525326 0.17006946 0.11741625 0.12613195 0.11376145 0.12692690 0.12109098 0.12221307 0.10139297 0.17244537 0.14190646 0.16846244 0.13355788 0.26840931 0.12068407 0.08400038 0.09878591 0.15073211 0.15873310 0.07354238 0.12197704 0.09144137 0.14842646 0.12293284 0.07930313 0.14159671 0.07087112 0.15120153 0.07932547 0.07681775 0.11519148 0.13765689 0.10772845 0.05443799 0.09941681 0.07359522 0.05482704 0.07529138 0.05334040 0.10583925 0.06896848 0.07323462 0.11266010 0.12923269 0.11360268 0.07689916 0.06469438 0.05713524 0.09390333 0.05436623 0.09316088 0.17337372 0.09187482 0.11109149 0.11005091 0.16872999 0.10306170 0.06030873 0.08094172 0.14027953 0.17111351 0.08326929 0.09620210 0.13511480 0.16549114 0.16604788 0.22116909 0.06625261 0.18121363 0.08592468 0.12814264 0.04828560 0.08335945 0.10111809 0.10273640 0.07149039 0.04556344 0.05598276 0.09390980 0.09751216 0.13144475 0.02798806 0.08736490 0.08200300 0.10869369 0.13476981 0.07436366 0.11555981 0.10103468 0.15229820 0.09873257 0.14441609 0.11034004 0.12856764 0.07492202 0.10735822 0.12696167 0.13939948 0.11454373 0.08298842 0.07870129 0.08999615 0.07654371 0.08994364 0.14389449 0.04451190 0.08426785 0.10249873 0.13459481 0.08208798 0.06278775 0.08135566 0.06967634 0.10470893 0.04087922 0.05087900 0.14090237 0.10600366 0.08526750 0.08689923 0.11719969 0.12005684 0.03648685 0.07411747 0.07701389 0.11003895 0.08508076 0.09404233 0.10043513 0.10626622 0.10037842 0.08926297 0.09282642 0.07736734 0.08158567 0.09360820 0.09837407 0.08183255 0.11823241 0.11511091 0.06782503 0.09192202 0.09798434 0.15672363 0.12575749 0.12264330 0.11421417 0.10317774 0.12797569 0.08725243 0.06398978 0.08243906 0.07720771 0.13120803 0.08310375 0.13063534 0.05884023 0.09043456 0.07876762 0.08241165 0.08985133 0.11134616 
0.17594342 0.23817888 0.21660075 0.00000000 0.15808953 0.27506552 0.11928260 0.14715021 0.16511036 0.15481459 0.08974727 0.43545238 0.13225316 0.11499691 0.25201859 0.07557607 0.17091159 0.11504176 0.10633182 0.12814296 0.08331290 0.07487118 0.12572437 0.12406867 0.14079851 0.10673427 0.09586691 0.07973987 0.11924098 0.08820382 0.12500340 0.09565877 0.10395530 0.12468822 0.08331955 0.11694733 0.07139496 0.08871423 0.05918538 0.04583419 0.05246705 0.10516847 0.05125681 0.12591444 0.12129797 0.10541887 0.10507541 0.11078470 0.09520764 0.06332281 0.09065364 0.13429550 0.08770273 0.07915039 0.12121638 0.11217905 0.07467738 0.06048797 0.07012456 0.05034867 0.11134035 0.08183694 0.06091808 0.10965909 0.10007842 0.11424026 0.14547688 0.05950967 0.11635570 0.11042026 0.08925718 0.12873231 0.05619895 0.05823773 0.04419991 0.08348155 0.11591543 0.07934312 0.09775963 0.07782182 0.04393919 0.06775855 0.10557275 0.12545305 0.06096708 0.12390000 0.10892811 0.11569598 0.14399046 0.11918735 0.13137759 0.03239037 0.11787720 0.10159706 0.13558268 0.11062410 0.09435438 0.09290940 0.10648980 0.11530823 0.08692888 0.11612424 0.15590432 0.07294262 0.05663531 0.14205517 0.08109952 0.10559469 0.10877824 0.10864391 0.12732318 0.09860502 0.10952238 0.08036585 0.09133287 0.04722706 0.12290187 0.12902108 0.02160363 0.02183189 0.06332211 0.07667357 0.08414482 0.13667238 0.13300170 0.13563289 0.12888231 0.09224390 0.09347528 0.08766454 0.08566829 0.08028220 0.07531239 0.07100464 0.07980227 0.07553324 0.07588139 0.08027256 0.08345964 0.13819109 0.12018807 0.09567170 0.07660519 0.12897450 0.11972109 0.11493411 0.05449933 0.09422769 0.10674483 0.10670649 0.07706854 0.14483659 0.11033076 0.07704530 0.10097836 0.09119791 0.09837655 0.08212012 0.13923787 0.11933358 0.14465389 0.10171327 0.13633036 0.09357815 0.10387025 0.09827238 
0.10581540 0.17118556 0.12525326 0.15808953 0.00000000 0.18474987 0.17452915 0.17439512 0.14528250 0.10587936 0.09049584 0.20522309 0.12665862 0.14887792 0.12962454 0.22615489 0.11645104 0.10011759 0.09493927 0.05683856 0.04884593 0.05102978 0.07975925 0.10052254 0.07873066 0.11037113 0.08998251 0.14099925 0.14564905 0.10655785 0.11241792 0.11978180 0.04659499 0.09285032 0.10692269 0.10241332 0.09282428 0.06119224 0.10881907 0.11973004 0.08201028 0.12153083 0.15648804 0.08261919 0.09595051 0.08957214 0.06856003 0.12498642 0.08673253 0.08052276 0.11566899 0.09733293 0.07906722 0.08746108 0.10888130 0.05390597 0.07572506 0.10064200 0.11641487 0.09055203 0.12595022 0.08675001 0.04504673 0.10174916 0.10180602 0.11970477 0.08714242 0.05817713 0.13092630 0.09177566 0.18684267 0.07095746 0.03857782 0.14649828 0.12490752 0.17473187 0.11040915 0.02830111 0.08886996 0.10949406 0.05025050 0.05877053 0.11284578 0.10646820 0.16259587 0.05659907 0.14258593 0.10968946 0.09223138 0.05695735 0.07424433 0.09233839 0.13158602 0.11129969 0.12253069 0.10877245 0.13049833 0.08873693 0.05766020 0.16000803 0.09404521 0.09360164 0.11242950 0.06079745 0.07915792 0.05887889 0.06965816 0.09732879 0.06092354 0.11499053 0.09100785 0.16434471 0.11098798 0.12287061 0.10886991 0.08290305 0.12024579 0.08417263 0.06499974 0.14184086 0.11148061 0.15856950 0.06342458 0.04192505 0.06809718 0.11057454 0.09232723 0.11812340 0.08320731 0.10414411 0.10161457 0.09109790 0.10045513 0.10267433 0.10194781 0.09875499 0.10042941 0.09697434 0.09918464 0.16930792 0.08441141 0.08841654 0.13508627 0.08293669 0.07257993 0.04699754 0.13121159 0.12038872 0.06955712 0.12771256 0.08325895 0.13229194 0.26830779 0.08484313 0.15830016 0.09691428 0.08287660 0.12709161 0.08622491 0.10703124 0.10318106 0.11382852 0.09533369 0.06895763 0.12574315 0.08943729 
0.07019833 0.13307924 0.17006946 0.27506552 0.18474987 0.00000000 0.21552672 0.18869169 0.11337694 0.12348688 0.19896394 0.25723148 0.14821226 0.12312983 0.05848610 0.16689109 0.10229392 0.04111141 0.09803587 0.08617794 0.09159681 0.15491127 0.15540369 0.08167303 0.11642560 0.10660647 0.11712012 0.13088727 0.12013311 0.09715849 0.08724894 0.08581836 0.13697573 0.11146183 0.10970553 0.09776884 0.08184808 0.07574116 0.07826011 0.09023729 0.06239980 0.08743595 0.06385160 0.11917728 0.07503260 0.12410375 0.08893928 0.14195020 0.12397003 0.13760707 0.08560893 0.08989015 0.09208574 0.07969845 0.12512932 0.09858088 0.10275512 0.08698139 0.08628211 0.07312493 0.09211997 0.06583468 0.09683329 0.09925414 0.09471613 0.12883891 0.12724262 0.06555833 0.06799181 0.12787877 0.18467052 0.10940028 0.07621695 0.08840209 0.12618126 0.10203552 0.08841935 0.13001789 0.11005299 0.11224730 0.15692816 0.05442335 0.09576905 0.07899990 0.10411723 0.09420265 0.17297525 0.22508808 0.07849420 0.07101517 0.11062534 0.26357713 0.15930834 0.11267304 0.04885890 0.10346593 0.07510986 0.08996914 0.05283308 0.08701983 0.06814434 0.06059827 0.15100597 0.10806952 0.05930871 0.09545030 0.04491969 0.16175013 0.10496899 0.11257994 0.14241116 0.09525299 0.11918387 0.15789187 0.07236090 0.05929464 0.07153373 0.04823211 0.04435011 0.08171721 0.12862821 0.10130956 0.13630305 0.05232730 0.07088563 0.07719928 0.12908623 0.04576453 0.11732125 0.10287443 0.07643122 0.07910401 0.09969393 0.09830343 0.10367836 0.07353457 0.08052436 0.06958731 0.07359327 0.07895183 0.09777827 0.08247915 0.09583715 0.11688457 0.04276105 0.12522772 0.14366305 0.11200617 0.06859094 0.10398744 0.03031020 0.11861708 0.06498005 0.15783390 0.09396661 0.07416593 0.08474722 0.06877708 0.09635498 0.14899926 0.03795552 0.12448593 0.11303567 0.13015763 0.08010817 0.15750103 
0.16178844 0.13911418 0.11741625 0.11928260 0.17452915 0.21552672 0.00000000 0.15829167 0.56960556 0.08957295 0.62572117 0.13210794 0.30374429 0.14637871 0.09541650 0.10713518 0.13367813 0.06949583 0.12942685 0.07726842 0.08007645 0.07953341 0.08974587 0.07976526 0.10952236 0.08965012 0.06783258 0.07416219 0.11470616 0.05259222 0.13996237 0.09824422 0.07253086 0.04488045 0.04631261 0.11972657 0.07186488 0.09581368 0.13786749 0.09583466 0.06307877 0.06970497 0.10570155 0.11002569 0.05449861 0.13566268 0.05549709 0.09814274 0.10381896 0.09678253 0.08999057 0.04052219 0.08091664 0.08001730 0.08069697 0.07531469 0.08454173 0.07560648 0.03542791 0.09368856 0.06733505 0.05797505 0.09412871 0.11262118 0.09044061 0.09845122 0.12495969 0.09425045 0.07527967 0.08712958 0.07813866 0.17929949 0.23655620 0.13334010 0.11080934 0.10551780 0.08558920 0.12635526 0.09655444 0.08683452 0.13884723 0.06964038 0.11860220 0.10665564 0.06553242 0.09759399 0.10124261 0.08471083 0.17769320 0.08071959 0.10350844 0.13093528 0.11810413 0.08591635 0.09699761 0.12235726 0.08592190 0.09762993 0.08900002 0.07379526 0.14036267 0.11901243 0.04996405 0.06876285 0.07000301 0.09183384 0.10349831 0.07429827 0.11597200 0.11820044 0.12108393 0.07797946 0.07983104 0.11226896 0.15334930 0.04830382 0.14039579 0.08175034 0.04902574 0.10196843 0.11220991 0.08092013 0.09502257 0.12509743 0.05284777 0.06737611 0.13101869 0.10572061 0.12247220 0.08562491 0.09088143 0.09247793 0.08932806 0.08678801 0.08639172 0.08489970 0.09591526 0.08709416 0.08914215 0.16249792 0.09763101 0.11695314 0.12472974 0.05932476 0.08238150 0.11854596 0.07885316 0.09671573 0.08178802 0.07227477 0.03637988 0.05480147 0.01090059 0.05545146 0.09923574 0.10984204 0.11243822 0.04463863 0.11941072 0.10738392 0.12978929 0.07530509 0.07832899 0.12007218 0.14278986 0.09589818 
0.15989569 0.12802973 0.12613195 0.14715021 0.17439512 0.18869169 0.15829167 0.00000000 0.25494189 0.11366272 0.18082212 0.09244752 0.11274226 0.14652619 0.11497940 0.08215400 0.10389510 0.07090267 0.09411705 0.11869808 0.10620453 0.08894470 0.13036267 0.09988518 0.11767640 0.09316028 0.09106851 0.09737655 0.15356391 0.11773869 0.05755062 0.08464815 0.14079541 0.12877582 0.07323703 0.10682639 0.06199166 0.10172041 0.07777575 0.19387618 0.05321362 0.07907769 0.15325415 0.08407505 0.06969268 0.08698005 0.11504059 0.03041732 0.14817607 0.13241812 0.08811808 0.08478527 0.07934048 0.09961694 0.08658905 0.13572825 0.14412027 0.10040335 0.09044455 0.13008597 0.08920577 0.09820705 0.12517435 0.07196122 0.08488133 0.07296128 0.15039837 0.07310416 0.10951290 0.09854572 0.11455933 0.10248885 0.19238936 0.12443250 0.13057261 0.13314951 0.08511026 0.06537993 0.08667499 0.10753470 0.06283681 0.05162766 0.10245552 0.11443080 0.15004287 0.09738848 0.15746292 0.20392318 0.07363832 0.11922354 0.18579899 0.15465479 0.11536831 0.11100102 0.08874732 0.10308360 0.08540786 0.08453627 0.15121494 0.15370985 0.10403600 0.09977284 0.09224199 0.09103047 0.08926965 0.10072378 0.08862972 0.05124732 0.10536550 0.13086905 0.11065217 0.09883644 0.14991986 0.09130277 0.04649257 0.10698394 0.06883989 0.10263655 0.02815926 0.10132644 0.07528793 0.07356414 0.14057012 0.11890473 0.12429445 0.09953331 0.08410211 0.10077338 0.09489122 0.06973469 0.08486640 0.07295544 0.08051679 0.08997017 0.08579066 0.08657616 0.07363206 0.08024322 0.08139322 0.09341514 0.04258940 0.12105263 0.13845935 0.07833439 0.09261452 0.11357567 0.09812594 0.11582187 0.06509776 0.08821178 0.09454512 0.08767458 0.05584221 0.09881258 0.09754492 0.13946775 0.10644099 0.06558686 0.11761802 0.07185120 0.14829730 0.09157139 0.15336446 0.13968615 0.09201311 0.11953274 
0.12362689 0.12886791 0.11376145 0.16511036 0.14528250 0.11337694 0.56960556 0.25494189 0.00000000 0.21801300 0.49024045 0.12096552 0.17197303 0.16160414 0.15160125 0.13528585 0.15843340 0.08140209 0.07965878 0.10698296 0.14255167 0.11128161 0.07083700 0.15109134 0.08806499 0.07034038 0.08223520 0.07175498 0.11060134 0.11262337 0.03156178 0.04362785 0.19213292 0.05787048 0.04531902 0.06839646 0.07336928 0.05310264 0.11900398 0.12739468 0.06326386 0.12094017 0.06918574 0.11373993 0.11948451 0.08444763 0.06008530 0.08236937 0.13620139 0.11310642 0.08286047 0.10568243 0.09914378 0.09400171 0.05045414 0.07937531 0.03913847 0.08600790 0.07526790 0.17762736 0.12650996 0.06718047 0.04391713 0.08346519 0.13146462 0.07489304 0.09811012 0.08636186 0.05541479 0.07590188 0.12006095 0.10445129 0.09235926 0.09824120 0.10671000 0.14381066 0.09826238 0.07278553 0.07527243 0.05559906 0.05797723 0.05579493 0.11875959 0.13217769 0.06751728 0.09949779 0.16404548 0.14786999 0.07520178 0.12071568 0.18223954 0.05315568 0.12470028 0.11391134 0.11367990 0.10495713 0.08451658 0.07178655 0.06154945 0.06984235 0.10897880 0.06799814 0.06159145 0.10592054 0.08625142 0.13490080 0.16186993 0.08081617 0.12869631 0.08469009 0.11294571 0.11944205 0.12564459 0.10895100 0.11112990 0.13340300 0.10972476 0.08945857 0.04993212 0.09751822 0.13116272 0.09487530 0.15210913 0.11070427 0.11270052 0.13272221 0.09521711 0.03225774 0.13042904 0.08825873 0.08506414 0.08436097 0.08530007 0.09510020 0.09282122 0.08674939 0.08446984 0.08185949 0.08267201 0.08127048 0.11218276 0.05249059 0.10365675 0.10705228 0.12638021 0.09193670 0.12506926 0.05613115 0.04562578 0.07412211 0.08834309 0.12574413 0.10087433 0.10518975 0.09555985 0.11109901 0.06496297 0.05257386 0.08554094 0.13051422 0.03319998 0.10768365 0.08896990 0.09101219 0.10090192 0.12384215 
0.07934934 0.11949370 0.12692690 0.15481459 0.10587936 0.12348688 0.08957295 0.11366272 0.21801300 0.00000000 0.17402604 0.14358569 0.14630333 0.14189586 0.14525178 0.08997865 0.12866450 0.06421343 0.11563698 0.06670292 0.10853175 0.11902556 0.08255564 0.07693060 0.10018570 0.08605842 0.11171851 0.14714970 0.09414601 0.11936092 0.10207612 0.10686810 0.12507106 0.11643026 0.08073242 0.10218548 0.09916923 0.11971493 0.07615332 0.10123642 0.09960395 0.10699310 0.11670474 0.08545768 0.09848803 0.10016885 0.07689725 0.10308431 0.14200875 0.10506923 0.11570860 0.07179135 0.09884200 0.12095149 0.13928207 0.13071395 0.12430440 0.14148576 0.09197241 0.07310675 0.07613189 0.07753814 0.08810045 0.15485646 0.13859076 0.06185671 0.06664534 0.07909491 0.11081112 0.09128346 0.08984145 0.12018207 0.07153427 0.10432201 0.07847086 0.10762131 0.06838133 0.07832504 0.08813925 0.17688153 0.11444317 0.10387188 0.06734426 0.10973652 0.16628030 0.08923136 0.06276112 0.18286430 0.12507984 0.11068602 0.16079662 0.23193208 0.11270168 0.11327869 0.05785065 0.08029910 0.07649626 0.16934790 0.06175883 0.08973427 0.12271732 0.11198970 0.10837773 0.17089633 0.12307368 0.09386202 0.09011982 0.14390935 0.09953705 0.07611647 0.07154674 0.10815010 0.14107381 0.14278986 0.10344512 0.12486890 0.10858462 0.13777091 0.09768236 0.08362775 0.09518250 0.09849057 0.14067067 0.11038239 0.08959993 0.10000593 0.11672058 0.10544266 0.12287034 0.11184486 0.09071906 0.08897357 0.08782376 0.09290613 0.08863395 0.08307467 0.09025599 0.08146297 0.08868615 0.11232827 0.08076922 0.05470538 0.09704743 0.09549846 0.05547811 0.06039992 0.06345106 0.09840585 0.08309732 0.05353993 0.08093981 0.10185912 0.04485479 0.10200600 0.09784050 0.10269347 0.12641680 0.11921974 0.08280527 0.06788719 0.04044776 0.08647921 0.09253768 0.12908308 0.11446627 0.06907376 
0.10842196 0.13723351 0.12109098 0.08974727 0.09049584 0.19896394 0.62572117 0.18082212 0.49024045 0.17402604 0.00000000 0.18459262 0.20482988 0.14011133 0.16541921 0.07118279 0.10106729 0.05421476 0.09293441 0.09670815 0.14869248 0.11523618 0.05859006 0.10948633 0.07487514 0.13537496 0.11227704 0.06242752 0.15680163 0.06428413 0.11651651 0.07980751 0.09315707 0.06082406 0.02682041 0.03657510 0.06639041 0.04976185 0.03051932 0.11334912 0.06420798 0.05763619 0.03886737 0.11213919 0.04143611 0.07823341 0.07622977 0.02530415 0.11101732 0.07526057 0.11751303 0.06065621 0.10487849 0.08635083 0.06949149 0.06306686 0.12063324 0.04060226 0.10328323 0.03295509 0.08030643 0.11874122 0.07526100 0.08694369 0.07615512 0.06868441 0.15189410 0.07809110 0.07247744 0.07627003 0.08595241 0.12937367 0.15619824 0.07936836 0.17397873 0.12840745 0.11479405 0.18063072 0.11791898 0.17238820 0.09429957 0.05360138 0.09905620 0.10890417 0.08675385 0.08399254 0.15491001 0.11097970 0.08372763 0.09008959 0.20558313 0.15985898 0.08662223 0.10114972 0.12015696 0.10550572 0.12070447 0.11235346 0.11056005 0.10976467 0.10255158 0.07892333 0.06697595 0.09457046 0.10026723 0.16123651 0.15179363 0.06865189 0.11867079 0.13620362 0.15199946 0.08196352 0.10510773 0.12293434 0.10297605 0.08733231 0.17089711 0.12049267 0.07770002 0.12517120 0.08374579 0.11187152 0.12362697 0.07890826 0.09759438 0.05744884 0.13008679 0.06026254 0.11889467 0.09206558 0.08196023 0.08764853 0.08127872 0.09712400 0.08614310 0.07240312 0.08112377 0.07863443 0.08012232 0.10963101 0.09582672 0.03823639 0.09889662 0.06279852 0.12513813 0.09633719 0.11714234 0.09451491 0.13408532 0.11330244 0.00000000 0.08551115 0.10686892 0.11365639 0.07145843 0.12112078 0.06206307 0.07176175 0.13535687 0.08432676 0.15464369 0.04986532 0.09882661 0.05771969 0.12074300 0.12071669 
0.10817347 0.21055365 0.12221307 0.43545238 0.20522309 0.25723148 0.13210794 0.09244752 0.12096552 0.14358569 0.18459262 0.00000000 0.19610713 0.17644661 0.20960780 0.09893044 0.10962136 0.08058864 0.09061146 0.08754904 0.05224400 0.12825866 0.08001505 0.09648459 0.04851157 0.10889512 0.06506508 0.06431557 0.10148301 0.08778003 0.13181976 0.07212095 0.09845567 0.07597211 0.07500607 0.09819507 0.14457576 0.11843115 0.07885513 0.10830699 0.07338540 0.07335421 0.05885834 0.06735911 0.07427508 0.06635773 0.11186134 0.12009851 0.08572540 0.11526730 0.15596149 0.14540198 0.15971597 0.08748319 0.09119629 0.13066796 0.11097622 0.06353096 0.13362536 0.07937648 0.07421138 0.06647069 0.03797895 0.11911691 0.07234192 0.07947904 0.06651119 0.05422902 0.08756544 0.12547318 0.11469344 0.11273344 0.07943775 0.12969575 0.12956279 0.14508252 0.08340911 0.09671126 0.13553968 0.09801280 0.07203164 0.09398872 0.14728206 0.12468318 0.09259602 0.08368415 0.15537387 0.12470145 0.13563092 0.09677998 0.13677851 0.12187905 0.08197798 0.10416815 0.14744246 0.11796330 0.09609708 0.10519764 0.07820442 0.08151997 0.10333457 0.09281839 0.16930324 0.04709445 0.10140956 0.14735514 0.16224004 0.09877040 0.13423691 0.13493272 0.08615508 0.11374294 0.11827823 0.11048118 0.12669145 0.08152924 0.13226863 0.10700122 0.07405740 0.10087836 0.10248521 0.09046268 0.11641128 0.06169959 0.12770943 0.10760474 0.12599529 0.10139615 0.09662194 0.10255855 0.08031668 0.07794576 0.08778765 0.08279289 0.07752865 0.07903277 0.08016454 0.08349128 0.07833717 0.11718400 0.06623324 0.07983068 0.09224716 0.09775612 0.08731418 0.05685176 0.08856468 0.05468348 0.07207755 0.08295946 0.06972429 0.06904668 0.07411884 0.10565085 0.15604558 0.05017993 0.10007460 0.15300869 0.10319807 0.08531195 0.13388089 0.05867553 0.07889344 0.07543929 0.08865635 0.13704466 
0.10424733 0.12561012 0.10139297 0.13225316 0.12665862 0.14821226 0.30374429 0.11274226 0.17197303 0.14630333 0.20482988 0.19610713 0.00000000 0.20481300 0.18192132 0.12386495 0.09342249 0.12947866 0.07486088 0.06433776 0.08819487 0.10005095 0.07896112 0.09658093 0.10512573 0.09247865 0.07263207 0.06896338 0.14095698 0.10141442 0.02059383 0.11717905 0.10134300 0.11545846 0.08475609 0.07075890 0.13135205 0.12500868 0.09633220 0.10533777 0.12837577 0.11053080 0.09528282 0.11567054 0.12058022 0.09411616 0.08101385 0.10159659 0.12644072 0.10318345 0.09213302 0.06309317 0.10461340 0.10851730 0.06517080 0.16559590 0.06866416 0.11539882 0.05376509 0.09949377 0.06089777 0.08351706 0.05411788 0.06560099 0.08689186 0.10990245 0.09842837 0.04338680 0.07928363 0.07660660 0.16259411 0.12879487 0.10379480 0.08110687 0.12157128 0.09311847 0.10131799 0.12421685 0.06526950 0.15354666 0.09553220 0.12714882 0.10084208 0.10647179 0.11722192 0.13114068 0.11899869 0.07987527 0.10781782 0.13538995 0.12989689 0.09110618 0.16154747 0.08952752 0.11767933 0.14295251 0.07861431 0.15865233 0.07110271 0.05588757 0.09438199 0.08003505 0.11977022 0.09390653 0.10346578 0.13717801 0.17104169 0.11335847 0.08162690 0.11833280 0.13939622 0.11748849 0.18048406 0.15448202 0.08745576 0.07241547 0.07660179 0.09409002 0.07157046 0.13338520 0.07698031 0.15494062 0.09155811 0.13073812 0.10833610 0.09019844 0.09936503 0.08863580 0.12215368 0.06485007 0.08105689 0.08491621 0.07780777 0.09010740 0.07373437 0.08456377 0.07990892 0.08335000 0.07867489 0.09708923 0.06708920 0.11725863 0.08415081 0.12532779 0.08394741 0.12692703 0.08617196 0.06761515 0.04795068 0.10299904 0.07633457 0.11718863 0.06215335 0.12758417 0.09814600 0.10494633 0.08219176 0.09635358 0.07236796 0.11784332 0.08622333 0.11143781 0.11862862 0.13690288 0.10451186 0.08746732 
0.09461237 0.09809633 0.17244537 0.11499691 0.14887792 0.12312983 0.14637871 0.14652619 0.16160414 0.14189586 0.14011133 0.17644661 0.20481300 0.00000000 0.16515922 0.08882691 0.17268145 0.11010211 0.07071579 0.06356104 0.09838463 0.07208614 0.09329225 0.13227914 0.09289804 0.08894486 0.05100802 0.07242624 0.08448467 0.07726482 0.10025119 0.08308886 0.15654056 0.18032670 0.11148881 0.08893012 0.11531490 0.06728741 0.09681057 0.15161641 0.12600092 0.10041144 0.08639510 0.10755062 0.10329781 0.07636682 0.14293697 0.14697810 0.14770932 0.10691291 0.07240348 0.12660643 0.12811682 0.11924223 0.06629767 0.13244505 0.09759447 0.08636145 0.15793438 0.18341215 0.09114704 0.06513742 0.11258310 0.10094581 0.12670728 0.08332347 0.09007570 0.03750263 0.12759729 0.09857781 0.13225578 0.15430644 0.12705559 0.11220695 0.08266312 0.07191217 0.07554684 0.10535885 0.10041628 0.08530738 0.07172022 0.07947010 0.08106839 0.10775594 0.14719434 0.09377020 0.16684603 0.11947780 0.05316634 0.12375401 0.09451927 0.10588329 0.09032865 0.08664921 0.10726255 0.14863921 0.08032061 0.09044108 0.09450635 0.11351738 0.13030118 0.08298375 0.12705838 0.05887165 0.07691521 0.15494022 0.11263389 0.10434460 0.06680976 0.12044816 0.09723943 0.10111693 0.07576302 0.10523061 0.10922643 0.11072972 0.05983677 0.09650169 0.06225554 0.09824041 0.08219368 0.12073229 0.09589173 0.10430022 0.05461962 0.14602670 0.08052055 0.05920772 0.11777053 0.13693924 0.07329827 0.07594658 0.07034040 0.07194744 0.07029236 0.06925732 0.07346605 0.07996802 0.07609632 0.10294765 0.11538740 0.08473311 0.13350040 0.10814852 0.07398028 0.08063723 0.08881426 0.08289808 0.07406078 0.07791795 0.09032381 0.05841294 0.12231361 0.08880478 0.29285784 0.11330390 0.06404547 0.11887682 0.14315843 0.09780757 0.13315892 0.09641667 0.09951957 0.11438949 0.07088354 0.07686920 
0.15635756 0.47305422 0.14190646 0.25201859 0.12962454 0.05848610 0.09541650 0.11497940 0.15160125 0.14525178 0.16541921 0.20960780 0.18192132 0.16515922 0.00000000 0.12845980 0.16491991 0.15277695 0.09854652 0.06285162 0.14047498 0.07948916 0.10245517 0.09366731 0.09006208 0.09898010 0.13774326 0.10787262 0.06708543 0.10804575 0.12271165 0.09377879 0.09844724 0.11279062 0.08638440 0.11753849 0.08419508 0.09972007 0.10828548 0.03905055 0.07901389 0.05800499 0.11516857 0.07030447 0.09151160 0.09000459 0.13108264 0.09614413 0.12214654 0.09532764 0.13078835 0.05250419 0.10458682 0.08271802 0.16039523 0.10284451 0.11262852 0.08402349 0.06520116 0.09702275 0.10859632 0.05594719 0.06246340 0.10777694 0.08213092 0.15362522 0.09154365 0.06527244 0.06983448 0.08951729 0.09200980 0.08846769 0.16617997 0.10731212 0.09787659 0.13412968 0.10604940 0.11655227 0.09207677 0.10280535 0.14388160 0.11588927 0.06649355 0.14338635 0.11523309 0.08060165 0.07656075 0.04337013 0.09749109 0.10847064 0.06416699 0.11158468 0.16434628 0.10883786 0.11421938 0.11688404 0.11336047 0.11575275 0.03053318 0.06931560 0.10910246 0.14808863 0.06025008 0.12422912 0.10588388 0.15428903 0.11877611 0.05987495 0.06643287 0.12953329 0.10337279 0.11956275 0.11900221 0.12329841 0.08911052 0.05142099 0.06898786 0.12477396 0.10177178 0.03344096 0.10809294 0.09157034 0.14809838 0.09318117 0.10891685 0.14358777 0.09707182 0.09558204 0.11440713 0.03738861 0.09890651 0.09902551 0.09746288 0.09592611 0.09761876 0.10212140 0.10534907 0.10900589 0.11088383 0.10187681 0.12232374 0.08219242 0.03092591 0.10329066 0.15475599 0.06368085 0.07002329 0.03475824 0.10009161 0.07223196 0.14862917 0.11913855 0.06996479 0.09970025 0.13538375 0.05963505 0.14842261 0.05634265 0.05661894 0.08273003 0.06525842 0.10198667 0.07883892 0.10568349 0.12185306 0.10916792 
0.08114883 0.15183769 0.16846244 0.07557607 0.22615489 0.16689109 0.10713518 0.08215400 0.13528585 0.08997865 0.07118279 0.09893044 0.12386495 0.08882691 0.12845980 0.00000000 0.14658188 0.20760425 0.08050897 0.12244393 0.09473023 0.13892587 0.15692006 0.12594858 0.06796671 0.10013904 0.07302675 0.07345170 0.10014618 0.15109935 0.05807186 0.07991894 0.13618099 0.08248134 0.06524241 0.11647661 0.09571145 0.06546503 0.08579637 0.09306150 0.08485712 0.09782857 0.09338472 0.04731640 0.06977844 0.05542365 0.10972878 0.11994617 0.10012409 0.14221002 0.06747786 0.08449753 0.05425295 0.14250662 0.11373026 0.12949927 0.10690194 0.09967178 0.04766546 0.01820385 0.08002999 0.11122434 0.08831011 0.10915160 0.09439108 0.10464305 0.12099247 0.08894770 0.13269478 0.10394698 0.14938649 0.13724640 0.06827824 0.08702653 0.09870149 0.07775681 0.10484621 0.13038996 0.11221332 0.07273452 0.09599155 0.11652244 0.15227389 0.09182453 0.10332198 0.14358381 0.13613784 0.10201963 0.06619140 0.13613735 0.15215041 0.17581614 0.15553969 0.09933691 0.14249781 0.17180220 0.18631200 0.04723882 0.09680269 0.09053886 0.13818754 0.12736740 0.09729339 0.10738076 0.12640744 0.07302138 0.13746158 0.09122155 0.07139661 0.12411993 0.13598760 0.12845189 0.08735846 0.08665518 0.11456598 0.07076393 0.02834720 0.09438232 0.08878018 0.07101827 0.09352485 0.15680233 0.11140780 0.10094775 0.06939448 0.12682489 0.10336950 0.06518934 0.11834641 0.03901750 0.09192214 0.10987244 0.10359451 0.11264222 0.10178774 0.11139364 0.09691936 0.08952420 0.09953888 0.10047200 0.08061534 0.12921854 0.08473917 0.06709199 0.12601227 0.04494479 0.09015563 0.10639918 0.09963673 0.13021955 0.15241069 0.11122413 0.07069927 0.06090223 0.11880697 0.06115141 0.09794688 0.23244117 0.14748809 0.09402054 0.06189983 0.14372574 0.11577318 0.14327768 0.09009990 0.09369508 
0.06777342 0.38440374 0.13355788 0.17091159 0.11645104 0.10229392 0.13367813 0.10389510 0.15843340 0.12866450 0.10106729 0.10962136 0.09342249 0.17268145 0.16491991 0.14658188 0.00000000 0.09831883 0.14012539 0.11249038 0.15294090 0.09485076 0.11990809 0.12169031 0.13410254 0.15375351 0.13148766 0.06790907 0.10745811 0.06840954 0.14659628 0.07247316 0.08829378 0.07472801 0.11535492 0.13009763 0.08635491 0.06345543 0.07331110 0.07138183 0.11077455 0.07173341 0.06075581 0.12835129 0.04277377 0.12364755 0.07901248 0.06382621 0.14578957 0.15285150 0.05993923 0.05422385 0.07062029 0.07185717 0.08108380 0.06314775 0.09632674 0.09619143 0.06760238 0.11398107 0.04433320 0.08044887 0.08141997 0.13428098 0.08927600 0.08198167 0.14350004 0.08188004 0.13787045 0.10538353 0.13031761 0.12300029 0.11711271 0.14766949 0.11708117 0.11424892 0.06638313 0.11985087 0.14689735 0.11163808 0.08474925 0.10307521 0.14442941 0.06636686 0.06047310 0.19146429 0.11854547 0.04567563 0.08435644 0.07171803 0.13984484 0.12613864 0.07436138 0.13935841 0.11702358 0.13652788 0.08137150 0.14227023 0.09145302 0.11477133 0.10479840 0.14180593 0.10954072 0.08592163 0.09381326 0.08754752 0.09661595 0.11388052 0.07546396 0.08683355 0.13841467 0.16240333 0.10108649 0.09548092 0.11588616 0.12630939 0.01137902 0.10568963 0.10423675 0.12279757 0.14162799 0.10177669 0.07933424 0.09507312 0.06421725 0.07920856 0.13506685 0.12749746 0.10953042 0.04795238 0.09819831 0.08846980 0.10350083 0.10175665 0.09932299 0.09221373 0.12151699 0.10790156 0.09730988 0.06274819 0.09605062 0.04745277 0.06392214 0.10839158 0.10167621 0.13036213 0.04460737 0.12342237 0.11085036 0.07534074 0.08036131 0.05029457 0.11978335 0.09474235 0.12935431 0.11858785 0.08483980 0.11634238 0.13891160 0.11382410 0.06026519 0.14368006 0.15129700 0.09492210 0.10459048 0.11206988 
0.11871823 0.12791296 0.26840931 0.11504176 0.10011759 0.04111141 0.06949583 0.07090267 0.08140209 0.06421343 0.05421476 0.08058864 0.12947866 0.11010211 0.15277695 0.20760425 0.09831883 0.00000000 0.18354301 0.12162739 0.09672881 0.15874052 0.32229278 0.14046928 0.09713388 0.13577515 0.16948070 0.08589522 0.09508772 0.07919187 0.08239434 0.11573935 0.09016812 0.06870605 0.08491836 0.10192012 0.09729615 0.13811974 0.08309810 0.14329334 0.08233908 0.06939775 0.12512023 0.08790669 0.11506654 0.05455716 0.04848466 0.04199518 0.08978643 0.07368882 0.11122328 0.12335725 0.13942431 0.09541454 0.12945596 0.07683667 0.12150976 0.15987794 0.09247796 0.12101086 0.16127873 0.10481998 0.16329100 0.17705782 0.06105741 0.08825254 0.06204602 0.06022127 0.10303658 0.15141437 0.07900997 0.20187531 0.12613834 0.04850154 0.06373111 0.09040109 0.09218011 0.07333793 0.11386468 0.09529984 0.07789944 0.07877402 0.12193783 0.12426861 0.05663435 0.10452845 0.09294169 0.11505557 0.07585023 0.05212794 0.10204024 0.07762033 0.05101040 0.13978544 0.13050143 0.10617337 0.11972348 0.09998101 0.08690827 0.12631661 0.07297739 0.12287308 0.08108075 0.10634841 0.08933655 0.08609808 0.10212821 0.12856800 0.08126976 0.05729717 0.08649764 0.09429389 0.12440920 0.12633877 0.12948057 0.09301088 0.11037014 0.07354186 0.11081641 0.12179813 0.09518900 0.07084938 0.15219748 0.07775324 0.07955906 0.04440761 0.13655228 0.10259673 0.05468342 0.07825968 0.12178169 0.13052804 0.11600899 0.12677862 0.11961068 0.11484126 0.11449374 0.12245084 0.12274090 0.05654917 0.10322644 0.12118897 0.12553650 0.11012292 0.10836123 0.08898765 0.10026774 0.12637998 0.06500848 0.12260477 0.09527306 0.12319832 0.08578672 0.11505436 0.10047210 0.10285339 0.04303444 0.14445367 0.07221294 0.06677049 0.08342901 0.14279292 0.10872543 0.05852687 0.11164651 0.06422613 
0.11651398 0.09361065 0.12068407 0.10633182 0.09493927 0.09803587 0.12942685 0.09411705 0.07965878 0.11563698 0.09293441 0.09061146 0.07486088 0.07071579 0.09854652 0.08050897 0.14012539 0.18354301 0.00000000 0.23946063 0.30439709 0.24564813 0.13737909 0.09825736 0.11128076 0.15248205 0.09314569 0.11109605 0.11088141 0.10612937 0.14387976 0.08962413 0.07679108 0.12149400 0.13168140 0.06644515 0.07603279 0.10003440 0.04567500 0.02365025 0.07998481 0.09239317 0.04883706 0.11942482 0.07569306 0.10370612 0.13050041 0.06791795 0.08746826 0.07922156 0.11945286 0.07485890 0.09593155 0.09974401 0.09469562 0.03169017 0.21393088 0.11245386 0.07545252 0.06160666 0.13612158 0.09361328 0.12023129 0.14386001 0.06854890 0.04034348 0.12580907 0.10780252 0.20999730 0.14436848 0.06171361 0.12174014 0.08741232 0.05451768 0.18609829 0.11967452 0.14227549 0.12672117 0.11277992 0.11909324 0.10582757 0.07477386 0.06604805 0.04279079 0.11994273 0.07611061 0.06250810 0.12402860 0.13363708 0.13012163 0.09021909 0.09456883 0.14326275 0.11285146 0.05858973 0.07786891 0.13876583 0.04033110 0.11996153 0.09450353 0.06954164 0.10908798 0.11224466 0.10495640 0.09470030 0.07602963 0.04483913 0.10311242 0.16433696 0.08291460 0.11210532 0.08415242 0.07928819 0.07308162 0.06499287 0.09435652 0.06897861 0.12255948 0.11106289 0.07563045 0.17303461 0.10878527 0.09859451 0.13922797 0.07506289 0.09549655 0.09803105 0.12467755 0.04820429 0.06976528 0.11335838 0.10429317 0.10194173 0.10486470 0.10146202 0.10565519 0.10742142 0.11164474 0.10311379 0.08106646 0.04735828 0.06228900 0.11513666 0.07117714 0.07641129 0.09562635 0.15422972 0.08300392 0.15514987 0.09127579 0.07411099 0.09642136 0.11523278 0.12247449 0.08766171 0.06433649 0.16515971 0.18049252 0.13640330 0.09267521 0.09990326 0.30070822 0.08080750 0.11483456 0.09932978 0.11876775 
0.11733203 0.09226431 0.08400038 0.12814296 0.05683856 0.08617794 0.07726842 0.11869808 0.10698296 0.06670292 0.09670815 0.08754904 0.06433776 0.06356104 0.06285162 0.12244393 0.11249038 0.12162739 0.23946063 0.00000000 0.25122593 0.17226942 0.17149996 0.28262400 0.09187035 0.12862929 0.18267433 0.14055078 0.16621159 0.11843103 0.08964044 0.07950879 0.05476085 0.10515311 0.07023222 0.08171036 0.05281808 0.04211991 0.03030598 0.06652651 0.06377722 0.07342974 0.04183910 0.12206358 0.10630572 0.08149342 0.09243595 0.10404503 0.07263237 0.05742757 0.12826011 0.11846230 0.12342955 0.15712931 0.09513017 0.03799397 0.09091599 0.20323584 0.13189733 0.07946264 0.19512138 0.10975208 0.12255251 0.06718485 0.14027693 0.09214406 0.09644984 0.14072415 0.09939778 0.07731989 0.14045600 0.07431817 0.12749416 0.11812491 0.14128189 0.09956394 0.14773494 0.13112108 0.08386938 0.04789223 0.13887763 0.08410315 0.08957551 0.10228149 0.08247619 0.09173281 0.09503061 0.09570806 0.17656385 0.11382371 0.12140962 0.09995907 0.09587025 0.07082687 0.07958207 0.07824857 0.08501368 0.06733118 0.10662793 0.11244057 0.11472445 0.06037505 0.06972895 0.10382178 0.09907967 0.10157251 0.09648745 0.09003009 0.08344802 0.11865703 0.08968776 0.09268005 0.10393114 0.05872318 0.05873197 0.08279481 0.10133956 0.12224107 0.11085917 0.17167134 0.13880124 0.14023478 0.08009152 0.15422831 0.11172080 0.10029031 0.07287753 0.11967302 0.12591119 0.10854678 0.09508806 0.09560872 0.09389558 0.10316792 0.09830456 0.09969219 0.09756807 0.09451886 0.09598299 0.10737678 0.12606444 0.04885035 0.09800181 0.07026257 0.06436647 0.06909900 0.11667077 0.12195840 0.13777413 0.11255958 0.11712391 0.09523172 0.18515292 0.11268603 0.13425264 0.06923632 0.10606072 0.20998803 0.11077130 0.07729431 0.12316286 0.12894096 0.07897882 0.07136246 0.08001726 0.11045028 
0.08852896 0.13693826 0.09878591 0.08331290 0.04884593 0.09159681 0.08007645 0.10620453 0.14255167 0.10853175 0.14869248 0.05224400 0.08819487 0.09838463 0.14047498 0.09473023 0.15294090 0.09672881 0.30439709 0.25122593 0.00000000 0.19463464 0.13305548 0.09931205 0.17081406 0.10811112 0.13988650 0.11430097 0.12171614 0.09086435 0.05055384 0.06926937 0.12254677 0.08447931 0.08680730 0.11055999 0.08537488 0.10928591 0.06377572 0.07554312 0.15820397 0.12158024 0.06797509 0.10961862 0.05756197 0.11717533 0.10062949 0.14917084 0.10795162 0.07407093 0.10961892 0.08605359 0.10590014 0.16419545 0.16116462 0.09794604 0.15888312 0.14355221 0.09936870 0.14413805 0.11277774 0.08900445 0.07101064 0.10547226 0.10858682 0.07966160 0.13317330 0.08132825 0.10183760 0.16311559 0.12832414 0.11565140 0.11777508 0.08486913 0.07890961 0.14485081 0.10432455 0.11548803 0.14636914 0.10180764 0.05296271 0.09968058 0.12353349 0.09850017 0.08819392 0.11049711 0.13403162 0.09564588 0.10957310 0.13010179 0.13513138 0.05424173 0.10869620 0.12401062 0.12091310 0.11625143 0.08818782 0.06985700 0.14081083 0.05877254 0.11725963 0.08624346 0.14330368 0.08755346 0.09432620 0.11080815 0.09144762 0.08199560 0.08563818 0.12238036 0.06608843 0.08925057 0.09354127 0.08876960 0.11704463 0.12707285 0.08877891 0.10279137 0.09485226 0.08622611 0.09144775 0.08507119 0.09395989 0.10071976 0.09038626 0.09030535 0.10520173 0.07234390 0.11110963 0.05374637 0.09382085 0.09322425 0.10607011 0.11003574 0.10016166 0.10219804 0.08692705 0.09266338 0.09832197 0.08746414 0.09411497 0.12318350 0.08170910 0.05064183 0.05648683 0.06941387 0.07043210 0.06773340 0.09246438 0.09294483 0.07243318 0.12232143 0.10246647 0.10992153 0.05910013 0.13677032 0.10433236 0.11276231 0.14488129 0.12334444 0.14515530 0.09810748 0.13049809 0.11892256 0.10171507 0.12796376 
