0.00000000 0.05460900 0.07257244 0.03776256 0.02928594 0.03138988 0.04717764 0.04735666 0.04073493 0.04721593 0.03841383 0.03864349 0.06296587 0.04562271 0.04656892 0.02984901 0.02774146 0.07010836 0.04582814 0.04277514 0.02872971 0.02771475 0.03442742 0.03662469 0.04934732 0.01796588 0.04761636 0.06238272 0.04026874 0.03990476 0.04365718 0.02899837 0.06427197 0.04291272 0.02798532 0.06133235 0.05379228 0.02329156 0.03652391 0.04026874 0.02336331 0.03509982 0.02771020 0.04094343 0.01864464 0.03554756 0.03535765 0.03152801 0.07729818 0.03530949 0.04454724 0.02727024 0.06023229 0.04026874 0.04613637 0.05783854 0.04421534 0.04040159 0.02948717 0.03618955 0.05064694 0.04566589 0.03226538 0.02551687 0.02149933 0.01822074 0.04944251 0.03448036 0.06790645 0.02006375 0.04026874 0.02157516 0.03867639 0.02645848 0.04016190 0.04704556 0.03010908 0.02453881 0.02707826 0.04706087 0.02868103 0.04026874 0.04976983 0.04603318 0.03619241 0.05142642 0.04016566 0.04002968 0.02463168 0.02870324 0.03938038 0.06313671 0.05184058 0.04370253 0.04931328 0.04081143 0.02213685 0.02922096 0.04097025 0.05149617 0.05491821 0.03647762 0.03114002 0.03969521 0.04970488 0.04084216 0.04357656 0.05117740 0.07136409 0.04367505 0.04385114 0.04036959 0.03422080 0.04193668 0.03290896 0.05433546 0.02798706 0.04160477 0.04297336 0.04117665 0.03477295 0.02531309 0.02565848 0.05963244 0.03354756 0.03389276 0.04351359 0.04667756 0.03019934 0.04563312 0.01023135 0.03483431 0.03313760 0.04582401 
0.05460900 0.00000000 0.05602655 0.07524749 0.02299274 0.05027922 0.04326615 0.05029536 0.05687675 0.03304791 0.05924780 0.05510310 0.04152794 0.03275057 0.03992663 0.05606782 0.05133163 0.04867656 0.04342570 0.04272967 0.03648131 0.04301918 0.04913683 0.05199840 0.04638020 0.05228442 0.05715572 0.03294720 0.03886759 0.01762529 0.03443769 0.05617294 0.04026726 0.02628972 0.05676521 0.06137318 0.03048330 0.03957612 0.04665713 0.03886759 0.03876397 0.04082565 0.04956120 0.02818090 0.03149632 0.03786391 0.04551322 0.05916749 0.02870027 0.03725036 0.05144900 0.05807890 0.05448761 0.03886759 0.05124223 0.04420871 0.03425770 0.04252901 0.04467594 0.03479084 0.03385488 0.03628439 0.04851974 0.05834778 0.04415633 0.02827424 0.02342188 0.04155114 0.01990078 0.04369045 0.03886759 0.05005523 0.02907004 0.03966109 0.04408132 0.04975513 0.05332502 0.04396885 0.04621396 0.04380812 0.03320244 0.03886759 0.02493469 0.04841474 0.04399655 0.04238020 0.04083368 0.04548351 0.04420830 0.02691178 0.03023811 0.02314599 0.03206587 0.02665912 0.03592028 0.02768241 0.04682213 0.02931320 0.03621674 0.03023333 0.03174451 0.03070785 0.03284921 0.02894931 0.03419659 0.02468360 0.03461323 0.04511952 0.00991291 0.04695678 0.04858995 0.04472239 0.04560270 0.04322597 0.02730341 0.04641631 0.05248701 0.03556879 0.03237854 0.02279113 0.04158886 0.03246917 0.03028938 0.04285655 0.04139272 0.02574590 0.05379933 0.03259097 0.03757673 0.03228777 0.07499412 0.02256469 0.02488976 0.01439437 
0.07257244 0.05602655 0.00000000 0.08056472 0.02684373 0.04448630 0.02419375 0.03247436 0.05550699 0.05094809 0.02257964 0.05292847 0.04661755 0.03547666 0.03640873 0.03507675 0.05102947 0.03677982 0.04339080 0.03129433 0.04014794 0.04222184 0.03173020 0.06860717 0.04107048 0.04399490 0.04191808 0.03457564 0.03939981 0.03238685 0.05821510 0.05465240 0.03746953 0.03480617 0.01718738 0.05859662 0.03778454 0.02456258 0.06010750 0.03939981 0.04415106 0.04676542 0.01986780 0.03076522 0.03899536 0.05216278 0.05717851 0.03509936 0.03960400 0.04167392 0.04439676 0.04270044 0.02928791 0.03939981 0.03050546 0.04589417 0.05069781 0.03081507 0.05136733 0.03508730 0.04291195 0.02771461 0.05204809 0.05352394 0.03339324 0.03093896 0.02942877 0.03050699 0.03181035 0.05370658 0.03939981 0.04397610 0.02079065 0.03757507 0.06396043 0.02981768 0.05498886 0.04382830 0.03151583 0.05339157 0.03942646 0.03939981 0.02890125 0.05319188 0.04361228 0.04555634 0.02073913 0.03420943 0.05427227 0.02785353 0.03637624 0.02381079 0.02627356 0.01931322 0.02118253 0.03015255 0.03517838 0.03949714 0.05504439 0.03660807 0.04472914 0.04015961 0.04824440 0.03559520 0.04578616 0.03088319 0.03065641 0.03257361 0.03819818 0.04273487 0.05048898 0.05210785 0.03843601 0.03042473 0.03286147 0.03083151 0.04630746 0.04247260 0.02442955 0.02874068 0.04359447 0.04156007 0.03835037 0.05011714 0.05599510 0.04559260 0.05436361 0.03092739 0.04597485 0.03833879 0.04418918 0.02947209 0.04392897 0.03789688 
0.03776256 0.07524749 0.08056472 0.00000000 0.03494969 0.03696411 0.05073621 0.04796842 0.05840630 0.04891657 0.03039207 0.03805481 0.06164338 0.05616951 0.02545945 0.03309447 0.05420331 0.01190826 0.04617334 0.02243127 0.04351811 0.04431692 0.03580059 0.04154859 0.05946880 0.03655553 0.04651432 0.01279761 0.03827575 0.03063325 0.07416497 0.05460979 0.03435733 0.05378479 0.06365443 0.03712891 0.04200688 0.02511334 0.03611984 0.03827575 0.04323682 0.03971683 0.04241023 0.05415227 0.05315077 0.04785516 0.03597073 0.03722928 0.05034704 0.03679186 0.04239319 0.03663789 0.03850298 0.03827575 0.04072974 0.04719076 0.05055187 0.04229519 0.05105207 0.02533910 0.04135864 0.01945984 0.04258631 0.03091661 0.04553010 0.01098081 0.03888290 0.03354748 0.05518806 0.05897565 0.03827575 0.02835710 0.04605449 0.08280024 0.04053286 0.02989870 0.05230530 0.03283124 0.05552225 0.04322885 0.03829502 0.03827575 0.06240734 0.04271471 0.06511153 0.03060431 0.02119412 0.04967537 0.05346021 0.03635086 0.03767217 0.04471033 0.04162300 0.01325925 0.03162430 0.03984719 0.03499350 0.02946274 0.05557423 0.03128117 0.02984029 0.03693227 0.05151094 0.02395405 0.04006729 0.02468729 0.03567182 0.04064973 0.04707102 0.02205014 0.02859549 0.03061572 0.03038972 0.04298044 0.04888683 0.02595573 0.03542073 0.04072374 0.02099588 0.02890233 0.04818883 0.04542229 0.04299684 0.02309523 0.04071988 0.04676834 0.04822820 0.03599326 0.04034669 0.04999289 0.03587887 0.02426902 0.03589940 0.01749673 
0.02928594 0.02299274 0.02684373 0.03494969 0.00000000 0.03573540 0.06602523 0.03032121 0.04765531 0.04569121 0.02378332 0.03585027 0.03940344 0.03509845 0.05974598 0.03544568 0.02995248 0.03239657 0.04082608 0.03138671 0.04424684 0.03372768 0.03821863 0.03533735 0.04807697 0.02762018 0.03679142 0.04304102 0.04377585 0.03705865 0.04448921 0.01840433 0.01776708 0.05132914 0.04088153 0.04300018 0.04614161 0.05475984 0.03492683 0.04377585 0.04226078 0.06167602 0.03033383 0.05079355 0.02919473 0.03130312 0.02497466 0.04193781 0.04212099 0.04073738 0.03400829 0.03103761 0.03361637 0.04377585 0.03740689 0.03031320 0.05360448 0.03881973 0.05166493 0.03625137 0.03313798 0.05275599 0.03238896 0.04559572 0.04094384 0.03300806 0.02690359 0.05195211 0.03835767 0.03933019 0.04377585 0.03003442 0.03520610 0.02739157 0.03458932 0.02795763 0.04048367 0.04064525 0.03512617 0.03790822 0.04201944 0.04377585 0.03377112 0.04745463 0.04729758 0.04885843 0.05016100 0.04024507 0.04781755 0.05176397 0.03715907 0.04951445 0.04539695 0.02870808 0.03418216 0.05528261 0.04328666 0.02698846 0.02506032 0.04689838 0.03925755 0.03682230 0.03553551 0.04593161 0.04507452 0.04604371 0.04519154 0.04513101 0.03363728 0.02335280 0.03055614 0.02633108 0.05552283 0.03325657 0.03978548 0.04208884 0.04603727 0.03769225 0.06074323 0.05401736 0.03313061 0.04199373 0.02687445 0.03933178 0.03694742 0.06071799 0.05480990 0.04128661 0.03844378 0.02473472 0.02536501 0.05393492 0.05838508 0.04253501 
0.03138988 0.05027922 0.04448630 0.03696411 0.03573540 0.00000000 0.04331398 0.04587990 0.05677711 0.03448363 0.04334673 0.04734228 0.04187691 0.03747332 0.04328377 0.03819778 0.06141570 0.04995047 0.03074682 0.03674136 0.01727480 0.03101428 0.04727411 0.05621754 0.04145765 0.02662445 0.09255087 0.02716978 0.03875401 0.05029640 0.05839532 0.04906155 0.04015646 0.02457216 0.05739882 0.06544574 0.04268418 0.04230616 0.01853569 0.03875401 0.02911900 0.04144926 0.03380939 0.02754049 0.03242086 0.03775531 0.04249261 0.07383453 0.03079549 0.03349010 0.05843928 0.05068198 0.05256539 0.03875401 0.03555950 0.02500384 0.04901425 0.04268931 0.03990137 0.04118094 0.03022736 0.04382507 0.04140875 0.04492213 0.03997692 0.05436155 0.02893554 0.04718519 0.02738577 0.05975938 0.03875401 0.03492879 0.03273788 0.04427307 0.04243634 0.04299712 0.05581490 0.04909613 0.03103879 0.04114290 0.02837102 0.03875401 0.04867135 0.05443572 0.02394182 0.04211033 0.03992494 0.04928164 0.02952207 0.03555755 0.03238750 0.02652586 0.03045652 0.03871606 0.03548050 0.03132435 0.03060169 0.01036403 0.00964679 0.02305523 0.01594346 0.03000229 0.01188685 0.03632309 0.03927890 0.04278062 0.03460386 0.03896332 0.03190678 0.03954476 0.03295497 0.05410148 0.02720501 0.03437529 0.04833688 0.05838028 0.05120956 0.03215110 0.05383738 0.01963190 0.04452393 0.06769431 0.05296455 0.05337762 0.03920631 0.03705357 0.01986325 0.03217599 0.02755184 0.07391560 0.05822389 0.06709354 0.03340159 0.04026860 
0.04717764 0.04326615 0.02419375 0.05073621 0.06602523 0.04331398 0.00000000 0.05486138 0.03985565 0.03419283 0.05384152 0.04499416 0.01571169 0.04867384 0.04198797 0.02047160 0.05735959 0.04366480 0.03960380 0.05353860 0.03648452 0.03680463 0.03240462 0.04544017 0.02965365 0.02407375 0.03743516 0.02340595 0.04128536 0.06197278 0.04863820 0.01460661 0.01531609 0.04400593 0.03665167 0.02713342 0.03295073 0.02954654 0.03430504 0.04128536 0.03108191 0.08894692 0.02880148 0.03356908 0.02558346 0.02081743 0.02633188 0.03179383 0.03251974 0.03748207 0.05531534 0.03652018 0.05325195 0.04128536 0.02906867 0.03199526 0.01982434 0.03123764 0.02551535 0.02359544 0.04910365 0.05145053 0.03572511 0.03599757 0.03103918 0.02426535 0.05169677 0.06280104 0.02713047 0.04847284 0.04128536 0.02200137 0.07685021 0.02243772 0.05839335 0.05817309 0.05219489 0.05681552 0.04393837 0.02969536 0.03012218 0.04128536 0.03402616 0.05816505 0.05349985 0.01535982 0.03982529 0.02997032 0.04100108 0.02813048 0.03243659 0.04244674 0.06101960 0.02083710 0.05188627 0.03071493 0.02885116 0.03922316 0.02459285 0.04151326 0.02962677 0.03695949 0.03126050 0.03090289 0.02984338 0.05368318 0.03948600 0.04942684 0.03144010 0.03652266 0.04301049 0.06803887 0.02923396 0.03816375 0.04217933 0.04606922 0.05327864 0.04404705 0.03551823 0.02997735 0.04032799 0.03027460 0.01885803 0.06755214 0.03999986 0.04536379 0.07651255 0.07011557 0.02966411 0.04947678 0.03930428 0.03922859 0.04102756 0.07018370 
0.04735666 0.05029536 0.03247436 0.04796842 0.03032121 0.04587990 0.05486138 0.00000000 0.05690677 0.03621320 0.05924051 0.02834874 0.05301207 0.04088907 0.03709008 0.03642803 0.02961048 0.04871065 0.05506419 0.04447800 0.02799220 0.03248961 0.04665558 0.04918109 0.04614899 0.07410243 0.04407642 0.05443639 0.03798395 0.03941818 0.03258006 0.03379412 0.01955568 0.04017843 0.02755930 0.06399283 0.04094484 0.03048710 0.01992223 0.03798395 0.03379236 0.02659677 0.05435723 0.03514199 0.05649668 0.03674673 0.01074891 0.04477726 0.05650773 0.03887184 0.01429354 0.07529956 0.04223613 0.03798395 0.03090516 0.03503898 0.06782955 0.03985091 0.03488040 0.04335692 0.03960702 0.04004095 0.02695220 0.03977036 0.03257875 0.01306243 0.07201129 0.03129971 0.05788254 0.04213574 0.03798395 0.04699037 0.04014114 0.04890216 0.06280424 0.02811859 0.03919304 0.03998273 0.04161635 0.03077986 0.03434580 0.03798395 0.02441361 0.05245335 0.03628923 0.05900774 0.04211606 0.03955305 0.03800644 0.03701174 0.05768007 0.04206485 0.03987083 0.04214975 0.02947750 0.03473493 0.06642113 0.03248344 0.03953951 0.02897453 0.01114296 0.02215104 0.04084582 0.02577966 0.01518005 0.02589618 0.03843163 0.04340588 0.04630969 0.04062034 0.04114037 0.04748734 0.05944823 0.03295994 0.03700750 0.04210375 0.04867145 0.03086575 0.03340237 0.04141297 0.03930385 0.03530776 0.04144000 0.05324655 0.03712477 0.03238547 0.04705245 0.06189822 0.02777322 0.06825926 0.03424285 0.01852857 0.04121832 0.04430690 
0.04073493 0.05687675 0.05550699 0.05840630 0.04765531 0.05677711 0.03985565 0.05690677 0.00000000 0.02381797 0.04952552 0.06076969 0.02587193 0.02604575 0.05229728 0.04855535 0.02565239 0.03015941 0.04206855 0.03422949 0.03545960 0.03937867 0.03114262 0.02635679 0.03974263 0.00545097 0.03494222 0.02455175 0.03881677 0.03230462 0.02808834 0.02009266 0.02844512 0.04502781 0.03063713 0.04921591 0.03362570 0.05968726 0.03259398 0.03881677 0.03782474 0.04261138 0.02080485 0.02509008 0.03930934 0.03913073 0.04879647 0.05493537 0.01869590 0.05181633 0.02606555 0.04010770 0.04395740 0.03881677 0.03055595 0.02619876 0.06436942 0.04330778 0.03253228 0.04842788 0.06179270 0.04089660 0.03539379 0.05605778 0.03683951 0.02360152 0.03983035 0.04755316 0.04399717 0.04510755 0.03881677 0.04160594 0.01721624 0.00582376 0.04896179 0.03421514 0.05319803 0.06895229 0.02767844 0.04002227 0.04412554 0.03881677 0.02970599 0.06675000 0.05075032 0.03631904 0.03283908 0.04170173 0.04288108 0.04931067 0.05742939 0.03087860 0.05136550 0.03266650 0.03824893 0.04354044 0.02574307 0.03794909 0.01212389 0.02893218 0.01807420 0.02544193 0.02784603 0.03736293 0.02778378 0.02617886 0.05380314 0.03013902 0.07057631 0.04961998 0.03864499 0.04797683 0.05353542 0.04145073 0.02329733 0.03010577 0.08812534 0.06986201 0.04764737 0.02182589 0.04391235 0.03993098 0.05824272 0.03765257 0.04849419 0.05340583 0.04692798 0.05036149 0.03175517 0.04624605 0.05643458 0.03736796 0.03069709 0.04515869 
0.04721593 0.03304791 0.05094809 0.04891657 0.04569121 0.03448363 0.03419283 0.03621320 0.02381797 0.00000000 0.05065138 0.04715622 0.05728541 0.03058942 0.03671255 0.03825838 0.06604054 0.05009463 0.02754170 0.05845962 0.03907316 0.03790015 0.04530944 0.02161092 0.05064550 0.04540333 0.04861640 0.04188664 0.03976330 0.07090455 0.05373500 0.04304718 0.05858097 0.04607548 0.03620591 0.03956446 0.04535289 0.02331617 0.03655489 0.03976330 0.07300930 0.02947892 0.04157218 0.04133564 0.03386341 0.04870289 0.02150269 0.01654455 0.04005434 0.03762291 0.05281410 0.06104119 0.04811402 0.03976330 0.04609704 0.06376482 0.02930425 0.04887383 0.04143567 0.02715099 0.03956978 0.05021860 0.03177058 0.07728188 0.05330315 0.05775635 0.04233311 0.02602468 0.02185297 0.03033674 0.03976330 0.04729176 0.04576287 0.07411219 0.03817103 0.04575436 0.03652105 0.03875314 0.02404312 0.05220035 0.03667190 0.03976330 0.04107490 0.03024340 0.03140072 0.04742072 0.03948283 0.02054507 0.05056822 0.03440997 0.03019442 0.04512959 0.03446488 0.04985511 0.03473425 0.04132121 0.04459096 0.02725496 0.01964893 0.02675181 0.02343535 0.01588673 0.05031697 0.02283271 0.06345296 0.05189389 0.04135103 0.03590792 0.02975321 0.03520952 0.03910185 0.03182808 0.02615596 0.04732952 0.05409335 0.05254413 0.03285684 0.05179134 0.04996313 0.05874273 0.01827533 0.05871649 0.05428329 0.03066599 0.05915030 0.02009386 0.02077517 0.01560046 0.02399175 0.01428567 0.03107127 0.03005700 0.02903733 0.03801100 
0.03841383 0.05924780 0.02257964 0.03039207 0.02378332 0.04334673 0.05384152 0.05924051 0.04952552 0.05065138 0.00000000 0.04420743 0.05886195 0.04154250 0.03216328 0.06068568 0.05071586 0.05305047 0.04222223 0.05906663 0.04265185 0.03854051 0.02937597 0.02003955 0.04480460 0.04112797 0.03850751 0.02651814 0.03699840 0.05489246 0.03532600 0.03447087 0.03856973 0.04472169 0.05520030 0.03873858 0.03070512 0.03831526 0.05496078 0.03699840 0.04732842 0.04268267 0.06061480 0.03697115 0.04503152 0.02625102 0.04868963 0.04639906 0.04267251 0.06856956 0.04966431 0.06559421 0.05010495 0.03699840 0.04397304 0.04096465 0.03339179 0.01318475 0.02900892 0.02527257 0.04387080 0.02987860 0.02883376 0.02647665 0.02447072 0.05102920 0.03206426 0.06495742 0.03967754 0.03134095 0.03699840 0.04911069 0.05341140 0.05624178 0.04543630 0.06546120 0.04210183 0.05142345 0.03971896 0.04462083 0.05979380 0.03699840 0.04103930 0.04194942 0.03709365 0.05341735 0.03628143 0.02336227 0.02117229 0.04810874 0.04847981 0.05183513 0.02539074 0.05100927 0.04473401 0.04446947 0.05371371 0.02291612 0.02995709 0.01859091 0.01225290 0.02979943 0.02735313 0.03677193 0.01680227 0.04698439 0.04633861 0.02578526 0.04850781 0.03226355 0.02697859 0.01799101 0.03405628 0.04340560 0.03130530 0.03337274 0.03834357 0.03604313 0.02384082 0.04955175 0.04550789 0.04186565 0.04149368 0.03637764 0.04824534 0.04113940 0.04718315 0.06633623 0.02823011 0.05690444 0.04182042 0.02515328 0.03204470 0.03860116 
0.03864349 0.05510310 0.05292847 0.03805481 0.03585027 0.04734228 0.04499416 0.02834874 0.06076969 0.04715622 0.04420743 0.00000000 0.04436682 0.03981855 0.03958162 0.07115145 0.03643428 0.06777353 0.03263041 0.04387867 0.03025963 0.03390861 0.02265712 0.01173731 0.02223538 0.02824147 0.03030591 0.04179956 0.03805313 0.03954233 0.02987456 0.02595657 0.06361049 0.02762634 0.02482563 0.04828249 0.01848104 0.03905684 0.04015630 0.03805313 0.02731229 0.05969099 0.01928257 0.02672994 0.04914309 0.02990172 0.02432746 0.06922184 0.01958290 0.03715089 0.05620730 0.04965827 0.04311116 0.03805313 0.03124970 0.03873605 0.06408181 0.03178268 0.03313600 0.05643535 0.04206381 0.05634910 0.04260236 0.04808780 0.04161056 0.05792225 0.04747437 0.05091179 0.02464334 0.03445792 0.03805313 0.03739760 0.01800919 0.04898402 0.02785909 0.03855457 0.03589914 0.04089545 0.04475606 0.04958004 0.04046974 0.03805313 0.05649567 0.05256440 0.04725544 0.06201513 0.04927992 0.04932904 0.03267294 0.03784157 0.04690289 0.02557426 0.03662480 0.04420624 0.07167528 0.03398360 0.03738201 0.04939082 0.03732329 0.03033023 0.04081529 0.02628930 0.03202087 0.06292928 0.02469637 0.02934906 0.04239320 0.04636446 0.04117507 0.04746399 0.04961436 0.03953047 0.03235998 0.04643297 0.03896094 0.05471635 0.06582596 0.05679892 0.04473076 0.05046130 0.03514003 0.05546775 0.04000561 0.03665161 0.04788619 0.01628073 0.04632309 0.00951825 0.03247748 0.02512658 0.03871300 0.04506774 0.02009420 0.03017350 
0.06296587 0.04152794 0.04661755 0.06164338 0.03940344 0.04187691 0.01571169 0.05301207 0.02587193 0.05728541 0.05886195 0.04436682 0.00000000 0.07234163 0.04169699 0.04611203 0.03258791 0.07705355 0.04344382 0.05206916 0.05693554 0.05486044 0.03353963 0.03756347 0.03761000 0.04463367 0.04728622 0.02392915 0.03833570 0.05396689 0.04072410 0.06096328 0.04977012 0.03170190 0.05454559 0.03725043 0.03431640 0.02912962 0.02209238 0.03833570 0.03666195 0.04147832 0.03845548 0.07342683 0.03446360 0.04816043 0.04001688 0.02650584 0.01407325 0.04569606 0.03566312 0.04370095 0.01559810 0.03833570 0.04535561 0.05133409 0.03040265 0.02839838 0.04211086 0.02542509 0.03350275 0.04313705 0.03471281 0.01600520 0.03187806 0.03865311 0.03654752 0.03466824 0.08424269 0.04824923 0.03833570 0.05063925 0.03740255 0.05621258 0.04231512 0.02302278 0.03865723 0.01416055 0.04516289 0.04116581 0.04557015 0.03833570 0.04845311 0.03330084 0.03140583 0.05524792 0.03726528 0.03588235 0.03152094 0.06283598 0.04809301 0.05624952 0.03888816 0.04204108 0.05350696 0.04685723 0.05063160 0.01916658 0.03811707 0.03320532 0.02335785 0.02678878 0.02906521 0.02616605 0.02717430 0.04281995 0.03598871 0.03576305 0.03712287 0.04709310 0.04290433 0.02351853 0.03521932 0.02546517 0.04696953 0.03400553 0.03099531 0.03605148 0.04020591 0.04545587 0.01767547 0.03985167 0.03610453 0.04020186 0.05563930 0.02960019 0.06537248 0.03783548 0.02721579 0.03661383 0.03096245 0.03348243 0.04144352 0.06883422 
0.04562271 0.03275057 0.03547666 0.05616951 0.03509845 0.03747332 0.04867384 0.04088907 0.02604575 0.03058942 0.04154250 0.03981855 0.07234163 0.00000000 0.03226484 0.05772056 0.05155679 0.03275914 0.05813221 0.05610300 0.03177725 0.03922069 0.04970755 0.02847119 0.05284665 0.03102265 0.01836274 0.04571766 0.03831603 0.03453128 0.05585557 0.04266506 0.03907687 0.03341929 0.06786774 0.01208826 0.03519839 0.02608087 0.04162235 0.03831603 0.05453788 0.03604496 0.03139850 0.03611669 0.07196660 0.04230933 0.04404538 0.02084927 0.05171938 0.03568279 0.03860491 0.05073459 0.01976806 0.03831603 0.04639976 0.03520386 0.02074835 0.01960390 0.02790959 0.02312839 0.04887361 0.03880063 0.03453747 0.05164078 0.03625429 0.04679748 0.04882316 0.03959412 0.06336700 0.01840373 0.03831603 0.02774941 0.05336455 0.05799272 0.03293119 0.02461273 0.03319593 0.03221501 0.04506686 0.03617994 0.05043127 0.03831603 0.01939777 0.04315130 0.02620026 0.04198214 0.04251637 0.06735061 0.03370530 0.02786143 0.05058727 0.06762711 0.04164516 0.03370605 0.04500043 0.03460650 0.05399141 0.03276194 0.07095454 0.03523089 0.02758275 0.04132117 0.03655222 0.04647540 0.04427377 0.05852271 0.03817290 0.03615041 0.06830272 0.06323158 0.05028428 0.02588123 0.05126728 0.03213743 0.04468042 0.03766282 0.03914469 0.04162061 0.02127688 0.06282087 0.04100755 0.02906452 0.03048509 0.03745451 0.02876469 0.04461566 0.03865875 0.06039485 0.03384271 0.03668432 0.03137597 0.02135572 0.02840954 0.04868086 
0.04656892 0.03992663 0.03640873 0.02545945 0.05974598 0.04328377 0.04198797 0.03709008 0.05229728 0.03671255 0.03216328 0.03958162 0.04169699 0.03226484 0.00000000 0.05446350 0.02893521 0.04839847 0.03996243 0.04157521 0.05781592 0.02693172 0.03631227 0.05046530 0.04063152 0.03843162 0.04317780 0.04601157 0.04266914 0.03892604 0.03587576 0.02907465 0.02733672 0.04800843 0.04605659 0.05445915 0.05348112 0.06685985 0.04565422 0.04266914 0.05771224 0.06110090 0.04024071 0.05181469 0.02932896 0.03124319 0.03830383 0.05798221 0.03940730 0.04807473 0.04126923 0.04351130 0.04505122 0.04266914 0.03625266 0.02935480 0.03016130 0.04430209 0.04154953 0.02924493 0.03907979 0.03357513 0.03833583 0.03849165 0.04167237 0.04390276 0.04000534 0.03943323 0.03318445 0.04119990 0.04266914 0.03006824 0.03666918 0.03188992 0.03328996 0.03000528 0.02517370 0.03525448 0.03783662 0.03687549 0.03060954 0.04266914 0.03244137 0.02605827 0.03418483 0.02683465 0.03564333 0.03374507 0.04334139 0.03640273 0.03154963 0.03134533 0.04115301 0.04265457 0.02461327 0.03717088 0.03911017 0.02690645 0.02490482 0.05974796 0.05423244 0.05278929 0.05027219 0.05936061 0.04001803 0.03752492 0.03968925 0.02903561 0.02667426 0.03247788 0.03978224 0.04136614 0.03837813 0.02872650 0.04010140 0.03650231 0.03507185 0.04425444 0.07794212 0.04275888 0.02264030 0.04790880 0.02183937 0.02549888 0.02756941 0.04275163 0.04679192 0.05665552 0.03727441 0.03431812 0.03041479 0.04548525 0.02474525 0.03831229 
0.02984901 0.05606782 0.03507675 0.03309447 0.03544568 0.03819778 0.02047160 0.03642803 0.04855535 0.03825838 0.06068568 0.07115145 0.04611203 0.05772056 0.05446350 0.00000000 0.03797265 0.05447672 0.03057404 0.06346189 0.03646272 0.02748269 0.01380983 0.04389785 0.04773665 0.03086835 0.08539173 0.04968987 0.03973853 0.03343929 0.01815618 0.06575344 0.01643883 0.07357521 0.04847810 0.08600172 0.04559062 0.04349393 0.03418536 0.03973853 0.03631716 0.04430331 0.06274507 0.02864915 0.04430664 0.03593445 0.03951608 0.04308594 0.01968400 0.06536005 0.03719667 0.03762418 0.05703532 0.03973853 0.03889919 0.01101699 0.04536785 0.03960478 0.04239658 0.05082728 0.02875389 0.03756633 0.05579727 0.06995185 0.06589970 0.04384206 0.02635497 0.03400542 0.00375587 0.02927107 0.03973853 0.02247779 0.03676618 0.04904030 0.03062128 0.02878343 0.02373330 0.02799381 0.02576929 0.03383338 0.00328604 0.03973853 0.01607027 0.04215309 0.04622953 0.03482083 0.02088257 0.04023967 0.03454388 0.03628737 0.03987144 0.06308333 0.04995039 0.05862354 0.07187712 0.03700166 0.06145556 0.05472497 0.06976892 0.04931742 0.04096450 0.04981293 0.04317903 0.05744104 0.03098470 0.04827586 0.02968949 0.04433235 0.02820563 0.03249606 0.04953419 0.03813172 0.02767881 0.02062515 0.04406602 0.03414134 0.03909298 0.05260121 0.04644372 0.02205796 0.03172185 0.03015978 0.03332641 0.01925208 0.02714146 0.01994758 0.03804969 0.01820827 0.03936936 0.03355537 0.01599639 0.04578137 0.03861044 0.02363115 
0.02774146 0.05133163 0.05102947 0.05420331 0.02995248 0.06141570 0.05735959 0.02961048 0.02565239 0.06604054 0.05071586 0.03643428 0.03258791 0.05155679 0.02893521 0.03797265 0.00000000 0.05547308 0.04297076 0.05182811 0.04150082 0.05081094 0.04688899 0.06453928 0.05491583 0.03800096 0.04518715 0.05254214 0.03735740 0.07177952 0.03490461 0.04861766 0.06181835 0.04603964 0.05916264 0.02692957 0.03901953 0.01538134 0.02349368 0.03735740 0.02724788 0.04328971 0.03947149 0.03614263 0.04507597 0.03270317 0.03555301 0.01981174 0.02271844 0.03402615 0.04556020 0.05731788 0.03370736 0.03735740 0.03847674 0.04160869 0.01973491 0.03674907 0.05001796 0.02015821 0.05040993 0.03860165 0.04623276 0.01743360 0.03350190 0.02208524 0.02831348 0.04178888 0.05176955 0.05680229 0.03735740 0.03594250 0.05791075 0.08253162 0.04475301 0.05276757 0.05046715 0.02920897 0.06031663 0.04466739 0.04608300 0.03735740 0.02879899 0.03453886 0.02523367 0.04146870 0.07971420 0.02741830 0.03300274 0.03287886 0.02770420 0.02807754 0.03764835 0.02763367 0.04452911 0.04113807 0.03968541 0.03529127 0.04874486 0.02538905 0.02901883 0.03580174 0.04039889 0.03648493 0.06275815 0.03720739 0.02732756 0.03588736 0.03712479 0.05413392 0.02753458 0.04813341 0.04777786 0.02883547 0.03237166 0.03643875 0.03469203 0.04851753 0.02666345 0.03886664 0.04777437 0.02290863 0.02634818 0.00969940 0.04670507 0.06615064 0.03638571 0.05660853 0.03814419 0.03143074 0.05623180 0.03841061 0.05110563 0.02499932 
0.07010836 0.04867656 0.03677982 0.01190826 0.03239657 0.04995047 0.04366480 0.04871065 0.03015941 0.05009463 0.05305047 0.06777353 0.07705355 0.03275914 0.04839847 0.05447672 0.05547308 0.00000000 0.04983517 0.09085860 0.03724952 0.02841188 0.06104778 0.05571709 0.02841914 0.06721038 0.03506090 0.05063727 0.03935311 0.05280891 0.03213989 0.04321539 0.05472235 0.03131773 0.04642007 0.04489965 0.03933153 0.02211721 0.02352142 0.03935311 0.02101711 0.05677728 0.05270631 0.02595203 0.05057656 0.02081834 0.04897453 0.04056271 0.08064130 0.05237493 0.09447821 0.04797140 0.03798938 0.03935311 0.04498751 0.01757327 0.01772413 0.03719903 0.04379907 0.04692634 0.03576115 0.03438877 0.02099186 0.05077603 0.04471003 0.02033112 0.05870688 0.01898569 0.07859899 0.02796836 0.03935311 0.02555145 0.02012586 0.03339317 0.03891290 0.06099905 0.06840537 0.03888391 0.02997204 0.03717173 0.03508669 0.03935311 0.06425127 0.03367832 0.04016053 0.04543848 0.02825655 0.02012236 0.02775680 0.02504780 0.04512355 0.01560767 0.02750301 0.03990660 0.02581642 0.02969189 0.05035044 0.03512668 0.01724427 0.03616887 0.03022841 0.02492965 0.02749660 0.04918389 0.01959911 0.02672899 0.03399675 0.05057328 0.03226713 0.03290346 0.03926556 0.02375566 0.05003770 0.03889440 0.03363803 0.03970929 0.02667700 0.04127951 0.03671343 0.03922655 0.02967689 0.05791354 0.04872893 0.03786443 0.03120415 0.03239245 0.04257350 0.02107972 0.03236796 0.05659084 0.04603584 0.04304668 0.02085626 0.02928004 
0.04582814 0.04342570 0.04339080 0.04617334 0.04082608 0.03074682 0.03960380 0.05506419 0.04206855 0.02754170 0.04222223 0.03263041 0.04344382 0.05813221 0.03996243 0.03057404 0.04297076 0.04983517 0.00000000 0.05222756 0.04926188 0.05918845 0.05672849 0.04609656 0.04444439 0.04454125 0.03597930 0.04673471 0.03685046 0.03217148 0.03341764 0.03991112 0.05266549 0.03985957 0.03506967 0.04990870 0.06487982 0.02890362 0.03308921 0.03685046 0.02562642 0.04774857 0.03393697 0.05174206 0.03826249 0.03445861 0.03548919 0.02690237 0.04853925 0.03035942 0.03087155 0.03211469 0.07153892 0.03685046 0.05030204 0.03516806 0.04035549 0.04674266 0.03332097 0.03574898 0.03528918 0.04561519 0.03895517 0.03829054 0.04207159 0.03302296 0.04803879 0.03921755 0.05550673 0.04468243 0.03685046 0.03937361 0.04515380 0.05075485 0.03262847 0.05979592 0.03204521 0.03095945 0.05609795 0.03692193 0.04590611 0.03685046 0.02848062 0.05953100 0.02993239 0.03909991 0.06564589 0.02733040 0.03087349 0.04286270 0.04738230 0.03019468 0.03571237 0.04884518 0.02937554 0.05585501 0.04105771 0.02344159 0.04212108 0.02679644 0.03332827 0.03073106 0.03910208 0.02806762 0.03151535 0.03910137 0.03377417 0.04966906 0.05216183 0.02880124 0.02526512 0.04657917 0.03715374 0.04969101 0.03362815 0.03445358 0.03513944 0.03722540 0.04307678 0.05104299 0.04534645 0.02455266 0.07665911 0.02825467 0.03398309 0.05587002 0.04434393 0.04301746 0.03907229 0.02745303 0.02611186 0.04104444 0.04220928 0.04309088 
0.04277514 0.04272967 0.03129433 0.02243127 0.03138671 0.03674136 0.05353860 0.04447800 0.03422949 0.05845962 0.05906663 0.04387867 0.05206916 0.05610300 0.04157521 0.06346189 0.05182811 0.09085860 0.05222756 0.00000000 0.03068855 0.04471787 0.04415569 0.05497748 0.02385554 0.04889242 0.04145788 0.03888870 0.03695548 0.06621255 0.05405011 0.04133389 0.05138271 0.04387084 0.03935801 0.04572725 0.03073789 0.03428773 0.04943458 0.03695548 0.04047239 0.04012632 0.04285444 0.03643563 0.05549519 0.02012186 0.04349918 0.03491794 0.03259690 0.05424930 0.05387393 0.03637698 0.03675419 0.03695548 0.05123982 0.05992954 0.03441765 0.01835419 0.01663398 0.03795988 0.03098295 0.03623717 0.04339277 0.04750017 0.04584329 0.04145600 0.03955222 0.06762566 0.04527677 0.02233132 0.03695548 0.02884693 0.04480468 0.07211309 0.05218188 0.04213275 0.05009767 0.04931994 0.03445891 0.03212594 0.04384262 0.03695548 0.02686343 0.05080188 0.04615470 0.04189354 0.06546854 0.03048360 0.01105499 0.03166421 0.02649871 0.02465347 0.02734323 0.01903958 0.06203892 0.03039121 0.04056254 0.03978802 0.02889321 0.04138350 0.03441857 0.04600906 0.03945486 0.03533611 0.05505609 0.04645266 0.07795625 0.03662797 0.01691459 0.03379175 0.03843738 0.03158143 0.02203694 0.04591152 0.03154662 0.03019681 0.03264548 0.02262260 0.03742232 0.03212612 0.02645787 0.02553963 0.03686226 0.03243196 0.04459317 0.03615098 0.05067912 0.04563395 0.02855034 0.04615589 0.04368714 0.02089529 0.03107644 0.04140420 
0.02872971 0.03648131 0.04014794 0.04351811 0.04424684 0.01727480 0.03648452 0.02799220 0.03545960 0.03907316 0.04265185 0.03025963 0.05693554 0.03177725 0.05781592 0.03646272 0.04150082 0.03724952 0.04926188 0.03068855 0.00000000 0.04495189 0.03391645 0.04965579 0.04107777 0.03664756 0.04059450 0.03654806 0.04068467 0.02055557 0.03958000 0.03658323 0.03574460 0.04792658 0.03909364 0.02588065 0.05554114 0.06717598 0.03149525 0.04068467 0.04746318 0.06750593 0.03234493 0.08217747 0.05402194 0.06430837 0.04864792 0.05323406 0.06431282 0.06223907 0.03590261 0.03238062 0.02787647 0.04068467 0.04049297 0.02644692 0.03691917 0.04515647 0.05793971 0.04177219 0.03414853 0.02103097 0.03360095 0.03387980 0.03860430 0.03180596 0.03501001 0.02432269 0.03546190 0.05528331 0.04068467 0.04874365 0.05364043 0.04778532 0.03628809 0.03196593 0.02414407 0.02800768 0.05062603 0.02815587 0.02913735 0.04068467 0.04083692 0.00779644 0.01648665 0.01057882 0.01781344 0.03124452 0.04040702 0.02734966 0.04161837 0.02697281 0.05733146 0.03356058 0.01743529 0.04876947 0.04754880 0.05240913 0.05593149 0.06681191 0.06392478 0.06624079 0.06734406 0.06222968 0.04301566 0.03952391 0.03603204 0.03628939 0.02876546 0.03817070 0.04201656 0.04051207 0.04873705 0.02097336 0.02848893 0.03275416 0.04137511 0.03201506 0.05369324 0.06628633 0.02156806 0.03022500 0.01076261 0.03724204 0.03630219 0.04275900 0.03636279 0.03075251 0.05549547 0.02593744 0.02270428 0.03485184 0.04136587 0.05447546 
0.02771475 0.04301918 0.04222184 0.04431692 0.03372768 0.03101428 0.03680463 0.03248961 0.03937867 0.03790015 0.03854051 0.03390861 0.05486044 0.03922069 0.02693172 0.02748269 0.05081094 0.02841188 0.05918845 0.04471787 0.04495189 0.00000000 0.06485518 0.02848111 0.03307858 0.02679158 0.06157391 0.03369276 0.03776637 0.05672743 0.04418684 0.04910232 0.04209786 0.03473564 0.03254412 0.03220590 0.04295965 0.02666993 0.02827424 0.03776637 0.04050885 0.06356064 0.04304162 0.02840662 0.05049219 0.02797755 0.02377226 0.01685692 0.03502163 0.03508442 0.04802774 0.02345014 0.03643872 0.03776637 0.04681106 0.04292808 0.05657590 0.06261957 0.03048562 0.05192449 0.04575953 0.02267341 0.03142435 0.03643063 0.04804559 0.03518491 0.03894835 0.05042704 0.03803723 0.04400867 0.03776637 0.06044965 0.04538587 0.01959860 0.03666989 0.03405795 0.03149848 0.03860511 0.03370262 0.02917798 0.06808730 0.03776637 0.03867713 0.03782385 0.04789241 0.04926566 0.03333073 0.01715418 0.04283697 0.05404363 0.05750302 0.03344618 0.05061052 0.02671539 0.06949581 0.03507734 0.03333334 0.03641574 0.04381032 0.03072858 0.03794461 0.03748403 0.03735816 0.04418749 0.06680923 0.03404053 0.05837621 0.05088508 0.05840881 0.03503851 0.02349942 0.02945813 0.02385766 0.05393738 0.03559902 0.04431778 0.03907724 0.04381237 0.02618968 0.07168867 0.02881812 0.03388630 0.04482504 0.06704792 0.05397479 0.03544114 0.05377091 0.05519523 0.02946175 0.02514585 0.05904021 0.03536710 0.04017390 0.04796951 
0.03442742 0.04913683 0.03173020 0.03580059 0.03821863 0.04727411 0.03240462 0.04665558 0.03114262 0.04530944 0.02937597 0.02265712 0.03353963 0.04970755 0.03631227 0.01380983 0.04688899 0.06104778 0.05672849 0.04415569 0.03391645 0.06485518 0.00000000 0.05288771 0.05596826 0.05190638 0.03767873 0.02462873 0.03867826 0.03338095 0.03804466 0.03613072 0.05242956 0.04551257 0.03168633 0.03877452 0.04914141 0.03597914 0.02820795 0.03867826 0.02364573 0.03913332 0.04899478 0.03315481 0.03614284 0.02046870 0.03607203 0.04744014 0.04404018 0.04571580 0.04883165 0.05739285 0.06905020 0.03867826 0.04594686 0.03222409 0.02399271 0.04241547 0.03634266 0.02853992 0.04153803 0.04668878 0.03879466 0.03344673 0.03470484 0.03302812 0.04748523 0.05604577 0.02723308 0.03985208 0.03867826 0.02718420 0.06011959 0.05928056 0.02848371 0.05368266 0.07945601 0.05959665 0.06534733 0.03789646 0.03700127 0.03867826 0.04637349 0.03650489 0.05028736 0.04744467 0.02323868 0.03465349 0.03362862 0.04337461 0.02466261 0.01711880 0.03341837 0.03813102 0.02184326 0.02550753 0.03944601 0.03114338 0.03642137 0.02344064 0.02520084 0.03060868 0.03708147 0.03260974 0.03882206 0.04723742 0.04050032 0.05326974 0.03722457 0.03584485 0.03877387 0.03109908 0.04203205 0.06523300 0.04609464 0.03724962 0.03333817 0.03177809 0.03596125 0.03616797 0.05020765 0.05135167 0.04861204 0.04179081 0.03436014 0.03767032 0.03640465 0.02896039 0.03917204 0.07318582 0.05944574 0.06260003 0.04687072 0.05681310 
0.03662469 0.05199840 0.06860717 0.04154859 0.03533735 0.05621754 0.04544017 0.04918109 0.02635679 0.02161092 0.02003955 0.01173731 0.03756347 0.02847119 0.05046530 0.04389785 0.06453928 0.05571709 0.04609656 0.05497748 0.04965579 0.02848111 0.05288771 0.00000000 0.04019622 0.06735666 0.03905344 0.03804990 0.04038291 0.04759676 0.03397159 0.03790905 0.01291900 0.02528555 0.05052254 0.03931754 0.07827566 0.04048333 0.03387170 0.04038291 0.03963619 0.04669737 0.04481965 0.02082411 0.01909331 0.04285167 0.05326045 0.02898668 0.05590509 0.04551931 0.03299068 0.08089528 0.05991954 0.04038291 0.05400581 0.05038125 0.07729856 0.05268959 0.04158685 0.04287254 0.04931009 0.02861468 0.04317868 0.04653399 0.04487174 0.02383752 0.05509581 0.02775668 0.02391260 0.02965374 0.04038291 0.01695754 0.02646598 0.03147125 0.04481526 0.05203113 0.03745497 0.01683381 0.02993607 0.03611386 0.00645801 0.04038291 0.02779004 0.03944178 0.02756917 0.04133394 0.01488605 0.01040113 0.04700367 0.02988299 0.03384239 0.02129223 0.05200652 0.05775081 0.02154502 0.04331276 0.06581208 0.03476778 0.03935079 0.04340433 0.04320677 0.04595259 0.03853684 0.02567878 0.04134032 0.02417340 0.03396799 0.03417665 0.05786730 0.05926079 0.05816066 0.05150110 0.08769579 0.01121733 0.04552338 0.04528183 0.03918153 0.03663641 0.04467109 0.03042393 0.03933841 0.02990758 0.02365792 0.02397088 0.04385252 0.02074607 0.04541957 0.01779087 0.03365389 0.03704833 0.08244000 0.01702449 0.04839462 0.05689523 
0.04934732 0.04638020 0.04107048 0.05946880 0.04807697 0.04145765 0.02965365 0.04614899 0.03974263 0.05064550 0.04480460 0.02223538 0.03761000 0.05284665 0.04063152 0.04773665 0.05491583 0.02841914 0.04444439 0.02385554 0.04107777 0.03307858 0.05596826 0.04019622 0.00000000 0.02914954 0.03748964 0.06012710 0.03771140 0.03093835 0.04291450 0.03250902 0.03444845 0.03468545 0.03198461 0.03552379 0.02535924 0.02271258 0.04391546 0.03771140 0.03937552 0.04430178 0.04334544 0.05513393 0.02002062 0.04773403 0.02497205 0.03358451 0.02541342 0.02518597 0.03943301 0.02402925 0.04002296 0.03771140 0.03909803 0.04917252 0.04956875 0.03099849 0.08166677 0.02993041 0.06142627 0.01842211 0.05781482 0.01599528 0.05413484 0.02473612 0.03015167 0.06299418 0.04510889 0.04715139 0.03771140 0.04185495 0.04147669 0.03226095 0.02369617 0.04505745 0.04019999 0.02912263 0.07022487 0.04668981 0.02269881 0.03771140 0.04814521 0.02462690 0.03969269 0.04020491 0.05916529 0.05051419 0.05153857 0.04988940 0.04745536 0.03683376 0.04615608 0.03781132 0.03260478 0.05751689 0.03876303 0.04770683 0.04365830 0.04179161 0.04394491 0.05496652 0.04379192 0.03304886 0.04491139 0.03607661 0.05237249 0.06426562 0.05356753 0.01976048 0.01925030 0.01299648 0.05279299 0.04684200 0.04083632 0.05336146 0.02200881 0.06056203 0.03768070 0.05135352 0.02919765 0.04460616 0.01693225 0.03180411 0.05373635 0.08390113 0.01787241 0.02815576 0.03804962 0.02182919 0.02985333 0.07114207 0.04094935 0.02704919 
0.01796588 0.05228442 0.04399490 0.03655553 0.02762018 0.02662445 0.02407375 0.07410243 0.00545097 0.04540333 0.04112797 0.02824147 0.04463367 0.03102265 0.03843162 0.03086835 0.03800096 0.06721038 0.04454125 0.04889242 0.03664756 0.02679158 0.05190638 0.06735666 0.02914954 0.00000000 0.05169701 0.03870295 0.04030629 0.04927860 0.01571044 0.05986266 0.07044613 0.03148132 0.03995595 0.05271612 0.05397824 0.03083701 0.06789484 0.04030629 0.01831440 0.02437667 0.05900257 0.05140204 0.04515144 0.03139116 0.03856807 0.06610509 0.02393620 0.02890531 0.01934546 0.07294231 0.04556284 0.04030629 0.03797569 0.05004898 0.04550012 0.04476266 0.05367235 0.07840726 0.05991169 0.03452289 0.05162748 0.05756777 0.03948373 0.04555996 0.03269582 0.02200917 0.07348881 0.04658496 0.04030629 0.04028868 0.00376438 0.06285680 0.05239477 0.03447340 0.01120792 0.03734178 0.04624753 0.02917249 0.05968296 0.04030629 0.03673315 0.04005085 0.04622610 0.02939737 0.02492023 0.03152461 0.05689919 0.03046922 0.03152525 0.05082317 0.03995217 0.01881015 0.03154106 0.04009643 0.05009477 0.02457887 0.04185859 0.03212328 0.03528442 0.04485697 0.04315590 0.02391295 0.04253041 0.04120661 0.03690777 0.03642799 0.03504815 0.05832878 0.03911329 0.03331465 0.04141363 0.03453223 0.02767220 0.03411327 0.04240783 0.03001355 0.03869520 0.05362556 0.05644362 0.03493702 0.03646414 0.03601891 0.03539825 0.02849561 0.02256884 0.02045018 0.03410765 0.03950821 0.05517483 0.00840814 0.04904571 0.05125215 
0.04761636 0.05715572 0.04191808 0.04651432 0.03679142 0.09255087 0.03743516 0.04407642 0.03494222 0.04861640 0.03850751 0.03030591 0.04728622 0.01836274 0.04317780 0.08539173 0.04518715 0.03506090 0.03597930 0.04145788 0.04059450 0.06157391 0.03767873 0.03905344 0.03748964 0.05169701 0.00000000 0.04426356 0.03892466 0.03861968 0.03990849 0.04974733 0.02556530 0.02824766 0.07206927 0.08127338 0.05979605 0.03365836 0.02770674 0.03892466 0.04027568 0.03963711 0.03788695 0.03692029 0.03292419 0.03599338 0.01550467 0.06402183 0.03305703 0.03868358 0.03921483 0.04129645 0.04155455 0.03892466 0.04675241 0.04273556 0.02995527 0.03397140 0.02834324 0.05512240 0.03572119 0.06971576 0.05554068 0.04160599 0.07540860 0.02385935 0.02568128 0.03770948 0.02926621 0.04814699 0.03892466 0.02305632 0.03574635 0.05344315 0.05015900 0.05109496 0.03755478 0.03116199 0.02213338 0.04484851 0.02487347 0.03892466 0.05373612 0.03962705 0.04830894 0.02912408 0.02863447 0.03079523 0.03965874 0.03325353 0.03262017 0.03472135 0.04462340 0.04220102 0.04613521 0.04607971 0.04570760 0.04121962 0.02900078 0.04011709 0.03051831 0.04312258 0.03523560 0.03058714 0.03996966 0.04311316 0.02158084 0.03931357 0.05726421 0.03536935 0.02943169 0.04868530 0.03821418 0.03160897 0.04325549 0.02498650 0.01929029 0.05117970 0.03774410 0.04121389 0.03198485 0.03233474 0.05762314 0.03291688 0.05722210 0.01123708 0.04423161 0.02335172 0.02673587 0.03157342 0.07949458 0.03148478 0.04067239 0.01825876 
