0.00000000 0.04980647 0.11182938 0.09308680 0.10158969 0.05963731 0.08009975 0.04936927 0.06994465 0.04770965 0.14211961 0.09167319 0.03404019 0.05574985 0.09294990 0.11641944 0.09257993 0.07338908 0.06853436 0.09385246 0.06942475 0.06399420 0.05502139 0.08141778 0.03465633 0.05093209 0.08246272 0.01176705 0.07466695 0.11562492 0.12210182 0.08487987 0.10248450 0.10573722 0.11312265 0.04586913 0.08500980 0.04132070 0.14232234 0.08578107 0.10332855 0.15918823 0.04361074 0.06825178 0.08597134 0.03654329 0.13612858 0.07533375 0.03783626 0.05668191 0.08050698 0.06374078 0.08911248 0.05029607 0.03962726 0.07835528 0.08494425 0.08851219 0.09749658 0.03707008 0.05114505 0.05542931 0.11414619 0.06423000 0.09618400 0.05759146 0.10274726 0.04525260 0.10593305 0.06568037 0.13628454 0.05399116 0.05656824 0.07804305 0.05609203 0.02939640 0.03403951 0.06333091 0.07966739 0.08320625 0.07588798 0.12683435 0.04583260 0.16231564 0.13817748 0.10773772 0.07604924 
0.04980647 0.00000000 0.13448727 0.10048064 0.11459443 0.06418086 0.12409036 0.08877156 0.08422217 0.08317132 0.05072414 0.06360217 0.30060196 0.05540329 0.05331442 0.06866599 0.09421977 0.07533315 0.05857014 0.05833505 0.02808300 0.04361437 0.08607408 0.04458644 0.10846962 0.06435421 0.06301977 0.05196652 0.06146988 0.05181965 0.04432074 0.04349845 0.04697663 0.07707855 0.08437146 0.05098953 0.08144536 0.15048170 0.07854503 0.11749744 0.09917669 0.06971546 0.12663938 0.09023481 0.04499930 0.09598633 0.08177222 0.07518084 0.05565501 0.03614424 0.10492809 0.05660915 0.04190358 0.06322069 0.04785181 0.10256770 0.06813466 0.08659778 0.09323602 0.12583133 0.06758388 0.07450930 0.05054786 0.09117390 0.11336213 0.10446789 0.07049212 0.02885651 0.10455807 0.10275769 0.07187756 0.06597446 0.05103135 0.08112392 0.11163133 0.04419434 0.11649494 0.04479046 0.10832130 0.06639726 0.03517535 0.09836844 0.07949575 0.03261488 0.06590069 0.16301965 0.08023527 
0.11182938 0.13448727 0.00000000 0.11223613 0.04950679 0.10537044 0.05325239 0.01433801 0.10946423 0.05748366 0.07335872 0.07711733 0.08353959 0.12344451 0.06504315 0.15324232 0.06216093 0.08374161 0.06173169 0.15873760 0.05186675 0.04941327 0.05635540 0.09146970 0.09928578 0.05596752 0.08314069 0.04957150 0.10481912 0.11572533 0.08707950 0.08909796 0.05483220 0.11020263 0.05016102 0.06662760 0.09105396 0.10867950 0.10290215 0.08504418 0.11809745 0.10994869 0.05365782 0.10160056 0.09202662 0.08745281 0.03213980 0.08696558 0.01281015 0.05384923 0.09488240 0.03769667 0.14130178 0.04202102 0.03842098 0.04243313 0.05696288 0.10655800 0.03379254 0.08816092 0.04152283 0.07696632 0.08736834 0.08585952 0.10953880 0.08988582 0.06667649 0.09128036 0.03476872 0.12130914 0.12796929 0.03569472 0.03172227 0.07832364 0.08991734 0.08006791 0.09081795 0.06465933 0.02053890 0.10978932 0.06891822 0.12972423 0.10973184 0.01550265 0.06268638 0.06745283 0.03299627 
0.09308680 0.10048064 0.11223613 0.00000000 0.04410809 0.10313762 0.05531361 0.04917518 0.07429784 0.09576993 0.18749888 0.07210464 0.16973082 0.05592520 0.11624212 0.06903989 0.09342278 0.10799028 0.09167748 0.10570694 0.10610878 0.06535713 0.05402142 0.09114469 0.07158906 0.01868014 0.05719032 0.08281243 0.06840635 0.08912682 0.07000023 0.08859095 0.04294414 0.07963235 0.12374213 0.06033702 0.06319623 0.06349226 0.05615110 0.07212644 0.07462905 0.12400710 0.10168028 0.06878510 0.09514502 0.11226625 0.10816041 0.07429411 0.00316482 0.04001395 0.07888631 0.07025891 0.06589247 0.05805858 0.14069809 0.06705457 0.08836771 0.06997299 0.13894859 0.07080104 0.04908405 0.03669435 0.13305878 0.06326922 0.12303230 0.09515243 0.05898815 0.07227961 0.06605874 0.09619229 0.08340805 0.07702753 0.05194553 0.09524588 0.07436174 0.06776765 0.10486467 0.09573731 0.09369566 0.04933199 0.06649468 0.06737018 0.04293904 0.05504671 0.04290073 0.06601358 0.06861835 
0.10158969 0.11459443 0.04950679 0.04410809 0.00000000 0.08923505 0.05676007 0.14436942 0.08191859 0.07957321 0.14087670 0.05520923 0.10333759 0.00983313 0.04769848 0.05216471 0.07054496 0.09999143 0.08636770 0.10896864 0.06496719 0.08013826 0.08857722 0.04099843 0.07459329 0.15527699 0.08240067 0.07381487 0.12264497 0.09204699 0.10226655 0.07932471 0.16972103 0.07518850 0.08515047 0.06107047 0.05578649 0.09189874 0.07360231 0.09437790 0.09530612 0.08296361 0.05789693 0.07711471 0.06295843 0.16057306 0.05940680 0.06912997 0.01203613 0.08439895 0.05063971 0.15784503 0.03440963 0.03622581 0.09445072 0.07227516 0.08978549 0.14301643 0.05007103 0.06763317 0.09123941 0.08170687 0.06328151 0.05541114 0.10046226 0.04856053 0.03929445 0.03392134 0.14781783 0.09661131 0.08472817 0.07773713 0.05135164 0.06366160 0.04060447 0.01218124 0.11279920 0.05550934 0.05111735 0.08217435 0.07256396 0.11803071 0.07554563 0.05100586 0.07003220 0.05711273 0.05255892 
0.05963731 0.06418086 0.10537044 0.10313762 0.08923505 0.00000000 0.13565151 0.09506513 0.12639140 0.05485880 0.09545629 0.06994299 0.14196273 0.05449605 0.04924799 0.04941791 0.07319728 0.09477870 0.06065290 0.06392998 0.06286981 0.12059877 0.09979780 0.09551889 0.07418779 0.06716072 0.08781198 0.07167315 0.05443606 0.07456205 0.05778106 0.08641697 0.06671669 0.05963773 0.06486415 0.08909625 0.08016461 0.08296632 0.06545276 0.06926737 0.07811145 0.05470576 0.14049048 0.09921544 0.13725623 0.09600492 0.13718855 0.09417501 0.06810126 0.06912386 0.06710523 0.07813534 0.06107962 0.05162201 0.05769497 0.06316884 0.05993584 0.05483160 0.05421204 0.05767662 0.03940599 0.07703122 0.08788251 0.09106009 0.08296161 0.07297979 0.06692762 0.07437243 0.07905366 0.07616215 0.05592216 0.08325579 0.06726887 0.05098761 0.09507469 0.09938354 0.06328279 0.07297609 0.05886732 0.11700610 0.04082931 0.05307392 0.05334592 0.06652596 0.07152382 0.05585849 0.05765795 
0.08009975 0.12409036 0.05325239 0.05531361 0.05676007 0.13565151 0.00000000 0.13804539 0.14980932 0.09798316 0.07987215 0.05607855 0.04769141 0.11216413 0.10446759 0.02737439 0.13050752 0.07774590 0.08750837 0.08579182 0.10742629 0.05917851 0.06303766 0.15914907 0.03034522 0.06432730 0.05595263 0.04490670 0.03405187 0.09874648 0.09487845 0.09481236 0.03807016 0.12653898 0.11085510 0.05487573 0.02862798 0.04133182 0.04983205 0.10357284 0.07020392 0.04793908 0.04900500 0.05724616 0.04925762 0.10426849 0.03819279 0.07591425 0.11696799 0.03213962 0.05936992 0.09127964 0.04643952 0.07029721 0.06618274 0.07737471 0.04677179 0.05790214 0.11580616 0.04671967 0.06983739 0.04722331 0.08778498 0.04427596 0.07602433 0.15328996 0.08816689 0.15792358 0.03252603 0.10097606 0.07485353 0.02712287 0.03715033 0.09022272 0.10467530 0.04044268 0.01968227 0.14288187 0.11806283 0.18785450 0.09640423 0.05191747 0.02307795 0.00992874 0.06706123 0.13040028 0.09132739 
0.04936927 0.08877156 0.01433801 0.04917518 0.14436942 0.09506513 0.13804539 0.00000000 0.10892179 0.08898218 0.11863069 0.07707748 0.07330088 0.07087112 0.15239368 0.07898813 0.10633600 0.04323051 0.05315285 0.08369321 0.06251898 0.07905335 0.09440442 0.07269097 0.05754256 0.10003965 0.06333634 0.12086992 0.07357989 0.09461500 0.06384737 0.12581938 0.08490460 0.07345264 0.07633519 0.13528958 0.04566636 0.09666028 0.03603724 0.06844297 0.06367407 0.01978940 0.12415063 0.11142098 0.11702284 0.07605047 0.06064523 0.07304346 0.02649012 0.13903538 0.06234366 0.04734131 0.09847303 0.09828738 0.07119491 0.11288244 0.08594422 0.02248440 0.03167429 0.06358521 0.11742755 0.05425630 0.04724901 0.06821733 0.02616076 0.01022451 0.08394611 0.09128127 0.03793764 0.09596504 0.07792847 0.03412597 0.07607264 0.05645790 0.08676521 0.10018653 0.07286298 0.07780053 0.06158664 0.04955492 0.08660817 0.06199954 0.05574138 0.13377505 0.09165256 0.07095729 0.10550949 
0.06994465 0.08422217 0.10946423 0.07429784 0.08191859 0.12639140 0.14980932 0.10892179 0.00000000 0.07778658 0.05876755 0.13068872 0.06872327 0.12035890 0.07037596 0.07953496 0.07316192 0.07348654 0.11082738 0.07430475 0.08734493 0.06954570 0.07191397 0.06590542 0.08310214 0.08741136 0.09694956 0.08122630 0.06409515 0.05339159 0.07528615 0.08150504 0.08669939 0.05462114 0.06493358 0.07822761 0.07063045 0.07306236 0.05835604 0.06252206 0.08332559 0.06687240 0.07437443 0.07492619 0.08453686 0.05992341 0.06972121 0.11904901 0.08588018 0.05968343 0.09351949 0.07183210 0.07796530 0.08735130 0.08932459 0.08445822 0.05852444 0.05068754 0.10542887 0.06151916 0.05425372 0.04761955 0.06439130 0.06900580 0.05175032 0.06603615 0.05734228 0.08536173 0.08228035 0.05635071 0.05972452 0.08247336 0.06806236 0.05963056 0.05780037 0.06024512 0.06975631 0.06909133 0.06654099 0.06700971 0.07246979 0.07137444 0.06506844 0.06640660 0.09609137 0.07026545 0.07919164 
0.04770965 0.08317132 0.05748366 0.09576993 0.07957321 0.05485880 0.09798316 0.08898218 0.07778658 0.00000000 0.12998072 0.15282831 0.04394883 0.08944887 0.09307355 0.05772525 0.07853781 0.08885303 0.06783475 0.09794143 0.15775170 0.02494220 0.06237635 0.10544885 0.09386496 0.05854053 0.03816859 0.07390093 0.07834840 0.06977264 0.03436764 0.06698227 0.06433171 0.03236982 0.04417290 0.06829561 0.05043168 0.11614382 0.08718496 0.11345185 0.10757634 0.13995676 0.05904133 0.02582903 0.12635216 0.04845372 0.07110973 0.05265027 0.06213965 0.17464537 0.14218525 0.10320499 0.05222217 0.07858024 0.09448318 0.08212166 0.10374544 0.09497690 0.08068668 0.03860091 0.11937572 0.06886395 0.07471084 0.07180711 0.04477543 0.02312031 0.10269861 0.11391602 0.11912490 0.07090526 0.07516438 0.10617713 0.10743302 0.05986664 0.12595111 0.08183655 0.10028992 0.09235260 0.07923042 0.03542499 0.01002313 0.08101781 0.04638264 0.10277616 0.09190939 0.02507937 0.09985821 
0.14211961 0.05072414 0.07335872 0.18749888 0.14087670 0.09545629 0.07987215 0.11863069 0.05876755 0.12998072 0.00000000 0.03993637 0.05682890 0.10741343 0.05811633 0.12756217 0.13769612 0.19355973 0.11019360 0.07604421 0.10396068 0.07847143 0.10621230 0.14002433 0.04957799 0.06613477 0.06974532 0.05688130 0.13593420 0.06601823 0.06791462 0.07419126 0.04432443 0.11580828 0.06554267 0.05445394 0.10812890 0.09226365 0.14678320 0.12616543 0.04417366 0.09940861 0.18304638 0.08060048 0.12867193 0.07964445 0.07822040 0.05631514 0.03882987 0.02798024 0.06825600 0.05234123 0.06218896 0.01607217 0.05180076 0.06308156 0.09553664 0.05965661 0.08273119 0.09637938 0.06890273 0.06313049 0.08780795 0.09048771 0.11996551 0.03578400 0.04846713 0.03643714 0.05119021 0.04285829 0.09257870 0.02071531 0.04601657 0.07783899 0.05276053 0.05514606 0.03619107 0.08989659 0.09045786 0.09384881 0.02730976 0.08804105 0.03111255 0.04154859 0.05162881 0.02693629 0.07483140 
0.09167319 0.06360217 0.07711733 0.07210464 0.05520923 0.06994299 0.05607855 0.07707748 0.13068872 0.15282831 0.03993637 0.00000000 0.06307389 0.08312558 0.08673126 0.07324412 0.09986036 0.03697889 0.07710928 0.07982339 0.10409111 0.10481389 0.06283900 0.06781173 0.11942674 0.11874119 0.05188943 0.11842182 0.06226837 0.05927262 0.03268480 0.07439699 0.06263716 0.10583335 0.03964834 0.09426446 0.08010692 0.09242998 0.07995700 0.08345904 0.06141979 0.05062295 0.04472174 0.06849949 0.04595324 0.04421882 0.03183461 0.06884107 0.18582467 0.04431467 0.08332341 0.07170568 0.13403156 0.10282596 0.08593449 0.11409154 0.05366965 0.05195098 0.08269737 0.07348131 0.04986183 0.03954830 0.08466391 0.06828795 0.07202165 0.05041464 0.08683046 0.04973514 0.06573706 0.10624431 0.13290043 0.12509788 0.05350503 0.10127346 0.09366117 0.07509327 0.07000511 0.08294689 0.07515732 0.09941068 0.04319847 0.05459687 0.05130478 0.10744363 0.09193585 0.07187376 0.07530005 
0.03404019 0.30060196 0.08353959 0.16973082 0.10333759 0.14196273 0.04769141 0.07330088 0.06872327 0.04394883 0.05682890 0.06307389 0.00000000 0.09452357 0.08023286 0.06990723 0.06759401 0.09221879 0.13325700 0.06564712 0.08038399 0.03868482 0.06261675 0.06845038 0.07538683 0.04804404 0.06929171 0.07422499 0.05054549 0.07036899 0.07498559 0.06847818 0.06361166 0.08311283 0.07675389 0.06253962 0.05111675 0.13873921 0.07309334 0.04257517 0.08889264 0.12209560 0.06516291 0.09863478 0.06849844 0.10434825 0.07933499 0.10203846 0.01436109 0.03648898 0.04762441 0.07152597 0.06074472 0.06566238 0.07684896 0.04127598 0.11297198 0.11337762 0.15076386 0.06557434 0.10444151 0.08947764 0.03995343 0.05489568 0.07908664 0.10240166 0.08308331 0.04180806 0.09402475 0.12863813 0.06287060 0.03160941 0.04316024 0.08065290 0.10165106 0.06009273 0.11008016 0.06316113 0.11168290 0.08698880 0.08796518 0.06470834 0.09143444 0.04323054 0.06456490 0.09238546 0.04651978 
0.05574985 0.05540329 0.12344451 0.05592520 0.00983313 0.05449605 0.11216413 0.07087112 0.12035890 0.08944887 0.10741343 0.08312558 0.09452357 0.00000000 0.15475702 0.07255377 0.07523694 0.25594494 0.13604192 0.07458081 0.03592262 0.11241454 0.04980819 0.07040831 0.06012166 0.04271932 0.05771305 0.03785905 0.09641740 0.08988252 0.04455918 0.08943462 0.09185651 0.07881986 0.08736082 0.04660204 0.09831167 0.08827308 0.06038391 0.11257552 0.09631549 0.03906840 0.06464642 0.05052667 0.04042437 0.08009171 0.03949736 0.12071305 0.04083771 0.04708941 0.07202816 0.07176306 0.12101855 0.01992512 0.05987473 0.07314146 0.24368601 0.07923950 0.13685513 0.07271456 0.16510627 0.08315765 0.08576257 0.06901524 0.03892904 0.03961296 0.04252516 0.04297525 0.04923575 0.10225530 0.08695154 0.02303703 0.05015036 0.03840676 0.08512902 0.06861866 0.06601255 0.07618689 0.08858830 0.05375687 0.08018011 0.07590927 0.08343478 0.07427854 0.10151261 0.05943041 0.07078598 
0.09294990 0.05331442 0.06504315 0.11624212 0.04769848 0.04924799 0.10446759 0.15239368 0.07037596 0.09307355 0.05811633 0.08673126 0.08023286 0.15475702 0.00000000 0.10814565 0.08885600 0.13684223 0.09409199 0.11569144 0.10834696 0.05943354 0.04597275 0.06091105 0.07721454 0.02280311 0.06628938 0.08450968 0.06853474 0.05853122 0.10409161 0.10170544 0.03365082 0.05570278 0.10512597 0.09447588 0.09289641 0.07512903 0.08934335 0.10813194 0.07984231 0.07491993 0.03056523 0.06077066 0.07704373 0.05491627 0.08941025 0.06286252 0.06174271 0.02592898 0.07164901 0.06536670 0.08752461 0.07951177 0.06692799 0.06051701 0.11305322 0.12257600 0.10175945 0.04971413 0.11535287 0.07133912 0.08855813 0.05781351 0.08403644 0.06851250 0.03973367 0.05064093 0.07315493 0.09107205 0.10068058 0.13473191 0.09122791 0.07964145 0.10012376 0.08527629 0.04070841 0.08202814 0.06243785 0.06365398 0.13128229 0.10700686 0.07702428 0.08091549 0.12332537 0.02590793 0.07315944 
0.11641944 0.06866599 0.15324232 0.06903989 0.05216471 0.04941791 0.02737439 0.07898813 0.07953496 0.05772525 0.12756217 0.07324412 0.06990723 0.07255377 0.10814565 0.00000000 0.12023426 0.05816325 0.09735745 0.13339077 0.06994882 0.10504528 0.04824032 0.07993933 0.06381841 0.07402278 0.08205077 0.05333735 0.09816097 0.09238124 0.09408984 0.09094038 0.07023213 0.05804700 0.07320522 0.06220245 0.03107512 0.08821913 0.08934584 0.08173114 0.07279604 0.11665750 0.04393864 0.04543030 0.04666162 0.00854967 0.10742075 0.04870519 0.07054070 0.04391077 0.15862048 0.05166991 0.10346507 0.07254628 0.06049380 0.07859805 0.10835782 0.08284210 0.08100024 0.06303474 0.13772680 0.09315567 0.09559596 0.07885926 0.09993303 0.08103075 0.05432759 0.05594585 0.11049122 0.08722509 0.09909450 0.06993003 0.05053349 0.07482236 0.07841860 0.06193638 0.12026290 0.07854750 0.08778344 0.11031507 0.06187015 0.08559785 0.08610706 0.05830083 0.10272312 0.10833810 0.09137900 
0.09257993 0.09421977 0.06216093 0.09342278 0.07054496 0.07319728 0.13050752 0.10633600 0.07316192 0.07853781 0.13769612 0.09986036 0.06759401 0.07523694 0.08885600 0.12023426 0.00000000 0.07658025 0.06134441 0.08794826 0.09232514 0.09500450 0.04709756 0.08250299 0.05938629 0.02924214 0.06408845 0.04192053 0.04265066 0.07111858 0.09914268 0.07239881 0.05744965 0.10804208 0.10847725 0.06496190 0.08904605 0.03403679 0.23759411 0.06708304 0.08048359 0.06905264 0.06946253 0.06187066 0.09899713 0.04372051 0.07934941 0.10398305 0.07576980 0.04697443 0.05827146 0.07075460 0.12042503 0.04256586 0.08416722 0.05668772 0.07163700 0.09087475 0.10173179 0.05359129 0.07658735 0.07589641 0.05820229 0.06382179 0.04498975 0.10180649 0.06622485 0.07078307 0.04525023 0.09084275 0.14654266 0.07176741 0.11039052 0.08437024 0.09710933 0.09987192 0.04778438 0.08513340 0.06507673 0.08394865 0.06384452 0.12166171 0.02624508 0.02874869 0.05731337 0.21826376 0.06413684 
0.07338908 0.07533315 0.08374161 0.10799028 0.09999143 0.09477870 0.07774590 0.04323051 0.07348654 0.08885303 0.19355973 0.03697889 0.09221879 0.25594494 0.13684223 0.05816325 0.07658025 0.00000000 0.19222025 0.12210835 0.03537588 0.12289858 0.03714514 0.08625807 0.06394852 0.04012056 0.05215436 0.05801363 0.03367133 0.05735786 0.02772860 0.05599346 0.06903273 0.08411302 0.03993401 0.07674013 0.05444885 0.05574909 0.08550971 0.09362480 0.05191526 0.06156257 0.07578289 0.05714846 0.08666449 0.04720868 0.05745533 0.08502004 0.05408420 0.03838233 0.08360595 0.08593919 0.07442843 0.07160137 0.06082540 0.15463884 0.27517388 0.12517051 0.04140650 0.05346883 0.14656207 0.11430890 0.03915667 0.06457383 0.06153903 0.05767182 0.04011729 0.05210456 0.06317448 0.07831773 0.08603518 0.06986166 0.07313709 0.09495194 0.06315026 0.05202066 0.08672847 0.04019997 0.08284296 0.06979933 0.04731205 0.07316600 0.06921693 0.06140234 0.11466171 0.09555542 0.04207001 
0.06853436 0.05857014 0.06173169 0.09167748 0.08636770 0.06065290 0.08750837 0.05315285 0.11082738 0.06783475 0.11019360 0.07710928 0.13325700 0.13604192 0.09409199 0.09735745 0.06134441 0.19222025 0.00000000 0.07466439 0.13783530 0.10018064 0.08524033 0.05833353 0.08983744 0.05904961 0.09773711 0.08021106 0.04456871 0.12216652 0.06632256 0.05232049 0.15215966 0.07978605 0.08002931 0.09506176 0.06002321 0.05945452 0.06046389 0.09058283 0.06459058 0.06441801 0.09524171 0.14318960 0.09213477 0.06246808 0.06132413 0.10492133 0.05408235 0.05599763 0.04823106 0.07913913 0.05228755 0.07173740 0.08320304 0.06490094 0.10691312 0.07965087 0.04515868 0.07038825 0.08764640 0.08683486 0.02438082 0.05089781 0.07291378 0.06896602 0.02471659 0.06823720 0.08484211 0.06728504 0.07265524 0.07419833 0.05564982 0.09676182 0.06190894 0.07593148 0.04345333 0.06826546 0.06745143 0.05691500 0.04824987 0.03643289 0.05246391 0.09199849 0.07864741 0.06807651 0.09587643 
0.09385246 0.05833505 0.15873760 0.10570694 0.10896864 0.06392998 0.08579182 0.08369321 0.07430475 0.09794143 0.07604421 0.07982339 0.06564712 0.07458081 0.11569144 0.13339077 0.08794826 0.12210835 0.07466439 0.00000000 0.10263843 0.09367745 0.08031517 0.10133354 0.07884802 0.07780095 0.08867521 0.09367511 0.03572961 0.11951675 0.12392648 0.09921052 0.10660126 0.07400370 0.10351753 0.05830514 0.08173584 0.10568296 0.08983298 0.11887507 0.04422825 0.04613782 0.05775000 0.05658418 0.05896720 0.08218995 0.05929506 0.06188444 0.04110917 0.02300432 0.07480746 0.09418884 0.08358348 0.05061449 0.03264552 0.08210395 0.07920975 0.06759733 0.12452313 0.06981309 0.09218195 0.05210612 0.08885668 0.08564805 0.05456659 0.05182503 0.05614305 0.03955801 0.07453757 0.08759379 0.07931099 0.10285037 0.05468035 0.11967621 0.05639380 0.10314135 0.07495362 0.05433582 0.07980270 0.09255491 0.09665540 0.08938117 0.06800853 0.06422908 0.03330837 0.14632112 0.04385320 
0.06942475 0.02808300 0.05186675 0.10610878 0.06496719 0.06286981 0.10742629 0.06251898 0.08734493 0.15775170 0.10396068 0.10409111 0.08038399 0.03592262 0.10834696 0.06994882 0.09232514 0.03537588 0.13783530 0.10263843 0.00000000 0.11375052 0.05863377 0.03775865 0.06029907 0.10121112 0.08287297 0.10516567 0.12082652 0.07123472 0.09869181 0.08029627 0.06985193 0.07178943 0.04721262 0.19151557 0.10780601 0.06795252 0.08478018 0.13321665 0.04449732 0.10617907 0.07154243 0.06592611 0.09192995 0.06592427 0.07235268 0.09857393 0.07216905 0.08432420 0.08215162 0.06353680 0.04252285 0.06718964 0.07693503 0.05364482 0.05713801 0.07519158 0.05981174 0.03928985 0.07930740 0.07852007 0.03676456 0.08651396 0.07489034 0.03902208 0.10440552 0.07870654 0.09719816 0.06721463 0.08235189 0.04318232 0.05692654 0.09021852 0.04956240 0.11903389 0.12854624 0.06800990 0.06930501 0.06508937 0.04700027 0.09028025 0.08697006 0.06260456 0.05307736 0.05334974 0.13317111 
0.06399420 0.04361437 0.04941327 0.06535713 0.08013826 0.12059877 0.05917851 0.07905335 0.06954570 0.02494220 0.07847143 0.10481389 0.03868482 0.11241454 0.05943354 0.10504528 0.09500450 0.12289858 0.10018064 0.09367745 0.11375052 0.00000000 0.11170743 0.08417990 0.07428037 0.15772951 0.10295079 0.10538521 0.04176805 0.07902524 0.02910927 0.10025365 0.04814117 0.07937973 0.06107642 0.07496939 0.05579543 0.08098162 0.05897574 0.07711929 0.07740211 0.05317654 0.06723793 0.08662573 0.06611558 0.03968624 0.05659757 0.07248783 0.07841078 0.01208790 0.05898652 0.03590803 0.04134083 0.05424392 0.06741914 0.03212583 0.10258329 0.12717464 0.17208404 0.08513710 0.05179621 0.09226489 0.09395467 0.07689698 0.13060240 0.10156910 0.07292620 0.05660383 0.05633070 0.09939016 0.08633819 0.04881522 0.07152691 0.11246378 0.09737448 0.05495327 0.07421347 0.08737113 0.08430402 0.07173177 0.11458268 0.14779539 0.04754716 0.10608971 0.03371881 0.14919465 0.12347672 
0.05502139 0.08607408 0.05635540 0.05402142 0.08857722 0.09979780 0.06303766 0.09440442 0.07191397 0.06237635 0.10621230 0.06283900 0.06261675 0.04980819 0.04597275 0.04824032 0.04709756 0.03714514 0.08524033 0.08031517 0.05863377 0.11170743 0.00000000 0.06537618 0.08820032 0.15222672 0.10658386 0.11990236 0.11024287 0.05984551 0.06813797 0.08699267 0.09078900 0.06528986 0.06191645 0.11230453 0.09177100 0.09063697 0.04731512 0.04742099 0.07743434 0.05705818 0.15566897 0.12817888 0.06215875 0.10599203 0.04841268 0.08809876 0.06653109 0.12083968 0.05473554 0.09930702 0.04591759 0.08283784 0.07999766 0.07563039 0.03709086 0.03275692 0.04860636 0.18516393 0.05357647 0.06304840 0.05822767 0.15059731 0.10136350 0.12621459 0.08347303 0.07927229 0.08355320 0.04727184 0.06821170 0.09394274 0.08924729 0.05707816 0.04608699 0.06657233 0.08320003 0.06453906 0.08665498 0.11825746 0.07230562 0.04913054 0.07658493 0.04250806 0.03383423 0.06257244 0.04876260 
0.08141778 0.04458644 0.09146970 0.09114469 0.04099843 0.09551889 0.15914907 0.07269097 0.06590542 0.10544885 0.14002433 0.06781173 0.06845038 0.07040831 0.06091105 0.07993933 0.08250299 0.08625807 0.05833353 0.10133354 0.03775865 0.08417990 0.06537618 0.00000000 0.07520962 0.05477747 0.09815298 0.10898988 0.09787299 0.09162948 0.07830305 0.04153773 0.08194896 0.10238748 0.09595333 0.08308523 0.13839100 0.06129875 0.07573484 0.12763452 0.08735771 0.08405690 0.05958289 0.09667106 0.09964293 0.07213262 0.07899193 0.07709202 0.03922879 0.03453076 0.07196381 0.04931032 0.08773668 0.03660628 0.07596004 0.09103391 0.09930631 0.03694923 0.03748643 0.03424422 0.09327260 0.18983289 0.06720052 0.06450935 0.09187376 0.07075075 0.03534618 0.05608301 0.06549739 0.04791691 0.04529772 0.11450345 0.07711655 0.08099271 0.07520901 0.08875816 0.05732769 0.11507304 0.09480493 0.04655772 0.05071183 0.16832453 0.07368729 0.12477868 0.06408372 0.06000067 0.12698700 
0.03465633 0.10846962 0.09928578 0.07158906 0.07459329 0.07418779 0.03034522 0.05754256 0.08310214 0.09386496 0.04957799 0.11942674 0.07538683 0.06012166 0.07721454 0.06381841 0.05938629 0.06394852 0.08983744 0.07884802 0.06029907 0.07428037 0.08820032 0.07520962 0.00000000 0.05861087 0.12206544 0.14809329 0.09427923 0.06679324 0.09196213 0.10484173 0.07407340 0.07291229 0.08439713 0.07073710 0.07331522 0.11958547 0.06981372 0.06393449 0.09685130 0.03874907 0.10688187 0.10018940 0.03822201 0.07529428 0.11488241 0.07217056 0.07359188 0.04173808 0.11512491 0.13835865 0.04622785 0.05293781 0.08982425 0.06678331 0.05361244 0.07194771 0.08411187 0.19015566 0.02037697 0.05659786 0.04906634 0.10811882 0.07545233 0.05922555 0.05438462 0.04620071 0.06765976 0.03089769 0.07022723 0.07786582 0.08533454 0.08723011 0.17004162 0.08236820 0.20176382 0.03884383 0.07120147 0.06663443 0.06759196 0.07057507 0.08699815 0.03519934 0.05045315 0.04528297 0.06246063 
0.05093209 0.06435421 0.05596752 0.01868014 0.15527699 0.06716072 0.06432730 0.10003965 0.08741136 0.05854053 0.06613477 0.11874119 0.04804404 0.04271932 0.02280311 0.07402278 0.02924214 0.04012056 0.05904961 0.07780095 0.10121112 0.15772951 0.15222672 0.05477747 0.05861087 0.00000000 0.11536979 0.12912187 0.09567678 0.12158500 0.05394931 0.14452659 0.09217610 0.07071350 0.05929736 0.15056082 0.07484800 0.04536141 0.07544020 0.02748612 0.03234031 0.06458324 0.07462007 0.05097176 0.05711785 0.10683656 0.07110275 0.06981337 0.07000352 0.09116691 0.05698538 0.08075277 0.05085392 0.11271640 0.09321821 0.10042722 0.05779622 0.05894059 0.03197104 0.11963666 0.14833081 0.10374494 0.04979661 0.08604361 0.11171199 0.09785135 0.04181479 0.08431928 0.08944706 0.07336082 0.08517345 0.06645221 0.07458468 0.07107243 0.07918738 0.04131595 0.13323727 0.03532140 0.04891466 0.07703930 0.04294490 0.05104307 0.07135969 0.18349434 0.07029220 0.08056556 0.10631475 
0.08246272 0.06301977 0.08314069 0.05719032 0.08240067 0.08781198 0.05595263 0.06333634 0.09694956 0.03816859 0.06974532 0.05188943 0.06929171 0.05771305 0.06628938 0.08205077 0.06408845 0.05215436 0.09773711 0.08867521 0.08287297 0.10295079 0.10658386 0.09815298 0.12206544 0.11536979 0.00000000 0.14257669 0.08970299 0.07669198 0.11151602 0.08788037 0.07818018 0.04228884 0.06514299 0.09411696 0.10778540 0.09944132 0.05783004 0.04120282 0.05500576 0.07099841 0.10054178 0.11028781 0.09795532 0.11636572 0.11184521 0.06211509 0.05801399 0.07502235 0.06201875 0.08418197 0.05409614 0.07262506 0.06749845 0.07501350 0.08483051 0.05468870 0.07914713 0.11924666 0.03899351 0.07534464 0.07806494 0.06403375 0.07997199 0.10717117 0.07234144 0.05577177 0.07747433 0.06423993 0.06131092 0.09898325 0.07609337 0.02529630 0.05760022 0.08872972 0.10448012 0.03932961 0.04637524 0.05828830 0.06406610 0.05997376 0.11103483 0.05120232 0.06770224 0.07444182 0.08448747 
0.01176705 0.05196652 0.04957150 0.08281243 0.07381487 0.07167315 0.04490670 0.12086992 0.08122630 0.07390093 0.05688130 0.11842182 0.07422499 0.03785905 0.08450968 0.05333735 0.04192053 0.05801363 0.08021106 0.09367511 0.10516567 0.10538521 0.11990236 0.10898988 0.14809329 0.12912187 0.14257669 0.00000000 0.07621178 0.04468545 0.09958078 0.10870710 0.11560079 0.03781778 0.04892569 0.13976969 0.11597391 0.08820329 0.05010815 0.03966945 0.04419061 0.04163955 0.11116722 0.10268394 0.07407737 0.12144191 0.05767736 0.07191185 0.07339240 0.07583918 0.06125626 0.07881570 0.05789731 0.08859044 0.08614432 0.05593607 0.09056232 0.04924942 0.03400281 0.12740284 0.06399593 0.02971403 0.05164401 0.12011126 0.05158473 0.13684504 0.07301602 0.06469551 0.09671082 0.04728286 0.04616489 0.07865259 0.07975548 0.04620718 0.09506899 0.09529863 0.13019813 0.02433666 0.03415032 0.08137835 0.12314041 0.03521431 0.07272992 0.08971937 0.09700114 0.06598512 0.07535469 
0.07466695 0.06146988 0.10481912 0.06840635 0.12264497 0.05443606 0.03405187 0.07357989 0.06409515 0.07834840 0.13593420 0.06226837 0.05054549 0.09641740 0.06853474 0.09816097 0.04265066 0.03367133 0.04456871 0.03572961 0.12082652 0.04176805 0.11024287 0.09787299 0.09427923 0.09567678 0.08970299 0.07621178 0.00000000 0.10589880 0.14890115 0.12020732 0.09784663 0.09346194 0.09159069 0.05467648 0.08189613 0.08924360 0.05905625 0.09375925 0.04190010 0.05865174 0.08327956 0.07148942 0.04849179 0.07480489 0.09909894 0.08640628 0.09533856 0.08935647 0.10161233 0.13061558 0.07033952 0.08701476 0.11708729 0.14282491 0.06808364 0.09329811 0.01426840 0.14258677 0.06492218 0.04022023 0.07397250 0.06296941 0.03918375 0.04524458 0.09977513 0.11699208 0.05596220 0.08411760 0.05533980 0.10651581 0.09523159 0.06752857 0.11399854 0.09318707 0.05463372 0.05239850 0.04895337 0.06116984 0.10355529 0.06778515 0.05775875 0.06994181 0.09205309 0.05392088 0.09376189 
0.11562492 0.05181965 0.11572533 0.08912682 0.09204699 0.07456205 0.09874648 0.09461500 0.05339159 0.06977264 0.06601823 0.05927262 0.07036899 0.08988252 0.05853122 0.09238124 0.07111858 0.05735786 0.12216652 0.11951675 0.07123472 0.07902524 0.05984551 0.09162948 0.06679324 0.12158500 0.07669198 0.04468545 0.10589880 0.00000000 0.08204659 0.07215841 0.05665531 0.09944236 0.11465572 0.10368810 0.11780171 0.05487058 0.08217341 0.06900172 0.11213683 0.09844323 0.07454740 0.06093863 0.07402326 0.07368049 0.10905774 0.07084142 0.06342247 0.06822771 0.07442395 0.03559393 0.09057305 0.10257022 0.05193055 0.05532359 0.06040751 0.08934895 0.09348257 0.07066701 0.09005757 0.09126934 0.06922929 0.07924202 0.07387919 0.04872195 0.09096921 0.05241752 0.11213581 0.08481571 0.07955953 0.07639834 0.07718761 0.13147416 0.05840272 0.07259997 0.03824103 0.07596359 0.07718544 0.06396623 0.10744286 0.10846025 0.11287529 0.09301676 0.09017650 0.06359276 0.07207518 
0.12210182 0.04432074 0.08707950 0.07000023 0.10226655 0.05778106 0.09487845 0.06384737 0.07528615 0.03436764 0.06791462 0.03268480 0.07498559 0.04455918 0.10409161 0.09408984 0.09914268 0.02772860 0.06632256 0.12392648 0.09869181 0.02910927 0.06813797 0.07830305 0.09196213 0.05394931 0.11151602 0.09958078 0.14890115 0.08204659 0.00000000 0.08654806 0.08125013 0.09821303 0.12035988 0.10527526 0.10063225 0.08400078 0.10677405 0.11847908 0.11117387 0.08590040 0.04647954 0.07097288 0.07540218 0.09293648 0.06522684 0.09101635 0.04703614 0.04886895 0.06990723 0.06118755 0.05619273 0.11386868 0.05885098 0.11384231 0.06272429 0.11804408 0.10731743 0.07027297 0.08774044 0.03524411 0.09245546 0.03748135 0.08600250 0.09834708 0.09844630 0.03747233 0.05414994 0.09626747 0.07598454 0.07914477 0.04101739 0.11651838 0.06805828 0.09881473 0.06176396 0.08643920 0.05919606 0.03458936 0.07567202 0.08844249 0.15509758 0.12713885 0.06681519 0.06122316 0.08056498 
0.08487987 0.04349845 0.08909796 0.08859095 0.07932471 0.08641697 0.09481236 0.12581938 0.08150504 0.06698227 0.07419126 0.07439699 0.06847818 0.08943462 0.10170544 0.09094038 0.07239881 0.05599346 0.05232049 0.09921052 0.08029627 0.10025365 0.08699267 0.04153773 0.10484173 0.14452659 0.08788037 0.10870710 0.12020732 0.07215841 0.08654806 0.00000000 0.08799622 0.11917853 0.00617758 0.08367131 0.02840153 0.08753366 0.03897713 0.05313498 0.05591582 0.04550435 0.06826512 0.11666806 0.07820896 0.14146612 0.08122454 0.07368051 0.04683698 0.11835662 0.02142098 0.08820665 0.05056836 0.05530132 0.06960559 0.10755384 0.06445973 0.03010528 0.04748476 0.11589054 0.07085014 0.11458581 0.07451424 0.07643713 0.08630699 0.04747669 0.06694442 0.04572174 0.07816551 0.07989241 0.02932494 0.08024510 0.08409362 0.06862190 0.08551280 0.05074655 0.05662714 0.09409004 0.02531072 0.07220285 0.08413770 0.04234564 0.11010262 0.17579959 0.25141588 0.04651230 0.08539261 
0.10248450 0.04697663 0.05483220 0.04294414 0.16972103 0.06671669 0.03807016 0.08490460 0.08669939 0.06433171 0.04432443 0.06263716 0.06361166 0.09185651 0.03365082 0.07023213 0.05744965 0.06903273 0.15215966 0.10660126 0.06985193 0.04814117 0.09078900 0.08194896 0.07407340 0.09217610 0.07818018 0.11560079 0.09784663 0.05665531 0.08125013 0.08799622 0.00000000 0.08405243 0.03765894 0.08370144 0.06022862 0.04040348 0.07088400 0.06319202 0.05396681 0.07907102 0.06437272 0.05589658 0.05203037 0.09607660 0.02192433 0.09928802 0.09755871 0.14343858 0.05918224 0.07945998 0.07446701 0.10035031 0.14291671 0.06128572 0.10323071 0.07658473 0.04351810 0.11384784 0.15090632 0.10177436 0.02541345 0.07180411 0.04424824 0.06422557 0.07760708 0.12062359 0.12451296 0.08875471 0.06118463 0.09534814 0.11816905 0.06997521 0.07230146 0.13726857 0.10747433 0.08510970 0.04174475 0.04913728 0.10213859 0.06509738 0.03551871 0.08584914 0.06857648 0.13604364 0.05068545 
0.10573722 0.07707855 0.11020263 0.07963235 0.07518850 0.05963773 0.12653898 0.07345264 0.05462114 0.03236982 0.11580828 0.10583335 0.08311283 0.07881986 0.05570278 0.05804700 0.10804208 0.08411302 0.07978605 0.07400370 0.07178943 0.07937973 0.06528986 0.10238748 0.07291229 0.07071350 0.04228884 0.03781778 0.09346194 0.09944236 0.09821303 0.11917853 0.08405243 0.00000000 0.13088649 0.07436768 0.03372615 0.08779291 0.11417896 0.12166662 0.08011687 0.09817013 0.05357555 0.11214052 0.05547600 0.06916645 0.04504084 0.06596395 0.09569239 0.06317917 0.09348849 0.09860474 0.05785658 0.09499168 0.06526123 0.09886622 0.05719896 0.08101438 0.08927747 0.05317045 0.05023241 0.08033818 0.06787735 0.04846307 0.08466226 0.07660919 0.06338373 0.08477953 0.05464326 0.06627697 0.11280501 0.11074327 0.04954782 0.10215688 0.06073133 0.07571406 0.05228551 0.09703763 0.09407040 0.07428173 0.06123081 0.11990862 0.04258662 0.11718942 0.13470709 0.11301079 0.07203855 
0.11312265 0.08437146 0.05016102 0.12374213 0.08515047 0.06486415 0.11085510 0.07633519 0.06493358 0.04417290 0.06554267 0.03964834 0.07675389 0.08736082 0.10512597 0.07320522 0.10847725 0.03993401 0.08002931 0.10351753 0.04721262 0.06107642 0.06191645 0.09595333 0.08439713 0.05929736 0.06514299 0.04892569 0.09159069 0.11465572 0.12035988 0.00617758 0.03765894 0.13088649 0.00000000 0.06060932 0.08376365 0.05977354 0.09948630 0.08068197 0.09262648 0.08995770 0.04672276 0.08124442 0.06004842 0.07773621 0.09974570 0.04512958 0.09033958 0.08250337 0.06387040 0.09042224 0.11256787 0.06861136 0.09120888 0.06437634 0.04543186 0.11438983 0.10327263 0.04978299 0.08188757 0.05415818 0.08159793 0.04993400 0.09267001 0.06163115 0.11648410 0.08171833 0.05393963 0.10714219 0.11367997 0.06055007 0.09557580 0.09581983 0.08098292 0.10474813 0.05621962 0.06235706 0.12083158 0.09392787 0.08740266 0.15345101 0.06802425 0.09447672 0.08021686 0.11244943 0.07471177 
0.04586913 0.05098953 0.06662760 0.06033702 0.06107047 0.08909625 0.05487573 0.13528958 0.07822761 0.06829561 0.05445394 0.09426446 0.06253962 0.04660204 0.09447588 0.06220245 0.06496190 0.07674013 0.09506176 0.05830514 0.19151557 0.07496939 0.11230453 0.08308523 0.07073710 0.15056082 0.09411696 0.13976969 0.05467648 0.10368810 0.10527526 0.08367131 0.08370144 0.07436768 0.06060932 0.00000000 0.11306974 0.07442442 0.05681436 0.03704945 0.04603475 0.12689288 0.10263789 0.12683992 0.07885706 0.09887479 0.08660418 0.07336921 0.05970743 0.08786084 0.09970546 0.02132715 0.08226417 0.08183126 0.07479256 0.06281642 0.09792923 0.08003669 0.07157570 0.11165266 0.11991394 0.09857109 0.05545422 0.06638926 0.08221122 0.06258008 0.06061282 0.09575063 0.04186037 0.06542891 0.09024825 0.10929012 0.04248559 0.07718122 0.06652005 0.04535248 0.07403508 0.04084549 0.11001301 0.05833776 0.04559812 0.09983603 0.11343716 0.10134297 0.04414246 0.02881119 0.06068186 
0.08500980 0.08144536 0.09105396 0.06319623 0.05578649 0.08016461 0.02862798 0.04566636 0.07063045 0.05043168 0.10812890 0.08010692 0.05111675 0.09831167 0.09289641 0.03107512 0.08904605 0.05444885 0.06002321 0.08173584 0.10780601 0.05579543 0.09177100 0.13839100 0.07331522 0.07484800 0.10778540 0.11597391 0.08189613 0.11780171 0.10063225 0.02840153 0.06022862 0.03372615 0.08376365 0.11306974 0.00000000 0.08283473 0.05949869 0.18119001 0.05622527 0.14043484 0.11508818 0.14298626 0.08943761 0.10172702 0.05193060 0.06970072 0.12400424 0.05883807 0.09425679 0.04945859 0.07576936 0.05030022 0.10885418 0.12853712 0.09127673 0.06982979 0.11460953 0.06650284 0.04372970 0.05994327 0.06963478 0.10414125 0.07755962 0.14711455 0.04905712 0.07725199 0.06655693 0.10161290 0.10268155 0.07302953 0.06669472 0.05160740 0.06445292 0.05885796 0.05024284 0.08508375 0.12027951 0.04698139 0.08616674 0.07796771 0.04833092 0.07483971 0.01544318 0.03272897 0.04218957 
0.04132070 0.15048170 0.10867950 0.06349226 0.09189874 0.08296632 0.04133182 0.09666028 0.07306236 0.11614382 0.09226365 0.09242998 0.13873921 0.08827308 0.07512903 0.08821913 0.03403679 0.05574909 0.05945452 0.10568296 0.06795252 0.08098162 0.09063697 0.06129875 0.11958547 0.04536141 0.09944132 0.08820329 0.08924360 0.05487058 0.08400078 0.08753366 0.04040348 0.08779291 0.05977354 0.07442442 0.08283473 0.00000000 0.07738959 0.18139167 0.18193984 0.08029654 0.14268299 0.10131817 0.07688816 0.07813378 0.09831684 0.07304221 0.08317644 0.05986131 0.06770595 0.08114973 0.06390296 0.05255212 0.06074697 0.10471452 0.04967964 0.05191427 0.07126626 0.09532873 0.03304991 0.04960894 0.11126120 0.08584695 0.07156417 0.11922790 0.02991073 0.06496183 0.05737438 0.05955285 0.05858905 0.04375993 0.05559915 0.04609704 0.06202745 0.05970910 0.05347627 0.07684664 0.13146543 0.06128493 0.06076049 0.07124888 0.06149762 0.05984344 0.03990178 0.12997870 0.08339589 
0.14232234 0.07854503 0.10290215 0.05615110 0.07360231 0.06545276 0.04983205 0.03603724 0.05835604 0.08718496 0.14678320 0.07995700 0.07309334 0.06038391 0.08934335 0.08934584 0.23759411 0.08550971 0.06046389 0.08983298 0.08478018 0.05897574 0.04731512 0.07573484 0.06981372 0.07544020 0.05783004 0.05010815 0.05905625 0.08217341 0.10677405 0.03897713 0.07088400 0.11417896 0.09948630 0.05681436 0.05949869 0.07738959 0.00000000 0.13047161 0.11617917 0.11139471 0.08667647 0.03846741 0.08690329 0.06682427 0.13047535 0.07456803 0.09439530 0.06093221 0.10637713 0.06092455 0.07438946 0.02018255 0.05020962 0.15046183 0.09076887 0.05216765 0.11354465 0.07018969 0.06778389 0.12427488 0.06772958 0.05543701 0.16341182 0.03931277 0.07613875 0.03956258 0.07480770 0.08181700 0.15790517 0.12221964 0.03542350 0.06971751 0.05505423 0.08862635 0.05609845 0.05901673 0.10132993 0.10401429 0.02390382 0.10934207 0.04473899 0.00000000 0.03839779 0.09557612 0.09036334 
0.08578107 0.11749744 0.08504418 0.07212644 0.09437790 0.06926737 0.10357284 0.06844297 0.06252206 0.11345185 0.12616543 0.08345904 0.04257517 0.11257552 0.10813194 0.08173114 0.06708304 0.09362480 0.09058283 0.11887507 0.13321665 0.07711929 0.04742099 0.12763452 0.06393449 0.02748612 0.04120282 0.03966945 0.09375925 0.06900172 0.11847908 0.05313498 0.06319202 0.12166662 0.08068197 0.03704945 0.18119001 0.18139167 0.13047161 0.00000000 0.11728733 0.08843362 0.07195872 0.08202749 0.05413008 0.05946699 0.05290920 0.07691603 0.05534267 0.03494205 0.05907211 0.06036489 0.09023618 0.09082503 0.04862885 0.05560267 0.05975893 0.09745817 0.05498126 0.04119469 0.05604177 0.05620352 0.10308222 0.07801725 0.11384918 0.04615712 0.08033047 0.05050083 0.07879309 0.07420039 0.12300801 0.05854029 0.03067494 0.04477446 0.07637183 0.08099746 0.03724939 0.10841718 0.12900711 0.07764808 0.09127641 0.10232426 0.06875101 0.16058942 0.07071156 0.03731163 0.06150941 
0.10332855 0.09917669 0.11809745 0.07462905 0.09530612 0.07811145 0.07020392 0.06367407 0.08332559 0.10757634 0.04417366 0.06141979 0.08889264 0.09631549 0.07984231 0.07279604 0.08048359 0.05191526 0.06459058 0.04422825 0.04449732 0.07740211 0.07743434 0.08735771 0.09685130 0.03234031 0.05500576 0.04419061 0.04190010 0.11213683 0.11117387 0.05591582 0.05396681 0.08011687 0.09262648 0.04603475 0.05622527 0.18193984 0.11617917 0.11728733 0.00000000 0.09826623 0.06253283 0.06411570 0.07120298 0.05797335 0.10055021 0.07630316 0.06395479 0.07708281 0.10445634 0.07570781 0.10215817 0.05036246 0.07554366 0.10746702 0.04361444 0.06919818 0.07283293 0.05166816 0.06291733 0.08564700 0.14612639 0.07044242 0.04229883 0.13969907 0.07616265 0.05862338 0.09146819 0.14451048 0.13209449 0.05101731 0.02513216 0.05591730 0.12805088 0.07470241 0.04131980 0.05408586 0.12858408 0.05681032 0.04433518 0.12960095 0.12747806 0.04392056 0.06304235 0.05488957 0.17462167 
