0.00000000 0.16251432 0.17277083 0.16796389 0.07206682 0.18054294 0.10652788 0.14581630 0.12822856 0.11970461 0.19261361 0.09195066 0.18943746 0.07389913 0.17449318 0.26209787 0.13914100 0.16179514 0.13377438 0.22639340 0.16222004 0.06667138 0.08579961 0.15681769 0.10571412 0.12823438 0.12204069 0.12745588 0.10256866 0.19890657 0.19910169 0.12515275 0.13912118 0.16584466 0.22508487 0.07504848 0.17075345 0.16622671 0.24582478 0.12483504 0.17633801 0.32114690 0.11824880 0.20770353 0.14059410 0.15915084 0.15030148 0.12336458 0.08031216 0.06145990 0.14066792 0.09657712 0.14515812 0.15629589 0.10354334 0.20435038 0.13286680 0.12895535 0.15080982 0.04226105 0.13553691 0.11463260 0.17201270 0.20874674 0.21881258 0.08960291 0.13929005 0.11112994 0.17780474 0.14065688 0.25352438 0.12964963 0.19715009 0.16093684 0.10640080 0.12632106 0.09689815 0.09521799 0.11881495 0.11630004 0.15183863 0.18273976 0.07165924 0.19545848 0.19134677 0.19941098 0.15442640 
0.16251432 0.00000000 0.13142926 0.34676262 0.16491498 0.12735177 0.17937597 0.08624807 0.11801920 0.12215603 0.13018138 0.20242391 0.56296684 0.21416208 0.20971582 0.25251159 0.17233544 0.08535674 0.11193382 0.23964662 0.12645354 0.11498716 0.14065153 0.19075037 0.12568411 0.08010705 0.13034352 0.16632349 0.19945553 0.04955784 0.10196725 0.05075899 0.14121175 0.14564796 0.19541542 0.12614217 0.21281897 0.21157616 0.20409352 0.19521801 0.15111466 0.08648833 0.23990829 0.10309732 0.43182377 0.07593897 0.11076124 0.16966341 0.17055575 0.10861653 0.12820047 0.08537151 0.08335334 0.07501249 0.09812622 0.17728423 0.14090272 0.18606324 0.17915965 0.10565260 0.16829533 0.18907211 0.15940593 0.12380085 0.10738135 0.12480260 0.15309582 0.15041987 0.15442646 0.12815012 0.06538596 0.10713695 0.10052466 0.11301357 0.10220084 0.17743368 0.14219174 0.13536366 0.16743464 0.15792437 0.12111833 0.17088003 0.19620342 0.02876252 0.14363616 0.15251518 0.06855513 
0.17277083 0.13142926 0.00000000 0.23606520 0.14538331 0.19344069 0.22791120 0.21521066 0.19573405 0.13347409 0.18526804 0.17561674 0.03743087 0.24250956 0.15757743 0.21302169 0.11982393 0.19748101 0.32356264 0.17122798 0.18863305 0.13105968 0.14603059 0.14283723 0.16383000 0.04510222 0.17724172 0.11056908 0.13183829 0.10122920 0.10887876 0.10658822 0.14793414 0.23464528 0.22542656 0.11551081 0.07551081 0.22585636 0.07747631 0.13411672 0.21745969 0.11396173 0.09572770 0.19735475 0.08791456 0.07782527 0.13440118 0.17613826 0.13226303 0.12466634 0.13330401 0.00847382 0.19367299 0.15046759 0.18811803 0.07141951 0.19960306 0.06921719 0.07077176 0.25243333 0.13524457 0.15510806 0.11875669 0.13143494 0.15112264 0.13353539 0.16377763 0.13800209 0.07548642 0.13000122 0.15139092 0.12735906 0.06870561 0.19003903 0.18534684 0.12143530 0.13778261 0.16746946 0.23721476 0.10630860 0.07159251 0.22635054 0.20510086 0.07187358 0.14568914 0.03101196 0.18648130 
0.16796389 0.34676262 0.23606520 0.00000000 0.12297207 0.16222316 0.01437323 0.11196240 0.12177187 0.16524828 0.43022873 0.11766080 0.39504583 0.16370296 0.16748867 0.19061963 0.21086864 0.07098472 0.10568795 0.16422669 0.16318025 0.05936069 0.28555472 0.16035166 0.17005657 0.12254459 0.13083041 0.11442768 0.09449273 0.11199757 0.16074908 0.11083781 0.17047103 0.17341108 0.16269654 0.11185022 0.11735085 0.11075800 0.19124878 0.28735051 0.21446167 0.23017253 0.34388941 0.15558483 0.12593643 0.16500329 0.13390361 0.14925771 0.00893145 0.09248813 0.17960425 0.17072735 0.10739455 0.08657159 0.21511759 0.00362406 0.10585179 0.20857709 0.07889191 0.19032373 0.09914970 0.19306660 0.15729620 0.14813945 0.15108353 0.09571492 0.13258989 0.09281250 0.12983268 0.16364634 0.11574817 0.14541132 0.11802195 0.17039536 0.14475226 0.20554757 0.16623066 0.13708531 0.22513932 0.12233029 0.13241059 0.12128977 0.12096660 0.06146651 0.08000391 0.11964854 0.13141795 
0.07206682 0.16491498 0.14538331 0.12297207 0.00000000 0.28156685 0.33975164 0.37198455 0.16002537 0.21091043 0.16242711 0.20490430 0.05516540 0.26402988 0.20563985 0.17277715 0.13106720 0.27779768 0.15190021 0.30564479 0.17205193 0.09524893 0.13625214 0.13632494 0.05544972 0.22609131 0.16250257 0.12057284 0.23487240 0.16431355 0.08847315 0.11266108 0.13870585 0.11288544 0.10614661 0.04124724 0.08547060 0.26150735 0.15386008 0.30052795 0.10409362 0.25787784 0.10181533 0.10971047 0.10922263 0.18582750 0.16828257 0.08995869 0.05598728 0.16560936 0.14320614 0.19313877 0.10760608 0.08344071 0.14645212 0.10795239 0.13534442 0.24225703 0.08266285 0.12342273 0.23657496 0.10082063 0.13342362 0.06427386 0.17168921 0.13171051 0.05571856 0.21922865 0.12622995 0.25702778 0.14033438 0.07559026 0.13364958 0.13750545 0.09940142 0.20758957 0.08757635 0.07069586 0.09474790 0.10719677 0.01880841 0.19861435 0.06443706 0.06493909 0.04057083 0.21042003 0.01387258 
0.18054294 0.12735177 0.19344069 0.16222316 0.28156685 0.00000000 0.27784399 0.28817183 0.31622790 0.20831540 0.17437010 0.16627891 0.41723182 0.20471460 0.11366095 0.08494288 0.14175857 0.13326482 0.12559171 0.10716856 0.15011889 0.10910083 0.21291181 0.14690030 0.12613224 0.19481501 0.08334009 0.09736865 0.11869567 0.10298068 0.12724269 0.11352155 0.09726071 0.10608344 0.15211309 0.14204062 0.21231311 0.19378247 0.13275857 0.15324901 0.16514180 0.18879565 0.29667227 0.17245382 0.29041563 0.11465252 0.16401157 0.16451112 0.09262629 0.13579673 0.08546142 0.12819332 0.12389398 0.04438057 0.15155858 0.11046579 0.08701639 0.14586623 0.11766746 0.09867516 0.09705671 0.14044717 0.08264332 0.09195669 0.16001991 0.10099642 0.12332249 0.09150791 0.11574148 0.11533263 0.09847353 0.11185985 0.12158882 0.11165495 0.15476843 0.09460135 0.11607964 0.09879065 0.16800101 0.16319279 0.11603019 0.10840597 0.16218687 0.08197747 0.13105481 0.19180912 0.08225553 
0.10652788 0.17937597 0.22791120 0.01437323 0.33975164 0.27784399 0.00000000 0.34032963 0.23926458 0.10911741 0.17261065 0.11043350 0.08768871 0.14996394 0.16319532 0.08069788 0.14326505 0.12916263 0.10085084 0.08082285 0.10349350 0.16217809 0.19508198 0.06494826 0.16234579 0.16411089 0.11635377 0.08406298 0.13642021 0.15529304 0.11790390 0.19095804 0.04437742 0.13186839 0.20651635 0.15007927 0.14905172 0.09243532 0.11654603 0.09730342 0.09675970 0.09671141 0.13377056 0.11789557 0.16893217 0.30444589 0.20556983 0.18750819 0.14816041 0.06889126 0.17948709 0.19984706 0.12796985 0.10262302 0.14704790 0.11377569 0.07588238 0.11251672 0.09082213 0.12650351 0.10634170 0.15492330 0.16323375 0.07393677 0.13760786 0.38565623 0.10479605 0.23325174 0.12820885 0.15667409 0.16871518 0.12175902 0.15758350 0.09826790 0.17782538 0.19395846 0.08526200 0.04963339 0.06667733 0.16695398 0.22377211 0.05366449 0.08081356 0.21882972 0.19388182 0.16055493 0.20234910 
0.14581630 0.08624807 0.21521066 0.11196240 0.37198455 0.28817183 0.34032963 0.00000000 0.24123671 0.12253158 0.10886116 0.16416038 0.08894283 0.13572623 0.27478072 0.13715264 0.06923065 0.17239516 0.14365484 0.11852995 0.10931965 0.09323675 0.09607294 0.14095784 0.13361465 0.13397270 0.12734954 0.17768603 0.19248762 0.20654797 0.11224526 0.15297128 0.08698835 0.14854535 0.16976402 0.29592375 0.10135030 0.08459960 0.15123289 0.09928152 0.16256272 0.18374360 0.07393237 0.19909410 0.13063927 0.10786942 0.15712382 0.14430784 0.15014628 0.23735229 0.11866918 0.06406434 0.16891401 0.10636491 0.14222455 0.12487836 0.13353846 0.14261509 0.08377644 0.15495540 0.18546274 0.12521217 0.20079178 0.08953727 0.10728121 0.05749169 0.10511520 0.16929671 0.11266806 0.09767344 0.11151910 0.07154612 0.06148767 0.12759930 0.12644538 0.16001670 0.11775088 0.10982931 0.06567244 0.14726633 0.19753550 0.08547775 0.28465725 0.19704346 0.09353787 0.16709663 0.23764765 
0.12822856 0.11801920 0.19573405 0.12177187 0.16002537 0.31622790 0.23926458 0.24123671 0.00000000 0.13244127 0.12665472 0.20646370 0.16290671 0.12039467 0.15072134 0.10089772 0.09870477 0.14076749 0.23108044 0.09528339 0.21675681 0.13227698 0.14154021 0.13303050 0.12747004 0.16496264 0.18156917 0.13283731 0.11085088 0.10988141 0.12310842 0.10260448 0.13188664 0.13191393 0.11215804 0.13103809 0.11588031 0.09849988 0.10425713 0.12102976 0.11292958 0.14604655 0.12555079 0.14984820 0.13038660 0.17661702 0.15178617 0.32005722 0.12182939 0.13712700 0.16082998 0.12063759 0.19852765 0.10190478 0.14464961 0.15986153 0.12941532 0.11860340 0.14706056 0.14108315 0.13445361 0.13957785 0.16140848 0.15867191 0.13132114 0.13329211 0.13399846 0.13921333 0.14025920 0.09384711 0.15138199 0.12303982 0.16348413 0.09556363 0.10263993 0.10917822 0.13153015 0.09619720 0.08969216 0.29763649 0.16261759 0.15732757 0.15962417 0.13646900 0.14323354 0.12541838 0.12656417 
0.11970461 0.12215603 0.13347409 0.16524828 0.21091043 0.20831540 0.10911741 0.12253158 0.13244127 0.00000000 0.26513155 0.36408325 0.17707021 0.14875519 0.17560959 0.12490523 0.13962462 0.14497080 0.18085183 0.15770859 0.18581022 0.09198808 0.13625113 0.23240352 0.14108792 0.05855716 0.13172970 0.09900169 0.09235838 0.13956405 0.07674182 0.03960511 0.17610090 0.14959014 0.28673498 0.24597694 0.19169274 0.26476547 0.05600567 0.21053339 0.13264274 0.13291467 0.10024620 0.22514278 0.13115956 0.05277327 0.13246631 0.09818772 0.14491365 0.29476389 0.40740634 0.11146537 0.10369324 0.15549263 0.12043447 0.14331833 0.11046768 0.11444717 0.14876436 0.05495905 0.14243747 0.10007587 0.13903079 0.12648838 0.10580380 0.03600672 0.20561397 0.07513893 0.11258929 0.17870925 0.22948680 0.24322462 0.21172979 0.10050583 0.22112443 0.17191427 0.12474020 0.19642034 0.18978095 0.12930248 0.09410966 0.24641228 0.11504409 0.16225296 0.16031606 0.10843263 0.09808938 
0.19261361 0.13018138 0.18526804 0.43022873 0.16242711 0.17437010 0.17261065 0.10886116 0.12665472 0.26513155 0.00000000 0.21860545 0.25536278 0.16678346 0.14806993 0.12084517 0.25400504 0.16412537 0.09118815 0.09533945 0.12935992 0.14405459 0.24069572 0.23646388 0.13412742 0.11849514 0.09511602 0.17410408 0.24098467 0.12209880 0.12789642 0.15074826 0.12082358 0.22213733 0.16849114 0.15731611 0.21159349 0.13068254 0.16367935 0.24783071 0.13836248 0.20271095 0.35901393 0.22938321 0.17758537 0.07359982 0.13351020 0.12152027 0.08848898 0.09595521 0.17686257 0.08772659 0.11049657 0.01916043 0.01192468 0.13342149 0.20984007 0.10380413 0.14721844 0.06338251 0.11782157 0.10143479 0.14512189 0.17715563 0.18303313 0.16275320 0.16604059 0.04413783 0.10322347 0.11354991 0.16993170 0.15427458 0.17075614 0.21304044 0.14424182 0.15350074 0.07829567 0.15171097 0.15091243 0.10599435 0.06676672 0.16589038 0.10354749 0.10927084 0.12081176 0.09541448 0.13450781 
0.09195066 0.20242391 0.17561674 0.11766080 0.20490430 0.16627891 0.11043350 0.16416038 0.20646370 0.36408325 0.21860545 0.00000000 0.21321127 0.25318265 0.20220147 0.16949306 0.16255104 0.12415340 0.17034989 0.09942671 0.14684165 0.13322093 0.04900943 0.05387114 0.15254643 0.17939015 0.09709551 0.07788616 0.18649699 0.16647352 0.13678212 0.14476567 0.12139456 0.11381343 0.13183800 0.04319268 0.09207879 0.12479088 0.14499642 0.10424989 0.18981321 0.07738136 0.09235584 0.08381657 0.21202183 0.06464004 0.10914468 0.12024219 0.25174689 0.48270459 0.17490800 0.19961585 0.16041923 0.25781221 0.11790647 0.15595423 0.18123891 0.11199089 0.15745820 0.08969146 0.24616733 0.05180102 0.21251045 0.07061086 0.09808619 0.10698130 0.17224698 0.12183535 0.17319188 0.12809231 0.05234695 0.17158585 0.02298097 0.14860788 0.15659308 0.15054478 0.08072453 0.20320161 0.08859263 0.19399882 0.14156532 0.17180701 0.12964006 0.18360478 0.06598838 0.10650580 0.18018524 
0.18943746 0.56296684 0.03743087 0.39504583 0.05516540 0.41723182 0.08768871 0.08894283 0.16290671 0.17707021 0.25536278 0.21321127 0.00000000 0.13245317 0.17630158 0.11967649 0.17709633 0.14275263 0.20200269 0.09960914 0.21412419 0.16861556 0.10215865 0.17871755 0.24508820 0.10751821 0.17757540 0.12613179 0.07661927 0.08106602 0.12514087 0.13246903 0.09650115 0.16839505 0.12519670 0.15259194 0.13880904 0.17278372 0.15177824 0.11635731 0.22478702 0.09370619 0.20095396 0.21231370 0.15131105 0.16984860 0.12386039 0.13177263 0.11136773 0.17388974 0.15106016 0.10052326 0.10186665 0.18087657 0.17598658 0.02980272 0.17599133 0.12357401 0.11104962 0.17518836 0.15170896 0.11973096 0.12384683 0.11734524 0.15468319 0.17657814 0.15271032 0.06117997 0.15401734 0.13053005 0.19226857 0.02170074 0.08057768 0.13085487 0.15002487 0.09604670 0.18730195 0.19523800 0.13145904 0.13435690 0.18026582 0.21651859 0.13348116 0.08445005 0.09296499 0.09151930 0.15611577 
0.07389913 0.21416208 0.24250956 0.16370296 0.26402988 0.20471460 0.14996394 0.13572623 0.12039467 0.14875519 0.16678346 0.25318265 0.13245317 0.00000000 0.28727910 0.16355270 0.19238641 0.60025371 0.29106354 0.17932523 0.11048393 0.10147863 0.09424903 0.23713002 0.10785441 0.09253171 0.09644810 0.09436649 0.11890655 0.17726159 0.04673787 0.06146212 0.16276165 0.12932956 0.15750932 0.13998938 0.13437225 0.12936038 0.14708871 0.20105932 0.11323663 0.17759734 0.07299543 0.13655812 0.08891571 0.14161002 0.15668925 0.13119687 0.11464264 0.09124840 0.11943585 0.07466700 0.13766248 0.11060145 0.05075147 0.11280262 0.40164371 0.16627265 0.07101164 0.14536813 0.25590467 0.11507493 0.20063560 0.06301545 0.05495800 0.10224710 0.11458767 0.10113260 0.12913981 0.17439667 0.19794041 0.08489737 0.11455312 0.11292362 0.08905145 0.08955776 0.15321615 0.10061355 0.08384652 0.14850849 0.20209504 0.08401040 0.17112630 0.20340166 0.14603194 0.17116270 0.13307917 
0.17449318 0.20971582 0.15757743 0.16748867 0.20563985 0.11366095 0.16319532 0.27478072 0.15072134 0.17560959 0.14806993 0.20220147 0.17630158 0.28727910 0.00000000 0.22558392 0.22391375 0.27723676 0.10672958 0.15767233 0.15702527 0.14232023 0.10132257 0.08831800 0.08592163 0.09206214 0.09987878 0.12665940 0.13464206 0.17389443 0.17090744 0.19245273 0.13809175 0.21964860 0.12512376 0.18081816 0.23013473 0.07302508 0.21359976 0.11974588 0.17091621 0.18826255 0.10434025 0.19623582 0.15059688 0.12872174 0.17622395 0.11044494 0.02728650 0.05929101 0.09955428 0.14519304 0.12997469 0.15938869 0.13773095 0.12781267 0.14863077 0.09972330 0.18725662 0.20214511 0.25314012 0.12655304 0.14132330 0.13494812 0.18433869 0.08532628 0.10824712 0.10308533 0.19961414 0.11844657 0.18551285 0.14031515 0.14030690 0.14377322 0.19260905 0.09395940 0.08315421 0.19302053 0.08133730 0.09855419 0.18330239 0.16175099 0.17988614 0.20502015 0.09679280 0.06181851 0.14350135 
0.26209787 0.25251159 0.21302169 0.19061963 0.17277715 0.08494288 0.08069788 0.13715264 0.10089772 0.12490523 0.12084517 0.16949306 0.11967649 0.16355270 0.22558392 0.00000000 0.17118815 0.11504695 0.11983462 0.21696823 0.16572682 0.11683033 0.12495252 0.15652111 0.11710603 0.09660665 0.11622167 0.14893550 0.19792704 0.19182670 0.25776571 0.14852536 0.26298034 0.12973088 0.12269220 0.17325223 0.09822103 0.08420625 0.10271335 0.22178490 0.15827979 0.22972241 0.19167542 0.12078888 0.15828898 0.07707037 0.12400135 0.10786118 0.13782658 0.14838528 0.16050382 0.10682533 0.14989934 0.15741520 0.08040891 0.16079375 0.16128126 0.13637129 0.10456646 0.20095789 0.19106249 0.19988957 0.13475111 0.21082342 0.21164170 0.17283008 0.12235220 0.23316423 0.15702883 0.20822463 0.13312010 0.09025772 0.09664546 0.14821624 0.13114065 0.16485259 0.16662186 0.17325695 0.14692643 0.06529083 0.19783611 0.09339423 0.15698274 0.15843864 0.12663701 0.14343602 0.14248486 
0.13914100 0.17233544 0.11982393 0.21086864 0.13106720 0.14175857 0.14326505 0.06923065 0.09870477 0.13962462 0.25400504 0.16255104 0.17709633 0.19238641 0.22391375 0.17118815 0.00000000 0.22801803 0.14525765 0.13705311 0.22630198 0.23434636 0.09451846 0.16899007 0.22517417 0.11842557 0.17337176 0.21772627 0.19109698 0.17505834 0.15893041 0.13749484 0.13429815 0.13689199 0.20285354 0.19846538 0.19145778 0.12521529 0.20940740 0.10234133 0.15901023 0.09879740 0.12090596 0.11798696 0.09690116 0.10059952 0.08025121 0.13159671 0.11677015 0.09740624 0.15748589 0.07736170 0.16486985 0.13497613 0.16229872 0.15497856 0.12969619 0.11049420 0.10406086 0.09398940 0.12009559 0.12539778 0.16219236 0.23347014 0.14902936 0.13109090 0.08309906 0.12057160 0.16287728 0.20900775 0.22947224 0.12054936 0.15047524 0.17912597 0.20314798 0.14372996 0.19435053 0.18164693 0.19802575 0.15489620 0.11029276 0.18127728 0.06671164 0.08456873 0.12444658 0.17708744 0.22423235 
0.16179514 0.08535674 0.19748101 0.07098472 0.27779768 0.13326482 0.12916263 0.17239516 0.14076749 0.14497080 0.16412537 0.12415340 0.14275263 0.60025371 0.27723676 0.11504695 0.22801803 0.00000000 0.39862455 0.17159852 0.14702651 0.18959185 0.03310831 0.13898169 0.13617673 0.05367569 0.13686289 0.10509962 0.03370822 0.13182043 0.12793643 0.15979956 0.18692487 0.22388443 0.07924553 0.10820776 0.10435012 0.14385931 0.11811206 0.18014717 0.15223932 0.15854541 0.02529439 0.12441157 0.14490837 0.05498279 0.14953044 0.11949899 0.14966888 0.11824195 0.14197415 0.22702725 0.11485359 0.13732478 0.15103772 0.20070587 0.41551508 0.25416429 0.10341324 0.12511120 0.34153561 0.13166966 0.17679387 0.10403615 0.07962063 0.07692454 0.03162020 0.09747639 0.11821387 0.18314454 0.13479931 0.08955076 0.08806379 0.09750061 0.12604218 0.15388462 0.17183206 0.12618855 0.11316605 0.17843072 0.11272027 0.10008319 0.12155697 0.09647363 0.06539030 0.11704216 0.12577100 
0.13377438 0.11193382 0.32356264 0.10568795 0.15190021 0.12559171 0.10085084 0.14365484 0.23108044 0.18085183 0.09118815 0.17034989 0.20200269 0.29106354 0.10672958 0.11983462 0.14525765 0.39862455 0.00000000 0.20562514 0.11432715 0.15248185 0.11845776 0.17000178 0.15355887 0.19730480 0.23278062 0.15904695 0.14263087 0.16878162 0.10991582 0.14141411 0.26969349 0.11393461 0.17418609 0.06004427 0.12662043 0.11989631 0.14072305 0.24470005 0.14044791 0.11949849 0.15087913 0.19009867 0.13095113 0.06175021 0.17654880 0.14358648 0.08529788 0.07555687 0.14214862 0.21340041 0.13506885 0.11375669 0.10118263 0.09056736 0.21621251 0.17406163 0.09256345 0.16428836 0.16387545 0.12110310 0.10625642 0.07823532 0.10875686 0.07394880 0.10071840 0.17125982 0.17236297 0.08091776 0.11621751 0.15631155 0.13072185 0.10253622 0.13891258 0.10975619 0.10885602 0.10502271 0.11085815 0.15830800 0.09065911 0.11267518 0.11684564 0.21032103 0.10130532 0.11912149 0.28206952 
0.22639340 0.23964662 0.17122798 0.16422669 0.30564479 0.10716856 0.08082285 0.11852995 0.09528339 0.15770859 0.09533945 0.09942671 0.09960914 0.17932523 0.15767233 0.21696823 0.13705311 0.17159852 0.20562514 0.00000000 0.20413493 0.17375176 0.22096470 0.24506832 0.09774433 0.03212488 0.16623427 0.12710651 0.07599775 0.19060541 0.21197937 0.18590415 0.20574522 0.24684031 0.15429273 0.18634393 0.22784531 0.14682644 0.14907346 0.24061751 0.14581462 0.13206496 0.11942001 0.09761933 0.12306302 0.08053599 0.10402821 0.11640405 0.09792005 0.02287333 0.12697085 0.21436002 0.14514225 0.18186055 0.15205095 0.15604844 0.15289134 0.14560413 0.20392054 0.15928271 0.16704861 0.08061617 0.14186963 0.14596586 0.17871273 0.18242157 0.06381732 0.14985958 0.10759788 0.12384940 0.21693694 0.13334973 0.13528457 0.24341706 0.15296291 0.13079248 0.19757277 0.16703583 0.18271727 0.19521810 0.14004715 0.16379141 0.06966935 0.10424616 0.06729755 0.18000816 0.12714176 
0.16222004 0.12645354 0.18863305 0.16318025 0.17205193 0.15011889 0.10349350 0.10931965 0.21675681 0.18581022 0.12935992 0.14684165 0.21412419 0.11048393 0.15702527 0.16572682 0.22630198 0.14702651 0.11432715 0.20413493 0.00000000 0.35393540 0.15953870 0.15792210 0.08598783 0.12193676 0.27467729 0.19502659 0.19373523 0.17129714 0.12977575 0.16756415 0.08673067 0.14500302 0.10997908 0.11351788 0.11281970 0.08764147 0.16035700 0.14040140 0.15186615 0.12190940 0.10796436 0.16024584 0.09846117 0.00327599 0.13451078 0.17212470 0.16620921 0.18233856 0.07712627 0.18980786 0.10047139 0.12780255 0.17965535 0.14986343 0.10566436 0.15651991 0.16611707 0.13794109 0.13260335 0.09300191 0.13023562 0.26571938 0.23098988 0.13932366 0.15442122 0.09915216 0.10937327 0.18367018 0.14384675 0.08068990 0.18225028 0.21682456 0.10194476 0.10460378 0.15027382 0.13885550 0.15865660 0.17526083 0.09731077 0.18810525 0.18519265 0.15003515 0.25106022 0.04588854 0.23913291 
0.06667138 0.11498716 0.13105968 0.05936069 0.09524893 0.10910083 0.16217809 0.09323675 0.13227698 0.09198808 0.14405459 0.13322093 0.16861556 0.10147863 0.14232023 0.11683033 0.23434636 0.18959185 0.15248185 0.17375176 0.35393540 0.00000000 0.35320369 0.21121465 0.28848946 0.15945393 0.09750106 0.30476914 0.18887877 0.08881036 0.16139757 0.18364632 0.16924692 0.13213753 0.13009549 0.14853291 0.13995927 0.14467889 0.09719749 0.13352499 0.07193147 0.08400605 0.16577344 0.07026270 0.14947410 0.14807069 0.14523093 0.09389342 0.17589113 0.08897390 0.05881051 0.17586866 0.10903195 0.12273013 0.19167223 0.15845548 0.16026369 0.15013628 0.31966080 0.25702258 0.06979343 0.17828833 0.17512744 0.21572791 0.20733242 0.21864478 0.18282770 0.11069431 0.13196218 0.07867977 0.10843700 0.09259807 0.12151815 0.10017431 0.17992366 0.15738875 0.09761719 0.22071568 0.12061184 0.14010765 0.16762358 0.12786020 0.10923783 0.17471726 0.24862910 0.18543777 0.23271794 
0.08579961 0.14065153 0.14603059 0.28555472 0.13625214 0.21291181 0.19508198 0.09607294 0.14154021 0.13625113 0.24069572 0.04900943 0.10215865 0.09424903 0.10132257 0.12495252 0.09451846 0.03310831 0.11845776 0.22096470 0.15953870 0.35320369 0.00000000 0.18047485 0.28317042 0.25268334 0.14707228 0.35206749 0.18097950 0.09463536 0.18743121 0.18226528 0.15314631 0.16327937 0.16409519 0.19247256 0.18891139 0.13951717 0.17747213 0.07782190 0.18420373 0.06768051 0.22200974 0.21053435 0.11044038 0.20848557 0.15901298 0.10979655 0.09688002 0.05927019 0.05986450 0.08574549 0.11555867 0.15385762 0.11659329 0.23638949 0.08419059 0.06802163 0.12156450 0.25337908 0.04718801 0.15249320 0.06923218 0.17112440 0.15391645 0.19219929 0.09552030 0.14780450 0.17668266 0.14964946 0.08644144 0.11516733 0.13650173 0.16471427 0.16161464 0.10831664 0.19666806 0.08914057 0.17543197 0.21075745 0.11153910 0.10062369 0.14470192 0.11886991 0.19677787 0.15283116 0.09817616 
0.15681769 0.19075037 0.14283723 0.16035166 0.13632494 0.14690030 0.06494826 0.14095784 0.13303050 0.23240352 0.23646388 0.05387114 0.17871755 0.23713002 0.08831800 0.15652111 0.16899007 0.13898169 0.17000178 0.24506832 0.15792210 0.21121465 0.18047485 0.00000000 0.24100553 0.18325533 0.12069181 0.24636026 0.21216551 0.20881522 0.22131139 0.10295090 0.20102576 0.15837186 0.11406181 0.20489267 0.18033605 0.12386987 0.12564757 0.13538279 0.14496367 0.14417427 0.05329377 0.26470353 0.00000000 0.13818723 0.16319294 0.13053762 0.18320002 0.08600598 0.14030920 0.07366565 0.10888684 0.11452325 0.10411198 0.15025139 0.22801982 0.06721999 0.08531072 0.05443091 0.15374800 0.13963963 0.14606773 0.10435008 0.14851854 0.19314804 0.16609350 0.14816227 0.18192794 0.22285725 0.13113554 0.19359161 0.12143971 0.12408779 0.16285328 0.09647109 0.13766808 0.17089380 0.23533057 0.12298155 0.05240191 0.18249805 0.13376991 0.09232520 0.20127792 0.18621695 0.14898320 
0.10571412 0.12568411 0.16383000 0.17005657 0.05544972 0.12613224 0.16234579 0.13361465 0.12747004 0.14108792 0.13412742 0.15254643 0.24508820 0.10785441 0.08592163 0.11710603 0.22517417 0.13617673 0.15355887 0.09774433 0.08598783 0.28848946 0.28317042 0.24100553 0.00000000 0.19548404 0.39295319 0.34983383 0.23176558 0.17953276 0.20495453 0.11479449 0.15067221 0.16889154 0.16532689 0.15228202 0.14690953 0.11232527 0.10510560 0.12744228 0.17918128 0.10731150 0.17731455 0.16937924 0.08679398 0.11894421 0.13674964 0.09735363 0.10567452 0.15958820 0.09801032 0.15979229 0.12338251 0.10082275 0.11971605 0.13120071 0.12336772 0.12950832 0.12643048 0.34434535 0.09891763 0.09103817 0.06919789 0.17372833 0.09609220 0.17286547 0.15310830 0.13232951 0.09455000 0.12452481 0.17247699 0.18417835 0.17366103 0.08045118 0.17405493 0.15014794 0.23047903 0.11692009 0.11121981 0.19315685 0.11735545 0.06073095 0.16173408 0.10283730 0.11170993 0.05552139 0.10434380 
0.12823438 0.08010705 0.04510222 0.12254459 0.22609131 0.19481501 0.16411089 0.13397270 0.16496264 0.05855716 0.11849514 0.17939015 0.10751821 0.09253171 0.09206214 0.09660665 0.11842557 0.05367569 0.19730480 0.03212488 0.12193676 0.15945393 0.25268334 0.18325533 0.19548404 0.00000000 0.50281252 0.23858180 0.32463923 0.52493374 0.18625649 0.17243163 0.22063369 0.26395543 0.13837691 0.34710101 0.15579966 0.09571779 0.08136265 0.12285259 0.07607476 0.11695726 0.12448270 0.20926589 0.10604685 0.24426003 0.11120362 0.11298859 0.07046791 0.14579718 0.10158890 0.08310473 0.11238265 0.10149859 0.06508101 0.20902461 0.08488732 0.07683822 0.12138594 0.24875955 0.08236079 0.08945898 0.14548565 0.16325774 0.16224153 0.13665876 0.09202385 0.09942266 0.17286493 0.11348250 0.12437219 0.16450687 0.18594321 0.10915959 0.13219343 0.08470049 0.10051129 0.12745409 0.11384488 0.08501630 0.04498591 0.20226534 0.27917404 0.21359260 0.32230963 0.08573092 0.10697568 
0.12204069 0.13034352 0.17724172 0.13083041 0.16250257 0.08334009 0.11635377 0.12734954 0.18156917 0.13172970 0.09511602 0.09709551 0.17757540 0.09644810 0.09987878 0.11622167 0.17337176 0.13686289 0.23278062 0.16623427 0.27467729 0.09750106 0.14707228 0.12069181 0.39295319 0.50281252 0.00000000 0.36035240 0.19791487 0.16997002 0.33501865 0.21815805 0.16155876 0.16680639 0.21162414 0.07542945 0.11686077 0.20971377 0.16256523 0.07443237 0.10245880 0.11679966 0.15628268 0.17077032 0.09530347 0.20358235 0.19098730 0.14487152 0.15946984 0.05933065 0.03941810 0.07812405 0.15020202 0.15869509 0.12387871 0.11169506 0.17006484 0.03226923 0.15161441 0.18297009 0.14487063 0.13858147 0.10324808 0.06412724 0.05224329 0.15916031 0.19541187 0.13786517 0.16062406 0.06481612 0.02549703 0.14403784 0.18778244 0.13343335 0.07214484 0.07040787 0.06642072 0.11755317 0.17158527 0.10365667 0.08593372 0.10137474 0.21774830 0.15245261 0.11915012 0.17869883 0.14147187 
0.12745588 0.16632349 0.11056908 0.11442768 0.12057284 0.09736865 0.08406298 0.17768603 0.13283731 0.09900169 0.17410408 0.07788616 0.12613179 0.09436649 0.12665940 0.14893550 0.21772627 0.10509962 0.15904695 0.12710651 0.19502659 0.30476914 0.35206749 0.24636026 0.34983383 0.23858180 0.36035240 0.00000000 0.20961184 0.27128945 0.16717409 0.32017306 0.11365185 0.18343956 0.10182789 0.14237772 0.14296343 0.16550250 0.06329261 0.14358835 0.10224944 0.02238991 0.18545559 0.18565746 0.07019751 0.10619319 0.10477823 0.10765860 0.04446381 0.10717020 0.16458363 0.13022846 0.13683936 0.22962867 0.24717116 0.11024971 0.10615601 0.04433748 0.10179585 0.09355800 0.07648413 0.22781388 0.08817462 0.18017892 0.15879744 0.27828638 0.20023602 0.16265929 0.10074127 0.19754120 0.11834655 0.08190216 0.15293466 0.11687880 0.16374191 0.18794470 0.17218077 0.11799983 0.09865549 0.09807873 0.18461180 0.10423785 0.07800849 0.08549680 0.27399009 0.03982902 0.19622729 
0.10256866 0.19945553 0.13183829 0.09449273 0.23487240 0.11869567 0.13642021 0.19248762 0.11085088 0.09235838 0.24098467 0.18649699 0.07661927 0.11890655 0.13464206 0.19792704 0.19109698 0.03370822 0.14263087 0.07599775 0.19373523 0.18887877 0.18097950 0.21216551 0.23176558 0.32463923 0.19791487 0.20961184 0.00000000 0.28652864 0.27461872 0.26751440 0.26044121 0.20357258 0.23267361 0.16123953 0.16548216 0.09718736 0.09366147 0.27225451 0.15528057 0.08704249 0.12632663 0.22532901 0.10319026 0.15837831 0.11032851 0.13287699 0.15022993 0.17948482 0.12575364 0.16954465 0.13442617 0.11062106 0.07479008 0.05240891 0.11389443 0.19065927 0.07348912 0.15808070 0.09668057 0.17032302 0.13959730 0.17204899 0.12972535 0.16678303 0.11916831 0.24321024 0.09219794 0.16364494 0.05205934 0.19557114 0.07363399 0.08282676 0.14801127 0.16256171 0.12906343 0.10703612 0.11705001 0.13551861 0.07573244 0.12732267 0.10294270 0.02661791 0.26210290 0.18764575 0.18385493 
0.19890657 0.04955784 0.10122920 0.11199757 0.16431355 0.10298068 0.15529304 0.20654797 0.10988141 0.13956405 0.12209880 0.16647352 0.08106602 0.17726159 0.17389443 0.19182670 0.17505834 0.13182043 0.16878162 0.19060541 0.17129714 0.08881036 0.09463536 0.20881522 0.17953276 0.52493374 0.16997002 0.27128945 0.28652864 0.00000000 0.35573855 0.21049311 0.24267468 0.14595742 0.21111313 0.15140317 0.19897167 0.06167452 0.13881827 0.21015592 0.13803286 0.15004873 0.11139499 0.10251334 0.11890551 0.24249467 0.15210052 0.11627724 0.12873381 0.08598432 0.15461849 0.10634642 0.13777148 0.09926065 0.14628031 0.11068411 0.13179633 0.13284628 0.18715910 0.19138522 0.16120783 0.15547028 0.11397583 0.07984136 0.16058109 0.06699370 0.12670855 0.15840660 0.07414500 0.08429513 0.11644250 0.15761293 0.11771609 0.12383563 0.12069485 0.15836202 0.17495775 0.18974629 0.11615415 0.12637304 0.17778476 0.15318667 0.12840870 0.05849816 0.13356758 0.12613454 0.10038712 
0.19910169 0.10196725 0.10887876 0.16074908 0.08847315 0.12724269 0.11790390 0.11224526 0.12310842 0.07674182 0.12789642 0.13678212 0.12514087 0.04673787 0.17090744 0.25776571 0.15893041 0.12793643 0.10991582 0.21197937 0.12977575 0.16139757 0.18743121 0.22131139 0.20495453 0.18625649 0.33501865 0.16717409 0.27461872 0.35573855 0.00000000 0.28397854 0.21523541 0.10164821 0.15860596 0.21215114 0.18535396 0.20956832 0.17525585 0.24557133 0.24884665 0.15345369 0.17239023 0.16577768 0.12481345 0.18670576 0.19468694 0.09893314 0.16074288 0.11439993 0.16500946 0.08132905 0.12067938 0.14089550 0.10144476 0.14355128 0.18410324 0.15661267 0.10938065 0.08661038 0.16505477 0.12478225 0.12591847 0.11233091 0.16148432 0.14606930 0.19594862 0.14899560 0.11664858 0.05559322 0.11522971 0.12311690 0.08528787 0.13999383 0.14559299 0.08878855 0.13918573 0.11275015 0.07671146 0.16604811 0.18703114 0.20709859 0.08048558 0.15465191 0.09541944 0.11061420 0.11330009 
0.12515275 0.05075899 0.10658822 0.11083781 0.11266108 0.11352155 0.19095804 0.15297128 0.10260448 0.03960511 0.15074826 0.14476567 0.13246903 0.06146212 0.19245273 0.14852536 0.13749484 0.15979956 0.14141411 0.18590415 0.16756415 0.18364632 0.18226528 0.10295090 0.11479449 0.17243163 0.21815805 0.32017306 0.26751440 0.21049311 0.28397854 0.00000000 0.31730758 0.28661891 0.19732467 0.11471001 0.11987628 0.13898927 0.12893956 0.20036642 0.17187722 0.15874584 0.15528418 0.17930104 0.14725214 0.18161117 0.09639219 0.13289262 0.08119788 0.25154786 0.15712354 0.13243156 0.10999218 0.14061618 0.15998758 0.16552026 0.07921999 0.07946915 0.16375568 0.13059425 0.14430613 0.17273423 0.14169461 0.21226474 0.12295939 0.09348004 0.05796345 0.11717614 0.07397843 0.08436486 0.18175070 0.12633398 0.11721080 0.17526878 0.15721573 0.09038281 0.11884595 0.12500078 0.12230832 0.11892067 0.11402118 0.12241903 0.19538552 0.20112158 0.30784683 0.16662950 0.26195696 
0.13912118 0.14121175 0.14793414 0.17047103 0.13870585 0.09726071 0.04437742 0.08698835 0.13188664 0.17610090 0.12082358 0.12139456 0.09650115 0.16276165 0.13809175 0.26298034 0.13429815 0.18692487 0.26969349 0.20574522 0.08673067 0.16924692 0.15314631 0.20102576 0.15067221 0.22063369 0.16155876 0.11365185 0.26044121 0.24267468 0.21523541 0.31730758 0.00000000 0.32204587 0.23482086 0.18161906 0.17152706 0.18044361 0.17584827 0.15671593 0.18226533 0.20470404 0.10411592 0.08971395 0.09330683 0.13182487 0.17217905 0.10324516 0.10570266 0.18145297 0.16298484 0.11164213 0.11751257 0.11040873 0.15742598 0.13677593 0.17030265 0.08741054 0.15487972 0.18172195 0.13920606 0.19986423 0.15902895 0.19316205 0.09365454 0.20502720 0.04638853 0.16605596 0.18094650 0.20239149 0.10660225 0.06661623 0.12501042 0.10387740 0.15420512 0.15429574 0.10898222 0.14542982 0.07655605 0.13396180 0.02613739 0.20132547 0.11967248 0.04617370 0.11553740 0.23382472 0.14093185 
0.16584466 0.14564796 0.23464528 0.17341108 0.11288544 0.10608344 0.13186839 0.14854535 0.13191393 0.14959014 0.22213733 0.11381343 0.16839505 0.12932956 0.21964860 0.12973088 0.13689199 0.22388443 0.11393461 0.24684031 0.14500302 0.13213753 0.16327937 0.15837186 0.16889154 0.26395543 0.16680639 0.18343956 0.20357258 0.14595742 0.10164821 0.28661891 0.32204587 0.00000000 0.23779267 0.20048054 0.17789946 0.18073598 0.17002857 0.27302313 0.19460822 0.17657463 0.12419618 0.26712822 0.16710987 0.10407076 0.11287553 0.09798013 0.13380475 0.12024439 0.10496463 0.11707359 0.08606697 0.13185696 0.09878571 0.24756864 0.10466295 0.13159806 0.08309379 0.04989382 0.10900863 0.10735596 0.12307110 0.15945811 0.16232775 0.11106056 0.14138420 0.15992397 0.09336692 0.16882296 0.09032893 0.17479957 0.09497353 0.10820007 0.11868975 0.12025624 0.15492288 0.10136342 0.18721398 0.10205718 0.14368568 0.15696235 0.13200722 0.16719451 0.15750343 0.16749111 0.15027023 
0.22508487 0.19541542 0.22542656 0.16269654 0.10614661 0.15211309 0.20651635 0.16976402 0.11215804 0.28673498 0.16849114 0.13183800 0.12519670 0.15750932 0.12512376 0.12269220 0.20285354 0.07924553 0.17418609 0.15429273 0.10997908 0.13009549 0.16409519 0.11406181 0.16532689 0.13837691 0.21162414 0.10182789 0.23267361 0.21111313 0.15860596 0.19732467 0.23482086 0.23779267 0.00000000 0.20273302 0.19592928 0.21194684 0.14516984 0.18534756 0.12173641 0.21505731 0.15559988 0.11533334 0.05115764 0.26153796 0.09922022 0.11181569 0.09181871 0.12059647 0.21230846 0.10630021 0.13484001 0.13397621 0.13862728 0.16713137 0.08760513 0.10009332 0.07399901 0.14635125 0.11333290 0.16557390 0.12451563 0.23276720 0.12796809 0.18179645 0.08578893 0.07065221 0.09232391 0.15012486 0.16437956 0.15716147 0.17111520 0.14376243 0.10695957 0.08741447 0.13705804 0.18240365 0.20106574 0.10291973 0.10535470 0.21737981 0.16367753 0.09622243 0.15965901 0.19973226 0.17365304 
0.07504848 0.12614217 0.11551081 0.11185022 0.04124724 0.14204062 0.15007927 0.29592375 0.13103809 0.24597694 0.15731611 0.04319268 0.15259194 0.13998938 0.18081816 0.17325223 0.19846538 0.10820776 0.06004427 0.18634393 0.11351788 0.14853291 0.19247256 0.20489267 0.15228202 0.34710101 0.07542945 0.14237772 0.16123953 0.15140317 0.21215114 0.11471001 0.18161906 0.20048054 0.20273302 0.00000000 0.37446069 0.23090099 0.40332150 0.10914846 0.13522243 0.13720313 0.21562593 0.21221578 0.13692696 0.18634881 0.14812999 0.13843270 0.03827712 0.09353555 0.18387799 0.14980020 0.12572049 0.08301822 0.16122724 0.13893489 0.11058107 0.08251225 0.10491624 0.10324051 0.13454743 0.16782402 0.07640850 0.14526784 0.19402574 0.12856083 0.11395278 0.12551465 0.19242314 0.11115017 0.09331437 0.12496438 0.18163712 0.19449272 0.14005981 0.11321586 0.18460467 0.02573681 0.15960392 0.08664888 0.14494664 0.11232709 0.27586020 0.27980964 0.14108628 0.12146922 0.12870227 
0.17075345 0.21281897 0.07551081 0.11735085 0.08547060 0.21231311 0.14905172 0.10135030 0.11588031 0.19169274 0.21159349 0.09207879 0.13880904 0.13437225 0.23013473 0.09822103 0.19145778 0.10435012 0.12662043 0.22784531 0.11281970 0.13995927 0.18891139 0.18033605 0.14690953 0.15579966 0.11686077 0.14296343 0.16548216 0.19897167 0.18535396 0.11987628 0.17152706 0.17789946 0.19592928 0.37446069 0.00000000 0.30907708 0.28845065 0.26371745 0.23898435 0.25420835 0.21502468 0.16369076 0.08147983 0.30099905 0.11556721 0.11707567 0.10127913 0.08376961 0.13046043 0.05462971 0.11333680 0.09746618 0.08644285 0.06984805 0.09971075 0.11725783 0.12305647 0.09817818 0.07557346 0.17058592 0.13390563 0.23313859 0.15487618 0.12418836 0.12321458 0.09229375 0.14636027 0.16624620 0.15257803 0.20103435 0.19370588 0.17110351 0.09132832 0.13176826 0.14391676 0.18553774 0.15573523 0.03825841 0.12839712 0.06540483 0.21133926 0.12784991 0.15350220 0.13930836 0.13885940 
0.16622671 0.21157616 0.22585636 0.11075800 0.26150735 0.19378247 0.09243532 0.08459960 0.09849988 0.26476547 0.13068254 0.12479088 0.17278372 0.12936038 0.07302508 0.08420625 0.12521529 0.14385931 0.11989631 0.14682644 0.08764147 0.14467889 0.13951717 0.12386987 0.11232527 0.09571779 0.20971377 0.16550250 0.09718736 0.06167452 0.20956832 0.13898927 0.18044361 0.18073598 0.21194684 0.23090099 0.30907708 0.00000000 0.48363354 0.22353517 0.33974095 0.23557140 0.27208383 0.10780411 0.10031153 0.14129925 0.13437285 0.21106572 0.18195317 0.07305011 0.18671075 0.11183204 0.13950530 0.18769480 0.14748829 0.13894808 0.11647237 0.09779614 0.15541961 0.08037905 0.13968045 0.06734096 0.07679931 0.18151932 0.12537874 0.20316913 0.10093456 0.12752822 0.11753298 0.10071759 0.08090252 0.11978466 0.07429505 0.11092707 0.18758533 0.13891248 0.13563929 0.03457964 0.16222934 0.17121264 0.14780246 0.19256465 0.15438432 0.15522280 0.11546371 0.10535215 0.18339996 
0.24582478 0.20409352 0.07747631 0.19124878 0.15386008 0.13275857 0.11654603 0.15123289 0.10425713 0.05600567 0.16367935 0.14499642 0.15177824 0.14708871 0.21359976 0.10271335 0.20940740 0.11811206 0.14072305 0.14907346 0.16035700 0.09719749 0.17747213 0.12564757 0.10510560 0.08136265 0.16256523 0.06329261 0.09366147 0.13881827 0.17525585 0.12893956 0.17584827 0.17002857 0.14516984 0.40332150 0.28845065 0.48363354 0.00000000 0.23270129 0.21690479 0.39213720 0.26347044 0.06483960 0.10936348 0.11711400 0.09819310 0.14645942 0.08883405 0.07689828 0.16857560 0.07730041 0.12211561 0.08501996 0.14325883 0.13002873 0.15416412 0.16799225 0.20551570 0.20754032 0.18725159 0.09442951 0.08973533 0.08137766 0.12183640 0.07153049 0.17532222 0.17294619 0.12803557 0.10292023 0.21405843 0.15434722 0.15558931 0.12591595 0.09782739 0.12296392 0.17838045 0.17710004 0.12705926 0.11154492 0.16857303 0.13720109 0.01249858 0.10114604 0.16779167 0.19410211 0.10098724 
0.12483504 0.19521801 0.13411672 0.28735051 0.30052795 0.15324901 0.09730342 0.09928152 0.12102976 0.21053339 0.24783071 0.10424989 0.11635731 0.20105932 0.11974588 0.22178490 0.10234133 0.18014717 0.24470005 0.24061751 0.14040140 0.13352499 0.07782190 0.13538279 0.12744228 0.12285259 0.07443237 0.14358835 0.27225451 0.21015592 0.24557133 0.20036642 0.15671593 0.27302313 0.18534756 0.10914846 0.26371745 0.22353517 0.23270129 0.00000000 0.26141009 0.18779135 0.16906683 0.15172466 0.08380935 0.15647670 0.09538070 0.09217100 0.05833704 0.11405102 0.21831633 0.13352183 0.10790652 0.14688148 0.15256544 0.18126998 0.11869591 0.13869954 0.12215987 0.06991859 0.13691020 0.09916389 0.12793815 0.15625143 0.15989724 0.09221785 0.16199102 0.16039598 0.11012238 0.20520038 0.16551195 0.17317297 0.14012630 0.12080146 0.16044128 0.06043457 0.07302565 0.13995665 0.14205835 0.07629137 0.07079530 0.20377917 0.10462478 0.08952707 0.17825769 0.07590988 0.17950060 
0.17633801 0.15111466 0.21745969 0.21446167 0.10409362 0.16514180 0.09675970 0.16256272 0.11292958 0.13264274 0.13836248 0.18981321 0.22478702 0.11323663 0.17091621 0.15827979 0.15901023 0.15223932 0.14044791 0.14581462 0.15186615 0.07193147 0.18420373 0.14496367 0.17918128 0.07607476 0.10245880 0.10224944 0.15528057 0.13803286 0.24884665 0.17187722 0.18226533 0.19460822 0.12173641 0.13522243 0.23898435 0.33974095 0.21690479 0.26141009 0.00000000 0.29588930 0.36358038 0.14823459 0.10262851 0.11764830 0.18068871 0.07903524 0.08211756 0.20708366 0.09377127 0.05863459 0.15180719 0.09531457 0.09683209 0.12120149 0.13555801 0.13832483 0.17049480 0.16589217 0.08354667 0.04134917 0.20218126 0.17857440 0.11302721 0.06453262 0.17509073 0.11309193 0.10818614 0.18871178 0.15508351 0.22172253 0.12714223 0.13052162 0.15194524 0.13253893 0.01897651 0.16861384 0.20727432 0.15864463 0.12086556 0.14009025 0.25595739 0.02586313 0.09875066 0.23976565 0.19796668 
