0.00000000 0.31524594 0.22501461 0.14838580 0.14431452 0.16120472 0.13605799 0.21227881 0.17255951 0.23042145 0.20601567 0.17928850 0.23475270 0.18912734 0.17416061 0.14169828 0.16942599 0.16963130 0.20302858 0.22634559 0.12459723 0.15613143 0.15001554 0.18663125 0.28567876 0.18241635 0.17907564 0.25154362 0.14863708 0.12276634 0.23031241 0.17613075 0.16632909 0.20098209 0.13726812 0.20060453 0.23101910 0.21598048 0.18698525 0.19107142 0.20701323 0.23852889 0.14243460 0.13734694 0.20447748 0.18054524 0.17737198 0.17951506 0.21563929 0.17414696 0.16964456 0.22525371 0.22725805 0.15121313 0.21103479 0.21185644 0.19770311 0.19234044 0.21005047 0.16623371 0.14184801 0.18356079 0.16727147 0.12584600 0.16458495 0.21334866 0.16454833 0.14451657 0.24271888 0.15425246 0.19557520 0.14803878 0.12391775 0.18079995 0.23987673 0.21015459 0.15989808 0.19311577 0.13671722 0.15403695 0.17336044 0.18942852 0.19382437 0.21354671 0.18260661 0.20615561 0.11114597 0.17352058 0.18413323 0.18995095 0.17557319 0.18943514 0.17058473 0.13714047 0.19584921 0.20410202 0.18640230 0.16681409 0.22656470 0.21955448 0.22785450 0.24451605 0.24390158 
0.31524594 0.00000000 0.43128351 0.26182785 0.21197230 0.22717210 0.21514039 0.19899533 0.18133416 0.11309376 0.13124744 0.16031129 0.13853888 0.19848931 0.14393783 0.18082081 0.16259252 0.12516290 0.20912417 0.12508226 0.16750280 0.16900620 0.26857400 0.21579853 0.28702703 0.17955996 0.21566791 0.21238805 0.11697514 0.13132893 0.19951955 0.20135304 0.17697859 0.18662700 0.20171748 0.28770552 0.20301939 0.15801537 0.18880350 0.13557254 0.19644097 0.18583287 0.19818291 0.15386128 0.27540797 0.16053563 0.24573374 0.22514461 0.28475613 0.12387676 0.11255125 0.19206772 0.10755676 0.22599999 0.13706865 0.21896888 0.12425726 0.29481550 0.21774357 0.23227344 0.17540207 0.20340542 0.17614945 0.13934939 0.19574989 0.23452849 0.11561440 0.14055579 0.14751232 0.15557679 0.23895929 0.17037885 0.18832728 0.23900470 0.27706942 0.22193247 0.15858481 0.22511020 0.20525308 0.08565418 0.16091154 0.16402506 0.14867600 0.18133769 0.23476973 0.13708264 0.14844142 0.09760936 0.19443067 0.22887487 0.19025602 0.26329437 0.22072104 0.14322745 0.23044643 0.12314730 0.13373450 0.17149220 0.20573059 0.22485439 0.24618545 0.18967998 0.21374616 
0.22501461 0.43128351 0.00000000 0.52756052 0.29060109 0.23118967 0.21668946 0.19972382 0.10988811 0.20689424 0.14543468 0.21747061 0.19387522 0.14795454 0.17502297 0.24688565 0.17980039 0.08984372 0.22880667 0.14147086 0.15628009 0.18083293 0.30097305 0.12351693 0.26171401 0.17586979 0.28979073 0.24431742 0.23922751 0.28277382 0.22415910 0.27419644 0.11269029 0.26281653 0.17842542 0.18279424 0.14411288 0.23208383 0.34100583 0.24429017 0.12547088 0.21766304 0.14072283 0.15863896 0.14875192 0.12633307 0.16565696 0.18592046 0.13255262 0.17777581 0.20076091 0.21204614 0.14743832 0.14585532 0.13903513 0.14603696 0.16963299 0.14126429 0.25572875 0.22058812 0.21441443 0.20273137 0.14722635 0.22260988 0.08775277 0.15004440 0.20072727 0.19450692 0.13891758 0.09823773 0.16302944 0.18065419 0.11718633 0.26614051 0.17965632 0.18779377 0.19515014 0.06652679 0.22757596 0.17706696 0.20860188 0.13888104 0.12812878 0.29560178 0.13069826 0.22426951 0.18312379 0.14797088 0.16648308 0.17374333 0.17602415 0.15984242 0.19007671 0.12005017 0.14339060 0.16247084 0.22008212 0.19972211 0.14233188 0.27851551 0.17138413 0.19224415 0.19613080 
0.14838580 0.26182785 0.52756052 0.00000000 0.24637145 0.21307517 0.19964777 0.17879475 0.14882124 0.18686562 0.20432120 0.15248278 0.16837982 0.29353244 0.12595381 0.17977753 0.14690761 0.15717487 0.13353149 0.15107009 0.12828693 0.12088636 0.11888175 0.17879331 0.21720478 0.29426525 0.43484171 0.39483366 0.25758516 0.25457270 0.18879922 0.34279187 0.12807576 0.24174278 0.23201282 0.26717092 0.24786991 0.24872946 0.14761007 0.14917986 0.22142024 0.24045369 0.13626382 0.19490986 0.21126153 0.21239076 0.21632590 0.15250953 0.20376407 0.12958610 0.21921061 0.19073760 0.11623810 0.18585459 0.19330734 0.17288806 0.22632053 0.16934039 0.16268031 0.12787097 0.15374648 0.15473624 0.21516250 0.15316867 0.15494473 0.18401829 0.12392962 0.16408934 0.08615920 0.10428011 0.07183310 0.18736377 0.21201509 0.18635696 0.17132407 0.15693284 0.17515621 0.23893557 0.14840183 0.11451945 0.06461789 0.13005995 0.21232842 0.16165165 0.24872024 0.13885370 0.17795570 0.16277186 0.18702029 0.15924282 0.19103187 0.21452797 0.15231630 0.29643283 0.15735349 0.23334663 0.19097266 0.31679402 0.20534393 0.28929717 0.20730362 0.20492727 0.17435904 
0.14431452 0.21197230 0.29060109 0.24637145 0.00000000 0.28670661 0.40201370 0.16194762 0.21944414 0.26549284 0.18613981 0.17523157 0.11953282 0.12781794 0.20074199 0.13779161 0.08219954 0.12833197 0.27062181 0.11675233 0.21187646 0.14261941 0.00000000 0.13069709 0.20835152 0.21215216 0.14976302 0.19905686 0.11259680 0.24188910 0.16917079 0.06972565 0.16896033 0.20862611 0.19744991 0.16212718 0.19222744 0.23392211 0.12518101 0.15212452 0.26663477 0.22281621 0.16269218 0.17698554 0.17894448 0.12660629 0.15014137 0.23007816 0.21922422 0.18071646 0.07277526 0.12875470 0.21766907 0.15609095 0.13942878 0.16239725 0.14934896 0.16397074 0.18770263 0.24934196 0.21578112 0.15921442 0.16234731 0.13890346 0.23902442 0.20310164 0.17803185 0.10408379 0.15327115 0.12477459 0.15540988 0.16175353 0.15128060 0.08239364 0.19453374 0.20180486 0.15130990 0.08630321 0.13659822 0.15091178 0.24725577 0.13654338 0.22243462 0.13111676 0.17132815 0.16133121 0.39828492 0.15681498 0.18089438 1.18231257 0.23851779 0.13449132 0.16805164 0.57708945 0.25229862 0.24117832 0.22280342 0.24834687 0.09588783 0.22571505 0.15982435 0.17619922 0.22589855 
0.16120472 0.22717210 0.23118967 0.21307517 0.28670661 0.00000000 0.27889734 0.23270837 0.19968309 0.20823743 0.28662834 0.17696779 0.12328250 0.19169618 0.19571241 0.21530663 0.24873966 0.14281513 0.22615905 0.13771267 0.20581038 0.17988780 0.50299915 0.13145886 0.36281279 0.27991088 0.15743852 0.19625145 0.19642890 0.16732889 0.17480723 0.27306660 0.19117084 0.30792939 0.24168985 0.26152746 0.60310889 0.21561027 0.33057872 0.17323848 0.17324968 0.16540448 0.14087911 0.16817269 0.20498592 0.16540167 0.23610236 0.16245071 0.20435431 0.15735018 0.12093673 0.10242749 0.13906805 0.08761560 0.13792876 0.21493326 0.06775074 0.13819905 0.12931351 0.18194224 0.27748883 0.21920292 0.24703341 0.23792838 0.15132071 0.21239738 0.08240757 0.19699998 0.19582114 0.12232312 0.13067012 0.18033326 0.14103944 0.14544476 0.30074263 0.11729206 0.10316174 0.12143552 0.14329433 0.17781486 0.14235325 0.19585350 0.17225885 0.20471986 0.12053099 0.25453157 0.25331245 0.19727743 0.11911400 0.18670506 0.15932408 0.11524810 0.18826277 0.17526360 0.18342632 0.13278330 0.24098194 0.12511425 0.15547667 0.14651035 0.15361580 0.18290473 0.21659275 
0.13605799 0.21514039 0.21668946 0.19964777 0.40201370 0.27889734 0.00000000 0.25079552 0.50161729 0.13105628 0.52799352 0.16900757 0.27836210 0.14478868 0.16321691 0.14101818 0.17084053 0.12097969 0.20672056 0.15600024 0.28458930 0.23251899 0.35602696 0.19958550 0.16228097 0.13699981 0.17724404 0.19973447 0.15337232 0.09871345 0.16933584 0.13294727 0.17172360 0.22237676 0.13712801 0.23035511 0.18160377 0.19990543 0.15212262 0.18400496 0.13137153 0.14659545 0.18103008 0.17495528 0.20144466 0.19840634 0.13482269 0.21310422 0.10075446 0.16354852 0.18530205 0.13793800 0.21015433 0.14857785 0.12122404 0.21415335 0.16016897 0.15529964 0.17598989 0.21342905 0.16074175 0.14967374 0.17936701 0.19517503 0.14898064 0.13720701 0.19113860 0.11322548 0.21303780 0.16224971 0.27423193 0.14486397 0.18898188 0.18195875 0.13132284 0.12721419 0.18328761 0.19800271 0.11335289 0.14364063 0.10549141 0.17060702 0.15172451 0.17776835 0.18865357 0.18270904 0.40752712 0.17777064 0.14002711 0.18931464 0.23658060 0.15021832 0.18661404 0.16966289 0.17855423 0.10386251 0.15472479 0.20673140 0.16560564 0.22019393 0.15292259 0.15117490 0.21469027 
0.21227881 0.19899533 0.19972382 0.17879475 0.16194762 0.23270837 0.25079552 0.00000000 0.34851880 0.35928749 0.29333977 0.17796772 0.19083241 0.23213335 0.26596266 0.24300213 0.13369598 0.22505971 0.20206651 0.24513569 0.47539603 0.22535018 0.34864387 0.17976139 0.18068848 0.14538981 0.17576260 0.20033075 0.15952278 0.10006636 0.11809466 0.15574715 0.19768640 0.22850702 0.10155103 0.34427852 0.43608475 0.12286060 0.21072668 0.17989512 0.19906740 0.15461298 0.17689214 0.13519433 0.22547941 0.22197249 0.19107729 0.22436825 0.16501649 0.08541021 0.08103023 0.11710168 0.08345281 0.19565292 0.24465966 0.19297576 0.16104348 0.19114868 0.13698447 0.10492753 0.22145486 0.14484428 0.15132238 0.22171709 0.18092015 0.16502101 0.17805473 0.10600644 0.20912385 0.10797836 0.20522087 0.12390929 0.19620437 0.15514305 0.23873887 0.10621791 0.19177982 0.15236935 0.17837972 0.17915018 0.21667486 0.26575698 0.23063845 0.21015804 0.15707149 0.27110841 0.27775048 0.20307549 0.08548022 0.16813904 0.16656210 0.16841751 0.17846375 0.17359462 0.07164780 0.21385447 0.16178374 0.19087605 0.21638910 0.17640842 0.14491698 0.16121671 0.18668475 
0.17255951 0.18133416 0.10988811 0.14882124 0.21944414 0.19968309 0.50161729 0.34851880 0.00000000 0.21897981 0.39763138 0.25587918 0.12469121 0.17503133 0.19001542 0.13836419 0.23751724 0.14386296 0.16714123 0.23896644 0.14492485 0.12604399 0.18399131 0.80509993 0.18348071 0.16655294 0.18110034 0.14372078 0.20478350 0.13155262 0.26950948 0.16070955 0.11029469 0.16828952 0.12626433 0.10898456 0.11838202 0.18969976 0.15191918 0.13717437 0.14345633 0.15881245 0.09029789 0.23798020 0.12619795 0.18955796 0.06395806 0.20614144 0.12981409 0.13224954 0.13141093 0.12739517 0.12821021 0.15845334 0.10788899 0.22531197 0.24643302 0.15428459 0.18221370 0.19918833 0.22595591 0.20360377 0.17215934 0.12468392 0.16217977 0.17903122 0.10274614 0.16686965 0.28677305 0.13562848 0.11278766 0.21310596 0.08564895 0.16846020 0.25258100 0.21456007 0.17240025 0.17761315 0.15616123 0.29852029 0.17433817 0.93425132 0.13638325 0.15764570 0.19694410 0.17607261 0.12569796 0.12385843 0.23156113 0.09152783 0.23526293 0.21174793 0.14542299 0.22489090 0.17645617 0.10733713 0.11373643 0.21145665 0.13436961 0.09456557 0.13991710 0.20621796 0.17511257 
0.23042145 0.11309376 0.20689424 0.18686562 0.26549284 0.20823743 0.13105628 0.35928749 0.21897981 0.00000000 0.20900080 0.30231748 0.20263784 0.21501278 0.25259612 0.23939419 0.24581396 0.33442975 0.21048238 0.22062982 0.31796613 0.18079538 0.15439947 0.08927998 0.16274849 0.20475619 0.11413869 0.22125322 0.24406077 0.16329094 0.13237905 0.12433826 0.13768281 0.18815660 0.13226068 0.19411367 0.23796406 0.27749113 0.15509931 0.26186826 0.18491148 0.15211583 0.16953716 0.14991815 0.17149898 0.13180128 0.24287465 0.19030069 0.14330869 0.21833350 0.13687176 0.17079314 0.18263103 0.12387168 0.19956661 0.11024563 0.18709968 0.20410633 0.17538837 0.20495652 0.20241513 0.19496307 0.17412421 0.19859156 0.27320156 0.17611561 0.23247978 0.19287896 0.12281534 0.16877680 0.14046494 0.13467228 0.09537101 0.21510877 0.09318801 0.21064869 0.21864795 0.13659843 0.27201223 0.25486426 0.41169495 0.19959498 0.31093811 0.15882342 0.23897164 0.13308799 0.18437285 0.14733059 0.22981952 0.19027655 0.14427448 0.22112431 0.27024599 0.24918846 0.20913361 0.20535739 0.23802642 0.16921737 0.21898202 0.19951824 0.13625693 0.14667970 0.17679879 
0.20601567 0.13124744 0.14543468 0.20432120 0.18613981 0.28662834 0.52799352 0.29333977 0.39763138 0.20900080 0.00000000 0.30421329 0.40852956 0.20831511 0.25091238 0.20470724 0.23565286 0.19422548 0.26492173 0.29360835 0.19417328 0.64399078 0.23313524 0.22423964 0.21090222 0.18448282 0.13151683 0.19635263 0.17554994 0.17560044 0.19215861 0.10371659 0.67856515 0.15472491 0.18365085 0.17967087 0.15915525 0.15224509 0.15776534 0.13085267 0.13454333 0.09645347 0.30316210 0.27333463 0.12368623 0.25823876 0.11841496 0.13852283 0.08197703 0.15713515 0.08086540 0.13251633 0.10194319 0.15821862 0.12943288 0.14446983 0.10383908 0.13840432 0.14018215 0.13747897 0.17469251 0.12155951 0.10585671 0.09240873 0.20734754 0.18105408 0.10412828 0.17452982 0.17435977 0.09901878 0.25603372 0.17051934 0.13353578 0.14392916 0.18593062 0.34448418 0.11361404 0.16216607 0.10156896 0.13893436 0.13991521 0.16558642 0.08552938 0.19512978 0.15619392 0.14947198 0.13795005 0.20497236 0.15884918 0.16205206 0.21421081 0.18261698 0.20055469 0.13173735 0.16848214 0.10109014 0.15289568 0.21342785 0.18503401 0.14126267 0.11535332 0.14729544 0.16198531 
0.17928850 0.16031129 0.21747061 0.15248278 0.17523157 0.17696779 0.16900757 0.17796772 0.25587918 0.30231748 0.30421329 0.00000000 0.53085979 0.55379214 0.24060491 0.32650386 0.40456564 0.32304853 0.35420855 0.22261988 0.17111781 0.15643755 0.13065273 0.19109996 0.16740772 0.13804126 0.11665754 0.15343172 0.21706309 0.18189288 0.25043465 0.24232235 0.24863017 0.27051446 0.20118972 0.12063392 0.17900622 0.14950917 0.12353559 0.23593924 0.29812774 0.15116346 0.14140347 0.15801267 0.25155296 0.12802325 0.18006029 0.18896658 0.11534055 0.15099046 0.12184991 0.21216340 0.12318381 0.18339959 0.13188587 0.20270054 0.20551236 0.15568144 0.11222455 0.21635484 0.18525045 0.17228695 0.14313492 0.19753611 0.29364441 0.13573918 0.14255790 0.23173464 0.16711848 0.22279880 0.13850048 0.13864338 0.16395929 0.18811829 0.20925153 0.13700700 0.21866078 0.17939659 0.29827538 0.30612828 0.24241171 0.13468729 0.16094896 0.18136588 0.18457019 0.17276860 0.16155960 0.12012994 0.04196748 0.13438171 0.17076507 0.11079016 0.07769923 0.18497163 0.20504454 0.15176278 0.12592077 0.12734247 0.24765420 0.15756916 0.12970889 0.14627935 0.21306638 
0.23475270 0.13853888 0.19387522 0.16837982 0.11953282 0.12328250 0.27836210 0.19083241 0.12469121 0.20263784 0.40852956 0.53085979 0.00000000 0.49723700 0.37502644 0.35675705 0.29804132 0.53539917 0.18490540 0.38704594 0.21757472 0.29376714 0.13312175 0.21045284 0.11851104 0.21781457 0.20397000 0.20335789 0.13147579 0.23040854 0.11074874 0.17925688 0.22035904 0.25313125 0.13438089 0.14172468 0.25551947 0.17935924 0.16072153 0.15273827 0.15946770 0.16090242 0.31216814 0.23234608 0.14923121 0.12735390 0.12590216 0.11457272 0.16717544 0.17052273 0.17564087 0.12172718 0.19689377 0.09677276 0.11925106 0.14356194 0.11337156 0.11029710 0.16393396 0.10801003 0.21140380 0.16263408 0.11127419 0.19441219 0.15943212 0.09887308 0.14986693 0.21561794 0.17577993 0.19087830 0.13057052 0.20606632 0.18069199 0.11817707 0.17112260 0.40327537 0.12663536 0.16933939 0.13348341 0.26516942 0.22780414 0.13486005 0.22729013 0.10104367 0.11358277 0.18273072 0.11125022 0.18213522 0.16176214 0.06066217 0.15546940 0.29627547 0.14580494 0.20081581 0.13442586 0.29669983 0.20704982 0.13745888 0.11994210 0.08662398 0.15024316 0.17131480 0.20088956 
0.18912734 0.19848931 0.14795454 0.29353244 0.12781794 0.19169618 0.14478868 0.23213335 0.17503133 0.21501278 0.20831511 0.55379214 0.49723700 0.00000000 0.43026873 0.41990807 0.29364133 0.19653850 0.20532974 0.26556276 0.17221377 0.29771977 0.14466392 0.16383610 0.16178119 0.13259951 0.18869964 0.15297208 0.19154652 0.11119614 0.14157243 0.28184287 0.25392980 0.14160462 0.24408072 0.06835775 0.22565141 0.19999056 0.17971683 0.12857477 0.12398990 0.10999783 0.27774996 0.14271537 0.23145735 0.20839778 0.15446571 0.12613810 0.19665185 0.19526379 0.26213294 0.15675899 0.22922118 0.25209475 0.17189081 0.17482505 0.20239348 0.17763965 0.12040870 0.20280728 0.22706619 0.18544820 0.16700675 0.18986765 0.13382156 0.13041307 0.08015012 0.25171275 0.15035815 0.25854056 0.11969878 0.20679878 0.13612930 0.18251557 0.23879033 0.36317811 0.22303322 0.30317760 0.19189592 0.09742477 0.14801285 0.13028385 0.09444655 0.14762448 0.12411117 0.13000629 0.13336496 0.29586795 0.12346983 0.18250422 0.14567411 0.15702676 0.18617493 0.12893518 0.17555261 0.12761063 0.20037525 0.17309855 0.16596565 0.16004806 0.14893139 0.20766934 0.23213721 
0.17416061 0.14393783 0.17502297 0.12595381 0.20074199 0.19571241 0.16321691 0.26596266 0.19001542 0.25259612 0.25091238 0.24060491 0.37502644 0.43026873 0.00000000 0.48037473 0.29749785 0.29648592 0.15449022 0.23588656 0.27630046 0.18150262 0.17880415 0.15400470 0.12290637 0.13181616 0.22223048 0.23238562 0.19596232 0.15068115 0.23117873 0.23121095 0.15224855 0.15832028 0.18709813 0.26024919 0.23519114 0.27403186 0.24017295 0.13462860 0.09842361 0.29305153 0.22475593 0.08072181 0.24303636 0.15224909 0.27125511 0.13321044 0.19266408 0.21338315 0.15597767 0.11525749 0.23094445 0.15230548 0.21943369 0.19295654 0.25642496 0.14721747 0.19671868 0.29130608 0.20113601 0.16326109 0.22393976 0.09241049 0.21943736 0.23437498 0.16284909 0.12031580 0.22945191 0.10055240 0.16520678 0.16397544 0.15727400 0.16174307 0.26152685 0.21562243 0.11851767 0.08843038 0.23620488 0.15787963 0.19108890 0.17360378 0.24144818 0.10923971 0.11697834 0.15548077 0.15468664 0.21924038 0.19936029 0.08337487 0.17789462 0.08088927 0.22329000 0.17180604 0.20265004 0.29090381 0.19501120 0.25971956 0.17159200 0.14060295 0.15905660 0.15333170 0.16739745 
0.14169828 0.18082081 0.24688565 0.17977753 0.13779161 0.21530663 0.14101818 0.24300213 0.13836419 0.23939419 0.20470724 0.32650386 0.35675705 0.41990807 0.48037473 0.00000000 0.42669876 0.58737492 0.30544955 0.38004105 0.24499013 0.26595433 0.23597869 0.15867661 0.19666235 0.16424166 0.16400499 0.17832608 0.13432252 0.15967653 0.18052804 0.18395141 0.18090153 0.18127701 0.21274287 0.24948431 0.11021640 0.19365699 0.25463005 0.15824220 0.08475280 0.19336679 0.24345261 0.26236873 0.19693122 0.13196254 0.09008954 0.27677919 0.12225667 0.21178209 0.09395931 0.20935303 0.07012918 0.11345111 0.27487342 0.11244151 0.14597030 0.16410663 0.08625220 0.20923879 0.14361811 0.16916098 0.19272110 0.17318432 0.15146622 0.16852772 0.21112696 0.15902137 0.15103813 0.22964588 0.24777929 0.18454910 0.21658697 0.22221470 0.18908021 0.14277142 0.19310319 0.30222898 0.21192134 0.19260157 0.24167436 0.12611686 0.14472466 0.09722866 0.16400451 0.21456802 0.17264468 0.12706049 0.18244290 0.14193894 0.15019385 0.12705209 0.19111106 0.16441450 0.15995059 0.18808735 0.11368358 0.12462466 0.21199274 0.14957094 0.15432258 0.15163878 0.15512086 
0.16942599 0.16259252 0.17980039 0.14690761 0.08219954 0.24873966 0.17084053 0.13369598 0.23751724 0.24581396 0.23565286 0.40456564 0.29804132 0.29364133 0.29749785 0.42669876 0.00000000 0.49994699 0.23681311 0.28002209 0.14495109 0.23765700 0.18971145 0.18309656 0.18876203 0.11574546 0.07818837 0.20467793 0.17611284 0.22651192 0.16640424 0.11437745 0.17095343 0.26117593 0.23877256 0.11237693 0.16283599 0.18129883 0.26592971 0.20221290 0.18909988 0.13880517 0.38867058 0.11909653 0.20738700 0.05381661 0.12678171 0.16949984 0.20148174 0.21044122 0.17291111 0.22795296 0.21900616 0.19934383 0.18004577 0.22281865 0.19608484 0.15951563 0.12196971 0.22581095 0.19419677 0.16325811 0.21318879 0.19358670 0.18659368 0.17262293 0.14924823 0.24726163 0.14409313 0.19598241 0.15615403 0.18861483 0.14282639 0.31337848 0.18361025 0.18567802 0.24660458 0.17999433 0.22124462 0.18043477 0.21032602 0.15210062 0.19185633 0.18323991 0.22605869 0.08318852 0.17206046 0.19261529 0.20243407 0.21503737 0.13958111 0.09580643 0.19694806 0.12904160 0.19118406 0.15818183 0.09021836 0.07175031 0.16748423 0.18653501 0.16206071 0.18023534 0.17188481 
0.16963130 0.12516290 0.08984372 0.15717487 0.12833197 0.14281513 0.12097969 0.22505971 0.14386296 0.33442975 0.19422548 0.32304853 0.53539917 0.19653850 0.29648592 0.58737492 0.49994699 0.00000000 0.22156372 0.49242737 0.16904737 0.33405952 0.29005347 0.23021724 0.24661910 0.10565380 0.29895471 0.15537936 0.17477724 0.19275085 0.17406299 0.16963170 0.23481878 0.21124221 0.18488397 0.21574559 0.13557611 0.15665443 0.27914789 0.18753791 0.13221277 0.16842554 0.21030477 0.26391476 0.26996657 0.19794695 0.13037965 0.12542023 0.13096679 0.10110932 0.21493873 0.24561436 0.12882137 0.16906012 0.20643673 0.14088759 0.12880909 0.22219641 0.14784859 0.22550352 0.21310623 0.26190449 0.20168784 0.16004911 0.27824688 0.17467453 0.08873812 0.19496459 0.04455839 0.23295774 0.16957310 0.12214296 0.08004340 0.13873270 0.07222194 0.16337332 0.15684575 0.21107238 0.23113374 0.25893996 0.25035544 0.17679360 0.20041533 0.20257963 0.10937840 0.08527906 0.22681476 0.13824456 0.10585836 0.20869165 0.14907923 0.16700586 0.16999066 0.15060014 0.16466655 0.17360443 0.15041514 0.06443011 0.13733760 0.15555370 0.15855174 0.20232010 0.13931495 
0.20302858 0.20912417 0.22880667 0.13353149 0.27062181 0.22615905 0.20672056 0.20206651 0.16714123 0.21048238 0.26492173 0.35420855 0.18490540 0.20532974 0.15449022 0.30544955 0.23681311 0.22156372 0.00000000 0.25268246 0.25109022 0.30032914 0.28762997 0.13109651 0.34203590 0.17226158 0.17528164 0.17218931 0.13062272 0.28702649 0.22736192 0.16350359 0.19610955 0.17187326 0.34412521 0.27799179 0.10652131 0.19599468 0.09810003 0.24022980 0.33227096 0.14287092 0.08730492 0.10987500 0.16362163 0.12863901 0.21638774 0.17972486 0.17078291 0.11712592 0.13093950 0.11977663 0.22062726 0.13879083 0.11340567 0.14955623 0.11961747 0.07686879 0.19990148 0.13744998 0.18296685 0.13539205 0.09695990 0.16153735 0.35523076 0.16802597 0.13599073 0.27168897 0.12712340 0.18308541 0.27490228 0.14727776 0.18936781 0.16472510 0.17330460 0.15554179 0.16426423 0.18814284 0.31464384 0.08136564 0.25799257 0.18222014 0.15547995 0.24283457 0.16773628 0.19368045 0.17027866 0.19602524 0.17287724 0.08753304 0.18043155 0.12258906 0.18942139 0.13490577 0.21809649 0.09795549 0.20526099 0.17100667 0.16887231 0.18842931 0.19000834 0.17469305 0.19486860 
0.22634559 0.12508226 0.14147086 0.15107009 0.11675233 0.13771267 0.15600024 0.24513569 0.23896644 0.22062982 0.29360835 0.22261988 0.38704594 0.26556276 0.23588656 0.38004105 0.28002209 0.49242737 0.25268246 0.00000000 0.16527210 0.25296410 0.21991002 0.34303430 0.11518061 0.18615628 0.23323023 0.24097662 0.21938061 0.16213147 0.18161135 0.14186542 0.25768979 0.30049269 0.22430698 0.25887985 0.17962943 0.10349527 0.21616264 0.13666052 0.15957756 0.19060033 0.26610081 0.21855159 0.17913814 0.23604405 0.19911108 0.10853848 0.11035400 0.11987393 0.09522798 0.11763315 0.18842594 0.12288968 0.17891794 0.15421839 0.11599929 0.21461436 0.13390704 0.13386667 0.16500167 0.25798739 0.26449237 0.16790544 0.12971331 0.04878647 0.18062748 0.15664114 0.21512344 0.14349265 0.24014873 0.24509397 0.23890774 0.20190205 0.19910294 0.24353476 0.10383523 0.28430387 0.27244040 0.18508477 0.19875201 0.13756362 0.12296418 0.10359816 0.08979657 0.13108310 0.18050721 0.17645723 0.23566812 0.12834369 0.23152531 0.19234292 0.09895451 0.10746501 0.13772854 0.16246911 0.21298711 0.19512519 0.13078668 0.19432463 0.16903740 0.19534125 0.18245088 
0.12459723 0.16750280 0.15628009 0.12828693 0.21187646 0.20581038 0.28458930 0.47539603 0.14492485 0.31796613 0.19417328 0.17111781 0.21757472 0.17221377 0.27630046 0.24499013 0.14495109 0.16904737 0.25109022 0.16527210 0.00000000 0.22253790 0.39166887 0.23521128 0.13630949 0.22432703 0.10802837 0.24613405 0.14970683 0.18769795 0.13443083 0.18618398 0.24448510 0.09447367 0.10584581 0.19497645 0.30057185 0.19515320 0.09509920 0.14935328 0.16725468 0.18438581 0.11308815 0.13696732 0.16296976 0.12185459 0.14421521 0.19557876 0.23135870 0.26529141 0.12299746 0.21126822 0.14400606 0.19165601 0.12772235 0.24182705 0.17684752 0.29574160 0.13763263 0.14481316 0.12640591 0.11426924 0.11500832 0.23395160 0.24644388 0.14512400 0.16422247 0.14250309 0.20030540 0.12203200 0.15425104 0.18092940 0.22087960 0.24180735 0.19762751 0.27682861 0.24944693 0.20077059 0.18054488 0.19801269 0.26406578 0.25381981 0.55309628 0.15027784 0.22467105 0.13625134 0.13894111 0.27615040 0.14075928 0.13813494 0.14078039 0.11370114 0.22609947 0.17983575 0.19843372 0.22119305 0.22701031 0.18253095 0.16275137 0.16611056 0.17894935 0.19569276 0.16480390 
0.15613143 0.16900620 0.18083293 0.12088636 0.14261941 0.17988780 0.23251899 0.22535018 0.12604399 0.18079538 0.64399078 0.15643755 0.29376714 0.29771977 0.18150262 0.26595433 0.23765700 0.33405952 0.30032914 0.25296410 0.22253790 0.00000000 0.18293934 0.40323209 0.10706966 0.13657580 0.20436945 0.23499015 0.23539597 0.19128260 0.15943411 0.08993966 0.58318740 0.15620279 0.17316372 0.15030038 0.14041494 0.17345362 0.19179863 0.15228515 0.16939630 0.12792059 0.33923552 0.33175459 0.26335541 0.22278444 0.20153357 0.18116129 0.12096290 0.18995785 0.12236915 0.15974686 0.11212584 0.19059099 0.10366988 0.16962959 0.13372619 0.16889390 0.12807519 0.15541765 0.15416478 0.12884364 0.16435857 0.19646217 0.16223950 0.17733978 0.03752485 0.24899511 0.20254459 0.22024468 0.20211880 0.07587377 0.13643299 0.12686972 0.11722133 0.25669098 0.15976455 0.21041147 0.12578486 0.17245996 0.15300508 0.15298850 0.14592090 0.16247417 0.20732326 0.20775303 0.31405328 0.15586158 0.18440098 0.13160087 0.21346018 0.18990403 0.17232051 0.13941141 0.18704716 0.14940406 0.14035461 0.11460758 0.09938202 0.17949673 0.19667034 0.11540125 0.13655039 
0.15001554 0.26857400 0.30097305 0.11888175 0.00000000 0.50299915 0.35602696 0.34864387 0.18399131 0.15439947 0.23313524 0.13065273 0.13312175 0.14466392 0.17880415 0.23597869 0.18971145 0.29005347 0.28762997 0.21991002 0.39166887 0.18293934 0.00000000 0.28822099 0.29430759 0.25048805 0.23681732 0.14471047 0.19632605 0.15561310 0.22999537 0.17315106 0.25872610 0.24100062 0.19812614 0.19000700 0.34120729 0.26268162 0.28667618 0.34349485 0.05188385 0.16571739 0.11507644 0.23039052 0.21357535 0.15113433 0.08324844 0.25756143 0.19084378 0.23073131 0.17960534 0.20496535 0.14783334 0.15648405 0.06697451 0.12753135 0.13622250 0.21102844 0.22666799 0.20597255 0.18742085 0.29294983 0.30938965 0.11789998 0.17257366 0.10256024 0.17844287 0.12113346 0.15123264 0.20655405 0.07634154 0.24465318 0.21119002 0.10733480 0.18196892 0.18734808 0.12386869 0.16837092 0.18339729 0.23690662 0.22347027 0.11332914 0.17515859 0.14430434 0.05544187 0.08886609 0.16283970 0.15314785 0.13425553 0.15829865 0.14517445 0.29772242 0.05904562 0.09829263 0.12533841 0.14957767 0.04183802 0.12342743 0.19726427 0.22270595 0.11271147 0.16344811 0.19043812 
0.18663125 0.21579853 0.12351693 0.17879331 0.13069709 0.13145886 0.19958550 0.17976139 0.80509993 0.08927998 0.22423964 0.19109996 0.21045284 0.16383610 0.15400470 0.15867661 0.18309656 0.23021724 0.13109651 0.34303430 0.23521128 0.40323209 0.28822099 0.00000000 0.22640034 0.31038164 0.10251553 0.12642493 0.18454384 0.18825293 0.46973316 0.08326507 0.66219131 0.15617749 0.12772940 0.15594144 0.18753686 0.09256967 0.24040152 0.18974436 0.14223572 0.10362639 0.19520808 0.30612513 0.09132294 0.10176552 0.21296075 0.23762879 0.11336774 0.12025299 0.24956661 0.16914495 0.11373757 0.24169611 0.20593167 0.13788740 0.15168386 0.08532843 0.24062549 0.15250767 0.14499757 0.12869349 0.14596326 0.23214890 0.13858587 0.18229197 0.12089386 0.22646044 0.13004060 0.19474140 0.13863625 0.10110505 0.10378301 0.14930824 0.19233732 0.14010093 0.18404641 0.08916183 0.13698425 0.78369240 0.17882699 0.19624656 0.10956545 0.09434696 0.12798609 0.17075393 0.21676997 0.11481921 0.18999865 0.14699019 0.20524486 0.21072598 0.18280115 0.21071014 0.12175109 0.07439962 0.16370518 0.12341530 0.11016593 0.05433258 0.18610717 0.24562848 0.19119562 
0.28567876 0.28702703 0.26171401 0.21720478 0.20835152 0.36281279 0.16228097 0.18068848 0.18348071 0.16274849 0.21090222 0.16740772 0.11851104 0.16178119 0.12290637 0.19666235 0.18876203 0.24661910 0.34203590 0.11518061 0.13630949 0.10706966 0.29430759 0.22640034 0.00000000 0.36713042 0.37671175 0.14967004 0.19783089 0.24810422 0.18753940 0.22584905 0.18563014 0.45649940 0.19447080 0.24473072 0.23351383 0.29794691 0.19857111 0.12496996 0.12624557 0.13878326 0.18352121 0.22203476 0.20918099 0.19510786 0.19854764 0.14001791 0.17702162 0.21396443 0.17370590 0.08481931 0.16717414 0.06968187 0.16807449 0.21664130 0.17062860 0.23393665 0.20551895 0.22886219 0.15549584 0.12875291 0.12263325 0.21522931 0.23454610 0.14198608 0.29426412 0.15767100 0.18850973 0.15523412 0.20285954 0.22664142 0.18270356 0.32178566 0.12550109 0.10409914 0.03517339 0.15786684 0.15972820 0.23303684 0.16580821 0.10213571 0.17671955 0.19998613 0.14259336 0.26313517 0.15601933 0.05633844 0.21282076 0.17757723 0.17175086 0.06202760 0.23625697 0.19716822 0.12336002 0.16462115 0.13173928 0.16499302 0.23141222 0.15480528 0.16149296 0.20688380 0.23149144 
0.18241635 0.17955996 0.17586979 0.29426525 0.21215216 0.27991088 0.13699981 0.14538981 0.16655294 0.20475619 0.18448282 0.13804126 0.21781457 0.13259951 0.13181616 0.16424166 0.11574546 0.10565380 0.17226158 0.18615628 0.22432703 0.13657580 0.25048805 0.31038164 0.36713042 0.00000000 0.38644326 0.12325495 0.13743211 0.26558024 0.49525282 0.21165161 0.18913526 0.23619538 0.34233514 0.15617543 0.18724174 0.17073986 0.15661267 0.18853568 0.14683765 0.14276446 0.20476296 0.30155722 0.18365927 0.21287834 0.15577517 0.25996246 0.13910978 0.15974072 0.16260409 0.22255620 0.24654510 0.16281030 0.22183323 0.15693584 0.11115297 0.18912377 0.19875071 0.13398260 0.11742401 0.22360005 0.19064067 0.09117677 0.17257682 0.18162215 0.15331665 0.13530442 0.14462215 0.09165280 0.11072897 0.08945768 0.14781033 0.14847786 0.21166206 0.12352285 0.15142400 0.18328350 0.20802744 0.17049678 0.26445163 0.17578912 0.09822173 0.19942082 0.11974707 0.16815685 0.21994648 0.13110923 0.21129886 0.20996812 0.16663532 0.13854695 0.09943335 0.48883317 0.31770081 0.12526677 0.24024786 0.30976798 0.13703620 0.07676524 0.12273227 0.24307401 0.17829046 
0.17907564 0.21566791 0.28979073 0.43484171 0.14976302 0.15743852 0.17724404 0.17576260 0.18110034 0.11413869 0.13151683 0.11665754 0.20397000 0.18869964 0.22223048 0.16400499 0.07818837 0.29895471 0.17528164 0.23323023 0.10802837 0.20436945 0.23681732 0.10251553 0.37671175 0.38644326 0.00000000 0.41443748 0.30550753 0.24767761 0.17902431 0.40566015 0.28091471 0.22884601 0.19525263 0.12954298 0.28385568 0.08986580 0.17450459 0.27710754 0.20328324 0.17619684 0.22175706 0.17490487 0.30559472 0.07576663 0.23996659 0.12031934 0.16403331 0.26063989 0.24274525 0.17615732 0.16216394 0.19616731 0.20768446 0.18205655 0.30988977 0.15068966 0.13924608 0.15909373 0.20329949 0.25350719 0.13914408 0.15082509 0.15721608 0.15011590 0.11153437 0.16109517 0.15686475 0.29977664 0.14204676 0.19544674 0.32316200 0.13350662 0.14183761 0.21307345 0.19901357 0.16371278 0.18431087 0.02914623 0.10880390 0.18752845 0.25722707 0.14281947 0.14199928 0.24841621 0.15556262 0.20408259 0.19644164 0.22096496 0.16591546 0.19669342 0.19236405 0.13296895 0.04990727 0.12136945 0.27056568 0.15461869 0.11523037 0.23979040 0.19370932 0.12620411 0.13958000 
0.25154362 0.21238805 0.24431742 0.39483366 0.19905686 0.19625145 0.19973447 0.20033075 0.14372078 0.22125322 0.19635263 0.15343172 0.20335789 0.15297208 0.23238562 0.17832608 0.20467793 0.15537936 0.17218931 0.24097662 0.24613405 0.23499015 0.14471047 0.12642493 0.14967004 0.12325495 0.41443748 0.00000000 0.41801492 0.29002643 0.15522941 0.21526034 0.17234805 0.17701377 0.16744132 0.08305172 0.20720768 0.14591989 0.21800584 0.09382246 0.17801849 0.16740590 0.18006143 0.15560898 0.30133088 0.20746108 0.20560623 0.22402203 0.28247229 0.19592029 0.14395101 0.14521881 0.13292793 0.17503496 0.18880842 0.18219379 0.21732778 0.15600896 0.25242113 0.20855029 0.23191917 0.25465317 0.22587509 0.22041303 0.18385434 0.18616519 0.12852852 0.18056964 0.10787291 0.17786561 0.11997982 0.31393660 0.12271466 0.19197591 0.08367109 0.15581790 0.11830227 0.13157554 0.22329407 0.21138854 0.17277829 0.15728213 0.30448659 0.09116711 0.18917142 0.09699333 0.07684109 0.23138660 0.15598615 0.14598493 0.16446491 0.09198295 0.24851713 0.17731545 0.20527911 0.23986866 0.20970201 0.32378102 0.22218930 0.21899345 0.22946004 0.21909986 0.21802648 
0.14863708 0.11697514 0.23922751 0.25758516 0.11259680 0.19642890 0.15337232 0.15952278 0.20478350 0.24406077 0.17554994 0.21706309 0.13147579 0.19154652 0.19596232 0.13432252 0.17611284 0.17477724 0.13062272 0.21938061 0.14970683 0.23539597 0.19632605 0.18454384 0.19783089 0.13743211 0.30550753 0.41801492 0.00000000 0.45241910 0.12757760 0.21613395 0.19116783 0.13511252 0.17737929 0.20556762 0.12746802 0.12782825 0.22095411 0.31271381 0.18465802 0.14975406 0.32864799 0.19647262 0.20435558 0.14806804 0.33597224 0.15873868 0.29375897 0.26610707 0.29807596 0.25405839 0.15289894 0.17363078 0.20035012 0.12440248 0.16011608 0.16640406 0.18600058 0.18171929 0.16523173 0.19920787 0.23316243 0.22428215 0.15835485 0.13066436 0.16872270 0.21633250 0.20841072 0.24326595 0.19775379 0.17805062 0.31776982 0.33551151 0.22452459 0.05460559 0.23368281 0.16499919 0.19529030 0.06328428 0.17780416 0.13696201 0.24432384 0.16607067 0.22296156 0.18038754 0.12753971 0.11765409 0.19813340 0.07644713 0.22203104 0.21291438 0.22241862 0.16538355 0.15669948 0.09480649 0.21064588 0.21961851 0.21966992 0.19296570 0.17783231 0.18786812 0.19218650 
0.12276634 0.13132893 0.28277382 0.25457270 0.24188910 0.16732889 0.09871345 0.10006636 0.13155262 0.16329094 0.17560044 0.18189288 0.23040854 0.11119614 0.15068115 0.15967653 0.22651192 0.19275085 0.28702649 0.16213147 0.18769795 0.19128260 0.15561310 0.18825293 0.24810422 0.26558024 0.24767761 0.29002643 0.45241910 0.00000000 0.25075461 0.63774645 0.19955101 0.28998122 0.29744576 0.20347682 0.27658299 0.17574995 0.20820570 0.23833718 0.28038875 0.12203910 0.20014795 0.14746492 0.31302715 0.18276963 0.35469579 0.19413270 0.26976909 0.24163257 0.27392871 0.11542999 0.16890016 0.12577931 0.13669327 0.28668267 0.21269289 0.11152946 0.19640294 0.15893069 0.17686564 0.15103508 0.17271855 0.18234224 0.20667291 0.14264990 0.19931329 0.12528549 0.17956780 0.15620306 0.24457959 0.14585062 0.26680005 0.13180415 0.25577573 0.10621089 0.12867622 0.13748586 0.10338369 0.15464185 0.24659609 0.21647588 0.12881528 0.21676656 0.17813835 0.15021292 0.21871604 0.16444099 0.17718303 0.09144324 0.12276841 0.10709638 0.17586684 0.17051835 0.11359217 0.21324101 0.19398450 0.14605952 0.21276617 0.22700980 0.18736925 0.16087408 0.15967684 
0.23031241 0.19951955 0.22415910 0.18879922 0.16917079 0.17480723 0.16933584 0.11809466 0.26950948 0.13237905 0.19215861 0.25043465 0.11074874 0.14157243 0.23117873 0.18052804 0.16640424 0.17406299 0.22736192 0.18161135 0.13443083 0.15943411 0.22999537 0.46973316 0.18753940 0.49525282 0.17902431 0.15522941 0.12757760 0.25075461 0.00000000 0.23460519 0.26300313 0.14384606 0.26449580 0.17734526 0.12594728 0.22600054 0.14973956 0.19283449 0.26162704 0.15789603 0.16206819 0.20233982 0.14272433 0.50384731 0.17598306 0.25932166 0.15190907 0.20401214 0.19271098 0.16138802 0.20506329 0.08159899 0.13594265 0.07642687 0.13956986 0.10125207 0.19571910 0.23403448 0.13611337 0.27073320 0.20694114 0.13946857 0.20276310 0.15911021 0.14206750 0.18566809 0.16259579 0.17344241 0.15775244 0.14874684 0.16134794 0.20021654 0.18073890 0.15105350 0.13083847 0.14268795 0.12319433 0.20673222 0.22585447 0.11840874 0.17009570 0.16340880 0.17223561 0.11077994 0.09076721 0.23602385 0.16011234 0.15296021 0.18583364 0.30746702 0.10602450 0.16530139 0.26680886 0.15410406 0.08712174 0.21233766 0.30050922 0.17373973 0.24973388 0.23974357 0.15903091 
0.17613075 0.20135304 0.27419644 0.34279187 0.06972565 0.27306660 0.13294727 0.15574715 0.16070955 0.12433826 0.10371659 0.24232235 0.17925688 0.28184287 0.23121095 0.18395141 0.11437745 0.16963170 0.16350359 0.14186542 0.18618398 0.08993966 0.17315106 0.08326507 0.22584905 0.21165161 0.40566015 0.21526034 0.21613395 0.63774645 0.23460519 0.00000000 0.15797805 0.39045300 0.08312910 0.19944015 0.13551304 0.24404115 0.31055383 0.24119566 0.27813144 0.37497499 0.15687307 0.24859558 0.27811870 0.21019055 0.21297841 0.17036542 0.23649456 0.27446031 0.34629741 0.17735691 0.27633588 0.26108088 0.15551031 0.13011749 0.09388387 0.17419027 0.18572276 0.17865530 0.17604173 0.17533580 0.18808819 0.15568291 0.12216007 0.16517928 0.10833586 0.25794119 0.13343140 0.17067880 0.15172647 0.22416621 0.26265718 0.13821990 0.31580378 0.16494452 0.20301495 0.22678099 0.12233761 0.16930480 0.13973010 0.11990799 0.06374290 0.10197118 0.15407035 0.12236012 0.11584604 0.09571917 0.13259215 0.24393128 0.21424236 0.14408128 0.13434286 0.22839995 0.17633483 0.19462276 0.21782370 0.18791610 0.22007830 0.20329567 0.14277949 0.20372813 0.14700504 
0.16632909 0.17697859 0.11269029 0.12807576 0.16896033 0.19117084 0.17172360 0.19768640 0.11029469 0.13768281 0.67856515 0.24863017 0.22035904 0.25392980 0.15224855 0.18090153 0.17095343 0.23481878 0.19610955 0.25768979 0.24448510 0.58318740 0.25872610 0.66219131 0.18563014 0.18913526 0.28091471 0.17234805 0.19116783 0.19955101 0.26300313 0.15797805 0.00000000 0.18147262 0.16318932 0.19967319 0.12296651 0.23498771 0.22961206 0.16566493 0.10944395 0.15298201 0.29337090 0.68569529 0.21335694 0.21718564 0.18018090 0.20884669 0.16417463 0.13384265 0.11475446 0.23987958 0.17687248 0.15887172 0.14940961 0.17912189 0.11180233 0.11727602 0.06633273 0.12056645 0.12733891 0.11326224 0.13318823 0.09034358 0.12200906 0.07727998 0.09903948 0.10484315 0.13568798 0.09763649 0.26429066 0.18721762 0.18678755 0.13094665 0.13287957 0.29063671 0.23198502 0.22811001 0.15253488 0.39828963 0.19850597 0.17674615 0.12942990 0.15236033 0.14574854 0.12020001 0.04465558 0.17228100 0.14296023 0.13994946 0.18147471 0.17487056 0.12174767 0.07360928 0.13925921 0.18853550 0.17141732 0.18381250 0.19866527 0.10374818 0.20206474 0.12346760 0.12489120 
0.20098209 0.18662700 0.26281653 0.24174278 0.20862611 0.30792939 0.22237676 0.22850702 0.16828952 0.18815660 0.15472491 0.27051446 0.25313125 0.14160462 0.15832028 0.18127701 0.26117593 0.21124221 0.17187326 0.30049269 0.09447367 0.15620279 0.24100062 0.15617749 0.45649940 0.23619538 0.22884601 0.17701377 0.13511252 0.28998122 0.14384606 0.39045300 0.18147262 0.00000000 0.16743760 0.28280606 0.07489483 0.20252111 0.12241954 0.22554959 0.19551903 0.44823060 0.20350111 0.33257751 0.26424962 0.24228911 0.12634765 0.13636760 0.14337834 0.03392270 0.14202337 0.23374446 0.09381827 0.16781859 0.12114009 0.12348522 0.15113385 0.20980427 0.18644117 0.10013576 0.15622188 0.20185532 0.12166358 0.12789478 0.19356776 0.30146393 0.21570341 0.20972058 0.23390896 0.09149896 0.11232275 0.22103061 0.21623273 0.19171373 0.13318954 0.19301751 0.15239966 0.20182785 0.15308764 0.15274716 0.17303523 0.13019997 0.07868716 0.14681012 0.19241909 0.26179582 0.20986876 0.24834616 0.10991129 0.12500595 0.14057908 0.18201734 0.17204027 0.22850105 0.18075645 0.09234400 0.20410636 0.13120136 0.17318573 0.18204189 0.18619038 0.16629117 0.21258666 
0.13726812 0.20171748 0.17842542 0.23201282 0.19744991 0.24168985 0.13712801 0.10155103 0.12626433 0.13226068 0.18365085 0.20118972 0.13438089 0.24408072 0.18709813 0.21274287 0.23877256 0.18488397 0.34412521 0.22430698 0.10584581 0.17316372 0.19812614 0.12772940 0.19447080 0.34233514 0.19525263 0.16744132 0.17737929 0.29744576 0.26449580 0.08312910 0.16318932 0.16743760 0.00000000 0.32828431 0.25162626 0.23387579 0.34131609 0.26196543 0.20393551 0.31128679 0.56187735 0.22441826 0.12747230 0.08839613 0.10955472 0.19012450 0.13618677 0.25083865 0.09541449 0.09620263 0.14169733 0.22153613 0.20524892 0.24373009 0.20827478 0.24430023 0.24007365 0.16410906 0.11401784 0.12334454 0.26417132 0.13385610 0.13869187 0.24175260 0.25826042 0.20162087 0.16462035 0.15198694 0.14665167 0.29818253 0.26459704 0.17138085 0.15194209 0.17799854 0.16642876 0.18772933 0.26166168 0.10497109 0.21236251 0.20789252 0.18817863 0.17023062 0.22098549 0.17901593 0.12697447 0.14002107 0.24696215 0.17563395 0.14847258 0.24506379 0.07913037 0.19651575 0.08613118 0.20746991 0.16234864 0.13942553 0.16336504 0.21094786 0.15634658 0.16154262 0.20058127 
