0.00000000 0.11172224 0.08726389 0.05190658 0.07457419 0.09113576 0.05194667 0.08014268 0.06889351 0.06717635 0.09308847 0.09152767 0.08427100 0.07704958 0.08393722 0.07912855 0.06529746 0.06570051 0.11119403 0.07415783 0.06630738 0.10134567 0.07868282 0.08212968 0.09234568 0.06992546 0.06720616 0.06508827 0.05619352 0.04429343 0.11786439 0.06604943 0.10238692 0.07155726 0.06275115 0.07260134 0.07218801 0.06268990 0.08071326 0.08010736 0.07387845 0.07055761 0.04071180 0.08015258 0.05652451 0.05425729 0.05393395 0.04415116 0.05662153 0.08411307 0.04587285 0.08760477 0.06376199 0.06302843 0.08122067 0.05970978 0.04881285 0.05230425 0.08358032 0.08349432 0.09233860 0.07452636 0.08360610 0.07570891 0.08489640 0.05865056 0.06258414 0.06233102 0.08549248 0.07500217 0.06592247 0.06739983 0.07674727 0.09267000 0.07379978 0.05705265 0.06422116 0.07523200 0.06302817 0.08401866 0.04964231 0.07120733 0.10291390 0.06534351 0.05911686 0.04872599 0.06233362 0.05159058 0.08193686 0.07668679 0.06511371 0.09540269 0.09415742 0.03909119 0.09622109 0.05844404 0.07127029 0.04998685 0.06019152 0.06471660 0.08927664 0.09375281 0.07741623 
0.11172224 0.00000000 0.08740432 0.09324466 0.08605911 0.08911618 0.08078447 0.07829394 0.09235616 0.05856679 0.07361140 0.07711952 0.05141308 0.07788867 0.09729228 0.05803029 0.05266842 0.07416848 0.08834929 0.06348707 0.06476157 0.08031196 0.08874906 0.09370395 0.06636693 0.06908587 0.07125565 0.08886586 0.06683093 0.07916200 0.05151392 0.08983553 0.08162406 0.05177824 0.05012826 0.07810592 0.04031511 0.06704706 0.07791615 0.09292808 0.06758058 0.07886582 0.08194000 0.08716873 0.07063902 0.08685844 0.08370813 0.11771500 0.08816937 0.08434643 0.05831434 0.07938654 0.05444755 0.07347906 0.04827686 0.08281573 0.06491789 0.06559428 0.06405463 0.07560315 0.08232134 0.06793148 0.07728400 0.05808460 0.05648324 0.03955070 0.08599489 0.03584439 0.06159830 0.07639123 0.06828773 0.06583320 0.05963128 0.07534687 0.09619381 0.04441118 0.10274826 0.07300092 0.07821148 0.02743770 0.06588976 0.07689112 0.05784563 0.09810754 0.07531342 0.06887481 0.05862173 0.05054799 0.07978604 0.07690705 0.08042879 0.07921307 0.04941285 0.06038393 0.11082817 0.06787897 0.08438658 0.07687490 0.09432611 0.07057625 0.08268151 0.11134264 0.09866844 
0.08726389 0.08740432 0.00000000 0.11791087 0.08750282 0.08605852 0.04442589 0.09313737 0.07252765 0.10614292 0.06274368 0.08785610 0.06076884 0.08331020 0.05919232 0.09336211 0.05415288 0.05882436 0.07904732 0.05808871 0.13001345 0.04889156 0.04941251 0.12174399 0.06311745 0.05566712 0.10097189 0.10129162 0.06953775 0.09837326 0.05318708 0.08993040 0.07707648 0.10150467 0.03384515 0.09221983 0.08298892 0.08938797 0.08419984 0.08983497 0.09343498 0.08487613 0.07825982 0.03799823 0.03984416 0.08153370 0.08977775 0.09172049 0.06527702 0.05279987 0.04317530 0.05808840 0.04794594 0.05372974 0.07059084 0.06516458 0.08029149 0.07895533 0.09721596 0.03385701 0.06504000 0.06932616 0.04562328 0.06128845 0.07128746 0.06720914 0.13594501 0.09326487 0.05843310 0.06269787 0.06928276 0.06742223 0.06058864 0.06057824 0.10478596 0.01939103 0.06951436 0.11065800 0.03768682 0.06849415 0.06073117 0.08977178 0.05962548 0.06222367 0.03273096 0.09917560 0.08060908 0.04859082 0.08526422 0.08416513 0.07756845 0.06134141 0.06548349 0.10214692 0.09475694 0.06161383 0.06217823 0.07661894 0.06453091 0.09034089 0.07223982 0.09981173 0.06917660 
0.05190658 0.09324466 0.11791087 0.00000000 0.15800102 0.07411709 0.08061146 0.09894231 0.05215373 0.11404313 0.09905952 0.08665009 0.04008897 0.10557495 0.07438464 0.06050667 0.03073557 0.03662893 0.06430087 0.09217913 0.02150373 0.04811937 0.11685332 0.05915867 0.08559117 0.11348672 0.04855652 0.11303640 0.05928105 0.08012809 0.05574586 0.08037807 0.03807861 0.06978259 0.09577058 0.05597302 0.14313288 0.07226777 0.10700737 0.07537833 0.07142064 0.09054494 0.05261956 0.03648307 0.03897949 0.04918178 0.10701165 0.05406403 0.08458207 0.05590202 0.08175068 0.06671517 0.05195157 0.06141850 0.08917163 0.05828459 0.07565543 0.06923628 0.08671604 0.12299443 0.07421637 0.06340928 0.05857554 0.06306560 0.08484670 0.07116557 0.08089816 0.09272693 0.05482123 0.06060058 0.03456384 0.06417042 0.04207319 0.06541736 0.12392858 0.08057051 0.01572251 0.07153756 0.04986172 0.06408451 0.08321228 0.07143878 0.04794045 0.09080170 0.07928732 0.06830569 0.05032065 0.07008156 0.07827774 0.07660223 0.07402022 0.07282099 0.07984490 0.09672296 0.06173558 0.09109479 0.13561394 0.12174169 0.09343764 0.07700121 0.07246734 0.06120856 0.07211077 
0.07457419 0.08605911 0.08750282 0.15800102 0.00000000 0.11113280 0.12939268 0.08177218 0.07949237 0.06626204 0.12408349 0.09310462 0.09077484 0.07639540 0.08474537 0.07323069 0.09980388 0.08875610 0.07568877 0.08244545 0.02995285 0.05465956 0.04338696 0.06021287 0.06900318 0.07732470 0.05645487 0.10723077 0.08129969 0.06881721 0.05840443 0.06897920 0.03474621 0.08668477 0.03842405 0.08104772 0.10770129 0.10160250 0.06041110 0.09376227 0.09598292 0.06703241 0.06372556 0.04424015 0.06640666 0.07088510 0.05933805 0.08056885 0.05933761 0.09237564 0.03363000 0.04725743 0.06035341 0.10767751 0.05457238 0.08265041 0.06713373 0.05851361 0.06081213 0.10130252 0.07076855 0.05959529 0.04376826 0.06992156 0.03327820 0.05750106 0.08892139 0.09306554 0.09136449 0.03118533 0.06380524 0.05818144 0.04091227 0.11231828 0.08220327 0.08432543 0.06984982 0.06529052 0.04810809 0.08526784 0.11281932 0.09529039 0.06060720 0.05133839 0.05569598 0.06090900 0.05790227 0.09488364 0.07726777 0.18806771 0.08065695 0.04432562 0.05191094 0.12222320 0.06229071 0.07644891 0.05995187 0.06240234 0.08394935 0.06607520 0.03101382 0.05628149 0.05547309 
0.09113576 0.08911618 0.08605852 0.07411709 0.11113280 0.00000000 0.09896160 0.05901380 0.14977754 0.09753017 0.08177500 0.06689778 0.08003830 0.07805463 0.05568113 0.07757207 0.07646169 0.07590229 0.07539755 0.06404307 0.06638947 0.09971969 0.08465591 0.05851956 0.06336049 0.10304357 0.04563132 0.11860492 0.05326832 0.04032578 0.07395520 0.07730670 0.05954444 0.06980338 0.05269235 0.10724261 0.09528730 0.08254435 0.12560440 0.06794822 0.09999267 0.04109842 0.09709630 0.08855174 0.07901777 0.06310329 0.06536280 0.08388237 0.04522100 0.10699694 0.08360421 0.05569342 0.07439158 0.05317755 0.08321580 0.06852459 0.04527467 0.06044512 0.06793873 0.08568163 0.09480563 0.10252685 0.05807417 0.05879910 0.05772556 0.09478667 0.04161533 0.06629157 0.08409112 0.07289352 0.05189993 0.06768637 0.05637769 0.04291878 0.09735488 0.06456891 0.06403027 0.08386879 0.06017413 0.10402267 0.09044878 0.05238620 0.05016902 0.09613725 0.04609550 0.05593966 0.05134416 0.10068417 0.06318978 0.04111815 0.04985339 0.05527536 0.08158507 0.09110409 0.05978611 0.10506063 0.07545526 0.06749036 0.06056412 0.10234893 0.06216638 0.09000936 0.07015086 
0.05194667 0.08078447 0.04442589 0.08061146 0.12939268 0.09896160 0.00000000 0.04890746 0.12134068 0.07955236 0.15186692 0.09473564 0.11754609 0.09041652 0.06872293 0.06734734 0.05243811 0.07346176 0.04918402 0.05134035 0.05686825 0.08160763 0.05986583 0.11941733 0.07294072 0.07284440 0.07964529 0.04882068 0.07977324 0.08477259 0.05309560 0.06391082 0.05448463 0.05372915 0.05302163 0.07607464 0.07050160 0.07746632 0.07217796 0.07792849 0.07245396 0.07079015 0.06793642 0.07354662 0.07633777 0.05433082 0.05178137 0.09335296 0.04658159 0.07048107 0.08050972 0.10313695 0.08072528 0.09583654 0.07903344 0.07474197 0.07486525 0.07373989 0.07323214 0.09876408 0.07571089 0.03665574 0.05515168 0.07737120 0.05066439 0.07124314 0.06286445 0.09580008 0.04645036 0.08917027 0.06663097 0.08016903 0.06349270 0.10145900 0.05774308 0.06744303 0.06291337 0.08815185 0.08153260 0.05876706 0.05144402 0.07072127 0.05911632 0.06666165 0.04918489 0.04310903 0.06852019 0.08215988 0.08988961 0.05810762 0.06844840 0.09763462 0.06101068 0.06792105 0.06174941 0.08324624 0.06948670 0.07451205 0.07112478 0.05886502 0.06768508 0.06410196 0.06473032 
0.08014268 0.07829394 0.09313737 0.09894231 0.08177218 0.05901380 0.04890746 0.00000000 0.08133124 0.07707674 0.07123660 0.12112566 0.03975486 0.08337955 0.08261281 0.10759783 0.04755227 0.06609876 0.12316810 0.08740842 0.10702473 0.05969113 0.11851449 0.08139488 0.08004746 0.09386949 0.07881804 0.08014205 0.09326744 0.07602734 0.02425069 0.03348740 0.07566557 0.06740569 0.05654434 0.12915529 0.12297908 0.06580283 0.07955741 0.07566842 0.08764834 0.05411252 0.09149763 0.09119712 0.05984965 0.08556684 0.07200270 0.07864929 0.08619273 0.03719220 0.08279673 0.06566869 0.07676883 0.09614685 0.06266654 0.06310838 0.07596736 0.07462771 0.07366013 0.07058528 0.06964925 0.06405413 0.07880021 0.08914362 0.07978936 0.04645508 0.04197982 0.08053979 0.10975264 0.06381408 0.09371682 0.06055466 0.06088379 0.04175881 0.06125800 0.01842277 0.05320622 0.11318772 0.04914620 0.08112876 0.08199235 0.09242181 0.06110127 0.07678643 0.08940265 0.06275814 0.04175171 0.08936532 0.06067956 0.04879943 0.09614062 0.02558447 0.05763537 0.05862667 0.07373237 0.09003403 0.06437734 0.13861943 0.07697887 0.07588415 0.06772630 0.03518659 0.05848248 
0.06889351 0.09235616 0.07252765 0.05215373 0.07949237 0.14977754 0.12134068 0.08133124 0.00000000 0.06768549 0.13887620 0.11300893 0.06505176 0.05387298 0.10685842 0.08137386 0.07773866 0.04930870 0.06601878 0.11480313 0.05285550 0.07144247 0.09162863 0.10241534 0.04866496 0.05474053 0.09837473 0.06957335 0.06734540 0.06690656 0.11710686 0.06420298 0.09844709 0.03556361 0.08690291 0.06542773 0.05415860 0.10385987 0.05457404 0.08309284 0.07046326 0.03668876 0.07225232 0.06308435 0.05877465 0.05606324 0.08201385 0.11820149 0.05030787 0.05559487 0.06520942 0.05673034 0.07197015 0.08962558 0.04358162 0.07849595 0.04260978 0.08300578 0.06640929 0.07263914 0.09007765 0.09327978 0.05565724 0.08162496 0.10208786 0.08835085 0.05023705 0.12372539 0.08796060 0.04954958 0.03638970 0.04935582 0.02917457 0.06563831 0.04338441 0.02961979 0.08788789 0.10520850 0.04507789 0.08676359 0.07271017 0.15535635 0.06513088 0.06037397 0.06462888 0.05471762 0.07686243 0.04457920 0.08157556 0.09726132 0.07534411 0.10980552 0.04466250 0.04991895 0.09293261 0.04428880 0.03800967 0.05122736 0.04766175 0.05198754 0.06540034 0.09764573 0.09152479 
0.06717635 0.05856679 0.10614292 0.11404313 0.06626204 0.09753017 0.07955236 0.07707674 0.06768549 0.00000000 0.09385297 0.10138590 0.13865690 0.12069055 0.11287000 0.08161705 0.08356311 0.09801694 0.07423659 0.05515927 0.05612355 0.08014155 0.12616669 0.11243536 0.06590391 0.04745239 0.05535030 0.07332814 0.09165406 0.07209893 0.05781044 0.03943363 0.06098289 0.08151520 0.05559250 0.05964228 0.13062548 0.05906545 0.08627085 0.06142298 0.08671572 0.06572103 0.05104857 0.03840577 0.05680406 0.01066630 0.10519871 0.07285223 0.10770409 0.06665291 0.05562265 0.04287297 0.07321978 0.07797970 0.05773139 0.06060236 0.07478523 0.08339686 0.03896055 0.06527173 0.07215932 0.08081065 0.06342967 0.07683700 0.09988094 0.05453140 0.06660819 0.09613613 0.06111979 0.06770057 0.05759975 0.06543093 0.05377512 0.05729261 0.06541409 0.09270999 0.07875327 0.06294797 0.04349808 0.07175491 0.11580927 0.08083075 0.09655542 0.10500697 0.12433796 0.11083089 0.06416890 0.07433473 0.07044758 0.05927099 0.07747931 0.07083226 0.08187488 0.05655736 0.07442724 0.06625359 0.07347308 0.07773546 0.06963180 0.07189915 0.06863990 0.09264643 0.06876306 
0.09308847 0.07361140 0.06274368 0.09905952 0.12408349 0.08177500 0.15186692 0.07123660 0.13887620 0.09385297 0.00000000 0.10044223 0.16650732 0.09601834 0.07805177 0.08904236 0.09632394 0.07673295 0.07259813 0.12580931 0.04236889 0.11179930 0.07427396 0.13571519 0.05390484 0.09070744 0.05510938 0.07049216 0.07347572 0.04861462 0.09987425 0.05154106 0.20334511 0.03822956 0.05653804 0.04345109 0.10646482 0.06524176 0.03378656 0.05861758 0.06879333 0.04904290 0.07776048 0.09215087 0.07119999 0.08886844 0.04900764 0.05520272 0.05651886 0.04869636 0.08037484 0.04735665 0.04181991 0.09290230 0.07595873 0.06529408 0.05577701 0.05124775 0.06361837 0.10005968 0.11188406 0.08600827 0.08079527 0.04998939 0.06313715 0.04117344 0.03217659 0.05216569 0.06649076 0.04812963 0.08637536 0.06114033 0.08425554 0.05340011 0.06608261 0.09238121 0.05739953 0.07062867 0.05344190 0.05290208 0.06558699 0.06674526 0.06607727 0.04486736 0.03911167 0.09490904 0.06430733 0.07794532 0.05240067 0.06237849 0.07534094 0.06609282 0.06713524 0.03456628 0.08165201 0.04695024 0.05270783 0.03829886 0.07703884 0.03784355 0.07582964 0.06598051 0.06186024 
0.09152767 0.07711952 0.08785610 0.08665009 0.09310462 0.06689778 0.09473564 0.12112566 0.11300893 0.10138590 0.10044223 0.00000000 0.08275195 0.12262570 0.08253231 0.18504706 0.08766830 0.09670355 0.11049455 0.09978454 0.09042611 0.08541641 0.11008796 0.07658420 0.06767680 0.09620294 0.08257148 0.09755171 0.08917379 0.09101131 0.04317791 0.04158034 0.09716622 0.13054684 0.04390661 0.07379104 0.06046078 0.06250965 0.06713202 0.08395220 0.08990832 0.11330522 0.06810565 0.06268110 0.05820511 0.08599973 0.06988641 0.05687303 0.06349502 0.02225120 0.08322017 0.06444677 0.10663929 0.05051557 0.05438279 0.09322567 0.04945879 0.03484000 0.11688447 0.07664144 0.06098514 0.04787968 0.03724405 0.06232158 0.05415260 0.08757335 0.11285901 0.06726106 0.10204949 0.06448114 0.04910622 0.05826818 0.04676238 0.05935683 0.05315209 0.10811663 0.09151729 0.03786410 0.04967804 0.08145961 0.06748548 0.05084096 0.01751660 0.02600552 0.05049125 0.06048130 0.05826099 0.06132399 0.05203718 0.07988797 0.05993668 0.05148611 0.04432815 0.09691117 0.03597290 0.09831436 0.05913347 0.04926379 0.09864500 0.06755502 0.06942616 0.05020086 0.07599052 
0.08427100 0.05141308 0.06076884 0.04008897 0.09077484 0.08003830 0.11754609 0.03975486 0.06505176 0.13865690 0.16650732 0.08275195 0.00000000 0.13440041 0.08684575 0.12399622 0.15703829 0.16420176 0.07494225 0.09341030 0.06076460 0.11315468 0.08219661 0.14335754 0.04432314 0.08482549 0.05666381 0.07325411 0.06359564 0.06379545 0.07994380 0.03031353 0.12877057 0.07035178 0.06753410 0.06259263 0.06669941 0.04458101 0.05958197 0.03890754 0.06286558 0.07160602 0.08864583 0.06711995 0.09267525 0.08238849 0.05622859 0.06969719 0.05053434 0.08057664 0.07293751 0.06254894 0.08949204 0.07435306 0.04377924 0.05340860 0.08238570 0.07638753 0.08554126 0.04216622 0.06607619 0.06224902 0.05697335 0.06095642 0.07338632 0.05430393 0.06118034 0.07558004 0.04730663 0.06276702 0.02851110 0.08091808 0.07951314 0.04273825 0.09304254 0.13274202 0.10798260 0.12509267 0.10465871 0.09318236 0.05858986 0.04068914 0.05739742 0.04758451 0.05701723 0.07209948 0.07671286 0.07613622 0.02803960 0.06698482 0.09074886 0.08199533 0.05649296 0.03504574 0.06468445 0.07548871 0.06064071 0.04842887 0.05486836 0.03017861 0.06371355 0.06876904 0.05145170 
0.07704958 0.07788867 0.08331020 0.10557495 0.07639540 0.07805463 0.09041652 0.08337955 0.05387298 0.12069055 0.09601834 0.12262570 0.13440041 0.00000000 0.10007738 0.12058258 0.08244392 0.10783589 0.08973879 0.08698948 0.04129074 0.08705980 0.07461705 0.05704117 0.08278806 0.07439747 0.07243860 0.07254557 0.06118560 0.06401601 0.09718888 0.07582195 0.07567819 0.07680741 0.10004830 0.05214430 0.07214694 0.05156039 0.09557078 0.07969707 0.03056475 0.10561057 0.07267341 0.09539931 0.06798078 0.05763082 0.04904293 0.07902632 0.06086287 0.09146791 0.07230268 0.06324686 0.09091548 0.08132455 0.05256403 0.06654821 0.04114558 0.04772359 0.04641113 0.08937545 0.06610276 0.06055419 0.08017152 0.06396461 0.09261195 0.04983017 0.05537049 0.06579565 0.07079339 0.07695254 0.07911858 0.10157359 0.08351975 0.05955737 0.07775785 0.06334620 0.07674340 0.10329103 0.07368455 0.05531390 0.09184341 0.08550623 0.03702101 0.07304360 0.07014324 0.06019596 0.07159949 0.09760773 0.03343978 0.06288267 0.07780308 0.06800079 0.08406590 0.08807827 0.08310592 0.06411802 0.07361612 0.05199883 0.05797911 0.07289631 0.07478298 0.06772979 0.07020662 
0.08393722 0.09729228 0.05919232 0.07438464 0.08474537 0.05568113 0.06872293 0.08261281 0.10685842 0.11287000 0.07805177 0.08253231 0.08684575 0.10007738 0.00000000 0.13183479 0.09156042 0.08976902 0.06536858 0.03233860 0.11336543 0.05512328 0.03443036 0.07401252 0.07437362 0.06710960 0.10463870 0.09746647 0.04290866 0.08013112 0.11875997 0.09784194 0.06592690 0.06769940 0.09121668 0.10400814 0.06677421 0.05682146 0.09525187 0.09497099 0.06527703 0.09712108 0.04674641 0.07081691 0.09875256 0.05797109 0.10348038 0.06953598 0.08471535 0.06645814 0.06728135 0.07901153 0.07514330 0.09010839 0.06745399 0.08760442 0.05974699 0.05695825 0.06454637 0.10846068 0.07419635 0.08191038 0.05760658 0.05627686 0.07278187 0.07462675 0.03834032 0.08590227 0.08217776 0.07730640 0.10534703 0.05708777 0.07872138 0.06591509 0.06243980 0.08166282 0.09209343 0.12680329 0.05626476 0.03938482 0.05989727 0.04284679 0.07092073 0.05252053 0.08228441 0.08021542 0.08133839 0.03275203 0.09002610 0.07066997 0.06370523 0.07602577 0.06844046 0.05147823 0.04922666 0.09194764 0.01820935 0.08803540 0.07123443 0.07184868 0.05358898 0.05599074 0.06456093 
0.07912855 0.05803029 0.09336211 0.06050667 0.07323069 0.07757207 0.06734734 0.10759783 0.08137386 0.08161705 0.08904236 0.18504706 0.12399622 0.12058258 0.13183479 0.00000000 0.13108919 0.12649084 0.10450222 0.09858497 0.07157787 0.12096237 0.07668032 0.14915221 0.07949381 0.06387575 0.07874160 0.05625308 0.04200732 0.03786188 0.06251948 0.09913006 0.09232450 0.11371872 0.03502468 0.08580057 0.04304918 0.07556897 0.04931116 0.06149139 0.05232268 0.07541491 0.07753844 0.09205769 0.08863710 0.08358023 0.05660117 0.04831422 0.07170014 0.06370771 0.07081440 0.05081300 0.06474625 0.07156373 0.10686448 0.03693595 0.05406285 0.07463523 0.05416149 0.06874607 0.05957422 0.04991809 0.07263408 0.11182757 0.05994159 0.08186656 0.07253022 0.06460598 0.10766031 0.07414003 0.06811887 0.06838257 0.08661055 0.06849488 0.05704008 0.05408093 0.06514715 0.07648797 0.05333627 0.08966141 0.07798987 0.08439195 0.07268775 0.07566021 0.04660677 0.06248401 0.07732868 0.03090211 0.09954702 0.05848946 0.06110397 0.06797006 0.06748544 0.06870664 0.03854125 0.08928889 0.06529589 0.06565541 0.03402543 0.06296335 0.05797605 0.05998250 0.07067225 
0.06529746 0.05266842 0.05415288 0.03073557 0.09980388 0.07646169 0.05243811 0.04755227 0.07773866 0.08356311 0.09632394 0.08766830 0.15703829 0.08244392 0.09156042 0.13108919 0.00000000 0.15611250 0.07250981 0.14594007 0.05429219 0.10849330 0.08519804 0.11043084 0.04942365 0.10260080 0.04227764 0.06074761 0.11560050 0.04724245 0.06139779 0.05118797 0.07198280 0.11591146 0.03523585 0.09524339 0.05951507 0.04324089 0.06645058 0.06527824 0.07478645 0.09299550 0.09682559 0.10466231 0.05825347 0.08372529 0.02386957 0.05303644 0.05436798 0.07321190 0.07100017 0.05498739 0.04963155 0.09917991 0.05731496 0.05844454 0.09922240 0.07609957 0.06121246 0.05645933 0.06099919 0.08127374 0.07915476 0.06308050 0.07500266 0.07797815 0.07052647 0.11774878 0.04126613 0.05580226 0.07308963 0.07480328 0.04684483 0.11401662 0.05463611 0.07234675 0.10759515 0.11470380 0.07612650 0.02240053 0.07371781 0.07752091 0.03774088 0.09248381 0.08777825 0.07962209 0.10482895 0.07246084 0.07559311 0.11896520 0.08104106 0.05736713 0.08621977 0.03181565 0.08565099 0.01735847 0.04091816 0.06643007 0.05963569 0.08226006 0.06641034 0.07637913 0.05054398 
0.06570051 0.07416848 0.05882436 0.03662893 0.08875610 0.07590229 0.07346176 0.06609876 0.04930870 0.09801694 0.07673295 0.09670355 0.16420176 0.10783589 0.08976902 0.12649084 0.15611250 0.00000000 0.12323071 0.11652984 0.06289804 0.06976011 0.12247036 0.09313788 0.06634493 0.05303844 0.06977602 0.08502858 0.05268703 0.06717551 0.06510117 0.07954657 0.09428928 0.07249253 0.06322104 0.10403978 0.07422384 0.07484548 0.06731856 0.05291211 0.04357867 0.06136238 0.04069232 0.11826583 0.12718710 0.13216740 0.11057941 0.05366167 0.07635133 0.04067615 0.04458779 0.08731814 0.08966556 0.08661852 0.08307831 0.03932396 0.08226603 0.06359148 0.07573309 0.05778170 0.05642415 0.04511012 0.10735152 0.04704581 0.08070120 0.05033703 0.06265789 0.09914528 0.04457954 0.08562064 0.03187040 0.06905027 0.03714341 0.12598198 0.05696427 0.09904916 0.06970320 0.10336686 0.07018958 0.06523640 0.07847685 0.06080371 0.05505812 0.13706981 0.05262239 0.04744380 0.07404242 0.06540484 0.03365057 0.11637790 0.06373171 0.04807292 0.04008919 0.07000209 0.06795691 0.06081672 0.06780460 0.05712972 0.04941488 0.04927608 0.06423695 0.08415055 0.04807000 
0.11119403 0.08834929 0.07904732 0.06430087 0.07568877 0.07539755 0.04918402 0.12316810 0.06601878 0.07423659 0.07259813 0.11049455 0.07494225 0.08973879 0.06536858 0.10450222 0.07250981 0.12323071 0.00000000 0.05769758 0.05948534 0.10836614 0.06991702 0.04291691 0.08304423 0.04897516 0.08172700 0.06357184 0.04863958 0.08366533 0.07371248 0.04225528 0.05112775 0.05927398 0.06710936 0.06896432 0.05025066 0.06894024 0.08101071 0.05859225 0.07051023 0.08065320 0.10612277 0.07327678 0.04942405 0.09258611 0.06741840 0.07905819 0.06452412 0.08316640 0.11826518 0.07776087 0.06007627 0.06827429 0.08008603 0.08446958 0.07580867 0.06724894 0.07486963 0.04945818 0.02719890 0.00920180 0.07003971 0.06092331 0.09391439 0.10115871 0.08689477 0.07587640 0.07573713 0.08308937 0.08353767 0.08860575 0.06051104 0.07274470 0.07241625 0.04689888 0.06769303 0.06961770 0.11159039 0.09745987 0.10054603 0.10101576 0.08226360 0.03650655 0.07047418 0.06698914 0.07845034 0.08740157 0.05780112 0.07374762 0.06356551 0.03496369 0.06059780 0.06270611 0.07381201 0.07835073 0.09208820 0.09827023 0.06977975 0.06818042 0.04114586 0.04717784 0.06331271 
0.07415783 0.06348707 0.05808871 0.09217913 0.08244545 0.06404307 0.05134035 0.08740842 0.11480313 0.05515927 0.12580931 0.09978454 0.09341030 0.08698948 0.03233860 0.09858497 0.14594007 0.11652984 0.05769758 0.00000000 0.07407978 0.14434391 0.05291040 0.05773347 0.05349395 0.10845221 0.08083569 0.05373487 0.06307299 0.04035662 0.12130787 0.06936170 0.09169949 0.05035875 0.11206790 0.10411110 0.07952224 0.04224292 0.03788961 0.08903521 0.06426746 0.05091758 0.12062978 0.07827455 0.02248601 0.08570816 0.04637968 0.07256273 0.09401240 0.10607793 0.08477360 0.08501890 0.05739452 0.05748389 0.05532723 0.03100346 0.03515006 0.06420737 0.06247972 0.06435282 0.07274495 0.05756062 0.09138910 0.03801520 0.05519597 0.03204268 0.09505770 0.05753930 0.10397710 0.04809791 0.05975889 0.09412849 0.09477926 0.07216583 0.07472340 0.10860667 0.08804148 0.11828713 0.05990163 0.04845516 0.09802453 0.08641900 0.08663340 0.07171378 0.06249375 0.07219056 0.04542203 0.06376708 0.06329338 0.08189828 0.05535431 0.07814481 0.06971304 0.05095772 0.09385142 0.04861046 0.07173003 0.06564101 0.06768622 0.06253390 0.09031612 0.09197854 0.05708949 
0.06630738 0.06476157 0.13001345 0.02150373 0.02995285 0.06638947 0.05686825 0.10702473 0.05285550 0.05612355 0.04236889 0.09042611 0.06076460 0.04129074 0.11336543 0.07157787 0.05429219 0.06289804 0.05948534 0.07407978 0.00000000 0.07338198 0.06961502 0.05861728 0.12298190 0.05146735 0.06549269 0.10294649 0.07132730 0.12249982 0.04915584 0.08660088 0.07240524 0.04353622 0.09735614 0.07777098 0.10011296 0.06880401 0.05046880 0.08234010 0.08616261 0.04489288 0.09166741 0.06472842 0.05886519 0.07115744 0.08181353 0.07144114 0.07758838 0.04635568 0.05525660 0.06741666 0.05674374 0.08428307 0.11961044 0.09727312 0.10210196 0.06542442 0.08388207 0.05447545 0.04523271 0.07817209 0.07634966 0.05601911 0.09267826 0.10581279 0.08120856 0.05671270 0.07165016 0.05540873 0.07508256 0.05368587 0.11879580 0.03518098 0.06512016 0.07867648 0.08616540 0.07083126 0.09708186 0.11171686 0.07890642 0.05008203 0.17638657 0.11649526 0.04940022 0.08727694 0.07976400 0.15715617 0.08387739 0.08207295 0.05695629 0.05615056 0.09974654 0.08353597 0.03225167 0.05851670 0.10137913 0.07707452 0.05220845 0.06269816 0.05937283 0.03039801 0.11071388 
0.10134567 0.08031196 0.04889156 0.04811937 0.05465956 0.09971969 0.08160763 0.05969113 0.07144247 0.08014155 0.11179930 0.08541641 0.11315468 0.08705980 0.05512328 0.12096237 0.10849330 0.06976011 0.10836614 0.14434391 0.07338198 0.00000000 0.07438223 0.17768334 0.06485735 0.06859142 0.03433165 0.09140490 0.08864443 0.05744400 0.05527349 0.07218405 0.14572051 0.06700001 0.06356864 0.03741995 0.10009795 0.04676268 0.05864730 0.04910765 0.05879208 0.04921586 0.12195429 0.09697127 0.07679954 0.05769034 0.12244346 0.06669993 0.06555027 0.04892412 0.08191932 0.05247057 0.05751004 0.05651340 0.04278336 0.07399103 0.04481978 0.04740598 0.07758227 0.05126521 0.07833668 0.07453743 0.06353465 0.04851040 0.04783538 0.06302241 0.05745459 0.08926843 0.05940884 0.06185633 0.13457221 0.07472472 0.06693305 0.05604416 0.08081951 0.09270304 0.05547137 0.05528152 0.07331615 0.08381372 0.07743091 0.06639606 0.07334300 0.08698529 0.07361419 0.09413365 0.09129603 0.06863105 0.07187869 0.04632620 0.07386773 0.03936451 0.09604569 0.06179732 0.04878557 0.05242828 0.05563191 0.04656994 0.07023739 0.05498248 0.07081801 0.07828135 0.05489235 
0.07868282 0.08874906 0.04941251 0.11685332 0.04338696 0.08465591 0.05986583 0.11851449 0.09162863 0.12616669 0.07427396 0.11008796 0.08219661 0.07461705 0.03443036 0.07668032 0.08519804 0.12247036 0.06991702 0.05291040 0.06961502 0.07438223 0.00000000 0.06016524 0.12775852 0.05747812 0.04597678 0.09265971 0.07029641 0.10501577 0.05051970 0.05744847 0.04649607 0.06541034 0.03053330 0.00826542 0.08790741 0.02637786 0.06048234 0.11021128 0.00590856 0.04166779 0.06237236 0.06736742 0.08509668 0.10963906 0.09483476 0.07096541 0.14078378 0.08453097 0.05660827 0.07216201 0.03217604 0.06440321 0.05792343 0.08951988 0.09521106 0.05302326 0.04093241 0.09911470 0.07547474 0.03385958 0.09678547 0.10165429 0.09297710 0.06644293 0.04127920 0.07427979 0.10883750 0.07792577 0.01656636 0.07071264 0.06049459 0.07787308 0.07529838 0.06344810 0.09334734 0.14075477 0.03301736 0.07435674 0.10208092 0.10070308 0.05537128 0.06011779 0.05735614 0.06331002 0.07953680 0.11106509 0.08501870 0.07462937 0.05816847 0.08971864 0.06031921 0.05224174 0.08090134 0.06398786 0.07792010 0.06252387 0.05981388 0.06007211 0.07573448 0.09396746 0.10194526 
0.08212968 0.09370395 0.12174399 0.05915867 0.06021287 0.05851956 0.11941733 0.08139488 0.10241534 0.11243536 0.13571519 0.07658420 0.14335754 0.05704117 0.07401252 0.14915221 0.11043084 0.09313788 0.04291691 0.05773347 0.05861728 0.17768334 0.06016524 0.00000000 0.07469104 0.08036511 0.06731128 0.04111043 0.08446934 0.09051036 0.09570966 0.06212879 0.17938642 0.02539706 0.06056056 0.06175250 0.09998961 0.09278852 0.05337940 0.05617852 0.06426127 0.06674940 0.09886515 0.06255554 0.04559963 0.05440219 0.09767923 0.08665683 0.04043480 0.05899632 0.06679667 0.08308141 0.06379267 0.09835865 0.03770334 0.03183855 0.08489345 0.04198239 0.07405804 0.07725209 0.08221050 0.08914764 0.07726793 0.06883456 0.06101586 0.06118688 0.05594041 0.07212091 0.06029968 0.07211176 0.07837997 0.08076877 0.04087876 0.06478477 0.07623206 0.06041466 0.09609643 0.03998236 0.04432751 0.11707029 0.05999767 0.08998785 0.07278855 0.05366841 0.05663287 0.07853839 0.05647187 0.08715751 0.04876883 0.04119637 0.07084740 0.02667265 0.06747385 0.06433769 0.08310822 0.04858524 0.04762773 0.09924581 0.03967410 0.05752145 0.06356684 0.05010667 0.06440555 
0.09234568 0.06636693 0.06311745 0.08559117 0.06900318 0.06336049 0.07294072 0.08004746 0.04866496 0.06590391 0.05390484 0.06767680 0.04432314 0.08278806 0.07437362 0.07949381 0.04942365 0.06634493 0.08304423 0.05349395 0.12298190 0.06485735 0.12775852 0.07469104 0.00000000 0.09688177 0.13348896 0.12397392 0.09087251 0.07426536 0.09393831 0.09076601 0.05814160 0.13723385 0.09484942 0.07139282 0.06776934 0.06835210 0.11580330 0.08428972 0.07281757 0.07430674 0.08443155 0.08110664 0.06677455 0.12615915 0.05854176 0.03906383 0.06802807 0.08166379 0.06892538 0.03592618 0.04722382 0.05644569 0.06221549 0.08377814 0.10080842 0.06861655 0.06217405 0.08332952 0.05142409 0.04285658 0.06776890 0.08250053 0.08727639 0.07996658 0.06346831 0.04164012 0.10975790 0.07386190 0.05934053 0.09165367 0.08737020 0.07644461 0.04836742 0.08734905 0.07105818 0.07861287 0.08786310 0.08071640 0.06688604 0.09122649 0.05443624 0.05055451 0.07186309 0.03679993 0.09592650 0.02242408 0.06244648 0.06342080 0.07124566 0.09581978 0.06833076 0.05885007 0.05477445 0.06127841 0.07718172 0.07619963 0.05519595 0.05905571 0.07773966 0.07027338 0.09449519 
0.06992546 0.06908587 0.05566712 0.11348672 0.07732470 0.10304357 0.07284440 0.09386949 0.05474053 0.04745239 0.09070744 0.09620294 0.08482549 0.07439747 0.06710960 0.06387575 0.10260080 0.05303844 0.04897516 0.10845221 0.05146735 0.06859142 0.05747812 0.08036511 0.09688177 0.00000000 0.10020387 0.08939087 0.07643333 0.09198200 0.11460556 0.07440573 0.07342779 0.06259041 0.08323809 0.04763868 0.08330740 0.12695575 0.08097109 0.09258835 0.04944102 0.04667029 0.08693582 0.09989340 0.05637585 0.07627359 0.06744675 0.07032601 0.09451078 0.08738346 0.06514533 0.07444126 0.05480406 0.08181610 0.10144749 0.05615799 0.07390238 0.05786022 0.07441529 0.09025995 0.08016077 0.06941538 0.07823520 0.05044927 0.08177757 0.06022745 0.07391595 0.04302323 0.07500580 0.06427500 0.06095808 0.08105138 0.08019065 0.08069013 0.06440175 0.06788362 0.11249166 0.07484743 0.12462660 0.04385238 0.07220142 0.05731013 0.03356606 0.07079060 0.02430330 0.04941700 0.04339160 0.07311977 0.05290053 0.06932195 0.06182581 0.08048850 0.05420444 0.16409688 0.03422637 0.06378887 0.05536900 0.08908050 0.05832028 0.05461577 0.07311447 0.04894144 0.06744465 
0.06720616 0.07125565 0.10097189 0.04855652 0.05645487 0.04563132 0.07964529 0.07881804 0.09837473 0.05535030 0.05510938 0.08257148 0.05666381 0.07243860 0.10463870 0.07874160 0.04227764 0.06977602 0.08172700 0.08083569 0.06549269 0.03433165 0.04597678 0.06731128 0.13348896 0.10020387 0.00000000 0.09806207 0.08484549 0.10548841 0.05443200 0.10301605 0.07958987 0.10297265 0.05225938 0.06440983 0.09322335 0.08079426 0.10132238 0.10822451 0.08638699 0.09649573 0.05185871 0.07233520 0.08046390 0.07286927 0.08744889 0.08238828 0.13081560 0.08244176 0.07394782 0.08565683 0.07784195 0.06408967 0.09870983 0.08244413 0.07360991 0.04325685 0.08416821 0.06157614 0.06448452 0.07487537 0.07958758 0.12772998 0.06915086 0.04380398 0.09836778 0.04829745 0.09706556 0.13331449 0.05787302 0.08637091 0.09558203 0.12154228 0.04214789 0.07509137 0.05788216 0.06410242 0.06488036 0.06786114 0.07119858 0.04802480 0.05842064 0.05419172 0.06128864 0.07462573 0.05822007 0.07062134 0.06434276 0.05665739 0.06811019 0.03813582 0.08322991 0.06150107 0.05258033 0.06604345 0.09065347 0.05054355 0.07312737 0.06632553 0.09899287 0.04304975 0.07811435 
0.06508827 0.08886586 0.10129162 0.11303640 0.10723077 0.11860492 0.04882068 0.08014205 0.06957335 0.07332814 0.07049216 0.09755171 0.07325411 0.07254557 0.09746647 0.05625308 0.06074761 0.08502858 0.06357184 0.05373487 0.10294649 0.09140490 0.09265971 0.04111043 0.12397392 0.08939087 0.09806207 0.00000000 0.12017683 0.05996891 0.06216160 0.08738321 0.06989985 0.06095081 0.06695798 0.12435873 0.08007412 0.08257311 0.08533919 0.06115375 0.09706949 0.09358097 0.09936235 0.05302612 0.05806365 0.03444034 0.07824884 0.08676084 0.07995156 0.08894072 0.06317991 0.04757975 0.05775409 0.12255081 0.09743562 0.06500814 0.07813020 0.07581157 0.06178321 0.06523425 0.07588515 0.08529594 0.06313461 0.02227049 0.07884713 0.07232099 0.06825898 0.06553378 0.10073101 0.11182009 0.05115477 0.07139769 0.07647149 0.07607263 0.03630074 0.09202937 0.03820566 0.03498995 0.10228037 0.09110599 0.06905043 0.05324149 0.05216659 0.05729052 0.05366092 0.09875575 0.02774775 0.06433826 0.08982971 0.06708932 0.06217686 0.05762224 0.06092786 0.07392273 0.07063898 0.07458215 0.07369082 0.06337060 0.08791180 0.06207804 0.07840217 0.08274115 0.07129514 
0.05619352 0.06683093 0.06953775 0.05928105 0.08129969 0.05326832 0.07977324 0.09326744 0.06734540 0.09165406 0.07347572 0.08917379 0.06359564 0.06118560 0.04290866 0.04200732 0.11560050 0.05268703 0.04863958 0.06307299 0.07132730 0.08864443 0.07029641 0.08446934 0.09087251 0.07643333 0.08484549 0.12017683 0.00000000 0.07753097 0.05867479 0.09123935 0.06092445 0.06192269 0.05325499 0.06256620 0.05931978 0.06877628 0.08554898 0.07063526 0.06753896 0.06448802 0.07409030 0.06818886 0.08653668 0.04916482 0.09514987 0.09684883 0.10987269 0.10615607 0.07054877 0.09014030 0.12764407 0.05203136 0.05307275 0.06684957 0.05800011 0.07330340 0.05803429 0.06126281 0.09497644 0.07004673 0.07143130 0.06068323 0.09068068 0.06983555 0.05668630 0.05136785 0.04831937 0.05320588 0.10467408 0.05216172 0.07524983 0.05692473 0.09456487 0.09505607 0.08679150 0.04978650 0.06333387 0.12131911 0.10328154 0.08457984 0.06254073 0.09166964 0.10292461 0.04080524 0.06958218 0.08660368 0.08419896 0.07193878 0.06538142 0.10697162 0.09602557 0.11575014 0.10153690 0.07219364 0.07479523 0.09841587 0.07411391 0.07430293 0.05553141 0.06710867 0.10126760 
0.04429343 0.07916200 0.09837326 0.08012809 0.06881721 0.04032578 0.08477259 0.07602734 0.06690656 0.07209893 0.04861462 0.09101131 0.06379545 0.06401601 0.08013112 0.03786188 0.04724245 0.06717551 0.08366533 0.04035662 0.12249982 0.05744400 0.10501577 0.09051036 0.07426536 0.09198200 0.10548841 0.05996891 0.07753097 0.00000000 0.07962308 0.11354493 0.07464888 0.05283754 0.08395871 0.08566286 0.09861191 0.06659038 0.06058656 0.05795573 0.05880126 0.06170173 0.07615162 0.06329742 0.07735784 0.17351840 0.07742873 0.08270889 0.03925139 0.05057781 0.11196669 0.09158346 0.07113095 0.09907914 0.06774324 0.09829367 0.06228506 0.06514890 0.07774516 0.06470251 0.06996332 0.07685226 0.08094446 0.06825778 0.05713859 0.04936502 0.07442638 0.07433799 0.04361352 0.06703909 0.09366950 0.10675977 0.07142769 0.08262692 0.10616752 0.11304182 0.10394286 0.09794918 0.08347058 0.11250557 0.08350624 0.08492005 0.09127027 0.04393706 0.02294025 0.07886915 0.07558318 0.06551345 0.08082119 0.05785927 0.06663958 0.07474719 0.06384091 0.06808088 0.06244431 0.04872548 0.10529867 0.08594703 0.07547803 0.09332205 0.05148155 0.05978463 0.06875912 
0.11786439 0.05151392 0.05318708 0.05574586 0.05840443 0.07395520 0.05309560 0.02425069 0.11710686 0.05781044 0.09987425 0.04317791 0.07994380 0.09718888 0.11875997 0.06251948 0.06139779 0.06510117 0.07371248 0.12130787 0.04915584 0.05527349 0.05051970 0.09570966 0.09393831 0.11460556 0.05443200 0.06216160 0.05867479 0.07962308 0.00000000 0.06218612 0.10718481 0.06625067 0.10606307 0.08236098 0.05850563 0.06509500 0.11612106 0.09089081 0.03667502 0.07147060 0.10578919 0.13725681 0.09523132 0.09715944 0.08866119 0.09537101 0.03720809 0.08853360 0.05113323 0.05839332 0.06846730 0.08067773 0.09419945 0.09804462 0.05466605 0.08601102 0.07472157 0.08210713 0.07537021 0.05951562 0.06977637 0.06580073 0.04449838 0.03523590 0.01885120 0.09508459 0.05760737 0.07178178 0.03833287 0.06321257 0.03531146 0.05342630 0.07888035 0.06611978 0.06903193 0.04987590 0.08879316 0.04136308 0.08843467 0.04817922 0.07340432 0.03650014 0.07888022 0.05590911 0.04040441 0.07380836 0.09928018 0.07915930 0.06778665 0.05706620 0.07245324 0.05866346 0.13601357 0.05523742 0.06316714 0.08366478 0.09951815 0.09918109 0.10969279 0.12340206 0.08298499 
0.06604943 0.08983553 0.08993040 0.08037807 0.06897920 0.07730670 0.06391082 0.03348740 0.06420298 0.03943363 0.05154106 0.04158034 0.03031353 0.07582195 0.09784194 0.09913006 0.05118797 0.07954657 0.04225528 0.06936170 0.08660088 0.07218405 0.05744847 0.06212879 0.09076601 0.07440573 0.10301605 0.08738321 0.09123935 0.11354493 0.06218612 0.00000000 0.08571050 0.09637976 0.07495618 0.07211832 0.05664896 0.06577365 0.07168382 0.06222598 0.07714121 0.08243860 0.06524254 0.13780963 0.09413711 0.06123169 0.06308216 0.09062379 0.11322383 0.06937244 0.10706450 0.06984876 0.09361492 0.06418988 0.04740273 0.05738684 0.07470329 0.07298862 0.07987955 0.06995161 0.04755416 0.10082112 0.08370489 0.08292005 0.06561373 0.08214325 0.08355952 0.08799173 0.06441989 0.07149961 0.03042192 0.08961836 0.08063183 0.12116567 0.09526245 0.05465339 0.07472927 0.07772036 0.09973610 0.09151729 0.05113489 0.05077596 0.08867395 0.03826998 0.07320187 0.10096949 0.06125171 0.09864736 0.07825705 0.05833762 0.05958424 0.07323474 0.07276609 0.09308200 0.08390376 0.08411807 0.06260592 0.08169151 0.08826055 0.09535297 0.07019695 0.06995549 0.06167343 
0.10238692 0.08162406 0.07707648 0.03807861 0.03474621 0.05954444 0.05448463 0.07566557 0.09844709 0.06098289 0.20334511 0.09716622 0.12877057 0.07567819 0.06592690 0.09232450 0.07198280 0.09428928 0.05112775 0.09169949 0.07240524 0.14572051 0.04649607 0.17938642 0.05814160 0.07342779 0.07958987 0.06989985 0.06092445 0.07464888 0.10718481 0.08571050 0.00000000 0.04518233 0.05562616 0.09285469 0.09061143 0.08178114 0.03662563 0.07765953 0.08065655 0.04057393 0.10946052 0.10643732 0.07271015 0.11493721 0.05936679 0.07051095 0.06480078 0.02744910 0.03720083 0.05120664 0.07654764 0.07152626 0.06495961 0.08716569 0.07228343 0.04349546 0.05861587 0.06765102 0.07583790 0.07620900 0.07705502 0.08228033 0.04301746 0.05761054 0.07750555 0.05305999 0.04986498 0.04486099 0.06685351 0.07836947 0.08118148 0.06038403 0.05997460 0.08067564 0.09391727 0.07950909 0.05178874 0.07026493 0.06111397 0.03642890 0.07771358 0.07576097 0.06452351 0.10445636 0.05896928 0.07847556 0.08007303 0.07797676 0.06905234 0.08133950 0.09503396 0.06615230 0.11399708 0.03098665 0.04542869 0.02958361 0.06193259 0.04667647 0.08406723 0.05557766 0.06281440 
0.07155726 0.05177824 0.10150467 0.06978259 0.08668477 0.06980338 0.05372915 0.06740569 0.03556361 0.08151520 0.03822956 0.13054684 0.07035178 0.07680741 0.06769940 0.11371872 0.11591146 0.07249253 0.05927398 0.05035875 0.04353622 0.06700001 0.06541034 0.02539706 0.13723385 0.06259041 0.10297265 0.06095081 0.06192269 0.05283754 0.06625067 0.09637976 0.04518233 0.00000000 0.12405340 0.09416327 0.09033120 0.10413817 0.05467967 0.09568051 0.10104086 0.11989347 0.09230203 0.08578513 0.08895509 0.03905462 0.04986220 0.06928234 0.05760653 0.08564002 0.11847806 0.12774004 0.09577350 0.07936677 0.08750207 0.08018886 0.06496197 0.06348144 0.09202497 0.03743145 0.03322602 0.04085149 0.04918364 0.09336584 0.11088617 0.07846998 0.05633183 0.09094420 0.07414970 0.02923892 0.05940116 0.08392399 0.08265199 0.06202738 0.11625817 0.08205385 0.08603245 0.09176004 0.06702427 0.02973346 0.04460198 0.03199730 0.08449713 0.07846629 0.07944219 0.06584751 0.05424676 0.05667139 0.06506802 0.06127512 0.07798430 0.07246009 0.05493357 0.02621746 0.04889139 0.07764807 0.06549740 0.05641851 0.08492737 0.08057859 0.10814330 0.07182635 0.09259353 
0.06275115 0.05012826 0.03384515 0.09577058 0.03842405 0.05269235 0.05302163 0.05654434 0.08690291 0.05559250 0.05653804 0.04390661 0.06753410 0.10004830 0.09121668 0.03502468 0.03523585 0.06322104 0.06710936 0.11206790 0.09735614 0.06356864 0.03053330 0.06056056 0.09484942 0.08323809 0.05225938 0.06695798 0.05325499 0.08395871 0.10606307 0.07495618 0.05562616 0.12405340 0.00000000 0.10248351 0.06303279 0.08691905 0.13269073 0.09327537 0.06972605 0.10233670 0.11328864 0.08769402 0.07239235 0.06223010 0.07590148 0.08826134 0.07259132 0.08845180 0.10064724 0.10001211 0.06598010 0.06093594 0.06213710 0.07015398 0.07370720 0.07647877 0.04533871 0.04805827 0.05491496 0.05547573 0.10286717 0.06268934 0.04346409 0.07841187 0.07396124 0.05673422 0.11248144 0.09480587 0.05978775 0.10390280 0.06845967 0.06622708 0.06766357 0.08025271 0.08609733 0.09628865 0.07968615 0.02753748 0.10763551 0.05137584 0.05808159 0.07393523 0.10784279 0.05929974 0.05137968 0.08075990 0.09421853 0.03600994 0.06066985 0.08134693 0.11637472 0.11662671 0.06593103 0.04540179 0.08797072 0.08971869 0.09198699 0.08732136 0.08486658 0.09438519 0.06417408 
