0.00000000 0.13383862 0.10033676 0.07521388 0.11070582 0.10292807 0.12105803 0.09806068 0.11070582 0.09441249 0.06907413 0.09399000 0.08150948 0.06211967 0.03683306 0.09025823 0.06810917 0.03927201 0.06733824 0.10279130 0.04465041 0.05756186 0.05068963 0.04954921 0.04344850 0.03981812 0.08115558 0.09744840 0.08383649 0.06488386 0.08052286 0.09743771 0.08450584 0.08450584 0.05097983 0.07049233 0.04483249 0.09233523 0.10579956 0.08689763 0.02676807 0.05887869 0.06342756 0.08269502 0.04656031 0.04169662 0.05213577 0.05155592 0.05877999 0.05693094 0.04050653 0.04705854 0.06338943 0.06392772 0.04264427 0.04347918 0.03214006 0.06750875 0.07494944 0.06692097 0.03999475 0.06541001 0.04267624 0.04103788 0.05413966 0.05483804 0.07307489 0.04794713 0.03978090 0.07715109 0.07998893 0.07225115 0.07420737 0.08627368 0.07559523 0.07615480 0.03133566 0.06882898 0.03759543 0.05921194 0.05631022 0.05521135 0.05400464 0.06022843 0.04665602 0.06650674 0.04768249 0.04576172 0.07793533 0.12279732 0.05499562 0.07522768 0.04497014 0.05717440 0.06367144 0.05491261 0.07476993 0.04890809 0.05127781 0.05013117 0.06507686 0.04434407 0.05580123 0.08262713 0.04787501 0.03235721 0.06045009 0.09912719 0.03750543 0.03779511 0.04360356 0.05264200 0.04613256 0.05980778 0.04037292 0.10145100 0.07197533 0.05649503 0.04771487 0.05676205 0.08963350 0.09885859 0.03274292 0.05620878 0.02951533 0.05607563 0.06255862 0.06081595 0.03594501 0.05756282 0.04497317 0.05711119 0.05488159 0.05440212 0.06955289 0.07754592 0.05396103 0.04553852 0.05004105 0.05044146 0.06028968 0.04809382 0.04179461 0.04590843 0.07113407 0.05234535 0.04385577 0.04373997 0.05895431 0.04581420 0.06406034 0.06623819 0.05670020 0.03367945 0.03256350 0.05320827 0.05170703 0.03668416 0.05728822 0.04783161 0.05706163 0.05383108 0.05861264 0.06082478 0.08138270 0.06305723 0.05589968 0.07478109 0.06750210 0.06706550 0.04907241 0.05657917 0.07888625 0.04310754 0.04960736 0.04236400 0.04452145 0.04840721 0.04630305 0.05468309 
0.13383862 0.00000000 0.08067139 0.04652943 0.08676707 0.05617026 0.08182456 0.15363057 0.08676707 0.06735300 0.14748049 0.05770839 0.02341601 0.05247378 0.03998596 0.03886887 0.05805891 0.06024281 0.03910841 0.06261209 0.03824267 0.05591976 0.07007452 0.05419553 0.04503210 0.05382684 0.03724395 0.05662866 0.05655003 0.04864162 0.03796469 0.04686214 0.07034860 0.07034860 0.05181442 0.05714702 0.03668104 0.12005855 0.10088774 0.09416725 0.05971814 0.07561142 0.08905497 0.05870059 0.07886846 0.05964841 0.06920774 0.06204704 0.04855464 0.09329635 0.05535051 0.05555953 0.13689010 0.05545403 0.05810272 0.04224453 0.04672754 0.06260945 0.08508387 0.05293623 0.07446634 0.07228804 0.07187091 0.04682805 0.07136099 0.07042677 0.10188655 0.08525818 0.05716860 0.07312524 0.04362735 0.06469103 0.06230001 0.09731755 0.03502855 0.05076710 0.04136629 0.09103577 0.05796288 0.03593009 0.04421439 0.05599234 0.08322674 0.05462572 0.05817682 0.05434833 0.04802416 0.11477637 0.04955968 0.08891740 0.07759771 0.04780409 0.07360785 0.02500490 0.06850933 0.04979063 0.04264356 0.05037933 0.03902372 0.08537925 0.05954192 0.04767138 0.04680005 0.05229817 0.09421977 0.04941897 0.04819507 0.05906067 0.04165545 0.03487048 0.06441250 0.07617805 0.05435569 0.05799840 0.07090364 0.04603359 0.04580079 0.07760486 0.05509384 0.04826180 0.03441599 0.10776484 0.05033036 0.05028865 0.04952211 0.06397911 0.06174398 0.04387825 0.04819942 0.04995280 0.05622187 0.03144883 0.03188515 0.05673959 0.06169365 0.05050330 0.06854240 0.02442382 0.04233608 0.05640352 0.02710604 0.06066149 0.07260707 0.09856618 0.11005921 0.07140524 0.04567633 0.05426288 0.06663977 0.04962033 0.06223166 0.06475840 0.09582040 0.04536825 0.04136824 0.06476137 0.10591416 0.05758872 0.05187106 0.03854733 0.04239312 0.08430611 0.07722830 0.05983512 0.07086907 0.04065994 0.03561077 0.06916081 0.04396528 0.07234014 0.06895588 0.05393206 0.06237409 0.05720534 0.05318857 0.06341671 0.06215659 0.06461615 0.03874493 0.06344741 
0.10033676 0.08067139 0.00000000 0.09327198 0.12699968 0.09585104 0.07173943 0.09177052 0.12699968 0.10956162 0.06064345 0.07744490 0.07978662 0.06480268 0.06298110 0.07870361 0.06187705 0.05525774 0.07230716 0.07157492 0.05387007 0.04594300 0.06218021 0.05501288 0.05462952 0.05791435 0.04924540 0.08399013 0.09664466 0.07538738 0.07068414 0.07579282 0.09225678 0.09225678 0.06079369 0.07775460 0.05539999 0.07348205 0.04694962 0.05494780 0.04816945 0.04661530 0.05092687 0.05014575 0.05425947 0.05579726 0.04800300 0.05121056 0.05654438 0.05319882 0.06827293 0.05174931 0.04030289 0.06918958 0.06632555 0.07330924 0.05420836 0.08532992 0.04782115 0.04444955 0.06441233 0.07087202 0.05877063 0.05138859 0.06419618 0.07296471 0.06531385 0.04849571 0.04931519 0.08711549 0.05995524 0.06624421 0.08763771 0.05453440 0.04398011 0.05899974 0.05140854 0.05792060 0.05255749 0.05132345 0.05904411 0.04606490 0.05093689 0.05419815 0.05515079 0.05141525 0.04619505 0.05154033 0.03940255 0.06747573 0.05354245 0.06105595 0.06220916 0.05140202 0.08919988 0.05148078 0.09440804 0.06488300 0.06938647 0.04409469 0.05245982 0.05084829 0.04385350 0.04056771 0.05940685 0.05512500 0.06808082 0.06740164 0.05465091 0.05097763 0.05846893 0.04267592 0.06374069 0.06603984 0.04941369 0.05738284 0.06837171 0.05412510 0.05120209 0.05829360 0.04417782 0.05192963 0.05552852 0.05719555 0.04510934 0.06259678 0.05538994 0.05923453 0.05781664 0.06532585 0.04166017 0.06030413 0.04847430 0.05201985 0.07411400 0.07287980 0.08826615 0.05106914 0.05819587 0.05837180 0.06068043 0.05655730 0.04879985 0.05912298 0.04933200 0.05818310 0.06423017 0.07453988 0.04909569 0.06566814 0.05618184 0.05239246 0.06494739 0.05003579 0.05334678 0.05374740 0.05758723 0.05484597 0.06116942 0.05799775 0.06111028 0.04857774 0.04677339 0.06331922 0.08610060 0.04510268 0.06978915 0.07827169 0.05439399 0.06626076 0.05778554 0.07242225 0.05872648 0.05182720 0.05207618 0.04099064 0.06316572 0.05279482 0.03844857 0.04037736 
0.07521388 0.04652943 0.09327198 0.00000000 0.10489164 0.30173660 0.15345420 0.12344212 0.10489164 0.08523632 0.08015050 0.05566466 0.05423060 0.02695636 0.05307425 0.03093613 0.07842715 0.07524196 0.03812703 0.04662143 0.05654811 0.06403578 0.06469458 0.04286655 0.09152782 0.11707343 0.15307667 0.06739783 0.07819038 0.09892292 0.03821189 0.05006485 0.07595416 0.07595416 0.22523854 0.07428202 0.07852261 0.05800063 0.03255314 0.04016866 0.07830538 0.04288030 0.05072244 0.02848923 0.04488578 0.07709133 0.07788416 0.02164728 0.05406058 0.10959320 0.04568653 0.04997099 0.02868482 0.07171610 0.06101566 0.04194500 0.06282000 0.03111729 0.02361600 0.06869204 0.02141392 0.06018506 0.05238068 0.07691520 0.02420643 0.04790310 0.06606913 0.03622352 0.06034665 0.05494399 0.03898644 0.05688736 0.04871206 0.05785185 0.06460480 0.02354109 0.05402247 0.05175376 0.07333403 0.06477936 0.05841624 0.03505586 0.03106443 0.07728677 0.04900089 0.02505004 0.05098968 0.05410032 0.02718646 0.05094444 0.04204430 0.04145588 0.04995469 0.09013812 0.05999611 0.05049567 0.06250488 0.04431325 0.06090687 0.06233055 0.02607894 0.06572102 0.05210443 0.03683078 0.06316025 0.06312458 0.06756936 0.05542024 0.08383390 0.06672400 0.06895723 0.12082498 0.08357000 0.04762981 0.05109946 0.05071377 0.06031521 0.04211836 0.04588120 0.03677859 0.07030583 0.03433269 0.03577980 0.08619805 0.04206267 0.05293424 0.09232307 0.03325977 0.04254919 0.08113807 0.04712399 0.04113438 0.02644500 0.03240830 0.06760586 0.06321080 0.04922319 0.05294604 0.06873533 0.03959527 0.02800454 0.05696843 0.09549035 0.04120329 0.06595311 0.02784793 0.09250665 0.06211708 0.11089525 0.09786949 0.04952909 0.06669551 0.05771705 0.05557433 0.11430887 0.05785576 0.05727929 0.04334324 0.04053131 0.05863089 0.04755676 0.03694700 0.04376935 0.04979318 0.05146830 0.07283007 0.06500613 0.07900765 0.04167238 0.07115702 0.07186494 0.09707499 0.02631791 0.02813913 0.09570270 0.06255076 0.05468387 0.08175552 0.03644754 0.04838536 
0.11070582 0.08676707 0.12699968 0.10489164 0.00000000 0.10673059 0.08063068 0.09888977 0.13283394 0.11945852 0.06271719 0.08688609 0.07737271 0.06064532 0.06252141 0.06523067 0.06588272 0.04777747 0.08440656 0.07433706 0.04835282 0.05920058 0.08010995 0.04853848 0.04776639 0.06211645 0.05762848 0.08817223 0.10311899 0.07739052 0.06092094 0.08592805 0.09544411 0.09544411 0.06621179 0.08051822 0.05891965 0.08336870 0.06102266 0.06839552 0.04655894 0.04997356 0.04889741 0.05196056 0.05304860 0.05728317 0.05702289 0.05138115 0.05649242 0.05354784 0.05595444 0.05919964 0.04996764 0.06980316 0.05571510 0.05476541 0.05279870 0.06912416 0.04810892 0.05484343 0.06392532 0.05255978 0.06187058 0.05514389 0.05763193 0.05609210 0.06270335 0.05408874 0.05566603 0.07315936 0.05421866 0.05078307 0.06443402 0.06186252 0.05334482 0.06169639 0.05438594 0.05332721 0.05808801 0.05146128 0.06600515 0.05033671 0.04725582 0.04676510 0.05155472 0.06010530 0.05539116 0.05433591 0.05606945 0.07144159 0.05511821 0.05776437 0.06407892 0.05421151 0.06992070 0.05456765 0.07066323 0.05899866 0.06587201 0.05121288 0.04996239 0.05798333 0.04490299 0.04255876 0.06467833 0.04495290 0.07056735 0.05455161 0.05366330 0.05912751 0.04995258 0.05641914 0.05756432 0.06867999 0.05057099 0.05524274 0.06673690 0.06142906 0.05263940 0.04665619 0.04809926 0.06473225 0.04334828 0.05530615 0.04892667 0.06546624 0.05046656 0.05852469 0.05867815 0.06786992 0.04880324 0.06233787 0.05419508 0.05215506 0.07507016 0.05525022 0.07472697 0.06582961 0.06083450 0.06236282 0.05574202 0.05136097 0.05134854 0.05425488 0.05940550 0.05223189 0.05202153 0.05126693 0.05150807 0.05003700 0.05094055 0.04727566 0.06812490 0.05562803 0.04856192 0.05518001 0.05688549 0.04602119 0.04910595 0.06023376 0.06367408 0.06239571 0.05207362 0.06497609 0.07181635 0.05339666 0.05362707 0.08183997 0.05121616 0.06664559 0.05249751 0.07092376 0.04957379 0.04851503 0.05367264 0.04204598 0.04887181 0.04735999 0.04655838 0.04765154 
0.10292807 0.05617026 0.09585104 0.30173660 0.10673059 0.00000000 0.04430361 0.07249164 0.10673059 0.08219042 0.07618244 0.08708863 0.05981486 0.06017330 0.05569919 0.06299466 0.04462881 0.05388603 0.04281132 0.03999125 0.06900679 0.06158146 0.05433449 0.04757425 0.05354743 0.05178491 0.08977736 0.06883692 0.08273193 0.09371753 0.03996271 0.06758787 0.07764891 0.07764891 0.14355889 0.07365702 0.05253493 0.08469549 0.03400153 0.03263079 0.05158323 0.01184561 0.04668918 0.02850862 0.05002535 0.08452777 0.06116273 0.02225614 0.04783355 0.08578203 0.08630543 0.05965051 0.02548156 0.06984896 0.04766291 0.07408480 0.06583014 0.02906467 0.05988099 0.07750249 0.06234869 0.08067028 0.07903874 0.07594639 0.04837621 0.06369007 0.01783297 0.06174413 0.07312732 0.06986209 0.06509295 0.05111208 0.07512711 0.06228244 0.07754582 0.04871704 0.06817451 0.08277783 0.05610233 0.03627461 0.07664335 0.03032041 0.06649123 0.07296846 0.05428217 0.06185284 0.07021826 0.05525356 0.01989533 0.07279076 0.06328314 0.14000556 0.05590930 0.03157146 0.06044263 0.05400484 0.07622796 0.05375916 0.07589605 0.04752101 0.04988547 0.04976119 0.08665873 0.05335712 0.05232095 0.06360253 0.07164670 0.07512562 0.08233540 0.09503450 0.03362301 0.04080553 0.07630158 0.08046486 0.00865692 0.09086900 0.08250160 0.04495705 0.04712323 0.08088455 0.01385069 0.07568047 0.05228231 0.07320565 0.04330172 0.05434544 0.09320342 0.06935563 0.02515143 0.08193659 0.04762924 0.03333062 0.02271024 0.03738607 0.06735849 0.04749939 0.05161671 0.02897009 0.07079697 0.07291492 0.05293576 0.02231252 0.06301148 0.04988377 0.06992837 0.03075581 0.04455622 0.06138748 0.03001908 0.07355632 0.05215707 0.07254241 0.05317816 0.04419497 0.07469354 0.05840004 0.02412854 0.03903823 0.03251392 0.05434273 0.05731625 0.04348136 0.08234549 0.06937348 0.05705803 0.06491638 0.07646081 0.07410767 0.05610304 0.06354060 0.05583968 0.06086204 0.04355769 0.01582232 0.09691325 0.03442385 0.05875856 0.05790473 0.06248479 0.07184995 
0.12105803 0.08182456 0.07173943 0.15345420 0.08063068 0.04430361 0.00000000 0.07567328 0.08063068 0.05131443 0.13512215 0.03479230 0.07300159 0.06199066 0.04914151 0.08316479 0.04940125 0.06360471 0.04519660 0.08997738 0.06648929 0.02554529 0.02942792 0.03643843 0.08106602 0.02820409 0.10525730 0.06005761 0.06334012 0.06962936 0.11977710 0.04864169 0.06732222 0.06732222 0.15320269 0.05245388 0.03032225 0.10690997 0.23455101 0.04317635 0.04118436 0.07144675 0.06230475 0.06788474 0.04168895 0.07595920 0.06159535 0.04542559 0.04803146 0.05808060 0.03726510 0.03911879 0.11688667 0.05149027 0.11228124 0.02378447 0.05171602 0.02515874 0.05792324 0.06657436 0.07973742 0.07618076 0.03277264 0.02959088 0.09218560 0.02370872 0.04409314 0.01745149 0.01614161 0.04722854 0.06331890 0.12601727 0.05350541 0.03228626 0.05461622 0.05398367 0.07748850 0.04720561 0.04773298 0.08578241 0.06775470 0.04901667 0.04852024 0.04312515 0.03418363 0.05618518 0.06930983 0.07017437 0.05451383 0.07450055 0.02038449 0.06024857 0.08461418 0.02523875 0.05071438 0.02613306 0.02618448 0.03823185 0.02322292 0.05062863 0.08189427 0.02683152 0.05078015 0.07973521 0.04444774 0.06356115 0.04922083 0.06957302 0.08968805 0.09667336 0.08668480 0.03757464 0.02692863 0.07389617 0.04209716 0.04730409 0.01752151 0.06143932 0.05076137 0.05946244 0.12568134 0.06369479 0.09303227 0.04598899 0.06304948 0.04968049 0.10156233 0.04062878 0.05841621 0.04537069 0.02487644 0.04551192 0.06721915 0.07890836 0.05822318 0.10260666 0.03563444 0.03215455 0.03002843 0.07091682 0.03216611 0.06614459 0.03360470 0.08439113 0.08545170 0.07579192 0.04361725 0.05225897 0.09490049 0.05553347 0.05353649 0.08990642 0.06895654 0.05379681 0.07317925 0.06694577 0.08474875 0.08270769 0.04664218 0.03423466 0.03399917 0.07230104 0.04613420 0.04384387 0.07092102 0.08552539 0.04189395 0.04878188 0.10112391 0.05082913 0.08822823 0.05908312 0.05861628 0.05367501 0.07781847 0.05934680 0.02113966 0.06780896 0.08126187 0.11014046 
0.09806068 0.15363057 0.09177052 0.12344212 0.09888977 0.07249164 0.07567328 0.00000000 0.09888977 0.10940697 0.08735934 0.05959588 0.03117404 0.04534916 0.10244120 0.02675556 0.05352450 0.06079507 0.07184894 0.03820379 0.05975607 0.06437098 0.08266149 0.08289050 0.06837876 0.05356485 0.04564923 0.06184145 0.07844561 0.06296480 0.07787761 0.04528077 0.07391388 0.07391388 0.10710701 0.06209971 0.03806023 0.09867169 0.09688503 0.05669698 0.06885606 0.11458137 0.11426828 0.05659497 0.03573086 0.08738315 0.05090626 0.08193434 0.05333851 0.12733528 0.02892376 0.03324980 0.11791650 0.06029887 0.04233076 0.03024937 0.05323249 0.04007255 0.04488516 0.05879469 0.07534569 0.08856208 0.05063358 0.06003332 0.05623362 0.01925966 0.02301813 0.04216367 0.04816573 0.08364935 0.02598873 0.08455582 0.02153832 0.07464392 0.05224314 0.07590880 0.03988063 0.06462541 0.08980101 0.04377569 0.05316389 0.08818617 0.04355508 0.03819358 0.04669914 0.06455594 0.01062674 0.09374025 0.04375810 0.03635535 0.05820897 0.05999428 0.09836791 0.05419718 0.06367832 0.04164208 0.05109574 0.05268225 0.07179259 0.05846863 0.03582918 0.05130768 0.06775839 0.04955733 0.09139633 0.04943224 0.05766183 0.03909865 0.01745706 0.06134666 0.04028877 0.00999928 0.04603770 0.06795894 0.05590572 0.03571148 0.07382691 0.03171869 0.11398200 0.05864266 0.06776644 0.05139220 0.04883202 0.03988107 0.05142642 0.05592263 0.08300242 0.07783295 0.07512609 0.05107185 0.04162329 0.12851238 0.05768987 0.07539247 0.06386636 0.06161390 0.07162742 0.04870482 0.05050471 0.05537637 0.06266866 0.04066285 0.07953272 0.09036394 0.12144821 0.03938046 0.01869317 0.05242912 0.04179321 0.04627950 0.08606357 0.12461425 0.10121573 0.07753851 0.02342448 0.03630458 0.07365472 0.02957485 0.02454168 0.06666291 0.07084089 0.05073875 0.05261036 0.06315416 0.05597528 0.05236764 0.04668415 0.06302877 0.06251969 0.06259602 0.00000000 0.02443422 0.06544989 0.06260552 0.00958307 0.09750161 0.02558929 0.06766945 0.05034787 0.07465413 
0.11070582 0.08676707 0.12699968 0.10489164 0.13283394 0.10673059 0.08063068 0.09888977 0.00000000 0.11945852 0.06271719 0.08688609 0.07737271 0.06064532 0.06252141 0.06523067 0.06588272 0.04777747 0.08440656 0.07433706 0.04835282 0.05920058 0.08010995 0.04853848 0.04776639 0.06211645 0.05762848 0.08817223 0.10311899 0.07739052 0.06092094 0.08592805 0.09544411 0.09544411 0.06621179 0.08051822 0.05891965 0.08336870 0.06102266 0.06839552 0.04655894 0.04997356 0.04889741 0.05196056 0.05304860 0.05728317 0.05702289 0.05138115 0.05649242 0.05354784 0.05595444 0.05919964 0.04996764 0.06980316 0.05571510 0.05476541 0.05279870 0.06912416 0.04810892 0.05484343 0.06392532 0.05255978 0.06187058 0.05514389 0.05763193 0.05609210 0.06270335 0.05408874 0.05566603 0.07315936 0.05421866 0.05078307 0.06443402 0.06186252 0.05334482 0.06169639 0.05438594 0.05332721 0.05808801 0.05146128 0.06600515 0.05033671 0.04725582 0.04676510 0.05155472 0.06010530 0.05539116 0.05433591 0.05606945 0.07144159 0.05511821 0.05776437 0.06407892 0.05421151 0.06992070 0.05456765 0.07066323 0.05899866 0.06587201 0.05121288 0.04996239 0.05798333 0.04490299 0.04255876 0.06467833 0.04495290 0.07056735 0.05455161 0.05366330 0.05912751 0.04995258 0.05641914 0.05756432 0.06867999 0.05057099 0.05524274 0.06673690 0.06142906 0.05263940 0.04665619 0.04809926 0.06473225 0.04334828 0.05530615 0.04892667 0.06546624 0.05046656 0.05852469 0.05867815 0.06786992 0.04880324 0.06233787 0.05419508 0.05215506 0.07507016 0.05525022 0.07472697 0.06582961 0.06083450 0.06236282 0.05574202 0.05136097 0.05134854 0.05425488 0.05940550 0.05223189 0.05202153 0.05126693 0.05150807 0.05003700 0.05094055 0.04727566 0.06812490 0.05562803 0.04856192 0.05518001 0.05688549 0.04602119 0.04910595 0.06023376 0.06367408 0.06239571 0.05207362 0.06497609 0.07181635 0.05339666 0.05362707 0.08183997 0.05121616 0.06664559 0.05249751 0.07092376 0.04957379 0.04851503 0.05367264 0.04204598 0.04887181 0.04735999 0.04655838 0.04765154 
0.09441249 0.06735300 0.10956162 0.08523632 0.11945852 0.08219042 0.05131443 0.10940697 0.11945852 0.00000000 0.07654255 0.05908018 0.07751203 0.06236688 0.09863364 0.06474486 0.05390059 0.05599931 0.05787703 0.13171071 0.03537935 0.07865665 0.08140831 0.05101082 0.06432316 0.06902361 0.05695243 0.07787720 0.08783036 0.06673712 0.05723118 0.06222942 0.08846724 0.08846724 0.07828198 0.07373279 0.06231797 0.08307688 0.06500669 0.07408988 0.05992862 0.08376049 0.05237963 0.05540292 0.05641173 0.07250145 0.06249819 0.05916845 0.06203324 0.07296583 0.05348548 0.04069516 0.04684547 0.06611117 0.07809188 0.03593139 0.05970877 0.04217179 0.04315383 0.05467993 0.06647661 0.06469109 0.06780919 0.05316412 0.04969385 0.03624391 0.06614925 0.07180321 0.07804729 0.05807005 0.05086907 0.05103489 0.05222276 0.04750866 0.03348994 0.07588030 0.04369556 0.06551488 0.06327477 0.03224422 0.06702387 0.05709430 0.05953505 0.05403725 0.04357715 0.06241177 0.03645671 0.05775377 0.06542667 0.04495816 0.05339858 0.06325836 0.03836959 0.05201935 0.06580269 0.06463785 0.06309848 0.06637144 0.05061872 0.05191969 0.05652860 0.04405590 0.04086291 0.06365498 0.04221786 0.04768783 0.06266563 0.03837749 0.04840507 0.04544987 0.05635353 0.06773974 0.04823965 0.06059862 0.07520994 0.05136106 0.06036987 0.05522362 0.07464198 0.04288591 0.03290489 0.04730041 0.05632296 0.05211093 0.05192140 0.05704050 0.06422978 0.05543564 0.05140070 0.05905533 0.07919653 0.05511058 0.06088976 0.04041703 0.07190211 0.07816479 0.05778767 0.06254866 0.04882596 0.06086967 0.05376451 0.04671192 0.04016491 0.05562313 0.06264571 0.07845906 0.04011603 0.06705604 0.05518156 0.04908741 0.06427015 0.06956503 0.05952457 0.05349672 0.05091011 0.04152436 0.05516528 0.05522521 0.05787418 0.05209036 0.06304185 0.06225692 0.06019908 0.06669495 0.06363894 0.05765361 0.07405454 0.08312838 0.03657486 0.07362060 0.06142208 0.08187586 0.04957647 0.07054145 0.04642663 0.10171760 0.04849597 0.06049993 0.04437094 0.07735404 
0.06907413 0.14748049 0.06064345 0.08015050 0.06271719 0.07618244 0.13512215 0.08735934 0.06271719 0.07654255 0.00000000 0.02681732 0.11323235 0.10941647 0.09668859 0.08862325 0.04384356 0.05932940 0.05842288 0.07048663 0.05143584 0.03788744 0.02901691 0.05628816 0.05315663 0.05831349 0.05387497 0.06298645 0.05504621 0.08320048 0.06500033 0.05604955 0.05241097 0.05241097 0.11871649 0.04848280 0.08655556 0.07449268 0.18735448 0.06860994 0.03797812 0.14335161 0.12422196 0.03063522 0.06211772 0.06051177 0.03504755 0.07051179 0.04637738 0.05507899 0.06798827 0.04906909 0.11077857 0.05322448 0.05282917 0.02359768 0.04478452 0.10098696 0.03225717 0.06593986 0.05009813 0.05781721 0.10394704 0.08868479 0.07130692 0.03121463 0.05655011 0.05334264 0.03089499 0.03812257 0.05476579 0.08719479 0.02645581 0.05074310 0.06568795 0.05872537 0.08934427 0.08046069 0.11507990 0.05785378 0.09291444 0.05670431 0.05615966 0.05834488 0.04503093 0.06095875 0.06793287 0.05413520 0.07706906 0.07000867 0.04081880 0.03355807 0.06083840 0.04367185 0.05228187 0.04235751 0.06398014 0.03539011 0.04440497 0.03965861 0.06059961 0.03797343 0.04927285 0.07717829 0.04254906 0.04200277 0.05025367 0.05685228 0.03992517 0.06521968 0.04448786 0.05027552 0.07915040 0.05715772 0.05737801 0.02136732 0.06120663 0.06575568 0.03917260 0.04375415 0.05031711 0.14599860 0.05511038 0.05239172 0.03121462 0.07626278 0.07065166 0.07177924 0.06299322 0.05697070 0.05844978 0.08736933 0.08002343 0.07189837 0.05358423 0.08507008 0.03442504 0.02696055 0.05936805 0.05327598 0.02915758 0.03218642 0.06121914 0.04895898 0.08647261 0.09415197 0.02602656 0.05194156 0.07118429 0.06307570 0.05276061 0.07942851 0.06441097 0.04463857 0.07810096 0.04553456 0.06427350 0.06001658 0.04056726 0.05321610 0.05123199 0.07936017 0.05723458 0.06758723 0.03760547 0.05706566 0.02258937 0.04677281 0.08502543 0.05280981 0.06649411 0.05245363 0.08513336 0.05251252 0.06900325 0.04074114 0.04868612 0.08426321 0.07069756 0.05329799 
0.09399000 0.05770839 0.07744490 0.05566466 0.08688609 0.08708863 0.03479230 0.05959588 0.08688609 0.05908018 0.02681732 0.00000000 0.11328555 0.06866318 0.06112602 0.07943331 0.06141847 0.07293270 0.06237390 0.05794861 0.05802150 0.07688574 0.05112853 0.05399542 0.04498896 0.06145051 0.03048793 0.06599016 0.07726834 0.10810233 0.04625321 0.04813640 0.07168103 0.07168103 0.06882458 0.06462968 0.03948033 0.08319984 0.05502189 0.08100327 0.05318978 0.04091132 0.06193263 0.03602313 0.05174634 0.05969324 0.04708090 0.06911984 0.06099240 0.05950617 0.06900807 0.04276121 0.03728924 0.06646468 0.02198239 0.07580880 0.04125096 0.04014125 0.11370600 0.03983748 0.03789474 0.04820412 0.05859580 0.05919586 0.04269839 0.04589143 0.03116586 0.08586944 0.06606602 0.09079913 0.09445542 0.04188329 0.06369019 0.05092713 0.06021272 0.11400481 0.04041860 0.04417556 0.04432149 0.08574471 0.04605946 0.04648610 0.05989257 0.06433575 0.06792385 0.03338514 0.05410945 0.05517121 0.06898114 0.07257081 0.08018128 0.06174871 0.06743029 0.09052047 0.05905666 0.06107267 0.09624203 0.08866350 0.08179943 0.05365549 0.11922207 0.06447439 0.06098092 0.09289787 0.03686221 0.03289938 0.06646525 0.07384602 0.04989527 0.06501665 0.05975566 0.04040272 0.05232587 0.09078308 0.07331562 0.10416217 0.05279632 0.05078011 0.06038221 0.07649350 0.06441144 0.04644106 0.02697664 0.04789540 0.05619890 0.04974315 0.06239288 0.03065070 0.05354707 0.07324205 0.07442963 0.03914398 0.03731229 0.04446435 0.06573816 0.05994895 0.09091637 0.04960708 0.08716535 0.05045259 0.05627238 0.06292770 0.04114679 0.06130158 0.04696562 0.03760320 0.07593056 0.05690631 0.06972565 0.05421557 0.05378513 0.06272002 0.05114876 0.04509168 0.06629579 0.05778475 0.05381322 0.03262029 0.09556188 0.09080251 0.06210519 0.07160194 0.10500355 0.05332343 0.06761949 0.06976859 0.08029267 0.06737449 0.07371051 0.06069196 0.06884371 0.06013578 0.04199211 0.03594248 0.04140134 0.05614488 0.08268444 0.05101892 0.07677444 0.04323053 
0.08150948 0.02341601 0.07978662 0.05423060 0.07737271 0.05981486 0.07300159 0.03117404 0.07737271 0.07751203 0.11323235 0.11328555 0.00000000 0.07615588 0.05333481 0.05470435 0.07000735 0.02573890 0.17683702 0.03512063 0.09714451 0.05449924 0.06016186 0.08506198 0.03487083 0.03984758 0.02906951 0.07343653 0.07182517 0.03498801 0.04868954 0.12170123 0.07276272 0.07276272 0.05725666 0.06202986 0.05099848 0.04193820 0.07983518 0.07283093 0.04166497 0.05888484 0.04196019 0.03600567 0.06730968 0.07997047 0.03597148 0.06552367 0.03430236 0.08698874 0.01829897 0.05108936 0.01427968 0.06178544 0.03253135 0.05572698 0.05460030 0.07578989 0.05676261 0.09898072 0.02581040 0.06548887 0.06940971 0.03321545 0.06705002 0.06305863 0.09935740 0.05213525 0.02806247 0.05457707 0.02879400 0.06343761 0.03645007 0.05333725 0.08041827 0.05220198 0.06011988 0.03243544 0.05820378 0.04341668 0.04956964 0.06411378 0.06237948 0.05585467 0.06350258 0.07030920 0.05941362 0.05212825 0.07212706 0.04486981 0.04073910 0.09129750 0.03013277 0.04908346 0.07030961 0.06134010 0.07550704 0.04915981 0.05361484 0.10251575 0.04196437 0.04545582 0.04331250 0.14228192 0.07111976 0.04722629 0.05792938 0.05756441 0.02347249 0.09040576 0.04080808 0.02503667 0.06975123 0.06402664 0.10659412 0.07799919 0.04591954 0.05944286 0.01486065 0.09163552 0.05762803 0.04358366 0.03348496 0.04730220 0.03415875 0.05931478 0.06249823 0.02525332 0.06801690 0.05432098 0.05439049 0.07596438 0.12432003 0.13476409 0.06394755 0.09262940 0.05218335 0.05503131 0.05020462 0.04170837 0.06974240 0.05328360 0.10299406 0.03400277 0.11177737 0.08017062 0.05328765 0.03299238 0.04136412 0.04640240 0.05079156 0.05340913 0.04367016 0.05141387 0.06931272 0.06465587 0.08957425 0.05742395 0.15190451 0.06071997 0.06444688 0.05699950 0.08307558 0.05550077 0.05111146 0.06322910 0.06070868 0.06218238 0.08111459 0.05647597 0.02163427 0.01832616 0.12037070 0.10912398 0.02466230 0.05603021 0.09834045 0.08494394 0.05065127 0.10941133 
0.06211967 0.05247378 0.06480268 0.02695636 0.06064532 0.06017330 0.06199066 0.04534916 0.06064532 0.06236688 0.10941647 0.06866318 0.07615588 0.00000000 0.05056834 0.05106581 0.04806021 0.03303753 0.15396907 0.16866068 0.04085414 0.09674465 0.10893515 0.07298140 0.05087763 0.07320368 0.08525281 0.06348032 0.05248266 0.06609482 0.05123157 0.06732931 0.06380527 0.06380527 0.03476956 0.05113033 0.00818158 0.04608400 0.07727732 0.05297091 0.05924914 0.05276328 0.28212699 0.07016986 0.04066915 0.05458297 0.04451945 0.02361122 0.02056422 0.01572828 0.02580699 0.04775761 0.03881285 0.05288189 0.06946083 0.02919034 0.09183705 0.05535633 0.04510453 0.08258154 0.04371040 0.04171225 0.10118981 0.03694525 0.04993588 0.02092822 0.05594502 0.03537540 0.08180919 0.05384842 0.03171995 0.06312940 0.04791028 0.04982376 0.04074299 0.05460672 0.07584337 0.04070643 0.07380325 0.06937217 0.05749174 0.05300857 0.06304624 0.04783660 0.03816489 0.05689182 0.06696679 0.09175303 0.05736171 0.02524562 0.04619054 0.05875182 0.03219773 0.09096048 0.05476824 0.06830388 0.09263931 0.05672338 0.03601149 0.06673789 0.08977497 0.03469472 0.07254136 0.06963773 0.06216155 0.14326558 0.04692098 0.07225529 0.06000209 0.06674468 0.08695284 0.05248118 0.04793852 0.05044087 0.04260194 0.06467187 0.03679377 0.05382818 0.08457898 0.04905282 0.06233778 0.09021664 0.09591375 0.08549098 0.07781149 0.05204791 0.05235491 0.04791029 0.09257269 0.05433022 0.05614661 0.05518389 0.05368379 0.08103016 0.05755602 0.07647344 0.03989799 0.05006884 0.05767922 0.08710167 0.05582966 0.08022287 0.04407340 0.07073759 0.02509702 0.05646634 0.06434924 0.07095198 0.09028897 0.08294548 0.06002796 0.07142272 0.08391224 0.06557895 0.04525808 0.03802139 0.07013002 0.07419811 0.05283535 0.04419308 0.06898075 0.06467884 0.07013299 0.04053356 0.05414573 0.03519746 0.05173999 0.04675480 0.05808758 0.04855150 0.03443779 0.01035772 0.08841995 0.11110974 0.16986639 0.03406497 0.04189905 0.12437182 0.04723222 0.08217919 
0.03683306 0.03998596 0.06298110 0.05307425 0.06252141 0.05569919 0.04914151 0.10244120 0.06252141 0.09863364 0.09668859 0.06112602 0.05333481 0.05056834 0.00000000 0.04975758 0.04888086 0.05765444 0.07345164 0.09057812 0.09559961 0.07314772 0.04123563 0.06644545 0.04613784 0.05611503 0.02152882 0.05382522 0.06108858 0.06318810 0.05016964 0.05167524 0.05786725 0.05786725 0.03778949 0.05383858 0.04443879 0.05891496 0.09919687 0.08000798 0.08821245 0.08802101 0.08297716 0.04997741 0.06477940 0.03471520 0.08337764 0.03704393 0.06563885 0.04655575 0.08796941 0.02827924 0.10084380 0.05447116 0.01184951 0.07144737 0.05962999 0.03769711 0.07702309 0.07157318 0.05817510 0.06444885 0.06092850 0.04797587 0.10683031 0.04442104 0.07867973 0.07492855 0.03262971 0.07563715 0.06985984 0.06719713 0.06935113 0.06362282 0.06916000 0.05506785 0.04912595 0.06598654 0.05116262 0.04381906 0.03194217 0.14228960 0.06713360 0.10729112 0.09830832 0.04880784 0.05487582 0.06608839 0.04740314 0.02566790 0.07296661 0.07738629 0.05047506 0.07516039 0.05920028 0.07052323 0.07797434 0.05581061 0.04739754 0.04649858 0.04155989 0.07294593 0.05820485 0.09265866 0.09316294 0.08590380 0.07234987 0.05687515 0.02883914 0.06462584 0.08241990 0.06428418 0.09694176 0.07732235 0.04593770 0.07910489 0.03662952 0.05590365 0.04082252 0.09437614 0.06984274 0.04548032 0.08635437 0.09089907 0.02933696 0.04867159 0.04834073 0.10482024 0.03908156 0.05344624 0.07980744 0.09119680 0.04080103 0.07782868 0.05692543 0.03328041 0.03781670 0.05462906 0.08218820 0.09444518 0.03272801 0.04208527 0.07838520 0.05063995 0.05581628 0.09710635 0.06371714 0.09904420 0.05813454 0.06023565 0.08189722 0.04844029 0.07323213 0.07425273 0.05068500 0.07511287 0.06795398 0.04595151 0.03805234 0.05306639 0.05338557 0.08274612 0.09039153 0.05658664 0.05136427 0.07441088 0.05861551 0.05157551 0.06486133 0.05437257 0.04026939 0.06211541 0.02172085 0.02222595 0.04356865 0.05715629 0.03630648 0.04362742 0.06489685 0.06957657 
0.09025823 0.03886887 0.07870361 0.03093613 0.06523067 0.06299466 0.08316479 0.02675556 0.06523067 0.06474486 0.08862325 0.07943331 0.05470435 0.05106581 0.04975758 0.00000000 0.06912392 0.13516442 0.07955086 0.06159756 0.09647025 0.09443016 0.03286371 0.04201750 0.07130284 0.03952608 0.04568291 0.05091684 0.04654843 0.05798218 0.07296735 0.08605169 0.06532181 0.06532181 0.04022741 0.05222452 0.06453540 0.05975982 0.07569396 0.04432919 0.06326573 0.06067647 0.10150058 0.04850833 0.03984634 0.05085416 0.06927513 0.03625527 0.05191870 0.05884121 0.03440908 0.07613884 0.06512672 0.05200884 0.05673625 0.06498106 0.11121978 0.07034475 0.08431017 0.07229447 0.02209239 0.05198605 0.03681957 0.04662828 0.06391701 0.05903522 0.06611136 0.06878534 0.05821450 0.05948335 0.09826156 0.04810695 0.07521958 0.05779790 0.04713715 0.07554185 0.05149360 0.02354090 0.05885376 0.10077905 0.04639522 0.06161172 0.07967645 0.09987799 0.05292432 0.09346558 0.06665436 0.07943094 0.05065715 0.06298886 0.04912893 0.07729241 0.06675610 0.05156579 0.06127611 0.05918890 0.09100719 0.03198152 0.05759532 0.03793416 0.06769299 0.04217303 0.05604840 0.06510699 0.06165428 0.02244221 0.06771955 0.09606957 0.02298469 0.06112516 0.03298607 0.06418223 0.10355495 0.06429514 0.08361073 0.10584748 0.04844909 0.03496477 0.09953684 0.09883765 0.08780726 0.10454882 0.05843111 0.03474445 0.03384755 0.07185009 0.04995370 0.04678268 0.07445372 0.09770674 0.01949927 0.03132167 0.03356566 0.02729205 0.05841093 0.03099330 0.03163451 0.07089392 0.04423321 0.04149791 0.04369055 0.06902574 0.07635901 0.05222115 0.01377942 0.04305005 0.07855307 0.05705459 0.05743439 0.08548047 0.06376450 0.05334723 0.04020263 0.04767301 0.09642075 0.09259064 0.06417545 0.11495928 0.05867427 0.07895986 0.04644244 0.05789132 0.11657642 0.04216891 0.04691446 0.09448221 0.04775787 0.05083118 0.06198091 0.05596381 0.09936336 0.05646335 0.04338619 0.04218834 0.04765533 0.08530500 0.08424484 0.10230701 0.05099499 0.04342894 
0.06810917 0.05805891 0.06187705 0.07842715 0.06588272 0.04462881 0.04940125 0.05352450 0.06588272 0.05390059 0.04384356 0.06141847 0.07000735 0.04806021 0.04888086 0.06912392 0.00000000 0.08480884 0.04287871 0.02932788 0.09660236 0.06181558 0.08932915 0.05172851 0.05494337 0.04334299 0.01405786 0.06561180 0.05162024 0.07867050 0.04512840 0.08972128 0.06524122 0.06524122 0.04216633 0.05517711 0.05726285 0.06712872 0.04995914 0.03486073 0.05388592 0.03676848 0.04992802 0.07612906 0.05334398 0.03784927 0.08173594 0.08573149 0.11216898 0.06602309 0.06638808 0.07865095 0.06934359 0.05518314 0.05196544 0.07502124 0.06383221 0.05294495 0.03717449 0.05413984 0.05116195 0.05512877 0.08587506 0.04362364 0.03941470 0.06958987 0.03322283 0.04994452 0.07048441 0.05270696 0.07059739 0.04683226 0.07413105 0.05755535 0.04073829 0.07649926 0.08662951 0.03942869 0.03088284 0.04223159 0.05349804 0.06652333 0.06265052 0.03346770 0.05545231 0.04656817 0.03937177 0.06350559 0.04978998 0.05631755 0.03788138 0.08627243 0.04086305 0.06061888 0.05766094 0.06067261 0.02001356 0.06821494 0.06962655 0.07848829 0.05560140 0.04679014 0.06262745 0.06258871 0.04903384 0.08117588 0.04427087 0.09632834 0.07339961 0.02348143 0.10006685 0.07070287 0.08183938 0.06760576 0.04937178 0.06965497 0.09805166 0.03475311 0.07393167 0.08245253 0.08822304 0.04851479 0.04447506 0.07205702 0.04716586 0.03993669 0.06647735 0.05165908 0.04727443 0.04285602 0.06229401 0.08184591 0.07608889 0.03910302 0.05643780 0.07703903 0.06491048 0.04505280 0.05453394 0.06996254 0.08793777 0.07071244 0.06644095 0.05088371 0.06719901 0.06429523 0.05507436 0.07475557 0.05985975 0.06512566 0.02851982 0.03688441 0.06495363 0.04916029 0.05291365 0.05227486 0.12103119 0.07637864 0.21302041 0.07574467 0.06781650 0.08093803 0.06642489 0.06428433 0.05582037 0.07674425 0.11903305 0.05694884 0.06494688 0.05718140 0.06199020 0.12528151 0.06320314 0.10168957 0.07897777 0.07491238 0.07910250 0.03956891 0.03020509 0.04607170 
0.03927201 0.06024281 0.05525774 0.07524196 0.04777747 0.05388603 0.06360471 0.06079507 0.04777747 0.05599931 0.05932940 0.07293270 0.02573890 0.03303753 0.05765444 0.13516442 0.08480884 0.00000000 0.05923751 0.03258869 0.10118667 0.10701428 0.08854231 0.08041248 0.03344646 0.08198457 0.08329791 0.06034275 0.05754734 0.05835998 0.04059898 0.07397566 0.04897949 0.04897949 0.06611817 0.04848452 0.09834024 0.04672018 0.02520459 0.07266305 0.10308896 0.04642626 0.06128519 0.06008994 0.08325672 0.04937681 0.07510260 0.04093517 0.09343916 0.10115864 0.06370292 0.04187498 0.04660467 0.05128656 0.05721090 0.06987923 0.03906963 0.07216571 0.04115261 0.05476948 0.08276661 0.07651991 0.06209557 0.05220919 0.05863805 0.11262641 0.05000551 0.05121387 0.06836234 0.06501449 0.05486811 0.05525488 0.05920061 0.06785868 0.04788372 0.05527353 0.05521124 0.06371347 0.04961990 0.09122925 0.03592087 0.10302908 0.07740854 0.09152310 0.04964738 0.06651211 0.05779870 0.08081326 0.03301811 0.05888833 0.05355075 0.06895817 0.02666100 0.06079018 0.05244767 0.03911085 0.04003087 0.03738675 0.05228084 0.03302260 0.03909421 0.08688130 0.06301163 0.07972390 0.08240699 0.06941420 0.05585228 0.03184154 0.05716361 0.07634563 0.03674810 0.06597833 0.07345425 0.06325695 0.05135853 0.04237431 0.05429916 0.07634482 0.04927418 0.05286690 0.05875679 0.03714944 0.07558209 0.07336239 0.07685948 0.06033953 0.02335436 0.09190046 0.04395902 0.05812704 0.04035837 0.07056242 0.04840788 0.06029005 0.05145547 0.11503917 0.04810282 0.06614338 0.06344968 0.07342753 0.05832693 0.05061015 0.06551820 0.07617978 0.09248780 0.09221561 0.08472823 0.05300373 0.02537811 0.09769464 0.05602698 0.04196194 0.09571103 0.06764624 0.08632276 0.04613532 0.04943144 0.03805938 0.07211544 0.05549761 0.06864920 0.10802023 0.06611828 0.06597636 0.06715626 0.05971675 0.10483906 0.05111443 0.07872276 0.05434839 0.05359830 0.05392671 0.04366961 0.07061142 0.07281754 0.08633668 0.05231304 0.03720268 0.10147770 0.03522965 
0.06733824 0.03910841 0.07230716 0.03812703 0.08440656 0.04281132 0.04519660 0.07184894 0.08440656 0.05787703 0.05842288 0.06237390 0.17683702 0.15396907 0.07345164 0.07955086 0.04287871 0.05923751 0.00000000 0.05480044 0.06722397 0.04280487 0.11342748 0.08190526 0.04938414 0.04148865 0.06404699 0.06975913 0.07192949 0.05568141 0.07883144 0.09472676 0.07310390 0.07310390 0.06204360 0.06163559 0.05692845 0.04892338 0.04554034 0.03916377 0.04821271 0.05980351 0.06879075 0.06624644 0.06566524 0.06369933 0.05835695 0.04874072 0.11917845 0.04444006 0.08883031 0.03407819 0.02958013 0.06227036 0.04799814 0.06890068 0.03555222 0.02502798 0.06351481 0.06405192 0.08902503 0.10070614 0.05358331 0.09546125 0.09091376 0.06664958 0.03616789 0.07684640 0.04899392 0.05083115 0.03060134 0.03824957 0.06151620 0.05501713 0.05494965 0.02998558 0.07099935 0.06835707 0.08554059 0.01457815 0.06391763 0.06521602 0.08601584 0.08513522 0.05773442 0.04638062 0.05242446 0.07223395 0.03574111 0.07014362 0.13025114 0.04485138 0.01808420 0.09581741 0.05778497 0.05534906 0.06772435 0.04126179 0.05121580 0.01318181 0.06342915 0.04760539 0.05282625 0.09208121 0.10298574 0.09937365 0.06182350 0.08271750 0.05513584 0.06689243 0.02727481 0.05797973 0.03146999 0.05498137 0.04906506 0.09112059 0.06020441 0.06209028 0.05801906 0.06094652 0.03118204 0.07698409 0.04917473 0.08061430 0.06067508 0.08462104 0.05022690 0.03804685 0.05644933 0.05115677 0.10696243 0.04773632 0.04570361 0.04217397 0.06328049 0.04271552 0.04580555 0.05363243 0.06196908 0.06958509 0.05485486 0.04374505 0.08811838 0.05882897 0.09333357 0.04019243 0.05829910 0.05709600 0.03615248 0.02719727 0.07290437 0.07663473 0.04866346 0.05077293 0.08072131 0.04685681 0.10948549 0.03503952 0.05375231 0.05595154 0.07811331 0.07174027 0.03308668 0.09053137 0.05674082 0.09213661 0.06288952 0.06870241 0.05902675 0.06317414 0.04919063 0.03959363 0.03803620 0.06500401 0.03340272 0.09494722 0.06361138 0.01735222 0.04235184 0.07487653 
0.10279130 0.06261209 0.07157492 0.04662143 0.07433706 0.03999125 0.08997738 0.03820379 0.07433706 0.13171071 0.07048663 0.05794861 0.03512063 0.16866068 0.09057812 0.06159756 0.02932788 0.03258869 0.05480044 0.00000000 0.07215553 0.04606192 0.07635262 0.12465249 0.06806267 0.02425535 0.04497363 0.08192156 0.06936996 0.10630776 0.06812692 0.05003450 0.06465479 0.06465479 0.02987551 0.05749699 0.02858512 0.06599438 0.04652086 0.09447733 0.09322590 0.08418257 0.17333166 0.09568070 0.07811812 0.07726161 0.07202738 0.03987958 0.06577549 0.07193518 0.05799833 0.03408214 0.06081687 0.05677947 0.10883389 0.03603577 0.06162907 0.04315209 0.04164595 0.05578308 0.05026830 0.07499736 0.04275287 0.02866695 0.07333495 0.03746354 0.09747619 0.05256823 0.04491543 0.06080187 0.05185079 0.04957360 0.05988553 0.03092972 0.08153129 0.05362779 0.05150574 0.07453449 0.04969180 0.04842452 0.10290434 0.01177003 0.08046680 0.02465054 0.03186334 0.08846167 0.07970972 0.07354060 0.01430819 0.06380686 0.03106619 0.03018660 0.15587489 0.05856622 0.06536446 0.07609604 0.10281869 0.08817699 0.06918396 0.02644444 0.06621321 0.03659859 0.04260707 0.06744342 0.08650686 0.03707374 0.05216790 0.05033893 0.03921116 0.05416163 0.06491037 0.07136756 0.04579973 0.04242561 0.04141793 0.05538371 0.02276779 0.02814477 0.10050789 0.06266737 0.06777208 0.02057340 0.09035999 0.06151407 0.09256748 0.07006942 0.08756397 0.04408930 0.02829874 0.05993326 0.11916031 0.03581077 0.06119743 0.05691572 0.06115969 0.03408741 0.05663942 0.09791475 0.05045379 0.04854479 0.04127496 0.03617790 0.05515483 0.09411321 0.07254940 0.08502641 0.06873901 0.05493541 0.05455717 0.05063668 0.07961683 0.05426646 0.06929839 0.06671897 0.03705251 0.06339775 0.10560867 0.02242555 0.04675964 0.06497731 0.06387531 0.05734680 0.03106561 0.05522009 0.07591540 0.06876483 0.03886679 0.05447273 0.08496978 0.05295720 0.04373195 0.03121475 0.03521603 0.04527411 0.03154506 0.09681938 0.05122862 0.06865808 0.05324669 0.09508071 
