0.00000000 0.11045198 0.10586065 0.16919238 0.09072225 0.10945382 0.17214638 0.05698371 0.08652159 0.10113621 0.11139864 0.10563191 0.11825607 0.12161627 0.08509819 0.04641918 0.05601820 0.10378335 0.08276458 0.06051031 0.12911448 0.08703539 0.08021536 0.08839353 0.06343410 0.06002963 0.11865535 0.14937346 0.11845972 0.05532585 0.06834838 0.09064967 0.07434505 0.09697574 0.14681353 0.07149480 0.09310575 0.08376223 0.10115141 0.09210993 0.06432310 0.08377014 0.12454508 0.12753290 0.10713761 0.09293073 0.12159159 0.05564256 0.12198025 0.08285879 0.10608495 0.06168588 0.07307696 0.04650281 0.11827388 0.07113660 0.15133910 0.08907458 0.11557725 0.10564016 0.07608582 0.13487113 0.11486686 0.09875460 0.07245169 0.14820041 0.10668183 0.14484420 0.11625230 0.08746067 0.10979673 0.06297992 0.08476460 0.17217432 0.10254270 0.07930802 0.09776736 0.15834857 0.08707538 0.06570794 0.06186290 0.09007942 0.11969790 0.07867387 0.10225182 0.10122587 0.06828679 0.09268117 0.06321430 0.11264576 0.12455789 0.11282701 0.10736602 0.06865909 0.08129966 0.09796105 0.11665282 0.07420551 0.11992827 0.12736294 0.08152386 0.04194325 0.17265887 0.08993116 0.12195206 0.09726375 0.04116478 0.08852009 0.11239266 0.09585609 0.10497911 0.05751488 0.15163496 0.07687545 0.10960519 0.15637983 0.11242809 0.13206623 0.08587972 0.09239478 0.14498654 0.08231541 0.08456015 0.10879027 0.07500763 0.12800053 0.08869076 0.10766156 0.09943615 0.07325463 0.04748043 0.11869522 0.10824452 0.12673443 0.06998709 0.07175974 0.14359455 0.07578413 0.07855028 0.08362198 0.13160737 0.08306476 0.05618114 0.11843302 0.10128441 0.09831174 0.08581489 0.12235782 0.05331673 0.08869548 0.10218340 0.09971174 0.08329398 0.09247032 0.06434849 0.12321864 0.10881597 0.08556126 0.09111839 0.11824360 0.07583022 0.10353445 0.10455164 0.08676681 0.08150659 0.10792411 0.10793530 0.04866341 0.11070693 0.08092723 0.08271759 0.14822871 0.15106637 0.12906326 0.11771882 0.09099065 0.08657622 0.06091560 0.11247296 0.10697558 
0.11045198 0.00000000 0.13386088 0.16766524 0.11624228 0.12118112 0.16269638 0.35117479 0.12957575 0.08399820 0.21240428 0.08454991 0.05513147 0.08766368 0.09157340 0.09694342 0.08116140 0.10841369 0.09520395 0.09374264 0.11014063 0.11791749 0.08627384 0.14604926 0.10883934 0.12169506 0.03626645 0.06127061 0.09446319 0.07557379 0.08372890 0.09890875 0.10476427 0.10171749 0.06334977 0.05060890 0.06179148 0.11772798 0.11039374 0.08113066 0.06458797 0.26128838 0.09278981 0.10074351 0.10314263 0.11765425 0.07617070 0.10045392 0.06555783 0.10059333 0.11015478 0.10244835 0.17025583 0.05637796 0.11851278 0.09709906 0.11297573 0.06060231 0.15074208 0.04850375 0.07254251 0.14443710 0.14763981 0.09931771 0.12498201 0.12017399 0.07524488 0.08977519 0.09996559 0.12512631 0.08828425 0.05851142 0.05251038 0.12465119 0.09071036 0.11148945 0.07663099 0.08147535 0.17670052 0.05074091 0.15138912 0.11125357 0.10153464 0.11791483 0.12454995 0.09178764 0.11123610 0.09796460 0.06543112 0.08442909 0.18710184 0.08097879 0.05056336 0.07084698 0.09716628 0.08263259 0.07842916 0.05427223 0.05458770 0.13611883 0.06714326 0.07219864 0.07429829 0.10004737 0.15887707 0.08695109 0.05324712 0.13182783 0.06997558 0.10425283 0.07377612 0.08221756 0.10234516 0.06905820 0.09012701 0.06618015 0.09046689 0.07601627 0.11249038 0.07715974 0.05310949 0.09844575 0.10051472 0.09609871 0.08894450 0.07855568 0.14293498 0.09351068 0.07915909 0.10444619 0.12434465 0.13513077 0.05809266 0.14177000 0.09559802 0.05962944 0.07547936 0.08783162 0.12803619 0.10477621 0.10088933 0.10104646 0.09449645 0.09866092 0.16594450 0.16412099 0.10118159 0.08624885 0.08922091 0.10784419 0.15227899 0.14492363 0.09644382 0.05088559 0.08935232 0.08971967 0.12232601 0.08063933 0.09678689 0.03793232 0.05144903 0.14859449 0.10715466 0.07972546 0.09891373 0.04326493 0.08650623 0.08406080 0.06526651 0.11215492 0.08909757 0.05328057 0.07473228 0.04906046 0.05876500 0.09061307 0.05980864 0.04439339 0.05776190 0.07704208 
0.10586065 0.13386088 0.00000000 0.15873105 0.14457873 0.13595302 0.17359550 0.13918035 0.11846544 0.11751111 0.12011996 0.13280846 0.12713137 0.07883035 0.09877568 0.07487845 0.09325797 0.08042866 0.07671462 0.09511242 0.07581526 0.09849853 0.07285413 0.08481394 0.10292503 0.08495587 0.10202148 0.08412034 0.09919233 0.09273446 0.12079963 0.12885643 0.09796944 0.08957898 0.12374945 0.13590801 0.11124310 0.26029002 0.13479555 0.09103221 0.10636440 0.06032123 0.05498976 0.09936677 0.10635925 0.06691458 0.06028726 0.07802438 0.08758740 0.10708440 0.10534670 0.10893868 0.06752949 0.11346869 0.11946564 0.13656142 0.07009060 0.22764069 0.09525037 0.19800242 0.17349110 0.12487319 0.13440735 0.14647941 0.10082228 0.06320204 0.12088382 0.10952965 0.07514318 0.08900130 0.12791646 0.13219091 0.09323440 0.08401344 0.08209564 0.11801423 0.11119304 0.06455526 0.08458702 0.11747745 0.07149081 0.04087669 0.06488342 0.11958629 0.10793401 0.10997893 0.04082599 0.10879144 0.11515980 0.11877958 0.05844153 0.10672846 0.09042565 0.08661886 0.10928672 0.09434104 0.18733373 0.14017465 0.15880325 0.14161657 0.10859806 0.06342345 0.08098679 0.09565191 0.08669443 0.06523803 0.11010981 0.08857882 0.07105919 0.09457071 0.12279139 0.09850813 0.08901923 0.11300051 0.08269156 0.08039247 0.10703033 0.09098305 0.10511973 0.09207859 0.05010464 0.07000795 0.05514037 0.10008096 0.04774030 0.09292303 0.07777332 0.08048534 0.09264884 0.08219958 0.09983731 0.06622091 0.06634605 0.15081144 0.08265037 0.09264719 0.14002427 0.08502422 0.11244519 0.09360390 0.08466086 0.09012893 0.08595068 0.04865967 0.04901031 0.08489192 0.08394224 0.05191302 0.08929869 0.06244925 0.04793560 0.10530835 0.09725792 0.06706218 0.06414875 0.11724641 0.07115817 0.07396326 0.09976920 0.07970385 0.07949092 0.09183989 0.09424669 0.11546146 0.08911496 0.06086229 0.06384347 0.11151447 0.10092602 0.07679880 0.12677299 0.11575771 0.08558049 0.07951214 0.06936621 0.09479257 0.08646503 0.07237792 0.06073137 0.07027532 
0.16919238 0.16766524 0.15873105 0.00000000 0.17035023 0.80382169 0.21318529 0.19212879 0.12411813 0.14258349 0.13781735 0.08603762 0.06489715 0.03940433 0.09748229 0.08734399 0.08439324 0.12947768 0.06722219 0.05818804 0.04859726 0.12310763 0.05611777 0.08718383 0.03063076 0.13647589 0.14961397 0.10722498 0.16656142 0.12664298 0.09979544 0.11343250 0.11861477 0.09195442 0.41526689 0.13450279 0.08114864 0.11696462 0.06552080 0.10451554 0.10495957 0.09705863 0.04840472 0.06838414 0.10669466 0.07980989 0.09429165 0.08822416 0.07874443 0.14967762 0.06969154 0.06595059 0.07992642 0.11040102 0.07811684 0.10591468 0.07628879 0.09873735 0.05963880 0.06166081 0.05742430 0.06550535 0.07612541 0.09602603 0.04210884 0.06936038 0.09938656 0.13573732 0.13774279 0.10270276 0.08740754 0.10269667 0.04503165 0.10044454 0.06920469 0.05476736 0.06815579 0.07149391 0.04756877 0.06950805 0.04243923 0.07020390 0.03703473 0.06418045 0.09521714 0.02654950 0.03308041 0.07469485 0.07795112 0.09736670 0.08051918 0.06882273 0.09527158 0.10500161 0.08805115 0.07927337 0.16747747 0.10109530 0.07669307 0.17894637 0.09212361 0.08590092 0.07625510 0.07328995 0.08450236 0.10257381 0.13151950 0.12830040 0.10804711 0.08496756 0.11012904 0.21197985 0.11065105 0.09781452 0.05553848 0.08912530 0.09746794 0.11889554 0.10498860 0.06857616 0.13240880 0.05355941 0.07164437 0.07004159 0.04682888 0.10998668 0.07392254 0.10026894 0.03647613 0.14392530 0.05282764 0.08113224 0.05271621 0.07500348 0.08049305 0.10626821 0.14911248 0.10428470 0.11168710 0.05203294 0.08888693 0.10809689 0.09378248 0.03751287 0.10866758 0.05150361 0.08660144 0.07201154 0.10270706 0.11217621 0.03796578 0.04539522 0.09067578 0.05701906 0.08545826 0.09428448 0.04860205 0.09844925 0.05967005 0.12401415 0.08007340 0.05587013 0.08398185 0.13185501 0.08836840 0.07179769 0.09413638 0.12005014 0.10373359 0.07155494 0.12816270 0.22826165 0.05135654 0.05597048 0.08453989 0.07067548 0.06570692 0.12218820 0.07125089 0.12129098 
0.09072225 0.11624228 0.14457873 0.17035023 0.00000000 0.15108553 0.16671052 0.17146227 0.20526115 0.18388656 0.13326001 0.14131900 0.08966469 0.13129893 0.10849572 0.11403340 0.11051798 0.07909368 0.09007171 0.12449226 0.08143528 0.09624247 0.08486305 0.08708226 0.06724188 0.13058990 0.09139313 0.17620234 0.12579542 0.10424051 0.12711800 0.11437204 0.17080549 0.09952691 0.12477010 0.14289014 0.13065549 0.16775573 0.10293920 0.09731381 0.08405762 0.08862875 0.09031492 0.09102267 0.07566469 0.06387554 0.06784706 0.10285894 0.09074919 0.11498620 0.09615258 0.10743199 0.10998767 0.12249807 0.11146146 0.08138572 0.11184503 0.08808450 0.08944358 0.10211955 0.09323686 0.07991126 0.08245796 0.12302704 0.09999372 0.08561574 0.09438661 0.10726281 0.05225221 0.10623424 0.08690149 0.10091011 0.09070987 0.09426750 0.08489546 0.11131400 0.07094441 0.06501100 0.07870398 0.06351979 0.08749219 0.08443044 0.07562101 0.08076684 0.08987516 0.07322099 0.07349199 0.07156403 0.09230535 0.10237246 0.07699733 0.08959904 0.09719548 0.10042585 0.09911670 0.07240098 0.11582982 0.11052193 0.09416781 0.10765534 0.10850594 0.17304461 0.07086039 0.07614352 0.09975936 0.08992432 0.16099313 0.06606929 0.07416368 0.06599599 0.09644078 0.06711193 0.07089542 0.10311290 0.08152088 0.08064766 0.07931655 0.10871345 0.07752112 0.09440210 0.09763345 0.10205000 0.05032083 0.08458155 0.07594633 0.07146425 0.07852088 0.08086795 0.10382000 0.09980726 0.07633324 0.10776418 0.08535446 0.07132462 0.14288781 0.08508012 0.13836823 0.11150210 0.14618449 0.08457064 0.08834331 0.05857568 0.07125593 0.10229655 0.08984339 0.08424060 0.06650320 0.04800355 0.07570418 0.09287690 0.08375662 0.07072661 0.11919500 0.05571018 0.07454260 0.08915576 0.07681600 0.04982151 0.07418504 0.11649028 0.11624945 0.06584620 0.11811281 0.09023435 0.16009101 0.05633226 0.09980864 0.15691904 0.08011977 0.10180912 0.08391601 0.08687869 0.07849115 0.07334367 0.08281227 0.07633252 0.07125998 0.07515744 0.09637012 0.08907204 
0.10945382 0.12118112 0.13595302 0.80382169 0.15108553 0.00000000 0.14941407 0.10664481 0.16603621 0.12579967 0.12362984 0.10397721 0.06325318 0.08524975 0.01982622 0.05876637 0.07251512 0.05282338 0.07215880 0.11485455 0.08071595 0.08179895 0.11313559 0.06214818 0.05861981 0.10124784 0.06313464 0.10094544 0.10288753 0.08860544 0.09685602 0.13085683 0.13527195 0.09266740 0.09572975 0.10041038 0.07386748 0.12345331 0.06957453 0.06315516 0.14432069 0.07864203 0.02957707 0.03117824 0.10423352 0.06795012 0.08321154 0.11586957 0.05059043 0.07059646 0.11235996 0.06055159 0.09836356 0.12571037 0.09280252 0.11930231 0.08371203 0.06604229 0.09074027 0.10546158 0.11596557 0.08885802 0.09982500 0.13231074 0.09543845 0.08253894 0.09667634 0.08583013 0.21638847 0.09239457 0.08248501 0.06264671 0.07081203 0.11714594 0.07853552 0.05407165 0.08079769 0.08903867 0.04967199 0.06703091 0.09467258 0.03413868 0.08296131 0.07983812 0.06447093 0.07616890 0.05542252 0.08424048 0.09373210 0.08869059 0.05629199 0.11907351 0.05725583 0.06828131 0.10276416 0.06747657 0.09375379 0.09130199 0.08277669 0.11825954 0.16680432 0.08173761 0.07733645 0.13631055 0.10090809 0.11268531 0.11685308 0.12884767 0.14439628 0.09545888 0.07149948 0.12592864 0.08959445 0.15733592 0.06585010 0.08472970 0.14607239 0.09546836 0.04567386 0.15022213 0.17073920 0.10594968 0.06659377 0.06111354 0.04956745 0.08390594 0.06171915 0.08124330 0.05311753 0.15064474 0.11894234 0.09640803 0.04506829 0.05911796 0.10732943 0.10294123 0.14684287 0.10632374 0.11551895 0.05773671 0.09960213 0.13993369 0.10887717 0.15170813 0.10365573 0.04872455 0.04736085 0.06734186 0.11737766 0.09799591 0.08092958 0.09864072 0.13650559 0.04599600 0.11941764 0.08868509 0.06702218 0.07321497 0.07802031 0.11275900 0.11901491 0.04689935 0.07579003 0.20302680 0.11625776 0.03168714 0.13275300 0.16039992 0.12558745 0.09374989 0.09674971 0.11961151 0.06596160 0.04274535 0.09972382 0.03927268 0.08620634 0.12390139 0.08384325 0.09297016 
0.17214638 0.16269638 0.17359550 0.21318529 0.16671052 0.14941407 0.00000000 0.13860091 0.13540450 0.12200970 0.28506244 0.10707476 0.10156364 0.11624334 0.09230940 0.11077767 0.08108821 0.06911727 0.07940537 0.07602216 0.03144099 0.07695742 0.07220241 0.08281195 0.13839808 0.08011099 0.12847615 0.10504179 0.07136215 0.07161618 0.15658701 0.07954663 0.10060072 0.08355433 0.20327031 0.09799013 0.10478122 0.20648492 0.47161977 0.07305526 0.07206314 0.12487248 0.10101126 0.10996906 0.05346873 0.10473073 0.09059088 0.07122933 0.07048563 0.08027149 0.06500234 0.08790063 0.09327536 0.08678537 0.12161244 0.06271013 0.07052046 0.06524987 0.09627203 0.10061513 0.10283676 0.09900816 0.12038150 0.07040571 0.12136656 0.04724283 0.06729676 0.05753285 0.04240551 0.09581127 0.05586462 0.15098603 0.06247857 0.07681524 0.10890954 0.11396594 0.10096697 0.07101563 0.08166503 0.13480923 0.04756803 0.08353050 0.10526067 0.08051160 0.04868754 0.09270572 0.08085949 0.08361726 0.13517129 0.12476535 0.08965819 0.09659401 0.06778045 0.05787692 0.07742670 0.07738667 0.11224896 0.08572075 0.05307382 0.10253787 0.13301372 0.10022069 0.11859608 0.11782086 0.06222603 0.15174393 0.11354057 0.10672096 0.10456748 0.08953242 0.12333417 0.07653313 0.06240307 0.08268177 0.06698657 0.11534109 0.07786683 0.08761516 0.06384654 0.08117628 0.15792343 0.09024274 0.07094088 0.06422698 0.06437648 0.09126276 0.11099221 0.08279405 0.10791824 0.07797028 0.07687353 0.05702940 0.09826913 0.10084271 0.09696341 0.06504210 0.08244845 0.11499423 0.06764206 0.09844131 0.04072968 0.08007714 0.05618014 0.11729762 0.12928157 0.10013034 0.06857564 0.06812349 0.07121926 0.07976426 0.10643650 0.08062469 0.08443665 0.10300146 0.12214660 0.08965367 0.11668440 0.12227937 0.08147606 0.10853805 0.07328181 0.07258203 0.09060709 0.05938317 0.10838972 0.12581766 0.08300892 0.12124720 0.13022638 0.07345496 0.10976913 0.08681631 0.09095061 0.10744037 0.08448266 0.09980911 0.04693935 0.10328250 0.09469953 0.13417822 
0.05698371 0.35117479 0.13918035 0.19212879 0.17146227 0.10664481 0.13860091 0.00000000 0.13801798 0.13568995 0.20661756 0.12531878 0.11174153 0.15262741 0.12337473 0.09166429 0.07649382 0.08862722 0.10143742 0.09540788 0.06719056 0.10183028 0.10224133 0.09387381 0.08263268 0.08342408 0.08789882 0.11495091 0.10558087 0.07461462 0.09245256 0.15835329 0.09980305 0.08308609 0.09303533 0.14176736 0.08219100 0.12054920 0.04784490 0.09076993 0.08907575 0.08365914 0.09404943 0.09286728 0.10467127 0.05151244 0.07011826 0.13083137 0.09834368 0.13489775 0.07376093 0.08338324 0.16419083 0.11488572 0.08529415 0.09772226 0.14267252 0.07482895 0.06843139 0.09115978 0.06966110 0.07992908 0.05989551 0.14069638 0.05358618 0.12608869 0.06768838 0.08709183 0.08010059 0.14320912 0.11195848 0.16641979 0.08083150 0.09097467 0.07779424 0.08533504 0.08732540 0.08804159 0.11164093 0.11513248 0.12289263 0.10107774 0.06042781 0.07657060 0.04726720 0.05080553 0.09680883 0.13259641 0.08675350 0.09095972 0.04885635 0.11749840 0.09626397 0.13432089 0.09044150 0.12563117 0.12363851 0.14834761 0.08133022 0.08027548 0.09001887 0.12159235 0.11188226 0.10056642 0.08153769 0.08408273 0.14120568 0.09785500 0.04823594 0.07866080 0.10773684 0.10850657 0.09384013 0.12022078 0.09742917 0.08529524 0.10066173 0.09853003 0.19814125 0.07983932 0.09847887 0.03854418 0.11796124 0.12498360 0.05433173 0.10525938 0.08688006 0.08142327 0.11354894 0.09173732 0.04604102 0.09279381 0.10248589 0.06159409 0.09685051 0.08514073 0.09806407 0.02905277 0.16262119 0.09338772 0.05793344 0.05055992 0.03787682 0.10171139 0.05736869 0.11770332 0.03651712 0.09775033 0.05777998 0.10690520 0.13262563 0.15515605 0.10037356 0.06328614 0.07057442 0.09926548 0.06803401 0.03646872 0.05628449 0.10232534 0.11472542 0.11428819 0.13231379 0.05500067 0.11539432 0.06634128 0.06259825 0.15421144 0.12547477 0.08752864 0.03524732 0.05464296 0.04590406 0.06792783 0.10620376 0.16928122 0.08196454 0.09299034 0.11076162 0.09990095 
0.08652159 0.12957575 0.11846544 0.12411813 0.20526115 0.16603621 0.13540450 0.13801798 0.00000000 0.18523190 0.10484085 0.17235966 0.12910247 0.10902227 0.10262783 0.08680060 0.10715355 0.08452138 0.12726193 0.06692823 0.07977529 0.07308543 0.08965073 0.09381918 0.07354812 0.08771885 0.08190039 0.10824397 0.12740897 0.09564204 0.11356405 0.10528478 0.16392114 0.13398050 0.11849763 0.11876505 0.09522533 0.12428698 0.09308999 0.08754584 0.08463368 0.07483203 0.07807207 0.09311810 0.08934211 0.06988770 0.06642572 0.08715494 0.07630392 0.08675539 0.08472006 0.07934060 0.09786621 0.10197241 0.08367664 0.10456144 0.08821444 0.09795774 0.08531895 0.07739464 0.09425396 0.08185967 0.06413278 0.08164363 0.09463219 0.08740507 0.09176795 0.09837746 0.08886041 0.10802210 0.10421871 0.08663448 0.09072194 0.08376117 0.08924420 0.08574738 0.07868130 0.08547402 0.07463327 0.08417308 0.08595333 0.07818332 0.08310473 0.09957337 0.08127939 0.09877496 0.07261262 0.07386024 0.09258497 0.09316088 0.07987050 0.08687746 0.10858226 0.10243855 0.13760949 0.09474780 0.11936679 0.09606552 0.11118343 0.11872987 0.08236102 0.13422160 0.07815406 0.08880280 0.08232368 0.08245829 0.12477352 0.10244583 0.10572842 0.08739860 0.09532331 0.08162738 0.09951622 0.12542922 0.08926601 0.10295316 0.05566357 0.09717265 0.07265138 0.09170835 0.08983695 0.09566323 0.07424711 0.08632881 0.09322462 0.09228026 0.08417436 0.08588292 0.08299627 0.09171180 0.10000396 0.07813340 0.07008706 0.07801462 0.18508454 0.07706609 0.14974906 0.08522941 0.10868742 0.08493789 0.07655147 0.08113089 0.08237661 0.08010977 0.09986077 0.09587689 0.09733923 0.07072809 0.07145362 0.09394369 0.07445367 0.07155827 0.10406131 0.08968896 0.07066782 0.10354563 0.07595439 0.06892888 0.10017596 0.11003437 0.13659484 0.09185312 0.11778793 0.15087745 0.16266845 0.10319062 0.09104956 0.13766121 0.08222460 0.18226659 0.08890378 0.09720513 0.10409142 0.09791718 0.08166837 0.07719520 0.08987961 0.08664261 0.08861469 0.07714059 
0.10113621 0.08399820 0.11751111 0.14258349 0.18388656 0.12579967 0.12200970 0.13568995 0.18523190 0.00000000 0.13693120 0.13159177 0.09988471 0.11383163 0.10806205 0.10157974 0.11060018 0.10915079 0.12700323 0.13275473 0.06882463 0.05871765 0.10699136 0.08133357 0.08352942 0.08492037 0.09769213 0.14867943 0.11015416 0.10370199 0.10011157 0.09958633 0.08749952 0.13260439 0.13858733 0.13922255 0.11688972 0.12954054 0.13780529 0.16544744 0.08490774 0.09964349 0.08720150 0.10054926 0.07381580 0.11825604 0.09667221 0.11204034 0.10514432 0.10087613 0.10562913 0.07631397 0.07208608 0.10514494 0.08714204 0.08401304 0.06542313 0.06665429 0.03314337 0.09215939 0.07836372 0.10416063 0.13034217 0.12562643 0.11296213 0.04910067 0.16359207 0.05797145 0.10569656 0.10817548 0.08287808 0.09335292 0.08085678 0.11653895 0.08032234 0.11821072 0.08700267 0.08428427 0.10405480 0.10486430 0.07333923 0.06632211 0.08291987 0.06976889 0.05274544 0.07476073 0.10394391 0.06653874 0.06553660 0.09386101 0.09240560 0.09010725 0.12994265 0.10246647 0.12849936 0.09341013 0.11526595 0.11645294 0.07671467 0.10038648 0.15114058 0.11215510 0.13183942 0.11379678 0.06580575 0.07798878 0.12383294 0.08644939 0.08972060 0.06785805 0.09341935 0.08586398 0.11400685 0.11830323 0.14982621 0.08878790 0.09636868 0.11838888 0.09057666 0.07906771 0.07825653 0.08206654 0.11545634 0.08824540 0.06453251 0.11207736 0.05941730 0.05890551 0.06521585 0.09652424 0.08538602 0.05810446 0.13457259 0.08242042 0.11226935 0.10407605 0.06919557 0.12459894 0.10874505 0.10308562 0.08670611 0.06328353 0.11450761 0.07595930 0.08017939 0.07802128 0.06820959 0.09838542 0.08539904 0.08567909 0.05319936 0.08406427 0.13348226 0.05484130 0.06498842 0.09611875 0.11728552 0.06145476 0.06348341 0.09022663 0.09354350 0.13800535 0.10016732 0.08127607 0.09571675 0.09644681 0.12321762 0.11629060 0.07175135 0.09145760 0.08549398 0.09895659 0.10714265 0.10488924 0.08898110 0.13921262 0.05903710 0.04845688 0.08534519 0.07496774 
0.11139864 0.21240428 0.12011996 0.13781735 0.13326001 0.12362984 0.28506244 0.20661756 0.10484085 0.13693120 0.00000000 0.16103133 0.11480213 0.22434906 0.27187821 0.14589740 0.03331686 0.11042715 0.10494024 0.08146223 0.08235728 0.06990966 0.08362286 0.05789825 0.07555085 0.11092079 0.07107795 0.08857574 0.06015733 0.12143518 0.09164864 0.07602162 0.07003382 0.08180313 0.11886266 0.08155483 0.14142590 0.13653007 0.41404451 0.12189495 0.08253057 0.27366188 0.22250486 0.07449049 0.11454733 0.08357780 0.08332124 0.11321414 0.08548318 0.13931454 0.06188863 0.09253813 0.14341071 0.07037791 0.09690325 0.06396554 0.11417442 0.07321673 0.12059075 0.07553642 0.05143375 0.06248821 0.11143265 0.09390198 0.08946173 0.06525023 0.06215568 0.06637142 0.08060361 0.06796602 0.07958441 0.10712515 0.04366223 0.12394347 0.04903800 0.06184713 0.09577729 0.11872035 0.15419371 0.08123318 0.10502726 0.08686354 0.09098018 0.08146353 0.08729580 0.10977826 0.05568795 0.09271355 0.09075783 0.09557666 0.09653427 0.04914032 0.07553182 0.11541713 0.07380207 0.08699166 0.11258135 0.07252766 0.07518445 0.08672533 0.10700583 0.10848607 0.11745252 0.09138023 0.07180167 0.04975487 0.10210193 0.07206295 0.08895999 0.11557685 0.04535511 0.06218229 0.12687027 0.09044834 0.12056663 0.06713006 0.10352672 0.07993764 0.09803000 0.12128154 0.10031729 0.11990830 0.12423755 0.06192063 0.04645026 0.06996259 0.09222304 0.05945280 0.10374007 0.08825604 0.09323684 0.09447986 0.09262780 0.09532083 0.05331149 0.06670958 0.08131944 0.05543452 0.05824903 0.05480235 0.03296065 0.10054255 0.09204286 0.09220943 0.11969629 0.08257431 0.08506470 0.10452580 0.16335581 0.10437597 0.10457933 0.11121656 0.04382007 0.07120150 0.11495907 0.08513543 0.12786709 0.09466680 0.08696628 0.07184056 0.07267546 0.14028911 0.07301568 0.04659917 0.08528700 0.11315278 0.06551996 0.09075750 0.10446372 0.08023411 0.13055109 0.08887634 0.11969672 0.06996090 0.08570058 0.06992244 0.12595860 0.07578102 0.12037411 0.11559032 
0.10563191 0.08454991 0.13280846 0.08603762 0.14131900 0.10397721 0.10707476 0.12531878 0.17235966 0.13159177 0.16103133 0.00000000 0.13580762 0.10646839 0.08934452 0.17149569 0.07562145 0.13161655 0.08427077 0.06898854 0.08478161 0.11519076 0.06633907 0.10182996 0.06486938 0.10245430 0.06720686 0.11030555 0.11927951 0.16528805 0.11224225 0.12195782 0.11909328 0.10965562 0.11644486 0.17551055 0.07290313 0.10101135 0.13625066 0.06935305 0.07591642 0.08473389 0.09101682 0.08173458 0.07870726 0.08270277 0.09225630 0.10881497 0.10586635 0.08415945 0.11593067 0.04708632 0.05000438 0.08792273 0.09750625 0.10415898 0.10619049 0.06526858 0.10926556 0.07547818 0.08048884 0.05821218 0.07845327 0.05742683 0.07105369 0.10742495 0.09872542 0.12959257 0.08445820 0.11338571 0.10520480 0.07997300 0.07835270 0.08898151 0.09864359 0.12303171 0.11298810 0.02891938 0.08314127 0.11003866 0.05645054 0.06331578 0.05014966 0.09867414 0.06964898 0.09314739 0.05986301 0.15175069 0.10450821 0.08016451 0.11870091 0.05923019 0.16375133 0.11544676 0.09068748 0.09640430 0.11469071 0.09677258 0.13368663 0.17066751 0.11142643 0.07842042 0.11065529 0.16264155 0.08299968 0.08054319 0.09751105 0.07737277 0.10383836 0.11171331 0.09972859 0.06252497 0.09235226 0.12835497 0.13731021 0.15445050 0.08753765 0.07092346 0.06745644 0.07034136 0.06065799 0.09216227 0.07977528 0.06351455 0.13576986 0.08389096 0.06643238 0.12106497 0.10656545 0.08931527 0.11935054 0.08702759 0.02943831 0.04235210 0.12880129 0.03922606 0.12432947 0.16258819 0.10937547 0.08856598 0.09378368 0.10083947 0.09082621 0.08690769 0.04096198 0.10585140 0.07479012 0.09634925 0.07195083 0.10906279 0.11171550 0.08492737 0.07529437 0.05785895 0.08509356 0.07653406 0.07986949 0.09066928 0.13736861 0.14344523 0.16736082 0.15884852 0.15132042 0.08219542 0.10505401 0.09773838 0.12256551 0.12389792 0.12348118 0.13133418 0.10340692 0.09597787 0.04885985 0.06215073 0.08050303 0.12169593 0.08745735 0.08040229 0.11354148 0.05944290 
0.11825607 0.05513147 0.12713137 0.06489715 0.08966469 0.06325318 0.10156364 0.11174153 0.12910247 0.09988471 0.11480213 0.13580762 0.00000000 0.13110284 0.12080558 0.12854679 0.13585050 0.07943680 0.33991396 0.08040167 0.11592221 0.11783001 0.09167498 0.06972260 0.10429866 0.09287635 0.08137408 0.12186500 0.05087932 0.07701314 0.07258160 0.14499853 0.10358799 0.12374858 0.17650877 0.10859186 0.14262812 0.06476899 0.09870987 0.10639977 0.06925197 0.09132706 0.09140934 0.07719599 0.17954659 0.15698610 0.06459237 0.07267086 0.10404962 0.12688886 0.05957850 0.05604051 0.06183759 0.08932977 0.07502123 0.06506925 0.08178961 0.09156444 0.07887639 0.10212023 0.11100991 0.14897310 0.10420942 0.04861160 0.11205408 0.13055558 0.11535051 0.10541986 0.04748130 0.13528622 0.04969735 0.06845108 0.04834776 0.09399579 0.07940591 0.08217623 0.08176625 0.11918009 0.09385959 0.12883794 0.10820534 0.05766999 0.04050116 0.12218505 0.11184631 0.10994737 0.07970444 0.10161597 0.06850236 0.10771136 0.01610834 0.05899287 0.07003270 0.10481636 0.12561282 0.06543911 0.07359605 0.07873927 0.10814442 0.10891190 0.05210298 0.10200191 0.06412638 0.15611220 0.08991882 0.12048334 0.10676497 0.08600034 0.07979953 0.11523660 0.05948127 0.07580488 0.12167776 0.09026507 0.08099866 0.06834974 0.06876929 0.04226523 0.11076342 0.08926777 0.09862357 0.14235601 0.09184719 0.08551472 0.08685427 0.10033259 0.15048760 0.10973323 0.06439813 0.08080581 0.15829478 0.04691486 0.24089225 0.12569680 0.13238443 0.06859087 0.06754816 0.07425664 0.07988924 0.12338162 0.07132769 0.04064192 0.12016618 0.06377016 0.12590373 0.11571648 0.11775823 0.08537010 0.05244462 0.06036303 0.11957891 0.07045720 0.08317763 0.10375038 0.10730013 0.10767475 0.12589170 0.05007769 0.37913969 0.09860815 0.10073736 0.06734387 0.08260536 0.07159639 0.08199470 0.08866893 0.12989540 0.08016250 0.12227920 0.09669289 0.06225569 0.12067292 0.07887652 0.20854442 0.03527882 0.07665522 0.11619021 0.10424600 0.07773216 0.10345672 
0.12161627 0.08766368 0.07883035 0.03940433 0.13129893 0.08524975 0.11624334 0.15262741 0.10902227 0.11383163 0.22434906 0.10646839 0.13110284 0.00000000 0.19176317 0.12220686 0.10282958 0.13311828 0.20002017 0.23532358 0.12143245 0.16849851 0.12184506 0.13364292 0.07903293 0.12733076 0.12433772 0.13974995 0.08723667 0.08114191 0.09081529 0.10315915 0.08069517 0.09732818 0.04706534 0.11014902 0.08687301 0.10520407 0.26459563 0.14838977 0.08274049 0.14683013 0.74567928 0.10948490 0.08724001 0.06704689 0.05932897 0.07812393 0.03837088 0.07089084 0.06994807 0.14617811 0.05205634 0.06960225 0.11655707 0.01024892 0.07626490 0.01964077 0.08198593 0.06687661 0.07273467 0.07098318 0.11535921 0.08002050 0.13842125 0.06346735 0.11382165 0.08138144 0.04502415 0.07482934 0.04917740 0.07110432 0.07132687 0.08204504 0.09013775 0.08531940 0.09674262 0.04411729 0.09271173 0.16229535 0.07700184 0.08224292 0.09808400 0.08730012 0.09547497 0.09352873 0.11381146 0.07665436 0.08436884 0.06624726 0.16214772 0.07699812 0.13967811 0.10432063 0.09472518 0.07228312 0.11209654 0.05515583 0.05508502 0.05642216 0.09640947 0.10996332 0.12294577 0.08230088 0.09598710 0.08523338 0.07141861 0.10846545 0.05275199 0.05077678 0.08383118 0.08320557 0.05850492 0.09459028 0.09311680 0.09916563 0.07993719 0.06619545 0.10496487 0.06519476 0.12354913 0.12095694 0.06364296 0.09343140 0.07785210 0.08876754 0.09870453 0.08282465 0.09838897 0.09097334 0.07252618 0.18211243 0.10575110 0.11073323 0.08570820 0.07381068 0.07079350 0.05936396 0.11009038 0.09627004 0.09450080 0.14301742 0.11744410 0.11800855 0.03672686 0.05748271 0.10747462 0.10421560 0.08901290 0.05087721 0.04925146 0.14757689 0.09592182 0.09649192 0.06257450 0.06744121 0.06118420 0.11659115 0.05860429 0.07793514 0.08737532 0.08107541 0.10840578 0.09789985 0.08016400 0.05919235 0.13818501 0.08270063 0.12047607 0.08593547 0.04601136 0.04317583 0.07452172 0.07304525 0.17355683 0.08974221 0.07158009 0.12842165 0.07743266 0.10295042 
0.08509819 0.09157340 0.09877568 0.09748229 0.10849572 0.01982622 0.09230940 0.12337473 0.10262783 0.10806205 0.27187821 0.08934452 0.12080558 0.19176317 0.00000000 0.10495810 0.08673919 0.10706233 0.11195139 0.12199305 0.15935673 0.10961868 0.09080801 0.06329581 0.09977605 0.06089131 0.10713671 0.09977968 0.08529062 0.08308305 0.07553223 0.06568069 0.09366175 0.07857427 0.06032520 0.06525064 0.07381703 0.07746980 0.17004800 0.10488848 0.12150357 0.10629028 0.30588717 0.12284328 0.10345476 0.07976540 0.14021452 0.08255239 0.12054728 0.08031151 0.11181439 0.05872312 0.14749544 0.08348216 0.03899180 0.15826729 0.11252864 0.04107620 0.10289342 0.13732754 0.10828415 0.11386585 0.13394967 0.12182036 0.10153274 0.09022135 0.09260295 0.07513003 0.06077784 0.05165027 0.06225503 0.09216789 0.11980388 0.16264459 0.12647560 0.05956878 0.08550641 0.12401111 0.12840624 0.11711756 0.07079915 0.14550273 0.09365164 0.13894571 0.13093664 0.11814955 0.08998600 0.11662409 0.13202671 0.08777767 0.14171312 0.14694908 0.05081023 0.12394545 0.08750003 0.08677593 0.06790679 0.07953142 0.09159752 0.04074402 0.08152031 0.14537561 0.12339917 0.11279880 0.11843088 0.11449008 0.10997941 0.06200302 0.10345074 0.09021834 0.04666238 0.07748459 0.08047851 0.07340590 0.11482644 0.10163413 0.07693589 0.08888037 0.07562853 0.12454529 0.09089765 0.09034988 0.12861781 0.13052731 0.07802696 0.09115767 0.05610395 0.11119546 0.11576976 0.07123769 0.09467853 0.04104115 0.10019303 0.09579073 0.08277161 0.06482468 0.04945456 0.06811547 0.13859945 0.12778383 0.10196145 0.07377716 0.13567013 0.10074320 0.07463037 0.10714799 0.09860649 0.13641309 0.07922303 0.06105583 0.10035058 0.07452051 0.10396286 0.07963112 0.08384330 0.10615979 0.15133304 0.05318528 0.11359459 0.10840817 0.09043336 0.14149549 0.15268811 0.06453717 0.11670351 0.11145155 0.05468155 0.07325948 0.09187335 0.08276261 0.08927170 0.08525522 0.08231637 0.08089649 0.04210412 0.07412061 0.10453041 0.03395907 0.14847670 0.07935474 
0.04641918 0.09694342 0.07487845 0.08734399 0.11403340 0.05876637 0.11077767 0.09166429 0.08680060 0.10157974 0.14589740 0.17149569 0.12854679 0.12220686 0.10495810 0.00000000 0.30488709 0.14004222 0.12877066 0.09899717 0.20130469 0.12210631 0.12734475 0.12454953 0.04315921 0.08877052 0.09163299 0.10066735 0.10825013 0.09418726 0.08101778 0.12870032 0.09005933 0.08686465 0.09738205 0.08246391 0.05986460 0.08902646 0.07956252 0.07287317 0.09222377 0.08906730 0.08911949 0.10942897 0.09577834 0.06705547 0.09752865 0.05041893 0.17047873 0.07202983 0.11350129 0.11027798 0.07767572 0.10624622 0.07764925 0.07368297 0.12692902 0.05693278 0.07241580 0.11142714 0.04629972 0.13799253 0.13175586 0.08321101 0.09977877 0.07068365 0.07979995 0.18313244 0.12461204 0.06079314 0.09045818 0.07896926 0.08641615 0.08348592 0.12012077 0.10769117 0.10777446 0.08767686 0.08244254 0.07545745 0.10561340 0.07771180 0.11471019 0.12867230 0.11823819 0.11205590 0.11674106 0.09294858 0.06541807 0.12016388 0.04778936 0.08740329 0.05553487 0.08249899 0.09492919 0.06283228 0.08762987 0.07481124 0.11261395 0.08929045 0.08876275 0.07800721 0.08177827 0.08595791 0.13475816 0.04440140 0.05478735 0.13297391 0.05441722 0.11517922 0.08649539 0.13013506 0.10403638 0.08098119 0.12513457 0.06899069 0.09382947 0.10402790 0.11881053 0.13154481 0.10692721 0.12682606 0.06762848 0.09042850 0.08198719 0.09954109 0.11410215 0.08651628 0.11756574 0.10113140 0.10698135 0.11589108 0.10787452 0.09928490 0.08876358 0.11130262 0.07221984 0.11801424 0.13500303 0.10310777 0.08027956 0.13821673 0.10546642 0.10566049 0.05427790 0.11210913 0.13535683 0.10152748 0.06352868 0.12010965 0.08516648 0.07696963 0.08435958 0.08098058 0.13739247 0.08252331 0.12049155 0.10720958 0.09695450 0.09838331 0.09965570 0.07539782 0.11128542 0.07098056 0.11958751 0.14584044 0.09874606 0.08937673 0.13414145 0.08147904 0.11351115 0.08385929 0.03875647 0.10311086 0.05710541 0.13605880 0.13454398 0.07461469 0.13255087 0.05982997 
0.05601820 0.08116140 0.09325797 0.08439324 0.11051798 0.07251512 0.08108821 0.07649382 0.10715355 0.11060018 0.03331686 0.07562145 0.13585050 0.10282958 0.08673919 0.30488709 0.00000000 0.17186018 0.07661001 0.07213207 0.15297816 0.13198355 0.10763227 0.13433285 0.09793855 0.06412637 0.04613340 0.07840083 0.06290548 0.07612475 0.07939780 0.11153227 0.10693982 0.09337087 0.09106820 0.07721036 0.10586821 0.08911666 0.06453307 0.07390698 0.11060354 0.13116025 0.10293681 0.06464281 0.10149830 0.08566372 0.14422948 0.08806261 0.08123329 0.04778726 0.10994572 0.10895565 0.11472226 0.10664936 0.05802770 0.10629434 0.08494068 0.10211487 0.13064257 0.10949842 0.07576607 0.07498497 0.13199732 0.10910821 0.13214901 0.07888494 0.06749295 0.07275891 0.09103448 0.11617282 0.07193665 0.11796438 0.11351122 0.13335545 0.04215548 0.06147359 0.09355759 0.04513112 0.04712567 0.04773402 0.09207498 0.12355012 0.08927598 0.06461081 0.08193246 0.11606005 0.05086582 0.12313856 0.06789529 0.06320474 0.09809989 0.08792801 0.08878341 0.06989072 0.10998420 0.09310867 0.09146066 0.11139822 0.11098949 0.09206299 0.08379207 0.06480301 0.06750043 0.11660323 0.09416843 0.09399258 0.08319346 0.13107205 0.11326135 0.08842423 0.12052720 0.09187632 0.10937544 0.06820531 0.08151529 0.11141484 0.07561166 0.07486802 0.11731387 0.06455333 0.07471730 0.04658490 0.09105737 0.11714056 0.07129562 0.07942258 0.10191678 0.08835445 0.06009981 0.07016968 0.10698568 0.12765976 0.20373521 0.06243334 0.09949405 0.21150728 0.11405976 0.07992190 0.09859476 0.07947006 0.09377645 0.09625839 0.14180145 0.08445457 0.09735778 0.11098393 0.06839846 0.09184186 0.09034177 0.11413321 0.05612704 0.10078846 0.09400530 0.04145444 0.10798829 0.09063813 0.24585963 0.10455879 0.34502202 0.10791312 0.09145384 0.13070186 0.10013547 0.13251892 0.11039467 0.08407172 0.15760420 0.07688546 0.09317875 0.08057766 0.09438449 0.11031535 0.13219353 0.23233326 0.15047165 0.22204276 0.08924756 0.07221179 0.04089298 0.09061887 
0.10378335 0.10841369 0.08042866 0.12947768 0.07909368 0.05282338 0.06911727 0.08862722 0.08452138 0.10915079 0.11042715 0.13161655 0.07943680 0.13311828 0.10706233 0.14004222 0.17186018 0.00000000 0.14920348 0.10044819 0.24709359 0.14599774 0.10810483 0.07735637 0.07858761 0.15131054 0.10811982 0.08452576 0.03860050 0.09910559 0.04607832 0.07004751 0.07141341 0.09895527 0.01520220 0.06434561 0.06565534 0.07951271 0.07989825 0.09370522 0.11098242 0.10178289 0.12509142 0.07346634 0.14011457 0.06588882 0.12701727 0.06583157 0.15905028 0.11020956 0.11029626 0.08999102 0.06038705 0.05868287 0.11973963 0.08165486 0.10801682 0.08148651 0.06707908 0.08028461 0.07327921 0.14841547 0.04272644 0.06152214 0.12172477 0.10245143 0.04501495 0.08836661 0.07836192 0.08200353 0.11178879 0.10213098 0.08892970 0.07105485 0.15355626 0.08577915 0.11405309 0.10672749 0.12080336 0.11971212 0.08748640 0.16111556 0.11096574 0.13991618 0.06443577 0.11372611 0.11518478 0.12593344 0.04957692 0.08858978 0.15632420 0.10595535 0.08188606 0.09749917 0.08155379 0.06231857 0.06389948 0.07226329 0.10102221 0.06645695 0.07124785 0.11327740 0.12814954 0.10068171 0.12144858 0.09169219 0.04142998 0.06160718 0.10568566 0.10336509 0.03507746 0.14053449 0.12172627 0.06970848 0.07964510 0.10260057 0.09633999 0.10252182 0.10096107 0.05627286 0.07446911 0.06652400 0.15557259 0.13334382 0.10130299 0.12636427 0.12012713 0.12148189 0.16906618 0.09829500 0.10697366 0.10270770 0.08996088 0.08349060 0.06375066 0.12127719 0.06705489 0.10009879 0.07557781 0.09261136 0.07872770 0.12470020 0.09674900 0.17071529 0.13024522 0.10796932 0.14118010 0.07064321 0.10097679 0.12175012 0.11196884 0.08574540 0.06802632 0.15255525 0.14453598 0.12980587 0.11604498 0.07292878 0.12637482 0.10625586 0.08059445 0.11406893 0.06841132 0.07733845 0.08298075 0.13615118 0.15667397 0.07394635 0.14019533 0.08203235 0.07882691 0.06486797 0.10080588 0.12171336 0.04873188 0.08525424 0.09648899 0.06946096 0.17303553 0.11610079 
0.08276458 0.09520395 0.07671462 0.06722219 0.09007171 0.07215880 0.07940537 0.10143742 0.12726193 0.12700323 0.10494024 0.08427077 0.33991396 0.20002017 0.11195139 0.12877066 0.07661001 0.14920348 0.00000000 0.25149415 0.06422986 0.09758255 0.16322734 0.10245682 0.14541832 0.08154596 0.06087590 0.06277711 0.10584795 0.06995974 0.04991330 0.08693134 0.07435839 0.09512826 0.04967239 0.09947386 0.03452792 0.09593125 0.06538863 0.10956385 0.08825422 0.04793453 0.06899189 0.07243665 0.11187743 0.11060883 0.08860867 0.09548003 0.08240823 0.07642624 0.10640251 0.06031470 0.06450486 0.14999703 0.18264706 0.09475612 0.08022648 0.05572095 0.09509083 0.06718674 0.10819155 0.20381441 0.12637670 0.10430048 0.11430419 0.15029175 0.06986926 0.13839792 0.09278359 0.07333190 0.06201525 0.05753612 0.04216887 0.07673711 0.12543618 0.08062961 0.11258061 0.12833247 0.11283199 0.06882147 0.13772120 0.06712477 0.12478419 0.13066784 0.08280923 0.12382685 0.12404841 0.11167458 0.05868005 0.05307032 0.25461303 0.09187022 0.05783398 0.11873960 0.09951501 0.08105135 0.09746725 0.10563899 0.08765289 0.04550511 0.10220470 0.09328333 0.09992153 0.05320102 0.14095278 0.10764231 0.10964499 0.06666187 0.11035824 0.07609558 0.08894373 0.10288803 0.06205984 0.07352321 0.09645883 0.12294363 0.06017384 0.04378990 0.06403097 0.10152034 0.08350778 0.14941941 0.06390302 0.13570230 0.09286281 0.11893492 0.09664362 0.12702823 0.07472732 0.08325366 0.23755396 0.10171307 0.18066522 0.07147422 0.08453145 0.05785955 0.04950440 0.03097853 0.13574215 0.10643644 0.08002371 0.08174544 0.06186581 0.09239691 0.01859555 0.09910308 0.05815619 0.07506688 0.15775978 0.07451447 0.14065853 0.09668472 0.10890388 0.10806996 0.12264284 0.10571144 0.05214072 0.06378101 0.10723876 0.11459981 0.12984141 0.11404742 0.07868450 0.11804253 0.08479796 0.08691810 0.15810339 0.10613160 0.04420035 0.10025068 0.04652489 0.10545289 0.05233859 0.14268292 0.13095854 0.13825742 0.12209859 0.08360948 0.08388070 0.07368093 
0.06051031 0.09374264 0.09511242 0.05818804 0.12449226 0.11485455 0.07602216 0.09540788 0.06692823 0.13275473 0.08146223 0.06898854 0.08040167 0.23532358 0.12199305 0.09899717 0.07213207 0.10044819 0.25149415 0.00000000 0.08628790 0.16541409 0.13856188 0.22897348 0.14105749 0.07692113 0.10351063 0.11432444 0.12452726 0.12604643 0.14248644 0.15309885 0.06480875 0.08395761 0.07958396 0.08964589 0.08715181 0.08467145 0.06399581 0.14447841 0.10363952 0.14049010 0.22413224 0.12923491 0.10365985 0.14228690 0.18224962 0.10319308 0.10897137 0.10539132 0.10777493 0.14171032 0.07904309 0.15062909 0.10764751 0.09493922 0.09335454 0.09649725 0.09108147 0.07757053 0.06816832 0.07186052 0.12831328 0.10182536 0.06317889 0.06911678 0.14418829 0.09987618 0.07107329 0.12880324 0.03804769 0.08482047 0.11683062 0.12007057 0.11835177 0.09772258 0.03079326 0.11551021 0.07263945 0.04360624 0.10000465 0.07252210 0.11801973 0.12521361 0.04547393 0.14798734 0.12189025 0.06714147 0.06351429 0.10884423 0.10777233 0.05885526 0.23959886 0.10937041 0.08229294 0.09899283 0.12903099 0.11256112 0.10802929 0.05317685 0.09068549 0.07078253 0.08897002 0.11321365 0.09936016 0.06633064 0.07537114 0.08217973 0.07736303 0.10085311 0.11581433 0.09241907 0.11421037 0.09425943 0.05512842 0.07023083 0.04085405 0.04808645 0.11097322 0.07495000 0.08766022 0.05270947 0.13634535 0.06983972 0.09914901 0.06565081 0.08893294 0.06047882 0.05227361 0.09757840 0.26140238 0.10518594 0.11254266 0.06902983 0.06774325 0.04483549 0.07274050 0.11866032 0.11006848 0.08733399 0.05280968 0.09528696 0.07809429 0.13626125 0.07751882 0.10817813 0.11654796 0.08561355 0.12623509 0.10085037 0.14704266 0.13331817 0.07352887 0.07540433 0.08988841 0.09707343 0.04244947 0.08018626 0.06159403 0.09198288 0.10287908 0.07242207 0.06670260 0.08792044 0.10158977 0.08215392 0.10057221 0.10568093 0.12348494 0.08320719 0.07127379 0.01548401 0.11341683 0.06699662 0.07402283 0.11571959 0.10391191 0.05115185 0.05928117 0.10482962 
