0.00000000 0.13600978 0.18452874 0.13111403 0.13935390 0.14200487 0.14783325 0.14098781 0.15687276 0.14840848 0.16815525 0.15465104 0.14002537 0.12214720 0.14344251 0.12726972 0.13764131 0.15820410 0.15319412 0.13403590 0.11884949 0.11123252 0.11166407 0.08656556 0.10912970 0.10171216 0.10868140 0.05797534 0.14391022 0.07823347 0.08917656 0.06936217 0.10024546 0.10706385 0.10905940 0.10958858 0.10455663 0.10221694 0.07820975 0.07353479 0.10813401 0.10391848 0.09441988 0.09854234 0.07451493 0.12573804 0.08579339 0.12852759 0.10938324 0.08911374 0.10820650 0.11487675 0.17171509 0.11033582 0.15945046 0.08991481 0.16951706 0.11058122 0.11454608 0.07829701 0.12317526 0.09375838 0.07941732 0.12111559 0.06067872 0.13425200 0.10168056 0.07176925 0.10427077 0.10274012 0.10831018 0.15852475 0.09271193 0.11755681 0.15146764 0.09743328 0.10981722 0.10615216 0.13795892 0.09905673 0.15058336 0.17094361 0.13479201 0.11732471 0.12332681 0.12717838 0.08551789 0.10914807 0.09495836 0.12590684 0.10337321 0.13367637 0.13660130 0.10433597 0.08192264 0.09230770 0.12613164 0.06422270 0.07888123 0.10926704 0.12918005 0.09630506 0.09412192 0.10048488 0.10599358 0.07765132 0.06875833 0.08901585 0.06441053 0.08565851 0.07079957 0.08417135 0.09833296 0.09911935 0.10396470 0.14760469 0.11436555 0.10673254 0.13703830 0.12831884 0.12884927 0.12494868 0.07817393 0.05490017 0.10006416 0.12864156 0.08395715 0.12703255 0.09393026 0.12836347 0.09549597 0.19359767 0.13438718 0.14315443 0.17534405 0.08679133 0.09768843 0.10293120 0.07437445 0.11408379 
0.13600978 0.00000000 0.16372115 0.21770124 0.17236319 0.19962605 0.18090176 0.20613053 0.16345914 0.13167409 0.13773891 0.13462000 0.12708260 0.11418649 0.12657565 0.11981962 0.11239396 0.13569072 0.09901142 0.09853970 0.10256703 0.14281262 0.07043314 0.12735551 0.10110111 0.10239749 0.10004105 0.16112919 0.09084909 0.12347912 0.07116558 0.12435023 0.10550826 0.10828341 0.12179141 0.13180830 0.12925825 0.11942351 0.09896548 0.11866068 0.12357798 0.10905661 0.08899882 0.12552551 0.09747222 0.10002401 0.09613165 0.12228380 0.12168051 0.09639694 0.08586232 0.08690671 0.11833406 0.11028930 0.13829489 0.06761208 0.17482120 0.09423573 0.12236812 0.06915872 0.04713148 0.17180718 0.10812798 0.11045263 0.05123197 0.09352771 0.09077115 0.05547428 0.15648300 0.07851032 0.10728291 0.14229683 0.10830893 0.08073553 0.10475667 0.12055597 0.13585146 0.06727452 0.10583263 0.10429196 0.13117871 0.14914782 0.10684390 0.09154884 0.08778135 0.09391806 0.07551794 0.10659631 0.10713146 0.09092231 0.10766536 0.11513384 0.13963626 0.14462089 0.08366058 0.13011249 0.15333003 0.09901233 0.11273243 0.10446947 0.09087184 0.09486182 0.10494859 0.12882656 0.12211638 0.13968761 0.15332841 0.07043389 0.06796617 0.07589910 0.07975643 0.08875504 0.08336810 0.08428803 0.09976619 0.17854215 0.08492761 0.08845975 0.14311919 0.13045019 0.09381935 0.07494732 0.10597576 0.14965994 0.09463788 0.10818810 0.08917384 0.10497097 0.08930517 0.10356209 0.11395541 0.14049649 0.11690630 0.12638181 0.14369500 0.08382930 0.07292417 0.10389108 0.10332081 0.14211382 
0.18452874 0.16372115 0.00000000 0.27906355 0.26050057 0.22323373 0.26549178 0.17587624 0.16615663 0.17156697 0.14607758 0.11875895 0.11920424 0.11612958 0.11355261 0.12733867 0.10288085 0.15429663 0.10436512 0.11653581 0.11912024 0.07583613 0.11680630 0.08622479 0.11650095 0.13040818 0.16456421 0.08856270 0.07233237 0.10580358 0.11422101 0.08221736 0.09580739 0.09325692 0.11487940 0.09686990 0.08567057 0.08220979 0.09200817 0.10208144 0.07745126 0.09021960 0.07179573 0.08584428 0.11735193 0.10260446 0.09970271 0.12595482 0.12232885 0.07336658 0.10355835 0.10234743 0.14928649 0.10614561 0.13573357 0.06828405 0.13104256 0.09733854 0.18147190 0.10666553 0.09500964 0.15459456 0.08489325 0.13757808 0.07612867 0.10536024 0.07073523 0.10012849 0.13968608 0.10850410 0.11057549 0.12108992 0.11985640 0.11157717 0.11174366 0.08820165 0.10997812 0.12763867 0.11058570 0.10837151 0.11631028 0.13873302 0.13132961 0.09917132 0.07652230 0.08282456 0.08402217 0.13573897 0.09861339 0.11700367 0.11043473 0.11898911 0.13014769 0.11131211 0.09289596 0.08913107 0.11021586 0.08107830 0.07795892 0.08041599 0.12888136 0.07952731 0.07386995 0.14513470 0.09611021 0.07453338 0.09301310 0.08550484 0.08912162 0.12477338 0.07384811 0.09739479 0.11035938 0.10150459 0.09877047 0.12382007 0.06956409 0.12209360 0.10568045 0.12517063 0.11406161 0.10269217 0.07400516 0.09834200 0.11674330 0.14877090 0.08655322 0.10699243 0.13194030 0.13307192 0.08453408 0.12038429 0.08590862 0.12335409 0.13442833 0.10235840 0.09418609 0.07383797 0.09467684 0.09578278 
0.13111403 0.21770124 0.27906355 0.00000000 0.22485137 0.23725770 0.25631049 0.18059968 0.15390838 0.14703847 0.15473799 0.11660046 0.11992834 0.11279743 0.11194809 0.11052837 0.10561454 0.16500797 0.08245994 0.10521082 0.09359424 0.11143241 0.10834300 0.10757302 0.10716021 0.17253952 0.08508446 0.14582703 0.11390336 0.11868008 0.09105177 0.14565324 0.13960733 0.10726376 0.11776527 0.07004688 0.16145620 0.16071941 0.08332385 0.11596177 0.10213203 0.10442033 0.06238477 0.09664407 0.09388843 0.12469748 0.08244524 0.11113073 0.13058029 0.15579374 0.09111659 0.09795370 0.11572265 0.11329816 0.14318643 0.10058951 0.11950612 0.05965293 0.11272287 0.08058698 0.06342534 0.14087340 0.13076310 0.08322624 0.06187427 0.08241353 0.06231755 0.08273715 0.13834367 0.11837443 0.13415287 0.10267552 0.08462888 0.07101572 0.07957559 0.08632297 0.13840054 0.05400324 0.08470585 0.08082701 0.10917537 0.11625637 0.08460095 0.07611082 0.05205127 0.10217715 0.11698437 0.10788810 0.09709715 0.11889981 0.15375489 0.09921509 0.12689858 0.10168543 0.11505895 0.07525882 0.14408000 0.11007010 0.11760032 0.08625180 0.11984979 0.10326480 0.09202129 0.16520156 0.13658192 0.10256742 0.11029980 0.09010662 0.08856341 0.10239658 0.09219000 0.13940819 0.12372985 0.07541797 0.16372446 0.14060283 0.11896967 0.10627670 0.11029826 0.13393469 0.10192915 0.08020987 0.07409784 0.08347972 0.09363624 0.10968156 0.05910491 0.08911458 0.11120469 0.12751869 0.07835783 0.11670394 0.10014511 0.09296097 0.14034489 0.12046812 0.08348864 0.07785000 0.06938808 0.13839905 
0.13935390 0.17236319 0.26050057 0.22485137 0.00000000 0.25295526 0.22552590 0.17690501 0.16482658 0.18490689 0.14115000 0.13474702 0.12829224 0.11473473 0.11204533 0.12335217 0.11785486 0.17587204 0.09675492 0.13507152 0.15583743 0.12339341 0.06570443 0.13707175 0.10448660 0.11830054 0.12282795 0.11921451 0.09468808 0.10289485 0.04487686 0.09194863 0.10223016 0.07909151 0.10210489 0.11366681 0.07045086 0.08707438 0.06096149 0.07234928 0.11657129 0.12048590 0.06974812 0.10399793 0.08635041 0.19788853 0.12231981 0.11978673 0.18237696 0.13253438 0.10521043 0.11004762 0.13946814 0.11567645 0.14940058 0.11363270 0.15080821 0.07620181 0.10270351 0.05467299 0.03910813 0.16163727 0.08250612 0.10261503 0.05796892 0.09529475 0.04294151 0.08941436 0.11689988 0.10650986 0.14071101 0.14195176 0.10827442 0.11963914 0.10160538 0.10113245 0.06192285 0.05849718 0.12069817 0.07133596 0.12690674 0.12364625 0.10567205 0.10759193 0.07632919 0.09764086 0.08177104 0.10962940 0.05972554 0.11984625 0.12256795 0.11364803 0.13963772 0.13993361 0.16926082 0.06730381 0.10710566 0.08104390 0.06009784 0.05944764 0.13316958 0.08717037 0.19756491 0.17612142 0.13072983 0.09263137 0.09273973 0.06452507 0.04918242 0.07116176 0.08638507 0.13698358 0.16898464 0.09387993 0.08315117 0.18581955 0.09885826 0.13537780 0.17467417 0.14742628 0.12655818 0.07634040 0.06735367 0.08602355 0.10595196 0.11161113 0.08434914 0.08067250 0.10162892 0.12444057 0.06093953 0.11807139 0.10099736 0.14906591 0.15035223 0.09183916 0.07082302 0.07479671 0.05381142 0.09837416 
0.14200487 0.19962605 0.22323373 0.23725770 0.25295526 0.00000000 0.25745433 0.22874586 0.16347099 0.16404937 0.12442482 0.10914788 0.11292157 0.10841128 0.10458062 0.11704211 0.10418753 0.18017668 0.10777555 0.07183404 0.12145924 0.10964615 0.10099785 0.10091415 0.11383951 0.16592948 0.12005624 0.11450975 0.11010559 0.12130628 0.05035224 0.12194489 0.11290899 0.07641146 0.12592789 0.15036375 0.14866230 0.10410607 0.12801423 0.12867378 0.08573440 0.10149888 0.11092284 0.11828315 0.09372157 0.10841618 0.13673847 0.10090958 0.09914978 0.10872803 0.10187537 0.09885246 0.11127762 0.14076239 0.16007607 0.07913231 0.15608021 0.07411639 0.11712836 0.05702614 0.09772106 0.18003424 0.11421780 0.12096883 0.06587064 0.08086636 0.11662719 0.13720663 0.12379764 0.10013677 0.10380867 0.11998478 0.08392890 0.07226317 0.07904204 0.07370796 0.07917707 0.05750804 0.08452112 0.11316822 0.11004610 0.13604279 0.07783937 0.05783911 0.05688613 0.12506961 0.12896928 0.09535499 0.07645402 0.09645831 0.11268748 0.09683037 0.10288532 0.10849657 0.10802129 0.08154044 0.08519014 0.08399016 0.10069390 0.09213463 0.15920795 0.10923455 0.10431437 0.09677941 0.12289607 0.13314693 0.09064702 0.13140718 0.04971798 0.08194110 0.06823527 0.13647031 0.09288176 0.07190004 0.15722199 0.17094821 0.10538555 0.11764325 0.13306809 0.11167823 0.10331531 0.08705089 0.08385222 0.09736231 0.12700165 0.12129783 0.05307092 0.12139455 0.08744269 0.11516634 0.08876623 0.13125911 0.09797218 0.14232471 0.14085296 0.10942567 0.06859874 0.08934771 0.08247138 0.11308201 
0.14783325 0.18090176 0.26549178 0.25631049 0.22552590 0.25745433 0.00000000 0.25408227 0.16064919 0.14124685 0.15293042 0.11628560 0.11223448 0.10771006 0.10447295 0.11665120 0.09584291 0.13430567 0.09487012 0.09548016 0.12569450 0.11764989 0.07509506 0.13425574 0.10155358 0.13947175 0.09615749 0.13082846 0.10680678 0.12273485 0.08535318 0.11672887 0.13439816 0.08797967 0.11573791 0.10335992 0.11190793 0.11225177 0.08702770 0.12444418 0.11116671 0.14765421 0.06979942 0.09759701 0.09408332 0.09486690 0.07940964 0.13871221 0.09419658 0.09884506 0.09018772 0.08843132 0.12343413 0.13364292 0.15820897 0.08712605 0.15447354 0.07702104 0.12114037 0.06351763 0.08449542 0.11190678 0.10425675 0.09864964 0.04459423 0.09012083 0.09261060 0.07968864 0.10968500 0.09493850 0.13897614 0.12757458 0.13110527 0.07019423 0.09297962 0.11426772 0.10675327 0.06012724 0.09239463 0.06425340 0.11690248 0.12368134 0.09735731 0.07663718 0.05638870 0.14286680 0.10012060 0.09218306 0.10309701 0.11082733 0.13865580 0.09640636 0.13235520 0.08368475 0.07883733 0.11874983 0.09089807 0.11633083 0.12055103 0.10643239 0.14746354 0.15546392 0.08949780 0.11282214 0.09849116 0.09499216 0.11442484 0.09344556 0.10121107 0.09161069 0.07192001 0.13006347 0.14287513 0.10137338 0.11793429 0.12904658 0.10195683 0.10067540 0.11760218 0.11094415 0.09898440 0.08465223 0.09699410 0.08394039 0.09909710 0.12341899 0.06142285 0.10603512 0.09593554 0.09893385 0.10528563 0.12900071 0.17152893 0.15328205 0.17332166 0.11088525 0.09048447 0.09867108 0.04309172 0.10075669 
0.14098781 0.20613053 0.17587624 0.18059968 0.17690501 0.22874586 0.25408227 0.00000000 0.18976384 0.16045979 0.14178920 0.12226825 0.11442006 0.11000602 0.10568341 0.11964124 0.10790221 0.12306053 0.08805528 0.07147632 0.14219564 0.10370487 0.06791695 0.12289893 0.11083406 0.11629917 0.09040760 0.10159611 0.11097984 0.13562462 0.11400874 0.12360177 0.13795654 0.08479324 0.09574939 0.12902745 0.12268370 0.09933471 0.08442211 0.11497218 0.09610894 0.12333715 0.10099781 0.11562239 0.08255915 0.09455790 0.09312014 0.11409642 0.11517255 0.07800243 0.12288946 0.07803591 0.12530574 0.14469137 0.16113992 0.09030525 0.15473357 0.08256062 0.09427457 0.03942698 0.05555439 0.13102841 0.09209122 0.10582247 0.05885837 0.11416840 0.08884265 0.06067560 0.13240220 0.09185146 0.14363173 0.15884344 0.11813328 0.08035116 0.10233802 0.10108547 0.09136040 0.05338273 0.11828151 0.10361785 0.12009261 0.17165273 0.09557544 0.06234992 0.08831768 0.08507641 0.10299495 0.11925664 0.09583985 0.11258965 0.11989005 0.09804047 0.13001679 0.11937740 0.11259968 0.12921541 0.08124955 0.11407628 0.10508925 0.08374791 0.11661330 0.10952420 0.09642750 0.10108385 0.11430715 0.09897084 0.08999780 0.07922280 0.07359123 0.06339968 0.05903313 0.13199524 0.12750821 0.10452288 0.12803788 0.18092564 0.11502407 0.11535381 0.14096449 0.12749332 0.09522467 0.10925219 0.07965026 0.13925748 0.13177211 0.14191193 0.07321782 0.11690168 0.11276675 0.12040635 0.11159562 0.15647505 0.10344087 0.12531070 0.15621977 0.08671712 0.09909194 0.09573234 0.09479699 0.13320892 
0.15687276 0.16345914 0.16615663 0.15390838 0.16482658 0.16347099 0.16064919 0.18976384 0.00000000 0.20367140 0.17658899 0.17412853 0.13787143 0.12436069 0.14135380 0.15540235 0.14242451 0.16201039 0.14636745 0.13107783 0.14721502 0.12044399 0.09027008 0.12330534 0.11289166 0.07999480 0.11394554 0.07856072 0.10166921 0.07074100 0.10768279 0.07733825 0.08500597 0.07852618 0.09620580 0.09126934 0.10821097 0.08130124 0.08655064 0.08983157 0.10462776 0.09012975 0.09359340 0.07481096 0.07961106 0.12260940 0.10039547 0.11781859 0.11082788 0.10591621 0.10918077 0.11138339 0.15032907 0.12779086 0.14480034 0.10240002 0.14951689 0.12886278 0.12404058 0.06700660 0.09520064 0.12346526 0.08140151 0.11781341 0.05787287 0.11454558 0.11685033 0.05537106 0.11350891 0.08423799 0.12353501 0.16080820 0.10915465 0.11409746 0.14542726 0.10230242 0.09921230 0.09034395 0.14655433 0.11544260 0.14049836 0.18497590 0.11734642 0.10352952 0.09188496 0.12005824 0.09247892 0.11432116 0.06930069 0.12455777 0.11024524 0.11464434 0.10674125 0.08944425 0.08618374 0.08367639 0.09785900 0.08158097 0.10003967 0.09997588 0.08934797 0.11495758 0.09619369 0.13155101 0.11879530 0.10280250 0.08889227 0.07872586 0.05438404 0.06653693 0.05899651 0.08308904 0.13139217 0.10352069 0.12271540 0.15525112 0.11285121 0.09369351 0.12237298 0.13063293 0.13803491 0.10237080 0.05888756 0.09836365 0.08855785 0.10457747 0.08854425 0.13413008 0.09932866 0.09706840 0.12807187 0.16615030 0.13964451 0.15152909 0.15235190 0.08044499 0.10579961 0.08815009 0.06111236 0.11197330 
0.14840848 0.13167409 0.17156697 0.14703847 0.18490689 0.16404937 0.14124685 0.16045979 0.20367140 0.00000000 0.19074464 0.15882523 0.15793345 0.14534959 0.13622648 0.15868173 0.13202226 0.18043875 0.16313253 0.13759519 0.12620615 0.13195723 0.09334391 0.07736542 0.11323046 0.10061778 0.11219063 0.05484029 0.10283146 0.07012088 0.07539486 0.09565445 0.11312592 0.08748110 0.12418225 0.16173836 0.10814928 0.08387387 0.09425314 0.07343990 0.08361762 0.07419730 0.13272857 0.08635873 0.09835064 0.13800592 0.10018161 0.11284504 0.09065784 0.11655419 0.06623736 0.10602711 0.15344629 0.11640087 0.15683369 0.13118882 0.15191503 0.11929345 0.10613361 0.05985071 0.06977543 0.15200438 0.10174579 0.10849536 0.05892652 0.15271830 0.08922057 0.06425766 0.13836387 0.09283614 0.14820486 0.14276591 0.10442744 0.15103620 0.12714908 0.08797378 0.10594816 0.09283016 0.11616664 0.11749583 0.11460694 0.15635939 0.17337389 0.08104850 0.10196909 0.09125424 0.09170765 0.10705223 0.06360351 0.10491449 0.10360074 0.12971444 0.10273854 0.10165448 0.11968513 0.07377923 0.07741980 0.10695281 0.09117465 0.14433895 0.09000496 0.07128769 0.10584346 0.09305766 0.15385893 0.07423811 0.07138580 0.12571114 0.05884125 0.06949167 0.07819512 0.14441203 0.12477591 0.11624545 0.13286754 0.14898961 0.12505755 0.12208648 0.12713672 0.13548954 0.15444735 0.10018255 0.05485686 0.08693343 0.09533696 0.12386283 0.09464784 0.11301017 0.08659892 0.10363941 0.09776308 0.12791179 0.11195504 0.11926567 0.13066677 0.07212870 0.06572776 0.07719808 0.04024658 0.11457938 
0.16815525 0.13773891 0.14607758 0.15473799 0.14115000 0.12442482 0.15293042 0.14178920 0.17658899 0.19074464 0.00000000 0.19398797 0.17320292 0.16775102 0.16918826 0.15738385 0.15674616 0.19039005 0.15005677 0.12688434 0.10850716 0.10515556 0.06006271 0.09868222 0.09747235 0.05295926 0.10136955 0.05511330 0.08571329 0.05561245 0.08634515 0.08060567 0.09830241 0.10265300 0.14917602 0.12529720 0.10773454 0.10067594 0.11448697 0.06573756 0.09474765 0.06314825 0.12179180 0.07818788 0.08227503 0.11322113 0.12067543 0.13483094 0.11206550 0.11376616 0.08053018 0.08946121 0.14751938 0.10160886 0.16852238 0.13380178 0.13031681 0.10755563 0.08604282 0.05673812 0.06386086 0.11698072 0.11282279 0.12028674 0.06421910 0.11687183 0.09258098 0.07399566 0.11538415 0.07418744 0.10661688 0.15296571 0.13055363 0.14721463 0.12942862 0.09419266 0.11970011 0.13757730 0.13422342 0.08962006 0.13356849 0.19312228 0.10713818 0.09211560 0.11791120 0.10801161 0.09089180 0.11791047 0.07943505 0.11047525 0.12075540 0.12356119 0.10324102 0.10264714 0.09104583 0.10602029 0.09392212 0.07922099 0.11634598 0.13518992 0.12277848 0.09972901 0.09191278 0.10827047 0.11700899 0.06909346 0.09143325 0.08815373 0.09232858 0.06581249 0.06336429 0.10918968 0.11101044 0.12184569 0.10680710 0.14806019 0.12982764 0.12055556 0.12729943 0.16087494 0.17090429 0.11320882 0.06476869 0.07834009 0.15206591 0.12002901 0.09460298 0.13791491 0.07619373 0.10956176 0.12027532 0.15220605 0.09915690 0.10725811 0.14704632 0.07027924 0.08852975 0.09484323 0.03673308 0.11105439 
0.15465104 0.13462000 0.11875895 0.11660046 0.13474702 0.10914788 0.11628560 0.12226825 0.17412853 0.15882523 0.19398797 0.00000000 0.18783686 0.18601000 0.18753417 0.18911396 0.18163760 0.16908154 0.14426472 0.13913453 0.10578421 0.12347556 0.06571907 0.07696488 0.10197418 0.05764551 0.11118716 0.03851143 0.10535093 0.04954034 0.09351080 0.06251158 0.10956483 0.09771441 0.11853647 0.12243814 0.10595532 0.08861240 0.10306068 0.04298558 0.09296673 0.08128236 0.12415459 0.09754142 0.08493736 0.14268899 0.13923304 0.10969210 0.10742510 0.09838391 0.09121347 0.09761422 0.14894924 0.10396344 0.14286775 0.10302871 0.14440911 0.14072144 0.10596919 0.06863983 0.09322006 0.09826570 0.10973406 0.11066279 0.06757424 0.12328504 0.11148008 0.07420858 0.12312229 0.07995609 0.11561609 0.15529010 0.09912490 0.13128269 0.14573312 0.08986739 0.10265061 0.13046271 0.14963800 0.11141137 0.13790008 0.18496493 0.12345935 0.11051309 0.11438213 0.11981043 0.10657125 0.11390390 0.08096883 0.11296634 0.09636974 0.13005727 0.11268664 0.10020595 0.08149220 0.09034560 0.10161733 0.08180625 0.10920193 0.11512986 0.11393382 0.10193972 0.09923208 0.10582172 0.09297686 0.05751202 0.07707958 0.10983674 0.05830166 0.07728482 0.08277662 0.09916031 0.14168664 0.12279185 0.13458741 0.15348887 0.10706785 0.12187707 0.12832864 0.15457361 0.16459205 0.13205917 0.08863356 0.08892499 0.11475809 0.13824731 0.07569421 0.11548927 0.06416518 0.10453298 0.11646189 0.15081664 0.10696425 0.12726357 0.14704279 0.07774291 0.09166003 0.12005951 0.05256753 0.10189922 
0.14002537 0.12708260 0.11920424 0.11992834 0.12829224 0.11292157 0.11223448 0.11442006 0.13787143 0.15793345 0.17320292 0.18783686 0.00000000 0.19090978 0.18885266 0.18009188 0.17096509 0.15603247 0.13771066 0.12054924 0.09290389 0.12624616 0.06919755 0.07310734 0.10964163 0.07266534 0.10082350 0.06222933 0.09950014 0.06656508 0.07557807 0.06987849 0.10638839 0.11620711 0.12665932 0.12944595 0.10495201 0.09029107 0.11436802 0.06425812 0.08745165 0.07666315 0.11475287 0.09066871 0.09409174 0.13695281 0.12970723 0.10639255 0.09392772 0.09600560 0.09789607 0.09967652 0.13412464 0.09785525 0.13501890 0.09507406 0.13441759 0.12993031 0.11216463 0.08492133 0.09477271 0.09374322 0.12490404 0.11509869 0.07583122 0.12035652 0.12164951 0.07554292 0.11226696 0.09301282 0.10106612 0.14416135 0.08474843 0.12512427 0.12959365 0.09893748 0.12395572 0.12521400 0.12759035 0.10508741 0.12188157 0.15454543 0.10566313 0.09797866 0.12374314 0.11518240 0.10314868 0.11646296 0.09618083 0.11245792 0.11851431 0.11951402 0.10253350 0.10426783 0.09379687 0.10622078 0.09545259 0.09060741 0.11065320 0.11992537 0.11973257 0.09590449 0.09603313 0.10900833 0.10812327 0.06253597 0.08718998 0.11231748 0.07375976 0.09140835 0.10341899 0.10010200 0.12216328 0.11375542 0.14146295 0.14891620 0.11466661 0.12269664 0.12177474 0.13611134 0.15195256 0.12428971 0.11582775 0.10877335 0.14216989 0.12743198 0.09386998 0.13402392 0.08260697 0.11752307 0.11498856 0.14086868 0.09566361 0.11826346 0.13719916 0.09087224 0.10753884 0.11739454 0.07268954 0.10882630 
0.12214720 0.11418649 0.11612958 0.11279743 0.11473473 0.10841128 0.10771006 0.11000602 0.12436069 0.14534959 0.16775102 0.18601000 0.19090978 0.00000000 0.19607860 0.20399078 0.18724058 0.15980862 0.13649526 0.12809586 0.09951047 0.13119776 0.07796358 0.08929696 0.11038212 0.07103319 0.11820339 0.08090138 0.08775603 0.06835277 0.09008382 0.09886936 0.09681523 0.11225248 0.10819382 0.15228334 0.10160080 0.10389071 0.11632136 0.09273051 0.11492724 0.08911045 0.11110137 0.10374804 0.12971735 0.11980029 0.09441835 0.09339365 0.08351770 0.10125289 0.10362537 0.10906112 0.13401744 0.10837713 0.12791287 0.10157174 0.12225619 0.11955488 0.11326219 0.11275749 0.10504783 0.07778894 0.12582300 0.12489227 0.07016710 0.13391508 0.13675449 0.09114399 0.12742547 0.11030376 0.08383353 0.12518199 0.09141889 0.11342550 0.11626225 0.08577872 0.11517782 0.11733743 0.13626408 0.11245281 0.10626575 0.14098394 0.11309843 0.09411332 0.10637829 0.10802505 0.10264122 0.10424915 0.08643271 0.15198227 0.11939216 0.10951912 0.08853046 0.11511249 0.08189800 0.11749979 0.10390807 0.10388745 0.11474143 0.11377311 0.10826575 0.10527939 0.08845369 0.10480101 0.12419711 0.06706954 0.08188615 0.09461564 0.09495978 0.11120574 0.08907506 0.12238846 0.13544179 0.12901399 0.12680343 0.13455427 0.10337069 0.11543933 0.11441460 0.13843624 0.14093853 0.11997499 0.11438319 0.09430131 0.12604172 0.10177454 0.08804205 0.11687331 0.08821226 0.09859082 0.11657665 0.12405091 0.09266550 0.11117602 0.12041534 0.12816878 0.10062498 0.10252816 0.09329055 0.10310279 
0.14344251 0.12657565 0.11355261 0.11194809 0.11204533 0.10458062 0.10447295 0.10568341 0.14135380 0.13622648 0.16918826 0.18753417 0.18885266 0.19607860 0.00000000 0.19821656 0.20538394 0.16379621 0.14246554 0.13256599 0.12717181 0.11574489 0.09032328 0.08635338 0.10505063 0.08103483 0.11286808 0.07815664 0.09494958 0.07027557 0.07305381 0.08203840 0.11704241 0.09281044 0.10549021 0.12211457 0.10472956 0.09298493 0.12283349 0.09239101 0.07504533 0.08699664 0.11113076 0.10024660 0.11363960 0.13370315 0.11692616 0.09935930 0.09812282 0.09890716 0.09628754 0.09882151 0.13355566 0.09729660 0.12991693 0.09199322 0.13729790 0.11237804 0.10212325 0.11465398 0.09645976 0.08374907 0.13773743 0.12286069 0.08061901 0.10414142 0.10635137 0.08804624 0.09381981 0.10766370 0.10422425 0.13538474 0.09942979 0.12054542 0.11974786 0.08494665 0.11948105 0.12949571 0.12112790 0.10790703 0.11972811 0.15624082 0.11290317 0.09223491 0.11482539 0.13741338 0.11493063 0.11075763 0.09271401 0.12794272 0.10057266 0.12316384 0.09203732 0.09484347 0.07869746 0.10093255 0.09148992 0.09016812 0.11384480 0.10164569 0.10658063 0.10291092 0.09960094 0.10908487 0.11738604 0.07457378 0.10255595 0.09798641 0.07616391 0.09983631 0.11077553 0.10734149 0.11884781 0.10004732 0.12307133 0.12318089 0.11320987 0.11119767 0.11048539 0.12963316 0.14210023 0.11325714 0.11815064 0.08443110 0.11993086 0.11140810 0.08732856 0.12202506 0.08194095 0.09364085 0.11025720 0.12470794 0.09128692 0.15817844 0.13621023 0.14338297 0.15400070 0.12430392 0.10954711 0.09906096 
0.12726972 0.11981962 0.12733867 0.11052837 0.12335217 0.11704211 0.11665120 0.11964124 0.15540235 0.15868173 0.15738385 0.18911396 0.18009188 0.20399078 0.19821656 0.00000000 0.22847240 0.15651483 0.11412541 0.13708575 0.09792688 0.12147347 0.09389431 0.09006023 0.11398788 0.08263033 0.11325382 0.08447938 0.08765892 0.09274968 0.08329495 0.09341599 0.09176285 0.09602693 0.09084334 0.12398069 0.12194888 0.10246503 0.10740124 0.10527343 0.11078091 0.10860941 0.09802257 0.11261811 0.11371447 0.13308471 0.12415886 0.11306705 0.09863549 0.10536217 0.10910567 0.10838678 0.12839033 0.10761351 0.12010746 0.10695823 0.12325043 0.11906953 0.11867085 0.13263692 0.07067644 0.07094971 0.11313625 0.09753167 0.09265059 0.11278162 0.11366490 0.08625855 0.12488887 0.10378798 0.07932758 0.13098007 0.10177347 0.10476586 0.11309104 0.08814973 0.10967564 0.11104004 0.10900622 0.14006133 0.12356895 0.14753813 0.10334657 0.10024304 0.10951939 0.11363928 0.09067700 0.11893480 0.09491353 0.12031875 0.11558630 0.13745273 0.09919187 0.10392534 0.10787107 0.09148709 0.11952856 0.10004821 0.09736207 0.09565493 0.10046110 0.09611997 0.08059702 0.09054024 0.10652502 0.07679994 0.08819494 0.09906725 0.08965854 0.10938153 0.11515714 0.08099026 0.12848513 0.09727245 0.15195420 0.11821638 0.10732250 0.09063809 0.11284790 0.11082625 0.12215365 0.11851806 0.12165251 0.10968978 0.11391353 0.10114317 0.11400429 0.11424978 0.08863833 0.10803073 0.11324886 0.11970946 0.09487024 0.12498602 0.12128169 0.12991799 0.13276203 0.09535650 0.09720392 0.10991188 
0.13764131 0.11239396 0.10288085 0.10561454 0.11785486 0.10418753 0.09584291 0.10790221 0.14242451 0.13202226 0.15674616 0.18163760 0.17096509 0.18724058 0.20538394 0.22847240 0.00000000 0.19831215 0.14012698 0.10938902 0.12901273 0.12092957 0.08680225 0.09743352 0.10369915 0.08372219 0.09637697 0.07337667 0.09622756 0.09514671 0.09589836 0.11770562 0.13950359 0.09840958 0.08873253 0.13612426 0.10931941 0.08777593 0.11605169 0.09384855 0.10416491 0.07976801 0.09616190 0.10046049 0.11878952 0.13077150 0.10067099 0.14398987 0.11745104 0.11162431 0.08445906 0.11184802 0.15811491 0.08426124 0.10811503 0.10099607 0.11485762 0.14829645 0.13605219 0.12353291 0.07127592 0.10700052 0.11375527 0.10589040 0.07888450 0.11746329 0.11356240 0.10035969 0.11581441 0.12262395 0.11814173 0.11044780 0.07329068 0.10235941 0.10350638 0.08989296 0.11246392 0.11416160 0.13855885 0.09686446 0.12906701 0.13321818 0.11002613 0.09762577 0.11829705 0.12061747 0.09726956 0.13159306 0.09126975 0.10327957 0.10933639 0.12721877 0.12956760 0.09787902 0.08695790 0.09213856 0.08974492 0.09463378 0.09421528 0.08668534 0.11452549 0.08486887 0.10139669 0.08814921 0.10853626 0.08643249 0.09907470 0.07442135 0.09724430 0.12582362 0.13290547 0.10002384 0.15858837 0.10911266 0.11425290 0.10419991 0.13698668 0.10907387 0.10314099 0.11543979 0.12954955 0.10735079 0.09756350 0.08305677 0.09882348 0.11399693 0.07053819 0.10892616 0.10009940 0.12517953 0.09637108 0.10490784 0.09576255 0.17106835 0.11881442 0.13463773 0.13042875 0.13160958 0.10023197 0.11427512 
0.15820410 0.13569072 0.15429663 0.16500797 0.17587204 0.18017668 0.13430567 0.12306053 0.16201039 0.18043875 0.19039005 0.16908154 0.15603247 0.15980862 0.16379621 0.15651483 0.19831215 0.00000000 0.20994650 0.21726364 0.19400111 0.11538010 0.08206675 0.12464058 0.08715953 0.06306891 0.13220048 0.09533649 0.08631357 0.10049034 0.10425599 0.10085391 0.08192033 0.06611249 0.12545396 0.09862277 0.10692773 0.09819755 0.16010632 0.07408659 0.08041633 0.05854562 0.09083594 0.09214899 0.10174070 0.15797125 0.16044082 0.12177664 0.08642024 0.10888172 0.07275454 0.11900553 0.14130217 0.09576971 0.11387502 0.14761416 0.13530717 0.12125004 0.13295834 0.05915383 0.08190221 0.13559423 0.09561744 0.08659791 0.08125351 0.10163225 0.09999919 0.13115696 0.10118748 0.10138024 0.13830170 0.13267267 0.09967987 0.09911515 0.08508955 0.08601454 0.12405670 0.08407954 0.11117284 0.08165490 0.13800881 0.13820892 0.11873624 0.09595712 0.09342749 0.12739231 0.06013061 0.13104189 0.07082763 0.09176080 0.16378548 0.11769541 0.08486298 0.10680242 0.10838705 0.07688053 0.09467473 0.06340271 0.13860659 0.06979632 0.09798905 0.10851382 0.11049027 0.14704918 0.14857930 0.11877979 0.10768124 0.06162492 0.06379954 0.07558677 0.09163243 0.12505827 0.11359455 0.09113153 0.20878106 0.10221840 0.07857094 0.11636050 0.11311480 0.13430079 0.11969770 0.11480240 0.07047010 0.08830047 0.08241372 0.11879312 0.07745276 0.12289294 0.06509594 0.09121548 0.10068895 0.10501342 0.07636962 0.12645343 0.15035139 0.08170686 0.10979636 0.13408888 0.06535871 0.09132701 
0.15319412 0.09901142 0.10436512 0.08245994 0.09675492 0.10777555 0.09487012 0.08805528 0.14636745 0.16313253 0.15005677 0.14426472 0.13771066 0.13649526 0.14246554 0.11412541 0.14012698 0.20994650 0.00000000 0.29553225 0.24315724 0.14606529 0.15563662 0.10272826 0.08644228 0.10377275 0.07965833 0.07230623 0.12694463 0.09010351 0.11317679 0.09846679 0.13387147 0.09946284 0.17973904 0.11533013 0.10161530 0.13192299 0.12804485 0.07939681 0.11125701 0.11732287 0.06568989 0.07152886 0.05603572 0.13475111 0.11004392 0.09797360 0.13089021 0.11279789 0.14767145 0.12487683 0.10816115 0.07848909 0.12674298 0.12895547 0.10577747 0.09245032 0.12086814 0.12304589 0.11142918 0.07389985 0.12310541 0.12845349 0.16935283 0.10485283 0.10179496 0.09484976 0.06380093 0.08847850 0.12950455 0.10957693 0.12518558 0.07399682 0.12255454 0.12041825 0.12687036 0.11727695 0.13701581 0.11379029 0.12069247 0.11257280 0.14399050 0.14330519 0.08820537 0.09706447 0.09953467 0.10359648 0.07777572 0.10874954 0.07524419 0.12952797 0.13452921 0.11484590 0.10423428 0.09401439 0.07463311 0.09653699 0.10882580 0.14848138 0.11648766 0.07837343 0.11979045 0.10689104 0.09902532 0.10339006 0.08686092 0.07739361 0.08933101 0.11317001 0.14489170 0.09054824 0.09122735 0.16289708 0.14641251 0.13591422 0.08246254 0.11425833 0.10346819 0.10656418 0.13553292 0.16174909 0.07080059 0.13361226 0.16993919 0.15014705 0.12086123 0.12296170 0.08551342 0.07320711 0.06162868 0.09897839 0.10099116 0.10665494 0.11866612 0.11910936 0.09105722 0.11773244 0.08991942 0.08409820 
0.13403590 0.09853970 0.11653581 0.10521082 0.13507152 0.07183404 0.09548016 0.07147632 0.13107783 0.13759519 0.12688434 0.13913453 0.12054924 0.12809586 0.13256599 0.13708575 0.10938902 0.21726364 0.29553225 0.00000000 0.26152116 0.18327726 0.15752830 0.14601200 0.09449514 0.11876809 0.07795139 0.14734479 0.06489763 0.11041656 0.12373931 0.11712298 0.11468123 0.19231465 0.07787343 0.10202445 0.11376538 0.16053517 0.11479673 0.13156014 0.08273370 0.13680946 0.15624555 0.14734758 0.09068975 0.10278107 0.10031617 0.12254435 0.09441636 0.08095911 0.07638493 0.13607858 0.13417742 0.10818263 0.08832704 0.18477478 0.10240085 0.10072142 0.15165668 0.06881975 0.11728683 0.13597478 0.15729893 0.12133769 0.20532649 0.09607822 0.11814033 0.16135379 0.09924280 0.10802020 0.07694762 0.08258029 0.12994781 0.09976033 0.15422535 0.07418982 0.12902945 0.11270105 0.06560465 0.08273427 0.08809029 0.09082380 0.09616760 0.11513290 0.12311661 0.13927597 0.11342611 0.07784225 0.14473043 0.12255448 0.14562356 0.13074662 0.11893217 0.12155420 0.11286652 0.12161133 0.10299172 0.12606735 0.12448995 0.07457945 0.08239048 0.09621527 0.12368745 0.11221938 0.10162097 0.13071332 0.14706548 0.10535973 0.09081198 0.10518470 0.08815117 0.10464395 0.06587780 0.07524724 0.10887355 0.08454805 0.11429764 0.12243688 0.11118961 0.08316781 0.08786073 0.16021088 0.06708101 0.08823207 0.07548653 0.11663033 0.07573803 0.08922076 0.13452102 0.09662553 0.15672326 0.07563508 0.19370779 0.09959620 0.06753688 0.05738850 0.07699407 0.14936642 0.08871771 0.05170392 
0.11884949 0.10256703 0.11912024 0.09359424 0.15583743 0.12145924 0.12569450 0.14219564 0.14721502 0.12620615 0.10850716 0.10578421 0.09290389 0.09951047 0.12717181 0.09792688 0.12901273 0.19400111 0.24315724 0.26152116 0.00000000 0.22320524 0.16709359 0.19245292 0.07381725 0.11525040 0.11866016 0.13129513 0.07175253 0.14516554 0.08973395 0.10432969 0.10616505 0.11068161 0.12009571 0.07060305 0.07410372 0.07810118 0.14954975 0.12015119 0.12357812 0.12128141 0.13147824 0.07317784 0.11766391 0.17965102 0.15813935 0.12473803 0.12053697 0.17081655 0.09368655 0.11896566 0.11224565 0.12962617 0.13139812 0.15746420 0.11260758 0.09489263 0.07306577 0.15142637 0.13515074 0.14684370 0.08375677 0.09316028 0.13783079 0.11040858 0.10337038 0.08608766 0.15823599 0.10096940 0.12852172 0.10529495 0.21925955 0.07562765 0.08443613 0.07065619 0.08509691 0.09378791 0.08495196 0.08835659 0.11139170 0.13605001 0.16511928 0.10092033 0.10457910 0.08207708 0.08062922 0.14223436 0.18346138 0.12660803 0.14639272 0.13647720 0.13443797 0.09553357 0.06785808 0.09314937 0.09938944 0.12156191 0.13550180 0.05573258 0.05855338 0.06623533 0.12772344 0.14951730 0.08248314 0.10780288 0.12889209 0.07632639 0.07803562 0.09267990 0.07068516 0.13860619 0.18497053 0.10386122 0.12975750 0.12663545 0.14008265 0.09320847 0.09620943 0.08440033 0.09342005 0.07356549 0.04942688 0.07291351 0.11386104 0.13656817 0.07433984 0.07309241 0.13245048 0.11691358 0.13264277 0.09633701 0.11397732 0.10595171 0.11244303 0.10040590 0.06097573 0.12241574 0.05579363 0.07740588 
0.11123252 0.14281262 0.07583613 0.11143241 0.12339341 0.10964615 0.11764989 0.10370487 0.12044399 0.13195723 0.10515556 0.12347556 0.12624616 0.13119776 0.11574489 0.12147347 0.12092957 0.11538010 0.14606529 0.18327726 0.22320524 0.00000000 0.23338672 0.13220577 0.13203799 0.12824538 0.12303951 0.11135021 0.10990194 0.14255308 0.14909253 0.16619525 0.14207266 0.10468619 0.10377106 0.14258970 0.13027653 0.12933392 0.08774836 0.13797888 0.04870565 0.14483690 0.18284088 0.12049862 0.17574789 0.07141857 0.17986453 0.10664261 0.15430787 0.09798893 0.08941554 0.12002804 0.07457482 0.08832239 0.08115423 0.09583866 0.10527063 0.14324820 0.09836078 0.10658685 0.09829604 0.16741936 0.10992767 0.09094085 0.10186853 0.07192835 0.14448570 0.13770657 0.05280602 0.11374604 0.12196175 0.08025573 0.06945037 0.06741087 0.08073351 0.14092944 0.17390061 0.07452267 0.04633404 0.09455703 0.09846588 0.09639043 0.05438032 0.08418015 0.08993748 0.07054943 0.11530517 0.06956246 0.11326928 0.16394158 0.15809325 0.10055183 0.10970311 0.17733062 0.09725297 0.09923312 0.10316958 0.05618628 0.14235825 0.12079108 0.09167334 0.05679381 0.12378625 0.16037281 0.16349913 0.07333900 0.18838960 0.11518029 0.14406374 0.10247655 0.13125515 0.12607389 0.15927004 0.13179652 0.13408265 0.08312233 0.17676131 0.15090754 0.15602098 0.09203473 0.08948604 0.11024450 0.11944944 0.06630708 0.06761246 0.13694992 0.06480991 0.08001900 0.14572275 0.07418174 0.22537069 0.08834556 0.07861275 0.15086450 0.13052103 0.07650480 0.06838474 0.10248549 0.11717425 0.06580057 
0.11166407 0.07043314 0.11680630 0.10834300 0.06570443 0.10099785 0.07509506 0.06791695 0.09027008 0.09334391 0.06006271 0.06571907 0.06919755 0.07796358 0.09032328 0.09389431 0.08680225 0.08206675 0.15563662 0.15752830 0.16709359 0.23338672 0.00000000 0.21538512 0.13188480 0.10483556 0.12944193 0.14090704 0.15256799 0.17195723 0.14003963 0.10845811 0.11812546 0.13781772 0.08329897 0.09787419 0.11829109 0.16220703 0.11127505 0.18714928 0.06404468 0.13385305 0.19575870 0.13103206 0.17539764 0.07968462 0.13451968 0.08968500 0.12671430 0.08848169 0.13368439 0.12119889 0.08187441 0.04722590 0.05512619 0.11351387 0.07655899 0.11273006 0.13522162 0.15237845 0.15733282 0.12202081 0.16405282 0.15860709 0.13984189 0.11596073 0.13178342 0.12210273 0.10676997 0.06499955 0.07197709 0.03506616 0.06326462 0.10361044 0.05618864 0.14162536 0.13121814 0.15130832 0.03627040 0.07548806 0.07213564 0.03931362 0.10015021 0.17431421 0.09185448 0.08091169 0.11550185 0.18186658 0.14422932 0.11424393 0.15116820 0.10335217 0.11033749 0.10451423 0.13331274 0.13227599 0.15801524 0.08156784 0.10676427 0.13679133 0.10288506 0.07635432 0.09669613 0.08798917 0.09408678 0.19273114 0.10846438 0.16440602 0.20366342 0.14866715 0.15572229 0.11718977 0.13667254 0.14161683 0.20601429 0.07393518 0.11261192 0.13967051 0.15445740 0.07312015 0.12717890 0.05600352 0.14870415 0.09325417 0.05714348 0.11847131 0.14454723 0.09252947 0.07630027 0.06112909 0.10750411 0.11250685 0.11769929 0.13554487 0.08151694 0.15772863 0.12456507 0.09358338 0.17849160 0.09785481 
0.08656556 0.12735551 0.08622479 0.10757302 0.13707175 0.10091415 0.13425574 0.12289893 0.12330534 0.07736542 0.09868222 0.07696488 0.07310734 0.08929696 0.08635338 0.09006023 0.09743352 0.12464058 0.10272826 0.14601200 0.19245292 0.13220577 0.21538512 0.00000000 0.10649818 0.16354605 0.13242330 0.14069771 0.11611785 0.10108686 0.07131963 0.16333646 0.10391138 0.13141169 0.13428927 0.14448010 0.17299038 0.08400680 0.06731135 0.15835808 0.07307301 0.17331722 0.16918033 0.19014574 0.20724177 0.12514616 0.15550401 0.14148585 0.12564863 0.14734640 0.17127417 0.09869260 0.08384875 0.09234048 0.09007023 0.14187015 0.09245567 0.04962408 0.08443936 0.12071244 0.09784449 0.12123892 0.18549532 0.17015296 0.10880670 0.05370620 0.17455744 0.10334900 0.11460824 0.11255262 0.06251257 0.09731003 0.15571093 0.07283220 0.06344954 0.08508543 0.10666674 0.11020593 0.08522935 0.06291307 0.09312880 0.11662287 0.07708493 0.14462126 0.06075691 0.12637879 0.10745993 0.07240990 0.11367012 0.14280553 0.19038009 0.11332367 0.12947159 0.09006839 0.11578172 0.10253729 0.13935836 0.13337107 0.12652360 0.09273611 0.14138843 0.14055615 0.11844645 0.13755626 0.16221206 0.10469144 0.09691391 0.12921339 0.18941770 0.06429105 0.08027248 0.09349426 0.08876325 0.13096168 0.08310595 0.08678648 0.13629398 0.13264565 0.14511529 0.06566754 0.08982369 0.12933411 0.13109834 0.10555075 0.07549391 0.05833035 0.06641446 0.08764524 0.09627761 0.06953660 0.16025025 0.09284437 0.17261329 0.21968026 0.11936422 0.16389312 0.11724519 0.06439044 0.11987445 0.09319040 
0.10912970 0.10110111 0.11650095 0.10716021 0.10448660 0.11383951 0.10155358 0.11083406 0.11289166 0.11323046 0.09747235 0.10197418 0.10964163 0.11038212 0.10505063 0.11398788 0.10369915 0.08715953 0.08644228 0.09449514 0.07381725 0.13203799 0.13188480 0.10649818 0.00000000 0.10916755 0.18264479 0.10102558 0.12257515 0.08798352 0.21110940 0.14900989 0.08708890 0.09721075 0.13612251 0.14160514 0.10205409 0.15832951 0.08818263 0.10239637 0.16346335 0.09210922 0.21720929 0.12067330 0.17408676 0.12017362 0.10004354 0.09104053 0.09537413 0.08463056 0.10411465 0.13131357 0.10968075 0.12848330 0.09208095 0.11420757 0.10344974 0.20144239 0.11365740 0.09812900 0.11394375 0.08997569 0.10882976 0.11886181 0.10003887 0.08253072 0.09250205 0.08841100 0.08143784 0.10440996 0.08706178 0.09604167 0.13560000 0.12128180 0.10775389 0.11257977 0.11120557 0.10929492 0.14921548 0.08822124 0.09916731 0.08835868 0.08386028 0.12655253 0.10361302 0.13949443 0.07269565 0.11281390 0.20288179 0.06994437 0.12348268 0.10258542 0.07518684 0.18241224 0.09035798 0.09914356 0.09503578 0.13672278 0.15339480 0.08390333 0.07671029 0.15687275 0.13901358 0.11595060 0.12283030 0.11511347 0.12353555 0.11127092 0.12024888 0.19728604 0.12824760 0.10690404 0.09349688 0.08657193 0.13435003 0.08560156 0.14159824 0.09555272 0.10451691 0.16841077 0.10037110 0.08669835 0.10944873 0.10007235 0.09224895 0.09797284 0.10300678 0.08641874 0.09979137 0.11337291 0.11599541 0.08371771 0.10452081 0.10959825 0.09799904 0.12143174 0.08458961 0.10527897 0.11351069 0.13220970 
