0.00000000 0.00731853 0.01315354 0.00554675 0.01586136 0.00485284 0.00715266 0.00419663 0.00854173 0.00976524 0.02020585 0.01263291 0.01750136 0.01750136 0.01478528 0.01263291 0.01910389 0.02020585 0.01263291 0.00732192 0.00836595 0.01502103 0.00715266 0.01315354 0.01315354 0.01277416 0.00791501 0.00715266 0.00557330 0.00791501 0.01356712 0.00554675 0.01314484 0.01314484 0.01621366 0.00855534 0.00557330 0.01314484 0.00791501 0.00715266 0.01907841 0.00419663 0.01599757 0.00791501 0.01315354 0.01277416 0.00557330 0.02020585 0.01314484 0.01315354 0.00755474 0.00675161 0.01538396 0.01277416 0.00557330 0.01528768 0.01315354 0.00557330 0.01907841 0.01315354 0.01315354 0.01505034 0.00554675 0.01520603 0.01315354 0.01907841 0.01109729 0.01315354 0.00791501 0.01315354 0.01314484 0.01502103 0.00557330 0.01757641 0.01757641 0.01263291 0.02020585 0.02020585 0.01263291 0.00976524 0.01344386 0.01277416 0.01520603 0.01158309 0.01341892 0.00961232 0.00732192 0.00557330 0.01356712 0.01192310 0.01502103 0.01263291 0.00961232 0.00557330 0.00419663 0.01707071 0.01500321 0.00961232 0.00668649 0.01500321 0.00961232 0.00557330 0.01336517 0.01349246 0.01502103 0.00419663 0.01314484 0.01349246 0.01315354 0.01315354 0.00715266 0.00568743 0.00791501 0.00943750 0.01528768 0.01586304 0.01757641 0.01610421 0.01757641 0.01745900 0.00976524 0.01757641 0.01757641 0.01757641 0.01757641 0.01621366 0.01415358 0.01637908 0.00939775 0.01587809 0.01382182 0.01314484 0.01520603 0.01907841 0.01854444 0.01315354 0.00675161 0.01315354 0.00715266 0.00854173 
0.00731853 0.00000000 0.01111927 0.01000388 0.00881634 0.01513918 0.01277792 0.01463397 0.01250661 0.01602800 0.00731853 0.01461713 0.00812978 0.00812978 0.01111514 0.01461713 0.00689008 0.00731853 0.01461713 0.01583836 0.01543192 0.00828483 0.01277792 0.01111927 0.01111927 0.01559561 0.01545445 0.01277792 0.01676052 0.01545445 0.01098326 0.01000388 0.01226396 0.01226396 0.01058754 0.01741273 0.01676052 0.01226396 0.01545445 0.01277792 0.01009194 0.01463397 0.01266326 0.01545445 0.01111927 0.01559561 0.01676052 0.00731853 0.01226396 0.01111927 0.01675896 0.01654371 0.01039742 0.01559561 0.01676052 0.00850400 0.01111927 0.01676052 0.01009194 0.01111927 0.01111927 0.00778016 0.01000388 0.01066972 0.01111927 0.01009194 0.01027523 0.01111927 0.01545445 0.01111927 0.01226396 0.00828483 0.01676052 0.01053423 0.01053423 0.01461713 0.00731853 0.00731853 0.01461713 0.01602800 0.01374538 0.01559561 0.01066972 0.01152149 0.01053220 0.01416134 0.01583836 0.01676052 0.01098326 0.01258772 0.00828483 0.01461713 0.01416134 0.01676052 0.01463397 0.00835482 0.01059521 0.01416134 0.01385221 0.01059521 0.01416134 0.01676052 0.01116286 0.01394494 0.00828483 0.01463397 0.01226396 0.01394494 0.01111927 0.01111927 0.01277792 0.01956333 0.01545445 0.01032429 0.00850400 0.01066585 0.01053423 0.00724523 0.01053423 0.00746363 0.01602800 0.01053423 0.01053423 0.01053423 0.01053423 0.01058754 0.01210130 0.01158569 0.01227216 0.01274295 0.01300957 0.01226396 0.01066972 0.01009194 0.00649723 0.01111927 0.01654371 0.01111927 0.01277792 0.01250661 
0.01315354 0.01111927 0.00000000 0.01258017 0.01132696 0.01132716 0.01245074 0.01147912 0.01369659 0.01253730 0.01315354 0.01380799 0.01451503 0.01451503 0.01359661 0.01380799 0.01308879 0.01315354 0.01380799 0.01133694 0.01131879 0.01133548 0.01245074 0.01454667 0.01454667 0.01230267 0.01138162 0.01245074 0.01062858 0.01138162 0.01058282 0.01258017 0.00991905 0.00991905 0.01157635 0.01229356 0.01062858 0.00991905 0.01138162 0.01245074 0.01143774 0.01147912 0.01098463 0.01138162 0.01454667 0.01230267 0.01062858 0.01315354 0.00991905 0.01454667 0.01136072 0.01298327 0.01043406 0.01230267 0.01062858 0.01237793 0.01454667 0.01062858 0.01143774 0.01454667 0.01454667 0.01461657 0.01258017 0.01058548 0.01454667 0.01143774 0.01102885 0.01454667 0.01138162 0.01454667 0.00991905 0.01133548 0.01062858 0.01176754 0.01176754 0.01380799 0.01315354 0.01315354 0.01380799 0.01253730 0.01038385 0.01230267 0.01058548 0.01143382 0.01049495 0.01228515 0.01133694 0.01062858 0.01058282 0.01063219 0.01133548 0.01380799 0.01228515 0.01062858 0.01147912 0.01123855 0.01037696 0.01228515 0.01246789 0.01037696 0.01228515 0.01062858 0.01040462 0.01039137 0.01133548 0.01147912 0.00991905 0.01039137 0.01454667 0.01454667 0.01245074 0.01255119 0.01138162 0.01234355 0.01237793 0.01153863 0.01176754 0.01227903 0.01176754 0.01250719 0.01253730 0.01176754 0.01176754 0.01176754 0.01176754 0.01157635 0.01348057 0.01237646 0.01100678 0.01103917 0.01094011 0.00991905 0.01058548 0.01143774 0.01330195 0.01454667 0.01298327 0.01454667 0.01245074 0.01369659 
0.00554675 0.01000388 0.01258017 0.00000000 0.00941939 0.02419142 0.01396231 0.02284410 0.01391043 0.00754960 0.00554675 0.00920998 0.00813646 0.00813646 0.00769746 0.00920998 0.00554609 0.00554675 0.00920998 0.02065628 0.02270173 0.00902692 0.01396231 0.01258017 0.01258017 0.00792381 0.00904962 0.01396231 0.01906070 0.00904962 0.01925027 0.03084676 0.01684868 0.01684868 0.00398042 0.02149592 0.01906070 0.01684868 0.00904962 0.01396231 0.00452310 0.02284410 0.01615829 0.00904962 0.01258017 0.00792381 0.01906070 0.00554675 0.01684868 0.01258017 0.01439124 0.00711477 0.02016966 0.00792381 0.01906070 0.00886999 0.01258017 0.01906070 0.00452310 0.01258017 0.01258017 0.00889328 0.03084676 0.00644937 0.01258017 0.00452310 0.01911236 0.01258017 0.00904962 0.01258017 0.01684868 0.00902692 0.01906070 0.00418784 0.00418784 0.00920998 0.00554675 0.00554675 0.00920998 0.00754960 0.01383574 0.00792381 0.00644937 0.00962354 0.01886539 0.01038458 0.02065628 0.01906070 0.01925027 0.01675088 0.00902692 0.00920998 0.01038458 0.01906070 0.02284410 0.00778975 0.01837713 0.01038458 0.02596255 0.01837713 0.01038458 0.01906070 0.01971358 0.01434072 0.00902692 0.02284410 0.01684868 0.01434072 0.01258017 0.01258017 0.01396231 0.01433603 0.00904962 0.01175242 0.00886999 0.00528594 0.00418784 0.00787431 0.00418784 0.00778681 0.00754960 0.00418784 0.00418784 0.00418784 0.00418784 0.00398042 0.00626122 0.00614633 0.00863095 0.01602494 0.01714121 0.01684868 0.00644937 0.00452310 0.00602115 0.01258017 0.00711477 0.01258017 0.01396231 0.01391043 
0.01586136 0.00881634 0.01132696 0.00941939 0.00000000 0.00653114 0.01748294 0.01310612 0.01597521 0.00944256 0.01586136 0.00860557 0.01198708 0.01198708 0.01167834 0.00860557 0.01570611 0.01586136 0.00860557 0.00769208 0.00528638 0.01435251 0.01748294 0.01132696 0.01132696 0.00847658 0.01257952 0.01748294 0.00821169 0.01257952 0.01956717 0.00941939 0.01277855 0.01277855 0.01437162 0.00193477 0.00821169 0.01277855 0.01257952 0.01748294 0.01412093 0.01310612 0.00968476 0.01257952 0.01132696 0.00847658 0.00821169 0.01586136 0.01277855 0.01132696 0.00970693 0.01084825 0.01103432 0.00847658 0.00821169 0.01211221 0.01132696 0.00821169 0.01412093 0.01132696 0.01132696 0.01057726 0.00941939 0.01657971 0.01132696 0.01412093 0.00928406 0.01132696 0.01257952 0.01132696 0.01277855 0.01435251 0.00821169 0.01506060 0.01506060 0.00860557 0.01586136 0.01586136 0.00860557 0.00944256 0.01170641 0.00847658 0.01657971 0.01495596 0.01285892 0.01284115 0.00769208 0.00821169 0.01956717 0.01584936 0.01435251 0.00860557 0.01284115 0.00821169 0.01310612 0.01746681 0.01312566 0.01284115 0.00528186 0.01312566 0.01284115 0.00821169 0.01318515 0.01348014 0.01435251 0.01310612 0.01277855 0.01348014 0.01132696 0.01132696 0.01748294 0.00969103 0.01257952 0.01533474 0.01211221 0.01493765 0.01506060 0.01116702 0.01506060 0.01206034 0.00944256 0.01506060 0.01506060 0.01506060 0.01506060 0.01437162 0.01130571 0.01084741 0.01386010 0.01158036 0.01218235 0.01277855 0.01657971 0.01412093 0.01140456 0.01132696 0.01084825 0.01132696 0.01748294 0.01597521 
0.00485284 0.01513918 0.01132716 0.02419142 0.00653114 0.00000000 0.00850878 0.01652397 0.00908172 0.01479327 0.00485284 0.01095251 0.00673434 0.00673434 0.00818473 0.01095251 0.00470273 0.00485284 0.01095251 0.01706725 0.01698633 0.00600509 0.00850878 0.01132716 0.01132716 0.01079550 0.01322246 0.00850878 0.01890625 0.01322246 0.01411373 0.02419142 0.01537319 0.01537319 0.01113447 0.02808823 0.01890625 0.01537319 0.01322246 0.00850878 0.00588133 0.01652397 0.02067901 0.01322246 0.01132716 0.01079550 0.01890625 0.00485284 0.01537319 0.01132716 0.01520530 0.01925329 0.01300741 0.01079550 0.01890625 0.01005659 0.01132716 0.01890625 0.00588133 0.01132716 0.01132716 0.00715784 0.02419142 0.00926413 0.01132716 0.00588133 0.01387780 0.01132716 0.01322246 0.01132716 0.01537319 0.00600509 0.01890625 0.01065251 0.01065251 0.01095251 0.00485284 0.00485284 0.01095251 0.01479327 0.01359137 0.01079550 0.00926413 0.00757629 0.01316071 0.00992544 0.01706725 0.01890625 0.01411373 0.01394054 0.00600509 0.01095251 0.00992544 0.01890625 0.01652397 0.00468935 0.01284411 0.00992544 0.02619290 0.01284411 0.00992544 0.01890625 0.01996157 0.01391195 0.00600509 0.01652397 0.01537319 0.01391195 0.01132716 0.01132716 0.00850878 0.01359163 0.01322246 0.00743543 0.01005659 0.01224124 0.01065251 0.00719728 0.01065251 0.00685470 0.01479327 0.01065251 0.01065251 0.01065251 0.01065251 0.01113447 0.01325074 0.00769721 0.01152253 0.02072355 0.01887939 0.01537319 0.00926413 0.00588133 0.00480254 0.01132716 0.01925329 0.01132716 0.00850878 0.00908172 
0.00715266 0.01277792 0.01245074 0.01396231 0.01748294 0.00850878 0.00000000 0.01952404 0.02082866 0.01195297 0.00715266 0.01208322 0.00872882 0.00872882 0.00988491 0.01208322 0.00697940 0.00715266 0.01208322 0.01355300 0.00956328 0.01716816 0.02288956 0.01245074 0.01245074 0.01185135 0.01681337 0.02288956 0.01314199 0.01681337 0.01406729 0.01396231 0.01007301 0.01007301 0.00715125 0.00023025 0.01314199 0.01007301 0.01681337 0.02288956 0.00797521 0.01952404 0.00080988 0.01681337 0.01245074 0.01185135 0.01314199 0.00715266 0.01007301 0.01245074 0.00834925 0.00984145 0.00594977 0.01185135 0.01314199 0.01456607 0.01245074 0.01314199 0.00797521 0.01245074 0.01245074 0.00923777 0.01396231 0.01384108 0.01245074 0.00797521 0.01350082 0.01245074 0.01681337 0.01245074 0.01007301 0.01716816 0.01314199 0.00754556 0.00754556 0.01208322 0.00715266 0.00715266 0.01208322 0.01195297 0.00746481 0.01185135 0.01384108 0.01703920 0.01074672 0.01792578 0.01355300 0.01314199 0.01406729 0.01127834 0.01716816 0.01208322 0.01792578 0.01314199 0.01952404 0.01492465 0.01048202 0.01792578 0.00823790 0.01048202 0.01792578 0.01314199 0.00740925 0.00775211 0.01716816 0.01952404 0.01007301 0.00775211 0.01245074 0.01245074 0.02288956 0.01438403 0.01681337 0.02043349 0.01456607 0.00975083 0.00754556 0.01253428 0.00754556 0.01260179 0.01195297 0.00754556 0.00754556 0.00754556 0.00754556 0.00715125 0.00831425 0.00941819 0.01628454 0.00127999 0.00315702 0.01007301 0.01384108 0.00797521 0.00718011 0.01245074 0.00984145 0.01245074 0.02288956 0.02082866 
0.00419663 0.01463397 0.01147912 0.02284410 0.01310612 0.01652397 0.01952404 0.00000000 0.01800823 0.00844172 0.00419663 0.00979078 0.00658396 0.00658396 0.00730248 0.00979078 0.00405754 0.00419663 0.00979078 0.01975273 0.01693120 0.01265692 0.01952404 0.01147912 0.01147912 0.00914884 0.01253858 0.01952404 0.01806684 0.01253858 0.01857482 0.02284410 0.01479999 0.01479999 0.00310021 0.01532866 0.01806684 0.01479999 0.01253858 0.01952404 0.00445001 0.02416005 0.01206431 0.01253858 0.01147912 0.00914884 0.01806684 0.00419663 0.01479999 0.01147912 0.01599004 0.00645313 0.01320801 0.00914884 0.01806684 0.01088667 0.01147912 0.01806684 0.00445001 0.01147912 0.01147912 0.00705568 0.02284410 0.00892541 0.01147912 0.00445001 0.01822466 0.01147912 0.01253858 0.01147912 0.01479999 0.01265692 0.01806684 0.00346797 0.00346797 0.00979078 0.00419663 0.00419663 0.00979078 0.00844172 0.01408570 0.00914884 0.00892541 0.01305452 0.01700459 0.01415115 0.01975273 0.01806684 0.01857482 0.01700437 0.01265692 0.00979078 0.01415115 0.01806684 0.02416005 0.01055662 0.01644644 0.01415115 0.01821766 0.01644644 0.01415115 0.01806684 0.01380256 0.01433594 0.01265692 0.02416005 0.01479999 0.01433594 0.01147912 0.01147912 0.01952404 0.02336209 0.01253858 0.01641654 0.01088667 0.00555727 0.00346797 0.00892778 0.00346797 0.00889408 0.00844172 0.00346797 0.00346797 0.00346797 0.00346797 0.00310021 0.00503230 0.00629588 0.01176108 0.01222065 0.01300308 0.01479999 0.00892541 0.00445001 0.00438116 0.01147912 0.00645313 0.01147912 0.01952404 0.01800823 
0.00854173 0.01250661 0.01369659 0.01391043 0.01597521 0.00908172 0.02082866 0.01800823 0.00000000 0.01255754 0.00854173 0.01283712 0.00979811 0.00979811 0.01083850 0.01283712 0.00818860 0.00854173 0.01283712 0.01284183 0.01018193 0.01547172 0.02082866 0.01369659 0.01369659 0.01198635 0.01535974 0.02082866 0.01252210 0.01535974 0.01330278 0.01391043 0.00970474 0.00970474 0.00813421 0.00346586 0.01252210 0.00970474 0.01535974 0.02082866 0.00828350 0.01800823 0.00291127 0.01535974 0.01369659 0.01198635 0.01252210 0.00854173 0.00970474 0.01369659 0.00849696 0.00969517 0.00658906 0.01198635 0.01252210 0.01344317 0.01369659 0.01252210 0.00828350 0.01369659 0.01369659 0.00956486 0.01391043 0.01268660 0.01369659 0.00828350 0.01232160 0.01369659 0.01535974 0.01369659 0.00970474 0.01547172 0.01252210 0.00866459 0.00866459 0.01283712 0.00854173 0.00854173 0.01283712 0.01255754 0.00783694 0.01198635 0.01268660 0.01530679 0.00982863 0.01610088 0.01284183 0.01252210 0.01330278 0.01077617 0.01547172 0.01283712 0.01610088 0.01252210 0.01800823 0.01342646 0.00997943 0.01610088 0.00837495 0.00997943 0.01610088 0.01252210 0.00778976 0.00803213 0.01547172 0.01800823 0.00970474 0.00803213 0.01369659 0.01369659 0.02082866 0.01417017 0.01535974 0.01826958 0.01344317 0.00944974 0.00866459 0.01277896 0.00866459 0.01299772 0.01255754 0.00866459 0.00866459 0.00866459 0.00866459 0.00813421 0.00957778 0.00920929 0.01439338 0.00322378 0.00473077 0.00970474 0.01268660 0.00828350 0.00760324 0.01369659 0.00969517 0.01369659 0.02082866 0.02000438 
0.00976524 0.01602800 0.01253730 0.00754960 0.00944256 0.01479327 0.01195297 0.00844172 0.01255754 0.00000000 0.00976524 0.01638342 0.00994238 0.00994238 0.01313098 0.01638342 0.00922851 0.00976524 0.01638342 0.01202392 0.01452019 0.00886428 0.01195297 0.01253730 0.01253730 0.01744502 0.01696461 0.01195297 0.01435204 0.01696461 0.00647266 0.00754960 0.00993281 0.00993281 0.01348147 0.01509006 0.01435204 0.00993281 0.01696461 0.01195297 0.01254887 0.00844172 0.00978981 0.01696461 0.01253730 0.01744502 0.01435204 0.00976524 0.00993281 0.01253730 0.01250329 0.01869480 0.00987055 0.01744502 0.01435204 0.00925560 0.01253730 0.01435204 0.01254887 0.01253730 0.01253730 0.00932141 0.00754960 0.01263519 0.01253730 0.01254887 0.00521193 0.01253730 0.01696461 0.01253730 0.00993281 0.00886428 0.01435204 0.01348970 0.01348970 0.01638342 0.00976524 0.00976524 0.01638342 0.01838994 0.01008779 0.01744502 0.01263519 0.01235609 0.00560675 0.01500509 0.01202392 0.01435204 0.00647266 0.00781954 0.00886428 0.01638342 0.01500509 0.01435204 0.00844172 0.00945762 0.00637466 0.01500509 0.01213917 0.00637466 0.01500509 0.01435204 0.01010223 0.01030344 0.00886428 0.00844172 0.00993281 0.01030344 0.01253730 0.01253730 0.01195297 0.00771106 0.01696461 0.00999640 0.00925560 0.01298671 0.01348970 0.00889738 0.01348970 0.00927639 0.01838994 0.01348970 0.01348970 0.01348970 0.01348970 0.01348147 0.01464387 0.01358757 0.01352483 0.00988085 0.01052589 0.00993281 0.01263519 0.01254887 0.00852535 0.01253730 0.01869480 0.01253730 0.01195297 0.01255754 
0.02020585 0.00731853 0.01315354 0.00554675 0.01586136 0.00485284 0.00715266 0.00419663 0.00854173 0.00976524 0.00000000 0.01263291 0.01750136 0.01750136 0.01478528 0.01263291 0.01910389 0.02020585 0.01263291 0.00732192 0.00836595 0.01502103 0.00715266 0.01315354 0.01315354 0.01277416 0.00791501 0.00715266 0.00557330 0.00791501 0.01356712 0.00554675 0.01314484 0.01314484 0.01621366 0.00855534 0.00557330 0.01314484 0.00791501 0.00715266 0.01907841 0.00419663 0.01599757 0.00791501 0.01315354 0.01277416 0.00557330 0.02020585 0.01314484 0.01315354 0.00755474 0.00675161 0.01538396 0.01277416 0.00557330 0.01528768 0.01315354 0.00557330 0.01907841 0.01315354 0.01315354 0.01505034 0.00554675 0.01520603 0.01315354 0.01907841 0.01109729 0.01315354 0.00791501 0.01315354 0.01314484 0.01502103 0.00557330 0.01757641 0.01757641 0.01263291 0.02020585 0.02020585 0.01263291 0.00976524 0.01344386 0.01277416 0.01520603 0.01158309 0.01341892 0.00961232 0.00732192 0.00557330 0.01356712 0.01192310 0.01502103 0.01263291 0.00961232 0.00557330 0.00419663 0.01707071 0.01500321 0.00961232 0.00668649 0.01500321 0.00961232 0.00557330 0.01336517 0.01349246 0.01502103 0.00419663 0.01314484 0.01349246 0.01315354 0.01315354 0.00715266 0.00568743 0.00791501 0.00943750 0.01528768 0.01586304 0.01757641 0.01610421 0.01757641 0.01745900 0.00976524 0.01757641 0.01757641 0.01757641 0.01757641 0.01621366 0.01415358 0.01637908 0.00939775 0.01587809 0.01382182 0.01314484 0.01520603 0.01907841 0.01854444 0.01315354 0.00675161 0.01315354 0.00715266 0.00854173 
0.01263291 0.01461713 0.01380799 0.00920998 0.00860557 0.01095251 0.01208322 0.00979078 0.01283712 0.01638342 0.01263291 0.00000000 0.01210827 0.01210827 0.01540387 0.01823320 0.01197721 0.01263291 0.01823320 0.01456505 0.01577004 0.00836062 0.01208322 0.01380799 0.01380799 0.01932010 0.01512938 0.01208322 0.01336710 0.01512938 0.00646021 0.00920998 0.00909471 0.00909471 0.01095176 0.01423635 0.01336710 0.00909471 0.01512938 0.01208322 0.01529446 0.00979078 0.01011400 0.01512938 0.01380799 0.01932010 0.01336710 0.01263291 0.00909471 0.01380799 0.00869751 0.01129505 0.01163947 0.01932010 0.01336710 0.00277999 0.01380799 0.01336710 0.01529446 0.01380799 0.01380799 0.01110962 0.00920998 0.01097787 0.01380799 0.01529446 0.00516435 0.01380799 0.01512938 0.01380799 0.00909471 0.00836062 0.01336710 0.01157969 0.01157969 0.01823320 0.01263291 0.01263291 0.01823320 0.01638342 0.00749808 0.01932010 0.01097787 0.01387536 0.00889124 0.01636699 0.01456505 0.01336710 0.00646021 0.00606381 0.00836062 0.01823320 0.01636699 0.01336710 0.00979078 0.01158109 0.00976423 0.01636699 0.01221538 0.00976423 0.01636699 0.01336710 0.00729322 0.00747387 0.00836062 0.00979078 0.00909471 0.00747387 0.01380799 0.01380799 0.01208322 0.00950217 0.01512938 0.00939830 0.00277999 0.00809570 0.01157969 0.00733389 0.01157969 0.00869261 0.01638342 0.01157969 0.01157969 0.01157969 0.01157969 0.01095176 0.01086845 0.01576639 0.01026442 0.01006765 0.00498675 0.00909471 0.01097787 0.01529446 0.01093587 0.01380799 0.01129505 0.01380799 0.01208322 0.01283712 
0.01750136 0.00812978 0.01451503 0.00813646 0.01198708 0.00673434 0.00872882 0.00658396 0.00979811 0.00994238 0.01750136 0.01210827 0.00000000 0.01949083 0.01175331 0.01210827 0.01539313 0.01750136 0.01210827 0.00820107 0.00882173 0.01612032 0.00872882 0.01451503 0.01451503 0.01198599 0.00857782 0.00872882 0.00685224 0.00857782 0.01026680 0.00813646 0.01225202 0.01225202 0.01332564 0.00935294 0.00685224 0.01225202 0.00857782 0.00872882 0.01649570 0.00658396 0.01245705 0.00857782 0.01451503 0.01198599 0.00685224 0.01750136 0.01225202 0.01451503 0.00812067 0.00853155 0.01383670 0.01198599 0.00685224 0.01372912 0.01451503 0.00685224 0.01649570 0.01451503 0.01451503 0.01661279 0.00813646 0.01376599 0.01451503 0.01649570 0.01251621 0.01451503 0.00857782 0.01451503 0.01225202 0.01612032 0.00685224 0.01551079 0.01551079 0.01210827 0.01750136 0.01750136 0.01210827 0.00994238 0.01049779 0.01198599 0.01376599 0.00967091 0.01126116 0.00989980 0.00820107 0.00685224 0.01026680 0.00682445 0.01612032 0.01210827 0.00989980 0.00685224 0.00658396 0.01516292 0.01366532 0.00989980 0.00817913 0.01366532 0.00989980 0.00685224 0.01448690 0.01450916 0.01612032 0.00658396 0.01225202 0.01450916 0.01451503 0.01451503 0.00872882 0.00814946 0.00857782 0.01029525 0.01372912 0.01104703 0.01551079 0.01604306 0.01551079 0.01807291 0.00994238 0.01551079 0.01551079 0.01551079 0.01551079 0.01332564 0.01690520 0.01751742 0.01212963 0.01618874 0.01312336 0.01225202 0.01376599 0.01649570 0.02065503 0.01451503 0.00853155 0.01451503 0.00872882 0.00979811 
0.01750136 0.00812978 0.01451503 0.00813646 0.01198708 0.00673434 0.00872882 0.00658396 0.00979811 0.00994238 0.01750136 0.01210827 0.01949083 0.00000000 0.01175331 0.01210827 0.01539313 0.01750136 0.01210827 0.00820107 0.00882173 0.01612032 0.00872882 0.01451503 0.01451503 0.01198599 0.00857782 0.00872882 0.00685224 0.00857782 0.01026680 0.00813646 0.01225202 0.01225202 0.01332564 0.00935294 0.00685224 0.01225202 0.00857782 0.00872882 0.01649570 0.00658396 0.01245705 0.00857782 0.01451503 0.01198599 0.00685224 0.01750136 0.01225202 0.01451503 0.00812067 0.00853155 0.01383670 0.01198599 0.00685224 0.01372912 0.01451503 0.00685224 0.01649570 0.01451503 0.01451503 0.01661279 0.00813646 0.01376599 0.01451503 0.01649570 0.01251621 0.01451503 0.00857782 0.01451503 0.01225202 0.01612032 0.00685224 0.01551079 0.01551079 0.01210827 0.01750136 0.01750136 0.01210827 0.00994238 0.01049779 0.01198599 0.01376599 0.00967091 0.01126116 0.00989980 0.00820107 0.00685224 0.01026680 0.00682445 0.01612032 0.01210827 0.00989980 0.00685224 0.00658396 0.01516292 0.01366532 0.00989980 0.00817913 0.01366532 0.00989980 0.00685224 0.01448690 0.01450916 0.01612032 0.00658396 0.01225202 0.01450916 0.01451503 0.01451503 0.00872882 0.00814946 0.00857782 0.01029525 0.01372912 0.01104703 0.01551079 0.01604306 0.01551079 0.01807291 0.00994238 0.01551079 0.01551079 0.01551079 0.01551079 0.01332564 0.01690520 0.01751742 0.01212963 0.01618874 0.01312336 0.01225202 0.01376599 0.01649570 0.02065503 0.01451503 0.00853155 0.01451503 0.00872882 0.00979811 
0.01478528 0.01111514 0.01359661 0.00769746 0.01167834 0.00818473 0.00988491 0.00730248 0.01083850 0.01313098 0.01478528 0.01540387 0.01175331 0.01175331 0.00000000 0.01540387 0.02129750 0.01478528 0.01540387 0.01109031 0.01221737 0.00950692 0.00988491 0.01359661 0.01359661 0.01612446 0.01170268 0.00988491 0.00968862 0.01170268 0.00950551 0.00769746 0.00955783 0.00955783 0.01892229 0.01157950 0.00968862 0.00955783 0.01170268 0.00988491 0.01558479 0.00730248 0.01223709 0.01170268 0.01359661 0.01612446 0.00968862 0.01478528 0.00955783 0.01359661 0.00913672 0.00921376 0.01191829 0.01612446 0.00968862 0.00934168 0.01359661 0.00968862 0.01558479 0.01359661 0.01359661 0.01733576 0.00769746 0.01153088 0.01359661 0.01558479 0.01376499 0.01359661 0.01170268 0.01359661 0.00955783 0.00950692 0.00968862 0.01292913 0.01292913 0.01540387 0.01478528 0.01478528 0.01540387 0.01313098 0.00976756 0.01612446 0.01153088 0.01262737 0.01652686 0.01309054 0.01109031 0.00968862 0.00950551 0.01636070 0.00950692 0.01540387 0.01309054 0.00968862 0.00730248 0.01273313 0.01078835 0.01309054 0.00964948 0.01078835 0.01309054 0.00968862 0.00817475 0.00832486 0.00950692 0.00730248 0.00955783 0.00832486 0.01359661 0.01359661 0.00988491 0.00787194 0.01170268 0.02138269 0.00934168 0.01171314 0.01292913 0.01806557 0.01292913 0.01071415 0.01313098 0.01292913 0.01292913 0.01292913 0.01292913 0.01892229 0.00967357 0.01389064 0.01573423 0.01083604 0.00836207 0.00955783 0.01153088 0.01558479 0.01979900 0.01359661 0.00921376 0.01359661 0.00988491 0.01083850 
0.01263291 0.01461713 0.01380799 0.00920998 0.00860557 0.01095251 0.01208322 0.00979078 0.01283712 0.01638342 0.01263291 0.01823320 0.01210827 0.01210827 0.01540387 0.00000000 0.01197721 0.01263291 0.01823320 0.01456505 0.01577004 0.00836062 0.01208322 0.01380799 0.01380799 0.01932010 0.01512938 0.01208322 0.01336710 0.01512938 0.00646021 0.00920998 0.00909471 0.00909471 0.01095176 0.01423635 0.01336710 0.00909471 0.01512938 0.01208322 0.01529446 0.00979078 0.01011400 0.01512938 0.01380799 0.01932010 0.01336710 0.01263291 0.00909471 0.01380799 0.00869751 0.01129505 0.01163947 0.01932010 0.01336710 0.00277999 0.01380799 0.01336710 0.01529446 0.01380799 0.01380799 0.01110962 0.00920998 0.01097787 0.01380799 0.01529446 0.00516435 0.01380799 0.01512938 0.01380799 0.00909471 0.00836062 0.01336710 0.01157969 0.01157969 0.01823320 0.01263291 0.01263291 0.01823320 0.01638342 0.00749808 0.01932010 0.01097787 0.01387536 0.00889124 0.01636699 0.01456505 0.01336710 0.00646021 0.00606381 0.00836062 0.01823320 0.01636699 0.01336710 0.00979078 0.01158109 0.00976423 0.01636699 0.01221538 0.00976423 0.01636699 0.01336710 0.00729322 0.00747387 0.00836062 0.00979078 0.00909471 0.00747387 0.01380799 0.01380799 0.01208322 0.00950217 0.01512938 0.00939830 0.00277999 0.00809570 0.01157969 0.00733389 0.01157969 0.00869261 0.01638342 0.01157969 0.01157969 0.01157969 0.01157969 0.01095176 0.01086845 0.01576639 0.01026442 0.01006765 0.00498675 0.00909471 0.01097787 0.01529446 0.01093587 0.01380799 0.01129505 0.01380799 0.01208322 0.01283712 
0.01910389 0.00689008 0.01308879 0.00554609 0.01570611 0.00470273 0.00697940 0.00405754 0.00818860 0.00922851 0.01910389 0.01197721 0.01539313 0.01539313 0.02129750 0.01197721 0.00000000 0.01910389 0.01197721 0.00687381 0.00794725 0.01355650 0.00697940 0.01308879 0.01308879 0.01227360 0.00753391 0.00697940 0.00523125 0.00753391 0.01348301 0.00554609 0.01229696 0.01229696 0.02081594 0.00829366 0.00523125 0.01229696 0.00753391 0.00697940 0.01807828 0.00405754 0.01568069 0.00753391 0.01308879 0.01227360 0.00523125 0.01910389 0.01229696 0.01308879 0.01440878 0.00660160 0.01447158 0.01227360 0.00523125 0.01483745 0.01308879 0.00523125 0.01807828 0.01308879 0.01308879 0.02252306 0.00554609 0.01431344 0.01308879 0.01807828 0.01566723 0.01308879 0.00753391 0.01308879 0.01229696 0.01355650 0.00523125 0.01656459 0.01656459 0.01197721 0.01910389 0.01910389 0.01197721 0.00922851 0.01324413 0.01227360 0.01431344 0.01779977 0.01812119 0.00910994 0.00687381 0.00523125 0.01348301 0.01783329 0.01355650 0.01197721 0.00910994 0.00523125 0.00405754 0.01609520 0.01407351 0.00910994 0.00640216 0.01407351 0.00910994 0.00523125 0.01204134 0.01216864 0.01355650 0.00405754 0.01229696 0.01216864 0.01308879 0.01308879 0.00697940 0.00563927 0.00753391 0.01641560 0.01483745 0.01586458 0.01656459 0.02074080 0.01656459 0.01576730 0.00922851 0.01656459 0.01656459 0.01656459 0.01656459 0.02081594 0.01221328 0.01472441 0.01507136 0.01452290 0.01316036 0.01229696 0.01431344 0.01807828 0.02242895 0.01308879 0.00660160 0.01308879 0.00697940 0.00818860 
0.02020585 0.00731853 0.01315354 0.00554675 0.01586136 0.00485284 0.00715266 0.00419663 0.00854173 0.00976524 0.02020585 0.01263291 0.01750136 0.01750136 0.01478528 0.01263291 0.01910389 0.00000000 0.01263291 0.00732192 0.00836595 0.01502103 0.00715266 0.01315354 0.01315354 0.01277416 0.00791501 0.00715266 0.00557330 0.00791501 0.01356712 0.00554675 0.01314484 0.01314484 0.01621366 0.00855534 0.00557330 0.01314484 0.00791501 0.00715266 0.01907841 0.00419663 0.01599757 0.00791501 0.01315354 0.01277416 0.00557330 0.02020585 0.01314484 0.01315354 0.00755474 0.00675161 0.01538396 0.01277416 0.00557330 0.01528768 0.01315354 0.00557330 0.01907841 0.01315354 0.01315354 0.01505034 0.00554675 0.01520603 0.01315354 0.01907841 0.01109729 0.01315354 0.00791501 0.01315354 0.01314484 0.01502103 0.00557330 0.01757641 0.01757641 0.01263291 0.02020585 0.02020585 0.01263291 0.00976524 0.01344386 0.01277416 0.01520603 0.01158309 0.01341892 0.00961232 0.00732192 0.00557330 0.01356712 0.01192310 0.01502103 0.01263291 0.00961232 0.00557330 0.00419663 0.01707071 0.01500321 0.00961232 0.00668649 0.01500321 0.00961232 0.00557330 0.01336517 0.01349246 0.01502103 0.00419663 0.01314484 0.01349246 0.01315354 0.01315354 0.00715266 0.00568743 0.00791501 0.00943750 0.01528768 0.01586304 0.01757641 0.01610421 0.01757641 0.01745900 0.00976524 0.01757641 0.01757641 0.01757641 0.01757641 0.01621366 0.01415358 0.01637908 0.00939775 0.01587809 0.01382182 0.01314484 0.01520603 0.01907841 0.01854444 0.01315354 0.00675161 0.01315354 0.00715266 0.00854173 
0.01263291 0.01461713 0.01380799 0.00920998 0.00860557 0.01095251 0.01208322 0.00979078 0.01283712 0.01638342 0.01263291 0.01823320 0.01210827 0.01210827 0.01540387 0.01823320 0.01197721 0.01263291 0.00000000 0.01456505 0.01577004 0.00836062 0.01208322 0.01380799 0.01380799 0.01932010 0.01512938 0.01208322 0.01336710 0.01512938 0.00646021 0.00920998 0.00909471 0.00909471 0.01095176 0.01423635 0.01336710 0.00909471 0.01512938 0.01208322 0.01529446 0.00979078 0.01011400 0.01512938 0.01380799 0.01932010 0.01336710 0.01263291 0.00909471 0.01380799 0.00869751 0.01129505 0.01163947 0.01932010 0.01336710 0.00277999 0.01380799 0.01336710 0.01529446 0.01380799 0.01380799 0.01110962 0.00920998 0.01097787 0.01380799 0.01529446 0.00516435 0.01380799 0.01512938 0.01380799 0.00909471 0.00836062 0.01336710 0.01157969 0.01157969 0.01823320 0.01263291 0.01263291 0.01823320 0.01638342 0.00749808 0.01932010 0.01097787 0.01387536 0.00889124 0.01636699 0.01456505 0.01336710 0.00646021 0.00606381 0.00836062 0.01823320 0.01636699 0.01336710 0.00979078 0.01158109 0.00976423 0.01636699 0.01221538 0.00976423 0.01636699 0.01336710 0.00729322 0.00747387 0.00836062 0.00979078 0.00909471 0.00747387 0.01380799 0.01380799 0.01208322 0.00950217 0.01512938 0.00939830 0.00277999 0.00809570 0.01157969 0.00733389 0.01157969 0.00869261 0.01638342 0.01157969 0.01157969 0.01157969 0.01157969 0.01095176 0.01086845 0.01576639 0.01026442 0.01006765 0.00498675 0.00909471 0.01097787 0.01529446 0.01093587 0.01380799 0.01129505 0.01380799 0.01208322 0.01283712 
0.00732192 0.01583836 0.01133694 0.02065628 0.00769208 0.01706725 0.01355300 0.01975273 0.01284183 0.01202392 0.00732192 0.01456505 0.00820107 0.00820107 0.01109031 0.01456505 0.00687381 0.00732192 0.01456505 0.00000000 0.01955568 0.00750916 0.01355300 0.01133694 0.01133694 0.01523407 0.01253787 0.01355300 0.01817804 0.01253787 0.01455212 0.02065628 0.01374713 0.01374713 0.00548277 0.01912305 0.01817804 0.01374713 0.01253787 0.01355300 0.00969346 0.01975273 0.01425654 0.01253787 0.01133694 0.01523407 0.01817804 0.00732192 0.01374713 0.01133694 0.01557243 0.00829841 0.01494115 0.01523407 0.01817804 0.00492890 0.01133694 0.01817804 0.00969346 0.01133694 0.01133694 0.00763562 0.02065628 0.00743426 0.01133694 0.00969346 0.01425694 0.01133694 0.01253787 0.01133694 0.01374713 0.00750916 0.01817804 0.00591759 0.00591759 0.01456505 0.00732192 0.00732192 0.01456505 0.01202392 0.01327551 0.01523407 0.00743426 0.01167852 0.01563156 0.01428008 0.02014991 0.01817804 0.01455212 0.01424347 0.00750916 0.01456505 0.01428008 0.01817804 0.01975273 0.00869066 0.01541294 0.01428008 0.01930358 0.01541294 0.01428008 0.01817804 0.01286268 0.01338979 0.00750916 0.01975273 0.01374713 0.01338979 0.01133694 0.01133694 0.01355300 0.02123661 0.01253787 0.01030757 0.00492890 0.00461644 0.00591759 0.00483833 0.00591759 0.00550670 0.01202392 0.00591759 0.00591759 0.00591759 0.00591759 0.00548277 0.00626937 0.01111657 0.00863364 0.01423756 0.01246043 0.01374713 0.00743426 0.00969346 0.00624408 0.01133694 0.00829841 0.01133694 0.01355300 0.01284183 
0.00836595 0.01543192 0.01131879 0.02270173 0.00528638 0.01698633 0.00956328 0.01693120 0.01018193 0.01452019 0.00836595 0.01577004 0.00882173 0.00882173 0.01221737 0.01577004 0.00794725 0.00836595 0.01577004 0.01955568 0.00000000 0.00484914 0.00956328 0.01131879 0.01131879 0.01702663 0.01287352 0.00956328 0.01842880 0.01287352 0.01285162 0.02270173 0.01387616 0.01387616 0.00837796 0.01396933 0.01842880 0.01387616 0.01287352 0.00956328 0.01162840 0.01693120 0.00932784 0.01287352 0.01131879 0.01702663 0.01842880 0.00836595 0.01387616 0.01131879 0.01742714 0.01121238 0.02011019 0.01702663 0.01842880 0.00191707 0.01131879 0.01842880 0.01162840 0.01131879 0.01131879 0.00866319 0.02270173 0.00767174 0.01131879 0.01162840 0.01235116 0.01131879 0.01287352 0.01131879 0.01387616 0.00484914 0.01842880 0.00852101 0.00852101 0.01577004 0.00836595 0.00836595 0.01577004 0.01452019 0.01435066 0.01702663 0.00767174 0.01043283 0.01453691 0.01336419 0.01955568 0.01842880 0.01285162 0.01356303 0.00484914 0.01577004 0.01336419 0.01842880 0.01693120 0.00721780 0.01446056 0.01336419 0.01777698 0.01446056 0.01336419 0.01842880 0.01266424 0.01473250 0.00484914 0.01693120 0.01387616 0.01473250 0.01131879 0.01131879 0.00956328 0.01574015 0.01287352 0.00672896 0.00191707 0.00604590 0.00852101 0.00413704 0.00852101 0.00476380 0.01452019 0.00852101 0.00852101 0.00852101 0.00852101 0.00837796 0.00935662 0.01303520 0.00847149 0.00913887 0.01337816 0.01387616 0.00767174 0.01162840 0.00746555 0.01131879 0.01121238 0.01131879 0.00956328 0.01018193 
0.01502103 0.00828483 0.01133548 0.00902692 0.01435251 0.00600509 0.01716816 0.01265692 0.01547172 0.00886428 0.01502103 0.00836062 0.01612032 0.01612032 0.00950692 0.00836062 0.01355650 0.01502103 0.00836062 0.00750916 0.00484914 0.00000000 0.01716816 0.01133548 0.01133548 0.00829211 0.01219511 0.01716816 0.00771946 0.01219511 0.01009435 0.00902692 0.01183001 0.01183001 0.01279282 0.00146398 0.00771946 0.01183001 0.01219511 0.01716816 0.01344344 0.01265692 0.01058807 0.01219511 0.01133548 0.00829211 0.00771946 0.01502103 0.01183001 0.01133548 0.00692112 0.01039226 0.01012954 0.00829211 0.00771946 0.02290729 0.01133548 0.00771946 0.01344344 0.01133548 0.01133548 0.01444344 0.00902692 0.01576848 0.01133548 0.01344344 0.01681078 0.01133548 0.01219511 0.01133548 0.01183001 0.02154126 0.00771946 0.01397079 0.01397079 0.00836062 0.01502103 0.01502103 0.00836062 0.00886428 0.01216463 0.00829211 0.01576848 0.01326745 0.01108049 0.01275225 0.00750916 0.00771946 0.01009435 0.00950356 0.02154126 0.00836062 0.01275225 0.00771946 0.01265692 0.01684411 0.01239956 0.01275225 0.00513922 0.01239956 0.01275225 0.00771946 0.01071373 0.01091423 0.02154126 0.01265692 0.01183001 0.01091423 0.01133548 0.01133548 0.01716816 0.00930264 0.01219511 0.01853181 0.02290729 0.01672330 0.01397079 0.02022243 0.01397079 0.02080069 0.00886428 0.01397079 0.01397079 0.01397079 0.01397079 0.01279282 0.01429956 0.01336251 0.01535525 0.00888168 0.01097164 0.01183001 0.01576848 0.01344344 0.01752260 0.01133548 0.01039226 0.01133548 0.01716816 0.01547172 
0.00715266 0.01277792 0.01245074 0.01396231 0.01748294 0.00850878 0.02288956 0.01952404 0.02082866 0.01195297 0.00715266 0.01208322 0.00872882 0.00872882 0.00988491 0.01208322 0.00697940 0.00715266 0.01208322 0.01355300 0.00956328 0.01716816 0.00000000 0.01245074 0.01245074 0.01185135 0.01681337 0.02288956 0.01314199 0.01681337 0.01406729 0.01396231 0.01007301 0.01007301 0.00715125 0.00023025 0.01314199 0.01007301 0.01681337 0.02288956 0.00797521 0.01952404 0.00080988 0.01681337 0.01245074 0.01185135 0.01314199 0.00715266 0.01007301 0.01245074 0.00834925 0.00984145 0.00594977 0.01185135 0.01314199 0.01456607 0.01245074 0.01314199 0.00797521 0.01245074 0.01245074 0.00923777 0.01396231 0.01384108 0.01245074 0.00797521 0.01350082 0.01245074 0.01681337 0.01245074 0.01007301 0.01716816 0.01314199 0.00754556 0.00754556 0.01208322 0.00715266 0.00715266 0.01208322 0.01195297 0.00746481 0.01185135 0.01384108 0.01703920 0.01074672 0.01792578 0.01355300 0.01314199 0.01406729 0.01127834 0.01716816 0.01208322 0.01792578 0.01314199 0.01952404 0.01492465 0.01048202 0.01792578 0.00823790 0.01048202 0.01792578 0.01314199 0.00740925 0.00775211 0.01716816 0.01952404 0.01007301 0.00775211 0.01245074 0.01245074 0.02288956 0.01438403 0.01681337 0.02043349 0.01456607 0.00975083 0.00754556 0.01253428 0.00754556 0.01260179 0.01195297 0.00754556 0.00754556 0.00754556 0.00754556 0.00715125 0.00831425 0.00941819 0.01628454 0.00127999 0.00315702 0.01007301 0.01384108 0.00797521 0.00718011 0.01245074 0.00984145 0.01245074 0.02288956 0.02082866 
0.01315354 0.01111927 0.01454667 0.01258017 0.01132696 0.01132716 0.01245074 0.01147912 0.01369659 0.01253730 0.01315354 0.01380799 0.01451503 0.01451503 0.01359661 0.01380799 0.01308879 0.01315354 0.01380799 0.01133694 0.01131879 0.01133548 0.01245074 0.00000000 0.01454667 0.01230267 0.01138162 0.01245074 0.01062858 0.01138162 0.01058282 0.01258017 0.00991905 0.00991905 0.01157635 0.01229356 0.01062858 0.00991905 0.01138162 0.01245074 0.01143774 0.01147912 0.01098463 0.01138162 0.01454667 0.01230267 0.01062858 0.01315354 0.00991905 0.01454667 0.01136072 0.01298327 0.01043406 0.01230267 0.01062858 0.01237793 0.01454667 0.01062858 0.01143774 0.01454667 0.01454667 0.01461657 0.01258017 0.01058548 0.01454667 0.01143774 0.01102885 0.01454667 0.01138162 0.01454667 0.00991905 0.01133548 0.01062858 0.01176754 0.01176754 0.01380799 0.01315354 0.01315354 0.01380799 0.01253730 0.01038385 0.01230267 0.01058548 0.01143382 0.01049495 0.01228515 0.01133694 0.01062858 0.01058282 0.01063219 0.01133548 0.01380799 0.01228515 0.01062858 0.01147912 0.01123855 0.01037696 0.01228515 0.01246789 0.01037696 0.01228515 0.01062858 0.01040462 0.01039137 0.01133548 0.01147912 0.00991905 0.01039137 0.01454667 0.01454667 0.01245074 0.01255119 0.01138162 0.01234355 0.01237793 0.01153863 0.01176754 0.01227903 0.01176754 0.01250719 0.01253730 0.01176754 0.01176754 0.01176754 0.01176754 0.01157635 0.01348057 0.01237646 0.01100678 0.01103917 0.01094011 0.00991905 0.01058548 0.01143774 0.01330195 0.01454667 0.01298327 0.01454667 0.01245074 0.01369659 
0.01315354 0.01111927 0.01454667 0.01258017 0.01132696 0.01132716 0.01245074 0.01147912 0.01369659 0.01253730 0.01315354 0.01380799 0.01451503 0.01451503 0.01359661 0.01380799 0.01308879 0.01315354 0.01380799 0.01133694 0.01131879 0.01133548 0.01245074 0.01454667 0.00000000 0.01230267 0.01138162 0.01245074 0.01062858 0.01138162 0.01058282 0.01258017 0.00991905 0.00991905 0.01157635 0.01229356 0.01062858 0.00991905 0.01138162 0.01245074 0.01143774 0.01147912 0.01098463 0.01138162 0.01454667 0.01230267 0.01062858 0.01315354 0.00991905 0.01454667 0.01136072 0.01298327 0.01043406 0.01230267 0.01062858 0.01237793 0.01454667 0.01062858 0.01143774 0.01454667 0.01454667 0.01461657 0.01258017 0.01058548 0.01454667 0.01143774 0.01102885 0.01454667 0.01138162 0.01454667 0.00991905 0.01133548 0.01062858 0.01176754 0.01176754 0.01380799 0.01315354 0.01315354 0.01380799 0.01253730 0.01038385 0.01230267 0.01058548 0.01143382 0.01049495 0.01228515 0.01133694 0.01062858 0.01058282 0.01063219 0.01133548 0.01380799 0.01228515 0.01062858 0.01147912 0.01123855 0.01037696 0.01228515 0.01246789 0.01037696 0.01228515 0.01062858 0.01040462 0.01039137 0.01133548 0.01147912 0.00991905 0.01039137 0.01454667 0.01454667 0.01245074 0.01255119 0.01138162 0.01234355 0.01237793 0.01153863 0.01176754 0.01227903 0.01176754 0.01250719 0.01253730 0.01176754 0.01176754 0.01176754 0.01176754 0.01157635 0.01348057 0.01237646 0.01100678 0.01103917 0.01094011 0.00991905 0.01058548 0.01143774 0.01330195 0.01454667 0.01298327 0.01454667 0.01245074 0.01369659 
