0.00000000 0.48809619 0.45259560 0.30985628 0.28677194 0.30436012 0.29326451 0.28252562 0.26633622 0.27811417 0.19620986 0.22653323 0.23528184 0.21268126 0.23916212 0.24292178 0.23389978 0.33783669 0.24708502 0.34483461 0.19861029 0.25066741 0.31559953 0.18553376 0.23319259 0.26663271 0.25563853 0.24978106 0.22153319 0.24692184 0.21937296 0.23132482 0.20669811 0.22459019 0.24127005 0.21439443 0.20160964 0.26534693 0.21929307 0.20113436 0.19568426 0.18529867 0.25652580 0.20194590 0.21940081 0.26782000 0.27215444 0.23957714 0.24133924 0.25842746 0.22417189 0.23286647 0.25099323 0.25162855 0.21543274 0.21799026 0.20444669 0.28677411 0.31264660 0.24030511 0.23557192 0.19023762 0.26965560 0.18581261 0.19113203 0.22376833 0.19288826 0.18352401 0.21654961 0.21050204 0.23172706 0.22153188 0.20496243 0.24082260 0.23511446 0.27231054 0.20595506 0.21584726 0.24700473 0.28692265 0.21046713 0.22142408 0.21092659 0.24664882 0.26255453 0.22150793 0.23673104 0.19808522 0.18896199 0.26540093 0.24597813 0.22612731 0.22977875 0.17708899 0.21620751 0.20341689 0.26142754 0.26221474 0.26284201 0.23024750 0.23138864 0.27189718 0.25940119 0.20881050 0.22391518 0.20517799 0.20688109 0.26154298 0.20716903 0.21231832 0.23864037 0.25572205 0.27373681 0.23212983 0.28205937 0.27352523 0.25745477 0.22586818 0.21772712 0.22566601 0.23955962 0.26480241 0.24786876 0.20934718 0.26746166 0.21222284 0.30351996 0.22612554 0.26900991 0.25489456 0.23869497 0.24095238 0.29419222 0.22792200 0.27099718 0.27126145 0.21267397 0.22801099 0.26683993 0.25776386 0.23777332 0.27680629 0.19992866 0.20783244 0.24005678 0.24620110 0.20783877 0.25526298 0.25212598 0.25380866 0.25828002 0.28515234 0.21628907 0.19053764 0.25309229 0.17664549 0.25529574 0.23490559 0.26177361 0.20303795 0.25493151 0.19731952 0.22880062 0.24877737 0.25906124 0.26307101 0.21895165 0.24096645 0.25234382 0.29726925 
0.48809619 0.00000000 0.54128201 0.41737580 0.35044414 0.31691044 0.24149085 0.26501336 0.22370287 0.21548447 0.20063021 0.22239715 0.23373811 0.27307672 0.20775851 0.20772663 0.30438711 0.29640334 0.22356358 0.24315803 0.21785411 0.25511995 0.30300644 0.28393329 0.29035539 0.22981017 0.23088567 0.23768692 0.24599508 0.26679270 0.17343948 0.19887406 0.18519281 0.20122863 0.14341084 0.23564099 0.23504629 0.24958547 0.31102933 0.21576174 0.20804158 0.23021358 0.25446059 0.18599085 0.22440324 0.27807249 0.23728460 0.24806181 0.24667592 0.31417336 0.33309487 0.36541523 0.26066290 0.26255329 0.22629820 0.25657021 0.32532818 0.28253993 0.24802820 0.26771853 0.24089763 0.17185406 0.22602242 0.25376165 0.17478154 0.21158624 0.27520826 0.22698824 0.18511945 0.19122065 0.19837683 0.19338017 0.27294755 0.18820156 0.26738889 0.27568530 0.21660577 0.29298582 0.23669976 0.31868742 0.23243570 0.22729290 0.25755661 0.23049480 0.22102206 0.28829798 0.22981682 0.25541699 0.17925925 0.13224128 0.19703655 0.24186303 0.21498101 0.19244202 0.23792022 0.21568874 0.17459328 0.23155728 0.19506741 0.17759991 0.29104292 0.29467065 0.21754613 0.18374539 0.18656391 0.22348696 0.23151806 0.29905235 0.20747534 0.20234989 0.24367244 0.29555392 0.15541556 0.18637718 0.18569867 0.26705025 0.18580586 0.20566015 0.25585153 0.27966618 0.23746493 0.24248501 0.25313076 0.27860678 0.22569773 0.23387611 0.26093206 0.27966559 0.26450094 0.24251010 0.23612531 0.24631151 0.27531227 0.23987972 0.30013327 0.25738497 0.28151665 0.21932228 0.24853585 0.27363788 0.21763783 0.24655552 0.19777275 0.23222299 0.19814233 0.29938862 0.20631643 0.19046344 0.22294145 0.23245904 0.25727413 0.24145439 0.22826222 0.21307168 0.28728045 0.24775141 0.25833662 0.22319326 0.21951257 0.14889218 0.19790128 0.21206207 0.31354683 0.19360178 0.23372197 0.21802869 0.24799897 0.24283885 0.24833542 0.29176154 
0.45259560 0.54128201 0.00000000 0.49393008 0.43367464 0.45144063 0.31529245 0.30014343 0.30431298 0.17370475 0.17402095 0.35861852 0.42090563 0.31140763 0.20921178 0.21000725 0.20980571 0.34690032 0.31831487 0.34290130 0.34900493 0.27032002 0.29101933 0.28817774 0.31843539 0.22721051 0.26772587 0.11818805 0.29113694 0.33537654 0.24575773 0.15750030 0.30416747 0.18196023 0.07278400 0.17593669 0.19394379 0.23495545 0.37225742 0.23415846 0.25295942 0.31749061 0.34556734 0.34700143 0.23119472 0.30393896 0.26456111 0.30157845 0.27949896 0.28118800 0.30721525 0.21929878 0.64656452 0.22621107 0.62254178 0.16374892 0.28400021 0.21461020 0.20563705 0.23430120 0.22648595 0.10678854 0.18564762 0.27956571 0.16313775 0.24175415 0.27255316 0.21593307 0.26352212 0.23544268 0.27825242 0.17550306 0.22223972 0.25728769 0.28639366 0.24630720 0.24710177 0.24667946 0.20334449 0.23379346 0.17501282 0.19790856 0.13079339 0.19027248 0.14051708 0.25337320 0.19995362 0.20108048 0.23904822 0.04754062 0.14262530 0.15220664 0.24341398 0.19692395 0.18253175 0.32743911 0.10207200 0.32816597 0.20892092 0.17984776 0.27082725 0.26309946 0.24432891 0.22445115 0.26801043 0.32374498 0.31789033 0.21523390 0.21961404 0.17847156 0.24943663 0.26021996 0.29530162 0.20094244 0.12285792 0.19721303 0.21601910 0.24077542 0.22798917 0.15868023 0.22816913 0.16181569 0.22300225 0.21466315 0.26157363 0.30229216 0.16753015 0.22298345 0.18227202 0.21151818 0.21958359 0.19272080 0.26718170 0.20940454 0.22396201 0.27077162 0.23557232 0.18678868 0.18489747 0.23113574 0.18349706 0.32701397 0.19437112 0.17681737 0.19530708 0.23689915 0.09151521 0.14467215 0.22588464 0.21293481 0.15398510 0.27825123 0.26528241 0.20701412 0.19940452 0.18715694 0.22964550 0.15330855 0.30629993 0.14838344 0.22605437 0.20691975 0.30877125 0.22636639 0.25342651 0.21802712 0.25729821 0.23978340 0.22270005 0.26487344 
0.30985628 0.41737580 0.49393008 0.00000000 0.56571580 0.60661724 0.39799649 0.27875029 0.25013920 0.28964525 0.21958740 0.23133574 0.19046020 0.23136113 0.22016909 0.22310976 0.26579781 0.27150704 0.34286155 0.21541981 0.28363640 0.29166613 0.24212806 0.30516488 0.28610594 0.23937107 0.29843186 0.16337947 0.29356163 0.24909438 0.20152487 0.17024198 0.26576544 0.23928589 0.06504829 0.17746703 0.15247735 0.23241460 0.23237034 0.20524706 0.23984326 0.30408152 0.23898154 0.24017447 0.27317230 0.27736529 0.22553264 0.21528784 0.22938751 0.28713788 0.30763583 0.70392665 0.33854098 0.42888220 0.37207874 0.17115870 0.31685036 0.27889858 0.29660555 0.20573895 0.29371417 0.19088416 0.23458391 0.26927409 0.22773459 0.21333830 0.24891790 0.26977641 0.25148863 0.27677527 0.21345061 0.27264867 0.23612765 0.22878282 0.26218613 0.32322117 0.50716813 0.49470567 0.23168404 0.10056290 0.37184075 0.18595746 0.28429512 0.17205924 0.12879114 0.14528039 0.21653141 0.25295353 0.22295753 0.10123309 0.14661291 0.26977373 0.21599617 0.13634743 0.18678981 0.22042033 0.12747133 0.18372108 0.31021019 0.26688483 0.16426156 0.23880212 0.21825096 0.20815757 0.22006540 0.28485090 0.29114521 0.20967384 0.28299904 0.17734556 0.17156352 0.24661586 0.17917908 0.21429094 0.17284248 0.15183612 0.28997251 0.20800478 0.21551331 0.16319871 0.13953915 0.18566342 0.15469020 0.22685065 0.23635301 0.25852105 0.15208280 0.24542934 0.16602083 0.16430252 0.27370354 0.20717469 0.13727406 0.17623083 0.16128496 0.15336801 0.23667722 0.17722529 0.26218323 0.12476142 0.14870438 0.21914584 0.25579775 0.22699493 0.19661456 0.25694169 0.25033163 0.18816955 0.18303158 0.16105187 0.19518663 0.20595197 0.15759520 0.20045666 0.32898236 0.19037002 0.27433462 0.17868868 0.17454522 0.19144499 0.19975496 0.17378086 0.35170980 0.43990370 0.16719053 0.18313752 0.89219499 0.41443677 0.17612760 0.24048578 
0.28677194 0.35044414 0.43367464 0.56571580 0.00000000 0.46564143 0.63957501 0.42561706 0.27630596 0.42200344 0.32726942 0.34417482 0.26087205 0.27942280 0.23470854 0.26287517 0.18416253 0.28459487 0.27097512 0.19864338 0.19993391 0.17636767 0.14005753 0.17728719 0.18578243 0.28494476 0.24703736 0.29218060 0.18145265 0.20151116 0.21353338 0.26412109 0.16410436 0.11162875 0.23511689 0.25985210 0.28737907 0.17494263 0.25029060 0.27986380 0.18691143 0.28774943 0.29647848 0.35573417 0.24570884 0.20189190 0.20673781 0.23556480 0.24351276 0.19322291 0.11545557 0.30597826 0.31434489 0.31791607 1.06151112 0.31905604 0.69226062 0.23934414 0.25281041 0.23175585 0.23462630 0.20830891 0.15995831 0.30438896 0.30787610 0.30047111 0.17958975 0.29344868 0.37435738 0.30314807 0.42573611 0.43639948 0.23626287 0.23876122 0.72036833 0.43062207 0.47081523 0.26906510 0.17262842 0.20713267 0.32633094 0.23561451 0.21988203 0.17682846 0.16314469 0.26586573 0.18734366 0.13956298 0.17893225 0.30953762 0.25145854 0.21872165 0.28078020 0.12751672 0.20429240 0.14857611 0.22237029 0.11468720 0.16819093 0.14945781 0.24984682 0.22563993 0.22259370 0.21424340 0.13975625 0.23386761 0.21014629 0.19518329 0.21407059 0.20474318 0.19129928 0.21810003 0.18958065 0.19568030 0.22366122 0.18290957 0.20544018 0.20617823 0.24465152 0.17216863 0.23800373 0.17571832 0.20723863 0.17647976 0.11876964 0.23255046 0.17875504 0.17994490 0.19819714 0.17367233 0.21206118 0.22977805 0.16271494 0.12848539 0.11239158 0.19595244 0.23329312 0.21579965 0.20249623 0.19937807 0.21484291 0.16820515 0.23277229 0.19814541 0.19265774 0.12369735 0.29857636 0.19622544 0.22697870 0.17947571 0.21886535 0.16675312 0.21833697 0.21824023 0.24132984 0.20109989 0.22392452 0.23154168 0.11452003 0.23187615 0.20421614 0.18909431 0.19465811 0.12976298 0.26966037 0.16706843 0.20920284 0.32411924 0.15084887 0.22125387 
0.30436012 0.31691044 0.45144063 0.60661724 0.46564143 0.00000000 0.68332912 0.34991164 0.34662946 0.58348556 0.21100231 0.32574049 0.26970836 0.26613171 0.33775093 0.34187780 0.19507709 0.24118558 0.21881314 0.24918206 0.30243598 0.34212263 0.28997626 0.32208865 0.26954190 0.21450121 0.21847021 0.25476157 0.09945838 0.11872615 0.23931819 0.28453712 0.25858807 0.16081338 0.21137664 0.20593807 0.27430749 0.17977480 0.23811270 0.10580668 0.19242831 0.25029940 0.35676415 0.18416813 0.29247865 0.18412661 0.24638484 0.13983840 0.18144068 0.23388221 0.21232074 0.18623633 0.26597549 0.67796041 0.13947160 0.65412063 0.21830425 0.23308190 0.23108464 0.28978150 0.27276396 0.19304660 0.26327690 0.17267607 0.17639805 0.13612640 0.18093655 0.14079332 0.24672500 0.20519741 0.14814145 0.20149181 0.21010578 0.33797059 0.14742490 0.32006570 0.35937275 0.87937265 0.19389604 0.43631176 0.14191919 0.21388256 0.21513623 0.27123563 0.10822800 0.26803972 0.19389171 0.28894071 0.22350133 0.19611998 0.14997253 0.20698660 0.11735234 0.24206400 0.14216089 0.16211844 0.21072460 0.21442830 0.15553371 0.17956661 0.28034690 0.29302784 0.20140096 0.24232922 0.30481727 0.23152261 0.10271545 0.21273073 0.19395541 0.22562976 0.25208267 0.41257438 0.28652015 0.17191721 0.10242306 0.13574338 0.25818227 0.12427116 0.27019540 0.20686914 0.17600232 0.19604911 0.20312820 0.28824142 0.15263372 0.19829807 0.28021658 0.16429380 0.28058674 0.22413738 0.17814919 0.16017625 0.19293998 0.19083223 0.16301582 0.20922392 0.22202842 0.18142156 0.22413850 0.20482350 0.15513970 0.21858431 0.30478188 0.28752612 0.23872463 0.15405283 0.11815732 0.13234109 0.21825007 0.23768679 0.14231311 0.20247064 0.30921837 0.18413578 0.12431937 0.23634111 0.15198345 0.17956200 0.32300127 0.20773681 0.25926852 0.12613847 0.64808606 0.23493874 0.17452436 0.20433113 0.39472134 0.26483087 0.28960454 0.25213175 
0.29326451 0.24149085 0.31529245 0.39799649 0.63957501 0.68332912 0.00000000 0.40506190 0.72514691 0.40098048 0.31610130 0.42839502 0.37141106 0.20595389 0.21533961 0.24848886 0.19627241 0.29363815 0.07531344 0.31927227 0.29120708 0.33468781 0.23552490 0.32404058 0.26473225 0.19451121 0.16918854 0.18271229 0.23274641 0.21739161 0.08886607 0.23225647 0.27381677 0.19836689 0.17021580 0.23514575 0.24061404 0.34196829 0.26088766 0.30327557 0.37068254 0.28657065 0.13171562 0.19849956 0.20460205 0.16378309 0.12966716 0.17585328 0.13023791 0.18761905 0.14944879 0.26986038 0.06540359 0.20240223 0.24996314 0.20837233 0.48338753 0.31644409 0.74230718 0.26742063 0.21573234 0.29400748 0.25963604 0.20676684 0.26092631 0.38961968 0.25593756 0.34748670 0.41308170 0.22425749 0.23170827 0.49284262 0.66477782 0.28288485 0.30710910 1.38701262 0.44339806 0.20720450 0.72796855 0.18127536 0.23857590 0.26309243 0.19692170 0.19910361 0.22840366 0.11581148 0.30839672 0.13367626 0.17448580 0.27415935 0.18569974 0.19058395 0.23192896 0.21967066 0.12855865 0.15170841 0.26823156 0.17678290 0.11934453 0.26129949 0.44968824 0.26152741 0.12244605 0.18250826 0.24793650 0.16084748 0.17523736 0.25672243 0.37060452 0.17658151 0.19944747 0.13072183 0.23618854 0.18190730 0.15500042 0.23556557 0.23861512 0.10153032 0.23998922 0.26585245 0.18105091 0.23382109 0.22295343 0.20244348 0.18243002 0.15676290 0.17813213 0.07113377 0.17086241 0.14327371 0.14260479 0.17052939 0.10077480 0.14551669 0.15158966 0.19402333 0.10187830 0.28025360 0.15350419 0.10868738 0.25117212 0.07667706 0.11023244 0.31407969 0.23044405 0.20363565 0.14816490 0.25262115 0.23059683 0.21727509 0.18471023 0.16706424 0.13877319 0.06455924 0.25111797 0.19802809 0.16335140 0.15836775 0.22204846 0.20586350 0.08148100 0.18408527 0.13784333 0.15373979 0.15646630 0.10412902 0.20859552 0.36772046 0.19064938 0.18064014 
0.28252562 0.26501336 0.30014343 0.27875029 0.42561706 0.34991164 0.40506190 0.00000000 0.50597154 0.44735530 0.33849324 0.30646297 0.38170601 0.33487075 0.32520799 0.31123174 0.25753937 0.33135918 0.50849390 1.24480385 0.48019327 0.22175319 0.24106168 0.32679362 0.21238954 0.27303111 0.23516013 0.23780469 0.27612691 0.15021378 0.24018921 0.16912867 0.27301590 0.18478105 0.18262624 0.33698338 0.25945728 0.20754673 0.14012572 0.26076585 0.31186031 0.24714109 0.19897383 0.20607003 0.28425045 0.03196017 0.23549965 0.19975620 0.17121439 0.19373505 0.18783323 0.21987298 0.39728586 0.21700633 0.32407921 0.45092828 0.34719473 0.45559716 0.33412960 0.20041632 0.27831652 0.22548650 0.29434064 0.22306862 0.27632773 0.17174077 0.19188246 0.19683167 0.42261391 0.20743479 0.22201597 0.30649400 0.23040465 0.25831277 0.25514064 0.22407633 0.27306193 0.26512332 0.30122889 1.10242187 0.18797683 0.27486507 0.21393693 0.18214712 0.15122249 0.21622404 0.19449128 0.17611397 0.30401605 0.14109321 0.22950724 0.17231375 0.15858913 0.19453522 0.26843579 0.17334308 0.23716168 0.13426020 0.11034415 0.21805864 0.26022213 0.13550394 0.21656977 0.22604235 0.17244630 0.29380172 0.14884759 0.24091925 0.21444262 0.26856625 0.31370329 0.22458465 0.22872018 0.23517657 0.18955602 0.28217663 0.24603279 0.14252753 0.25527136 0.15177311 0.15387120 0.16348355 0.15685911 0.23547028 0.16142792 0.24152956 0.18319511 0.13580601 0.15819107 0.15455370 0.08064864 0.18847629 0.13933885 0.17811427 0.20843782 0.15840328 0.15397510 0.27073051 0.20423126 0.19508003 0.14414453 0.23765102 0.19043021 0.19509279 0.21615380 0.11928899 0.15959206 0.24325980 0.21799726 0.25279553 0.16600740 0.17988207 0.20126047 0.11750699 0.16734618 0.27898307 0.19943840 0.09626814 0.23887409 0.31584342 0.20999833 0.15281834 0.19198279 0.16517132 0.19512469 0.16079762 0.16434013 0.21695698 0.23995969 0.22862643 
0.26633622 0.22370287 0.30431298 0.25013920 0.27630596 0.34662946 0.72514691 0.50597154 0.00000000 0.35730796 0.43916908 0.28256137 0.28723945 0.37745627 0.30238668 0.28962853 0.21616116 0.25220175 0.25808545 0.33081270 0.24712343 0.16836522 0.24678380 0.29881249 0.22227926 0.29525809 0.25916622 0.29239186 0.28823047 0.26767586 0.38251635 0.27658020 0.19239455 0.21332922 0.18103860 0.18986825 0.26503327 0.17127063 0.24093944 0.28147299 0.34121061 0.26016177 0.23514872 0.39672179 0.23262359 0.25167476 0.29918873 0.17131393 0.15867530 0.22088742 0.15454556 0.23017216 0.24043098 0.21757790 0.20609083 0.21471869 0.32087921 0.35759561 0.27078807 0.33304780 0.21657008 0.26279356 0.22268616 0.20620879 0.37808403 0.42090070 0.29074831 0.19995452 0.37747520 0.29432323 0.18784326 0.39258290 0.59715420 0.16799158 0.25141695 0.37462590 0.19933310 0.23928282 0.62623227 0.24115048 0.45782305 0.22184132 0.18604084 0.20624837 0.17542782 0.28667599 0.27585004 0.14162230 0.27488286 0.25657374 0.25267492 0.15462881 0.30009267 0.26998001 0.23604794 0.29078025 0.38806631 0.19804774 0.25604814 0.35598559 0.45131214 0.17548135 0.18318106 0.33337158 0.23651584 0.18950549 0.26406914 0.15528062 0.22402104 0.15122366 0.24594212 0.25923893 0.22214578 0.27724933 0.26127399 0.15690275 0.23039485 0.21293827 0.23707752 0.22633118 0.19208389 0.14212375 0.18531917 0.12861932 0.22098801 0.25282560 0.17061833 0.13842906 0.24544102 0.25989609 0.11797253 0.19476303 0.11392343 0.16001215 0.19404405 0.12720583 0.15345949 0.16659735 0.19013286 0.17105120 0.14150615 0.27857315 0.09789599 0.23480100 0.18996718 0.18426514 0.10309524 0.10392619 0.29239996 0.16111725 0.17451397 0.11303385 0.18404773 0.10432307 0.16385438 0.18256043 0.29368844 0.21179393 0.13280593 0.31320320 0.10839427 0.17221435 0.18754450 0.17771715 0.16907969 0.23369988 0.19053227 0.28272072 0.18040478 0.21890297 
0.27811417 0.21548447 0.17370475 0.28964525 0.42200344 0.58348556 0.40098048 0.44735530 0.35730796 0.00000000 0.40328756 0.35800807 0.39692087 0.60368993 0.74774093 0.68796153 0.38281047 0.24871636 0.23130725 0.32522246 0.28365923 0.21880851 0.26636129 0.31394189 0.22674898 0.23535299 0.31591624 0.25880462 0.17423210 0.17817980 0.16164884 0.25888558 0.17068020 0.30468884 0.28187969 0.30654337 0.32639235 0.26091853 0.28875021 0.23990300 0.25112395 0.22173141 0.26336919 0.19819883 0.32161075 0.22750914 0.18228221 0.23852140 0.29079198 0.24057700 0.16362450 0.19770785 0.14794139 0.19487610 0.23599718 0.27622148 0.19641374 0.25904732 0.30065566 0.25969557 0.26798577 0.29392796 0.27113216 0.26354917 0.22344845 0.21926027 0.17848239 0.30915937 0.33646109 0.21885880 0.20172116 0.23128111 0.29482989 0.21412071 0.21197009 0.26112151 0.14483480 0.30245572 0.21909509 0.16393729 0.29169647 0.33537713 0.20692662 0.27009710 0.14905724 0.29602416 0.16685679 0.17300691 0.17127387 0.20862258 0.23842189 0.16551469 0.21573700 0.15176917 0.19194908 0.26133321 0.21755668 0.24644016 0.24386881 0.19671069 0.21357015 0.18769959 0.18270666 0.15228748 0.15752578 0.19242878 0.21245700 0.21012489 0.18545042 0.27557725 0.14968323 0.22970169 0.28000905 0.29213485 0.18622709 0.29127569 0.26316875 0.20503663 0.23090409 0.24645569 0.19792701 0.24736705 0.17177959 0.20515196 0.25749134 0.16551457 0.17201140 0.20918276 0.23250175 0.22123901 0.19429364 0.20350234 0.16497300 0.19077427 0.17023673 0.14234246 0.18391131 0.21594091 0.19733114 0.14394270 0.19836896 0.20982767 0.29767151 0.16438880 0.16676200 0.24913892 0.23855963 0.22502297 0.23282610 0.27816843 0.19028071 0.17869761 0.26421767 0.20160942 0.19705148 0.14477622 0.18319570 0.21594383 0.14315784 0.17419357 0.19252191 0.13195113 0.19475577 0.14680413 0.20627945 0.16403003 0.19610515 0.22071812 0.29947702 0.28003410 
0.19620986 0.20063021 0.17402095 0.21958740 0.32726942 0.21100231 0.31610130 0.33849324 0.43916908 0.40328756 0.00000000 0.64711071 0.65868192 0.86945950 0.26032455 0.30022721 0.47516817 0.31443963 0.12111414 0.34849642 0.28600203 0.20402927 0.20272419 0.23342058 0.19865808 0.24907793 0.21591140 0.22068808 0.25923479 0.22882574 0.27242605 0.27779633 0.27476589 0.26027418 0.26081315 0.19546498 0.21986295 0.27771545 0.27096076 0.22448864 0.16767135 0.20703186 0.28240235 0.19500380 0.10204535 0.21929604 0.14914583 0.27572003 0.18178143 0.16362309 0.19563407 0.20058722 0.10206975 0.14961573 0.13852724 0.20754679 0.35154331 0.25390251 0.31465839 0.41834696 0.25806806 0.33409146 0.28159019 0.30243948 0.31885717 0.25683339 0.14000282 0.17252554 0.39650396 0.19695175 0.22080094 0.39594754 0.28771364 0.20660173 0.21309245 0.21228329 0.13815526 0.23716382 0.22137238 0.28722934 0.34988940 0.31508104 0.33014174 0.22305572 0.27567136 0.16974568 0.67451507 0.42110850 0.28504670 0.41677684 0.30662211 0.34313844 1.82180330 0.35288526 0.33218760 0.32907745 0.59845724 0.26595041 0.17448123 0.18553957 0.25679105 0.29432527 0.22073636 0.26546533 0.27452749 0.18958161 0.23777897 0.21522088 0.19659905 0.21168152 0.18456582 0.17789041 0.22649949 0.10888422 0.24951058 0.25240120 0.28666565 0.26041802 0.23182126 0.15961881 0.14365688 0.18498220 0.11110566 0.12044387 0.08302462 0.17660249 0.18432040 0.21647525 0.13970373 0.12672268 0.14194026 0.17509455 0.12248684 0.07436934 0.08572335 0.15172386 0.10073205 0.10532200 0.16743764 0.07822663 0.24777431 0.19646142 0.19564868 0.11187928 0.14724399 0.17043954 0.06498716 0.09529548 0.18122436 0.27695087 0.18330670 0.22543889 0.10576794 0.18359644 0.25396609 0.28735461 0.11138132 0.18253649 0.23918426 0.23577774 0.13289793 0.16600227 0.22730559 0.12793466 0.11016266 0.24896939 0.17202254 0.22965370 0.13529218 0.20984884 
0.22653323 0.22239715 0.35861852 0.23133574 0.34417482 0.32574049 0.42839502 0.30646297 0.28256137 0.35800807 0.64711071 0.00000000 0.93241317 0.54147253 0.22836720 0.24881951 0.26782724 0.40513588 0.28666099 0.26448231 0.33759018 0.14684612 0.24696986 0.32628602 0.20205747 0.15323387 0.23020919 0.13829878 0.26165370 0.28739669 0.37099004 0.40115676 0.25131585 0.46756839 0.29365144 0.34204220 0.32491985 0.33126970 0.35400489 0.37429083 0.22530544 0.22787942 0.34296019 0.21861728 0.30859304 0.15298389 0.12880872 0.13284279 0.17568707 0.23508619 0.21458455 0.11621890 0.17835458 0.21118020 0.26937642 0.26020134 0.21759368 0.25876532 0.31091620 0.64678188 0.43900057 0.70052312 0.34233882 0.35886072 0.30412530 0.48681635 0.30591522 0.26564809 0.33209162 0.19162806 0.23924100 0.37862808 0.26342564 0.22684106 0.33730510 0.29286087 0.27167867 0.16408628 0.32127587 0.30676606 0.23819876 0.23635006 0.12625730 0.25093428 0.15475053 0.22867407 0.26563574 0.24597339 0.22806348 0.40402024 0.10697263 0.35514672 0.35511219 0.24626294 0.23252770 0.28676586 0.23863315 0.17448361 0.20463210 0.24863927 0.25772734 0.21231710 0.18846808 0.31346265 0.28136435 0.18229356 0.28139393 0.20380176 0.18106362 0.15738171 0.20112948 0.21028018 0.23770168 0.20680516 0.21121246 0.22786603 0.36588282 0.17690921 0.25543061 0.23058499 0.18479308 0.17717184 0.18001536 0.12834326 0.19074597 0.23405838 0.13381719 0.19930121 0.13580610 0.07993732 0.07521924 0.16848322 0.12367093 0.08928967 0.19013421 0.14700297 0.14964619 0.11767790 0.15945227 0.22038855 0.19615024 0.20474553 0.10177877 0.17745662 0.08196942 0.17888065 0.04407390 0.29591952 0.16185465 0.24152195 0.21448168 0.16224039 0.15778850 0.15677866 0.20871574 0.20319219 0.18699451 0.13009557 0.30321987 0.07490747 0.16002787 0.14502510 0.19695224 0.13208335 0.17654376 0.11889657 0.17087386 0.15396842 0.15092975 0.18739493 
0.23528184 0.23373811 0.42090563 0.19046020 0.26087205 0.26970836 0.37141106 0.38170601 0.28723945 0.39692087 0.65868192 0.93241317 0.00000000 0.65622863 0.47498912 0.31264664 0.45273601 0.32011265 0.23770420 0.29063351 0.44924104 0.16156403 0.26869227 0.37928368 0.36988417 0.22185943 0.43096510 0.27821693 0.22147221 0.30949558 0.23687264 0.33225992 0.32800917 0.45039782 0.25271645 0.31923739 0.34300981 0.41157900 0.30115437 0.25051566 0.36339948 0.28945233 0.15833624 0.08115146 0.26852450 0.12160171 0.21821830 0.20245999 0.14937342 0.30782585 0.17906482 0.21458542 0.18414537 0.10246987 0.12871750 0.19297665 0.17706888 0.36085903 0.37295652 0.41392123 0.31804820 0.46867464 0.19664067 0.20074016 0.23287013 0.25620565 0.22668378 0.26286583 0.22369867 0.21809903 0.33005823 0.16625337 0.17711630 0.20347757 0.27213159 0.21164888 0.20802026 0.15381428 0.27235057 0.27536090 0.19857234 0.18631851 0.10506880 0.25913377 0.24451367 0.15178351 0.37172104 0.22345584 0.24651752 0.09260769 0.25317856 0.19294117 0.28716598 0.26711788 0.22334164 0.15050563 0.31128150 0.26959530 0.23635255 0.18513547 0.18471483 0.09356271 0.15764381 0.24938193 0.24916768 0.24364804 0.18710584 0.22647327 0.31691943 0.18366059 0.21803921 0.16128360 0.19213541 0.12730008 0.24143321 0.25201880 0.38528504 0.10366637 0.26418767 0.25720121 0.20357225 0.23706272 0.13351817 0.13283334 0.32586273 0.16078630 0.18692172 0.13860680 0.21491437 0.17143963 0.19799303 0.20953045 0.16043381 0.13923427 0.13270851 0.20810678 0.17003818 0.15350028 0.25031398 0.19133727 0.22551413 0.14887119 0.13745740 0.11266015 0.18153160 0.29641207 0.20049474 0.19999601 0.30880109 0.18018553 0.28208819 0.24016781 0.26833839 0.14438861 0.13672914 0.19703612 0.25081101 0.13302300 0.33933214 0.16154596 0.13353364 0.09773032 0.18054222 0.18607682 0.18941976 0.16255126 0.22939608 0.25097423 0.14459147 0.21098806 
0.21268126 0.27307672 0.31140763 0.23136113 0.27942280 0.26613171 0.20595389 0.33487075 0.37745627 0.60368993 0.86945950 0.54147253 0.65622863 0.00000000 0.59566900 0.60234568 0.58127216 0.32900362 0.29586370 0.26228699 0.30077068 0.32350701 0.21183454 0.13040127 0.31665492 0.20686363 0.16117238 0.22874559 0.16568214 0.25996703 0.24010052 0.29276535 0.11701516 0.25345022 0.21194982 0.28393682 0.15972129 0.24811256 0.23024042 0.25461356 0.12469230 0.15223259 0.14699397 0.14009028 0.16587291 0.16562758 0.17670297 0.20430676 0.26413375 0.23553215 0.16903679 0.15302806 0.20663403 0.23507280 0.23871975 0.29496497 0.32590788 0.31477277 0.29210351 0.27229068 0.36674791 0.24589747 0.19583314 0.24781578 0.25716348 0.26848475 0.19350646 0.29932761 0.26961900 0.14541499 0.23507238 0.27270884 0.26390340 0.27630467 0.25533600 0.20059071 0.02114483 0.06375051 0.35381698 0.26753175 0.38120314 0.38086829 0.34151174 0.50955211 0.29083063 0.33360187 0.51211540 0.25761472 0.28169121 0.44779279 0.32722811 0.19783630 0.26556290 0.15470060 0.20856996 0.27367707 0.27402022 0.16078361 0.13779190 0.13340916 0.19455712 0.23759046 0.17864050 0.27119103 0.42166263 0.22940445 0.21896223 0.20837773 0.21964832 0.24019209 0.20196410 0.14908975 0.26473314 0.20173218 0.31638940 0.47967002 0.31068275 0.30236506 0.28869141 0.37933224 0.27990037 0.23190665 0.17907280 0.22783761 0.20376420 0.20814168 0.14248584 0.20044194 0.20702698 0.23344294 0.17856573 0.13200068 0.16715489 0.19043684 0.15798345 0.06622416 0.24888659 0.15916184 0.17954657 0.16425827 0.14362683 0.17456922 0.13939103 0.14492349 0.14615465 0.14990045 0.23711714 0.16328806 0.23934239 0.11775220 0.21040190 0.16342303 0.15751028 0.10086134 0.18558357 0.21756879 0.09605533 0.12501663 0.18765349 0.11159843 0.06837533 0.21799728 0.18167910 0.14443251 0.13007810 0.23746537 0.25720688 0.17493323 0.20061471 0.22904062 
0.23916212 0.20775851 0.20921178 0.22016909 0.23470854 0.33775093 0.21533961 0.32520799 0.30238668 0.74774093 0.26032455 0.22836720 0.47498912 0.59566900 0.00000000 1.19934135 0.81309064 0.55835692 0.45181229 0.29315707 0.27008384 0.22873636 0.30937122 0.23357165 0.21435890 0.19315797 0.27134693 0.20937201 0.18925751 0.21617893 0.17718709 0.17188939 0.19168220 0.22976807 0.21382751 0.28023178 0.23942330 0.20741172 0.21434157 0.23011779 0.22156097 0.18079117 0.19477057 0.20990694 0.17664272 0.19669665 0.18158293 0.23753756 0.21577754 0.20708597 0.20873802 0.20219971 0.17938297 0.22326381 0.20829432 0.22690356 0.25863750 0.26168479 0.25749841 0.41966287 0.26856543 0.28131197 0.22875989 0.21792845 0.20088066 0.23716417 0.21643016 0.25375056 0.25678967 0.14946162 0.21353417 0.27125514 0.23943765 0.17988778 0.21479988 0.24724036 0.22272420 0.21407308 0.20847698 0.23092886 0.25199771 0.20118576 0.22288348 0.25041767 0.20453267 0.23120664 0.20065533 0.21139784 0.21000788 0.21620987 0.19879694 0.24616344 0.19147336 0.20265201 0.21594694 0.19147882 0.23323519 0.16264244 0.24293011 0.18666731 0.18604193 0.21127345 0.18926416 0.21257380 0.23519180 0.21616885 0.19469134 0.24413658 0.20879748 0.18046321 0.20183774 0.19666129 0.29238050 0.25042969 0.26668961 0.27717921 0.25078984 0.19498809 0.24161249 0.20102131 0.20362676 0.21553458 0.25248596 0.24762543 0.18504545 0.20855259 0.20064699 0.23617147 0.17402946 0.24653885 0.19015360 0.20776896 0.17492490 0.22049887 0.23280093 0.20511064 0.20138688 0.18466532 0.22920135 0.21001180 0.20580675 0.22592026 0.21543244 0.19695190 0.17987357 0.22435935 0.20646618 0.20319203 0.21819409 0.23978701 0.21477324 0.20133671 0.23198895 0.20504720 0.23724617 0.21288867 0.21509737 0.19811210 0.23585532 0.23188761 0.23358340 0.23771836 0.21282032 0.15407061 0.24478166 0.19149702 0.21908059 0.22481479 0.23474208 0.25486909 
0.24292178 0.20772663 0.21000725 0.22310976 0.26287517 0.34187780 0.24848886 0.31123174 0.28962853 0.68796153 0.30022721 0.24881951 0.31264664 0.60234568 1.19934135 0.00000000 0.98663789 0.43981091 0.42314418 0.31118592 0.32440646 0.21812834 0.34376405 0.26974110 0.25154483 0.20250471 0.18223656 0.18055742 0.15235918 0.20470285 0.18938726 0.17690290 0.20739196 0.17496029 0.39750737 0.27427733 0.26093868 0.22790059 0.20941024 0.20858660 0.18730333 0.18870020 0.18480035 0.19479231 0.20846622 0.18779343 0.18635500 0.20992172 0.20925560 0.22800565 0.18743876 0.23663763 0.20521416 0.21004963 0.19441991 0.22861603 0.23409193 0.29183482 0.24317679 0.32433758 0.29708149 0.25202916 0.20959422 0.23566433 0.20175994 0.19604678 0.18600364 0.21701907 0.20940120 0.16696200 0.20357645 0.24557052 0.20795112 0.21363489 0.20135857 0.25416770 0.17634340 0.23980800 0.21407649 0.21911543 0.24571006 0.21233716 0.24703333 0.25839773 0.25298631 0.21098329 0.20019333 0.19771012 0.19308434 0.20895648 0.19461406 0.22044529 0.21940185 0.18804703 0.20571259 0.20755230 0.22751715 0.22086502 0.20286822 0.19175497 0.20841009 0.17631861 0.20858140 0.24956900 0.21149108 0.22614510 0.19502091 0.22000504 0.22270210 0.19010783 0.24592405 0.23213394 0.27709676 0.26286607 0.26242458 0.28425127 0.27878257 0.20880944 0.25275352 0.21233960 0.22042734 0.22023378 0.19797154 0.20044949 0.18779798 0.23767104 0.23158046 0.20769371 0.18085641 0.20217256 0.22500370 0.23051908 0.22885429 0.25019762 0.23730658 0.21903565 0.19301737 0.16549703 0.24454964 0.20335780 0.20705065 0.20399919 0.17263168 0.16677095 0.20142081 0.21092725 0.20461254 0.23491698 0.24121764 0.22770279 0.21495656 0.20707533 0.27048995 0.21151425 0.26449748 0.21044864 0.22518165 0.20816300 0.23476621 0.19897073 0.21304224 0.18623631 0.22130096 0.19083216 0.23326007 0.23406718 0.19696004 0.20413753 0.22619377 0.26488818 
0.23389978 0.30438711 0.20980571 0.26579781 0.18416253 0.19507709 0.19627241 0.25753937 0.21616116 0.38281047 0.47516817 0.26782724 0.45273601 0.58127216 0.81309064 0.98663789 0.00000000 0.39197441 0.34614680 0.26583573 0.66835808 0.23226554 0.30758906 0.48165039 0.18132304 0.17469152 0.16258695 0.36329090 0.46512007 0.33874342 0.24249501 0.30467322 0.31456728 0.41760385 0.39557086 0.40247972 0.25706341 0.47628298 0.41877097 0.16162703 0.12664081 0.20915163 0.25134714 0.17166068 0.15391528 0.13884045 0.14583959 0.17145152 0.10483600 0.17259924 0.21533176 0.19686553 0.26393025 0.25807150 0.19820426 0.27542290 0.56056463 0.49344798 0.22279274 0.27199796 0.38940500 0.14936587 0.20066435 0.32217680 0.38061258 0.25017965 0.10085646 0.31636687 0.18417848 0.13597718 0.30128754 0.22920257 0.25408541 0.19416054 0.28931242 0.17867817 0.34857814 0.13867091 0.20288466 0.17587370 0.28597083 0.13213422 0.17832794 0.26201780 0.17539611 0.07818734 0.21884816 0.23867029 0.19463453 0.27368046 0.31258464 0.09368211 0.28024959 0.23292036 0.23288945 0.25641231 0.18737539 0.26501968 0.14810215 0.26454281 0.17588802 0.18462632 0.08822910 0.19036445 0.14039399 0.22116207 0.20593070 0.18520068 0.15964161 0.20667950 0.15539354 0.15248396 0.17489545 0.36934664 0.22628416 0.20305580 0.27104917 0.28204281 0.29891583 0.13926509 0.12663623 0.13644516 0.16047450 0.35873390 0.26827428 0.17536253 0.13127535 0.25713866 0.14054832 0.20498360 0.16516888 0.14013381 0.16057347 0.15929400 0.11255111 0.14243734 0.19263300 0.03799035 0.24352677 0.24359254 0.12140472 0.17533957 0.30183466 0.25805945 0.16746227 0.19645161 0.21788779 0.17964421 0.35637128 0.26461513 0.19882194 0.19200756 0.22435798 0.11376628 0.24354955 0.21738504 0.17542977 0.19386640 0.22854348 0.18098312 0.16719472 0.15821163 0.17831661 0.11751785 0.15288563 0.12954634 0.20198811 0.29018726 0.18077251 0.25128462 
0.33783669 0.29640334 0.34690032 0.27150704 0.28459487 0.24118558 0.29363815 0.33135918 0.25220175 0.24871636 0.31443963 0.40513588 0.32011265 0.32900362 0.55835692 0.43981091 0.39197441 0.00000000 0.44414499 0.36178542 0.57110921 0.56716212 0.31269510 0.30367059 0.15471548 0.29049004 0.31991444 0.45466857 0.37116361 0.24054868 0.21315157 0.53682829 0.31789768 0.27780141 0.18629414 0.24228954 0.21561411 0.22900480 0.24240216 0.21383072 0.28472778 0.09791018 0.24482400 0.21193492 0.17833368 0.15279746 0.21660360 0.20971690 0.16268533 0.23187650 0.17045174 0.15892282 0.09452901 0.32903882 0.17202612 0.23027898 0.32605583 0.43434899 0.21261696 0.30864130 0.26069151 0.29494378 0.34057038 0.18925125 0.27097316 0.28251938 0.17007861 0.24313462 0.17904973 0.17009060 0.18466315 0.16759073 0.11047413 0.21241563 0.24223065 0.25050790 0.26911217 0.17472057 0.24729880 0.20243918 0.23356529 0.30343959 0.10288988 0.19997881 0.16276196 0.07066382 0.23041931 0.21149561 0.14925885 0.13076309 0.17525059 0.12120527 0.19177334 0.20327757 0.11639552 0.16627667 0.16141055 0.07892552 0.24556006 0.16333200 0.25827327 0.14518147 0.21872877 0.26405938 0.36827107 0.23178285 0.11870422 0.21424685 0.23627270 0.20725767 0.18497042 0.26120115 0.24555055 0.22628134 0.12407868 0.25025896 0.39355512 0.28367239 0.31692072 0.38721041 0.13235556 0.21936905 0.18134207 0.19004634 0.21271339 0.19522766 0.14705297 0.15332773 0.15640423 0.07364349 0.14657665 0.09931130 0.13024176 0.12491622 0.20357373 0.09337360 0.29167098 0.14779967 0.14817221 0.18227224 0.16547594 0.18001507 0.14515671 0.21711631 0.13194948 0.17652115 0.17229755 0.60292568 0.45278721 1.30087010 0.51143465 0.33679678 0.16601882 0.15732839 0.27330593 0.25151861 0.21012184 0.16872160 0.31219036 0.14372061 0.17410117 0.17808423 0.20419576 0.25404577 0.15762458 0.16274137 0.19554865 0.25759502 0.20935588 0.29595241 
0.24708502 0.22356358 0.31831487 0.34286155 0.27097512 0.21881314 0.07531344 0.50849390 0.25808545 0.23130725 0.12111414 0.28666099 0.23770420 0.29586370 0.45181229 0.42314418 0.34614680 0.44414499 0.00000000 0.22897088 0.26365471 0.50453408 0.87303057 0.19660970 0.23661837 0.22559884 0.17291220 0.23427772 0.14170485 0.33861493 0.09923953 0.14505926 0.08380709 0.24384409 0.20829061 0.15681960 0.14396106 0.26674649 0.27127945 0.24207543 0.18913592 0.14288699 0.15606278 0.21050191 0.15292418 0.13387693 0.17826182 0.18556990 0.17319035 0.18240692 0.17671709 0.13647891 0.18121052 0.24447070 0.20435753 0.24886571 0.12051011 0.32068770 0.28231037 0.14888341 0.23505115 0.14403906 0.21031378 0.12211001 0.21307305 0.20016132 0.19880911 0.12926012 0.22968069 0.10294886 0.19985253 0.15123691 0.24647204 0.15485425 0.19777895 0.15840633 0.23658907 0.37348082 0.19647352 0.39023502 0.19674875 1.56372247 0.20856557 0.16844305 0.26891728 0.13645394 0.22523723 0.20111231 0.17935741 0.18667634 0.21262069 0.14005140 0.18756521 0.17352797 0.16137826 0.13967676 0.20566790 0.14700234 0.17034407 0.11997907 0.21349560 0.14079731 0.15994285 0.17975044 0.19182722 0.27940019 0.24011184 0.19830841 0.16284166 0.20262360 0.18292446 0.20427026 0.20529449 0.58576437 0.18847593 0.55861639 0.23072532 0.20380880 0.30317588 0.17296476 0.21966779 0.23271336 0.17690166 0.24113586 0.24358763 0.15841124 0.20932107 0.13889979 0.22902501 0.20525046 0.15993802 0.18704205 0.16957944 0.10889622 0.16020611 0.17902041 0.24766974 0.17368545 0.17376372 0.13619169 0.17739998 0.16564117 0.12481647 0.20121804 0.20416701 0.23849808 0.10500344 0.58761397 0.31344091 0.93670719 0.30421722 0.12604189 0.22723962 0.22252391 0.22492256 1.17891967 0.22661237 0.21092738 1.14726019 0.45609734 0.27439959 0.12217714 0.21187617 0.19003705 0.19134670 0.17251209 0.19468300 0.20223875 0.18828084 0.21378966 
0.34483461 0.24315803 0.34290130 0.21541981 0.19864338 0.24918206 0.31927227 1.24480385 0.33081270 0.32522246 0.34849642 0.26448231 0.29063351 0.26228699 0.29315707 0.31118592 0.26583573 0.36178542 0.22897088 0.00000000 0.67799960 0.43595566 0.35426625 0.60644534 0.42465624 0.27667742 0.22187740 0.41739044 0.39729544 0.17052727 0.24386607 0.19524796 0.31420711 0.24529663 0.32305426 0.19306598 0.39222167 0.30694745 0.41646986 0.26168215 0.38373535 0.30884815 0.39680908 0.36225353 0.28484163 0.19255226 0.17738118 0.17517283 0.22986057 0.21117240 0.19168045 0.21888191 0.27697489 0.32186271 0.32294330 0.75523734 0.40676530 0.31475844 0.28556590 0.29920194 0.23211967 0.31241216 0.32428302 0.29909190 0.21547210 0.30661223 0.23837938 0.28429743 0.17610161 0.27136949 0.24177745 0.23335409 0.10931368 0.22203017 0.25657663 0.30296426 0.05418394 0.26056871 0.10929280 0.28238294 0.25210427 0.22012668 0.22329472 0.27745118 0.21470222 0.22486512 0.29581926 0.15716813 0.17673264 0.25046139 0.20534271 0.17426666 0.22616200 0.24609934 0.24849656 0.33042042 0.22847907 0.22789148 0.10703742 0.18225500 0.21669774 0.18500454 0.19588030 0.11840220 0.13518618 0.23462949 0.18827432 0.19864774 0.18314655 0.21355244 0.30771842 0.12977424 0.30979508 0.18600903 0.21196277 0.22518353 0.22826212 0.19440699 0.20435337 0.21779093 0.22550692 0.14319872 0.17546266 0.18922598 0.26143969 0.18992978 0.24256038 0.11779938 0.18761974 0.14798376 0.12465437 0.21215789 0.23860540 0.16019139 0.13608588 0.12064749 0.10668306 0.14324555 0.16421820 0.16317234 0.21532060 0.20071968 0.23335867 0.12687545 0.21259991 0.17050206 0.22572215 0.19953152 0.20317490 0.15275310 0.05826484 0.14607533 0.21429793 0.14663560 0.25453801 0.22250051 0.16445655 0.05455432 0.04597903 0.32393367 0.19711420 0.11427953 0.19511817 0.22751977 0.06693029 0.16141459 0.09784773 0.33884098 0.22957471 0.23488603 
0.19861029 0.21785411 0.34900493 0.28363640 0.19993391 0.30243598 0.29120708 0.48019327 0.24712343 0.28365923 0.28600203 0.33759018 0.44924104 0.30077068 0.27008384 0.32440646 0.66835808 0.57110921 0.26365471 0.67799960 0.00000000 0.63329758 0.43935241 0.65320017 0.85081527 0.30272698 0.51759798 0.63170602 0.54521306 0.57383555 0.30399893 0.41891821 0.33446525 0.34161068 0.20732515 0.32776795 0.19808295 0.40959623 0.31279474 0.36615862 0.39778863 0.25299724 0.18567326 0.18848723 0.13098617 0.17897593 0.16049020 0.18035396 0.18323431 0.20732385 0.29565581 0.12312873 0.18990917 0.31592084 0.29108701 0.39018232 0.13975745 0.26930068 0.29458232 0.23982971 0.28214486 0.20684592 0.24497153 0.18678896 0.18030488 0.21121207 0.25529106 0.28581453 0.17436218 0.30169679 0.40057221 0.12983536 0.10005676 0.25121985 0.22452905 0.23985430 0.27913472 0.15108057 0.19524400 0.22870022 0.07028663 0.17636331 0.13592041 0.15860103 0.16521877 0.22312443 0.24162203 0.19258261 0.30467721 0.11921435 0.20919001 0.17523281 0.29796101 0.20552703 0.21162195 0.18837260 0.09718429 0.19840938 0.14774579 0.26021405 0.17161087 0.19645567 0.38519282 0.30670175 0.29710820 0.28964099 0.28872712 0.20449009 0.31068633 0.20625173 0.23711910 0.12711581 0.14897789 0.26724951 0.13759763 0.20460516 0.14109961 0.20075193 0.19092885 0.16728721 0.21044324 0.16755302 0.17664640 0.14454173 0.19087791 0.22149083 0.15679536 0.22192867 0.15120032 0.15514710 0.22376909 0.17838406 0.14918987 0.16460973 0.23520352 0.20840101 0.22929496 0.15232433 0.19442764 0.14261025 0.15849072 0.12313717 0.22995147 0.20741427 0.04784822 0.12648051 0.12383298 0.25190150 0.24030324 0.14898035 0.31039801 0.20699526 0.22266911 0.14158437 0.12117786 0.22049738 0.23081684 0.11981138 0.23298750 0.09875534 0.12499377 0.13567910 0.26302228 0.15913427 0.21379829 0.15078281 0.19581634 0.17436148 0.14130189 0.22348177 
