0.00000000 0.11655598 0.10023423 0.09463790 0.10726955 0.09907253 0.08842382 0.09710999 0.09602292 0.10453409 0.08635417 0.08921221 0.09505215 0.09578018 0.10442655 0.10470246 0.08976419 0.10139036 0.09269715 0.08863286 0.09371127 0.09237430 0.09512151 0.09709657 0.08973974 0.09403756 0.09229787 0.09864858 0.08813582 0.09415741 0.08606217 0.09535209 0.10790024 0.08510525 0.09841175 0.09659344 0.10551584 0.08267865 0.09017452 0.11241654 0.08883893 0.09348463 0.09680153 0.08960532 0.08562724 0.08939484 0.10454465 0.11727048 0.10354079 0.09442962 0.09301477 0.09844764 0.09600845 0.09203545 0.09022147 0.09948449 0.09850390 0.10249093 0.10739693 0.10042102 0.10001186 0.10115723 0.10408898 0.09332097 0.10326989 0.10368004 0.09596106 0.09057111 0.08909855 0.09235602 0.09575309 0.11840521 0.08925485 0.11352839 0.09967063 0.09597338 0.09695131 0.09344479 0.09700942 0.11081397 0.09260634 0.09798672 0.10431296 0.11266599 0.08830838 0.09365479 0.10546224 0.08755368 0.09371825 0.09822959 0.10094943 0.09898511 0.09430566 0.08837826 0.09210101 0.09619115 0.09620455 0.08582447 0.09117610 0.09053873 0.11350462 0.09955150 0.10421825 0.10026445 0.08708200 0.09971250 0.09239816 0.09188083 0.08446800 0.08338427 0.10059334 0.08989405 0.09559903 0.09130644 0.09493111 0.09870242 0.10823194 0.10183193 0.10082963 0.11148773 0.09026000 0.09302941 0.08898370 0.08909834 0.09548061 0.09311795 0.09532579 0.08912672 0.09683495 0.09131928 0.09337153 0.09680901 0.08797314 0.08514670 0.10067905 0.09539314 0.09425678 0.09220348 0.09048866 0.09321065 0.09104172 0.09849269 0.09273978 0.09404575 0.08804027 0.08690714 0.09319717 0.10174500 0.10244386 0.09705192 0.10389332 0.10006349 0.09863778 0.09276434 0.09088192 0.10509524 0.09681403 0.09570185 0.09770928 0.10825430 0.09230663 0.09421077 0.09409021 0.09370099 0.11216231 0.09012563 0.09115780 0.07663381 0.08033454 0.09448976 
0.11655598 0.00000000 0.15294743 0.11942306 0.10040768 0.10742553 0.13597303 0.08514449 0.09844938 0.08629922 0.11081052 0.09058666 0.09087162 0.11320418 0.09101572 0.08520156 0.09361660 0.09435562 0.10476981 0.09749952 0.06873501 0.09201307 0.09198236 0.07660864 0.08514560 0.08929143 0.09884002 0.07260844 0.07113036 0.08107905 0.10625425 0.05701622 0.08608014 0.09305383 0.08898465 0.11704805 0.09546103 0.07779530 0.09747431 0.11377460 0.09065222 0.08968882 0.07553051 0.09560053 0.08470171 0.09063848 0.09745036 0.08479174 0.08816198 0.09335329 0.06751377 0.11166129 0.09589820 0.07706065 0.12364312 0.11660289 0.10279668 0.10883001 0.14453223 0.13216295 0.08473336 0.09589774 0.10492198 0.09394690 0.12094997 0.09090163 0.07836750 0.09311127 0.10833483 0.06796272 0.07114026 0.08749207 0.08763635 0.09852979 0.09069376 0.12008507 0.09724084 0.10767183 0.11022211 0.10524508 0.09443268 0.10300447 0.11606073 0.08917706 0.11780879 0.09651875 0.07895070 0.07412158 0.09975282 0.12930583 0.11597716 0.10738563 0.09480814 0.08716922 0.09217473 0.08405051 0.13001887 0.09418469 0.09086814 0.09206638 0.10356340 0.09582467 0.07446768 0.05694219 0.08184829 0.07991705 0.08872908 0.11271084 0.08694563 0.07383496 0.09295463 0.07969896 0.11587404 0.10856581 0.12487084 0.09185425 0.11496439 0.09134116 0.12043073 0.09156251 0.08777902 0.10594976 0.09974969 0.11178244 0.06767419 0.07656163 0.09046759 0.10918267 0.08867280 0.10121389 0.09287510 0.10402489 0.10228184 0.10120187 0.08933846 0.10698776 0.11250301 0.12698190 0.08201094 0.09823271 0.09793563 0.10547244 0.10371350 0.09164535 0.10160892 0.08319814 0.11312447 0.09897499 0.10380036 0.10337508 0.09178872 0.09235721 0.09297966 0.09457772 0.12472017 0.12708879 0.07643886 0.09223694 0.10177268 0.08764571 0.09696302 0.08495886 0.10888466 0.10014810 0.08732445 0.09764277 0.09402477 0.05442342 0.05713772 0.09147191 
0.10023423 0.15294743 0.00000000 0.15423770 0.09030466 0.11737067 0.12240490 0.14496815 0.09658548 0.07834869 0.09829208 0.13075421 0.11579627 0.12789825 0.07436574 0.09589622 0.09824432 0.07819285 0.04937371 0.14627256 0.10755163 0.06272988 0.06416027 0.12522166 0.14761684 0.07488756 0.07944522 0.07177444 0.11659129 0.09982530 0.11725657 0.09524288 0.10660201 0.11442118 0.06928433 0.11459741 0.06036157 0.10823998 0.14536690 0.12251612 0.13135740 0.12070425 0.07676174 0.11899909 0.09458084 0.12156379 0.07341034 0.12406220 0.12602484 0.16315969 0.09677114 0.09044996 0.10661974 0.13066100 0.18948740 0.11552705 0.06932280 0.09956088 0.07711556 0.04830459 0.07467460 0.06224862 0.04964683 0.13048407 0.03870910 0.12847373 0.09290821 0.13820705 0.11779451 0.10699006 0.05481557 0.08225543 0.14930866 0.06369856 0.10745524 0.11469982 0.08085756 0.12455349 0.08508583 0.13117983 0.08646276 0.09518711 0.14559197 0.08273537 0.11226887 0.07753311 0.08971581 0.05178498 0.10803516 0.09180441 0.09470771 0.07757276 0.09102332 0.10590645 0.08669544 0.11379819 0.06160809 0.09870876 0.09839838 0.11634904 0.08127442 0.07960262 0.09092859 0.09485565 0.16385180 0.14284271 0.07945724 0.07443508 0.11964361 0.04691839 0.12875670 0.15004402 0.10157412 0.06286398 0.06990137 0.07276767 0.08276779 0.08053553 0.09446644 0.08701612 0.08701232 0.07400520 0.07112448 0.07492935 0.05746485 0.09419150 0.08256803 0.10848212 0.09686021 0.12388236 0.06919707 0.07465170 0.10900036 0.08922793 0.06620451 0.09741166 0.10498186 0.07986578 0.08841511 0.06643272 0.11062949 0.11860416 0.15331390 0.06768915 0.06582069 0.07322078 0.09617074 0.12978120 0.08397375 0.06899812 0.07560171 0.07306174 0.10179418 0.09825581 0.11672928 0.08150972 0.11328593 0.08307920 0.09191717 0.04815835 0.09316924 0.05263752 0.10176228 0.12006970 0.07658633 0.09064621 0.12600191 0.11053041 0.11490855 0.09324376 
0.09463790 0.11942306 0.15423770 0.00000000 0.18688784 0.22181230 0.14437966 0.10789821 0.09646365 0.09695567 0.09166759 0.12961584 0.15987179 0.09658806 0.06518612 0.07608057 0.07825263 0.14149578 0.09445442 0.08179235 0.10997297 0.08787955 0.10196037 0.11441039 0.13289790 0.06295163 0.16503732 0.05970718 0.12567912 0.05950095 0.06448618 0.10727419 0.06469995 0.16743312 0.07023778 0.07019650 0.06041175 0.10254309 0.08317752 0.11642831 0.07892587 0.12878997 0.08161676 0.08596229 0.14091152 0.12941058 0.15330816 0.14836465 0.08716929 0.05482356 0.09327321 0.13408846 0.10099843 0.12614160 0.08874001 0.11250177 0.08144973 0.06855571 0.10169219 0.08237259 0.07048180 0.08989182 0.12503122 0.09257723 0.08619437 0.08100653 0.11166583 0.08811081 0.10788474 0.08438521 0.07714461 0.05687997 0.11639907 0.04500568 0.13916865 0.08611557 0.13347935 0.12164218 0.10444600 0.04666562 0.18723420 0.07743503 0.10190460 0.10954416 0.12920907 0.10995416 0.09094939 0.08863023 0.12471175 0.11469564 0.10489861 0.05616205 0.06046158 0.14990261 0.10122388 0.09923534 0.09660007 0.02750985 0.09083850 0.10001792 0.06640563 0.06219428 0.11309456 0.09517340 0.09586398 0.07939483 0.11956335 0.09752860 0.06789682 0.08846525 0.12879358 0.07716585 0.09738890 0.10375131 0.09288212 0.09999057 0.07012167 0.04796101 0.10304342 0.11098990 0.13271080 0.07802245 0.11161382 0.09573978 0.13989082 0.05784325 0.05974218 0.12051645 0.08090839 0.08829678 0.11842316 0.07259640 0.08444786 0.08057007 0.07966584 0.05183803 0.07611519 0.07206996 0.06125359 0.07229374 0.15121436 0.04973965 0.08960442 0.12118510 0.06311502 0.09314818 0.06442739 0.09426507 0.09048435 0.09892032 0.04592970 0.14221790 0.11554717 0.05509174 0.10258099 0.05136565 0.14836062 0.06290247 0.04282285 0.07307142 0.13721351 0.07910369 0.08222680 0.13110394 0.10533189 0.09824904 0.17639435 0.12293302 0.09831502 0.09450741 
0.10726955 0.10040768 0.09030466 0.18688784 0.00000000 0.10529762 0.16767556 0.18354295 0.13320306 0.19038696 0.09526419 0.09821076 0.07614230 0.10482970 0.10099492 0.12072079 0.08661046 0.06404378 0.09774883 0.11395590 0.06598187 0.12172784 0.12520601 0.15233748 0.09083552 0.08730783 0.04520535 0.06670452 0.07117413 0.09785098 0.04327957 0.10294279 0.09428524 0.08139549 0.14136010 0.08265937 0.10942309 0.09968167 0.10534466 0.11263439 0.08974408 0.11545778 0.16582568 0.09821382 0.10258624 0.07975394 0.08870551 0.12076125 0.09037623 0.06152000 0.07078734 0.10347759 0.14174884 0.22808045 0.09100255 0.08783028 0.13833841 0.16738532 0.10981620 0.12414500 0.11833461 0.11431386 0.09366140 0.07161764 0.08255502 0.12502420 0.06775891 0.06602826 0.12070276 0.12869478 0.16298173 0.14220006 0.12253122 0.08410896 0.19591493 0.07362418 0.05892803 0.10069593 0.10784923 0.06707408 0.11487466 0.08147049 0.08084247 0.09386454 0.07651670 0.07270796 0.06054323 0.10680827 0.07857552 0.10088709 0.08955042 0.06043012 0.13210010 0.04048499 0.06650222 0.09953500 0.11689313 0.10285336 0.06311077 0.11841509 0.09985581 0.13873282 0.06175747 0.11461153 0.07450316 0.07620589 0.08873903 0.07940126 0.10792435 0.06847141 0.06561314 0.02644040 0.06811072 0.08577660 0.13080296 0.09322678 0.08830156 0.05307178 0.08649773 0.11499056 0.09707400 0.10027189 0.08182912 0.08442689 0.08066602 0.09967734 0.12107670 0.08775867 0.05749789 0.07324021 0.11424729 0.05442728 0.06177039 0.06934331 0.06465970 0.08486368 0.10956683 0.06616529 0.07628543 0.10779873 0.04483317 0.10546353 0.17992540 0.06592565 0.08779796 0.08289545 0.06161817 0.08630323 0.08638129 0.07980793 0.11880942 0.10874638 0.07310834 0.08043119 0.07340173 0.09762380 0.07255441 0.06083458 0.08027933 0.22320489 0.06933967 0.07787151 0.07291285 0.10310327 0.06009537 0.05605987 0.07186762 0.10665659 0.09332726 0.09053098 
0.09907253 0.10742553 0.11737067 0.22181230 0.10529762 0.00000000 0.17770423 0.20874545 0.15333845 0.11123797 0.13972867 0.12635220 0.09033669 0.05210130 0.11011673 0.09228364 0.10489594 0.06923734 0.10807248 0.08804738 0.11680064 0.23287508 0.07451965 0.08858168 0.09092349 0.13322086 0.11852885 0.07677352 0.09077465 0.05613720 0.10603434 0.09905466 0.11963759 0.10789799 0.06743286 0.09854322 0.08514679 0.10196311 0.17404912 0.12257666 0.12683180 0.04268225 0.08546818 0.11756662 0.04450154 0.09943193 0.08654405 0.13097865 0.06237500 0.11902989 0.10828321 0.13958331 0.11178382 0.08625909 0.12650356 0.11159051 0.07593469 0.09834154 0.07263155 0.09128893 0.08836496 0.06882463 0.05188985 0.07054001 0.10668547 0.03885128 0.13244757 0.09378887 0.06770022 0.15115994 0.07560770 0.06725847 0.03050389 0.07465679 0.04721678 0.10829989 0.13951619 0.16604832 0.16063535 0.04452318 0.11885205 0.12201892 0.02011095 0.04745531 0.04208148 0.03325168 0.06808045 0.08953537 0.07522450 0.06671750 0.09318741 0.09750552 0.11877691 0.02364173 0.05977134 0.08339145 0.08668427 0.06456421 0.10043180 0.10633895 0.09434220 0.07537130 0.09817409 0.10554426 0.08300160 0.08949825 0.10451005 0.06575560 0.09154593 0.06584649 0.10536267 0.16858795 0.10463075 0.10897494 0.03443477 0.08323394 0.14057016 0.08698559 0.11928306 0.15539907 0.13998510 0.08461636 0.08029581 0.07196400 0.12093507 0.12535623 0.06228474 0.10553745 0.08786328 0.12287978 0.07651699 0.07705642 0.06322008 0.09359088 0.07919394 0.09781595 0.03339366 0.08621797 0.10633848 0.04532558 0.10791364 0.09531240 0.11389938 0.08478862 0.06868676 0.04219390 0.14648229 0.03664922 0.08505439 0.04846442 0.10397878 0.11159695 0.08052594 0.09558895 0.10028496 0.12255847 0.06355055 0.09690400 0.09426033 0.11845840 0.04659353 0.12347521 0.24886576 0.12579395 0.09781913 0.16714491 0.12579849 0.12934774 0.10275703 0.10832597 
0.08842382 0.13597303 0.12240490 0.14437966 0.16767556 0.17770423 0.00000000 0.12005459 0.10367431 0.13316091 0.06895060 0.09325671 0.06349918 0.05654196 0.08522034 0.10165499 0.07486945 0.11573607 0.10893476 0.14790129 0.10656954 0.14374281 0.05947931 0.14013632 0.10861916 0.07040501 0.12421176 0.06759936 0.09539512 0.07498587 0.10761502 0.12562308 0.15218346 0.06986639 0.13975804 0.07955379 0.10771180 0.11906262 0.17138448 0.09852368 0.23961049 0.12682211 0.11438732 0.08967745 0.10093286 0.08549972 0.07322455 0.09256986 0.07070985 0.04224273 0.05595724 0.11670751 0.06175672 0.10928993 0.11527406 0.08627648 0.12617734 0.09644298 0.15709285 0.11826468 0.09449152 0.11053727 0.12184496 0.13514600 0.08497840 0.08826914 0.17119001 0.13621358 0.15093023 0.15232039 0.07879855 0.15812419 0.08933303 0.14633023 0.08121202 0.16065291 0.17391462 0.10128498 0.21611838 0.04234850 0.09428754 0.09739115 0.08887356 0.05588392 0.07626715 0.11124819 0.15388548 0.04062664 0.08931589 0.06444179 0.04367638 0.05925624 0.08608157 0.05356775 0.05931731 0.02692913 0.13067677 0.15271552 0.10729052 0.10482286 0.22362858 0.05747956 0.02960584 0.07121257 0.14185792 0.11446506 0.07107506 0.08432709 0.10076957 0.13134241 0.08231695 0.06371282 0.10564139 0.07920744 0.11220613 0.07264249 0.08958126 0.07941501 0.10876191 0.14273489 0.11479527 0.05981339 0.10654432 0.10475835 0.07722234 0.03309017 0.08127881 0.08361495 0.05223727 0.10436140 0.06144422 0.06597485 0.03591289 0.05613973 0.06582688 0.06573255 0.01416114 0.08303227 0.06484362 0.09005755 0.06279450 0.05064137 0.05069632 0.03978625 0.07771101 0.05908912 0.08160234 0.07780900 0.10124590 0.13166643 0.08494513 0.05994831 0.10543092 0.06434138 0.12529237 0.06829169 0.04277630 0.05803638 0.10268608 0.13019844 0.04102817 0.08965063 0.14972738 0.06335852 0.04595357 0.08683421 0.14098353 0.14067868 0.12174183 0.09756735 
0.09710999 0.08514449 0.14496815 0.10789821 0.18354295 0.20874545 0.12005459 0.00000000 0.11021718 0.14625944 0.13248673 0.07108283 0.07358502 0.06785113 0.09972287 0.11657030 0.11422850 0.05793517 0.08140577 0.28635426 0.10080211 0.13829232 0.06124393 0.08949293 0.09974283 0.10878442 0.15154009 0.06687596 0.12999584 0.06573028 0.09919595 0.11719064 0.14836445 0.10502006 0.06800311 0.09948832 0.07905948 0.10229222 0.10880186 0.13418318 0.13945505 0.10319869 0.11463267 0.06285594 0.10383827 0.11375595 0.03511989 0.05380812 0.07372815 0.07514377 0.08174556 0.12733480 0.15400573 0.07422223 0.07356035 0.18916486 0.11160159 0.10942741 0.08165069 0.08281479 0.09680684 0.08816745 0.09755051 0.11559203 0.05723622 0.13382433 0.09998413 0.11670331 0.11571369 0.15251275 0.11192786 0.10974601 0.20838044 0.12174986 0.10836561 0.08793091 0.11235232 0.16038715 0.16831926 0.17330600 0.09673885 0.15770448 0.10481433 0.11909474 0.08780705 0.07404192 0.03109309 0.05813236 0.05231852 0.14362083 0.08902164 0.04503365 0.15099125 0.07249538 0.17815615 0.06214235 0.08151169 0.05073827 0.11002674 0.09804045 0.11832581 0.08486220 0.09224367 0.07731259 0.12592033 0.10978404 0.11228789 0.07278571 0.09316125 0.09242651 0.07368483 0.07353820 0.08776717 0.06484591 0.09449362 0.13244593 0.07605936 0.05654329 0.06958850 0.08344247 0.08108416 0.10718821 0.11100084 0.08550973 0.14082979 0.11133703 0.08289524 0.08391419 0.05727097 0.02992757 0.06586095 0.05358620 0.02488195 0.02657195 0.12333747 0.09378707 0.08218983 0.06968254 0.12107522 0.12141329 0.06078467 0.08073056 0.08708228 0.06968648 0.03596915 0.11269555 0.07773992 0.05692610 0.07203317 0.09838977 0.06486408 0.05718765 0.07085865 0.06098951 0.03907986 0.07445106 0.07772525 0.05238655 0.06785985 0.13383340 0.06910451 0.08509699 0.11101415 0.04530584 0.09639423 0.09234766 0.11594704 0.11982700 0.12559529 0.09954140 
0.09602292 0.09844938 0.09658548 0.09646365 0.13320306 0.15333845 0.10367431 0.11021718 0.00000000 0.16584078 0.08148198 0.05429518 0.09293079 0.13557346 0.10455192 0.11536007 0.08389461 0.04228732 0.06306821 0.13179432 0.11397631 0.09110668 0.07486019 0.13223056 0.03055806 0.11995861 0.06210065 0.10815464 0.12315936 0.10880645 0.09906181 0.05167145 0.02175449 0.09289625 0.08267107 0.10617253 0.08127063 0.06284511 0.19355044 0.10339717 0.10135281 0.09445569 0.08681136 0.06120133 0.06741091 0.06795656 0.05499474 0.14895370 0.02384133 0.11581137 0.10308830 0.13511952 0.09999942 0.11367253 0.09530644 0.09543979 0.09220498 0.08016027 0.06652422 0.14172232 0.11863894 0.10234780 0.11449765 0.08623259 0.06023025 0.09106333 0.12574493 0.15248163 0.14496177 0.22238884 0.11547248 0.13712813 0.14492989 0.09897977 0.13504849 0.09551764 0.11719597 0.05646104 0.11269703 0.05368529 0.09397620 0.06365881 0.08739135 0.06335208 0.12039266 0.06099188 0.06466020 0.05975919 0.14159406 0.08893223 0.06265586 0.13288404 0.09094469 0.11898673 0.05976178 0.09781076 0.07124485 0.14941197 0.08376772 0.09513117 0.23900368 0.10326035 0.12700441 0.07306584 0.15891533 0.04451156 0.03990034 0.05967469 0.05516312 0.11192628 0.14982173 0.09982089 0.06905120 0.11627935 0.14960055 0.11852982 0.09597475 0.05793452 0.06633652 0.10688051 0.07095908 0.12399125 0.06291527 0.13558960 0.09362446 0.03283361 0.06037574 0.07344812 0.07431860 0.09357844 0.12962557 0.09425336 0.04647665 0.14792069 0.11949587 0.07981742 0.09194698 0.10084551 0.09607142 0.06894773 0.09818188 0.09148092 0.06012166 0.07094064 0.05405940 0.06682785 0.05854224 0.08201722 0.09345978 0.07421359 0.13777457 0.17434270 0.14257171 0.09093808 0.11495239 0.07683759 0.08460162 0.06152212 0.11873938 0.11846398 0.08293096 0.09442624 0.08940314 0.06918045 0.09554217 0.13767407 0.11606084 0.11663781 0.08260422 0.10570176 
0.10453409 0.08629922 0.07834869 0.09695567 0.19038696 0.11123797 0.13316091 0.14625944 0.16584078 0.00000000 0.13484988 0.12572818 0.10499177 0.12180761 0.22605384 0.20695350 0.17049950 0.11142959 0.11071144 0.10880875 0.10051052 0.08601822 0.09878440 0.08751761 0.08473024 0.09693482 0.10478561 0.09180711 0.08733027 0.09075850 0.06415333 0.06766032 0.07685210 0.07181381 0.09872414 0.12393160 0.09356912 0.10625778 0.09892184 0.10100560 0.09788439 0.08631348 0.09409738 0.09414939 0.07891923 0.10044073 0.08430501 0.08390179 0.09023151 0.09639161 0.07101071 0.10563626 0.10205715 0.10259982 0.08175273 0.10456849 0.10665119 0.14421314 0.11104846 0.10996452 0.13293823 0.09522541 0.09789649 0.10098106 0.10090855 0.10671938 0.10268146 0.08444039 0.08425413 0.08635115 0.09027775 0.10915264 0.10464830 0.09670084 0.10195811 0.11223093 0.10241969 0.10165574 0.07594106 0.09095879 0.07057430 0.10975308 0.09219323 0.09656204 0.08899918 0.08347988 0.08231460 0.10148999 0.09925667 0.08937799 0.07765956 0.08426393 0.05996660 0.08056240 0.06513928 0.06602985 0.10999659 0.08189224 0.08866389 0.09789289 0.06012973 0.08397990 0.06477801 0.09949142 0.08184768 0.07167556 0.08878652 0.09498256 0.08436030 0.09920155 0.06049059 0.07330951 0.09494151 0.09790634 0.10704317 0.09319924 0.10274919 0.07359887 0.15694419 0.08359469 0.10239119 0.09819484 0.10348256 0.08629165 0.08743371 0.09799518 0.08455417 0.07913843 0.08924427 0.07422316 0.09956196 0.09299388 0.09124208 0.10165722 0.10435754 0.07662166 0.09365452 0.08678178 0.08507090 0.07506521 0.06868966 0.09817325 0.08721986 0.08082156 0.09629236 0.07388444 0.09274783 0.09375308 0.15605082 0.08936025 0.07759792 0.10778987 0.11977813 0.11852104 0.09747492 0.08923598 0.06639173 0.07596652 0.07391499 0.09251633 0.07060628 0.09662556 0.07169197 0.09890646 0.07361613 0.07026733 0.07157317 0.08318111 0.07239811 0.09421752 
0.08635417 0.11081052 0.09829208 0.09166759 0.09526419 0.13972867 0.06895060 0.13248673 0.08148198 0.13484988 0.00000000 0.16189410 0.12586618 0.16910380 0.09678894 0.10753662 0.11443524 0.10003192 0.10449404 0.09499900 0.09234475 0.12753016 0.13043887 0.09760551 0.09472670 0.15502487 0.10715308 0.07755004 0.08675341 0.11907236 0.17705242 0.08330849 0.11470993 0.13894596 0.07140242 0.07272515 0.11719167 0.08209976 0.13199335 0.07972608 0.09726430 0.05102201 0.03399518 0.09944207 0.06740455 0.11194290 0.07334848 0.06262196 0.09860060 0.07269556 0.05855976 0.12093410 0.09310866 0.09185359 0.11012581 0.13745133 0.09943886 0.07791217 0.12614647 0.13378629 0.08910293 0.11698952 0.10626537 0.07862416 0.09401278 0.09267808 0.06918348 0.08697119 0.09393871 0.02957588 0.05669263 0.06645329 0.06148819 0.05682376 0.07914958 0.13827730 0.08040088 0.06471158 0.11047994 0.07616798 0.10397293 0.10880819 0.07687237 0.06972723 0.12240649 0.09575387 0.19456947 0.05770467 0.08614313 0.14079206 0.08830215 0.11573663 0.65381567 0.14108675 0.12991888 0.18466945 0.13603725 0.10745547 0.10744954 0.09962697 0.08241982 0.10482355 0.12283689 0.13063806 0.14043762 0.11207614 0.03260149 0.07710896 0.11174686 0.07673326 0.09001724 0.03758607 0.06417424 0.07857892 0.13283185 0.08965872 0.08215969 0.08258615 0.09871827 0.05598123 0.05828160 0.08081412 0.12019556 0.08935130 0.07972245 0.10470144 0.05667592 0.07434115 0.10214464 0.11442903 0.05528463 0.09645521 0.06223705 0.09457504 0.10091742 0.08768921 0.05977358 0.07081396 0.08606658 0.04305194 0.06544534 0.12624597 0.06966491 0.07713295 0.07411714 0.10334390 0.09100664 0.06712861 0.13151846 0.07102013 0.10189689 0.07184376 0.05174835 0.06482775 0.09773084 0.08998738 0.11390491 0.05403572 0.07451808 0.13068862 0.05409905 0.08444728 0.06734699 0.08114007 0.02501841 0.09951627 0.11919587 0.07173946 0.07537266 0.10011478 
0.08921221 0.09058666 0.13075421 0.12961584 0.09821076 0.12635220 0.09325671 0.07108283 0.05429518 0.12572818 0.16189410 0.00000000 0.14898728 0.19221664 0.08692902 0.10964496 0.06705125 0.13540220 0.09466340 0.10982937 0.12157644 0.07982558 0.09157574 0.13057191 0.06338609 0.13212021 0.07315089 0.10197812 0.12340174 0.06376231 0.09340029 0.15733117 0.12061841 0.10406854 0.08202478 0.13337001 0.12780144 0.13198299 0.08322282 0.11596951 0.07727026 0.10952209 0.07117984 0.09361196 0.10381881 0.10873941 0.03967387 0.09295295 0.05757223 0.05991915 0.07295504 0.07234021 0.12168014 0.12235867 0.14422061 0.10987825 0.08901748 0.08035013 0.11061666 0.10554093 0.10252768 0.16740258 0.11224065 0.12522835 0.15145455 0.15054883 0.13306004 0.12827419 0.16258852 0.14126587 0.10093397 0.07587943 0.11592471 0.08292711 0.10906074 0.12407935 0.15427663 0.13183610 0.06669349 0.09177770 0.11117944 0.05764307 0.07563266 0.09545705 0.08449155 0.08226150 0.06797693 0.08294909 0.09887840 0.08629173 0.07338315 0.06643470 0.10550370 0.16130080 0.07759908 0.09921784 0.15584408 0.05332689 0.14538818 0.10314279 0.04949744 0.06906447 0.08039744 0.10516724 0.17030260 0.11749146 0.12512454 0.10309919 0.11878968 0.08506049 0.12360918 0.10499380 0.15552065 0.07723381 0.09608063 0.13297992 0.06814717 0.13083879 0.09198716 0.06340517 0.06651005 0.08227391 0.08699591 0.09152235 0.09780578 0.08699564 0.05600700 0.06154362 0.10353110 0.05080020 0.08817477 0.13390946 0.00554688 0.09478022 0.06623037 0.06240447 0.10725780 0.07972393 0.05667745 0.09882932 0.14212866 0.07555969 0.07429501 0.10398821 0.06730344 0.02099183 0.09181773 0.11817534 0.09888370 0.07658067 0.12181388 0.07966658 0.11472771 0.08603061 0.04553761 0.09059327 0.06937425 0.10810393 0.08421598 0.04373759 0.10200144 0.08272767 0.08571714 0.07384654 0.03112926 0.09450326 0.03586535 0.08633367 0.09828361 0.11126167 
0.09505215 0.09087162 0.11579627 0.15987179 0.07614230 0.09033669 0.06349918 0.07358502 0.09293079 0.10499177 0.12586618 0.14898728 0.00000000 0.12876173 0.10513621 0.08409563 0.11113633 0.12515419 0.07876682 0.07143852 0.09029200 0.10584713 0.12749462 0.12360453 0.10733626 0.06776674 0.10191700 0.07749504 0.10679976 0.08432810 0.10589763 0.10721054 0.06699346 0.14872381 0.08306077 0.15006181 0.14876817 0.09643519 0.08217877 0.07080804 0.10262364 0.11935516 0.14946091 0.10473889 0.09644825 0.12241837 0.09548082 0.08652050 0.09518993 0.06494450 0.05681133 0.10272979 0.06304500 0.02488608 0.14502520 0.07594494 0.11493218 0.08491318 0.11646399 0.09267930 0.08511477 0.08480314 0.09877808 0.10718108 0.06488039 0.08817105 0.17404586 0.15538106 0.13407461 0.04257146 0.07709133 0.09091392 0.10757934 0.06178887 0.06067771 0.16832788 0.13619792 0.08321361 0.12689406 0.08002321 0.06520953 0.07944742 0.04353463 0.07498822 0.11104113 0.08657014 0.14175020 0.09015745 0.11375222 0.13395124 0.08160450 0.11611640 0.11098877 0.12677420 0.08906553 0.05511248 0.06739614 0.08286220 0.23042487 0.08256082 0.11237312 0.06683282 0.07026300 0.14342863 0.10932886 0.18325291 0.14802775 0.08766158 0.14618997 0.06459897 0.08440572 0.08059528 0.13384155 0.11250622 0.16052690 0.08816869 0.11427660 0.10438481 0.08777257 0.11925122 0.13854798 0.08204486 0.09961893 0.07158521 0.10669783 0.08922311 0.05912790 0.03977346 0.06114374 0.07172594 0.04584700 0.09276784 0.08911413 0.06219290 0.10384470 0.10175251 0.04365907 0.07004943 0.13516952 0.10170240 0.06762526 0.07006128 0.07725760 0.06941675 0.10676845 0.15255316 0.11363122 0.07805449 0.08639909 0.14793140 0.03092501 0.06841312 0.11280999 0.08636955 0.08385233 0.06225290 0.09720509 0.15812735 0.09345535 0.10834278 0.04521012 0.07912033 0.11106532 0.07664216 0.08583336 0.12912169 0.08991942 0.08042417 0.08513814 0.08714352 
0.09578018 0.11320418 0.12789825 0.09658806 0.10482970 0.05210130 0.05654196 0.06785113 0.13557346 0.12180761 0.16910380 0.19221664 0.12876173 0.00000000 0.19278573 0.19228842 0.11029215 0.11493733 0.10696414 0.07450750 0.06556863 0.10262354 0.15166195 0.12829695 0.08390112 0.07564273 0.08052287 0.11678477 0.13537752 0.07272261 0.08983092 0.07124618 0.10176917 0.08235495 0.11931964 0.08200232 0.09167028 0.10178773 0.12768145 0.09224836 0.10039930 0.10693185 0.10216135 0.08350971 0.06321834 0.07947699 0.09976470 0.15546429 0.08384755 0.14913596 0.03432798 0.06821232 0.06331614 0.07223123 0.10152432 0.13665842 0.09616593 0.11278625 0.09688587 0.16179045 0.09991709 0.08432183 0.10768388 0.11604008 0.13448766 0.12141662 0.09706690 0.10976877 0.13183440 0.05335398 0.09475075 0.08345585 0.11376155 0.10452549 0.10127008 0.06208232 0.07550260 0.09899775 0.06118852 0.09949669 0.09619531 0.06749084 0.08252984 0.12808590 0.10716064 0.06998143 0.09759488 0.11207855 0.08592946 0.13129605 0.14043140 0.04674789 0.09561478 0.09131300 0.05720959 0.08878678 0.11168018 0.10694795 0.11921047 0.05698734 0.12856986 0.08813553 0.06354046 0.15072350 0.08156664 0.09143739 0.11195847 0.07798809 0.12687872 0.06600578 0.10545454 0.03366212 0.06870968 0.09034370 0.07771071 0.16698525 0.13248201 0.06433738 0.10552944 0.10992419 0.08597771 0.06293900 0.09277617 0.09573448 0.14565770 0.09756229 0.08470859 0.06416256 0.08347445 0.09236901 0.06418926 0.07847508 0.11292940 0.11313113 0.10205032 0.07578202 0.05298256 0.13618157 0.10828647 0.10065086 0.11451511 0.07644204 0.08701133 0.09669156 0.06305410 0.04834578 0.07061370 0.12898761 0.12660609 0.12102648 0.09596430 0.08009084 0.05684248 0.07421485 0.06737949 0.06238847 0.11897610 0.06935160 0.09444706 0.08333818 0.08787137 0.08122973 0.07781880 0.08527860 0.06919807 0.09508138 0.05457177 0.08055546 0.08255351 0.08986708 
0.10442655 0.09101572 0.07436574 0.06518612 0.10099492 0.11011673 0.08522034 0.09972287 0.10455192 0.22605384 0.09678894 0.08692902 0.10513621 0.19278573 0.00000000 0.23810093 0.19658224 0.14907052 0.14706614 0.11361174 0.09109370 0.11774450 0.11734261 0.10034302 0.07430321 0.10500644 0.08377596 0.10876454 0.07332666 0.08387386 0.06887657 0.07208427 0.06855449 0.11167996 0.16797551 0.07906402 0.11928934 0.11365217 0.08931752 0.09665419 0.10356571 0.08284561 0.08505603 0.08320894 0.08800667 0.08638689 0.07171897 0.07291883 0.08934870 0.07182722 0.08471367 0.09549622 0.09307910 0.10505064 0.09690867 0.08762262 0.10306065 0.13117427 0.11008230 0.11896223 0.10159601 0.09314616 0.10148438 0.10419515 0.09393883 0.09541010 0.10186285 0.08800767 0.09889083 0.08713797 0.08841363 0.08111915 0.11832149 0.11228514 0.08162441 0.09388209 0.07621663 0.10227117 0.08063904 0.08965118 0.09515697 0.10556493 0.11657612 0.09356640 0.10145660 0.09254631 0.09987378 0.07471548 0.07774880 0.11794567 0.08922227 0.09199121 0.08261461 0.08947439 0.07290560 0.07544271 0.11716078 0.09285655 0.07743570 0.08298742 0.07632150 0.06959260 0.08201441 0.07332757 0.11227536 0.07024405 0.08939270 0.07995429 0.09745154 0.08872442 0.08440086 0.08585513 0.07985386 0.08327313 0.09102247 0.10891847 0.15398060 0.08337038 0.15360485 0.08357357 0.09872382 0.08843986 0.09516531 0.07923167 0.06302180 0.07246248 0.09580939 0.06944467 0.09731052 0.07115461 0.07699864 0.07677014 0.08429474 0.10381040 0.08856561 0.07306647 0.09383674 0.11886268 0.08180473 0.07728937 0.07952310 0.07873127 0.09129061 0.07528037 0.08949835 0.09231786 0.09531320 0.10020754 0.15124223 0.10378321 0.09203112 0.11539438 0.10302406 0.10014943 0.09354491 0.11089871 0.07494917 0.09174690 0.08479513 0.10060308 0.07845664 0.09190358 0.07075907 0.09060433 0.09217991 0.06498784 0.07613905 0.10317738 0.09004932 0.09592135 
0.10470246 0.08520156 0.09589622 0.07608057 0.12072079 0.09228364 0.10165499 0.11657030 0.11536007 0.20695350 0.10753662 0.10964496 0.08409563 0.19228842 0.23810093 0.00000000 0.23961587 0.14872022 0.13294670 0.13449600 0.10331342 0.14189175 0.10687300 0.08320864 0.08259676 0.12083982 0.09005098 0.15566444 0.06707080 0.08708227 0.07313894 0.09062498 0.07450302 0.10448732 0.20479052 0.10660640 0.13287810 0.11306708 0.09438643 0.09993147 0.08617436 0.08975012 0.11285099 0.08777438 0.07116890 0.06933569 0.07210982 0.07792621 0.07745732 0.07787964 0.08416573 0.10698653 0.08761170 0.10229733 0.10678490 0.09974547 0.12406387 0.11585597 0.11702355 0.10931376 0.10430386 0.10064529 0.09396297 0.10268913 0.09881865 0.09938812 0.11757748 0.08763645 0.09440034 0.08367577 0.08347583 0.08106601 0.08763382 0.09301059 0.07383233 0.08122123 0.09796668 0.10162067 0.07909303 0.07965644 0.10220436 0.09191988 0.10668297 0.09143226 0.09384679 0.08746366 0.09244876 0.09702792 0.08017757 0.09796889 0.10549559 0.08248216 0.08971559 0.07338759 0.08133088 0.06364841 0.10535102 0.09516965 0.10426591 0.08024090 0.07075648 0.08949942 0.07506805 0.09208663 0.09268503 0.08250927 0.08029263 0.06556524 0.08295259 0.09428194 0.07150525 0.09051168 0.08510877 0.08280341 0.08381225 0.09629846 0.10043713 0.08585938 0.10043959 0.07935227 0.09563794 0.08752963 0.07855413 0.08410506 0.08157849 0.09583369 0.08610398 0.07020070 0.11435191 0.08941742 0.08319640 0.08755018 0.10592605 0.09615132 0.08218408 0.07511875 0.09969599 0.09719044 0.07569893 0.07841248 0.09313328 0.08302485 0.08955010 0.07198744 0.08214106 0.08587044 0.08655628 0.09212495 0.10294079 0.09058771 0.07833877 0.10834741 0.10722247 0.08252819 0.08983289 0.09355265 0.08188932 0.09441577 0.09640295 0.10454436 0.08441268 0.09905500 0.06782318 0.07515984 0.07586405 0.07733817 0.07179889 0.08547903 0.06836790 0.09613254 
0.08976419 0.09361660 0.09824432 0.07825263 0.08661046 0.10489594 0.07486945 0.11422850 0.08389461 0.17049950 0.11443524 0.06705125 0.11113633 0.11029215 0.19658224 0.23961587 0.00000000 0.12689101 0.16700306 0.15732858 0.23218732 0.10299974 0.03741956 0.11438760 0.12314221 0.21185328 0.08997883 0.14105987 0.13283747 0.08332727 0.11745148 0.17397486 0.15003423 0.16255239 0.19918199 0.17544565 0.10040826 0.10944488 0.03222616 0.09363661 0.16229803 0.08577981 0.18759863 0.08840318 0.08863924 0.05566729 0.11849656 0.06945480 0.05539145 0.01821002 0.16161805 0.09658196 0.05642078 0.11510487 0.14405440 0.06988445 0.10318886 0.11201416 0.09519671 0.08304960 0.09275889 0.13090399 0.13228475 0.16033237 0.06034269 0.05430036 0.09440040 0.07206118 0.09000079 0.11073594 0.11719558 0.08568198 0.16948798 0.09186697 0.08449744 0.03600894 0.11321987 0.07207769 0.08161956 0.08098103 0.03727784 0.14695392 0.08311821 0.09210610 0.08125567 0.09071926 0.01454334 0.08152583 0.08171995 0.12081223 0.06993606 0.08740219 0.08480264 0.07668225 0.14088371 0.13721767 0.07871416 0.07890809 0.03702440 0.14350278 0.03433697 0.04362611 0.01588061 0.11976480 0.09063626 0.08923682 0.16883691 0.06996843 0.12544784 0.08193628 0.07119723 0.05885248 0.04823362 0.05944174 0.05181176 0.08331508 0.11786022 0.10124555 0.10770494 0.07294976 0.02801471 0.11411292 0.08669847 0.09284795 0.12231815 0.04264605 0.10458978 0.04942691 0.06015783 0.05511707 0.12751819 0.04915339 0.07527190 0.08732900 0.12482868 0.00556778 0.06736884 0.13634783 0.04015300 0.08441281 0.07765635 0.09198538 0.06085752 0.09737807 0.07454553 0.11709762 0.09454922 0.10074208 0.09374307 0.13540861 0.07713074 0.14000650 0.09795235 0.08477685 0.08641123 0.12071015 0.10902479 0.09062363 0.09768927 0.11456326 0.05918268 0.10753218 0.05046830 0.11267752 0.04044427 0.01246287 0.07287076 0.10550844 0.04661227 0.10200760 
0.10139036 0.09435562 0.07819285 0.14149578 0.06404378 0.06923734 0.11573607 0.05793517 0.04228732 0.11142959 0.10003192 0.13540220 0.12515419 0.11493733 0.14907052 0.14872022 0.12689101 0.00000000 0.14526816 0.15612435 0.10239233 0.10054897 0.12000365 0.08495927 0.11866933 0.05229029 0.16454972 0.15590645 0.12720668 0.10373308 0.04699580 0.15401314 0.18451288 0.10166768 0.13567305 0.11041373 0.11474881 0.10924792 0.08044032 0.07431039 0.14801053 0.04833738 0.08797011 0.08838920 0.07613840 0.06797002 0.06450933 0.09459210 0.07366261 0.05126893 0.04217440 0.06914019 0.06786178 0.12156467 0.06772540 0.08384643 0.09420416 0.09206539 0.06975689 0.10554625 0.10354289 0.07829362 0.13262416 0.10180413 0.09363738 0.10950765 0.10694651 0.06503958 0.15609996 0.14471802 0.10393309 0.11194596 0.09702210 0.11583750 0.05659687 0.09774638 0.13027809 0.09352798 0.14890550 0.06365085 0.06033365 0.10539564 0.13527712 0.07792513 0.07706272 0.11668876 0.06790879 0.08205523 0.05909653 0.08755979 0.14842962 0.10758050 0.20594235 0.03157769 0.13800359 0.10656785 0.10404841 0.04128524 0.10873821 0.09374886 0.14331763 0.12089939 0.08997627 0.11186188 0.13187052 0.14524291 0.08490752 0.04501295 0.15064716 0.08120581 0.06617259 0.05195038 0.05731723 0.03590946 0.06464989 0.09787899 0.10955388 0.10567922 0.11820321 0.14460934 0.08826401 0.09828863 0.05881432 0.08199526 0.15186432 0.11985588 0.10995639 0.01811356 0.07953835 0.03031501 0.06018978 0.10211250 0.17332781 0.06833234 0.08991331 0.15688728 0.12135568 0.08030825 0.06833171 0.08248166 0.07895052 0.02671456 0.04651038 0.10167002 0.08551961 0.10693956 0.13872662 0.05310336 0.11351909 0.09623489 0.09006079 0.11059817 0.06748153 0.09445000 0.06762685 0.05363777 0.08397555 0.04244260 0.12318160 0.08203568 0.08507191 0.12768077 0.14071923 0.14035031 0.03799551 0.00850662 0.18135364 0.10461635 0.08659187 0.10399444 
0.09269715 0.10476981 0.04937371 0.09445442 0.09774883 0.10807248 0.10893476 0.08140577 0.06306821 0.11071144 0.10449404 0.09466340 0.07876682 0.10696414 0.14706614 0.13294670 0.16700306 0.14526816 0.00000000 0.10963040 0.17754638 0.08900365 0.13353902 0.10583283 0.12139783 0.07914299 0.09037163 0.09808170 0.15375540 0.08776534 0.10983166 0.07403454 0.04516991 0.14354566 0.13072654 0.11781910 0.07433933 0.06218854 0.05439510 0.09976730 0.09221500 0.12658020 0.06562559 0.05552394 0.09127649 0.10230924 0.10706825 0.07137835 0.07834114 0.11359317 0.09861294 0.07272414 0.08950093 0.07512756 0.05619503 0.12855984 0.09288892 0.10319983 0.08176197 0.05199249 0.06808652 0.07409073 0.10260749 0.07454420 0.02758738 0.06449757 0.05740254 0.08766682 0.12215673 0.08541613 0.05491227 0.05716619 0.05025974 0.09922427 0.11491597 0.07684855 0.05885225 0.11305002 0.07788866 0.09354355 0.09553385 0.35579248 0.08982641 0.06766450 0.05320703 0.06439513 0.11866326 0.05714371 0.03642053 0.16938265 0.11070090 0.07219574 0.09727536 0.12123598 0.11343192 0.08189486 0.08714307 0.08591725 0.08449183 0.14690002 0.06236976 0.08130581 0.03636634 0.07231365 0.06842211 0.13106935 0.13178698 0.09171125 0.11232194 0.07827809 0.05097838 0.06518201 0.15759493 0.13045810 0.08058516 0.12388753 0.09368825 0.08795302 0.07192617 0.10899033 0.10507791 0.12092624 0.09073318 0.11021067 0.08027655 0.05860733 0.02065262 0.07764569 0.07402289 0.06432643 0.09467353 0.08274655 0.07653619 0.03087846 0.17439962 0.05810908 0.09225267 0.07819026 0.09238578 0.09992709 0.06665365 0.08439076 0.06762564 0.08410098 0.05874324 0.02339395 0.06339130 0.17966094 0.07330963 0.16400392 0.07185469 0.04272467 0.09476966 0.13935967 0.08347120 0.70473670 0.07850238 0.06616688 0.11272710 0.14707653 0.13225138 0.07985430 0.07106844 0.03575815 0.11728842 0.11128357 0.14066482 0.10641921 0.15090110 0.10607668 
0.08863286 0.09749952 0.14627256 0.08179235 0.11395590 0.08804738 0.14790129 0.28635426 0.13179432 0.10880875 0.09499900 0.10982937 0.07143852 0.07450750 0.11361174 0.13449600 0.15732858 0.15612435 0.10963040 0.00000000 0.20204769 0.07398538 0.08603912 0.11501981 0.16374058 0.10263431 0.12230249 0.07813189 0.07425113 0.07321875 0.13365324 0.13636415 0.11059847 0.12039466 0.08557614 0.07914015 0.10369885 0.18516054 0.14560687 0.16482861 0.17402080 0.12857510 0.09157878 0.09204554 0.05554967 0.09320886 0.08079906 0.10126660 0.08100235 0.13572803 0.07440874 0.06466661 0.11145976 0.10729577 0.11308287 0.07300504 0.08068280 0.08954009 0.10069635 0.09080425 0.12178498 0.11773084 0.06302825 0.12045456 0.07394878 0.13778117 0.06436993 0.14346209 0.15679561 0.09369657 0.14945763 0.11952729 0.09195367 0.12496130 0.06299781 0.10232689 0.08441303 0.16890068 0.09817503 0.06081015 0.08634009 0.07696160 0.05207951 0.07684526 0.10979005 0.04732484 0.04873980 0.08429661 0.07578151 0.08879910 0.02217164 0.08219795 0.08480782 0.11791342 0.11031999 0.06337749 0.08954249 0.14597775 0.13832740 0.09326504 0.06671901 0.11236249 0.13312171 0.09283489 0.08239423 0.10280135 0.13027559 0.15379605 0.11481401 0.09161997 0.07164209 0.13742638 0.10949635 0.05688001 0.13043050 0.11568604 0.08756736 0.08418107 0.08047531 0.08372670 0.09531597 0.08107489 0.09992627 0.11388136 0.07684736 0.07181027 0.08698460 0.07280899 0.08757371 0.06733180 0.08095128 0.02507750 0.06490141 0.11398192 0.13526362 0.09989289 0.04393169 0.06431432 0.04935039 0.11344334 0.07345112 0.08913182 0.08565095 0.09922316 0.05998510 0.07968487 0.10819197 0.09786110 0.08320363 0.14904032 0.04855253 0.03933469 0.05532266 0.07124376 0.08261794 0.06189545 0.05132799 0.12235254 0.04874997 0.10231312 0.09220919 0.03951908 0.07578847 0.06194818 0.08719443 0.06762354 0.10428569 0.06194084 0.07725768 0.07725221 
0.09371127 0.06873501 0.10755163 0.10997297 0.06598187 0.11680064 0.10656954 0.10080211 0.11397631 0.10051052 0.09234475 0.12157644 0.09029200 0.06556863 0.09109370 0.10331342 0.23218732 0.10239233 0.17754638 0.20204769 0.00000000 0.08347473 0.08377796 0.12901855 0.19649534 0.09685140 0.13278846 0.09808967 0.15567484 0.09594252 0.12648090 0.13979624 0.17588976 0.18454978 0.11957098 0.13492852 0.06396596 0.10726574 0.09175004 0.09132295 0.14549545 0.13190644 0.11767028 0.10754432 0.10876854 0.06814436 0.07926490 0.07046451 0.05065281 0.10219553 0.11409134 0.10276282 0.08732321 0.08464655 0.09792986 0.09511720 0.06384154 0.09270591 0.09698109 0.06815189 0.07341518 0.07772021 0.09518791 0.09733666 0.07884984 0.11984586 0.12729757 0.16643878 0.12130016 0.15002147 0.07263263 0.04989060 0.06744567 0.11759729 0.07643363 0.12540755 0.06243390 0.09370694 0.10166672 0.08926030 0.13566686 0.10480150 0.08129063 0.06766292 0.04652828 0.03701097 0.07885996 0.09470953 0.08637797 0.07356229 0.06397628 0.08306591 0.09168915 0.15107050 0.10856367 0.06058886 0.07408790 0.11246733 0.13489829 0.08087260 0.07402502 0.09898776 0.09031952 0.12467784 0.11382531 0.13105531 0.10210590 0.16353027 0.08586041 0.07931068 0.16581259 0.04009206 0.08347636 0.11051494 0.07901706 0.12667401 0.08015502 0.10068680 0.08268878 0.08834020 0.04729446 0.09557151 0.07187614 0.08691683 0.07853912 0.09809965 0.07322788 0.08058286 0.10705855 0.08555798 0.06827166 0.08669499 0.10448243 0.07753031 0.10251940 0.14919140 0.10564982 0.05005721 0.08426603 0.11611813 0.07262018 0.13075518 0.07861590 0.09019461 0.05275139 0.09975971 0.04101311 0.14260590 0.10194265 0.10795170 0.14710185 0.07523761 0.10154252 0.11161550 0.07800695 0.10607723 0.10228324 0.07356266 0.05718074 0.08687700 0.09889484 0.11962826 0.09449123 0.10076921 0.07895238 0.06231875 0.06646840 0.07741391 0.07119704 0.08512667 
