0.00000000 0.34212049 0.35821187 0.33757723 0.34747332 0.31984511 0.30361145 0.29423258 0.28777137 0.26955117 0.24062878 0.23021442 0.23306326 0.21830709 0.21247440 0.25322489 0.19510087 0.23898203 0.22626272 0.21106341 0.23162683 0.19888754 0.20130871 0.22120421 0.22745024 0.21854124 0.23827753 0.22246067 0.24636581 0.23300824 0.24344786 0.23848882 0.22734773 0.21211822 0.21040562 0.21501442 0.23936098 0.24524580 0.22019288 0.23905687 0.25306013 0.25061649 0.21472287 0.24108334 0.23041012 0.23781625 0.20067129 0.20722833 0.21912715 0.21782982 0.24908884 0.19064863 0.25443206 0.20570884 0.26161092 0.22855007 0.23318621 0.20020934 0.21640866 0.21583027 0.23261252 0.21276070 0.23924521 0.22054807 0.20211958 0.25609932 0.23516309 0.24562225 0.25225097 0.24233131 0.19841333 0.19089700 0.20600735 0.20391971 0.22098763 0.20367790 0.22839213 0.26257210 0.22756813 0.20288107 0.22086978 0.23208870 0.18955060 0.19349157 0.20644252 0.18881512 0.18709996 0.20351036 0.23136684 0.19047660 0.18927838 0.20043351 0.18777394 0.23506299 0.21592945 0.20132645 0.21952202 0.22154641 0.19652902 0.18870324 0.18635932 0.19564403 0.22555290 0.20032583 0.19091149 0.19452134 0.19677485 0.18219360 0.25246568 0.22312992 0.22139465 0.20698621 0.19464869 0.20746717 0.20444094 0.21240995 0.20235489 0.20899066 0.20394746 0.21226660 0.20111844 0.21853337 0.22945239 0.21007116 0.21748824 0.22215645 0.20232165 0.19274488 0.18964718 0.20782461 0.18469966 0.19481589 0.22414972 0.18238009 0.18739195 0.18669770 0.19665386 0.19662689 0.19865698 0.19248856 0.19672393 0.19311999 0.19835916 0.19246027 0.18494069 0.18273700 0.20468988 0.18626353 0.18302279 0.20678234 0.18349019 0.22629779 0.21294757 0.23611218 0.20006324 0.21812338 0.22968245 0.25618881 0.19836311 0.19930152 0.22403884 0.21803021 0.21454165 0.20412395 0.21451246 0.20901273 0.23615054 0.22266683 0.19850076 0.19547741 0.22481052 0.22501665 0.21642792 0.19005681 0.19557143 0.19465610 
0.34212049 0.00000000 0.43039047 0.35850380 0.38694032 0.38712000 0.32717421 0.31159385 0.32086166 0.29611930 0.28684638 0.25041153 0.24437435 0.21441282 0.23271128 0.25397298 0.22747865 0.21570722 0.23911822 0.19630325 0.21997522 0.17396840 0.16611806 0.22358095 0.21909084 0.20970472 0.22516578 0.17628811 0.22414195 0.24431806 0.20978804 0.23920171 0.22282304 0.20174627 0.22693568 0.19963674 0.19223104 0.15788055 0.20365856 0.20203708 0.22380507 0.20885698 0.21476209 0.18458602 0.20397134 0.23319379 0.21528819 0.20629831 0.20327609 0.24870383 0.25373877 0.20588661 0.22056297 0.20189398 0.24468989 0.21223885 0.21231898 0.17967760 0.21562037 0.16701079 0.18747763 0.20640996 0.20679097 0.19582817 0.20294584 0.20412929 0.19802712 0.23245176 0.22690565 0.20787538 0.21896413 0.20695773 0.25014864 0.19151871 0.20754671 0.17105760 0.26284843 0.23267499 0.20466687 0.22276805 0.18928638 0.25546824 0.22591367 0.22870674 0.23095377 0.23124521 0.19369932 0.20445268 0.20347354 0.22077186 0.22276394 0.20464408 0.22111588 0.24388087 0.20504902 0.20401202 0.19565903 0.21405531 0.20757144 0.19467787 0.19775655 0.18982984 0.18542645 0.23120331 0.21559916 0.18957700 0.19886414 0.21999875 0.26453134 0.18198493 0.25013186 0.19427012 0.16751096 0.22288010 0.18861549 0.20809889 0.21579433 0.18081754 0.21910405 0.20747677 0.19480856 0.20073837 0.20962080 0.20153341 0.19250641 0.19314194 0.20396095 0.18269334 0.19010994 0.21989446 0.20379980 0.21247213 0.20244667 0.19981704 0.19584266 0.20265063 0.21301433 0.20552712 0.22126277 0.21595960 0.21244310 0.20614421 0.19521061 0.22360925 0.20097047 0.20665868 0.18863839 0.18507370 0.15685836 0.19971962 0.18088411 0.22634843 0.21600390 0.22034245 0.23655326 0.22680680 0.21156357 0.30236399 0.22320928 0.20476996 0.18990179 0.19431728 0.19368335 0.24846696 0.20420681 0.21640196 0.24003150 0.22526984 0.20621851 0.17533936 0.28284601 0.21855363 0.21631980 0.21440220 0.25587730 0.26716500 
0.35821187 0.43039047 0.00000000 0.39123053 0.39952251 0.39244382 0.35239780 0.33984064 0.32718609 0.31071611 0.28921508 0.23856828 0.24219523 0.21284117 0.22591435 0.21484691 0.21317666 0.25120777 0.24767719 0.20343759 0.18700828 0.16778294 0.17020684 0.24777544 0.21465228 0.20872967 0.22969496 0.17533224 0.22469355 0.25491751 0.23096321 0.20871417 0.21022704 0.25882342 0.22228691 0.20045726 0.18706616 0.17248993 0.21362970 0.20573538 0.21076210 0.23933205 0.19017984 0.21699343 0.22418507 0.23438286 0.18805066 0.19386790 0.22065074 0.25597198 0.22291881 0.21676680 0.21356580 0.19767199 0.27630590 0.24290474 0.19470781 0.17923784 0.19470034 0.18038262 0.20080889 0.20408719 0.20229679 0.19400999 0.19267745 0.22165835 0.20646277 0.24612045 0.23098416 0.21669059 0.20425212 0.18093080 0.22075166 0.22258579 0.23555517 0.19961601 0.28107691 0.25483433 0.20667402 0.21441877 0.23497949 0.24137906 0.22522921 0.19460188 0.21036435 0.21290753 0.19859189 0.18303411 0.20120402 0.22881709 0.20486197 0.21070140 0.22463156 0.22539871 0.21302093 0.20960985 0.19524745 0.21071672 0.19884096 0.19840335 0.20753319 0.17342011 0.17721356 0.21641327 0.19823137 0.19243679 0.18013013 0.19947162 0.28644507 0.20381857 0.22980736 0.22713278 0.16686804 0.19085598 0.18991849 0.22525123 0.19649590 0.20872405 0.21481160 0.21104262 0.18549913 0.19374586 0.22477732 0.21763641 0.17048199 0.18943924 0.20641566 0.20148475 0.19829340 0.20070334 0.16824964 0.19504780 0.19897512 0.20220249 0.21024286 0.20328804 0.20781900 0.22708345 0.21800704 0.22703005 0.21561698 0.20897036 0.22793344 0.20321932 0.20171235 0.18820596 0.21426639 0.15891750 0.15789619 0.17887106 0.16588082 0.19999399 0.21197133 0.22659656 0.22461856 0.21396614 0.21128368 0.24692277 0.23321010 0.21467405 0.21477055 0.20945867 0.19103419 0.21655558 0.23604130 0.17823356 0.23150567 0.22657978 0.20564649 0.18532793 0.24802515 0.22053019 0.23580042 0.20760690 0.22841606 0.25666661 
0.33757723 0.35850380 0.39123053 0.00000000 0.39405244 0.40497090 0.43879627 0.39565637 0.36345058 0.31525030 0.29994026 0.23839773 0.24631486 0.28273324 0.31065328 0.24099703 0.25558025 0.22417471 0.25585598 0.29253245 0.17361144 0.15100700 0.14587747 0.22082086 0.22507695 0.21974544 0.22316396 0.15653706 0.19565976 0.26870517 0.22964795 0.21892958 0.22677856 0.22789574 0.25674715 0.22366493 0.20815718 0.16323113 0.19099272 0.19064353 0.28247009 0.23494657 0.18247688 0.18711435 0.25688742 0.23860913 0.24959735 0.19404217 0.22812920 0.25138260 0.22364639 0.20676560 0.27369016 0.25731392 0.25482742 0.24634485 0.26061160 0.12676728 0.21873734 0.32682126 0.19134990 0.20865880 0.14500520 0.18032807 0.23226503 0.25249933 0.21199619 0.26103708 0.22795874 0.22787815 0.19118525 0.17912926 0.21336540 0.23443449 0.26140306 0.23475553 0.24961116 0.24189500 0.19784183 0.25780261 0.19369251 0.25012865 0.19989798 0.21483316 0.26600064 0.23164519 0.19120940 0.18730285 0.20785791 0.20612173 0.16458867 0.19306911 0.21228023 0.19582172 0.21570964 0.24224513 0.19486968 0.18017004 0.20016812 0.20279052 0.20498098 0.20923522 0.19222085 0.21677237 0.20039917 0.16474908 0.17036423 0.24864089 0.22711247 0.23500157 0.26759870 0.22199672 0.16353957 0.21402797 0.18010102 0.19801804 0.20621564 0.18713705 0.21813298 0.15347562 0.13522183 0.17640436 0.18189491 0.21261985 0.20369017 0.15202203 0.17435273 0.23791981 0.24471308 0.19665038 0.17097599 0.16301998 0.16827795 0.19824927 0.18169376 0.17506135 0.18385392 0.18233458 0.19267885 0.17450496 0.18001359 0.18739255 0.19269692 0.17454574 0.15374072 0.17260329 0.15435395 0.21086520 0.14959939 0.20349278 0.19124170 0.22669337 0.24027810 0.22206766 0.22338206 0.21739741 0.19668301 0.23194175 0.21221606 0.20599530 0.18489227 0.19374294 0.23104756 0.22095809 0.22032036 0.20227862 0.18962358 0.26334193 0.20236374 0.16403232 0.16987752 0.18618042 0.19715312 0.19815562 0.23513289 0.24158061 
0.34747332 0.38694032 0.39952251 0.39405244 0.00000000 0.45013581 0.44263854 0.41327382 0.39837336 0.40699998 0.28622257 0.29762912 0.23176579 0.27615576 0.22962276 0.21272332 0.21727912 0.19699514 0.22066387 0.25640184 0.18277165 0.13824970 0.16099266 0.16648753 0.20926538 0.20140747 0.23214054 0.19090504 0.21523904 0.22000928 0.18151045 0.23198147 0.21451334 0.19442003 0.20971738 0.20768916 0.18111400 0.17957087 0.24378277 0.24267148 0.19431225 0.22441160 0.20952651 0.19289781 0.19420689 0.23254286 0.19976806 0.22505734 0.21260941 0.19004694 0.21460604 0.18742502 0.21507352 0.18714682 0.22793566 0.22376954 0.21929226 0.20745864 0.21146514 0.21758330 0.15392882 0.19936156 0.18888571 0.17619244 0.16890939 0.21816277 0.20537411 0.23999340 0.24274332 0.22578865 0.23332704 0.18909414 0.23520015 0.24424576 0.33584982 0.22908084 0.21462593 0.20074392 0.20791558 0.24775539 0.17508844 0.23366172 0.19289161 0.19727252 0.26271543 0.20597898 0.19864522 0.23141296 0.22501726 0.19469851 0.21172591 0.17162941 0.16640849 0.19147861 0.17741248 0.20253486 0.19961399 0.20588560 0.20160335 0.20941427 0.15815862 0.23926748 0.17867878 0.20717456 0.18648654 0.20618317 0.17404063 0.21457675 0.27895191 0.16234633 0.21622737 0.18917652 0.16986701 0.23875147 0.18172083 0.27977823 0.18536792 0.21777140 0.20187898 0.17297716 0.17449355 0.19321725 0.18920073 0.22090698 0.22543372 0.18907799 0.20913296 0.20010248 0.17960094 0.21252217 0.18246205 0.20432572 0.19044417 0.21994498 0.21571508 0.20073347 0.20664202 0.20705627 0.21583644 0.20774161 0.20733942 0.19651163 0.20669070 0.20192895 0.18988659 0.18754157 0.20864631 0.24166374 0.18921225 0.23167523 0.19256527 0.21401640 0.19712837 0.18979812 0.17469122 0.18095898 0.21698481 0.24044403 0.23758524 0.21285276 0.23222617 0.19822884 0.18399442 0.25062620 0.19301604 0.19215827 0.23268674 0.24180876 0.21146250 0.17144163 0.26050894 0.23685347 0.22162178 0.22663515 0.26749655 0.22933147 
0.31984511 0.38712000 0.39244382 0.40497090 0.45013581 0.00000000 0.51489159 0.37142718 0.41956571 0.38039799 0.34507118 0.30766798 0.26228628 0.24071330 0.26313659 0.29883521 0.23739002 0.19050037 0.24775533 0.23655058 0.17397554 0.14892669 0.12695265 0.18600352 0.21203815 0.20659406 0.22531615 0.17816846 0.22666143 0.22914158 0.21526347 0.22860639 0.21102901 0.22646257 0.25251316 0.20390054 0.20631022 0.16798823 0.18532153 0.24354904 0.22384555 0.23204401 0.23316484 0.15186127 0.17845704 0.20281762 0.26671181 0.20137673 0.20640618 0.23460431 0.20762168 0.19846534 0.25258983 0.15136388 0.24101186 0.22912599 0.22564624 0.19301622 0.18794849 0.27658765 0.17727023 0.18422053 0.19122580 0.16719992 0.18473204 0.17328038 0.18193553 0.24753079 0.21584552 0.22752499 0.22616619 0.18849269 0.21045658 0.19254474 0.25444032 0.22979555 0.21887772 0.25346298 0.16458145 0.22073326 0.15465431 0.21361319 0.18119134 0.20024643 0.22865307 0.21667092 0.18339143 0.18503551 0.21090907 0.20849821 0.18884620 0.17883178 0.22425586 0.19904733 0.22671846 0.13963255 0.15156180 0.22503857 0.18568919 0.23654727 0.15576932 0.20074281 0.22798681 0.21913905 0.22005676 0.15801056 0.18708197 0.20358457 0.26489727 0.18871513 0.30468332 0.21525827 0.17399993 0.19669388 0.17672461 0.23407874 0.19803588 0.21563148 0.22271823 0.19287826 0.17087975 0.20364803 0.18994873 0.22479363 0.17201181 0.18252718 0.18813537 0.22200347 0.18769011 0.23290846 0.22054515 0.18717567 0.18316407 0.23765100 0.21435110 0.19303648 0.19737829 0.20601317 0.22054698 0.19324952 0.18877175 0.18542421 0.19172902 0.19476609 0.18002947 0.17482725 0.15844240 0.20065297 0.17837536 0.22369781 0.16487665 0.18936168 0.23960142 0.21311510 0.25035681 0.26779062 0.20528293 0.27434773 0.22029705 0.19186417 0.20403720 0.19880821 0.22549139 0.22240255 0.24355205 0.26309814 0.17937524 0.25984176 0.21818656 0.15539527 0.20547887 0.22031362 0.22377587 0.20622890 0.24056104 0.25682116 
0.30361145 0.32717421 0.35239780 0.43879627 0.44263854 0.51489159 0.00000000 0.48536479 0.40774076 0.39889604 0.35710211 0.34895780 0.27093379 0.25932324 0.26495025 0.25169162 0.24688461 0.25310600 0.22639671 0.26569716 0.15889758 0.17945903 0.15483717 0.24620001 0.23110899 0.22567708 0.22016325 0.19744722 0.23590343 0.25590934 0.19421460 0.23790223 0.21776723 0.18310694 0.22884322 0.20825753 0.23082389 0.22389504 0.22776949 0.18963499 0.28452158 0.22218140 0.16282336 0.17043927 0.22384014 0.21017002 0.22034650 0.19430197 0.20246824 0.23432648 0.21731920 0.18169032 0.24650505 0.20474904 0.23199821 0.25193171 0.25190797 0.13157651 0.23290984 0.25117289 0.17871774 0.16687300 0.19626571 0.19401794 0.22893266 0.19090344 0.17347665 0.24654776 0.21439317 0.21899486 0.21121292 0.22009718 0.20960224 0.21899910 0.26518598 0.20083696 0.17905656 0.22944328 0.17365314 0.24048740 0.19390376 0.18006785 0.16943214 0.18085567 0.23948367 0.24589871 0.16753572 0.22348157 0.21038854 0.19652252 0.15432221 0.19595776 0.20479147 0.19888150 0.22087078 0.20379858 0.20738801 0.21227448 0.21253228 0.20055323 0.17472370 0.17690868 0.15522598 0.20163964 0.17649773 0.12062862 0.17262215 0.19382737 0.25813862 0.21069869 0.23227440 0.21922131 0.16339752 0.19968394 0.18761829 0.19556119 0.18847722 0.21047410 0.18809046 0.18268999 0.19263555 0.18482401 0.18671627 0.23252201 0.23175351 0.21989347 0.20385023 0.21536954 0.21347323 0.21182547 0.19932850 0.18624556 0.18622096 0.21718460 0.18880312 0.18931259 0.19336094 0.20580637 0.18714928 0.17366990 0.18358426 0.19188221 0.20056131 0.20855344 0.19356536 0.20367759 0.16807758 0.19854070 0.16562735 0.22689116 0.19796472 0.21723786 0.19535725 0.18788435 0.21622961 0.25020763 0.17809762 0.27271427 0.24570568 0.21386990 0.22376870 0.18549122 0.19781760 0.21673649 0.22393258 0.21567861 0.19529418 0.23085420 0.16378452 0.14904080 0.25716687 0.20709775 0.23447241 0.21548509 0.20935089 0.24731263 
0.29423258 0.31159385 0.33984064 0.39565637 0.41327382 0.37142718 0.48536479 0.00000000 0.50605737 0.46862571 0.40375546 0.28357447 0.21462569 0.24115523 0.26818469 0.25993420 0.19493920 0.18220943 0.24792440 0.31258471 0.21394537 0.21463953 0.21245360 0.22729888 0.21692495 0.21199449 0.24648604 0.33665827 0.19060340 0.16586098 0.18810433 0.21503480 0.19049102 0.23381733 0.23343243 0.21322721 0.27512710 0.20516731 0.28772003 0.28854333 0.25130089 0.28148187 0.19720195 0.17726063 0.22617937 0.14991196 0.20077865 0.22251594 0.21207324 0.22276312 0.14795355 0.20617211 0.24921814 0.24053538 0.29728647 0.19890398 0.26117731 0.18962284 0.29727329 0.22790754 0.19925295 0.18346817 0.18589497 0.17138394 0.22817438 0.17742523 0.17316230 0.26513281 0.20798834 0.16951975 0.18967656 0.18890890 0.19459844 0.23180337 0.24970829 0.23824604 0.21671605 0.23907982 0.22459919 0.21939704 0.25377704 0.24610262 0.21040811 0.22453059 0.21558810 0.23412014 0.18668228 0.20838129 0.28634097 0.16249850 0.16170318 0.20202598 0.22995277 0.21788888 0.20344591 0.20573823 0.23847077 0.19223815 0.17002533 0.18842098 0.19705724 0.22022191 0.14174273 0.18918985 0.19519237 0.19748102 0.14610162 0.16945992 0.23032515 0.21729421 0.24781778 0.19718143 0.18728131 0.15745800 0.16349165 0.18156755 0.20992561 0.23035390 0.23182652 0.18896173 0.15713419 0.19573341 0.17267247 0.17964991 0.19993239 0.15359072 0.18822939 0.18082362 0.17120015 0.21506699 0.15702336 0.19597148 0.17189638 0.24929391 0.19838497 0.19993214 0.22806946 0.19164144 0.20650371 0.17936546 0.19553498 0.18277913 0.22250764 0.18498481 0.21756197 0.19682489 0.20572648 0.19959608 0.15539845 0.23723908 0.14566370 0.16498743 0.19452377 0.22067190 0.19481290 0.21580548 0.22752257 0.30527235 0.18126142 0.21046099 0.16617193 0.16416607 0.15469758 0.28328169 0.19094723 0.18933742 0.23283650 0.23815351 0.16399297 0.11885208 0.18874499 0.19700556 0.20519222 0.19507604 0.22785289 0.24661451 
0.28777137 0.32086166 0.32718609 0.36345058 0.39837336 0.41956571 0.40774076 0.50605737 0.00000000 0.56990167 0.45496011 0.33783524 0.31554907 0.27022851 0.26924965 0.22520488 0.15132363 0.29008935 0.33695570 0.23620758 0.18806327 0.16364965 0.16120533 0.24310444 0.19624633 0.18258986 0.24823100 0.28265820 0.25351997 0.20631885 0.14719024 0.23798087 0.23534425 0.23356881 0.19447994 0.28615003 0.22566139 0.21793357 0.18362275 0.20224070 0.18795020 0.21965591 0.25321604 0.27292211 0.25722857 0.29318996 0.24565134 0.24482111 0.26900816 0.21695683 0.19865712 0.25673437 0.21894236 0.20864459 0.27690863 0.27168849 0.20352453 0.09042703 0.16020270 0.19729061 0.14230636 0.20463938 0.21275263 0.16057181 0.16769652 0.18725272 0.20199525 0.22653328 0.19696726 0.21460692 0.22324795 0.25543255 0.22436353 0.20843094 0.27066358 0.27537301 0.25989431 0.19586454 0.16228028 0.22948727 0.19325150 0.18180111 0.16279455 0.14626041 0.16423071 0.22730082 0.17215309 0.18650502 0.19279621 0.18409368 0.15432942 0.16514179 0.23301547 0.19949095 0.17512236 0.20656950 0.18972020 0.18388802 0.16476179 0.20128774 0.19510590 0.21741364 0.15411594 0.20485430 0.21428549 0.19172366 0.24410007 0.16958125 0.25904275 0.28540484 0.17893788 0.25163360 0.15315966 0.24067408 0.19012408 0.19519704 0.19403173 0.18418429 0.22243934 0.15409479 0.18620565 0.14691535 0.19398304 0.20851405 0.19462390 0.16316783 0.23035471 0.15785802 0.22207912 0.21595075 0.19072034 0.17504923 0.19328557 0.20123674 0.18096069 0.17368584 0.17503212 0.17279105 0.17582604 0.18840794 0.19677799 0.16928809 0.17250380 0.17825183 0.18605138 0.18334307 0.18428614 0.18023112 0.13106838 0.20160788 0.17461662 0.18874126 0.26886739 0.21864306 0.26011295 0.20061882 0.21763000 0.22634137 0.24428540 0.26776606 0.20840580 0.18559346 0.18918658 0.19184664 0.18031234 0.21092186 0.15796214 0.21322014 0.21915973 0.23121871 0.25971480 0.22240850 0.22330634 0.24025933 0.26123864 0.28169822 
0.26955117 0.29611930 0.31071611 0.31525030 0.40699998 0.38039799 0.39889604 0.46862571 0.56990167 0.00000000 0.69700516 0.48901626 0.63822772 0.27113764 0.25214899 0.28486193 0.20216973 0.39064287 0.29729583 0.20675501 0.16025940 0.22801610 0.27735416 0.26776264 0.20780379 0.20214128 0.26460295 0.29362322 0.23231477 0.33015082 0.20290135 0.25932787 0.19685525 0.22618827 0.23451481 0.25175149 0.20798268 0.17096177 0.22760331 0.18669004 0.14554457 0.21247169 0.26050307 0.20902325 0.23062820 0.22632721 0.24634045 0.20800239 0.26475103 0.28821320 0.26932293 0.26055695 0.17177118 0.20235897 0.30537345 0.20040491 0.18955492 0.10932825 0.23404392 0.17543637 0.13721579 0.18781560 0.15303471 0.15487661 0.21737579 0.20193922 0.19504837 0.23426412 0.20328159 0.21602415 0.18374487 0.25451392 0.17678059 0.23232857 0.20999531 0.24722751 0.25621370 0.14713609 0.19619708 0.20580496 0.15758282 0.17100317 0.20963766 0.20889606 0.11099543 0.16087672 0.21081790 0.16811540 0.17048076 0.17809571 0.20164661 0.10072234 0.21004036 0.15210045 0.16509747 0.23579410 0.22990783 0.26673844 0.23745766 0.20373562 0.21650979 0.27045766 0.16727599 0.23549623 0.22214476 0.25907256 0.22812125 0.21352535 0.30842699 0.19524094 0.16312266 0.22633899 0.12936635 0.18603240 0.22160553 0.16777521 0.16707687 0.20723392 0.16254277 0.14738292 0.17025419 0.21640971 0.30465919 0.17833864 0.18403054 0.22008923 0.22851907 0.22839889 0.18695316 0.18142159 0.16542599 0.14983347 0.14218511 0.22349261 0.17052576 0.17902083 0.18217760 0.18512456 0.15425042 0.16866798 0.16569321 0.15592721 0.17134133 0.16208150 0.18491747 0.13108661 0.14839912 0.16503710 0.17786047 0.18335587 0.18593349 0.20186599 0.22123165 0.21052322 0.17332987 0.19520466 0.15892471 0.21441926 0.18854287 0.23076613 0.17719205 0.19742852 0.20894129 0.18001260 0.16624319 0.19017841 0.18307973 0.21074731 0.14778891 0.26482050 0.20215544 0.23300474 0.22869226 0.20758880 0.24132508 0.17659056 
0.24062878 0.28684638 0.28921508 0.29994026 0.28622257 0.34507118 0.35710211 0.40375546 0.45496011 0.69700516 0.00000000 0.62826156 0.52349928 0.31504170 0.32968615 0.31176250 0.29023171 0.21117730 0.25188803 0.19899666 0.21849764 0.19772604 0.19604334 0.13596515 0.20951322 0.20244899 0.17818067 0.34761383 0.26477562 0.21745143 0.26006748 0.17968923 0.17479585 0.31895685 0.33709477 0.25545127 0.24592428 0.10520293 0.16655515 0.16650802 0.17839455 0.15776551 0.24132483 0.31736532 0.20768933 0.19941596 0.25184631 0.23227563 0.22630094 0.31966111 0.23327327 0.40943173 0.29057774 0.25833883 0.29683004 0.24490946 0.14774236 0.16416949 0.21038098 0.22041341 0.11983280 0.21139234 0.17424868 0.18133819 0.23697947 0.15384438 0.14270579 0.18474467 0.25503297 0.31817211 0.26028677 0.17305895 0.21550515 0.21866765 0.27150821 0.18843821 0.14514256 0.22960615 0.19210885 0.16391539 0.20424646 0.13979872 0.17262255 0.18211171 0.10016565 0.17358052 0.16838066 0.12069738 0.17513694 0.24998758 0.17876461 0.10487496 0.18210540 0.27535505 0.21169217 0.13319113 0.25123781 0.25215622 0.19869933 0.26545651 0.22233374 0.28127201 0.16112802 0.23871099 0.20211548 0.26938174 0.16532881 0.21932700 0.18648275 0.24837866 0.23743065 0.16350602 0.16526990 0.18146169 0.18685680 0.14563145 0.26861608 0.25058097 0.27920343 0.17070135 0.19577134 0.16654299 0.20851222 0.17740982 0.18687718 0.17634080 0.23405779 0.22295317 0.18815224 0.20374713 0.15424730 0.11048940 0.16348414 0.16693293 0.19299150 0.19303437 0.18159085 0.18524714 0.18961099 0.19362650 0.20617315 0.19394078 0.20494446 0.19281508 0.20743490 0.19384170 0.15774816 0.26029675 0.19333432 0.25577386 0.15554890 0.22715802 0.17988766 0.17186494 0.18168909 0.21627571 0.19175363 0.20381186 0.20794773 0.27815337 0.19523878 0.18703791 0.23197652 0.15946183 0.22706026 0.24060315 0.13460936 0.22473646 0.25625961 0.12659311 0.18345136 0.17461063 0.19371297 0.18105106 0.20495063 0.17752552 
0.23021442 0.25041153 0.23856828 0.23839773 0.29762912 0.30766798 0.34895780 0.28357447 0.33783524 0.48901626 0.62826156 0.00000000 0.66651315 0.58185081 0.30989469 0.34321556 0.28542805 0.18596279 0.23344650 0.18729647 0.12527223 0.19326194 0.18761325 0.30188280 0.20831547 0.21963686 0.32717338 0.19960556 0.22208927 0.14734750 0.18278746 0.19927139 0.21657633 0.32659739 0.25113812 0.16824725 0.21455825 0.16590787 0.23727295 0.10589239 0.19819999 0.06813281 0.23738873 0.19429671 0.29625074 0.21133463 0.20057638 0.26970338 0.17687279 0.29353513 0.22439185 0.25176040 0.13435700 0.27394577 0.33131948 0.23591355 0.13136534 0.18424963 0.11814439 0.21685325 0.16525896 0.26023505 0.19634581 0.25887881 0.22419735 0.17747808 0.15170466 0.28115533 0.19445425 0.35410046 0.24017620 0.38725234 0.28848216 0.27140432 0.28630076 0.12463731 0.15493847 0.16281130 0.17792550 0.12842622 0.18493758 0.22405526 0.28576038 0.28228088 0.11088232 0.15087112 0.20016614 0.23761030 0.20531866 0.20648443 0.23722682 0.11114474 0.23623145 0.17661801 0.27959031 0.22098114 0.23970045 0.23153342 0.14097165 0.23557287 0.30306298 0.24557218 0.22624074 0.25395171 0.17403209 0.21776247 0.15597431 0.24181420 0.16706508 0.11000510 0.11926871 0.17552485 0.21654075 0.12078365 0.20672014 0.17508015 0.20654670 0.22284734 0.26180840 0.16241299 0.26759158 0.25715522 0.19010635 0.25058193 0.14387152 0.18960043 0.21775994 0.21514636 0.17319205 0.18458745 0.22841316 0.11380479 0.12667781 0.21731526 0.18498498 0.17681610 0.23988675 0.16337220 0.17893647 0.18407148 0.22853499 0.19816598 0.20941946 0.21282114 0.23536834 0.27163790 0.21261895 0.22307962 0.17134478 0.19700009 0.22209372 0.24985243 0.17471491 0.24081792 0.11503083 0.21360614 0.18210152 0.14104117 0.22586864 0.14851916 0.23325840 0.19582075 0.17970864 0.17938367 0.26149899 0.23438990 0.20722334 0.20555713 0.24369231 0.15014354 0.23811562 0.23813473 0.19368240 0.18925112 0.29493203 0.23329786 
0.23306326 0.24437435 0.24219523 0.24631486 0.23176579 0.26228628 0.27093379 0.21462569 0.31554907 0.63822772 0.52349928 0.66651315 0.00000000 0.68839014 0.38759874 0.37892342 0.31985701 0.21068279 0.20785752 0.24568989 0.13774607 0.30042094 0.38301807 0.28451803 0.20424670 0.19065773 0.22312130 0.25224100 0.22170335 0.35343169 0.30599596 0.22402259 0.16077633 0.21642585 0.26174070 0.23797743 0.23670109 0.14194589 0.24759815 0.21722052 0.19521318 0.19996462 0.25039048 0.27585382 0.25189625 0.12979404 0.29391474 0.37083905 0.24077032 0.30421915 0.34640303 0.65553506 0.14450457 0.61975982 0.14353238 0.19910883 0.19201462 0.20241763 0.27018274 0.18063590 0.18132187 0.26194133 0.21289482 0.18192910 0.20041968 0.25887481 0.26266452 0.16039003 0.29191864 0.28794736 0.30854193 0.25547537 0.13189076 0.11600665 0.11399859 0.10899241 0.21261839 0.13170657 0.11060342 0.22521969 0.10507918 0.19579999 0.15627399 0.20124883 0.11201449 0.09725982 0.19424755 0.23163806 0.22104211 0.13990751 0.35944682 0.15022994 0.22643852 0.18059723 0.19840124 0.19889673 0.24328339 0.17829702 0.23247995 0.20267505 0.22204401 0.21720010 0.28017474 0.17354248 0.19089102 0.14767176 0.26897926 0.25657127 0.25578621 0.26222820 0.16176875 0.15173389 0.19308340 0.20393811 0.19236237 0.12074647 0.22524141 0.11624439 0.17344350 0.16207513 0.20671887 0.17861481 0.25548315 0.22759278 0.13687292 0.17002768 0.19065486 0.16740120 0.15375830 0.18660555 0.09500852 0.12477240 0.16969981 0.17710424 0.18919914 0.16524887 0.19121113 0.19531867 0.16795210 0.21565117 0.19293171 0.17956092 0.20763329 0.19928964 0.17815343 0.24410116 0.18789260 0.17891187 0.18568383 0.23472424 0.23824159 0.11784820 0.15125908 0.22560161 0.13534783 0.13120423 0.18902120 0.19564017 0.15589156 0.24555261 0.29279880 0.19559644 0.18348832 0.19146051 0.17951597 0.16937394 0.19751737 0.22346269 0.14175833 0.23358708 0.20301545 0.18650773 0.19853712 0.18773741 0.30369565 0.12248743 
0.21830709 0.21441282 0.21284117 0.28273324 0.27615576 0.24071330 0.25932324 0.24115523 0.27022851 0.27113764 0.31504170 0.58185081 0.68839014 0.00000000 0.67020573 0.58505659 0.30165882 0.23554410 0.21888883 0.17684603 0.20250188 0.24175960 0.18914235 0.12760264 0.19655583 0.18784627 0.09228284 0.28854842 0.31501039 0.23029371 0.23906125 0.21360511 0.21471982 0.29461446 0.22575992 0.22875147 0.20313878 0.07334983 0.15894821 0.20513993 0.19659457 0.27289611 0.26675113 0.23870287 0.28380080 0.20117904 0.28504851 0.18977909 0.21124154 0.21583211 0.66293556 0.30734512 0.38730102 0.37196944 0.14094440 0.25563639 0.28497265 0.26220868 0.20205733 0.19127111 0.27281122 0.19341264 0.29009289 0.26751632 0.19101370 0.12314192 0.26509511 0.24850471 0.16942929 0.17437922 0.26668383 0.51650929 0.49189560 0.17949270 0.06585149 0.26997175 0.15204118 0.27029991 0.13376785 0.09754268 0.14569534 0.27269355 0.17318806 0.14621917 0.09949415 0.20550975 0.19197841 0.19451224 0.14430931 0.15230495 0.21331127 0.19538840 0.16396867 0.29492745 0.20697074 0.13872810 0.18935098 0.25587456 0.23789403 0.20748465 0.23178386 0.18471821 0.23760113 0.16905666 0.20305455 0.14670690 0.14900541 0.21157741 0.12613844 0.16072029 0.13754111 0.21194688 0.19431194 0.20576817 0.17111735 0.17123449 0.26493864 0.14999739 0.15789107 0.13894101 0.18982187 0.17736105 0.20071351 0.13562524 0.16492751 0.17666149 0.13908093 0.29117014 0.14304717 0.14139601 0.13433287 0.15627327 0.13321141 0.19258676 0.22752618 0.12434184 0.20509447 0.15354692 0.17469245 0.14276446 0.14349127 0.16882379 0.16820606 0.17463608 0.24885527 0.17425215 0.20101926 0.14756365 0.22220589 0.20484757 0.21865527 0.26743905 0.21134058 0.18661391 0.21499139 0.13121589 0.14372272 0.17996737 0.13660848 0.18697692 0.12841870 0.14677232 0.33172641 0.24971371 0.22363885 0.16324682 0.13277856 0.19215749 0.19990081 0.20011859 0.34447951 0.35643120 0.13595610 0.27291193 0.91323299 0.19115730 
0.21247440 0.23271128 0.22591435 0.31065328 0.22962276 0.26313659 0.26495025 0.26818469 0.26924965 0.25214899 0.32968615 0.30989469 0.38759874 0.67020573 0.00000000 0.30837048 0.63996756 0.31214326 0.26870054 0.38779921 0.32030186 0.29222469 0.20395514 0.28053885 0.18633506 0.23841537 0.13678731 0.28889606 0.16591523 0.16459171 0.16782737 0.12395979 0.18598036 0.21915254 0.25171383 0.22903461 0.10830353 0.22125246 0.23629955 0.20874561 0.19605846 0.22455371 0.29715355 0.34840015 0.23652930 0.14752383 0.12343000 0.18310409 0.25542032 0.17949170 0.26904843 0.31827614 0.30500343 0.83862332 0.32139211 0.65874540 0.14485497 0.26695870 0.23277301 0.19590158 0.27639795 0.21615604 0.30619809 0.32749250 0.30045684 0.29262521 0.39574337 0.26748231 0.30514271 0.66580281 0.33477115 0.45624075 0.24414154 0.25873015 0.10248762 0.33717516 0.19414355 0.23509099 0.11200361 0.16491724 0.24784527 0.17540276 0.12160939 0.15536246 0.24450949 0.19295505 0.18301413 0.17548211 0.13231367 0.18171469 0.12910422 0.21339456 0.17270209 0.15555765 0.24159067 0.18178233 0.14558879 0.20116995 0.17299881 0.24369803 0.19547041 0.18638712 0.20114852 0.22583039 0.22459218 0.22155353 0.12312578 0.17279127 0.20151693 0.19964743 0.18974834 0.21504236 0.20257743 0.14936438 0.21103446 0.17743100 0.24362492 0.15903247 0.22074635 0.18606802 0.11040535 0.25772485 0.11388303 0.18355455 0.14215306 0.12401315 0.16331560 0.19681596 0.12448398 0.13742186 0.11979359 0.23729876 0.16868137 0.19318423 0.22204542 0.13318279 0.19052012 0.13289265 0.16183776 0.16259150 0.16382588 0.20030381 0.20221020 0.18196011 0.21513176 0.18147473 0.16520065 0.13530150 0.20418901 0.13793951 0.26112101 0.19366893 0.15005367 0.14183981 0.31145046 0.15199336 0.22399203 0.15624558 0.22259696 0.11049265 0.14847908 0.18126416 0.25888090 0.11353924 0.16488619 0.13595437 0.18225665 0.23462005 0.14763913 0.07690611 0.15567388 0.08761778 0.26299665 0.10575928 0.21086055 0.23034326 
0.25322489 0.25397298 0.21484691 0.24099703 0.21272332 0.29883521 0.25169162 0.25993420 0.22520488 0.28486193 0.31176250 0.34321556 0.37892342 0.58505659 0.30837048 0.00000000 0.59326179 0.30033722 0.28414975 0.40181750 0.12329257 0.28721905 0.20465019 0.20134579 0.29356992 0.30302541 0.15014507 0.20546750 0.13378496 0.27477479 0.28864797 0.33373698 0.24431785 0.30133938 0.24249935 0.21792596 0.12459354 0.17722332 0.18845755 0.19621467 0.18762144 0.27701658 0.24976698 0.24455185 0.19212243 0.43768698 0.22577107 0.21635165 0.17427656 0.12449511 0.09565649 0.21010230 0.63770843 0.10891516 0.50042669 0.22948397 0.18069384 0.13718459 0.28894132 0.23456845 0.09276401 0.20083468 0.18348894 0.15600726 0.28952533 0.14177038 0.16980421 0.15327772 0.26449250 0.16553494 0.20205235 0.34358429 0.73583119 0.18316676 0.44152342 0.15896166 0.18671160 0.17398968 0.21811492 0.10523431 0.29727393 0.17401163 0.22322699 0.11962413 0.22997212 0.15657342 0.13402224 0.06869702 0.15172943 0.14225523 0.16049893 0.18702567 0.24958013 0.13355096 0.16529260 0.21343123 0.26952529 0.23537191 0.20438192 0.18277367 0.26711594 0.25137047 0.11768909 0.15725555 0.16301691 0.25381795 0.16862680 0.29360963 0.18888964 0.19323808 0.07012924 0.16653829 0.22925863 0.11435044 0.18344139 0.14698876 0.12328570 0.13807813 0.21761761 0.17962511 0.23243368 0.13833621 0.15601002 0.25507882 0.26427188 0.19710332 0.13037221 0.07868245 0.17926135 0.17809063 0.18181771 0.24136472 0.18659979 0.20919045 0.24179951 0.26004800 0.24492913 0.22583954 0.23331706 0.31280716 0.30069198 0.22916392 0.23941806 0.26071985 0.29673749 0.20391829 0.18959548 0.13859895 0.25924498 0.15660019 0.20364922 0.31655387 0.20966836 0.12985441 0.11802459 0.10386330 0.13045790 0.15499567 0.08633936 0.16176194 0.26886257 0.19531631 0.09582900 0.18417336 0.18188945 0.13099257 0.26937162 0.21003350 0.22685332 0.06999605 0.59567592 0.19381343 0.17768214 0.21091264 0.34053481 0.18913967 
0.19510087 0.22747865 0.21317666 0.25558025 0.21727912 0.23739002 0.24688461 0.19493920 0.15132363 0.20216973 0.29023171 0.28542805 0.31985701 0.30165882 0.63996756 0.59326179 0.00000000 0.29860265 0.63166140 0.43935775 0.28688203 0.36897682 0.30394444 0.23157020 0.22837337 0.22840924 0.12783843 0.31228038 0.00730197 0.33103136 0.29501626 0.32837557 0.23756903 0.21446532 0.32313492 0.25882220 0.12075618 0.15363213 0.32476029 0.21203385 0.25497790 0.32615013 0.27542310 0.18294451 0.17319932 0.16028158 0.21534685 0.04392009 0.14329548 0.13585574 0.12475075 0.03027004 0.12040948 0.29675292 0.19737883 0.41845415 0.30616544 0.59490686 0.17747677 0.22453661 0.37176472 0.38318211 0.27931443 0.44329599 0.28991084 0.22976202 0.45064638 0.67180020 0.25221316 0.25013794 1.41231125 0.39717713 0.19638379 0.62552423 0.20366982 0.18882463 0.22813374 0.10383774 0.13970545 0.28470472 0.19191614 0.23355064 0.07844494 0.17436583 0.20876743 0.21685543 0.05681657 0.12448755 0.19467977 0.23570907 0.13722646 0.24653859 0.25949965 0.20132555 0.15894557 0.32771656 0.21159320 0.17393347 0.15352694 0.23466392 0.18269248 0.20017231 0.18028798 0.15383025 0.29812675 0.13856611 0.23433742 0.11675625 0.16872660 0.16545725 0.10625640 0.12674616 0.20843254 0.10039724 0.27859333 0.24562897 0.11586855 0.17234679 0.09961450 0.12575236 0.18831590 0.12381526 0.20471296 0.15458101 0.00011052 0.17692786 0.13836685 0.11584222 0.17128145 0.15966404 0.14473972 0.21726708 0.17383574 0.20725712 0.19513411 0.18516055 0.19965841 0.19820149 0.20543704 0.20893765 0.17936748 0.17624129 0.22078608 0.14626785 0.19721493 0.18148685 0.14996746 0.13791078 0.20338038 0.19352609 0.15957250 0.30247593 0.21077603 0.15578729 0.11208888 0.20257334 0.19579727 0.12443885 0.16511967 0.10505099 0.10484027 0.08510759 0.25398931 0.12528948 0.17227567 0.10050912 0.22297540 0.20779963 0.07409181 0.16375519 0.15841061 0.09328341 0.15356343 0.11227819 0.16340085 0.13113362 
0.23898203 0.21570722 0.25120777 0.22417471 0.19699514 0.19050037 0.25310600 0.18220943 0.29008935 0.39064287 0.21117730 0.18596279 0.21068279 0.23554410 0.31214326 0.30033722 0.29860265 0.00000000 0.45222183 0.41850272 0.32680070 0.32523388 0.35313060 0.30105869 0.30945569 0.34476111 0.25255850 0.32984006 0.45228447 1.21675770 0.46582994 0.13323036 0.26018985 0.29482637 0.25602757 0.22637286 0.18178470 0.19963587 0.23223373 0.17494938 0.23801107 0.23193407 0.20481734 0.17596753 0.26366785 0.25727913 0.11630695 0.15452441 0.12213085 0.11100481 0.15679167 0.31133590 0.15456254 0.25778228 0.46261499 0.32236252 0.35379938 0.38274310 0.26445432 0.24884026 0.16369839 0.18305557 0.12149270 0.28774968 0.30585545 0.14711397 0.42952847 0.27763798 0.17669350 0.27675711 0.25753823 0.26581553 0.15157812 0.25231105 0.99056597 0.14491734 0.29470902 0.12637283 0.14256187 0.13641856 0.18966707 0.30505704 0.19832991 0.24214883 0.12506670 0.17067680 0.15313034 0.14372976 0.05885678 0.19531478 0.20791024 0.22716933 0.17831827 0.12624954 0.15392359 0.24345815 0.20555924 0.21730090 0.26606779 0.15471697 0.15336915 0.14878293 0.17756309 0.18013421 0.22413464 0.30851375 0.25979481 0.15571235 0.17791509 0.23835782 0.17797919 0.23040177 0.25894406 0.09394511 0.20689670 0.22386549 0.14567996 0.07899540 0.08226918 0.15822083 0.17201217 0.15668528 0.10572156 0.13400479 0.23515494 0.12948034 0.13194528 0.18380541 0.21878161 0.13748919 0.24736821 0.21321767 0.22354899 0.27223676 0.24680647 0.16108728 0.22549184 0.18685780 0.24982714 0.21409440 0.24639082 0.23793254 0.24437704 0.22449725 0.17505560 0.13840385 0.18255708 0.22890075 0.17577593 0.12243391 0.11952831 0.16954973 0.16691667 0.05565080 0.17325936 0.22826557 0.20668833 0.20062223 0.13354988 0.15544926 0.13711592 0.07324350 0.13247586 0.21209049 0.22713587 0.08540512 0.19080186 0.35671239 0.14661722 0.04945985 0.16547026 0.18040749 0.12454686 0.09481878 0.10988436 0.19380867 
0.22626272 0.23911822 0.24767719 0.25585598 0.22066387 0.24775533 0.22639671 0.24792440 0.33695570 0.29729583 0.25188803 0.23344650 0.20785752 0.21888883 0.26870054 0.28414975 0.63166140 0.45222183 0.00000000 0.35020304 0.41412986 0.28747021 0.25548871 0.30716643 0.30931069 0.25839211 0.21330546 0.22736134 0.19743562 0.23243302 0.22948121 0.17461753 0.13732851 0.18735637 0.18684794 0.20713482 0.27808194 0.18945698 0.25650283 0.18181376 0.29245868 0.25177476 0.21389760 0.19920516 0.33019263 0.27484719 0.14324775 0.10399082 0.16536306 0.09547127 0.23857409 0.21758208 0.23365862 0.22278078 0.16581482 0.34558179 0.32809944 0.31663835 0.26222881 0.16807239 0.32252713 0.32408165 0.24271498 0.39871249 0.27913597 0.15891275 0.37202383 0.46624641 0.14776718 0.19317975 0.29222413 0.21497215 0.20705409 0.52031968 0.25634058 0.37081437 0.19011547 0.16028807 0.20822959 0.15267622 0.18929579 0.19392435 0.15763692 0.24693797 0.26182639 0.11705814 0.19278190 0.24942462 0.20813774 0.21942145 0.23849600 0.29911611 0.21553914 0.19490899 0.19064612 0.34248622 0.30602327 0.21956742 0.15436177 0.22490623 0.21970554 0.26036108 0.25294987 0.20789183 0.28728970 0.11710218 0.20186754 0.27229172 0.21057744 0.28219983 0.36883294 0.16668466 0.19055266 0.16531563 0.16972681 0.18127801 0.19333708 0.22889132 0.14433304 0.13802448 0.15217957 0.16840081 0.18102460 0.20221938 0.12098580 0.17602343 0.14425998 0.16204791 0.17298295 0.18687097 0.20997985 0.21247752 0.15126455 0.16891370 0.23072510 0.23772055 0.24302555 0.18969223 0.20056988 0.22915061 0.20736677 0.23915061 0.26870601 0.17490988 0.18525496 0.18828127 0.10596798 0.24018337 0.21969218 0.22619397 0.26669555 0.20960251 0.16313505 0.09199708 0.03697308 0.13290725 0.18282919 0.15409695 0.16953894 0.16340855 0.16672174 0.06433485 0.14264633 0.16918755 0.22482262 0.22945369 0.15263645 0.28502537 0.13833727 0.15802034 0.15432765 0.15519052 0.13945837 0.18232520 0.20441023 0.19020154 
0.21106341 0.19630325 0.20343759 0.29253245 0.25640184 0.23655058 0.26569716 0.31258471 0.23620758 0.20675501 0.19899666 0.18729647 0.24568989 0.17684603 0.38779921 0.40181750 0.43935775 0.41850272 0.35020304 0.00000000 0.36631268 0.24808043 0.33336736 0.48662348 0.68132882 0.67886934 0.43158335 0.20328222 0.19287405 0.29441277 0.27040815 0.15102669 0.23325221 0.26716147 0.19743882 0.21211200 0.28500138 0.31612515 0.25626992 0.22464012 0.23039437 0.21494066 0.17905481 0.19002528 0.19473519 0.21971202 0.21527468 0.24824594 0.23171726 0.20437462 0.17510458 0.17682625 0.14079200 0.23386419 0.18179242 0.17953959 0.31127182 0.29898467 0.25861805 0.31089088 0.15857961 0.27573029 0.30609701 0.21803493 0.22804844 0.19685366 0.25144902 0.25902725 0.15783346 0.19042002 0.22768983 0.14624569 0.26031896 0.24240583 0.13759305 0.26356332 0.26063604 0.19709588 0.19400794 0.16496752 0.28563513 0.15255029 0.13448227 0.14289955 0.19487060 0.14593999 0.17385043 0.20995646 0.15727530 0.21067564 0.21245145 0.25145919 0.20610084 0.15681928 0.18365464 0.17224104 0.15245152 0.15231529 0.21312178 0.16624644 0.16194675 0.21992974 0.22204130 0.17046507 0.19264137 0.19982427 0.18777115 0.17740484 0.22192174 0.24792105 0.19723177 0.19992409 0.16981222 0.18670415 0.17064821 0.13189572 0.21991647 0.18184479 0.15955965 0.20287215 0.16477601 0.14271671 0.17602209 0.15468423 0.22615606 0.12629980 0.16243599 0.18528147 0.16901635 0.16944417 0.16719150 0.23911949 0.18160558 0.20655258 0.19299617 0.23550812 0.20572322 0.22661902 0.23595845 0.22903989 0.24883405 0.20222694 0.21004029 0.21581378 0.19895085 0.21038670 0.17240851 0.17970725 0.18578603 0.15758946 0.22820324 0.12855084 0.17691374 0.21171967 0.21953677 0.26773246 0.20204344 0.29474437 0.22038025 0.12249007 0.16190026 0.19948464 0.20069393 0.18788497 0.15132224 0.18091701 0.18808129 0.23759812 0.13397548 0.13655236 0.21082624 0.14974755 0.15541755 0.13835066 0.19081950 0.21262381 
