0.00000000 0.08503243 0.07757108 0.11945595 0.11986201 0.06108226 0.10288221 0.07462991 0.05594198 0.09934207 0.11314440 0.06859205 0.07333925 0.09149855 0.03276001 0.10182243 0.18310446 0.07050466 0.08868448 0.04102949 0.05132377 0.08554512 0.10136195 0.06034841 0.11937848 0.03009380 0.06062904 0.17457708 0.09159560 0.09159560 0.08314186 0.09429212 0.08904198 0.09591903 0.11715701 0.20654380 0.10441514 0.11660521 0.06915230 0.08093729 0.11156783 0.08675231 0.05416709 0.08207306 0.10061864 0.09933150 0.19339820 0.09042105 0.15363606 0.10065083 0.16341938 0.08192993 0.05843885 0.09629469 0.12854564 0.05587441 0.08884700 0.07166299 0.07460982 0.10483757 0.10594189 0.10481459 0.06055091 0.10719926 0.05391406 0.06326221 0.04763853 0.10457174 0.13196495 0.08528753 0.05647709 0.08944907 0.06367533 0.05192063 0.09159560 0.06268758 0.08231908 0.06912695 0.12906371 0.05806970 0.04209282 0.03838148 0.06350615 0.10556409 0.06500515 0.06075414 0.09346077 0.06707639 0.07350803 0.10072646 0.09184851 0.06728089 0.12092601 
0.08503243 0.00000000 0.08181539 0.09288149 0.07682476 0.08047216 0.09601963 0.08007136 0.08190673 0.10354042 0.08978201 0.03980993 0.06771720 0.06893160 0.08163975 0.09019631 0.10171919 0.04217496 0.07649571 0.14072179 0.10484111 0.07727389 0.11090650 0.15905706 0.07259570 0.09539924 0.07860963 0.12554042 0.08742419 0.08742419 0.12997549 0.08618558 0.03586328 0.05548725 0.14627045 0.08468001 0.10831125 0.10475980 0.11023476 0.09031009 0.12299695 0.07856656 0.08008771 0.05446128 0.14761006 0.06667963 0.12704200 0.09523661 0.15192418 0.09748480 0.05857151 0.07538935 0.06215832 0.07682584 0.08309654 0.17181375 0.07875811 0.07352767 0.09694208 0.16027643 0.10240367 0.02627498 0.05556402 0.08231786 0.06608573 0.09164792 0.10439503 0.12593145 0.09693148 0.02266146 0.06399988 0.07985127 0.15308521 0.12529485 0.08742419 0.08939578 0.09555515 0.08686513 0.09052184 0.08695998 0.09391326 0.05036647 0.08295194 0.05641377 0.05729271 0.09384214 0.04434717 0.05698705 0.09354839 0.06753103 0.09011771 0.09665907 0.13564876 
0.07757108 0.08181539 0.00000000 0.12304991 0.06071038 0.20874141 0.10153843 0.06311301 0.05508384 0.15296738 0.04357594 0.07331548 0.13465209 0.11683545 0.07802445 0.11862285 0.07057009 0.10135449 0.07664534 0.07998592 0.14360513 0.08743577 0.08644521 0.11982433 0.03973873 0.09946880 0.06602010 0.06704343 0.08551990 0.08551990 0.12866920 0.04321873 0.05049201 0.11334126 0.06968626 0.03347452 0.18360977 0.14265087 0.10327248 0.06936137 0.04501587 0.04080945 0.10884546 0.15845978 0.05597507 0.07558636 0.07930225 0.08813330 0.14808321 0.11401170 0.03698960 0.10401973 0.15308699 0.08288021 0.09776012 0.08415663 0.05755616 0.05279449 0.08111258 0.10582482 0.10337038 0.08131996 0.11317856 0.05675641 0.12329940 0.10942452 0.05936871 0.06095804 0.08612700 0.16846454 0.04780956 0.09013817 0.08956540 0.10928365 0.08551990 0.11673748 0.05754089 0.05318959 0.09842169 0.11950021 0.02529146 0.09540487 0.11636205 0.04178159 0.04471137 0.04437262 0.11225437 0.04166492 0.09391925 0.14419051 0.07948526 0.08055546 0.08760595 
0.11945595 0.09288149 0.12304991 0.00000000 0.11462590 0.10693767 0.15439044 0.08829104 0.11440557 0.08640372 0.09626939 0.11760148 0.10546493 0.15280865 0.07163677 0.09100630 0.13874459 0.11387861 0.09688792 0.07286873 0.06769669 0.12017388 0.07545559 0.08819591 0.07273841 0.07688497 0.08796446 0.07600588 0.09832853 0.09832853 0.07903833 0.08490918 0.09748892 0.06456583 0.07667038 0.07766169 0.06759782 0.10912780 0.07307548 0.09581965 0.06810050 0.08010549 0.07024744 0.07841986 0.07647352 0.07650038 0.09579145 0.08607726 0.08585896 0.08912566 0.10120547 0.09002903 0.07752376 0.08145864 0.06661732 0.08111906 0.07210877 0.07732874 0.07733208 0.07822264 0.07674758 0.08148936 0.06210078 0.07178803 0.08219562 0.07114877 0.07506377 0.07739696 0.07187946 0.06670265 0.08920183 0.08836634 0.07307933 0.07019876 0.09832853 0.07300332 0.08843318 0.08531738 0.06522704 0.10629320 0.07395252 0.08065257 0.10356339 0.12326100 0.07578099 0.06892507 0.08482870 0.09320795 0.08800252 0.07329494 0.08840189 0.08743538 0.09803116 
0.11986201 0.07682476 0.06071038 0.11462590 0.00000000 0.15431570 0.12497032 0.08890133 0.24066020 0.16458448 0.10051822 0.09914876 0.07219285 0.08246436 0.16886740 0.10686397 0.07041267 0.04484752 0.08538060 0.06875849 0.06329860 0.06740267 0.09680444 0.09047878 0.08609232 0.10165397 0.06630111 0.09223113 0.08992331 0.08992331 0.10484170 0.07876483 0.11672539 0.06043527 0.05499557 0.09910632 0.08901594 0.13731557 0.08983526 0.09783142 0.07619047 0.16041530 0.06180155 0.08616462 0.07586682 0.06173157 0.06951162 0.12853194 0.08507194 0.10513496 0.05962208 0.08106082 0.15035480 0.06807532 0.11352562 0.15808239 0.03900908 0.06770295 0.05062025 0.14509387 0.04625895 0.07055606 0.12159916 0.09292389 0.08980750 0.04209849 0.10368482 0.01957163 0.07350604 0.10498635 0.04929093 0.07450851 0.08558037 0.08264592 0.08992331 0.13651855 0.08670361 0.10085524 0.08681130 0.08076687 0.09171378 0.05528611 0.08132727 0.10610985 0.06636470 0.10209663 0.08994015 0.06766792 0.06827372 0.05656270 0.02772663 0.07333595 0.07848575 
0.06108226 0.08047216 0.20874141 0.10693767 0.15431570 0.00000000 0.07604801 0.12830887 0.06478642 0.14535477 0.05387091 0.07988147 0.04384374 0.10841740 0.18852209 0.12661723 0.06376330 0.15426428 0.09975028 0.02750900 0.06635102 0.15243287 0.14117653 0.08068102 0.03674012 0.05517825 0.10280557 0.06259056 0.08567349 0.08567349 0.13875785 0.07248519 0.07514714 0.14997509 0.00000000 0.06396862 0.09116599 0.06705712 0.07724335 0.07364912 0.10823158 0.10110675 0.10155898 0.17199161 0.08050738 0.07009177 0.04066329 0.11226495 0.05161193 0.06927443 0.07412069 0.09221305 0.07451387 0.13792243 0.05273435 0.05493201 0.05732220 0.10105535 0.10397814 0.08311917 0.14751726 0.12309545 0.12448424 0.07846089 0.08265364 0.11748038 0.06067878 0.05576471 0.12957744 0.08737181 0.05169009 0.10130284 0.15986906 0.12395664 0.08567349 0.11918358 0.13201985 0.07752813 0.06297256 0.06677941 0.05774323 0.06182107 0.06977700 0.07215826 0.05748665 0.12846629 0.08397742 0.09988184 0.08522428 0.03731240 0.04332360 0.04574391 0.06299881 
0.10288221 0.09601963 0.10153843 0.15439044 0.12497032 0.07604801 0.00000000 0.13554633 0.09579540 0.07068829 0.06261728 0.10615584 0.06715926 0.13052101 0.07041328 0.08919300 0.11509329 0.07800844 0.10584734 0.08020837 0.06643689 0.07729506 0.11439969 0.06183949 0.10228748 0.05880062 0.06814076 0.10577784 0.09622139 0.09622139 0.09277608 0.12541497 0.11130425 0.12170239 0.14993733 0.20106741 0.08059940 0.11382950 0.05220062 0.08616706 0.08061574 0.04611503 0.08918396 0.10162378 0.11203547 0.07635721 0.07581943 0.09849009 0.09050734 0.08369112 0.06783936 0.07902058 0.09392776 0.08925612 0.06491334 0.08428980 0.07408027 0.09218033 0.07794749 0.06620882 0.06090837 0.10023813 0.07412749 0.05890977 0.04849275 0.09380562 0.05505394 0.09209547 0.11241773 0.04459599 0.09146594 0.09961729 0.03743983 0.06896730 0.09622139 0.08903996 0.05180387 0.12254846 0.09527472 0.05658256 0.07277653 0.09033666 0.10531162 0.12009513 0.05550605 0.08199904 0.07101305 0.05418768 0.08163448 0.05048459 0.07966719 0.12840942 0.08301483 
0.07462991 0.08007136 0.06311301 0.08829104 0.08890133 0.12830887 0.13554633 0.00000000 0.11230734 0.07267874 0.14269086 0.16047297 0.07834651 0.08903995 0.12689789 0.07716823 0.05853762 0.07202090 0.10643334 0.14653774 0.07508169 0.08988142 0.10502056 0.06638138 0.05920919 0.06875933 0.10595667 0.06180857 0.07283064 0.07283064 0.10952883 0.06312494 0.08069625 0.10531959 0.08015697 0.10119082 0.11471728 0.10724779 0.07693513 0.07611758 0.10373526 0.05834196 0.04750689 0.07929266 0.05714951 0.12244240 0.12847687 0.11538465 0.09485330 0.07929253 0.08731079 0.07297887 0.06972189 0.05008048 0.07351886 0.11240752 0.09083219 0.10852123 0.17067929 0.07116008 0.13683310 0.10751835 0.11752415 0.09009098 0.09991457 0.10691641 0.08518804 0.10834485 0.08149948 0.10858583 0.08441644 0.06563416 0.08386163 0.07910080 0.07283064 0.05859574 0.08021273 0.16599900 0.07892493 0.07986246 0.09203504 0.07884220 0.09251381 0.06093877 0.13132308 0.10003067 0.05276992 0.05574182 0.07495351 0.10770086 0.13558651 0.03637117 0.10001455 
0.05594198 0.08190673 0.05508384 0.11440557 0.24066020 0.06478642 0.09579540 0.11230734 0.00000000 0.08274425 0.10617179 0.11478430 0.11238731 0.11931565 0.04183959 0.07180447 0.08049389 0.08915906 0.10212343 0.07349409 0.05450396 0.04289235 0.09319601 0.09930825 0.05989185 0.05892411 0.10606883 0.05927533 0.08414251 0.08414251 0.07371963 0.10210631 0.09407246 0.07267839 0.09642292 0.08830696 0.05862696 0.08189600 0.10693940 0.14272951 0.15237700 0.12769030 0.09151734 0.11298756 0.10726320 0.09598738 0.07203206 0.06354623 0.08563473 0.09452790 0.05595694 0.10041457 0.14577977 0.08702002 0.04599252 0.05619399 0.03507963 0.07381156 0.04326320 0.05849375 0.06966026 0.06050881 0.07130157 0.13986609 0.10649717 0.07226991 0.11538696 0.09073413 0.04661682 0.10975339 0.06574928 0.10690131 0.13463469 0.07214700 0.08414251 0.10274892 0.07146438 0.18142231 0.11029919 0.07080326 0.12931055 0.03223636 0.13989763 0.05700070 0.07188863 0.09620323 0.07921113 0.08477197 0.08982631 0.23081187 0.07481008 0.10848354 0.06950925 
0.09934207 0.10354042 0.15296738 0.08640372 0.16458448 0.14535477 0.07068829 0.07267874 0.08274425 0.00000000 0.10302563 0.09033354 0.12267071 0.07805337 0.09071277 0.07274182 0.07792930 0.11118831 0.11667529 0.11933949 0.12617573 0.10215973 0.10982124 0.09956152 0.14262930 0.08759861 0.13092023 0.07591836 0.07711313 0.07711313 0.06301688 0.09193971 0.10246262 0.10647996 0.16740269 0.08837337 0.11039811 0.10846138 0.19044428 0.04208288 0.05916014 0.11562086 0.07699765 0.08367520 0.06636168 0.02683739 0.10730742 0.12746398 0.09398287 0.08537895 0.08193002 0.07000143 0.07441515 0.06476797 0.07585848 0.09582279 0.09974059 0.15036519 0.15584830 0.09977080 0.08661420 0.08289805 0.11366807 0.09078961 0.08048573 0.10838973 0.06709286 0.09529891 0.09377979 0.09123968 0.07270749 0.08634137 0.06657061 0.10640043 0.07711313 0.07549421 0.04074514 0.08044031 0.04822457 0.02687149 0.06238661 0.04418681 0.07693190 0.06338672 0.08606254 0.11727911 0.07110059 0.11475372 0.07826565 0.06453643 0.05998950 0.00589718 0.07293352 
0.11314440 0.08978201 0.04357594 0.09626939 0.10051822 0.05387091 0.06261728 0.14269086 0.10617179 0.10302563 0.00000000 0.09554090 0.06159246 0.12744183 0.05735789 0.11176937 0.11448957 0.14273436 0.10019533 0.08497023 0.09912672 0.07195564 0.10746358 0.10404854 0.07830495 0.13052734 0.04405140 0.06891406 0.09141720 0.09141720 0.11401767 0.12452067 0.04878805 0.08347001 0.17814160 0.09100673 0.06846934 0.09112335 0.08441412 0.08976807 0.06671727 0.06144866 0.03907293 0.04088872 0.07875769 0.09453407 0.06941277 0.07951513 0.13200552 0.10063975 0.10548452 0.12678629 0.06752910 0.07450115 0.06049676 0.12667030 0.04992064 0.12987798 0.04563372 0.08771701 0.08294770 0.09592562 0.08568437 0.07838456 0.08339967 0.06439141 0.00216638 0.06855936 0.08305117 0.03072512 0.17920901 0.08230962 0.08748080 0.10405379 0.09141720 0.06903242 0.12424084 0.03955334 0.17264403 0.09975197 0.08353109 0.07661245 0.06351431 0.07083180 0.10412981 0.11359417 0.13909557 0.02761643 0.10157312 0.05574830 0.08318851 0.16791123 0.08794974 
0.06859205 0.03980993 0.07331548 0.11760148 0.09914876 0.07988147 0.10615584 0.16047297 0.11478430 0.09033354 0.09554090 0.00000000 0.11187890 0.08310309 0.13874503 0.07080780 0.05271639 0.09561243 0.12984822 0.11056911 0.11569595 0.10520575 0.12422440 0.11227579 0.04119868 0.06428977 0.06074029 0.08847283 0.07814980 0.07814980 0.10200422 0.11292056 0.06229084 0.09124393 0.07436404 0.06932800 0.07232284 0.11056987 0.08319602 0.05818373 0.10549535 0.09334861 0.08116369 0.08341629 0.08174981 0.02531547 0.11981811 0.07297736 0.09312455 0.08816592 0.10531730 0.06673316 0.09309443 0.08065079 0.11676818 0.08282817 0.07718950 0.05997720 0.10889475 0.07781426 0.14736429 0.11866421 0.13434168 0.08485533 0.05690475 0.08358770 0.06148389 0.10339975 0.15883866 0.05594744 0.02381445 0.08481464 0.08821298 0.09197419 0.07814980 0.10482095 0.10641313 0.07306611 0.15305916 0.07945445 0.07269592 0.09149395 0.10517637 0.15178921 0.08878410 0.09770819 0.06798548 0.08010558 0.06574514 0.06058254 0.14387421 0.10977959 0.07094869 
0.07333925 0.06771720 0.13465209 0.10546493 0.07219285 0.04384374 0.06715926 0.07834651 0.11238731 0.12267071 0.06159246 0.11187890 0.00000000 0.12035427 0.07239959 0.14993236 0.10973771 0.11515350 0.08021063 0.12079736 0.08904243 0.08294321 0.06527618 0.07680599 0.06627371 0.09293557 0.15702581 0.12251699 0.09034618 0.09034618 0.09650358 0.11111514 0.05527070 0.12132277 0.07236036 0.06321462 0.05575245 0.09948005 0.08728570 0.10446650 0.10350471 0.15384280 0.05875911 0.10720403 0.07528121 0.06738598 0.10039462 0.10561371 0.20998279 0.07566026 0.06394457 0.06522644 0.08576646 0.10717087 0.10605342 0.07980040 0.12651952 0.03745884 0.12056084 0.07739874 0.03402510 0.06681999 0.06738653 0.10226375 0.11952406 0.04376719 0.04364117 0.05014934 0.02914244 0.07709793 0.06040179 0.10472520 0.09113946 0.16132355 0.09034618 0.10583350 0.06261004 0.09418690 0.08385014 0.11883007 0.04266205 0.07240441 0.07231454 0.05909696 0.04966022 0.09538184 0.06483148 0.06692585 0.10256592 0.11209675 0.14140985 0.07971426 0.10223313 
0.09149855 0.06893160 0.11683545 0.15280865 0.08246436 0.10841740 0.13052101 0.08903995 0.11931565 0.07805337 0.12744183 0.08310309 0.12035427 0.00000000 0.10062584 0.10681033 0.15461886 0.13681195 0.10227089 0.05665469 0.08526941 0.11588492 0.06844788 0.08385716 0.08284290 0.07483094 0.10415981 0.07714212 0.09972970 0.09972970 0.07577491 0.08148702 0.06782272 0.07875536 0.06954042 0.07086958 0.06976262 0.07615778 0.07669549 0.09301365 0.08666482 0.07789024 0.07980934 0.07606022 0.09539734 0.09060118 0.07589592 0.08738641 0.07285290 0.09039337 0.07234878 0.12954885 0.07400322 0.07702043 0.07812886 0.07667048 0.08683291 0.06911706 0.06954362 0.06056043 0.05712513 0.08571070 0.06987562 0.07096875 0.06877596 0.08673484 0.08454475 0.11140816 0.06713460 0.05626632 0.09611161 0.08510660 0.07182474 0.05994912 0.09972970 0.06623782 0.08561890 0.09439681 0.06791838 0.10751334 0.11025441 0.09892231 0.10214019 0.08722624 0.08642993 0.08536043 0.08053397 0.09044047 0.08902925 0.09010350 0.08052987 0.06569852 0.11033460 
0.03276001 0.08163975 0.07802445 0.07163677 0.16886740 0.18852209 0.07041328 0.12689789 0.04183959 0.09071277 0.05735789 0.13874503 0.07239959 0.10062584 0.00000000 0.12209950 0.08335279 0.09010708 0.15863445 0.09668676 0.11908947 0.06756593 0.14035889 0.07570960 0.08494293 0.03027480 0.09954320 0.08711796 0.08648151 0.08648151 0.07927321 0.06714910 0.04329808 0.08916100 0.12117694 0.10480548 0.14289424 0.07945698 0.08580486 0.12521952 0.07749952 0.09441683 0.05722051 0.12155902 0.06488793 0.08075746 0.12147731 0.04889945 0.04919704 0.08526090 0.09409863 0.09829836 0.09358562 0.07202838 0.17830950 0.08434099 0.07601162 0.11835644 0.05436719 0.12103264 0.19518382 0.12489630 0.05513277 0.05716490 0.10545696 0.07904099 0.10370042 0.04503113 0.10947871 0.07934533 0.10263495 0.07884416 0.06301835 0.10855598 0.08648151 0.04225070 0.12255505 0.05603016 0.10807905 0.07743252 0.04942630 0.04362652 0.09589757 0.11032352 0.07435603 0.07732476 0.11986471 0.05530639 0.08307924 0.05944784 0.09457704 0.03906694 0.08145628 
0.10182243 0.09019631 0.11862285 0.09100630 0.10686397 0.12661723 0.08919300 0.07716823 0.07180447 0.07274182 0.11176937 0.07080780 0.14993236 0.10681033 0.12209950 0.00000000 0.10643360 0.05913887 0.17593671 0.10125712 0.09156205 0.09394741 0.11916770 0.08420912 0.09162211 0.14344928 0.13677250 0.12367776 0.07804001 0.07804001 0.14830349 0.07666263 0.09244581 0.10050803 0.03921355 0.06467657 0.12717029 0.08106050 0.07023938 0.09172038 0.12516470 0.06366302 0.12146226 0.08138311 0.05962242 0.11417369 0.00613745 0.05714603 0.07968334 0.07789256 0.08067877 0.08534180 0.11423427 0.10030890 0.05925092 0.09362322 0.08152136 0.09501287 0.10446185 0.11051429 0.07244774 0.10172058 0.16413497 0.12606731 0.05729090 0.09868139 0.10647643 0.09017198 0.05482328 0.06115723 0.12334837 0.09252333 0.05964184 0.07027793 0.07804001 0.08848634 0.05198805 0.05847540 0.07495835 0.06370657 0.07511518 0.07572579 0.10254108 0.10830083 0.08877011 0.07016334 0.05475857 0.02907802 0.07918317 0.08711974 0.10685938 0.05444430 0.11192882 
0.18310446 0.10171919 0.07057009 0.13874459 0.07041267 0.06376330 0.11509329 0.05853762 0.08049389 0.07792930 0.11448957 0.05271639 0.10973771 0.15461886 0.08335279 0.10643360 0.00000000 0.12169619 0.08096724 0.05587208 0.04750042 0.06908331 0.07925196 0.07890533 0.04259272 0.08672942 0.08174844 0.03194514 0.09770556 0.09770556 0.09613411 0.06729484 0.06576320 0.15040834 0.05545774 0.10376971 0.14389930 0.05113868 0.08706432 0.08367454 0.10172781 0.11469782 0.08513530 0.06734507 0.06344256 0.04986469 0.06666890 0.18505687 0.09744285 0.08418245 0.04015639 0.07917887 0.07718531 0.07765727 0.10236965 0.08599296 0.07177590 0.10416536 0.10926266 0.10125487 0.08291885 0.07949158 0.12243228 0.06047477 0.05061707 0.10933919 0.15683003 0.07765786 0.17007525 0.11632406 0.08564534 0.13057512 0.05840294 0.06416872 0.09770556 0.07474594 0.11531928 0.03961754 0.03996244 0.13908911 0.09102707 0.06270722 0.07006365 0.08225900 0.08367950 0.03842501 0.08935481 0.11455486 0.10561156 0.03288896 0.10656218 0.08723846 0.07503339 
0.07050466 0.04217496 0.10135449 0.11387861 0.04484752 0.15426428 0.07800844 0.07202090 0.08915906 0.11118831 0.14273436 0.09561243 0.11515350 0.13681195 0.09010708 0.05913887 0.12169619 0.00000000 0.11427233 0.10829070 0.11164600 0.10657300 0.12185691 0.09191974 0.11503773 0.03704607 0.09144443 0.06414467 0.08651781 0.08651781 0.04805300 0.05982272 0.06768248 0.08483709 0.06873503 0.06832769 0.12384835 0.01931535 0.07581473 0.06701748 0.00895991 0.12918507 0.05053116 0.01906960 0.07069834 0.11453919 0.11597930 0.11810808 0.07993718 0.07675215 0.13255460 0.09826832 0.06071231 0.10014881 0.07442481 0.22558079 0.10410803 0.08678570 0.07265502 0.09969458 0.06189170 0.06690786 0.09835578 0.05494908 0.08757641 0.07112513 0.10602112 0.15573846 0.07813842 0.08047297 0.34571734 0.07030383 0.08057199 0.10647668 0.08651781 0.07712721 0.09040922 0.06547749 0.08631162 0.04107924 0.04568365 0.18254179 0.05455274 0.11334555 0.07045164 0.04306823 0.02511733 0.07342138 0.08921342 0.05643436 0.11006488 0.09173115 0.06542382 
0.08868448 0.07649571 0.07664534 0.09688792 0.08538060 0.09975028 0.10584734 0.10643334 0.10212343 0.11667529 0.10019533 0.12984822 0.08021063 0.10227089 0.15863445 0.17593671 0.08096724 0.11427233 0.00000000 0.11580169 0.13646405 0.09591236 0.08781542 0.10137418 0.06435257 0.10873923 0.09488974 0.15792602 0.07895360 0.07895360 0.08152158 0.08791111 0.07563923 0.09810646 0.09150737 0.12303399 0.09636825 0.12604978 0.11577198 0.05812540 0.09499787 0.04866621 0.06873918 0.06449070 0.04772110 0.09993013 0.07739209 0.04134540 0.07923671 0.07413825 0.11149574 0.07613937 0.09231679 0.16332322 0.07293350 0.12082610 0.06693015 0.09357347 0.07837711 0.09209557 0.09056452 0.14502118 0.11015322 0.08179839 0.12972172 0.05833524 0.07388738 0.04193687 0.08693646 0.04212187 0.08218557 0.10294931 0.03354263 0.09819944 0.07895360 0.06536448 0.05992181 0.08005755 0.05753821 0.08198421 0.08667053 0.08147256 0.05687654 0.06977966 0.05103107 0.06104113 0.09030957 0.12118051 0.07094788 0.08698208 0.13043626 0.12882309 0.07612174 
0.04102949 0.14072179 0.07998592 0.07286873 0.06875849 0.02750900 0.08020837 0.14653774 0.07349409 0.11933949 0.08497023 0.11056911 0.12079736 0.05665469 0.09668676 0.10125712 0.05587208 0.10829070 0.11580169 0.00000000 0.20541801 0.18515062 0.13081584 0.06765387 0.10172755 0.16775621 0.10161311 0.11644770 0.07891548 0.07891548 0.16429747 0.09378592 0.08221032 0.10528073 0.08906476 0.12017404 0.03544245 0.07912209 0.11175386 0.06015541 0.14507332 0.06669373 0.08406648 0.05853247 0.04090365 0.05575209 0.05578975 0.12721674 0.15189293 0.08503613 0.09311052 0.06247212 0.05301951 0.14148719 0.08346103 0.12271205 0.06890066 0.11797291 0.13240372 0.11172318 0.09472623 0.06167077 0.05372560 0.06301072 0.10664665 0.10343546 0.07518687 0.04176525 0.10763027 0.07303700 0.11459022 0.06295672 0.06746962 0.10097409 0.07891548 0.06598753 0.04507832 0.04626178 0.07810222 0.05051673 0.04970589 0.21778006 0.05192879 0.10509318 0.10274516 0.04625012 0.02267122 0.04779916 0.06830664 0.06289473 0.10626006 0.08004574 0.12201543 
0.05132377 0.10484111 0.14360513 0.06769669 0.06329860 0.06635102 0.06643689 0.07508169 0.05450396 0.12617573 0.09912672 0.11569595 0.08904243 0.08526941 0.11908947 0.09156205 0.04750042 0.11164600 0.13646405 0.20541801 0.00000000 0.13261598 0.14767489 0.16398058 0.11813280 0.14424858 0.14614004 0.11541051 0.08210338 0.08210338 0.05722472 0.07808720 0.10265316 0.09265429 0.10302117 0.03934866 0.04022619 0.10866930 0.05055377 0.06020465 0.09528891 0.07568989 0.09518364 0.03449749 0.07498368 0.05656789 0.08374025 0.06522483 0.07226424 0.09521768 0.14989372 0.10534398 0.05630332 0.07520861 0.10134944 0.05687536 0.05930215 0.07075370 0.04847735 0.06618234 0.10063608 0.10684457 0.06648790 0.06093129 0.03742124 0.07903730 0.12472635 0.11581412 0.10056550 0.19003785 0.13085362 0.08140808 0.09565149 0.11331637 0.08210338 0.05272557 0.09733448 0.06415380 0.06184174 0.03804422 0.07752124 0.14063735 0.07900318 0.04811827 0.07421666 0.10925596 0.06002794 0.09057330 0.08568519 0.05970333 0.09828367 0.10451590 0.14831640 
0.08554512 0.07727389 0.08743577 0.12017388 0.06740267 0.15243287 0.07729506 0.08988142 0.04289235 0.10215973 0.07195564 0.10520575 0.08294321 0.11588492 0.06756593 0.09394741 0.06908331 0.10657300 0.09591236 0.18515062 0.13261598 0.00000000 0.22288056 0.13541034 0.12704856 0.16483895 0.03966905 0.06279286 0.08473436 0.08473436 0.13049348 0.06495194 0.12289680 0.06126500 0.07205904 0.08595955 0.09824166 0.06363281 0.05274297 0.08240184 0.15469251 0.07983061 0.11247274 0.06066030 0.11624623 0.11077601 0.09106206 0.11518976 0.07951635 0.10937678 0.08714509 0.12045197 0.03726678 0.05514135 0.08604544 0.07336502 0.06611246 0.05997246 0.07823605 0.10631144 0.03136404 0.15857201 0.09743924 0.08036681 0.06612889 0.07870051 0.04831643 0.05078638 0.06978816 0.11827207 0.08696499 0.06984998 0.05574527 0.12208433 0.08473436 0.06010649 0.09096327 0.06706391 0.07152451 0.10009356 0.09406250 0.06956767 0.07835494 0.10417224 0.04312927 0.06425464 0.08089488 0.09627165 0.09254411 0.11542568 0.07331247 0.06693574 0.10854065 
0.10136195 0.11090650 0.08644521 0.07545559 0.09680444 0.14117653 0.11439969 0.10502056 0.09319601 0.10982124 0.10746358 0.12422440 0.06527618 0.06844788 0.14035889 0.11916770 0.07925196 0.12185691 0.08781542 0.13081584 0.14767489 0.22288056 0.00000000 0.08318825 0.21197155 0.09282505 0.09746307 0.13073650 0.07428250 0.07428250 0.13843347 0.05281502 0.12070657 0.11897932 0.07164429 0.06065821 0.09168569 0.11150271 0.03099127 0.08586726 0.11630574 0.09700806 0.08101470 0.06209189 0.06390404 0.07712867 0.01047739 0.07784687 0.07116998 0.07840232 0.08606792 0.07590424 0.13475655 0.10763472 0.08957541 0.06859954 0.09823692 0.14965479 0.12524878 0.14291769 0.10792065 0.07664755 0.07277569 0.14865774 0.08821850 0.09433314 0.09703899 0.01854267 0.05199644 0.07930951 0.08032710 0.05111434 0.06255030 0.14853923 0.07428250 0.04575868 0.08465643 0.03060656 0.04454605 0.09032180 0.06360119 0.09838792 0.06388100 0.09850692 0.03998040 0.11173967 0.06455362 0.02670637 0.08566334 0.06633256 0.05913745 0.06505428 0.07436166 
0.06034841 0.15905706 0.11982433 0.08819591 0.09047878 0.08068102 0.06183949 0.06638138 0.09930825 0.09956152 0.10404854 0.11227579 0.07680599 0.08385716 0.07570960 0.08420912 0.07890533 0.09191974 0.10137418 0.06765387 0.16398058 0.13541034 0.08318825 0.00000000 0.04314820 0.07112570 0.08831640 0.07874620 0.08554467 0.08554467 0.12394837 0.04389681 0.06698020 0.09721103 0.06586494 0.06687552 0.09647715 0.07604589 0.09324967 0.09626620 0.09227018 0.06574010 0.07763870 0.06856915 0.10582421 0.12371448 0.07753992 0.06573059 0.06480716 0.09405874 0.09883120 0.07803279 0.07628610 0.04534162 0.07134416 0.06990877 0.10085709 0.08495745 0.08169773 0.10298421 0.07279495 0.09124346 0.09043376 0.05746229 0.07604862 0.09286094 0.06984755 0.12681197 0.08515511 0.11435500 0.14075927 0.10591695 0.09061099 0.08536466 0.08554467 0.08264854 0.08963307 0.08749551 0.07961996 0.06226751 0.13260358 0.12290966 0.11401420 0.07267432 0.08973525 0.07650491 0.08945473 0.12470977 0.09161853 0.05664950 0.10863564 0.11221009 0.09633406 
0.11937848 0.07259570 0.03973873 0.07273841 0.08609232 0.03674012 0.10228748 0.05920919 0.05989185 0.14262930 0.07830495 0.04119868 0.06627371 0.08284290 0.08494293 0.09162211 0.04259272 0.11503773 0.06435257 0.10172755 0.11813280 0.12704856 0.21197155 0.04314820 0.00000000 0.26579154 0.14551675 0.10493943 0.08783654 0.08783654 0.09335948 0.05779337 0.06068057 0.01533779 0.14548565 0.07644739 0.07862858 0.09716324 0.08671285 0.09891826 0.11568399 0.15670882 0.06559602 0.10951609 0.05751848 0.08650529 0.09720661 0.15313037 0.09338447 0.08780357 0.09109035 0.06880770 0.07170450 0.15055213 0.06142458 0.17680644 0.08798736 0.05865823 0.08375916 0.17355843 0.10706325 0.05574213 0.04104143 0.07539886 0.08775510 0.09109611 0.13545289 0.07311533 0.08192809 0.08533538 0.09019089 0.06212534 0.08066958 0.15677448 0.08783654 0.07988596 0.07552102 0.03462986 0.05643270 0.05021196 0.05056375 0.11668162 0.05551767 0.11254645 0.04628999 0.04006404 0.09024014 0.07216482 0.07702719 0.06452949 0.10637591 0.07671577 0.10524993 
0.03009380 0.09539924 0.09946880 0.07688497 0.10165397 0.05517825 0.05880062 0.06875933 0.05892411 0.08759861 0.13052734 0.06428977 0.09293557 0.07483094 0.03027480 0.14344928 0.08672942 0.03704607 0.10873923 0.16775621 0.14424858 0.16483895 0.09282505 0.07112570 0.26579154 0.00000000 0.12036614 0.18440612 0.08450271 0.08450271 0.17333419 0.09200343 0.06219620 0.05785916 0.08770251 0.10871950 0.10359566 0.08073085 0.03337775 0.07109443 0.09679259 0.08730459 0.08460247 0.08734093 0.09064592 0.09872443 0.10030130 0.02906235 0.06471665 0.07480608 0.04927140 0.06396123 0.08240666 0.11112890 0.09266617 0.10303550 0.08675799 0.12095402 0.08718698 0.06455358 0.10017253 0.06176867 0.09212168 0.13911057 0.10366821 0.13775549 0.12790716 0.06449641 0.09096972 0.08333831 0.08770565 0.07670258 0.08840676 0.11755784 0.08450271 0.10334679 0.08512323 0.03433997 0.09441765 0.09393440 0.12468316 0.11150894 0.06777709 0.05165404 0.07570203 0.05311166 0.03757360 0.06327926 0.08103452 0.09249784 0.04729112 0.09827460 0.07128679 
0.06062904 0.07860963 0.06602010 0.08796446 0.06630111 0.10280557 0.06814076 0.10595667 0.10606883 0.13092023 0.04405140 0.06074029 0.15702581 0.10415981 0.09954320 0.13677250 0.08174844 0.09144443 0.09488974 0.10161311 0.14614004 0.03966905 0.09746307 0.08831640 0.14551675 0.12036614 0.00000000 0.15164586 0.07988009 0.07988009 0.12078127 0.07728898 0.08674548 0.10907665 0.12273301 0.06712694 0.13356422 0.09048110 0.06755035 0.06213043 0.08288698 0.06159719 0.07538522 0.06670599 0.05150686 0.07106823 0.10533415 0.13211067 0.05866003 0.07587442 0.09817609 0.09004413 0.07075232 0.12447631 0.08764764 0.11349620 0.11591088 0.06531575 0.06679668 0.09947169 0.13946158 0.07183577 0.09924316 0.13290104 0.09205592 0.06886901 0.09268280 0.09771180 0.10020011 0.05175591 0.07139791 0.07973942 0.13458957 0.11473420 0.07988009 0.08932604 0.08023538 0.15133936 0.07660845 0.09362988 0.05069009 0.08560428 0.08705718 0.06371572 0.08345101 0.03064441 0.05802850 0.10219019 0.07142653 0.09017314 0.06658573 0.10245689 0.09946485 
0.17457708 0.12554042 0.06704343 0.07600588 0.09223113 0.06259056 0.10577784 0.06180857 0.05927533 0.07591836 0.06891406 0.08847283 0.12251699 0.07714212 0.08711796 0.12367776 0.03194514 0.06414467 0.15792602 0.11644770 0.11541051 0.06279286 0.13073650 0.07874620 0.10493943 0.18440612 0.15164586 0.00000000 0.07722383 0.07722383 0.13245131 0.08702447 0.11450488 0.11797045 0.10490888 0.15401189 0.12061501 0.13973141 0.10112162 0.10359841 0.06120965 0.07063445 0.10094465 0.12382576 0.09064784 0.07007233 0.05402625 0.07283147 0.05820739 0.08252580 0.12978379 0.08152307 0.11178091 0.09502681 0.06397630 0.10529758 0.08615503 0.13090876 0.10802814 0.13056409 0.06826148 0.03995459 0.06633493 0.05514871 0.07904233 0.06855493 0.07695101 0.07723146 0.05971542 0.08504431 0.06082308 0.08962634 0.04621077 0.05436581 0.07722383 0.07967667 0.17712868 0.07235820 0.11543607 0.09029986 0.07083149 0.06755926 0.11448877 0.06280482 0.07934663 0.06754559 0.06848902 0.06285031 0.06707488 0.07800957 0.06177176 0.08070817 0.11075218 
0.09159560 0.08742419 0.08551990 0.09832853 0.08992331 0.08567349 0.09622139 0.07283064 0.08414251 0.07711313 0.09141720 0.07814980 0.09034618 0.09972970 0.08648151 0.07804001 0.09770556 0.08651781 0.07895360 0.07891548 0.08210338 0.08473436 0.07428250 0.08554467 0.08783654 0.08450271 0.07988009 0.07722383 0.00000000 0.10921741 0.07981299 0.10239828 0.09309673 0.08694703 0.08056649 0.09651008 0.07921623 0.07862994 0.08478210 0.09541557 0.07866226 0.09355977 0.09133361 0.08033712 0.09819315 0.09558067 0.08338423 0.08041442 0.09069219 0.09811021 0.07951926 0.10109392 0.09457254 0.09667539 0.08015090 0.07999475 0.08985952 0.08045846 0.07798750 0.07991874 0.07785260 0.08301672 0.08257986 0.09303775 0.07247146 0.07912394 0.08047088 0.09688645 0.08674582 0.08311572 0.09655616 0.10240426 0.08642293 0.08299569 0.10921741 0.09452405 0.09780744 0.08853920 0.08701500 0.09366870 0.09515603 0.08471807 0.09849750 0.09765073 0.07910092 0.09354815 0.09395212 0.09002413 0.09685998 0.08293662 0.08098561 0.08758263 0.07747326 
0.09159560 0.08742419 0.08551990 0.09832853 0.08992331 0.08567349 0.09622139 0.07283064 0.08414251 0.07711313 0.09141720 0.07814980 0.09034618 0.09972970 0.08648151 0.07804001 0.09770556 0.08651781 0.07895360 0.07891548 0.08210338 0.08473436 0.07428250 0.08554467 0.08783654 0.08450271 0.07988009 0.07722383 0.10921741 0.00000000 0.07981299 0.10239828 0.09309673 0.08694703 0.08056649 0.09651008 0.07921623 0.07862994 0.08478210 0.09541557 0.07866226 0.09355977 0.09133361 0.08033712 0.09819315 0.09558067 0.08338423 0.08041442 0.09069219 0.09811021 0.07951926 0.10109392 0.09457254 0.09667539 0.08015090 0.07999475 0.08985952 0.08045846 0.07798750 0.07991874 0.07785260 0.08301672 0.08257986 0.09303775 0.07247146 0.07912394 0.08047088 0.09688645 0.08674582 0.08311572 0.09655616 0.10240426 0.08642293 0.08299569 0.10921741 0.09452405 0.09780744 0.08853920 0.08701500 0.09366870 0.09515603 0.08471807 0.09849750 0.09765073 0.07910092 0.09354815 0.09395212 0.09002413 0.09685998 0.08293662 0.08098561 0.08758263 0.07747326 
0.08314186 0.12997549 0.12866920 0.07903833 0.10484170 0.13875785 0.09277608 0.10952883 0.07371963 0.06301688 0.11401767 0.10200422 0.09650358 0.07577491 0.07927321 0.14830349 0.09613411 0.04805300 0.08152158 0.16429747 0.05722472 0.13049348 0.13843347 0.12394837 0.09335948 0.17333419 0.12078127 0.13245131 0.07981299 0.07981299 0.00000000 0.07462359 0.06238913 0.08649297 0.13554934 0.08610237 0.06704263 0.11507237 0.09964639 0.05254772 0.09207085 0.06827997 0.09802086 0.09563431 0.09372339 0.07628923 0.12471420 0.13791660 0.05264451 0.07603836 0.10728473 0.07108489 0.05935884 0.09287277 0.08417802 0.07824657 0.08472560 0.10411769 0.12244963 0.06952428 0.09266420 0.01381055 0.07204797 0.13584927 0.11428376 0.10883423 0.06134745 0.00871138 0.10454593 0.04038868 0.07566232 0.10298656 0.10228629 0.08929452 0.07981299 0.10732808 0.04833229 0.09178860 0.12276265 0.11991915 0.00756847 0.07410315 0.08885893 0.07653632 0.06983747 0.03178696 0.03600006 0.06478126 0.07207747 0.10471757 0.10851943 0.10174785 0.12317433 
0.09429212 0.08618558 0.04321873 0.08490918 0.07876483 0.07248519 0.12541497 0.06312494 0.10210631 0.09193971 0.12452067 0.11292056 0.11111514 0.08148702 0.06714910 0.07666263 0.06729484 0.05982272 0.08791111 0.09378592 0.07808720 0.06495194 0.05281502 0.04389681 0.05779337 0.09200343 0.07728898 0.08702447 0.10239828 0.10239828 0.07462359 0.00000000 0.12225409 0.06430912 0.07974387 0.13954633 0.08182263 0.10460471 0.11023989 0.12069740 0.06293204 0.10034926 0.09567457 0.12975766 0.12673945 0.10763572 0.09594501 0.07873868 0.11461734 0.08950929 0.06119175 0.08477557 0.13097995 0.11205670 0.08040108 0.07699123 0.07398453 0.07728526 0.09489078 0.07541572 0.08128467 0.07848896 0.07693256 0.11764268 0.08413556 0.04601861 0.05024504 0.12192009 0.06311408 0.06639933 0.07197271 0.11880018 0.10233364 0.09371095 0.10239828 0.06199359 0.09243173 0.13852953 0.11926902 0.09359816 0.12669948 0.05128291 0.06763882 0.12460352 0.08722836 0.07336048 0.09603786 0.06572735 0.08735853 0.08587845 0.05757625 0.06622253 0.07672764 
0.08904198 0.03586328 0.05049201 0.09748892 0.11672539 0.07514714 0.11130425 0.08069625 0.09407246 0.10246262 0.04878805 0.06229084 0.05527070 0.06782272 0.04329808 0.09244581 0.06576320 0.06768248 0.07563923 0.08221032 0.10265316 0.12289680 0.12070657 0.06698020 0.06068057 0.06219620 0.08674548 0.11450488 0.09309673 0.09309673 0.06238913 0.12225409 0.00000000 0.08628127 0.07417024 0.09197286 0.09050642 0.05940361 0.19382752 0.12447420 0.06505277 0.06325207 0.11568475 0.03922365 0.05209004 0.13141352 0.08863214 0.09711189 0.10336295 0.10565422 0.06434815 0.08383714 0.06787762 0.07883882 0.08632843 0.08681175 0.12995073 0.12602504 0.08169305 0.12017813 0.09005682 0.16299908 0.11045687 0.07698293 0.14457400 0.08329208 0.08232918 0.08665079 0.04792462 0.08903336 0.08096433 0.09040515 0.04255941 0.06293656 0.09309673 0.09344293 0.12786872 0.10769536 0.08376732 0.10589444 0.08895767 0.05763952 0.09601542 0.09307662 0.11412338 0.10675471 0.18136024 0.02346420 0.09897755 0.04858972 0.03510979 0.15519876 0.10499295 
0.09591903 0.05548725 0.11334126 0.06456583 0.06043527 0.14997509 0.12170239 0.10531959 0.07267839 0.10647996 0.08347001 0.09124393 0.12132277 0.07875536 0.08916100 0.10050803 0.15040834 0.08483709 0.09810646 0.10528073 0.09265429 0.06126500 0.11897932 0.09721103 0.01533779 0.05785916 0.10907665 0.11797045 0.08694703 0.08694703 0.08649297 0.06430912 0.08628127 0.00000000 0.07374393 0.09429184 0.08594098 0.17033409 0.04353475 0.04520241 0.14657968 0.12523446 0.07714875 0.12881415 0.05548511 0.09130629 0.04492983 0.09420619 0.05699238 0.08611237 0.11287946 0.09818366 0.10549154 0.07451806 0.15626256 0.10261802 0.08005900 0.07679022 0.12797178 0.07705434 0.06090168 0.10543797 0.09322016 0.10924423 0.08658903 0.09952818 0.10424139 0.06324862 0.07777093 0.07172281 0.05081930 0.05370124 0.09286893 0.13200388 0.08694703 0.16864359 0.06730069 0.06558918 0.05888360 0.08898851 0.06700795 0.07913113 0.11128526 0.08520715 0.06993332 0.08263910 0.07565222 0.07347774 0.10235193 0.06023036 0.09432577 0.06608878 0.08018558 
0.11715701 0.14627045 0.06968626 0.07667038 0.05499557 0.00000000 0.14993733 0.08015697 0.09642292 0.16740269 0.17814160 0.07436404 0.07236036 0.06954042 0.12117694 0.03921355 0.05545774 0.06873503 0.09150737 0.08906476 0.10302117 0.07205904 0.07164429 0.06586494 0.14548565 0.08770251 0.12273301 0.10490888 0.08056649 0.08056649 0.13554934 0.07974387 0.07417024 0.07374393 0.00000000 0.09951622 0.08675956 0.17741531 0.13340434 0.11333615 0.18090354 0.10134810 0.09073935 0.07016525 0.11122186 0.02594755 0.07451668 0.13801206 0.05611524 0.09355758 0.05170713 0.08863780 0.08658140 0.08722645 0.15404201 0.10222768 0.05098711 0.08489339 0.08199097 0.06202642 0.15959178 0.11204429 0.07423574 0.08657955 0.11432497 0.09804010 0.03226360 0.09492625 0.09236928 0.11597542 0.09444213 0.08779983 0.09792859 0.08471522 0.08056649 0.10860354 0.04754293 0.08186083 0.00580312 0.13099232 0.04765824 0.09099927 0.07130653 0.06319681 0.09809874 0.03257236 0.09337032 0.12995601 0.09227693 0.07332919 0.08195771 0.11579379 0.04321360 
0.20654380 0.08468001 0.03347452 0.07766169 0.09910632 0.06396862 0.20106741 0.10119082 0.08830696 0.08837337 0.09100673 0.06932800 0.06321462 0.07086958 0.10480548 0.06467657 0.10376971 0.06832769 0.12303399 0.12017404 0.03934866 0.08595955 0.06065821 0.06687552 0.07644739 0.10871950 0.06712694 0.15401189 0.09651008 0.09651008 0.08610237 0.13954633 0.09197286 0.09429184 0.09951622 0.00000000 0.09872181 0.06605770 0.11869129 0.08848885 0.08800984 0.11600748 0.10261939 0.14802872 0.09166017 0.12173052 0.10874932 0.07179277 0.11115606 0.08209731 0.02374158 0.07485381 0.06734287 0.09686543 0.08208741 0.09373528 0.07737843 0.05943754 0.07106819 0.09104470 0.11893413 0.08853821 0.07253381 0.08960229 0.07967976 0.12613077 0.04596248 0.11238400 0.16280818 0.07036793 0.08649179 0.09733919 0.06432201 0.05522749 0.09651008 0.07047724 0.08906531 0.09151005 0.07007241 0.07442832 0.04967485 0.08358621 0.09966345 0.08899559 0.05715127 0.05643657 0.10536380 0.08078974 0.07883772 0.05440675 0.08642743 0.09087389 0.04153253 
0.10441514 0.10831125 0.18360977 0.06759782 0.08901594 0.09116599 0.08059940 0.11471728 0.05862696 0.11039811 0.06846934 0.07232284 0.05575245 0.06976262 0.14289424 0.12717029 0.14389930 0.12384835 0.09636825 0.03544245 0.04022619 0.09824166 0.09168569 0.09647715 0.07862858 0.10359566 0.13356422 0.12061501 0.07921623 0.07921623 0.06704263 0.08182263 0.09050642 0.08594098 0.08675956 0.09872181 0.00000000 0.09144729 0.13101231 0.10673108 0.06936814 0.08883776 0.08509554 0.17342218 0.08883712 0.23539547 0.11787065 0.11611389 0.11565014 0.06795286 0.03276189 0.06691445 0.08359121 0.04629729 0.05769219 0.08011603 0.07798921 0.07465533 0.13264602 0.08186491 0.08541200 0.03763728 0.07590245 0.05640809 0.09244726 0.05389987 0.06459393 0.06232871 0.10632898 0.11519453 0.05799225 0.10406638 0.12666418 0.12624116 0.07921623 0.05774701 0.10350984 0.07252554 0.07995502 0.09887711 0.09753366 0.07629299 0.08874198 0.05344685 0.05975361 0.09008830 0.10488058 0.09653674 0.07963167 0.10951510 0.11091098 0.03939437 0.08245801 
0.11660521 0.10475980 0.14265087 0.10912780 0.13731557 0.06705712 0.11382950 0.10724779 0.08189600 0.10846138 0.09112335 0.11056987 0.09948005 0.07615778 0.07945698 0.08106050 0.05113868 0.01931535 0.12604978 0.07912209 0.10866930 0.06363281 0.11150271 0.07604589 0.09716324 0.08073085 0.09048110 0.13973141 0.07862994 0.07862994 0.11507237 0.10460471 0.05940361 0.17033409 0.17741531 0.06605770 0.09144729 0.00000000 0.15616474 0.08846002 0.17292470 0.06651822 0.05748061 0.11049023 0.06192921 0.06472280 0.10182327 0.06840203 0.10741568 0.07702548 0.10497653 0.06674895 0.06874316 0.07555201 0.13544425 0.06527958 0.06615457 0.10409422 0.11031744 0.10704054 0.15127338 0.05163542 0.09004134 0.11672129 0.05486818 0.11493415 0.06090482 0.06182953 0.10323825 0.04546143 0.07233626 0.07606088 0.11427102 0.11480736 0.07862994 0.15900990 0.05392709 0.19567351 0.05659157 0.05884404 0.00778923 0.02472163 0.11217355 0.07005763 0.07253501 0.05858749 0.08404641 0.07391484 0.08486771 0.06895789 0.07479502 0.05470721 0.07526447 
0.06915230 0.11023476 0.10327248 0.07307548 0.08983526 0.07724335 0.05220062 0.07693513 0.10693940 0.19044428 0.08441412 0.08319602 0.08728570 0.07669549 0.08580486 0.07023938 0.08706432 0.07581473 0.11577198 0.11175386 0.05055377 0.05274297 0.03099127 0.09324967 0.08671285 0.03337775 0.06755035 0.10112162 0.08478210 0.08478210 0.09964639 0.11023989 0.19382752 0.04353475 0.13340434 0.11869129 0.13101231 0.15616474 0.00000000 0.05153066 0.11647294 0.11626781 0.09205569 0.07736013 0.11839546 0.17244648 0.06467499 0.11571314 0.09001320 0.09068124 0.08003638 0.11004738 0.06193284 0.12484736 0.07558378 0.07647057 0.08551782 0.11029263 0.11191980 0.07906995 0.05943539 0.11179640 0.16354689 0.06541521 0.11367387 0.14011705 0.05110423 0.07638316 0.05480897 0.07631944 0.03876106 0.06624301 0.07784940 0.06522443 0.08478210 0.06175522 0.07385773 0.10944988 0.14845437 0.09008293 0.09014741 0.19972451 0.06903380 0.04244264 0.09217862 0.13649650 0.10266374 0.02981974 0.09084162 0.02597786 0.05165775 0.07686065 0.05459950 
