0.00000000 0.12021065 0.14246177 0.07593413 0.06687481 0.07359592 0.06991830 0.05362983 0.07114353 0.06496948 0.06342824 0.09884323 0.05371187 0.05051240 0.09622458 0.06491931 0.08416800 0.04926767 0.05151800 0.07355684 0.07630043 0.07620853 0.09595127 0.07301606 0.05549426 0.06460130 0.06799229 0.08614408 0.04449426 0.05719635 0.07770713 0.07884125 0.07136089 0.05452151 0.08804804 0.12221815 0.06590121 0.06791782 0.07301682 0.11848427 0.05915048 0.06851941 0.06579415 0.07647885 0.04397847 0.08080218 0.09394378 0.07651609 0.05056233 0.10105495 0.11146980 0.06095730 0.08306709 0.06431797 0.04286212 0.05947242 0.07116267 0.08872827 0.06613477 0.09101488 0.09963086 0.05412786 0.06526894 0.08119185 0.05457455 0.05310392 0.06725286 0.05904147 0.08235645 0.07567673 0.08838050 0.05891083 0.08349590 0.07725590 0.06793697 0.10468513 0.09448695 0.05150896 0.07286610 0.05502632 0.06416851 0.05861850 0.05560945 0.08839669 0.07995388 0.08190979 0.05959605 0.07681174 0.07890668 0.06904864 0.05598109 0.06535372 0.05444681 0.09036631 0.06539782 0.05909725 0.08180142 0.05792964 0.07111706 0.05576025 0.04589936 0.07252104 0.07113325 0.08985634 0.11783017 0.08807109 0.06747802 0.06601694 0.05904374 0.06398989 0.06566303 0.04973895 0.08811606 0.06798212 0.06696753 0.06106902 0.04885846 0.07072314 0.06892585 0.09531340 0.07113930 0.10821264 0.08572833 0.07072448 0.08225756 0.07306932 0.07701777 0.04727741 0.08426521 0.05207777 0.05650431 0.06480358 0.08986227 0.05879257 0.04927606 0.09696193 0.05298161 0.06764202 0.08637502 0.07319031 0.06123716 0.08117592 0.06887480 0.07087284 0.09691375 0.09602450 0.08783216 0.08569273 0.04484847 0.06489810 0.08071057 0.08522463 0.09385701 0.07079756 0.08167530 0.06866622 0.07715163 0.07676808 0.08454051 0.07176343 0.08856295 0.06541753 0.07638778 0.08135410 
0.12021065 0.00000000 0.16236749 0.14414630 0.09277149 0.05125474 0.06363085 0.10056392 0.03831462 0.07529053 0.05169349 0.05173153 0.05912745 0.05667440 0.05458620 0.05827883 0.08082071 0.05389304 0.07159246 0.05270916 0.06307893 0.06895822 0.04297971 0.05203716 0.06803854 0.08326913 0.06176607 0.06020484 0.06368896 0.10013844 0.04528907 0.04306791 0.10020365 0.03455011 0.08220999 0.07577557 0.06581529 0.06576742 0.05835896 0.05108264 0.05961544 0.05120346 0.06590893 0.06551586 0.03936161 0.05726513 0.07706299 0.05436434 0.06428253 0.08360773 0.08743476 0.05506700 0.05282069 0.06144776 0.07389184 0.08539323 0.06341844 0.09993595 0.07483045 0.08539989 0.05247683 0.02480557 0.06337379 0.06547916 0.05901935 0.03536771 0.07536776 0.08098769 0.05634922 0.06650525 0.05950972 0.03177123 0.05099040 0.07206744 0.07631468 0.06158995 0.05721475 0.06489895 0.05807293 0.06474374 0.05112508 0.07928626 0.07860273 0.10680227 0.08982045 0.08221452 0.07332185 0.05559698 0.10053971 0.04691699 0.04600776 0.06884267 0.04918138 0.09822143 0.05571263 0.05322899 0.07128979 0.07897803 0.06856317 0.07826784 0.07223898 0.06080481 0.08568248 0.08478055 0.05717152 0.04897354 0.09117253 0.08706499 0.09455518 0.11437770 0.05161477 0.05541016 0.08570136 0.06573566 0.05748142 0.05744731 0.07582669 0.05162723 0.03836502 0.11863356 0.07056627 0.15009148 0.12490406 0.10160232 0.19423278 0.11266981 0.14549208 0.05285125 0.11023625 0.08417258 0.09259514 0.03517352 0.07265538 0.06366639 0.07895305 0.09228058 0.02982723 0.07690439 0.10864971 0.10061303 0.06096770 0.08071340 0.07936036 0.08605782 0.07558550 0.09146252 0.07598951 0.10572154 0.08694596 0.07512141 0.10580419 0.07389960 0.10694031 0.08891140 0.07870491 0.08449635 0.04677535 0.05823224 0.07342678 0.08433736 0.07699448 0.06577838 0.09432537 0.08790129 
0.14246177 0.16236749 0.00000000 0.10830887 0.10434215 0.08752660 0.07319562 0.09742208 0.07812061 0.04075517 0.05854837 0.03991662 0.06199755 0.10722580 0.04005891 0.02417349 0.06108452 0.07821795 0.04450356 0.07759147 0.07057447 0.09843265 0.03993108 0.03310477 0.04574243 0.08687944 0.05617965 0.07716270 0.06836254 0.07912068 0.08113970 0.07278991 0.04961844 0.04722602 0.06447472 0.10069359 0.04462165 0.04848330 0.09726434 0.04256639 0.03552969 0.05535425 0.05216785 0.06247171 0.07938967 0.07393328 0.06395721 0.04916825 0.05219255 0.06688164 0.10548787 0.07904117 0.06358364 0.05912668 0.07391062 0.07674081 0.05843297 0.05995105 0.12323289 0.03504976 0.08152087 0.03904793 0.05442796 0.09883652 0.08332395 0.05046405 0.07998817 0.06912971 0.07018396 0.07939519 0.03680949 0.07234513 0.07443748 0.07067084 0.04943201 0.05958355 0.05302428 0.05702189 0.10109175 0.08502440 0.05485668 0.07890879 0.07444919 0.09099604 0.06654372 0.08532990 0.04768218 0.07838924 0.09216288 0.04624413 0.07517034 0.07321019 0.05584250 0.06696764 0.07254969 0.08090506 0.08464273 0.06568466 0.05815686 0.06457532 0.10435873 0.05516379 0.12745300 0.10416253 0.08722644 0.04614638 0.07056478 0.09618290 0.09932893 0.10419987 0.08607254 0.09914824 0.06781388 0.07752136 0.08708838 0.07957958 0.08892864 0.09885911 0.07045797 0.08327488 0.08490526 0.05971342 0.05761699 0.10867859 0.10102869 0.06360916 0.08400249 0.08531805 0.04595958 0.07235531 0.04992151 0.09194906 0.10295666 0.07221555 0.07357330 0.10729342 0.07356393 0.09134269 0.11039511 0.08151216 0.07006717 0.07696090 0.10360074 0.09003705 0.08232650 0.07555906 0.09449380 0.07300157 0.07815036 0.05681906 0.04673985 0.06959647 0.04937262 0.05009138 0.06609792 0.07774287 0.07305525 0.07534778 0.06944096 0.10271072 0.06576569 0.05520920 0.11176314 0.07838630 
0.07593413 0.14414630 0.10830887 0.00000000 0.11148615 0.05835106 0.06992537 0.08098059 0.05751410 0.07234776 0.06243034 0.07803901 0.06487347 0.03951735 0.12447400 0.05002297 0.06818862 0.07485964 0.05059980 0.06142420 0.05130793 0.04997378 0.06135349 0.07421004 0.04824466 0.06277187 0.06568188 0.07554279 0.05580723 0.05446608 0.05574045 0.04728432 0.10760963 0.05609487 0.05361554 0.04614683 0.05867002 0.04760100 0.06067054 0.02609910 0.04973526 0.06791527 0.04556977 0.06454776 0.06377766 0.10706595 0.07360194 0.08372677 0.07979062 0.05869641 0.04728849 0.07496711 0.06631857 0.10533431 0.07006591 0.11596125 0.07820604 0.07999231 0.05038475 0.04167199 0.06103896 0.05070265 0.04931544 0.08221100 0.06408426 0.05363476 0.06643637 0.07856532 0.05874132 0.06036262 0.06066102 0.06023194 0.06702831 0.06498519 0.06152403 0.06535125 0.05151825 0.06738242 0.08623259 0.07815736 0.04606680 0.05312774 0.09487021 0.08106015 0.09223752 0.06514696 0.04344533 0.07242348 0.10181083 0.04858336 0.08360563 0.14485631 0.10341767 0.09657357 0.10102760 0.05962349 0.05062455 0.09005765 0.04542185 0.09765907 0.10307160 0.08858949 0.08351739 0.08618149 0.07689373 0.06065728 0.09414434 0.10904226 0.18452995 0.10142992 0.07573936 0.11294589 0.08654228 0.07544366 0.05755179 0.06106651 0.06555696 0.07762886 0.05981343 0.06238787 0.08063170 0.12572019 0.09780691 0.08504420 0.08676261 0.08028467 0.07789183 0.07559198 0.09098502 0.05131716 0.08491003 0.04893674 0.06008611 0.08229087 0.06561309 0.05169902 0.10239486 0.07223946 0.08186678 0.09361633 0.03969797 0.06793150 0.06812181 0.11359978 0.08442346 0.06615098 0.07429025 0.05829516 0.09227780 0.09197626 0.07003194 0.15489637 0.08099842 0.03105748 0.08231411 0.08467430 0.07806500 0.10019300 0.06180227 0.06975337 0.09159036 0.06748270 0.07637640 0.07300706 
0.06687481 0.09277149 0.10434215 0.11148615 0.00000000 0.09893734 0.08045868 0.09113307 0.07935841 0.05342435 0.05755744 0.05762610 0.07061198 0.06750356 0.10017090 0.09172017 0.06002269 0.08065512 0.06358693 0.04443714 0.07844206 0.07678523 0.06426364 0.08391995 0.05066683 0.08774971 0.06411247 0.07972916 0.04381118 0.06441647 0.07686665 0.07507418 0.04534339 0.05648811 0.09414439 0.04848675 0.05838630 0.07131444 0.09972229 0.04540722 0.11880698 0.07135785 0.04751230 0.06318754 0.05741676 0.06054476 0.07254111 0.07920437 0.06833287 0.06233104 0.08665281 0.07629600 0.05972039 0.05176047 0.08074456 0.04798308 0.10500758 0.07311463 0.06111231 0.06903307 0.09584429 0.08156924 0.04751479 0.09220626 0.06389729 0.04800084 0.07507665 0.05300934 0.05034587 0.10585291 0.10273670 0.05998376 0.09495468 0.06397873 0.07881627 0.04050309 0.07773715 0.05660176 0.05597338 0.09089027 0.08053237 0.06655200 0.08955050 0.05489348 0.06975562 0.05761005 0.07308616 0.08929343 0.05900695 0.05936826 0.09048697 0.07378121 0.06215959 0.04581610 0.05356123 0.06966631 0.05694424 0.04179973 0.05595747 0.04961786 0.08108481 0.07750811 0.07193950 0.03579771 0.10296134 0.07057211 0.06344685 0.06210078 0.05836366 0.04536123 0.08010855 0.30802626 0.07916934 0.07892269 0.08665523 0.08769907 0.10803845 0.07555289 0.06024243 0.09340438 0.09762708 0.09764856 0.06941000 0.05832621 0.10601806 0.03395319 0.09513779 0.11061645 0.06171388 0.08232914 0.06698256 0.07891159 0.06718930 0.07215809 0.04195821 0.07183993 0.09256406 0.08118392 0.11324306 0.09288835 0.06376607 0.08973743 0.08541273 0.06182477 0.06892772 0.06407730 0.05200601 0.06333826 0.06435408 0.06498108 0.08151826 0.07660880 0.04355525 0.09672175 0.06405263 0.05205430 0.10102515 0.11441824 0.06018239 0.08710264 0.07289577 0.11496203 0.07590891 0.08173974 
0.07359592 0.05125474 0.08752660 0.05835106 0.09893734 0.00000000 0.10416818 0.06971670 0.07745568 0.08060644 0.07968649 0.07933892 0.07759168 0.05596826 0.06625501 0.07973992 0.12424644 0.09843738 0.08619972 0.06847692 0.07006665 0.08594487 0.08339633 0.06047073 0.06023173 0.02816117 0.08121002 0.07290790 0.11919340 0.10350122 0.05419731 0.07547797 0.06215372 0.08920421 0.06982070 0.12203720 0.06888945 0.06343197 0.07262794 0.08094549 0.07349637 0.09083376 0.05510320 0.05238101 0.07978703 0.06929239 0.05539897 0.07856756 0.07063877 0.06278648 0.08364968 0.06433626 0.08443476 0.08542023 0.05692807 0.04500685 0.06138736 0.06339882 0.04602959 0.06693452 0.27396311 0.07440958 0.07992972 0.06985295 0.09358125 0.07044196 0.06446712 0.05952076 0.04449523 0.14744590 0.06335885 0.05297151 0.06699892 0.07402829 0.05789043 0.07827558 0.04505563 0.04585056 0.06188241 0.04829451 0.04573179 0.05224964 0.07765437 0.05007043 0.10608572 0.07328460 0.06995072 0.06659706 0.07014046 0.07084654 0.08728837 0.10403645 0.05673521 0.04955951 0.10323888 0.05284660 0.06311983 0.07827276 0.07138475 0.06030219 0.05302457 0.07091132 0.11123479 0.06171577 0.11253344 0.08998294 0.08315711 0.03832607 0.06024102 0.05923679 0.08353162 0.08231472 0.10898527 0.07062273 0.07709258 0.07117086 0.08537230 0.05612751 0.07850613 0.07608141 0.08516207 0.05477744 0.05967565 0.07886381 0.10963880 0.04553929 0.07148772 0.16750081 0.07737847 0.09570474 0.03406199 0.08957051 0.05224900 0.03628095 0.08820634 0.06609613 0.07939333 0.10713046 0.03144035 0.13104846 0.08015890 0.07935645 0.06672517 0.09109472 0.05499623 0.06065052 0.04741627 0.10186367 0.08590986 0.07227186 0.06788056 0.04806050 0.05210300 0.05881696 0.11307065 0.03421005 0.07263695 0.05130477 0.04739768 0.03165749 0.07190752 0.05318722 0.05876363 0.06680177 
0.06991830 0.06363085 0.07319562 0.06992537 0.08045868 0.10416818 0.00000000 0.09331073 0.41844082 0.10795050 0.08648781 0.07100019 0.07390317 0.07968517 0.05198334 0.05011252 0.06051918 0.04317071 0.10198727 0.07771996 0.04405737 0.07552548 0.06778388 0.05589437 0.06927173 0.08605422 0.08263983 0.06793009 0.06852185 0.03289421 0.08429377 0.07410358 0.06490828 0.04279939 0.04348438 0.08051620 0.08360604 0.05214589 0.09054139 0.05953555 0.04501819 0.06892591 0.06985516 0.07846736 0.04052355 0.04429969 0.04014844 0.06791597 0.13314772 0.07965293 0.11189724 0.08487938 0.08894023 0.09695779 0.05779811 0.05214467 0.03848112 0.04763954 0.06858310 0.06424101 0.09203222 0.15815539 0.07618936 0.07132211 0.07510572 0.05302237 0.05674683 0.04245952 0.06404398 0.08012004 0.03875645 0.07884532 0.07384036 0.06987803 0.06591349 0.04653695 0.04366509 0.04739509 0.05492718 0.05787296 0.11652428 0.07373283 0.05188256 0.07773328 0.06489763 0.05920944 0.05261576 0.09072538 0.08124068 0.06873203 0.06039873 0.11735311 0.04981516 0.07686118 0.04437476 0.08990141 0.03200576 0.09883890 0.06758541 0.07413527 0.11731062 0.03202725 0.09473169 0.06215663 0.08262110 0.06726319 0.06339278 0.07016137 0.08835699 0.06394302 0.13706886 0.06917358 0.08606033 0.06383770 0.07238421 0.07644709 0.11156820 0.10838085 0.15141003 0.10965812 0.09691673 0.05276458 0.11937110 0.05430490 0.13708533 0.09006366 0.15382731 0.06336170 0.04110041 0.10015420 0.06917200 0.06241545 0.06498780 0.04683652 0.07715558 0.05122627 0.07029617 0.05289710 0.11781974 0.06630298 0.06925170 0.05723616 0.05040994 0.06519828 0.04553868 0.04681043 0.07524992 0.06451924 0.06782975 0.06481319 0.08165776 0.08433776 0.05722316 0.02478887 0.05039932 0.08013794 0.07739873 0.06807854 0.04870312 0.05098192 0.03400237 0.05655015 0.03967102 0.06808791 
0.05362983 0.10056392 0.09742208 0.08098059 0.09113307 0.06971670 0.09331073 0.00000000 0.07797523 0.04746682 0.08314958 0.08782987 0.08673690 0.10439442 0.07831095 0.10940824 0.09394218 0.08655834 0.07019298 0.08076835 0.11472428 0.04884153 0.05926000 0.06898399 0.06629617 0.07664358 0.09849030 0.12446832 0.11112157 0.06874638 0.08123822 0.13581391 0.05066814 0.03686149 0.03683617 0.08925774 0.05322028 0.03883815 0.06263760 0.06643573 0.07573122 0.04355920 0.08497809 0.06106624 0.05899245 0.06511769 0.09706863 0.03550742 0.06801499 0.02039197 0.06722222 0.07426242 0.06285430 0.06142200 0.09663948 0.05201763 0.05917496 0.06020305 0.20521495 0.12366052 0.16356626 0.07609002 0.07571245 0.06086470 0.10229464 0.05492046 0.05664831 0.04266710 0.05645205 0.04878436 0.06840325 0.04075118 0.06066393 0.07356699 0.08596802 0.10714422 0.06761377 0.08443617 0.15306359 0.09242843 0.03718792 0.10931624 0.10808750 0.03408871 0.03281968 0.06857767 0.09282643 0.04716968 0.09150613 0.10176621 0.09237643 0.09327915 0.04386652 0.05385494 0.05152721 0.04709922 0.06557634 0.07280887 0.06895106 0.06343713 0.09709627 0.08547599 0.05159686 0.11148644 0.08924271 0.09332315 0.05328726 0.09374529 0.07878370 0.09391883 0.04625691 0.06170116 0.07503955 0.10500830 0.04748933 0.04285206 0.04771021 0.08216467 0.04597189 0.06610281 0.02980927 0.09052905 0.05529767 0.06425153 0.16076777 0.08061498 0.03538111 0.05632730 0.06460442 0.05033123 0.06338337 0.07378862 0.06981968 0.06055612 0.05811748 0.10426531 0.08880993 0.06286137 0.08715945 0.07519306 0.06532635 0.08652829 0.06875595 0.05578726 0.04111473 0.08738666 0.08691690 0.04110673 0.06813260 0.05399745 0.10664178 0.07990224 0.08720098 0.06461082 0.07615602 0.05501965 0.02676426 0.09569777 0.06506382 0.02915094 0.05802621 0.09056199 0.07550954 0.07379345 
0.07114353 0.03831462 0.07812061 0.05751410 0.07935841 0.07745568 0.41844082 0.07797523 0.00000000 0.07587950 0.06873804 0.05213487 0.14529694 0.10941165 0.06143210 0.04631231 0.04466486 0.07071008 0.09029100 0.07624391 0.07083478 0.07588629 0.07337374 0.05690705 0.06991847 0.08333937 0.03661516 0.04725921 0.04799435 0.04379073 0.16109634 0.09007565 0.07844239 0.05414535 0.06811096 0.03235258 0.07685140 0.09204602 0.09101862 0.08667866 0.03917300 0.06280275 0.06407163 0.06847120 0.05528507 0.06083111 0.05943870 0.05090188 0.08079764 0.11901882 0.12262843 0.06625438 0.09954734 0.09586819 0.04939548 0.09320243 0.02927128 0.04381316 0.05743651 0.06964220 0.10495448 0.21307994 0.08347537 0.07191379 0.08005980 0.04738290 0.06144277 0.05456436 0.06861576 0.05024821 0.06774668 0.05172227 0.05839335 0.07470728 0.06358387 0.08047068 0.07578487 0.05696774 0.06142624 0.06913704 0.07423150 0.10685765 0.05750298 0.09589623 0.06863593 0.07323443 0.06634664 0.08172135 0.10682086 0.07335044 0.05334582 0.07012263 0.05997130 0.06386637 0.07869258 0.05834405 0.08624798 0.04383328 0.07540321 0.04740017 0.10214182 0.09252717 0.05883503 0.07321957 0.04788263 0.05826859 0.09458992 0.05857957 0.08709501 0.09319020 0.10468895 0.04911688 0.07938680 0.07511449 0.12166886 0.07846958 0.07499764 0.07331655 0.07080996 0.05765972 0.04198056 0.06360043 0.06583378 0.09187139 0.06828547 0.08073290 0.06418849 0.03094872 0.10025264 0.07811483 0.06923617 0.06139773 0.06697952 0.04801699 0.08020845 0.06485919 0.08798000 0.06956593 0.08144551 0.11920497 0.06611216 0.06344274 0.03963317 0.07774852 0.05376954 0.03497232 0.05853512 0.09238554 0.06451962 0.08068629 0.07511549 0.05564693 0.05477379 0.06507879 0.05071064 0.05648638 0.09795129 0.06697829 0.05673278 0.07711496 0.05330532 0.04777826 0.05928233 0.06924744 
0.06496948 0.07529053 0.04075517 0.07234776 0.05342435 0.08060644 0.10795050 0.04746682 0.07587950 0.00000000 0.08267854 0.12115390 0.08396728 0.08000768 0.10788140 0.12787946 0.06523494 0.04838086 0.10488641 0.08875738 0.06509618 0.06816792 0.07480721 0.07334257 0.08894767 0.08794671 0.10543911 0.03912214 0.03761692 0.06735657 0.11745354 0.07075021 0.12137741 0.06643078 0.06559495 0.06401692 0.10129898 0.04872198 0.06145360 0.03928112 0.03843370 0.06678523 0.06152277 0.06312517 0.08197134 0.05312612 0.08439535 0.10214638 0.09991092 0.07688663 0.09809862 0.05688452 0.06021665 0.05416321 0.04020761 0.06774588 0.08911271 0.07200947 0.07043486 0.09624499 0.06148641 0.06056628 0.09792144 0.07121145 0.05952483 0.07067239 0.07152773 0.08414320 0.06302108 0.06873708 0.05676368 0.06885063 0.09024819 0.08198622 0.08260272 0.10255253 0.07102360 0.10992081 0.08643348 0.08614711 0.04610408 0.06443819 0.12390956 0.08404713 0.04338361 0.04780044 0.06765251 0.07320706 0.07144391 0.10908914 0.03399673 0.11851451 0.07462705 0.06168206 0.07404452 0.13807103 0.09113137 0.06438128 0.10702617 0.05707630 0.08480347 0.13499987 0.07131144 0.05229010 0.09236869 0.11466176 0.05435742 0.08582129 0.10199595 0.05461966 0.09278917 0.06133694 0.03961371 0.07811719 0.05534018 0.06727277 0.06530754 0.07000239 0.12223867 0.06526897 0.07993085 0.04863427 0.06150567 0.05205815 0.05868117 0.05035060 0.08085852 0.07915361 0.07105212 0.06763196 0.04677287 0.07483215 0.07526297 0.06023970 0.06114967 0.03284314 0.05879495 0.03607209 0.04931393 0.07171101 0.05267061 0.06869633 0.05994805 0.05445726 0.05932683 0.06234213 0.05600391 0.05725238 0.06540246 0.08117878 0.04730117 0.09980286 0.07926350 0.07288795 0.04914241 0.09306650 0.12553836 0.07701672 0.07649832 0.06088995 0.06976278 0.04750393 0.06827507 0.07277302 
0.06342824 0.05169349 0.05854837 0.06243034 0.05755744 0.07968649 0.08648781 0.08314958 0.06873804 0.08267854 0.00000000 0.04199797 0.06817447 0.08543647 0.08797911 0.06021526 0.07320045 0.07670433 0.10168356 0.08071396 0.05511922 0.07744850 0.09957595 0.05999168 0.08118441 0.07766311 0.07026179 0.13759810 0.07317823 0.11524386 0.08723265 0.07076360 0.06157125 0.08198503 0.07895812 0.05289704 0.05674230 0.07672163 0.05954052 0.09646107 0.05347324 0.10636203 0.08838996 0.09905302 0.07893494 0.06202598 0.05317023 0.05541623 0.08570332 0.05515736 0.07585124 0.08559354 0.07919095 0.08656959 0.06389271 0.05408906 0.06285309 0.10416637 0.08162822 0.13993009 0.06226724 0.09145858 0.09170702 0.06168469 0.06797814 0.07106907 0.05398847 0.05299234 0.09277536 0.06468459 0.06851597 0.04799031 0.07691325 0.08998130 0.05597474 0.10093101 0.06709846 0.07107331 0.09475639 0.09977518 0.07005816 0.09062899 0.07308237 0.05421594 0.08324733 0.05820253 0.08471844 0.10091284 0.06741797 0.05884189 0.06719738 0.07227505 0.08328906 0.07531390 0.07205452 0.06707796 0.06998055 0.09799215 0.07974205 0.08578785 0.07796744 0.07155190 0.06249848 0.08432390 0.05185440 0.06740371 0.07464568 0.07819114 0.07789893 0.04861955 0.07988705 0.06112832 0.06428984 0.06882861 0.06221514 0.04515233 0.06065201 0.11624909 0.08379418 0.06890500 0.06944233 0.07187705 0.06107396 0.04377922 0.07662466 0.08092440 0.07287309 0.05262170 0.08063996 0.05513670 0.05972384 0.11136438 0.04881499 0.06681367 0.04345063 0.08238426 0.05510285 0.06344160 0.07154479 0.05976662 0.09685097 0.04572839 0.08068354 0.05919841 0.08052467 0.06472266 0.07193026 0.06682139 0.07001455 0.07061038 0.07276991 0.05834819 0.07088913 0.09440577 0.06262400 0.08544173 0.08779815 0.05482782 0.06219508 0.05674049 0.07089349 0.06223100 0.05904251 0.07449151 
0.09884323 0.05173153 0.03991662 0.07803901 0.05762610 0.07933892 0.07100019 0.08782987 0.05213487 0.12115390 0.04199797 0.00000000 0.08442946 0.19516026 0.08017228 0.07806697 0.09005045 0.06325613 0.05336221 0.08070951 0.04819720 0.03093667 0.05145651 0.03504999 0.06248449 0.05503032 0.06061239 0.11606773 0.10837547 0.04948621 0.11206578 0.12097166 0.05981066 0.10419275 0.04842960 0.07555280 0.10918639 0.07559701 0.04592656 0.13472415 0.05290997 0.08377769 0.05517238 0.04027602 0.08092605 0.08496904 0.05207018 0.09118903 0.05669511 0.06083096 0.08514712 0.08367660 0.04290360 0.06325580 0.19624413 0.05451404 0.25616687 0.06346955 0.05926448 0.05445891 0.06266016 0.07528435 0.08817593 0.08368236 0.04746983 0.06607015 0.05373671 0.07899551 0.03803168 0.03800603 0.05377104 0.04173849 0.08622725 0.07383252 0.11926852 0.06715607 0.07408896 0.05132146 0.04128859 0.06381071 0.11478680 0.06104121 0.07434937 0.05412258 0.05100826 0.04640935 0.06095380 0.06237545 0.04564892 0.04223327 0.06376145 0.05420535 0.05358692 0.10234311 0.03943172 0.07571405 0.07082768 0.17617089 0.10205411 0.07465005 0.09670495 0.07332868 0.07562607 0.02169692 0.08452920 0.06207479 0.07073508 0.05969581 0.05000559 0.06957300 0.05215304 0.05307560 0.06307591 0.06224288 0.06317640 0.07496210 0.07014675 0.05418153 0.03133530 0.05815527 0.05847201 0.05884968 0.04793148 0.07783271 0.14503607 0.05775903 0.03690986 0.13004352 0.09995180 0.10829512 0.05505280 0.06612700 0.07720143 0.06074925 0.05736806 0.11365352 0.10216588 0.09351714 0.08469444 0.08165534 0.09217183 0.08542068 0.08549319 0.05253699 0.07927258 0.05339572 0.11274219 0.08726535 0.09586561 0.07786858 0.11488978 0.10431553 0.07551828 0.04753466 0.10786620 0.02788581 0.07184111 0.06965299 0.10779897 0.08338676 0.06291123 0.05396524 0.06756610 0.07755599 
0.05371187 0.05912745 0.06199755 0.06487347 0.07061198 0.07759168 0.07390317 0.08673690 0.14529694 0.08396728 0.06817447 0.08442946 0.00000000 0.13802791 0.08160301 0.06637856 0.11541041 0.08790995 0.07272045 0.07757518 0.08724218 0.09158895 0.08183544 0.16880147 0.10266714 0.10670935 0.06928204 0.10741800 0.05477472 0.06801144 0.09466441 0.03792798 0.09556321 0.07648745 0.07236231 0.06455781 0.05047697 0.05705993 0.04460781 0.03744945 0.07825100 0.05961742 0.07261192 0.06036192 0.03067855 0.11453745 0.04300539 0.15730063 0.08464955 0.14992166 0.06282113 0.07306669 0.26641796 0.08019826 0.07660270 0.12729259 0.07989480 0.09974456 0.05448207 0.08026213 0.05435191 0.10927505 0.07034755 0.09348893 0.09240576 0.09356250 0.09164581 0.03915851 0.04374428 0.11030570 0.06948972 0.05801648 0.05536110 0.08009167 0.04736557 0.08689944 0.04726518 0.06826159 0.04601394 0.04099938 0.10300054 0.05730032 0.06204126 0.11005596 0.07033794 0.03554820 0.06478733 0.10136554 0.07404838 0.15335487 0.02740292 0.04318778 0.07804917 0.09850046 0.09783688 0.05577718 0.05850661 0.07105855 0.06750407 0.06877677 0.09282673 0.05654272 0.03757417 0.06448422 0.06789507 0.08970524 0.07516478 0.07144228 0.06659364 0.03936805 0.06443042 0.05508006 0.05884573 0.05416526 0.07089800 0.09594738 0.06917505 0.06596370 0.06710344 0.09836444 0.04030893 0.04195176 0.06301244 0.04633343 0.09388758 0.08000293 0.06910003 0.09320673 0.05490180 0.07970066 0.05459769 0.09788242 0.04415830 0.05173388 0.03658049 0.05316167 0.08251129 0.07223740 0.09362772 0.07264661 0.04946946 0.06881841 0.04300897 0.05316154 0.10865808 0.07384156 0.04084220 0.05489950 0.06904144 0.05749696 0.09471742 0.03734617 0.02349794 0.08673615 0.05955390 0.04626149 0.05701790 0.03697639 0.04772246 0.07612444 0.05533616 0.05707195 0.04152426 0.07076911 
0.05051240 0.05667440 0.10722580 0.03951735 0.06750356 0.05596826 0.07968517 0.10439442 0.10941165 0.08000768 0.08543647 0.19516026 0.13802791 0.00000000 0.11437540 0.05690516 0.08570446 0.07158417 0.05851331 0.05913500 0.05528870 0.05111961 0.04950131 0.04853172 0.06156018 0.06727357 0.09262717 0.11926199 0.14666277 0.07010920 0.17475127 0.07371301 0.10703459 0.06662010 0.06413546 0.05755694 0.09747478 0.06865256 0.04630216 0.07854418 0.10246024 0.04847397 0.05328137 0.03139981 0.05287802 0.09900479 0.09434388 0.06099053 0.06342461 0.09670444 0.05223160 0.06073946 0.10028449 0.08696353 0.12991468 0.05251922 0.10269862 0.07302128 0.05756085 0.07990550 0.12007177 0.04795649 0.06295240 0.06935043 0.06086590 0.05331142 0.09948026 0.05075116 0.05405904 0.03901967 0.05769783 0.07015620 0.04098413 0.06565921 0.06621526 0.11064132 0.05912318 0.09477654 0.05062060 0.05228834 0.10784705 0.07241920 0.06467243 0.10622457 0.08225262 0.07978568 0.06897218 0.05711804 0.09807527 0.07675386 0.06147196 0.06465709 0.08255970 0.08425788 0.06924479 0.07739648 0.09086057 0.08430109 0.06806819 0.10724719 0.07975338 0.09378558 0.07363383 0.06446332 0.06549213 0.05505991 0.07427092 0.07453447 0.02763722 0.05561979 0.05582544 0.05971473 0.08104084 0.08081702 0.07244797 0.06326641 0.05677712 0.09134807 0.05088544 0.06925894 0.08426581 0.08049454 0.05253576 0.09942735 0.06809725 0.03462896 0.04021197 0.10459516 0.05906483 0.09257411 0.04436300 0.06169338 0.08922284 0.10278767 0.04046702 0.06336231 0.08920356 0.05575717 0.07052427 0.05422214 0.06140408 0.08215049 0.07653023 0.05128362 0.06257368 0.05799723 0.12582114 0.03781598 0.08100528 0.04483119 0.07391171 0.05218877 0.08396021 0.08810966 0.05652742 0.08852334 0.11104868 0.09356611 0.06155916 0.08832097 0.08312573 0.05909037 0.04209262 0.08000393 
0.09622458 0.05458620 0.04005891 0.12447400 0.10017090 0.06625501 0.05198334 0.07831095 0.06143210 0.10788140 0.08797911 0.08017228 0.08160301 0.11437540 0.00000000 0.13275790 0.30785223 0.09907084 0.06887697 0.07371377 0.11039779 0.06491416 0.08589280 0.04153214 0.07256243 0.05927783 0.05946830 0.07584072 0.31368927 0.07758864 0.06903549 0.06072748 0.06781922 0.05077818 0.09872321 0.06496581 0.10074464 0.06120343 0.06276543 0.07830498 0.09198516 0.07129988 0.06672307 0.07031099 0.08556375 0.06933638 0.07122134 0.03768494 0.06856898 0.07959805 0.10534909 0.10695008 0.06302863 0.13216914 0.09428156 0.06533772 0.09081559 0.07855686 0.03261202 0.06063767 0.07677407 0.03635553 0.08810729 0.07422225 0.07130023 0.05306588 0.06346637 0.05451975 0.02719008 0.08344662 0.05779755 0.05843502 0.07659103 0.06771893 0.06834120 0.05774485 0.05829979 0.09227150 0.06012126 0.04026135 0.07800958 0.03709320 0.05639566 0.05072857 0.05379947 0.08163190 0.07196661 0.05339181 0.11035728 0.14075432 0.08309439 0.08457102 0.05073993 0.05468532 0.09307889 0.04894354 0.08084164 0.10108943 0.09311624 0.08137557 0.12657591 0.04477790 0.06461329 0.03444221 0.08968450 0.06320568 0.06060038 0.04756967 0.10579172 0.05770813 0.05709578 0.06431677 0.05285756 0.04585364 0.05114718 0.05942325 0.07496912 0.05655743 0.06005483 0.06819340 0.05327981 0.06989391 0.05780740 0.09760879 0.07690798 0.05739217 0.10759167 0.06501237 0.08923404 0.06957571 0.09082549 0.07894387 0.08650700 0.06671240 0.04895464 0.06768485 0.06836470 0.07168514 0.05720630 0.04236469 0.10262489 0.06604935 0.05034694 0.06601624 0.05355403 0.04221805 0.11433043 0.07298276 0.08178146 0.06480960 0.06509361 0.04309302 0.06293646 0.03844130 0.08624508 0.04348517 0.05241331 0.06074735 0.05394887 0.06402433 0.04888462 0.06114949 0.09076444 0.07401937 
0.06491931 0.05827883 0.02417349 0.05002297 0.09172017 0.07973992 0.05011252 0.10940824 0.04631231 0.12787946 0.06021526 0.07806697 0.06637856 0.05690516 0.13275790 0.00000000 0.09459667 0.13052760 0.08856544 0.05360133 0.06985326 0.04257854 0.04872312 0.05876176 0.08453903 0.11445543 0.05390417 0.05383993 0.11218015 0.10436619 0.06889433 0.08958730 0.05854226 0.07584600 0.14659260 0.05700325 0.06038513 0.04556061 0.05754860 0.04082590 0.07214722 0.04908947 0.06459936 0.05536330 0.11668310 0.08022606 0.03293667 0.00000000 0.05900952 0.19979986 0.09296817 0.11770257 0.09579751 0.10905444 0.09825101 0.04660689 0.05376159 0.08069424 0.07193828 0.07683302 0.04552458 0.06924160 0.08521232 0.05066803 0.06930698 0.05038092 0.09100518 0.06177901 0.07887738 0.06558379 0.06132989 0.11385276 0.07055110 0.07572957 0.08869729 0.07517944 0.06643248 0.04174980 0.05558089 0.07912646 0.06666520 0.09909536 0.11345390 0.08101714 0.11094743 0.10747014 0.12038629 0.06424162 0.12122647 0.03655606 0.07294443 0.04413578 0.05915995 0.03430299 0.06808836 0.06970505 0.05643489 0.02985601 0.08022394 0.04054383 0.06953607 0.06778794 0.04783046 0.10303966 0.03052328 0.08570826 0.10197037 0.07181520 0.05877547 0.09681365 0.05682622 0.12213731 0.07132602 0.01043941 0.06768946 0.08875701 0.07090833 0.10152879 0.07856670 0.12203162 0.08892761 0.06519303 0.09174869 0.06863985 0.08256957 0.01534547 0.06792199 0.11151699 0.05963947 0.08114744 0.09551821 0.08055234 0.07318726 0.02808949 0.03306164 0.09696080 0.10049486 0.08753610 0.15017304 0.06600772 0.01015876 0.05783768 0.12544232 0.07573827 0.08741790 0.10383052 0.08292051 0.04254165 0.07477981 0.06850917 0.09154240 0.12229079 0.04805529 0.07098762 0.03005226 0.08371155 0.03492190 0.07039212 0.02395973 0.06090462 0.06565743 0.03624734 0.07381294 0.07411774 
0.08416800 0.08082071 0.06108452 0.06818862 0.06002269 0.12424644 0.06051918 0.09394218 0.04466486 0.06523494 0.07320045 0.09005045 0.11541041 0.08570446 0.30785223 0.09459667 0.00000000 0.09069462 0.05534478 0.09323929 0.08451950 0.03111571 0.05626552 0.05566654 0.04810099 0.06239906 0.12401522 0.10706648 0.22690528 0.06968526 0.06723486 0.08958869 0.10118761 0.06046991 0.06456032 0.06329024 0.05581483 0.03601700 0.10950988 0.04464653 0.14326449 0.05318381 0.05262465 0.04844732 0.06333482 0.08112208 0.07831003 0.07379382 0.05982074 0.07573704 0.08124869 0.08558875 0.03571911 0.06531031 0.06992642 0.08272593 0.08280180 0.04795634 0.02983235 0.07361572 0.07773401 0.03478493 0.06377353 0.08237133 0.08120284 0.06804403 0.07089348 0.04725217 0.07358239 0.04416619 0.03656924 0.14668561 0.05698471 0.06620355 0.08108004 0.10214613 0.07809687 0.09522123 0.07554707 0.06368888 0.11744179 0.02241490 0.07298300 0.07595692 0.04319107 0.09642493 0.05900601 0.06920199 0.06732045 0.10453660 0.05544616 0.08049187 0.06541049 0.06183373 0.09553358 0.07898691 0.08034385 0.06522515 0.06227284 0.06984444 0.08228711 0.06427118 0.12088397 0.08376953 0.06323317 0.05353336 0.12309843 0.07384285 0.05509512 0.06083345 0.05716403 0.06541285 0.08893942 0.06614616 0.07340535 0.09121684 0.05373174 0.06825999 0.07803951 0.05946238 0.05636436 0.03465764 0.05636181 0.06385462 0.05422109 0.05277166 0.07689675 0.07546178 0.04612585 0.09670436 0.07479171 0.07582642 0.05732122 0.08330562 0.06157131 0.07149991 0.08572205 0.10549737 0.06007581 0.05582002 0.07006141 0.10779956 0.03224890 0.08398129 0.07958328 0.05025306 0.08850196 0.08107421 0.07696310 0.08366863 0.08850235 0.07181682 0.08171910 0.05350761 0.07225807 0.05300296 0.05256083 0.08545068 0.06517327 0.05146104 0.07795644 0.05063440 0.09471117 0.07853131 
0.04926767 0.05389304 0.07821795 0.07485964 0.08065512 0.09843738 0.04317071 0.08655834 0.07071008 0.04838086 0.07670433 0.06325613 0.08790995 0.07158417 0.09907084 0.13052760 0.09069462 0.00000000 0.08474978 0.07444900 0.03407771 0.14070653 0.16686329 0.08415372 0.10718424 0.15494839 0.09783887 0.04921062 0.09176425 0.04717140 0.05907010 0.09912793 0.09897981 0.04198005 0.07727063 0.05617967 0.04301426 0.05076938 0.09925444 0.03848334 0.07093912 0.10883022 0.07976122 0.10945384 0.27016125 0.07742497 0.12419638 0.07159918 0.08231527 0.10335974 0.07981696 0.11148730 0.08424566 0.10414881 0.06233531 0.09003514 0.06509617 0.04344289 0.07043834 0.04653490 0.11529755 0.08155625 0.06604385 0.08848669 0.07720637 0.09145771 0.06755615 0.07474564 0.06231943 0.09666820 0.06204939 0.09571408 0.02032866 0.06697725 0.05119993 0.03186975 0.06463988 0.04381332 0.05879483 0.10070185 0.08930437 0.07794195 0.09031114 0.06277202 0.04107266 0.06327694 0.05532023 0.07584586 0.07936980 0.05530131 0.05431125 0.05342354 0.06817472 0.07046317 0.04258026 0.06539209 0.07726965 0.10775108 0.06979786 0.06013004 0.10543097 0.07160538 0.08459678 0.02359442 0.05241007 0.03976055 0.06249003 0.06557994 0.06478487 0.07913619 0.08358898 0.08653280 0.08854289 0.09107315 0.08302918 0.08789816 0.06691426 0.04847592 0.08162087 0.05971002 0.07177581 0.05663974 0.07133467 0.07078333 0.09207100 0.06834744 0.07291277 0.05548211 0.04997739 0.06736798 0.03225031 0.04617511 0.05867799 0.07806314 0.07759803 0.10297274 0.04485351 0.06745251 0.05590073 0.08443578 0.07173663 0.03956910 0.06251457 0.06848207 0.06505390 0.09325720 0.08852384 0.06352465 0.06706636 0.07491834 0.05735639 0.10677456 0.07684781 0.08646320 0.03730148 0.05407360 0.04073703 0.07316169 0.06613314 0.07241476 0.05475890 0.08080853 0.05743782 0.06901049 
0.05151800 0.07159246 0.04450356 0.05059980 0.06358693 0.08619972 0.10198727 0.07019298 0.09029100 0.10488641 0.10168356 0.05336221 0.07272045 0.05851331 0.06887697 0.08856544 0.05534478 0.08474978 0.00000000 0.21005417 0.11920780 0.16274691 0.10284377 0.08038037 0.12315565 0.07417267 0.11671660 0.08183842 0.06058158 0.08107481 0.07571649 0.07298106 0.09182898 0.09837153 0.05884787 0.05366262 0.07770351 0.08521126 0.07282091 0.06817350 0.06615137 0.10240382 0.08613362 0.08926859 0.08111872 0.08738243 0.07600363 0.04850406 0.06462243 0.05424903 0.06510680 0.05192977 0.06416476 0.05993073 0.06947854 0.07327118 0.04255007 0.08635282 0.06462808 0.07140434 0.07840981 0.07416222 0.07311860 0.07772268 0.07828258 0.06868981 0.08141660 0.06655718 0.06115364 0.09810551 0.12387264 0.09063031 0.06131641 0.08196855 0.04260219 0.07196315 0.07750269 0.05795487 0.08260761 0.05451868 0.08100272 0.12365062 0.05831896 0.04458656 0.06188992 0.05433321 0.06866701 0.05683686 0.07123974 0.05859982 0.05021468 0.07539686 0.06908623 0.05623925 0.05564280 0.05506853 0.04822937 0.06037972 0.07867366 0.06939988 0.09391900 0.08575435 0.04616808 0.05429515 0.06654649 0.06628485 0.05159247 0.07413641 0.07309029 0.06100950 0.07356083 0.06645395 0.06366449 0.06912413 0.08112875 0.08188713 0.08205462 0.08040900 0.06955270 0.08059058 0.09447207 0.05504051 0.11600878 0.06592805 0.06447724 0.06193679 0.08332549 0.09602325 0.05488953 0.08106640 0.08491330 0.07292014 0.06127445 0.06128879 0.05835310 0.07088576 0.06038955 0.05640000 0.06128928 0.05280670 0.05778054 0.05781341 0.06243099 0.05163369 0.07080662 0.06686629 0.05854106 0.08857393 0.07161532 0.05322828 0.06016895 0.06998682 0.09024071 0.06954682 0.05734284 0.07357112 0.07305346 0.07169294 0.05383819 0.05997971 0.06954613 0.09252794 0.05084624 0.07339016 
0.07355684 0.05270916 0.07759147 0.06142420 0.04443714 0.06847692 0.07771996 0.08076835 0.07624391 0.08875738 0.08071396 0.08070951 0.07757518 0.05913500 0.07371377 0.05360133 0.09323929 0.07444900 0.21005417 0.00000000 0.15582639 0.09403247 0.09162630 0.07484049 0.11410012 0.06453170 0.07885969 0.03270438 0.07917720 0.07175742 0.09225527 0.08013818 0.08035985 0.07257058 0.05287601 0.09371489 0.07562132 0.09027735 0.11605899 0.09124424 0.08536417 0.07597660 0.05391779 0.06155136 0.07216823 0.08136048 0.07224702 0.05620972 0.06247576 0.06358810 0.09694010 0.10591277 0.06197235 0.04402893 0.07024563 0.08894577 0.08034540 0.07490903 0.10569487 0.05544955 0.06645195 0.05203554 0.08229977 0.05298023 0.07643219 0.09141655 0.07746397 0.05099914 0.07018600 0.10227464 0.04914515 0.08775107 0.03723621 0.08416013 0.05360428 0.06915284 0.07037713 0.03370914 0.06290064 0.08838952 0.06736351 0.07967539 0.07420939 0.06362599 0.04205724 0.07145543 0.08465889 0.04390915 0.08918071 0.05966331 0.06044720 0.05470773 0.06209867 0.09622078 0.11447262 0.04770451 0.04766918 0.05818608 0.07145973 0.05926494 0.07184800 0.08284655 0.06760975 0.05173693 0.06151998 0.06926985 0.09986582 0.06446408 0.08119109 0.06880733 0.09850862 0.09332647 0.06739299 0.08148077 0.09617892 0.10105953 0.08846671 0.07804391 0.06341717 0.07175651 0.10829022 0.05459511 0.06579493 0.08041975 0.05678189 0.06589829 0.05208754 0.07028269 0.08016990 0.09485517 0.04593915 0.07906657 0.06126995 0.06263817 0.06135218 0.06137061 0.05510786 0.08248447 0.04785308 0.08344451 0.04243256 0.08356727 0.09453714 0.09091080 0.08769323 0.07807816 0.03851903 0.05277539 0.07970091 0.04516784 0.04962786 0.06657342 0.08053102 0.08460970 0.05877786 0.05276202 0.07483576 0.07361622 0.06635992 0.07848193 0.06073888 0.09403745 0.04546282 0.07127736 
0.07630043 0.06307893 0.07057447 0.05130793 0.07844206 0.07006665 0.04405737 0.11472428 0.07083478 0.06509618 0.05511922 0.04819720 0.08724218 0.05528870 0.11039779 0.06985326 0.08451950 0.03407771 0.11920780 0.15582639 0.00000000 0.09655031 0.14295989 0.11081606 0.09573192 0.06100518 0.05569541 0.08659356 0.08040201 0.04068766 0.07805410 0.06899405 0.07518929 0.10623422 0.08354038 0.04660163 0.08786659 0.07187605 0.04521135 0.10608943 0.06268829 0.07962613 0.07865782 0.06701732 0.08024754 0.06055329 0.12020314 0.08064823 0.05151365 0.08467888 0.11189880 0.11380643 0.03693711 0.07364818 0.10588792 0.06727991 0.05853336 0.11173692 0.07607075 0.11135192 0.09030085 0.06956940 0.06315669 0.08710251 0.06444916 0.05417672 0.06785852 0.09407777 0.09848976 0.06895813 0.19309061 0.07761845 0.09232063 0.06972035 0.03785162 0.09908916 0.07486800 0.06263664 0.07147927 0.04036049 0.06002106 0.04597626 0.06739129 0.06985938 0.09435936 0.11273139 0.06646708 0.07675087 0.09491194 0.07232972 0.06136484 0.03231173 0.12413679 0.03809544 0.10048708 0.04658395 0.10423225 0.07435763 0.06157446 0.05424847 0.07888649 0.12340951 0.04864929 0.03116698 0.05382221 0.06105222 0.06844958 0.06789803 0.05271369 0.08870406 0.06223263 0.05651162 0.08598865 0.08370135 0.07294335 0.06560991 0.09750477 0.05060658 0.07402472 0.08090671 0.05680588 0.05183302 0.10251205 0.03638647 0.05710086 0.04796076 0.02712759 0.04641638 0.04288396 0.08202505 0.04034523 0.15193733 0.08586363 0.10675701 0.03525855 0.08010642 0.10631756 0.06711831 0.10498587 0.07854812 0.08159192 0.06198876 0.03351157 0.01864800 0.06293881 0.06272035 0.06675394 0.08007989 0.06239763 0.05050536 0.07868327 0.06535748 0.04997837 0.06901942 0.05986170 0.10847788 0.04849085 0.06191617 0.05394240 0.03646048 0.06640058 0.07047688 0.08331139 0.08778486 
0.07620853 0.06895822 0.09843265 0.04997378 0.07678523 0.08594487 0.07552548 0.04884153 0.07588629 0.06816792 0.07744850 0.03093667 0.09158895 0.05111961 0.06491416 0.04257854 0.03111571 0.14070653 0.16274691 0.09403247 0.09655031 0.00000000 0.22119904 0.15466128 0.15081896 0.10896722 0.14478900 0.07057892 0.04929020 0.08422800 0.10678087 0.07137747 0.08641407 0.08385689 0.08456193 0.05943922 0.06789579 0.08999711 0.12377211 0.06237169 0.08510912 0.10572320 0.08860935 0.09657193 0.21029806 0.06297203 0.05564922 0.05075705 0.09017864 0.05193393 0.06027947 0.05549782 0.08001308 0.06370253 0.04840917 0.07099452 0.12804756 0.05928592 0.04038880 0.04836733 0.05124949 0.09418235 0.08818680 0.06321197 0.10742185 0.07627297 0.06589564 0.08012808 0.15723361 0.23670463 0.10342296 0.13613379 0.05177886 0.07618414 0.04032037 0.03649726 0.06515922 0.07768021 0.10097692 0.05498510 0.04650576 0.08093100 0.02768591 0.05124494 0.04035186 0.05632666 0.08581378 0.09193719 0.04179487 0.07585229 0.07446168 0.06416648 0.09952274 0.02895102 0.05374535 0.06572142 0.06604456 0.06638594 0.09433274 0.05592524 0.06862129 0.08374289 0.07221992 0.11198503 0.06351817 0.05566793 0.05619341 0.04074447 0.05894819 0.07253119 0.11598763 0.09843568 0.05140777 0.07175865 0.06812252 0.05167314 0.05535994 0.07345874 0.08649016 0.04697830 0.07193183 0.06475642 0.06212397 0.05736441 0.05476816 0.09743660 0.04744154 0.04357451 0.06318825 0.04891221 0.06698611 0.04601116 0.03807507 0.07667833 0.05418003 0.05657409 0.07216796 0.06279692 0.03700134 0.07101159 0.05974629 0.07133649 0.04260738 0.05458115 0.06062614 0.02847577 0.04571099 0.04842419 0.05157714 0.06196659 0.05039692 0.04139303 0.08798005 0.07542250 0.04682946 0.04875825 0.05658574 0.04739230 0.07765594 0.07404733 0.05013552 0.05188464 0.05717493 0.07070073 
