0.00000000 0.03254167 0.06240480 0.02083339 0.03048686 0.03504584 0.02732397 0.01771365 0.02477900 0.00774905 0.01992999 0.04564484 0.02735721 0.02239435 0.05203927 0.02093712 0.02106135 0.01713868 0.03311474 0.02557298 0.02358954 0.03549731 0.03515733 0.04072961 0.02557298 0.02464794 0.03408268 0.03844093 0.01499731 0.01900341 0.03924481 0.03595186 0.02872145 0.02872145 0.02215597 0.05462505 0.03915941 0.02872145 0.02872145 0.03224528 0.02744334 0.02754414 0.02530056 0.02411770 0.02482764 0.06957659 0.01988215 0.05566061 0.02596760 0.04276971 0.02191515 0.03086498 0.04019751 0.02176308 0.00643851 0.04536212 0.01628724 0.01854377 0.02458904 0.01391784 0.03664790 0.01966045 0.02974031 0.03515733 0.02883411 0.03246881 0.02813391 0.02872145 0.02559448 0.03303746 0.02872145 0.00768969 0.02586598 0.02872145 0.03113597 0.03551285 0.03343331 0.02657505 0.01014662 0.02872145 0.02069350 0.02392588 0.01633759 0.02819376 0.02443673 0.03258391 0.02704134 0.02443718 0.01139868 0.03152918 0.04554940 0.02528865 0.02249760 0.03456999 0.01945763 0.04993759 0.02721397 0.03053556 0.02917189 0.02611048 0.01465259 0.03545847 0.02832806 0.01985570 0.05107185 0.05085913 0.02632699 0.01425830 0.01727913 0.02325924 0.02498826 0.02913875 0.01726732 0.01810511 0.02175997 0.02382336 0.02857435 0.02172658 0.02329727 0.02650922 0.03184309 0.01667998 0.02191428 0.02298259 0.02924609 0.01421968 0.02822592 0.02498826 0.02671640 0.02790028 0.02409132 0.04396469 0.03219009 0.03754361 0.01094436 0.02095220 0.02675106 0.01042576 0.02602307 0.04410054 0.03206913 0.04201343 0.03013754 0.01356819 0.04527789 0.03554593 0.02301747 0.03018549 0.02543747 0.03355105 0.03085191 0.04792604 0.01778899 0.04058173 0.03149145 0.02710294 0.01310111 0.01188025 0.04494622 0.01613325 0.03715688 0.04039489 0.02174745 0.02803854 
0.03254167 0.00000000 0.03728717 0.02910845 0.07486055 0.05143600 0.04176686 0.03759728 0.03440849 0.02106535 0.02061430 0.01786381 0.02145372 0.02638457 0.02819900 0.01931808 0.02219802 0.04166032 0.04029385 0.03318017 0.02289935 0.03097523 0.02205058 0.02108131 0.03318017 0.03353406 0.03519860 0.02671836 0.02876339 0.01745053 0.02510607 0.02439155 0.02923276 0.02923276 0.02501936 0.02048118 0.03103758 0.02923276 0.02923276 0.01740858 0.02835673 0.04981292 0.02480696 0.05411676 0.02278759 0.02965493 0.02773087 0.03062495 0.03246228 0.01365946 0.04851727 0.02614236 0.01337755 0.02985931 0.02650009 0.03305450 0.03130696 0.03203100 0.03165548 0.02321141 0.02623128 0.03032085 0.04260730 0.02205058 0.02325677 0.03216556 0.01664202 0.02923276 0.02796575 0.04680729 0.02923276 0.01978586 0.01864290 0.02923276 0.03580196 0.01596520 0.03781656 0.02901742 0.02499260 0.02923276 0.02686977 0.04913712 0.02001474 0.03806502 0.01472190 0.01614166 0.03579817 0.03779763 0.01565849 0.03244200 0.02420670 0.01963887 0.02163391 0.03027087 0.03312316 0.02290912 0.01433399 0.02576587 0.04556466 0.02144224 0.02990257 0.01593864 0.02418148 0.04762997 0.03497535 0.02289414 0.02531490 0.03356798 0.03209148 0.02012755 0.03466400 0.02802938 0.02232397 0.02583661 0.02569746 0.02407790 0.02430084 0.03521124 0.02043112 0.02274352 0.03933855 0.01688127 0.02685881 0.01915110 0.02529096 0.03591132 0.02043961 0.03466400 0.04160069 0.03559778 0.01439083 0.02463062 0.02309146 0.03098396 0.02826163 0.02104746 0.03185281 0.02093997 0.01395015 0.05172520 0.01533268 0.01659292 0.02147616 0.02681391 0.01788095 0.03993579 0.02931189 0.02334320 0.01551164 0.01926255 0.02299860 0.02550800 0.01969016 0.03657417 0.02870289 0.02432058 0.03952327 0.01535566 0.02240027 0.03120483 0.03320495 0.01898885 0.03330384 0.02894223 
0.06240480 0.03728717 0.00000000 0.04704141 0.03392629 0.05434059 0.03006054 0.05895288 0.03003883 0.05064315 0.03529469 0.01128369 0.04358298 0.03125714 0.04177310 0.02479407 0.02438824 0.01939387 0.03411165 0.02718778 0.04867781 0.02214489 0.02172026 0.03083975 0.02718778 0.02680357 0.03387500 0.04262903 0.01855132 0.00603343 0.05540075 0.03245094 0.02862557 0.02862557 0.02998579 0.02869513 0.02151201 0.02862557 0.02862557 0.03525791 0.03204059 0.02538695 0.02432465 0.02135207 0.01901912 0.01257963 0.03040604 0.01344185 0.02843082 0.05519178 0.01409092 0.02667041 0.02498856 0.03442338 0.03911488 0.01611779 0.01929126 0.01686602 0.06017113 0.01569591 0.02648003 0.01833551 0.03325238 0.02172026 0.02436983 0.01457916 0.03888207 0.02862557 0.04019950 0.03256697 0.02862557 0.02909712 0.01875075 0.02862557 0.00743982 0.04038769 0.02283976 0.01098447 0.01600414 0.02862557 0.02168484 0.01645159 0.04006050 0.02992437 0.02813560 0.04814060 0.02453270 0.02773809 0.00474513 0.01457478 0.03028367 0.03418077 0.02590865 0.04297718 0.01404283 0.05305510 0.02009142 0.04021564 0.03309798 0.01860896 0.03075092 0.03525132 0.03939352 0.02830521 0.01286730 0.01660519 0.01895208 0.04950060 0.04481376 0.03076999 0.02459973 0.01844318 0.02352632 0.01972377 0.01842686 0.04410954 0.03583033 0.04465007 0.02824752 0.02971005 0.03625009 0.00717969 0.02224996 0.02074676 0.01891493 0.01507608 0.03286516 0.02459973 0.02970242 0.02513535 0.01964005 0.01802906 0.03528962 0.02442170 0.02375902 0.04029920 0.02972855 0.02096016 0.02017424 0.02423308 0.01546113 0.02046183 0.02722322 0.03951268 0.02826147 0.03265424 0.02688616 0.04216686 0.02313099 0.01460705 0.03067791 0.00663476 0.02941664 0.02507554 0.04328567 0.02308366 0.00852075 0.04535067 0.01604560 0.03432810 0.02746731 0.02103894 0.02243350 0.02719756 
0.02083339 0.02910845 0.04704141 0.00000000 0.03970722 0.04338459 0.03426080 0.02783307 0.02060810 0.02504927 0.02042555 0.01863050 0.02742732 0.02433527 0.02049817 0.02060907 0.02601735 0.01803763 0.02642988 0.02384364 0.02857307 0.02395507 0.02250292 0.04994145 0.02384364 0.02235664 0.03189659 0.02061210 0.03775142 0.03423201 0.01330788 0.02230017 0.02776107 0.02776107 0.01725056 0.01391786 0.03204662 0.02776107 0.02776107 0.01656593 0.01495566 0.03162952 0.02825411 0.03374568 0.02088717 0.02467511 0.02998944 0.03065353 0.01619082 0.00693741 0.01894087 0.03405839 0.01393969 0.01871343 0.01845064 0.01825140 0.00688237 0.03602352 0.02214379 0.02637274 0.03671586 0.02264103 0.02940719 0.02250292 0.02652087 0.01723410 0.02811239 0.02776107 0.01814337 0.02435018 0.02776107 0.02359271 0.03006131 0.02776107 0.02897127 0.01611044 0.01626789 0.04204413 0.04784836 0.02776107 0.01936324 0.02853065 0.01559542 0.02038873 0.02258472 0.02293692 0.03410020 0.02201432 0.04246625 0.02337088 0.04095056 0.03349416 0.03034650 0.01270610 0.03223988 0.01662638 0.02219502 0.03867987 0.02082968 0.03378856 0.05745413 0.00433297 0.03389589 0.03698081 0.01929003 0.01872218 0.01606000 0.05511439 0.07848726 0.06368078 0.03021004 0.03698565 0.01871274 0.03465689 0.03377711 0.02827645 0.02271234 0.02730649 0.01468408 0.03266550 0.02027051 0.01912697 0.02262561 0.04180430 0.04254303 0.06419224 0.02905294 0.03021004 0.02555279 0.04190450 0.02335461 0.01692381 0.02613753 0.01949017 0.04803460 0.03848373 0.01784415 0.01047112 0.02617696 0.03480117 0.03568889 0.01831710 0.02586698 0.04571167 0.02560077 0.02770970 0.04329608 0.02296615 0.01741828 0.02826796 0.03787408 0.04634509 0.04407744 0.02968620 0.01464903 0.03590415 0.05295581 0.03297818 0.02275444 0.05219476 0.03893482 0.04772897 0.02869278 0.02654828 
0.03048686 0.07486055 0.03392629 0.03970722 0.00000000 0.04761986 0.03833591 0.04490480 0.03041195 0.02359926 0.02232630 0.02175051 0.02218088 0.02773390 0.01791207 0.04665812 0.01997046 0.03161795 0.03989417 0.03214457 0.02305979 0.03003263 0.02209069 0.02835309 0.03214457 0.03192314 0.02491701 0.02513403 0.02243303 0.02861235 0.02467910 0.01937251 0.02957982 0.02957982 0.02751244 0.02802668 0.02321129 0.02957982 0.02957982 0.02427411 0.02744130 0.04381596 0.02499644 0.04808034 0.02125862 0.04424931 0.03502923 0.01611271 0.03125912 0.02548644 0.06559596 0.02904507 0.01758525 0.03748818 0.02028935 0.02962706 0.03134909 0.03711445 0.03560765 0.03404622 0.01873235 0.02799247 0.04012429 0.02209069 0.02352202 0.02995203 0.02332111 0.02957982 0.02476322 0.04385284 0.02957982 0.02954929 0.01193315 0.02957982 0.02147365 0.02226632 0.03495876 0.03023232 0.02882613 0.02957982 0.02504433 0.04026767 0.01982894 0.03813713 0.01252932 0.01685638 0.03090637 0.03543915 0.01270445 0.02169273 0.02887630 0.02298267 0.02053160 0.03024662 0.06446933 0.03262283 0.01791480 0.02759961 0.04329601 0.02576134 0.03027686 0.02053834 0.03469331 0.03964569 0.03026455 0.02058628 0.02500959 0.02338662 0.01845048 0.03459064 0.03384492 0.04438672 0.01601484 0.01845772 0.03125514 0.02417156 0.02460818 0.03220474 0.01989219 0.02342985 0.02673181 0.02628303 0.02560368 0.01472277 0.03234914 0.02513017 0.02206389 0.03384492 0.03862407 0.02918203 0.01885857 0.02017239 0.03140414 0.02728965 0.03247877 0.01656876 0.02826583 0.03377292 0.01824457 0.04098481 0.02125534 0.02616125 0.02808922 0.02607546 0.01780348 0.02930513 0.02117427 0.02247676 0.01518099 0.01834627 0.01903240 0.01559955 0.02592646 0.02562091 0.02073414 0.03048618 0.02803845 0.02102557 0.01688149 0.02034318 0.03233780 0.01923728 0.02943047 0.02848874 
0.03504584 0.05143600 0.05434059 0.04338459 0.04761986 0.00000000 0.04683406 0.02518251 0.03952255 0.03417804 0.02241977 0.01532862 0.02375696 0.03066616 0.03192821 0.01867269 0.02924625 0.01940786 0.02735417 0.03508589 0.02368556 0.02286586 0.02273601 0.02139907 0.03508589 0.03589402 0.02561891 0.01888196 0.02791348 0.02816095 0.02990522 0.02910083 0.02970212 0.02970212 0.02963847 0.02278886 0.03639539 0.02970212 0.02970212 0.03556571 0.03321090 0.02318126 0.02534086 0.02380914 0.02577596 0.03048170 0.03104525 0.01933818 0.03665836 0.01599787 0.03074681 0.03226841 0.01585491 0.02218688 0.02107195 0.02816211 0.02431856 0.02859504 0.02607304 0.01943798 0.03143368 0.02455758 0.04681187 0.02273601 0.02353308 0.02027838 0.02150473 0.02970212 0.03311791 0.04245853 0.02970212 0.01953033 0.02573406 0.02970212 0.01622858 0.03838234 0.02774917 0.03950924 0.02740022 0.02970212 0.02956891 0.01531801 0.02336387 0.01785432 0.01569574 0.01961186 0.04145370 0.04108244 0.02012477 0.02963936 0.03601097 0.04629542 0.02443545 0.03336836 0.01806781 0.02814065 0.01910788 0.02855120 0.03434857 0.02412505 0.02557011 0.01617651 0.02844312 0.05125188 0.03378221 0.01922782 0.02556340 0.03828496 0.02270514 0.02438007 0.02546696 0.02285038 0.02110109 0.01944225 0.02841617 0.02483360 0.02511373 0.03973193 0.02252128 0.02384424 0.01994366 0.03623890 0.02903671 0.02769940 0.01672415 0.01792416 0.02234114 0.02546696 0.04528630 0.02521119 0.01796880 0.03513822 0.03065183 0.04104782 0.04340706 0.02661804 0.03647289 0.02883152 0.01632857 0.02786309 0.01778635 0.02789840 0.04270445 0.02281687 0.02416067 0.02759207 0.02150214 0.04520724 0.01876296 0.02231717 0.01790572 0.02600052 0.03786551 0.01878999 0.02373169 0.02885210 0.02427890 0.03133592 0.02675004 0.02233444 0.03184269 0.02326207 0.03737240 0.02933658 
0.02732397 0.04176686 0.03006054 0.03426080 0.03833591 0.04683406 0.00000000 0.03305970 0.07454141 0.05162691 0.02037643 0.02324992 0.02013278 0.02969279 0.02168006 0.01683337 0.02199770 0.01582770 0.02679617 0.03160721 0.02210134 0.02215030 0.02170274 0.02691631 0.03160721 0.03152425 0.02613881 0.01541771 0.01646227 0.03714694 0.03104065 0.01350293 0.02960215 0.02960215 0.01978589 0.02080943 0.02181028 0.02960215 0.02960215 0.05884722 0.02624908 0.02351572 0.02450070 0.02471575 0.02079675 0.03579419 0.02913005 0.00979203 0.02850490 0.00487499 0.02584194 0.03936244 0.01443972 0.02068543 0.03112772 0.02091760 0.01849375 0.04192757 0.01518885 0.03032706 0.03994979 0.05340266 0.04061810 0.02170274 0.02333724 0.01726436 0.01730632 0.02960215 0.02490345 0.03539943 0.02960215 0.02822729 0.02347815 0.02960215 0.00848098 0.06256069 0.02202262 0.05760571 0.02579761 0.02960215 0.04391386 0.02313703 0.04384434 0.01835028 0.01729240 0.01402363 0.03099112 0.03459972 0.01817911 0.05813200 0.01085208 0.02607536 0.01982472 0.02293817 0.01792700 0.03404554 0.03973745 0.04499847 0.02940102 0.02294293 0.03676329 0.02529058 0.03466188 0.04633413 0.03235842 0.02352576 0.02392360 0.01692644 0.03822718 0.02205946 0.02496769 0.02606595 0.04187490 0.02213697 0.02581664 0.02351985 0.02386912 0.03268780 0.01946750 0.02905007 0.02392089 0.00987459 0.02502413 0.03064574 0.04292056 0.04301999 0.02016842 0.02496769 0.03768201 0.03327134 0.02731143 0.04004574 0.02883343 0.03025094 0.02788250 0.01791100 0.02830442 0.03338707 0.01719815 0.02092805 0.01604075 0.02995587 0.03733889 0.05371951 0.02012909 0.02019068 0.02508083 0.01686187 0.03062713 0.01841671 0.02573284 0.03171217 0.03036048 0.01936859 0.02865712 0.02455308 0.05170329 0.01836946 0.01827227 0.04094724 0.01485762 0.02194810 0.02988983 0.02825383 
0.01771365 0.03759728 0.05895288 0.02783307 0.04490480 0.02518251 0.03305970 0.00000000 0.02040645 0.02324608 0.03292857 0.01810879 0.02576929 0.02810229 0.01998527 0.03484881 0.02114743 0.03566150 0.02506250 0.02559042 0.02483752 0.02256696 0.02087183 0.03463621 0.02559042 0.02228619 0.04119481 0.02463282 0.02309877 0.01772893 0.03658207 0.02337023 0.02685288 0.02685288 0.03449152 0.03990182 0.03066925 0.02685288 0.02685288 0.03051839 0.03121257 0.03817220 0.03320882 0.03379117 0.01580905 0.03151981 0.02281919 0.03773563 0.03634635 0.02716568 0.03267854 0.00845597 0.02276490 0.02221076 0.03251508 0.02775400 0.02819864 0.02867740 0.01614665 0.02887861 0.03298305 0.03094437 0.03741781 0.02087183 0.02565271 0.01985162 0.03366670 0.02685288 0.02459302 0.03111001 0.02685288 0.00723828 0.00904451 0.02685288 0.03404899 0.02175639 0.02578910 0.02725486 0.04897015 0.02685288 0.02724790 0.02206913 0.02768659 0.03235305 0.03448545 0.02249389 0.01841020 0.02420386 0.01741203 0.01805444 0.03224764 0.02592021 0.02389844 0.03423076 0.02633457 0.01798992 0.04566479 0.04806599 0.03393047 0.02530110 0.02659390 0.02081578 0.04253389 0.02369979 0.02451975 0.02547770 0.05479315 0.02070790 0.02190131 0.02802905 0.02558299 0.01848592 0.03789846 0.02999850 0.03099061 0.02463930 0.02336585 0.03087699 0.01701513 0.02776146 0.03197249 0.01690422 0.02725736 0.02061010 0.01736257 0.01630773 0.02147577 0.02558299 0.03062317 0.03544982 0.02781833 0.02050820 0.05179729 0.03594685 0.04874368 0.02511834 0.04975687 0.02601306 0.02214824 0.04299664 0.02468591 0.03493562 0.03531726 0.01932991 0.03473423 0.05612882 0.03396353 0.02546145 0.04385702 0.03055162 0.02634674 0.03654109 0.01609234 0.05498164 0.03083223 0.02361048 0.01770969 0.04087723 0.02338512 0.01269449 0.03131927 0.01544888 0.01856397 0.02629568 
0.02477900 0.03440849 0.03003883 0.02060810 0.03041195 0.03952255 0.07454141 0.02040645 0.00000000 0.04215252 0.02140232 0.03007195 0.02300547 0.02208794 0.02081749 0.02190149 0.02241616 0.02313133 0.02561401 0.03724413 0.01987731 0.02054387 0.01986119 0.03165041 0.03724413 0.04611059 0.02084542 0.01663705 0.01352581 0.03845867 0.04820090 0.01685758 0.02790356 0.02790356 0.01925493 0.02166427 0.02442425 0.02790356 0.02790356 0.04415018 0.02875709 0.02021380 0.02275958 0.02152679 0.03492909 0.02335332 0.02315022 0.02634616 0.03210837 0.01939195 0.03698974 0.03619757 0.02594873 0.02055074 0.02329928 0.03619676 0.02579050 0.03056794 0.00847925 0.02514039 0.03416660 0.04551596 0.05035876 0.01986119 0.02111970 0.02366693 0.02471699 0.02790356 0.03560275 0.04424782 0.02790356 0.01822048 0.03215872 0.02790356 0.02862376 0.04760289 0.03120549 0.03445766 0.02719422 0.02790356 0.03938649 0.03723972 0.04083201 0.02426832 0.02176564 0.01546959 0.03842641 0.05013842 0.02245620 0.04855394 0.02731245 0.01929783 0.02407420 0.02035740 0.02191254 0.03304904 0.03111196 0.01814369 0.03987918 0.01806210 0.02586727 0.00840713 0.02168081 0.02621079 0.02028093 0.03370706 0.02945035 0.02907783 0.02834778 0.03203548 0.02287037 0.01988972 0.01792710 0.02614572 0.02055108 0.02183367 0.02010428 0.04478397 0.02231959 0.02210638 0.02845334 0.01636731 0.03031904 0.02676111 0.04516301 0.03125341 0.01447278 0.02287037 0.03313443 0.02467422 0.02705520 0.02967922 0.03501372 0.03601782 0.02166103 0.03152067 0.04538152 0.02393795 0.02638073 0.02455634 0.02900522 0.03143226 0.04484508 0.03721642 0.02253606 0.01637768 0.02347293 0.02393205 0.01903521 0.01673337 0.02683026 0.02016663 0.02433635 0.02776713 0.02422042 0.03021992 0.04039536 0.02849889 0.02678643 0.04732978 0.02814278 0.02423689 0.03780784 0.02848105 
0.00774905 0.02106535 0.05064315 0.02504927 0.02359926 0.03417804 0.05162691 0.02324608 0.04215252 0.00000000 0.02395960 0.02169827 0.03603427 0.03361489 0.02629327 0.01320762 0.01001294 0.02414664 0.02886412 0.03679835 0.03019791 0.02363599 0.02765345 0.01938441 0.03679835 0.02837399 0.06298994 0.03961854 0.00670765 0.01649836 0.04698751 0.03375810 0.02813443 0.02813443 0.00857532 0.02066908 0.01125559 0.02813443 0.02813443 0.01361649 0.02331593 0.03619822 0.03023768 0.03028381 0.03846581 0.01909263 0.03143738 0.04044854 0.02646285 0.01163476 0.02700266 0.03203146 0.01011995 0.03320578 0.04190082 0.03692783 0.03860529 0.01862194 0.05421459 0.02073086 0.01986659 0.02873169 0.03002414 0.02765345 0.03309993 0.02804411 0.03050437 0.02813443 0.02896767 0.03224623 0.02813443 0.03122522 0.03913330 0.02813443 0.02737458 0.01818182 0.02747795 0.03282924 0.03251931 0.02813443 0.02334663 0.01614517 0.10006778 0.00640455 0.01820481 0.02448030 0.03699913 0.03443966 0.00999382 0.02195793 0.02908488 0.03845890 0.04050517 0.03534358 0.01369759 0.04783827 0.01460538 0.02059955 0.03685406 0.02932712 0.01055973 0.01702727 0.01334838 0.00567410 0.01916670 0.02126112 0.03080676 0.02881392 0.01385738 0.02205735 0.03419100 0.03909019 0.03159551 0.00243774 0.02794603 0.03000845 0.02365897 0.02934379 0.03006083 0.02786927 0.05482905 0.01277742 0.03391172 0.02744219 0.03283776 0.03294202 0.02762431 0.03419100 0.01966265 0.03325516 0.01852479 0.05217185 0.03670253 0.03175836 0.01989045 0.03731913 0.02217730 0.03379982 0.01267857 0.03091473 0.01446774 0.02291507 0.04384967 0.03919694 0.01879365 0.02819842 0.03041632 0.04794312 0.02207182 0.02576509 0.02867864 0.06039665 0.03269771 0.02845966 0.01626925 0.02133485 0.04048592 0.04390385 0.02613538 0.00984467 0.02789966 0.00949452 0.02815633 0.02832763 
0.01992999 0.02061430 0.03529469 0.02042555 0.02232630 0.02241977 0.02037643 0.03292857 0.02140232 0.02395960 0.00000000 0.00942903 0.04466361 0.03753260 0.02926840 0.01702953 0.02452336 0.03244165 0.02604829 0.04294089 0.04890439 0.04041776 0.04330199 0.01966028 0.04294089 0.02056121 0.02338134 0.04359887 0.02579816 0.01109846 0.04753805 0.02922085 0.02872204 0.02872204 0.02457303 0.02072749 0.02009601 0.02872204 0.02872204 0.02699198 0.02537352 0.02042472 0.02380666 0.02044541 0.03225007 0.01658889 0.01891164 0.03261192 0.01918797 0.02348015 0.02413916 0.01818375 0.04741447 0.04686434 0.01785666 0.03883582 0.02682070 0.02440566 0.03051103 0.05869706 0.02528464 0.01694437 0.03091910 0.04330199 0.03837419 0.05042672 0.05056599 0.02872204 0.06267739 0.02781910 0.02872204 0.02048498 0.01775517 0.02872204 0.01058367 0.02659931 0.03440857 0.02007736 0.03468625 0.02872204 0.01807088 0.02860346 0.03375559 0.03955097 0.03192649 0.06167961 0.03592345 0.03479899 0.03187316 0.02518211 0.03686700 0.01932465 0.03069183 0.02308017 0.02652310 0.01283326 0.03011764 0.02105475 0.02318249 0.03075079 0.03356699 0.01519343 0.02656361 0.00530987 0.01290304 0.02533715 0.03246335 0.03589830 0.02056325 0.01729629 0.02305500 0.01848104 0.03972644 0.02841205 0.02276511 0.04452760 0.03545991 0.04585431 0.06197922 0.03089174 0.03075113 0.01265461 0.03629062 0.02783856 0.01845673 0.02505228 0.03181963 0.02305500 0.02206985 0.01666309 0.01945606 0.06093135 0.03397999 0.04012767 0.02423638 0.02757339 0.02053296 0.01585051 0.02137260 0.01277144 0.02426669 0.02166630 0.01924373 0.01704367 0.02846040 0.02137286 0.01767205 0.05567449 0.01826017 0.02023674 0.05207071 0.01243164 0.01724657 0.02640555 0.03586467 0.04695748 0.02312399 0.01881627 0.02413489 0.02254839 0.01813095 0.01291290 0.02312745 0.02910426 
0.04564484 0.01786381 0.01128369 0.01863050 0.02175051 0.01532862 0.02324992 0.01810879 0.03007195 0.02169827 0.00942903 0.00000000 0.01870211 0.03062580 0.03257199 0.03522534 0.04097542 0.01310225 0.03106445 0.02655479 0.02091916 0.02834549 0.02835461 0.03531527 0.02655479 0.01958552 0.02291116 0.02185627 0.02454635 0.03357985 0.03094255 0.02558274 0.02689598 0.02689598 0.01852048 0.04209415 0.03184337 0.02689598 0.02689598 0.02801598 0.01189226 0.02353934 0.02269992 0.02217013 0.01637661 0.04054967 0.03764212 0.03427025 0.02097107 0.01671383 0.01776265 0.04138682 0.01479759 0.02305242 0.03574178 0.03032548 0.03424989 0.02744287 0.01993381 0.01989110 0.03286589 0.02374630 0.03218158 0.02835461 0.03679969 0.02229492 0.01539306 0.02689598 0.02075698 0.03762949 0.02689598 0.02284109 0.03971393 0.02689598 0.07010056 0.02468617 0.03743572 0.02529074 0.01669212 0.02689598 0.02234985 0.02500236 0.01316966 0.01653953 0.01597814 0.01272477 0.01517530 0.01933836 0.04117040 0.01266527 0.02031121 0.04201713 0.03750713 0.01870643 0.03972273 0.03280547 0.03033360 0.02821094 0.04281113 0.04185610 0.02521178 0.03180220 0.04359266 0.03074688 0.04432955 0.06460495 0.02615206 0.01394100 0.03274996 0.02564842 0.03199769 0.03762054 0.04012958 0.04809924 0.00984189 0.02112549 0.02256064 0.02771256 0.02218868 0.02485512 0.01541452 0.03847200 0.02754521 0.02869220 0.04113016 0.03008622 0.03337593 0.03199769 0.02346367 0.02189141 0.06197735 0.03235760 0.03164001 0.02631199 0.04351421 0.01191436 0.03024481 0.04214832 0.03082406 0.02926579 0.02229757 0.02284346 0.03534480 0.02375685 0.04200633 0.02248033 0.04088817 0.01446902 0.04459410 0.06069439 0.02703992 0.03792838 0.01857965 0.02638435 0.03191073 0.01563563 0.02912709 0.04604677 0.04924291 0.02173851 0.02675364 0.02215264 0.02493919 0.02755611 
0.02735721 0.02145372 0.04358298 0.02742732 0.02218088 0.02375696 0.02013278 0.02576929 0.02300547 0.03603427 0.04466361 0.01870211 0.00000000 0.05025585 0.03770030 0.01651017 0.04344414 0.02919504 0.02643274 0.04523993 0.02329113 0.02109518 0.02173292 0.02300188 0.04523993 0.02165641 0.02550588 0.06208506 0.02564165 0.01676347 0.06535946 0.04769867 0.02872728 0.02872728 0.02119519 0.01755542 0.01900518 0.02872728 0.02872728 0.02589233 0.05701620 0.02105501 0.02462818 0.02064209 0.01870881 0.02072774 0.02894935 0.02250904 0.01921050 0.01963273 0.01796216 0.01666907 0.05637912 0.04109259 0.03146279 0.02870836 0.03975754 0.02214428 0.05527432 0.02355824 0.02500798 0.01693859 0.03424338 0.02173292 0.02192086 0.03320030 0.03989381 0.02872728 0.02934390 0.03150540 0.02872728 0.02843953 0.02088119 0.02872728 0.01749763 0.02588010 0.02024145 0.01994306 0.03532983 0.02872728 0.01911831 0.01819851 0.03500639 0.02530679 0.05157069 0.05823692 0.02603715 0.03799458 0.03810249 0.02682381 0.02426026 0.01939804 0.03411897 0.02926108 0.02583926 0.02958659 0.04324638 0.02035753 0.02292541 0.03946625 0.02152845 0.01778807 0.02245712 0.02491559 0.02480680 0.01702823 0.02750724 0.02781510 0.02238733 0.03672832 0.02356141 0.02214543 0.01637911 0.02833100 0.05567626 0.02452203 0.02338676 0.03490859 0.03145739 0.01892998 0.02415782 0.01953795 0.03919467 0.01430778 0.02040781 0.01270777 0.01986874 0.02356141 0.02238205 0.04237930 0.02097071 0.01373535 0.02970714 0.03624949 0.02958434 0.04073765 0.02044736 0.02330501 0.02244686 0.02175960 0.02802287 0.03251226 0.01992284 0.02471303 0.02056998 0.04155415 0.01916979 0.03764137 0.01850631 0.02082370 0.02852291 0.02696398 0.03110706 0.02585167 0.04048593 0.03879784 0.01504259 0.01922667 0.01913443 0.01493192 0.03446213 0.03541196 0.02373997 0.02971460 
0.02239435 0.02638457 0.03125714 0.02433527 0.02773390 0.03066616 0.02969279 0.02810229 0.02208794 0.03361489 0.03753260 0.03062580 0.05025585 0.00000000 0.03502719 0.03169693 0.02379414 0.02655808 0.02516298 0.02230458 0.03190419 0.02313649 0.02667310 0.02244215 0.02230458 0.03517117 0.03614683 0.04114919 0.01103487 0.02824439 0.03415289 0.02191966 0.02591007 0.02591007 0.02355804 0.00829304 0.04210456 0.02591007 0.02591007 0.03115508 0.04471936 0.02072960 0.03313282 0.02029662 0.03829952 0.01754229 0.02701605 0.03125759 0.04408797 0.02730539 0.04487683 0.02735796 0.05338709 0.03499899 0.01876298 0.02060254 0.02711128 0.04821986 0.03687628 0.04499908 0.03101737 0.02593943 0.02508248 0.02667310 0.02028857 0.01666995 0.04200224 0.02591007 0.02768997 0.02201505 0.02591007 0.06956551 0.02996909 0.02591007 0.02727221 0.03253919 0.01919018 0.02825815 0.01897420 0.02591007 0.02767640 0.02017615 0.02770312 0.02901102 0.04633756 0.04956513 0.02914678 0.03084862 0.02976428 0.02329989 0.02389437 0.01037760 0.03214861 0.03160302 0.02748064 0.04632576 0.03247830 0.03149034 0.02324969 0.03792715 0.02084613 0.05786873 0.01642921 0.01387896 0.01875483 0.01262978 0.03422188 0.02451550 0.01458944 0.02313412 0.02542332 0.02445245 0.03114202 0.01455807 0.03611280 0.03132706 0.03994361 0.02531013 0.03922471 0.02329741 0.02311234 0.00763522 0.02467023 0.02401894 0.02044681 0.01076271 0.04076758 0.02542332 0.04052884 0.02557219 0.01629165 0.03451382 0.04117029 0.03093320 0.02282438 0.05101605 0.03796418 0.04274241 0.02610745 0.02354849 0.01921939 0.02959836 0.01633576 0.01651251 0.01677821 0.03123403 0.02817676 0.02519935 0.02999736 0.03300809 0.02187971 0.01283186 0.03789247 0.02116933 0.02190382 0.06172212 0.02277353 0.01796108 0.02884854 0.01381257 0.02844876 0.02047461 0.02789092 0.02644243 
0.05203927 0.02819900 0.04177310 0.02049817 0.01791207 0.03192821 0.02168006 0.01998527 0.02081749 0.02629327 0.02926840 0.03257199 0.03770030 0.03502719 0.00000000 0.02632763 0.03512844 0.02883983 0.02783499 0.03621077 0.02719296 0.02222586 0.02320612 0.02371473 0.03621077 0.02074856 0.03261512 0.04110095 0.04850467 0.04653247 0.03241278 0.05738540 0.02567031 0.02567031 0.04293114 0.03522936 0.02697474 0.02567031 0.02567031 0.03382059 0.02427157 0.03062913 0.02615664 0.02816827 0.01948994 0.02857028 0.03281399 0.03840566 0.03006664 0.04009547 0.02426220 0.02992885 0.03953968 0.03009331 0.02819345 0.02482601 0.02277940 0.02876650 0.03425711 0.02045804 0.03436301 0.02553387 0.03205227 0.02320612 0.02105465 0.02693163 0.02353138 0.02567031 0.02195728 0.03445655 0.02567031 0.01086704 0.01817598 0.02567031 0.03067888 0.03244602 0.02953110 0.02487429 0.03264932 0.02567031 0.02656976 0.02100202 0.01709439 0.01107067 0.01729001 0.03675768 0.01362261 0.02609757 0.02364755 0.03209087 0.04009381 0.03109207 0.03239263 0.02141889 0.01743061 0.02171625 0.03168553 0.02829828 0.03694320 0.02958179 0.03002726 0.03663884 0.03242522 0.04701698 0.02532370 0.02330875 0.03737701 0.02196110 0.02975595 0.03081676 0.02413206 0.03096273 0.02608632 0.01778361 0.01937895 0.02703389 0.03241906 0.02925974 0.02459042 0.02219214 0.03165333 0.05060895 0.02965676 0.03055996 0.02768932 0.03068454 0.02560469 0.02413206 0.03580183 0.01742151 0.02049729 0.01723994 0.02312273 0.02642254 0.02382406 0.01797687 0.02685130 0.03272602 0.01671096 0.03736509 0.01812227 0.03883744 0.03512519 0.03071427 0.05165321 0.02442144 0.03354497 0.02640813 0.02965602 0.03384060 0.02297356 0.03654200 0.02514680 0.04002799 0.03846312 0.00803179 0.02541322 0.02190963 0.02112630 0.03633813 0.02909346 0.02975899 0.02463120 0.02545433 
0.02093712 0.01931808 0.02479407 0.02060907 0.04665812 0.01867269 0.01683337 0.03484881 0.02190149 0.01320762 0.01702953 0.03522534 0.01651017 0.03169693 0.02632763 0.00000000 0.01215205 0.03383883 0.02836552 0.03045135 0.03701791 0.01961539 0.02283106 0.02524484 0.03045135 0.03806003 0.02730173 0.01506940 0.01657881 0.01960835 0.02027882 0.01118568 0.02736140 0.02736140 0.02835518 0.03741448 0.02415387 0.02736140 0.02736140 0.03596459 0.02846305 0.02381881 0.02450061 0.01935172 0.02800750 0.02417493 0.01702634 0.01988147 0.02532920 0.06946670 0.06352181 0.04046117 0.02398603 0.02216925 0.04696118 0.02150224 0.05214464 0.01167311 0.02038784 0.03819668 0.04555133 0.02398547 0.03702747 0.02283106 0.01381159 0.01582056 0.04167759 0.02736140 0.03428823 0.04025305 0.02736140 0.05787715 0.03551476 0.02736140 0.05120442 0.03314055 0.02305055 0.02870962 0.03828454 0.02736140 0.03055372 0.01655768 0.03073679 0.02428049 0.04357777 0.01424875 0.02175787 0.03661857 0.03554744 0.03780404 0.03054745 0.02371843 0.03049084 0.02906507 0.03057750 0.03069524 0.01985584 0.02457820 0.03327547 0.03745146 0.02311637 0.06735388 0.02888217 0.01198263 0.03433500 0.03641385 0.07374069 0.01407664 0.02348584 0.02205800 0.02092715 0.03728405 0.04848136 0.03202891 0.03268745 0.03459839 0.02290316 0.04671128 0.02058043 0.02145385 0.00487583 0.05312162 0.02271535 0.03252581 0.03136694 0.01995002 0.04856913 0.02092715 0.02584939 0.02652008 0.02257209 0.02642156 0.01174142 0.01582252 0.01831779 0.03674296 0.02489211 0.02502237 0.03839670 0.03134921 0.03550660 0.02336508 0.01548929 0.01629089 0.03369414 0.02175978 0.03635815 0.02272769 0.02240028 0.02844285 0.02061732 0.01962371 0.02341216 0.02850734 0.01512142 0.01610957 0.01880852 0.01517997 0.02511213 0.02635446 0.03153925 0.03771885 0.02801394 0.02793456 
0.02106135 0.02219802 0.02438824 0.02601735 0.01997046 0.02924625 0.02199770 0.02114743 0.02241616 0.01001294 0.02452336 0.04097542 0.04344414 0.02379414 0.03512844 0.01215205 0.00000000 0.03426318 0.02323709 0.01963602 0.03285190 0.02741235 0.03132006 0.02464792 0.01963602 0.01846721 0.03827594 0.03540235 0.09025554 0.05179551 0.02941966 0.04094482 0.02612481 0.02612481 0.02739088 0.02679155 0.02159003 0.02612481 0.02612481 0.02621719 0.03704262 0.02826196 0.02408732 0.02690426 0.02153106 0.02932788 0.04667677 0.03174841 0.03109632 0.02774311 0.01945853 0.03352586 0.03065853 0.04858900 0.03938170 0.01888342 0.04479173 0.02409653 0.03195487 0.03622818 0.04039846 0.02448814 0.02274462 0.03132006 0.04207587 0.01881824 0.03986721 0.02612481 0.01940340 0.02019791 0.02612481 0.02916435 0.03841221 0.02612481 0.02274305 0.02191892 0.02223297 0.02765549 0.01768758 0.02612481 0.02072435 0.03000048 0.02059574 0.02792736 0.02236370 0.04127086 0.02730724 0.01739159 0.01293326 0.01433923 0.03013833 0.02347300 0.02709930 0.02603189 0.05051007 0.02804896 0.02101524 0.02700529 0.02254403 0.03598273 0.04881984 0.04246617 0.04510312 0.02680672 0.03149998 0.02299920 0.01753768 0.03601735 0.04814503 0.02767479 0.02359649 0.02114979 0.02183239 0.02831342 0.03109888 0.03123410 0.02264647 0.01713662 0.01893453 0.02293271 0.02615112 0.03129210 0.02048788 0.02024644 0.02023299 0.02305152 0.02817196 0.02359649 0.01913522 0.02932189 0.03700282 0.02586479 0.02503450 0.03416163 0.03934840 0.02651025 0.02231917 0.03462036 0.02128211 0.01184706 0.03409177 0.04184060 0.03868059 0.02228963 0.03614118 0.03259796 0.02371643 0.02615823 0.03785303 0.04249695 0.03726615 0.02809552 0.03252268 0.03111902 0.03552758 0.01444631 0.02013019 0.04887045 0.02858059 0.01197527 0.02455535 0.03538072 0.01287936 0.02677807 
0.01713868 0.04166032 0.01939387 0.01803763 0.03161795 0.01940786 0.01582770 0.03566150 0.02313133 0.02414664 0.03244165 0.01310225 0.02919504 0.02655808 0.02883983 0.03383883 0.03426318 0.00000000 0.02445399 0.04675437 0.02306077 0.01767737 0.01780467 0.02955549 0.04675437 0.02045435 0.05771795 0.01019657 0.03966980 0.04120368 0.01952327 0.04016727 0.02729574 0.02729574 0.02391274 0.02304610 0.02808091 0.02729574 0.02729574 0.02711082 0.05476098 0.05598957 0.04440382 0.05273905 0.02473630 0.01774518 0.05967645 0.03396887 0.03051955 0.01302643 0.04021047 0.02848863 0.02051608 0.04284897 0.01714232 0.02567675 0.03971484 0.03191760 0.03329570 0.06175448 0.03211017 0.01941411 0.03241600 0.01780467 0.01963795 0.03116723 0.01961471 0.02729574 0.02706560 0.02983236 0.02729574 0.01604881 0.02200495 0.02729574 0.03535497 0.02616034 0.01854300 0.02477940 0.02917693 0.02729574 0.01924613 0.02373571 0.01548567 0.03112521 0.03196967 0.01429016 0.04533671 0.03642300 0.02452631 0.03245753 0.02079989 0.02658584 0.03238786 0.02989270 0.02728720 0.00797634 0.03894540 0.02206819 0.02258214 0.03158944 0.05127195 0.03124306 0.03378140 0.01751092 0.01638045 0.01581615 0.02509030 0.01452504 0.02249481 0.02650060 0.02424195 0.03354806 0.03603918 0.02098427 0.02578914 0.02403870 0.02620694 0.03422026 0.03051564 0.01390321 0.01413709 0.05833962 0.03878912 0.02934486 0.02364374 0.02661161 0.02480877 0.02424195 0.01968594 0.03939538 0.01476300 0.04696027 0.02500982 0.01834122 0.03732192 0.05374253 0.02544809 0.03709290 0.01307555 0.02136662 0.02227359 0.01629098 0.01401499 0.03103686 0.03526186 0.04434618 0.02430554 0.01828148 0.01127037 0.01548952 0.04341595 0.01509399 0.02301629 0.03893600 0.04335438 0.00654419 0.01642778 0.05019348 0.02549318 0.02492262 0.02078553 0.04350818 0.02878174 0.02736346 
0.03311474 0.04029385 0.03411165 0.02642988 0.03989417 0.02735417 0.02679617 0.02506250 0.02561401 0.02886412 0.02604829 0.03106445 0.02643274 0.02516298 0.02783499 0.02836552 0.02323709 0.02445399 0.00000000 0.02950580 0.02920848 0.04397910 0.02901354 0.02491959 0.02950580 0.02917367 0.02614614 0.03921104 0.02415490 0.02722107 0.02489096 0.02403107 0.03219600 0.03219600 0.02530462 0.02572698 0.02556213 0.03219600 0.03219600 0.02574527 0.02284462 0.02733915 0.03087730 0.04300825 0.02535301 0.02810652 0.03801988 0.02625962 0.02480124 0.02489336 0.02462069 0.02644410 0.02583994 0.02213378 0.02487992 0.03866618 0.02477972 0.02650315 0.02537309 0.02449749 0.02628290 0.04048980 0.02831276 0.02901354 0.02844198 0.04002611 0.02363811 0.03219600 0.02536336 0.04139609 0.03219600 0.02754497 0.02369835 0.03219600 0.02850234 0.02605587 0.03910894 0.02503367 0.02617723 0.03219600 0.02712334 0.04005490 0.02541023 0.03738109 0.02464061 0.02443404 0.02478978 0.02716601 0.02338791 0.02407387 0.02746557 0.02506483 0.02602392 0.02998374 0.02429689 0.02767647 0.02295082 0.02723854 0.04175190 0.02546814 0.02382191 0.02977990 0.02436098 0.02623649 0.02845836 0.03101211 0.02894731 0.02197222 0.02548672 0.02190548 0.04637891 0.03974647 0.02440362 0.02549521 0.02667332 0.03052918 0.02746948 0.02617597 0.02471941 0.02541156 0.02469623 0.02801137 0.02772885 0.02425416 0.02499601 0.02596076 0.02505326 0.04637891 0.02671418 0.02676083 0.02306001 0.03648503 0.02536148 0.02359034 0.02772349 0.02228760 0.02478337 0.02364001 0.02542154 0.02618180 0.02634188 0.02749510 0.02448045 0.02596318 0.02485392 0.02433720 0.02484429 0.03799292 0.02464318 0.02540056 0.02320856 0.02407547 0.02506964 0.02418077 0.02469851 0.02358199 0.02733807 0.02637250 0.02372586 0.02936230 0.02796547 0.02599380 0.02722134 0.03191995 
0.02557298 0.03318017 0.02718778 0.02384364 0.03214457 0.03508589 0.03160721 0.02559042 0.03724413 0.03679835 0.04294089 0.02655479 0.04523993 0.02230458 0.03621077 0.03045135 0.01963602 0.04675437 0.02950580 0.00000000 0.02589599 0.02480488 0.02550666 0.02430809 0.05923842 0.02561745 0.02157433 0.02181407 0.02103853 0.03005485 0.04608772 0.04549755 0.03056881 0.03056881 0.02177823 0.02304175 0.02048556 0.03056881 0.03056881 0.02216382 0.04564886 0.02380902 0.02817678 0.02334238 0.02151649 0.02843648 0.02107962 0.02276495 0.02110082 0.02533928 0.02125534 0.02701922 0.02177973 0.01778818 0.02271493 0.04804895 0.02415398 0.02162557 0.03353366 0.02349219 0.02245973 0.02126137 0.04852907 0.02550666 0.02501109 0.04940718 0.04418770 0.03056881 0.04781302 0.04663649 0.03056881 0.02699349 0.02364570 0.03056881 0.02685293 0.02253326 0.02419350 0.02047696 0.05211865 0.03056881 0.02311939 0.02114381 0.02055478 0.01857378 0.02041017 0.02043609 0.04408491 0.05441562 0.04322880 0.04652845 0.01749115 0.02019436 0.05239026 0.02736061 0.02023611 0.02463488 0.03897036 0.02309673 0.02636306 0.02084545 0.01842291 0.03071086 0.01957197 0.02259837 0.02772471 0.03425489 0.03076553 0.01820936 0.02142085 0.01943433 0.02691312 0.02592866 0.02351633 0.02585288 0.02379843 0.02769509 0.02485761 0.05153984 0.04946328 0.02214715 0.02171559 0.02780553 0.05470914 0.02485483 0.02628072 0.02558839 0.02132487 0.02691312 0.02479400 0.02743488 0.02111826 0.02080240 0.02675447 0.01981265 0.03150534 0.01985366 0.02320155 0.02063186 0.02223293 0.02339576 0.02313327 0.01447821 0.03177799 0.02676393 0.01506188 0.03309299 0.01654301 0.02990972 0.03216483 0.03391267 0.01742134 0.02009893 0.01580148 0.02783332 0.01986471 0.02624828 0.02438437 0.01926407 0.02606326 0.01921781 0.01349169 0.03076654 0.03521808 0.03113391 
0.02358954 0.02289935 0.04867781 0.02857307 0.02305979 0.02368556 0.02210134 0.02483752 0.01987731 0.03019791 0.04890439 0.02091916 0.02329113 0.03190419 0.02719296 0.03701791 0.03285190 0.02306077 0.02920848 0.02589599 0.00000000 0.02410098 0.02492460 0.04319771 0.02589599 0.02498402 0.02316164 0.02109767 0.04453419 0.02741609 0.01970641 0.02234066 0.03039923 0.03039923 0.03075511 0.02586918 0.02089799 0.03039923 0.03039923 0.02230863 0.02071291 0.02361474 0.02766559 0.02315684 0.02049899 0.02109459 0.04056625 0.02313260 0.01978095 0.02900831 0.02017181 0.03831332 0.02178903 0.04413873 0.02367077 0.01802634 0.02762426 0.02185345 0.02280383 0.02767687 0.02273868 0.02003854 0.02405301 0.02492460 0.02442045 0.02319509 0.04615305 0.03039923 0.05255197 0.02317396 0.03039923 0.02942163 0.02540487 0.03039923 0.02537612 0.02235920 0.02191398 0.01992858 0.02237678 0.03039923 0.02220468 0.02010998 0.02616290 0.01905649 0.02150036 0.04732696 0.01938036 0.02227052 0.02306275 0.01861984 0.03074187 0.02040603 0.02133755 0.02523416 0.02116939 0.02710392 0.02015506 0.02276376 0.02469006 0.02200929 0.04272861 0.03647292 0.04024945 0.03250503 0.02076158 0.01891354 0.02666799 0.03511337 0.03218256 0.03587254 0.02641013 0.02271682 0.02969799 0.02619381 0.02452474 0.05476136 0.04957307 0.04496534 0.04192894 0.02038492 0.04168664 0.02772781 0.02346293 0.03941303 0.03156859 0.02414224 0.05266727 0.02641013 0.02220748 0.02583931 0.01891515 0.03453739 0.03395043 0.03614595 0.02757231 0.03763928 0.01956981 0.02565726 0.02061558 0.02051493 0.02228989 0.03174503 0.02106310 0.03849750 0.02745760 0.02038840 0.03569710 0.04887729 0.02095789 0.02191261 0.03416893 0.03131424 0.03434953 0.02196920 0.03277621 0.03362909 0.02170896 0.02795042 0.02052406 0.03893223 0.03419027 0.02699379 0.02377281 0.03101606 
0.03549731 0.03097523 0.02214489 0.02395507 0.03003263 0.02286586 0.02215030 0.02256696 0.02054387 0.02363599 0.04041776 0.02834549 0.02109518 0.02313649 0.02222586 0.01961539 0.02741235 0.01767737 0.04397910 0.02480488 0.02410098 0.00000000 0.05376233 0.02041487 0.02480488 0.02358099 0.01969000 0.05074981 0.01966964 0.02742078 0.03820461 0.02777899 0.03013878 0.03013878 0.03195491 0.02478329 0.01973775 0.03013878 0.03013878 0.02096376 0.01628005 0.02197665 0.02658812 0.03508523 0.04650102 0.02987819 0.02683522 0.02258583 0.01762424 0.03677165 0.01962505 0.02391152 0.03879859 0.03587919 0.03444256 0.04873568 0.02146128 0.02251488 0.02198156 0.02218055 0.02086859 0.02993799 0.02399242 0.05376233 0.04991144 0.05551348 0.02497275 0.03013878 0.04241150 0.03330837 0.03013878 0.02862655 0.03172282 0.03013878 0.02749248 0.02115011 0.05404552 0.03675889 0.03843941 0.03013878 0.02064156 0.05109240 0.03665648 0.04598582 0.01926442 0.04243761 0.04242084 0.02087912 0.03597771 0.01773670 0.02458747 0.01776910 0.01916440 0.03025766 0.01704631 0.02243907 0.02479011 0.02185641 0.03462740 0.01942885 0.01741280 0.02284111 0.02027748 0.02447994 0.03036486 0.04057116 0.02144975 0.01464206 0.02016634 0.01500065 0.04056535 0.04592374 0.02242764 0.02565714 0.02101881 0.02608885 0.02240296 0.02154812 0.04451337 0.04552412 0.04000643 0.02556321 0.02214474 0.03033884 0.02852030 0.03682716 0.01759725 0.04056535 0.02054633 0.02446558 0.03444236 0.03522034 0.02236746 0.03119768 0.01976718 0.01775302 0.01872619 0.02016302 0.01900585 0.03700739 0.01999744 0.02006646 0.03371891 0.02508756 0.02419496 0.01853162 0.02231013 0.02619739 0.01856392 0.01935171 0.02981878 0.02153034 0.02543169 0.01968653 0.02059762 0.03674704 0.03255201 0.02698769 0.03623015 0.02863136 0.02371274 0.02168471 0.02254292 0.03047638 
