0.00000000 0.10462921 0.04758879 0.12167455 0.03633491 0.08210288 0.09009677 0.09540601 0.09013516 0.05536955 0.06243016 0.09718568 0.09942377 0.06694070 0.08278781 0.07193981 0.04332485 0.06070331 0.10116433 0.08350288 0.05144948 0.05208548 0.09509730 0.06398615 0.08879633 0.09976933 0.05214841 0.09168596 0.09740727 0.06605156 0.04698441 0.04869092 0.05884892 0.07924353 0.08765130 0.08551285 0.07826550 0.08788131 0.04753908 0.05779244 0.09701698 0.07612099 0.07834540 0.07512480 0.07472637 0.04926710 0.06260877 0.05557045 0.04540456 0.06561747 0.05764791 0.07761492 0.06483496 0.05188238 0.08271764 0.05088195 0.08543808 0.04214240 0.08321381 0.06090580 0.10150845 0.09692515 0.06300626 0.08529468 0.05603172 0.09614452 0.06699639 0.05965649 0.07058202 0.03599275 0.08255801 0.10020250 0.09060634 0.10944829 0.10526261 0.08743607 0.05199836 0.09152087 0.02328978 0.05159991 0.04661125 0.07152446 0.05517460 0.05723722 0.02117731 0.07726487 0.09335675 0.08111565 0.07158599 0.09150144 0.07808577 
0.10462921 0.00000000 0.12514562 0.06665265 0.12580432 0.10746908 0.07783429 0.05653360 0.10285475 0.05004354 0.07262402 0.06016775 0.03608822 0.08928889 0.03948841 0.07805081 0.07337779 0.07010663 0.07803276 0.07643550 0.07977301 0.10966943 0.07255322 0.11142606 0.03437056 0.05962231 0.12258537 0.12103102 0.03181092 0.05115678 0.07377559 0.03188782 0.06132436 0.09134729 0.08045387 0.12081537 0.05679147 0.06798645 0.05027451 0.08099566 0.07383086 0.14286504 0.08663566 0.03504115 0.05866114 0.07166400 0.04607035 0.08448557 0.04947014 0.03281755 0.07976604 0.06560140 0.09147010 0.06345634 0.05367333 0.07946557 0.08856287 0.10017604 0.06450537 0.06999746 0.05925727 0.05302155 0.03528322 0.08265856 0.10125035 0.10823799 0.07235316 0.04873149 0.07382127 0.03756664 0.08942636 0.07933072 0.12324421 0.08657212 0.03938996 0.11260289 0.09146474 0.09530988 0.06771700 0.05836262 0.03585745 0.06772480 0.07776084 0.04670081 0.08140699 0.05677884 0.06250982 0.05371886 0.05056327 0.07333232 0.06140947 
0.04758879 0.12514562 0.00000000 0.07781252 0.06132730 0.06231413 0.06468522 0.06783490 0.05906729 0.06842050 0.07149633 0.04873551 0.05947022 0.07359608 0.13644723 0.10166005 0.08815367 0.07792670 0.06993113 0.07637529 0.06317109 0.12057742 0.07298230 0.03121955 0.05108275 0.10095061 0.06169904 0.07192632 0.04464814 0.04775287 0.04187693 0.04141798 0.03966249 0.07596555 0.05950714 0.07851086 0.08743236 0.04846231 0.10701925 0.05265550 0.06033420 0.09539789 0.08855234 0.07773904 0.08982133 0.06407324 0.13099685 0.09076892 0.05026845 0.06320210 0.11825786 0.10657905 0.06252336 0.09104679 0.07555300 0.09414378 0.07362092 0.09761987 0.06343099 0.03631926 0.03474649 0.09287005 0.08779307 0.10225819 0.07518425 0.06288081 0.02998425 0.10574859 0.08187483 0.05443905 0.09414670 0.08237990 0.02747034 0.08190625 0.08636101 0.05918706 0.06623096 0.05563196 0.08288314 0.10030361 0.09619146 0.05317595 0.06970029 0.08510801 0.04907583 0.04683712 0.04893103 0.05346792 0.06354879 0.05353186 0.06101831 
0.12167455 0.06665265 0.07781252 0.00000000 0.09852064 0.07381762 0.10525583 0.12679125 0.07177056 0.05157356 0.07072360 0.06093116 0.04603250 0.07622585 0.04148018 0.14036984 0.07228766 0.07180204 0.13802213 0.07786029 0.07596366 0.08370497 0.06328267 0.05550678 0.07368690 0.06589022 0.03792549 0.09894378 0.03341986 0.07550658 0.07166134 0.08272357 0.05959991 0.06285598 0.06884803 0.07196521 0.04964469 0.08315686 0.08561739 0.06772951 0.09426787 0.07599786 0.05227277 0.09316865 0.08942325 0.08635797 0.06868673 0.04892114 0.08609579 0.08356016 0.11144232 0.09314475 0.07368496 0.03748275 0.06234453 0.05081413 0.05329199 0.05587116 0.06531976 0.04271471 0.10359140 0.10332072 0.07473125 0.07375891 0.09526041 0.08681682 0.08744816 0.09425667 0.08518009 0.05328358 0.07589097 0.05181476 0.09636765 0.06655616 0.04335466 0.07222425 0.06866531 0.05746690 0.09053532 0.06458776 0.06479416 0.05477838 0.05679495 0.03903034 0.04483282 0.08494057 0.07659108 0.07667281 0.09752217 0.06329260 0.09997853 
0.03633491 0.12580432 0.06132730 0.09852064 0.00000000 0.17032348 0.09557407 0.09914829 0.06274634 0.03219236 0.05507422 0.06810189 0.13828045 0.04888713 0.11119786 0.06837174 0.09251378 0.03114954 0.07037984 0.12461257 0.06719991 0.07342350 0.06994917 0.04716076 0.08187131 0.14355403 0.09912485 0.09265359 0.08650746 0.05195531 0.05282510 0.09675624 0.06906728 0.07797298 0.05705004 0.05022368 0.08156046 0.04645863 0.06763824 0.07114376 0.07158606 0.09830775 0.04555451 0.06845764 0.07416874 0.07216252 0.08378729 0.06592422 0.05501705 0.02574288 0.08789202 0.03432162 0.07457427 0.03285938 0.01489291 0.06194865 0.05818422 0.05659995 0.05151124 0.05555636 0.03526620 0.04527549 0.05737766 0.05503195 0.15218615 0.06600033 0.01528957 0.14399112 0.06878350 0.04763633 0.04842161 0.12068996 0.10019043 0.07781689 0.05784145 0.09808543 0.09722503 0.07702163 0.11003318 0.04482802 0.16102428 0.05779013 0.09282497 0.06596775 0.06945543 0.07502756 0.07292756 0.05691717 0.08184187 0.06296914 0.05314653 
0.08210288 0.10746908 0.06231413 0.07381762 0.17032348 0.00000000 0.13201615 0.09553803 0.08238106 0.08113292 0.07345121 0.05478209 0.12917053 0.09443203 0.08579680 0.08555810 0.08170560 0.13784110 0.05781448 0.08952402 0.07998761 0.10061778 0.04029348 0.12932095 0.05466441 0.05969384 0.06422113 0.08172192 0.04506858 0.02946127 0.07295571 0.10047246 0.05975959 0.05454181 0.06941593 0.04939304 0.11064652 0.07462683 0.05853936 0.06215595 0.09021191 0.07148428 0.11896292 0.06367142 0.07006852 0.06074724 0.09053228 0.07442204 0.04905735 0.02136581 0.03818079 0.07066279 0.11348018 0.10800909 0.05485267 0.06276742 0.06981982 0.06278414 0.06586386 0.03893703 0.04194393 0.06393269 0.06356258 0.09850793 0.11447120 0.03631264 0.04546452 0.06087605 0.04078264 0.04013607 0.05893024 0.05969379 0.07820599 0.11946221 0.08391910 0.07838195 0.12681262 0.05263016 0.03505848 0.06370831 0.06725848 0.04563885 0.05559071 0.06253016 0.07067251 0.07393175 0.08085461 0.05960506 0.06593613 0.07578217 0.05991846 
0.09009677 0.07783429 0.06468522 0.10525583 0.09557407 0.13201615 0.00000000 0.10075756 0.07095366 0.06646511 0.09796226 0.09716668 0.13622853 0.12463106 0.05979199 0.08584096 0.06751447 0.09342438 0.06297681 0.07129403 0.09507971 0.06079106 0.10435470 0.03871975 0.02514422 0.06024467 0.06760354 0.05437724 0.07987630 0.05488377 0.03716326 0.06157842 0.05412918 0.06320490 0.07931274 0.06991001 0.08182864 0.12142826 0.06620961 0.05159583 0.06371460 0.09520829 0.07603447 0.08796144 0.07538278 0.05873064 0.04302780 0.04201915 0.06582169 0.07413299 0.10298776 0.04661969 0.10613320 0.05427263 0.05595032 0.08983180 0.06562262 0.05633655 0.09511267 0.06746865 0.06139090 0.05163150 0.05747975 0.01844184 0.07366624 0.09750607 0.06298475 0.05036945 0.08837567 0.08893244 0.06432531 0.08181977 0.04979137 0.08957347 0.06722492 0.04960213 0.09725640 0.05882179 0.07125744 0.08201633 0.06429825 0.08885518 0.08266009 0.06290186 0.06598001 0.08452288 0.10297312 0.07552916 0.06100787 0.09103578 0.07528612 
0.09540601 0.05653360 0.06783490 0.12679125 0.09914829 0.09553803 0.10075756 0.00000000 0.09575785 0.05985766 0.06635835 0.07313116 0.13993002 0.06294626 0.07673656 0.09439959 0.07463454 0.08292840 0.10150135 0.05897291 0.11565026 0.02936955 0.08634553 0.06049735 0.03852450 0.09259046 0.09939886 0.05279663 0.05997457 0.07627709 0.04312441 0.08829829 0.04373963 0.09764834 0.07066600 0.05591786 0.06988190 0.04902644 0.06685665 0.08150498 0.07473919 0.07143795 0.04280012 0.06334123 0.07406524 0.14360089 0.07387496 0.10557128 0.06524991 0.05761582 0.12610615 0.07668353 0.06888599 0.03625748 0.05796942 0.06172506 0.04752777 0.10128013 0.07220692 0.06407789 0.07819550 0.10934599 0.09077067 0.07089120 0.07399342 0.11333239 0.10790227 0.07582628 0.03003937 0.08563375 0.04883783 0.03928437 0.06072048 0.03785377 0.09025962 0.03376055 0.07192415 0.05656475 0.05566452 0.04505141 0.03262174 0.05773034 0.08191012 0.04747907 0.05517156 0.08569761 0.10629425 0.09793134 0.07569008 0.06504222 0.06451800 
0.09013516 0.10285475 0.05906729 0.07177056 0.06274634 0.08238106 0.07095366 0.09575785 0.00000000 0.07211002 0.04013484 0.11885278 0.09589598 0.10274131 0.07388343 0.08741898 0.05781534 0.04819813 0.09882459 0.08247996 0.07567073 0.09397913 0.06328893 0.07163581 0.05736835 0.02449484 0.05406496 0.03938511 0.04723330 0.09195495 0.06107373 0.07808842 0.06937007 0.04172015 0.06387176 0.12701525 0.06248495 0.02803819 0.11051128 0.12709421 0.05267116 0.09569554 0.05415041 0.04608443 0.15772257 0.02494425 0.03530733 0.08798372 0.09296997 0.06541622 0.03295038 0.06194843 0.06143917 0.11937821 0.05250025 0.04143980 0.06082940 0.05640603 0.03607348 0.04016511 0.12526255 0.06512382 0.06066438 0.10920958 0.07200666 0.04969863 0.12644086 0.05191324 0.08843170 0.08058357 0.06977964 0.07372141 0.06358259 0.05669419 0.08374407 0.06015597 0.05619807 0.07729443 0.06130598 0.04464499 0.09841889 0.09455193 0.07692430 0.11893879 0.08547268 0.08108505 0.04865318 0.05180503 0.07643851 0.07178539 0.08069015 
0.05536955 0.05004354 0.06842050 0.05157356 0.03219236 0.08113292 0.06646511 0.05985766 0.07211002 0.00000000 0.13248433 0.06099128 0.09753454 0.04992901 0.09207559 0.09344933 0.07847706 0.06392319 0.06197225 0.08475523 0.03786420 0.09185554 0.05030493 0.03893390 0.08805024 0.08293852 0.03084969 0.10675306 0.08296103 0.05396255 0.06625576 0.04947896 0.09575664 0.07445066 0.08751832 0.06729200 0.06975888 0.04495792 0.06265878 0.06936939 0.09101593 0.02406392 0.06542970 0.08715102 0.02614893 0.02882067 0.03925622 0.07594739 0.07331445 0.04256292 0.04725481 0.12002539 0.10732393 0.12254047 0.07518564 0.13338601 0.08862342 0.08034349 0.11257910 0.11415706 0.07050674 0.07140483 0.04637486 0.03375173 0.09337247 0.08437454 0.03696976 0.13025092 0.05788274 0.06891691 0.10981721 0.08701297 0.08182370 0.07006506 0.07181383 0.06754094 0.05913221 0.07239006 0.07453420 0.09039353 0.10801859 0.05961680 0.09335994 0.05285760 0.06853285 0.06695789 0.07653086 0.08809601 0.10677545 0.07099577 0.07647399 
0.06243016 0.07262402 0.07149633 0.07072360 0.05507422 0.07345121 0.09796226 0.06635835 0.04013484 0.13248433 0.00000000 0.03851930 0.05631083 0.06705275 0.01665347 0.11031863 0.06220958 0.09199734 0.08086485 0.04448341 0.06141689 0.04543574 0.04351997 0.05496309 0.08186225 0.06787893 0.06415413 0.10375905 0.14429901 0.12458475 0.07649465 0.07418442 0.07062349 0.07081475 0.06317748 0.05095039 0.08597133 0.04708514 0.03958236 0.06609146 0.08381221 0.06095788 0.05952515 0.12979262 0.07712222 0.12413054 0.10906459 0.07467863 0.06568836 0.02696385 0.09145100 0.09435516 0.05010837 0.06467020 0.11330304 0.08194715 0.07939585 0.10617426 0.10427423 0.06231925 0.09629561 0.05408624 0.05586982 0.05520608 0.04398338 0.09134252 0.05999802 0.12933224 0.02862094 0.12884547 0.05874887 0.06506087 0.08560125 0.06893460 0.06435846 0.04609550 0.08101270 0.06989239 0.06395561 0.06693583 0.08185037 0.06198731 0.10839154 0.06950174 0.06848983 0.07600004 0.06662185 0.04706645 0.05892690 0.06018179 0.10450190 
0.09718568 0.06016775 0.04873551 0.06093116 0.06810189 0.05478209 0.09716668 0.07313116 0.11885278 0.06099128 0.03851930 0.00000000 0.08344195 0.07666467 0.04119861 0.05576598 0.08878180 0.06350343 0.08761390 0.10774045 0.08595279 0.06155845 0.06172283 0.05778253 0.06178782 0.07017755 0.07569846 0.06106630 0.07925386 0.05797170 0.06325958 0.05411608 0.04334696 0.06862262 0.10370798 0.00838889 0.06687223 0.07758257 0.07753879 0.05644295 0.08326646 0.07726509 0.04531303 0.06282063 0.06902387 0.09794957 0.07904142 0.05806659 0.06097965 0.06172815 0.06429723 0.05617655 0.11327559 0.04871976 0.16685319 0.05731709 0.09788829 0.03299871 0.08786901 0.10821600 0.06566668 0.12334037 0.09305627 0.05293400 0.05098349 0.08029969 0.13356990 0.06964191 0.09365763 0.06397543 0.05490827 0.08040066 0.07571946 0.02763848 0.08783007 0.03660366 0.10891671 0.06921552 0.12582279 0.05928570 0.04226118 0.08570772 0.07330809 0.08473094 0.08116584 0.08897644 0.06196976 0.04909962 0.04497911 0.09945022 0.05970519 
0.09942377 0.03608822 0.05947022 0.04603250 0.13828045 0.12917053 0.13622853 0.13993002 0.09589598 0.09753454 0.05631083 0.08344195 0.00000000 0.09308566 0.07380006 0.06316754 0.07314445 0.06710695 0.06289642 0.12380663 0.05162629 0.04020753 0.07215338 0.11264347 0.03800382 0.07036254 0.04622355 0.05532955 0.03564492 0.04205009 0.14672929 0.08033156 0.01358807 0.09608737 0.06819132 0.06636112 0.04374755 0.03398614 0.06581787 0.05737016 0.09517201 0.08334075 0.06188284 0.08684476 0.04210393 0.11957349 0.08254596 0.06862410 0.05790757 0.11011453 0.09672373 0.06317933 0.09794960 0.13329926 0.06723230 0.01852125 0.07472117 0.09635018 0.06084501 0.09023088 0.11553957 0.05778467 0.04818785 0.00932781 0.12922055 0.07644456 0.08860429 0.04652118 0.06506093 0.01480773 0.04344151 0.06193629 0.06824012 0.05539442 0.12672472 0.05892398 0.06558704 0.02767904 0.02487317 0.04816872 0.08662923 0.07543910 0.09103984 0.08352181 0.06151218 0.07703053 0.08782658 0.07445965 0.05472219 0.09900938 0.06389867 
0.06694070 0.08928889 0.07359608 0.07622585 0.04888713 0.09443203 0.12463106 0.06294626 0.10274131 0.04992901 0.06705275 0.07666467 0.09308566 0.00000000 0.07183538 0.10481550 0.06130830 0.10036950 0.12841360 0.04540763 0.03043420 0.10438774 0.08226925 0.06586416 0.02309518 0.08752865 0.10755049 0.11963077 0.09084539 0.08403538 0.10389910 0.04918948 0.06782334 0.08343081 0.05279318 0.05591118 0.08255858 0.03668576 0.05611882 0.05970491 0.09014143 0.07299256 0.08004177 0.08439663 0.04915612 0.08275055 0.08046065 0.10055588 0.06350934 0.08665966 0.11213997 0.04027185 0.06162643 0.07730911 0.10006130 0.09438031 0.08561014 0.06410465 0.06340299 0.05549845 0.08004227 0.10065654 0.07411043 0.07843995 0.03551995 0.10207863 0.06633458 0.08629043 0.08979109 0.05740516 0.05330600 0.04618932 0.12584240 0.04231568 0.07866912 0.05083295 0.09030765 0.04014391 0.07077363 0.07974742 0.07583048 0.08204642 0.08379561 0.04117390 0.06454543 0.06553204 0.06147896 0.05952650 0.05411529 0.08222552 0.04911909 
0.08278781 0.03948841 0.13644723 0.04148018 0.11119786 0.08579680 0.05979199 0.07673656 0.07388343 0.09207559 0.01665347 0.04119861 0.07380006 0.07183538 0.00000000 0.06076899 0.06251299 0.08279584 0.11163111 0.04205584 0.07064468 0.03875138 0.05810878 0.03939116 0.05586494 0.10590293 0.08013080 0.04563631 0.01315421 0.08470959 0.07639924 0.04256648 0.06964448 0.05806261 0.05149149 0.06074906 0.09068924 0.09108716 0.09204138 0.03957658 0.06796805 0.05241873 0.04479410 0.07082620 0.12130907 0.04788054 0.10074889 0.03893351 0.03916014 0.07416645 0.07351572 0.01895831 0.08431939 0.07347621 0.13543692 0.03549624 0.05468690 0.13796691 0.10669328 0.08266550 0.02233831 0.07721564 0.08252164 0.14773355 0.06347975 0.04710309 0.04795077 0.05224523 0.07136493 0.11376901 0.09683251 0.02609344 0.07476525 0.08605102 0.13092534 0.06090489 0.11101282 0.07131638 0.05889563 0.08455786 0.08780938 0.06172318 0.06805476 0.08083077 0.09113878 0.09247144 0.08229566 0.07898831 0.13155087 0.09660604 0.07178128 
0.07193981 0.07805081 0.10166005 0.14036984 0.06837174 0.08555810 0.08584096 0.09439959 0.08741898 0.09344933 0.11031863 0.05576598 0.06316754 0.10481550 0.06076899 0.00000000 0.06583030 0.03957199 0.09752289 0.03796032 0.07099785 0.04910977 0.06664007 0.07415149 0.09991309 0.10215939 0.08621409 0.11416933 0.04532699 0.06666229 0.12788757 0.06707530 0.01330619 0.06546611 0.06323748 0.04105686 0.04422519 0.06493306 0.05522576 0.05832366 0.07327288 0.04343295 0.08404565 0.10778229 0.13060850 0.05659968 0.06863330 0.10059737 0.06441259 0.05529961 0.07956578 0.10962087 0.04366386 0.07901628 0.06970235 0.07134089 0.06135879 0.05520213 0.05126569 0.05909438 0.08766089 0.07161489 0.09094333 0.04945207 0.13103671 0.06682906 0.04098545 0.08627093 0.04164412 0.10188865 0.06360353 0.03171736 0.06785563 0.09235195 0.03753160 0.11374889 0.08372539 0.07371032 0.09508859 0.08238980 0.12385241 0.08978212 0.06538925 0.05133600 0.04438000 0.05234951 0.05495199 0.06239918 0.07626080 0.08577724 0.05997990 
0.04332485 0.07337779 0.08815367 0.07228766 0.09251378 0.08170560 0.06751447 0.07463454 0.05781534 0.07847706 0.06220958 0.08878180 0.07314445 0.06130830 0.06251299 0.06583030 0.00000000 0.05441988 0.08419034 0.11169825 0.06952684 0.08695505 0.09452058 0.07681616 0.06008180 0.06945378 0.10038577 0.09733039 0.08700643 0.07852311 0.10196740 0.05853595 0.06498744 0.06383866 0.07140270 0.06253757 0.05749966 0.07151942 0.08036952 0.06245780 0.05977523 0.12333840 0.05594522 0.07256428 0.08649678 0.05173835 0.08090870 0.06301656 0.06200227 0.05552761 0.07068179 0.07599549 0.07778942 0.08273738 0.05913055 0.05003301 0.06074064 0.05203736 0.05610506 0.05043173 0.07068885 0.08317374 0.07241122 0.05347937 0.05804154 0.06618209 0.07911763 0.05870083 0.06189163 0.09294592 0.05151355 0.08715219 0.06684118 0.07728787 0.06087619 0.05612804 0.07670911 0.08318104 0.07170273 0.10967038 0.06410793 0.06152201 0.04045943 0.05551021 0.05614551 0.06915314 0.06969412 0.07074883 0.06788080 0.06443687 0.06498283 
0.06070331 0.07010663 0.07792670 0.07180204 0.03114954 0.13784110 0.09342438 0.08292840 0.04819813 0.06392319 0.09199734 0.06350343 0.06710695 0.10036950 0.08279584 0.03957199 0.05441988 0.00000000 0.12073517 0.04416949 0.08232197 0.15906027 0.09450640 0.01630414 0.05769184 0.04819915 0.09104187 0.07343485 0.07115958 0.05068206 0.06829101 0.06998199 0.05542082 0.05685783 0.10227143 0.11414954 0.12346548 0.12681043 0.05827198 0.08432342 0.07199057 0.05483410 0.10914627 0.05049708 0.10616133 0.08806446 0.05728602 0.03561734 0.04869890 0.09871059 0.11052185 0.04962854 0.10430704 0.06976031 0.06278815 0.10030935 0.08909860 0.08805555 0.04960453 0.06972456 0.03578994 0.03790525 0.06546544 0.06901591 0.10540057 0.06530279 0.02878729 0.10556615 0.07782835 0.09983862 0.06703081 0.06585863 0.04937008 0.07916908 0.05787548 0.04187647 0.11838636 0.10323404 0.06095629 0.06512405 0.09685312 0.06169068 0.05156017 0.07785419 0.06282794 0.08339385 0.05137534 0.06976485 0.06602597 0.05561831 0.06229557 
0.10116433 0.07803276 0.06993113 0.13802213 0.07037984 0.05781448 0.06297681 0.10150135 0.09882459 0.06197225 0.08086485 0.08761390 0.06289642 0.12841360 0.11163111 0.09752289 0.08419034 0.12073517 0.00000000 0.04104649 0.06645013 0.06446567 0.05882960 0.04911699 0.09991485 0.06897278 0.05445988 0.06043353 0.07542091 0.08621335 0.01034891 0.09480640 0.04771515 0.05440214 0.08022955 0.02273696 0.07288324 0.06746523 0.06452523 0.06301614 0.05411963 0.07476361 0.06640314 0.09827861 0.00672016 0.07074656 0.10240865 0.12047475 0.11231168 0.08342744 0.11492943 0.09708491 0.04470974 0.05514394 0.06748074 0.08500928 0.11668498 0.07595611 0.04722189 0.05803536 0.08593187 0.05884581 0.05585958 0.07901918 0.05844419 0.07275347 0.07877944 0.09051160 0.10360441 0.09579079 0.07242939 0.09406642 0.05656905 0.06383983 0.07871432 0.09540820 0.06807894 0.07701612 0.06175076 0.04166168 0.05495629 0.07978048 0.06077235 0.06824982 0.07469154 0.06919586 0.05790970 0.06541051 0.07334256 0.05919403 0.05097074 
0.08350288 0.07643550 0.07637529 0.07786029 0.12461257 0.08952402 0.07129403 0.05897291 0.08247996 0.08475523 0.04448341 0.10774045 0.12380663 0.04540763 0.04205584 0.03796032 0.11169825 0.04416949 0.04104649 0.00000000 0.13250152 0.12850876 0.12669655 0.09656138 0.04512053 0.07460623 0.14133003 0.12362102 0.03544571 0.05139479 0.11688352 0.07094477 0.11846498 0.05666967 0.06109987 0.05500252 0.11264194 0.04166994 0.08243499 0.04567978 0.06055971 0.04410755 0.10101995 0.04926649 0.09823709 0.03010949 0.09132522 0.07329638 0.06824934 0.04889752 0.06500698 0.08618196 0.07715996 0.13228202 0.04723863 0.05117690 0.04690319 0.01795607 0.08684878 0.04875935 0.05015897 0.06829076 0.04885858 0.07875638 0.06437939 0.07876448 0.06696666 0.17799094 0.07570059 0.06030796 0.04941067 0.09806848 0.11926784 0.06598981 0.05034046 0.04507819 0.06798672 0.10740386 0.07628966 0.04889428 0.08048553 0.07379969 0.05260729 0.06182880 0.06703166 0.04273505 0.04422174 0.05174775 0.04884823 0.03457482 0.03805360 
0.05144948 0.07977301 0.06317109 0.07596366 0.06719991 0.07998761 0.09507971 0.11565026 0.07567073 0.03786420 0.06141689 0.08595279 0.05162629 0.03043420 0.07064468 0.07099785 0.06952684 0.08232197 0.06645013 0.13250152 0.00000000 0.09524521 0.08871116 0.11753498 0.04049671 0.07908958 0.09013000 0.03462014 0.06258805 0.07107819 0.06492363 0.07179744 0.10868587 0.05726589 0.10184417 0.05562164 0.07990642 0.07338239 0.05853488 0.08848974 0.06333400 0.02965493 0.07432980 0.07523229 0.09403527 0.07009684 0.01207157 0.11314500 0.08193398 0.12667845 0.10323031 0.08880380 0.09059692 0.04614202 0.09034188 0.05734277 0.08147986 0.05601974 0.05719163 0.08409809 0.10881648 0.06244982 0.05781729 0.07213460 0.02693166 0.08652057 0.14116989 0.06732807 0.10110537 0.06815335 0.03548532 0.06577476 0.06745696 0.09174525 0.06451414 0.04894950 0.09009264 0.06322843 0.08250965 0.13405960 0.10204756 0.04042837 0.06621555 0.07080061 0.06212823 0.07271648 0.05717846 0.06740079 0.05941759 0.09665367 0.07915417 
0.05208548 0.10966943 0.12057742 0.08370497 0.07342350 0.10061778 0.06079106 0.02936955 0.09397913 0.09185554 0.04543574 0.06155845 0.04020753 0.10438774 0.03875138 0.04910977 0.08695505 0.15906027 0.06446567 0.12850876 0.09524521 0.00000000 0.09625222 0.06863725 0.04935686 0.06550528 0.08690744 0.09764755 0.04584060 0.06731816 0.09666547 0.07915784 0.04595590 0.07582426 0.05106378 0.04727021 0.02622263 0.04119377 0.05714599 0.06267146 0.05235362 0.05187145 0.06547077 0.06904572 0.07600843 0.05123108 0.05196270 0.04435731 0.06718545 0.05321705 0.07914690 0.07567476 0.09392253 0.09534026 0.07599337 0.04500635 0.07362865 0.04455485 0.04433804 0.10272882 0.03839581 0.04882318 0.05858955 0.08179146 0.05392696 0.07042561 0.02782261 0.07043450 0.09814144 0.10331858 0.15264511 0.10704848 0.09941408 0.06875863 0.08735500 0.10566289 0.06458379 0.10724708 0.12572297 0.06807724 0.10451225 0.08478507 0.09804999 0.06173230 0.05814229 0.06623668 0.07711479 0.09003046 0.06890848 0.05916643 0.07045574 
0.09509730 0.07255322 0.07298230 0.06328267 0.06994917 0.04029348 0.10435470 0.08634553 0.06328893 0.05030493 0.04351997 0.06172283 0.07215338 0.08226925 0.05810878 0.06664007 0.09452058 0.09450640 0.05882960 0.12669655 0.08871116 0.09625222 0.00000000 0.03066058 0.09822634 0.03796816 0.08033893 0.07438759 0.11811764 0.10273035 0.03651523 0.06607858 0.08685969 0.12091992 0.05856501 0.08356386 0.08361005 0.13536804 0.06375393 0.08778378 0.05274169 0.06284127 0.05738543 0.07851540 0.05789278 0.04451416 0.10180251 0.08594314 0.07733799 0.04455234 0.09536955 0.01672153 0.11944461 0.10197926 0.12314974 0.05049398 0.07065546 0.04366062 0.06322967 0.05934770 0.08006785 0.06319824 0.04691962 0.05169658 0.06477479 0.04817139 0.10705998 0.07252409 0.05818999 0.07740437 0.07129628 0.07638656 0.07971296 0.09424649 0.05590447 0.06334908 0.09797121 0.06775239 0.04620945 0.06628479 0.05942065 0.11871872 0.08327391 0.05617081 0.06802646 0.08111672 0.07609691 0.07241652 0.08956785 0.09472695 0.08047345 
0.06398615 0.11142606 0.03121955 0.05550678 0.04716076 0.12932095 0.03871975 0.06049735 0.07163581 0.03893390 0.05496309 0.05778253 0.11264347 0.06586416 0.03939116 0.07415149 0.07681616 0.01630414 0.04911699 0.09656138 0.11753498 0.06863725 0.03066058 0.00000000 0.10493779 0.11486270 0.14154248 0.04978301 0.07958337 0.04680181 0.05972577 0.04178836 0.04056349 0.09809567 0.05018706 0.05820019 0.05616114 0.03445688 0.04404223 0.05774861 0.05599093 0.07438074 0.08334731 0.07431455 0.09295576 0.07614080 0.15367566 0.07628011 0.07525185 0.04177466 0.08531118 0.08565378 0.09076506 0.04398614 0.09235452 0.00339741 0.06252275 0.05613501 0.13203313 0.06523728 0.08342006 0.03350781 0.08378764 0.14880647 0.08917207 0.12549143 0.23121452 0.07807218 0.11257205 0.02690733 0.05238258 0.05138251 0.05045478 0.13783260 0.11283216 0.11165002 0.07803429 0.11617360 0.06315735 0.05481721 0.04830594 0.10734028 0.05646202 0.05077886 0.08014148 0.04586229 0.04988650 0.05778159 0.05701218 0.04066524 0.04576171 
0.08879633 0.03437056 0.05108275 0.07368690 0.08187131 0.05466441 0.02514422 0.03852450 0.05736835 0.08805024 0.08186225 0.06178782 0.03800382 0.02309518 0.05586494 0.09991309 0.06008180 0.05769184 0.09991485 0.04512053 0.04049671 0.04935686 0.09822634 0.10493779 0.00000000 0.08464559 0.04976011 0.08830613 0.07391583 0.07686342 0.09526919 0.06931594 0.06340786 0.05703380 0.10767687 0.08134278 0.07751640 0.06871906 0.07138812 0.05076368 0.04609390 0.06053059 0.08059359 0.07748667 0.13082902 0.05649532 0.07893013 0.07732433 0.04605505 0.04575757 0.04462595 0.11879144 0.04331176 0.02622949 0.09033748 0.08722902 0.05033458 0.06819798 0.11454088 0.09454230 0.03540123 0.05803705 0.07373489 0.07971717 0.11841092 0.08620778 0.06919528 0.08594630 0.04781705 0.05883531 0.15373477 0.11680806 0.07314767 0.11123526 0.06426649 0.06217050 0.07916626 0.09556957 0.09908564 0.11358393 0.07291266 0.08063794 0.05730850 0.06426216 0.09474798 0.06821679 0.07526927 0.07463886 0.08998520 0.08436618 0.10765482 
0.09976933 0.05962231 0.10095061 0.06589022 0.14355403 0.05969384 0.06024467 0.09259046 0.02449484 0.08293852 0.06787893 0.07017755 0.07036254 0.08752865 0.10590293 0.10215939 0.06945378 0.04819915 0.06897278 0.07460623 0.07908958 0.06550528 0.03796816 0.11486270 0.08464559 0.00000000 0.05139993 0.06751964 0.04329462 0.08014794 0.10669571 0.05045133 0.06887818 0.04404371 0.06231259 0.04370360 0.09692049 0.04968076 0.05138577 0.06735375 0.06450349 0.05142091 0.09257583 0.10334773 0.15501465 0.05360912 0.12024232 0.03850402 0.08369985 0.11122780 0.09318405 0.07545210 0.05653572 0.12555655 0.06991835 0.07879923 0.05824326 0.07935871 0.12956683 0.04105806 0.07533218 0.09711195 0.07579627 0.05484924 0.06048879 0.08113923 0.06775614 0.09443430 0.04126525 0.08522894 0.05924210 0.09864201 0.05311716 0.07011098 0.07425546 0.07555663 0.07648127 0.07700166 0.08256004 0.06594096 0.05575895 0.08359466 0.09072620 0.03824484 0.04189110 0.05798719 0.06606979 0.06743162 0.06944260 0.07154159 0.08288845 
0.05214841 0.12258537 0.06169904 0.03792549 0.09912485 0.06422113 0.06760354 0.09939886 0.05406496 0.03084969 0.06415413 0.07569846 0.04622355 0.10755049 0.08013080 0.08621409 0.10038577 0.09104187 0.05445988 0.14133003 0.09013000 0.08690744 0.08033893 0.14154248 0.04976011 0.05139993 0.00000000 0.07800833 0.03455319 0.06681698 0.09205536 0.06299368 0.16371735 0.05240158 0.05301089 0.10241165 0.12018990 0.10492554 0.07324827 0.08299486 0.04579617 0.12481241 0.07564923 0.03844892 0.13456528 0.06194231 0.11367514 0.05353805 0.03371421 0.05659746 0.04361066 0.09861402 0.04233543 0.06312099 0.08539373 0.08548188 0.06596539 0.04135227 0.08636602 0.05752123 0.08294187 0.03088662 0.11259580 0.07366943 0.05529789 0.04738174 0.04124468 0.08840795 0.11410664 0.04825363 0.02220252 0.06728446 0.11437365 0.05886021 0.09741131 0.09797503 0.08416458 0.03371284 0.04345367 0.06791328 0.05398301 0.10288889 0.05494164 0.04144521 0.02948934 0.04873802 0.04986173 0.05527645 0.05143197 0.03965760 0.04326613 
0.09168596 0.12103102 0.07192632 0.09894378 0.09265359 0.08172192 0.05437724 0.05279663 0.03938511 0.10675306 0.10375905 0.06106630 0.05532955 0.11963077 0.04563631 0.11416933 0.09733039 0.07343485 0.06043353 0.12362102 0.03462014 0.09764755 0.07438759 0.04978301 0.08830613 0.06751964 0.07800833 0.00000000 0.05079495 0.08823987 0.10013086 0.04789106 0.05776663 0.08530853 0.05065053 0.08444058 0.08361608 0.06201613 0.09577571 0.04016436 0.07362773 0.10405036 0.05329912 0.05994320 0.03996350 0.10487381 0.04918261 0.12483870 0.07934710 0.05283450 0.06280838 0.05214532 0.05860276 0.12008000 0.08414998 0.08862296 0.04423339 0.06233055 0.06306489 0.09707997 0.08943831 0.09189351 0.07182806 0.04560732 0.11384106 0.10097505 0.09164558 0.07937610 0.08140492 0.05832203 0.06025800 0.04932610 0.09649537 0.07552621 0.13737512 0.02654696 0.07469428 0.06970825 0.04769653 0.05274535 0.07324069 0.09133623 0.05208205 0.08051643 0.05681721 0.04565550 0.05062428 0.06067900 0.04890732 0.03889123 0.05083484 
0.09740727 0.03181092 0.04464814 0.03341986 0.08650746 0.04506858 0.07987630 0.05997457 0.04723330 0.08296103 0.14429901 0.07925386 0.03564492 0.09084539 0.01315421 0.04532699 0.08700643 0.07115958 0.07542091 0.03544571 0.06258805 0.04584060 0.11811764 0.07958337 0.07391583 0.04329462 0.03455319 0.05079495 0.00000000 0.06084905 0.13202354 0.04385074 0.08879054 0.06708288 0.08065401 0.10745016 0.07437601 0.07189052 0.06007651 0.08744368 0.08424336 0.09269020 0.08269539 0.11784404 0.08550882 0.06487201 0.06287780 0.09664020 0.14345581 0.05065196 0.06598685 0.21002219 0.05349362 0.06776927 0.10988545 0.09082933 0.09135304 0.04378347 0.05792410 0.12121903 0.00410356 0.12837124 0.10597411 0.06004965 0.07735302 0.00000000 0.11596288 0.04780448 0.08662275 0.05465423 0.09312480 0.00720066 0.07555957 0.10235571 0.04159421 0.05484597 0.12045688 0.02188060 0.07798807 0.07275265 0.07909228 0.09464927 0.04852876 0.11317883 0.06195884 0.05146258 0.05586424 0.06242569 0.06203572 0.04880855 0.05311157 
0.06605156 0.05115678 0.04775287 0.07550658 0.05195531 0.02946127 0.05488377 0.07627709 0.09195495 0.05396255 0.12458475 0.05797170 0.04205009 0.08403538 0.08470959 0.06666229 0.07852311 0.05068206 0.08621335 0.05139479 0.07107819 0.06731816 0.10273035 0.04680181 0.07686342 0.08014794 0.06681698 0.08823987 0.06084905 0.00000000 0.04430216 0.14074835 0.09172511 0.10245872 0.10374883 0.09717136 0.05435485 0.09529091 0.09761622 0.05489298 0.05100768 0.10272181 0.08110831 0.12014604 0.04339200 0.02989643 0.04927123 0.08366538 0.08468706 0.08819830 0.07476433 0.05630464 0.09482660 0.06172198 0.13918626 0.10278912 0.07003232 0.06676001 0.07300407 0.06663225 0.05396236 0.12084330 0.06266208 0.11255327 0.05035940 0.05367938 0.10264666 0.09594689 0.07910933 0.09228330 0.11493922 0.08067989 0.10514901 0.03801688 0.06574144 0.12852190 0.05528669 0.07198062 0.08970513 0.04559028 0.04363857 0.05603863 0.05449065 0.06070358 0.06733201 0.04880728 0.05663983 0.06867339 0.08084229 0.05875383 0.05478891 
0.04698441 0.07377559 0.04187693 0.07166134 0.05282510 0.07295571 0.03716326 0.04312441 0.06107373 0.06625576 0.07649465 0.06325958 0.14672929 0.10389910 0.07639924 0.12788757 0.10196740 0.06829101 0.01034891 0.11688352 0.06492363 0.09666547 0.03651523 0.05972577 0.09526919 0.10669571 0.09205536 0.10013086 0.13202354 0.04430216 0.00000000 0.10980796 0.04196573 0.05572219 0.06379435 0.08583866 0.08432876 0.08695858 0.08695360 0.06626304 0.06328400 0.06500704 0.07924978 0.05523998 0.06819044 0.10540230 0.09312376 0.03909844 0.06431974 0.05562151 0.07677347 0.11410893 0.05280291 0.14960727 0.07589286 0.05509811 0.04218576 0.06439070 0.05083235 0.07186850 0.07814863 0.11170732 0.10125856 0.05550725 0.06989397 0.06640849 0.05654258 0.04321926 0.04395820 0.07455610 0.04259045 0.03368719 0.03896723 0.06098207 0.06959116 0.11204510 0.06951672 0.10214100 0.08235416 0.05868422 0.05474911 0.04238107 0.09247363 0.06497085 0.06682214 0.05908360 0.06501929 0.07668264 0.06109014 0.10276366 0.07417474 
0.04869092 0.03188782 0.04141798 0.08272357 0.09675624 0.10047246 0.06157842 0.08829829 0.07808842 0.04947896 0.07418442 0.05411608 0.08033156 0.04918948 0.04256648 0.06707530 0.05853595 0.06998199 0.09480640 0.07094477 0.07179744 0.07915784 0.06607858 0.04178836 0.06931594 0.05045133 0.06299368 0.04789106 0.04385074 0.14074835 0.10980796 0.00000000 0.10503795 0.08055199 0.07487707 0.05904724 0.05833398 0.09584303 0.08460241 0.08236323 0.07800123 0.08738206 0.09273102 0.05310556 0.09985969 0.08446846 0.08285317 0.09356530 0.07994379 0.08848522 0.05204546 0.08253271 0.07040666 0.07308712 0.04684156 0.08059795 0.04761711 0.04847763 0.06585632 0.06219978 0.08281445 0.08463224 0.08565108 0.13608546 0.07436437 0.11481563 0.04268476 0.06545661 0.12962135 0.11187617 0.08140793 0.09642124 0.04122167 0.07791756 0.06371698 0.11541702 0.06275729 0.09939317 0.08664151 0.04451404 0.04725450 0.09927938 0.07103261 0.04542803 0.05698971 0.08389844 0.05862324 0.07174044 0.08795543 0.07511923 0.07703459 
0.05884892 0.06132436 0.03966249 0.05959991 0.06906728 0.05975959 0.05412918 0.04373963 0.06937007 0.09575664 0.07062349 0.04334696 0.01358807 0.06782334 0.06964448 0.01330619 0.06498744 0.05542082 0.04771515 0.11846498 0.10868587 0.04595590 0.08685969 0.04056349 0.06340786 0.06887818 0.16371735 0.05776663 0.08879054 0.09172511 0.04196573 0.10503795 0.00000000 0.11051408 0.10834811 0.04458419 0.11101640 0.08012156 0.07442607 0.10475165 0.07067459 0.06508421 0.10023319 0.09846672 0.05630278 0.06840996 0.05703710 0.12918645 0.07486339 0.08137544 0.08690600 0.03957166 0.05337150 0.08255729 0.04665559 0.09310156 0.07418597 0.13383544 0.09616800 0.02511927 0.07073157 0.10905104 0.07829780 0.08873123 0.09585501 0.03962382 0.03724249 0.08720615 0.05199116 0.07102164 0.05102527 0.12841188 0.03947525 0.09596971 0.06204419 0.07813451 0.08424018 0.02124394 0.06926881 0.04997833 0.06950153 0.08180745 0.04758312 0.05705400 0.07896200 0.09716694 0.08092744 0.07701240 0.12222835 0.10329276 0.10722847 
0.07924353 0.09134729 0.07596555 0.06285598 0.07797298 0.05454181 0.06320490 0.09764834 0.04172015 0.07445066 0.07081475 0.06862262 0.09608737 0.08343081 0.05806261 0.06546611 0.06383866 0.05685783 0.05440214 0.05666967 0.05726589 0.07582426 0.12091992 0.09809567 0.05703380 0.04404371 0.05240158 0.08530853 0.06708288 0.10245872 0.05572219 0.08055199 0.11051408 0.00000000 0.08674778 0.08168461 0.11163322 0.10060860 0.07458634 0.08861441 0.04729818 0.09934424 0.06553999 0.08476736 0.07609451 0.04524805 0.07731667 0.10884127 0.06182604 0.13529169 0.08859432 0.10633906 0.05138187 0.06845472 0.06790077 0.09872030 0.06996258 0.05305460 0.05132245 0.06425668 0.04117108 0.05479487 0.05366690 0.04998882 0.08813357 0.06183264 0.06917630 0.04859239 0.07954256 0.11129353 0.08548018 0.06630579 0.10249544 0.07025515 0.07871996 0.07783191 0.09426203 0.08146878 0.02653245 0.08571999 0.08309579 0.11047920 0.06150148 0.06025061 0.07881059 0.07516218 0.06397350 0.06007441 0.09766149 0.04300595 0.06737218 
0.08765130 0.08045387 0.05950714 0.06884803 0.05705004 0.06941593 0.07931274 0.07066600 0.06387176 0.08751832 0.06317748 0.10370798 0.06819132 0.05279318 0.05149149 0.06323748 0.07140270 0.10227143 0.08022955 0.06109987 0.10184417 0.05106378 0.05856501 0.05018706 0.10767687 0.06231259 0.05301089 0.05065053 0.08065401 0.10374883 0.06379435 0.07487707 0.10834811 0.08674778 0.00000000 0.12832195 0.07860356 0.11673149 0.07112255 0.06777732 0.05675066 0.09004135 0.07236742 0.05436043 0.01854982 0.08986356 0.06264671 0.10683625 0.02939481 0.13914072 0.06789954 0.07146317 0.07500324 0.11279023 0.05031372 0.06116800 0.08309684 0.10845673 0.07785054 0.05090720 0.09769895 0.11620856 0.06829037 0.09918766 0.10200546 0.08704650 0.08056089 0.04287084 0.05472512 0.04371125 0.09019196 0.06992265 0.03796889 0.05002730 0.04495218 0.11443176 0.04503534 0.11870593 0.06988232 0.07451176 0.07782977 0.08659992 0.07220757 0.08487321 0.06260802 0.05739374 0.06167575 0.06204315 0.05200685 0.05317505 0.08910368 
0.08551285 0.12081537 0.07851086 0.07196521 0.05022368 0.04939304 0.06991001 0.05591786 0.12701525 0.06729200 0.05095039 0.00838889 0.06636112 0.05591118 0.06074906 0.04105686 0.06253757 0.11414954 0.02273696 0.05500252 0.05562164 0.04727021 0.08356386 0.05820019 0.08134278 0.04370360 0.10241165 0.08444058 0.10745016 0.09717136 0.08583866 0.05904724 0.04458419 0.08168461 0.12832195 0.00000000 0.09053911 0.11411712 0.11454907 0.10286416 0.09918610 0.14270662 0.15857949 0.06563289 0.05469128 0.03954884 0.07310149 0.05077398 0.04941466 0.07442953 0.07240164 0.05347135 0.07405201 0.12621864 0.04797405 0.05044029 0.04283373 0.07829924 0.07288323 0.07257943 0.09250053 0.07357881 0.06825039 0.09715666 0.03597316 0.04057858 0.09482868 0.06350882 0.07337975 0.06788704 0.07695006 0.15081607 0.07598162 0.10316066 0.04490762 0.05870210 0.09482580 0.04793567 0.03817651 0.07808892 0.05011256 0.03922208 0.06139169 0.06984408 0.06029060 0.05999681 0.05689852 0.07766293 0.08121817 0.07673183 0.04005992 
0.07826550 0.05679147 0.08743236 0.04964469 0.08156046 0.11064652 0.08182864 0.06988190 0.06248495 0.06975888 0.08597133 0.06687223 0.04374755 0.08255858 0.09068924 0.04422519 0.05749966 0.12346548 0.07288324 0.11264194 0.07990642 0.02622263 0.08361005 0.05616114 0.07751640 0.09692049 0.12018990 0.08361608 0.07437601 0.05435485 0.08432876 0.05833398 0.11101640 0.11163322 0.07860356 0.09053911 0.00000000 0.07865227 0.08996821 0.06406319 0.08624405 0.04187262 0.07773040 0.06776777 0.08462981 0.10460613 0.09755524 0.09493905 0.11315510 0.08131717 0.06089095 0.06377047 0.05746729 0.08545918 0.08151319 0.08442058 0.05583973 0.05988990 0.05548183 0.04338694 0.05685380 0.04126202 0.07733422 0.06945285 0.02108039 0.05676194 0.09064213 0.07952933 0.08219943 0.04571943 0.05564945 0.10442067 0.06881455 0.07349725 0.14070694 0.05560968 0.09580514 0.04483855 0.04592330 0.04675359 0.08639232 0.02705117 0.02815164 0.05851301 0.06900067 0.09889661 0.08651533 0.08594089 0.07928987 0.06775396 0.07580016 
0.08788131 0.06798645 0.04846231 0.08315686 0.04645863 0.07462683 0.12142826 0.04902644 0.02803819 0.04495792 0.04708514 0.07758257 0.03398614 0.03668576 0.09108716 0.06493306 0.07151942 0.12681043 0.06746523 0.04166994 0.07338239 0.04119377 0.13536804 0.03445688 0.06871906 0.04968076 0.10492554 0.06201613 0.07189052 0.09529091 0.08695858 0.09584303 0.08012156 0.10060860 0.11673149 0.11411712 0.07865227 0.00000000 0.09224126 0.10412439 0.06666292 0.02720401 0.07459843 0.06794607 0.05222853 0.07544857 0.06796659 0.03708577 0.11709617 0.08429506 0.04567544 0.06268695 0.09403495 0.05584565 0.06401857 0.07757119 0.07152512 0.07917490 0.04679358 0.09135968 0.11378805 0.11895608 0.08636415 0.09756394 0.09174591 0.07188081 0.07597854 0.07194721 0.03543642 0.12086175 0.07768656 0.05192482 0.08429842 0.09787258 0.03136861 0.05717634 0.04671202 0.09916977 0.08183808 0.12009746 0.04893162 0.06156172 0.08802035 0.08299504 0.08170904 0.07993896 0.08478273 0.06544782 0.04793841 0.07926383 0.08385446 
0.04753908 0.05027451 0.10701925 0.08561739 0.06763824 0.05853936 0.06620961 0.06685665 0.11051128 0.06265878 0.03958236 0.07753879 0.06581787 0.05611882 0.09204138 0.05522576 0.08036952 0.05827198 0.06452523 0.08243499 0.05853488 0.05714599 0.06375393 0.04404223 0.07138812 0.05138577 0.07324827 0.09577571 0.06007651 0.09761622 0.08695360 0.08460241 0.07442607 0.07458634 0.07112255 0.11454907 0.08996821 0.09224126 0.00000000 0.10920564 0.05754561 0.08781252 0.08639460 0.07431446 0.10413103 0.05740970 0.07272747 0.06972411 0.06734827 0.05347061 0.05026454 0.04737031 0.06856662 0.08123597 0.04643912 0.06298495 0.02918829 0.09735556 0.04226810 0.02312090 0.07321947 0.07041375 0.06609047 0.06395300 0.07977314 0.04116706 0.06464950 0.06041017 0.08281808 0.04478361 0.05634158 0.07903484 0.06224462 0.07855876 0.04474252 0.08069659 0.05013234 0.06246287 0.06888973 0.06372167 0.09614545 0.05212959 0.06317989 0.08486650 0.07258490 0.11634464 0.11173092 0.11041739 0.11604882 0.10933559 0.09568110 
