0.00000000 0.98824466 0.47464440 0.32850092 0.31302198 0.19249645 0.21016584 0.19517008 0.19867781 0.21861592 0.22851190 0.20996901 0.22406190 0.18141218 0.19158084 0.29864402 0.16160486 0.20171973 0.29883343 0.23733069 0.26079189 0.20305926 0.31430873 0.22629558 0.27634093 0.29091751 0.21589642 0.22200001 0.28269975 0.11605907 0.24435376 0.27159987 0.28788545 0.28966478 0.26532518 0.23873130 0.17149154 0.15178457 0.24751459 0.19269228 0.24507114 0.19745471 0.18864019 0.15952657 0.19359347 0.18872821 0.26643197 0.21683822 0.23341249 0.19274204 0.12302758 0.13696401 0.17016442 0.09097794 0.14525717 0.16071492 0.22851740 0.14134342 0.25881538 0.21298949 0.21670474 0.20767219 0.20972969 0.18625228 0.24672140 0.23372759 0.21041813 0.16402418 0.19597257 0.23958574 0.22072795 0.15187314 0.24699200 0.33650360 0.20371496 0.29957541 0.23726483 0.24234697 0.19466692 0.24963827 0.23564710 0.15442684 0.31930361 0.19467364 0.26431389 0.24924622 0.21780725 0.26705141 0.15521959 0.19896705 0.18034993 0.22380380 0.16625588 0.23168364 0.24850044 0.23839498 0.27331728 0.24475707 0.29738251 0.25856915 0.34962666 0.24720674 0.25281684 0.17817144 0.18831423 0.19973688 0.23857587 0.26387086 0.25122145 
0.98824466 0.00000000 0.49014167 0.43485197 0.31455031 0.25671802 0.19273951 0.20288725 0.30787833 0.31031911 0.22721326 0.31243778 0.19924371 0.27047333 0.21068623 0.22657567 0.10378313 0.23966059 0.24456838 0.30127727 0.26674442 0.15065221 0.22017261 0.24631155 0.24565468 0.23162859 0.20922849 0.16904478 0.24995730 0.18308281 0.14981939 0.27169318 0.27186936 0.22276821 0.21589378 0.22710982 0.16098162 0.18056188 0.16644469 0.26048468 0.06236221 0.19467798 0.17769939 0.27357270 0.19040163 0.21955090 0.26737287 0.17923868 0.22803412 0.19546252 0.21809215 0.14979322 0.22838738 0.25422824 0.14520925 0.24389096 0.16199047 0.16032240 0.23645431 0.31138206 0.22381170 0.21724272 0.16961951 0.20935498 0.28235345 0.28044399 0.21684035 0.09363533 0.17749797 0.16245567 0.21519638 0.22574305 0.30531613 0.23100848 0.18511224 0.25918531 0.17382127 0.18064258 0.26730672 0.26121554 0.23612034 0.24614431 0.24777107 0.23566468 0.23879089 0.21048031 0.17248541 0.23955410 0.15861813 0.32593686 0.18793656 0.24223884 0.21021531 0.22142122 0.30608781 0.16708583 0.23257762 0.23780749 0.24685651 0.18851784 0.28901588 0.23228046 0.28727320 0.27810216 0.31282138 0.27370997 0.26946313 0.25561821 0.25002671 
0.47464440 0.49014167 0.00000000 0.54870108 0.41882474 0.34828550 0.20166036 0.22119485 0.28530372 0.17807720 0.15450976 0.14343485 0.25399482 0.17093957 0.22024336 0.30197201 0.32411426 0.20212859 0.20622985 0.13861433 0.30241999 0.20370808 0.32940293 0.25841456 0.19904760 0.23563065 0.25219282 0.17769283 0.15769082 0.25899756 0.19919373 0.24562682 0.24935377 0.21821831 0.18942200 0.20610243 0.21612344 0.07789622 0.15062297 0.17645932 0.19194876 0.20256140 0.18423614 0.10625156 0.25639047 0.26543460 0.31053544 0.17025784 0.16930279 0.28705583 0.16173300 0.11241362 0.07890288 0.16295453 0.18178071 0.15522483 0.18975676 0.18306870 0.19339609 0.19165723 0.20658812 0.22540314 0.26800049 0.17467997 0.32770372 0.16447569 0.28056907 0.34591230 0.18895960 0.14218040 0.23401504 0.06300362 0.25179258 0.22163952 0.22795933 0.18433488 0.21331991 0.28204764 0.26330274 0.35461818 0.24996599 0.16896198 0.14056741 0.12749682 0.11457597 0.14974547 0.25356708 0.13987734 0.17694134 0.38014185 0.19528949 0.92457421 0.19502873 0.32517118 0.20806871 0.14654652 0.35022794 0.20336157 0.65745030 0.22706861 0.64464119 0.26645772 0.17221085 0.13744166 0.11755287 0.13215280 0.20931437 0.25578016 0.25317999 
0.32850092 0.43485197 0.54870108 0.00000000 0.46551003 0.35043956 0.32514105 0.41731477 0.23987478 0.39724430 0.24468928 0.21028258 0.14420626 0.27458554 0.19880504 0.22642668 0.27810752 0.31843381 0.22497933 0.31061225 0.26537001 0.52223265 0.49416768 0.28927806 0.32468130 0.16075487 0.22715272 0.13770961 0.10615404 0.20958841 0.20055438 0.20995757 0.17870485 0.24284571 0.23014838 0.11728465 0.13615927 0.17886580 0.16501612 0.27555012 0.08401863 0.34692772 0.23542362 0.12493046 0.24868106 0.20128197 0.26638778 0.26623415 0.13678373 0.23919977 0.13138990 0.13578893 0.32825893 0.18631666 0.28657308 0.17521349 0.16161209 0.21548848 0.23574604 0.19806775 0.13560382 0.17593100 0.24001963 0.12991703 0.18716056 0.19596570 0.29568708 0.15555461 0.17823582 0.11033206 0.16264230 0.21318780 0.19260453 0.12664764 0.24307050 0.17182078 0.13856365 0.28732038 0.18092774 0.27402278 0.23167729 0.23568156 0.22354639 0.28880441 0.28808680 0.20647031 0.20903400 0.23722071 0.12906739 0.29944999 0.17040420 0.11041166 0.15574983 0.25160807 0.24159040 0.28477983 0.25958129 0.31828765 0.32601185 0.23823630 0.49615972 0.48231753 0.31417473 0.28432881 0.20447763 0.21050483 0.22791937 0.24117689 0.24936932 
0.31302198 0.31455031 0.41882474 0.46551003 0.00000000 0.56218492 0.63728622 0.69034846 0.32226859 0.29951897 0.21437043 0.30605468 0.18953189 0.19589287 0.14692501 0.20393063 0.12396953 0.29313515 0.16272449 0.16474171 0.24253593 0.18217605 0.24996170 0.27274000 0.33695789 0.18686546 0.18398938 0.21660043 0.34691969 0.20159687 0.15660219 0.25553383 0.27231395 0.24825769 0.21749910 0.15872009 0.16768306 0.11412305 0.17010014 0.09001441 0.06712734 0.18277869 0.20565223 0.13891103 0.22918782 0.29713279 0.13605683 0.20045314 0.13784724 0.18454055 0.18870426 0.24370173 0.28076414 0.27621953 0.21983915 0.16695332 0.10340076 0.20982176 0.19710726 0.16811662 0.10838230 0.12857498 0.16490124 0.20154060 0.19931291 0.17803680 0.33824467 0.12784792 0.24066171 0.14535870 0.09530173 0.11420213 0.11811033 0.12238318 0.21021263 0.24846698 0.14843746 0.19419591 0.13953878 0.24778320 0.18893927 0.16404265 0.25931266 0.16786224 0.24777634 0.10301104 0.19670519 0.15551960 0.15680421 0.29318430 0.25258907 0.31063511 0.14494259 0.24465829 0.37982124 0.35242119 1.77784056 0.14986012 1.08636317 0.14333228 0.21912956 0.28563276 0.23023935 0.17249204 0.11474558 0.21627218 0.20972986 0.22485858 0.20780793 
0.19249645 0.25671802 0.34828550 0.35043956 0.56218492 0.00000000 0.91360769 0.34617075 0.16412371 0.20431134 0.24837203 0.16865114 0.20314611 0.22838139 0.24580676 0.18780422 0.25683634 0.21058336 0.21141681 0.52669383 0.20718576 0.38193261 0.25851602 0.16907436 0.24588062 0.24626149 0.38903749 0.15435751 0.49556612 0.16060318 0.30316820 0.15664287 0.19316823 0.24960107 0.19297018 0.12147832 0.14597002 0.37347463 0.20447644 0.14402867 0.10997572 0.25996413 0.17972670 0.21871799 0.25412317 0.16230972 0.17639501 0.21591942 0.19471219 0.15428446 0.11908724 0.15255235 0.28446667 0.21311368 0.12896524 0.19519898 0.10831322 0.14335058 0.06914266 0.15497097 0.17845223 0.19400528 0.21541622 0.11505832 0.20128986 0.30751477 0.22401900 0.12656989 0.15091748 0.22320796 0.27935587 0.17537598 0.12071522 0.15849223 0.27999991 0.21707942 0.16037315 0.20720684 0.16032198 0.25043038 0.21466783 0.16514883 0.19843550 0.13158700 0.24074128 0.09426752 0.03867045 0.05169971 0.26859480 0.30798564 0.31765810 0.18731247 0.29489306 0.20580702 0.11024311 0.24423895 0.32570742 0.26357435 0.30917195 0.96999509 0.28252024 0.36381231 0.33754188 0.23946561 0.30266414 0.37671591 0.25726493 0.25607170 0.23585965 
0.21016584 0.19273951 0.20166036 0.32514105 0.63728622 0.91360769 0.00000000 0.85356752 0.30254324 0.25257832 0.81146553 0.92241181 0.19021861 0.12028202 0.15414632 0.14097665 0.17846867 0.61222009 0.20233910 0.53669282 0.16333410 0.38968592 0.12164665 0.16978845 0.28694520 0.23914028 0.16375357 0.14556482 0.60313481 0.15651751 0.28588430 0.14993452 0.11331073 0.13748645 0.07234316 0.20308144 0.07466278 0.19398692 0.14139433 0.11939518 0.17168466 0.28265363 0.35063423 0.12553118 0.15790757 0.19214753 0.24156034 0.23450228 0.19565783 0.25737409 0.22639593 0.23671918 0.25044691 0.20564140 0.21914945 0.08892210 0.14821627 0.09190305 0.29698648 0.15857416 0.12651204 0.11026721 0.25298351 0.22915679 0.15987134 0.13330999 0.27500947 0.24196385 0.24748453 0.20769109 0.17053487 0.20898128 0.23406880 0.33402401 0.26127167 0.08184369 0.14161492 0.15282317 0.23651586 0.12160463 0.11250693 0.14403303 0.19194769 0.13379755 0.24729828 0.16758693 0.14708675 0.14269744 0.08672235 0.07418295 0.13196423 0.10314597 0.31363688 0.14403190 0.10100742 0.20527531 0.29997679 0.80132847 0.22740580 0.24178613 0.08808276 0.30007928 0.20379500 0.27059772 0.27541374 0.24558693 0.27637933 0.21940806 0.22621344 
0.19517008 0.20288725 0.22119485 0.41731477 0.69034846 0.34617075 0.85356752 0.00000000 0.66757354 1.08753556 1.02158552 0.22512004 0.22832728 0.33419091 0.24816036 0.22345144 0.26020619 0.29531435 0.12506852 0.29211126 0.08830653 0.18718848 0.22271460 0.17904224 0.27367049 0.19562732 0.13884038 0.18770184 0.16667920 0.13422941 0.19025093 0.12721412 0.13267057 0.16096971 0.28472646 0.15226303 0.13291255 0.14151467 0.24880754 0.08682493 0.10768263 0.16237973 0.14780568 0.23330617 0.23388404 0.08000068 0.20026132 0.13973192 0.07037601 0.09235327 0.19786145 0.09689253 0.19093715 0.16862187 0.17390976 0.11697189 0.23764718 0.19229864 0.28667451 0.10576586 0.21276025 0.17169427 0.14805044 0.18705209 0.21187025 0.14438517 0.29802173 0.16731997 0.19103165 0.25534491 0.13672925 0.11897814 0.31857507 0.21166278 0.20620715 0.15556612 0.21500699 0.15400943 0.12649637 0.15885588 0.23948367 0.25366359 0.20892127 0.26457475 0.25208603 0.10555039 0.25537806 0.15920587 0.15645463 0.16886959 0.23794706 0.33105043 0.17206987 0.41339128 0.31380172 0.63424708 1.15162528 0.22446635 0.23573680 0.23442226 0.35121115 0.16732584 0.22571730 0.15156532 0.18792412 0.16612097 0.18448214 0.22318187 0.22490335 
0.19867781 0.30787833 0.28530372 0.23987478 0.32226859 0.16412371 0.30254324 0.66757354 0.00000000 0.61990277 0.36787118 0.35229531 0.41836174 0.29934978 0.20413557 0.25258255 0.15767258 0.12709220 0.11355649 0.20467488 0.20811065 0.17934988 0.21924901 0.10992820 0.12962664 0.26230046 0.18259225 0.10423667 0.24390694 0.13700211 0.73934826 0.14053305 0.16131652 0.42768107 0.21223275 1.08817137 0.04665153 0.18347746 0.19719833 0.00000000 0.16827876 0.13420733 0.22744614 0.17689652 0.23351405 0.10429998 0.21024098 0.23903068 0.13718736 0.11252958 0.07394836 0.25866629 0.23435068 0.16867270 0.07704680 0.08614973 0.15386920 0.14855211 0.19567878 0.16832022 0.12101903 0.16733325 0.24363225 0.22549954 0.19135777 0.19083832 0.20218861 0.08188001 0.14444511 0.12371616 0.14804951 0.13852584 0.25569131 0.31535305 0.17343791 0.19850101 0.21946212 0.16594351 0.19381597 0.06090722 0.28179237 0.24732329 0.16989744 0.23550357 0.21302176 0.10374732 0.18651701 0.18018511 0.17703542 0.20176631 0.29820589 0.34647422 1.62260080 0.18012572 0.20505724 0.85174272 0.27927910 0.42234511 0.11952631 0.23758369 0.18809194 0.14007978 0.22641963 0.36239329 0.18797712 0.21383324 0.25796171 0.22771920 0.23596563 
0.21861592 0.31031911 0.17807720 0.39724430 0.29951897 0.20431134 0.25257832 1.08753556 0.61990277 0.00000000 0.71124404 0.34094397 0.41313543 0.34521822 0.26719332 0.38318599 0.20771188 0.19869267 0.17920311 0.19479241 0.22303688 0.26461262 0.31555267 0.28466217 0.29302240 0.21744417 0.12105971 0.17275097 0.28346760 0.23886458 0.22028300 0.25349737 0.26045662 0.23585811 0.21120575 0.27628055 0.14817749 0.20969182 0.15285136 0.15098696 0.14995114 0.18714082 0.13139132 0.23949348 0.19162330 0.09786329 0.15787320 0.15992974 0.20821535 0.25384994 0.27839010 0.20319891 0.19559029 0.20888975 0.19938721 0.28204217 0.27634911 0.22146716 0.26612528 0.18844812 0.19324742 0.16293913 0.16328205 0.11787303 0.08570562 0.15628170 0.17981227 0.09481631 0.20272894 0.18318147 0.13627692 0.11024233 0.20342056 0.23545455 0.19565139 0.20845354 0.23406977 0.27503535 0.14419499 0.19476365 0.16130940 0.12523917 0.32707564 0.14538258 0.26286742 0.08453996 0.37177150 0.17576528 0.12353523 0.27678439 0.14095470 0.27148139 0.23565876 0.40046770 0.32396291 0.51934839 0.27832170 0.17594492 0.22533740 0.20543597 0.22885737 0.29480704 0.27692432 0.22837504 0.25159893 0.25990844 0.24755515 0.25827487 0.22722073 
0.22851190 0.22721326 0.15450976 0.24468928 0.21437043 0.24837203 0.81146553 1.02158552 0.36787118 0.71124404 0.00000000 0.30091365 0.48482540 0.17607927 0.22785213 0.18848478 0.19084081 0.83279557 0.24503198 0.47526711 0.16181868 0.31160874 0.24871557 0.27215296 0.22504099 0.16616902 0.33245010 0.08025103 0.30504231 0.17140566 0.13282608 0.15039119 0.19174890 0.17432718 0.26488234 0.19863839 0.05975949 0.24035945 0.07054830 0.18752309 0.15707839 0.21119149 0.17565166 0.22224075 0.16641601 0.17565277 0.20768445 0.14776000 0.19376567 0.27108599 0.16726115 0.20745661 0.21044042 0.17191656 0.21013018 0.34034534 0.22324721 0.16967095 0.09756252 0.08545424 0.17821606 0.20605786 0.20046537 0.22729187 0.19832876 0.18642593 0.20098354 0.08442117 0.09404084 0.19321412 0.14821302 0.14735034 0.25542342 0.25439437 0.27341335 0.06812868 0.17137051 0.24699045 0.18052650 0.12392212 0.21746558 0.32615829 0.31770758 0.20292452 0.15583033 0.15219039 0.31452321 0.35964342 0.24120522 0.21187862 0.16307800 0.24052808 0.24541016 0.24042932 0.32677046 0.25433734 0.33232039 0.19317460 0.19318833 0.18911175 0.22058590 0.19523444 0.25819470 0.32163018 0.26440491 0.26673969 0.22573387 0.23853010 0.23948235 
0.20996901 0.31243778 0.14343485 0.21028258 0.30605468 0.16865114 0.92241181 0.22512004 0.35229531 0.34094397 0.30091365 0.00000000 0.66472149 0.22843218 0.23039281 0.37211660 0.22919920 0.52499059 0.29934663 0.26681373 0.18679347 0.29438147 0.23157032 0.13243023 0.24916309 0.17403781 0.20892742 0.22760956 0.39993866 0.19491865 0.62708032 0.20255112 0.11735108 0.26782264 0.24661969 0.59539134 0.15272483 0.22887421 0.16103286 0.16465834 0.14761043 0.12740907 0.33088169 0.29457966 0.37705478 0.26601224 0.25318637 0.23352233 0.15444638 0.16380822 0.22972902 0.14644400 0.19194511 0.33769852 0.22538042 0.18989725 0.21360978 0.16620404 0.25669222 0.11114328 0.30936464 0.19857747 0.24845978 0.15160209 0.14088091 0.22842509 0.13392993 0.21502215 0.10430560 0.35181947 0.12357799 0.22659578 0.04856283 0.17020561 0.25566488 0.13067748 0.08144268 0.08797502 0.19821139 0.09740657 0.21464261 0.17457533 0.15538212 0.14779718 0.17046542 0.21856775 0.17568068 0.15599799 0.25349240 0.19855553 0.25886794 0.08557495 0.15768310 0.16741023 0.17786679 0.25023984 0.16214900 0.42963681 0.20154344 0.15491278 0.25766495 0.23469274 0.15574678 0.38896880 0.29074918 0.27100761 0.25388478 0.26313104 0.24920453 
0.22406190 0.19924371 0.25399482 0.14420626 0.18953189 0.20314611 0.19021861 0.22832728 0.41836174 0.41313543 0.48482540 0.66472149 0.00000000 0.61596517 0.54678905 0.76429276 0.44258927 0.36742132 0.09082842 0.16663159 0.25236270 0.26914726 0.30139951 0.37705169 0.25927249 0.28428499 0.19991105 0.13926639 0.06802941 0.13374411 0.76191358 0.16501125 0.29909320 0.23606222 0.36157581 0.34006128 0.19954617 0.17349055 0.16465860 0.23658481 0.15187694 0.19355516 0.32868234 0.15664008 0.30440931 0.27390937 0.28854494 0.09963978 0.17517218 0.17798864 0.18332632 0.17490562 0.10115498 0.29658380 0.24950583 0.18322172 0.19927986 0.20801168 0.23791754 0.21528606 0.13032399 0.12779744 0.27914174 0.28182939 0.16856627 0.26432186 0.26624716 0.17573187 0.23274087 0.04218057 0.22387203 0.25234808 0.23288208 0.24322259 0.21976747 0.19209452 0.20566131 0.09730278 0.15583291 0.24665566 0.23857983 0.22506247 0.25722494 0.16155045 0.15247383 0.10971560 0.19284082 0.10417811 0.16003765 0.24312084 0.27220823 0.18359846 0.26067554 0.23157134 0.24608711 0.26698404 0.20908916 0.17498766 0.09557582 0.10108255 0.17623182 0.22849357 0.19399706 0.28364483 0.23512514 0.28374384 0.21198733 0.24476365 0.21399778 
0.18141218 0.27047333 0.17093957 0.27458554 0.19589287 0.22838139 0.12028202 0.33419091 0.29934978 0.34521822 0.17607927 0.22843218 0.61596517 0.00000000 0.67986519 0.61505463 0.33910725 0.33387771 0.13204667 0.22780135 0.27381759 0.24230985 0.21550926 0.23758154 0.27318012 0.21175572 0.11028169 0.16884283 0.10348057 0.22349754 0.75950025 0.50217616 0.73018045 0.42890943 0.40774242 0.36126799 0.26124330 0.23595599 0.19630568 0.11783004 0.19807768 0.16312796 0.22756555 0.07767153 0.25978904 0.07990442 0.24782406 0.04223559 0.22850757 0.18907447 0.16977556 0.24427615 0.22193515 0.25468985 0.14629274 0.19672198 0.19206178 0.33873756 0.30160732 0.14246174 0.08081778 0.12128636 0.27934972 0.16487241 0.15727843 0.28070076 0.24844244 0.17542457 0.14506603 0.05837897 0.19340035 0.17074501 0.19258295 0.26931497 0.17228893 0.22162584 0.11794629 0.23027558 0.21818841 0.32543639 0.21516130 0.28213378 0.28768023 0.28225232 0.38274010 0.22064495 0.20666707 0.18169234 0.03044072 0.15556762 0.20242652 0.30977363 0.17194650 0.20020229 0.30558835 0.14785645 0.25179551 0.18405397 0.15100093 0.08294497 0.15463649 0.29519140 0.33857361 0.23029675 0.24800949 0.20203849 0.25967987 0.24817766 0.23632341 
0.19158084 0.21068623 0.22024336 0.19880504 0.14692501 0.24580676 0.15414632 0.24816036 0.20413557 0.26719332 0.22785213 0.23039281 0.54678905 0.67986519 0.00000000 0.68998508 0.43312581 0.27125712 0.22962584 0.11306976 0.23422855 0.23691020 0.22397721 0.12882702 0.18739223 0.18058402 0.17465374 0.17091456 0.16850375 0.12631046 0.40350793 0.39694663 0.28261906 0.36388731 0.22710013 0.21255666 0.21487966 0.20011199 0.21234542 0.23481942 0.20165053 0.27219306 0.24422206 0.22986866 0.34867477 0.15342327 0.24748867 0.21299490 0.12977932 0.22356589 0.26009991 0.21456815 0.14549476 0.14564763 0.16497612 0.27875451 0.27248201 0.28509507 0.36720615 0.14312030 0.16197347 0.21869441 0.26431741 0.22674391 0.28381907 0.30603318 0.24377763 0.20900647 0.24341088 0.26962259 0.06451791 0.37516708 0.30656509 0.32356552 0.25855262 0.28032116 0.20622100 0.15963429 0.20159705 0.17501277 0.22460656 0.14428700 0.22381470 0.10286548 0.39448688 0.32705857 0.17742233 0.24351578 0.14430541 0.24155663 0.16912747 0.29793958 0.15368821 0.16666772 0.23651443 0.27608516 0.19464595 0.21610392 0.28296167 0.28069573 0.21849299 0.35121357 0.34839576 0.14022602 0.15492792 0.18660031 0.17285275 0.18266394 0.20357120 
0.29864402 0.22657567 0.30197201 0.22642668 0.20393063 0.18780422 0.14097665 0.22345144 0.25258255 0.38318599 0.18848478 0.37211660 0.76429276 0.61505463 0.68998508 0.00000000 0.59720118 0.54689696 0.47270746 0.21437803 0.31826998 0.22773040 0.17200796 0.21157176 0.19073648 0.15199228 0.08751403 0.11994480 0.18910276 0.26783999 0.23482940 0.27366098 0.26233325 0.20497569 0.23898721 0.28388254 0.08714036 0.18892441 0.26548316 0.12461478 0.22029881 0.23385819 0.27068811 0.20137477 0.29731750 0.26891337 0.30866857 0.17417448 0.16650724 0.16355924 0.20152422 0.25485421 0.16402539 0.19328648 0.24895164 0.31180754 0.45340234 0.14652394 0.23332852 0.23312860 0.26680154 0.18176096 0.30551261 0.09264505 0.19121243 0.29597522 0.19818319 0.13150209 0.19964180 0.28581938 0.23979873 0.19737292 0.30064018 0.10602890 0.21802995 0.21759350 0.14037746 0.22399509 0.29665669 0.19174684 0.09507868 0.23038299 0.23898959 0.21105281 0.16573031 0.24805526 0.16977966 0.16740932 0.15157868 0.20754364 0.34321877 0.21713023 0.13517445 0.12120963 0.26269621 0.18960757 0.31553745 0.20421947 0.18919027 0.18191346 0.17273896 0.25619314 0.36036642 0.17282185 0.21812440 0.19001109 0.20487599 0.23592174 0.21390607 
0.16160486 0.10378313 0.32411426 0.27810752 0.12396953 0.25683634 0.17846867 0.26020619 0.15767258 0.20771188 0.19084081 0.22919920 0.44258927 0.33910725 0.43312581 0.59720118 0.00000000 0.38002679 0.69755088 0.33055476 0.27660716 0.18728796 0.20039727 0.13867068 0.15512661 0.30511493 0.22690682 0.98261614 0.27180295 0.68338499 0.36614045 0.15109190 0.17546558 0.13726404 0.09879636 0.25525868 0.22377424 0.14894432 0.29429213 0.15619068 0.32485373 0.26083785 0.25497544 0.27382426 0.11639294 0.31739431 0.11611338 0.23455022 0.39377203 0.37267801 0.35397303 0.40021024 0.17164114 0.26560258 0.11414866 0.76439505 0.27544326 0.26815392 0.23591977 0.19646313 0.73797381 0.32123134 0.25674561 0.15305866 0.19414586 0.17953409 0.23320297 0.28877382 0.27413378 0.11214529 0.22410850 0.18914968 0.13004378 0.18752775 0.23300021 0.08215002 0.14214502 0.18001639 0.14951197 0.22496056 0.14833220 0.12880869 0.14254931 0.26316978 0.16463844 0.19799500 0.07450517 0.16624753 0.14634338 0.17966614 0.26746942 0.17086230 0.06381888 0.11442832 0.14138551 0.22779633 0.11888095 0.15614725 0.21734997 0.11585228 0.16953648 0.15801044 0.18403158 0.22590363 0.16040804 0.12038829 0.18405113 0.23472773 0.21703408 
0.20171973 0.23966059 0.20212859 0.31843381 0.29313515 0.21058336 0.61222009 0.29531435 0.12709220 0.19869267 0.83279557 0.52499059 0.36742132 0.33387771 0.27125712 0.54689696 0.38002679 0.00000000 0.47686817 0.89977827 0.35155550 0.18401443 0.23593926 0.25491355 0.12483702 0.17481130 0.18414039 0.19516553 0.22385104 0.20426822 0.17599793 0.29986335 0.25062047 0.16284272 0.18147300 0.33051505 0.28320656 0.32375695 0.13603410 0.26084067 0.32375966 0.14372011 0.20664571 0.23043520 0.25867542 0.17331899 0.27232179 0.23103993 0.31316550 0.25770731 0.26226375 0.27899495 0.27284167 0.22221128 0.25587889 0.26572291 0.32305242 0.12554304 0.19511168 0.28181312 0.15648770 0.15193083 0.22214991 0.21581916 0.06844493 0.17837263 0.16797151 0.13474177 0.24296172 0.14531477 0.10842981 0.16998256 0.15758020 0.21812901 0.21724642 0.19888238 0.09901095 0.16995324 0.26093095 0.12134526 0.12011926 0.13133245 0.36815875 0.24561194 0.15186310 0.09942577 0.31441693 0.18009292 0.10982014 0.17323632 0.12921374 0.11450582 0.13535869 0.19845876 0.23222785 0.32129853 0.29089020 0.28709858 0.19590738 0.29172843 0.11791123 0.25908733 0.12752247 0.22345894 0.20006460 0.26794161 0.24126829 0.22281078 0.23573388 
0.29883343 0.24456838 0.20622985 0.22497933 0.16272449 0.21141681 0.20233910 0.12506852 0.11355649 0.17920311 0.24503198 0.29934663 0.09082842 0.13204667 0.22962584 0.47270746 0.69755088 0.47686817 0.00000000 0.42523340 0.55834614 0.23839371 0.17386935 0.27061145 0.29466866 0.58930971 0.27040394 0.39595900 0.22331885 0.20146344 0.12581760 0.13990551 0.18537363 0.21965492 0.15897517 0.18767433 0.21172742 0.21801115 0.19236812 0.21085520 0.62137957 0.14178068 0.21773848 0.22856758 0.25183113 0.18774424 0.24776891 0.25912202 0.42659511 0.20457363 0.65296442 0.36865657 0.18264537 0.26361531 0.22928768 0.23324125 0.25881331 0.13094377 0.16290596 0.09150704 0.25479020 0.24790547 0.27135651 0.22453472 0.24636036 0.22172850 0.26447523 0.28037743 0.21919318 0.16415483 0.15018993 0.25084403 0.23936811 0.18889109 0.17778728 0.24491833 0.19778133 0.24017385 0.23185611 0.14193515 0.31391011 0.27790382 0.32251305 0.26547188 0.11408574 0.18004368 0.23145839 0.20053970 0.27114995 0.19856637 0.17309786 0.16736525 0.25269325 0.24007490 0.16151518 0.22230884 0.22760253 0.18970386 0.24753819 0.24303947 0.28282567 0.18321085 0.13097275 0.22624439 0.14408620 0.20507891 0.24305832 0.23436435 0.22584069 
0.23733069 0.30127727 0.13861433 0.31061225 0.16474171 0.52669383 0.53669282 0.29211126 0.20467488 0.19479241 0.47526711 0.26681373 0.16663159 0.22780135 0.11306976 0.21437803 0.33055476 0.89977827 0.42523340 0.00000000 0.55182779 0.50239343 0.31040616 0.19823331 0.26838290 0.26362776 0.53260940 0.28402588 0.50372130 0.26470426 0.15295643 0.22826542 0.06776085 0.09916359 0.17181666 0.19314453 0.27274274 0.35993902 0.18307154 0.18620789 0.11676333 0.23662654 0.27890712 0.20171724 0.16321131 0.20593899 0.25248166 0.18850393 0.21323205 0.12803929 0.12869277 0.22736670 0.32400591 0.24017194 0.22493164 0.24920206 0.20820569 0.25256804 0.10349774 0.19509052 0.27787090 0.21519805 0.33320022 0.17864862 0.21752630 0.15534355 0.23834665 0.16335832 0.22903306 0.23762313 0.20145415 0.15276814 0.15019271 0.15106307 0.18963888 0.03864483 0.19964952 0.11095592 0.25469751 0.18886252 0.27340353 0.19226638 0.19405242 0.28584364 0.15920415 0.20061245 0.14549883 0.07942690 0.26817118 0.27092434 0.26712329 0.18931317 0.18503481 0.17007628 0.21783232 0.28068227 0.10998245 0.17955080 0.14599717 0.37296590 0.29444391 0.22314572 0.31383076 0.13180598 0.25170448 0.30637566 0.25526733 0.22260407 0.22142594 
0.26079189 0.26674442 0.30241999 0.26537001 0.24253593 0.20718576 0.16333410 0.08830653 0.20811065 0.22303688 0.16181868 0.18679347 0.25236270 0.27381759 0.23422855 0.31826998 0.27660716 0.35155550 0.55834614 0.55182779 0.00000000 0.39454063 0.37540271 0.59535498 0.38306655 1.12684057 0.21135305 0.16431816 0.21080013 0.21341875 0.22980180 0.22407836 0.13246632 0.27542537 0.19351260 0.10068214 0.08493926 0.27164552 0.09268666 0.20577927 0.18307754 0.38791175 0.28646748 0.25490552 0.22106374 0.11235098 0.19097986 0.13556724 0.39018992 0.20103308 0.17297960 0.30896979 0.25283329 0.27733360 0.29346685 0.14918634 0.09528578 0.21650353 0.27598783 0.24372036 0.09503223 0.14853723 0.24296279 0.17925729 0.20558525 0.18949910 0.18558610 0.16571520 0.21124697 0.06026698 0.14005756 0.38875828 0.24049363 0.23978438 0.16724538 0.31243352 0.22193419 0.24011683 0.28426255 0.13667478 0.13508063 0.21477100 0.23291231 0.24165217 0.22778975 0.21564603 0.16028873 0.33916627 0.14792060 0.22117094 0.24310733 0.14588181 0.24852441 0.17674811 0.36494515 0.17414640 0.20223891 0.21338259 0.18725068 0.31363264 0.18924477 0.34309860 0.25795065 0.32514764 0.22467543 0.22062245 0.23752910 0.22143935 0.24028687 
0.20305926 0.15065221 0.20370808 0.52223265 0.18217605 0.38193261 0.38968592 0.18718848 0.17934988 0.26461262 0.31160874 0.29438147 0.26914726 0.24230985 0.23691020 0.22773040 0.18728796 0.18401443 0.23839371 0.50239343 0.39454063 0.00000000 0.81038396 0.52084421 0.46005814 0.25595760 0.54215013 0.18816767 0.17773886 0.20254401 0.24587886 0.15297486 0.23208455 0.22438796 0.28790223 0.15928996 0.22338113 0.29846208 0.16270793 0.28926185 0.32530264 0.25283404 0.17792552 0.12149647 0.16827643 0.20012322 0.19982790 0.17657745 0.15701499 0.19118056 0.20747319 0.34727653 0.21433516 0.16583298 0.23706754 0.19258344 0.22271941 0.18933811 0.26054064 0.13019476 0.19927301 0.17781822 0.16771189 0.31923946 0.18660425 0.28124903 0.28482507 0.28332816 0.15543108 0.32572856 0.11558733 0.14372161 0.21834257 0.24141089 0.18199868 0.19393753 0.23130552 0.15570956 0.15340337 0.20702672 0.18358464 0.18375526 0.13680932 0.19526382 0.22216150 0.19524632 0.22110367 0.13395453 0.13468742 0.19575266 0.17713751 0.20628806 0.18667753 0.17655701 0.22963978 0.21946693 0.17773169 0.19489519 0.27043796 0.48886774 0.28986187 0.43733688 0.20996964 0.17710005 0.21598543 0.24671221 0.27883980 0.25415145 0.23949975 
0.31430873 0.22017261 0.32940293 0.49416768 0.24996170 0.25851602 0.12164665 0.22271460 0.21924901 0.31555267 0.24871557 0.23157032 0.30139951 0.21550926 0.22397721 0.17200796 0.20039727 0.23593926 0.17386935 0.31040616 0.37540271 0.81038396 0.00000000 1.09778240 0.55917201 0.30476594 0.35936295 0.26218977 0.27242754 0.19270538 0.14577600 0.21838109 0.17704668 0.24732507 0.24850068 0.26375732 0.24056079 0.26457161 0.13365032 0.18248195 0.07300396 0.18654579 0.19051616 0.20804297 0.18603334 0.30355769 0.19435234 0.31853164 0.17815024 0.20689086 0.17276508 0.20143039 0.18707264 0.26773938 0.29569042 0.10337217 0.22896066 0.18499287 0.21843016 0.04459140 0.17278691 0.14739568 0.14494059 0.18530586 0.28404155 0.16160737 0.22555745 0.15793582 0.15837840 0.21465910 0.15638488 0.31049270 0.17811020 0.16910414 0.20738354 0.30718759 0.15195995 0.24928517 0.11303735 0.26102843 0.29668918 0.30286372 0.23946716 0.19095310 0.20017971 0.20527503 0.17434554 0.17600611 0.28012250 0.37957797 0.29501656 0.17556391 0.04818077 0.21320588 0.18906879 0.22855183 0.28682998 0.10138026 0.22803946 0.32564588 0.33856895 0.46060711 0.19736380 0.24539321 0.14375885 0.17125976 0.23185843 0.23171005 0.23221207 
0.22629558 0.24631155 0.25841456 0.28927806 0.27274000 0.16907436 0.16978845 0.17904224 0.10992820 0.28466217 0.27215296 0.13243023 0.37705169 0.23758154 0.12882702 0.21157176 0.13867068 0.25491355 0.27061145 0.19823331 0.59535498 0.52084421 1.09778240 0.00000000 0.76037217 0.26908037 0.27575165 0.19693358 0.25495018 0.30623881 0.19939437 0.26117269 0.20913408 0.19874014 0.24459099 0.16013454 0.25603248 0.11083145 0.14234871 0.21498480 0.19822245 0.26681670 0.17559906 0.11145610 0.19388686 0.24629472 0.11164569 0.14462604 0.30469159 0.18140442 0.28821278 0.19454378 0.25447900 0.29709070 0.23915290 0.27867800 0.22056113 0.22712426 0.16977010 0.21772465 0.20529753 0.22556778 0.15093621 0.22513107 0.14269832 0.19887259 0.18064203 0.13103407 0.20612328 0.24298817 0.23705220 0.20762301 0.21307455 0.23314802 0.15229784 0.19107965 0.22149770 0.29506183 0.20095511 0.21445640 0.35491622 0.22579686 0.11658954 0.19955423 0.23975709 0.16075593 0.15625920 0.17146243 0.31448192 0.27775527 0.19172003 0.20604159 0.27020262 0.20703080 0.21332166 0.16889801 0.20141527 0.21381123 0.25903828 0.26595436 0.25130375 0.25784367 0.34573031 0.25776665 0.23660839 0.23115611 0.23443845 0.23901692 0.27282112 
0.27634093 0.24565468 0.19904760 0.32468130 0.33695789 0.24588062 0.28694520 0.27367049 0.12962664 0.29302240 0.22504099 0.24916309 0.25927249 0.27318012 0.18739223 0.19073648 0.15512661 0.12483702 0.29466866 0.26838290 0.38306655 0.46005814 0.55917201 0.76037217 0.00000000 0.41278432 0.31911528 0.12852252 0.14804203 0.19263213 0.20923859 0.19371008 0.20858718 0.19520255 0.26986129 0.14878322 0.17614840 0.19583915 0.12230897 1.03651094 0.12553589 0.33420193 0.17735494 0.16263608 0.18564859 0.17122907 0.16741022 0.21188786 0.17587630 0.19489393 0.14112084 0.25609129 0.33620545 0.28557779 0.28227361 0.18550410 0.19175290 0.20112082 0.23832838 0.18243324 0.28006058 0.19509186 0.18268958 0.17155228 0.16892585 0.16836884 0.20814113 0.01817550 0.16137698 0.12858130 0.15701816 0.10237391 0.27504812 0.13442591 0.21252020 0.20033035 0.14937684 0.17939277 0.22007027 0.36655387 0.19562267 0.22801011 0.21825944 0.15045371 0.22627916 0.13291605 0.38525182 0.22803682 0.51326640 0.21205601 0.29730025 0.29949561 0.11636412 0.28563693 0.23960760 0.25802892 0.27653129 0.17490327 0.15474692 0.39066106 0.32040432 0.48530210 0.26351123 0.27057250 0.25256278 0.22379761 0.21890578 0.21893054 0.21906115 
0.29091751 0.23162859 0.23563065 0.16075487 0.18686546 0.24626149 0.23914028 0.19562732 0.26230046 0.21744417 0.16616902 0.17403781 0.28428499 0.21175572 0.18058402 0.15199228 0.30511493 0.17481130 0.58930971 0.26362776 1.12684057 0.25595760 0.30476594 0.26908037 0.41278432 0.00000000 0.36793020 0.54967684 0.25696317 0.21499005 0.24482423 0.19002356 0.22337216 0.18530811 0.22291832 0.09616893 0.28504102 0.14340258 0.22030595 0.36344226 0.72444258 0.39286552 0.13817089 0.19129302 0.17238945 0.20206944 0.26288631 0.25277716 0.59922396 0.20457257 0.10508169 0.25479818 0.25060783 0.08598716 0.28353034 0.15951592 0.23092148 0.28740709 0.25613592 0.17081384 0.13386227 0.28948865 0.18850355 0.29338764 0.23380421 0.14513747 0.30659043 0.25583872 0.14605394 0.26514866 0.14041136 0.27328914 0.24672681 0.25867272 0.32698127 0.14822238 0.20496741 0.18290647 0.28974123 0.13239741 0.14907097 0.20103853 0.27259014 0.14875348 0.14866412 0.10597716 0.13581609 0.19849048 0.23099946 0.18512119 0.15396760 0.25992965 0.10293349 0.11178420 0.16312495 0.22738964 0.30245754 0.16678759 0.24912822 0.25922417 0.26027981 0.24085823 0.24175949 0.17279297 0.15922927 0.22740288 0.20478942 0.24004290 0.23431640 
0.21589642 0.20922849 0.25219282 0.22715272 0.18398938 0.38903749 0.16375357 0.13884038 0.18259225 0.12105971 0.33245010 0.20892742 0.19991105 0.11028169 0.17465374 0.08751403 0.22690682 0.18414039 0.27040394 0.53260940 0.21135305 0.54215013 0.35936295 0.27575165 0.31911528 0.36793020 0.00000000 0.48495766 0.38437740 0.38392700 0.20492533 0.19388262 0.17500564 0.22971930 0.09423632 0.16364817 0.25374351 1.07998159 0.21684651 0.22536045 0.26972509 0.09499010 0.24709374 0.20623581 0.22171147 0.28162910 0.22503882 0.14247931 0.15106270 0.30870341 0.26495345 0.14200228 0.21409538 0.24515771 0.25230561 0.17082562 0.22643097 0.21575166 0.15652458 0.04613688 0.26661269 0.18821647 0.21922135 0.22955453 0.36027406 0.21965990 0.11154807 0.21714060 0.12163498 0.17639832 0.09404925 0.32800198 0.21300966 0.20526190 0.26001261 0.22690944 0.06583267 0.07428172 0.18286419 0.15104794 0.22137290 0.22750771 0.18814759 0.16816483 0.18186509 0.15463678 0.19568318 0.21680939 0.71334306 0.31524815 0.23171422 0.17479488 0.16733605 0.10566485 0.15779646 0.14800810 0.21595597 0.19137773 0.18566677 0.54173519 0.22530781 0.41456822 0.30384927 0.26209968 0.30696130 0.23948663 0.24362420 0.24076674 0.24511954 
0.22200001 0.16904478 0.17769283 0.13770961 0.21660043 0.15435751 0.14556482 0.18770184 0.10423667 0.17275097 0.08025103 0.22760956 0.13926639 0.16884283 0.17091456 0.11994480 0.98261614 0.19516553 0.39595900 0.28402588 0.16431816 0.18816767 0.26218977 0.19693358 0.12852252 0.54967684 0.48495766 0.00000000 0.34432406 1.07793219 0.18420479 0.17764786 0.13174264 0.16431610 0.05250857 0.13346376 0.31280671 0.27569705 0.64434111 0.16074264 0.43832525 0.17510842 0.19196111 0.17943291 0.14378794 0.21685559 0.25380707 0.23444456 0.23126917 0.33996308 0.53263363 0.25871454 0.18829576 0.37143897 0.20786547 0.45196777 0.12520872 0.24656350 0.19644452 0.23386113 0.49383428 0.17390782 0.27197757 0.31073486 0.23351483 0.20995740 0.16661116 0.26401873 0.15766652 0.09336027 0.16780579 0.23466849 0.10491476 0.16033047 0.24657956 0.11435064 0.24206149 0.16598068 0.21087559 0.16857819 0.22343930 0.28240641 0.17105001 0.25481375 0.19285234 0.60834160 0.09475545 0.40546999 0.24439206 0.17886990 0.10029822 0.08985738 0.17951790 0.16608068 0.13710301 0.18091475 0.16356489 0.15351874 0.21664971 0.22653160 0.25284834 0.06792461 0.20797836 0.32038953 0.22382744 0.22887570 0.25275071 0.23927833 0.20914463 
0.28269975 0.24995730 0.15769082 0.10615404 0.34691969 0.49556612 0.60313481 0.16667920 0.24390694 0.28346760 0.30504231 0.39993866 0.06802941 0.10348057 0.16850375 0.18910276 0.27180295 0.22385104 0.22331885 0.50372130 0.21080013 0.17773886 0.27242754 0.25495018 0.14804203 0.25696317 0.38437740 0.34432406 0.00000000 0.36655162 0.35544013 0.15170303 0.20916626 0.27450414 0.17967408 0.51325858 0.10503391 1.27070962 0.18081273 0.27961754 0.14484231 0.12025172 0.18767058 0.17480251 0.21352683 0.21024157 0.18778892 0.09236804 0.19606520 0.16086262 0.18420278 0.26881358 0.24523192 0.30316087 0.22445095 0.27469908 0.24529994 0.15551968 0.22017373 0.09253860 0.21508864 0.14311824 0.15844662 0.22468174 0.25044316 0.21977390 0.33117598 0.20938810 0.09190040 0.10283479 0.20142947 0.18349109 0.17439059 0.16630453 0.21019775 0.14016780 0.23789861 0.16044589 0.17104220 0.17495589 0.18670882 0.18490008 0.25660286 0.19376544 0.13193973 0.31492937 0.31660345 0.17070086 0.09889860 0.21838759 0.31391575 0.17393547 0.19749782 0.12896826 0.17461061 0.32568770 0.22587480 0.39997080 0.15841211 0.25566742 0.19362654 0.15589353 0.28251979 0.17661587 0.26253045 0.29793845 0.27143044 0.26447849 0.25867911 
0.11605907 0.18308281 0.25899756 0.20958841 0.20159687 0.16060318 0.15651751 0.13422941 0.13700211 0.23886458 0.17140566 0.19491865 0.13374411 0.22349754 0.12631046 0.26783999 0.68338499 0.20426822 0.20146344 0.26470426 0.21341875 0.20254401 0.19270538 0.30623881 0.19263213 0.21499005 0.38392700 1.07793219 0.36655162 0.00000000 0.36941352 0.39445242 0.14391008 0.33913834 0.18277838 0.21371056 0.48616853 0.16472370 0.79396128 0.25991218 0.20139443 0.18836187 0.15267782 0.23055949 0.10934080 0.18723034 0.22656829 0.28233696 0.15359328 0.23142271 0.40869235 0.15778972 0.24508955 0.30146647 0.22121965 0.26984914 0.29051214 0.26468259 0.15873329 0.25669760 0.75277070 0.22729650 0.15192082 0.30684844 0.18515688 0.11556936 0.11688312 0.32774322 0.24304584 0.09002146 0.21181644 0.71607919 0.16702384 0.21390441 0.31851416 0.19506356 0.22660877 0.24609837 0.26396415 0.33471980 0.09630493 0.23127267 0.09906167 0.17100418 0.19509632 0.41318190 0.12651926 0.19103110 0.19256851 0.09320423 0.17498703 0.14844054 0.10231281 0.25211016 0.18059672 0.14781881 0.16626495 0.16284004 0.18970222 0.19890391 0.14186388 0.11203867 0.26109206 0.22713894 0.20121706 0.20249983 0.21538898 0.22389771 0.20810789 
0.24435376 0.14981939 0.19919373 0.20055438 0.15660219 0.30316820 0.28588430 0.19025093 0.73934826 0.22028300 0.13282608 0.62708032 0.76191358 0.75950025 0.40350793 0.23482940 0.36614045 0.17599793 0.12581760 0.15295643 0.22980180 0.24587886 0.14577600 0.19939437 0.20923859 0.24482423 0.20492533 0.18420479 0.35544013 0.36941352 0.00000000 0.57543345 0.42547947 0.73968408 0.34833043 0.88456468 0.17753948 0.10704124 0.12382645 0.09107106 0.17345970 0.28800402 0.23088221 0.07209345 0.31802052 0.38000240 0.35086123 0.18641828 0.22743216 0.12127108 0.21674767 0.21058450 0.07236921 0.10320588 0.11432982 0.13571912 0.19211860 0.15982756 0.16553199 0.16680780 0.17822290 0.09773241 0.18429515 0.08293119 0.22911509 0.30296363 0.30412494 0.15764981 0.28465609 0.18772685 0.18386770 0.16748219 0.20771142 0.23480073 0.22933038 0.18452618 0.16026429 0.24056761 0.16779344 0.19287182 0.16141448 0.18961034 0.15159588 0.31105433 0.07561559 0.08329025 0.14833067 0.35227829 0.27597390 0.22434952 0.18742316 0.14166348 0.39919348 0.21768459 0.16862316 0.15814881 0.15641894 0.23753250 0.15118126 0.07258907 0.18373789 0.19068083 0.28026951 0.13881023 0.10564033 0.17266297 0.25574566 0.23542577 0.22767244 
0.27159987 0.27169318 0.24562682 0.20995757 0.25553383 0.15664287 0.14993452 0.12721412 0.14053305 0.25349737 0.15039119 0.20255112 0.16501125 0.50217616 0.39694663 0.27366098 0.15109190 0.29986335 0.13990551 0.22826542 0.22407836 0.15297486 0.21838109 0.26117269 0.19371008 0.19002356 0.19388262 0.17764786 0.15170303 0.39445242 0.57543345 0.00000000 0.76089217 0.35339586 0.45307683 0.24147846 0.41774042 0.25350260 0.18336232 0.24345361 0.21792008 0.15560904 0.23609070 0.15315940 0.19746061 0.27018097 0.17896991 0.24715717 0.18416276 0.20921122 0.18390334 0.22454080 0.30404305 0.16059432 0.27288985 0.28433341 0.24941016 0.29790543 0.63551530 0.34008629 0.19683804 0.18772604 0.21208319 0.12922911 0.24586481 0.27326379 0.12406526 0.22635727 0.27674226 0.22293238 0.14933929 0.50439955 0.33404889 0.26389687 0.21505839 0.23629555 0.22742698 0.17198154 0.21418090 0.20669502 0.30818706 0.18822576 0.26428806 0.37930535 0.18693430 0.16703818 0.18003047 0.21683828 0.24569135 0.22693723 0.19064386 0.25519242 0.15630554 0.25336914 0.26115254 0.17104164 0.17609907 0.23576824 0.18641533 0.17726383 0.25947752 0.17514089 0.31587477 0.18041081 0.22924114 0.26463724 0.21048377 0.22140043 0.21210890 
0.28788545 0.27186936 0.24935377 0.17870485 0.27231395 0.19316823 0.11331073 0.13267057 0.16131652 0.26045662 0.19174890 0.11735108 0.29909320 0.73018045 0.28261906 0.26233325 0.17546558 0.25062047 0.18537363 0.06776085 0.13246632 0.23208455 0.17704668 0.20913408 0.20858718 0.22337216 0.17500564 0.13174264 0.20916626 0.14391008 0.42547947 0.76089217 0.00000000 0.78961190 0.94532103 0.22111953 0.36317724 0.10293204 0.26953171 0.15223052 0.28367202 0.18067594 0.19290517 0.14189710 0.24657624 0.20385345 0.20947662 0.14880028 0.23273793 0.22208663 0.19198295 0.17021229 0.28392163 0.18280916 0.29751948 0.28175488 0.27490726 0.28762786 0.40188232 0.23734141 0.11397419 0.13819928 0.18321828 0.19981514 0.22773422 0.22448566 0.30462305 0.12223788 0.19140405 0.04834160 0.13751657 0.38019851 0.45698932 0.14496574 0.24541190 0.20679210 0.21546844 0.32023138 0.12673238 0.14884708 0.20701141 0.17485256 0.25702228 0.15823784 0.30505677 0.23348693 0.15488509 0.20973226 0.08121691 0.31695508 0.27443245 0.20927932 0.32006237 0.24683747 0.20690449 0.26236595 0.25115532 0.12817865 0.25393702 0.13252816 0.13937106 0.14033279 0.27126525 0.29782259 0.28947791 0.28488771 0.27641949 0.24002240 0.22557974 
