0.00000000 0.23463498 0.10162052 0.12998727 0.10423318 0.11659502 0.08786973 0.13924703 0.08261724 0.09435830 0.06656335 0.09817853 0.09300492 0.07462192 0.08413856 0.08159450 0.07635375 0.13623958 0.08950893 0.05030057 0.11026902 0.06832428 0.12092906 0.10017358 0.10453512 0.09375567 0.07269722 0.09818008 0.13531014 0.07858808 0.09765254 0.11390828 0.07899389 0.07042423 0.12844497 0.09881492 0.08338839 0.06737926 0.12088026 0.12693851 0.08600944 0.09127614 0.09184131 0.07358834 0.09184131 0.08477697 0.11017539 0.11355758 0.12739470 0.09380160 0.06931994 0.07531010 0.10439694 0.07281547 0.11415731 0.05519697 0.08690913 0.06220292 0.09439157 0.11172907 0.06564586 0.10386351 0.09184131 0.09472462 0.09181549 0.10734605 0.13204923 0.07138642 0.09989997 0.07617190 0.06932208 0.06673985 0.09451897 0.10979054 0.09992648 0.09705828 0.10790480 0.11702202 0.06987837 0.07181428 0.07080741 0.10481017 0.09890437 0.08257117 0.07296622 0.12193768 0.09076691 0.09033429 0.08353455 0.08882789 0.09186977 0.07680356 0.08678865 0.07754500 0.12015051 0.10071436 0.12316365 0.11568807 0.10455840 0.09366086 0.15454707 0.09650689 0.13479269 0.09973625 0.10557063 0.11468326 0.10937887 0.10090253 0.11092415 
0.23463498 0.00000000 0.11290539 0.13361062 0.12388507 0.07302556 0.11588073 0.09579752 0.10684508 0.09673361 0.13324111 0.11401108 0.13294565 0.07496933 0.11530248 0.09892020 0.06270251 0.11795417 0.08674116 0.09165050 0.08574315 0.10248382 0.11027916 0.12116646 0.09910493 0.07184189 0.06829945 0.06606679 0.06406413 0.08279650 0.11676586 0.08065711 0.10515850 0.05845771 0.11633016 0.07788925 0.06838272 0.12200440 0.11866676 0.08684608 0.05732612 0.10040194 0.07828523 0.08238205 0.07828523 0.07238720 0.11377271 0.08570291 0.11634056 0.09672855 0.09041477 0.08142026 0.09866096 0.09479420 0.09166908 0.06573865 0.08923740 0.10388680 0.08772383 0.09442691 0.06559177 0.07988084 0.07828523 0.08059530 0.10551562 0.11406199 0.12397511 0.07559321 0.08478254 0.08950151 0.08609062 0.06391152 0.08181338 0.08380321 0.09812807 0.07913657 0.08860572 0.10546928 0.08484019 0.10228099 0.08945420 0.11140491 0.08351525 0.09166425 0.10280902 0.09337747 0.14317191 0.07474888 0.10912046 0.10052788 0.11511484 0.08192740 0.09902124 0.07124664 0.11454362 0.10164310 0.09661232 0.09341127 0.12576141 0.12994209 0.09893807 0.14047601 0.11322943 0.10313119 0.11940506 0.11925974 0.12013915 0.12196025 0.12301572 
0.10162052 0.11290539 0.00000000 0.13732523 0.10806976 0.11199682 0.16430363 0.08263271 0.14767803 0.09482699 0.05886792 0.07844746 0.14105188 0.05137597 0.04336948 0.09125375 0.15690254 0.10394138 0.10039380 0.05932633 0.10494639 0.09062145 0.11624066 0.10960834 0.07869070 0.06233402 0.08362330 0.07501676 0.05332647 0.13102787 0.04946534 0.11988749 0.04004736 0.08729316 0.10644626 0.08346347 0.06958608 0.12139583 0.03691259 0.08758232 0.07401984 0.08610286 0.07501096 0.08198728 0.07501096 0.12066957 0.15030622 0.06912324 0.07938825 0.07668953 0.07267222 0.14909164 0.11635518 0.05413639 0.09360551 0.06730491 0.12125445 0.06462034 0.07730262 0.11817290 0.09992781 0.13555574 0.07501096 0.07663097 0.03889022 0.11739397 0.15622778 0.14460155 0.10487120 0.07953634 0.06568337 0.10880964 0.06571457 0.14480064 0.07009757 0.14364276 0.11022395 0.08408942 0.06960926 0.15893999 0.12044819 0.15037593 0.10729053 0.11663493 0.05924366 0.09833158 0.11839174 0.05635108 0.13146803 0.07945206 0.11002499 0.14795643 0.11110071 0.12532549 0.12112599 0.08123954 0.12429286 0.10530174 0.09801600 0.10796164 0.14949772 0.14261014 0.09820877 0.07527890 0.11266826 0.08593619 0.09233181 0.10075112 0.09669400 
0.12998727 0.13361062 0.13732523 0.00000000 0.14906669 0.10737372 0.11899468 0.15701901 0.11300862 0.12847977 0.10886446 0.16849658 0.13291713 0.10373374 0.14289181 0.08333579 0.10806058 0.12384988 0.08308529 0.09068484 0.06992952 0.12605151 0.16981543 0.10896538 0.10358002 0.07012869 0.12593371 0.02754255 0.09008038 0.10305600 0.06883882 0.08628385 0.14257833 0.09132976 0.12056683 0.10196367 0.15994876 0.11011868 0.10737468 0.09791962 0.09311331 0.08620713 0.08455816 0.05772811 0.08455816 0.06395931 0.11371551 0.11851192 0.07808557 0.12751139 0.07315317 0.06305710 0.09420673 0.07569626 0.10069210 0.04677677 0.09511472 0.06108014 0.13240132 0.09197597 0.09227979 0.12125217 0.08455816 0.08802353 0.06276736 0.10575251 0.14598860 0.07156856 0.07297215 0.06919931 0.09826991 0.05168695 0.03530935 0.11203376 0.09148400 0.08092423 0.14558317 0.07192777 0.12475553 0.09605756 0.09993240 0.08658729 0.08067485 0.06706689 0.08724784 0.07183791 0.09501099 0.05327104 0.13011362 0.07821660 0.09636759 0.12492175 0.14426398 0.08502040 0.12007661 0.08557459 0.07779890 0.08337403 0.10006618 0.09038477 0.07682948 0.09791267 0.10772379 0.10316432 0.08742312 0.10209410 0.11751571 0.10373601 0.11533819 
0.10423318 0.12388507 0.10806976 0.14906669 0.00000000 0.14706638 0.18600744 0.19641791 0.08514252 0.14895955 0.15106390 0.14051848 0.10602480 0.10642991 0.07944061 0.11780978 0.08360570 0.14142113 0.07665314 0.09700113 0.13127824 0.12488414 0.10490435 0.10029257 0.08022117 0.11593272 0.11126951 0.12391764 0.08762253 0.07002308 0.08129961 0.10529524 0.08653953 0.09848377 0.10338439 0.10166926 0.10874581 0.07518601 0.07648003 0.06490366 0.04450824 0.09220299 0.09493762 0.04008868 0.09493762 0.06883666 0.07933353 0.07398413 0.05217197 0.06331767 0.10628016 0.07288666 0.09212622 0.07847520 0.11901163 0.08510583 0.10966479 0.11218520 0.06776189 0.08850467 0.08494926 0.03611437 0.09493762 0.06904995 0.04867289 0.11126233 0.05880394 0.04401230 0.07937165 0.05514556 0.13367891 0.10281483 0.07850504 0.11546787 0.11945556 0.10384276 0.06826348 0.07785770 0.03916303 0.04710826 0.07464262 0.10586867 0.07005440 0.11166005 0.08087880 0.13182550 0.14584879 0.05887049 0.12923875 0.14619524 0.10830191 0.11258994 0.10320690 0.09245473 0.11865626 0.14406662 0.29369431 0.07753887 0.12748482 0.08392561 0.14997524 0.13355805 0.09853250 0.10515637 0.07231993 0.08135993 0.09644602 0.10102086 0.09393966 
0.11659502 0.07302556 0.11199682 0.10737372 0.14706638 0.00000000 0.29031602 0.12334913 0.06922356 0.14803840 0.05069011 0.06658163 0.10903579 0.12827316 0.05356566 0.12646179 0.08221107 0.11053503 0.06338162 0.25138286 0.12667605 0.14370042 0.08508553 0.07353442 0.08550758 0.09924517 0.08568791 0.08356926 0.11851907 0.08526462 0.12727414 0.12522561 0.09421240 0.10772238 0.07134201 0.14685137 0.10855283 0.10909607 0.06324463 0.08368570 0.14499990 0.11543818 0.10084870 0.05131585 0.10084870 0.08168630 0.07032916 0.05559395 0.09570864 0.06265780 0.11661611 0.05013510 0.08688510 0.06110349 0.13713583 0.06878701 0.08966853 0.10693864 0.05817719 0.09103592 0.01137374 0.11801914 0.10084870 0.07157278 0.09977032 0.12676270 0.07381106 0.08994289 0.11724107 0.05104323 0.10443572 0.09879448 0.10891820 0.05031269 0.08273799 0.10037469 0.08992422 0.05890368 0.05502648 0.17575434 0.09378689 0.09259244 0.11885095 0.09135032 0.06204672 0.04063498 0.08900598 0.06873647 0.10256814 0.11148652 0.09500949 0.16628961 0.18637567 0.05970478 0.06180410 0.09787880 0.12375108 0.10774239 0.06958321 0.09420380 0.10069065 0.15742749 0.07659144 0.09510113 0.08217659 0.09950266 0.08515985 0.12029963 0.09695673 
0.08786973 0.11588073 0.16430363 0.11899468 0.18600744 0.29031602 0.00000000 0.12546440 0.11545976 0.12565357 0.12934545 0.14760320 0.08288030 0.04722977 0.05617979 0.11035306 0.09590468 0.11593909 0.07287871 0.12124009 0.14583977 0.10184148 0.11912079 0.04170970 0.08620215 0.09603902 0.10317837 0.09511722 0.22218791 0.06334088 0.09499447 0.09316168 0.05229762 0.08983989 0.08232803 0.03486537 0.08237183 0.06338375 0.07330807 0.08472146 0.12492496 0.07632964 0.07771770 0.12316280 0.07771770 0.08676272 0.12372566 0.07289902 0.10856948 0.07788858 0.07779916 0.06883981 0.10096928 0.08086235 0.08455820 0.10775412 0.09642160 0.08485614 0.04843862 0.07569601 0.07132019 0.15171869 0.07771770 0.10583837 0.09454673 0.08366425 0.11314029 0.08925557 0.08981743 0.06071801 0.10177637 0.13464937 0.10152648 0.11744608 0.08065158 0.10322917 0.11229202 0.07842143 0.08967683 0.10106879 0.12546914 0.08516903 0.07787498 0.06394069 0.08590943 0.06603879 0.06886675 0.14438328 0.11282836 0.13180883 0.06873809 0.06427755 0.14380684 0.10150928 0.08007366 0.14585682 0.12418731 0.15248027 0.13616444 0.08178851 0.07345849 0.10204486 0.08568113 0.10507442 0.07959140 0.08472281 0.08376141 0.09506263 0.08099378 
0.13924703 0.09579752 0.08263271 0.15701901 0.19641791 0.12334913 0.12546440 0.00000000 0.12119071 0.16899334 0.21606749 0.08229636 0.12370015 0.15063613 0.15278967 0.09993893 0.05438421 0.14929361 0.05967983 0.15212923 0.06201526 0.14497663 0.10977987 0.10802747 0.11455461 0.11420899 0.14550951 0.10387945 0.07073711 0.10201629 0.12787742 0.09016146 0.11790230 0.11565300 0.11782576 0.07698858 0.06362643 0.07860502 0.08811403 0.07456103 0.03106839 0.10122546 0.08382374 0.11446912 0.08382374 0.06671251 0.08332880 0.05593672 0.07431990 0.09791653 0.10963065 0.07280730 0.09149587 0.08986819 0.11466134 0.06954965 0.08493652 0.11196965 0.12071340 0.10629420 0.05090949 0.05914868 0.08382374 0.07124750 0.03964711 0.09222832 0.07336931 0.05779273 0.08684084 0.03842959 0.08251696 0.12225191 0.17556144 0.11021986 0.10144590 0.11875081 0.08363647 0.05745540 0.04499018 0.07135149 0.08897397 0.08180161 0.09690354 0.04634788 0.05278345 0.04572303 0.12370924 0.07637674 0.06477249 0.13733613 0.12599048 0.09982834 0.16992017 0.07989935 0.12749360 0.17069377 0.14750044 0.08122653 0.08724214 0.09590087 0.11954053 0.12074826 0.09945225 0.09441434 0.09228100 0.10644003 0.09339201 0.10479631 0.10334049 
0.08261724 0.10684508 0.14767803 0.11300862 0.08514252 0.06922356 0.11545976 0.12119071 0.00000000 0.14244292 0.12074047 0.11063235 0.10889763 0.13206689 0.07260735 0.13568838 0.07075860 0.08765019 0.12280579 0.09220190 0.10783131 0.10732159 0.15558185 0.09503063 0.12304707 0.11011588 0.11756150 0.10917583 0.09864721 0.10302830 0.12084333 0.05730175 0.09540194 0.11440462 0.11180864 0.24235930 0.07218159 0.05594582 0.06335424 0.06606021 0.08856542 0.07574208 0.08192294 0.07968387 0.08192294 0.05955313 0.08205100 0.03845804 0.06350687 0.12691118 0.10157411 0.10526128 0.07408823 0.07718277 0.06702357 0.08930394 0.09393763 0.08212301 0.10147615 0.09376675 0.11276903 0.09593174 0.08192294 0.05567586 0.05238849 0.08344127 0.05416995 0.01185426 0.09475915 0.07522494 0.05095527 0.13754594 0.14405900 0.11974459 0.09640631 0.09761389 0.04056223 0.07721888 0.06587379 0.07547274 0.08411447 0.10279563 0.10773031 0.07631176 0.11205432 0.11329012 0.15619127 0.06592193 0.11236958 0.10933984 0.13661637 0.06611041 0.21969762 0.10316776 0.11417258 0.17501538 0.14548577 0.16771678 0.11799914 0.11173618 0.09594434 0.10077531 0.11501572 0.10172531 0.10092034 0.09733202 0.08990449 0.09875917 0.10052581 
0.09435830 0.09673361 0.09482699 0.12847977 0.14895955 0.14803840 0.12565357 0.16899334 0.14244292 0.00000000 0.18861462 0.12485427 0.11164818 0.12864500 0.14650118 0.13609216 0.06625385 0.09196033 0.09863164 0.05379368 0.10028430 0.12366228 0.14641247 0.08424826 0.12181452 0.08222026 0.18577633 0.12568566 0.08718921 0.08539836 0.10218663 0.09192499 0.11566708 0.04653362 0.10715661 0.08348226 0.09681100 0.10322926 0.09558334 0.08693066 0.10362358 0.08431288 0.08714134 0.06294707 0.08714134 0.08592775 0.06244511 0.05054598 0.10829181 0.10203847 0.08589370 0.14970158 0.07261271 0.10017876 0.08914464 0.06412224 0.07567192 0.07295450 0.04824821 0.11061529 0.13914783 0.07014394 0.08714134 0.08477085 0.03076173 0.08597516 0.05450022 0.03105165 0.11985794 0.08090647 0.10662750 0.09455788 0.08480955 0.12040136 0.08348796 0.08513094 0.03809107 0.09108428 0.05468709 0.07572516 0.10886551 0.09538194 0.08993163 0.13905105 0.12152023 0.06849931 0.09456355 0.11168831 0.04713160 0.12015201 0.06811299 0.11375618 0.15382809 0.12433145 0.18154911 0.10298690 0.12296070 0.07375723 0.10180656 0.07706211 0.12881482 0.11366726 0.09631393 0.11440382 0.10453397 0.09218162 0.08548632 0.11490700 0.10474602 
0.06656335 0.13324111 0.05886792 0.10886446 0.15106390 0.05069011 0.12934545 0.21606749 0.12074047 0.18861462 0.00000000 0.05763389 0.15422273 0.14063535 0.12594497 0.16374323 0.07788156 0.19336315 0.13826230 0.13224044 0.10244444 0.17086323 0.13844077 0.14442651 0.12342739 0.10806649 0.06378956 0.09111422 0.08654064 0.05327847 0.07848225 0.13358509 0.08987035 0.10467166 0.07900619 0.10421093 0.10508231 0.08980223 0.10577125 0.04300719 0.06715975 0.12399385 0.08694997 0.15111416 0.08694997 0.04335529 0.05290468 0.08122502 0.06958132 0.08433719 0.07608207 0.11707184 0.07950867 0.08591219 0.07405332 0.07854762 0.07557162 0.06142688 0.13240128 0.08150797 0.10003176 0.05761272 0.08694997 0.04483401 0.02371851 0.11861219 0.08405550 0.02856355 0.12068466 0.08956023 0.12306368 0.12204827 0.13132297 0.07017715 0.08505598 0.07736944 0.06711751 0.09689750 0.07841108 0.06832277 0.12036482 0.03292321 0.06675883 0.13485243 0.10139468 0.11785912 0.12356296 0.14748890 0.09177923 0.10254198 0.10586801 0.05731174 0.16285653 0.10335020 0.08685166 0.09410070 0.08753151 0.03445540 0.13025219 0.11126993 0.14712971 0.04992661 0.12865106 0.10047537 0.08775716 0.09634165 0.08355749 0.08382089 0.08541592 
0.09817853 0.11401108 0.07844746 0.16849658 0.14051848 0.06658163 0.14760320 0.08229636 0.11063235 0.12485427 0.05763389 0.00000000 0.25567573 0.13746094 0.11545257 0.08879632 0.12080275 0.17444647 0.09171601 0.05797268 0.07853226 0.04956533 0.02117949 0.15288241 0.06102495 0.15847126 0.07724811 0.09931840 0.14589020 0.13067000 0.09226116 0.12454634 0.04875424 0.03602424 0.06163395 0.20104463 0.09737641 0.07331676 0.14750101 0.09254349 0.03697454 0.09930969 0.09054134 0.11758552 0.09054134 0.04339993 0.06415218 0.02632032 0.06853528 0.14491273 0.10758463 0.16837861 0.08621605 0.08698795 0.08318068 0.07883293 0.07569236 0.08633702 0.09627123 0.08718671 0.13442579 0.19447431 0.09054134 0.06866534 0.07620464 0.09284857 0.05923686 0.09235522 0.06549387 0.18050308 0.08003382 0.06907682 0.09064531 0.10850613 0.07608973 0.10865351 0.08743418 0.10792168 0.08646765 0.05210981 0.04917907 0.05038518 0.11617393 0.06871607 0.13003524 0.11359042 0.06457982 0.04425364 0.11384346 0.08078418 0.06792963 0.09831388 0.10228249 0.11025460 0.09811051 0.06636454 0.11462387 0.19085307 0.08254626 0.04197018 0.09203049 0.16190529 0.11089386 0.10728220 0.08820910 0.08980510 0.11206959 0.10125156 0.10281772 
0.09300492 0.13294565 0.14105188 0.13291713 0.10602480 0.10903579 0.08288030 0.12370015 0.10889763 0.11164818 0.15422273 0.25567573 0.00000000 0.16605384 0.10343863 0.18089946 0.16188876 0.13594027 0.07873317 0.05182908 0.10423857 0.12643940 0.15445470 0.12062446 0.14593132 0.08919355 0.11792323 0.07232212 0.05156072 0.04576959 0.12957940 0.13911671 0.12747769 0.13280213 0.12258548 0.12074693 0.10208228 0.12182417 0.05053837 0.07043848 0.05951833 0.08919017 0.08897955 0.09715725 0.08897955 0.07305953 0.09186487 0.05882673 0.07681714 0.08788028 0.09051539 0.13208030 0.07715857 0.09631472 0.09734041 0.09742184 0.08767739 0.07488966 0.09580550 0.05077671 0.10455650 0.02740724 0.08897955 0.05623439 0.08635941 0.11291902 0.08258062 0.04352015 0.06514681 0.09747960 0.07505429 0.10840625 0.13174766 0.08995246 0.07279083 0.09779625 0.06541748 0.08593366 0.10129812 0.09031173 0.09030083 0.06203453 0.07011987 0.07765038 0.13595372 0.06520031 0.12240056 0.12129574 0.10104086 0.07573167 0.13374550 0.07556424 0.13180604 0.08792721 0.09810964 0.08494328 0.06738850 0.12157997 0.09847915 0.09694171 0.16814885 0.09550802 0.09383810 0.09592700 0.10013194 0.09435503 0.07963838 0.07629674 0.07335218 
0.07462192 0.07496933 0.05137597 0.10373374 0.10642991 0.12827316 0.04722977 0.15063613 0.13206689 0.12864500 0.14063535 0.13746094 0.16605384 0.00000000 0.11400690 0.10585783 0.11121701 0.11109656 0.13517335 0.15404131 0.07859436 0.11533897 0.08090033 0.07413972 0.11246718 0.10101059 0.11478493 0.11079484 0.10884721 0.13723070 0.28425593 0.15798619 0.13000061 0.15615740 0.11988965 0.16753059 0.04965692 0.09077818 0.11596719 0.06607420 0.13811668 0.08509693 0.09564533 0.07012655 0.09564533 0.06628128 0.04309663 0.07721764 0.10147834 0.07122201 0.04884588 0.10276549 0.08288462 0.12255465 0.08473344 0.05849631 0.12377845 0.15239789 0.15976219 0.11192816 0.10877138 0.03146946 0.09564533 0.06399762 0.05440051 0.08956925 0.07259047 0.03271265 0.08703060 0.09174753 0.07299697 0.11373271 0.10585144 0.13052411 0.09910915 0.07304678 0.06675255 0.09080751 0.05250723 0.06554452 0.11755602 0.06562058 0.09415959 0.06899790 0.13780318 0.12718245 0.12806493 0.07850986 0.11601450 0.08858941 0.07696135 0.07316169 0.09479556 0.04754910 0.09028287 0.05230442 0.08502787 0.08446018 0.11819750 0.11039828 0.10423410 0.06207580 0.07061259 0.10194571 0.08372153 0.08801814 0.09430305 0.11000936 0.10063675 
0.08413856 0.11530248 0.04336948 0.14289181 0.07944061 0.05356566 0.05617979 0.15278967 0.07260735 0.14650118 0.12594497 0.11545257 0.10343863 0.11400690 0.00000000 0.15336078 0.08121618 0.11456695 0.07910959 0.09707051 0.07420238 0.09269924 0.12194622 0.11570418 0.11338829 0.13219790 0.04711320 0.07666024 0.05577680 0.09040477 0.14585432 0.11943308 0.05981624 0.11697587 0.13548323 0.10570238 0.16543986 0.05260539 0.11307343 0.06706452 0.05842222 0.09587183 0.09448534 0.04885620 0.09448534 0.10495075 0.10478000 0.08472854 0.08965351 0.08282149 0.06426084 0.07386673 0.10417405 0.07825701 0.04670848 0.12647224 0.12766655 0.19180304 0.12783955 0.14195221 0.07402240 0.12302977 0.09448534 0.15805866 0.08612191 0.09257053 0.16254939 0.04499406 0.10437831 0.10478688 0.10420126 0.06810019 0.15011736 0.10628489 0.13444016 0.12873120 0.08794822 0.16652470 0.07704277 0.08274803 0.12621718 0.05649006 0.07167842 0.11414031 0.07688200 0.08353683 0.07063090 0.11934255 0.12375712 0.10280983 0.09438723 0.10018050 0.10066635 0.09032036 0.09656638 0.06411315 0.08989176 0.09680009 0.11203774 0.08978026 0.14192193 0.11663236 0.11628534 0.05143431 0.07784865 0.06028424 0.07538489 0.07031201 0.07182431 
0.08159450 0.09892020 0.09125375 0.08333579 0.11780978 0.12646179 0.11035306 0.09993893 0.13568838 0.13609216 0.16374323 0.08879632 0.18089946 0.10585783 0.15336078 0.00000000 0.16089046 0.14099757 0.17190756 0.14260753 0.06656994 0.14279867 0.08785036 0.12737559 0.10449680 0.10921101 0.05721622 0.09237905 0.05702276 0.05233084 0.08837167 0.08103460 0.07398265 0.09577589 0.10890558 0.13490663 0.07702410 0.07176207 0.07726690 0.06345495 0.08383627 0.08801053 0.08318756 0.12600072 0.08318756 0.10165784 0.17609445 0.11344440 0.13708861 0.08841771 0.07257686 0.10730788 0.08680964 0.09468214 0.09177703 0.11416698 0.11789961 0.18557082 0.13026995 0.10456560 0.08610536 0.04922453 0.08318756 0.08779838 0.12049214 0.08971195 0.09468736 0.08902817 0.11166134 0.14276089 0.08801705 0.08630644 0.07073484 0.07932771 0.08499466 0.09852476 0.06189660 0.12279107 0.11768060 0.06790360 0.08383278 0.09374092 0.08674510 0.06687723 0.05403848 0.12393982 0.06829731 0.06644857 0.11244865 0.08228071 0.07968774 0.07962428 0.12568850 0.12311587 0.10137775 0.13397999 0.09972139 0.03816828 0.13091411 0.08329841 0.05789091 0.08739149 0.13273294 0.08544011 0.08219630 0.09352740 0.08105347 0.07874749 0.07925310 
0.07635375 0.06270251 0.15690254 0.10806058 0.08360570 0.08221107 0.09590468 0.05438421 0.07075860 0.06625385 0.07788156 0.12080275 0.16188876 0.11121701 0.08121618 0.16089046 0.00000000 0.09885870 0.11224069 0.12584769 0.09389943 0.09315304 0.10324382 0.06816545 0.12467627 0.12616659 0.08299501 0.25860719 0.07131381 0.22510292 0.16039301 0.04919787 0.05282178 0.06972196 0.08149847 0.11095463 0.06296713 0.11682192 0.07567012 0.09809502 0.14279134 0.11929449 0.07670350 0.08460424 0.07670350 0.15901785 0.12409590 0.10955505 0.07889796 0.10550890 0.08903478 0.12732815 0.10605722 0.12130911 0.05142317 0.24230690 0.12001001 0.08506327 0.08927979 0.07673868 0.17691623 0.09581504 0.07670350 0.06323188 0.05532509 0.07640049 0.08867371 0.11412993 0.10270330 0.08204944 0.13353619 0.11341430 0.08039108 0.12879680 0.08297265 0.15135871 0.16111954 0.09558132 0.10154854 0.07550321 0.11602993 0.05149072 0.10455848 0.07803951 0.08112178 0.08494004 0.06576787 0.10155988 0.05509860 0.11710889 0.11536170 0.10496625 0.10840968 0.10045088 0.04535030 0.06265400 0.07874951 0.04688118 0.09499781 0.08507095 0.10093447 0.12096543 0.09541830 0.08440977 0.07822468 0.07636887 0.08599755 0.09128586 0.08367203 
0.13623958 0.11795417 0.10394138 0.12384988 0.14142113 0.11053503 0.11593909 0.14929361 0.08765019 0.09196033 0.19336315 0.17444647 0.13594027 0.11109656 0.11456695 0.14099757 0.09885870 0.00000000 0.13454450 0.18284978 0.11690411 0.17652676 0.11196752 0.10413439 0.11505529 0.09351986 0.15267221 0.09561099 0.04214111 0.05848415 0.06170518 0.11189634 0.14003426 0.12886030 0.14400498 0.12758059 0.04137573 0.04352945 0.12401547 0.08492321 0.07717262 0.12036703 0.08974942 0.05811653 0.08974942 0.07183491 0.09447669 0.04969369 0.06274600 0.10120404 0.10794894 0.11221365 0.09490815 0.08230241 0.04707393 0.09225886 0.11891020 0.05882524 0.09002934 0.10491594 0.15417462 0.05832863 0.08974942 0.07503817 0.05293465 0.09844729 0.09399355 0.06120312 0.08377920 0.09368422 0.06655738 0.08489235 0.14962396 0.06745953 0.08858067 0.09479810 0.06389869 0.11848700 0.06186346 0.04621592 0.08740200 0.08288719 0.08783484 0.09341523 0.10378857 0.06857423 0.10564535 0.07247804 0.07134842 0.10152732 0.10703024 0.11178846 0.12552348 0.12713444 0.13736792 0.08577599 0.08852575 0.11233675 0.10252877 0.09988259 0.07816285 0.10428971 0.11016165 0.08413316 0.09437637 0.09223031 0.08344826 0.10190895 0.09052450 
0.08950893 0.08674116 0.10039380 0.08308529 0.07665314 0.06338162 0.07287871 0.05967983 0.12280579 0.09863164 0.13826230 0.09171601 0.07873317 0.13517335 0.07910959 0.17190756 0.11224069 0.13454450 0.00000000 0.12756103 0.10944633 0.10890162 0.08213326 0.11742773 0.09776914 0.11956288 0.10098051 0.05296162 0.13779342 0.06286354 0.08466592 0.10370669 0.06926421 0.08215386 0.07519896 0.09632239 0.08553622 0.07979530 0.13927968 0.10018418 0.18827302 0.08560455 0.08474416 0.12766686 0.08474416 0.07507783 0.13970116 0.07738426 0.17177567 0.07703409 0.17057818 0.08840351 0.10112945 0.09451176 0.10246401 0.14155543 0.09037882 0.05631870 0.08409068 0.11028500 0.04467804 0.09351519 0.08474416 0.08993841 0.09395968 0.08643736 0.12013147 0.06703862 0.11346801 0.14204063 0.10578373 0.09483521 0.07251277 0.08743716 0.09145566 0.06300020 0.12153973 0.09166958 0.10670088 0.12438776 0.10942689 0.12574593 0.10199219 0.12598113 0.10123411 0.08596509 0.11639559 0.07348211 0.07290579 0.07517983 0.13330149 0.09088301 0.12045098 0.11987461 0.09263706 0.08946462 0.10332489 0.16700562 0.07375130 0.10437551 0.10179994 0.11062029 0.09003544 0.09102745 0.09813074 0.08502984 0.09091581 0.09714418 0.10214142 
0.05030057 0.09165050 0.05932633 0.09068484 0.09700113 0.25138286 0.12124009 0.15212923 0.09220190 0.05379368 0.13224044 0.05797268 0.05182908 0.15404131 0.09707051 0.14260753 0.12584769 0.18284978 0.12756103 0.00000000 0.12705395 0.09278412 0.09726664 0.09139078 0.10182927 0.05960475 0.11144759 0.10448589 0.11547827 0.11374472 0.07779388 0.13467585 0.16129100 0.11712546 0.07832341 0.07218117 0.04248576 0.12258064 0.04349385 0.08128970 0.13447146 0.06124578 0.09516692 0.11041442 0.09516692 0.09233878 0.13173489 0.06472813 0.14983095 0.10451681 0.03043302 0.16726040 0.08904242 0.06881135 0.14119578 0.11183945 0.13081713 0.10764366 0.11732739 0.18300787 0.04425432 0.13922047 0.09516692 0.09107119 0.09547266 0.09513810 0.13449219 0.08330796 0.08697408 0.06265411 0.12975324 0.05592556 0.06682154 0.09203668 0.07658069 0.09671563 0.05975923 0.10968175 0.06898516 0.09348893 0.08039593 0.07540193 0.11543944 0.09989174 0.08812948 0.09635566 0.10901442 0.07696903 0.12903221 0.07558718 0.09330754 0.05952752 0.08199647 0.04276258 0.12205417 0.03245227 0.09654216 0.09421732 0.07133500 0.12138033 0.08659000 0.07230678 0.12720920 0.10494880 0.10785611 0.09645774 0.09785247 0.09727812 0.08299836 
0.11026902 0.08574315 0.10494639 0.06992952 0.13127824 0.12667605 0.14583977 0.06201526 0.10783131 0.10028430 0.10244444 0.07853226 0.10423857 0.07859436 0.07420238 0.06656994 0.09389943 0.11690411 0.10944633 0.12705395 0.00000000 0.15940151 0.09264940 0.14403896 0.13991206 0.14510206 0.07381164 0.08213635 0.08263434 0.08444767 0.07597138 0.12337343 0.12785682 0.10535569 0.16435439 0.08276843 0.09895364 0.07658270 0.09506964 0.10796201 0.07674084 0.08745033 0.08911255 0.07430252 0.08911255 0.07239684 0.08973458 0.08507939 0.12279026 0.05872259 0.08278381 0.08782904 0.08482882 0.09676597 0.10496212 0.10671994 0.11693114 0.07798442 0.07722301 0.07663141 0.06263139 0.06051750 0.08911255 0.10423664 0.08806062 0.08282839 0.10029890 0.09690471 0.10750157 0.08054887 0.07681902 0.10248297 0.08810138 0.12764038 0.09764652 0.12247966 0.08525198 0.13215517 0.11558975 0.06118997 0.14119009 0.05602952 0.08388140 0.11431576 0.11321817 0.07671785 0.07924680 0.10046220 0.15542655 0.11022178 0.08577499 0.14009179 0.11701284 0.09390790 0.08638426 0.07435109 0.14017768 0.12494843 0.12211514 0.12224785 0.10822592 0.14151372 0.11174814 0.11212606 0.12728235 0.09637211 0.09428687 0.08821331 0.10063117 
0.06832428 0.10248382 0.09062145 0.12605151 0.12488414 0.14370042 0.10184148 0.14497663 0.10732159 0.12366228 0.17086323 0.04956533 0.12643940 0.11533897 0.09269924 0.14279867 0.09315304 0.17652676 0.10890162 0.09278412 0.15940151 0.00000000 0.19065035 0.14741174 0.09062778 0.11177945 0.07002258 0.06848906 0.10738101 0.09225837 0.05739671 0.09632776 0.13343803 0.09388676 0.09633686 0.07573153 0.03689153 0.09850968 0.05716831 0.11202643 0.04936761 0.12123571 0.07698903 0.10376935 0.07698903 0.09599688 0.11633820 0.10294055 0.11864483 0.07703537 0.09209885 0.08893301 0.09744873 0.08968817 0.10987149 0.05801322 0.08348351 0.11638553 0.09678765 0.14454714 0.07882801 0.12248008 0.07698903 0.10078127 0.06114694 0.07794827 0.06316369 0.04693493 0.13839203 0.12095348 0.05009188 0.06112335 0.07854928 0.06313111 0.10974057 0.06422944 0.07836722 0.11202293 0.10407964 0.06692147 0.07590698 0.04594189 0.10871034 0.10284171 0.14558675 0.01784470 0.10134934 0.08454785 0.10788423 0.15916365 0.10468392 0.07860448 0.08924627 0.10358704 0.07501754 0.09946961 0.11415165 0.03611653 0.10754505 0.11955309 0.12455789 0.08312972 0.09868476 0.12834568 0.12848419 0.11096040 0.11132127 0.12706396 0.11798658 
0.12092906 0.11027916 0.11624066 0.16981543 0.10490435 0.08508553 0.11912079 0.10977987 0.15558185 0.14641247 0.13844077 0.02117949 0.15445470 0.08090033 0.12194622 0.08785036 0.10324382 0.11196752 0.08213326 0.09726664 0.09264940 0.19065035 0.00000000 0.34516181 0.13439348 0.12724091 0.15743477 0.06209245 0.07963185 0.09751826 0.11644208 0.07284534 0.06676128 0.11165517 0.12050988 0.08134407 0.10986174 0.05966269 0.10047176 0.11302791 0.04981781 0.10087311 0.09438337 0.04786998 0.09438337 0.06042086 0.08531715 0.07508900 0.09375585 0.08268492 0.05339018 0.04062555 0.06652914 0.09930115 0.08706059 0.10674589 0.08000803 0.08392477 0.10616134 0.05142923 0.05884791 0.05328904 0.09438337 0.10478410 0.05510279 0.09825983 0.08880148 0.02393780 0.12633875 0.09967907 0.11112520 0.11331190 0.12744710 0.13550035 0.09979214 0.12184986 0.02833444 0.09648271 0.09707469 0.06646486 0.07814874 0.08898658 0.08201521 0.08256771 0.09516665 0.10998482 0.13021641 0.10300964 0.08899224 0.14363353 0.10633764 0.07069839 0.08180646 0.12084422 0.05264762 0.07072505 0.06384373 0.05608198 0.11918264 0.16269787 0.10393297 0.09355908 0.11148230 0.11233734 0.10565488 0.11175893 0.10629753 0.10931420 0.11396041 
0.10017358 0.12116646 0.10960834 0.10896538 0.10029257 0.07353442 0.04170970 0.10802747 0.09503063 0.08424826 0.14442651 0.15288241 0.12062446 0.07413972 0.11570418 0.12737559 0.06816545 0.10413439 0.11742773 0.09139078 0.14403896 0.14741174 0.34516181 0.00000000 0.20176047 0.14718117 0.07789225 0.07565332 0.10874279 0.11356210 0.19026102 0.12858454 0.09600899 0.14056010 0.11466877 0.14851764 0.06913696 0.09889927 0.07391034 0.10992091 0.07217508 0.08133193 0.07891540 0.10939530 0.07891540 0.05838269 0.12604641 0.06190709 0.07850470 0.04926060 0.10304897 0.04065674 0.06400012 0.09124043 0.12286011 0.07169234 0.09948592 0.06215515 0.08970822 0.13208490 0.09658174 0.05207964 0.07891540 0.08350847 0.07281293 0.10517866 0.08450849 0.03252614 0.11354126 0.06399473 0.07992728 0.10244928 0.07856323 0.05680053 0.07349478 0.06994439 0.06188154 0.08661320 0.10856104 0.08084113 0.07580782 0.08024730 0.08121099 0.07026668 0.08823039 0.07638877 0.08993583 0.11786133 0.08124967 0.08344759 0.06490346 0.13910643 0.10848207 0.10639133 0.05144471 0.09849013 0.15345552 0.12558956 0.08948064 0.09531643 0.11891103 0.08946065 0.09968143 0.09358760 0.10690033 0.13434348 0.09648571 0.11199758 0.12314954 
0.10453512 0.09910493 0.07869070 0.10358002 0.08022117 0.08550758 0.08620215 0.11455461 0.12304707 0.12181452 0.12342739 0.06102495 0.14593132 0.11246718 0.11338829 0.10449680 0.12467627 0.11505529 0.09776914 0.10182927 0.13991206 0.09062778 0.13439348 0.20176047 0.00000000 0.10959364 0.10480192 0.14163832 0.08069792 0.07826528 0.11422907 0.08348813 0.12773492 0.11928818 0.08943842 0.12707147 0.09126312 0.06278449 0.08108852 0.22762163 0.09918252 0.12207035 0.08154113 0.09507599 0.08154113 0.05922695 0.09455083 0.05569205 0.08258656 0.07416348 0.08083754 0.09278646 0.07965137 0.08501480 0.11894047 0.12385871 0.09482716 0.07969910 0.09232297 0.12693378 0.07410479 0.12978632 0.08154113 0.09249009 0.05958725 0.08000422 0.06849305 0.05232350 0.10362541 0.08093992 0.10345764 0.09318143 0.13049193 0.06393455 0.06408300 0.11838406 0.06219917 0.08888753 0.13369181 0.14310585 0.10494090 0.11170046 0.12653618 0.08923417 0.10793211 0.01988547 0.11433219 0.03687742 0.14067154 0.07488474 0.08335274 0.14822147 0.07989469 0.08355686 0.09931779 0.12843781 0.10745239 0.09342157 0.10199554 0.12436064 0.08332873 0.10294257 0.10055367 0.09606950 0.10401061 0.11241826 0.09613933 0.10196822 0.10367630 
0.09375567 0.07184189 0.06233402 0.07012869 0.11593272 0.09924517 0.09603902 0.11420899 0.11011588 0.08222026 0.10806649 0.15847126 0.08919355 0.10101059 0.13219790 0.10921101 0.12616659 0.09351986 0.11956288 0.05960475 0.14510206 0.11177945 0.12724091 0.14718117 0.10959364 0.00000000 0.13534339 0.17502267 0.10356122 0.09416946 0.04614901 0.11878648 0.11354940 0.06859147 0.12529532 0.09170756 0.04119661 0.07820700 0.10938968 0.12234476 0.17903332 0.21337490 0.08997478 0.08515504 0.08997478 0.07522905 0.12089093 0.06651007 0.08355994 0.09885106 0.09503986 0.12902577 0.08844942 0.09482843 0.07557248 0.11050350 0.08868960 0.07351295 0.10666077 0.08803009 0.06053839 0.05824890 0.08997478 0.06639477 0.11266811 0.07839782 0.10041003 0.03172262 0.07315503 0.09139138 0.08924202 0.08174379 0.08059273 0.11014196 0.10535439 0.10481497 0.08808583 0.10839928 0.10806821 0.07223818 0.08737582 0.15728423 0.12061289 0.06981151 0.09959528 0.15796375 0.09066453 0.11021911 0.08447676 0.10605584 0.12290460 0.06660583 0.05379248 0.07653535 0.13217098 0.04846590 0.11498294 0.11647244 0.12927109 0.13354553 0.13650361 0.04816158 0.10069037 0.08708833 0.09515517 0.09827167 0.10076920 0.10219526 0.10888715 
0.07269722 0.06829945 0.08362330 0.12593371 0.11126951 0.08568791 0.10317837 0.14550951 0.11756150 0.18577633 0.06378956 0.07724811 0.11792323 0.11478493 0.04711320 0.05721622 0.08299501 0.15267221 0.10098051 0.11144759 0.07381164 0.07002258 0.15743477 0.07789225 0.10480192 0.13534339 0.00000000 0.07513966 0.10178199 0.07841796 0.13333279 0.11090280 0.10630278 0.14675435 0.11737239 0.10138842 0.10725986 0.23450465 0.09817997 0.11262806 0.03845280 0.15841738 0.09812683 0.08360158 0.09812683 0.09779726 0.07933349 0.02721676 0.09676058 0.08469933 0.08588754 0.12320344 0.10362260 0.11427413 0.16990012 0.01818183 0.09472343 0.05833139 0.04853701 0.04582105 0.07533679 0.13560730 0.09812683 0.05418766 0.05071293 0.09917544 0.06916149 0.04585322 0.07532366 0.03708007 0.18476520 0.10755629 0.12876487 0.04938045 0.10894243 0.18462767 0.04781906 0.09822461 0.06813652 0.08819651 0.08825723 0.05260516 0.07453496 0.05848547 0.08675642 0.07171554 0.07628605 0.15236891 0.14828808 0.07596725 0.08628693 0.13815671 0.06524436 0.09930315 0.06648042 0.03700302 0.16309811 0.07521432 0.12348397 0.13618940 0.09436998 0.11514857 0.16984379 0.12130290 0.10783193 0.11594613 0.11956753 0.10138042 0.10864097 
0.09818008 0.06606679 0.07501676 0.02754255 0.12391764 0.08356926 0.09511722 0.10387945 0.10917583 0.12568566 0.09111422 0.09931840 0.07232212 0.11079484 0.07666024 0.09237905 0.25860719 0.09561099 0.05296162 0.10448589 0.08213635 0.06848906 0.06209245 0.07565332 0.14163832 0.17502267 0.07513966 0.00000000 0.08360991 0.26040774 0.09997242 0.10065645 0.09464400 0.10612216 0.05552277 0.05593196 0.11363421 0.12870231 0.14662199 0.11271115 0.12376189 0.13809619 0.10756000 0.05935334 0.10756000 0.10652337 0.06122069 0.09848288 0.12216633 0.16053975 0.17466993 0.10549368 0.09003614 0.12711709 0.08493126 0.15913628 0.07308911 0.06217584 0.07955112 0.13883878 0.11405539 0.13611758 0.10756000 0.10610206 0.08327719 0.09371432 0.08432143 0.12647476 0.10468073 0.06159684 0.05728226 0.08265248 0.05105971 0.09293848 0.11189022 0.04728437 0.10147510 0.07314876 0.08517502 0.06773395 0.05549724 0.12323846 0.12465360 0.10077734 0.07928878 0.23233539 0.02636067 0.11790697 0.14045578 0.10560935 0.07106945 0.03806389 0.07136604 0.08556211 0.07481138 0.08430565 0.08422157 0.07019096 0.09273463 0.11182094 0.12427502 0.04759495 0.09407919 0.09509715 0.11664579 0.08689382 0.08730051 0.09793306 0.07230262 
0.13531014 0.06406413 0.05332647 0.09008038 0.08762253 0.11851907 0.22218791 0.07073711 0.09864721 0.08718921 0.08654064 0.14589020 0.05156072 0.10884721 0.05577680 0.05702276 0.07131381 0.04214111 0.13779342 0.11547827 0.08263434 0.10738101 0.07963185 0.10874279 0.08069792 0.10356122 0.10178199 0.08360991 0.00000000 0.09458595 0.21129862 0.10756089 0.07914549 0.04174182 0.09040191 0.14575904 0.08174237 0.22301645 0.07164926 0.09872869 0.07680849 0.06229039 0.11293980 0.02958830 0.11293980 0.03657363 0.14874008 0.06693176 0.08038984 0.09403047 0.08729153 0.06767041 0.11054719 0.09654150 0.14111458 0.13653927 0.04971278 0.14494568 0.14723715 0.08049012 0.06655492 0.07055893 0.11293980 0.17969093 0.10714692 0.11336056 0.11662071 0.06795450 0.08485611 0.11026861 0.09130913 0.08773317 0.11199523 0.05437782 0.08700340 0.09353154 0.08777596 0.08572055 0.08877175 0.10848711 0.05027669 0.08969595 0.12162171 0.13630896 0.09355660 0.10889862 0.12028805 0.09281618 0.09504781 0.16920231 0.12415101 0.12461857 0.10708437 0.11785892 0.02869603 0.07368020 0.05148661 0.13726418 0.04963921 0.17649587 0.03426820 0.05486647 0.07328841 0.08386338 0.11561122 0.12104407 0.10142836 0.12696221 0.09969895 
0.07858808 0.08279650 0.13102787 0.10305600 0.07002308 0.08526462 0.06334088 0.10201629 0.10302830 0.08539836 0.05327847 0.13067000 0.04576959 0.13723070 0.09040477 0.05233084 0.22510292 0.05848415 0.06286354 0.11374472 0.08444767 0.09225837 0.09751826 0.11356210 0.07826528 0.09416946 0.07841796 0.26040774 0.09458595 0.00000000 0.15996432 0.15634448 0.15876050 0.09154882 0.09484103 0.08843336 0.08289817 0.08958814 0.19592311 0.14170996 0.12436775 0.11057626 0.09463888 0.10071108 0.09463888 0.14405441 0.10295389 0.15749658 0.11391262 0.10393935 0.13675605 0.05715218 0.10716823 0.08709032 0.09242160 0.09477538 0.10536006 0.09906804 0.04833468 0.09100500 0.18011794 0.10376093 0.09463888 0.08552622 0.08169736 0.07909314 0.08767282 0.07343465 0.12018918 0.10503555 0.08569933 0.16058158 0.06993019 0.12007365 0.09113606 0.04227258 0.06150903 0.09200550 0.10421229 0.12306759 0.07917347 0.09090728 0.08338395 0.06929267 0.11073241 0.08502523 0.07896102 0.13736931 0.11667893 0.09308937 0.11694842 0.12038588 0.05303254 0.10976529 0.07553213 0.08987405 0.09376440 0.03259692 0.09780414 0.10133446 0.09915389 0.10489256 0.06412464 0.09184092 0.08072873 0.09280552 0.08095867 0.08583577 0.07436240 
0.09765254 0.11676586 0.04946534 0.06883882 0.08129961 0.12727414 0.09499447 0.12787742 0.12084333 0.10218663 0.07848225 0.09226116 0.12957940 0.28425593 0.14585432 0.08837167 0.16039301 0.06170518 0.08466592 0.07779388 0.07597138 0.05739671 0.11644208 0.19026102 0.11422907 0.04614901 0.13333279 0.09997242 0.21129862 0.15996432 0.00000000 0.12514924 0.19214333 0.23187244 0.10092417 0.12590057 0.08967279 0.07964705 0.06321972 0.06776713 0.08829652 0.07709024 0.09397339 0.07870092 0.09397339 0.13013277 0.14489698 0.08284057 0.11246813 0.07241950 0.06408004 0.08697138 0.08874755 0.12843054 0.07492634 0.11529350 0.10159464 0.08254551 0.09724272 0.09838749 0.09811533 0.08539503 0.09397339 0.07608064 0.04614632 0.07865541 0.13677000 0.07723505 0.09086554 0.06733188 0.09170751 0.09316852 0.08522939 0.06843452 0.09326305 0.05357304 0.09191200 0.08602951 0.09026133 0.09659596 0.09488770 0.11590313 0.10883074 0.08009628 0.08840766 0.08947637 0.11551359 0.11399845 0.08867272 0.06992303 0.09042851 0.06554287 0.12577555 0.09746168 0.02901658 0.11422010 0.07129660 0.09356627 0.05653195 0.13161783 0.08201264 0.06989625 0.13364851 0.08320336 0.07791233 0.08147845 0.09057337 0.08177811 0.07235935 
0.11390828 0.08065711 0.11988749 0.08628385 0.10529524 0.12522561 0.09316168 0.09016146 0.05730175 0.09192499 0.13358509 0.12454634 0.13911671 0.15798619 0.11943308 0.08103460 0.04919787 0.11189634 0.10370669 0.13467585 0.12337343 0.09632776 0.07284534 0.12858454 0.08348813 0.11878648 0.11090280 0.10065645 0.10756089 0.15634448 0.12514924 0.00000000 0.14093702 0.15592955 0.17322065 0.07015138 0.12753700 0.09872013 0.13811841 0.07925369 0.13893996 0.12979009 0.08658294 0.08482751 0.08658294 0.07969442 0.05445286 0.08227269 0.08292537 0.12987089 0.13486956 0.09172251 0.09354499 0.11529255 0.06927870 0.09539712 0.06290906 0.18468597 0.12770405 0.13028809 0.17522501 0.06163894 0.08658294 0.06864935 0.10005903 0.08653508 0.03780543 0.04778095 0.07165073 0.15575294 0.11593671 0.15320468 0.08210773 0.07987653 0.10029904 0.06319734 0.05353009 0.07786688 0.05983724 0.05987810 0.08287442 0.08883364 0.09415409 0.09174537 0.06037268 0.09016254 0.12304407 0.13067387 0.07777556 0.13044662 0.07013088 0.11180937 0.07960536 0.09948780 0.07547272 0.08212545 0.11731734 0.10692097 0.09017079 0.11246710 0.07930083 0.11748468 0.10381847 0.09047708 0.07832399 0.07587788 0.07996687 0.08033232 0.08236277 
0.07899389 0.10515850 0.04004736 0.14257833 0.08653953 0.09421240 0.05229762 0.11790230 0.09540194 0.11566708 0.08987035 0.04875424 0.12747769 0.13000061 0.05981624 0.07398265 0.05282178 0.14003426 0.06926421 0.16129100 0.12785682 0.13343803 0.06676128 0.09600899 0.12773492 0.11354940 0.10630278 0.09464400 0.07914549 0.15876050 0.19214333 0.14093702 0.00000000 0.30082501 0.12502892 0.11085846 0.08982280 0.05922369 0.08999132 0.06360168 0.07193066 0.10855815 0.08906365 0.05491119 0.08906365 0.08837722 0.13370717 0.04049275 0.07573411 0.06238034 0.12295279 0.15698223 0.08715720 0.07457512 0.05152247 0.09961480 0.14736241 0.11118996 0.06520252 0.10420594 0.05359911 0.08643831 0.08906365 0.09288994 0.06244184 0.09356106 0.12325690 0.05235157 0.13299911 0.07295097 0.11407078 0.11145355 0.15435733 0.04614782 0.09401281 0.10114181 0.06254374 0.14187057 0.09893802 0.07181810 0.07906702 0.07785189 0.12614567 0.10978143 0.15925505 0.08722472 0.05972715 0.09338601 0.07935639 0.07297800 0.10212011 0.09281989 0.07510965 0.13260507 0.12966127 0.10762760 0.11021938 0.05438462 0.06053702 0.13544809 0.05210784 0.08009022 0.13793854 0.09905537 0.11773511 0.12356107 0.08992357 0.09681991 0.09362466 
