0.00000000 0.17164530 0.14267609 0.12825521 0.14535462 0.19748402 0.19300083 0.11027276 0.09980165 0.10811597 0.08758290 0.08648085 0.19037076 0.17484503 0.15009389 0.14994267 0.16216976 0.16048255 0.17837414 0.20080182 0.15608793 0.11388338 0.16513842 0.09521949 0.14854843 0.12385747 0.13790708 0.14019170 0.12393967 0.15934123 0.11419316 0.08695094 0.13280626 0.09451902 0.09984380 0.08295255 0.10942806 0.11568050 0.11944166 0.10700555 0.13223385 0.09879737 0.12317434 0.07775821 0.07661890 0.07604383 0.07040839 0.08107375 0.05143175 0.08390626 0.04752400 0.03924785 0.12972211 0.02976755 0.01128314 0.09251585 0.12515866 0.07900840 0.10796555 0.08213716 0.10062871 0.10496614 0.04976866 0.06512287 0.08386759 0.07674812 0.08422288 0.12181302 0.08417931 0.06197569 0.11144056 0.00000000 0.04975324 0.01082148 0.06355784 0.08504087 0.06026958 0.13669226 0.01252599 0.07512322 0.04098261 0.08519304 0.03969048 0.09067484 0.03336402 0.04348049 0.05057320 0.11001751 0.08175701 0.10045403 0.06134822 0.11985081 0.07247123 0.03226338 0.12285958 0.11031046 0.05376491 0.11314856 0.12337298 0.10852111 0.09089792 0.09783625 0.10320073 0.14152062 0.09137356 0.05797107 0.08329115 0.09160731 0.03146784 0.03915204 0.01442460 0.10146875 0.02984658 0.16931054 0.07212559 0.02302733 0.03540291 0.00047202 0.04712879 0.05289374 0.07691990 0.05034974 0.05352670 0.08933201 0.10549823 0.08346410 0.04925420 0.07488950 0.08088643 0.04155021 0.02460015 0.08157030 0.08890500 0.07816908 0.13971618 0.13468108 0.12118702 0.10466323 0.09496440 0.08011962 0.11410206 0.11682128 0.11460301 0.08391798 0.13458065 0.10892083 0.05599948 0.09987868 0.11632720 0.11405096 0.06628046 0.09147986 0.11226632 0.10052802 0.02537393 0.12955350 0.13586485 0.14353366 0.08998881 0.12201359 0.08363593 0.14673620 0.05462931 0.04179451 0.03940515 0.04550412 0.04691893 0.10387274 0.12342788 0.08027217 0.06858618 0.12900550 0.10946789 0.07904761 0.10025875 0.07081198 0.05783814 0.09400158 0.10899851 0.07877250 0.07290071 0.02204036 0.04803699 0.03778833 0.07216639 0.05432225 0.08401769 0.04802169 0.08863937 0.02137056 0.07207152 0.04866272 
0.17164530 0.00000000 0.21907422 0.18065750 0.11663336 0.17757120 0.13985208 0.16361336 0.13965333 0.13072356 0.11249265 0.11988937 0.13607194 0.13864601 0.12527424 0.16928650 0.12333240 0.10742896 0.12376008 0.18601760 0.14506417 0.08672782 0.13223593 0.08357554 0.15708105 0.09802737 0.16423529 0.17072814 0.11318824 0.12422646 0.09385724 0.10208041 0.13125655 0.07730201 0.06449885 0.09357915 0.09690049 0.09003048 0.10889146 0.12095714 0.09968258 0.12006639 0.07327900 0.08866247 0.08205829 0.08145261 0.07691602 0.08521026 0.06002804 0.04100748 0.06146243 0.03970012 0.10358779 0.04405502 0.06266134 0.10218146 0.07641874 0.06792587 0.11339427 0.11000418 0.13077548 0.07981936 0.07077736 0.05233985 0.08412547 0.08192902 0.08553288 0.07772417 0.09210065 0.07232662 0.19537106 0.04252730 0.07451080 0.04491243 0.07800702 0.08242778 0.06935220 0.08524410 0.06238770 0.08104668 0.05358450 0.06714220 0.06297644 0.08358405 0.05145856 0.07880903 0.06587902 0.12212474 0.08582163 0.09031962 0.07239022 0.07561759 0.04659606 0.08140260 0.09101649 0.08226124 0.06183731 0.08810646 0.08231281 0.14315834 0.10169013 0.10392291 0.11133444 0.07496140 0.08832028 0.06052675 0.05529840 0.09335170 0.05174050 0.05077480 0.05667444 0.08398844 0.05466995 0.08813399 0.07856516 0.05053466 0.06766896 0.04451970 0.08822697 0.07166340 0.08438521 0.05925771 0.05704077 0.09668843 0.07147533 0.09362608 0.05760320 0.07901844 0.08516025 0.05769583 0.04852539 0.12433356 0.09658168 0.10675916 0.08318348 0.08874919 0.06878819 0.09827343 0.10470688 0.06585176 0.09386704 0.10494563 0.12650327 0.05511284 0.12994360 0.11647582 0.05578340 0.05648360 0.08741999 0.11722963 0.02736172 0.07743095 0.09386190 0.06914545 0.04941945 0.09489647 0.11625015 0.12345678 0.08065310 0.16046651 0.05043661 0.12796087 0.07015820 0.09590082 0.06251516 0.05483810 0.13317818 0.15212281 0.11623002 0.06359163 0.05488441 0.09564047 0.11021064 0.04216665 0.05464014 0.07342181 0.06349205 0.07413872 0.08510072 0.07917935 0.07472804 0.05807315 0.05638235 0.05972353 0.07357270 0.07276196 0.08610760 0.06333220 0.10738438 0.05106618 0.08917980 0.06957641 
0.14267609 0.21907422 0.00000000 0.22340086 0.12337359 0.18623015 0.16677340 0.12184197 0.13440393 0.10672785 0.11452278 0.11736276 0.13198896 0.11513362 0.11727013 0.10563183 0.12816839 0.12521361 0.14247154 0.11424003 0.11814353 0.10101484 0.10651801 0.13442588 0.10685384 0.11976458 0.16796968 0.15683528 0.09738262 0.11718001 0.16597510 0.13906465 0.14775927 0.11011455 0.10727315 0.09391401 0.10890640 0.07487414 0.07365141 0.06643793 0.09243178 0.09864960 0.08975776 0.09586890 0.08457831 0.08405261 0.08030341 0.08741725 0.06228838 0.06819868 0.06758117 0.04306605 0.10218638 0.06382073 0.04881751 0.07904131 0.09536967 0.07163971 0.10339101 0.07719345 0.12652221 0.10268220 0.06454309 0.14594655 0.06946872 0.08447172 0.06522208 0.07908498 0.08978546 0.07663082 0.13443385 0.05479552 0.08817323 0.05410979 0.07982317 0.07835537 0.07359886 0.11429665 0.05697238 0.07096323 0.05277952 0.09329866 0.11581861 0.12826793 0.05913411 0.06854452 0.06608088 0.08907164 0.08791670 0.07371225 0.06542827 0.13067657 0.05452173 0.11934251 0.08328804 0.08820083 0.08799266 0.08300998 0.10474769 0.06398259 0.08630503 0.07785406 0.06741021 0.09375276 0.11067615 0.04944551 0.09135803 0.06958491 0.05984382 0.05224631 0.04970344 0.09371184 0.06274456 0.07839477 0.08158577 0.05862380 0.06179415 0.04855673 0.07979572 0.05559240 0.08543770 0.06481079 0.06085894 0.09568444 0.10236616 0.09479963 0.05978976 0.06737136 0.08732233 0.06451728 0.05721224 0.10333541 0.07264319 0.10288764 0.09811383 0.07751756 0.10307435 0.07050309 0.07970027 0.08115512 0.09873185 0.09043276 0.08452650 0.07616873 0.09376913 0.11213477 0.05660243 0.09505670 0.07526946 0.10704652 0.09314841 0.07564377 0.06482261 0.09226351 0.05098278 0.07301589 0.10872641 0.09949804 0.10830289 0.10792323 0.08841208 0.08826743 0.05282354 0.07247070 0.06318232 0.06383311 0.06003622 0.10431244 0.12139159 0.07739289 0.10072552 0.11671188 0.11995152 0.08987223 0.08231332 0.07841873 0.06843315 0.08493635 0.10195807 0.08229404 0.07822087 0.05268746 0.06217418 0.06274415 0.07244743 0.06266248 0.05751007 0.06545062 0.07707609 0.05657850 0.07362201 0.07135326 
0.12825521 0.18065750 0.22340086 0.00000000 0.18313897 0.21871764 0.23443166 0.13121865 0.10688290 0.12135761 0.09420845 0.09933959 0.17965980 0.15099914 0.16477209 0.15977351 0.16787662 0.12840881 0.16362748 0.15629940 0.15425975 0.09408164 0.15285149 0.09077625 0.16742058 0.14230098 0.15264342 0.17008871 0.13451592 0.13755554 0.11695392 0.10104228 0.11868890 0.10764533 0.13368559 0.07500945 0.09304004 0.08728303 0.09999921 0.11386734 0.12683069 0.09653392 0.12613489 0.10810787 0.07917765 0.07869529 0.07369062 0.08338184 0.06189221 0.04148957 0.05329282 0.05269238 0.08163640 0.05337461 0.02306359 0.11395521 0.12015468 0.11589041 0.11199338 0.09077667 0.06345121 0.09172722 0.05264296 0.09961343 0.06415990 0.07938290 0.08198357 0.07679870 0.08236939 0.06614474 0.13508452 0.01688647 0.05585602 0.02213733 0.08174408 0.09645395 0.06428947 0.11635612 0.03382071 0.06171576 0.03879233 0.07410784 0.05637051 0.11268440 0.04048562 0.05967680 0.04741535 0.08989050 0.08398542 0.06871125 0.07167140 0.06303387 0.05263672 0.03809435 0.12452334 0.09686395 0.06700297 0.13108354 0.14846792 0.10774288 0.09294791 0.07280452 0.10240623 0.09759170 0.10436975 0.05081403 0.09157062 0.07642057 0.03930413 0.03679329 0.03533749 0.11777509 0.04014574 0.08897987 0.07508902 0.03229902 0.05420952 0.02748736 0.05332963 0.04000538 0.07472274 0.06301054 0.05346465 0.09239102 0.10889586 0.08463276 0.03690976 0.07149302 0.08315632 0.04777228 0.03452560 0.07946910 0.08816594 0.07474268 0.09185681 0.09554052 0.09710367 0.08815248 0.10552916 0.06985302 0.10023682 0.08273193 0.09958573 0.08762606 0.12569910 0.14014453 0.04038465 0.09330008 0.09379389 0.13393911 0.05911277 0.06208070 0.11637430 0.12328101 0.03492181 0.10734730 0.12429491 0.12462634 0.08790758 0.11767695 0.06697078 0.10194308 0.05388609 0.06549276 0.05770846 0.04207654 0.08737395 0.10766317 0.09481428 0.08525837 0.05878296 0.09034495 0.09962498 0.04816546 0.04703016 0.07677933 0.06686582 0.08419733 0.08822002 0.08558431 0.08024889 0.04271273 0.05825680 0.06187237 0.06650273 0.09369858 0.07582475 0.05989533 0.11149211 0.04882976 0.08374469 0.07167950 
0.14535462 0.11663336 0.12337359 0.18313897 0.00000000 0.17450534 0.16150033 0.13406868 0.11095012 0.11644933 0.10593933 0.09012252 0.16719082 0.19032461 0.15640498 0.15690292 0.15851731 0.11741006 0.13492335 0.14828739 0.17368017 0.12411354 0.13017637 0.10832589 0.17921453 0.11862333 0.16602906 0.14423081 0.15485748 0.14640872 0.13167182 0.08961882 0.10428745 0.09321265 0.08533151 0.08735158 0.10935348 0.07872847 0.10823121 0.09862121 0.09913082 0.08353570 0.08962087 0.09905661 0.07864078 0.07807413 0.07313546 0.08240799 0.05266921 0.07208848 0.05467688 0.05963777 0.11702526 0.04481579 0.01822287 0.09894537 0.12000886 0.11483016 0.09989667 0.09320476 0.09164299 0.08913331 0.05109427 0.10293958 0.07632011 0.07867162 0.06378041 0.06939165 0.09627795 0.06693900 0.15658804 0.01707742 0.06081967 0.02421207 0.08212813 0.08106599 0.06441834 0.09570730 0.02225106 0.08420361 0.03231943 0.08067539 0.03469909 0.08475711 0.04310516 0.05743500 0.05115995 0.11561309 0.08304264 0.10093923 0.07045522 0.08086497 0.06869120 0.05801178 0.12792565 0.10998875 0.06620784 0.10271676 0.09668435 0.10976535 0.12567775 0.09013522 0.09180546 0.12063095 0.08800436 0.05144047 0.10211639 0.12290661 0.04225388 0.04075962 0.04457650 0.12409236 0.04414454 0.09243498 0.07472307 0.03214295 0.04262210 0.02371102 0.06336977 0.05725353 0.07767286 0.07934150 0.03626521 0.09492724 0.10735296 0.08374961 0.06399696 0.06775985 0.08227742 0.05008204 0.03815063 0.09400272 0.10512367 0.07354689 0.08909973 0.10931857 0.09364153 0.11245705 0.09887016 0.10943109 0.09364246 0.10232258 0.08684322 0.09588578 0.07588180 0.11650827 0.03914495 0.11443446 0.09440271 0.11216011 0.03954021 0.06949586 0.12549639 0.08757179 0.04189292 0.09356855 0.09853444 0.13808892 0.08851463 0.15653349 0.08974882 0.11798465 0.05337738 0.06253250 0.05341456 0.05073916 0.06344089 0.10033019 0.08854783 0.14952188 0.11551829 0.15900691 0.09327786 0.06324239 0.06897317 0.07221104 0.06127135 0.11495732 0.08897448 0.08032902 0.07484354 0.03130123 0.05207703 0.04990827 0.06768134 0.06831970 0.09661910 0.06203840 0.10516049 0.03532112 0.06656194 0.05746080 
0.19748402 0.17757120 0.18623015 0.21871764 0.17450534 0.00000000 0.20769301 0.11239933 0.10632189 0.11025781 0.10448720 0.11015815 0.15739155 0.17134751 0.15769410 0.12390125 0.15674936 0.13580320 0.15113702 0.16732901 0.15771150 0.10709493 0.18605497 0.11175238 0.16514382 0.10764843 0.16367565 0.12427043 0.12146105 0.14722982 0.15283432 0.09233220 0.08964044 0.07912694 0.10602952 0.09411261 0.13098394 0.06578690 0.09400299 0.08927393 0.10093767 0.09313145 0.10791357 0.12869542 0.07952132 0.07906815 0.07389298 0.08391144 0.05486759 0.03580985 0.05269724 0.05489256 0.10597270 0.05459119 0.01991022 0.07397969 0.08518298 0.07318871 0.10503704 0.08099572 0.09387942 0.09157449 0.04745070 0.08568909 0.06682670 0.07977889 0.11283786 0.10687911 0.08116900 0.06584002 0.08641875 0.02127855 0.07256764 0.02445566 0.08324787 0.07115210 0.06413136 0.07856397 0.03430941 0.05757638 0.06181632 0.08921056 0.05103393 0.10110296 0.04778414 0.04867967 0.05644017 0.09513493 0.08448226 0.10379963 0.05642309 0.08340322 0.05765459 0.08599791 0.10689108 0.10040857 0.06019853 0.11146453 0.11188252 0.08908583 0.11020952 0.07578564 0.10330835 0.11171777 0.11261173 0.05071107 0.04980899 0.08672515 0.04144939 0.03820536 0.03715653 0.08188288 0.03957681 0.10522040 0.07524513 0.03337642 0.04973261 0.01890311 0.06225577 0.05359358 0.07886613 0.04572652 0.06264231 0.09260011 0.11245727 0.08756913 0.02183674 0.06257680 0.08367972 0.04660615 0.03443854 0.14900554 0.08151927 0.08038987 0.11742270 0.11360644 0.11070631 0.11684659 0.09299832 0.06743745 0.09594191 0.14920056 0.11628989 0.08317375 0.08693630 0.10913376 0.03618416 0.10137804 0.11871477 0.11828218 0.07170910 0.10740972 0.08806922 0.10779535 0.03297876 0.09082981 0.13261870 0.10480570 0.08292863 0.14594252 0.05640892 0.09935432 0.07283558 0.05240461 0.05874257 0.03708033 0.07978904 0.11278554 0.11362017 0.05596911 0.07375681 0.12213862 0.09930650 0.07533562 0.06220013 0.07429557 0.06301654 0.15021531 0.10266084 0.08251321 0.07705103 0.03580524 0.05398046 0.06139752 0.07395232 0.09045134 0.07734761 0.05971576 0.10362147 0.04562947 0.08398319 0.07028845 
0.19300083 0.13985208 0.16677340 0.23443166 0.16150033 0.20769301 0.00000000 0.11707211 0.11983770 0.16454470 0.10064724 0.09466668 0.16824943 0.13928322 0.12219078 0.16416345 0.18051580 0.13406916 0.19414612 0.12585215 0.17850174 0.09038507 0.14593255 0.12253077 0.12936096 0.09038810 0.14847413 0.15735946 0.11852745 0.13594062 0.13059250 0.11572881 0.13177242 0.09915278 0.15224876 0.09411985 0.08348708 0.10614503 0.09671624 0.07978144 0.11375519 0.09116464 0.07346171 0.11047762 0.07593929 0.07541092 0.07015439 0.08023696 0.04635905 0.11185592 0.04966586 0.04121617 0.09064866 0.06703324 0.02289627 0.07206171 0.11696869 0.07278859 0.10118571 0.09794878 0.07493387 0.08595377 0.05153252 0.07268275 0.07160803 0.07616519 0.09057252 0.10234219 0.09792512 0.06273941 0.12647539 0.01546398 0.07134922 0.02307816 0.07515771 0.08101971 0.06046007 0.08792969 0.02812204 0.06961214 0.03325009 0.06330930 0.04485344 0.13657394 0.04129152 0.04187847 0.04837363 0.08984654 0.08087197 0.07552726 0.06298612 0.08927630 0.03232137 0.04743951 0.14347967 0.10844698 0.06480559 0.08872832 0.11767553 0.09615124 0.08664573 0.07916851 0.11714091 0.07842223 0.09412435 0.05019237 0.07193307 0.10101447 0.03354920 0.03613049 0.04511644 0.08986172 0.03333736 0.14178736 0.07164724 0.03143950 0.03499269 0.01812080 0.05749923 0.07192071 0.07754287 0.06691774 0.05219281 0.10103609 0.10920940 0.08585625 0.05753701 0.06514003 0.08002999 0.04377472 0.02756699 0.09445733 0.09914123 0.08958805 0.15664345 0.09707996 0.08873785 0.09355079 0.14916357 0.06199858 0.09090983 0.10105128 0.10241462 0.05735484 0.08365547 0.11923851 0.05688384 0.13327264 0.12516965 0.10314483 0.05219950 0.09970355 0.10634697 0.11579747 0.03357617 0.12311873 0.15915324 0.11991366 0.11008437 0.17059176 0.05809035 0.14824397 0.07021951 0.04551084 0.06010882 0.05367177 0.06794096 0.10268925 0.09314616 0.08850339 0.08306833 0.11408510 0.09757150 0.08602865 0.05016290 0.07643169 0.06542069 0.10543994 0.08959540 0.08594715 0.07983808 0.04102102 0.05545472 0.04523192 0.05407686 0.06602951 0.08954286 0.04940687 0.11432738 0.02898731 0.06964150 0.05331429 
0.11027276 0.16361336 0.12184197 0.13121865 0.13406868 0.11239933 0.11707211 0.00000000 0.15615993 0.11837186 0.12732976 0.13247253 0.11516671 0.12164585 0.12011338 0.12585730 0.11466728 0.13092242 0.11122917 0.12047254 0.12066552 0.10853841 0.09636198 0.10402370 0.10929756 0.11604054 0.11737884 0.10927240 0.12794220 0.10478367 0.09894432 0.09957220 0.09881087 0.10271088 0.10420765 0.09194945 0.07911757 0.08813310 0.08105747 0.10819175 0.08689225 0.09095483 0.08603088 0.09922137 0.09077324 0.09034852 0.08747096 0.09296104 0.07544171 0.07502802 0.07904768 0.08198417 0.07937927 0.06248581 0.08677674 0.09998432 0.10303631 0.08949163 0.10715614 0.08345737 0.09345676 0.09264592 0.07212389 0.07845587 0.08184944 0.09070375 0.07691597 0.08480901 0.09812284 0.08573845 0.12991205 0.08662565 0.08057955 0.07537241 0.08750382 0.08056220 0.08232821 0.07263846 0.08589251 0.07646110 0.06458845 0.08565973 0.06405846 0.09404518 0.08273248 0.09662569 0.07490440 0.08944897 0.09334353 0.08928192 0.07314116 0.09696962 0.07839272 0.08308637 0.06911946 0.07528787 0.06778184 0.08105718 0.08222078 0.09379764 0.07935154 0.09069974 0.07793547 0.08244946 0.09141253 0.08297510 0.07173483 0.07516508 0.07866648 0.06942948 0.07147845 0.07183841 0.08062706 0.11270008 0.08853724 0.07611607 0.07550540 0.09238406 0.09893612 0.06826671 0.09220837 0.07697335 0.09380091 0.10115672 0.08820177 0.10119493 0.07909268 0.07425654 0.09288073 0.07721326 0.07590373 0.08594456 0.08924235 0.08739248 0.10017730 0.07899856 0.11254030 0.07302565 0.09270067 0.08744014 0.07911289 0.07392942 0.08573175 0.09128928 0.07778929 0.09714487 0.06700198 0.08553626 0.07598603 0.08679754 0.07692716 0.09491610 0.08025151 0.08293458 0.07050898 0.07776058 0.10504517 0.08843449 0.09030880 0.12231165 0.07816631 0.09770954 0.06983627 0.09394411 0.08058501 0.08086460 0.07210479 0.08372987 0.08791034 0.08238484 0.09310213 0.08465936 0.09737936 0.08218686 0.09418303 0.08580207 0.07970364 0.08979127 0.09619217 0.09080486 0.08733837 0.06960575 0.07470093 0.07705114 0.06981204 0.07539978 0.07394551 0.07411468 0.07622783 0.07408209 0.07752775 0.08190914 
0.09980165 0.13965333 0.13440393 0.10688290 0.11095012 0.10632189 0.11983770 0.15615993 0.00000000 0.13518054 0.13395445 0.13554096 0.11982083 0.11563258 0.12393364 0.11469677 0.11894296 0.11851786 0.11185358 0.11969731 0.10597267 0.10507259 0.10980578 0.10944898 0.11077775 0.10566997 0.11580841 0.09291813 0.10549438 0.11086503 0.10644113 0.10446154 0.09931212 0.09890976 0.09686043 0.09329733 0.08952448 0.07571482 0.09262774 0.08052022 0.07461184 0.10842981 0.08593515 0.10434107 0.09699327 0.09619305 0.09307759 0.09728057 0.07385993 0.07106326 0.09130565 0.07456702 0.08282065 0.06674333 0.07797511 0.08677821 0.08884015 0.08232699 0.09563119 0.08490876 0.10486627 0.09163211 0.07278127 0.07525542 0.07659167 0.09602685 0.08018164 0.08396809 0.09044098 0.09684745 0.10505322 0.08265547 0.08284433 0.07434866 0.09028693 0.07436696 0.09148112 0.10247779 0.07980569 0.08430334 0.07557142 0.09944369 0.06997913 0.09811671 0.08328479 0.08874965 0.08330688 0.08172980 0.09805847 0.08888449 0.08044930 0.07835291 0.10169489 0.08817837 0.07928554 0.07676170 0.07312579 0.06901910 0.06688948 0.08808691 0.08750288 0.07497205 0.08065475 0.09425606 0.08987985 0.07198860 0.08193768 0.07546391 0.08658608 0.08188690 0.06918179 0.07867541 0.07170055 0.08982868 0.09648999 0.07374208 0.07842518 0.07565729 0.10991092 0.06598091 0.10039627 0.07714298 0.07261890 0.09794839 0.09029682 0.09884295 0.08751200 0.08568814 0.09750610 0.08749476 0.07307211 0.08945222 0.08278800 0.09775968 0.07242222 0.07237699 0.07695850 0.06622764 0.08679494 0.08659639 0.07395193 0.08303656 0.08219902 0.08468906 0.07924687 0.09855185 0.07419931 0.08369461 0.08999372 0.07650278 0.07605772 0.08016094 0.10287128 0.08451066 0.07496294 0.08616802 0.09399252 0.08932518 0.10437526 0.10689546 0.08528695 0.08791685 0.07336008 0.07943460 0.08187044 0.07012500 0.08420865 0.09463429 0.09119127 0.09833534 0.10587797 0.09554638 0.08834390 0.07715858 0.09141922 0.08753844 0.08518254 0.07896037 0.09089794 0.09214466 0.09094672 0.07517964 0.07846083 0.07405567 0.09446743 0.08154337 0.07905435 0.09483153 0.08192366 0.08487722 0.09487204 0.08009756 
0.10811597 0.13072356 0.10672785 0.12135761 0.11644933 0.11025781 0.16454470 0.11837186 0.13518054 0.00000000 0.13829207 0.14107571 0.15384207 0.13308288 0.12784980 0.13481920 0.14005499 0.11936274 0.14192660 0.13923372 0.16200190 0.11908779 0.12720508 0.13682004 0.12375857 0.10143197 0.11931218 0.10474966 0.11298345 0.13216296 0.10544521 0.10311498 0.10608693 0.10995749 0.08753087 0.09999315 0.08138240 0.07069718 0.08590432 0.10864107 0.12387296 0.09475955 0.06287447 0.09208673 0.09032561 0.08992793 0.08590705 0.09345275 0.07216707 0.09378153 0.07238440 0.08040123 0.07601883 0.06264320 0.06061329 0.08155378 0.10745580 0.09136747 0.10515818 0.08267529 0.07661831 0.07617462 0.07876719 0.08091985 0.07987913 0.09034186 0.07842032 0.07549555 0.10598609 0.08191368 0.10239424 0.07646961 0.05933554 0.06638999 0.07347558 0.07056908 0.07912285 0.08758579 0.07751011 0.08500814 0.07013335 0.09969106 0.05125127 0.10787875 0.07356711 0.08663426 0.06627156 0.08154989 0.09403605 0.08287097 0.07769276 0.07602653 0.05900764 0.10734770 0.07177490 0.09191923 0.05874800 0.08469433 0.07654414 0.09136467 0.08151359 0.07525675 0.09416555 0.10077508 0.11369674 0.07551537 0.11306766 0.09636784 0.07149471 0.07768807 0.05850466 0.07370806 0.07860672 0.09804620 0.08777228 0.06146881 0.06179333 0.06480733 0.08755894 0.09798406 0.08681041 0.08525151 0.05739127 0.08744386 0.09610954 0.08549623 0.05973408 0.07035102 0.09326794 0.08343275 0.07450564 0.09034236 0.08826734 0.07197079 0.11611394 0.08106026 0.08611601 0.08549131 0.08265546 0.07115174 0.10144268 0.08081569 0.09392814 0.07306063 0.09488490 0.08751202 0.06281492 0.08864250 0.08133970 0.11151687 0.07418741 0.08922685 0.08634425 0.08468840 0.06184592 0.09155323 0.08516138 0.14837857 0.07041940 0.09005250 0.08637964 0.09091130 0.06517716 0.07077900 0.06897723 0.08291117 0.08195744 0.11268339 0.08743625 0.09535472 0.05993654 0.07447070 0.09263104 0.07525794 0.08322940 0.08036347 0.08187371 0.09033451 0.10571180 0.08737032 0.08306668 0.05867823 0.07660871 0.07436140 0.10620664 0.08440132 0.06598437 0.06376067 0.11406073 0.07102138 0.07079209 0.07451538 
0.08758290 0.11249265 0.11452278 0.09420845 0.10593933 0.10448720 0.10064724 0.12732976 0.13395445 0.13829207 0.00000000 0.16213214 0.11921260 0.11466805 0.12265302 0.13474767 0.10599655 0.12620124 0.10763364 0.11703121 0.10439249 0.12517167 0.10105212 0.11843516 0.12086905 0.10704935 0.10612197 0.09827879 0.09605689 0.09012902 0.10151447 0.09676172 0.10223750 0.09679669 0.08711969 0.08392005 0.08640160 0.06732807 0.07984147 0.07623904 0.08668302 0.07371233 0.08626872 0.11683514 0.09586666 0.09518754 0.09214857 0.09675530 0.09876329 0.08837140 0.08908356 0.09078241 0.08410725 0.09143920 0.09299853 0.07845621 0.07417637 0.07638160 0.09758500 0.08383246 0.08858204 0.09276069 0.09466193 0.08527609 0.08855287 0.09519041 0.08437102 0.08973109 0.07891178 0.09442707 0.10375723 0.09636161 0.10535667 0.10915811 0.08715988 0.07920713 0.08941251 0.07700754 0.10060524 0.09383726 0.09860619 0.09105833 0.07256564 0.08730087 0.08679395 0.10965744 0.08176207 0.08716881 0.09735464 0.08431710 0.09342512 0.09148672 0.06947257 0.08439197 0.08148623 0.09458715 0.07768257 0.07176344 0.07267626 0.07778207 0.08037660 0.07809513 0.07303779 0.07916104 0.09567920 0.08224221 0.08492612 0.07212991 0.07519667 0.07533587 0.10589179 0.07934946 0.10563744 0.08811652 0.09466950 0.08829707 0.08882947 0.09271426 0.11397212 0.08318339 0.09800368 0.10461905 0.08512111 0.09620541 0.07600808 0.09655899 0.07616015 0.08317748 0.09689363 0.09202155 0.09441374 0.08438030 0.07480985 0.08247782 0.07623706 0.08245770 0.07502821 0.06821787 0.07904414 0.08815958 0.06359010 0.06935745 0.07319798 0.08257566 0.07213415 0.07011743 0.07556040 0.07546429 0.06560203 0.07364555 0.09064872 0.08940005 0.07947476 0.06862957 0.08271609 0.07538797 0.07652014 0.07483474 0.08065188 0.09023963 0.08833448 0.06799071 0.07778148 0.09104042 0.08498389 0.09581863 0.08531917 0.06959898 0.09328776 0.08594510 0.07587233 0.09240800 0.08602682 0.08444120 0.09987882 0.08993018 0.09453477 0.08906064 0.09955601 0.09368587 0.09077111 0.08270217 0.08234583 0.08860933 0.08424434 0.08331584 0.08164229 0.08585800 0.08496501 0.10298719 0.08735239 0.09525981 
0.08648085 0.11988937 0.11736276 0.09933959 0.09012252 0.11015815 0.09466668 0.13247253 0.13554096 0.14107571 0.16213214 0.00000000 0.11590106 0.11495136 0.12273506 0.11848640 0.12732082 0.11892048 0.11592783 0.11339324 0.10147944 0.12821914 0.10075590 0.12963352 0.12011048 0.11695257 0.11094266 0.09274842 0.09625804 0.11378927 0.10436989 0.10440507 0.10133984 0.10261947 0.09575520 0.09601914 0.08971691 0.07492415 0.08098955 0.07269174 0.08046410 0.07226827 0.08799836 0.11300033 0.09340742 0.09304143 0.08997642 0.09564534 0.09453085 0.08732490 0.08168088 0.09372971 0.08215288 0.07761563 0.09328589 0.07469379 0.07497195 0.07490171 0.11152190 0.10112194 0.08861105 0.09512437 0.08927463 0.08210939 0.09295265 0.09329962 0.08173379 0.08055491 0.08915988 0.08865800 0.09528987 0.10559107 0.12044739 0.08546606 0.08160066 0.08649941 0.08513109 0.07129463 0.15744102 0.09778049 0.08839819 0.08997402 0.06810981 0.08896643 0.09283974 0.10808696 0.07611478 0.08182953 0.09611171 0.08059090 0.09324251 0.09181778 0.06685917 0.08241889 0.08697316 0.07451479 0.08494123 0.08215348 0.07648865 0.09311162 0.07728361 0.08033923 0.07460280 0.07016207 0.09172654 0.07515559 0.07454001 0.06792082 0.08664949 0.07476767 0.08816453 0.08163742 0.10760762 0.09282152 0.09174826 0.08935572 0.09447839 0.09457398 0.09859259 0.08410411 0.09216782 0.09823678 0.07862341 0.09184148 0.07996898 0.09107437 0.07660535 0.08085521 0.09550327 0.09316738 0.09662846 0.06826947 0.07982835 0.08140622 0.08127157 0.06522368 0.07250005 0.07765194 0.06768551 0.07695532 0.06863894 0.07425969 0.07529240 0.07886628 0.06420946 0.06655091 0.07312246 0.07193424 0.06811758 0.07286068 0.09681791 0.07350237 0.08808979 0.06727692 0.11283540 0.08997108 0.06709551 0.09276364 0.09235744 0.08617160 0.09546955 0.07499145 0.08019254 0.08779098 0.08578679 0.09585877 0.09237752 0.07470908 0.08316982 0.07154570 0.06857498 0.09265542 0.08338665 0.09089903 0.09545251 0.09122246 0.09356149 0.07751608 0.08724121 0.09612930 0.09343164 0.08916340 0.08335133 0.09261375 0.08732852 0.08363644 0.07492545 0.08037000 0.07011037 0.10073229 0.08391171 0.09259510 
0.19037076 0.13607194 0.13198896 0.17965980 0.16719082 0.15739155 0.16824943 0.11516671 0.11982083 0.15384207 0.11921260 0.11590106 0.00000000 0.17243770 0.13289365 0.16088758 0.15208404 0.13463277 0.16301938 0.17426647 0.19131794 0.12747819 0.16060027 0.10441593 0.16253298 0.11781023 0.12933098 0.14117212 0.12666790 0.15478774 0.15191973 0.09274351 0.09662793 0.09849833 0.13291270 0.13840669 0.09693552 0.07128820 0.08121733 0.10042344 0.10821725 0.09466515 0.08934380 0.08476845 0.07937873 0.07878274 0.07292356 0.08362688 0.05192719 0.03962844 0.05182845 0.04224520 0.12261043 0.06577103 0.01928278 0.09559063 0.10166558 0.10087219 0.10547614 0.08663485 0.08414674 0.05530552 0.05593466 0.04260046 0.06780585 0.07939498 0.07200966 0.10809517 0.07978764 0.06587987 0.11704159 0.01855186 0.06136834 0.01945659 0.07013836 0.07169571 0.06340460 0.05668903 0.03445585 0.07285512 0.06475178 0.09023813 0.04936965 0.08947919 0.05077840 0.06570500 0.04374040 0.11043466 0.08444599 0.06912809 0.05541060 0.07470595 0.05594603 0.05942070 0.13410767 0.11938861 0.04014580 0.09890353 0.08159910 0.12664776 0.08151156 0.09698786 0.09557231 0.11272107 0.10007753 0.04287130 0.11969069 0.09001437 0.04960073 0.04520835 0.03650889 0.10716266 0.05409412 0.07154092 0.07541119 0.01902105 0.05926737 0.01716892 0.03869336 0.05593410 0.07306806 0.05633774 0.03748357 0.08537091 0.12276296 0.07139469 0.04812061 0.08547553 0.08345569 0.05785658 0.04368047 0.07727314 0.10698036 0.06306585 0.11322020 0.07322808 0.09434464 0.11743669 0.13612213 0.06823684 0.11852244 0.08466424 0.10314883 0.10050789 0.13379214 0.13595328 0.05324523 0.10233913 0.14178024 0.10779330 0.10464352 0.07645248 0.11024369 0.10087594 0.03539145 0.11350149 0.13672423 0.12559657 0.07319670 0.11427576 0.07453385 0.10822424 0.08325573 0.08302120 0.06538360 0.06260015 0.06683018 0.09486232 0.11807751 0.09434647 0.08036057 0.10098871 0.08113440 0.09801497 0.06522429 0.07990985 0.07566344 0.09937626 0.11330132 0.08818219 0.08266282 0.03639443 0.05564833 0.05058359 0.07607194 0.06706991 0.07971588 0.06226878 0.12605611 0.04496618 0.06458028 0.05879340 
0.17484503 0.13864601 0.11513362 0.15099914 0.19032461 0.17134751 0.13928322 0.12164585 0.11563258 0.13308288 0.11466805 0.11495136 0.17243770 0.00000000 0.24268417 0.15230368 0.16810107 0.20839791 0.16218618 0.17379391 0.20000123 0.09200842 0.16727413 0.10170282 0.13020754 0.15849651 0.15871243 0.11357400 0.14401427 0.14287417 0.13075685 0.10889325 0.14855479 0.10548686 0.10733324 0.09558497 0.08667475 0.08151306 0.12913664 0.09457782 0.12777372 0.11444986 0.09747238 0.12296881 0.07767789 0.07718028 0.07145119 0.08233157 0.06889255 0.07192032 0.04887106 0.04651483 0.08301762 0.07259945 0.01942754 0.08260717 0.10544696 0.05708078 0.10163877 0.06879301 0.12739223 0.08312339 0.06457304 0.05541600 0.05480542 0.07783395 0.06846768 0.12444065 0.09637510 0.06331971 0.08816395 0.02282373 0.08712089 0.02661044 0.08794493 0.10030433 0.06130190 0.13891073 0.04344403 0.10099614 0.05510122 0.08792900 0.05071070 0.10820596 0.04698163 0.06014413 0.04304200 0.07714612 0.08307702 0.08163850 0.05943758 0.07664310 0.05468858 0.07214634 0.10978981 0.09018435 0.04797514 0.09996482 0.12096380 0.09448869 0.10675467 0.07556924 0.09677120 0.09971607 0.11036701 0.07376523 0.11628803 0.06678492 0.04441298 0.03879339 0.02650398 0.09670630 0.04842443 0.12377005 0.07361043 0.04014359 0.03976403 0.02128796 0.04708709 0.04819070 0.07041428 0.06205556 0.06392468 0.08188788 0.10131565 0.06889175 0.06859696 0.07505628 0.08205455 0.05923012 0.04041867 0.10359395 0.07996642 0.07037923 0.07735469 0.11734769 0.10413877 0.10294030 0.10194358 0.07758194 0.09874441 0.11258871 0.12017770 0.07501415 0.08768274 0.11377757 0.08530470 0.08718811 0.10250126 0.09980663 0.06396159 0.08523591 0.10434149 0.11158011 0.04093877 0.11867524 0.09869886 0.09228022 0.08799629 0.11391149 0.05830287 0.08345702 0.04112614 0.03425174 0.05259595 0.05138041 0.05985783 0.08928288 0.12803071 0.07229444 0.07280430 0.09372642 0.12876869 0.08658382 0.05249653 0.07097842 0.06894192 0.10878835 0.08937551 0.08100898 0.07507727 0.03112769 0.06173455 0.05730403 0.07199270 0.07499611 0.07708468 0.05146134 0.08266834 0.05052186 0.07822307 0.06472757 
0.15009389 0.12527424 0.11727013 0.16477209 0.15640498 0.15769410 0.12219078 0.12011338 0.12393364 0.12784980 0.12265302 0.12273506 0.13289365 0.24268417 0.00000000 0.17052581 0.15270858 0.16619486 0.15527871 0.15022855 0.18172610 0.11792558 0.14399633 0.13811179 0.12518912 0.11823654 0.16100324 0.13836375 0.12277209 0.17032856 0.14595172 0.09824603 0.13152311 0.08322400 0.10125944 0.11684204 0.08838798 0.06997991 0.10402903 0.07223715 0.10952459 0.09747359 0.06968846 0.08164696 0.08031680 0.07973460 0.07452267 0.08417246 0.06990001 0.05002274 0.05582798 0.09414186 0.08692567 0.05630667 0.04766293 0.10223420 0.14077188 0.13036803 0.09822456 0.08444237 0.10727015 0.08304024 0.08270320 0.06101286 0.05377526 0.08029274 0.05888513 0.07562978 0.12844633 0.06856978 0.08403270 0.05105123 0.10808241 0.04000052 0.07415706 0.07579576 0.06581271 0.11102253 0.05543844 0.09434145 0.05706110 0.09426955 0.04670349 0.11628682 0.05632643 0.08078687 0.04979858 0.06971490 0.08493928 0.06638313 0.06559492 0.07035694 0.05413692 0.08321608 0.11309387 0.07886461 0.06936640 0.09092507 0.08480666 0.11473899 0.09125949 0.07561782 0.08341903 0.10760178 0.08362190 0.07323146 0.06946019 0.08404211 0.04752062 0.04893750 0.03767136 0.08696870 0.05924843 0.12221436 0.07669276 0.04169582 0.05431002 0.04277606 0.05114604 0.06257092 0.07493404 0.07184751 0.07750220 0.09234483 0.08771348 0.07336850 0.04904564 0.08961574 0.08402238 0.06894820 0.04966800 0.09254964 0.06200050 0.06905081 0.11831480 0.09150864 0.09675671 0.11744605 0.06720715 0.08260921 0.10974629 0.10543447 0.08461743 0.09606083 0.12013307 0.09508115 0.07420077 0.04940246 0.08576294 0.09923519 0.05276767 0.05874796 0.15344600 0.10075776 0.05394038 0.09609784 0.10568820 0.11134810 0.06931960 0.14251644 0.07375439 0.06737517 0.05952070 0.06856966 0.06282431 0.06350249 0.07151475 0.09567408 0.11438452 0.06944313 0.04679459 0.11692182 0.07897924 0.07358567 0.09467091 0.08223601 0.07221832 0.09651592 0.10640403 0.08956017 0.08477384 0.04400989 0.07254694 0.05763081 0.09383794 0.07981250 0.08064928 0.04832180 0.09794900 0.04931428 0.07091757 0.06107659 
0.14994267 0.16928650 0.10563183 0.15977351 0.15690292 0.12390125 0.16416345 0.12585730 0.11469677 0.13481920 0.13474767 0.11848640 0.16088758 0.15230368 0.17052581 0.00000000 0.15199363 0.25702626 0.18153814 0.18677390 0.16183488 0.11243318 0.18782543 0.11039563 0.13640742 0.13053603 0.09509558 0.12779333 0.13417051 0.13621563 0.11921681 0.12552471 0.13581592 0.08412303 0.08837306 0.07946420 0.09427608 0.07756709 0.08715438 0.07252946 0.12010585 0.08783911 0.08796080 0.09738572 0.08178538 0.08133684 0.07622555 0.08585943 0.07382704 0.09206711 0.05807375 0.05192576 0.09021244 0.07685148 0.04651183 0.11419376 0.11260965 0.05131493 0.09865707 0.07928985 0.15110612 0.11329016 0.06467679 0.06750315 0.06420177 0.08193990 0.07811273 0.08980369 0.06402761 0.07040431 0.07323154 0.04161927 0.08164847 0.04175608 0.08055332 0.11046098 0.06739772 0.08229345 0.05049041 0.10517118 0.07158368 0.08310103 0.04411919 0.09454191 0.05135858 0.07130639 0.05462564 0.11151498 0.08652954 0.06408275 0.07226333 0.05830746 0.09254973 0.04760828 0.07411314 0.08707405 0.05398865 0.10451660 0.08138747 0.10815776 0.09896441 0.06398041 0.08189678 0.09561673 0.07087591 0.07495363 0.07366398 0.06221539 0.05508695 0.05131238 0.05819627 0.08676814 0.07199710 0.12487303 0.07824945 0.04742897 0.05085500 0.04109424 0.05241137 0.05700775 0.07966725 0.07706131 0.05859864 0.08950594 0.06776911 0.08405762 0.04894325 0.08203080 0.08561974 0.07933318 0.05984886 0.13422915 0.08405275 0.09703933 0.06553832 0.08129832 0.11411034 0.05608154 0.09372258 0.06021265 0.07374385 0.07786548 0.10773818 0.06696129 0.09758581 0.08827111 0.07550865 0.07759693 0.07553856 0.11609213 0.06231159 0.06577719 0.11356228 0.09429910 0.04657251 0.08060313 0.07241097 0.15733226 0.08049581 0.14439772 0.06022703 0.08691377 0.08503174 0.06646987 0.05487993 0.07334948 0.07602813 0.10334661 0.09152043 0.07316433 0.10794120 0.07444079 0.10444512 0.04871872 0.06868143 0.08723999 0.08508013 0.09294201 0.10210355 0.09422198 0.08889565 0.06922209 0.07418458 0.07555072 0.11132883 0.10434838 0.07481491 0.05540593 0.09799709 0.06465700 0.06529123 0.07386366 
0.16216976 0.12333240 0.12816839 0.16787662 0.15851731 0.15674936 0.18051580 0.11466728 0.11894296 0.14005499 0.10599655 0.12732082 0.15208404 0.16810107 0.15270858 0.15199363 0.00000000 0.19020192 0.19119752 0.15647384 0.16853137 0.10172281 0.18337244 0.11452746 0.12218729 0.12038074 0.16380517 0.17072673 0.17172446 0.17985191 0.13467848 0.11687181 0.16421585 0.09886069 0.10383692 0.09688566 0.09724946 0.07841753 0.10823429 0.14048027 0.10095264 0.08833152 0.08193334 0.11843925 0.07624043 0.07579022 0.06996478 0.08125098 0.04739151 0.05006027 0.04599973 0.02856468 0.08152445 0.05207253 0.01142227 0.11467724 0.14198287 0.13157664 0.11461571 0.09505092 0.10897957 0.09879138 0.05079141 0.07621900 0.05837722 0.07657263 0.05948700 0.08966527 0.07564788 0.06102588 0.09766294 0.02912773 0.07637048 0.02844649 0.07695406 0.10153903 0.05890923 0.11191234 0.04598574 0.07567125 0.05222288 0.07445718 0.03321929 0.07524185 0.04464376 0.06317370 0.04243707 0.10255249 0.08192914 0.06445181 0.05922434 0.05785385 0.08263196 0.07285003 0.12538721 0.09119549 0.04750769 0.10503695 0.08493777 0.13465885 0.10533728 0.08485316 0.09887639 0.10022646 0.10844314 0.04476340 0.10957854 0.08551774 0.04104717 0.03253068 0.04821745 0.05641378 0.03594622 0.11000727 0.07161264 0.02873401 0.06031526 0.02739744 0.06084900 0.06039494 0.07379162 0.05095143 0.05498467 0.09078618 0.13808184 0.08243504 0.04205372 0.06827211 0.08098220 0.05802148 0.03410779 0.09390070 0.08183750 0.08306950 0.07480896 0.08582880 0.07649708 0.14421503 0.09334745 0.08871886 0.11916748 0.08799203 0.09839320 0.08435650 0.11095919 0.10539660 0.08511752 0.09357448 0.08546490 0.10428870 0.04697445 0.08051909 0.08564924 0.07882468 0.04040535 0.12962780 0.11488997 0.14331935 0.09376149 0.13160841 0.07824724 0.12408083 0.06405213 0.05665291 0.04710918 0.05033726 0.07511636 0.11252126 0.14148306 0.07839227 0.10748620 0.10127640 0.11748224 0.04813793 0.06872334 0.07430068 0.06988515 0.11463406 0.08640814 0.08429663 0.07801662 0.02715245 0.05896504 0.05067885 0.04896418 0.06912657 0.08215531 0.05298520 0.10819224 0.03189959 0.06296147 0.05450169 
0.16048255 0.10742896 0.12521361 0.12840881 0.11741006 0.13580320 0.13406916 0.13092242 0.11851786 0.11936274 0.12620124 0.11892048 0.13463277 0.20839791 0.16619486 0.25702626 0.19020192 0.00000000 0.25466372 0.19129631 0.20926762 0.09996867 0.16448308 0.12961816 0.12426685 0.11966532 0.18163730 0.13756515 0.12559968 0.16797903 0.13765531 0.12171714 0.18043582 0.10696812 0.12269619 0.11044562 0.09899704 0.08528400 0.10862153 0.07606288 0.09422777 0.09552584 0.06555046 0.09638829 0.08288034 0.08261888 0.07747803 0.08770744 0.06658305 0.11043680 0.05571667 0.04698683 0.10458358 0.05361892 0.03736452 0.09081567 0.12458892 0.07510375 0.11019103 0.09366394 0.13366025 0.14615319 0.05007987 0.05763295 0.08978796 0.08336200 0.06905775 0.10288260 0.05912182 0.06882997 0.11099131 0.04606772 0.07656251 0.03917998 0.09034720 0.08218267 0.06745341 0.11785709 0.05065652 0.11811561 0.05878424 0.06573809 0.04946370 0.07971997 0.05317757 0.07042831 0.04847229 0.06446429 0.08830250 0.07854624 0.06913711 0.06508990 0.04150638 0.05028095 0.12919989 0.09380360 0.06958780 0.13644067 0.10887245 0.09785260 0.08973905 0.06400872 0.08100612 0.08474489 0.12374128 0.06384626 0.09911856 0.06478453 0.05523773 0.04505068 0.05393611 0.06332484 0.05784448 0.07993059 0.07919940 0.04346616 0.05045256 0.04873221 0.08572940 0.06010505 0.07949390 0.06160325 0.05233690 0.09051600 0.08869182 0.08705127 0.04411455 0.09860908 0.08731481 0.06696131 0.04976947 0.07872614 0.08114855 0.05752895 0.06951100 0.07021837 0.10788699 0.10759572 0.08928977 0.06778441 0.08571546 0.08295376 0.10709675 0.08155069 0.09818042 0.08154352 0.09422040 0.10013457 0.06187614 0.10609568 0.04713275 0.06505201 0.08809810 0.06818963 0.04495041 0.07888635 0.10370512 0.12901409 0.09804796 0.12066375 0.07519862 0.10783328 0.03650762 0.06510198 0.05285538 0.05847763 0.03101448 0.06883848 0.09512639 0.06812587 0.06290206 0.08745529 0.09665406 0.07772868 0.11310348 0.07515913 0.07388723 0.11433746 0.08134807 0.08475090 0.07841583 0.05663177 0.06187244 0.06045704 0.07607982 0.07506024 0.07468108 0.04853382 0.06710565 0.05613059 0.05804138 0.06395225 
