0.00000000 0.19598751 0.17812433 0.21111302 0.10026192 0.12110889 0.06953684 0.18124645 0.10541304 0.10415385 0.04406247 0.13894729 0.12439411 0.07686391 0.04486639 0.08731146 0.11280462 0.11925265 0.03023034 0.08804441 0.07611982 0.07510587 0.09746334 0.11437549 0.12016508 0.06734625 0.12317817 0.15604496 0.09442894 0.09591640 0.08197346 0.12602472 0.07354366 0.07515480 0.13451110 0.11264143 0.07877368 0.11820263 0.06394646 0.08291397 0.10117596 0.08406067 0.08497143 0.06947805 0.08905523 0.04475408 0.10257769 0.12750285 0.06346663 0.12766623 0.09910200 0.04451777 0.06334026 0.13294564 0.09929772 0.09880199 0.15188797 0.10017064 0.11799123 0.10204524 0.08650529 0.02837224 0.05754285 0.08794741 0.08000962 0.05209532 0.10077349 0.14163710 0.09019347 0.07727451 0.09914776 0.07933843 0.09379647 0.08977168 0.07117179 0.11605741 0.07230176 0.08215942 0.10610304 0.13609100 0.15253126 0.17269415 0.18338424 0.08608901 0.10938838 0.20013968 0.11662880 0.09908173 0.06173415 0.08962479 0.08619976 0.09491873 0.09491873 0.09491873 
0.19598751 0.00000000 0.28275219 0.27539493 0.17583577 0.15180975 0.16602237 0.09113392 0.11624503 0.08661311 0.05271209 0.11287124 0.18060229 0.15968089 0.07065229 0.17568461 0.11953007 0.21656345 0.07930792 0.08992385 0.06269430 0.12191469 0.13581682 0.10462478 0.13604075 0.11293620 0.08767551 0.12645916 0.06296039 0.14683360 0.06717961 0.14813849 0.09541249 0.09843399 0.11129559 0.12280557 0.17065517 0.06874756 0.16957942 0.18563256 0.11159659 0.08380445 0.08175253 0.09299773 0.09613097 0.07732992 0.04896700 0.06869425 0.06336284 0.04440958 0.06747907 0.05184830 0.06684348 0.09661174 0.12735857 0.05857961 0.11980974 0.12382369 0.09189989 0.08478566 0.08979344 0.08599378 0.07805709 0.04559472 0.08077809 0.09147258 0.11316918 0.10631131 0.03404190 0.07206508 0.10525834 0.09014759 0.07327164 0.12263350 0.13010815 0.07030651 0.10954367 0.06584805 0.07751381 0.06905262 0.09484659 0.09242878 0.04781462 0.04889896 0.06176752 0.04438518 0.03406163 0.04936613 0.04074067 0.06083360 0.07641967 0.07943324 0.07943324 0.07943324 
0.17812433 0.28275219 0.00000000 0.25147971 0.13083405 0.11227454 0.11838476 0.06628504 0.11346115 0.08073470 0.02362502 0.15720139 0.11683959 0.13591390 0.11608100 0.15589155 0.09334396 0.17215145 0.18188685 0.08165224 0.17311463 0.07778121 0.11658222 0.11885845 0.08920733 0.11273132 0.05619548 0.09728468 0.06457423 0.10253327 0.04589598 0.11029982 0.06264964 0.06242859 0.13594734 0.08974510 0.10334374 0.07249611 0.07005647 0.07070334 0.09645079 0.11199260 0.10273940 0.07338568 0.07683440 0.19866001 0.03891114 0.09147428 0.06777958 0.10185496 0.08651697 0.04016234 0.08238249 0.05830485 0.11342164 0.08251385 0.15278074 0.10232791 0.10888373 0.10611701 0.05866417 0.05061095 0.06310874 0.09688637 0.10365663 0.06561829 0.14098065 0.13181420 0.09896204 0.10207518 0.07433454 0.12858065 0.12719869 0.10114774 0.13611475 0.13421221 0.13945890 0.08560897 0.14918752 0.09105878 0.08558135 0.05997605 0.09810722 0.07685125 0.12263949 0.11489747 0.08388847 0.06404859 0.07257907 0.06308603 0.06058979 0.07409874 0.07409874 0.07409874 
0.21111302 0.27539493 0.25147971 0.00000000 0.21123955 0.17223102 0.10771709 0.15139963 0.07249595 0.11396255 0.07815342 0.12068903 0.18576393 0.15731688 0.13068289 0.13614038 0.19894545 0.15395742 0.16594494 0.11393969 0.06703021 0.12640879 0.06517122 0.13813805 0.08108629 0.10159967 0.12925653 0.11172544 0.05951364 0.06524907 0.09135168 0.05378340 0.10675162 0.13497521 0.09048697 0.13123987 0.11300517 0.15542074 0.13197986 0.12625857 0.11291041 0.08364564 0.16996558 0.09772037 0.13596236 0.10229499 0.07849542 0.05331430 0.05425597 0.06357834 0.08006476 0.05547611 0.04122760 0.07497484 0.09301418 0.12793349 0.05717486 0.09144918 0.08574154 0.05590532 0.08808358 0.07303337 0.09945500 0.09112874 0.02656832 0.11045870 0.06219723 0.09356843 0.07083436 0.07251729 0.06324713 0.10148467 0.07203583 0.10509147 0.06902922 0.11215095 0.07363381 0.10076734 0.05725402 0.04324687 0.05349432 0.09513161 0.09043377 0.08921276 0.08446792 0.05840203 0.03548453 0.04926789 0.04321202 0.06175090 0.07853319 0.08212402 0.08212402 0.08212402 
0.10026192 0.17583577 0.13083405 0.21123955 0.00000000 0.12419904 0.16671392 0.07284058 0.12872559 0.05695170 0.07007382 0.11356602 0.22640013 0.20567277 0.14289224 0.27014389 0.07556168 0.17353386 0.17393297 0.03539023 0.13137789 0.08173278 0.05855818 0.06066820 0.06176718 0.06975264 0.11383385 0.08561626 0.07731427 0.09946659 0.08067323 0.05001264 0.08873281 0.08932465 0.09678375 0.12244453 0.09985299 0.06383911 0.06905945 0.10118487 0.09450003 0.08012737 0.08978828 0.11348334 0.12246443 0.09707259 0.04403187 0.15359061 0.13047161 0.17815679 0.05330754 0.09035592 0.06847041 0.12915138 0.06159110 0.07140296 0.16936538 0.09175915 0.02439511 0.08120462 0.12559725 0.10057302 0.04225482 0.09023855 0.05993922 0.04111283 0.11518658 0.06340808 0.09316644 0.06614044 0.09046325 0.12629813 0.11920030 0.15863157 0.10977269 0.06850712 0.10434480 0.06959791 0.08001832 0.10656735 0.08451089 0.10294942 0.16177396 0.12648812 0.07622748 0.07092493 0.15000504 0.09445272 0.06120008 0.10667779 0.08844349 0.08673202 0.08673202 0.08673202 
0.12110889 0.15180975 0.11227454 0.17223102 0.12419904 0.00000000 0.12834823 0.20300202 0.20101661 0.07701570 0.09649606 0.07974127 0.10368481 0.09506738 0.09219613 0.10858087 0.12661663 0.09976796 0.07387193 0.12010602 0.06927510 0.10037424 0.08704460 0.09742231 0.09037919 0.11760160 0.14238836 0.09401211 0.08473901 0.09763138 0.15960159 0.08832139 0.08388942 0.10116138 0.07234418 0.10696998 0.08970492 0.10390896 0.08823293 0.07362197 0.11378121 0.10731312 0.10114712 0.09748081 0.11542953 0.09221371 0.08810273 0.07212167 0.11305366 0.08923402 0.09957600 0.08246701 0.09342286 0.10168384 0.08220048 0.08580223 0.08628060 0.10205953 0.09067665 0.10248055 0.08245098 0.10256575 0.10085411 0.12675781 0.08874882 0.12276144 0.07463047 0.07667111 0.09290710 0.08531761 0.08028443 0.07747996 0.09084529 0.08283348 0.09340192 0.08777831 0.08532129 0.08932334 0.07838325 0.08891262 0.09126495 0.09663369 0.08547580 0.07353692 0.08096017 0.07433409 0.09812410 0.10183521 0.09197845 0.09229074 0.09399973 0.10597217 0.10597217 0.10597217 
0.06953684 0.16602237 0.11838476 0.10771709 0.16671392 0.12834823 0.00000000 0.10603698 0.13973275 0.15128998 0.13367321 0.23043208 0.10991134 0.23855836 0.07086269 0.11225365 0.10950002 0.08581421 0.07613907 0.03744368 0.10285043 0.08124819 0.03622473 0.07579492 0.09292847 0.08620363 0.09302386 0.08777170 0.06142710 0.05865963 0.10318491 0.12903674 0.14532140 0.09913691 0.09117321 0.08692284 0.07891686 0.13257990 0.14926441 0.09693384 0.09680368 0.08414738 0.10782897 0.07524863 0.12865543 0.11057371 0.10702024 0.13171786 0.11106862 0.08892481 0.08000257 0.13880761 0.10967785 0.11874751 0.13171498 0.06985173 0.12689711 0.07248668 0.17885575 0.02885328 0.17343462 0.07500666 0.08173968 0.14713175 0.09725172 0.05498904 0.15985121 0.08581258 0.11702869 0.02259828 0.12741612 0.10660832 0.09290882 0.12919294 0.16037648 0.09913872 0.11296866 0.06199648 0.12612390 0.03829809 0.14460144 0.07475134 0.05486142 0.09880959 0.08958477 0.06838394 0.06691557 0.08267561 0.04092583 0.06720412 0.10268143 0.07133861 0.07133861 0.07133861 
0.18124645 0.09113392 0.06628504 0.15139963 0.07284058 0.20300202 0.10603698 0.00000000 0.22911481 0.11298951 0.19045247 0.08008270 0.04462408 0.14407493 0.10961660 0.04388530 0.10229477 0.08826238 0.04589805 0.09835538 0.07633668 0.08326411 0.07280441 0.13145339 0.09219432 0.09278881 0.14109010 0.07001281 0.09142012 0.09907152 0.04843366 0.08047375 0.06533640 0.07922567 0.07056956 0.09066372 0.11373127 0.06500443 0.06858126 0.07133520 0.10862322 0.08903834 0.07571037 0.08811960 0.08942800 0.10321617 0.17333998 0.10949745 0.03290716 0.14610664 0.08562454 0.21683453 0.08261475 0.07991392 0.07759387 0.08104654 0.04487958 0.13788788 0.08473378 0.04989048 0.12199336 0.09780007 0.07646410 0.12537438 0.09425526 0.15266317 0.09730284 0.05255247 0.06992863 0.08262562 0.08061710 0.07253327 0.10507505 0.07422904 0.03101896 0.11412665 0.04928338 0.05651944 0.08959917 0.04248567 0.07115373 0.12117979 0.16671303 0.09990838 0.11245821 0.17320285 0.10801884 0.15963534 0.15689258 0.15924969 0.16992376 0.10932959 0.10932959 0.10932959 
0.10541304 0.11624503 0.11346115 0.07249595 0.12872559 0.20101661 0.13973275 0.22911481 0.00000000 0.11982078 0.05438942 0.11241324 0.04408998 0.09471674 0.07314942 0.06453621 0.07299424 0.09869614 0.09480606 0.09429811 0.07866631 0.06812531 0.09129274 0.04235998 0.05885437 0.05526088 0.12724344 0.08180852 0.12144513 0.10570252 0.18884399 0.06250558 0.09752128 0.07663069 0.11149680 0.06094614 0.07916338 0.05762546 0.10073190 0.07123409 0.09926295 0.08312963 0.06503939 0.15451366 0.07975258 0.09499962 0.10164068 0.04578195 0.07145490 0.08173481 0.03877555 0.10601919 0.05738929 0.12089734 0.15677960 0.12005834 0.10357186 0.08317248 0.05900476 0.08294936 0.17352653 0.26422960 0.05728422 0.10908595 0.12432634 0.19607417 0.14165137 0.08930492 0.12354941 0.07061677 0.06681437 0.09525114 0.01169672 0.06434894 0.09138624 0.08902788 0.14433837 0.13350092 0.17716416 0.12759321 0.18047223 0.10001932 0.12025842 0.12069555 0.07506610 0.15156247 0.11314049 0.10419075 0.11453033 0.08226559 0.06988051 0.10404221 0.10404221 0.10404221 
0.10415385 0.08661311 0.08073470 0.11396255 0.05695170 0.07701570 0.15128998 0.11298951 0.11982078 0.00000000 0.27254192 0.05900016 0.11383935 0.05081692 0.20457183 0.08358641 0.09215805 0.09459011 0.10252916 0.09460457 0.06410175 0.11893011 0.05130209 0.05589354 0.09691222 0.08875379 0.09542639 0.05348655 0.11749495 0.12470058 0.06798745 0.09469331 0.01850315 0.11168575 0.05380142 0.12070656 0.09968635 0.06742162 0.11297941 0.17319826 0.09738953 0.11351459 0.13858155 0.09494482 0.09179873 0.14884694 0.17417284 0.15762466 0.03845020 0.09635200 0.05380387 0.28252626 0.15568269 0.05552447 0.18337707 0.14959024 0.18340414 0.13817612 0.21489031 0.05493380 0.12647179 0.06931751 0.06605961 0.10511275 0.16678832 0.14465535 0.06343076 0.06040955 0.08427213 0.06938558 0.11457158 0.08638418 0.10104689 0.09188263 0.07694733 0.08946518 0.10529005 0.07983032 0.08065796 0.09984220 0.05545223 0.09607701 0.06250652 0.05328088 0.08375813 0.09388400 0.05636855 0.11415173 0.09167284 0.09070823 0.10044307 0.07661585 0.07661585 0.07661585 
0.04406247 0.05271209 0.02362502 0.07815342 0.07007382 0.09649606 0.13367321 0.19045247 0.05438942 0.27254192 0.00000000 0.11686298 0.08068570 0.06274499 0.18423118 0.08222165 0.10718315 0.08906788 0.06291656 0.06371445 0.03625094 0.08287143 0.15652302 0.07936836 0.02519551 0.02547356 0.07836599 0.07231592 0.09423205 0.16040251 0.07755833 0.04395425 0.18735063 0.07484422 0.09433133 0.10602710 0.07386686 0.03474107 0.10632245 0.07173492 0.10175608 0.12633242 0.07536445 0.07767349 0.07414152 0.08475429 0.40214245 0.15494040 0.10314195 0.10053514 0.08511549 0.43243267 0.13912830 0.10089849 0.07750301 0.10909813 0.13574950 0.07006174 0.06269521 0.08903821 0.18445274 0.05371481 0.07628683 0.06654316 0.15001902 0.08194935 0.07904908 0.10344713 0.04103142 0.09713427 0.05359321 0.04675110 0.05876798 0.10292213 0.09369243 0.06072452 0.12366122 0.04320562 0.05397949 0.10513084 0.15349773 0.12434152 0.04884529 0.09196851 0.07931209 0.12518854 0.10074949 0.16140528 0.12323182 0.14669244 0.13496600 0.09342349 0.09342349 0.09342349 
0.13894729 0.11287124 0.15720139 0.12068903 0.11356602 0.07974127 0.23043208 0.08008270 0.11241324 0.05900016 0.11686298 0.00000000 0.14868127 0.13057297 0.11851810 0.06745651 0.10721753 0.09642701 0.04197064 0.04748482 0.08056255 0.08654330 0.05351017 0.09850794 0.13544066 0.14518570 0.08012462 0.13873447 0.07681455 0.09695312 0.02547044 0.15406191 0.18790712 0.08727621 0.09039841 0.11111334 0.07186349 0.15801795 0.18584492 0.16181555 0.09165422 0.07498898 0.08852620 0.09757572 0.07065993 0.05177351 0.07731029 0.11589316 0.05216659 0.06794242 0.07295018 0.13469279 0.11174920 0.06235874 0.12511258 0.08241104 0.09414631 0.15009910 0.18265023 0.12087326 0.07869386 0.03395329 0.07444503 0.07896715 0.17744175 0.07416548 0.09515547 0.09199702 0.10299696 0.06380734 0.08359672 0.12511374 0.11718351 0.09858118 0.08743097 0.17307707 0.08806150 0.10271376 0.10189420 0.11393118 0.13304999 0.09522187 0.13011646 0.07937075 0.12318357 0.07384488 0.07121207 0.09334821 0.06739037 0.08031859 0.11907994 0.09770378 0.09770378 0.09770378 
0.12439411 0.18060229 0.11683959 0.18576393 0.22640013 0.10368481 0.10991134 0.04462408 0.04408998 0.11383935 0.08068570 0.14868127 0.00000000 0.16141311 0.18880438 0.16949209 0.19149041 0.10903222 0.11899880 0.14126484 0.09770202 0.11537295 0.15102872 0.09017315 0.08889711 0.12985317 0.08623194 0.13905662 0.09189892 0.18033661 0.05100042 0.10702920 0.09655147 0.11980212 0.08544630 0.10983927 0.17305927 0.10715445 0.09863615 0.15474982 0.10535966 0.07016124 0.10011429 0.08221647 0.15472536 0.10471243 0.03738760 0.09885676 0.10457475 0.08721636 0.07231201 0.08674691 0.11590387 0.10390293 0.07505765 0.15421937 0.10628913 0.11502844 0.08680567 0.10918891 0.03354118 0.11738965 0.07749479 0.06593716 0.04656312 0.03807850 0.09151225 0.09431713 0.13174048 0.15028391 0.06579052 0.15973150 0.11182166 0.07070691 0.05143337 0.08663665 0.12116774 0.12898989 0.09874432 0.06610859 0.10320232 0.02436746 0.09481265 0.06355111 0.07014498 0.06215775 0.05337594 0.05867726 0.04866755 0.04464053 0.05371682 0.07459989 0.07459989 0.07459989 
0.07686391 0.15968089 0.13591390 0.15731688 0.20567277 0.09506738 0.23855836 0.14407493 0.09471674 0.05081692 0.06274499 0.13057297 0.16141311 0.00000000 0.19655491 0.11621060 0.13978015 0.10074289 0.10340231 0.07225131 0.19941267 0.10563192 0.03938185 0.12185295 0.10450178 0.12799299 0.06403034 0.12382529 0.08445200 0.18253080 0.12792503 0.06141308 0.14464175 0.10260200 0.10289490 0.13323897 0.08964647 0.08745859 0.15215968 0.11535624 0.09425938 0.09493930 0.12147829 0.14286356 0.09786282 0.05682515 0.17839115 0.07588134 0.08898927 0.12280293 0.06717177 0.04557839 0.07984271 0.04672106 0.06953432 0.11802494 0.06998810 0.06689280 0.07703800 0.05603590 0.07871495 0.10455158 0.10981788 0.16580091 0.08367387 0.06633702 0.13156785 0.11137801 0.13591404 0.14472925 0.09168115 0.09454612 0.06600236 0.10041840 0.07961020 0.06082117 0.10883687 0.18173032 0.03021265 0.02279565 0.08819197 0.07734713 0.05679047 0.08442879 0.10169449 0.08308400 0.08494440 0.08119392 0.04704293 0.08021665 0.06745694 0.10133747 0.10133747 0.10133747 
0.04486639 0.07065229 0.11608100 0.13068289 0.14289224 0.09219613 0.07086269 0.10961660 0.07314942 0.20457183 0.18423118 0.11851810 0.18880438 0.19655491 0.00000000 0.06862132 0.10631361 0.08493973 0.16749598 0.14628680 0.09985330 0.07062413 0.09179608 0.05516631 0.08214549 0.04214356 0.10466596 0.11330843 0.07544368 0.08771397 0.08810218 0.12481896 0.12573062 0.10105741 0.05718244 0.11716503 0.08814088 0.12638906 0.11918889 0.06348515 0.09184258 0.13226221 0.09834344 0.07097272 0.11626781 0.08098912 0.23071759 0.06217755 0.11033738 0.13704595 0.05058622 0.21810069 0.11941562 0.11759898 0.10486444 0.09549465 0.05945358 0.08832103 0.07489393 0.11561693 0.12333822 0.09384884 0.14706723 0.08711411 0.07078555 0.12257384 0.07889145 0.09075313 0.07652250 0.12075052 0.15312190 0.10098481 0.10023342 0.07127339 0.08729594 0.08164602 0.08536239 0.09640945 0.08887164 0.13016554 0.09500907 0.14310002 0.10259862 0.09621769 0.06465663 0.07747980 0.06081067 0.09342929 0.10273859 0.09780516 0.09358738 0.09073355 0.09073355 0.09073355 
0.08731146 0.17568461 0.15589155 0.13614038 0.27014389 0.10858087 0.11225365 0.04388530 0.06453621 0.08358641 0.08222165 0.06745651 0.16949209 0.11621060 0.06862132 0.00000000 0.14197611 0.09813592 0.28644623 0.13421952 0.06843904 0.11565965 0.07477292 0.11560663 0.06561667 0.07484952 0.11833243 0.10626550 0.06997729 0.10295444 0.09712899 0.13311524 0.14576940 0.10176592 0.10026183 0.09400106 0.14728467 0.10753313 0.05264279 0.08162758 0.10391347 0.07657953 0.13054099 0.11101095 0.12485168 0.11827152 0.04593371 0.06972522 0.17810977 0.10369030 0.17285068 0.08265132 0.09772046 0.09751110 0.12093372 0.12105208 0.13006253 0.07026789 0.07831075 0.10233756 0.08762261 0.05832714 0.04359091 0.07504920 0.07629205 0.10790805 0.15040634 0.10201634 0.04085756 0.12705220 0.12201970 0.09101457 0.07104150 0.10598348 0.08746169 0.07632966 0.10160954 0.11359991 0.05259059 0.15019382 0.07858491 0.07383314 0.08075797 0.08361961 0.09305227 0.07189335 0.13223788 0.06305166 0.04688726 0.03701272 0.05910595 0.10850058 0.10850058 0.10850058 
0.11280462 0.11953007 0.09334396 0.19894545 0.07556168 0.12661663 0.10950002 0.10229477 0.07299424 0.09215805 0.10718315 0.10721753 0.19149041 0.13978015 0.10631361 0.14197611 0.00000000 0.15041535 0.15418050 0.16170716 0.12183479 0.13652308 0.14280146 0.16777912 0.08626498 0.12976980 0.14224608 0.11584681 0.05112557 0.10183933 0.06496506 0.06775393 0.09656967 0.16695168 0.08191111 0.15684672 0.24750530 0.19269488 0.10398636 0.14685776 0.11838663 0.08997793 0.20456501 0.09779799 0.23460000 0.08223743 0.07495088 0.06424073 0.07249749 0.06085334 0.04941620 0.06073899 0.05774599 0.10258887 0.11473833 0.15272176 0.06829666 0.09616939 0.05183259 0.07542705 0.06674348 0.08649870 0.09058100 0.06186571 0.03506993 0.09913932 0.09140680 0.09858299 0.09470385 0.06603592 0.05980716 0.07991213 0.07040407 0.07658583 0.06915831 0.06808166 0.11039700 0.11861749 0.05449386 0.08780792 0.08528316 0.05177871 0.08242464 0.03004324 0.06890291 0.02961460 0.05229830 0.07983797 0.04927262 0.05715635 0.06918740 0.09490339 0.09490339 0.09490339 
0.11925265 0.21656345 0.17215145 0.15395742 0.17353386 0.09976796 0.08581421 0.08826238 0.09869614 0.09459011 0.08906788 0.09642701 0.10903222 0.10074289 0.08493973 0.09813592 0.15041535 0.00000000 0.10503334 0.11947269 0.06796232 0.08047992 0.19797477 0.10482218 0.10486546 0.07901249 0.07443305 0.08556978 0.07904297 0.10511462 0.09592227 0.08411214 0.13592473 0.11942230 0.11183916 0.09600817 0.13309319 0.13210565 0.08424203 0.13823155 0.10314467 0.07751838 0.08108277 0.13773537 0.13530847 0.06795684 0.09162712 0.08111962 0.10662604 0.07274327 0.12152461 0.05876424 0.03452634 0.12660397 0.11232496 0.08380511 0.06246575 0.15295270 0.05896842 0.07220066 0.07047384 0.10127544 0.12108667 0.06852745 0.08819095 0.10344518 0.08827868 0.07530961 0.12337657 0.07959114 0.05703055 0.05732499 0.12073282 0.12734613 0.12942193 0.06254182 0.11395468 0.16127895 0.08251738 0.06369688 0.06785514 0.17910084 0.08539826 0.10134232 0.12038217 0.09428550 0.07983383 0.09180954 0.14325150 0.09613929 0.07162792 0.09830566 0.09830566 0.09830566 
0.03023034 0.07930792 0.18188685 0.16594494 0.17393297 0.07387193 0.07613907 0.04589805 0.09480606 0.10252916 0.06291656 0.04197064 0.11899880 0.10340231 0.16749598 0.28644623 0.15418050 0.10503334 0.00000000 0.08598052 0.11246586 0.11621947 0.07829439 0.09816359 0.10192933 0.14801421 0.12302546 0.07853512 0.11147858 0.13073853 0.02804105 0.06985484 0.05073096 0.15184329 0.10906699 0.07150420 0.16208852 0.10111842 0.09541339 0.12598598 0.10277634 0.09351787 0.12704161 0.10210188 0.11505862 0.05776826 0.05872547 0.06566782 0.16248291 0.11626029 0.14961288 0.09265288 0.03096491 0.13784453 0.13557808 0.20737157 0.08254509 0.07438842 0.05817049 0.07235548 0.10086151 0.10290523 0.10037341 0.13239236 0.08095340 0.10936904 0.10345928 0.11222020 0.08781700 0.09348084 0.05173849 0.11311769 0.08065246 0.09790409 0.10169687 0.08828593 0.08853121 0.07166652 0.08051940 0.14244884 0.13027642 0.08643571 0.11662507 0.10766387 0.09941903 0.10174218 0.07306008 0.05345631 0.10528708 0.08085011 0.07862856 0.08714367 0.08714367 0.08714367 
0.08804441 0.08992385 0.08165224 0.11393969 0.03539023 0.12010602 0.03744368 0.09835538 0.09429811 0.09460457 0.06371445 0.04748482 0.14126484 0.07225131 0.14628680 0.13421952 0.16170716 0.11947269 0.08598052 0.00000000 0.08287945 0.12447017 0.03411311 0.12647644 0.06677803 0.08115799 0.10404562 0.13558700 0.15014137 0.15705723 0.05612784 0.09406592 0.11481713 0.12436279 0.10695267 0.05342249 0.08306774 0.09085055 0.12203928 0.05564666 0.11927164 0.10011199 0.09630622 0.09780445 0.08834159 0.19067240 0.14063352 0.09497222 0.11752451 0.10129901 0.08124358 0.09318357 0.12819262 0.13169708 0.09960118 0.17385880 0.13762636 0.07327951 0.13174144 0.12104979 0.12234125 0.09674053 0.06233257 0.04798801 0.04040204 0.10328338 0.08758238 0.07123286 0.06777892 0.09568868 0.13137229 0.10445045 0.10089454 0.04622286 0.08548384 0.14584308 0.08752765 0.12281045 0.11327208 0.09725068 0.07257322 0.04463786 0.10780482 0.09126068 0.10620687 0.08758195 0.07851837 0.09453863 0.16429692 0.11759243 0.08856369 0.11089966 0.11089966 0.11089966 
0.07611982 0.06269430 0.17311463 0.06703021 0.13137789 0.06927510 0.10285043 0.07633668 0.07866631 0.06410175 0.03625094 0.08056255 0.09770202 0.19941267 0.09985330 0.06843904 0.12183479 0.06796232 0.11246586 0.08287945 0.00000000 0.11212897 0.14562406 0.10651706 0.09729985 0.16130645 0.10453314 0.08341716 0.09326667 0.08834038 0.08570859 0.10693822 0.12207752 0.11694326 0.12081057 0.10266697 0.07164970 0.07231048 0.12936988 0.10305852 0.10273256 0.14045494 0.14985358 0.08739428 0.08242730 0.08584960 0.10796491 0.09767850 0.13733879 0.13592369 0.09950378 0.06858021 0.07044788 0.13049625 0.13112092 0.07373375 0.10240924 0.09478876 0.12287892 0.11717672 0.05179072 0.12931978 0.05579775 0.08995972 0.08356855 0.09655092 0.11346321 0.15296994 0.08925892 0.07816905 0.09203147 0.12104249 0.09123913 0.17735004 0.08708057 0.07262638 0.09486478 0.17468892 0.12157197 0.10594907 0.11955605 0.11312636 0.13062202 0.09681286 0.09122563 0.09320868 0.09303673 0.08415147 0.08179252 0.10717109 0.06202525 0.10568201 0.10568201 0.10568201 
0.07510587 0.12191469 0.07778121 0.12640879 0.08173278 0.10037424 0.08124819 0.08326411 0.06812531 0.11893011 0.08287143 0.08654330 0.11537295 0.10563192 0.07062413 0.11565965 0.13652308 0.08047992 0.11621947 0.12447017 0.11212897 0.00000000 0.10494901 0.18766248 0.07696364 0.11354566 0.11301348 0.13306301 0.11845183 0.09986689 0.06529748 0.08805174 0.09366224 0.20163802 0.06886123 0.11800411 0.13327841 0.12044266 0.12985570 0.11425850 0.11732051 0.10790366 0.16147912 0.09411402 0.10167037 0.07497741 0.06518086 0.07425495 0.10745569 0.07154857 0.10765295 0.06524708 0.11315924 0.10881734 0.09669345 0.12630880 0.07993085 0.11377707 0.06071710 0.08448307 0.07142580 0.10507513 0.09538948 0.09242821 0.05953354 0.10670143 0.06198163 0.06957281 0.11164726 0.10355807 0.11684865 0.09368971 0.09485817 0.09206159 0.12427705 0.09694105 0.11160430 0.13983695 0.08135701 0.08884944 0.08502219 0.08743959 0.07807771 0.09409092 0.11390836 0.05422342 0.07517153 0.08777480 0.08249328 0.08911058 0.09299490 0.10366095 0.10366095 0.10366095 
0.09746334 0.13581682 0.11658222 0.06517122 0.05855818 0.08704460 0.03622473 0.07280441 0.09129274 0.05130209 0.15652302 0.05351017 0.15102872 0.03938185 0.09179608 0.07477292 0.14280146 0.19797477 0.07829439 0.03411311 0.14562406 0.10494901 0.00000000 0.12709349 0.13364934 0.08750360 0.04787227 0.08918962 0.14649221 0.18302060 0.02858067 0.14115501 0.06646642 0.09490194 0.10305790 0.10705201 0.14336076 0.10803532 0.06837051 0.12332726 0.10742945 0.12497706 0.07729136 0.11692996 0.12983624 0.12731274 0.12342003 0.09816779 0.06679552 0.13489524 0.12738803 0.11713192 0.02057838 0.09630048 0.12052022 0.12485507 0.09541684 0.27897665 0.11635054 0.10148076 0.11744018 0.09754978 0.08224995 0.05946371 0.08823478 0.10960624 0.11376104 0.12347510 0.13374628 0.06764002 0.03134254 0.08153792 0.11603822 0.18534410 0.09029842 0.11991485 0.11095599 0.16497016 0.11364768 0.05914369 0.09176154 0.03553181 0.09138932 0.13127703 0.09910936 0.08039261 0.07304630 0.07430686 0.08101374 0.06160610 0.06086659 0.09522612 0.09522612 0.09522612 
0.11437549 0.10462478 0.11885845 0.13813805 0.06066820 0.09742231 0.07579492 0.13145339 0.04235998 0.05589354 0.07936836 0.09850794 0.09017315 0.12185295 0.05516631 0.11560663 0.16777912 0.10482218 0.09816359 0.12647644 0.10651706 0.18766248 0.12709349 0.00000000 0.16211603 0.11547793 0.13963205 0.11243126 0.10073990 0.09241104 0.08578107 0.14279203 0.07827957 0.16511113 0.09075404 0.12502986 0.10748198 0.22135885 0.11172603 0.15746682 0.11569385 0.08582223 0.15005809 0.13758883 0.07891647 0.08933385 0.07349123 0.10117797 0.07593699 0.08699850 0.07604145 0.08735183 0.10280620 0.10492811 0.08339004 0.12772641 0.05828011 0.04469129 0.09531200 0.07560352 0.09958661 0.06515878 0.07573257 0.06900395 0.08624398 0.06121918 0.05346968 0.10641729 0.10597070 0.12696138 0.13606051 0.07013186 0.10045475 0.07503033 0.05535419 0.11643405 0.09685819 0.10684675 0.07987851 0.09902178 0.08816906 0.07907759 0.08171607 0.09919820 0.13221980 0.10087737 0.09026189 0.09897494 0.08540675 0.10860901 0.07125757 0.09538927 0.09538927 0.09538927 
0.12016508 0.13604075 0.08920733 0.08108629 0.06176718 0.09037919 0.09292847 0.09219432 0.05885437 0.09691222 0.02519551 0.13544066 0.08889711 0.10450178 0.08214549 0.06561667 0.08626498 0.10486546 0.10192933 0.06677803 0.09729985 0.07696364 0.13364934 0.16211603 0.00000000 0.16065031 0.13440766 0.11188733 0.14420732 0.13790374 0.21336909 0.10120309 0.12688201 0.08646964 0.04129791 0.09101649 0.13750963 0.10534034 0.12645141 0.16748547 0.09890474 0.06848151 0.06905166 0.12623565 0.12941911 0.09356502 0.14826592 0.07710344 0.09241898 0.05425362 0.01628839 0.07097559 0.11713309 0.10040992 0.10098155 0.08299344 0.10071113 0.09478720 0.12083391 0.09657835 0.05766379 0.07150528 0.13293652 0.15144642 0.13239457 0.15395901 0.11817281 0.21152776 0.14233439 0.12650404 0.07708234 0.11498267 0.09856179 0.05631340 0.13150118 0.12031511 0.09966230 0.11974476 0.08983311 0.08301826 0.07144408 0.13053738 0.01178642 0.08228500 0.09381682 0.05604480 0.10717290 0.07834161 0.12847289 0.11244844 0.06884897 0.09795916 0.09795916 0.09795916 
0.06734625 0.11293620 0.11273132 0.10159967 0.06975264 0.11760160 0.08620363 0.09278881 0.05526088 0.08875379 0.02547356 0.14518570 0.12985317 0.12799299 0.04214356 0.07484952 0.12976980 0.07901249 0.14801421 0.08115799 0.16130645 0.11354566 0.08750360 0.11547793 0.16065031 0.00000000 0.38887351 0.18987931 0.18384098 0.17596123 0.09231783 0.30519500 0.10529058 0.11430181 0.07124273 0.09368495 0.10157069 0.16778368 0.12140981 0.14908789 0.09295097 0.10382173 0.13204882 0.12077566 0.10114387 0.05606115 0.06116735 0.07605691 0.01901041 0.11252288 0.06876732 0.08595803 0.04086461 0.07598573 0.10157125 0.07481423 0.09603996 0.12218253 0.15776016 0.09500333 0.08286897 0.09498496 0.11904137 0.11455828 0.10046448 0.05809118 0.06502971 0.14427525 0.12057775 0.13165549 0.03682293 0.09064625 0.13103174 0.06390932 0.08436995 0.07504766 0.06078832 0.04387388 0.07732963 0.08906215 0.03447998 0.09636645 0.10909862 0.07674249 0.13452583 0.08857372 0.07357918 0.09452179 0.07620967 0.08587438 0.07724614 0.08360259 0.08360259 0.08360259 
0.12317817 0.08767551 0.05619548 0.12925653 0.11383385 0.14238836 0.09302386 0.14109010 0.12724344 0.09542639 0.07836599 0.08012462 0.08623194 0.06403034 0.10466596 0.11833243 0.14224608 0.07443305 0.12302546 0.10404562 0.10453314 0.11301348 0.04787227 0.13963205 0.13440766 0.38887351 0.00000000 0.21706516 0.18577841 0.12622559 0.10287786 0.27040732 0.07789001 0.12432319 0.07927818 0.09092617 0.11519429 0.18946944 0.07653486 0.09525257 0.09468678 0.11381694 0.15871138 0.05348959 0.10466917 0.03078252 0.05716719 0.13044133 0.11030915 0.07303492 0.05364997 0.09398934 0.09650245 0.06011222 0.06757414 0.11223989 0.06359695 0.10752580 0.08425127 0.07235463 0.10315693 0.09834905 0.10944063 0.08818666 0.05923603 0.08424149 0.07514043 0.08331864 0.10902854 0.13399515 0.09173568 0.11888689 0.12104782 0.06411419 0.07775601 0.10203755 0.10918929 0.08651846 0.06508539 0.06240439 0.12235526 0.05472475 0.12090343 0.08080136 0.06602883 0.08240849 0.10050928 0.05885111 0.06514935 0.08839865 0.07549101 0.09159620 0.09159620 0.09159620 
0.15604496 0.12645916 0.09728468 0.11172544 0.08561626 0.09401211 0.08777170 0.07001281 0.08180852 0.05348655 0.07231592 0.13873447 0.13905662 0.12382529 0.11330843 0.10626550 0.11584681 0.08556978 0.07853512 0.13558700 0.08341716 0.13306301 0.08918962 0.11243126 0.11188733 0.18987931 0.21706516 0.00000000 0.17661382 0.11754714 0.13531265 0.12302859 0.09977905 0.11767479 0.09762410 0.10285877 0.08706332 0.15516748 0.16565573 0.04465196 0.10582857 0.07949547 0.11586413 0.12867807 0.12109193 0.10539805 0.05644648 0.12516629 0.07731966 0.05510419 0.11263733 0.05350406 0.09564732 0.12703467 0.07193739 0.11750326 0.05239035 0.09761145 0.08340013 0.09550646 0.06042170 0.06767942 0.07821134 0.14155386 0.03656175 0.07689072 0.07886980 0.12072709 0.12073018 0.06274081 0.06468222 0.20605802 0.12193631 0.08639012 0.08060565 0.07360365 0.09014227 0.19257217 0.09724406 0.05244570 0.06719051 0.06788247 0.12439479 0.09403758 0.12130918 0.07453341 0.08504109 0.07048330 0.06743364 0.07851167 0.10278026 0.10944899 0.10944899 0.10944899 
0.09442894 0.06296039 0.06457423 0.05951364 0.07731427 0.08473901 0.06142710 0.09142012 0.12144513 0.11749495 0.09423205 0.07681455 0.09189892 0.08445200 0.07544368 0.06997729 0.05112557 0.07904297 0.11147858 0.15014137 0.09326667 0.11845183 0.14649221 0.10073990 0.14420732 0.18384098 0.18577841 0.17661382 0.00000000 0.17759125 0.13223070 0.12041060 0.08196164 0.15146605 0.06109690 0.05467916 0.05078798 0.07405902 0.10500177 0.05420851 0.09498706 0.11938071 0.10670163 0.05435710 0.08309846 0.14567362 0.12782540 0.07358338 0.08619001 0.13589881 0.14132147 0.13641220 0.09699409 0.18168996 0.10073243 0.07709026 0.07586753 0.09797766 0.13785664 0.14221388 0.06481931 0.07609875 0.09363021 0.13407747 0.08413746 0.07554521 0.11186485 0.05465013 0.09633440 0.10606872 0.13694236 0.10143235 0.08152680 0.07168631 0.07872018 0.07699776 0.10997052 0.05892275 0.07054142 0.17349583 0.13950654 0.10360357 0.14816830 0.11580459 0.09840369 0.09770966 0.11671490 0.07136868 0.12646830 0.08955596 0.09424008 0.09078381 0.09078381 0.09078381 
0.09591640 0.14683360 0.10253327 0.06524907 0.09946659 0.09763138 0.05865963 0.09907152 0.10570252 0.12470058 0.16040251 0.09695312 0.18033661 0.18253080 0.08771397 0.10295444 0.10183933 0.10511462 0.13073853 0.15705723 0.08834038 0.09986689 0.18302060 0.09241104 0.13790374 0.17596123 0.12622559 0.11754714 0.17759125 0.00000000 0.05308594 0.19077876 0.11771934 0.10466288 0.11481923 0.07073488 0.14219685 0.07943854 0.12658891 0.07057509 0.09207783 0.10788889 0.13686542 0.07462327 0.08536653 0.09009650 0.09617815 0.08694911 0.05063365 0.13417647 0.12345430 0.08500329 0.11164862 0.08530415 0.05684778 0.10499705 0.11340575 0.09914160 0.12813152 0.08919492 0.06887560 0.05831602 0.11241425 0.05419576 0.14222341 0.04459902 0.06727231 0.11414768 0.14796744 0.10512311 0.07868705 0.11309681 0.06441593 0.05599076 0.12012123 0.12431578 0.05066818 0.09944808 0.09552349 0.09032716 0.08976952 0.13404894 0.08812512 0.11702633 0.09666719 0.02947847 0.09111817 0.09659389 0.09962345 0.07330344 0.07021069 0.10130009 0.10130009 0.10130009 
0.08197346 0.06717961 0.04589598 0.09135168 0.08067323 0.15960159 0.10318491 0.04843366 0.18884399 0.06798745 0.07755833 0.02547044 0.05100042 0.12792503 0.08810218 0.09712899 0.06496506 0.09592227 0.02804105 0.05612784 0.08570859 0.06529748 0.02858067 0.08578107 0.21336909 0.09231783 0.10287786 0.13531265 0.13223070 0.05308594 0.00000000 0.11570762 0.09537500 0.07449696 0.12515180 0.09387519 0.08525121 0.13061391 0.10126311 0.05362325 0.10220616 0.11544903 0.05239125 0.07103915 0.11475875 0.06644133 0.10001828 0.03311076 0.09839024 0.11868058 0.15708931 0.05286007 0.12152237 0.15730598 0.07631985 0.07969084 0.13007526 0.05191509 0.17343374 0.11855148 0.07261417 0.10517707 0.14065585 0.07673503 0.06636868 0.17109431 0.16415706 0.21562831 0.09657826 0.14415266 0.13450713 0.21707458 0.11834858 0.09368697 0.10490526 0.11724663 0.13361664 0.10615201 0.13514414 0.22485781 0.11261329 0.07794695 0.12981544 0.09748395 0.10255430 0.09203718 0.11840751 0.08056628 0.07801317 0.08102630 0.06985671 0.09352583 0.09352583 0.09352583 
0.12602472 0.14813849 0.11029982 0.05378340 0.05001264 0.08832139 0.12903674 0.08047375 0.06250558 0.09469331 0.04395425 0.15406191 0.10702920 0.06141308 0.12481896 0.13311524 0.06775393 0.08411214 0.06985484 0.09406592 0.10693822 0.08805174 0.14115501 0.14279203 0.10120309 0.30519500 0.27040732 0.12302859 0.12041060 0.19077876 0.11570762 0.00000000 0.09268504 0.08956218 0.14393903 0.11989317 0.03837738 0.06844018 0.24819094 0.23840466 0.08189104 0.13783695 0.07060893 0.08216193 0.08927631 0.09261353 0.04184118 0.07502715 0.07024209 0.11832712 0.09176447 0.07569809 0.08621125 0.10590353 0.09607267 0.07597631 0.12232584 0.07037245 0.10787866 0.09963288 0.13592465 0.06673364 0.08645877 0.11717717 0.10402394 0.08810862 0.10602741 0.10213893 0.13109697 0.06920979 0.06284217 0.09345973 0.09993626 0.08964418 0.07151062 0.07570136 0.15580208 0.08340014 0.06412926 0.10332452 0.06616367 0.07820927 0.14322697 0.10715136 0.11166222 0.08562309 0.09901590 0.07352295 0.07797841 0.08263504 0.07449120 0.10777454 0.10777454 0.10777454 
0.07354366 0.09541249 0.06264964 0.10675162 0.08873281 0.08388942 0.14532140 0.06533640 0.09752128 0.01850315 0.18735063 0.18790712 0.09655147 0.14464175 0.12573062 0.14576940 0.09656967 0.13592473 0.05073096 0.11481713 0.12207752 0.09366224 0.06646642 0.07827957 0.12688201 0.10529058 0.07789001 0.09977905 0.08196164 0.11771934 0.09537500 0.09268504 0.00000000 0.08985732 0.13711157 0.11285361 0.13397007 0.11126022 0.10065257 0.04882525 0.09906755 0.07398761 0.09670045 0.09127616 0.12900843 0.12273195 0.10640858 0.08786709 0.10821805 0.13154478 0.06879990 0.11215843 0.11647498 0.05155901 0.10731933 0.09038175 0.10039306 0.06927774 0.05988477 0.08572598 0.08085445 0.12421458 0.07628718 0.05439876 0.10973257 0.08737594 0.06127309 0.10718673 0.09319126 0.15651616 0.09844779 0.15983883 0.04294215 0.17305202 0.17197444 0.16248732 0.14182821 0.16403768 0.10657032 0.10831752 0.11792408 0.08208072 0.15696578 0.07141221 0.09449046 0.06831553 0.10297271 0.08504978 0.08611328 0.08599001 0.08270794 0.09371614 0.09371614 0.09371614 
0.07515480 0.09843399 0.06242859 0.13497521 0.08932465 0.10116138 0.09913691 0.07922567 0.07663069 0.11168575 0.07484422 0.08727621 0.11980212 0.10260200 0.10105741 0.10176592 0.16695168 0.11942230 0.15184329 0.12436279 0.11694326 0.20163802 0.09490194 0.16511113 0.08646964 0.11430181 0.12432319 0.11767479 0.15146605 0.10466288 0.07449696 0.08956218 0.08985732 0.00000000 0.04515068 0.09122230 0.10735263 0.12765945 0.10834206 0.11536878 0.11797624 0.10575002 0.19364508 0.08906663 0.09885227 0.08560394 0.05652896 0.06840752 0.11489382 0.08450811 0.11871127 0.05478546 0.10763262 0.10083067 0.10306682 0.12129843 0.09446638 0.12740939 0.06456941 0.07566832 0.07134898 0.07872665 0.10032795 0.08450990 0.06818482 0.09427391 0.07677813 0.07744215 0.10817650 0.09808248 0.10692747 0.09292636 0.09547494 0.08869003 0.13493760 0.12192173 0.10438276 0.13136933 0.07466514 0.10303531 0.07591658 0.07863538 0.08593132 0.09262526 0.09988396 0.04040284 0.06539169 0.08131786 0.07517810 0.08309839 0.08829565 0.10187046 0.10187046 0.10187046 
0.13451110 0.11129559 0.13594734 0.09048697 0.09678375 0.07234418 0.09117321 0.07056956 0.11149680 0.05380142 0.09433133 0.09039841 0.08544630 0.10289490 0.05718244 0.10026183 0.08191111 0.11183916 0.10906699 0.10695267 0.12081057 0.06886123 0.10305790 0.09075404 0.04129791 0.07124273 0.07927818 0.09762410 0.06109690 0.11481923 0.12515180 0.14393903 0.13711157 0.04515068 0.00000000 0.11439997 0.11355624 0.11528124 0.09740573 0.10394205 0.08067680 0.11558054 0.06651369 0.13352800 0.09884240 0.16719648 0.11673311 0.13412246 0.11204767 0.17001728 0.09256563 0.09763544 0.11484158 0.10917913 0.13159246 0.06806283 0.07373710 0.05556698 0.13704364 0.14384118 0.08734160 0.03877431 0.11341219 0.05300686 0.08903844 0.06986551 0.06107976 0.08911384 0.08487257 0.11113096 0.13281264 0.11111389 0.09451285 0.12706537 0.09581935 0.09594372 0.15904079 0.08581923 0.11525054 0.17985661 0.23409856 0.16275575 0.07895729 0.10821481 0.17859835 0.15044056 0.12605406 0.11490333 0.04936503 0.06740517 0.08646452 0.08601049 0.08601049 0.08601049 
0.11264143 0.12280557 0.08974510 0.13123987 0.12244453 0.10696998 0.08692284 0.09066372 0.06094614 0.12070656 0.10602710 0.11111334 0.10983927 0.13323897 0.11716503 0.09400106 0.15684672 0.09600817 0.07150420 0.05342249 0.10266697 0.11800411 0.10705201 0.12502986 0.09101649 0.09368495 0.09092617 0.10285877 0.05467916 0.07073488 0.09387519 0.11989317 0.11285361 0.09122230 0.11439997 0.00000000 0.20574892 0.15392182 0.13506217 0.14512206 0.10762627 0.11388946 0.10736660 0.08121528 0.14619351 0.10842606 0.13496800 0.08730884 0.07681584 0.03094748 0.10589293 0.10745337 0.09855932 0.04818451 0.14918371 0.14108682 0.07419478 0.10379956 0.06676568 0.11769033 0.10344825 0.08427873 0.05865705 0.05400606 0.11913073 0.10626277 0.05551925 0.06958794 0.16096343 0.11815801 0.09337150 0.11024950 0.10101631 0.09037215 0.07191465 0.12726398 0.14471751 0.10309141 0.09596346 0.16179630 0.10645511 0.07285206 0.06138806 0.04556383 0.06294108 0.09360194 0.09986994 0.10917757 0.06902752 0.06580176 0.10447741 0.09939957 0.09939957 0.09939957 
0.07877368 0.17065517 0.10334374 0.11300517 0.09985299 0.08970492 0.07891686 0.11373127 0.07916338 0.09968635 0.07386686 0.07186349 0.17305927 0.08964647 0.08814088 0.14728467 0.24750530 0.13309319 0.16208852 0.08306774 0.07164970 0.13327841 0.14336076 0.10748198 0.13750963 0.10157069 0.11519429 0.08706332 0.05078798 0.14219685 0.08525121 0.03837738 0.13397007 0.10735263 0.11355624 0.20574892 0.00000000 0.17482878 0.09057120 0.12477500 0.11376234 0.08479642 0.12341448 0.07628780 0.21250227 0.19099497 0.07758507 0.06253446 0.08866030 0.08593631 0.07243168 0.07215198 0.09562020 0.05507963 0.06160145 0.18864950 0.05587509 0.10150602 0.09181907 0.07239611 0.10514574 0.19000147 0.10902341 0.10631990 0.13439809 0.08035896 0.03664374 0.09588760 0.11291668 0.10369585 0.10100087 0.11085464 0.15994804 0.06013949 0.09637531 0.10416607 0.07045194 0.10026093 0.08710123 0.08039291 0.06330311 0.04844614 0.04561735 0.04875748 0.05401555 0.05574394 0.05005096 0.07650816 0.06266663 0.05955500 0.07335893 0.09518630 0.09518630 0.09518630 
0.11820263 0.06874756 0.07249611 0.15542074 0.06383911 0.10390896 0.13257990 0.06500443 0.05762546 0.06742162 0.03474107 0.15801795 0.10715445 0.08745859 0.12638906 0.10753313 0.19269488 0.13210565 0.10111842 0.09085055 0.07231048 0.12044266 0.10803532 0.22135885 0.10534034 0.16778368 0.18946944 0.15516748 0.07405902 0.07943854 0.13061391 0.06844018 0.11126022 0.12765945 0.11528124 0.15392182 0.17482878 0.00000000 0.08130963 0.15419360 0.10826211 0.11646591 0.14914430 0.08997711 0.16502675 0.12155675 0.09688923 0.05842741 0.13391447 0.04820802 0.10028612 0.06923080 0.04786937 0.08810166 0.06465229 0.11511798 0.09099938 0.08580833 0.11240599 0.11458058 0.10231096 0.12133401 0.09450898 0.10585014 0.06034008 0.06767729 0.08764431 0.14379813 0.08107793 0.05535033 0.14743588 0.09248535 0.11744674 0.07676777 0.11814517 0.10127848 0.08841449 0.07271048 0.08181379 0.03163911 0.06018008 0.09553876 0.06512048 0.08734980 0.12059960 0.05985957 0.08220801 0.04922039 0.07098335 0.06816689 0.08830762 0.09612561 0.09612561 0.09612561 
