0.00000000 0.12309851 0.09508259 0.09822355 0.09973870 0.09492657 0.08327838 0.09642716 0.08363984 0.08568934 0.08511471 0.08845742 0.08808226 0.08334466 0.10773020 0.09179481 0.09101313 0.07605403 0.09857535 0.10220287 0.09704479 0.08308156 0.08989258 0.10137723 0.09031361 0.10082899 0.09434327 0.07981254 0.08679196 0.09974002 0.09376819 0.10048546 0.09110714 0.09612064 0.08140078 0.08683720 0.09063809 0.10067417 0.10296069 0.08115094 0.07999592 0.08642549 0.09831048 0.08251439 0.08566421 0.08945996 0.09259051 0.07979676 0.12188326 0.09129764 0.09166684 0.08521716 0.09264805 0.09978951 0.07854886 0.10604574 0.09521646 0.08417317 0.13845847 0.08452679 0.09995167 0.08497131 0.09387645 0.11656334 0.07545141 0.09480053 0.12238915 0.09967285 0.09664486 0.09336129 0.09106640 0.08735785 0.09703522 0.09108247 0.12910101 0.10057657 0.09072485 0.08737011 0.09357545 0.07882536 0.07163623 0.08688174 0.08284772 0.08672472 0.09476007 0.08367889 0.09010502 0.09666275 0.09417120 0.10243927 0.08551857 
0.12309851 0.00000000 0.23737638 0.12863326 0.10040469 0.09362283 0.09220116 0.11096521 0.13174540 0.08221630 0.06730245 0.06407993 0.06108305 0.07884096 0.05239751 0.12394153 0.08317647 0.03282378 0.09141547 0.07363822 0.08566781 0.14463635 0.06802874 0.07901985 0.07264094 0.13385895 0.11874733 0.07801240 0.09158138 0.08923747 0.07801545 0.11645203 0.06878317 0.09887815 0.09482526 0.12624477 0.06271379 0.09630418 0.05724044 0.10433956 0.09040064 0.09755177 0.07788031 0.10532155 0.05116150 0.08930306 0.09366900 0.11775543 0.08422306 0.07655804 0.07673788 0.10827516 0.04343341 0.07272415 0.11698881 0.05826775 0.07962467 0.07037347 0.05916139 0.09052974 0.07168340 0.09319622 0.10022224 0.12723281 0.07725615 0.08067401 0.07841807 0.08628368 0.09021503 0.07061042 0.10453003 0.09336659 0.07564224 0.10432391 0.09045965 0.09590508 0.07661130 0.07669260 0.09015668 0.08267587 0.02181832 0.09043711 0.07685971 0.09388549 0.10717885 0.16076218 0.19735708 0.11209311 0.15567047 0.22640449 0.15365370 
0.09508259 0.23737638 0.00000000 0.14254704 0.05424295 0.08917926 0.08810552 0.13354135 0.10039549 0.06260216 0.09827624 0.05470331 0.10703584 0.08271535 0.09943449 0.08362034 0.08646541 0.05379017 0.07555409 0.07168464 0.09970443 0.11253895 0.10447372 0.07509479 0.13543126 0.13870211 0.12404161 0.10198315 0.09595615 0.04541723 0.07222744 0.11750920 0.11203444 0.10021668 0.04662252 0.11132081 0.10451312 0.09450193 0.13052464 0.08264350 0.10965334 0.12025435 0.07905028 0.11259712 0.08076831 0.10467890 0.14074765 0.12437880 0.05951955 0.09246997 0.06783668 0.08031181 0.07818336 0.06193570 0.10041592 0.05257999 0.08567241 0.05884698 0.10533781 0.09812328 0.06686019 0.08069224 0.07747239 0.09414282 0.14605761 0.06974206 0.09300322 0.07137554 0.05338868 0.13072745 0.10008073 0.12448043 0.09180212 0.09519270 0.10063769 0.09629402 0.08847104 0.10030136 0.08202797 0.07067902 0.07470228 0.07246178 0.04783051 0.09546445 0.12904637 0.11372444 0.10353699 0.09959833 0.07794601 0.15645609 0.12045765 
0.09822355 0.12863326 0.14254704 0.00000000 0.13772517 0.20231103 0.16310940 0.08800503 0.09323071 0.10519416 0.15595758 0.08453975 0.09070633 0.10524650 0.07641910 0.09151464 0.08650836 0.09214270 0.08054304 0.08825942 0.11532966 0.06763734 0.09838589 0.08103793 0.09166325 0.08471833 0.04526088 0.15414124 0.10361260 0.09843900 0.06369594 0.13258449 0.09756266 0.06949180 0.11616096 0.05835683 0.09655266 0.09385558 0.07105107 0.11273299 0.10888112 0.07196679 0.10437912 0.10404765 0.07972460 0.08535574 0.10429869 0.07017811 0.12610346 0.07917325 0.09299957 0.12882934 0.08877625 0.09393780 0.11276926 0.07253109 0.08988393 0.08517141 0.06588358 0.10070838 0.10593488 0.08437838 0.07697137 0.10348634 0.09364430 0.09689273 0.08212032 0.09018409 0.07965565 0.12662221 0.14436908 0.07256098 0.05962234 0.06669219 0.09193351 0.10460821 0.10280690 0.10695453 0.09234809 0.12375377 0.15285443 0.10222328 0.13869016 0.06677898 0.03496421 0.05764655 0.06553553 0.06151880 0.04124401 0.03258159 0.05574295 
0.09973870 0.10040469 0.05424295 0.13772517 0.00000000 0.13422314 0.12111520 0.12356263 0.07928607 0.11162538 0.07823757 0.04663373 0.08733296 0.07127746 0.04912080 0.06132487 0.12595157 0.12196272 0.10357465 0.07707976 0.09738189 0.08709064 0.11102061 0.09599843 0.07638907 0.11697594 0.07869024 0.09211433 0.05830460 0.09026429 0.04388009 0.08056587 0.11755506 0.07635591 0.11928174 0.08026596 0.06923982 0.06337660 0.01585899 0.07015009 0.10384850 0.09166194 0.09193702 0.09213819 0.12845422 0.17583583 0.07841343 0.14314772 0.10577714 0.19934616 0.12973975 0.09451063 0.06435513 0.10311242 0.05222199 0.09528168 0.11945944 0.07824663 0.06918390 0.10675703 0.13787404 0.09722082 0.10385931 0.07397063 0.05653429 0.07633886 0.09180233 0.06054444 0.07611571 0.03548838 0.09604021 0.07344438 0.07696111 0.11535003 0.08434867 0.07809281 0.09159977 0.14362580 0.16563004 0.07415863 0.05979517 0.07374982 0.15962833 0.12768110 0.12800295 0.13010736 0.05776178 0.11914255 0.09544933 0.06615971 0.08514208 
0.09492657 0.09362283 0.08917926 0.20231103 0.13422314 0.00000000 0.25231711 0.14284644 0.14568202 0.12308340 0.08133490 0.08293302 0.09247350 0.11168103 0.03784782 0.05082557 0.07974196 0.14229693 0.14063219 0.11724871 0.12097917 0.08285621 0.06963249 0.11072158 0.09289109 0.05198046 0.06085135 0.13051064 0.11715800 0.08396344 0.04715846 0.07923596 0.04349746 0.18217068 0.08496252 0.12590467 0.10823162 0.06837751 0.07305207 0.07031267 0.09461298 0.07625425 0.10060714 0.10407277 0.08484869 0.08402159 0.11519137 0.04429487 0.08841603 0.10995297 0.04290813 0.09270170 0.12991056 0.13691128 0.11168216 0.14102157 0.12058654 0.11066643 0.07261789 0.08746539 0.09081696 0.06690955 0.09252948 0.09253419 0.11951999 0.07897851 0.09676941 0.09650590 0.09788609 0.08610306 0.06944247 0.06185566 0.06713741 0.08967163 0.06851104 0.10364286 0.12606959 0.06898172 0.09946938 0.07743881 0.17901076 0.11137321 0.09857882 0.09732505 0.04697814 0.10269960 0.05664304 0.04160402 0.09237423 0.05254188 0.03794927 
0.08327838 0.09220116 0.08810552 0.16310940 0.12111520 0.25231711 0.00000000 0.14372424 0.11122081 0.09336882 0.14639650 0.09899426 0.08485903 0.08371116 0.06687477 0.08272282 0.10033580 0.10789924 0.11747338 0.10123059 0.14513400 0.08151026 0.09530257 0.06500767 0.06605277 0.11817055 0.12496189 0.17458836 0.10048324 0.11349913 0.03043213 0.05921103 0.10928836 0.18078818 0.06369831 0.09032440 0.12406404 0.09281877 0.05428136 0.06854310 0.07058554 0.03234290 0.06561875 0.09395876 0.10996173 0.11543740 0.07752609 0.10475612 0.08467608 0.09350270 0.04951262 0.03006969 0.20236662 0.07918019 0.07797897 0.13075530 0.06217359 0.18552028 0.06498631 0.08606299 0.06704326 0.14185375 0.03578198 0.06735479 0.10533110 0.08755039 0.07127429 0.11254591 0.08851786 0.12936343 0.03225773 0.04675564 0.11979331 0.06280489 0.13309513 0.09497795 0.07931009 0.11050203 0.05408086 0.07940730 0.10603771 0.07449486 0.12599740 0.05235593 0.08424912 0.06872198 0.07643520 0.09070424 0.09231323 0.09508166 0.07315552 
0.09642716 0.11096521 0.13354135 0.08800503 0.12356263 0.14284644 0.14372424 0.00000000 0.10708569 0.11699580 0.07000189 0.04436409 0.11403694 0.06081055 0.09072674 0.13658155 0.08595481 0.08443149 0.08936659 0.05928083 0.14223463 0.10133301 0.08881303 0.11992678 0.07320762 0.07790976 0.08530685 0.09247798 0.08491459 0.05825772 0.07349304 0.08258698 0.11062883 0.14924324 0.08973248 0.13602856 0.07678476 0.17393177 0.10483022 0.07464364 0.13207770 0.05621504 0.08293548 0.09162030 0.08777498 0.12243641 0.09205479 0.10111415 0.10021948 0.07113048 0.09297832 0.08526153 0.10072579 0.09816383 0.07479052 0.13637008 0.10217610 0.06998264 0.12163544 0.08173346 0.09627687 0.09189262 0.12085647 0.06481210 0.14041322 0.09214281 0.06800548 0.04382273 0.08922299 0.07192299 0.05829737 0.10317600 0.10727944 0.05839165 0.11190109 0.08581348 0.17566101 0.09043033 0.10555780 0.09421018 0.11434798 0.06463366 0.06811421 0.07151069 0.10175395 0.10682991 0.09100575 0.10737116 0.10904542 0.09847144 0.14891071 
0.08363984 0.13174540 0.10039549 0.09323071 0.07928607 0.14568202 0.11122081 0.10708569 0.00000000 0.10948068 0.07892569 0.04717736 0.11291836 0.10004338 0.08232531 0.07419890 0.11514001 0.11646496 0.12723694 0.12025931 0.07558710 0.07100502 0.08634276 0.10213028 0.09541480 0.10780067 0.10394950 0.09691001 0.09063103 0.05479203 0.16911172 0.08993922 0.10314385 0.05306876 0.05568247 0.14073525 0.09279368 0.05603973 0.08517523 0.06324102 0.19156304 0.10723208 0.10892230 0.09165297 0.02667127 0.10546888 0.08281766 0.12651785 0.12416781 0.03720981 0.06147811 0.05951510 0.13064578 0.07506958 0.11690681 0.06503155 0.14585579 0.10475869 0.05636910 0.06440149 0.12062369 0.09561940 0.11499669 0.06382304 0.08193308 0.07315360 0.08349905 0.08634883 0.07527993 0.11016781 0.13406884 0.09704168 0.16055017 0.02644674 0.12098140 0.06442219 0.12653971 0.08067949 0.05468889 0.09527120 0.12359017 0.09938614 0.09540224 0.09155341 0.11083613 0.07942169 0.11672613 0.04684174 0.10458408 0.11738016 0.10882082 
0.08568934 0.08221630 0.06260216 0.10519416 0.11162538 0.12308340 0.09336882 0.11699580 0.10948068 0.00000000 0.12399812 0.09239333 0.10522858 0.17223552 0.05970948 0.08519272 0.05657041 0.11105026 0.09925949 0.06648596 0.06677909 0.06951328 0.07267655 0.13660562 0.12591409 0.13421634 0.09674205 0.05807216 0.05826857 0.09890532 0.06451288 0.08369461 0.09325393 0.09357981 0.16502912 0.11543316 0.10107014 0.11337047 0.14562571 0.08885096 0.09121118 0.10993002 0.13720763 0.08341138 0.12778762 0.11076968 0.08636584 0.10279587 0.11380436 0.09347521 0.08498657 0.12861177 0.08007627 0.09914257 0.10066204 0.09812079 0.15593081 0.12206198 0.07671060 0.07084792 0.08143972 0.08278702 0.08120278 0.07529699 0.14735058 0.10164432 0.08953501 0.08984079 0.10282068 0.10272296 0.12589678 0.13989829 0.05910826 0.08133993 0.06576440 0.10989574 0.12321188 0.06254352 0.10674466 0.08010149 0.10599015 0.07126657 0.07205843 0.06844850 0.08305436 0.06509009 0.08850935 0.09014204 0.10942245 0.09016300 0.06789876 
0.08511471 0.06730245 0.09827624 0.15595758 0.07823757 0.08133490 0.14639650 0.07000189 0.07892569 0.12399812 0.00000000 0.15972855 0.13258786 0.13546598 0.06823725 0.14927831 0.14148525 0.10841656 0.11939905 0.07812167 0.12804580 0.05319174 0.10428594 0.10700770 0.13842038 0.10660532 0.08303551 0.10458636 0.09582012 0.12026522 0.00867247 0.07111732 0.09383859 0.08950669 0.06207962 0.06230047 0.08770206 0.06373108 0.06312263 0.06601536 0.14421017 0.15727590 0.11854377 0.13341488 0.11587774 0.04418946 0.10300032 0.18848089 0.14625361 0.08970550 0.08355223 0.07817819 0.07811578 0.09402023 0.05757922 0.07965120 0.08574104 0.07469829 0.06030702 0.10215012 0.07652927 0.06627316 0.07532632 0.12003886 0.10065242 0.05383125 0.12285418 0.12675914 0.12235948 0.07473076 0.10159671 0.09805217 0.09010531 0.08681171 0.08253636 0.10237354 0.12089427 0.05792057 0.12059165 0.10009128 0.08277816 0.10424299 0.05438799 0.07482361 0.09172087 0.06572754 0.05609807 0.07816903 0.05769888 0.07485896 0.06582104 
0.08845742 0.06407993 0.05470331 0.08453975 0.04663373 0.08293302 0.09899426 0.04436409 0.04717736 0.09239333 0.15972855 0.00000000 0.17751935 0.12947947 0.30213701 0.13274984 0.11772524 0.11805402 0.10652407 0.20462845 0.11814388 0.11946445 0.11478491 0.09385447 0.10023944 0.08523528 0.07437485 0.08572238 0.08798119 0.12450370 0.08629132 0.13695791 0.12619506 0.09377610 0.07516698 0.09447326 0.06982596 0.19351771 0.17460086 0.05109874 0.09794745 0.09986596 0.08437016 0.06517708 0.09447099 0.14582883 0.07870721 0.06151408 0.11238360 0.07594086 0.07124215 0.13451514 0.09734163 0.10370418 0.08377067 0.08893652 0.04399366 0.07950181 0.07691400 0.08236397 0.10831124 0.06750222 0.10297530 0.06401041 0.06792161 0.10474236 0.05772188 0.08485580 0.07742756 0.07110057 0.10591960 0.08387004 0.09924525 0.04749648 0.04075622 0.11232258 0.09627212 0.06443060 0.12141027 0.08686341 0.08424360 0.06579832 0.09362281 0.08825195 0.09544847 0.07123416 0.11461855 0.07227412 0.08946192 0.08463689 0.06342557 
0.08808226 0.06108305 0.10703584 0.09070633 0.08733296 0.09247350 0.08485903 0.11403694 0.11291836 0.10522858 0.13258786 0.17751935 0.00000000 0.09945937 0.15397478 0.10991244 0.06493563 0.11660372 0.07760388 0.13780544 0.07656779 0.04184099 0.10880004 0.14259205 0.05117412 0.10750605 0.11695999 0.09551489 0.05571938 0.12061785 0.08479960 0.09477683 0.09165937 0.09262537 0.08469849 0.12482715 0.06580872 0.06734713 0.11388744 0.08325158 0.12209910 0.09886376 0.10935515 0.10150226 0.09030113 0.08158966 0.08612155 0.13961084 0.08922171 0.08568152 0.12429683 0.15834208 0.07908945 0.11878480 0.07089758 0.13162692 0.13718228 0.10044052 0.15258950 0.08900030 0.09722090 0.07186750 0.09227296 0.06092662 0.07136556 0.08331006 0.06214189 0.06134848 0.12197208 0.12306851 0.10960776 0.10605990 0.14903588 0.08989931 0.11963971 0.13084141 0.09979902 0.08298325 0.09167710 0.10406652 0.09523351 0.08988376 0.06365999 0.07103054 0.06880840 0.05592067 0.05136270 0.03628841 0.11564886 0.07684356 0.06441275 
0.08334466 0.07884096 0.08271535 0.10524650 0.07127746 0.11168103 0.08371116 0.06081055 0.10004338 0.17223552 0.13546598 0.12947947 0.09945937 0.00000000 0.16417987 0.13910270 0.09010188 0.08574526 0.07698552 0.09494349 0.09621510 0.08963232 0.09328200 0.12620425 0.07335296 0.08588315 0.10811518 0.06637902 0.03869931 0.10417763 0.07097848 0.07728094 0.09828395 0.08832758 0.10057622 0.10427182 0.15826660 0.12432416 0.12687456 0.10530013 0.12554175 0.09230951 0.14961822 0.08594488 0.09049834 0.07770532 0.09963093 0.13112834 0.10796900 0.08212336 0.11017370 0.11065173 0.09946391 0.08848717 0.12317506 0.09527923 0.09368215 0.10278272 0.11915820 0.12071155 0.11694099 0.10020412 0.07985685 0.08084784 0.09696356 0.04790326 0.09224013 0.08570904 0.12747918 0.09817564 0.14935790 0.10272512 0.08915622 0.10412984 0.08727018 0.07784530 0.09151263 0.05279247 0.08711502 0.04814560 0.09690219 0.09290488 0.07891758 0.07656820 0.06480398 0.11790346 0.07426041 0.04541638 0.07236746 0.10619212 0.09364801 
0.10773020 0.05239751 0.09943449 0.07641910 0.04912080 0.03784782 0.06687477 0.09072674 0.08232531 0.05970948 0.06823725 0.30213701 0.15397478 0.16417987 0.00000000 0.20005375 0.15244092 0.11912046 0.08208924 0.17060557 0.08776037 0.10593212 0.15973312 0.07027411 0.06964807 0.09191578 0.10068388 0.10811310 0.09257421 0.08652222 0.07887809 0.13186592 0.06283533 0.06027223 0.07545628 0.08456381 0.11071840 0.12681626 0.09332761 0.08181901 0.11155950 0.08992154 0.04622271 0.07802281 0.06274786 0.10271402 0.09339451 0.03821938 0.06771825 0.09520490 0.08659718 0.13153001 0.09260173 0.17630264 0.12085087 0.06490957 0.16388653 0.09681546 0.13507679 0.09153931 0.07499982 0.12282101 0.04460376 0.11582589 0.06593189 0.07282429 0.12876558 0.05829204 0.10737125 0.08396082 0.10543712 0.08310854 0.08304386 0.04517617 0.09885273 0.12081944 0.08229366 0.08948524 0.09425238 0.08733064 0.11015868 0.08727067 0.07584545 0.06567787 0.07087161 0.06592734 0.06326013 0.05267246 0.10298630 0.05379187 0.04604968 
0.09179481 0.12394153 0.08362034 0.09151464 0.06132487 0.05082557 0.08272282 0.13658155 0.07419890 0.08519272 0.14927831 0.13274984 0.10991244 0.13910270 0.20005375 0.00000000 0.15132666 0.17625741 0.12238925 0.14073820 0.09019166 0.10360450 0.07494206 0.09920874 0.11816019 0.07325621 0.10460502 0.12205828 0.10542717 0.08136555 0.06476929 0.12160397 0.07607675 0.00760612 0.07056224 0.07187518 0.14693133 0.07404898 0.09400840 0.15369164 0.08689806 0.10561917 0.04405412 0.06548381 0.06794044 0.00000000 0.07976475 0.06618449 0.10204886 0.12491739 0.04717652 0.11404235 0.05587223 0.16588082 0.08047690 0.09272664 0.10267723 0.06344595 0.06896362 0.05471180 0.12598736 0.06939298 0.06494304 0.14713760 0.14365986 0.07735747 0.08967741 0.15290490 0.07678603 0.11969490 0.11755540 0.06342946 0.12402510 0.08552689 0.14105072 0.08359373 0.12391580 0.10087006 0.03942918 0.06820492 0.07027526 0.04928941 0.09903637 0.08527966 0.09064547 0.08485272 0.08005462 0.06854412 0.05910508 0.08940360 0.11269940 
0.09101313 0.08317647 0.08646541 0.08650836 0.12595157 0.07974196 0.10033580 0.08595481 0.11514001 0.05657041 0.14148525 0.11772524 0.06493563 0.09010188 0.15244092 0.15132666 0.00000000 0.17822987 0.10843855 0.12796210 0.09371668 0.12234849 0.10084855 0.09013482 0.09294554 0.09945569 0.09784630 0.11199848 0.07338404 0.08175874 0.12085118 0.08010453 0.07456225 0.10138986 0.07246914 0.07686467 0.12452743 0.11216049 0.08812590 0.07852621 0.08463251 0.08589180 0.07944786 0.08043422 0.10194103 0.08235309 0.09105262 0.06560107 0.07402500 0.08825715 0.07595823 0.08348167 0.07125685 0.07295032 0.07778018 0.09381417 0.08382118 0.07798988 0.07832233 0.08201402 0.08665769 0.06489369 0.09799092 0.07090878 0.08535028 0.09069752 0.07473725 0.08498264 0.08211832 0.07987316 0.09537568 0.08396680 0.08776698 0.08696208 0.06577517 0.09630732 0.08587919 0.08910953 0.07071838 0.10409151 0.08606075 0.07180972 0.09853909 0.08883596 0.09037450 0.11543104 0.12262948 0.08458927 0.15876853 0.12454376 0.10006162 
0.07605403 0.03282378 0.05379017 0.09214270 0.12196272 0.14229693 0.10789924 0.08443149 0.11646496 0.11105026 0.10841656 0.11805402 0.11660372 0.08574526 0.11912046 0.17625741 0.17822987 0.00000000 0.16496382 0.18753567 0.08326079 0.06513541 0.08394052 0.10432674 0.07966626 0.05483243 0.08230719 0.07711101 0.12485124 0.11582285 0.06624209 0.09329613 0.08227084 0.10568768 0.15825998 0.10205483 0.08352624 0.09726480 0.10884174 0.10274151 0.11238144 0.03930593 0.08154337 0.11482303 0.06434979 0.06145214 0.12525442 0.05635776 0.10181736 0.12720625 0.07498443 0.05459033 0.09687511 0.09880193 0.11360281 0.08528532 0.06062989 0.10290228 0.11487096 0.11563114 0.05812896 0.05569560 0.12206019 0.07124594 0.10148269 0.09318649 0.09466019 0.07460464 0.05943501 0.10158872 0.07939422 0.04638283 0.09786866 0.11137004 0.08733808 0.10093134 0.06700740 0.12101011 0.11031131 0.10991688 0.10420838 0.06835853 0.11235515 0.09694231 0.08199876 0.05562829 0.06498683 0.04120424 0.08129475 0.07278895 0.06381887 
0.09857535 0.09141547 0.07555409 0.08054304 0.10357465 0.14063219 0.11747338 0.08936659 0.12723694 0.09925949 0.11939905 0.10652407 0.07760388 0.07698552 0.08208924 0.12238925 0.10843855 0.16496382 0.00000000 0.12196264 0.17451281 0.11289013 0.12250032 0.08083114 0.12997552 0.09299763 0.09626155 0.10351346 0.10072355 0.07915359 0.11261928 0.12368149 0.08032527 0.07883096 0.17591243 0.07354666 0.07741027 0.07670041 0.06983598 0.05787237 0.11100774 0.05579881 0.07378385 0.09116175 0.05911586 0.10674083 0.11804178 0.08001804 0.10836897 0.12550759 0.04325820 0.08767990 0.07585513 0.08494296 0.09337743 0.09588244 0.12762387 0.07000592 0.09913000 0.10503872 0.04857564 0.12412018 0.13376676 0.05314933 0.11977126 0.11113699 0.04314718 0.03677959 0.11984847 0.12819197 0.11513141 0.15747265 0.05326818 0.08128683 0.09517849 0.08085677 0.07974722 0.10526591 0.12447155 0.12874796 0.06035104 0.15927216 0.09843029 0.05049729 0.04775556 0.08246406 0.06455822 0.07947888 0.12403678 0.07064072 0.09983759 
0.10220287 0.07363822 0.07168464 0.08825942 0.07707976 0.11724871 0.10123059 0.05928083 0.12025931 0.06648596 0.07812167 0.20462845 0.13780544 0.09494349 0.17060557 0.14073820 0.12796210 0.18753567 0.12196264 0.00000000 0.08249908 0.07788857 0.13971870 0.10701151 0.10986960 0.01453544 0.07280937 0.04956600 0.12582706 0.08502308 0.19661432 0.13503470 0.05632499 0.14804263 0.13061385 0.06813019 0.11587766 0.06800935 0.06792942 0.09377279 0.05911129 0.08001104 0.07186700 0.06138243 0.16420928 0.06308761 0.10958347 0.09514113 0.12549540 0.05991481 0.10954199 0.10754182 0.09329791 0.08702249 0.10079700 0.08102644 0.09354192 0.09392069 0.05415962 0.06634423 0.07776164 0.12264247 0.05727522 0.06081335 0.06654377 0.07908416 0.05521495 0.12754933 0.13726118 0.06789246 0.11102229 0.08305515 0.16650378 0.03901127 0.11909128 0.07726295 0.11230728 0.08227685 0.06135237 0.06010647 0.12001643 0.05482316 0.15722318 0.09575476 0.12442893 0.05716462 0.07658239 0.05227167 0.05091618 0.03714655 0.05646769 
0.09704479 0.08566781 0.09970443 0.11532966 0.09738189 0.12097917 0.14513400 0.14223463 0.07558710 0.06677909 0.12804580 0.11814388 0.07656779 0.09621510 0.08776037 0.09019166 0.09371668 0.08326079 0.17451281 0.08249908 0.00000000 0.11008495 0.11636304 0.12297712 0.07694409 0.12659617 0.07242712 0.11140400 0.13567878 0.08489554 0.09085676 0.13789482 0.13863124 0.10361213 0.16868683 0.11103118 0.08666190 0.09603624 0.07083072 0.11274768 0.09372571 0.05082530 0.06242636 0.08166522 0.04399489 0.20556349 0.12795488 0.10710938 0.11080991 0.11061158 0.03425451 0.07905685 0.13263897 0.09467325 0.07552396 0.09796884 0.08392298 0.08556751 0.04359187 0.11454756 0.07500826 0.07366294 0.06920016 0.12078749 0.06794270 0.09410115 0.07927790 0.07496142 0.12040652 0.08330230 0.04330143 0.13114618 0.04750291 0.09572985 0.07980274 0.06858249 0.08938238 0.09471167 0.07919062 0.09308377 0.09894333 0.11006979 0.14445546 0.08444590 0.06665485 0.07425263 0.10578361 0.10511868 0.06739467 0.09192621 0.09062930 
0.08308156 0.14463635 0.11253895 0.06763734 0.08709064 0.08285621 0.08151026 0.10133301 0.07100502 0.06951328 0.05319174 0.11946445 0.04184099 0.08963232 0.10593212 0.10360450 0.12234849 0.06513541 0.11289013 0.07788857 0.11008495 0.00000000 0.07176234 0.08216428 0.19904599 0.16034544 0.09792800 0.13272375 0.13911945 0.06357548 0.08977771 0.10369532 0.08038697 0.11620773 0.13792918 0.15318798 0.05217213 0.05133088 0.09604751 0.09536729 0.08051247 0.08192308 0.04091021 0.11493805 0.08588061 0.09444173 0.08312376 0.15144216 0.06445644 0.07640221 0.05998580 0.11159235 0.09953872 0.04766334 0.06133049 0.06172510 0.09461999 0.09577847 0.09405197 0.06516649 0.10823700 0.05883842 0.09535589 0.13587849 0.10697195 0.11603908 0.10039296 0.12417063 0.05222682 0.17739270 0.15367802 0.06444232 0.06278500 0.08007468 0.12006450 0.14473471 0.07466296 0.06906769 0.07622565 0.15565423 0.07574461 0.07924644 0.07419940 0.09263754 0.08402948 0.11281376 0.10093793 0.10770520 0.09780866 0.12529514 0.17321455 
0.08989258 0.06802874 0.10447372 0.09838589 0.11102061 0.06963249 0.09530257 0.08881303 0.08634276 0.07267655 0.10428594 0.11478491 0.10880004 0.09328200 0.15973312 0.07494206 0.10084855 0.08394052 0.12250032 0.13971870 0.11636304 0.07176234 0.00000000 0.13030642 0.13676907 0.10345929 0.05642723 0.11339199 0.18504075 0.13636800 0.19661791 0.13501417 0.09887421 0.06926593 0.16645080 0.07709792 0.09287210 0.09195287 0.08852676 0.10660196 0.07222247 0.12325434 0.07654849 0.06346368 0.05779376 0.10560599 0.11194339 0.08852088 0.09819957 0.14250325 0.08904323 0.05915114 0.10466753 0.07976051 0.04189356 0.08471659 0.08285778 0.09731889 0.11060009 0.12180036 0.07896337 0.08959085 0.09950715 0.14527548 0.11748653 0.14265488 0.09224257 0.05868086 0.06994535 0.07159892 0.09932378 0.13838259 0.06281105 0.06239841 0.07150171 0.11488621 0.11740548 0.08875252 0.04055755 0.10752889 0.07278380 0.10110386 0.11046158 0.07581944 0.06626061 0.05059469 0.09079949 0.08240058 0.08850943 0.06352367 0.07335922 
0.10137723 0.07901985 0.07509479 0.08103793 0.09599843 0.11072158 0.06500767 0.11992678 0.10213028 0.13660562 0.10700770 0.09385447 0.14259205 0.12620425 0.07027411 0.09920874 0.09013482 0.10432674 0.08083114 0.10701151 0.12297712 0.08216428 0.13030642 0.00000000 0.06861406 0.11920351 0.06671931 0.14023888 0.13744970 0.13763580 0.14506941 0.09774087 0.14337036 0.09759769 0.11241204 0.10634844 0.10489128 0.05919219 0.07665308 0.09065931 0.06520803 0.07424542 0.13111276 0.08928211 0.08910479 0.11939339 0.08804082 0.06806084 0.08208479 0.11715557 0.09469452 0.13981163 0.07910990 0.08057472 0.05460991 0.14301586 0.07350256 0.10328308 0.07415561 0.09108910 0.14688333 0.11773773 0.11012444 0.08732190 0.09913648 0.06199175 0.08583084 0.07051783 0.08116894 0.06689408 0.07792836 0.08770574 0.17886762 0.14216113 0.09797858 0.09593005 0.07146577 0.06961091 0.08289888 0.09467332 0.09312565 0.10146385 0.05138288 0.09018986 0.07197167 0.09459053 0.06288857 0.06595656 0.10558195 0.07637752 0.08085180 
0.09031361 0.07264094 0.13543126 0.09166325 0.07638907 0.09289109 0.06605277 0.07320762 0.09541480 0.12591409 0.13842038 0.10023944 0.05117412 0.07335296 0.06964807 0.11816019 0.09294554 0.07966626 0.12997552 0.10986960 0.07694409 0.19904599 0.13676907 0.06861406 0.00000000 0.16540384 0.17513078 0.15319991 0.16588095 0.10230249 0.09307747 0.08985683 0.10720475 0.05674828 0.13286685 0.10028067 0.06062794 0.08428209 0.08142930 0.10558138 0.06238988 0.07270364 0.09185762 0.08738779 0.08892901 0.11466791 0.13337751 0.14976252 0.07429477 0.08648106 0.08755406 0.04492763 0.09529589 0.04759219 0.04326827 0.06301149 0.08567939 0.09644789 0.12368106 0.08918477 0.12787725 0.10008059 0.06596653 0.08672806 0.08207100 0.09106122 0.09058182 0.08079980 0.08576040 0.12700970 0.07942957 0.09436540 0.09138686 0.05608808 0.08651849 0.07949770 0.11337627 0.12155404 0.09573443 0.09261139 0.05719460 0.09131004 0.06562156 0.09451169 0.11281423 0.11686154 0.10544729 0.08105344 0.09577669 0.10494204 0.10118040 
0.10082899 0.13385895 0.13870211 0.08471833 0.11697594 0.05198046 0.11817055 0.07790976 0.10780067 0.13421634 0.10660532 0.08523528 0.10750605 0.08588315 0.09191578 0.07325621 0.09945569 0.05483243 0.09299763 0.01453544 0.12659617 0.16034544 0.10345929 0.11920351 0.16540384 0.00000000 0.14042910 0.16275490 0.07272540 0.10412512 0.06429984 0.09277262 0.08517303 0.08486563 0.09012433 0.11865136 0.05834591 0.07277325 0.05974442 0.06086138 0.06924363 0.11892423 0.12493043 0.08133042 0.09960556 0.14391728 0.10660388 0.14058625 0.01877109 0.11841623 0.08048433 0.09009427 0.02485296 0.06219563 0.10997847 0.04846015 0.07001186 0.09511656 0.07964174 0.06451319 0.10546118 0.08580173 0.09976952 0.07397490 0.08485159 0.09461320 0.11661536 0.06050659 0.09912444 0.14230681 0.08758213 0.06822953 0.09879317 0.09439113 0.06328374 0.08445688 0.07250288 0.11895827 0.12103398 0.06046119 0.00099635 0.06187076 0.12142415 0.09825631 0.14240001 0.12163831 0.12940957 0.12414679 0.13976172 0.14007382 0.08072201 
0.09434327 0.11874733 0.12404161 0.04526088 0.07869024 0.06085135 0.12496189 0.08530685 0.10394950 0.09674205 0.08303551 0.07437485 0.11695999 0.10811518 0.10068388 0.10460502 0.09784630 0.08230719 0.09626155 0.07280937 0.07242712 0.09792800 0.05642723 0.06671931 0.17513078 0.14042910 0.00000000 0.09372061 0.09826355 0.10201034 0.10093740 0.04764239 0.13882820 0.18102584 0.05764824 0.07928526 0.06178712 0.09188872 0.09779508 0.08550920 0.05358574 0.08924344 0.08876897 0.12257782 0.10774975 0.06275355 0.05541472 0.14855774 0.02582858 0.09602986 0.07155724 0.06003294 0.12757916 0.13321440 0.08315401 0.03989931 0.09027841 0.07305012 0.11475009 0.06826013 0.06135470 0.13714066 0.12082372 0.09348448 0.08147188 0.12220280 0.13720513 0.05432371 0.08693951 0.13371109 0.08665488 0.10527442 0.13437760 0.09113976 0.05227219 0.08383960 0.07754847 0.09944176 0.07462215 0.12439425 0.03711226 0.08890811 0.07258756 0.08241347 0.11491215 0.11297131 0.12395613 0.14307567 0.14209796 0.18366464 0.12223086 
0.07981254 0.07801240 0.10198315 0.15414124 0.09211433 0.13051064 0.17458836 0.09247798 0.09691001 0.05807216 0.10458636 0.08572238 0.09551489 0.06637902 0.10811310 0.12205828 0.11199848 0.07711101 0.10351346 0.04956600 0.11140400 0.13272375 0.11339199 0.14023888 0.15319991 0.16275490 0.09372061 0.00000000 0.11338921 0.14986910 0.11653019 0.05389801 0.06731609 0.07312595 0.07210743 0.05635119 0.06192712 0.11874349 0.08200573 0.07894385 0.09327201 0.05569261 0.06040618 0.10688329 0.13163945 0.09003350 0.06331464 0.04994721 0.05823673 0.08967316 0.11276184 0.07186033 0.13761858 0.09993194 0.07144061 0.12714758 0.09398032 0.12513963 0.10402644 0.13915839 0.07217564 0.04529398 0.07743393 0.10043863 0.08355364 0.12145236 0.11258092 0.07152772 0.07169867 0.09794421 0.08075533 0.06303368 0.07419419 0.06727805 0.14506983 0.09594540 0.07866002 0.06465343 0.06077897 0.06746856 0.14231250 0.07382652 0.08842034 0.13677001 0.06051371 0.10590480 0.10449150 0.08571238 0.06003044 0.05741955 0.09570492 
0.08679196 0.09158138 0.09595615 0.10361260 0.05830460 0.11715800 0.10048324 0.08491459 0.09063103 0.05826857 0.09582012 0.08798119 0.05571938 0.03869931 0.09257421 0.10542717 0.07338404 0.12485124 0.10072355 0.12582706 0.13567878 0.13911945 0.18504075 0.13744970 0.16588095 0.07272540 0.09826355 0.11338921 0.00000000 0.07855962 0.18171623 0.13475079 0.14873548 0.06056146 0.10739848 0.06653504 0.06845228 0.12351769 0.09130810 0.13098308 0.05718878 0.05690416 0.06543155 0.06675112 0.07203927 0.10512800 0.09435446 0.07919689 0.08350554 0.09860276 0.08505244 0.08609388 0.08080178 0.14426422 0.06819987 0.04700246 0.08559102 0.03498362 0.07522212 0.11573502 0.10442546 0.13186789 0.12144746 0.12608922 0.09845529 0.07820516 0.08503659 0.10086218 0.09025758 0.04339309 0.11462005 0.11891868 0.15230695 0.09914714 0.06447952 0.10883525 0.10135101 0.09024082 0.07725896 0.10969183 0.07457147 0.11021877 0.06943804 0.11862601 0.05567848 0.15523815 0.09353190 0.06829317 0.09484031 0.07653273 0.09364447 
0.09974002 0.08923747 0.04541723 0.09843900 0.09026429 0.08396344 0.11349913 0.05825772 0.05479203 0.09890532 0.12026522 0.12450370 0.12061785 0.10417763 0.08652222 0.08136555 0.08175874 0.11582285 0.07915359 0.08502308 0.08489554 0.06357548 0.13636800 0.13763580 0.10230249 0.10412512 0.10201034 0.14986910 0.07855962 0.00000000 0.02973019 0.08338901 0.09786936 0.10728966 0.06550626 0.08165728 0.13224436 0.08449714 0.08261543 0.07189666 0.11547420 0.11260876 0.07876569 0.11314377 0.08105865 0.10489517 0.10775558 0.09113940 0.09225868 0.14648706 0.10855805 0.07606380 0.14194229 0.09138091 0.09132351 0.11415088 0.13275621 0.09200053 0.10547774 0.08601806 0.11474607 0.08729115 0.16290139 0.08894890 0.09816702 0.10472827 0.11428953 0.05846579 0.11187871 0.05725396 0.06213767 0.05866750 0.12820953 0.09132070 0.15545058 0.12324824 0.07544636 0.12856617 0.08677747 0.08162816 0.07319750 0.12929778 0.09251620 0.05647962 0.12108173 0.08079987 0.07357764 0.07461991 0.09162855 0.10692339 0.05160183 
0.09376819 0.07801545 0.07222744 0.06369594 0.04388009 0.04715846 0.03043213 0.07349304 0.16911172 0.06451288 0.00867247 0.08629132 0.08479960 0.07097848 0.07887809 0.06476929 0.12085118 0.06624209 0.11261928 0.19661432 0.09085676 0.08977771 0.19661791 0.14506941 0.09307747 0.06429984 0.10093740 0.11653019 0.18171623 0.02973019 0.00000000 0.10746775 0.12264656 0.18923403 0.11113859 0.11969848 0.06726538 0.08863889 0.07406574 0.06429392 0.17041798 0.11897186 0.08551750 0.07095535 0.13227910 0.06362440 0.04060817 0.09815878 0.09132496 0.02617773 0.13284918 0.08909222 0.08200280 0.06712208 0.08263438 0.05208351 0.07313575 0.06156024 0.08711148 0.09859529 0.09544750 0.07977448 0.10560244 0.05558862 0.08741833 0.08283684 0.06354456 0.09982022 0.09496856 0.08532901 0.06687242 0.14348451 0.12080499 0.07074847 0.09927867 0.12507867 0.04883956 0.21694992 0.07048682 0.10803076 0.15058272 0.05488283 0.11790430 0.17447651 0.13918616 0.11838099 0.13929956 0.06989207 0.10255652 0.03188442 0.13457551 
0.10048546 0.11645203 0.11750920 0.13258449 0.08056587 0.07923596 0.05921103 0.08258698 0.08993922 0.08369461 0.07111732 0.13695791 0.09477683 0.07728094 0.13186592 0.12160397 0.08010453 0.09329613 0.12368149 0.13503470 0.13789482 0.10369532 0.13501417 0.09774087 0.08985683 0.09277262 0.04764239 0.05389801 0.13475079 0.08338901 0.10746775 0.00000000 0.11095818 0.09986407 0.09617444 0.09432391 0.07256055 0.18571049 0.08464365 0.09202946 0.10271673 0.07405216 0.08355282 0.09117237 0.15699071 0.07380925 0.14788985 0.16682913 0.11103803 0.12980507 0.08387749 0.02351435 0.10742587 0.12680210 0.06165415 0.11013111 0.08631880 0.07181196 0.06314641 0.08705632 0.12664468 0.08400141 0.06488988 0.12855968 0.13016865 0.10303332 0.05186932 0.10303292 0.12151469 0.08287913 0.09645091 0.11661464 0.08162035 0.06856497 0.02064277 0.07059537 0.11196928 0.07893811 0.08327122 0.11016494 0.08899253 0.08380123 0.13458249 0.08413233 0.09923224 0.07535073 0.07565007 0.06402472 0.10553044 0.06542041 0.10594739 
0.09110714 0.06878317 0.11203444 0.09756266 0.11755506 0.04349746 0.10928836 0.11062883 0.10314385 0.09325393 0.09383859 0.12619506 0.09165937 0.09828395 0.06283533 0.07607675 0.07456225 0.08227084 0.08032527 0.05632499 0.13863124 0.08038697 0.09887421 0.14337036 0.10720475 0.08517303 0.13882820 0.06731609 0.14873548 0.09786936 0.12264656 0.11095818 0.00000000 0.10425816 0.12618676 0.11115076 0.09744064 0.06527880 0.09118850 0.10241331 0.07288003 0.07972899 0.11914128 0.07473726 0.09463701 0.11899890 0.13504882 0.11469653 0.08239332 0.08240508 0.11753791 0.05445500 0.12518498 0.06972946 0.08109057 0.08397675 0.09260423 0.06260111 0.11148222 0.08978336 0.06794104 0.10528462 0.08398792 0.09733563 0.14867482 0.13932216 0.08119453 0.07928599 0.11244631 0.08460407 0.06944423 0.12754611 0.11126747 0.15272454 0.10493536 0.10225553 0.13362637 0.08270671 0.08634633 0.05564079 0.11916757 0.07063475 0.07662849 0.08200057 0.10708723 0.07426071 0.08533158 0.12502259 0.10616138 0.09675333 0.09688567 
0.09612064 0.09887815 0.10021668 0.06949180 0.07635591 0.18217068 0.18078818 0.14924324 0.05306876 0.09357981 0.08950669 0.09377610 0.09262537 0.08832758 0.06027223 0.00760612 0.10138986 0.10568768 0.07883096 0.14804263 0.10361213 0.11620773 0.06926593 0.09759769 0.05674828 0.08486563 0.18102584 0.07312595 0.06056146 0.10728966 0.18923403 0.09986407 0.10425816 0.00000000 0.05400567 0.09699735 0.07573742 0.02988613 0.06543227 0.12369774 0.11963430 0.06159083 0.08450087 0.10492126 0.01562177 0.14075002 0.14175574 0.05880063 0.11804118 0.11225371 0.09279061 0.10302544 0.12176460 0.09082836 0.05213240 0.05695858 0.07003261 0.06528358 0.12479504 0.09475672 0.11872159 0.11536437 0.06059229 0.07978188 0.11342321 0.11055761 0.03769273 0.15197596 0.12341024 0.10944856 0.06390109 0.06831915 0.14554579 0.05723750 0.11342696 0.05395050 0.04091675 0.10513821 0.12663025 0.08126881 0.06149293 0.08921213 0.06221203 0.04326850 0.14140880 0.10520402 0.11136831 0.10723259 0.10418260 0.08383003 0.11589139 
0.08140078 0.09482526 0.04662252 0.11616096 0.11928174 0.08496252 0.06369831 0.08973248 0.05568247 0.16502912 0.06207962 0.07516698 0.08469849 0.10057622 0.07545628 0.07056224 0.07246914 0.15825998 0.17591243 0.13061385 0.16868683 0.13792918 0.16645080 0.11241204 0.13286685 0.09012433 0.05764824 0.07210743 0.10739848 0.06550626 0.11113859 0.09617444 0.12618676 0.05400567 0.00000000 0.09296733 0.03623296 0.09528974 0.17246300 0.09318580 0.07403406 0.04883030 0.07706493 0.09204582 0.07399289 0.11586265 0.05083451 0.09416490 0.08220973 0.06907362 0.09176689 0.07737785 0.08321948 0.11618473 0.10619252 0.04867779 0.07334702 0.07213444 0.09833100 0.11421451 0.05010057 0.14809284 0.12904217 0.11762965 0.14449165 0.13671400 0.06195375 0.12702284 0.09272696 0.10567238 0.09887453 0.08541813 0.07822005 0.10087551 0.12382134 0.07900728 0.10287607 0.10748609 0.08298490 0.08918673 0.10457262 0.09393692 0.15424957 0.08853912 0.03292171 0.08052023 0.09642064 0.14423956 0.09297730 0.08242403 0.10208426 
0.08683720 0.12624477 0.11132081 0.05835683 0.08026596 0.12590467 0.09032440 0.13602856 0.14073525 0.11543316 0.06230047 0.09447326 0.12482715 0.10427182 0.08456381 0.07187518 0.07686467 0.10205483 0.07354666 0.06813019 0.11103118 0.15318798 0.07709792 0.10634844 0.10028067 0.11865136 0.07928526 0.05635119 0.06653504 0.08165728 0.11969848 0.09432391 0.11115076 0.09699735 0.09296733 0.00000000 0.10904362 0.03160215 0.08534862 0.06201780 0.15763172 0.13917824 0.13779949 0.06613211 0.09919873 0.05219695 0.11693457 0.07609689 0.06450088 0.06065758 0.12719040 0.08051689 0.09285927 0.08921980 0.10940514 0.10506508 0.14544793 0.13163292 0.09164974 0.10218708 0.07304598 0.06709557 0.11241479 0.06607401 0.11057323 0.10037627 0.08227880 0.10653129 0.12296897 0.05669332 0.11022023 0.07933969 0.04778629 0.10663115 0.08486736 0.10040050 0.07905174 0.10621162 0.06540878 0.07542867 0.15041475 0.10404930 0.14203261 0.09468879 0.10047992 0.07404681 0.12565256 0.12541875 0.11930621 0.08453610 0.06958244 
0.09063809 0.06271379 0.10451312 0.09655266 0.06923982 0.10823162 0.12406404 0.07678476 0.09279368 0.10107014 0.08770206 0.06982596 0.06580872 0.15826660 0.11071840 0.14693133 0.12452743 0.08352624 0.07741027 0.11587766 0.08666190 0.05217213 0.09287210 0.10489128 0.06062794 0.05834591 0.06178712 0.06192712 0.06845228 0.13224436 0.06726538 0.07256055 0.09744064 0.07573742 0.03623296 0.10904362 0.00000000 0.09248231 0.09780243 0.08220230 0.12173809 0.04562985 0.10247254 0.08334830 0.06306714 0.11304056 0.05941168 0.05506580 0.08950816 0.14565990 0.12739329 0.13562867 0.14316428 0.07859164 0.10604688 0.11728793 0.11073912 0.09913589 0.07624016 0.12098667 0.14021706 0.08398300 0.10326063 0.05713992 0.13475509 0.09081860 0.06892277 0.08444648 0.08324453 0.09620609 0.06204427 0.12113504 0.09813762 0.18606462 0.07386453 0.04256386 0.11590382 0.14025665 0.10352686 0.12963668 0.11310946 0.09092392 0.08787320 0.06861951 0.10988751 0.12210477 0.07002589 0.12662701 0.13663632 0.06692404 0.10159135 
0.10067417 0.09630418 0.09450193 0.09385558 0.06337660 0.06837751 0.09281877 0.17393177 0.05603973 0.11337047 0.06373108 0.19351771 0.06734713 0.12432416 0.12681626 0.07404898 0.11216049 0.09726480 0.07670041 0.06800935 0.09603624 0.05133088 0.09195287 0.05919219 0.08428209 0.07277325 0.09188872 0.11874349 0.12351769 0.08449714 0.08863889 0.18571049 0.06527880 0.02988613 0.09528974 0.03160215 0.09248231 0.00000000 0.17426351 0.12126627 0.08278143 0.12913262 0.16897108 0.15725936 0.14500287 0.10281904 0.08401583 0.09194099 0.10881097 0.09097812 0.08377103 0.09724860 0.14182960 0.06155101 0.09331200 0.10532198 0.11281157 0.09264852 0.07717797 0.11391659 0.11915303 0.04534082 0.05034246 0.07677850 0.06587700 0.08020789 0.15546178 0.03715305 0.05207659 0.07758942 0.11410059 0.13798076 0.08325837 0.09523534 0.10627538 0.08776488 0.11632375 0.12176560 0.18175612 0.06464223 0.08109330 0.07282306 0.06739718 0.08018560 0.05923517 0.06519790 0.09986194 0.06366857 0.07069087 0.08460928 0.06698967 
0.10296069 0.05724044 0.13052464 0.07105107 0.01585899 0.07305207 0.05428136 0.10483022 0.08517523 0.14562571 0.06312263 0.17460086 0.11388744 0.12687456 0.09332761 0.09400840 0.08812590 0.10884174 0.06983598 0.06792942 0.07083072 0.09604751 0.08852676 0.07665308 0.08142930 0.05974442 0.09779508 0.08200573 0.09130810 0.08261543 0.07406574 0.08464365 0.09118850 0.06543227 0.17246300 0.08534862 0.09780243 0.17426351 0.00000000 0.09343695 0.09690580 0.09609067 0.10468568 0.12814938 0.13671081 0.08048853 0.06227164 0.09238406 0.09299608 0.10235501 0.04138785 0.02729323 0.12892644 0.08655604 0.13957024 0.09513895 0.08637287 0.06729045 0.07381339 0.13146907 0.12111929 0.10103424 0.11668862 0.10188258 0.11165621 0.09125554 0.05032082 0.12578725 0.06845368 0.13733085 0.08507912 0.06621954 0.07247067 0.11649851 0.11290093 0.08989400 0.11808814 0.15183240 0.10974483 0.17341000 0.08911399 0.16299880 0.06583245 0.07068439 0.07373546 0.10309369 0.12922945 0.03474853 0.09211185 0.07368793 0.09104687 
