0.00000000 0.02317392 0.02714376 0.02158756 0.02215895 0.02530582 0.02556100 0.02652611 0.02392397 0.02475420 0.02255454 0.02100153 0.02543002 0.02091681 0.02563289 0.02274004 0.02182299 0.02152006 0.02165448 0.02130190 0.01991374 0.02193923 0.02493329 0.02362124 0.02367825 0.02463792 0.02378046 0.02077342 0.02146145 0.02563289 0.02230385 0.02485973 0.02224495 0.02428080 0.02536035 0.02595586 0.02396086 0.02511732 0.02170249 0.02375229 0.02701258 0.02227661 0.02270320 0.02326333 0.02087783 0.02445711 0.02214402 0.02482459 0.02195511 0.02146263 0.02286698 0.02228802 0.02078091 0.02237798 0.02195034 0.02248412 0.02689763 0.02218506 0.02353523 0.02114859 0.02387057 0.03411121 0.02359430 0.02701258 0.02157403 0.02492861 0.02484162 0.02286663 0.02241879 0.02236679 0.02701258 0.02701258 0.02482359 0.02501707 0.02268271 0.02231986 0.02701258 0.02592612 0.02215401 0.02418642 0.02161915 0.02241174 0.02260872 0.02402515 0.02164927 0.02050746 0.02344189 0.02417876 0.02022935 0.02209176 0.02202877 0.02482359 0.02317176 0.02330334 0.02402515 0.02177546 0.02285541 0.02163360 0.01965993 0.02235339 0.02096819 0.02304823 0.02223619 0.02555524 0.02330334 0.02452286 0.02588727 0.02280655 0.03048453 0.02212956 0.02639664 0.02184947 0.02602222 0.02232339 0.02298650 0.02148874 0.02238937 0.02665462 0.02260872 0.02482633 0.02465187 0.02102206 0.02348601 0.02481608 0.02118404 0.02420077 0.02517197 0.02149144 0.02198248 0.02179390 0.02701258 0.02589794 0.02418234 0.02701258 0.02146341 0.02121059 0.02400268 0.02245973 0.02122806 0.02247220 0.02297426 0.02701258 0.02293515 0.02180002 0.02007163 0.02367859 0.02203570 0.02050207 0.02051789 0.02481399 0.02457748 0.02053320 0.01974026 0.02205109 0.02000056 0.02299473 0.02062259 0.02393936 0.02365831 0.02134853 0.02074489 0.02418058 0.02191469 0.02015194 0.02278590 0.02563655 0.02449059 0.02555650 0.02161344 0.02076454 0.02182680 0.02555650 0.02175852 0.02122259 0.02537065 0.02555650 0.02288398 0.02340794 0.02326878 0.02447755 0.02291916 0.02501882 0.02231366 0.02536145 0.02190363 
0.02317392 0.00000000 0.03819802 0.04287766 0.03509298 0.02234320 0.02386758 0.01931722 0.03069611 0.02349431 0.02816994 0.02727938 0.01708249 0.01544271 0.01903223 0.01717617 0.01905233 0.04364623 0.03220460 0.01619113 0.02066057 0.02232979 0.03807480 0.04072864 0.03637997 0.01709838 0.03377105 0.02851175 0.04681665 0.01903223 0.03297858 0.03665311 0.03711555 0.01857088 0.03029427 0.03798753 0.03623347 0.02021576 0.04068828 0.04377288 0.02209274 0.01624134 0.02400071 0.02224768 0.01125985 0.02846100 0.02678735 0.01212800 0.02538562 0.02488733 0.01727308 0.00950378 0.03128422 0.01725197 0.02607687 0.03460982 0.02911252 0.02661002 0.03641031 0.03810731 0.02342204 0.02768014 0.03892508 0.02209274 0.01923843 0.02511615 0.02629324 0.02908614 0.00927109 0.00944773 0.02209274 0.02209274 0.01205138 0.02407342 0.03332208 0.01807120 0.02209274 0.03004757 0.02349246 0.01015850 0.02662596 0.01828781 0.00582860 0.01367025 0.02016330 0.01771843 0.02987599 0.01009558 0.02431603 0.03161916 0.00377040 0.01205138 0.00882036 0.01053811 0.01367025 0.02067674 0.00746949 0.01330612 0.01816090 0.02389215 0.01638873 0.03467403 0.02597080 0.01763141 0.01053811 0.02470518 0.02114156 0.03199802 0.03430421 0.01950416 0.02824267 0.01457478 0.02449365 0.01621376 0.02379319 0.01311057 0.02686091 0.02118303 0.00582860 0.02572200 0.02092770 0.01280007 0.01848180 0.03089225 0.02625126 0.02112592 0.02459346 0.02187098 0.02300278 0.00542841 0.02209274 0.02132814 0.03364234 0.02209274 0.02619088 0.02204511 0.02212760 0.02485132 0.02983716 0.02521593 0.01708589 0.02209274 0.02354459 0.02983610 0.02624896 0.02199073 0.01900707 0.01785135 0.02190182 0.01604601 0.03028484 0.01790878 0.01366852 0.02733656 0.02510394 0.04320103 0.01937723 0.02947932 0.02850530 0.02399811 0.00765706 0.04634161 0.03239500 0.01941581 0.02515206 0.03219683 0.03626045 0.02102372 0.01063426 0.01603337 0.01590993 0.02102372 0.02388335 0.01635720 0.02252250 0.02102372 0.02525121 0.03114319 0.03808408 0.02413618 0.02065596 0.01922336 0.02074596 0.02231548 0.01121782 
0.02714376 0.03819802 0.00000000 0.03979590 0.04113710 0.03232118 0.02781920 0.03596014 0.02213922 0.01810104 0.02164212 0.01456680 0.02406198 0.02720073 0.02626088 0.01093771 0.00757834 0.04985563 0.02946083 0.01134934 0.00806046 0.02167387 0.02578593 0.02153800 0.02070172 0.01734153 0.01737527 0.02376966 0.04942543 0.02626088 0.02468267 0.02469154 0.01585412 0.04079467 0.03726050 0.02893107 0.02284730 0.01508854 0.02165586 0.02591090 0.02220303 0.02372182 0.03874905 0.02966843 0.02101472 0.02110575 0.03418767 0.01328037 0.02098138 0.02045704 0.02767745 0.02245276 0.02901193 0.01725817 0.02825306 0.02585832 0.04210210 0.02380800 0.02375896 0.04974025 0.02805634 0.03794895 0.01971827 0.02220303 0.03105996 0.01698516 0.01890864 0.03957199 0.02539658 0.01950167 0.02220303 0.02220303 0.01342581 0.01583570 0.02000125 0.01089797 0.02220303 0.02639160 0.02542237 0.01179431 0.02554165 0.03703348 0.00853234 0.01465498 0.02143709 0.01946196 0.02529157 0.01198308 0.01185959 0.01771003 0.01015115 0.01342581 0.01437048 0.01271186 0.01465498 0.01813399 0.01009685 0.01111932 0.01499325 0.03762397 0.01827858 0.03238656 0.02057947 0.02416553 0.01271186 0.03349286 0.02884845 0.02640141 0.03576482 0.01993353 0.02606327 0.01230409 0.03297136 0.01949338 0.02712288 0.01218580 0.01443626 0.02400660 0.00853234 0.03735878 0.02900163 0.01713817 0.02757458 0.02232336 0.03724823 0.03296115 0.01725095 0.03125680 0.02707136 0.02081239 0.02220303 0.02911552 0.04239169 0.02220303 0.03669426 0.02520982 0.01087083 0.03049605 0.02592452 0.04375614 0.00557571 0.02220303 0.02189971 0.01774543 0.01914972 0.01662489 0.00383253 0.00618292 0.02512782 0.01498190 0.03191674 0.02326301 0.01449531 0.01434989 0.01995710 0.03366148 0.01491526 0.02023647 0.04778388 0.02198163 0.00494574 0.03782895 0.03092161 0.00735816 0.02783527 0.03001334 0.03951658 0.01642154 0.00952837 0.01588633 0.03376945 0.01642154 0.02194366 0.02577832 0.01660935 0.01642154 0.03888475 0.02055781 0.03003271 0.01870031 0.02723941 0.03448835 0.03117452 0.01639241 0.01385228 
0.02158756 0.04287766 0.03979590 0.00000000 0.04182116 0.03504435 0.01471714 0.04122399 0.01863535 0.02238420 0.03116396 0.02862789 0.02665759 0.03277497 0.02859523 0.01571037 0.01131740 0.04639744 0.02342889 0.01252221 0.00991346 0.03657865 0.03507488 0.03701756 0.04236522 0.02054341 0.02099753 0.03958065 0.05377576 0.02859523 0.02219968 0.04076790 0.01710647 0.03259948 0.03382166 0.02586176 0.02691053 0.01645080 0.02931752 0.02744742 0.02297727 0.03531459 0.03489864 0.02311496 0.01365379 0.04043772 0.02410436 0.01522690 0.02471684 0.02912754 0.01818153 0.02934455 0.03285698 0.02383555 0.02227178 0.02226961 0.04076751 0.04514821 0.04727443 0.05561532 0.03218194 0.02079743 0.03047754 0.02297727 0.03552673 0.01792571 0.01781141 0.03646440 0.01578964 0.02729471 0.02297727 0.02297727 0.01474838 0.01690685 0.03393202 0.01202832 0.02297727 0.02632040 0.02446031 0.01377983 0.02056000 0.02914973 0.01032401 0.01561803 0.00912452 0.00938470 0.02484859 0.01319790 0.01251541 0.01666610 0.01193451 0.01474838 0.01318339 0.01389465 0.01561803 0.01389768 0.01159365 0.01325244 0.01563533 0.03069443 0.01971892 0.03717731 0.03377188 0.01588129 0.01389465 0.03848242 0.02645056 0.01688769 0.02344118 0.02974499 0.02043061 0.01421424 0.02976685 0.02831405 0.01878918 0.01124976 0.01728240 0.02829738 0.01032401 0.01829566 0.03778259 0.02587276 0.01604628 0.03556945 0.03373094 0.02429758 0.01861227 0.01921845 0.01949715 0.01052342 0.02297727 0.02686268 0.02385291 0.02297727 0.02338753 0.01916241 0.00773339 0.02372486 0.02306909 0.04154128 0.01029446 0.02297727 0.02309394 0.01653822 0.01366161 0.01588167 0.00785107 0.00806447 0.01183220 0.01613001 0.03253304 0.01582451 0.00652915 0.01539701 0.01886688 0.02206433 0.01133421 0.02475085 0.02474681 0.00982269 0.00715038 0.03851961 0.02452416 0.00992097 0.02106026 0.03611446 0.03205533 0.01754330 0.01158066 0.01051228 0.00663251 0.01754330 0.01523081 0.01812875 0.01763589 0.01754330 0.03005997 0.02596680 0.04245882 0.01165219 0.01531346 0.03935574 0.03594978 0.01752619 0.02451950 
0.02215895 0.03509298 0.04113710 0.04182116 0.00000000 0.03748909 0.02845899 0.01709788 0.03356873 0.02662910 0.01857864 0.01669793 0.02866482 0.02853472 0.03040368 0.02053045 0.01516640 0.05209897 0.02953039 0.01269140 0.01115757 0.01994834 0.02613985 0.02216255 0.03058911 0.02306039 0.03403795 0.02357325 0.05013629 0.03040368 0.02177336 0.02454622 0.01769045 0.02205899 0.03014133 0.02889324 0.01596006 0.01700313 0.04092454 0.02263168 0.02327307 0.02455625 0.04088058 0.02008979 0.01688053 0.02328469 0.03391736 0.01580893 0.02062754 0.03693772 0.02161875 0.02323331 0.03996031 0.02130734 0.02535162 0.02462548 0.02274000 0.01942666 0.02475525 0.05070430 0.04197566 0.02031351 0.01719767 0.02327307 0.03940665 0.01852811 0.01851923 0.03455441 0.01208508 0.01876849 0.02327307 0.02327307 0.01595881 0.01748100 0.02125070 0.01259041 0.02327307 0.02973391 0.01749025 0.01445845 0.04713037 0.02739633 0.01162610 0.01641930 0.01712854 0.01649410 0.03871486 0.01466459 0.01678335 0.01552904 0.01253712 0.01595881 0.01517721 0.01481812 0.01641930 0.02414973 0.01283554 0.01353235 0.01659487 0.03269783 0.01925608 0.02185727 0.01863335 0.01837901 0.01481812 0.02442489 0.02123274 0.01140205 0.02159525 0.02235375 0.02999829 0.01446048 0.03312726 0.02131311 0.01833572 0.01544260 0.01680200 0.02651873 0.01162610 0.01845093 0.03470654 0.03443633 0.01834359 0.02083546 0.04996874 0.02773650 0.01900195 0.04162191 0.01953006 0.01757870 0.02327307 0.02116297 0.02616855 0.02327307 0.04100067 0.02651229 0.02299227 0.05571892 0.02267314 0.03220714 0.01431486 0.02327307 0.01144887 0.01934724 0.01270279 0.01640278 0.01167020 0.00933257 0.02469288 0.01661086 0.03156234 0.01616286 0.01240224 0.01501426 0.01785219 0.03729242 0.00746803 0.02984205 0.02584897 0.01625646 0.00879878 0.03632160 0.02323521 0.01197016 0.02547849 0.03139774 0.04016748 0.01819503 0.01331348 0.01054859 0.01735672 0.01819503 0.01550734 0.02551169 0.01816859 0.01819503 0.03700893 0.01356751 0.02894889 0.02043099 0.02919342 0.02548129 0.02413865 0.01804404 0.01425049 
0.02530582 0.02234320 0.03232118 0.03504435 0.03748909 0.00000000 0.03589657 0.03468824 0.02108901 0.01782508 0.01985402 0.02229663 0.03810877 0.01979772 0.03908841 0.03830596 0.03291356 0.02508183 0.01439109 0.02398177 0.02522658 0.02581604 0.01703335 0.01771372 0.01943396 0.03480515 0.02018742 0.02195090 0.02500157 0.03908841 0.02742144 0.01749302 0.02826625 0.03498036 0.02174617 0.02097683 0.02174016 0.02260555 0.02460155 0.01850198 0.02591766 0.01830782 0.02288757 0.02374617 0.02941641 0.01956205 0.02925114 0.02207827 0.02604912 0.02026159 0.02030385 0.01826897 0.01696838 0.01879434 0.01821306 0.01841689 0.02089320 0.02532542 0.02938171 0.01640638 0.02345331 0.02371304 0.01994272 0.02591766 0.02721275 0.02248901 0.02204744 0.02438951 0.02392780 0.01890886 0.02591766 0.02591766 0.02207025 0.02229033 0.02048291 0.02539313 0.02591766 0.03744291 0.02010146 0.02107261 0.02133419 0.02529879 0.01859239 0.02089361 0.02535434 0.02262893 0.02005876 0.02105930 0.02526855 0.02353938 0.01890458 0.02207025 0.01943517 0.01987228 0.02089361 0.02539270 0.01910753 0.01735418 0.02905444 0.02620951 0.02360894 0.02268797 0.01802372 0.02365665 0.01987228 0.02054494 0.02431047 0.01770787 0.01995880 0.02368853 0.01563217 0.01784537 0.01964896 0.01559130 0.01904446 0.02792978 0.02661825 0.02250215 0.01859239 0.02205664 0.02968207 0.03027688 0.02769864 0.02199680 0.01638665 0.02031211 0.02292229 0.02027514 0.02545088 0.01891137 0.02591766 0.02431992 0.02075861 0.02591766 0.02364242 0.01787761 0.02023314 0.01854752 0.01875322 0.01923689 0.03191126 0.02591766 0.01928836 0.02374091 0.02791801 0.02027281 0.03061765 0.02492607 0.02204639 0.02158820 0.02813867 0.02342348 0.02368737 0.02602453 0.02170508 0.02546417 0.02666607 0.01780060 0.01870202 0.02151883 0.02258426 0.01664125 0.01894977 0.02910884 0.02205165 0.01824136 0.01578937 0.02303777 0.02558227 0.02540090 0.02380050 0.02303777 0.02127903 0.03256193 0.02265211 0.02303777 0.01907053 0.02172967 0.02114820 0.02207221 0.02584579 0.01641819 0.02008428 0.02265036 0.02658887 
0.02556100 0.02386758 0.02781920 0.01471714 0.02845899 0.03589657 0.00000000 0.02370576 0.02620295 0.05710162 0.02260934 0.01746437 0.02782448 0.02592178 0.02959360 0.01984834 0.01610405 0.03044171 0.01878439 0.00716048 0.01897245 0.00567867 0.03160805 0.01512264 0.02981912 0.02295312 0.04846895 0.04619290 0.02690227 0.02959360 0.03776770 0.03067327 0.02913002 0.02229282 0.01479850 0.02774734 0.02051789 0.01842989 0.02151392 0.02900560 0.02342573 0.02678885 0.03351950 0.01918214 0.00687297 0.02311520 0.02495302 0.02419757 0.00649317 0.03692842 0.03307108 0.02130317 0.03398806 0.01389550 0.00908446 0.02980642 0.02085834 0.01231136 0.02910205 0.02327399 0.02171272 0.03225556 0.02258678 0.02342573 0.04378271 0.02096071 0.02146732 0.01478660 0.01790636 0.02048852 0.02342573 0.02342573 0.02333097 0.02004496 0.01856245 0.01058917 0.02342573 0.02783481 0.01549634 0.02544270 0.01796176 0.01865949 0.02832577 0.02985073 0.03372002 0.01923135 0.01059975 0.02467569 0.02302101 0.02239085 0.02106892 0.02333097 0.02230073 0.03142249 0.02985073 0.01364764 0.02936178 0.03768335 0.02188091 0.02392055 0.01683151 0.01955600 0.01389852 0.02346170 0.03142249 0.02040943 0.02201795 0.02348352 0.02136675 0.02935826 0.01824874 0.03832177 0.03476322 0.03244435 0.02360439 0.04311442 0.01761052 0.02638535 0.02832577 0.02009843 0.00785158 0.03101358 0.02471800 0.02532473 0.02054094 0.00943587 0.02098943 0.02524661 0.02758301 0.02355110 0.02342573 0.02117302 0.02449917 0.02342573 0.03036614 0.02157691 0.05258300 0.02427124 0.02304380 0.02737164 0.03759840 0.02342573 0.02613932 0.01122064 0.01876547 0.02042872 0.01864815 0.01467786 0.01206293 0.01775880 0.01851079 0.03692546 0.01481468 0.00887576 0.02644450 0.02929050 0.01530776 0.02956708 0.01494081 0.01734053 0.01649849 0.02104153 0.01653341 0.01936190 0.01368640 0.03744300 0.02591675 0.01923820 0.01976040 0.01568112 0.02312753 0.01923820 0.02903036 0.01052938 0.01976274 0.01923820 0.02376073 0.00965190 0.02984554 0.03362713 0.02740758 0.01377922 0.02370661 0.01963388 0.00967084 
0.02652611 0.01931722 0.03596014 0.04122399 0.01709788 0.03468824 0.02370576 0.00000000 0.00719957 0.03577202 0.05601122 0.02648222 0.02702407 0.03802064 0.02872135 0.02478282 0.02868740 0.02817476 0.02228320 0.02280385 0.00895276 0.03369320 0.01608280 0.00539635 0.01641992 0.03164479 0.01520802 0.01964973 0.02732210 0.02872135 0.01074302 0.02783683 0.01309370 0.04782639 0.03521893 0.01589525 0.01023222 0.01989684 0.02717530 0.02564771 0.02311846 0.01864683 0.04664086 0.02292061 0.02960216 0.03715367 0.02146832 0.01717940 0.01685433 0.03385941 0.02215307 0.02056898 0.01831378 0.03464543 0.01788140 0.03575758 0.02843549 0.03090617 0.02281116 0.03413629 0.03826546 0.03433570 0.02030478 0.02311846 0.01630237 0.02478271 0.02014834 0.03781232 0.03646246 0.02424335 0.02311846 0.02311846 0.01733219 0.02256284 0.01116497 0.01449496 0.02311846 0.01910058 0.02892297 0.01641698 0.01758909 0.02602564 0.01503186 0.01921503 0.02643175 0.02521230 0.02238301 0.01648440 0.01619528 0.02026024 0.01906677 0.01733219 0.01737983 0.01847240 0.01921503 0.01044761 0.01630154 0.01704470 0.01276314 0.02679392 0.02472176 0.03139087 0.04691025 0.01582259 0.01847240 0.00660470 0.03049263 0.00879179 0.04723826 0.01625110 0.01833843 0.01801573 0.03131763 0.02967324 0.02044328 0.01462650 0.01125706 0.01898606 0.01503186 0.02003759 0.02580958 0.02102216 0.02575906 0.02437344 0.03063312 0.01451862 0.02862085 0.02163083 0.02944946 0.03030802 0.02311846 0.02403960 0.03650636 0.02311846 0.01528948 0.01891988 0.02210533 0.01400409 0.01678182 0.02923690 0.01866794 0.02311846 0.02488883 0.01191916 0.02779056 0.02065718 0.01258201 0.01057454 0.02417238 0.01978147 0.02844659 0.03684597 0.02564764 0.01618764 0.04137254 0.02563629 0.01318366 0.02430628 0.03179344 0.03459056 0.02249197 0.02257865 0.03333207 0.01644203 0.02007189 0.01945841 0.02978835 0.02022247 0.02079492 0.02007796 0.02908391 0.02022247 0.01386376 0.01358717 0.02135768 0.02022247 0.02092634 0.02202675 0.01187078 0.03851556 0.02933626 0.02240064 0.03160461 0.02111110 0.00984689 
0.02392397 0.03069611 0.02213922 0.01863535 0.03356873 0.02108901 0.02620295 0.00719957 0.00000000 0.01666879 0.02005137 0.03636082 0.02367928 0.01595104 0.02584789 0.01131883 0.01044470 0.02023771 0.02945900 0.02137939 0.02146696 0.01834179 0.03421865 0.03282516 0.03150563 0.02256493 0.01384262 0.02716332 0.02360784 0.02584789 0.01866416 0.02391447 0.02748968 0.01741760 0.01687599 0.02399564 0.03212172 0.01568879 0.02273262 0.02574078 0.02163409 0.01802379 0.02207460 0.02003799 0.01489086 0.01639503 0.03864469 0.02313424 0.01848200 0.02615871 0.02551436 0.02586550 0.02904600 0.03111954 0.03088231 0.03978520 0.02060885 0.02400720 0.02226463 0.01806183 0.02278745 0.02935410 0.02380259 0.02163409 0.01339319 0.01439282 0.02773956 0.05085873 0.01732253 0.02772542 0.02163409 0.02163409 0.02307094 0.01885257 0.02028029 0.01827605 0.02163409 0.04356217 0.01901934 0.02496609 0.02080001 0.01867798 0.03015002 0.03236895 0.01574719 0.02095258 0.01344878 0.02498674 0.02872999 0.00943843 0.02403948 0.02307094 0.02429809 0.03545899 0.03236895 0.01902694 0.03204502 0.02474118 0.01627245 0.01732798 0.02019225 0.01917237 0.02274304 0.02467693 0.03545899 0.02219191 0.02054939 0.05294857 0.02771052 0.02141912 0.02964433 0.02678070 0.01088840 0.01858472 0.02367654 0.03507244 0.01549130 0.01112870 0.03015002 0.03049441 0.01625866 0.03061748 0.01260233 0.02890813 0.02624360 0.02636858 0.01839912 0.01133759 0.01992268 0.02899738 0.02163409 0.02004782 0.02879888 0.02163409 0.01319643 0.02880124 0.02018173 0.03281967 0.02777306 0.03546442 0.04048211 0.02163409 0.02110741 0.01899121 0.02217442 0.02079054 0.01057004 0.01743744 0.01639364 0.01712769 0.02943471 0.01326647 0.02474478 0.02577498 0.03355325 0.03398050 0.01461926 0.02111570 0.01328382 0.02870011 0.01996869 0.03209459 0.02762889 0.02517209 0.02409784 0.03408330 0.02974327 0.01694214 0.02547132 0.03518650 0.01352449 0.01694214 0.01666544 0.01769218 0.01759668 0.01694214 0.01769968 0.02517161 0.02421793 0.02675435 0.02815101 0.03668544 0.02641572 0.01736885 0.02279178 
0.02475420 0.02349431 0.01810104 0.02238420 0.02662910 0.01782508 0.05710162 0.03577202 0.01666879 0.00000000 0.03636873 0.01933000 0.01981867 0.01727181 0.02173828 0.02086964 0.03374339 0.03190710 0.02906350 0.03670297 0.02763791 0.02456228 0.02893449 0.02190884 0.01800971 0.02695346 0.04109630 0.03054769 0.02910365 0.02173828 0.02028550 0.03684510 0.02876718 0.01831088 0.02096954 0.03251099 0.02114088 0.02005892 0.02853622 0.03034792 0.02171915 0.02397465 0.02283542 0.01822367 0.03044439 0.02689625 0.02757758 0.02363496 0.03032492 0.03724860 0.02968105 0.02107335 0.02522959 0.02455373 0.02505628 0.03825946 0.02653398 0.01966635 0.02759389 0.02716424 0.01984097 0.03315607 0.02292333 0.02171915 0.01587365 0.02614272 0.02066993 0.01761265 0.02988941 0.01002861 0.02171915 0.02171915 0.02716573 0.03147362 0.02553395 0.03762579 0.02171915 0.02023190 0.01456800 0.02095342 0.02948831 0.01338347 0.02048870 0.01933162 0.01063839 0.01707582 0.02462127 0.02301726 0.02168084 0.02084164 0.02451478 0.02716573 0.01667623 0.01894092 0.01933162 0.01743502 0.02246507 0.02292729 0.01828349 0.01933841 0.03437643 0.02069997 0.02402758 0.01293940 0.01894092 0.02127182 0.02013475 0.01768725 0.03506342 0.03746461 0.01232596 0.02461554 0.02608267 0.03095248 0.02105153 0.01807640 0.01762499 0.02482518 0.02048870 0.01859282 0.02106061 0.02608742 0.02592081 0.02438456 0.02492028 0.01570655 0.02361220 0.03351432 0.02784904 0.01228881 0.02171915 0.01974734 0.02852464 0.02171915 0.01469870 0.02842281 0.05033403 0.02670745 0.02358933 0.02153982 0.01715074 0.02171915 0.02103334 0.01959763 0.01112647 0.01657312 0.02901987 0.02974276 0.01753721 0.02091666 0.01279327 0.02790455 0.02088389 0.02725579 0.02680928 0.01246561 0.02104175 0.02841147 0.02143215 0.02229830 0.02075956 0.02635874 0.01747376 0.02439024 0.02216260 0.03931353 0.02054829 0.02064742 0.01994041 0.01657337 0.01941169 0.02064742 0.01336177 0.01287649 0.02232213 0.02064742 0.02099729 0.00913282 0.01595295 0.04073220 0.01742234 0.01812386 0.02919137 0.02216616 0.02005326 
0.02255454 0.02816994 0.02164212 0.03116396 0.01857864 0.01985402 0.02260934 0.05601122 0.02005137 0.03636873 0.00000000 0.03463916 0.02173070 0.02082841 0.02340651 0.01746356 0.02342128 0.02151982 0.03435207 0.02501566 0.02772607 0.02131375 0.01847477 0.02020134 0.01603484 0.01890463 0.02727825 0.01777791 0.01972971 0.02340651 0.03875885 0.01887489 0.04484523 0.02410092 0.02566538 0.02142787 0.03617976 0.01955268 0.01702803 0.03317776 0.02186804 0.02874719 0.01659563 0.01461792 0.02648043 0.03200462 0.01476291 0.02967776 0.03080356 0.01730303 0.01481054 0.03025434 0.02206052 0.03681494 0.02239467 0.03270252 0.01270437 0.02322629 0.01564161 0.02386483 0.02609917 0.02628936 0.02355503 0.02186804 0.03151004 0.02265816 0.02102951 0.03046362 0.02921097 0.02066247 0.02186804 0.02186804 0.02563744 0.02321608 0.02069048 0.02539737 0.02186804 0.00815679 0.02242184 0.03119594 0.01403248 0.02100861 0.02752621 0.02379900 0.02542892 0.02668761 0.02021716 0.02468298 0.03199309 0.03900382 0.02323399 0.02563744 0.03134110 0.02436834 0.02379900 0.02609486 0.02462799 0.02280253 0.02207194 0.02819406 0.02728218 0.02639135 0.03060704 0.01061229 0.02436834 0.01504171 0.02291441 0.02494535 0.01866055 0.03578151 0.01541091 0.01996996 0.02571547 0.02137925 0.02347873 0.01660212 0.03043665 0.02295226 0.02752621 0.02035198 0.03184213 0.01565616 0.01369742 0.02025869 0.03353297 0.01588012 0.02252988 0.01894428 0.01453274 0.02079581 0.02186804 0.02575952 0.01966397 0.02186804 0.02342448 0.01783835 0.02755935 0.00971565 0.02272696 0.01857798 0.03080776 0.02186804 0.02384787 0.02488357 0.01203653 0.01698624 0.02630109 0.03350205 0.02546483 0.02734858 0.01475095 0.02302878 0.03026629 0.03317260 0.03588916 0.01664465 0.02722884 0.01563863 0.01029904 0.03150246 0.02267714 0.01682794 0.02089556 0.02563452 0.02602401 0.01413188 0.01891055 0.02085939 0.01796821 0.01576641 0.00694530 0.02085939 0.01673597 0.01788556 0.02191716 0.02085939 0.02875859 0.03663997 0.02285080 0.01616098 0.02911267 0.02445022 0.02545917 0.02174160 0.02842218 
0.02100153 0.02727938 0.01456680 0.02862789 0.01669793 0.02229663 0.01746437 0.02648222 0.03636082 0.01933000 0.03463916 0.00000000 0.02398609 0.02767315 0.02540814 0.02823280 0.02497585 0.01818157 0.02905872 0.03506133 0.02393350 0.04203938 0.01494482 0.02490805 0.02079407 0.02553418 0.02100953 0.01354076 0.01606255 0.02540814 0.02080383 0.01423499 0.02680942 0.02127525 0.01823637 0.02522561 0.02373422 0.02200182 0.03045302 0.02474647 0.02215640 0.03338404 0.02325381 0.01350336 0.03165833 0.02052841 0.03371906 0.02146563 0.02298955 0.01878797 0.02921909 0.03186381 0.02542254 0.03596822 0.02441629 0.02616476 0.01801368 0.03951970 0.01871358 0.01577827 0.02396159 0.01991896 0.04303722 0.02215640 0.02023001 0.01674062 0.01794017 0.01712441 0.01767371 0.02658416 0.02215640 0.02215640 0.03691958 0.02856977 0.01649671 0.04141058 0.02215640 0.01962672 0.01963622 0.02042573 0.01646995 0.02862852 0.02356978 0.01731685 0.00663546 0.01138308 0.02654732 0.03285232 0.02829699 0.01668100 0.01976056 0.03691958 0.01760727 0.01573729 0.01731685 0.01357709 0.02019165 0.02834393 0.02227282 0.02809950 0.02899171 0.02144268 0.03102845 0.01669859 0.01573729 0.02464733 0.02007184 0.02603213 0.01303362 0.05037283 0.01886475 0.02606859 0.01802364 0.03341351 0.02570465 0.02352861 0.02757716 0.02652427 0.02356978 0.01775580 0.02712222 0.02499727 0.02015854 0.03438120 0.02203959 0.01331694 0.02579994 0.02473944 0.02850223 0.00871173 0.02215640 0.03532715 0.01715145 0.02215640 0.04804638 0.01908659 0.01632542 0.02324280 0.02702871 0.01112778 0.02089669 0.02215640 0.02029970 0.00994318 0.02757454 0.01524360 0.03641200 0.02524621 0.01718279 0.03089120 0.02295843 0.01620095 0.01344111 0.04112779 0.03689317 0.01769875 0.02352971 0.02102437 0.02101161 0.02492781 0.01712236 0.02641932 0.04055816 0.02108337 0.01435365 0.01779185 0.02337857 0.02216315 0.02011442 0.02364722 0.01900802 0.02216315 0.01429728 0.01360365 0.02399214 0.02216315 0.02243281 0.02178248 0.00601198 0.03306844 0.03175030 0.02739144 0.02182613 0.02311304 0.03018618 
0.02543002 0.01708249 0.02406198 0.02665759 0.02866482 0.03810877 0.02782448 0.02702407 0.02367928 0.01981867 0.02173070 0.02398609 0.00000000 0.02043475 0.04099897 0.02988919 0.03025759 0.02763512 0.01569307 0.02524584 0.02284711 0.02435594 0.01694902 0.01762437 0.01927770 0.03720370 0.01878014 0.01871694 0.02757328 0.04099897 0.02897491 0.02027655 0.02948791 0.03707400 0.02454606 0.02037709 0.02109695 0.02269880 0.01841396 0.01797635 0.02588365 0.01832901 0.02545203 0.02179096 0.02753446 0.02129633 0.02631296 0.02221230 0.02889569 0.02316335 0.01972768 0.01836173 0.01660285 0.01814371 0.01814282 0.01842848 0.02014764 0.02336984 0.02741068 0.01635574 0.03357146 0.02384356 0.02012983 0.02588365 0.03653741 0.02238118 0.02216043 0.02393920 0.02044214 0.01892649 0.02588365 0.02588365 0.02219469 0.02239019 0.01998376 0.02467578 0.02588365 0.02878161 0.01867333 0.02122241 0.02043751 0.02518477 0.01872103 0.02099649 0.02454660 0.02130667 0.02244711 0.02120586 0.02773056 0.02282243 0.01884683 0.02219469 0.01958926 0.01992505 0.02099649 0.02365542 0.01920693 0.01741059 0.02704497 0.02534677 0.02220827 0.01793601 0.01786679 0.02244588 0.01992505 0.03042897 0.02440175 0.01757564 0.02000404 0.02284581 0.01554343 0.01788245 0.01927575 0.02212697 0.01918114 0.02954218 0.02641970 0.02080405 0.01872103 0.02217411 0.02147134 0.02091766 0.02659599 0.02206784 0.01638045 0.01959350 0.02294253 0.01941906 0.02397398 0.01876610 0.02588365 0.02440975 0.01797837 0.02588365 0.02651158 0.02560428 0.02815136 0.01859077 0.01842661 0.01915126 0.04065313 0.02588365 0.01932344 0.02291016 0.03092053 0.02034646 0.02954286 0.02401768 0.02125996 0.02169434 0.02635554 0.02233560 0.03103319 0.02527671 0.02718039 0.02116593 0.02489127 0.02512420 0.01864330 0.02076182 0.02641583 0.01675448 0.01897066 0.02670456 0.02189861 0.01827875 0.01596210 0.02312490 0.03666133 0.02346136 0.02870679 0.02312490 0.03071535 0.02419298 0.03092429 0.02312490 0.01896509 0.02210545 0.02043502 0.02172454 0.02136215 0.02050792 0.01938799 0.02276427 0.02522307 
0.02091681 0.01544271 0.02720073 0.03277497 0.02853472 0.01979772 0.02592178 0.03802064 0.01595104 0.01727181 0.02082841 0.02767315 0.02043475 0.00000000 0.02138019 0.03164491 0.02534421 0.01459894 0.01341346 0.02800639 0.03076937 0.02996088 0.02315370 0.02118458 0.02119163 0.02138503 0.02799193 0.02768124 0.01800068 0.02138019 0.00835021 0.02594206 0.01960018 0.01915460 0.03224081 0.01717692 0.01165011 0.03311773 0.02339163 0.01077676 0.02151616 0.01619843 0.01971664 0.02112368 0.02126718 0.02432515 0.01181398 0.01852283 0.03736455 0.01441735 0.01658170 0.02282807 0.02021260 0.02247483 0.02994319 0.02242606 0.03250304 0.03957177 0.02104904 0.03958423 0.03442966 0.02110444 0.02055826 0.02151616 0.05871687 0.03257617 0.01935129 0.00857866 0.01290941 0.02379849 0.02151616 0.02151616 0.01866879 0.02915710 0.01622304 0.02052616 0.02151616 0.02004707 0.02273167 0.01892390 0.01844750 0.03036350 0.02066011 0.02483166 0.01068373 0.01803142 0.01759905 0.01917238 0.01823542 0.00918905 0.02406213 0.01866879 0.01708286 0.02571282 0.02483166 0.02349113 0.02248005 0.01575826 0.02914488 0.02945780 0.02771994 0.03665303 0.01843815 0.01925045 0.02571282 0.01773433 0.01959869 0.01954456 0.02915196 0.02101654 0.02509967 0.01765253 0.01766575 0.01547778 0.02621273 0.03478375 0.02712833 0.01629903 0.02066011 0.03506362 0.02970042 0.01020873 0.01860354 0.03698665 0.01979931 0.01550212 0.03571368 0.02249784 0.02523806 0.02490682 0.02151616 0.02005657 0.01881423 0.02151616 0.03542149 0.01302032 0.01955329 0.02288044 0.02316413 0.03009408 0.02279968 0.02151616 0.03763631 0.03789458 0.02659950 0.02767166 0.02692740 0.02376001 0.02030409 0.02665533 0.02445401 0.01640918 0.02313014 0.01106442 0.01061373 0.01134438 0.03396105 0.01467641 0.03144997 0.01002306 0.04835921 0.02038979 0.01871634 0.03280333 0.03374168 0.02077427 0.01767575 0.03033298 0.02215130 0.02648458 0.03469305 0.03033298 0.02864910 0.05328046 0.02906926 0.03033298 0.03382889 0.02077882 0.01830323 0.01051695 0.01733975 0.01878965 0.03351352 0.02895470 0.04013096 
0.02563289 0.01903223 0.02626088 0.02859523 0.03040368 0.03908841 0.02959360 0.02872135 0.02584789 0.02173828 0.02340651 0.02540814 0.04099897 0.02138019 0.00000000 0.03196059 0.02796341 0.02946919 0.01738493 0.02630154 0.02123882 0.02283918 0.01718292 0.01785102 0.01927074 0.03852127 0.01889951 0.01826798 0.02942543 0.04173158 0.03001240 0.02269452 0.03022424 0.03807783 0.02667351 0.01983445 0.02060110 0.02294981 0.01852077 0.01778576 0.02579346 0.01881177 0.02235193 0.02037009 0.02482378 0.01994905 0.02824756 0.02249573 0.03104260 0.02588628 0.01897608 0.01887255 0.01670153 0.01747131 0.01843034 0.01884105 0.01943091 0.02203598 0.02393638 0.01679612 0.02882379 0.02401498 0.02059850 0.02579346 0.03151736 0.02247065 0.02243967 0.02293117 0.02023702 0.01926793 0.02579346 0.02579346 0.02248168 0.02265847 0.01963224 0.02361777 0.02579346 0.02946556 0.01810883 0.02161223 0.01950582 0.02369040 0.01925027 0.02146094 0.02352552 0.02062244 0.02476534 0.02159616 0.02972316 0.02197513 0.01913967 0.02248168 0.02009639 0.02024031 0.02146094 0.02274089 0.01964994 0.01797588 0.02793961 0.02586679 0.02048348 0.01978828 0.01797838 0.02536171 0.02024031 0.02654678 0.02451507 0.01763064 0.02039289 0.02193280 0.01595645 0.01837572 0.01912832 0.02058466 0.01971297 0.03099557 0.02459155 0.01967128 0.01925027 0.02245128 0.02454343 0.02423906 0.02870061 0.02232934 0.01684888 0.01875043 0.02319820 0.01914931 0.02163323 0.01893933 0.02579346 0.02452496 0.01929747 0.02579346 0.02896284 0.02237665 0.02548331 0.01901969 0.01822234 0.01944750 0.03710352 0.02579346 0.01972529 0.02193757 0.03333720 0.02072990 0.02763802 0.02288161 0.02053584 0.02211429 0.02822093 0.02100266 0.02724853 0.02409604 0.02434916 0.02044358 0.02350629 0.02275154 0.01829294 0.01972158 0.02989089 0.01727587 0.01917036 0.02936395 0.02181655 0.01860634 0.01660082 0.02343124 0.03225542 0.02207357 0.03189674 0.02343124 0.02947270 0.02649595 0.02311589 0.02343124 0.01916191 0.02101245 0.01969259 0.02105661 0.02211478 0.01923278 0.01883749 0.02312769 0.02361121 
0.02274004 0.01717617 0.01093771 0.01571037 0.02053045 0.03830596 0.01984834 0.02478282 0.01131883 0.02086964 0.01746356 0.02823280 0.02988919 0.03164491 0.03196059 0.00000000 0.04505232 0.01038912 0.02395503 0.03948442 0.03902631 0.03573910 0.01100798 0.01155910 0.01581615 0.04013019 0.02689258 0.03335748 0.01012488 0.03196059 0.02769754 0.01222937 0.03165767 0.02496676 0.00725907 0.02292407 0.02291687 0.04211340 0.03357154 0.01665199 0.02360325 0.01295727 0.01937311 0.02668568 0.03444949 0.02797073 0.02712101 0.01675289 0.02410137 0.02158930 0.02422930 0.01242689 0.01298045 0.02149832 0.02052815 0.01292662 0.01905662 0.02176963 0.02228094 0.01018427 0.01976525 0.01898761 0.01325624 0.02360325 0.02132809 0.02460075 0.01673669 0.02958295 0.03233855 0.01436832 0.02360325 0.02360325 0.01670553 0.02008223 0.01702861 0.03270785 0.02360325 0.03461963 0.02822888 0.01549421 0.02599301 0.03189732 0.01267903 0.01695719 0.03053411 0.02138146 0.02379972 0.01533453 0.02323332 0.02755590 0.02671711 0.01670553 0.01360736 0.01563015 0.01695719 0.01968538 0.01378234 0.01111085 0.02495071 0.02135075 0.02651072 0.02092311 0.01446185 0.02657426 0.01563015 0.02762429 0.02002448 0.01434930 0.02703345 0.02978989 0.01071622 0.01205186 0.01817769 0.02332361 0.01244324 0.02175687 0.03503064 0.02650040 0.01267903 0.01644446 0.02205983 0.02099049 0.03402215 0.01900832 0.00982610 0.02256370 0.03277842 0.02011529 0.02069106 0.02564209 0.02360325 0.02007455 0.02461020 0.02360325 0.02772600 0.02640293 0.03112895 0.01383167 0.01690890 0.02682930 0.01752454 0.02360325 0.03365690 0.02900333 0.03282794 0.03603767 0.04467768 0.02470854 0.01781175 0.03394363 0.03282396 0.02434944 0.02698749 0.02979141 0.02665373 0.02500764 0.02635610 0.02096944 0.01312827 0.01965912 0.03392615 0.00878645 0.01376823 0.04644006 0.01967118 0.01212582 0.00691874 0.03786447 0.03125280 0.01585228 0.02584815 0.03786447 0.02478197 0.01920109 0.03585277 0.03786447 0.02398330 0.03774142 0.02111971 0.02556219 0.02905387 0.02515428 0.01926658 0.03579113 0.03445026 
0.02182299 0.01905233 0.00757834 0.01131740 0.01516640 0.03291356 0.01610405 0.02868740 0.01044470 0.03374339 0.02342128 0.02497585 0.03025759 0.02534421 0.02796341 0.04505232 0.00000000 0.00870562 0.02833464 0.03583030 0.03918625 0.04007774 0.01063421 0.01513358 0.01377972 0.04299301 0.02741055 0.02862720 0.00833907 0.02796341 0.02854447 0.01524103 0.03360083 0.02039892 0.00771834 0.02248544 0.02419232 0.02086613 0.03212074 0.01511540 0.02373657 0.01529141 0.02460413 0.02571839 0.04214671 0.02744423 0.02458346 0.01685688 0.02817863 0.02297637 0.02440183 0.01519196 0.01585172 0.01994788 0.01560817 0.01281365 0.01455125 0.02769271 0.02190209 0.00926153 0.02810263 0.01813270 0.01201069 0.02373657 0.02585007 0.04676751 0.01559445 0.03078182 0.03564828 0.01474676 0.02373657 0.02373657 0.01697248 0.02259322 0.02246182 0.03927829 0.02373657 0.02380843 0.01491660 0.01712545 0.02471682 0.03217566 0.01719901 0.01609985 0.03227959 0.02712720 0.02717469 0.02840620 0.02063870 0.02189178 0.01991448 0.01697248 0.01971825 0.01416637 0.01609985 0.02252907 0.01458936 0.01385860 0.02831853 0.02367740 0.02773784 0.02503920 0.01781021 0.02662160 0.01416637 0.02694024 0.01923790 0.01659821 0.02146190 0.03118990 0.01138734 0.01133006 0.02760523 0.02526887 0.02334966 0.02391566 0.02418287 0.02245870 0.01719901 0.01532747 0.03079104 0.02231750 0.02969264 0.02037715 0.00988999 0.02179307 0.03957238 0.01667030 0.02041426 0.01521748 0.02373657 0.01927079 0.01609528 0.02373657 0.03246992 0.02593228 0.03896503 0.01443275 0.01517494 0.01767647 0.01922508 0.02373657 0.01685290 0.02631294 0.02121749 0.01782363 0.05281160 0.03989557 0.02832003 0.02066010 0.02328025 0.03723644 0.03482666 0.03371917 0.02972636 0.02297523 0.03342709 0.02900870 0.01868852 0.03347665 0.02497067 0.00771687 0.01421799 0.04105146 0.02118839 0.01177945 0.00554433 0.01986609 0.03246879 0.03254482 0.03639549 0.01986609 0.02084470 0.03114020 0.02119652 0.01986609 0.02370943 0.02772605 0.02699303 0.02420703 0.02767496 0.02829804 0.01815841 0.02220081 0.03812020 
0.02152006 0.04364623 0.04985563 0.04639744 0.05209897 0.02508183 0.03044171 0.02817476 0.02023771 0.03190710 0.02151982 0.01818157 0.02763512 0.01459894 0.02946919 0.01038912 0.00870562 0.00000000 0.02550047 0.01689146 0.00880556 0.01707807 0.02958019 0.02723882 0.03723672 0.02168344 0.03156564 0.03019653 0.07659039 0.02946919 0.02697915 0.04012843 0.02048867 0.03484757 0.04158733 0.02604108 0.02837085 0.01566968 0.02563253 0.03490553 0.02257046 0.03013228 0.03366052 0.02596343 0.01231295 0.03469721 0.03463576 0.01443862 0.02478405 0.02612676 0.02677588 0.01468617 0.04649630 0.02312236 0.02158022 0.02586500 0.03004891 0.01874364 0.02508796 0.05593011 0.03684184 0.02106351 0.02117264 0.02257046 0.03693831 0.01658237 0.01832192 0.02485991 0.01936571 0.01048012 0.02257046 0.02257046 0.01429090 0.01610467 0.02531524 0.01371808 0.02257046 0.02968710 0.02252968 0.01290068 0.02750420 0.01249698 0.00928618 0.01500785 0.01239185 0.01134899 0.03228878 0.01273271 0.02216837 0.03065600 0.01028627 0.01429090 0.02178218 0.01286336 0.01500785 0.02603362 0.01058986 0.01179293 0.01701143 0.02710374 0.01454675 0.02777476 0.02096031 0.02111127 0.01286336 0.01740341 0.03442650 0.02114299 0.02381034 0.01448136 0.01995922 0.01279019 0.03306637 0.01771827 0.01829944 0.01591809 0.01280057 0.02195171 0.00928618 0.01828331 0.02198325 0.01864887 0.02999863 0.02311177 0.03249644 0.01935521 0.01708629 0.02382528 0.02422075 0.01144941 0.02257046 0.03454043 0.03144078 0.02257046 0.02695253 0.03044781 0.02521589 0.04306658 0.02404995 0.03554267 0.01152786 0.02257046 0.02294244 0.02074806 0.00912376 0.01586697 0.00710277 0.00860541 0.01597109 0.01547998 0.02483600 0.02704838 0.01005064 0.01726951 0.01859321 0.04196838 0.01700387 0.03498896 0.02907238 0.01941334 0.00505429 0.04471542 0.02861192 0.01033970 0.03155262 0.03708619 0.03979559 0.01707236 0.01024010 0.02138692 0.00918082 0.01707236 0.01295783 0.02242943 0.01705519 0.01707236 0.02455167 0.02883943 0.04633066 0.03970042 0.01395568 0.02115028 0.03059200 0.01693775 0.00349795 
0.02165448 0.03220460 0.02946083 0.02342889 0.02953039 0.01439109 0.01878439 0.02228320 0.02945900 0.02906350 0.03435207 0.02905872 0.01569307 0.01341346 0.01738493 0.02395503 0.02833464 0.02550047 0.00000000 0.01273608 0.02187145 0.02154677 0.02001548 0.02370910 0.02733579 0.01716722 0.03339639 0.03450374 0.02217367 0.01738493 0.02634496 0.02048364 0.03151211 0.02545240 0.02502239 0.03401001 0.02846558 0.01957641 0.03614365 0.02385269 0.02083260 0.02817473 0.02135821 0.03008412 0.02685072 0.01779323 0.02764480 0.02560916 0.01822306 0.02716875 0.02618173 0.01972775 0.02866743 0.02856682 0.02226238 0.02906224 0.02226381 0.02640407 0.01768343 0.02497967 0.02147149 0.02491664 0.03014529 0.02083260 0.01272208 0.03104495 0.02144349 0.03562526 0.02641558 0.01865680 0.02083260 0.02083260 0.02612430 0.02406722 0.01438518 0.02697595 0.02083260 0.02230360 0.02074890 0.02451561 0.03031858 0.02495867 0.02520083 0.01818542 0.02099425 0.01575606 0.01637525 0.02499739 0.02510006 0.02078215 0.02137160 0.02612430 0.03123392 0.01765502 0.01818542 0.02011293 0.02267001 0.02678078 0.01766735 0.02300072 0.02305910 0.02652356 0.03200413 0.01682932 0.01765502 0.03454065 0.02903605 0.02480280 0.02199982 0.03926545 0.02433218 0.02482724 0.03169244 0.02000653 0.02533855 0.02069608 0.02985247 0.04138257 0.02520083 0.02106035 0.02173159 0.03045416 0.01663272 0.02843736 0.03001260 0.01866241 0.02424493 0.02766913 0.01771116 0.01509425 0.02083260 0.02446784 0.03224934 0.02083260 0.03341245 0.03324715 0.02257777 0.02706371 0.02877748 0.02474054 0.01908646 0.02083260 0.01733341 0.00975219 0.01774410 0.01753211 0.02867315 0.02072688 0.02261545 0.02244120 0.03290649 0.01749080 0.02464002 0.02920578 0.03428359 0.01902205 0.02110715 0.02259939 0.02377381 0.01635896 0.01555016 0.03602347 0.02750939 0.01594992 0.01999714 0.02526973 0.03241946 0.02049887 0.01673664 0.01006157 0.01448136 0.02049887 0.01463781 0.01006468 0.02240807 0.02049887 0.01524425 0.02232704 0.01320458 0.03174557 0.03282382 0.03227220 0.01476407 0.02221345 0.01988539 
