0.00000000 0.43088098 0.38335864 0.28997208 0.25581459 0.21384821 0.24313787 0.20638448 0.19227086 0.31459902 0.19975227 0.21386257 0.20417197 0.16270868 0.18149344 0.22400518 0.19941838 0.18458731 0.17267910 0.19715215 0.16342642 0.22286462 0.18781493 0.18755495 0.21145597 0.19039787 0.19283387 0.20422410 0.20789456 0.24500395 0.25395474 0.23224934 0.23396456 0.22115332 0.22314513 0.19323249 0.22157498 0.20886592 0.21200578 0.16368234 0.18466798 0.20338171 0.17455750 0.17271473 0.20638306 0.15440166 0.29589291 0.21242103 0.17995514 0.17193599 0.21057173 0.20630192 0.22002262 0.22231487 0.23102027 0.18425305 0.20948048 0.17906902 0.19216052 0.19291378 0.21391136 0.20106609 0.21086497 0.23544321 0.21352109 0.21713221 0.19780991 0.22411068 0.21408295 0.19644905 0.20047911 0.20994283 0.20073624 0.20599299 0.18694020 0.19333816 0.18619981 0.18657843 0.15704816 0.21367281 0.21582555 0.20111837 0.19846253 0.19241123 0.25147522 0.16807744 0.16407606 0.20932292 0.19916860 0.17782829 0.20022523 0.19200895 0.16084004 0.23582947 0.21550573 0.17551338 0.19788299 0.16443758 0.19178792 0.17086830 0.19238679 0.22266925 0.20218092 0.19017247 0.20400222 0.22024424 0.21427498 0.21581511 0.22669056 0.17958225 0.21082775 0.20846283 0.19671291 0.19502114 0.19276672 0.18848826 0.20848596 0.21913292 0.16318250 0.18741041 0.18518422 0.17595965 0.19709665 0.17686620 0.18993364 0.18211010 0.18304213 0.17324255 0.19277499 0.19091836 0.19169162 0.19670489 0.19826429 0.21095819 0.18853166 
0.43088098 0.00000000 0.35525235 0.30369312 0.28062235 0.19800876 0.18885913 0.24156019 0.17781910 0.20772168 0.18467377 0.23091155 0.21292694 0.19846788 0.16899725 0.20973090 0.20237904 0.17575655 0.18773199 0.16834365 0.18234627 0.23127515 0.17370336 0.21497353 0.21048661 0.18014681 0.21949584 0.22807289 0.25015851 0.24990350 0.28106333 0.24951721 0.26010655 0.22056611 0.22750521 0.19008766 0.17377479 0.19979748 0.18040605 0.17456157 0.23025267 0.24250938 0.23752252 0.19620439 0.23559782 0.19304407 0.21555818 0.20520021 0.20841708 0.18218025 0.20286466 0.21894944 0.22177960 0.18195557 0.21463996 0.18347113 0.20175496 0.18324134 0.16830219 0.20425046 0.26127881 0.21975530 0.20710999 0.21457069 0.19916524 0.19586005 0.24158518 0.19613628 0.20499708 0.20999063 0.20795089 0.22030679 0.19105399 0.19552198 0.18398046 0.20987870 0.20215841 0.19401773 0.17463217 0.20724680 0.17764284 0.16762504 0.20923932 0.17198178 0.20952720 0.19183294 0.17971496 0.22500895 0.19784395 0.18078409 0.15744375 0.18921575 0.18184086 0.19928447 0.18259450 0.18796115 0.18188055 0.18045997 0.19601567 0.21143130 0.18826847 0.22639606 0.18097226 0.20120311 0.17886075 0.20219133 0.18034951 0.21445801 0.18080243 0.20640181 0.20261258 0.21720821 0.22120114 0.18697417 0.18693360 0.18071685 0.18736124 0.20988439 0.19952606 0.20118077 0.20162449 0.16739736 0.18502628 0.19593717 0.17286233 0.19305291 0.19889879 0.18177075 0.18107802 0.20070502 0.17172283 0.18343955 0.21541350 0.23254375 0.20437534 
0.38335864 0.35525235 0.00000000 0.37355356 0.31713297 0.20730470 0.22007597 0.20680144 0.19206987 0.20927416 0.17308191 0.22859022 0.24618174 0.19263053 0.14462728 0.17214110 0.21210918 0.18423848 0.19519968 0.19131861 0.14630286 0.19316795 0.17423231 0.19506672 0.19247579 0.16406387 0.20433046 0.23436628 0.21344678 0.20956809 0.23537631 0.23386042 0.24631093 0.25319266 0.25155397 0.18107659 0.17876402 0.20115091 0.21758590 0.18961703 0.19771749 0.25580862 0.18178102 0.15804065 0.21249374 0.18830740 0.19936410 0.21925278 0.20379406 0.17982222 0.19892072 0.18613192 0.24323790 0.21765465 0.18189407 0.19153361 0.21338102 0.18378292 0.20826169 0.21429528 0.21607639 0.21318305 0.22607490 0.25964381 0.25270695 0.22189037 0.23387305 0.17411800 0.15243503 0.16880452 0.16567059 0.25474716 0.18836904 0.20207506 0.15052930 0.26180273 0.20261181 0.28254962 0.15106767 0.19121934 0.17924289 0.24144001 0.20160366 0.22231683 0.19407791 0.20382778 0.19686341 0.22096411 0.16023753 0.20074954 0.22313767 0.17641388 0.17660686 0.19727955 0.18725908 0.21800074 0.23334832 0.21263940 0.19713546 0.20468291 0.20611904 0.18412913 0.19512621 0.20750153 0.16926658 0.16287256 0.18956631 0.16256633 0.19913831 0.18454452 0.19017926 0.20288199 0.24307593 0.18272899 0.19417062 0.24288940 0.17583120 0.20804022 0.13776152 0.15496267 0.21514872 0.17318546 0.22760279 0.22830971 0.17528482 0.21651386 0.19983582 0.19995235 0.18025920 0.19735411 0.17307590 0.22760707 0.20588358 0.21471394 0.19608297 
0.28997208 0.30369312 0.37355356 0.00000000 0.40332212 0.26432546 0.27024886 0.19941073 0.20499178 0.20081148 0.17009749 0.23287338 0.19933451 0.22575562 0.18340831 0.13961618 0.25016733 0.16981146 0.16647481 0.20277711 0.22148430 0.16247988 0.21869672 0.17127960 0.18852578 0.19785296 0.21281143 0.18310764 0.17013541 0.15494235 0.17048064 0.17983835 0.17413830 0.14560795 0.14983984 0.15225330 0.16746648 0.20327574 0.19022662 0.23943787 0.21012283 0.23382721 0.29774852 0.19159038 0.18797280 0.25424609 0.25284143 0.19720355 0.18591816 0.18330449 0.18381874 0.21359540 0.20701961 0.26910196 0.21974117 0.17333342 0.23695106 0.21058450 0.21353020 0.19179213 0.25485702 0.17355187 0.20909997 0.16480894 0.21864933 0.22674156 0.18979453 0.22411734 0.16852294 0.26557905 0.22560414 0.29731279 0.27183136 0.23213219 0.18747342 0.23036453 0.18421910 0.14997524 0.19071780 0.29834761 0.16907962 0.22812425 0.22216355 0.21481526 0.19695678 0.22599502 0.18313878 0.21184044 0.21127522 0.22120407 0.19861376 0.22121768 0.27986294 0.23352746 0.19671521 0.19447658 0.16436935 0.20399754 0.16236726 0.17276427 0.24686420 0.24883474 0.20283373 0.27620082 0.19161439 0.17674659 0.19112073 0.19375562 0.20971055 0.17277193 0.14411484 0.14218500 0.19187031 0.21311923 0.15158983 0.21103148 0.16783806 0.18362771 0.23113411 0.23192778 0.19561716 0.14278019 0.14936218 0.16710626 0.14885755 0.19979952 0.19679505 0.25718034 0.17348896 0.29009406 0.17766672 0.22014578 0.23168904 0.17626880 0.17178986 
0.25581459 0.28062235 0.31713297 0.40332212 0.00000000 0.32887130 0.27255433 0.29096077 0.28101362 0.27262684 0.23766932 0.17145390 0.20554004 0.25742022 0.14864295 0.23717330 0.18277877 0.20653715 0.13101829 0.16522693 0.20297458 0.13799568 0.20318681 0.20039940 0.25627572 0.26362615 0.19150281 0.22636411 0.16260575 0.17491308 0.17669771 0.19294503 0.17134217 0.19656447 0.17759524 0.16161731 0.13405808 0.20756736 0.18614513 0.16979316 0.19652547 0.23307494 0.11450165 0.23193412 0.15640344 0.16993452 0.24483372 0.22698723 0.20742320 0.19135221 0.25435811 0.20997104 0.23609813 0.22337341 0.20987238 0.23972725 0.17734835 0.22827844 0.16017632 0.13677126 0.18012916 0.14034490 0.26143621 0.16439856 0.19222776 0.22348284 0.15009686 0.24167118 0.20991532 0.16285425 0.22139355 0.26623149 0.25416914 0.24832060 0.25871358 0.23517577 0.25662434 0.18073801 0.20961009 0.17589235 0.24270737 0.22879677 0.20785684 0.17218565 0.12754999 0.22273851 0.24648250 0.21033604 0.20225515 0.17582901 0.18070953 0.18769838 0.20153231 0.13280502 0.27634032 0.27491483 0.20240501 0.19952062 0.22328246 0.24333642 0.19793862 0.28737264 0.21480415 0.21601822 0.26713377 0.21843646 0.18931920 0.19045946 0.22732087 0.22909418 0.16001507 0.19182183 0.22487915 0.25643903 0.16244008 0.17908123 0.18978106 0.22408388 0.23648132 0.26437920 0.23588777 0.16493522 0.16981021 0.20980736 0.14161136 0.14232562 0.18040776 0.19297920 0.18257090 0.21016581 0.21386654 0.17629082 0.20704385 0.18033452 0.16681909 
0.21384821 0.19800876 0.20730470 0.26432546 0.32887130 0.00000000 0.39174181 0.26491712 0.21382061 0.28008759 0.21446900 0.13940232 0.19690746 0.20706751 0.19931361 0.17780284 0.22493908 0.21027680 0.16934412 0.21139819 0.26876519 0.17452834 0.17634968 0.20801721 0.15188248 0.33842734 0.12568324 0.09916058 0.11259539 0.10751440 0.09395017 0.11985240 0.12936748 0.13173805 0.14779824 0.19426926 0.18888737 0.16703936 0.23081771 0.24590374 0.13550380 0.18323028 0.20945564 0.14772793 0.21790025 0.24641782 0.27655997 0.17304742 0.17984226 0.21005572 0.19781484 0.22989287 0.20496139 0.12080792 0.19520217 0.18062942 0.21899891 0.24931379 0.19902577 0.14073297 0.19467737 0.18360688 0.18746663 0.27624744 0.17525831 0.17819210 0.29496087 0.24792770 0.25533976 0.23730270 0.18923204 0.36496736 0.22123009 0.26467124 0.26993975 0.25314840 0.19494628 0.18752659 0.16065779 0.22882718 0.28661569 0.17328452 0.25017753 0.21224341 0.16331463 0.18589291 0.14831239 0.19065305 0.27539773 0.27806984 0.28003296 0.12861311 0.12992439 0.17184523 0.16822725 0.27117426 0.21354954 0.20777823 0.24572925 0.25525475 0.19030859 0.24934615 0.16477909 0.24980324 0.32636918 0.21804888 0.25177043 0.17374439 0.18263570 0.24831535 0.21495501 0.21009395 0.15761321 0.22925351 0.16550900 0.19660032 0.17328067 0.12408433 0.16689508 0.11360465 0.14035117 0.09686575 0.15657952 0.27391271 0.21513453 0.22603489 0.23100796 0.23598381 0.23545589 0.60590298 0.20913069 0.30865860 0.15478851 0.17929929 0.23245914 
0.24313787 0.18885913 0.22007597 0.27024886 0.27255433 0.39174181 0.00000000 0.30947866 0.30794170 0.21643711 0.19653341 0.19808647 0.25047682 0.29956730 0.20118789 0.15515393 0.20494159 0.23326233 0.15877628 0.26571871 0.23877564 0.20094690 0.25415497 0.16686251 0.13234019 0.23706691 0.19274999 0.17032761 0.18545248 0.18560410 0.18833821 0.17351112 0.19866123 0.20169599 0.18853192 0.22176998 0.10844187 0.19558987 0.16890714 0.20392826 0.14451285 0.23203275 0.17314844 0.23197642 0.18389753 0.19560575 0.17278642 0.26738470 0.15535981 0.18112965 0.20835989 0.20771048 0.21107982 0.15201036 0.13525241 0.17908584 0.15775454 0.23751714 0.17350603 0.17228246 0.17536473 0.18154909 0.23593159 0.13450277 0.15943613 0.15680055 0.25212881 0.24376191 0.32925139 0.24772149 0.44241826 0.19476025 0.23637420 0.23441584 0.25166110 0.23920321 0.21344008 0.22215837 0.26030119 0.18813175 0.21986826 0.16596305 0.23765065 0.21254837 0.19749558 0.10347194 0.18481271 0.18737049 0.18403722 0.20819248 0.14252975 0.24582519 0.24855947 0.19694699 0.16310883 0.22271032 0.23457051 0.21518162 0.13326667 0.14501700 0.21570359 0.22230581 0.33404114 0.17494144 0.16399509 0.27710064 0.25769974 0.20327150 0.18768784 0.18357350 0.18422068 0.18979366 0.21474460 0.16763839 0.24669623 0.20325337 0.21055633 0.17868377 0.26964194 0.25315792 0.19882564 0.17359128 0.18149440 0.25242275 0.21066347 0.27924478 0.14375761 0.17258831 0.23799448 0.29371556 0.28628582 0.22118614 0.20070543 0.19773850 0.22295983 
0.20638448 0.24156019 0.20680144 0.19941073 0.29096077 0.26491712 0.30947866 0.00000000 0.24004972 0.35762389 0.23516048 0.24835464 0.15413154 0.25725617 0.34765436 0.26343443 0.24422259 0.22872639 0.19427751 0.20207232 0.13828257 0.24553042 0.21818972 0.18727777 0.14690854 0.13461892 0.20467027 0.25979770 0.26724102 0.20162665 0.23468359 0.20768647 0.21012955 0.23540479 0.23079614 0.16293455 0.13622502 0.17888717 0.11443938 0.16196535 0.13135692 0.18144410 0.18081142 0.17869787 0.29896485 0.21965428 0.17792802 0.17184587 0.20043276 0.21069710 0.27878365 0.22638316 0.17218250 0.20299705 0.17035684 0.22893542 0.12563000 0.18930096 0.13537590 0.15207595 0.15113106 0.24657458 0.20199401 0.16910099 0.19417426 0.17452362 0.19975287 0.20357888 0.28157862 0.17149024 0.14688602 0.33222323 0.18496320 0.15556842 0.22789312 0.21072348 0.11285691 0.17131311 0.22092958 0.20081429 0.21519041 0.18892683 0.12981413 0.25607823 0.25261941 0.17858520 0.21900335 0.23185746 0.31065300 0.19309819 0.16014209 0.22673568 0.10689825 0.17346322 0.14786220 0.12860184 0.21532213 0.20515474 0.19576267 0.24544256 0.26212859 0.22334099 0.18575481 0.21781889 0.30378591 0.28544653 0.21640333 0.21599819 0.09951203 0.16665184 0.25438168 0.22234641 0.21074167 0.21089350 0.18817128 0.19060851 0.25596195 0.20019066 0.14205415 0.23570719 0.19022955 0.18700275 0.20114841 0.16638097 0.16730903 0.12149658 0.22112704 0.38995573 0.24665697 0.29594730 0.19835307 0.16915241 0.19050664 0.20719741 0.17850680 
0.19227086 0.17781910 0.19206987 0.20499178 0.28101362 0.21382061 0.30794170 0.24004972 0.00000000 0.29387865 0.33904257 0.21730832 0.28869164 0.30439836 0.13781654 0.18744018 0.25377544 0.15627887 0.23377244 0.22650391 0.13219024 0.18900275 0.29313155 0.24833254 0.15093704 0.16328985 0.21889448 0.16111636 0.17807248 0.21025111 0.18406394 0.19686810 0.18665590 0.19964395 0.20219786 0.21336617 0.09897630 0.24455062 0.15319657 0.19225255 0.30342278 0.17514083 0.29256777 0.22846274 0.30332081 0.18820708 0.14210194 0.17573919 0.27702692 0.21667749 0.18623876 0.22566969 0.14671294 0.26755035 0.13134909 0.18649980 0.23550401 0.18129428 0.19616766 0.18959872 0.18366281 0.19106053 0.13180127 0.07455153 0.23368704 0.15297238 0.50806787 0.17213450 0.60324628 0.18322428 0.19558966 0.23273463 0.23967586 0.22374388 0.26423624 0.26339494 0.22194174 0.18004502 0.19613181 0.17906355 0.14486955 0.14174385 0.17064895 0.14220783 0.22591850 0.17324635 0.18398818 0.24426178 0.18195854 0.27259628 0.21050050 0.21524921 0.21548806 0.21674292 0.24413770 0.19697668 0.24491513 0.22367279 0.21653920 0.23169500 0.17977794 0.22255963 0.21928291 0.20808291 0.21150643 0.16657643 0.25924644 0.20850670 0.26497102 0.20768480 0.20860202 0.18768205 0.19491081 0.18732808 0.18774203 0.11310318 0.16302660 0.14941879 0.26786647 0.21873645 0.08657619 0.13303130 0.15860195 0.15921026 0.11154861 0.12609688 0.22949860 0.22023271 0.43191373 0.20805259 0.36940490 0.21925478 0.16172386 0.18917945 0.19323746 
0.31459902 0.20772168 0.20927416 0.20081148 0.27262684 0.28008759 0.21643711 0.35762389 0.29387865 0.00000000 0.16882763 0.27841163 0.22427901 0.18937117 0.32122996 0.20448185 0.23044277 0.22527741 0.25088810 0.19285698 0.11981685 0.24168936 0.34162164 0.15294338 0.19425124 0.17791576 0.21985746 0.24419370 0.22077523 0.29194979 0.23180200 0.23498899 0.23406957 0.24003468 0.22932712 0.23915876 0.17982207 0.16157862 0.12725615 0.27069099 0.15274526 0.14173793 0.45455316 0.18421725 0.20662064 0.20337372 0.05822991 0.26382253 0.19889393 0.26384322 0.21731201 0.14490492 0.22819943 0.19950606 0.10742997 0.27472551 0.22098227 0.15132731 0.12246464 0.24873025 0.21981078 0.16284893 0.21798347 0.12598147 0.16677853 0.17639208 0.22317990 0.23695500 0.20046012 0.44926771 0.18364594 0.21364180 0.18476569 0.17293231 0.18953896 0.19730015 0.14995239 0.30260381 0.21518820 0.20143821 0.10768175 0.12694747 0.16122523 0.15823166 0.21618299 0.23176468 0.21662012 0.18246658 0.18418862 0.14150677 0.15090152 0.11550222 0.16472500 0.23687913 0.17241811 0.15381730 0.20200952 0.28558303 0.21775657 0.14763456 0.22845490 0.23489767 0.21716275 0.20571435 0.14233006 0.12629886 0.23827168 0.18096774 0.16540167 0.17866619 0.21138685 0.22647042 0.24605014 0.14791244 0.09179600 0.14358628 0.19002958 0.23526491 0.15025370 0.26322172 0.22216972 0.20479179 0.14262970 0.21166699 0.18635081 0.31968263 0.15292064 0.35903590 0.19305083 0.23797460 0.22526798 0.17963479 0.19001762 0.17159054 0.20368546 
0.19975227 0.18467377 0.17308191 0.17009749 0.23766932 0.21446900 0.19653341 0.23516048 0.33904257 0.16882763 0.00000000 0.30502971 0.47238893 0.25939627 0.23971985 0.25406451 0.10728350 0.20244393 0.20708584 0.23548146 0.11395837 0.18568865 0.26392530 0.21164380 0.17975116 0.11222919 0.18269227 0.19625936 0.14046716 0.18850588 0.16334034 0.21726781 0.15665203 0.17525420 0.19328505 0.19344899 0.14935291 0.20152710 0.12888717 0.19581923 0.22932819 0.16960972 0.22880163 0.18751588 0.23685036 0.19637259 0.23276007 0.24452469 0.25548120 0.17751216 0.24690568 0.21700447 0.16925373 0.22267914 0.18419122 0.23964377 0.19968580 0.28592162 0.18749833 0.19879357 0.14648748 0.22782721 0.14189139 0.30856978 0.41209957 0.19211717 0.57955586 0.19427384 0.25045406 0.17404790 0.24150738 0.11212522 0.23936259 0.16018620 0.23011425 0.25026695 0.25189774 0.18848939 0.22140677 0.17971012 0.18814113 0.19553079 0.20818530 0.09381803 0.21581014 0.10983118 0.15186825 0.13796443 0.22901886 0.26174223 0.21826589 0.14650557 0.20514403 0.26085429 0.14798566 0.22711951 0.26454985 0.22895507 0.15572870 0.17413944 0.20505730 0.16433976 0.22210247 0.18070872 0.18461050 0.18621962 0.18802552 0.17944433 0.20173883 0.23612129 0.18188583 0.16359179 0.22431192 0.22967925 0.24341874 0.23227251 0.13783446 0.26118761 0.18699432 0.20491623 0.19064381 0.17928562 0.24716397 0.15612055 0.19568061 0.12735382 0.58898387 0.28887956 0.29205381 0.17672175 0.21251209 0.14537257 0.26311681 0.16187234 0.21198619 
0.21386257 0.23091155 0.22859022 0.23287338 0.17145390 0.13940232 0.19808647 0.24835464 0.21730832 0.27841163 0.30502971 0.00000000 0.26267892 0.12735214 0.21810352 0.26412757 0.13014826 0.22359619 0.20437262 0.24783061 0.20051301 0.22055239 0.19963950 0.19485076 0.22658212 0.14063460 0.24291686 0.19053830 0.19683056 0.19091141 0.17829666 0.23989802 0.20992219 0.18273436 0.19668472 0.24636209 0.10633299 0.21890436 0.16372519 0.10387414 0.48036760 0.14194844 0.49729156 0.22559382 0.16849337 0.23072491 0.15471483 0.18554623 0.23650966 0.24135484 0.18859381 0.13774070 1.07684494 0.09071959 0.14950905 0.18857880 0.26452491 0.20016299 0.16770690 0.16303968 0.13438529 0.18111808 0.25023943 0.17463451 0.28823582 0.28362887 0.20870962 0.23715724 0.15740244 0.22347347 0.21981802 0.19475278 0.21225865 0.14655349 0.10235677 0.17695101 0.15036117 0.26917143 0.21072808 0.28582021 0.16159715 0.16567641 0.21045435 0.17919022 0.07556177 0.15551784 0.15058999 0.15227463 0.22423630 0.16039585 0.13162604 0.16991110 0.20338760 0.13266833 0.24183301 0.29050153 0.25770423 0.15354576 0.17775586 0.18758445 0.20540376 0.20159529 0.15816584 0.17950333 0.13591652 0.24103219 0.18346757 0.20673181 0.15814292 0.18262404 0.21620652 0.13594530 0.19774372 0.22753740 0.14281198 0.18217826 0.20170831 0.21948590 0.11331097 0.18749302 0.20965966 0.19274784 0.19435166 0.28378535 0.17097781 0.35014591 0.18227259 0.18978573 0.22944208 0.19818699 0.15967506 0.24894303 0.20758893 0.18339193 0.25455577 
0.20417197 0.21292694 0.24618174 0.19933451 0.20554004 0.19690746 0.25047682 0.15413154 0.28869164 0.22427901 0.47238893 0.26267892 0.00000000 0.28134238 0.18616493 0.22608553 0.21497708 0.12734809 0.19593474 0.22398291 0.23590579 0.27610455 0.14972240 0.13912950 0.21714047 0.17522824 0.22956914 0.21764000 0.21712599 0.20538247 0.21128821 0.19183996 0.19652268 0.18402471 0.20328000 0.21031235 0.24893378 0.19076271 0.13004131 0.14842087 0.25123606 0.18675604 0.10739244 0.15755740 0.18158283 0.24649568 0.27161543 0.10519438 0.14308009 0.24381697 0.22245911 0.24228296 0.24128096 0.18504941 0.24897639 0.21611382 0.15812283 0.22956125 0.11211593 0.16907553 0.19080636 0.19616130 0.22643505 0.30018021 0.35432000 0.23653056 0.17444902 0.21886183 0.24078664 0.23930680 0.19002418 0.21142268 0.14947414 0.20679583 0.19644970 0.24061273 0.15244732 0.16962258 0.22411453 0.14625477 0.17278911 0.19349381 0.21182059 0.26053774 0.20738094 0.21331403 0.20882971 0.23950089 0.18618917 0.22502019 0.10626182 0.10040926 0.18629947 0.08791883 0.14423668 0.22371730 0.16611989 0.17359959 0.16786999 0.27014032 0.16983537 0.24887238 0.25336834 0.19263643 0.22105242 0.18221477 0.20721016 0.26750422 0.22566364 0.22695817 0.22212767 0.24363765 0.24114984 0.28388885 0.23848687 0.25452358 0.18764739 0.18201766 0.21236858 0.29610433 0.22109549 0.20842556 0.18587910 0.14085093 0.29626579 0.16105109 0.44762376 0.15710491 0.17759023 0.15824971 0.21577150 0.25522981 0.26490276 0.23509071 0.22006021 
0.16270868 0.19846788 0.19263053 0.22575562 0.25742022 0.20706751 0.29956730 0.25725617 0.30439836 0.18937117 0.25939627 0.12735214 0.28134238 0.00000000 0.28738401 0.46532199 0.28849575 0.22880189 0.23632224 0.19307536 0.16634386 0.14230044 0.14346382 0.18873384 0.24393320 0.25063019 0.17357869 0.15986729 0.15213389 0.16963470 0.16694810 0.15771896 0.16844520 0.17894260 0.14262514 0.19007575 0.17229588 0.15499610 0.15078820 0.18812229 0.17542642 0.25683852 0.08409353 0.16027600 0.16992479 0.23155766 0.14874718 0.11865934 0.15271001 0.15909369 0.16986677 0.18463924 0.11445600 0.15200880 0.19024218 0.20276922 0.18627049 0.18607661 0.19138832 0.21055894 0.26205429 0.20307934 0.74676005 0.14068218 0.27774521 0.17698883 0.21221311 0.17919002 0.22748410 0.17562202 0.14735929 0.20713502 0.20423407 0.14599433 0.19068526 0.18800659 0.18827910 0.18804567 0.15823617 0.23657863 0.19877834 0.23391120 0.12606123 0.17538793 0.20225423 0.17855030 0.23143827 0.17402998 0.17266718 0.19465139 0.18273957 0.20157831 0.18635724 0.15828782 0.16569503 0.27301190 0.12819701 0.23795109 0.16285806 0.15450926 0.15091948 0.24749677 0.22854740 0.07503540 0.24264556 0.15217472 0.16896026 0.16973062 0.19357054 0.24236457 0.22491565 0.24801543 0.27601742 0.25605182 0.74460699 0.20015381 0.19207808 0.13369204 0.22959610 0.15479933 0.16585809 0.13426516 0.31730926 0.21152369 0.78736972 0.26632955 0.34433434 0.19775499 0.16088214 0.25955591 0.16040865 0.13821352 0.25277716 0.21542870 0.21170109 
0.18149344 0.16899725 0.14462728 0.18340831 0.14864295 0.19931361 0.20118789 0.34765436 0.13781654 0.32122996 0.23971985 0.21810352 0.18616493 0.28738401 0.00000000 0.33310108 0.27342598 0.43944362 0.16403957 0.25475637 0.19906813 0.27405062 0.22918138 0.15978616 0.24871459 0.19090609 0.24341121 0.21402836 0.19933176 0.18817309 0.18646365 0.20463201 0.17517389 0.18977661 0.21528378 0.22442761 0.23540765 0.19284559 0.23933387 0.23997357 0.29615579 0.11480473 0.20749203 0.08536393 0.25841660 0.23800108 0.14567305 0.22707928 0.14545047 0.22731992 0.21152118 0.21877819 0.16986649 0.12765925 0.29328946 0.15009958 0.18025949 0.30199616 0.15523905 0.24545690 0.16490573 0.29660957 0.17199378 0.86961999 0.20154756 0.16989930 0.22008242 0.12879726 0.18199214 0.12241004 0.17388250 0.23837224 0.18645258 0.28607586 0.23807492 0.19129517 0.15834703 0.11724270 0.18158048 0.17910413 0.22524941 0.42872763 0.25046539 0.21593057 0.17846663 0.14635381 0.14251751 0.23981320 0.15931598 0.18933832 0.08969702 0.18036841 0.21563118 0.38010431 0.21838552 0.13504526 0.20545845 0.17918431 0.19908208 0.16778413 0.14871369 0.20415804 0.20569445 0.25578615 0.16782838 0.21146896 0.14263281 0.12693249 0.12667461 0.17073706 0.19328590 0.21126989 0.19749730 0.13975116 0.19147070 0.15112667 0.16421968 0.18503664 0.18995258 0.17399441 0.12506557 0.20478128 0.21277909 0.30127080 0.20198671 0.14456704 0.11845369 0.19768170 0.12844953 0.14757773 0.23707934 0.20370234 0.20420987 0.22687554 0.21183603 
0.22400518 0.20973090 0.17214110 0.13961618 0.23717330 0.17780284 0.15515393 0.26343443 0.18744018 0.20448185 0.25406451 0.26412757 0.22608553 0.46532199 0.33310108 0.00000000 0.32201675 0.24260448 0.16489049 0.20340022 0.15851562 0.24895867 0.21878572 0.23218320 0.19311296 0.20380651 0.21394568 0.24237609 0.16488458 0.21858081 0.23505224 0.20297837 0.18270637 0.20485270 0.20138610 0.20924149 0.18522211 0.17675371 0.12503216 0.13595450 0.15061171 0.17936405 0.12514159 0.18210857 0.21453352 0.22789525 0.19099281 0.13293486 0.21663878 0.30194296 0.17419147 0.22808296 0.18514738 0.14594019 0.17388795 0.11957416 0.18172172 0.15319993 0.24334964 0.23537618 0.25927427 0.17309107 0.32125265 0.11112301 0.13852756 0.15291499 0.27208785 0.22356696 0.17138487 0.16341734 0.19338511 0.16076485 0.28886710 0.18517629 0.31311171 0.20788277 0.32150496 0.15056303 0.20869626 0.16917412 0.22208577 0.16604441 0.21856890 0.13878391 0.15117401 0.23419990 0.18906738 0.18689024 0.15220066 0.14286357 0.15623340 0.19559749 0.25505222 0.07852292 0.24728663 0.19296021 0.15551767 0.24531655 0.24870233 0.18952688 0.15213974 0.24870872 0.28167536 0.20347391 0.14358934 0.20102152 0.15277562 0.19556720 0.24289905 0.16856485 0.18498837 0.20301740 0.16276399 0.22401526 0.54763622 0.20470717 0.35090540 0.20542103 0.19605709 0.20313071 0.25909423 0.22388165 0.70144819 0.16296160 0.33956317 0.15053368 0.18151834 0.12240855 0.20516252 0.19451583 0.15360062 0.16783396 0.30152101 0.21124107 0.19436445 
0.19941838 0.20237904 0.21210918 0.25016733 0.18277877 0.22493908 0.20494159 0.24422259 0.25377544 0.23044277 0.10728350 0.13014826 0.21497708 0.28849575 0.27342598 0.32201675 0.00000000 0.46524093 0.31048999 0.20561208 0.28792682 0.29775923 0.23360535 0.25101828 0.22442070 0.23685009 0.22369395 0.27594910 0.23259066 0.23294326 0.24834849 0.21796468 0.21610455 0.23405807 0.24818990 0.27159466 0.26959830 0.20694126 0.15805075 0.19595122 0.13846928 0.14126649 0.11984483 0.19608805 0.20272278 0.18105117 0.16372825 0.18884456 0.16047477 0.18108172 0.11906804 0.22457959 0.21384128 0.24047928 0.18032819 0.20226105 0.22702491 0.18218085 0.13881195 0.31277249 0.44268209 0.19984641 0.27438723 0.11856895 0.15253752 0.16207389 0.15747296 0.24312168 0.17756090 0.18086149 0.14223353 0.21158940 0.18972404 0.12277908 0.13605423 0.19729509 0.13672539 0.15667511 0.21587198 0.14462900 0.14652297 0.19756075 0.21321569 0.23832420 0.23244126 0.22491957 0.19836731 0.23605196 0.15545747 0.14444156 0.23315710 0.11473837 0.19154669 0.18682368 0.17062868 0.15329234 0.18995704 0.23601511 0.27158600 0.20488911 0.22515356 0.23195660 0.18435539 0.22043489 0.12109101 0.09409873 0.15414951 0.20988646 0.18960245 0.23189013 0.27002175 0.22995822 0.20852149 0.22171336 0.12188419 0.27024270 0.25502486 0.22287733 0.22507175 0.13515299 0.23172873 0.23584569 0.32960005 0.25761113 0.12214742 0.21139876 0.19810059 0.16033914 0.17209584 0.25888664 0.20354606 0.29315455 0.19805864 0.22191278 0.20956584 
0.18458731 0.17575655 0.18423848 0.16981146 0.20653715 0.21027680 0.23326233 0.22872639 0.15627887 0.22527741 0.20244393 0.22359619 0.12734809 0.22880189 0.43944362 0.24260448 0.46524093 0.00000000 0.19509386 0.26086608 0.33655187 0.24483168 0.15008050 0.14680983 0.22217085 0.18085414 0.16289478 0.22364619 0.23999593 0.20001857 0.19834079 0.23318564 0.20297267 0.19920304 0.20394126 0.27252553 0.28492850 0.23433030 0.39313603 0.32575161 0.11815421 0.22189291 0.19550140 0.22700061 0.18122702 0.18051631 0.13945548 0.20410926 0.19982924 0.17930708 0.16085321 0.25366468 0.17227454 0.23124673 0.15329653 0.19762678 0.19550110 0.14903362 0.22386284 0.27507908 0.21651726 0.19032819 0.32098509 0.21171765 0.22559613 0.18479269 0.17181795 0.24024349 0.20061375 0.22476223 0.23202899 0.18183650 0.14270032 0.14863081 0.16074550 0.19856893 0.20355802 0.24159183 0.16068374 0.15408702 0.15032142 0.45280021 0.17697557 0.20983446 0.14013047 0.25922453 0.19638038 0.20557164 0.18843541 0.22141902 0.17486949 0.25807541 0.16622579 0.33420508 0.34710574 0.12592217 0.22142051 0.17620776 0.17218227 0.22187504 0.12420842 0.14964184 0.15171793 0.18023139 0.15336877 0.17984581 0.22232839 0.20980092 0.17169213 0.14117192 0.17247664 0.17099196 0.18618875 0.13787556 0.12132458 0.17900016 0.16476085 0.22838906 0.18381725 0.16457691 0.14975474 0.27132653 0.23820692 0.19726964 0.12130413 0.19314114 0.29291630 0.16919466 0.17095908 0.16126882 0.19486968 0.18398691 0.20930197 0.25118068 0.20687196 
0.17267910 0.18773199 0.19519968 0.16647481 0.13101829 0.16934412 0.15877628 0.19427751 0.23377244 0.25088810 0.20708584 0.20437262 0.19593474 0.23632224 0.16403957 0.16489049 0.31048999 0.19509386 0.00000000 0.40706068 0.49194337 0.30834144 0.30364791 0.26524013 0.21379603 0.14556969 0.17107966 0.17989107 0.23066963 0.19208414 0.18895042 0.16401116 0.21544157 0.17112868 0.15293098 0.15358215 0.36829899 0.22105936 0.21868925 0.30105275 0.20986950 0.16237775 0.20745675 0.20013880 0.27159505 0.20248746 0.14132150 0.15574647 0.14035490 0.19323399 0.19217725 0.22401185 0.14671752 0.20669671 0.14710230 0.19208992 0.20329264 0.27506358 0.14266549 0.30038705 0.18314026 0.20440667 0.13687872 0.14018415 0.11438103 0.20021471 0.30929357 0.21618112 0.21458117 0.23559154 0.16117937 0.16566339 0.23761610 0.18838955 0.22241121 0.17898775 0.18972261 0.17547555 0.21351707 0.19750266 0.19947539 0.23071728 0.32552502 0.22163050 0.19664214 0.25532514 0.25514780 0.20223349 0.22486640 0.22612499 0.20644316 0.21345264 0.20560836 0.37192431 0.26662697 0.13517840 0.20335993 0.22917218 0.15605096 0.23822772 0.13757616 0.21754198 0.24883607 0.13119744 0.19216461 0.21982731 0.24063537 0.19390939 0.14994176 0.18450115 0.15251360 0.19458686 0.14156638 0.24570772 0.20053214 0.18368123 0.20479475 0.19132955 0.23722798 0.24030473 0.41260790 0.29548858 0.14612860 0.15192771 0.24490688 0.23017864 0.24650994 0.17811968 0.26483264 0.21446795 0.24606100 0.20716089 0.16321388 0.18486713 0.15220716 
0.19715215 0.16834365 0.19131861 0.20277711 0.16522693 0.21139819 0.26571871 0.20207232 0.22650391 0.19285698 0.23548146 0.24783061 0.22398291 0.19307536 0.25475637 0.20340022 0.20561208 0.26086608 0.40706068 0.00000000 0.40818640 0.31323284 0.33926153 0.64858492 0.34504073 0.43995955 0.19840755 0.18439515 0.17721160 0.19745739 0.18054261 0.15577046 0.19515794 0.18533530 0.22059424 0.21697965 0.62611362 0.24057451 0.27785742 0.19571063 0.24983483 0.13815797 0.17872845 0.12873838 0.09229929 0.20581711 0.13912310 0.25176688 0.19660882 0.21312538 0.23048985 0.19316102 0.16293362 0.04695016 0.13767601 0.15736140 0.20781828 0.50352115 0.30967712 0.46358866 0.13872314 0.20653312 0.14955469 0.12774363 0.22280862 0.18381807 0.17270981 0.17237314 0.22655541 0.15076156 0.16735951 0.19941137 0.21666442 0.10034056 0.20315873 0.19750702 0.15707353 0.14677116 0.16410773 0.09780637 0.23057621 0.19846363 0.22583741 0.22477731 0.24773963 0.21048883 0.28982049 0.27341010 0.20333077 0.17743400 0.27043828 0.24101349 0.25503805 0.32531700 0.13862251 0.21322232 0.17325117 0.21975900 0.15442667 0.25447689 0.14422024 0.19427068 0.18018253 0.27255349 0.15554567 0.12754192 0.19291783 0.12688975 0.10704210 0.12396235 0.17292874 0.18311217 0.09724628 0.21861160 0.21937134 0.15910537 0.21439601 0.18693928 0.25780631 0.19963236 0.14209723 0.17230528 0.19348951 0.20316465 0.18346246 0.11366447 0.15003114 0.09830852 0.12126720 0.22125582 0.24318879 0.15007104 0.15187412 0.19445816 0.18529721 
0.16342642 0.18234627 0.14630286 0.22148430 0.20297458 0.26876519 0.23877564 0.13828257 0.13219024 0.11981685 0.11395837 0.20051301 0.23590579 0.16634386 0.19906813 0.15851562 0.28792682 0.33655187 0.49194337 0.40818640 0.00000000 0.54772643 0.28088501 0.31021673 0.27876054 0.30394173 0.16041817 0.17213093 0.18877847 0.15892893 0.17979178 0.17240410 0.18185592 0.17510872 0.17850843 0.20863282 0.44085186 0.28842351 0.24362864 0.31339539 0.23877504 0.15007695 0.25051629 0.16837819 0.16448264 0.12059042 0.23738519 0.11782575 0.21149338 0.18215147 0.12985451 0.19207863 0.12001206 0.16442606 0.18755762 0.33341318 0.17822916 0.16138570 0.18331648 0.24069177 0.13310908 0.19666991 0.20713820 0.22103931 0.26203717 0.16904251 0.19861026 0.16679671 0.17485307 0.19839119 0.20103435 0.22944536 0.22537256 0.24339197 0.22242731 0.19525600 0.13505737 0.18963781 0.19381419 0.20754613 0.23375769 0.26329694 0.18830999 0.29713711 0.20475857 0.18321701 0.22171119 0.23578016 0.22387468 0.18446624 0.23175470 0.27661474 0.28613786 0.64791452 0.18870066 0.13733902 0.15288108 0.18589241 0.21744170 0.15539269 0.17509517 0.17482865 0.21816600 0.21859832 0.20639994 0.21271439 0.18325976 0.10116350 0.15664024 0.10048753 0.13926314 0.14379651 0.16522308 0.17230314 0.09668324 0.17560944 0.22520906 0.19747654 0.21522622 0.25286774 0.39136295 0.12876978 0.21332986 0.20203449 0.18037604 0.26789511 0.20097222 0.22789290 0.17258551 0.14901226 0.16476670 0.19505298 0.19008916 0.20769469 0.21065541 
0.22286462 0.23127515 0.19316795 0.16247988 0.13799568 0.17452834 0.20094690 0.24553042 0.18900275 0.24168936 0.18568865 0.22055239 0.27610455 0.14230044 0.27405062 0.24895867 0.29775923 0.24483168 0.30834144 0.31323284 0.54772643 0.00000000 0.35654816 0.23717351 0.34445200 0.31880666 0.17168685 0.19190330 0.19895409 0.22093869 0.20921888 0.23909261 0.21143285 0.23407111 0.25980734 0.26364245 0.56712155 0.45176307 0.35448830 0.22160592 0.18224274 0.22487947 0.22449294 0.17706118 0.12841230 0.13104833 0.21505234 0.17952400 0.13932006 0.17152146 0.13719517 0.14417196 0.15594428 0.24580809 0.20957027 0.19821522 0.15985942 0.17815392 0.27239909 0.33111818 0.28303034 0.22837706 0.18162715 0.22126499 0.21533341 0.16669049 0.19049499 0.17796961 0.16048536 0.15548440 0.18832049 0.15410318 0.16917302 0.17629084 0.11653864 0.26076168 0.18590675 0.15891681 0.08086091 0.11149153 0.21936074 0.19058943 0.18946799 0.45371164 0.29495875 0.48590587 0.23616003 0.15517225 0.18986024 0.16384921 0.12963147 0.38870253 0.14528837 0.15274787 0.23963764 0.11965059 0.13987433 0.11612737 0.13650415 0.22626181 0.12396428 0.18651324 0.18368947 0.21791130 0.16412175 0.17284731 0.15461026 0.15141938 0.12489088 0.21733518 0.16738898 0.14493476 0.18891846 0.17033932 0.21826387 0.12321580 0.14621839 0.18866514 0.17971556 0.18719240 0.20205926 0.18094433 0.09407433 0.20396113 0.18527126 0.13621855 0.09967031 0.13957246 0.17423733 0.17286587 0.17730695 0.29707483 0.17519770 0.19879601 0.21524243 
0.18781493 0.17370336 0.17423231 0.21869672 0.20318681 0.17634968 0.25415497 0.21818972 0.29313155 0.34162164 0.26392530 0.19963950 0.14972240 0.14346382 0.22918138 0.21878572 0.23360535 0.15008050 0.30364791 0.33926153 0.28088501 0.35654816 0.00000000 0.51875990 0.25069599 0.32195635 0.20937336 0.20577320 0.23256878 0.20688537 0.21944921 0.18273181 0.21145512 0.22343732 0.22657595 0.20262477 0.16786879 0.19245877 0.17451610 0.20804883 0.16177297 0.17436145 0.13774082 0.24346992 0.18809437 0.29809372 0.19518164 0.26718317 0.22383796 0.13426825 0.23057402 0.23658251 0.21274850 0.21056638 0.17149475 0.24751108 0.27269507 0.24484929 0.10328880 0.23475548 0.16447217 0.16758907 0.21079160 0.21225544 0.30534451 0.21515909 0.13883681 0.30104281 0.21493579 0.14944887 0.18009837 0.23917739 0.14526125 0.21542649 0.28849805 0.17696536 0.21729130 0.15703131 0.16959248 0.11582866 0.22924816 0.26224718 0.14477391 0.20938902 0.24410038 0.21641038 0.20938745 0.16548622 0.22453195 0.31650795 0.19740962 0.21416794 0.21328825 0.20673258 0.09948217 0.12198282 0.25961318 0.21334147 0.27746271 0.15766872 0.15946810 0.25560928 0.20953571 0.19832884 0.19867005 0.22527388 0.30093206 0.12265094 0.16229305 0.21541540 0.17367634 0.23522437 0.18450720 0.22603320 0.18396719 0.22572141 0.19152982 0.16163869 0.26363476 0.25504879 0.20241784 0.16583682 0.14558919 0.13688249 0.20814922 0.25700422 0.15704639 0.16370728 0.16283911 0.16240935 0.24246296 0.19286597 0.18312207 0.17209322 0.19492679 
0.18755495 0.21497353 0.19506672 0.17127960 0.20039940 0.20801721 0.16686251 0.18727777 0.24833254 0.15294338 0.21164380 0.19485076 0.13912950 0.18873384 0.15978616 0.23218320 0.25101828 0.14680983 0.26524013 0.64858492 0.31021673 0.23717351 0.51875990 0.00000000 0.44668759 0.64131797 0.25615766 0.20235120 0.18650288 0.20655342 0.19524197 0.23804764 0.17977730 0.25149954 0.20382509 0.26225259 0.34931420 0.25624479 0.17205791 0.22363939 0.18617145 0.12498493 0.12209467 0.20711020 0.16702126 0.18609029 0.21813693 0.18670641 0.23707432 0.17505011 0.19125335 0.23992844 0.23531462 0.13047337 0.12706257 0.17547003 0.24218462 0.42280520 0.33388751 0.16265502 0.20411854 0.15554545 0.19251303 0.19771947 0.19872337 0.16247766 0.12904978 0.23469970 0.16389149 0.15350384 0.26208905 0.13684615 0.19609569 0.22587107 0.17553451 0.08667872 0.20155893 0.16001137 0.19240038 0.14273647 0.21352646 0.17236991 0.17935868 0.41191958 0.21579440 0.21342659 0.20634149 0.15845199 0.21797042 0.25874242 0.15133429 0.27302939 0.16147447 0.17883148 0.22149913 0.17273019 0.22772755 0.16366349 0.16364106 0.12703792 0.21622963 0.14079428 0.17037986 0.20941151 0.23671631 0.22953599 0.20743670 0.17294275 0.19627501 0.23894256 0.18719170 0.20434198 0.21368924 0.21318881 0.19517513 0.18747753 0.19955478 0.15057857 0.28413824 0.14587323 0.26714504 0.21107985 0.21070095 0.26024779 0.13942985 0.12309810 0.20744999 0.12943560 0.14771946 0.16999049 0.14199945 0.20738027 0.20988527 0.18393589 0.21877670 
0.21145597 0.21048661 0.19247579 0.18852578 0.25627572 0.15188248 0.13234019 0.14690854 0.15093704 0.19425124 0.17975116 0.22658212 0.21714047 0.24393320 0.24871459 0.19311296 0.22442070 0.22217085 0.21379603 0.34504073 0.27876054 0.34445200 0.25069599 0.44668759 0.00000000 0.48084616 0.26112393 0.31648866 0.42710499 0.31063643 0.26021627 0.26319615 0.25222337 0.29864597 0.28372034 0.29638499 0.28917337 0.30068499 0.21642210 0.18107618 0.21198845 0.20496356 0.17328054 0.24241300 0.10594069 0.15079647 0.18656156 0.18017409 0.23564919 0.18500420 0.12734320 0.19876071 0.19526196 0.19129829 0.12888378 0.21821671 0.19061775 0.28314985 0.18640642 0.31521729 0.15700811 0.17596115 0.23685044 0.18246057 0.18806165 0.19814439 0.14286185 0.14445328 0.19582088 0.18801235 0.14004601 0.14380137 0.20362278 0.18857626 0.18780038 0.18199304 0.16926744 0.20022193 0.25271848 0.25180593 0.23905876 0.20785001 0.15481201 0.17481794 0.26036745 0.23549664 0.25290893 0.23085642 0.21351079 0.19322987 0.18127277 0.27172190 0.21601805 0.14788551 0.31679776 0.17902010 0.16462357 0.18005591 0.26896980 0.24624979 0.19092131 0.12232417 0.15035932 0.16966387 0.19222454 0.22717243 0.14696224 0.24464103 0.20765973 0.11926278 0.17308105 0.20990065 0.20173491 0.15951387 0.17255824 0.10998962 0.12399520 0.19747280 0.15832633 0.13856565 0.15424689 0.20168539 0.14664391 0.23158616 0.18162406 0.20635919 0.18112374 0.16972372 0.16920765 0.17474798 0.15234593 0.21364886 0.14264147 0.15415069 0.20842384 
0.19039787 0.18014681 0.16406387 0.19785296 0.26362615 0.33842734 0.23706691 0.13461892 0.16328985 0.17791576 0.11222919 0.14063460 0.17522824 0.25063019 0.19090609 0.20380651 0.23685009 0.18085414 0.14556969 0.43995955 0.30394173 0.31880666 0.32195635 0.64131797 0.48084616 0.00000000 0.27531542 0.28928258 0.27769419 0.24055170 0.21642086 0.21903138 0.20969297 0.23159447 0.26734864 0.30838335 0.34679812 0.19230629 0.15678607 0.26718216 0.22773214 0.27989580 0.13694897 0.18268742 0.14706496 0.19042479 0.16176788 0.20688256 0.15330983 0.18607700 0.17617622 0.23230586 0.17433797 0.16395244 0.24395408 0.24282854 0.24761635 0.34934527 0.21195055 0.27459771 0.32134873 0.21412751 0.21806223 0.18633109 0.17958672 0.22830652 0.18335353 0.10741797 0.21225865 0.17652389 0.23822943 0.15582405 0.16703374 0.21231537 0.19908260 0.15509948 0.12966763 0.18986518 0.20723519 0.17813776 0.21279371 0.27181896 0.17834356 0.17887482 0.20201576 0.25008876 0.24360498 0.13349006 0.19660785 0.19814315 0.17863015 0.19753670 0.23230450 0.21727883 0.20979840 0.22271313 0.23997428 0.20920229 0.11110450 0.12742307 0.20705641 0.20553303 0.20522017 0.13530456 0.24608582 0.17993344 0.18334343 0.17638155 0.23108677 0.16106165 0.20642785 0.14885786 0.17868834 0.13520748 0.20333863 0.16607598 0.17584476 0.15665678 0.21734888 0.18162726 0.14349384 0.14500093 0.17063868 0.20514362 0.21087580 0.19359171 0.18205038 0.12075275 0.17829731 0.21506047 0.17484548 0.18279675 0.17822411 0.20759244 0.18306077 
