0.00000000 0.17157258 0.15812273 0.09528659 0.10865078 0.10792376 0.11575211 0.09970254 0.09410766 0.06460744 0.11664501 0.09058625 0.10001039 0.07663757 0.09174319 0.10092606 0.09729324 0.10113613 0.08460267 0.07831859 0.06658657 0.07933076 0.08367991 0.09924552 0.10520434 0.10308380 0.11846875 0.15514225 0.11504711 0.10573398 0.15751618 0.08094964 0.09753639 0.11019009 0.11235182 0.08482867 0.08545066 0.09873790 0.08244129 0.08681021 0.11112067 0.08414951 0.09887138 0.13156670 0.14097592 0.10700731 0.12234222 0.10034664 0.10412217 0.09036552 0.11751431 0.10722605 0.08327696 0.10668226 0.13947924 0.13827184 0.12815926 0.09446377 0.08504012 0.09165302 0.09204587 0.08691005 0.11740696 0.08568119 0.09942829 0.11200651 0.10809853 0.08762346 0.10007255 0.12110991 0.09931487 0.09259999 0.15498461 0.12041285 0.06982939 0.08062119 0.11659328 0.09967714 0.09011110 0.12160146 0.10520900 0.09562946 0.08727070 0.07002002 0.07767976 0.08896011 0.07254582 0.14477184 0.07917896 0.10658219 0.11127416 0.09563960 0.11105428 0.11604140 0.09346986 0.11240525 0.08473900 0.10341251 0.12671410 0.13409077 0.12227791 0.13011791 0.12024942 0.12894765 0.11983895 0.11382377 0.11825523 0.11431154 
0.17157258 0.00000000 0.21963841 0.09462294 0.13847663 0.12810049 0.09932040 0.08310785 0.08617908 0.09092301 0.09612459 0.08372753 0.10199208 0.09424799 0.13064397 0.09576874 0.11341039 0.12523201 0.09922401 0.10933506 0.08882660 0.10122169 0.12330602 0.07895365 0.11050004 0.12285283 0.11606540 0.06779200 0.07916230 0.10056037 0.12049782 0.04389462 0.11373154 0.09207201 0.08196889 0.05512996 0.13137025 0.11193843 0.13154837 0.08989758 0.10063674 0.13561562 0.11104659 0.13811451 0.09835895 0.09998183 0.08108483 0.09994682 0.12298988 0.10400078 0.07639266 0.15233766 0.08873971 0.12314318 0.11387791 0.09961520 0.10720755 0.11659461 0.12326956 0.06409961 0.11304345 0.10608442 0.06984632 0.11445606 0.06395618 0.05090185 0.03317805 0.04004819 0.06782120 0.08026158 0.04701942 0.12342476 0.10526696 0.11419590 0.06355261 0.10919969 0.06301309 0.10881899 0.12711549 0.08627565 0.09767535 0.09573250 0.09223733 0.09649771 0.15218783 0.10540676 0.05294845 0.07726596 0.13980398 0.06138673 0.07649288 0.06519295 0.08146111 0.09570036 0.15489656 0.06786981 0.08571238 0.09662799 0.12091693 0.14478230 0.12188796 0.17907662 0.18316682 0.19301561 0.16207040 0.17501315 0.14590922 0.15258462 
0.15812273 0.21963841 0.00000000 0.12471237 0.16838705 0.12844299 0.05226731 0.13316861 0.10107361 0.10062907 0.09475906 0.09732655 0.07310657 0.09861272 0.10767782 0.10133084 0.13961295 0.14027945 0.12745184 0.11290374 0.08085169 0.10769789 0.11022436 0.08646783 0.11633245 0.08757044 0.09927794 0.07684038 0.08262886 0.09616614 0.10626739 0.06727891 0.10225776 0.14469865 0.08814829 0.02194742 0.11472954 0.09529483 0.10546403 0.10359420 0.14332854 0.11460666 0.08765907 0.17732305 0.07216267 0.11893931 0.09806841 0.12083752 0.11600989 0.06759943 0.08097963 0.09419715 0.09990275 0.13094315 0.15365367 0.09550617 0.11471952 0.10795677 0.11565169 0.08613080 0.14955746 0.11085158 0.07375663 0.11390482 0.05643822 0.02560206 0.05525652 0.00491355 0.08159972 0.07603467 0.03012287 0.09057006 0.10273301 0.12226097 0.07750079 0.09999880 0.10132042 0.10581471 0.10003444 0.09252066 0.07679448 0.09951766 0.08308933 0.12603193 0.08790256 0.07090622 0.06269044 0.06212727 0.09984991 0.10100768 0.06402086 0.07059810 0.08878558 0.11026550 0.08417079 0.07378205 0.09646924 0.12296774 0.11856834 0.20872703 0.17375305 0.18076411 0.17903462 0.17838560 0.17306168 0.18070342 0.16753916 0.14242839 
0.09528659 0.09462294 0.12471237 0.00000000 0.24947686 0.15192464 0.11205138 0.11661745 0.11508826 0.11642741 0.06230751 0.11992333 0.07765485 0.14240803 0.12104304 0.09272211 0.11305856 0.08864222 0.09199272 0.07929010 0.07504202 0.08731064 0.17734214 0.13447413 0.11095649 0.09288969 0.08954748 0.10449121 0.13426645 0.12646609 0.09805024 0.10411460 0.07238506 0.08727054 0.05471067 0.08579133 0.04080570 0.08858181 0.17088180 0.05915321 0.11715509 0.07376094 0.12287993 0.08196404 0.16042040 0.10857445 0.12184740 0.11061975 0.10716854 0.08424656 0.05959847 0.10981481 0.07082844 0.10481537 0.13383828 0.10516995 0.13547271 0.08116106 0.12504212 0.10284538 0.11552808 0.08945766 0.17787231 0.11035094 0.19317451 0.11213335 0.09887266 0.22857736 0.11701018 0.15214248 0.11763451 0.07991511 0.14816071 0.08427438 0.08674612 0.12668433 0.10716605 0.06081462 0.18350364 0.13647459 0.12620464 0.08428496 0.11885832 0.10940961 0.10064779 0.08214073 0.10941262 0.19468498 0.11738414 0.17570187 0.10869490 0.12860705 0.06592795 0.09438823 0.09957512 0.02810298 0.09387825 0.03517248 0.04169947 0.08169325 0.08489868 0.08025494 0.08997265 0.09774628 0.08949670 0.07720172 0.09206344 0.08832388 
0.10865078 0.13847663 0.16838705 0.24947686 0.00000000 0.11634618 0.18503471 0.13513166 0.12598780 0.08855275 0.13110176 0.10095043 0.13818869 0.11524015 0.09531940 0.16558826 0.05784213 0.09807451 0.12902353 0.09268906 0.13553021 0.13289575 0.09843534 0.05997682 0.10442421 0.05244844 0.11739449 0.10727185 0.15726910 0.07922426 0.10229946 0.05893240 0.09213622 0.09081822 0.06334039 0.06857418 0.10909097 0.05201802 0.06093553 0.08438449 0.07083093 0.14651455 0.07760904 0.11794395 0.08243554 0.15101615 0.15785070 0.07210076 0.07252800 0.14482270 0.07980475 0.11529644 0.14184023 0.07310587 0.06414769 0.09102020 0.10839117 0.08208355 0.14324734 0.10154689 0.09393688 0.09739012 0.09305808 0.07243500 0.12582013 0.14258116 0.12487559 0.07273262 0.02248978 0.12401841 0.10969706 0.08420111 0.09981497 0.09004293 0.09204481 0.09113909 0.07138676 0.13253253 0.12108093 0.08393618 0.08142316 0.11148753 0.14281848 0.17196441 0.29912153 0.11148588 0.21570434 0.13484868 0.10811675 0.09922149 0.09520386 0.05530134 0.10571438 0.07403628 0.16818863 0.09879860 0.05384229 0.05381582 0.13412822 0.09242962 0.09697166 0.12286750 0.10225674 0.10475900 0.11643410 0.13777781 0.09304873 0.12366649 
0.10792376 0.12810049 0.12844299 0.15192464 0.11634618 0.00000000 0.11267224 0.17489932 0.15256653 0.16471340 0.07598879 0.09841096 0.12490848 0.09857901 0.14670340 0.08267006 0.06457415 0.08903542 0.13534053 0.13704079 0.11283847 0.05881365 0.09577798 0.13714047 0.09240104 0.11901119 0.11734925 0.08781632 0.10242199 0.12360129 0.06929053 0.04150504 0.10737702 0.09845195 0.12991341 0.12757993 0.02543270 0.07684212 0.12262968 0.08715112 0.08122931 0.11619615 0.07784469 0.05859189 0.12693960 0.14777549 0.13926247 0.06795074 0.06029309 0.06469483 0.06939115 0.12678287 0.11264725 0.08903849 0.14493917 0.07510275 0.04388761 0.07980872 0.08711898 0.07701937 0.17956394 0.13547895 0.09123343 0.07415812 0.11282676 0.14797284 0.18142918 0.17408761 0.12524624 0.09226977 0.13216313 0.15512030 0.11878297 0.06896764 0.11697025 0.09380840 0.05803723 0.14008291 0.11139702 0.08110921 0.08295507 0.09717852 0.12104441 0.15550381 0.15027166 0.04385700 0.10617424 0.20842506 0.07333427 0.25509668 0.10775297 0.10507009 0.09718968 0.13132484 0.12035702 0.05013735 0.13364713 0.08255133 0.14075175 0.09272067 0.09314765 0.10269030 0.14410212 0.09805388 0.10625537 0.10703364 0.12815473 0.10623243 
0.11575211 0.09932040 0.05226731 0.11205138 0.18503471 0.11267224 0.00000000 0.18708015 0.16784868 0.12464773 0.17963259 0.14443740 0.13263369 0.05919285 0.15210497 0.13219665 0.16563948 0.08679273 0.16767734 0.12283932 0.14671883 0.09272795 0.10874981 0.06148506 0.10261292 0.13589122 0.10769601 0.12164891 0.08381555 0.09577849 0.09174035 0.10534107 0.11816855 0.08808024 0.10888600 0.18748750 0.13814789 0.08000118 0.12780653 0.09009632 0.12823850 0.10175117 0.05658803 0.03430378 0.09950292 0.09378065 0.08929820 0.04745432 0.11611625 0.15647886 0.10506040 0.05642566 0.07044853 0.07647573 0.02515103 0.10307610 0.11993551 0.07219473 0.12626331 0.16714251 0.17952110 0.16867034 0.06722249 0.12966894 0.11704364 0.09265353 0.11354767 0.08941265 0.04927328 0.08239287 0.11458353 0.07319226 0.13848778 0.09162916 0.15302666 0.05593757 0.04470735 0.06288740 0.10155949 0.06616266 0.11567680 0.06764349 0.09424305 0.09202211 0.08552702 0.11046222 0.11404789 0.17113802 0.22494073 0.13602505 0.09157968 0.06762644 0.08947146 0.10603205 0.11568571 0.14813771 0.12703919 0.11071736 0.07143551 0.08760962 0.09405819 0.07598119 0.07624180 0.10249975 0.10627218 0.07432220 0.08121065 0.10432149 
0.09970254 0.08310785 0.13316861 0.11661745 0.13513166 0.17489932 0.18708015 0.00000000 0.24248918 0.18804637 0.23040059 0.11458553 0.11758250 0.18023517 0.13207529 0.11621009 0.15633109 0.14236368 0.12403864 0.11149746 0.09145115 0.11739989 0.12061586 0.12533941 0.09321906 0.06708771 0.10519303 0.05148620 0.10821909 0.06388622 0.06114092 0.13752232 0.06982578 0.09009534 0.06136772 0.13342536 0.10486525 0.11353266 0.07887371 0.11392444 0.09478675 0.05539642 0.12141161 0.07534059 0.07064191 0.12228835 0.08067040 0.10139269 0.07757745 0.09006325 0.06347667 0.05919532 0.15701641 0.11355866 0.07524768 0.07898802 0.08688130 0.09626291 0.13833041 0.10781251 0.07533546 0.08844451 0.11369290 0.06008419 0.08152869 0.04042526 0.10166251 0.14576209 0.14846863 0.06343971 0.13273454 0.09415339 0.11340103 0.07749567 0.13772235 0.11159637 0.11145046 0.09027852 0.10518182 0.09267427 0.05758019 0.11961866 0.09362213 0.22264531 0.09215356 0.10030160 0.10109724 0.14284300 0.03331699 0.25175884 0.07276812 0.10120533 0.08302237 0.10069729 0.09412471 0.16676776 0.09989573 0.08309382 0.10623033 0.08413653 0.08037587 0.10114909 0.09684783 0.12848667 0.10911588 0.11659185 0.14639000 0.12275694 
0.09410766 0.08617908 0.10107361 0.11508826 0.12598780 0.15256653 0.16784868 0.24248918 0.00000000 0.15063346 0.11682187 0.13873583 0.13547110 0.09996318 0.10268481 0.09025712 0.10538140 0.05757135 0.10067836 0.16545369 0.12647865 0.08579712 0.11519305 0.16518949 0.09339245 0.05284626 0.11858912 0.13276700 0.05894160 0.05208177 0.12318901 0.12536745 0.11437489 0.08959269 0.10427513 0.07024748 0.16137299 0.12593433 0.05673853 0.11778306 0.11319638 0.09960169 0.08600010 0.11773397 0.07847098 0.16566865 0.06335806 0.06805321 0.12006069 0.13775469 0.06408860 0.11808026 0.03387075 0.04503132 0.05163918 0.10855394 0.03693175 0.05623792 0.11734305 0.10931968 0.15004194 0.13317711 0.08955759 0.10518104 0.15728483 0.06214114 0.09928447 0.15271336 0.09320253 0.13432986 0.07495545 0.16468737 0.08745966 0.06133296 0.11877132 0.14310687 0.13135326 0.08167642 0.11231270 0.16343339 0.11289220 0.11355924 0.08809147 0.06987900 0.06403342 0.12399351 0.19002043 0.10523827 0.12959662 0.11411313 0.19771492 0.11115838 0.08179791 0.13768918 0.12794338 0.17571334 0.14562860 0.11821976 0.11825463 0.10944103 0.08957740 0.09610601 0.07469050 0.10028802 0.08240663 0.08586157 0.10773854 0.08525420 
0.06460744 0.09092301 0.10062907 0.11642741 0.08855275 0.16471340 0.12464773 0.18804637 0.15063346 0.00000000 0.15703594 0.18397390 0.13911155 0.13859129 0.12048078 0.12605241 0.15453087 0.21386143 0.14541885 0.18998513 0.09452242 0.14070545 0.13233659 0.10186831 0.10201406 0.10072571 0.11913467 0.07757917 0.10614772 0.10891859 0.04450894 0.09264081 0.18064127 0.14751369 0.08414721 0.08505600 0.11999062 0.11236493 0.09736881 0.04106737 0.10036001 0.11294520 0.03051433 0.12145167 0.09156469 0.09324207 0.09470610 0.11480164 0.08681102 0.09095295 0.08679669 0.10850823 0.11052726 0.06896771 0.06893283 0.04361940 0.15345646 0.13722919 0.12003500 0.08548103 0.09839888 0.10495957 0.10118657 0.06431675 0.04312099 0.09634603 0.11652224 0.11093442 0.07977489 0.05314480 0.05255629 0.13065357 0.06444222 0.12304960 0.13830509 0.11601957 0.10123814 0.10117424 0.06548391 0.07442025 0.17152729 0.09301262 0.25593666 0.14184388 0.06492459 0.07640197 0.15083122 0.02993447 0.08397426 0.13252751 0.09044063 0.18798358 0.08066850 0.12582569 0.10007956 0.07701400 0.09676938 0.06977772 0.11200261 0.10919710 0.10609823 0.11213398 0.15381231 0.10725012 0.10067670 0.11422701 0.10497649 0.11097687 
0.11664501 0.09612459 0.09475906 0.06230751 0.13110176 0.07598879 0.17963259 0.23040059 0.11682187 0.15703594 0.00000000 0.09904288 0.08320151 0.25269279 0.16860966 0.06141552 0.10721359 0.16030218 0.19558967 0.12917610 0.09290986 0.13470628 0.13850907 0.15164135 0.09602443 0.07760594 0.11375700 0.10591477 0.13593598 0.07835815 0.05860246 0.09820946 0.08937993 0.16516936 0.09350222 0.12907633 0.12193219 0.15491417 0.12877215 0.09566937 0.13380273 0.08516451 0.10282689 0.08837302 0.09808261 0.08909754 0.10159623 0.10620929 0.12352806 0.13341164 0.06162396 0.10778466 0.13705935 0.09931889 0.07370345 0.09432854 0.13870498 0.11287459 0.12288362 0.10909446 0.04146951 0.07687802 0.09202249 0.12214255 0.09156190 0.05233106 0.10476310 0.10517866 0.07290495 0.08521501 0.06373783 0.04558446 0.08004050 0.12149036 0.19598155 0.12814030 0.07163740 0.10018268 0.12779816 0.10894697 0.08913281 0.12759298 0.06210381 0.10432661 0.10921790 0.06581082 0.08723447 0.03771176 0.17569409 0.15250160 0.08476894 0.14195538 0.07481009 0.07507650 0.04949755 0.11725731 0.13242112 0.10497505 0.09847743 0.08176057 0.08257762 0.12593870 0.08795339 0.11565997 0.08973634 0.08783117 0.08327589 0.09443683 
0.09058625 0.08372753 0.09732655 0.11992333 0.10095043 0.09841096 0.14443740 0.11458553 0.13873583 0.18397390 0.09904288 0.00000000 0.22327833 0.19700953 0.17768345 0.22545441 0.08621204 0.11629401 0.20297402 0.08784852 0.14053199 0.11824441 0.12397103 0.11330453 0.10064692 0.07111210 0.09011531 0.18577583 0.14407534 0.13770002 0.06324074 0.07509175 0.11260415 0.08444270 0.09278571 0.14600770 0.10355032 0.14314453 0.12815288 0.06718928 0.12203993 0.13226109 0.11533608 0.07238192 0.06682758 0.14431051 0.11456798 0.02792233 0.07367113 0.11075489 0.10816679 0.07180063 0.06910103 0.05052912 0.05466660 0.13251562 0.06684292 0.11014028 0.12275081 0.18693303 0.06087250 0.18408313 0.05595985 0.15706963 0.06399403 0.07679429 0.17162638 0.06649242 0.11384578 0.06855973 0.14526151 0.10836937 0.09964283 0.04638699 0.13747411 0.08453169 0.11190943 0.10978073 0.13663971 0.12753386 0.10481979 0.11962715 0.10943362 0.06171193 0.09466648 0.08316165 0.14132121 0.11593820 0.17384776 0.07389379 0.12047570 0.13933080 0.06055244 0.08339201 0.11326547 0.12615898 0.11853096 0.09442734 0.12825296 0.08522612 0.08268412 0.05863791 0.04670834 0.05856994 0.04547618 0.04898693 0.06888710 0.06315366 
0.10001039 0.10199208 0.07310657 0.07765485 0.13818869 0.12490848 0.13263369 0.11758250 0.13547110 0.13911155 0.08320151 0.22327833 0.00000000 0.15253752 0.10910008 0.19188152 0.16005167 0.13078067 0.10408979 0.14540854 0.15283482 0.07949639 0.13714844 0.06446626 0.09429927 0.12669537 0.09538016 0.05565057 0.16432669 0.11329354 0.10264804 0.14321535 0.15571856 0.08410457 0.05902292 0.13433885 0.14092407 0.06555338 0.11049137 0.09385925 0.09588801 0.08932091 0.09339720 0.04401547 0.05891726 0.06233773 0.12945991 0.11161968 0.11821319 0.14216106 0.04398961 0.06802230 0.10214069 0.06069319 0.10188626 0.19458212 0.07307243 0.15018368 0.08555413 0.14086827 0.17083724 0.06273109 0.10783358 0.11472451 0.07451443 0.05380155 0.12580433 0.16242150 0.11168345 0.04413571 0.13820283 0.06288043 0.06171174 0.12949257 0.09135920 0.13053273 0.11854252 0.08001581 0.11241510 0.10698857 0.05115661 0.12714030 0.13011376 0.13568146 0.13035080 0.08071355 0.13067286 0.10560121 0.05638486 0.08966446 0.07711704 0.14000196 0.14397841 0.03527934 0.11608728 0.20451734 0.12570858 0.11249237 0.10655092 0.10108690 0.11213194 0.09314928 0.12274758 0.13259531 0.11376372 0.09727419 0.08874871 0.12416546 
0.07663757 0.09424799 0.09861272 0.14240803 0.11524015 0.09857901 0.05919285 0.18023517 0.09996318 0.13859129 0.25269279 0.19700953 0.15253752 0.00000000 0.23960481 0.20613428 0.16334669 0.13898708 0.15138660 0.10144099 0.14466744 0.14566113 0.04409550 0.10244733 0.09829510 0.01441675 0.10082823 0.06136322 0.25206108 0.11342409 0.13186118 0.12738469 0.07398786 0.14533998 0.08595746 0.12779078 0.09395619 0.09788887 0.15667287 0.11962836 0.15334637 0.10243875 0.10458500 0.06386972 0.04374506 0.07664378 0.11320814 0.12016285 0.08537389 0.18868908 0.04228707 0.07331897 0.18223912 0.07846120 0.08558716 0.04577874 0.10426735 0.15193788 0.09273242 0.17697040 0.05537255 0.03940175 0.09245988 0.01697376 0.08701977 0.05751328 0.12466506 0.08606532 0.07773563 0.02181019 0.06430335 0.07670112 0.06960448 0.13295721 0.07986598 0.08741773 0.13414129 0.11774784 0.06608082 0.09903181 0.07730000 0.09296716 0.05057037 0.11405213 0.16799222 0.09081757 0.12357617 0.04753988 0.12102706 0.09013881 0.08980898 0.06696635 0.07241523 0.10065004 0.14433567 0.10840714 0.11521645 0.11518507 0.11529192 0.09438010 0.10447766 0.12861125 0.13094260 0.12008850 0.14016953 0.13139773 0.12867362 0.13044551 
0.09174319 0.13064397 0.10767782 0.12104304 0.09531940 0.14670340 0.15210497 0.13207529 0.10268481 0.12048078 0.16860966 0.17768345 0.10910008 0.23960481 0.00000000 0.18894911 0.10886258 0.06489327 0.14275857 0.13959511 0.24202879 0.10376610 0.08952375 0.13070646 0.09215725 0.05771440 0.08992462 0.05121137 0.11817221 0.09108568 0.06937339 0.10158409 0.06683445 0.10006166 0.08569447 0.06204179 0.08457013 0.12421023 0.10200355 0.14644893 0.13006018 0.13820339 0.09789398 0.05555291 0.06461813 0.06770994 0.06385446 0.11182526 0.10931250 0.12175885 0.04003256 0.06421748 0.02197981 0.03411682 0.10223429 0.11052460 0.13177019 0.09816325 0.10535400 0.17119132 0.13857408 0.20795766 0.13780923 0.10468535 0.08900138 0.09253055 0.07998587 0.08024082 0.11137689 0.07351452 0.12463150 0.14748667 0.13529298 0.08117829 0.13654794 0.05185908 0.06873588 0.08264014 0.14139403 0.09100669 0.08066249 0.09204180 0.09623808 0.11107655 0.07240378 0.10265218 0.14197339 0.11876549 0.15999214 0.07910161 0.12911556 0.15865951 0.08975785 0.09986755 0.10971054 0.13302993 0.13248916 0.12034500 0.11195492 0.09212451 0.07549779 0.11156544 0.15716093 0.10294175 0.10118548 0.12184556 0.10425128 0.11112860 
0.10092606 0.09576874 0.10133084 0.09272211 0.16558826 0.08267006 0.13219665 0.11621009 0.09025712 0.12605241 0.06141552 0.22545441 0.19188152 0.20613428 0.18894911 0.00000000 0.13519289 0.11681220 0.21360537 0.14454296 0.20580771 0.16410700 0.17085076 0.10376908 0.09790167 0.04714923 0.09884375 0.12497910 0.08853961 0.10377649 0.04381871 0.07010053 0.11815839 0.13418429 0.07596446 0.14558143 0.06407056 0.11063428 0.12880759 0.14004371 0.18218158 0.09898331 0.12090059 0.06079677 0.08691527 0.06823500 0.09036704 0.11246436 0.06566999 0.07512526 0.10779338 0.04628087 0.09186869 0.11637525 0.07901347 0.09354805 0.15919161 0.10128878 0.11151164 0.17448395 0.01676953 0.16984829 0.11471173 0.17665598 0.16592938 0.06730622 0.05672324 0.12568798 0.09210475 0.10728282 0.19562044 0.11046233 0.08867840 0.03849672 0.08690319 0.12477884 0.08068186 0.08202233 0.10601308 0.07845325 0.07311681 0.13810991 0.10711279 0.10686754 0.12495688 0.10970937 0.06806477 0.10129422 0.07698341 0.14963093 0.04756902 0.10977788 0.08971095 0.12162782 0.08295338 0.14857072 0.05576661 0.10181659 0.06861317 0.11653387 0.09937862 0.07604980 0.08714235 0.07729358 0.07620440 0.08798211 0.09991841 0.10972850 
0.09729324 0.11341039 0.13961295 0.11305856 0.05784213 0.06457415 0.16563948 0.15633109 0.10538140 0.15453087 0.10721359 0.08621204 0.16005167 0.16334669 0.10886258 0.13519289 0.00000000 0.18791746 0.11330318 0.14702498 0.07875939 0.15737307 0.15766871 0.12965614 0.09920039 0.07899209 0.08885612 0.04877000 0.08712194 0.06762072 0.07230714 0.10660450 0.07098161 0.12973256 0.10013957 0.14232957 0.09612143 0.06696391 0.19146512 0.09437655 0.18412205 0.09153836 0.08871211 0.12347966 0.10948225 0.05788579 0.07779940 0.12029838 0.07718135 0.11367919 0.05841839 0.14283756 0.08592530 0.13868255 0.09200112 0.09544440 0.10657744 0.18192352 0.13657840 0.16330502 0.07864527 0.17224886 0.09008934 0.07817706 0.11354990 0.08663643 0.05954864 0.04340702 0.09046431 0.06881648 0.05237835 0.07022679 0.09161585 0.04075384 0.06258285 0.07162934 0.12336741 0.08178368 0.09844224 0.12536447 0.10789791 0.11803085 0.12002762 0.16387037 0.13197245 0.09781623 0.14427984 0.10044958 0.14251517 0.13376554 0.08128987 0.13581072 0.10283513 0.13314831 0.05783267 0.08967900 0.11708232 0.12797451 0.06470068 0.10133136 0.08477306 0.11851036 0.14129246 0.12520140 0.10812070 0.11194302 0.13909042 0.14764441 
0.10113613 0.12523201 0.14027945 0.08864222 0.09807451 0.08903542 0.08679273 0.14236368 0.05757135 0.21386143 0.16030218 0.11629401 0.13078067 0.13898708 0.06489327 0.11681220 0.18791746 0.00000000 0.24693487 0.16599765 0.15854041 0.15781880 0.13256222 0.02738005 0.10283306 0.09093484 0.12425797 0.06108388 0.15438085 0.13215570 0.04897390 0.14138913 0.18162598 0.04622786 0.06753045 0.06919480 0.08648784 0.08964855 0.14778100 0.06930342 0.14674438 0.11032224 0.13855467 0.08823930 0.04171684 0.18098806 0.09391724 0.06720350 0.10081954 0.10723594 0.09187429 0.11736749 0.15589913 0.08530183 0.12120954 0.16786113 0.13492694 0.16054086 0.12079369 0.17979090 0.12048942 0.11052705 0.16163659 0.04752795 0.03343354 0.06407356 0.06138664 0.02719578 0.05679521 0.04439841 0.05141420 0.11390770 0.07869219 0.05042381 0.16297084 0.08711536 0.10216080 0.10841210 0.06287686 0.12140956 0.09098773 0.08817933 0.05642925 0.11622382 0.12259247 0.12958242 0.06554677 0.00000000 0.07286500 0.09725289 0.07710154 0.11276054 0.10401775 0.11026084 0.09444954 0.10524293 0.15791642 0.11661170 0.10514746 0.09796060 0.10774917 0.14035275 0.12087640 0.12938639 0.12683513 0.13341838 0.12841991 0.13659722 
0.08460267 0.09922401 0.12745184 0.09199272 0.12902353 0.13534053 0.16767734 0.12403864 0.10067836 0.14541885 0.19558967 0.20297402 0.10408979 0.15138660 0.14275857 0.21360537 0.11330318 0.24693487 0.00000000 0.21273579 0.13009477 0.16043273 0.08395885 0.09410075 0.09883824 0.08183160 0.11163087 0.05633773 0.19472238 0.09389632 0.06360333 0.10809454 0.18499592 0.10945629 0.03031859 0.15463897 0.05396047 0.13503000 0.13344149 0.14827829 0.12398446 0.15225965 0.09177125 0.05832233 0.06797913 0.06924379 0.10192449 0.09527135 0.07864509 0.15229971 0.07281435 0.10738123 0.13805068 0.12882439 0.09614519 0.08600000 0.13436190 0.09899573 0.11877152 0.16771425 0.09476462 0.08098387 0.10110290 0.05563061 0.04293796 0.03688535 0.04153308 0.05362016 0.10281742 0.06625104 0.07431106 0.06701610 0.08553138 0.09710634 0.10006817 0.09247071 0.05559332 0.10939366 0.11101485 0.13399177 0.09495403 0.07467437 0.03329464 0.12570054 0.17786575 0.07215168 0.09944997 0.05342421 0.10493813 0.08642805 0.06778890 0.08349312 0.08239737 0.15684776 0.11825810 0.06064865 0.11307193 0.10683772 0.11406297 0.10275484 0.09140922 0.11345147 0.12489045 0.09343737 0.12131911 0.11806909 0.09678996 0.11019049 
0.07831859 0.10933506 0.11290374 0.07929010 0.09268906 0.13704079 0.12283932 0.11149746 0.16545369 0.18998513 0.12917610 0.08784852 0.14540854 0.10144099 0.13959511 0.14454296 0.14702498 0.16599765 0.21273579 0.00000000 0.26933516 0.10183329 0.17610178 0.09341824 0.09990351 0.14217972 0.11795510 0.05451146 0.14649531 0.06775139 0.07198594 0.05714961 0.08895622 0.10367470 0.10261101 0.08126384 0.03628635 0.16242575 0.10778587 0.17121809 0.10070578 0.13485223 0.10829882 0.09009013 0.06815527 0.10651872 0.04892771 0.13595411 0.09513866 0.13365263 0.08984668 0.11896496 0.13591207 0.09503994 0.05979145 0.05397298 0.11176122 0.18329207 0.22155623 0.13281237 0.03121569 0.12232148 0.11526665 0.07517495 0.08117892 0.08473719 0.07566170 0.13014195 0.08892583 0.08641290 0.05940996 0.02911626 0.14588697 0.09624530 0.09232031 0.08377826 0.05470007 0.07842083 0.14023773 0.07171435 0.12819870 0.07645305 0.05701682 0.09898172 0.10229000 0.04984501 0.13308614 0.09667051 0.11439516 0.13703553 0.08151864 0.09263340 0.07772151 0.08615516 0.16200144 0.08718995 0.11707979 0.08814872 0.11267253 0.10689014 0.10882629 0.08735016 0.11363579 0.08707500 0.14487266 0.11828356 0.12256271 0.13231478 
0.06658657 0.08882660 0.08085169 0.07504202 0.13553021 0.11283847 0.14671883 0.09145115 0.12647865 0.09452242 0.09290986 0.14053199 0.15283482 0.14466744 0.24202879 0.20580771 0.07875939 0.15854041 0.13009477 0.26933516 0.00000000 0.15562469 0.12214920 0.11373080 0.10294557 0.04509339 0.14369061 0.06527045 0.08634123 0.13746335 0.06551794 0.09790093 0.07741402 0.09976714 0.11850185 0.12795155 0.18041846 0.12214532 0.12143562 0.12048553 0.08518710 0.05847203 0.12151517 0.06065350 0.08483425 0.03277604 0.11420349 0.06563842 0.09792618 0.00866992 0.03804748 0.10451167 0.10118569 0.07900900 0.05958876 0.06701218 0.13540685 0.11573935 0.14043023 0.15858131 0.20691170 0.16319034 0.10495752 0.13561067 0.07797927 0.12452193 0.07051201 0.07252178 0.10073149 0.11814253 0.19623815 0.02779578 0.12139086 0.20484824 0.14340533 0.05876207 0.10771357 0.12692439 0.11286860 0.03465867 0.09447030 0.08568638 0.08526975 0.10763589 0.07526902 0.13627706 0.13639773 0.08187959 0.13327754 0.13571703 0.08337204 0.14720424 0.08708534 0.10352975 0.09822267 0.12488610 0.10673343 0.14069574 0.06926076 0.11591113 0.10114298 0.08117568 0.08394838 0.09008861 0.07269008 0.08944499 0.07896893 0.09694096 
0.07933076 0.10122169 0.10769789 0.08731064 0.13289575 0.05881365 0.09272795 0.11739989 0.08579712 0.14070545 0.13470628 0.11824441 0.07949639 0.14566113 0.10376610 0.16410700 0.15737307 0.15781880 0.16043273 0.10183329 0.15562469 0.00000000 0.08562374 0.28479246 0.10152201 0.11489518 0.13329827 0.08209545 0.12314637 0.10349005 0.03681554 0.08165297 0.12528202 0.13518249 0.04940256 0.13019956 0.06818683 0.11767567 0.14808663 0.12732358 0.19087494 0.11486504 0.13385297 0.04974215 0.02141490 0.07928522 0.09636296 0.10985269 0.11558290 0.04944559 0.06262529 0.06172678 0.08196346 0.09086523 0.11790498 0.32190006 0.10361657 0.16246872 0.18948901 0.15699777 0.19215067 0.13179583 0.16789540 0.11141212 0.06385172 0.05359219 0.06733093 0.08767020 0.13625861 0.03536270 0.05664624 0.03258009 0.10813011 0.09185197 0.10212970 0.06084928 0.08569567 0.08143897 0.13265449 0.17948801 0.11832567 0.08130714 0.07651496 0.07372092 0.05537107 0.18342818 0.11711938 0.02626177 0.15465708 0.15985344 0.03089462 0.12493351 0.05877033 0.08447494 0.09956164 0.10359530 0.11735950 0.13960934 0.09958846 0.09571976 0.09023741 0.11460776 0.12489656 0.09717889 0.10823837 0.11291298 0.09759723 0.12656687 
0.08367991 0.12330602 0.11022436 0.17734214 0.09843534 0.09577798 0.10874981 0.12061586 0.11519305 0.13233659 0.13850907 0.12397103 0.13714844 0.04409550 0.08952375 0.17085076 0.15766871 0.13256222 0.08395885 0.17610178 0.12214920 0.08562374 0.00000000 0.01416837 0.11380285 0.07158421 0.09975962 0.11845669 0.02903614 0.08225049 0.12582600 0.06523736 0.16000964 0.20236161 0.08054094 0.12381221 0.08234663 0.07844810 0.17069349 0.20914829 0.13241423 0.06872659 0.12622067 0.14881956 0.08037420 0.09937909 0.12875979 0.05994014 0.16341024 0.09097900 0.13261051 0.07281106 0.09070794 0.04577585 0.08753103 0.09955021 0.10262793 0.06648098 0.20453371 0.10776739 0.07206592 0.20800906 0.07983922 0.19270800 0.15588329 0.08808986 0.13127772 0.11765101 0.12036712 0.11278139 0.00932444 0.01318274 0.05983387 0.09297699 0.09511531 0.06402192 0.06820824 0.09456779 0.09596005 0.06909063 0.07246447 0.11728817 0.17263827 0.06966137 0.12801309 0.15710118 0.10735618 0.16843588 0.09422266 0.08068099 0.13123264 0.08711718 0.11756283 0.06342089 0.11016214 0.09591936 0.12337869 0.10755228 0.05134659 0.09134413 0.09526826 0.12294629 0.09190043 0.10122195 0.13213100 0.09681508 0.09033520 0.11346720 
0.09924552 0.07895365 0.08646783 0.13447413 0.05997682 0.13714047 0.06148506 0.12533941 0.16518949 0.10186831 0.15164135 0.11330453 0.06446626 0.10244733 0.13070646 0.10376908 0.12965614 0.02738005 0.09410075 0.09341824 0.11373080 0.28479246 0.01416837 0.00000000 0.11919472 0.11470519 0.09153124 0.16023028 0.06955853 0.16416931 0.09820132 0.19350525 0.09231857 0.08903661 0.08800282 0.12575829 0.09216701 0.00831738 0.05914487 0.10242663 0.11699393 0.18083671 0.17550785 0.09891455 0.08071572 0.10767069 0.09313014 0.12780022 0.13317978 0.05284909 0.09942147 0.02935666 0.13067239 0.08836630 0.26783565 0.04122879 0.14265722 0.17170354 0.05389192 0.13821632 0.08701238 0.14341270 0.29470517 0.08743221 0.10445445 0.04690745 0.10841867 0.03415734 0.08983726 0.09180131 0.12451727 0.05012029 0.06236192 0.17748052 0.06337053 0.15431889 0.09244423 0.11383481 0.12609561 0.14360141 0.10843435 0.10959051 0.17205411 0.04229684 0.06404837 0.14340472 0.09931380 0.08967597 0.03060154 0.10054596 0.08499718 0.15096509 0.19205992 0.07499559 0.07423598 0.08064407 0.11014431 0.07892520 0.07055950 0.09983292 0.10942763 0.12968258 0.09076337 0.09033484 0.08028113 0.09537223 0.07515810 0.09898445 
0.10520434 0.11050004 0.11633245 0.11095649 0.10442421 0.09240104 0.10261292 0.09321906 0.09339245 0.10201406 0.09602443 0.10064692 0.09429927 0.09829510 0.09215725 0.09790167 0.09920039 0.10283306 0.09883824 0.09990351 0.10294557 0.10152201 0.11380285 0.11919472 0.00000000 0.11914306 0.13030585 0.09455694 0.10812812 0.10117469 0.10566093 0.10146763 0.10096714 0.09982189 0.09994583 0.12882962 0.11625001 0.10986805 0.11447180 0.11185628 0.09742736 0.10230937 0.11859478 0.11546021 0.09559322 0.08752335 0.09784738 0.12365926 0.09853802 0.09527243 0.10418742 0.09079821 0.08317458 0.10375216 0.11425978 0.09804862 0.09422332 0.11483877 0.10518255 0.10213021 0.10618591 0.09590060 0.10749665 0.09654913 0.11940331 0.09175772 0.09150578 0.10699103 0.10141639 0.10219945 0.11117316 0.08963329 0.09988003 0.11772966 0.09769099 0.09334139 0.09659212 0.13053801 0.09592945 0.10063621 0.09241280 0.15758460 0.11403080 0.09680262 0.10333088 0.09881750 0.10097451 0.09900977 0.11056274 0.10033146 0.10728660 0.11945110 0.10371250 0.09866272 0.11010675 0.10283225 0.10398385 0.09036679 0.08798734 0.11021082 0.11375207 0.10957633 0.11240312 0.11421867 0.10983627 0.11042394 0.11195640 0.11136609 
0.10308380 0.12285283 0.08757044 0.09288969 0.05244844 0.11901119 0.13589122 0.06708771 0.05284626 0.10072571 0.07760594 0.07111210 0.12669537 0.01441675 0.05771440 0.04714923 0.07899209 0.09093484 0.08183160 0.14217972 0.04509339 0.11489518 0.07158421 0.11470519 0.11914306 0.00000000 0.08877941 0.13584726 0.10222900 0.04487682 0.22395045 0.04391478 0.06884536 0.07489156 0.08998501 0.07335779 0.11248122 0.09695550 0.06957644 0.06725751 0.09817912 0.10607511 0.07451622 0.22356145 0.30108569 0.11301849 0.09253701 0.17569045 0.11723114 0.05440410 0.09426943 0.11810198 0.04721466 0.06340135 0.15070458 0.10666673 0.09866413 0.06784261 0.11487850 0.08134616 0.08891137 0.08832726 0.14846006 0.05295512 0.16760248 0.09090099 0.18605289 0.11993089 0.13494441 0.26444528 0.18687103 0.12166797 0.08403021 0.27968638 0.08493839 0.06538514 0.19644423 0.14455854 0.11128157 0.14093272 0.14028110 0.12491802 0.08246178 0.04603585 0.04746465 0.15624238 0.14522177 0.21934187 0.06682417 0.04422208 0.08101250 0.09090627 0.06207383 0.09434855 0.08563988 0.06814740 0.13985624 0.10303533 0.08548254 0.10841943 0.11794309 0.08461493 0.10538497 0.11323672 0.12459157 0.11994167 0.10414923 0.07307473 
0.11846875 0.11606540 0.09927794 0.08954748 0.11739449 0.11734925 0.10769601 0.10519303 0.11858912 0.11913467 0.11375700 0.09011531 0.09538016 0.10082823 0.08992462 0.09884375 0.08885612 0.12425797 0.11163087 0.11795510 0.14369061 0.13329827 0.09975962 0.09153124 0.13030585 0.08877941 0.00000000 0.13571260 0.10014490 0.10919434 0.07523424 0.12045261 0.10674312 0.10532301 0.16254638 0.10695200 0.09144487 0.10946071 0.10006284 0.08503209 0.08903484 0.10072001 0.13212099 0.10118027 0.09356944 0.12130209 0.10745851 0.08998636 0.07570829 0.10347268 0.12281946 0.08466753 0.09185249 0.11397180 0.09208809 0.13150817 0.07417509 0.10738231 0.09291103 0.10880116 0.09731892 0.09319968 0.11697396 0.09424883 0.14910325 0.11541133 0.11435461 0.08002638 0.10261605 0.08313200 0.11568948 0.10682422 0.10478855 0.08005578 0.09290405 0.09823980 0.08174276 0.14009651 0.12264624 0.09686513 0.11858872 0.10699746 0.12005501 0.10774216 0.05609387 0.09608505 0.11321260 0.14039944 0.09330339 0.10771940 0.13152460 0.13777603 0.09948092 0.09089129 0.09935542 0.07886845 0.08829253 0.13272017 0.10777579 0.08431283 0.09421228 0.08450786 0.09029905 0.09531506 0.09013031 0.09236571 0.09776793 0.09633459 
0.15514225 0.06779200 0.07684038 0.10449121 0.10727185 0.08781632 0.12164891 0.05148620 0.13276700 0.07757917 0.10591477 0.18577583 0.05565057 0.06136322 0.05121137 0.12497910 0.04877000 0.06108388 0.05633773 0.05451146 0.06527045 0.08209545 0.11845669 0.16023028 0.09455694 0.13584726 0.13571260 0.00000000 0.13174330 0.23045870 0.23676380 0.12123557 0.08627233 0.15982107 0.12501104 0.13903944 0.08265162 0.09981468 0.08675716 0.06339353 0.09050368 0.08144115 0.11102126 0.14790973 0.23540984 0.42713306 0.13464253 0.14628065 0.07868388 0.14789559 0.15634029 0.07204380 0.12007003 0.08484570 0.09203604 0.04465915 0.08326135 0.06003874 0.08117418 0.08849348 0.09152172 0.23516961 0.07945649 0.10191166 0.08234703 0.19886337 0.17430978 0.11730116 0.10406930 0.21370058 0.08503927 0.09162305 0.17393896 0.08815075 0.20671278 0.10710218 0.11968438 0.11573746 0.08243992 0.09312916 0.08801771 0.07483621 0.06246466 0.04769374 0.08372510 0.08119663 0.12845033 0.11729104 0.16896684 0.09356158 0.12271038 0.16006218 0.12279045 0.07762849 0.08484165 0.11169805 0.04231308 0.11983861 0.06852298 0.08254380 0.09031952 0.06445860 0.05323990 0.05422879 0.03824281 0.02905541 0.05179062 0.04377028 
0.11504711 0.07916230 0.08262886 0.13426645 0.15726910 0.10242199 0.08381555 0.10821909 0.05894160 0.10614772 0.13593598 0.14407534 0.16432669 0.25206108 0.11817221 0.08853961 0.08712194 0.15438085 0.19472238 0.14649531 0.08634123 0.12314637 0.02903614 0.06955853 0.10812812 0.10222900 0.10014490 0.13174330 0.00000000 0.16844588 0.07274846 0.10703966 0.27120874 0.14792135 0.08348650 0.09264160 0.08254727 0.09763572 0.13845112 0.08059899 0.14340696 0.14319200 0.07691996 0.08160019 0.10534537 0.04221889 0.10449712 0.08562879 0.11566975 0.10490319 0.15981436 0.15274576 0.17733235 0.09538686 0.08724866 0.06986106 0.18577124 0.19643656 0.10634344 0.09909534 0.08620858 0.09137924 0.10401774 0.08102419 0.07522665 0.10951263 0.13204658 0.07464990 0.12691933 0.13232930 0.06178988 0.08090210 0.13693495 0.12794534 0.13171082 0.09746733 0.04014691 0.08014416 0.11893073 0.04797763 0.10401491 0.09469046 0.07022073 0.12302139 0.12330490 0.12112110 0.12289717 0.01606691 0.10189914 0.14630683 0.11874479 0.08109062 0.22143716 0.11130815 0.07371105 0.07003662 0.10789380 0.11629081 0.09917651 0.08823456 0.09591509 0.07290245 0.08614537 0.07741361 0.07066453 0.08443271 0.06893758 0.09010778 
0.10573398 0.10056037 0.09616614 0.12646609 0.07922426 0.12360129 0.09577849 0.06388622 0.05208177 0.10891859 0.07835815 0.13770002 0.11329354 0.11342409 0.09108568 0.10377649 0.06762072 0.13215570 0.09389632 0.06775139 0.13746335 0.10349005 0.08225049 0.16416931 0.10117469 0.04487682 0.10919434 0.23045870 0.16844588 0.00000000 0.11296477 0.09116681 0.11640068 0.15247529 0.12274906 0.11410793 0.10143856 0.12581610 0.11706145 0.10476853 0.08009453 0.12330408 0.10928104 0.10294367 0.08802576 0.10317953 0.18047228 0.13154837 0.09610423 0.11071609 0.07723883 0.13947069 0.14397928 0.10107382 0.15267808 0.17528627 0.13995676 0.09294170 0.06504773 0.15872227 0.09926133 0.07491457 0.06915540 0.11522811 0.12925284 0.05599905 0.10808787 0.12976424 0.12289939 0.07846516 0.15753792 0.07788958 0.10025437 0.07936349 0.15186393 0.12423715 0.15345701 0.09110100 0.15520230 0.09856477 0.09537273 0.09834177 0.11421013 0.07805028 0.10754759 0.13934834 0.15149666 0.03819869 0.11415808 0.06680727 0.12536626 0.13674743 0.09333408 0.15079791 0.12744231 0.11785922 0.10334531 0.12805197 0.11567696 0.11876285 0.11971274 0.08621512 0.07511068 0.09523589 0.07707028 0.09440682 0.07159592 0.07983989 
0.15751618 0.12049782 0.10626739 0.09805024 0.10229946 0.06929053 0.09174035 0.06114092 0.12318901 0.04450894 0.05860246 0.06324074 0.10264804 0.13186118 0.06937339 0.04381871 0.07230714 0.04897390 0.06360333 0.07198594 0.06551794 0.03681554 0.12582600 0.09820132 0.10566093 0.22395045 0.07523424 0.23676380 0.07274846 0.11296477 0.00000000 0.09656201 0.07318257 0.10882610 0.11910230 0.07462031 0.08629249 0.03979323 0.02442125 0.07243199 0.08475260 0.14009748 0.19870499 0.13942448 0.20677972 0.13814585 0.16788509 0.13423897 0.08921360 0.06485501 0.23501259 0.12665292 0.07931082 0.13554283 0.13983116 0.08044823 0.02872364 0.06791644 0.11502579 0.06415850 0.11985096 0.08414012 0.07147661 0.07965773 0.26987565 0.21027643 0.16555471 0.13503845 0.07346552 0.40723767 0.10762512 0.12096215 0.09001104 0.22392008 0.09439873 0.09746025 0.11747458 0.12317960 0.06732178 0.04188894 0.11405335 0.14923166 0.07939588 0.10200570 0.08253230 0.01813326 0.06513430 0.19504008 0.07948366 0.11264376 0.10046709 0.05873426 0.06936132 0.14306033 0.05726560 0.12360042 0.08985525 0.03136442 0.07052943 0.12242071 0.14698492 0.11125635 0.10631537 0.10689749 0.09843812 0.11299603 0.08407083 0.08241140 
0.08094964 0.04389462 0.06727891 0.10411460 0.05893240 0.04150504 0.10534107 0.13752232 0.12536745 0.09264081 0.09820946 0.07509175 0.14321535 0.12738469 0.10158409 0.07010053 0.10660450 0.14138913 0.10809454 0.05714961 0.09790093 0.08165297 0.06523736 0.19350525 0.10146763 0.04391478 0.12045261 0.12123557 0.10703966 0.09116681 0.09656201 0.00000000 0.15250972 0.15534886 0.14537633 0.49727224 0.11581250 0.10141709 0.11025092 0.27598457 0.14179951 0.33834860 0.16546641 0.06728730 0.06099822 0.13318457 0.08232894 0.07309215 0.05645097 0.12511972 0.12485673 0.06036757 0.11166840 0.07224525 0.04561241 0.03220924 0.10696370 0.15189356 0.11200471 0.10821879 0.08657401 0.07100418 0.11162171 0.15686839 0.04953784 0.07064613 0.14560558 0.09349433 0.11614429 0.07402227 0.08495149 0.09939229 0.10265704 0.07575897 0.14169656 0.10000740 0.11037142 0.06070929 0.07244037 0.08391939 0.10247468 0.06525403 0.10075435 0.13261812 0.09072387 0.15724854 0.10491671 0.08951561 0.06853476 0.10170307 0.07257287 0.07640372 0.11706801 0.08646548 0.17006028 0.09422200 0.07902951 0.10270209 0.16912068 0.08359576 0.10206975 0.07746581 0.09728676 0.11430508 0.08923109 0.12435532 0.09934293 0.09419069 
0.09753639 0.11373154 0.10225776 0.07238506 0.09213622 0.10737702 0.11816855 0.06982578 0.11437489 0.18064127 0.08937993 0.11260415 0.15571856 0.07398786 0.06683445 0.11815839 0.07098161 0.18162598 0.18499592 0.08895622 0.07741402 0.12528202 0.16000964 0.09231857 0.10096714 0.06884536 0.10674312 0.08627233 0.27120874 0.11640068 0.07318257 0.15250972 0.00000000 0.10082454 0.11080031 0.15662482 0.15076804 0.16797269 0.18359810 0.14149289 0.10103557 0.07810277 0.09085241 0.04006634 0.10527447 0.11687641 0.14484124 0.03992177 0.12426419 0.13831837 0.12934026 0.10529340 0.05898002 0.10899182 0.06129536 0.08987512 0.09454674 0.11684572 0.11842718 0.06491914 0.13293534 0.06806163 0.08746271 0.09507228 0.14817268 0.10224941 0.06460510 0.11566255 0.18703350 0.06616801 0.16019258 0.11006356 0.05141348 0.05377957 0.07412365 0.20599620 0.08497216 0.10252390 0.12054797 0.11748965 0.07823483 0.10940485 0.08701256 0.16001329 0.11568434 0.05999429 0.08187994 0.06371597 0.12167316 0.14682870 0.07006583 0.08270417 0.08305711 0.10089961 0.14162732 0.05072063 0.16728041 0.12193651 0.09284037 0.10236954 0.08526512 0.09886824 0.12632656 0.10723861 0.11906095 0.10588886 0.12130776 0.11968621 
