0.00000000 0.44284488 0.22376965 0.38349584 0.34471146 0.26885464 0.32695949 0.31758667 0.24904056 0.26416836 0.28777700 0.41626932 0.23654110 0.22511190 0.15453756 0.22340019 0.29618980 0.38868350 0.30298959 0.34922256 0.39373169 0.14543353 0.26250041 0.33809549 0.40702833 0.50061856 0.22963204 0.37518593 0.23709160 0.25665116 0.10769708 0.29964414 0.18199038 0.27350359 0.41862215 0.36876430 0.32440461 0.34198643 0.32811843 0.31040436 0.45589692 0.27673523 0.38770640 0.11827616 0.33052537 0.39589494 0.27296546 0.30927456 0.48159822 0.24407551 
0.44284488 0.00000000 0.51032171 0.42622795 0.42274405 0.29510786 0.33676180 0.35210912 0.27826315 0.39505951 0.21081411 0.19983748 0.20739055 0.35278902 0.21109529 0.19658466 0.37426050 0.27160086 0.39467164 0.31723663 0.39145824 0.21007762 0.27109237 0.29376485 0.28134035 0.36862980 0.23907156 0.09930184 0.41328534 0.23788972 0.30061348 0.21497084 0.33240592 0.43989785 0.30925509 0.37208788 0.39779600 0.32440677 0.35486086 0.17645386 0.39886716 0.33537487 0.23553947 0.28892683 0.41759116 0.24578744 0.49752202 0.43664236 0.28754930 0.40412693 
0.22376965 0.51032171 0.00000000 0.04413854 0.28110373 0.42412463 0.43772266 0.20941321 0.21327109 0.25761982 0.34813392 0.25839644 0.54124838 0.31479434 0.28704135 0.35595976 0.38316072 0.31761980 0.27412672 0.27855813 0.33755200 0.26693327 0.26204724 0.30937498 0.34976505 0.30013150 0.33993235 0.32225258 0.31274331 0.40338455 0.11274166 0.38435325 0.31717015 0.45381389 0.35026337 0.35495588 0.61502435 0.36007154 0.36820420 0.26693159 0.23317438 0.25904748 0.23727614 0.48018570 0.28703523 0.38709519 0.38089307 0.34908838 0.28292745 0.30504952 
0.38349584 0.42622795 0.04413854 0.00000000 0.26776093 0.22332635 0.30286098 0.44078229 0.28591557 0.09500448 0.07158876 0.77457704 0.10416519 0.25638447 0.37720538 0.30818929 0.28332654 0.08498525 0.26265336 0.27293576 0.17553882 0.19117957 0.26651112 0.28896811 0.37470089 0.30858614 0.27693460 0.37357978 0.30242638 0.19071142 0.32686682 0.16638375 0.23947852 0.20116521 0.26592307 0.54380886 0.73340768 0.28470066 0.19399238 0.32734029 0.60717240 0.46908647 0.24686232 0.32662120 0.30115478 0.48725149 0.20463612 0.43314864 0.28548037 0.21290049 
0.34471146 0.42274405 0.28110373 0.26776093 0.00000000 0.38098501 0.60196589 0.24335562 0.21949500 0.40348130 0.22624870 0.29786431 0.36930676 0.42473579 0.17795580 0.30285720 0.35082627 0.29965145 0.30654278 0.31103499 0.39085850 0.27090638 0.22389076 0.28036342 0.23446708 0.19870934 0.43036171 0.33114490 0.27435125 0.36990342 0.33162167 0.29318756 0.32139376 0.21896338 0.43227976 0.22264668 0.19525571 0.29293133 0.25069983 0.32665431 0.37201319 0.23583792 0.28490357 0.30520472 0.24945351 0.46707763 0.29547922 0.26953718 0.17396152 0.39095258 
0.26885464 0.29510786 0.42412463 0.22332635 0.38098501 0.00000000 0.52343218 0.28890830 0.26230611 1.02665069 0.35445863 0.31611771 0.43494764 0.33700324 0.37299026 0.25205999 0.37576909 0.42609682 0.43890069 0.29321187 0.38664676 0.32413705 0.30259776 0.23361308 0.38015660 0.51013740 0.31618952 0.22016755 0.36094173 0.35520966 0.10861605 0.37085075 0.29080326 0.36798488 0.11953001 0.27498336 0.18797833 0.30816078 0.15111131 0.28555950 0.06984108 0.32361480 0.38569448 0.20716428 0.28831373 0.23488226 0.23338718 0.27144327 0.28423005 0.37790156 
0.32695949 0.33676180 0.43772266 0.30286098 0.60196589 0.52343218 0.00000000 0.26696191 0.28349235 0.45924407 0.52924062 0.27472702 0.37468897 0.36099789 0.28957883 0.24757693 0.43011056 0.34507971 0.32199430 0.37711546 0.35745467 0.40055375 0.35856233 0.27190733 0.33035973 0.21469872 0.29614841 0.21843522 0.29440155 0.30545077 0.25221762 0.25699583 0.32003772 0.47196156 0.32860628 0.27088206 0.20948183 0.23582527 0.23483947 0.19699013 0.04435025 0.27559667 0.21160284 0.28994772 0.21730642 0.13103097 0.29155104 0.37078887 0.25636426 0.44143495 
0.31758667 0.35210912 0.20941321 0.44078229 0.24335562 0.28890830 0.26696191 0.00000000 0.29306203 0.18877403 0.56515803 0.21892092 0.33107296 0.20612849 0.21978284 0.17823673 0.30042834 0.31094847 0.33784269 0.30532598 0.31065718 0.30226575 0.14612165 0.32467006 0.25617430 0.25721550 0.31231596 0.20429459 0.25119419 0.27497254 0.27457416 0.43656565 0.36851960 0.92221885 0.23812438 0.35241122 0.25749456 0.27996189 0.35228709 0.29175530 0.25833186 0.29906366 0.27019417 0.29369335 0.30811337 0.28250301 0.26187103 0.33270480 0.28895911 0.19132216 
0.24904056 0.27826315 0.21327109 0.28591557 0.21949500 0.26230611 0.28349235 0.29306203 0.00000000 0.43384179 0.38256241 0.22521045 0.27872341 0.29494903 0.14947741 0.28848300 0.26057470 0.17959300 0.35622885 0.29486277 0.21387066 0.25891081 0.36045877 0.31539283 0.25559055 0.17647621 0.20297012 0.46334313 0.30572509 0.21655134 0.21534739 0.29265490 0.34525150 0.22903969 0.38100842 0.25560774 0.29011565 0.43379951 0.20680312 0.32631116 0.32970261 1.13909933 0.51275264 0.16931686 0.32988160 0.19127614 0.39225236 0.20756983 0.33473189 0.23351079 
0.26416836 0.39505951 0.25761982 0.09500448 0.40348130 1.02665069 0.45924407 0.18877403 0.43384179 0.00000000 0.47965491 0.09753344 0.72499993 0.69681544 0.39920646 0.31660343 0.41030958 0.32132096 0.32849005 0.33015931 0.25161956 0.37777065 0.25373094 0.33237591 0.44112862 0.31162858 0.26466234 0.28116887 0.32506567 0.25268102 0.31548342 0.36564236 0.18543969 0.24519630 0.29708499 0.10423149 0.27283192 0.20829246 0.16400909 0.06779698 0.10245010 0.31337132 0.21851610 0.30482152 0.25901471 0.18361618 0.45212715 0.34312799 0.31842278 0.39763349 
0.28777700 0.21081411 0.34813392 0.07158876 0.22624870 0.35445863 0.52924062 0.56515803 0.38256241 0.47965491 0.00000000 0.30294129 0.23361914 0.53945596 0.74916012 0.41922372 0.30765403 0.37197711 0.38291212 0.27250447 0.35803826 0.29717956 0.27941937 0.26535269 0.14500222 0.37240101 0.33593538 0.24576967 0.44066750 0.55981819 0.69946666 0.51213389 0.38647968 0.28372404 0.27695115 0.22403029 0.21264621 0.16715312 0.28171248 0.21846441 0.12969617 0.31828505 0.31557298 0.14855230 0.19154892 0.08497580 0.22031887 0.19127678 0.31885826 0.29181669 
0.41626932 0.19983748 0.25839644 0.77457704 0.29786431 0.31611771 0.27472702 0.21892092 0.22521045 0.09753344 0.30294129 0.00000000 0.57276415 0.27695030 0.49895992 0.31382241 0.25013998 0.16125635 0.29518743 0.17516520 0.32787310 0.25550639 0.29013660 0.34592299 0.18612038 0.25424785 0.21737277 0.35906559 0.26482618 0.25675422 0.54636494 0.32901032 0.34095180 0.22393937 0.57486155 0.16314606 0.13115537 0.32995220 0.68694396 0.16387440 0.21299353 0.29209854 0.13420755 0.36952321 0.32483753 0.16878826 0.24873409 0.42515074 0.21658726 0.40601098 
0.23654110 0.20739055 0.54124838 0.10416519 0.36930676 0.43494764 0.37468897 0.33107296 0.27872341 0.72499993 0.23361914 0.57276415 0.00000000 0.21702715 0.30402826 0.30440288 0.53009852 0.36795314 0.30059069 0.21569652 0.34664330 0.30180092 0.22549247 0.21677976 0.19877775 0.27558409 0.08711284 0.30294858 0.35225406 0.35167546 0.22201357 0.33079332 0.34511672 0.27822382 0.48051181 0.34887489 0.18091443 0.15863539 0.25814358 0.26147501 0.42168524 0.28096151 0.84280220 0.27254513 0.13831273 0.16593573 0.42516679 0.40579222 0.23431522 0.48631168 
0.22511190 0.35278902 0.31479434 0.25638447 0.42473579 0.33700324 0.36099789 0.20612849 0.29494903 0.69681544 0.53945596 0.27695030 0.21702715 0.00000000 0.43658702 0.23710988 0.55072603 0.64361495 0.40912183 0.43784856 0.47680195 0.34548098 0.28265422 0.24358573 0.18071402 0.47248804 0.28273939 0.22008389 0.48979875 0.46721687 0.27645001 0.40827809 0.17038846 0.35562248 0.27202563 0.24531594 0.25287526 0.19462020 0.28627135 0.22413785 0.08458774 0.21925400 0.27763276 0.33772773 0.20127109 0.18156395 0.30312781 0.18534699 0.27531438 0.42380766 
0.15453756 0.21109529 0.28704135 0.37720538 0.17795580 0.37299026 0.28957883 0.21978284 0.14947741 0.39920646 0.74916012 0.49895992 0.30402826 0.43658702 0.00000000 0.29833713 0.40954642 0.48490510 0.33690633 0.18753658 0.15456073 0.24091331 0.26577942 0.26359515 0.28064731 0.42449392 0.68473847 0.27151327 0.33715429 0.68748302 1.18078706 0.22654580 0.25987037 0.23379210 0.21865771 0.09879481 0.17440719 0.24824555 0.32243049 0.18386897 0.04622860 0.15649781 0.21660362 0.43813614 0.24434547 0.46177775 0.31941456 0.19009308 0.24568132 0.23107395 
0.22340019 0.19658466 0.35595976 0.30818929 0.30285720 0.25205999 0.24757693 0.17823673 0.28848300 0.31660343 0.41922372 0.31382241 0.30440288 0.23710988 0.29833713 0.00000000 0.37485344 0.36613247 0.39511239 0.36659578 0.41461372 0.26998393 0.21868038 0.34246893 0.43280195 0.15904625 0.31822634 0.35589074 0.35370975 0.27586760 0.29881523 0.24979387 0.37915139 0.29263590 0.28271163 0.24848847 0.24865455 0.48612597 0.35754702 0.37638531 0.32116509 0.33677329 0.45853411 0.26199587 0.31255465 0.27613270 0.30154330 0.31917962 0.33307287 0.20273481 
0.29618980 0.37426050 0.38316072 0.28332654 0.35082627 0.37576909 0.43011056 0.30042834 0.26057470 0.41030958 0.30765403 0.25013998 0.53009852 0.55072603 0.40954642 0.37485344 0.00000000 0.60052808 0.34302072 0.31531043 0.42401684 0.43951402 0.42668604 0.30166753 0.33254197 0.36383998 0.31469768 0.30860552 0.42917390 0.31860091 0.22842146 0.35507429 0.26756398 0.18873511 0.24609509 0.23484060 0.16360569 0.21053995 0.18338355 0.23959900 0.07519718 0.27394685 0.34947604 0.32587455 0.30652127 0.18269456 0.39451791 0.18667042 0.27067641 0.37069542 
0.38868350 0.27160086 0.31761980 0.08498525 0.29965145 0.42609682 0.34507971 0.31094847 0.17959300 0.32132096 0.37197711 0.16125635 0.36795314 0.64361495 0.48490510 0.36613247 0.60052808 0.00000000 0.69280358 0.50628061 0.33853307 0.47228567 0.31721161 0.24931637 0.27733582 0.37315195 0.32104707 0.23701025 0.40959627 0.81664086 0.34442854 0.37627922 0.30924852 0.31759489 0.29529032 0.18099659 0.24343804 0.27780051 0.18790291 0.17605811 0.00000000 0.27561283 0.17363377 0.24661071 0.13044146 0.25378102 0.28871714 0.11990543 0.33222249 0.37942069 
0.30298959 0.39467164 0.27412672 0.26265336 0.30654278 0.43890069 0.32199430 0.33784269 0.35622885 0.32849005 0.38291212 0.29518743 0.30059069 0.40912183 0.33690633 0.39511239 0.34302072 0.69280358 0.00000000 0.53243098 0.26366164 0.49318201 0.29290758 0.28606081 0.40943504 0.56704134 0.51923313 0.32370815 0.38283114 0.54843079 0.22294254 0.28679254 0.26624491 0.34170022 0.23679919 0.28753570 0.15194836 0.22221958 0.17147474 0.23326960 0.13306387 0.22519428 0.22457614 0.18428910 0.26765311 0.11526876 0.30843708 0.20330957 0.28173964 0.28803247 
0.34922256 0.31723663 0.27855813 0.27293576 0.31103499 0.29321187 0.37711546 0.30532598 0.29486277 0.33015931 0.27250447 0.17516520 0.21569652 0.43784856 0.18753658 0.36659578 0.31531043 0.50628061 0.53243098 0.00000000 0.59852741 0.50317156 0.49116479 0.32785024 0.33170723 0.36613842 0.24711483 0.36948907 0.35750584 0.32826586 0.23066263 0.36227693 0.19220146 0.31412286 0.19685696 0.25697247 0.22709791 0.17705940 0.36748480 0.17867410 0.14518639 0.17327501 0.18538115 0.26941220 0.22949094 0.23416507 0.27658830 0.37806198 0.24933127 0.39711393 
0.39373169 0.39145824 0.33755200 0.17553882 0.39085850 0.38664676 0.35745467 0.31065718 0.21387066 0.25161956 0.35803826 0.32787310 0.34664330 0.47680195 0.15456073 0.41461372 0.42401684 0.33853307 0.26366164 0.59852741 0.00000000 0.41342745 0.29891856 0.27710944 0.40817687 0.45606426 0.49726089 0.34425112 0.51608951 0.40110267 0.16023782 0.18485498 0.21563286 0.26529205 0.12832560 0.21224651 0.34303949 0.22728544 0.29609766 0.25839721 0.27865857 0.21049407 0.36690720 0.46089306 0.21835436 0.14918112 0.34162643 0.30084579 0.31813690 0.50955798 
0.14543353 0.21007762 0.26693327 0.19117957 0.27090638 0.32413705 0.40055375 0.30226575 0.25891081 0.37777065 0.29717956 0.25550639 0.30180092 0.34548098 0.24091331 0.26998393 0.43951402 0.47228567 0.49318201 0.50317156 0.41342745 0.00000000 0.40082216 0.26453289 0.37244709 0.34022576 0.44782195 0.27670193 0.35916373 0.50840767 0.29917078 0.35170085 0.25905569 0.28179781 0.26641144 0.39307942 0.21299436 0.12248721 0.24805232 0.34244419 0.19416988 0.22731006 0.28184590 0.33610228 0.43366758 0.37159528 0.31894151 0.28523484 0.30261462 0.53589925 
0.26250041 0.27109237 0.26204724 0.26651112 0.22389076 0.30259776 0.35856233 0.14612165 0.36045877 0.25373094 0.27941937 0.29013660 0.22549247 0.28265422 0.26577942 0.21868038 0.42668604 0.31721161 0.29290758 0.49116479 0.29891856 0.40082216 0.00000000 0.26906247 0.53525913 0.81354005 0.43852110 0.33425078 0.34235148 0.25256290 0.19213738 0.20026365 0.30774399 0.27012762 0.23088826 0.43635871 0.23826962 0.33536504 0.38004912 0.30957994 0.39746830 0.22568987 0.20994981 0.33338724 0.35815340 0.40007506 0.33155031 0.41602513 0.34716614 0.33796782 
0.33809549 0.29376485 0.30937498 0.28896811 0.28036342 0.23361308 0.27190733 0.32467006 0.31539283 0.33237591 0.26535269 0.34592299 0.21677976 0.24358573 0.26359515 0.34246893 0.30166753 0.24931637 0.28606081 0.32785024 0.27710944 0.26453289 0.26906247 0.00000000 0.31317093 0.25563380 0.33150706 0.47012456 0.22849973 0.21770990 0.31287028 0.33560008 0.33859831 0.30622615 0.42430658 0.25708657 0.26074827 0.37897043 0.39650969 0.31818643 0.27472443 0.30146934 0.41819372 0.26974352 0.30693191 0.24540714 0.27989218 0.28334407 0.25046435 0.25581541 
0.40702833 0.28134035 0.34976505 0.37470089 0.23446708 0.38015660 0.33035973 0.25617430 0.25559055 0.44112862 0.14500222 0.18612038 0.19877775 0.18071402 0.28064731 0.43280195 0.33254197 0.27733582 0.40943504 0.33170723 0.40817687 0.37244709 0.53525913 0.31317093 0.00000000 0.30576884 0.35157184 0.48100297 0.34405192 0.29131283 0.17378731 0.20399307 0.39002021 0.23852837 0.30465066 0.41558920 0.46118336 0.25645801 0.22872093 0.34504410 0.31475836 0.33100652 0.23703229 0.52419857 0.40356282 0.47940342 0.47779152 0.20376485 0.28620446 0.28969242 
0.50061856 0.36862980 0.30013150 0.30858614 0.19870934 0.51013740 0.21469872 0.25721550 0.17647621 0.31162858 0.37240101 0.25424785 0.27558409 0.47248804 0.42449392 0.15904625 0.36383998 0.37315195 0.56704134 0.36613842 0.45606426 0.34022576 0.81354005 0.25563380 0.30576884 0.00000000 0.29145323 0.31488866 0.69813874 0.51693635 0.18730522 0.49129916 0.29984970 0.17072342 0.18416630 0.31263966 0.22054982 0.30253565 0.20216694 0.18469575 0.08099120 0.17185109 0.21942731 0.42343137 0.29962982 0.23630865 0.25979345 0.34109428 0.23617154 0.43529621 
0.22963204 0.23907156 0.33993235 0.27693460 0.43036171 0.31618952 0.29614841 0.31231596 0.20297012 0.26466234 0.33593538 0.21737277 0.08711284 0.28273939 0.68473847 0.31822634 0.31469768 0.32104707 0.51923313 0.24711483 0.49726089 0.44782195 0.43852110 0.33150706 0.35157184 0.29145323 0.00000000 0.37519761 0.33007581 0.29754464 0.33617102 0.35575391 0.21410343 0.31761699 0.22041121 0.20281604 0.27872704 0.46830407 0.42436868 0.30290964 0.19087200 0.36162373 0.12458136 0.18978794 0.21282030 0.28244279 0.24089137 0.28955122 0.25851826 0.14235823 
0.37518593 0.09930184 0.32225258 0.37357978 0.33114490 0.22016755 0.21843522 0.20429459 0.46334313 0.28116887 0.24576967 0.35906559 0.30294858 0.22008389 0.27151327 0.35589074 0.30860552 0.23701025 0.32370815 0.36948907 0.34425112 0.27670193 0.33425078 0.47012456 0.48100297 0.31488866 0.37519761 0.00000000 0.44744590 0.26015146 0.49792308 0.36941571 0.40930070 0.21307261 0.29198738 0.49187004 0.24765699 0.34963264 0.33405654 0.17223629 0.23581250 0.20993980 0.27839849 0.24485070 0.24473433 0.22135489 0.23584551 0.40286546 0.31450725 0.17249518 
0.23709160 0.41328534 0.31274331 0.30242638 0.27435125 0.36094173 0.29440155 0.25119419 0.30572509 0.32506567 0.44066750 0.26482618 0.35225406 0.48979875 0.33715429 0.35370975 0.42917390 0.40959627 0.38283114 0.35750584 0.51608951 0.35916373 0.34235148 0.22849973 0.34405192 0.69813874 0.33007581 0.44744590 0.00000000 0.53558284 0.26313264 0.24670675 0.19573589 0.22409834 0.28521401 0.23415016 0.21096278 0.25454673 0.14308279 0.22046175 0.18387849 0.28868135 0.25688968 0.41994366 0.20296782 0.32833868 0.28225049 0.18804342 0.33873887 0.36148750 
0.25665116 0.23788972 0.40338455 0.19071142 0.36990342 0.35520966 0.30545077 0.27497254 0.21655134 0.25268102 0.55981819 0.25675422 0.35167546 0.46721687 0.68748302 0.27586760 0.31860091 0.81664086 0.54843079 0.32826586 0.40110267 0.50840767 0.25256290 0.21770990 0.29131283 0.51693635 0.29754464 0.26015146 0.53558284 0.00000000 0.40689100 0.51537177 0.32418700 0.23092335 0.35499982 0.24945062 0.20938166 0.35510637 0.33091687 0.14001557 0.19701487 0.24532376 0.14829064 0.29430597 0.19706878 0.26849334 0.25480168 0.12535704 0.29615991 0.26982353 
0.10769708 0.30061348 0.11274166 0.32686682 0.33162167 0.10861605 0.25221762 0.27457416 0.21534739 0.31548342 0.69946666 0.54636494 0.22201357 0.27645001 1.18078706 0.29881523 0.22842146 0.34442854 0.22294254 0.23066263 0.16023782 0.29917078 0.19213738 0.31287028 0.17378731 0.18730522 0.33617102 0.49792308 0.26313264 0.40689100 0.00000000 0.52920147 0.59172262 0.32416466 0.26971469 0.30133431 0.25443248 0.20931085 0.36495293 0.25835072 0.36432923 0.23070980 0.07601200 0.33112740 0.36571994 0.26620388 0.29107931 0.40061570 0.24226491 0.32062736 
0.29964414 0.21497084 0.38435325 0.16638375 0.29318756 0.37085075 0.25699583 0.43656565 0.29265490 0.36564236 0.51213389 0.32901032 0.33079332 0.40827809 0.22654580 0.24979387 0.35507429 0.37627922 0.28679254 0.36227693 0.18485498 0.35170085 0.20026365 0.33560008 0.20399307 0.49129916 0.35575391 0.36941571 0.24670675 0.51537177 0.52920147 0.00000000 0.98886669 0.31779540 0.37465465 0.15818030 0.08802212 0.33993055 0.48567821 0.14213616 0.30146319 0.26285854 0.21253399 0.18234726 0.25615475 0.12993065 0.28501798 0.24748937 0.21369942 0.39392404 
0.18199038 0.33240592 0.31717015 0.23947852 0.32139376 0.29080326 0.32003772 0.36851960 0.34525150 0.18543969 0.38647968 0.34095180 0.34511672 0.17038846 0.25987037 0.37915139 0.26756398 0.30924852 0.26624491 0.19220146 0.21563286 0.25905569 0.30774399 0.33859831 0.39002021 0.29984970 0.21410343 0.40930070 0.19573589 0.32418700 0.59172262 0.98886669 0.00000000 0.32494294 0.38454577 0.51114473 0.27937131 0.14735212 0.19916932 0.36414939 0.31555485 0.39450499 0.28610874 0.21945809 0.26850247 0.24178696 0.30152491 0.31604011 0.29051792 0.29925656 
0.27350359 0.43989785 0.45381389 0.20116521 0.21896338 0.36798488 0.47196156 0.92221885 0.22903969 0.24519630 0.28372404 0.22393937 0.27822382 0.35562248 0.23379210 0.29263590 0.18873511 0.31759489 0.34170022 0.31412286 0.26529205 0.28179781 0.27012762 0.30622615 0.23852837 0.17072342 0.31761699 0.21307261 0.22409834 0.23092335 0.32416466 0.31779540 0.32494294 0.00000000 0.29538784 0.33092244 0.32431094 0.26488122 0.33053082 0.32442131 0.38644983 0.24842670 0.23660003 0.29893914 0.19548607 0.42827434 0.27999626 0.20206373 0.39136065 0.19675151 
0.41862215 0.30925509 0.35026337 0.26592307 0.43227976 0.11953001 0.32860628 0.23812438 0.38100842 0.29708499 0.27695115 0.57486155 0.48051181 0.27202563 0.21865771 0.28271163 0.24609509 0.29529032 0.23679919 0.19685696 0.12832560 0.26641144 0.23088826 0.42430658 0.30465066 0.18416630 0.22041121 0.29198738 0.28521401 0.35499982 0.26971469 0.37465465 0.38454577 0.29538784 0.00000000 0.49359531 0.27384081 0.51077910 0.27252940 0.20045833 0.39714343 0.31852565 0.23017992 0.40301510 0.28773109 0.55679545 0.31820787 0.36511834 0.28437027 0.31479118 
0.36876430 0.37208788 0.35495588 0.54380886 0.22264668 0.27498336 0.27088206 0.35241122 0.25560774 0.10423149 0.22403029 0.16314606 0.34887489 0.24531594 0.09879481 0.24848847 0.23484060 0.18099659 0.28753570 0.25697247 0.21224651 0.39307942 0.43635871 0.25708657 0.41558920 0.31263966 0.20281604 0.49187004 0.23415016 0.24945062 0.30133431 0.15818030 0.51114473 0.33092244 0.49359531 0.00000000 0.75024358 0.22384764 0.27127827 0.34429226 0.35457356 0.24382069 0.45499597 0.34270058 0.47634528 0.72874103 0.23245384 0.36964160 0.37942597 0.21218502 
0.32440461 0.39779600 0.61502435 0.73340768 0.19525571 0.18797833 0.20948183 0.25749456 0.29011565 0.27283192 0.21264621 0.13115537 0.18091443 0.25287526 0.17440719 0.24865455 0.16360569 0.24343804 0.15194836 0.22709791 0.34303949 0.21299436 0.23826962 0.26074827 0.46118336 0.22054982 0.27872704 0.24765699 0.21096278 0.20938166 0.25443248 0.08802212 0.27937131 0.32431094 0.27384081 0.75024358 0.00000000 0.34294070 0.36238598 0.65919648 0.80262701 0.27918942 0.23182941 0.44944092 0.63686730 0.81241819 0.21132929 0.36770259 0.23065580 0.12464471 
0.34198643 0.32440677 0.36007154 0.28470066 0.29293133 0.30816078 0.23582527 0.27996189 0.43379951 0.20829246 0.16715312 0.32995220 0.15863539 0.19462020 0.24824555 0.48612597 0.21053995 0.27780051 0.22221958 0.17705940 0.22728544 0.12248721 0.33536504 0.37897043 0.25645801 0.30253565 0.46830407 0.34963264 0.25454673 0.35510637 0.20931085 0.33993055 0.14735212 0.26488122 0.51077910 0.22384764 0.34294070 0.00000000 0.36049114 0.45191583 0.99988653 0.52380140 0.33160579 0.33472280 0.18969282 0.38908891 0.23529274 0.13501112 0.21853759 0.25407070 
0.32811843 0.35486086 0.36820420 0.19399238 0.25069983 0.15111131 0.23483947 0.35228709 0.20680312 0.16400909 0.28171248 0.68694396 0.25814358 0.28627135 0.32243049 0.35754702 0.18338355 0.18790291 0.17147474 0.36748480 0.29609766 0.24805232 0.38004912 0.39650969 0.22872093 0.20216694 0.42436868 0.33405654 0.14308279 0.33091687 0.36495293 0.48567821 0.19916932 0.33053082 0.27252940 0.27127827 0.36238598 0.36049114 0.00000000 0.44771967 0.41584555 0.37866135 0.28338353 0.30274571 0.29472927 0.38729473 0.31783312 0.20178714 0.31127171 0.31492958 
0.31040436 0.17645386 0.26693159 0.32734029 0.32665431 0.28555950 0.19699013 0.29175530 0.32631116 0.06779698 0.21846441 0.16387440 0.26147501 0.22413785 0.18386897 0.37638531 0.23959900 0.17605811 0.23326960 0.17867410 0.25839721 0.34244419 0.30957994 0.31818643 0.34504410 0.18469575 0.30290964 0.17223629 0.22046175 0.14001557 0.25835072 0.14213616 0.36414939 0.32442131 0.20045833 0.34429226 0.65919648 0.45191583 0.44771967 0.00000000 1.07408895 0.32429713 0.42840637 0.43070343 0.73058159 0.49795691 0.27016279 0.40116389 0.33115770 0.23177336 
0.45589692 0.39886716 0.23317438 0.60717240 0.37201319 0.06984108 0.04435025 0.25833186 0.32970261 0.10245010 0.12969617 0.21299353 0.42168524 0.08458774 0.04622860 0.32116509 0.07519718 0.00000000 0.13306387 0.14518639 0.27865857 0.19416988 0.39746830 0.27472443 0.31475836 0.08099120 0.19087200 0.23581250 0.18387849 0.19701487 0.36432923 0.30146319 0.31555485 0.38644983 0.39714343 0.35457356 0.80262701 0.99988653 0.41584555 1.07408895 0.00000000 0.33691581 0.44935648 0.41650121 0.63073342 0.40872298 0.27425155 0.34800171 0.39738571 0.17507322 
0.27673523 0.33537487 0.25904748 0.46908647 0.23583792 0.32361480 0.27559667 0.29906366 1.13909933 0.31337132 0.31828505 0.29209854 0.28096151 0.21925400 0.15649781 0.33677329 0.27394685 0.27561283 0.22519428 0.17327501 0.21049407 0.22731006 0.22568987 0.30146934 0.33100652 0.17185109 0.36162373 0.20993980 0.28868135 0.24532376 0.23070980 0.26285854 0.39450499 0.24842670 0.31852565 0.24382069 0.27918942 0.52380140 0.37866135 0.32429713 0.33691581 0.00000000 0.33934886 0.27908812 0.32628874 0.24490934 0.40734561 0.20186968 0.27220622 0.18109896 
0.38770640 0.23553947 0.23727614 0.24686232 0.28490357 0.38569448 0.21160284 0.27019417 0.51275264 0.21851610 0.31557298 0.13420755 0.84280220 0.27763276 0.21660362 0.45853411 0.34947604 0.17363377 0.22457614 0.18538115 0.36690720 0.28184590 0.20994981 0.41819372 0.23703229 0.21942731 0.12458136 0.27839849 0.25688968 0.14829064 0.07601200 0.21253399 0.28610874 0.23660003 0.23017992 0.45499597 0.23182941 0.33160579 0.28338353 0.42840637 0.44935648 0.33934886 0.00000000 0.53452475 0.67284184 0.26967536 0.24193917 0.36863520 0.38684883 0.30514830 
0.11827616 0.28892683 0.48018570 0.32662120 0.30520472 0.20716428 0.28994772 0.29369335 0.16931686 0.30482152 0.14855230 0.36952321 0.27254513 0.33772773 0.43813614 0.26199587 0.32587455 0.24661071 0.18428910 0.26941220 0.46089306 0.33610228 0.33338724 0.26974352 0.52419857 0.42343137 0.18978794 0.24485070 0.41994366 0.29430597 0.33112740 0.18234726 0.21945809 0.29893914 0.40301510 0.34270058 0.44944092 0.33472280 0.30274571 0.43070343 0.41650121 0.27908812 0.53452475 0.00000000 0.45945469 0.41223700 0.27932164 0.59599365 0.38452770 0.34046178 
0.33052537 0.41759116 0.28703523 0.30115478 0.24945351 0.28831373 0.21730642 0.30811337 0.32988160 0.25901471 0.19154892 0.32483753 0.13831273 0.20127109 0.24434547 0.31255465 0.30652127 0.13044146 0.26765311 0.22949094 0.21835436 0.43366758 0.35815340 0.30693191 0.40356282 0.29962982 0.21282030 0.24473433 0.20296782 0.19706878 0.36571994 0.25615475 0.26850247 0.19548607 0.28773109 0.47634528 0.63686730 0.18969282 0.29472927 0.73058159 0.63073342 0.32628874 0.67284184 0.45945469 0.00000000 0.54528927 0.42798920 0.30247493 0.31626254 0.11869769 
0.39589494 0.24578744 0.38709519 0.48725149 0.46707763 0.23488226 0.13103097 0.28250301 0.19127614 0.18361618 0.08497580 0.16878826 0.16593573 0.18156395 0.46177775 0.27613270 0.18269456 0.25378102 0.11526876 0.23416507 0.14918112 0.37159528 0.40007506 0.24540714 0.47940342 0.23630865 0.28244279 0.22135489 0.32833868 0.26849334 0.26620388 0.12993065 0.24178696 0.42827434 0.55679545 0.72874103 0.81241819 0.38908891 0.38729473 0.49795691 0.40872298 0.24490934 0.26967536 0.41223700 0.54528927 0.00000000 0.45497001 0.37982166 0.27261716 0.28076813 
0.27296546 0.49752202 0.38089307 0.20463612 0.29547922 0.23338718 0.29155104 0.26187103 0.39225236 0.45212715 0.22031887 0.24873409 0.42516679 0.30312781 0.31941456 0.30154330 0.39451791 0.28871714 0.30843708 0.27658830 0.34162643 0.31894151 0.33155031 0.27989218 0.47779152 0.25979345 0.24089137 0.23584551 0.28225049 0.25480168 0.29107931 0.28501798 0.30152491 0.27999626 0.31820787 0.23245384 0.21132929 0.23529274 0.31783312 0.27016279 0.27425155 0.40734561 0.24193917 0.27932164 0.42798920 0.45497001 0.00000000 0.22779283 0.33033554 0.17786539 
0.30927456 0.43664236 0.34908838 0.43314864 0.26953718 0.27144327 0.37078887 0.33270480 0.20756983 0.34312799 0.19127678 0.42515074 0.40579222 0.18534699 0.19009308 0.31917962 0.18667042 0.11990543 0.20330957 0.37806198 0.30084579 0.28523484 0.41602513 0.28334407 0.20376485 0.34109428 0.28955122 0.40286546 0.18804342 0.12535704 0.40061570 0.24748937 0.31604011 0.20206373 0.36511834 0.36964160 0.36770259 0.13501112 0.20178714 0.40116389 0.34800171 0.20186968 0.36863520 0.59599365 0.30247493 0.37982166 0.22779283 0.00000000 0.54428267 0.89013162 
0.48159822 0.28754930 0.28292745 0.28548037 0.17396152 0.28423005 0.25636426 0.28895911 0.33473189 0.31842278 0.31885826 0.21658726 0.23431522 0.27531438 0.24568132 0.33307287 0.27067641 0.33222249 0.28173964 0.24933127 0.31813690 0.30261462 0.34716614 0.25046435 0.28620446 0.23617154 0.25851826 0.31450725 0.33873887 0.29615991 0.24226491 0.21369942 0.29051792 0.39136065 0.28437027 0.37942597 0.23065580 0.21853759 0.31127171 0.33115770 0.39738571 0.27220622 0.38684883 0.38452770 0.31626254 0.27261716 0.33033554 0.54428267 0.00000000 0.40124405 
0.24407551 0.40412693 0.30504952 0.21290049 0.39095258 0.37790156 0.44143495 0.19132216 0.23351079 0.39763349 0.29181669 0.40601098 0.48631168 0.42380766 0.23107395 0.20273481 0.37069542 0.37942069 0.28803247 0.39711393 0.50955798 0.53589925 0.33796782 0.25581541 0.28969242 0.43529621 0.14235823 0.17249518 0.36148750 0.26982353 0.32062736 0.39392404 0.29925656 0.19675151 0.31479118 0.21218502 0.12464471 0.25407070 0.31492958 0.23177336 0.17507322 0.18109896 0.30514830 0.34046178 0.11869769 0.28076813 0.17786539 0.89013162 0.40124405 0.00000000 
