0.00000000 0.59537207 0.33703014 0.33436112 0.40124779 0.22283784 0.43733511 0.33608681 0.29131706 0.25641620 0.23986182 0.46562056 0.34803261 0.28688914 0.19087621 0.28109734 0.29217296 0.38039149 0.27162440 0.34246911 0.31917716 0.17800382 0.30623803 0.41055565 0.39790867 0.52921639 0.21263452 0.27594460 0.19895389 0.24474968 0.15042552 0.23602820 0.31593160 0.37466449 0.36654597 0.40537477 0.37103157 0.36546924 0.35179033 0.24719726 0.39165737 0.29952230 0.38886745 0.13365116 0.35031892 0.41176494 0.31201775 0.19652866 0.45639970 0.25184482 
0.59537207 0.00000000 0.57243405 0.42133022 0.43087675 0.41425961 0.38748709 0.40573827 0.24124591 0.30642024 0.20354475 0.22792249 0.17312910 0.31675191 0.22068391 0.16723389 0.43067050 0.39266303 0.35428970 0.37695158 0.31033326 0.24767583 0.25684117 0.26067446 0.38201451 0.41745097 0.15616354 0.06070414 0.33227107 0.21803805 0.26033808 0.33121963 0.35230083 0.36841599 0.39184538 0.41119481 0.48821524 0.26697870 0.31825660 0.26735307 0.46755491 0.40966668 0.22663069 0.39364148 0.46570546 0.25485082 0.44314784 0.46140825 0.22050247 0.44664022 
0.33703014 0.57243405 0.00000000 0.15177101 0.31483211 0.37796591 0.48462998 0.25520043 0.17049142 0.25625397 0.26631501 0.25431412 0.52292888 0.41753169 0.28717355 0.25871667 0.39653485 0.32617052 0.31197758 0.24039891 0.36313907 0.36039038 0.40269464 0.27506569 0.42398774 0.26285021 0.32793894 0.24120390 0.34552427 0.55186773 0.06875093 0.42312396 0.34529915 0.33085743 0.35173964 0.31390137 0.68870240 0.33976433 0.38048448 0.27160449 0.24829667 0.23473123 0.19419314 0.45311872 0.34343262 0.46309956 0.41000461 0.43308754 0.36659977 0.39979267 
0.33436112 0.42133022 0.15177101 0.00000000 0.35314540 0.21244018 0.38362549 0.52882537 0.42085816 0.12713181 0.10991967 0.77796809 0.16290223 0.30686457 0.31098669 0.35613468 0.35628083 0.11152765 0.19891695 0.22530077 0.14741127 0.15303703 0.26494014 0.32366436 0.35391309 0.39567596 0.26354248 0.33325622 0.33937362 0.09258159 0.35180457 0.23965461 0.20308459 0.28360999 0.28907890 0.62188108 0.71107451 0.37682033 0.24435893 0.36285034 0.57075975 0.42792978 0.26420779 0.20356246 0.21331132 0.56948545 0.20839909 0.37491859 0.31635622 0.21794560 
0.40124779 0.43087675 0.31483211 0.35314540 0.00000000 0.45246345 0.63324652 0.34294006 0.28290474 0.38736492 0.32136894 0.26580597 0.38401227 0.39286931 0.18437087 0.22875640 0.38389190 0.34830661 0.30213303 0.34685692 0.41169001 0.33753517 0.30687613 0.36715338 0.40499713 0.18387434 0.39585830 0.29994905 0.31139611 0.49757144 0.35261087 0.27273497 0.29929908 0.27922921 0.45116356 0.21395064 0.18644029 0.21368413 0.27320221 0.26734236 0.33874201 0.23062377 0.27242633 0.29659001 0.22653840 0.32000236 0.31264610 0.27427871 0.17552518 0.37576176 
0.22283784 0.41425961 0.37796591 0.21244018 0.45246345 0.00000000 0.58330853 0.28274144 0.28604467 1.13753465 0.32751878 0.40732871 0.49299802 0.35985106 0.39598997 0.26367282 0.39416644 0.41892604 0.36486480 0.35758400 0.40575019 0.34833005 0.38409313 0.26109062 0.52810466 0.55698724 0.28840653 0.20612724 0.38982635 0.39687831 0.14420190 0.40851087 0.32418742 0.34752073 0.13434267 0.27188021 0.14857122 0.19258628 0.19252497 0.24084820 0.09385477 0.33234564 0.36701297 0.20786055 0.22799102 0.19029283 0.28970089 0.30343012 0.21402904 0.46495015 
0.43733511 0.38748709 0.48462998 0.38362549 0.63324652 0.58330853 0.00000000 0.38151239 0.31314478 0.46656035 0.57914930 0.30230194 0.37473678 0.50896710 0.28914949 0.20466100 0.43399769 0.28197206 0.38033717 0.28930656 0.40275854 0.30524775 0.30023220 0.35606386 0.24905259 0.35436694 0.34766585 0.28843133 0.41656030 0.31551335 0.21126851 0.31708247 0.28938969 0.39734604 0.24934267 0.32715820 0.20302415 0.18773685 0.31157162 0.13835521 0.08581282 0.21346163 0.24536695 0.30924538 0.18042316 0.21959932 0.26016679 0.31592510 0.33432979 0.37690217 
0.33608681 0.40573827 0.25520043 0.52882537 0.34294006 0.28274144 0.38151239 0.00000000 0.43008509 0.19263907 0.59905411 0.31067562 0.30652156 0.20106998 0.17474632 0.22927057 0.26563108 0.28403053 0.29119006 0.34300232 0.28159892 0.24448777 0.20867415 0.42643430 0.23858931 0.19625645 0.30256552 0.19154483 0.34293384 0.30953430 0.28476940 0.31877973 0.49568553 0.89007725 0.18766122 0.36331966 0.26742290 0.35092561 0.37707710 0.30303202 0.22924576 0.34794858 0.27276555 0.34148005 0.22604435 0.15894776 0.31093816 0.27554927 0.35358169 0.23671554 
0.29131706 0.24124591 0.17049142 0.42085816 0.28290474 0.28604467 0.31314478 0.43008509 0.00000000 0.38457545 0.39831267 0.37759788 0.34347909 0.29574700 0.22506812 0.29991306 0.21259274 0.17798849 0.34625803 0.23439903 0.27221230 0.27875928 0.39088532 0.44168920 0.21377444 0.14992931 0.28084127 0.42417251 0.29616466 0.15268835 0.23149814 0.24741746 0.37077225 0.30506018 0.40879021 0.28045927 0.29382429 0.30235465 0.26618679 0.33511113 0.38190842 1.24841140 0.49992953 0.18637149 0.27588412 0.19102443 0.36843109 0.17537533 0.29794890 0.20132761 
0.25641620 0.30642024 0.25625397 0.12713181 0.38736492 1.13753465 0.46656035 0.19263907 0.38457545 0.00000000 0.46103306 0.11042881 0.84838987 0.93074719 0.33025615 0.37635977 0.39243771 0.44772427 0.36144488 0.34221901 0.37038966 0.37443270 0.33529359 0.33635218 0.44821758 0.40482322 0.28320664 0.21920120 0.26587162 0.37193038 0.32519956 0.35094404 0.27411883 0.24017869 0.32034623 0.16789805 0.32248633 0.22239479 0.13194056 0.04180778 0.10397991 0.31688432 0.19123636 0.36146207 0.26658866 0.11386534 0.48247463 0.29719926 0.31261923 0.25596844 
0.23986182 0.20354475 0.26631501 0.10991967 0.32136894 0.32751878 0.57914930 0.59905411 0.39831267 0.46103306 0.00000000 0.45670680 0.40472992 0.67622940 0.74166068 0.43824414 0.32610703 0.44399540 0.33038886 0.23403192 0.35363722 0.30519932 0.26784505 0.25640342 0.16278985 0.33803117 0.31185634 0.32183033 0.34631393 0.46690481 0.76021946 0.50938603 0.50297523 0.23426758 0.29027711 0.21551878 0.20760650 0.25281091 0.40993006 0.23094138 0.06893309 0.31157409 0.32100802 0.11464028 0.19810559 0.11160426 0.27562482 0.31493105 0.37105269 0.21871169 
0.46562056 0.22792249 0.25431412 0.77796809 0.26580597 0.40732871 0.30230194 0.31067562 0.37759788 0.11042881 0.45670680 0.00000000 0.46261866 0.24907368 0.49023326 0.49951936 0.14573030 0.07276377 0.30620780 0.22925835 0.46000673 0.20078428 0.18238923 0.49730520 0.26411470 0.23766738 0.26095270 0.39094259 0.30047489 0.23395069 0.40479378 0.25883351 0.29005894 0.28751953 0.61397631 0.14596124 0.11507746 0.20305413 0.93883960 0.14251441 0.27318260 0.27429210 0.17189728 0.34069260 0.30805533 0.23787714 0.32798216 0.36314496 0.18895935 0.38290123 
0.34803261 0.17312910 0.52292888 0.16290223 0.38401227 0.49299802 0.37473678 0.30652156 0.34347909 0.84838987 0.40472992 0.46261866 0.00000000 0.25816170 0.23853493 0.37132439 0.66560884 0.31522029 0.37189242 0.25752245 0.42440257 0.27683537 0.10930833 0.23197287 0.18188070 0.26184863 0.10333129 0.24145988 0.42424640 0.42052258 0.16666005 0.27819930 0.41820431 0.35397314 0.42656248 0.34534168 0.14030829 0.14852578 0.26918059 0.27114995 0.34261903 0.29013802 0.98465420 0.39346765 0.13873432 0.13808209 0.52042517 0.38274823 0.22998347 0.44693786 
0.28688914 0.31675191 0.41753169 0.30686457 0.39286931 0.35985106 0.50896710 0.20106998 0.29574700 0.93074719 0.67622940 0.24907368 0.25816170 0.00000000 0.50526392 0.33961507 0.60092517 0.69208418 0.40946705 0.41426497 0.32019598 0.32056696 0.33968144 0.26354330 0.15468617 0.46839107 0.18530054 0.28359726 0.49310107 0.45813883 0.18468861 0.37372277 0.24004643 0.29388934 0.15008836 0.25744069 0.29487238 0.09198605 0.30816896 0.28051436 0.12670204 0.22305524 0.25000214 0.36444275 0.19160547 0.18849868 0.37690712 0.29686549 0.30117829 0.39843814 
0.19087621 0.22068391 0.28717355 0.31098669 0.18437087 0.39598997 0.28914949 0.17474632 0.22506812 0.33025615 0.74166068 0.49023326 0.23853493 0.50526392 0.00000000 0.51418116 0.47055404 0.60607904 0.45110472 0.34747636 0.17519040 0.37587826 0.20165841 0.24258273 0.21030488 0.33433912 0.84616788 0.40765795 0.26570371 0.76122271 1.29727073 0.29182486 0.26723918 0.18027920 0.10677693 0.15197638 0.15809209 0.43413382 0.26264567 0.12045574 0.09549153 0.15270619 0.19595431 0.42581316 0.20501694 0.45467004 0.31603862 0.21412781 0.27284569 0.24481964 
0.28109734 0.16723389 0.25871667 0.35613468 0.22875640 0.26367282 0.20466100 0.22927057 0.29991306 0.37635977 0.43824414 0.49951936 0.37132439 0.33961507 0.51418116 0.00000000 0.36326460 0.32167041 0.34573550 0.48186308 0.42309859 0.43001048 0.31302450 0.37116562 0.36603323 0.21966259 0.48782260 0.39548655 0.31956394 0.21488934 0.25933712 0.30161983 0.36633488 0.26370354 0.30664215 0.24833990 0.30651213 0.38577122 0.27748540 0.37824187 0.28776701 0.40404706 0.53310614 0.24444591 0.19559661 0.22871386 0.34296994 0.35027331 0.25342503 0.21326359 
0.29217296 0.43067050 0.39653485 0.35628083 0.38389190 0.39416644 0.43399769 0.26563108 0.21259274 0.39243771 0.32610703 0.14573030 0.66560884 0.60092517 0.47055404 0.36326460 0.00000000 0.60362850 0.33759865 0.44915881 0.35798538 0.55119279 0.38772129 0.29541063 0.46425095 0.40324869 0.30363621 0.35581671 0.46030180 0.38398527 0.13433520 0.31865036 0.31623435 0.25130011 0.28229399 0.19579494 0.20171524 0.17096189 0.16574606 0.35173184 0.06077249 0.22257949 0.35008072 0.36442325 0.28595716 0.20446597 0.37640174 0.26618614 0.31746597 0.34513646 
0.38039149 0.39266303 0.32617052 0.11152765 0.34830661 0.41892604 0.28197206 0.28403053 0.17798849 0.44772427 0.44399540 0.07276377 0.31522029 0.69208418 0.60607904 0.32167041 0.60362850 0.00000000 0.94077164 0.52839942 0.45926042 0.44066260 0.39191867 0.25245705 0.20974710 0.46496396 0.31391368 0.33159248 0.38507690 0.89425090 0.35059158 0.30618369 0.26749992 0.24656733 0.26673559 0.22292584 0.23361792 0.15952687 0.19028648 0.24307934 0.00000000 0.18720896 0.13080357 0.22814173 0.22097187 0.27086028 0.25619379 0.18311033 0.43171424 0.47197063 
0.27162440 0.35428970 0.31197758 0.19891695 0.30213303 0.36486480 0.38033717 0.29119006 0.34625803 0.36144488 0.33038886 0.30620780 0.37189242 0.40946705 0.45110472 0.34573550 0.33759865 0.94077164 0.00000000 0.65233903 0.41319204 0.46701753 0.33443593 0.32641135 0.43267301 0.75909415 0.39652469 0.35699510 0.40679898 0.62140978 0.21416395 0.34162395 0.25754897 0.31506432 0.19840582 0.31729582 0.14952263 0.29454045 0.15096020 0.32295073 0.17097513 0.21191803 0.16281250 0.09457437 0.20466804 0.17071840 0.27106611 0.19509991 0.34591532 0.36298289 
0.34246911 0.37695158 0.24039891 0.22530077 0.34685692 0.35758400 0.28930656 0.34300232 0.23439903 0.34221901 0.23403192 0.22925835 0.25752245 0.41426497 0.34747636 0.48186308 0.44915881 0.52839942 0.65233903 0.00000000 0.56306529 0.66930527 0.44882527 0.41183568 0.21408800 0.42718659 0.26488448 0.35008819 0.36590914 0.36870674 0.13657819 0.36968707 0.20646005 0.23642252 0.33354801 0.21646597 0.18052966 0.27173551 0.25117048 0.25345948 0.16163352 0.18212312 0.25445852 0.27191651 0.20723288 0.32660084 0.25066416 0.37154088 0.34551053 0.34390663 
0.31917716 0.31033326 0.36313907 0.14741127 0.41169001 0.40575019 0.40275854 0.28159892 0.27221230 0.37038966 0.35363722 0.46000673 0.42440257 0.32019598 0.17519040 0.42309859 0.35798538 0.45926042 0.41319204 0.56306529 0.00000000 0.64280152 0.31901414 0.23122987 0.42290680 0.46899978 0.51246259 0.30564170 0.59308449 0.38629973 0.26856936 0.17054849 0.32165593 0.29620750 0.16494200 0.15832798 0.27601535 0.20448404 0.20087884 0.20817931 0.33421143 0.17807153 0.19891314 0.48317694 0.19062880 0.29575450 0.40535472 0.51998900 0.31605713 0.59205779 
0.17800382 0.24767583 0.36039038 0.15303703 0.33753517 0.34833005 0.30524775 0.24448777 0.27875928 0.37443270 0.30519932 0.20078428 0.27683537 0.32056696 0.37587826 0.43001048 0.55119279 0.44066260 0.46701753 0.66930527 0.64280152 0.00000000 0.40853140 0.22079084 0.30774569 0.50387733 0.51511187 0.28911062 0.29889943 0.54321878 0.40045676 0.35787164 0.26101446 0.30986755 0.39311738 0.35330886 0.13446544 0.14022222 0.35558772 0.38258112 0.16069460 0.21314305 0.38738893 0.30493675 0.45043478 0.31060617 0.30245250 0.17238896 0.36011449 0.42026193 
0.30623803 0.25684117 0.40269464 0.26494014 0.30687613 0.38409313 0.30023220 0.20867415 0.39088532 0.33529359 0.26784505 0.18238923 0.10930833 0.33968144 0.20165841 0.31302450 0.38772129 0.39191867 0.33443593 0.44882527 0.31901414 0.40853140 0.00000000 0.25403454 0.64694692 0.81739090 0.43222745 0.54142669 0.25200005 0.37553282 0.14019300 0.23175269 0.40867630 0.26587853 0.22967067 0.43370347 0.28263845 0.27974884 0.32271843 0.33330587 0.37429751 0.23268515 0.28279684 0.49266762 0.35459827 0.36338059 0.38641339 0.24993178 0.36061468 0.34132978 
0.41055565 0.26067446 0.27506569 0.32366436 0.36715338 0.26109062 0.35606386 0.42643430 0.44168920 0.33635218 0.25640342 0.49730520 0.23197287 0.26354330 0.24258273 0.37116562 0.29541063 0.25245705 0.32641135 0.41183568 0.23122987 0.22079084 0.25403454 0.00000000 0.28233639 0.27495106 0.48204373 0.55406659 0.25750171 0.20880352 0.28960705 0.27018391 0.25922705 0.36989487 0.44052280 0.29174357 0.26991455 0.40772842 0.38761254 0.27584864 0.22668379 0.32314217 0.36608420 0.27128140 0.31430920 0.21049552 0.26181331 0.24967414 0.29755323 0.22811153 
0.39790867 0.38201451 0.42398774 0.35391309 0.40499713 0.52810466 0.24905259 0.23858931 0.21377444 0.44821758 0.16278985 0.26411470 0.18188070 0.15468617 0.21030488 0.36603323 0.46425095 0.20974710 0.43267301 0.21408800 0.42290680 0.30774569 0.64694692 0.28233639 0.00000000 0.34588794 0.42495312 0.63255821 0.47752532 0.31137611 0.21423713 0.21207130 0.47522493 0.20155734 0.45624102 0.40953315 0.38274212 0.31241308 0.25255636 0.25070858 0.31293480 0.27907007 0.25163863 0.64413516 0.42286243 0.49431475 0.45471319 0.23431661 0.25274604 0.33474657 
0.52921639 0.41745097 0.26285021 0.39567596 0.18387434 0.55698724 0.35436694 0.19625645 0.14992931 0.40482322 0.33803117 0.23766738 0.26184863 0.46839107 0.33433912 0.21966259 0.40324869 0.46496396 0.75909415 0.42718659 0.46899978 0.50387733 0.81739090 0.27495106 0.34588794 0.00000000 0.39280442 0.19381028 0.81334463 0.66576516 0.16371721 0.54101234 0.27406642 0.15572470 0.17075712 0.21199033 0.19271002 0.27972542 0.18059491 0.07673956 0.08325739 0.20290126 0.16877494 0.37580924 0.34671403 0.24060164 0.25287044 0.41044974 0.25471445 0.50635221 
0.21263452 0.15616354 0.32793894 0.26354248 0.39585830 0.28840653 0.34766585 0.30256552 0.28084127 0.28320664 0.31185634 0.26095270 0.10333129 0.18530054 0.84616788 0.48782260 0.30363621 0.31391368 0.39652469 0.26488448 0.51246259 0.51511187 0.43222745 0.48204373 0.42495312 0.39280442 0.00000000 0.42071809 0.20533476 0.22880634 0.62208969 0.31180007 0.22765476 0.32154732 0.32920800 0.33110983 0.22367511 0.38599866 0.51046468 0.28546292 0.14098365 0.48005126 0.19371244 0.24582428 0.13676734 0.16417649 0.16933282 0.30332308 0.27275254 0.16151186 
0.27594460 0.06070414 0.24120390 0.33325622 0.29994905 0.20612724 0.28843133 0.19154483 0.42417251 0.21920120 0.32183033 0.39094259 0.24145988 0.28359726 0.40765795 0.39548655 0.35581671 0.33159248 0.35699510 0.35008819 0.30564170 0.28911062 0.54142669 0.55406659 0.63255821 0.19381028 0.42071809 0.00000000 0.49775986 0.32605258 0.64992414 0.41027173 0.42570092 0.28728233 0.64032354 0.33902518 0.23184846 0.40794308 0.27235827 0.12121588 0.28788728 0.20789998 0.28456939 0.21572219 0.20959048 0.33709495 0.21877250 0.29026357 0.27404498 0.12314785 
0.19895389 0.33227107 0.34552427 0.33937362 0.31139611 0.38982635 0.41656030 0.34293384 0.29616466 0.26587162 0.34631393 0.30047489 0.42424640 0.49310107 0.26570371 0.31956394 0.46030180 0.38507690 0.40679898 0.36590914 0.59308449 0.29889943 0.25200005 0.25750171 0.47752532 0.81334463 0.20533476 0.49775986 0.00000000 0.62110074 0.20868230 0.33838546 0.32268918 0.23627828 0.25567733 0.21556556 0.24349026 0.27922137 0.23850507 0.23003728 0.10674014 0.30770679 0.30628061 0.48094764 0.23689526 0.31635436 0.28080538 0.22327918 0.30599441 0.49662438 
0.24474968 0.21803805 0.55186773 0.09258159 0.49757144 0.39687831 0.31551335 0.30953430 0.15268835 0.37193038 0.46690481 0.23395069 0.42052258 0.45813883 0.76122271 0.21488934 0.38398527 0.89425090 0.62140978 0.36870674 0.38629973 0.54321878 0.37553282 0.20880352 0.31137611 0.66576516 0.22880634 0.32605258 0.62110074 0.00000000 0.40144309 0.51916908 0.35929618 0.23461400 0.39997404 0.24337358 0.31024099 0.24348174 0.35676793 0.20340597 0.19023147 0.24870652 0.11266564 0.41798678 0.22559835 0.12561747 0.25711650 0.13649421 0.26717220 0.18460272 
0.15042552 0.26033808 0.06875093 0.35180457 0.35261087 0.14420190 0.21126851 0.28476940 0.23149814 0.32519956 0.76021946 0.40479378 0.16666005 0.18468861 1.29727073 0.25933712 0.13433520 0.35059158 0.21416395 0.13657819 0.26856936 0.40045676 0.14019300 0.28960705 0.21423713 0.16371721 0.62208969 0.64992414 0.20868230 0.40144309 0.00000000 0.75377074 0.63433395 0.36262888 0.24024465 0.34343565 0.21335300 0.47209994 0.40957279 0.35284469 0.43679189 0.21155773 0.14471431 0.22004701 0.31533635 0.32412766 0.27164698 0.40768943 0.21842401 0.37476010 
0.23602820 0.33121963 0.42312396 0.23965461 0.27273497 0.40851087 0.31708247 0.31877973 0.24741746 0.35094404 0.50938603 0.25883351 0.27819930 0.37372277 0.29182486 0.30161983 0.31865036 0.30618369 0.34162395 0.36968707 0.17054849 0.35787164 0.23175269 0.27018391 0.21207130 0.54101234 0.31180007 0.41027173 0.33838546 0.51916908 0.75377074 0.00000000 0.99162614 0.31983042 0.37600164 0.25375905 0.10336862 0.12479835 0.46231038 0.21816376 0.32131926 0.27963878 0.11703033 0.35347771 0.29843335 0.29045110 0.28417063 0.32856054 0.26974666 0.48207834 
0.31593160 0.35230083 0.34529915 0.20308459 0.29929908 0.32418742 0.28938969 0.49568553 0.37077225 0.27411883 0.50297523 0.29005894 0.41820431 0.24004643 0.26723918 0.36633488 0.31623435 0.26749992 0.25754897 0.20646005 0.32165593 0.26101446 0.40867630 0.25922705 0.47522493 0.27406642 0.22765476 0.42570092 0.32268918 0.35929618 0.63433395 0.99162614 0.00000000 0.34452610 0.52715804 0.49381566 0.21920946 0.41709098 0.16232948 0.33317944 0.26026529 0.28256469 0.21511923 0.30603754 0.20198290 0.33011313 0.33674517 0.23551969 0.29529024 0.20333596 
0.37466449 0.36841599 0.33085743 0.28360999 0.27922921 0.34752073 0.39734604 0.89007725 0.30506018 0.24017869 0.23426758 0.28751953 0.35397314 0.29388934 0.18027920 0.26370354 0.25130011 0.24656733 0.31506432 0.23642252 0.29620750 0.30986755 0.26587853 0.36989487 0.20155734 0.15572470 0.32154732 0.28728233 0.23627828 0.23461400 0.36262888 0.31983042 0.34452610 0.00000000 0.34017101 0.41275602 0.24469823 0.20744562 0.44743384 0.33352584 0.48029634 0.39495360 0.32256595 0.36132991 0.33677740 0.31012462 0.29725479 0.23420558 0.45753629 0.24821377 
0.36654597 0.39184538 0.35173964 0.28907890 0.45116356 0.13434267 0.24934267 0.18766122 0.40879021 0.32034623 0.29027711 0.61397631 0.42656248 0.15008836 0.10677693 0.30664215 0.28229399 0.26673559 0.19840582 0.33354801 0.16494200 0.39311738 0.22967067 0.44052280 0.45624102 0.17075712 0.32920800 0.64032354 0.25567733 0.39997404 0.24024465 0.37600164 0.52715804 0.34017101 0.00000000 0.42375381 0.25661045 0.54197878 0.32944024 0.21285066 0.36371508 0.30815766 0.25915046 0.37954278 0.34722991 0.54908237 0.33874211 0.35132071 0.28303969 0.31310266 
0.40537477 0.41119481 0.31390137 0.62188108 0.21395064 0.27188021 0.32715820 0.36331966 0.28045927 0.16789805 0.21551878 0.14596124 0.34534168 0.25744069 0.15197638 0.24833990 0.19579494 0.22292584 0.31729582 0.21646597 0.15832798 0.35330886 0.43370347 0.29174357 0.40953315 0.21199033 0.33110983 0.33902518 0.21556556 0.24337358 0.34343565 0.25375905 0.49381566 0.41275602 0.42375381 0.00000000 0.90224415 0.44643626 0.29073190 0.38386257 0.52381337 0.22188861 0.42992340 0.37416334 0.53431718 0.61029085 0.23233845 0.40500281 0.39722218 0.24716932 
0.37103157 0.48821524 0.68870240 0.71107451 0.18644029 0.14857122 0.20302415 0.26742290 0.29382429 0.32248633 0.20760650 0.11507746 0.14030829 0.29487238 0.15809209 0.30651213 0.20171524 0.23361792 0.14952263 0.18052966 0.27601535 0.13446544 0.28263845 0.26991455 0.38274212 0.19271002 0.22367511 0.23184846 0.24349026 0.31024099 0.21335300 0.10336862 0.21920946 0.24469823 0.25661045 0.90224415 0.00000000 0.41911087 0.39279259 0.79463733 0.85824255 0.34422584 0.25569370 0.44372475 0.78969743 0.88617895 0.23392150 0.33346269 0.26436436 0.16293959 
0.36546924 0.26697870 0.33976433 0.37682033 0.21368413 0.19258628 0.18773685 0.35092561 0.30235465 0.22239479 0.25281091 0.20305413 0.14852578 0.09198605 0.43413382 0.38577122 0.17096189 0.15952687 0.29454045 0.27173551 0.20448404 0.14022222 0.27974884 0.40772842 0.31241308 0.27972542 0.38599866 0.40794308 0.27922137 0.24348174 0.47209994 0.12479835 0.41709098 0.20744562 0.54197878 0.44643626 0.41911087 0.00000000 0.34884869 0.39969264 1.42508028 0.49659567 0.46505814 0.27850708 0.21958118 0.40440910 0.30632850 0.27541714 0.31361440 0.17643593 
0.35179033 0.31825660 0.38048448 0.24435893 0.27320221 0.19252497 0.31157162 0.37707710 0.26618679 0.13194056 0.40993006 0.93883960 0.26918059 0.30816896 0.26264567 0.27748540 0.16574606 0.19028648 0.15096020 0.25117048 0.20087884 0.35558772 0.32271843 0.38761254 0.25255636 0.18059491 0.51046468 0.27235827 0.23850507 0.35676793 0.40957279 0.46231038 0.16232948 0.44743384 0.32944024 0.29073190 0.39279259 0.34884869 0.00000000 0.43418078 0.44052216 0.45010019 0.34055969 0.30364541 0.33379452 0.34715457 0.29403863 0.13047999 0.31523617 0.30145510 
0.24719726 0.26735307 0.27160449 0.36285034 0.26734236 0.24084820 0.13835521 0.30303202 0.33511113 0.04180778 0.23094138 0.14251441 0.27114995 0.28051436 0.12045574 0.37824187 0.35173184 0.24307934 0.32295073 0.25345948 0.20817931 0.38258112 0.33330587 0.27584864 0.25070858 0.07673956 0.28546292 0.12121588 0.23003728 0.20340597 0.35284469 0.21816376 0.33317944 0.33352584 0.21285066 0.38386257 0.79463733 0.39969264 0.43418078 0.00000000 1.03093483 0.36312709 0.43244076 0.58587402 0.86132841 0.51093219 0.27093599 0.42626763 0.37990865 0.32538306 
0.39165737 0.46755491 0.24829667 0.57075975 0.33874201 0.09385477 0.08581282 0.22924576 0.38190842 0.10397991 0.06893309 0.27318260 0.34261903 0.12670204 0.09549153 0.28776701 0.06077249 0.00000000 0.17097513 0.16163352 0.33421143 0.16069460 0.37429751 0.22668379 0.31293480 0.08325739 0.14098365 0.28788728 0.10674014 0.19023147 0.43679189 0.32131926 0.26026529 0.48029634 0.36371508 0.52381337 0.85824255 1.42508028 0.44052216 1.03093483 0.00000000 0.30154333 0.51300200 0.42392194 0.71887775 0.63089344 0.27008785 0.31414552 0.38577095 0.08971611 
0.29952230 0.40966668 0.23473123 0.42792978 0.23062377 0.33234564 0.21346163 0.34794858 1.24841140 0.31688432 0.31157409 0.27429210 0.29013802 0.22305524 0.15270619 0.40404706 0.22257949 0.18720896 0.21191803 0.18212312 0.17807153 0.21314305 0.23268515 0.32314217 0.27907007 0.20290126 0.48005126 0.20789998 0.30770679 0.24870652 0.21155773 0.27963878 0.28256469 0.39495360 0.30815766 0.22188861 0.34422584 0.49659567 0.45010019 0.36312709 0.30154333 0.00000000 0.46489220 0.34814159 0.39881425 0.40228341 0.35040155 0.23481086 0.28820730 0.19775165 
0.38886745 0.22663069 0.19419314 0.26420779 0.27242633 0.36701297 0.24536695 0.27276555 0.49992953 0.19123636 0.32100802 0.17189728 0.98465420 0.25000214 0.19595431 0.53310614 0.35008072 0.13080357 0.16281250 0.25445852 0.19891314 0.38738893 0.28279684 0.36608420 0.25163863 0.16877494 0.19371244 0.28456939 0.30628061 0.11266564 0.14471431 0.11703033 0.21511923 0.32256595 0.25915046 0.42992340 0.25569370 0.46505814 0.34055969 0.43244076 0.51300200 0.46489220 0.00000000 0.32688891 0.72048340 0.32883827 0.23076946 0.47252571 0.45412678 0.39220970 
0.13365116 0.39364148 0.45311872 0.20356246 0.29659001 0.20786055 0.30924538 0.34148005 0.18637149 0.36146207 0.11464028 0.34069260 0.39346765 0.36444275 0.42581316 0.24444591 0.36442325 0.22814173 0.09457437 0.27191651 0.48317694 0.30493675 0.49266762 0.27128140 0.64413516 0.37580924 0.24582428 0.21572219 0.48094764 0.41798678 0.22004701 0.35347771 0.30603754 0.36132991 0.37954278 0.37416334 0.44372475 0.27850708 0.30364541 0.58587402 0.42392194 0.34814159 0.32688891 0.00000000 0.54853085 0.48591460 0.39969139 0.64922420 0.23153026 0.33791531 
0.35031892 0.46570546 0.34343262 0.21331132 0.22653840 0.22799102 0.18042316 0.22604435 0.27588412 0.26658866 0.19810559 0.30805533 0.13873432 0.19160547 0.20501694 0.19559661 0.28595716 0.22097187 0.20466804 0.20723288 0.19062880 0.45043478 0.35459827 0.31430920 0.42286243 0.34671403 0.13676734 0.20959048 0.23689526 0.22559835 0.31533635 0.29843335 0.20198290 0.33677740 0.34722991 0.53431718 0.78969743 0.21958118 0.33379452 0.86132841 0.71887775 0.39881425 0.72048340 0.54853085 0.00000000 0.67313501 0.44832709 0.32980785 0.36809386 0.17616553 
0.41176494 0.25485082 0.46309956 0.56948545 0.32000236 0.19029283 0.21959932 0.15894776 0.19102443 0.11386534 0.11160426 0.23787714 0.13808209 0.18849868 0.45467004 0.22871386 0.20446597 0.27086028 0.17071840 0.32660084 0.29575450 0.31060617 0.36338059 0.21049552 0.49431475 0.24060164 0.16417649 0.33709495 0.31635436 0.12561747 0.32412766 0.29045110 0.33011313 0.31012462 0.54908237 0.61029085 0.88617895 0.40440910 0.34715457 0.51093219 0.63089344 0.40228341 0.32883827 0.48591460 0.67313501 0.00000000 0.49811835 0.35655460 0.25167773 0.34146294 
0.31201775 0.44314784 0.41000461 0.20839909 0.31264610 0.28970089 0.26016679 0.31093816 0.36843109 0.48247463 0.27562482 0.32798216 0.52042517 0.37690712 0.31603862 0.34296994 0.37640174 0.25619379 0.27106611 0.25066416 0.40535472 0.30245250 0.38641339 0.26181331 0.45471319 0.25287044 0.16933282 0.21877250 0.28080538 0.25711650 0.27164698 0.28417063 0.33674517 0.29725479 0.33874211 0.23233845 0.23392150 0.30632850 0.29403863 0.27093599 0.27008785 0.35040155 0.23076946 0.39969139 0.44832709 0.49811835 0.00000000 0.30501833 0.42185079 0.13759833 
0.19652866 0.46140825 0.43308754 0.37491859 0.27427871 0.30343012 0.31592510 0.27554927 0.17537533 0.29719926 0.31493105 0.36314496 0.38274823 0.29686549 0.21412781 0.35027331 0.26618614 0.18311033 0.19509991 0.37154088 0.51998900 0.17238896 0.24993178 0.24967414 0.23431661 0.41044974 0.30332308 0.29026357 0.22327918 0.13649421 0.40768943 0.32856054 0.23551969 0.23420558 0.35132071 0.40500281 0.33346269 0.27541714 0.13047999 0.42626763 0.31414552 0.23481086 0.47252571 0.64922420 0.32980785 0.35655460 0.30501833 0.00000000 0.53788331 1.29861575 
0.45639970 0.22050247 0.36659977 0.31635622 0.17552518 0.21402904 0.33432979 0.35358169 0.29794890 0.31261923 0.37105269 0.18895935 0.22998347 0.30117829 0.27284569 0.25342503 0.31746597 0.43171424 0.34591532 0.34551053 0.31605713 0.36011449 0.36061468 0.29755323 0.25274604 0.25471445 0.27275254 0.27404498 0.30599441 0.26717220 0.21842401 0.26974666 0.29529024 0.45753629 0.28303969 0.39722218 0.26436436 0.31361440 0.31523617 0.37990865 0.38577095 0.28820730 0.45412678 0.23153026 0.36809386 0.25167773 0.42185079 0.53788331 0.00000000 0.46145538 
0.25184482 0.44664022 0.39979267 0.21794560 0.37576176 0.46495015 0.37690217 0.23671554 0.20132761 0.25596844 0.21871169 0.38290123 0.44693786 0.39843814 0.24481964 0.21326359 0.34513646 0.47197063 0.36298289 0.34390663 0.59205779 0.42026193 0.34132978 0.22811153 0.33474657 0.50635221 0.16151186 0.12314785 0.49662438 0.18460272 0.37476010 0.48207834 0.20333596 0.24821377 0.31310266 0.24716932 0.16293959 0.17643593 0.30145510 0.32538306 0.08971611 0.19775165 0.39220970 0.33791531 0.17616553 0.34146294 0.13759833 1.29861575 0.46145538 0.00000000 
