0.00000000 0.28850655 0.25605536 0.39752602 0.34450021 0.13009838 0.35009829 0.35430610 0.17846376 0.23878072 0.28205633 0.21639851 0.03222076 0.15502745 0.19950406 0.16498013 0.17552975 0.22287918 0.21860325 0.23768437 0.21949744 0.25756675 0.12114818 0.25185862 0.17624457 0.28215282 0.19575646 0.24260814 0.12193890 0.18608654 0.29048940 0.21197511 0.25131070 0.23983327 0.20816569 0.12758127 0.20867756 0.15286508 0.11545089 0.18678918 0.14940440 0.18755719 0.17198124 0.33642227 0.26041340 0.15342060 0.14331732 0.16351755 0.22842736 0.15829996 0.31478775 0.23076151 0.25881650 0.21273540 0.25947075 0.18415315 0.20125519 0.13050236 0.30559058 0.20022063 0.19572798 0.27682525 0.14549637 0.13086343 0.11338994 0.17242383 0.24937664 0.13359506 0.15411731 0.15434479 0.10252919 0.30359134 0.12148464 0.17456579 0.23190803 0.24670794 0.17448794 0.18079714 0.23012758 0.13362878 0.27823909 0.07886009 0.19022940 0.05442604 0.22016537 0.16094741 0.24825966 0.23000962 0.25988093 0.15029872 0.22702238 0.21391274 0.12924152 0.18559547 0.19069740 0.20733412 0.20487888 0.17782159 0.11402232 0.18596067 0.23928630 0.22006578 0.15091725 0.16185532 0.09847795 0.25630598 0.16199556 0.16393152 0.22847423 0.24293713 0.16999119 0.13591578 0.12081048 0.15632791 0.22274535 0.24254542 0.19040494 0.13929375 0.15297426 0.16010661 0.21544217 0.09805359 0.25149858 0.18747025 0.26108180 0.17367616 0.14009272 0.16526780 0.18251799 0.19126819 0.23091155 0.23163952 0.19119282 0.18945468 
0.28850655 0.00000000 0.59221561 0.30806465 0.52552809 0.41371476 0.23084449 0.32996456 0.19349706 0.16899381 0.18848874 0.21667709 1.11131903 0.21079777 0.24537883 0.13554602 0.14803053 0.24215258 0.18828988 0.16559431 0.16932589 0.14782662 0.18102311 0.13873604 0.16109263 0.20828546 0.20485966 0.13206409 0.18672195 0.27730561 0.14230927 0.20738160 0.22417967 0.16915387 0.14807407 0.18057590 0.24084396 0.13751881 0.23646173 0.22143190 0.12984566 0.24825985 0.13403117 0.19676025 0.14571701 0.21999207 0.19450464 0.13917521 0.10897632 0.21191244 0.18288719 0.19179893 0.20227360 0.16793007 0.19022052 0.17078104 0.19688568 0.15178995 0.13621715 0.11942697 0.18175532 0.17658338 0.18562721 0.18127965 0.19944278 0.14538425 0.14988939 0.16615789 0.25714736 0.19043840 0.15411797 0.20336678 0.13744752 0.14979823 0.16966860 0.16119006 0.17870862 0.17311623 0.16404795 0.16600184 0.13473708 0.21257103 0.26786271 0.20546755 0.15578684 0.21389557 0.15046740 0.18428143 0.17655193 0.13893826 0.17062108 0.15353164 0.17562701 0.16241166 0.11542629 0.19187024 0.14529372 0.14669728 0.22327206 0.18518224 0.17081112 0.23397152 0.17802144 0.15396276 0.19115338 0.19017983 0.15116971 0.15984732 0.23519789 0.17029339 0.17429772 0.20047574 0.13924507 0.15474821 0.12597400 0.16197189 0.16598110 0.14987793 0.22369029 0.14617061 0.15197375 0.17660043 0.17939283 0.20976349 0.12701148 0.14197197 0.20100589 0.13810590 0.14499009 0.18779656 0.18824846 0.18440006 0.20584431 0.20758082 
0.25605536 0.59221561 0.00000000 0.43813530 0.38316846 0.51018116 0.30755545 0.30159537 0.23655928 0.19875332 0.27702514 0.12938094 0.28685431 0.19072137 0.18211553 0.20593797 0.13234979 0.20413034 0.25314110 0.21249783 0.23268659 0.23089440 0.23067607 0.13565228 0.20109256 0.13509444 0.17258453 0.22131446 0.20085411 0.15852867 0.20602095 0.22101443 0.15520867 0.21035036 0.20726089 0.25133984 0.15634726 0.16332979 0.15017808 0.16220680 0.21981218 0.15859867 0.13835957 0.22707316 0.22567389 0.15884889 0.09115588 0.19463066 0.23756376 0.14124339 0.13857717 0.09735456 0.22279719 0.12155172 0.17934603 0.16625392 0.19620915 0.08995438 0.20047556 0.19392512 0.22065678 0.19286869 0.15997284 0.16380729 0.18709549 0.14870218 0.25258458 0.15137403 0.24516154 0.17342105 0.17535652 0.13277251 0.19054371 0.16846478 0.17850885 0.26060769 0.20756301 0.20725615 0.18468909 0.26919646 0.17503832 0.17905178 0.06498158 0.09952597 0.19707049 0.17928613 0.25609930 0.11242445 0.18459227 0.18269303 0.09037392 0.12277175 0.13666434 0.21899666 0.26056983 0.26639067 0.13349517 0.17218149 0.11590969 0.23675319 0.15888630 0.12566311 0.19708563 0.20957238 0.17197301 0.17129784 0.18278996 0.22935151 0.16405416 0.16009879 0.17843464 0.15086670 0.17545898 0.14403169 0.21190200 0.20978505 0.11852080 0.12703971 0.14372239 0.14691614 0.19436679 0.16936940 0.18420224 0.17473573 0.27972979 0.20534892 0.23396280 0.23407680 0.16559257 0.20025739 0.09271638 0.67478721 0.25152488 0.19731897 
0.39752602 0.30806465 0.43813530 0.00000000 0.41929710 0.16215120 0.42101675 0.22673058 0.26977702 0.26525469 0.24872889 0.13816617 0.05324406 0.19190084 0.22060272 0.25231907 0.14774903 0.27971173 0.26513795 0.23594298 0.15369331 0.21557054 0.11788575 0.21327773 0.24436443 0.17610234 0.24139900 0.31583810 0.22665756 0.14238452 0.24336128 0.23341421 0.20271420 0.25699444 0.23388398 0.28877178 0.17013213 0.17551819 0.13307361 0.16310509 0.14007427 0.22055441 0.11386285 0.16735050 0.22373568 0.21784520 0.12004693 0.17403047 0.25352731 0.21175630 0.18676549 0.26434216 0.32833247 0.20424748 0.19806321 0.28749828 0.17972830 0.18663334 0.24239661 0.23057668 0.17902077 0.22871372 0.21007439 0.13466222 0.15017854 0.18057331 0.16464360 0.06849159 0.14430296 0.15594085 0.16553588 0.20638029 0.13955816 0.14600869 0.20744761 0.13598735 0.12470002 0.24642395 0.18129590 0.10163848 0.18233271 0.14982484 0.15473026 0.14300756 0.16154813 0.17578706 0.31877588 0.17962139 0.20687031 0.21464494 0.10070444 0.19608507 0.21612411 0.17894327 0.11053003 0.30084849 0.15216692 0.20041864 0.18785919 0.19000087 0.20275349 0.17346204 0.18723727 0.26184076 0.15038379 0.16582804 0.15190527 0.16941639 0.21994898 0.22733264 0.19388696 0.20066580 0.17239040 0.16688205 0.21716624 0.24956059 0.16867795 0.07796509 0.19936238 0.24970679 0.22510366 0.13498663 0.16833336 0.27458995 0.25964781 0.21709374 0.14962073 0.10737757 0.13794858 0.17153630 0.12272404 0.24537598 0.23540884 0.22609622 
0.34450021 0.52552809 0.38316846 0.41929710 0.00000000 0.41490989 0.45229640 0.23286317 0.27394106 0.28280948 0.26818404 0.20953987 0.18711928 0.19741412 0.44868358 0.21508857 0.15822389 0.17430018 0.29287498 0.18991121 0.17592830 0.26717974 0.17216026 0.25151823 0.17195421 0.19825456 0.19882438 0.19003134 0.25409202 0.16107229 0.16499679 0.16798619 0.20126181 0.22810880 0.22660071 0.32468155 0.15337964 0.21139959 0.15068634 0.25878042 0.12254569 0.20521067 0.21594290 0.30464396 0.17110414 0.18228528 0.16428280 0.17505855 0.19708021 0.15075728 0.24425558 0.20171497 0.24683428 0.23174394 0.26185095 0.21101284 0.15269342 0.11841960 0.15579471 0.18197769 0.18925819 0.16360758 0.21209728 0.21574640 0.21021010 0.14867252 0.16747280 0.09018360 0.18734404 0.17677446 0.17550158 0.14105267 0.12226288 0.15509199 0.28099916 0.20908713 0.17959881 0.20937083 0.15994802 0.19215568 0.19516144 0.12320910 0.18314046 0.08274968 0.24356897 0.12124430 0.13981421 0.15906665 0.15644090 0.19938473 0.17299025 0.20407358 0.17848511 0.20435739 0.15024705 0.12752630 0.22076343 0.15722420 0.19821505 0.11981726 0.14006338 0.17523949 0.14833525 0.24591783 0.16338558 0.14926332 0.10016540 0.20222457 0.19495774 0.12726113 0.20861621 0.13065250 0.23630765 0.17058296 0.14229929 0.12018830 0.15500726 0.11295778 0.07029752 0.19009153 0.25992393 0.17783283 0.19351709 0.14984060 0.19910294 0.25236805 0.18388252 0.16553334 0.11278795 0.16958005 0.16366717 0.19326380 0.22827488 0.20680911 
0.13009838 0.41371476 0.51018116 0.16215120 0.41490989 0.00000000 0.37714479 0.33337176 0.37127766 0.28968771 0.20637805 0.24377343 0.28634485 0.24652240 0.41925317 0.19134343 0.29528529 0.11464127 0.14710678 0.17292314 0.18256394 0.15579504 0.33348639 0.18431328 0.21209153 0.20755044 0.20340067 0.21724079 0.21921599 0.25085998 0.09820925 0.27324981 0.55500990 0.18766166 0.26617434 0.20868230 0.52003180 0.15988827 0.14374884 0.14534369 0.24093163 0.26326664 0.26162765 0.12863117 0.08458006 0.17928354 0.23821062 0.18019174 0.18084966 0.23233383 0.12572142 0.17804767 0.12020243 0.13166950 0.14473076 0.20342938 0.09245806 0.17676346 0.15832058 0.17612036 0.16709455 0.14805733 0.15721543 0.14557604 0.13017736 0.15241053 0.20038069 0.13860214 0.13125843 0.13841907 0.22318511 0.09755077 0.18816818 0.15147122 0.10482661 0.06962927 0.10456442 0.08885148 0.10576959 0.16132524 0.07496527 0.18374327 0.23457938 0.27333459 0.24486086 0.25491475 0.13553288 0.18448222 0.28551576 0.23602654 0.12907000 0.15874913 0.28922745 0.13494875 0.12590995 0.07960710 0.19958348 0.09684026 0.17390851 0.15695942 0.09437811 0.12003501 0.13421388 0.15446360 0.17838043 0.19505107 0.21621447 0.17266621 0.12547157 0.19350155 0.09122968 0.16378078 0.16646790 0.18370354 0.21425171 0.25656238 0.11654373 0.20103053 0.17444952 0.18646103 0.18383251 0.17988120 0.13557516 0.09334535 0.22276533 0.20147937 0.19963441 0.25940537 0.18505950 0.18026912 0.16649307 0.57872027 0.11051659 0.22657175 
0.35009829 0.23084449 0.30755545 0.42101675 0.45229640 0.37714479 0.00000000 0.53629046 0.25808134 0.31610546 0.33844011 0.17873408 0.14232622 0.28412762 0.21279987 0.26334518 0.17123719 0.29602451 0.16736430 0.26950538 0.27873140 0.10011807 0.20111338 0.17371430 0.20517075 0.10262329 0.14125411 0.25350436 0.16108176 0.18262650 0.24358632 0.24582487 0.19554261 0.24117608 0.17926091 0.19673495 0.12262069 0.19294105 0.16135252 0.14131721 0.13553518 0.17727581 0.20337932 0.15478210 0.17097190 0.20882984 0.09240411 0.13947650 0.18176607 0.27852553 0.14484385 0.21206880 0.25716108 0.57127163 0.19926429 0.22831279 0.14405256 0.18698437 0.19387350 0.15397225 0.23458927 0.15823593 0.19641994 0.19233075 0.16250248 0.28126263 0.18402720 0.22548915 0.15888687 0.14528547 0.06219986 0.12188385 0.12471602 0.19447761 0.20191021 0.21781522 0.19855161 0.30354961 0.18156008 0.11843352 0.21474247 0.11612456 0.18000867 0.19107257 0.19364905 0.17997398 0.21013200 0.13237985 0.17444566 0.24879560 0.18789013 0.15518115 0.11514865 0.24384809 0.20269869 0.22719573 0.23910992 0.12627028 0.17695902 0.20547243 0.20466635 0.28313075 0.17903435 0.11473701 0.12107321 0.18290926 0.25305891 0.17128689 0.18737038 0.20183492 0.19480584 0.21510139 0.12710408 0.22151390 0.17085042 0.19257069 0.06791310 0.17205409 0.17063979 0.29441466 0.18734840 0.15841842 0.14082093 0.17608238 0.18805594 0.11416458 0.20880052 0.08790689 0.20753110 0.12930539 0.06829193 0.29679725 0.20860700 0.18027136 
0.35430610 0.32996456 0.30159537 0.22673058 0.23286317 0.33337176 0.53629046 0.00000000 0.48053657 0.42817586 0.41293086 0.32454702 0.30659561 0.23865789 0.25388452 0.18898916 0.22340502 0.13292198 0.10371008 0.22208326 0.19903871 0.21879918 0.13249922 0.17890954 0.16752513 0.19076167 0.13098388 0.26231057 0.23951638 0.18429450 0.26657053 0.20162927 0.14340782 0.22796673 0.13660627 0.21165157 0.11565997 0.18183173 0.07455468 0.18125524 0.23322489 0.23877548 0.23027718 0.11320796 0.18051267 0.26168800 0.11808274 0.20079039 0.11580236 0.11541287 0.22316706 0.20164489 0.25257638 0.16594229 0.16090712 0.17783321 0.21114498 0.28305068 0.20724191 0.14278013 0.21289263 0.24072638 0.16432355 0.14820021 0.14730689 0.23758316 0.20306618 0.19946362 0.21931022 0.15879952 0.15872528 0.22106364 0.07886628 0.23325407 0.15904723 0.20288298 0.08861664 0.11726330 0.24610228 0.27934262 0.24701917 0.12294607 0.28987133 0.16051447 0.22697313 0.10715936 0.16616994 0.14234734 0.19858441 0.14871484 0.15209696 0.14736833 0.14914067 0.26898858 0.19714045 0.16677652 0.17467660 0.10779649 0.20897782 0.13216795 0.33030994 0.25613009 0.19375242 0.23181172 0.08866599 0.15499716 0.11692114 0.19029442 0.20720806 0.16782750 0.17439606 0.21152959 0.19621581 0.18925009 0.17160958 0.17934830 0.24723182 0.13021980 0.27146922 0.12913634 0.25400098 0.10396055 0.18108221 0.25180961 0.25374936 0.16005000 0.19016599 0.12318357 0.14272933 0.12931903 0.09293034 0.20050808 0.32279082 0.29996929 
0.17846376 0.19349706 0.23655928 0.26977702 0.27394106 0.37127766 0.25808134 0.48053657 0.00000000 0.55609379 0.24458623 0.48526474 0.18106967 0.40239977 0.21322490 0.24572614 0.12017629 0.20831083 0.20544174 0.09402165 0.13973335 0.20011568 0.15994081 0.15497688 0.24987995 0.24922147 0.05330035 0.16527856 0.13623146 0.16881125 0.30313151 0.23079877 0.15409103 0.17186034 0.24288598 0.15548499 0.10753677 0.12412569 0.16043383 0.17266830 0.17295884 0.20376545 0.12769016 0.22625683 0.21337957 0.51164658 0.31023343 0.21605782 0.10963046 0.85847438 0.18373762 0.19385904 0.20488024 0.20434293 0.20540959 0.15951524 0.25360882 0.14327655 0.22432020 0.19514148 0.16606963 0.18267271 0.20330068 0.18337985 0.16464426 0.16488037 0.33558862 0.15218308 0.09602666 0.13058497 0.16890809 0.20025886 0.14721095 0.11626216 0.23689184 0.22765935 0.08573539 0.18212345 0.17954535 0.18434886 0.16310922 0.21922325 0.18576456 0.22858124 0.12819166 0.19270461 0.23274815 0.20435466 0.21532498 0.17334830 0.19818637 0.18548200 0.25415464 0.17906974 0.16697911 0.17616783 0.18286447 0.07825633 0.16852048 0.13991779 0.13240927 0.14052616 0.17279860 0.17468612 0.18191670 0.18146357 0.17788659 0.12358229 0.14547477 0.23540873 0.22496827 0.16024162 0.15702600 0.15841220 0.16022196 0.11234138 0.22452112 0.11585880 0.17304742 0.21688356 0.16658521 0.20306767 0.14075621 0.12913943 0.17982639 0.18387100 0.16738291 0.10627199 0.19560121 0.19088209 0.17953898 0.21984249 0.20650294 0.18600536 
0.23878072 0.16899381 0.19875332 0.26525469 0.28280948 0.28968771 0.31610546 0.42817586 0.55609379 0.00000000 0.61301087 0.40681846 0.21885623 0.25762039 0.21306285 0.24991658 0.20330390 0.21122932 0.23534965 0.20162176 0.19318037 0.20326305 0.20539565 0.17242501 0.16997753 0.18730911 0.22058641 0.23609689 0.21379085 0.18703839 0.22742200 0.21906206 0.17409417 0.20690585 0.18290141 0.19723316 0.07617802 0.14883297 0.18281443 0.16279398 0.15427749 0.12466189 0.25134695 0.34548327 0.08077011 0.27426532 0.25585959 0.18659706 0.21801449 0.20530618 0.21919659 0.24596437 0.26902605 0.20202246 0.25174059 0.20501672 0.20231803 0.14353672 0.25979802 0.13079595 0.23327411 0.21155393 0.25335716 0.24075214 0.17777498 0.26735561 0.31386223 0.13840219 0.14990368 0.10627884 0.11374510 0.15056968 0.05027974 0.15094192 0.19494672 0.21289302 0.12949464 0.17857349 0.20961544 0.20138332 0.20899163 0.17313491 0.08502403 0.13504735 0.15953407 0.09722758 0.21968966 0.05705199 0.21516004 0.15649999 0.25309078 0.18247719 0.17957518 0.17551498 0.28134806 0.11385735 0.24783204 0.10351419 0.13426577 0.12589670 0.16624183 0.16272477 0.14329012 0.21273735 0.15388351 0.20539945 0.09475096 0.18417156 0.19216973 0.21141867 0.22264620 0.22847503 0.20565431 0.15346313 0.15918321 0.16201861 0.26848394 0.24533440 0.13653133 0.19955197 0.24395471 0.13275590 0.19937200 0.14287170 0.19304464 0.14439649 0.16700591 0.16046653 0.11507182 0.13890308 0.17488747 0.24890109 0.24111883 0.20526018 
0.28205633 0.18848874 0.27702514 0.24872889 0.26818404 0.20637805 0.33844011 0.41293086 0.24458623 0.61301087 0.00000000 0.38678424 0.23239414 0.25049938 0.12716505 0.21170022 0.23776863 0.14228503 0.16788281 0.18625125 0.16922071 0.26876425 0.26781883 0.20275706 0.07797603 0.18748808 0.18927891 0.20007635 0.12631475 0.13750600 0.16366595 0.17465872 0.20692054 0.21381267 0.18120362 0.17191952 0.19286451 0.24315021 0.13609576 0.19960564 0.20283148 0.09839493 0.09453770 0.27481314 0.16968410 0.23736876 0.16054819 0.07932059 0.21579175 0.16404329 0.26962181 0.24829607 0.27960390 0.16194252 0.15436978 0.24156754 0.16151927 0.18545620 0.14677971 0.21142825 0.19442433 0.14944006 0.14765580 0.17729510 0.14442120 0.16050210 0.13652774 0.23328886 0.17423956 0.20155545 0.20619710 0.22701619 0.19667116 0.18748854 0.21477186 0.20420211 0.16031930 0.15650492 0.19282609 0.15515548 0.20043933 0.19025246 0.05652496 0.16993404 0.14331918 0.20668306 0.20845052 0.26511793 0.19845063 0.24629800 0.13314163 0.17345146 0.29832720 0.25103237 0.29445012 0.09153126 0.24651908 0.24939526 0.21069297 0.16134239 0.19496116 0.17755206 0.22677264 0.18997533 0.13603799 0.25115243 0.16182466 0.32661473 0.27876727 0.16660118 0.24132544 0.19525705 0.19587873 0.22828950 0.18045701 0.24547528 0.14256662 0.25088383 0.13271167 0.16200919 0.13869990 0.14363492 0.20947819 0.15601729 0.18045884 0.13560864 0.18834257 0.17954349 0.16542833 0.17946983 0.14331977 0.20306623 0.28101629 0.22665962 
0.21639851 0.21667709 0.12938094 0.13816617 0.20953987 0.24377343 0.17873408 0.32454702 0.48526474 0.40681846 0.38678424 0.00000000 0.23663752 0.64430698 0.17387030 0.33875018 0.22784622 0.26552405 0.19207817 0.11219129 0.21935036 0.13366437 0.28519816 0.20928793 0.10732497 0.17876315 0.15847024 0.19530964 0.15266899 0.21161723 0.14190842 0.17234074 0.16750678 0.22122796 0.18616583 0.20187390 0.18407468 0.31424076 0.20977666 0.27838988 0.25925301 0.16635446 0.30005377 0.19154776 0.10675115 0.16293668 0.50362549 0.28443517 0.18894591 0.26134970 0.13788497 0.15095973 0.17434595 0.15487350 0.15248330 0.13786855 0.16936071 0.26485030 0.12716893 0.26653886 0.13920148 0.17945976 0.21207010 0.16765985 0.20691818 0.25783945 0.14552578 0.05637106 0.10715218 0.10646138 0.10021385 0.19165173 0.22574761 0.16389708 0.18129203 0.26001600 0.10961003 0.22570672 0.16962047 0.19334613 0.19388438 0.15613216 0.13575029 0.24564632 0.20843051 0.11392998 0.15142169 0.18193453 0.17776061 0.13019514 0.14529106 0.15121949 0.13363151 0.19034091 0.16234835 0.15552766 0.20663093 0.22946542 0.17717376 0.13999641 0.25849784 0.20998075 0.18982341 0.14733448 0.17793195 0.23079338 0.05297911 0.08605141 0.19235794 0.03175134 0.17734674 0.18673033 0.15403379 0.23248516 0.13860687 0.17948502 0.20971242 0.11472044 0.14423784 0.11097615 0.15010122 0.12245021 0.23405018 0.14029858 0.08095813 0.19241049 0.21059196 0.19272223 0.33413144 0.23666596 0.94279084 0.22791652 0.34785229 0.21738354 
0.03222076 1.11131903 0.28685431 0.05324406 0.18711928 0.28634485 0.14232622 0.30659561 0.18106967 0.21885623 0.23239414 0.23663752 0.00000000 0.19815461 0.25488292 0.31617631 0.20044468 0.28669260 0.13138645 0.13254228 0.22717454 0.27496421 0.15993764 0.24513808 0.20214223 0.19083798 0.24016128 0.20221139 0.15904676 0.34408105 0.17788265 0.24844396 0.22326431 0.05754951 0.08986680 0.19103629 0.22930708 0.26746115 0.20752694 0.19509927 0.08946484 0.26970024 0.21643708 0.17838044 0.13401038 0.16041848 0.20169225 0.13436368 0.16315511 0.30421140 0.18474625 0.16321760 0.20650660 0.20443846 0.21285381 0.17566739 0.16155588 0.16634046 0.15712075 0.17966188 0.14731035 0.20859890 0.12729272 0.14036020 0.18815463 0.24618698 0.21057277 0.24212987 0.22335006 0.21583292 0.23270722 0.21368715 0.27623418 0.14435520 0.18409855 0.16030775 0.08677634 0.04528002 0.18317273 0.27532711 0.21066329 0.32949949 0.20644620 0.29354978 0.15629644 0.17711701 0.24499341 0.19018775 0.15654853 0.18561602 0.16070876 0.12211239 0.08535690 0.20889935 0.20025281 0.14858141 0.11260787 0.12919763 0.17210659 0.19016053 0.12622139 0.19281575 0.12727629 0.19612609 0.17480506 0.18722507 0.13905316 0.18086992 0.17095886 0.17489519 0.16312231 0.12704509 0.14380045 0.18305236 0.18490134 0.22733274 0.18212265 0.16919915 0.14219047 0.13042899 0.19135851 0.13736012 0.20307811 0.16010961 0.18750358 0.22615644 0.21948161 0.19525339 0.17019395 0.27636573 0.27786003 0.33605969 0.08175616 0.19670495 
0.15502745 0.21079777 0.19072137 0.19190084 0.19741412 0.24652240 0.28412762 0.23865789 0.40239977 0.25762039 0.25049938 0.64430698 0.19815461 0.00000000 0.19192458 0.25748999 0.25543639 0.13640136 0.17001139 0.19601866 0.14265643 0.20593379 0.25561638 0.09610378 0.14622119 0.15168936 0.34692848 0.08693176 0.06514187 0.19031533 0.14011764 0.20829203 0.10777396 0.16395536 0.16301837 0.17522456 0.24734038 0.18688508 0.19974788 0.62942755 0.28880181 0.35907441 0.25308073 0.17218261 0.19201220 0.21207035 0.54696239 0.21049540 0.22745582 0.45452455 0.32405131 0.14646522 0.22531663 0.18033409 0.17838005 0.19047796 0.19446992 0.19812681 0.14049260 0.20082092 0.18167247 0.20408745 0.18920701 0.16872880 0.19137427 0.16798132 0.22644156 0.14744921 0.20008222 0.16216193 0.22473633 0.15567617 0.25328059 0.12534768 0.16911797 0.16365620 0.21511077 0.23736492 0.20842944 0.23446383 0.21284625 0.17531596 0.10874528 0.18264578 0.19058558 0.14515521 0.12696436 0.10142135 0.21885057 0.21528155 0.17672834 0.20794862 0.15161983 0.09365158 0.15277699 0.16006755 0.11818252 0.14716490 0.14530808 0.17243597 0.11474114 0.24286498 0.14192674 0.23142381 0.16739172 0.15165930 0.13229070 0.18359967 0.07369202 0.14752929 0.14797706 0.16225638 0.07354354 0.20263211 0.19635504 0.11859171 0.20013493 0.14563251 0.22144612 0.09095496 0.10651335 0.23414456 0.10459907 0.17782137 0.10596806 0.14596286 0.10768375 0.06874799 0.34653847 0.16520756 0.53987093 0.23382381 0.16946263 0.14807299 
0.19950406 0.24537883 0.18211553 0.22060272 0.44868358 0.41925317 0.21279987 0.25388452 0.21322490 0.21306285 0.12716505 0.17387030 0.25488292 0.19192458 0.00000000 0.37309064 1.20469112 0.34891957 0.19765102 0.23608237 0.21175568 0.15543914 0.20329012 0.10982626 0.14617791 0.33757468 0.16227477 0.11659936 0.14844300 0.16059517 0.18494964 0.30386917 0.70679262 0.19342916 0.25322765 0.29728335 0.37934077 0.21810150 0.15096244 0.22515088 0.21255323 0.15285121 0.31579428 0.17304718 0.10841322 0.21473472 0.16775812 0.22862696 0.04657707 0.20934031 0.15053350 0.19361124 0.12095223 0.31638165 0.17856789 0.20524742 0.16837629 0.20509606 0.18344746 0.21699951 0.15462002 0.17331639 0.22333194 0.14672299 0.15938797 0.10728899 0.20112090 0.13553204 0.14866994 0.18585725 0.17249224 0.25370264 0.15568767 0.17914731 0.20839353 0.15918022 0.19364859 0.15927268 0.05040938 0.17657180 0.18734105 0.17707542 0.27053853 0.17683596 0.22550369 0.21180005 0.25546467 0.07120367 0.20384866 0.16511741 0.31038508 0.16801454 0.15811250 0.23469755 0.17717696 0.16024539 0.15862121 0.13878478 0.21884052 0.14774116 0.07114317 0.14347514 0.20727384 0.12638507 0.14650974 0.07957527 0.15262277 0.21404727 0.12192241 0.18842804 0.19299457 0.08211263 0.11955503 0.19613264 0.10679259 0.20690400 0.22052288 0.15194654 0.17697956 0.10952990 0.18586247 0.12554644 0.23820907 0.19231754 0.12306598 0.17205487 0.19648690 0.19763806 0.13132424 0.17920585 0.26355397 0.28990799 0.11563756 0.15985326 
0.16498013 0.13554602 0.20593797 0.25231907 0.21508857 0.19134343 0.26334518 0.18898916 0.24572614 0.24991658 0.21170022 0.33875018 0.31617631 0.25748999 0.37309064 0.00000000 0.47703802 0.35482618 0.23968136 0.17573061 0.19857373 0.16546244 0.26695673 0.20648614 0.18592015 0.15702231 0.21634234 0.12824299 0.22332191 0.18857158 0.21231162 0.20816464 0.13141282 0.19011581 0.23069291 0.15086530 0.19964189 0.17298899 0.31209189 0.16575680 0.12910078 0.29229221 0.20976874 0.20860530 0.15840335 0.21317649 0.16137564 0.12584608 0.21568926 0.23939349 0.21231497 0.29699147 0.08958536 0.53118018 0.41728244 0.21364896 0.15841748 0.22971828 0.28290690 0.12580018 0.14192292 0.18940559 0.20370272 0.21417013 0.19730358 0.12078938 0.61385020 0.30817790 0.13401770 0.17967446 0.07423269 0.15220915 0.09425521 0.21494978 0.23101174 0.09843224 0.17879091 0.26860357 0.14464477 0.12446587 0.08500653 0.16584849 0.06549157 0.16629405 0.24085959 0.19155303 0.09670396 0.14322430 0.14630526 0.12939199 0.19431507 0.22128474 0.15169393 0.12629677 0.17732084 0.20475245 0.22136737 0.17536843 0.19155025 0.16734887 0.26001878 0.16506166 0.13889438 0.10771414 0.13309766 0.16404725 0.17208633 0.15639518 0.14962731 0.21111736 0.13601439 0.18136768 0.16365610 0.34266622 0.24743886 0.14922597 0.20945845 0.15966357 0.11703822 0.07767268 0.11210954 0.12776057 0.10861230 0.17608782 0.19754797 0.26680563 0.44306007 0.19780209 0.45541826 0.12012277 0.15661422 0.19510772 0.14619652 0.16332601 
0.17552975 0.14803053 0.13234979 0.14774903 0.15822389 0.29528529 0.17123719 0.22340502 0.12017629 0.20330390 0.23776863 0.22784622 0.20044468 0.25543639 1.20469112 0.47703802 0.00000000 0.33246508 0.30555666 0.34029597 0.26749388 0.24863408 0.14197464 0.23116995 0.20288561 0.40964956 0.15801837 0.12400641 0.44448083 0.22211537 0.16548493 0.16563489 0.44047391 0.15948714 0.18241092 0.12591584 0.26272424 0.20326164 0.25190942 0.26730794 0.21926870 0.16040530 0.15292946 0.12652179 0.15118076 0.15392593 0.22220981 0.22974897 0.18848745 0.25475375 0.16950668 0.18472376 0.15769977 0.17564592 0.14080492 0.19487287 0.20909590 0.26054649 0.13771564 0.17538332 0.16953812 0.14945106 0.18353233 0.17776109 0.16296934 0.07307434 0.18532727 0.20066568 0.19733711 0.24999937 0.18961712 0.22047213 0.03856905 0.27951602 0.19816334 0.17240315 0.12256198 0.12681130 0.18429651 0.14308235 0.18583836 0.26693335 0.16885592 0.14758838 0.19317958 0.10333535 0.20405326 0.25069395 0.11028610 0.18756930 0.09747447 0.21926740 0.09538925 0.10814081 0.22704621 0.09978763 0.07917305 0.13986593 0.17515117 0.21151902 0.12909118 0.21962795 0.14931676 0.20549799 0.20731790 0.15094463 0.13295076 0.16417833 0.11846793 0.18184210 0.15392707 0.24707318 0.16912963 0.17946421 0.18186936 0.12432657 0.13610010 0.16774495 0.14325569 0.13355152 0.09894278 0.17628255 0.15139914 0.15436152 0.18660675 0.18457838 0.36450444 0.66050608 0.27969222 0.19395991 0.15793115 0.24025598 0.14581246 0.13520185 
0.22287918 0.24215258 0.20413034 0.27971173 0.17430018 0.11464127 0.29602451 0.13292198 0.20831083 0.21122932 0.14228503 0.26552405 0.28669260 0.13640136 0.34891957 0.35482618 0.33246508 0.00000000 0.35206328 0.26109499 0.29165047 0.22883107 0.18696947 0.24275289 0.20385240 0.16938208 0.21397147 0.30705522 0.19861992 0.17076652 0.24964653 0.30383899 0.09455085 0.17266026 0.16814538 0.15121715 0.05474105 0.16201907 0.23232623 0.25554172 0.18429208 0.19093846 0.13062448 0.05978185 0.19769246 0.26690142 0.14737816 0.11968284 0.30922742 0.20725392 0.21436410 0.15909222 0.22108507 0.18449195 0.22757846 0.18539363 0.16493599 0.26819104 0.21961271 0.22804997 0.24139856 0.22622984 0.25777031 0.19426858 0.21017014 0.08322871 0.26618612 0.12500233 0.16931664 0.16272100 0.14117592 0.19585508 0.18776056 0.23098273 0.24434320 0.27496710 0.20747081 0.27028898 0.17850851 0.15852363 0.17374392 0.17194956 0.15850859 0.10074159 0.07629882 0.11659416 0.17484446 0.16615909 0.17599512 0.22998391 0.27692949 0.18443858 0.16791257 0.22989824 0.11910547 0.17302554 0.19831559 0.15930642 0.13151492 0.21466692 0.23040426 0.28849884 0.16697410 0.15974392 0.13571683 0.20892885 0.10326102 0.20656119 0.17802388 0.24894370 0.30164987 0.18943722 0.23480781 0.13303034 0.24601684 0.24298039 0.17220753 0.26966158 0.14199246 0.16253128 0.22207315 0.12036591 0.19874820 0.31389162 0.26785018 0.27005947 0.34234499 0.25071694 0.13993163 0.14171364 0.11309600 0.20413505 0.27306805 0.19893731 
0.21860325 0.18828988 0.25314110 0.26513795 0.29287498 0.14710678 0.16736430 0.10371008 0.20544174 0.23534965 0.16788281 0.19207817 0.13138645 0.17001139 0.19765102 0.23968136 0.30555666 0.35206328 0.00000000 0.54769976 0.59794591 0.12121655 0.17178988 0.20538894 0.24148346 0.22293257 0.20297879 0.31472293 0.45759951 0.17849523 0.28494784 0.30835310 0.22831311 0.19819411 0.23751659 0.16737547 0.18450873 0.19634767 0.15020205 0.13420670 0.14186474 0.08421028 0.23599411 0.12629177 0.22427164 0.18414583 0.14603388 0.14106499 0.26094378 0.17677991 0.14095988 0.21183704 0.18485975 0.18163209 0.20481334 0.15308328 0.24793186 0.25834148 0.25677821 0.24034863 0.23124993 0.16429196 0.19529984 0.26855981 0.18717648 0.23233151 0.13960506 0.20481340 0.11957999 0.28984841 0.15033969 0.19828519 0.15640812 0.17526621 0.23232914 0.18258095 0.21514403 0.14691077 0.28212062 0.20257342 0.15650715 0.10952493 0.17659830 0.15826587 0.15500108 0.25755984 0.04693578 0.20512907 0.27774464 0.19911252 0.19110296 0.16123505 0.13367532 0.19491002 0.19403017 0.08477777 0.18437468 0.19995294 0.21356250 0.18097981 0.13003211 0.16482410 0.21141767 0.18144123 0.16957623 0.11890820 0.09371565 0.12906514 0.17505896 0.19830333 0.19236733 0.20020259 0.22699119 0.24273869 0.17534443 0.18169772 0.10458361 0.19273566 0.16357304 0.24330595 0.21092993 0.15887655 0.26911609 0.19036064 0.37574204 0.15372657 0.25548138 0.36285657 0.11229548 0.18959713 0.13663183 0.22719696 0.19598805 0.18622303 
0.23768437 0.16559431 0.21249783 0.23594298 0.18991121 0.17292314 0.26950538 0.22208326 0.09402165 0.20162176 0.18625125 0.11219129 0.13254228 0.19601866 0.23608237 0.17573061 0.34029597 0.26109499 0.54769976 0.00000000 0.26915923 0.15788258 0.10939629 0.35351680 0.23159727 0.24657281 0.18817819 0.26952952 0.19939286 0.19477228 0.15189745 0.19299868 0.20706545 0.20862980 0.18560582 0.07460520 0.19804470 0.17386235 0.29964618 0.11835953 0.19921653 0.10207976 0.13488920 0.08754237 0.27302367 0.22790193 0.13395306 0.18323385 0.19265787 0.18157910 0.09020509 0.21676642 0.08968125 0.26916284 0.14305697 0.26414918 0.28996118 0.20034369 0.26428497 0.24995475 0.25620962 0.26712453 0.34003462 0.20193227 0.18039008 0.20604867 0.15164454 0.20480891 0.22614254 0.20251443 0.08105300 0.17666711 0.08791534 0.22034456 0.29264079 0.14449924 0.18196693 0.11639745 0.24276880 0.10133466 0.15054596 0.16438343 0.12413691 0.16022028 0.23369484 0.15899310 0.20365694 0.21259785 0.18162059 0.21066015 0.29886483 0.19772139 0.13375248 0.19930287 0.37325092 0.16357931 0.14832931 0.12776005 0.21429711 0.29116942 0.27041348 0.22070661 0.17667724 0.18309055 0.19872172 0.00000000 0.21552865 0.11428892 0.22004181 0.16043889 0.20192350 0.19248706 0.23118972 0.22380965 0.19341666 0.15717796 0.15591017 0.19451452 0.13073994 0.30934798 0.30424139 0.15451981 0.23412303 0.20410119 0.32744594 0.32510700 0.42313046 0.27547361 0.07876722 0.20870341 0.14989745 0.24706676 0.22300617 0.23147167 
0.21949744 0.16932589 0.23268659 0.15369331 0.17592830 0.18256394 0.27873140 0.19903871 0.13973335 0.19318037 0.16922071 0.21935036 0.22717454 0.14265643 0.21175568 0.19857373 0.26749388 0.29165047 0.59794591 0.26915923 0.00000000 0.25895929 0.14711411 0.27089228 0.90161602 0.49446555 0.24136838 0.19643218 0.74019798 0.18024501 0.29956510 0.32646717 0.22829923 0.21560720 0.21218225 0.15381735 0.16932379 0.06194273 0.20134116 0.20740609 0.06373536 0.18598761 0.12708225 0.10968892 0.15065099 0.18203292 0.24336651 0.15967233 0.18684821 0.15728273 0.09211067 0.16053818 0.08618782 0.17807074 0.11620909 0.18344141 0.13771066 0.23496701 0.14885173 0.19674459 0.20348103 0.16583230 0.19915223 0.22673935 0.19900074 0.25667778 0.15091969 0.21530195 0.13479962 0.23877805 0.20700080 0.21551313 0.07145351 0.18384899 0.07760039 0.32438053 0.23094159 0.17377101 0.24603926 0.17870962 0.18116107 0.13262284 0.13135703 0.19404949 0.21318192 0.15154734 0.11649746 0.06117350 0.16773787 0.05343078 0.15210049 0.17075245 0.21412988 0.15798823 0.17544275 0.26598736 0.12167936 0.08071775 0.14937570 0.23145815 0.19369872 0.23716442 0.12605821 0.18253618 0.18443646 0.14510669 0.14068401 0.11133685 0.14076266 0.21133597 0.17886629 0.27046258 0.23651151 0.18317442 0.21420457 0.18047253 0.13500427 0.13040650 0.08970585 0.15440693 0.23761039 0.13879170 0.21736815 0.23322617 0.28005540 0.21240606 0.23435852 0.70859008 0.11283656 0.15437293 0.08444558 0.18477263 0.21869243 0.27165830 
0.25756675 0.14782662 0.23089440 0.21557054 0.26717974 0.15579504 0.10011807 0.21879918 0.20011568 0.20326305 0.26876425 0.13366437 0.27496421 0.20593379 0.15543914 0.16546244 0.24863408 0.22883107 0.12121655 0.15788258 0.25895929 0.00000000 0.24938908 0.64860907 0.87285374 0.23242503 0.15433314 0.16855443 0.16865189 0.20985277 0.29705462 0.24220355 0.19832012 0.19243344 0.28284056 0.21393572 0.27658025 0.17844474 0.31169709 0.12234934 0.06826581 0.13746923 0.07898564 0.23793710 0.21074259 0.14412399 0.25072910 0.16965707 0.20516290 0.16757977 0.17317264 0.17701952 0.13242606 0.24242366 0.15585006 0.10257426 0.22468483 0.09358423 0.15441741 0.26775143 0.24185574 0.20183749 0.24498616 0.21443666 0.21018452 0.19974894 0.19161225 0.25009271 0.22566232 0.23972537 0.09583147 0.10189066 0.16957171 0.28494161 0.14119206 0.16085452 0.14562881 0.28282385 0.21294941 0.18339926 0.12706398 0.22019963 0.18019857 0.13840034 0.16134478 0.12440765 0.27248009 0.09452761 0.14276746 0.20511626 0.20223533 0.08251997 0.21048917 0.13833436 0.27680650 0.17264094 0.18761413 0.19396240 0.18696723 0.20647293 0.23411428 0.24669104 0.15360257 0.20134548 0.19930692 0.09204428 0.10005425 0.13656246 0.19483824 0.08081468 0.12988048 0.18993549 0.18521130 0.23855740 0.23673231 0.17558305 0.15726579 0.12608045 0.19957811 0.12454018 0.16909898 0.16859058 0.32164806 0.23725085 0.49422090 0.23534771 0.17068555 0.24052730 0.19581715 0.16564011 0.12868074 0.13243618 0.17986079 0.23543252 
0.12114818 0.18102311 0.23067607 0.11788575 0.17216026 0.33348639 0.20111338 0.13249922 0.15994081 0.20539565 0.26781883 0.28519816 0.15993764 0.25561638 0.20329012 0.26695673 0.14197464 0.18696947 0.17178988 0.10939629 0.14711411 0.24938908 0.00000000 0.53502628 0.17597865 0.30774131 0.39486142 0.19037544 0.14390995 0.24199083 0.18428677 0.17803485 0.25368650 0.15102828 0.22873544 0.21992327 0.28913239 0.35647774 0.30418665 0.17519020 0.23820377 0.27202499 0.25227817 0.13449252 0.11485755 0.18697886 0.36035145 0.25156972 0.02302037 0.16731671 0.13622255 0.16149530 0.17842541 0.15644769 0.09174845 0.21465059 0.13584976 0.16739543 0.17850390 0.14426930 0.16664165 0.11497135 0.13509135 0.12879326 0.17930276 0.03845723 0.16887092 0.48930412 0.28182899 0.28580873 0.19097953 0.57975949 0.16546902 0.18243315 0.22311141 0.22090916 0.27256330 0.15110834 0.16010634 0.39092981 0.21904992 0.23025550 1.00119172 0.21891239 0.16742203 0.21944747 0.11843301 0.20415547 0.27417644 0.07713989 0.08732000 0.09971951 0.20401335 0.03633844 0.21503511 0.19041375 0.20198826 0.22908301 0.13681853 0.04754363 0.15171513 0.09464899 0.14075980 0.19324442 0.23198205 0.22376353 0.11610724 0.15882882 0.11936404 0.09400596 0.11665491 0.20500513 0.20308025 0.19351647 0.10011318 0.14193785 0.19283419 0.10621114 0.23364617 0.11702157 0.05343735 0.17607527 0.12561333 0.14833597 0.12341065 0.09328731 0.19314470 0.19525206 0.22586280 0.16834095 0.19455154 0.23814461 0.23727929 0.23800965 
0.25185862 0.13873604 0.13565228 0.21327773 0.25151823 0.18431328 0.17371430 0.17890954 0.15497688 0.17242501 0.20275706 0.20928793 0.24513808 0.09610378 0.10982626 0.20648614 0.23116995 0.24275289 0.20538894 0.35351680 0.27089228 0.64860907 0.53502628 0.00000000 0.20928872 0.23588766 0.38364019 0.43502405 0.23475112 0.21220803 0.33596307 0.30183424 0.15035755 0.19595970 0.23689519 0.10126743 0.09269320 0.22456461 0.16182669 0.11979438 0.19197403 0.11340833 0.08566156 0.17013945 0.23790043 0.13255850 0.09883457 0.09256491 0.06695167 0.25518253 0.16094097 0.25460165 0.20436674 0.18610108 0.09271896 0.16519197 0.24041288 0.22781538 0.24105328 0.20549622 0.19146931 0.24256977 0.23042605 0.14816262 0.21455869 0.19972507 0.08570794 0.21804261 0.09971326 0.19619010 0.11168474 0.35942664 0.08763274 0.57621321 0.17447994 0.25438515 0.21197788 0.21758066 0.19797115 0.18022360 0.08768154 0.17300863 0.27017768 0.25203387 0.21597677 0.22026789 0.19362281 0.21403768 0.25717737 0.18192266 0.21100886 0.16355489 0.12391710 0.21873854 0.17350798 0.15539447 0.19742092 0.14791194 0.13205240 0.09272023 0.18519200 0.15019744 0.10797307 0.29701667 0.18025843 0.13211423 0.24953630 0.13774631 0.21906615 0.18764640 0.27328764 0.15033986 0.12606917 0.23259363 0.26764414 0.22818461 0.15933485 0.08023642 0.22820739 0.22320475 0.25624809 0.18308012 0.23292351 0.26353014 0.15517859 0.18688280 0.29106161 0.09346520 0.24067969 0.17247119 0.17319747 0.16330672 0.19749421 0.27663972 
0.17624457 0.16109263 0.20109256 0.24436443 0.17195421 0.21209153 0.20517075 0.16752513 0.24987995 0.16997753 0.07797603 0.10732497 0.20214223 0.14622119 0.14617791 0.18592015 0.20288561 0.20385240 0.24148346 0.23159727 0.90161602 0.87285374 0.17597865 0.20928872 0.00000000 0.23183378 0.11666426 0.61766707 0.38441673 0.20913274 0.23662953 0.16345923 0.22411423 0.20099319 0.18535592 0.30400951 0.15653547 0.20008146 0.24036042 0.08737353 0.10319146 0.15883597 0.14291376 0.23743371 0.15873451 0.18935993 0.10066706 0.19770403 0.29879888 0.14271562 0.13054883 0.20337925 0.17949657 0.21911294 0.18552444 0.14901233 0.17531881 0.17053014 0.26545173 0.19682582 0.14976883 0.18754658 0.22907011 0.23870430 0.21173557 0.22672292 0.11592755 0.18697184 0.14361252 0.14234920 0.10262358 0.25951541 0.11210252 0.21245018 0.21084431 0.24928682 0.23104117 0.29768092 0.22745855 0.18925626 0.20674085 0.09405290 0.13920474 0.15452625 0.21185894 0.19190388 0.17993634 0.10606687 0.14399219 0.14396597 0.13398869 0.17659982 0.19872854 0.18032676 0.30333152 0.23522484 0.14002547 0.18290640 0.23094409 0.25066339 0.27230286 0.13602917 0.19208170 0.22919386 0.17810064 0.12585465 0.19556143 0.23584918 0.10296544 0.16457029 0.09575846 0.30067065 0.15420454 0.13865431 0.18420582 0.26579403 0.17737813 0.12770039 0.17827547 0.17128421 0.23042053 0.21907311 0.17751626 0.16408212 0.44858710 0.13830467 0.08617794 0.16785064 0.11862927 0.19907391 0.12015108 0.16400583 0.21854514 0.14496744 
0.28215282 0.20828546 0.13509444 0.17610234 0.19825456 0.20755044 0.10262329 0.19076167 0.24922147 0.18730911 0.18748808 0.17876315 0.19083798 0.15168936 0.33757468 0.15702231 0.40964956 0.16938208 0.22293257 0.24657281 0.49446555 0.23242503 0.30774131 0.23588766 0.23183378 0.00000000 0.22517476 0.10882599 0.17187989 0.36683802 0.27875294 0.16359634 0.28252684 0.17433452 0.15863397 0.21127240 0.26717017 0.11698815 0.58469991 0.29720474 0.37601376 0.19591714 0.12802542 0.20652238 0.18634854 0.19407231 0.16124080 0.14797686 0.14564734 0.20496126 0.18954366 0.19831899 0.13428419 0.18846927 0.21993671 0.13902536 0.19222826 0.13142587 0.12851819 0.14161075 0.15679418 0.18017724 0.12616661 0.20663747 0.12880217 0.12334452 0.20362007 0.33220738 0.25440916 0.22745703 0.19790266 0.21665810 0.18303890 0.17709782 0.17788641 0.12912073 0.13673799 0.15246423 0.13346780 0.26193545 0.15944386 0.17227476 0.15295554 0.19077243 0.28728008 0.25607534 0.14245390 0.12178610 0.15108297 0.23655288 0.15610142 0.32877966 0.24964720 0.20162858 0.23249967 0.09933815 0.17841862 0.13906305 0.15434525 0.15154013 0.17436628 0.15531440 0.15009650 0.17686636 0.14762391 0.15108588 0.23978152 0.19150923 0.12056952 0.08326197 0.18314365 0.08515609 0.17471160 0.11712731 0.13621642 0.18576872 0.23534144 0.18739646 0.08657401 0.20500623 0.19947872 0.20269767 0.09136135 0.24296593 0.12703365 0.15671451 0.10373763 0.68155301 0.23474765 0.17300246 0.14144266 0.11597781 0.13023032 0.21453654 
0.19575646 0.20485966 0.17258453 0.24139900 0.19882438 0.20340067 0.14125411 0.13098388 0.05330035 0.22058641 0.18927891 0.15847024 0.24016128 0.34692848 0.16227477 0.21634234 0.15801837 0.21397147 0.20297879 0.18817819 0.24136838 0.15433314 0.39486142 0.38364019 0.11666426 0.22517476 0.00000000 0.56446964 0.32883214 0.17635276 0.66302056 0.18035474 0.16738109 0.17504792 0.16378040 0.24082553 0.18804912 1.42545252 0.27532844 0.17659271 0.29592808 0.19395329 0.20969163 0.09132556 0.15235255 0.18510882 0.13654560 0.15511980 0.23502335 0.19327501 0.14907740 0.09860310 0.15517591 0.22916945 0.11355878 0.12934437 0.06276557 0.21727909 0.16666039 0.05295220 0.18054484 0.17753861 0.15473887 0.20130567 0.21282863 0.21616059 0.27197650 0.19711205 0.18273681 0.30128032 0.25978071 0.17983050 0.18404450 0.33801680 0.22268462 0.23271552 0.16695988 0.13139444 0.13413117 0.10067312 0.14333435 0.26329837 0.50067119 0.28841486 0.15863198 0.20655184 0.13477174 0.32219000 0.17221417 0.28666107 0.19846666 0.14836839 0.14286255 0.04641714 0.18871397 0.13292607 0.05990583 0.18184332 0.15876611 0.15340606 0.11321435 0.18066236 0.16342156 0.18391134 0.19929174 0.05152118 0.11838817 0.20772347 0.23941353 0.17692270 0.13875750 0.07636512 0.19198130 0.15221008 0.19301848 0.18868555 0.15463490 0.20938805 0.19001226 0.14153014 0.17170797 0.15645172 0.16758051 0.12429734 0.19081484 0.13969234 0.16307370 0.19614412 0.15293189 0.15840331 0.21414607 0.19014141 0.24064162 0.09419895 
