0.00000000 0.04734336 0.07559582 0.09261177 0.11984407 0.01892681 0.05379754 0.07215674 0.04520025 0.07229768 0.04670393 0.05437846 0.02592524 0.06031394 0.07711717 0.07270427 0.10025522 0.06565284 0.04668720 0.05810473 0.04245137 0.07129825 0.01267523 0.04571936 0.04350898 0.02811659 0.05158095 0.06421897 0.02858838 0.06294411 0.06135937 0.06140226 0.06481686 0.07515509 0.06068340 0.07795500 0.04903281 0.06454755 0.04673787 0.03920604 0.08536511 0.03886198 0.04926600 0.05643041 0.06692413 0.06442504 0.02891072 0.04733798 0.05779189 0.05282430 0.04522375 0.08800318 0.03838221 0.08427012 0.07417558 0.05745588 0.06202665 0.04026946 0.03782312 0.03510637 0.08008053 0.05932726 0.04847713 0.05473452 0.06168336 0.05185637 0.08461940 0.02583687 0.03635007 0.06702183 0.08307999 0.06247150 0.05460977 0.06080844 0.04335445 0.05054319 0.05104196 0.07022992 0.06718220 0.06855644 0.05892687 0.05733240 0.07077870 0.06757410 0.02631610 0.05136893 0.05189936 0.03883512 0.04336084 0.06169560 0.06345648 0.07094212 0.05308540 0.04415906 0.03024445 0.03820174 0.04410696 0.05498914 0.08468128 0.06672713 0.05062294 0.06703365 0.04791542 0.06049860 0.05163082 0.04269945 0.07691147 0.05664370 0.06482984 0.10364552 0.06961534 0.06346082 0.03673881 0.02855306 0.04658423 0.06409672 0.06138118 0.03398526 0.04483674 0.05511671 0.06020345 0.04277368 0.07735629 0.04981964 0.06779387 0.06797136 0.05228106 0.06066675 0.06752885 0.05520558 0.05953413 0.07736761 0.06511176 0.05141703 
0.04734336 0.00000000 0.07069990 0.05440564 0.07682453 0.09065635 0.05653572 0.08146934 0.06805098 0.04144032 0.05735712 0.04958905 0.09859448 0.03879194 0.04591912 0.03768860 0.09509523 0.05796921 0.03914956 0.05150400 0.03824733 0.03590513 0.04988160 0.06616822 0.07098348 0.07048735 0.05358250 0.05510988 0.07173350 0.05707780 0.08713810 0.04440897 0.07497806 0.05952559 0.04924671 0.05125329 0.06527977 0.05542014 0.06110567 0.04703665 0.04846268 0.05900275 0.03191278 0.05579082 0.04846196 0.05621078 0.02992128 0.07488875 0.06132639 0.05406632 0.03702774 0.05632782 0.04918756 0.06665498 0.06946639 0.06464255 0.05180104 0.05302387 0.05530159 0.05926199 0.04643158 0.04207779 0.05909409 0.05212959 0.05541611 0.04786506 0.05742444 0.05718194 0.05282251 0.07745846 0.04594647 0.04240448 0.05080645 0.05371730 0.08152743 0.04614563 0.05362233 0.04391123 0.05436717 0.03934016 0.06161267 0.05270345 0.06468081 0.05935789 0.03475565 0.06236830 0.03968167 0.07486868 0.04984549 0.05650163 0.07901591 0.06793732 0.05079752 0.05018321 0.04417616 0.06863862 0.05822118 0.06582571 0.03596666 0.07449906 0.04794660 0.06105572 0.08107474 0.05736971 0.05011508 0.04133914 0.05102249 0.06041702 0.06993675 0.06235692 0.04513276 0.05105983 0.05193976 0.05288181 0.05417129 0.05985039 0.05439607 0.04987584 0.05784913 0.06206129 0.07908686 0.04369763 0.04704218 0.05629805 0.02873885 0.04229183 0.07053856 0.05651307 0.07217888 0.05135706 0.05017030 0.04105024 0.06356309 0.04885980 
0.07559582 0.07069990 0.00000000 0.08737220 0.06043956 0.07972870 0.04024359 0.09097092 0.06211843 0.05499906 0.08844210 0.06546944 0.08496942 0.03311365 0.05983315 0.04208368 0.04146234 0.04406606 0.05325395 0.06129266 0.06879125 0.04391112 0.09292122 0.06310391 0.07321602 0.07312084 0.06007208 0.04576439 0.03672455 0.05371127 0.05431467 0.08151190 0.06460009 0.08088181 0.10292810 0.04658567 0.08633509 0.04586183 0.04312590 0.02685954 0.05733446 0.08354395 0.07524855 0.03371259 0.03159516 0.11092073 0.08306311 0.04385481 0.06016334 0.04621429 0.05033486 0.05024016 0.04216851 0.05674059 0.07898441 0.04813908 0.08508857 0.06188246 0.05641533 0.05882370 0.05702680 0.05124386 0.05902186 0.06268266 0.06803540 0.07899985 0.03399094 0.04518040 0.04008757 0.05437260 0.04707861 0.06728632 0.04916027 0.02998650 0.07360570 0.04153229 0.03821849 0.03098764 0.06791825 0.04908530 0.06504822 0.06767755 0.02865640 0.04764438 0.04157570 0.03803390 0.01578547 0.05328151 0.05686655 0.01096296 0.03912391 0.07443604 0.04087451 0.04582963 0.05576431 0.04810915 0.07039525 0.06616135 0.02866636 0.05831796 0.04971325 0.05912967 0.05886254 0.02505668 0.06417967 0.06755286 0.08651473 0.03139457 0.04259654 0.05804200 0.03442639 0.06123023 0.06131594 0.06572030 0.06902284 0.02602477 0.04957797 0.03714974 0.05760044 0.06364980 0.06093893 0.07034089 0.05791285 0.09148466 0.05128547 0.06653056 0.05682284 0.02846674 0.05466608 0.06265334 0.04174592 0.06255897 0.05955674 0.07922549 
0.09261177 0.05440564 0.08737220 0.00000000 0.08220052 0.04758515 0.04712987 0.06824206 0.06649506 0.07204553 0.08603721 0.05053949 0.03579607 0.03814080 0.07532463 0.09854801 0.03880731 0.07974256 0.07747067 0.04578255 0.06584972 0.03141210 0.04620912 0.07740843 0.05234139 0.04437356 0.05244695 0.08065152 0.06488468 0.05380759 0.06416740 0.07708512 0.06431035 0.07570911 0.06063444 0.05711129 0.05754702 0.05102618 0.03841684 0.07697934 0.04478982 0.03586389 0.04318193 0.04345126 0.03900088 0.09117776 0.05069539 0.03151239 0.07204778 0.06010188 0.06928718 0.05577315 0.05021839 0.06531166 0.04476964 0.05416063 0.03271216 0.02048618 0.04413361 0.04469153 0.05163673 0.03349106 0.04571903 0.05245897 0.05419596 0.03451929 0.06914527 0.06107940 0.07438365 0.06185856 0.04315265 0.03923113 0.05951146 0.05288281 0.05504527 0.08400778 0.07303115 0.07986561 0.08415154 0.07451225 0.07913071 0.05506535 0.07037994 0.02980012 0.06203512 0.06320837 0.06986005 0.05289624 0.02663189 0.04378305 0.05433065 0.05142314 0.06910972 0.04989534 0.06717442 0.04219568 0.05113714 0.04817378 0.04685867 0.07440243 0.06296803 0.03701926 0.03844140 0.05564476 0.08668303 0.06140648 0.02971168 0.03442092 0.06444784 0.02286729 0.04538428 0.04511183 0.05538050 0.04960593 0.07114197 0.05390245 0.05832639 0.05284273 0.06218986 0.06296023 0.08184734 0.05082059 0.07313646 0.04455432 0.05805357 0.09261793 0.03739513 0.04458663 0.08620754 0.05805528 0.06949969 0.06597620 0.06036927 0.07407583 
0.11984407 0.07682453 0.06043956 0.08220052 0.00000000 0.06343643 0.06292006 0.04891116 0.05561681 0.07365886 0.07192652 0.04724753 0.04704835 0.05677838 0.05464056 0.07121364 0.05714432 0.05321266 0.09550415 0.05648261 0.05606880 0.04521195 0.02517132 0.06249980 0.05821667 0.09450839 0.09514660 0.08116346 0.09283645 0.06792012 0.05731394 0.07251787 0.05899515 0.06319029 0.05705928 0.08150029 0.03955104 0.05084830 0.07464883 0.05066956 0.06444052 0.05013464 0.09731629 0.03819840 0.06371141 0.07402076 0.05590307 0.08048211 0.04819155 0.05650625 0.04549264 0.05741134 0.08508213 0.05527524 0.06965113 0.05502260 0.04535485 0.02094208 0.03155409 0.02490589 0.04263608 0.05944128 0.05103931 0.05697163 0.04998471 0.02662523 0.02770588 0.05687518 0.04399454 0.04451536 0.08807895 0.03078346 0.04804536 0.09444522 0.05827576 0.06747118 0.07422249 0.05596125 0.05337011 0.05979570 0.03987986 0.08771318 0.03461375 0.08163527 0.07117753 0.03221401 0.07390769 0.07400357 0.02905276 0.06324513 0.07825111 0.06916033 0.06322507 0.05932675 0.03517394 0.03669129 0.05005303 0.02714915 0.04396254 0.06569808 0.06312350 0.06268386 0.07736715 0.05680251 0.06782028 0.06065176 0.05847555 0.05577273 0.06825042 0.06587907 0.03898061 0.06417403 0.06067079 0.04648829 0.05216571 0.05206721 0.05800225 0.04417527 0.04331999 0.05507706 0.03286154 0.04899870 0.05492979 0.04312242 0.04651720 0.02422680 0.02282339 0.04298070 0.03790535 0.05978951 0.05225247 0.05557515 0.06668398 0.03829072 
0.01892681 0.09065635 0.07972870 0.04758515 0.06343643 0.00000000 0.05955584 0.07259154 0.10569078 0.06518594 0.03081661 0.07233026 0.10222627 0.03243817 0.06144426 0.04253963 0.06292550 0.05300965 0.04521340 0.04795868 0.07201150 0.04850058 0.10276507 0.04464215 0.06492243 0.04166856 0.06455443 0.07260137 0.05380983 0.05292215 0.04908975 0.05101345 0.04604689 0.05843638 0.06811848 0.03197168 0.08528338 0.05630693 0.07195279 0.03552788 0.06415632 0.03899100 0.06080181 0.02406510 0.05192136 0.05536302 0.04118494 0.08287464 0.05033541 0.08010183 0.05384412 0.07388505 0.07323093 0.06698260 0.05325505 0.04110610 0.06359545 0.06769506 0.07706961 0.05918590 0.03498522 0.04277549 0.05648332 0.04896488 0.05332590 0.04617710 0.05737897 0.05014169 0.04867281 0.03534357 0.04143667 0.04598160 0.04320137 0.04475997 0.07511919 0.04380868 0.04218201 0.03881825 0.03453458 0.06651578 0.03726951 0.07605064 0.05186150 0.03999584 0.05420030 0.04503512 0.05739019 0.06356344 0.05442845 0.04315170 0.06169502 0.07601012 0.09150689 0.05585003 0.06811352 0.06177674 0.04835497 0.04587633 0.05349335 0.06191482 0.05549455 0.04549771 0.04970150 0.05644025 0.07369572 0.03937198 0.04955703 0.05595675 0.03396627 0.05772907 0.05394059 0.06200036 0.08580578 0.07384779 0.05555817 0.05884741 0.05552440 0.04608680 0.05338080 0.05861466 0.03308118 0.07212664 0.03727031 0.04958429 0.04349833 0.03445129 0.06171709 0.05281075 0.06639531 0.09356104 0.06460687 0.06569296 0.03366137 0.07655546 
0.05379754 0.05653572 0.04024359 0.04712987 0.06292006 0.05955584 0.00000000 0.08711548 0.05575488 0.05889988 0.06789897 0.07828500 0.04281601 0.04895856 0.07439236 0.05482486 0.08670708 0.05558558 0.05714452 0.11871757 0.07125655 0.05767149 0.03945179 0.07058248 0.07085297 0.06363450 0.07554166 0.06046697 0.05495642 0.04987036 0.03600599 0.04907000 0.05572667 0.06869300 0.04506466 0.09006436 0.04138119 0.06812564 0.05830668 0.02977516 0.06526330 0.05189613 0.04609325 0.07456985 0.04140752 0.07613246 0.04774152 0.01820826 0.06371870 0.06492170 0.06934166 0.05201829 0.04477876 0.06359697 0.08358259 0.05691672 0.05233791 0.05786532 0.06507526 0.04835267 0.04136045 0.09291064 0.05363654 0.05993149 0.05411438 0.05642676 0.02127078 0.08740787 0.02390180 0.04997154 0.05842879 0.06863960 0.05297552 0.06576582 0.05789492 0.03774900 0.04779167 0.07929832 0.06507898 0.02818506 0.07458251 0.03214341 0.06071226 0.04348074 0.03728570 0.04911787 0.02337057 0.03916677 0.04253294 0.07867707 0.03368923 0.06131575 0.03438897 0.05156821 0.03097228 0.06991522 0.03737851 0.09859210 0.06785475 0.07186424 0.06269711 0.08729132 0.08467568 0.08134121 0.05171200 0.06073675 0.05923303 0.05775372 0.05641086 0.04407474 0.03454226 0.04984054 0.05779763 0.04592732 0.06159061 0.05902154 0.03650729 0.07499933 0.06110185 0.06738755 0.05514685 0.05976068 0.07655384 0.05251819 0.05347701 0.07105907 0.06141811 0.06362111 0.04843619 0.05403298 0.03881389 0.03482743 0.07995182 0.06406511 
0.07215674 0.08146934 0.09097092 0.06824206 0.04891116 0.07259154 0.08711548 0.00000000 0.06953689 0.07823062 0.04360721 0.07405912 0.04999499 0.04042837 0.05652817 0.04547641 0.05053183 0.07679334 0.06011763 0.03731769 0.04755418 0.05259068 0.03237030 0.04670950 0.04851289 0.06117290 0.06172308 0.04949896 0.05658836 0.04526860 0.05991684 0.06559788 0.05145580 0.07819881 0.06997327 0.04208210 0.06694543 0.03811641 0.04345927 0.05748148 0.08047001 0.06022475 0.04614819 0.06280140 0.04778856 0.08143496 0.04582337 0.04070430 0.06957908 0.09653956 0.06441732 0.05380825 0.05532151 0.07016172 0.07675731 0.05693107 0.04936177 0.04255755 0.04324364 0.04732615 0.07747707 0.05669651 0.05661006 0.05749389 0.05562845 0.05872676 0.06325115 0.08244764 0.03313363 0.05106328 0.09561277 0.04416482 0.07264376 0.05059386 0.04362261 0.01407625 0.05069568 0.06448097 0.06736123 0.04261644 0.06237675 0.07046826 0.06702038 0.06142743 0.06429724 0.04832554 0.06671839 0.03540251 0.02868525 0.07471761 0.05441930 0.04196130 0.02876541 0.05754955 0.03702007 0.06028383 0.03984171 0.05241047 0.04478251 0.02864963 0.06581825 0.06118530 0.07652381 0.02506808 0.03536288 0.06177872 0.06134268 0.04593731 0.06352938 0.06336185 0.04498047 0.04766771 0.05162274 0.04819967 0.07233493 0.04148814 0.05593408 0.05362767 0.06843213 0.05852204 0.04114607 0.03905739 0.05335690 0.06451345 0.05345811 0.06742974 0.05082932 0.09014336 0.08122070 0.06274401 0.07046094 0.08942746 0.10789610 0.06488640 
0.04520025 0.06805098 0.06211843 0.06649506 0.05561681 0.10569078 0.05575488 0.06953689 0.00000000 0.04879736 0.05868726 0.02827758 0.07569664 0.09707477 0.06026841 0.06179275 0.02947531 0.03142276 0.08692049 0.05600170 0.05405346 0.09360112 0.05213490 0.06905251 0.06381990 0.04477028 0.05712285 0.03700710 0.05802955 0.05526621 0.04946331 0.03815790 0.05716748 0.05249098 0.04237968 0.01960534 0.05275794 0.07344928 0.05236874 0.04683773 0.04612072 0.09571985 0.04383478 0.05226289 0.07316273 0.05800394 0.07412530 0.03445605 0.05765169 0.08260748 0.05327180 0.05022382 0.08483932 0.03591321 0.04786952 0.05870647 0.04410325 0.06523280 0.04514258 0.03697496 0.05002249 0.07557032 0.07124681 0.06966155 0.06473748 0.07114523 0.06376277 0.04245006 0.03000878 0.03618095 0.01739894 0.03623211 0.03170374 0.04254432 0.08734671 0.06577055 0.06035784 0.08526063 0.04857093 0.05825010 0.04205947 0.05059770 0.04218332 0.03782814 0.07270932 0.05491282 0.07165474 0.04413866 0.06837490 0.06963611 0.04744812 0.03931330 0.04491061 0.04521245 0.06650457 0.05793493 0.04991322 0.07284050 0.04173815 0.07270601 0.04970859 0.07013121 0.03317322 0.07560325 0.08863654 0.06165512 0.06419958 0.06829718 0.04185126 0.06228636 0.04030812 0.04212053 0.07195871 0.06850649 0.05150428 0.03880540 0.06339566 0.03595696 0.11439173 0.08796379 0.04539277 0.09457605 0.07124929 0.05648850 0.06990558 0.05752451 0.03357434 0.04688889 0.03129973 0.06869291 0.03945870 0.07118789 0.05401049 0.05922129 
0.07229768 0.04144032 0.05499906 0.07204553 0.07365886 0.06518594 0.05889988 0.07823062 0.04879736 0.00000000 0.10747771 0.08128487 0.06213221 0.05267401 0.06498458 0.09334264 0.07678642 0.03306195 0.04967937 0.04127231 0.07513088 0.03827889 0.05305503 0.04162782 0.07090423 0.05386237 0.07077192 0.07185033 0.07810742 0.07105157 0.06184451 0.07472360 0.06112270 0.06156497 0.06762508 0.08614289 0.05376360 0.06854261 0.04586748 0.07861592 0.09862828 0.07953399 0.09278108 0.05125922 0.05877836 0.05001724 0.07199217 0.04128221 0.06847235 0.07094222 0.05262826 0.04165380 0.05207540 0.06817955 0.04839284 0.05156735 0.03344107 0.03719613 0.05482685 0.02956217 0.04951889 0.05596083 0.05379006 0.05735611 0.06184171 0.02941525 0.07172633 0.05909802 0.04976975 0.03684775 0.05443200 0.04648260 0.04685481 0.07032975 0.07854479 0.06788233 0.06002820 0.04515862 0.04899791 0.04873125 0.03124376 0.05495282 0.06680613 0.08990233 0.04143541 0.04686837 0.07090954 0.05534262 0.04357521 0.04588828 0.04442351 0.06466305 0.06804885 0.05315001 0.07241991 0.04350961 0.07284573 0.04414095 0.05100572 0.04159161 0.04921772 0.05904197 0.03600469 0.06575970 0.06192436 0.06355972 0.03679194 0.04229893 0.04820763 0.02765800 0.03520271 0.05148882 0.05933760 0.05331866 0.07244761 0.03551580 0.06695952 0.05502638 0.05572872 0.08648495 0.02876290 0.06876708 0.04659991 0.04247385 0.06912509 0.04037656 0.04935889 0.07316723 0.05515504 0.05324176 0.03714195 0.07241488 0.05679123 0.04857672 
0.04670393 0.05735712 0.08844210 0.08603721 0.07192652 0.03081661 0.06789897 0.04360721 0.05868726 0.10747771 0.00000000 0.06114781 0.04338748 0.03838942 0.04806091 0.05398783 0.05977266 0.06222149 0.06531084 0.05375864 0.02789873 0.07721541 0.06148395 0.09447776 0.03718194 0.09374124 0.07700453 0.08275901 0.04435866 0.04626265 0.07204008 0.04578952 0.06135743 0.04697312 0.06419258 0.10552825 0.09321842 0.04108009 0.06099339 0.05837199 0.07196784 0.06193663 0.08523962 0.08897125 0.03700592 0.02417527 0.05976322 0.04997283 0.06145872 0.03558704 0.03380288 0.03824381 0.03675957 0.05268939 0.04370101 0.06696818 0.03900686 0.07111622 0.03757646 0.03383924 0.04051161 0.03938741 0.05406457 0.05263963 0.04629024 0.04737663 0.07213062 0.04157367 0.06164086 0.06415292 0.07447433 0.08518801 0.04153036 0.07048667 0.06206113 0.05886414 0.10544807 0.05342971 0.03512141 0.04531463 0.06423780 0.04002649 0.05179208 0.04806198 0.06576465 0.04254812 0.04677162 0.03744126 0.05241284 0.06584939 0.04754432 0.03050508 0.10290767 0.06509147 0.04905876 0.06536770 0.04112475 0.07371133 0.06262433 0.09231554 0.05499551 0.04814541 0.05996183 0.05682693 0.06432327 0.04158263 0.04648582 0.04104258 0.05688817 0.04892019 0.05844603 0.02779009 0.04935231 0.04527387 0.04737679 0.09644950 0.05947183 0.06219096 0.08003910 0.03683651 0.06422773 0.05320521 0.09612033 0.06285084 0.05160756 0.05666644 0.05957430 0.04446821 0.05724281 0.05139512 0.05749624 0.05582859 0.07787859 0.03781879 
0.05437846 0.04958905 0.06546944 0.05053949 0.04724753 0.07233026 0.07828500 0.07405912 0.02827758 0.08128487 0.06114781 0.00000000 0.05620301 0.06455324 0.09106719 0.07201334 0.04003932 0.04242270 0.07907073 0.05159914 0.07452661 0.05107595 0.06645220 0.03233134 0.07090932 0.04397890 0.07447841 0.05322350 0.04677300 0.04858586 0.04232918 0.06075874 0.04528192 0.06797934 0.07826803 0.05476545 0.04847457 0.06529174 0.04953821 0.05728051 0.07136042 0.04635905 0.07324557 0.06655692 0.09081911 0.05521008 0.05746518 0.06139676 0.03389082 0.06941761 0.04912875 0.06757622 0.06732932 0.09711974 0.04916281 0.06271333 0.06918163 0.07822946 0.05977046 0.05410898 0.04792430 0.04769301 0.06124855 0.05657224 0.06091813 0.06024773 0.05079600 0.06933132 0.03944912 0.04551680 0.03129474 0.07203401 0.06315120 0.06055338 0.04894827 0.04352913 0.07698244 0.05666875 0.05287688 0.05856074 0.07040152 0.05553417 0.05803021 0.07632144 0.05194288 0.06131855 0.03630970 0.06928142 0.05116037 0.04441652 0.03303672 0.07427246 0.04646155 0.06593642 0.05718227 0.05641120 0.04808398 0.03952812 0.03078178 0.04592640 0.06480253 0.04186303 0.08053566 0.04808104 0.05108498 0.05178594 0.05262687 0.05361156 0.08140401 0.01801940 0.04657506 0.04135291 0.05845342 0.04944853 0.05841174 0.05362215 0.05058108 0.05028691 0.05540605 0.05297458 0.05738540 0.04977203 0.05336306 0.05354934 0.04119362 0.03190274 0.05171449 0.09079391 0.08423292 0.07376439 0.08436237 0.07755559 0.03231997 0.04788988 
0.02592524 0.09859448 0.08496942 0.03579607 0.04704835 0.10222627 0.04281601 0.04999499 0.07569664 0.06213221 0.04338748 0.05620301 0.00000000 0.04988411 0.05876773 0.06068258 0.06118804 0.05502650 0.05990302 0.06825705 0.04950365 0.05054806 0.05052907 0.06239802 0.04678747 0.04476767 0.05772112 0.05408349 0.05159924 0.05463169 0.06777413 0.05401469 0.05638469 0.04794927 0.03803312 0.05460107 0.05201516 0.05402218 0.04626507 0.05601588 0.05121376 0.05138363 0.05712481 0.03010297 0.04892771 0.05729549 0.06385647 0.06504219 0.07743502 0.09547987 0.07832470 0.04318142 0.07139898 0.04918858 0.05123314 0.05232837 0.04552678 0.06818495 0.06400302 0.06762370 0.05460272 0.03348383 0.04902576 0.05177994 0.05558409 0.05248653 0.07602479 0.05016249 0.08341151 0.07139469 0.03853507 0.06607728 0.07020411 0.04886359 0.08576275 0.04385448 0.03683829 0.05701175 0.04568873 0.03907753 0.05542408 0.07115405 0.04297188 0.06254049 0.07144713 0.07370367 0.06333544 0.07707410 0.07300765 0.05934089 0.06353072 0.06237534 0.04193666 0.04327452 0.06446498 0.05392563 0.04667221 0.04351677 0.03739980 0.04969242 0.05008772 0.06437885 0.05283015 0.05749309 0.03814207 0.05341604 0.07381082 0.07179770 0.05758249 0.06353903 0.04329839 0.05846052 0.04780238 0.06617360 0.07819432 0.03961854 0.06168773 0.04979860 0.05911067 0.04882081 0.05297302 0.03464612 0.05037804 0.05587771 0.05723146 0.04192266 0.06195547 0.03955137 0.06937801 0.05264066 0.06100448 0.05289253 0.04362862 0.04123989 
0.06031394 0.03879194 0.03311365 0.03814080 0.05677838 0.03243817 0.04895856 0.04042837 0.09707477 0.05267401 0.03838942 0.06455324 0.04988411 0.00000000 0.02779286 0.05444648 0.05178751 0.02565241 0.10318287 0.05208972 0.03876534 0.04010905 0.07302437 0.04026079 0.10423589 0.05929132 0.06048474 0.04334537 0.08282280 0.05269620 0.07495514 0.04672256 0.06036157 0.05306329 0.04678808 0.05003314 0.02520490 0.07121897 0.04977983 0.07877026 0.06264397 0.09923777 0.09183390 0.13353357 0.10028173 0.03962694 0.06953876 0.05576628 0.06228860 0.07263830 0.10039759 0.06606756 0.05065977 0.02934882 0.03463362 0.05346894 0.05902609 0.05259158 0.07676446 0.06826079 0.05525864 0.09566583 0.07143237 0.06772887 0.07237780 0.05172819 0.08422861 0.07148555 0.03298322 0.04176910 0.05427638 0.03334465 0.06477562 0.06126151 0.07663474 0.08128469 0.02848846 0.04821361 0.03567190 0.05441065 0.02542364 0.04284543 0.11125794 0.03230717 0.08042379 0.04113518 0.02498626 0.07060554 0.04225971 0.03646620 0.05738653 0.05132179 0.02788909 0.03550153 0.06209169 0.07244786 0.02040469 0.08781319 0.04505314 0.05417036 0.03100538 0.03651860 0.06487974 0.06074728 0.07352884 0.03782623 0.03488494 0.03643329 0.03140346 0.04502758 0.03900601 0.04251281 0.05032310 0.05766668 0.05337839 0.08028910 0.03541219 0.04937805 0.01317582 0.05325688 0.07040422 0.11567780 0.04275578 0.06360895 0.03738007 0.07264419 0.07321905 0.04571796 0.04527067 0.05131393 0.06582060 0.06484721 0.06639181 0.08383972 
0.07711717 0.04591912 0.05983315 0.07532463 0.05464056 0.06144426 0.07439236 0.05652817 0.06026841 0.06498458 0.04806091 0.09106719 0.05876773 0.02779286 0.00000000 0.10914297 0.12060567 0.12635097 0.05435775 0.05686437 0.08242457 0.07118444 0.07711035 0.04369826 0.07863877 0.07236709 0.06371649 0.03576285 0.06551578 0.05601751 0.05121739 0.07403629 0.07438929 0.06510195 0.03532878 0.06642720 0.06127037 0.07218808 0.04774104 0.04950131 0.04201579 0.05741725 0.04674533 0.08429174 0.08111470 0.06960658 0.07248560 0.06287697 0.04627206 0.06882391 0.06165707 0.03775351 0.04963692 0.05943762 0.04833155 0.04332227 0.04443510 0.03920415 0.07362738 0.06733311 0.05521202 0.06626179 0.06149298 0.05940246 0.05998800 0.04160112 0.05377535 0.06257219 0.04605741 0.04246100 0.05002671 0.07037315 0.04651969 0.04259890 0.04968124 0.07839389 0.02400360 0.05299624 0.04708635 0.03930214 0.04731549 0.03532877 0.08367084 0.03681138 0.02597811 0.05366651 0.08171882 0.02624501 0.05116128 0.05419785 0.04327228 0.05437896 0.07323025 0.02912766 0.03614714 0.06153263 0.04420344 0.05566626 0.06367167 0.05957866 0.03047997 0.06622037 0.06374073 0.03603058 0.04533517 0.04807689 0.06322311 0.03930937 0.08542928 0.04242686 0.05872799 0.05646945 0.05156399 0.05529534 0.06094721 0.06380366 0.07287111 0.05398411 0.04151813 0.04658664 0.08146396 0.04542795 0.05218882 0.04613376 0.05147750 0.02856159 0.05679742 0.06894669 0.06265796 0.04866723 0.04079758 0.05322165 0.03332219 0.09379435 
0.07270427 0.03768860 0.04208368 0.09854801 0.07121364 0.04253963 0.05482486 0.04547641 0.06179275 0.09334264 0.05398783 0.07201334 0.06068258 0.05444648 0.10914297 0.00000000 0.05299856 0.06349688 0.05177978 0.03500924 0.06452565 0.08507415 0.03156265 0.04703527 0.07416062 0.03916732 0.06105976 0.08072862 0.06014032 0.06805621 0.05493667 0.06937048 0.07219778 0.05822804 0.05011651 0.02260592 0.02860809 0.03862814 0.04369449 0.03222753 0.06475141 0.07112363 0.04217806 0.05253084 0.03665530 0.06825942 0.06997584 0.07636890 0.01655703 0.05801645 0.05723763 0.06889157 0.07635950 0.07201956 0.07184191 0.06174256 0.05488185 0.06296136 0.08978418 0.08261338 0.06978272 0.03043904 0.05756826 0.05627446 0.05154536 0.07301890 0.12231796 0.05454864 0.03692059 0.08303312 0.05323216 0.06856334 0.02951635 0.03723464 0.05385923 0.03999421 0.06122546 0.08017643 0.04465655 0.05278513 0.06242044 0.03258519 0.08102835 0.03978676 0.05223108 0.03139710 0.05241405 0.04274052 0.05573669 0.03270763 0.07261427 0.04025440 0.06540131 0.03281029 0.04943204 0.07067073 0.07970884 0.03198768 0.04930389 0.03906067 0.03522574 0.03840148 0.04515647 0.03749815 0.04599267 0.03288016 0.07933471 0.06280027 0.08851297 0.06736533 0.03635240 0.06267846 0.05746615 0.05469421 0.06652972 0.03745258 0.05574782 0.05563238 0.06457800 0.05900253 0.02503979 0.04687668 0.07656765 0.05172351 0.07208669 0.02526890 0.03412199 0.07565055 0.10380243 0.07496168 0.08317088 0.07728258 0.05390030 0.04466694 
0.10025522 0.09509523 0.04146234 0.03880731 0.05714432 0.06292550 0.08670708 0.05053183 0.02947531 0.07678642 0.05977266 0.04003932 0.06118804 0.05178751 0.12060567 0.05299856 0.00000000 0.05445921 0.03473145 0.04926731 0.04428450 0.04350119 0.06830988 0.05250270 0.07990573 0.09984986 0.09668973 0.05599137 0.06457622 0.07688668 0.05663746 0.06175252 0.05790095 0.04211236 0.03725240 0.03146900 0.08472100 0.06651307 0.04925880 0.03265331 0.06352058 0.03345809 0.03823672 0.04149946 0.04252969 0.05922150 0.04524502 0.05738703 0.04791490 0.06256219 0.05774266 0.04140284 0.04698455 0.09050123 0.04429172 0.08028236 0.02685804 0.04700020 0.06168700 0.07194175 0.04231850 0.03427105 0.06178789 0.05442554 0.05432889 0.05190709 0.10062983 0.05774938 0.05548899 0.07219994 0.08280341 0.03487864 0.03028116 0.04837080 0.06432571 0.03056604 0.02386461 0.06666185 0.07244076 0.02791859 0.06923448 0.07520970 0.04747780 0.05034336 0.05041172 0.04284457 0.06650505 0.07644797 0.06718230 0.03416541 0.04134682 0.05511838 0.07582647 0.08318349 0.05161463 0.07589209 0.04577029 0.06033260 0.04899701 0.04743826 0.06450559 0.04865261 0.04845722 0.06667938 0.05401678 0.07727762 0.03437522 0.05509777 0.06302928 0.04914405 0.04706643 0.04766610 0.06014771 0.05872219 0.04658261 0.04274224 0.07370909 0.05511149 0.07895838 0.05958688 0.06903902 0.03498804 0.07561527 0.05490217 0.04831107 0.04849469 0.06495342 0.11651421 0.07631049 0.06492581 0.05374130 0.04326472 0.01915604 0.04894470 
0.06565284 0.05796921 0.04406606 0.07974256 0.05321266 0.05300965 0.05558558 0.07679334 0.03142276 0.03306195 0.06222149 0.04242270 0.05502650 0.02565241 0.12635097 0.06349688 0.05445921 0.00000000 0.03490709 0.06722268 0.06770165 0.04700405 0.03207160 0.07440817 0.06645852 0.02293694 0.06475836 0.06148623 0.07049695 0.06500901 0.04639096 0.05780005 0.06298324 0.05030625 0.04734103 0.05866563 0.04088278 0.05673960 0.05634745 0.06777761 0.05903742 0.06876213 0.03837170 0.07902104 0.04849123 0.08139437 0.05731080 0.05827255 0.05438326 0.03777278 0.05933768 0.09977957 0.05728963 0.04282616 0.05269673 0.03570153 0.03310663 0.05448185 0.04953376 0.05830377 0.05214161 0.06273396 0.05569096 0.05570794 0.05276770 0.06084057 0.04260232 0.05364796 0.02691056 0.06244931 0.05629355 0.04262659 0.04558880 0.07747156 0.05271831 0.04649483 0.06024606 0.05026460 0.08836194 0.07867358 0.06390663 0.07789103 0.03662919 0.04689843 0.06413461 0.08554964 0.06319417 0.04929681 0.06098873 0.06743637 0.05077474 0.06039639 0.05469006 0.03914302 0.05264001 0.05253985 0.04208406 0.08978232 0.04416278 0.05557484 0.07338590 0.06558870 0.06993594 0.04635795 0.06001992 0.06425752 0.07178670 0.04727367 0.07480776 0.04052236 0.07657219 0.06633170 0.04671897 0.05138915 0.05203334 0.05385879 0.06296393 0.06981058 0.05588613 0.07374724 0.11460370 0.07403996 0.07439973 0.06669067 0.07248936 0.06526272 0.08311817 0.04601630 0.06968190 0.05905068 0.02571945 0.02667750 0.05905911 0.05338109 
0.04668720 0.03914956 0.05325395 0.07747067 0.09550415 0.04521340 0.05714452 0.06011763 0.08692049 0.04967937 0.06531084 0.07907073 0.05990302 0.10318287 0.05435775 0.05177978 0.03473145 0.03490709 0.00000000 0.05890284 0.15032179 0.05719731 0.03885082 0.11467400 0.04893377 0.01842428 0.06998316 0.06268566 0.06543629 0.06495069 0.04578909 0.05895440 0.08494927 0.05491613 0.04299119 0.06413052 0.04018157 0.03801292 0.05519407 0.06362147 0.03901044 0.04841799 0.05413628 0.08930681 0.07510668 0.03917677 0.07801195 0.07386029 0.05738785 0.05266671 0.05573345 0.03855111 0.07517170 0.04653398 0.05494106 0.05921160 0.05347086 0.04499118 0.04924610 0.05952338 0.05221150 0.06850632 0.05625109 0.05604332 0.05647985 0.06734353 0.05217750 0.06245473 0.04242545 0.03601222 0.05282098 0.05217617 0.08735779 0.02685753 0.04967101 0.07339218 0.05140156 0.04588825 0.06730719 0.04873775 0.03976513 0.05401561 0.06811571 0.03155369 0.05909947 0.03388558 0.13793988 0.07185387 0.06945621 0.03897239 0.05547381 0.05631564 0.02874533 0.06868854 0.06330736 0.04386568 0.06955111 0.06343981 0.05827434 0.06331114 0.04595717 0.06282411 0.04669739 0.05629676 0.04900382 0.04283444 0.03836080 0.03834964 0.06682339 0.04370231 0.04789684 0.04033099 0.05037363 0.06268079 0.05853310 0.05719310 0.06838752 0.08492202 0.04758147 0.06679829 0.02690350 0.07167027 0.03678392 0.07193326 0.07540607 0.05717509 0.05109944 0.04765672 0.07036724 0.05837999 0.06438000 0.05862718 0.04944045 0.06759655 
0.05810473 0.05150400 0.06129266 0.04578255 0.05648261 0.04795868 0.11871757 0.03731769 0.05600170 0.04127231 0.05375864 0.05159914 0.06825705 0.05208972 0.05686437 0.03500924 0.04926731 0.06722268 0.05890284 0.00000000 0.08399577 0.04808742 0.05563201 0.06771635 0.04963357 0.04345669 0.06632252 0.03652927 0.06488967 0.05496474 0.03058157 0.06979300 0.04226848 0.04928201 0.05370455 0.06367249 0.03506729 0.05899855 0.04833640 0.06751992 0.08543087 0.05001626 0.04321178 0.04684322 0.04734875 0.01247521 0.04829175 0.08183724 0.04925673 0.03082296 0.05594294 0.07287485 0.05543711 0.06112810 0.04544794 0.05946588 0.06145050 0.07715553 0.03892201 0.06231845 0.08161473 0.06438403 0.05172757 0.05234321 0.05000586 0.07171870 0.03183403 0.06845456 0.07846014 0.05648005 0.03621234 0.07623414 0.03157203 0.04353204 0.03691038 0.07045401 0.06041480 0.03906560 0.05750282 0.04307082 0.08158671 0.06127390 0.05361591 0.08005553 0.04551286 0.05216078 0.01004821 0.08451944 0.06741440 0.06647795 0.06079522 0.06288075 0.05063416 0.05236133 0.07303132 0.06707485 0.07395475 0.08248664 0.06370820 0.05252734 0.05747038 0.06616378 0.06629017 0.04400992 0.06838966 0.05973346 0.08075020 0.06113932 0.07499918 0.05197103 0.08016706 0.06734500 0.04992625 0.05670780 0.04970075 0.05824002 0.06920366 0.08656462 0.03621008 0.05405815 0.08218597 0.10562804 0.03895507 0.05185398 0.07509282 0.04711695 0.08776561 0.06006088 0.04629426 0.05984789 0.05232128 0.03922593 0.04521780 0.06656123 
0.04245137 0.03824733 0.06879125 0.06584972 0.05606880 0.07201150 0.07125655 0.04755418 0.05405346 0.07513088 0.02789873 0.07452661 0.04950365 0.03876534 0.08242457 0.06452565 0.04428450 0.06770165 0.15032179 0.08399577 0.00000000 0.04220553 0.06420321 0.07229233 0.06211612 0.04147465 0.05512225 0.04745935 0.07813913 0.05670329 0.07611230 0.08877437 0.05776921 0.03791900 0.04754937 0.04062538 0.02747594 0.08091271 0.08464874 0.07776140 0.05846757 0.02648631 0.07966055 0.02689040 0.05495817 0.02950436 0.05827177 0.06299377 0.06294842 0.07695871 0.06071663 0.04565565 0.08710242 0.08170453 0.05342117 0.07541773 0.05548566 0.03967561 0.04854131 0.06457044 0.05346507 0.05157476 0.04779512 0.05205117 0.05782357 0.05161538 0.03504043 0.05792363 0.05330977 0.05452755 0.05004001 0.06093848 0.04854289 0.05459815 0.05034572 0.06889500 0.03667742 0.07513185 0.07102342 0.06534539 0.01937591 0.07363616 0.05807066 0.04950439 0.02418199 0.07576794 0.03708077 0.08982312 0.05653518 0.02578599 0.06347077 0.07748202 0.04021553 0.07226393 0.07168481 0.05209567 0.05332209 0.07340245 0.05505119 0.05530340 0.05936346 0.03939947 0.03483702 0.06786703 0.05312227 0.03034805 0.06776836 0.05012374 0.07397746 0.06897871 0.03767603 0.05557159 0.05301965 0.06009008 0.05439244 0.06418295 0.08850154 0.05316291 0.04372471 0.01978113 0.05223573 0.08128746 0.06020287 0.06480401 0.06485953 0.03251249 0.08194756 0.06631034 0.03160996 0.05247425 0.06593378 0.03270624 0.05317533 0.05742920 
0.07129825 0.03590513 0.04391112 0.03141210 0.04521195 0.04850058 0.05767149 0.05259068 0.09360112 0.03827889 0.07721541 0.05107595 0.05054806 0.04010905 0.07118444 0.08507415 0.04350119 0.04700405 0.05719731 0.04808742 0.04220553 0.00000000 0.05567485 0.19207740 0.05919289 0.03690683 0.06206683 0.04489984 0.02838910 0.04942760 0.08581185 0.07525301 0.04518180 0.07670750 0.06004355 0.07690983 0.01851291 0.06881120 0.05821526 0.10164536 0.06077566 0.03379724 0.05563777 0.04232167 0.07079432 0.03485933 0.02500570 0.05978328 0.05220034 0.04054092 0.08677290 0.05223541 0.03583295 0.05012467 0.05295497 0.07347055 0.08555120 0.05732723 0.04409233 0.05964678 0.02987500 0.04240379 0.05054178 0.05168257 0.05482008 0.06262876 0.02055865 0.05503642 0.03710823 0.06160579 0.05765419 0.08444700 0.04922955 0.05567235 0.05659301 0.07202664 0.07737296 0.05580896 0.05764869 0.06569971 0.06800394 0.05784671 0.04466571 0.09094400 0.04536773 0.02374844 0.08068986 0.01623145 0.04030395 0.04484485 0.07271493 0.03981671 0.09059589 0.04779872 0.04186543 0.04634750 0.07642860 0.05286144 0.05829733 0.07637491 0.08450756 0.04898086 0.06829695 0.07693406 0.06254012 0.06498652 0.08318843 0.03813566 0.08789931 0.01846151 0.05178494 0.04765144 0.04557538 0.05652870 0.05558415 0.02729035 0.04660070 0.08588449 0.12311947 0.05929746 0.05069008 0.05240478 0.09260015 0.02788768 0.07846810 0.04202667 0.07800981 0.05402280 0.03927230 0.05609768 0.06933119 0.05311729 0.06823196 0.01965297 
0.01267523 0.04988160 0.09292122 0.04620912 0.02517132 0.10276507 0.03945179 0.03237030 0.05213490 0.05305503 0.06148395 0.06645220 0.05052907 0.07302437 0.07711035 0.03156265 0.06830988 0.03207160 0.03885082 0.05563201 0.06420321 0.05567485 0.00000000 0.05573280 0.05882382 0.07610403 0.04087542 0.04151899 0.08563312 0.05534427 0.06978189 0.06456851 0.06852776 0.05313361 0.07329591 0.04478718 0.08738841 0.06929853 0.04591551 0.03755349 0.04424300 0.04547164 0.08048668 0.05238045 0.05129834 0.04797156 0.04842700 0.07133099 0.05123736 0.06848797 0.05311764 0.04417371 0.03834120 0.07526729 0.03758406 0.04835777 0.06390555 0.08755789 0.08213344 0.06569481 0.05207119 0.04361659 0.07192244 0.05053732 0.05465304 0.04670354 0.04124230 0.04866334 0.04082292 0.06771433 0.06463558 0.05831746 0.05894335 0.05919040 0.07085235 0.05123130 0.04278852 0.05847855 0.05295036 0.07439229 0.03332341 0.07536765 0.05056119 0.05543500 0.05439014 0.07110144 0.05627674 0.08230086 0.05481802 0.05341252 0.04428443 0.06066694 0.03885020 0.05254615 0.06896515 0.04990340 0.05795610 0.04752122 0.03574335 0.07328473 0.05793204 0.05601598 0.05436193 0.06191089 0.05735415 0.04922808 0.06637884 0.04431511 0.05139863 0.03615841 0.06858998 0.07070880 0.09592621 0.07942427 0.06099036 0.06190280 0.06319467 0.06384985 0.05476227 0.05064557 0.03806933 0.10688785 0.05106864 0.04795095 0.04478183 0.03892082 0.05297631 0.03767036 0.04131037 0.05246380 0.05648109 0.05548981 0.02389945 0.05513691 
0.04571936 0.06616822 0.06310391 0.07740843 0.06249980 0.04464215 0.07058248 0.04670950 0.06905251 0.04162782 0.09447776 0.03233134 0.06239802 0.04026079 0.04369826 0.04703527 0.05250270 0.07440817 0.11467400 0.06771635 0.07229233 0.19207740 0.05573280 0.00000000 0.04101507 0.03868118 0.06058376 0.05459548 0.06680989 0.06772837 0.05610237 0.05364831 0.04996700 0.04008687 0.03799653 0.08265978 0.03538615 0.05488542 0.07405335 0.06854034 0.06129978 0.04769985 0.07317745 0.04788787 0.04256688 0.06735778 0.05323288 0.06003979 0.04743412 0.05869709 0.02815912 0.05719866 0.05970394 0.03190844 0.03869169 0.06873338 0.06353899 0.04872143 0.05038337 0.05315462 0.05352951 0.03445634 0.05952839 0.05820897 0.05300736 0.04839548 0.02836868 0.04312088 0.06139830 0.04685636 0.06355184 0.07251053 0.06968482 0.05222903 0.07849689 0.07750824 0.06188128 0.06864144 0.07207754 0.06581341 0.08130091 0.02699076 0.03444262 0.08712698 0.03854181 0.06247426 0.05543623 0.03884263 0.07250525 0.05326270 0.06286778 0.05286689 0.04635886 0.03395363 0.07026974 0.04063911 0.06931710 0.05831369 0.04032234 0.04084538 0.06738874 0.05981225 0.03825246 0.04371698 0.04861147 0.04408612 0.03654750 0.03765185 0.10166745 0.04585097 0.03745117 0.05911286 0.05093161 0.06732093 0.04898078 0.06266880 0.04987886 0.04837997 0.08447834 0.05281727 0.08583009 0.05741035 0.08704183 0.06034059 0.05736101 0.08409397 0.05522662 0.06486701 0.08586388 0.04742901 0.04334879 0.03435049 0.07447221 0.05604501 
0.04350898 0.07098348 0.07321602 0.05234139 0.05821667 0.06492243 0.07085297 0.04851289 0.06381990 0.07090423 0.03718194 0.07090932 0.04678747 0.10423589 0.07863877 0.07416062 0.07990573 0.06645852 0.04893377 0.04963357 0.06211612 0.05919289 0.05882382 0.04101507 0.00000000 0.09511041 0.06789806 0.06791502 0.04990516 0.06069231 0.04859459 0.06221358 0.04636268 0.04705835 0.04319704 0.06187155 0.06898638 0.03713680 0.06417114 0.05512941 0.07220844 0.10445388 0.03628362 0.06945103 0.07313838 0.08837876 0.06153944 0.08684593 0.07827039 0.04936556 0.03074282 0.05686867 0.06290609 0.07752299 0.05204650 0.05930623 0.05433353 0.04495779 0.05624658 0.04771227 0.03082560 0.06862505 0.05324639 0.05693915 0.05927231 0.04881241 0.08069742 0.05940893 0.06957969 0.05146035 0.04180266 0.05928895 0.05558109 0.05649748 0.05584768 0.05376517 0.03745345 0.06440910 0.05637744 0.04196988 0.05806330 0.05519514 0.05504767 0.02161148 0.06455591 0.05481824 0.04368641 0.05576985 0.05798878 0.05169255 0.06146977 0.06389769 0.05019166 0.04083787 0.02511654 0.06989538 0.05024953 0.04316076 0.03450827 0.07217629 0.04349376 0.05972449 0.07525872 0.05684486 0.06132437 0.03764238 0.03295026 0.05847038 0.04082717 0.05976128 0.05634997 0.04174262 0.05452879 0.05265176 0.06136187 0.04732742 0.05410195 0.04195866 0.02008335 0.04123353 0.04441029 0.08337014 0.09506081 0.06373581 0.08037600 0.05579858 0.04864651 0.07681785 0.04447928 0.06169742 0.05687533 0.06663323 0.06903834 0.06197398 
0.02811659 0.07048735 0.07312084 0.04437356 0.09450839 0.04166856 0.06363450 0.06117290 0.04477028 0.05386237 0.09374124 0.04397890 0.04476767 0.05929132 0.07236709 0.03916732 0.09984986 0.02293694 0.01842428 0.04345669 0.04147465 0.03690683 0.07610403 0.03868118 0.09511041 0.00000000 0.08609352 0.04055945 0.07551231 0.07655765 0.06724094 0.10272316 0.07160349 0.04204224 0.02917851 0.09474784 0.08657212 0.07114944 0.05950706 0.05954567 0.10779333 0.02209463 0.05052683 0.11459851 0.04225184 0.06137618 0.03773190 0.09294998 0.05827131 0.05102928 0.04462488 0.02778264 0.02831968 0.06022380 0.03634075 0.02688061 0.04323340 0.05567316 0.05671273 0.04344104 0.03268737 0.05654632 0.05846607 0.06153478 0.05489353 0.00921373 0.04823556 0.06458618 0.03670073 0.04387435 0.05375493 0.04063272 0.09031787 0.08268183 0.07334546 0.05215422 0.05239472 0.07699745 0.08613375 0.05192730 0.03312590 0.04441199 0.09068333 0.03004976 0.06157714 0.07796433 0.06780713 0.06983543 0.06782583 0.08088124 0.05295823 0.06918564 0.08655532 0.04016990 0.03899472 0.06111921 0.04662977 0.07765451 0.06757815 0.05609734 0.06015422 0.06212368 0.06292828 0.04098004 0.05033770 0.07572513 0.04727205 0.04938428 0.05173867 0.05769741 0.04540019 0.03990229 0.05489469 0.05817596 0.02904781 0.05368854 0.08805810 0.04997102 0.04736064 0.06255679 0.08900224 0.04599890 0.03032424 0.05525438 0.03918577 0.02955997 0.03605876 0.10042063 0.03935792 0.04737511 0.03436960 0.06002750 0.05034460 0.04323928 
0.05158095 0.05358250 0.06007208 0.05244695 0.09514660 0.06455443 0.07554166 0.06172308 0.05712285 0.07077192 0.07700453 0.07447841 0.05772112 0.06048474 0.06371649 0.06105976 0.09668973 0.06475836 0.06998316 0.06632252 0.05512225 0.06206683 0.04087542 0.06058376 0.06789806 0.08609352 0.00000000 0.08605761 0.07168258 0.04671496 0.04617897 0.06091411 0.08082161 0.02889084 0.01814529 0.06529698 0.05526959 0.06892173 0.06648018 0.08167846 0.09094034 0.07815085 0.05979272 0.04175930 0.07682009 0.04776615 0.04801906 0.03237315 0.06186564 0.03200204 0.07782693 0.05049787 0.03938680 0.04552351 0.05553892 0.04071270 0.05640692 0.02903918 0.04509471 0.04948862 0.01750855 0.06787673 0.04795249 0.05030610 0.05113575 0.04444813 0.03721743 0.07573807 0.05538534 0.04864941 0.08922801 0.06290896 0.06292042 0.10324616 0.07253814 0.05822411 0.04760572 0.07309210 0.05616514 0.04983375 0.03915906 0.08330132 0.04612491 0.03429008 0.05602090 0.07624855 0.06572561 0.07384907 0.05125212 0.05089884 0.04689075 0.05883809 0.07264084 0.03167386 0.05498444 0.03961551 0.06195514 0.05396176 0.06529125 0.04208667 0.05004885 0.09112145 0.05735730 0.05301698 0.06342292 0.05132721 0.03329961 0.05207265 0.04301653 0.04969551 0.04122226 0.02785589 0.04484699 0.03685281 0.04577154 0.03003687 0.06088807 0.09638824 0.08930049 0.04292121 0.01847566 0.05987787 0.05340232 0.03137407 0.06596414 0.06828051 0.04885872 0.06429086 0.06118663 0.06360648 0.06403361 0.08353662 0.05608209 0.02686941 
