0.00000000 0.32001791 0.29444434 0.27666668 0.19603095 0.15011394 0.19227854 0.14355660 0.13170997 0.19391052 0.12015131 0.13073223 0.17522161 0.16876649 0.17107712 0.17699859 0.16222165 0.15196679 0.16316077 0.11177728 0.12114040 0.12006222 0.12150856 0.14096241 0.15824613 0.10884225 0.12860040 0.13933434 0.06911168 0.25125950 0.20803203 0.10035183 0.12085170 0.10774968 0.06235705 0.10533240 0.13804205 0.10127617 0.11952269 0.13220167 0.13134994 0.12818020 0.15256716 0.14919807 0.12163895 0.16138855 0.17170120 0.15678277 0.15421980 0.10296301 0.13344792 0.12041307 0.10986830 0.08185354 0.15634549 0.07854654 0.08751934 0.09708280 0.13691817 0.06373091 0.11479370 0.14530946 0.10460182 0.06901444 0.10401108 0.10637172 0.07569835 0.10323417 0.06619823 0.10902578 0.11143078 0.14859217 0.14018224 0.14564224 0.06886037 0.14054737 0.08043091 0.08816652 0.12868146 0.06552494 0.07513336 0.08275239 0.08140283 0.14009989 0.12312879 0.06208423 0.13545729 0.08245773 0.09512016 0.05096120 0.04404532 0.17959768 0.10585304 0.13249062 0.05264501 0.13959633 0.10255641 0.12017522 0.13795549 0.14602583 0.13629864 0.09530829 0.07581737 0.10228105 0.06363144 0.09539231 0.06852455 0.17435192 0.13188539 0.13220479 0.08970689 0.07645030 0.10836312 0.08045240 0.12066778 0.10351104 0.12696030 0.11824862 0.09006125 0.09198881 0.15619042 0.10445546 0.18105247 0.06136917 0.10535440 0.08885318 0.07062735 0.14019399 0.09209540 0.08674537 0.08163872 0.10754941 0.10821129 0.14303160 0.13465112 0.12733387 0.14581809 0.12256055 0.11297757 0.13877636 0.11934898 0.10736905 0.13572466 0.13493522 0.12907317 0.06537533 0.15164339 0.13114909 0.14002456 0.11323362 0.14389064 0.12543010 0.14587819 0.12950816 0.14660112 0.14609222 0.15140753 0.12892654 0.14613929 0.14946532 0.14287473 0.11219607 0.12659672 0.12248627 0.15035389 0.09482731 0.14982348 0.14485207 0.16236188 0.15762206 0.17655258 0.17809903 0.15792488 0.12786494 0.15661017 0.15791940 0.15835155 0.17323939 0.16204788 0.17919273 0.18058587 0.13583339 
0.32001791 0.00000000 0.31944581 0.31976425 0.21971676 0.18393629 0.29189387 0.20259813 0.14129875 0.18151584 0.12133341 0.12456054 0.15132605 0.18131307 0.17435324 0.17711673 0.19576641 0.16492854 0.13971237 0.09108505 0.11933126 0.11151079 0.12320288 0.11698530 0.14554147 0.13422280 0.11861850 0.11471210 0.04907420 0.21613377 0.19535506 0.09886816 0.10842603 0.08165778 0.07359714 0.08878509 0.10125591 0.08208482 0.10622400 0.16723013 0.12006090 0.10924341 0.17590991 0.10868870 0.11704549 0.18000758 0.16435008 0.12055604 0.16149761 0.09189535 0.11226158 0.13360348 0.14402339 0.05789239 0.10525450 0.08273075 0.10468147 0.11133354 0.09926265 0.08218848 0.13514488 0.13740824 0.10654934 0.08927044 0.10715948 0.12348614 0.09406075 0.11254672 0.10325556 0.08732493 0.13091331 0.12014421 0.10174081 0.13597716 0.10269261 0.15015656 0.09294286 0.11013704 0.12807597 0.07035164 0.06456102 0.07703814 0.09266861 0.14176000 0.11477523 0.07970559 0.12747723 0.08438498 0.08080294 0.02996597 0.03456324 0.16590201 0.09230375 0.15036147 0.03700937 0.17846967 0.14335712 0.12541360 0.12563671 0.21126675 0.11605733 0.08489418 0.10177968 0.10567394 0.06884531 0.10913713 0.05499285 0.11971367 0.15423695 0.12195934 0.08237661 0.08442206 0.16799925 0.12504961 0.10341759 0.10381669 0.09350070 0.12018857 0.07397020 0.13281370 0.15140968 0.08528972 0.13215944 0.08115410 0.12352685 0.10347311 0.08345818 0.16769185 0.08439617 0.06647600 0.11662650 0.10497626 0.10895947 0.16336214 0.19863904 0.09311630 0.13088577 0.09766102 0.13844748 0.11641835 0.12833620 0.09681830 0.16321782 0.14245434 0.11898677 0.10780248 0.15000649 0.13411735 0.13443435 0.14443494 0.12590168 0.13408947 0.12456763 0.12239770 0.12830585 0.15027739 0.12611842 0.09957714 0.12370318 0.12727222 0.12790375 0.11403591 0.13200675 0.09719086 0.11393151 0.10056952 0.13786809 0.12793635 0.14388919 0.19574269 0.14698163 0.15378219 0.16311518 0.12215711 0.16809539 0.14874733 0.15388567 0.16344570 0.16954643 0.19392863 0.16407319 0.13138771 
0.29444434 0.31944581 0.00000000 0.30042766 0.25231214 0.20988101 0.22891964 0.16255445 0.20570135 0.19696184 0.13007614 0.16017882 0.16556332 0.16265859 0.17454069 0.17702765 0.19835248 0.13099823 0.13446722 0.10361745 0.15271415 0.09194560 0.09124377 0.10827422 0.14547181 0.11532686 0.11747847 0.11384477 0.09173091 0.21110513 0.14563667 0.12604955 0.09239599 0.06586069 0.05599999 0.11490118 0.09468127 0.09626722 0.09686534 0.12660514 0.13308105 0.17205478 0.14360717 0.15585895 0.11243085 0.19044123 0.15697464 0.12896280 0.14484652 0.13440103 0.13798123 0.13091851 0.11136948 0.09694587 0.13967311 0.07539603 0.09420529 0.09409896 0.08332636 0.09865494 0.07989538 0.12280856 0.08449562 0.14188126 0.12226399 0.11010912 0.07176848 0.09405134 0.11529733 0.10618957 0.12365489 0.11379815 0.10774216 0.12412432 0.08827324 0.11517291 0.12416529 0.12845498 0.16535086 0.08418738 0.11685314 0.09670953 0.08044206 0.11076979 0.11744441 0.13179367 0.08756169 0.09500535 0.11036380 0.11641029 0.06100294 0.15034697 0.15004986 0.13753918 0.06456198 0.15965441 0.14963195 0.06908076 0.11691708 0.20674954 0.13314081 0.08975594 0.08701593 0.11716675 0.08037564 0.10920929 0.09961794 0.17138062 0.10144782 0.10405609 0.09914874 0.12014154 0.14316122 0.11083246 0.13121347 0.11336069 0.13267115 0.11238736 0.07595309 0.08843643 0.15527806 0.06756498 0.11044770 0.08499458 0.12191140 0.12626847 0.05466069 0.11050856 0.09457180 0.11357666 0.09407888 0.09822994 0.13569542 0.11068995 0.09755795 0.12750860 0.12179053 0.11569382 0.12978343 0.09215343 0.12738624 0.15544203 0.10403703 0.11582102 0.10515909 0.09892178 0.17131298 0.13946104 0.15733105 0.15182009 0.12971234 0.10591971 0.09566872 0.08503321 0.14288051 0.13889254 0.10502319 0.10423482 0.12928584 0.11308477 0.14955644 0.09041021 0.10656567 0.15474419 0.11165239 0.10387007 0.13214931 0.10569888 0.12098243 0.18576712 0.15647077 0.13150342 0.14979271 0.12427579 0.15516803 0.14957206 0.16410106 0.18226837 0.17693062 0.19542662 0.16958781 0.13116009 
0.27666668 0.31976425 0.30042766 0.00000000 0.28834258 0.27427979 0.25010697 0.20064392 0.20374491 0.22542739 0.15132979 0.19016994 0.21510888 0.16711946 0.19139740 0.16033410 0.16761663 0.16670433 0.12123958 0.09645275 0.14743551 0.09007816 0.11624836 0.13181819 0.15973146 0.12195468 0.13567004 0.07475544 0.04196284 0.27681701 0.18501673 0.14378571 0.13633158 0.12843528 0.08550297 0.09500352 0.10130718 0.08540073 0.11592453 0.13283084 0.11536276 0.11023570 0.16730423 0.09903315 0.11112532 0.17982041 0.15305537 0.12305909 0.15558495 0.12301501 0.12640338 0.09765330 0.14498358 0.07381058 0.11356959 0.07581491 0.12146681 0.10264989 0.07965890 0.10475966 0.10187726 0.16222075 0.10320181 0.11222571 0.12166469 0.12191684 0.07043875 0.12891697 0.10431036 0.12611627 0.10632845 0.13697575 0.08920215 0.15386079 0.06608666 0.11805000 0.08170372 0.09817841 0.10617594 0.07386912 0.07799885 0.10631012 0.08504713 0.10024264 0.11204039 0.08351990 0.12108321 0.09252770 0.12402056 0.12659556 0.03858913 0.12201563 0.10854865 0.10785955 0.06478168 0.16068892 0.13702255 0.08414464 0.10784930 0.17989369 0.09098291 0.08530596 0.10660723 0.09323350 0.08778297 0.13331363 0.08204962 0.10587265 0.08762405 0.11932487 0.09256740 0.10850576 0.14491625 0.12815250 0.13876265 0.12103737 0.12580386 0.11627609 0.06643866 0.09291969 0.15759032 0.06291590 0.12194240 0.09468032 0.12384192 0.06560548 0.05549722 0.13459941 0.10909853 0.08011271 0.08629053 0.12263465 0.12580815 0.09775689 0.09592731 0.13184819 0.16815645 0.13526364 0.12271234 0.09555605 0.14044723 0.10957465 0.15615804 0.17433889 0.14979463 0.11671272 0.13114745 0.12570783 0.14677503 0.11377785 0.12635402 0.15797634 0.14222951 0.11689280 0.14421650 0.13643791 0.08773259 0.07944756 0.08724229 0.18904769 0.12077226 0.11674879 0.12608080 0.12444621 0.12249460 0.09037822 0.13761059 0.12830560 0.13039176 0.15796364 0.11669522 0.13869618 0.13257693 0.12669290 0.14837384 0.12595878 0.14197201 0.16399318 0.16821742 0.17651993 0.17508122 0.13059427 
0.19603095 0.21971676 0.25231214 0.28834258 0.00000000 0.42251408 0.31119971 0.24720964 0.18928889 0.18526048 0.16213133 0.18531058 0.18898930 0.21699490 0.22713548 0.14578722 0.18201159 0.18078203 0.13494556 0.13381715 0.15993057 0.07831334 0.14911549 0.08828943 0.17228315 0.30449024 0.08294499 0.19420708 0.19128302 0.14643958 0.11921988 0.09572776 0.14966182 0.10809303 0.05134960 0.19091320 0.12470984 0.07677303 0.11038148 0.11775552 0.07182793 0.12670361 0.15040553 0.12380722 0.10684353 0.18346753 0.15631165 0.09141808 0.14657338 0.09654696 0.14992988 0.09758905 0.09606048 0.13478546 0.11913427 0.12035008 0.12392780 0.13237940 0.08349860 0.08404541 0.11729110 0.12450927 0.07151335 0.11869683 0.12259107 0.12017970 0.10676343 0.12962192 0.12072852 0.10806938 0.10110468 0.11811277 0.11723709 0.10364264 0.06631607 0.08449185 0.09383634 0.09792592 0.12263892 0.07935854 0.08766229 0.12553652 0.08633232 0.13084327 0.10359383 0.05855754 0.12715673 0.07752631 0.11147080 0.07457732 0.08724994 0.10882585 0.11934769 0.12919447 0.13560043 0.10380938 0.13697985 0.08779280 0.10833918 0.20107871 0.12580742 0.14272371 0.09379474 0.10683470 0.05880495 0.07779984 0.04380035 0.11777728 0.10664734 0.10348016 0.06017908 0.13286130 0.08141389 0.11988281 0.12416961 0.11100046 0.12431462 0.08566032 0.09919767 0.07361408 0.15976935 0.08389337 0.13857420 0.04228965 0.09898811 0.09988820 0.08970082 0.11761160 0.10398111 0.05843621 0.09134967 0.13750860 0.13064066 0.16557586 0.13057260 0.17318816 0.08741092 0.13887464 0.07649314 0.14548745 0.12950929 0.14518473 0.11935041 0.13907107 0.12746753 0.07734428 0.09212449 0.10768289 0.14013209 0.15156817 0.11934301 0.18437058 0.10870284 0.13019297 0.14228331 0.23248269 0.10810616 0.09839502 0.14729636 0.12498809 0.11030449 0.07444343 0.10868438 0.11391572 0.08723453 0.09427072 0.14026749 0.13299030 0.11534707 0.17546122 0.12561038 0.10637364 0.20177357 0.15661114 0.10158092 0.12485549 0.12286833 0.12153065 0.13373072 0.13911257 0.14302186 0.12768955 
0.15011394 0.18393629 0.20988101 0.27427979 0.42251408 0.00000000 0.59141748 0.28363864 0.20465412 0.19391139 0.18873312 0.17633672 0.20416469 0.24520046 0.15041314 0.15273659 0.23709194 0.19625961 0.13820742 0.09549842 0.13030243 0.05737395 0.08213651 0.09397859 0.13907767 0.42458557 0.09760344 0.14505975 0.58253752 0.25366385 0.24545737 0.12626700 0.11770017 0.07265761 0.07215567 0.31566532 0.11148193 0.09751713 0.09056218 0.06509904 0.13437693 0.13763557 0.09061859 0.07705276 0.06758240 0.13601239 0.16696514 0.13623766 0.16234653 0.12125383 0.13651833 0.08996717 0.16747591 0.09932813 0.09279258 0.12632218 0.08115163 0.08542101 0.10750504 0.11138504 0.07680794 0.14350289 0.09454690 0.09997172 0.12609220 0.13541827 0.08132159 0.09483504 0.09156824 0.09586153 0.09358588 0.12450678 0.11576289 0.11916186 0.05270455 0.08524569 0.07136080 0.08329679 0.09875388 0.07301775 0.07381293 0.03882947 0.08197591 0.09659798 0.09127864 0.10681167 0.11693069 0.06872308 0.10552588 0.06158501 0.04334224 0.12965023 0.21808772 0.08902065 0.08818418 0.09691050 0.09101250 0.06900081 0.13364081 0.10805094 0.12620189 0.12759644 0.11234049 0.12592694 0.08679696 0.09255110 0.05811810 0.09860408 0.16096033 0.13666559 0.05990126 0.13361553 0.12517508 0.13076239 0.15366334 0.07551234 0.13294015 0.08323578 0.06531510 0.13250581 0.11697646 0.08140445 0.18560114 0.12385676 0.07119053 0.05712586 0.07478333 0.10160969 0.11290009 0.10675859 0.07952131 0.14909207 0.14921456 0.10462235 0.17871126 0.15317293 0.12396734 0.14413689 0.12579997 0.13557412 0.11547172 0.10751063 0.09565587 0.15533310 0.15301352 0.05668814 0.12346803 0.11835615 0.07940232 0.09425700 0.12834283 0.11664716 0.09786155 0.07745669 0.12342395 0.13273858 0.09075066 0.09786994 0.10470834 0.11069083 0.10445681 0.14671495 0.11453893 0.12563466 0.08312967 0.04571474 0.13409889 0.11439116 0.12772386 0.15820520 0.12458167 0.11902794 0.14913400 0.12619021 0.10169320 0.09421334 0.10797986 0.09559437 0.12806936 0.13065772 0.13233856 0.12502641 
0.19227854 0.29189387 0.22891964 0.25010697 0.31119971 0.59141748 0.00000000 0.33953287 0.31390406 0.26486592 0.17847887 0.21294752 0.20459423 0.23721962 0.21712546 0.20457248 0.20341242 0.17727598 0.16295423 0.06578829 0.14219135 0.08635298 0.10136338 0.09701951 0.18688083 0.27961269 0.07013163 0.12613015 0.43611745 0.21574779 0.14931537 0.09905401 0.10978321 0.14825724 0.07421980 0.27473096 0.22981505 0.07262594 0.08712518 0.33373197 0.16106935 0.07006874 0.13466772 0.16880026 0.07536716 0.18552554 0.18110026 0.13262976 0.19591215 0.11081019 0.14024559 0.12006633 0.12288459 0.09138937 0.16357626 0.13506618 0.08291080 0.13322647 0.09468264 0.06435233 0.08020134 0.15117699 0.06638338 0.07750844 0.12316735 0.13075918 0.06587458 0.12406777 0.05627506 0.05294209 0.09082624 0.12254677 0.09459193 0.09867407 0.02501949 0.09668898 0.10196818 0.04437569 0.14808963 0.05711017 0.08191235 0.03130816 0.03125370 0.08968913 0.07101293 0.06614977 0.09575855 0.02476943 0.07732744 0.05312700 0.03911409 0.14754683 0.08672898 0.07559400 0.07023246 0.15852528 0.07139363 0.11071962 0.12684328 0.15509234 0.10674537 0.10668899 0.05513886 0.07800816 0.04573104 0.07167420 0.04080233 0.11400208 0.10315158 0.16397971 0.04191356 0.06869699 0.09607810 0.11115103 0.11726879 0.11095243 0.13224983 0.08323321 0.04199515 0.07934488 0.11747592 0.09667611 0.16624100 0.00379912 0.10508586 0.12700156 0.01457107 0.16633512 0.08538225 0.06163077 0.02691523 0.09325945 0.13450366 0.08489422 0.13631836 0.06969224 0.11417777 0.11838158 0.11414046 0.15228018 0.11349974 0.07262493 0.12578775 0.13872304 0.10393114 0.04977285 0.15444994 0.18085384 0.12724185 0.09814016 0.10800859 0.11614035 0.06610770 0.05479697 0.13543477 0.14218558 0.10952279 0.09842463 0.13275383 0.07572870 0.14351004 0.08260139 0.17717138 0.09783017 0.18914939 0.06938067 0.28437611 0.12606995 0.16251952 0.16568077 0.18060964 0.13970136 0.16731573 0.13216550 0.12385308 0.15893448 0.15003134 0.13856896 0.16245309 0.15665212 0.15333271 0.12772785 
0.14355660 0.20259813 0.16255445 0.20064392 0.24720964 0.28363864 0.33953287 0.00000000 0.23136813 0.29707466 0.21338811 0.17238820 0.19429993 0.25137991 0.19839211 0.22414696 0.16983762 0.21205314 0.14039237 0.12467801 0.14198782 0.08510350 0.09030120 0.37522205 0.13074301 0.30967316 0.10055779 0.15506337 0.25370248 0.08713256 0.16117071 0.09085606 0.10176554 0.17715436 0.07281521 0.19249026 0.10804112 0.07853135 0.06395332 0.10980800 0.12075618 0.15776282 0.18177281 0.07004161 0.02523388 0.16802230 0.18976763 0.19852047 0.15623948 0.12955824 0.09992569 0.09376760 0.12536334 0.04572218 0.17227196 0.15883417 0.07155269 0.11202294 0.07344694 0.09457264 0.05794694 0.17023180 0.09818086 0.13879264 0.16137378 0.14614626 0.05343361 0.10568982 0.06983569 0.08927369 0.13463201 0.14562314 0.10283067 0.10807397 0.04806020 0.11573434 0.06186300 0.14402795 0.14575659 0.08065336 0.16044348 0.08074033 0.06436538 0.17476614 0.05119122 0.04559968 0.14695210 0.03420108 0.08566311 0.06543008 0.01699035 0.08531463 0.11201245 0.05074713 0.04243134 0.10926751 0.15372008 0.11752775 0.03898731 0.13919357 0.08822547 0.12091584 0.05751655 0.12262699 0.04875440 0.07635388 0.02993169 0.11989736 0.08570122 0.09920327 0.04239534 0.08483215 0.16466900 0.08763648 0.13224583 0.13083022 0.09540388 0.09485357 0.14618401 0.11836909 0.15889955 0.15366139 0.08667495 0.09483429 0.10015162 0.09476105 0.02804609 0.06062966 0.08572442 0.13261448 0.11380205 0.10292007 0.13496190 0.14558364 0.10860278 0.29535477 0.19603616 0.11964190 0.12264632 0.13662112 0.08694617 0.15001232 0.13367175 0.11925161 0.07899788 0.02131184 0.13053945 0.10892101 0.10040075 0.10026013 0.12836375 0.13476534 0.17979788 0.12282056 0.20356351 0.20319220 0.06939487 0.11038603 0.12892304 0.17069469 0.12151143 0.07157048 0.10942939 0.16315761 0.09036412 0.04689913 0.25701790 0.23276767 0.18471515 0.18867544 0.13628168 0.11992495 0.16293599 0.16044682 0.08804705 0.12869697 0.12216169 0.15466286 0.15205993 0.14257009 0.14509945 0.13453726 
0.13170997 0.14129875 0.20570135 0.20374491 0.18928889 0.20465412 0.31390406 0.23136813 0.00000000 0.27792200 0.37327585 0.31861921 0.25058771 0.23974428 0.23557368 0.21631340 0.18693047 0.17803990 0.12883132 0.15761454 0.14072360 0.10888426 0.13116968 0.14830451 0.27636058 0.06393240 0.14007849 0.16685894 0.12811734 0.05942823 0.11792194 0.13138301 0.10783084 0.13293318 0.08481075 0.17540303 0.15188921 0.08207376 0.09818478 0.26378072 0.16347654 0.09639413 0.33887613 0.17278715 0.04854084 0.23715314 0.12441077 0.14709286 0.09984416 0.07858721 0.17776408 0.11250342 0.16501192 0.08320437 0.18897823 0.11311411 0.09895867 0.08321290 0.09785494 0.07711312 0.06720936 0.09929501 0.09090098 0.06712861 0.13110832 0.13416300 0.11934520 0.14811442 0.09009637 0.06290287 0.15465469 0.13313111 0.10393062 0.11811575 0.03701849 0.09811660 0.05287441 0.12362139 0.09318731 0.05986646 0.19176587 0.07643541 0.12524491 0.09582657 0.12068025 0.06212363 0.09804530 0.07222378 0.10069326 0.15217416 0.03897499 0.13305773 0.11829386 0.13663426 0.07177296 0.09524063 0.06652356 0.11364494 0.10835524 0.10004920 0.15314359 0.08914277 0.08163063 0.13345896 0.09154454 0.08910213 0.09370093 0.22111773 0.11390214 0.10932806 0.06015546 0.09104135 0.08732285 0.11217805 0.19417684 0.11095252 0.11707395 0.10316797 0.08758260 0.11099992 0.09365361 0.10481615 0.05903938 0.15937321 0.12095705 0.06484665 0.07538024 0.15128734 0.07689317 0.14240484 0.08319805 0.16609336 0.11689056 0.12588405 0.17936017 0.10264382 0.12071076 0.11987234 0.10766371 0.13314136 0.16877650 0.09247505 0.06834334 0.10999611 0.15827963 0.04089083 0.09286429 0.07735607 0.13056178 0.04801064 0.07982252 0.08491888 0.09184509 0.10069915 0.11435558 0.14997924 0.09971301 0.14167919 0.09330754 0.11370003 0.11973789 0.12222657 0.09930103 0.14550434 0.13919159 0.08307525 0.20361207 0.17505945 0.15654661 0.15200923 0.15065166 0.14637697 0.13634369 0.11388654 0.10956558 0.13125960 0.12111552 0.10884232 0.13248242 0.12061815 0.13144632 0.12400299 
0.19391052 0.18151584 0.19696184 0.22542739 0.18526048 0.19391139 0.26486592 0.29707466 0.27792200 0.00000000 0.32933842 0.44118486 0.33657172 0.28178762 0.23255305 0.17108944 0.17449667 0.14475207 0.18375145 0.08916526 0.17188189 0.29181226 0.10850970 0.19576585 0.10808791 0.07682383 0.12178911 0.06621885 0.11881428 0.12932508 0.06497618 0.15414625 0.11018931 0.07901586 0.08693990 0.07747441 0.08296818 0.10544333 0.10753234 0.12358063 0.10851861 0.12344716 0.13408948 0.14647072 0.10508579 0.14832263 0.16572814 0.13281877 0.17606156 0.11636016 0.13642652 0.25665269 0.13408536 0.08891523 0.11949023 0.11367662 0.10400877 0.09725576 0.08666776 0.13965673 0.09800828 0.12924937 0.12059710 0.09038543 0.14227082 0.16584977 0.06228559 0.10728452 0.07628955 0.08133896 0.12104650 0.16662019 0.09403259 0.04865961 0.08910553 0.04667040 0.10296212 0.08095585 0.10665397 0.04706956 0.09254968 0.04435774 0.04218314 0.11317636 0.13818223 0.06191537 0.15357306 0.06089394 0.07994026 0.08242059 0.08920411 0.10958722 0.14435110 0.12364108 0.04269134 0.05644627 0.06771427 0.11108107 0.11233708 0.11060714 0.07210476 0.16486473 0.11131697 0.14302214 0.06852638 0.10342015 0.07915825 0.11221221 0.12201053 0.07096610 0.05739309 0.09010210 0.11105880 0.14851462 0.10279893 0.11481667 0.08679549 0.12371274 0.09356137 0.08206750 0.17856464 0.12109559 0.08731191 0.08804528 0.09787888 0.12134986 0.05158958 0.10723051 0.15185594 0.10994269 0.08275045 0.10494719 0.09757379 0.09141780 0.14297343 0.15439072 0.12067095 0.14072388 0.11368487 0.12739382 0.08827919 0.15184926 0.10305113 0.11410294 0.06812700 0.09038051 0.13106643 0.08260810 0.06442886 0.09009050 0.12383223 0.08236773 0.07017671 0.09578896 0.08078994 0.11360585 0.12866838 0.09878806 0.11376762 0.09533217 0.07393152 0.09421537 0.11038940 0.36299383 0.13920383 0.41353125 0.14283183 0.23101860 0.16467188 0.17569243 0.15955324 0.16354697 0.12767080 0.17062699 0.13695569 0.12748140 0.12663490 0.12599653 0.15270929 0.14698122 0.15936128 0.13282977 
0.12015131 0.12133341 0.13007614 0.15132979 0.16213133 0.18873312 0.17847887 0.21338811 0.37327585 0.32933842 0.00000000 0.36249195 0.30475075 0.22791236 0.29189709 0.19214474 0.22644889 0.14440792 0.20557379 0.10778111 0.25258296 0.16358603 0.21378654 0.17550493 0.51428978 0.05003676 0.09189895 0.10129489 0.18477765 0.10728856 0.04840080 0.11984808 0.11098637 0.11649846 0.08879596 0.12252471 0.08165365 0.08954783 0.12840957 0.18288511 0.11030570 0.09206737 0.19855258 0.09613797 0.11408557 0.14671845 0.24160390 0.13734860 0.20110596 0.05999675 0.22771381 0.15931414 0.14025276 0.08156774 0.14065968 0.10687717 0.08506655 0.16313877 0.06745661 0.13737801 0.07736773 0.06948256 0.10980240 0.13830531 0.13816419 0.12304445 0.14376034 0.09642568 0.09101791 0.17043565 0.09148847 0.12115603 0.10198372 0.02989987 0.04503804 0.09046540 0.07594505 0.13556540 0.12406280 0.07487620 0.14317717 0.14643482 0.09572460 0.09955388 0.04169855 0.07304660 0.03074838 0.04334775 0.11926499 0.08967764 0.10546816 0.15527699 0.05179744 0.07617133 0.07009214 0.09257615 0.01023989 0.06331362 0.12517024 0.09910670 0.25070103 0.13903280 0.12528540 0.11895894 0.08791915 0.08985993 0.08595866 0.13853756 0.06831425 0.10764802 0.05885641 0.08681002 0.06783749 0.11953118 0.15797996 0.14995682 0.23918936 0.13650186 0.08172066 0.12992287 0.09729748 0.11249106 0.09883601 0.06741772 0.14731547 0.07795374 0.07018028 0.07849591 0.12552593 0.09512873 0.08088612 0.09153012 0.14808280 0.06065223 0.11063187 0.08263741 0.09219562 0.12568858 0.11889380 0.12438340 0.15192198 0.13942823 0.08141044 0.10733600 0.11652971 0.05821194 0.10171914 0.08268084 0.08239876 0.18482371 0.13062963 0.17931950 0.06903031 0.06544093 0.10589701 0.13677294 0.16283877 0.08780895 0.09941678 0.09256363 0.13242594 0.12018085 0.10186880 0.10483333 0.21730970 0.09383810 0.12794344 0.19030839 0.20152036 0.18990787 0.18297415 0.15328276 0.11406628 0.12587840 0.11911451 0.13472006 0.11008247 0.12411908 0.14259960 0.11959948 0.11235962 0.12431257 
0.13073223 0.12456054 0.16017882 0.19016994 0.18531058 0.17633672 0.21294752 0.17238820 0.31861921 0.44118486 0.36249195 0.00000000 0.36243464 0.22088029 0.29006037 0.25061627 0.18290760 0.15093678 0.20724093 0.21307452 0.21151106 0.61463135 0.11186623 0.14681976 0.15224498 0.08081925 0.10215539 0.07176450 0.07939163 0.12268377 0.07636714 0.07751990 0.13553991 0.14807098 0.11265251 0.12770060 0.16521964 0.13324542 0.10899451 0.12206896 0.07134863 0.08779154 0.08143513 0.09783688 0.07034234 0.15067346 0.20594637 0.13703291 0.11715805 0.08061838 0.14645777 0.07625964 0.08921249 0.11631690 0.11936452 0.15193672 0.12107863 0.11772315 0.12163572 0.06849668 0.11050342 0.15215611 0.10267518 0.09979627 0.13008601 0.13107493 0.08563685 0.12149502 0.11735128 0.09376306 0.07752417 0.13855654 0.08717476 0.06110423 0.07357571 0.12673377 0.07280554 0.08046535 0.07491919 0.05799196 0.06183406 0.06484030 0.07511167 0.08620464 0.12049464 0.10909677 0.14474431 0.08985896 0.08020896 0.12675620 0.09766146 0.11741401 0.07116888 0.08645248 0.13274593 0.10069283 0.10186599 0.09956806 0.06633810 0.13623405 0.11402902 0.11410317 0.09364092 0.13291148 0.08687362 0.08425192 0.06126032 0.14879351 0.10260048 0.13169793 0.09946654 0.12416158 0.09997436 0.15013487 0.16333335 0.11439838 0.14527536 0.07803497 0.11794719 0.11612982 0.15249436 0.07133231 0.09474421 0.10590852 0.10654557 0.09988028 0.10931922 0.06867418 0.10442536 0.09086153 0.07992187 0.12436572 0.12588407 0.04765071 0.13130592 0.13464968 0.11793243 0.10516759 0.14855951 0.09460687 0.15284926 0.12895493 0.09286621 0.06387741 0.13885253 0.07317470 0.18080562 0.13200068 0.12316629 0.10848895 0.08033134 0.09147585 0.08031877 0.06180644 0.08474764 0.13596222 0.13967259 0.09084196 0.12570211 0.11133649 0.19996399 0.13519360 0.22521580 0.17765419 0.13493944 0.24466189 0.16660645 0.25536274 0.11753857 0.10261755 0.13095525 0.12535667 0.10077219 0.10199077 0.10623861 0.12203648 0.09633384 0.10625883 0.12277458 0.12332312 0.13347950 0.12506718 
0.17522161 0.15132605 0.16556332 0.21510888 0.18898930 0.20416469 0.20459423 0.19429993 0.25058771 0.33657172 0.30475075 0.36243464 0.00000000 0.25439648 0.29797819 0.20188068 0.20439629 0.18090270 0.19647634 0.13049877 0.18751993 0.10785571 0.43949365 0.09636370 0.14436055 0.15041211 0.14557864 0.03461563 0.14118567 0.04638703 0.12016633 0.11595659 0.11110554 0.09868081 0.06224121 0.09384184 0.10592151 0.09767841 0.11228898 0.09791507 0.10414001 0.08855902 0.13176828 0.09089171 0.06104716 0.17124325 0.26553997 0.11629390 0.19258173 0.11902478 0.12208605 0.12559423 0.13459398 0.10593693 0.18384713 0.40912768 0.10367675 0.09393284 0.10026972 0.07310433 0.10132304 0.18630793 0.07266503 0.10419967 0.22118269 0.15001486 0.08128721 0.13584870 0.07699743 0.12127164 0.15863964 0.12593524 0.06322505 0.06136993 0.07460185 0.09785843 0.08238615 0.10660112 0.08529068 0.08863897 0.07851401 0.05153589 0.06225390 0.07019701 0.10138162 0.05701631 0.08221830 0.11897115 0.10917727 0.07222912 0.09785178 0.17863050 0.11198206 0.06471256 0.10702255 0.07561733 0.13191715 0.10373098 0.07808515 0.11839766 0.06802410 0.09530703 0.08644973 0.07033786 0.07337395 0.13823716 0.08057935 0.11904891 0.11665376 0.07037512 0.05092689 0.13094618 0.06606983 0.10888469 0.13190469 0.09629094 0.09809585 0.08641057 0.08069737 0.08480259 0.04427277 0.14278697 0.11289584 0.13111863 0.07939419 0.05464861 0.08552712 0.12747344 0.07807928 0.08726591 0.07684202 0.09606283 0.12939060 0.08739185 0.14623765 0.13936397 0.08443101 0.13530672 0.15336974 0.17676524 0.17323584 0.11183558 0.11155817 0.20751307 0.27762544 0.15343721 0.20033319 0.13436535 0.08208694 0.12719370 0.06823391 0.07979274 0.11123930 0.12494169 0.11099055 0.16535447 0.14115743 0.05502533 0.17074650 0.22719233 0.09690244 0.16531269 0.12074625 0.09559687 0.13764977 0.10157083 0.08266357 0.14163754 0.08642239 0.17203304 0.14414743 0.12708298 0.12879272 0.10832742 0.10858872 0.12572220 0.13439869 0.13603808 0.13360986 0.12351332 0.16035815 0.13620152 
0.16876649 0.18131307 0.16265859 0.16711946 0.21699490 0.24520046 0.23721962 0.25137991 0.23974428 0.28178762 0.22791236 0.22088029 0.25439648 0.00000000 0.31366385 0.37286622 0.59189787 0.26074489 0.36936486 0.22824063 0.23594988 0.06545569 0.08204346 0.12662097 0.16637646 0.18128823 0.07297722 0.05373910 0.13349597 0.07018510 0.10639097 0.17054174 0.11959078 0.11203260 0.05062440 0.10085806 0.08819794 0.08658130 0.11493147 0.10708881 0.09005375 0.03880944 0.07592921 0.12312653 0.04384160 0.17605060 0.19919102 0.15634961 0.18006297 0.09759849 0.16835745 0.13812051 0.12354302 0.15898785 0.13296014 0.10933498 0.08222975 0.14271058 0.07642173 0.05432836 0.07103402 0.17053723 0.10674190 0.05030903 0.16140024 0.11831856 0.04463314 0.12277147 0.09198738 0.08674726 0.07678263 0.11578037 0.08875319 0.10205959 0.01860250 0.10204342 0.07160841 0.05004649 0.10848591 0.02245475 0.05994622 0.02143676 0.08326116 0.15805262 0.10748066 0.06986947 0.12654265 0.06067767 0.10248217 0.06934298 0.04618504 0.09068581 0.10471022 0.13439579 0.02657395 0.15744557 0.04627193 0.08801189 0.09225662 0.12116594 0.07604577 0.08314647 0.08548840 0.09301840 0.07483719 0.07974516 0.04202428 0.07666404 0.10821263 0.11008852 0.07047330 0.07031366 0.10926532 0.08062947 0.11363462 0.11492306 0.19863574 0.06091950 0.00000000 0.14409690 0.14439045 0.04286541 0.07151942 0.05002016 0.09462249 0.08504713 0.05318289 0.11279287 0.11677173 0.01000081 0.10415384 0.10714642 0.09011628 0.16644244 0.10241565 0.10208472 0.08590281 0.10216973 0.11655020 0.14216970 0.11790251 0.11791883 0.18408481 0.05541541 0.12650397 0.10862949 0.15058381 0.09459399 0.13621166 0.12451704 0.18552536 0.15401522 0.13813533 0.08783630 0.18880433 0.16917877 0.10719927 0.22561217 0.19941359 0.14844335 0.34841097 0.10387412 0.71267263 0.13258859 0.10904709 0.08587090 0.16138988 0.13550255 0.17888821 0.18236553 0.10896752 0.11728940 0.12957453 0.08920454 0.07051968 0.10716103 0.14355609 0.14488921 0.17384966 0.16345130 0.14105717 0.12901643 
0.17107712 0.17435324 0.17454069 0.19139740 0.22713548 0.15041314 0.21712546 0.19839211 0.23557368 0.23255305 0.29189709 0.29006037 0.29797819 0.31366385 0.00000000 0.36317734 0.36589092 0.22480597 0.17967670 0.85653652 0.19103897 0.10479649 0.13152737 0.14532141 0.15540240 0.10244681 0.06983421 0.17722458 0.09425460 0.13862599 0.07922421 0.07269765 0.11659023 0.08982773 0.02102456 0.13054044 0.08187222 0.03711143 0.10659062 0.08043445 0.08849731 0.10051265 0.14082260 0.05043901 0.09530502 0.20083302 0.24242649 0.17172857 0.18319467 0.11693629 0.09658472 0.09666360 0.08199746 0.09181514 0.09519585 0.09196697 0.08234324 0.11100801 0.13483863 0.10641899 0.09936840 0.08331118 0.09592271 0.07772512 0.15794203 0.11671677 0.06600967 0.13130499 0.04472224 0.08423839 0.08655456 0.14573482 0.11012661 0.11645976 0.07990212 0.09613318 0.13020128 0.10102774 0.18084945 0.08310819 0.06617340 0.07049301 0.03777903 0.13761079 0.10015171 0.07748674 0.07267922 0.05894379 0.10193686 0.02770608 0.03589795 0.14381715 0.12953178 0.11526792 0.02712325 0.13973876 0.10144177 0.08642706 0.12547153 0.11097809 0.05592360 0.03915428 0.08661950 0.12730988 0.07417863 0.13497045 0.04567194 0.12928959 0.08536731 0.08298435 0.04025798 0.13041277 0.04148544 0.13513596 0.11815961 0.07820980 0.13093815 0.03558547 0.06760678 0.12645192 0.13510135 0.08412576 0.09707920 0.04879344 0.13031312 0.04363439 0.13270412 0.14323973 0.07260441 0.07978685 0.11016674 0.10301955 0.12638067 0.12285111 0.14928781 0.15239183 0.10579764 0.15586793 0.11071378 0.13348811 0.09298177 0.14621540 0.12222479 0.22645194 0.16963748 0.10866341 0.17038329 0.38081968 0.11530110 0.20298482 0.12015758 0.09435903 0.08949073 0.12611169 0.10406468 0.20111331 0.09839792 0.18179704 0.14814995 0.34083708 0.09877141 0.13939058 0.13619475 0.10246719 0.09439394 0.07056584 0.09159297 0.13292396 0.11135604 0.17961199 0.09173721 0.12730876 0.09286906 0.07773886 0.09156268 0.10577159 0.11499669 0.12017635 0.13632853 0.14060562 0.13358528 0.12340368 
0.17699859 0.17711673 0.17702765 0.16033410 0.14578722 0.15273659 0.20457248 0.22414696 0.21631340 0.17108944 0.19214474 0.25061627 0.20188068 0.37286622 0.36317734 0.00000000 0.34015638 0.29093179 0.23085901 0.21705080 0.18719742 0.12316838 0.14739410 0.09035515 0.13086178 0.12292224 0.04870246 0.06218700 0.13800183 0.08286842 0.09175083 0.12069275 0.12487048 0.08146834 0.06052973 0.12397167 0.11823683 0.09107500 0.09837353 0.10620333 0.12799799 0.10134624 0.08556730 0.09831976 0.07461419 0.15332712 0.20675630 0.14832292 0.21385595 0.18319949 0.13771336 0.15442223 0.15203377 0.09590858 0.15950466 0.11806167 0.12199693 0.12291164 0.20061886 0.06709269 0.08039337 0.07403804 0.08730397 0.07203108 0.12387918 0.13795713 0.07394912 0.11645965 0.08092199 0.09594371 0.08472662 0.15745718 0.08133683 0.11427904 0.06609557 0.13412313 0.12220167 0.06697020 0.10224079 0.06303443 0.12022230 0.12470801 0.07729868 0.12298570 0.09125821 0.06629711 0.09874918 0.07531022 0.15148433 0.06265628 0.06433517 0.13134171 0.08279930 0.07703386 0.06331583 0.13454028 0.09324684 0.14144505 0.22060536 0.05336493 0.17322986 0.06255916 0.11502054 0.13417336 0.06433304 0.05516883 0.05813502 0.09953081 0.09724475 0.09446913 0.11932821 0.07985562 0.09583453 0.09982100 0.12240516 0.13046371 0.09180081 0.06585319 0.09943665 0.09461722 0.09088222 0.12604669 0.09055856 0.05638731 0.13360081 0.07251349 0.13950814 0.12931850 0.13466910 0.11113665 0.12094799 0.15881207 0.10806056 0.13538761 0.10325595 0.11089033 0.10259123 0.12051933 0.10005662 0.11933883 0.12997881 0.16381929 0.11809572 0.12806575 0.17436643 0.14762419 0.12738924 0.25033077 0.13158958 0.10013577 0.17203399 0.11592174 0.11538334 0.14165851 0.15282910 0.16673396 0.09632270 0.45165605 0.35062158 0.17242055 0.11816105 0.12991275 0.11802800 0.09418487 0.12192964 0.06015990 0.12530596 0.11225140 0.09344818 0.12466495 0.12180520 0.11122053 0.12581528 0.10338009 0.08783364 0.11315905 0.12549479 0.13430107 0.13181043 0.11418604 0.11467708 0.12216424 
0.16222165 0.19576641 0.19835248 0.16761663 0.18201159 0.23709194 0.20341242 0.16983762 0.18693047 0.17449667 0.22644889 0.18290760 0.20439629 0.59189787 0.36589092 0.34015638 0.00000000 0.36256320 0.19220409 0.18375388 0.20953500 0.14770415 0.11130274 0.17771061 0.07157241 0.14618801 0.06780616 0.06980644 0.10304445 0.11110389 0.08040009 0.10131634 0.12717181 0.07328195 0.05462822 0.15353087 0.05535449 0.06700340 0.07106266 0.11074276 0.08383755 0.12140416 0.17213382 0.06258632 0.12503428 0.12018503 0.22740941 0.16093351 0.14840913 0.11547938 0.07793790 0.18131795 0.10973549 0.11108141 0.15802172 0.08887395 0.10146744 0.15330552 0.07272917 0.07861911 0.07529467 0.12285966 0.10638060 0.09574694 0.10068867 0.15689285 0.08244958 0.13588768 0.07755656 0.07511147 0.09790521 0.09527047 0.12743627 0.09365142 0.04735418 0.08850295 0.11713061 0.10598287 0.13272451 0.04303493 0.08798302 0.10237984 0.06319637 0.14491847 0.09941245 0.14048379 0.16795918 0.07667060 0.10188996 0.07313325 0.05177507 0.13218973 0.08569178 0.11002928 0.09174149 0.08980149 0.06753608 0.10118248 0.08394815 0.15866895 0.21380359 0.08494875 0.08255563 0.12907088 0.09861705 0.07165238 0.07762271 0.11954429 0.12592722 0.12194312 0.09310633 0.08848819 0.06630820 0.12245608 0.12077771 0.13122472 0.10703917 0.11075281 0.09054959 0.13113860 0.15677691 0.13902537 0.08250977 0.05155060 0.09941375 0.11838174 0.03568735 0.15016822 0.12618216 0.14656051 0.13200886 0.09071102 0.14719151 0.14243959 0.11120721 0.14840204 0.08348602 0.10058913 0.07788604 0.11887524 0.15798314 0.05887914 0.10756081 0.18227744 0.12576697 0.10801281 0.14201926 0.13897876 0.12508993 0.11798499 0.17457177 0.12973928 0.12388392 0.10936000 0.08653119 0.20214686 0.10222431 0.25958661 0.27037588 0.12647541 0.17928564 0.13298067 0.22448595 0.14749778 0.10703207 0.05183344 0.09625730 0.10884560 0.12719467 0.19420804 0.12626046 0.09752243 0.14208021 0.08713004 0.08793170 0.12483671 0.12388725 0.14619272 0.14986021 0.14629078 0.14038722 0.12392056 
0.15196679 0.16492854 0.13099823 0.16670433 0.18078203 0.19625961 0.17727598 0.21205314 0.17803990 0.14475207 0.14440792 0.15093678 0.18090270 0.26074489 0.22480597 0.29093179 0.36256320 0.00000000 0.32227874 0.28103399 0.28239914 0.11074188 0.11111532 0.05673916 0.10637543 0.08009369 0.12909243 0.11039347 0.08083753 0.12762621 0.14739852 0.09828924 0.14884518 0.14318508 0.07449417 0.06018998 0.07130942 0.13578013 0.08261872 0.08567894 0.10744802 0.10177597 0.06444474 0.10210026 0.07051035 0.14984829 0.17408744 0.08679041 0.22607375 0.18805376 0.16693339 0.14649323 0.11034685 0.12250380 0.13652357 0.12019328 0.11687424 0.10857058 0.09385928 0.05255652 0.13315983 0.15851129 0.08683455 0.08170896 0.13406739 0.14286395 0.09783313 0.15156018 0.05932891 0.09247832 0.08522197 0.20281719 0.16191905 0.11077492 0.09348581 0.11184081 0.14026376 0.08790532 0.15323247 0.13509047 0.06097318 0.07406311 0.07952330 0.15040164 0.09295474 0.07511860 0.19801489 0.04385623 0.08344215 0.07415930 0.14423434 0.06126348 0.13472416 0.09260177 0.07663251 0.09308398 0.09236929 0.13095006 0.11178474 0.09057745 0.09817054 0.10190639 0.11439933 0.15621171 0.08258899 0.08406571 0.04930855 0.12241143 0.11602568 0.12142805 0.10233634 0.08128108 0.09970002 0.14338006 0.16716332 0.12027171 0.10528227 0.09457051 0.11289378 0.11903589 0.16022987 0.11683018 0.07898366 0.09586936 0.09728985 0.02317907 0.06386697 0.09054652 0.12624416 0.11136378 0.09887346 0.10241794 0.09524551 0.12178312 0.08432844 0.09093325 0.17872198 0.14022337 0.10189046 0.16995422 0.15159781 0.04979357 0.11887894 0.31314355 0.12299923 0.12866142 0.19324759 0.18603788 0.14855911 0.11239446 0.13930700 0.16611698 0.17738551 0.14018696 0.12470855 0.14603500 0.15867949 0.30260459 0.13172685 0.12980101 0.15978010 0.08700178 0.24648333 0.13516553 0.09882848 0.08049339 0.12979890 0.11977933 0.14408390 0.15687931 0.11731624 0.10713637 0.11715577 0.09772391 0.09947930 0.11772862 0.18298999 0.12957146 0.14645979 0.14946084 0.14156913 0.12720109 
0.16316077 0.13971237 0.13446722 0.12123958 0.13494556 0.13820742 0.16295423 0.14039237 0.12883132 0.18375145 0.20557379 0.20724093 0.19647634 0.36936486 0.17967670 0.23085901 0.19220409 0.32227874 0.00000000 0.46983852 0.16967724 0.15494604 0.14804018 0.05655315 0.12838335 0.10719280 0.15065931 0.08465564 0.16110995 0.12874145 0.09860045 0.09045536 0.12651451 0.10568659 0.08635963 0.03619497 0.08219512 0.08441422 0.13224934 0.13166361 0.09863523 0.08082818 0.11716774 0.10164482 0.07890885 0.13463596 0.19534236 0.09504473 0.17583949 0.10757397 0.14934416 0.09720022 0.09059401 0.13042122 0.09820974 0.12744863 0.09862204 0.11499622 0.12014871 0.12651471 0.10490085 0.15458769 0.10920209 0.04750311 0.12320499 0.10613250 0.13977969 0.13973976 0.05929870 0.24921293 0.13892544 0.12947869 0.15240201 0.17590278 0.10763078 0.12273285 0.07738857 0.10403548 0.16275564 0.06891076 0.09734318 0.05638325 0.04841205 0.06079939 0.15259605 0.10444196 0.14376397 0.10157728 0.07624228 0.08596603 0.11888146 0.06283025 0.13333190 0.09782293 0.10022844 0.13502413 0.09661755 0.12688359 0.09912173 0.07550462 0.08919394 0.10920535 0.10894818 0.08414966 0.09691153 0.13055951 0.10437345 0.15717865 0.11910748 0.11461550 0.09026345 0.11776542 0.10784039 0.08381790 0.13573425 0.11152079 0.08924322 0.06488157 0.13829080 0.11001164 0.06121911 0.15825230 0.07247400 0.12508366 0.10082731 0.09935681 0.16417050 0.15563117 0.10120851 0.11126711 0.05164853 0.10715333 0.08416698 0.08490346 0.19515255 0.13284347 0.19370595 0.09963143 0.15073276 0.12379639 0.16435868 0.15004875 0.10601640 0.16220537 0.14998933 0.09032489 0.08994812 0.20770711 0.10227582 0.13423372 0.13201707 0.05970361 0.10059406 0.12420357 0.15376117 0.11750437 0.12924206 0.24346263 0.21915284 0.12681473 0.34524901 0.15770671 0.38776690 0.18462639 0.11133402 0.08599316 0.15108880 0.16355715 0.16115534 0.14735771 0.08118428 0.11638829 0.12559215 0.07398153 0.11328035 0.12759039 0.12192007 0.14372102 0.12630360 0.13758512 0.13885461 0.12570607 
