0.00000000 0.15095926 0.12333744 0.09530558 0.04610637 0.03515312 0.06063548 0.03469842 0.02750538 0.05312154 0.04680645 0.03901308 0.07364294 0.06068317 0.06930646 0.03891605 0.05126325 0.05306134 0.06691993 0.05948986 0.04654927 0.02514701 0.04375021 0.05454356 0.05431569 0.03333877 0.06119731 0.02372071 0.01344057 0.10633035 0.09422516 0.03326802 0.03610470 0.04566368 0.03242340 0.04055913 0.05167563 0.04125237 0.04329923 0.05370185 0.05869915 0.03949435 0.05372346 0.05440331 0.06238650 0.05113196 0.07323171 0.04516324 0.05010058 0.02941174 0.05708268 0.06383294 0.04316222 0.02643013 0.04348598 0.04054348 0.04292254 0.04295027 0.05038816 0.03323451 0.08138998 0.05391977 0.03357795 0.03506327 0.04266137 0.04632592 0.04100650 0.04996776 0.04017169 0.05360866 0.04183230 0.05332986 0.04226778 0.05191324 0.04047523 0.05259439 0.03959122 0.05482349 0.05110778 0.02773433 0.02475504 0.03743534 0.02476542 0.06761926 0.05603070 0.02370292 0.04024832 0.02671747 0.02638632 0.02335768 0.04954528 0.06371024 0.06095152 0.08001993 0.02679948 0.07054528 0.04017757 0.06190384 0.03139525 0.06627860 0.06879582 0.04412260 0.02531345 0.04799331 0.03862828 0.04277712 0.03663086 0.11631158 0.06587273 0.05888993 0.03128943 0.03727641 0.04575607 0.03107366 0.03529689 0.04036737 0.06564325 0.04316701 0.06257587 0.04708676 0.05307469 0.05053601 0.03729036 0.02649705 0.05028288 0.04336322 0.01811348 0.07224153 0.02077525 0.05373843 0.03883736 0.03526883 0.03582644 0.04157337 0.08976530 0.04651720 0.04923802 0.03151293 0.03877371 0.05870298 0.05052980 0.03140515 0.05914503 0.06651812 0.04038029 0.02744062 0.05177229 0.04791762 0.08081935 0.06285159 0.05387757 0.07273604 0.05238119 0.04630168 0.03590360 0.01986402 0.07905331 0.09441229 0.05120172 0.03976047 0.06039062 0.04027291 0.05354527 0.07471103 0.06337118 0.04434364 0.06410599 0.05069699 0.06582951 0.09657524 0.08662434 0.08768300 0.07869008 0.06571910 0.09573848 0.08195903 0.07822327 0.09301949 0.08965600 0.08908216 0.08026472 0.05863736 
0.15095926 0.00000000 0.13729031 0.09790675 0.06066182 0.04763950 0.07419263 0.03503965 0.03038803 0.04410229 0.04838076 0.02488075 0.07270906 0.05941756 0.04924062 0.03492978 0.05013761 0.04394478 0.04805098 0.04714824 0.04075155 0.02332507 0.03177672 0.02310431 0.06632649 0.04419421 0.06066387 0.02146313 0.03087831 0.09904854 0.11141780 0.04435274 0.03744615 0.04235198 0.03346080 0.06099089 0.05376987 0.03614075 0.03846367 0.06241628 0.05885333 0.04313888 0.05847078 0.04595637 0.04197443 0.06807452 0.05988335 0.04305695 0.05670608 0.02463858 0.04793195 0.06084984 0.05719020 0.02835483 0.05787466 0.03467139 0.03803576 0.03560602 0.04453718 0.02960038 0.07466000 0.05827026 0.02820649 0.03084139 0.03573498 0.04119801 0.03769645 0.04513504 0.03429062 0.04012036 0.04453286 0.05331237 0.04322092 0.05146293 0.03146148 0.04096007 0.03414013 0.04948153 0.06224177 0.03175529 0.02896201 0.03200820 0.02862691 0.07282491 0.06088352 0.02858534 0.04203267 0.02998032 0.03267683 0.03191829 0.05034867 0.07227316 0.05821168 0.06611595 0.03449775 0.05909004 0.04065639 0.04733521 0.02707079 0.06889772 0.06303247 0.04388197 0.02938513 0.04830009 0.03556538 0.04859382 0.03314943 0.07901477 0.08245068 0.04937474 0.03095583 0.03301772 0.04751794 0.03034150 0.03196474 0.03677581 0.06217261 0.04926602 0.02905237 0.05342654 0.05608340 0.02568185 0.06475623 0.03064103 0.04601012 0.05685904 0.03239897 0.06437458 0.02265492 0.04738972 0.03641216 0.03274551 0.03498912 0.04373504 0.08480561 0.04918983 0.03892757 0.02863134 0.06007242 0.05295829 0.06322391 0.02573649 0.05740083 0.09185745 0.03904757 0.03212794 0.07586768 0.07064331 0.08191254 0.07622807 0.05970142 0.08081209 0.07139047 0.05009413 0.05619483 0.02985547 0.06312801 0.05465350 0.07150076 0.03495174 0.05272522 0.06929810 0.05889442 0.06827924 0.04878752 0.03520670 0.07106654 0.07465205 0.06926391 0.11526731 0.07963257 0.10150479 0.07925324 0.06380427 0.07920070 0.07961307 0.07714063 0.07899402 0.09011683 0.08519085 0.07427033 0.05600732 
0.12333744 0.13729031 0.00000000 0.08548671 0.07213595 0.08233399 0.08280790 0.04771027 0.04093878 0.04061264 0.04393250 0.02871502 0.04759216 0.05359089 0.05644567 0.03302387 0.04692127 0.04276761 0.04454573 0.04184288 0.04369615 0.03822554 0.03602313 0.03758730 0.05122654 0.05504019 0.05471611 0.03886998 0.04570609 0.13673791 0.10032425 0.03409682 0.03874256 0.04097167 0.03428365 0.06211275 0.05874936 0.03920313 0.04178011 0.05188290 0.06486431 0.03379709 0.08655292 0.04237282 0.04422067 0.07350826 0.05045491 0.04697891 0.04856193 0.01901577 0.04029139 0.04964399 0.03216532 0.03183704 0.05967296 0.02973323 0.03698070 0.03319087 0.03907301 0.04273981 0.08602039 0.05018710 0.02634017 0.04330907 0.05606743 0.03802243 0.03330748 0.04252418 0.03215968 0.03265956 0.04287822 0.06117924 0.05992425 0.06943428 0.03046230 0.03209920 0.03096697 0.03926311 0.04971451 0.03114885 0.02817507 0.04051473 0.02862972 0.07096619 0.08380203 0.02847279 0.03431167 0.03079223 0.04002459 0.03810277 0.03776899 0.09668017 0.04175511 0.06798422 0.05213790 0.06267096 0.05303532 0.04379635 0.02782021 0.06235226 0.05745453 0.05920617 0.02869493 0.05061513 0.04552388 0.04362335 0.04315031 0.07776104 0.07498709 0.05193535 0.04324087 0.05494716 0.03852668 0.04137840 0.04227034 0.04812667 0.07555168 0.03318067 0.05231371 0.03907518 0.05928923 0.05370312 0.04649579 0.04287184 0.05347093 0.07259225 0.06396545 0.07179654 0.03366642 0.04502779 0.04546502 0.04120086 0.04377305 0.05956519 0.05192719 0.05807745 0.03523946 0.04111119 0.05179976 0.03499099 0.03305404 0.02219580 0.04458016 0.05843208 0.05814674 0.02528889 0.04834627 0.07113739 0.08282503 0.08652648 0.05272130 0.06120445 0.06491186 0.05604019 0.04690483 0.03043618 0.06245978 0.04223052 0.05589427 0.08196560 0.06323718 0.03399369 0.04784416 0.05824645 0.03481806 0.02879898 0.05231055 0.05050566 0.08035430 0.09560637 0.06442478 0.08675243 0.05980596 0.06277358 0.07755721 0.07276352 0.07177119 0.06409572 0.08557740 0.08999919 0.07516640 0.05484807 
0.09530558 0.09790675 0.08548671 0.00000000 0.05547360 0.07900466 0.07479463 0.05275195 0.05137247 0.06799760 0.05114569 0.05707706 0.05068804 0.06985101 0.05835878 0.05737355 0.04988014 0.05384323 0.04378957 0.05521255 0.04402989 0.04610637 0.03558872 0.05305500 0.05319950 0.04972446 0.04357469 0.02271612 0.02020457 0.06594746 0.08098983 0.03858877 0.05615948 0.04171541 0.05513642 0.02326463 0.04126435 0.04841880 0.05823951 0.05583312 0.07543448 0.06310181 0.04778621 0.04506644 0.05011799 0.05585110 0.04522072 0.05828602 0.04646835 0.02545861 0.04781775 0.02704476 0.06084057 0.02951639 0.03888660 0.03722115 0.05351566 0.04626674 0.02521245 0.04478608 0.07029917 0.07429702 0.03267707 0.04141243 0.05050818 0.05654246 0.04705364 0.05520889 0.06082205 0.03554294 0.05886504 0.05449679 0.06713308 0.06453657 0.04380508 0.04200319 0.03406693 0.03969968 0.02365022 0.03271749 0.04382686 0.05620231 0.06347282 0.02935594 0.08330822 0.03407859 0.06047512 0.06176736 0.06274714 0.02611156 0.03078051 0.06775444 0.05238605 0.05110887 0.04145000 0.06292273 0.05510540 0.04884551 0.03302827 0.04095192 0.05912457 0.04795295 0.05258888 0.04861022 0.05121948 0.03977067 0.04767931 0.05428819 0.05257957 0.04692163 0.03568465 0.05518527 0.04632231 0.05897190 0.05680848 0.04831282 0.06509515 0.03004308 0.03955954 0.03173306 0.02612984 0.02526056 0.04383544 0.02757399 0.05235088 0.05929277 0.02741664 0.07911915 0.05594259 0.04261366 0.04342261 0.05840263 0.05798940 0.04368428 0.06641175 0.07287549 0.03929960 0.05581727 0.03273006 0.03910707 0.05342234 0.03471044 0.04478210 0.05785676 0.07838614 0.03557722 0.05249031 0.04708257 0.07388173 0.07625282 0.06509884 0.05778320 0.07863069 0.07082960 0.01809776 0.06180728 0.04730332 0.03890498 0.04590215 0.07966667 0.04733661 0.05964806 0.05169246 0.03035703 0.03920720 0.03673050 0.08008572 0.03842734 0.05689378 0.07890917 0.06149832 0.08957654 0.08419561 0.07286514 0.08419856 0.08299103 0.07498377 0.08752584 0.08052318 0.07063737 0.07026510 0.05364005 
0.04610637 0.06066182 0.07213595 0.05547360 0.00000000 0.12051832 0.06458090 0.09762814 0.06509877 0.04172332 0.06866871 0.08103658 0.05678670 0.05877878 0.05631583 0.05866983 0.08552434 0.07495049 0.05116987 0.01989790 0.06165992 0.03597578 0.05045917 0.04716084 0.04002493 0.09161811 0.04408838 0.12708718 0.10302516 0.06546380 0.03869933 0.03077674 0.05974450 0.06426006 0.04587226 0.03551340 0.03569256 0.03966974 0.05483023 0.06531269 0.05127845 0.05271031 0.05642604 0.03066943 0.04266969 0.04914061 0.04640525 0.04449992 0.01722664 0.02618649 0.04230205 0.04757135 0.05064080 0.07122941 0.05123973 0.03812572 0.06551754 0.06222876 0.04043506 0.04267336 0.03764758 0.04207257 0.03363529 0.04202065 0.07141012 0.05721786 0.04638161 0.05268788 0.05368021 0.03707830 0.04057906 0.05239414 0.03883556 0.05761081 0.04681927 0.05618632 0.02800282 0.03860075 0.03545455 0.03617741 0.04061699 0.03726670 0.04565638 0.06721711 0.02614173 0.03577908 0.08369827 0.05424573 0.05450062 0.04254270 0.03568289 0.05740904 0.02746387 0.05119848 0.05399635 0.07275872 0.06468204 0.05338509 0.05189879 0.08233784 0.03273487 0.05582498 0.05132701 0.06166579 0.04313596 0.06091463 0.03395317 0.04706780 0.05861904 0.04398835 0.03761980 0.06890034 0.07030516 0.05620299 0.05318479 0.05072583 0.03281733 0.03624915 0.06805823 0.03156191 0.04807965 0.04017324 0.06438079 0.03731814 0.04751710 0.03695423 0.06207135 0.06350016 0.05583766 0.01861628 0.02508315 0.06394312 0.04866375 0.07261035 0.03433018 0.07061691 0.04105601 0.05486115 0.05646145 0.04523378 0.06078410 0.03964122 0.05615760 0.04795605 0.04616820 0.05999932 0.05363662 0.05277013 0.07231255 0.11562314 0.06748852 0.06999741 0.05693122 0.10285800 0.06776879 0.08558087 0.04753336 0.04548642 0.04022052 0.02988247 0.02865942 0.06210460 0.04877659 0.06195714 0.07168895 0.05119851 0.04882028 0.04825491 0.06055760 0.06551118 0.03995117 0.04376539 0.05451329 0.06296683 0.03721337 0.04778341 0.03458362 0.04730117 0.04766057 0.03273503 0.03809449 0.04823468 
0.03515312 0.04763950 0.08233399 0.07900466 0.12051832 0.00000000 0.16129533 0.12934693 0.05684332 0.05143039 0.04749539 0.07241673 0.07215849 0.07778761 0.04555470 0.05795254 0.06001669 0.06435742 0.04676448 0.04237198 0.04068711 0.04152196 0.02713325 0.06518247 0.03909037 0.14501967 0.04007148 0.08427335 0.16933854 0.07129198 0.05668369 0.03521842 0.04743566 0.04076784 0.03160479 0.07431231 0.05091747 0.03604244 0.05564577 0.03003296 0.05996445 0.05770453 0.02360620 0.02654607 0.05787618 0.05842676 0.05327622 0.05120821 0.04698670 0.02232983 0.04116890 0.05026251 0.05754524 0.03654677 0.04510369 0.04140922 0.03963164 0.04216207 0.06039631 0.04496491 0.05764228 0.05009100 0.04585895 0.05043925 0.06406408 0.05259567 0.03617674 0.05393306 0.04963004 0.04199607 0.03915066 0.05293726 0.10723629 0.11860412 0.04017027 0.07923332 0.03377879 0.02854723 0.05573937 0.04522599 0.05665745 0.03038495 0.05761275 0.04310823 0.03369863 0.04287971 0.05483893 0.03891461 0.05358680 0.03113544 0.02850931 0.07414922 0.04733934 0.04202577 0.03653897 0.04225065 0.07648166 0.02729618 0.05356922 0.06203820 0.05339537 0.03126056 0.05285440 0.04345204 0.05512340 0.09376776 0.05801632 0.02543951 0.05564809 0.03250642 0.02372368 0.04564873 0.03717992 0.04452533 0.05662272 0.05523964 0.07242938 0.04759769 0.04032729 0.05070031 0.04471231 0.04007047 0.09022542 0.03796886 0.04241763 0.04296411 0.05342696 0.08729459 0.05068020 0.02028303 0.04395074 0.06013179 0.04784228 0.07668772 0.03062227 0.09541662 0.02859107 0.05402425 0.05045115 0.04278089 0.04542905 0.03997412 0.04730331 0.02745270 0.02535648 0.04154382 0.03859655 0.04886015 0.07499593 0.06644245 0.06866507 0.04009546 0.04805980 0.08468898 0.04395380 0.06900156 0.03673751 0.03930512 0.08162417 0.04519919 0.04261825 0.08961028 0.04615366 0.05397427 0.05726936 0.04560777 0.04746614 0.07599007 0.06736913 0.04779449 0.03912741 0.03710268 0.04063165 0.04330259 0.02456413 0.03778040 0.02880853 0.03826932 0.04079841 0.03044198 0.03580352 0.04702983 
0.06063548 0.07419263 0.08280790 0.07479463 0.06458090 0.16129533 0.00000000 0.09923336 0.06847083 0.07080452 0.05584119 0.04857505 0.08177182 0.05837327 0.04137222 0.04922615 0.07899873 0.04248781 0.07088957 0.03897205 0.06367100 0.03454161 0.03812888 0.05203847 0.06693263 0.12000648 0.06472931 0.09520020 0.13556065 0.10725900 0.07384269 0.04454488 0.03610019 0.04571583 0.02768055 0.08812020 0.11007549 0.03542538 0.05258590 0.08773526 0.08614382 0.03331640 0.07188732 0.05496547 0.03446094 0.06180611 0.08961962 0.03713054 0.04522290 0.02694502 0.04136429 0.05836810 0.04459658 0.04466562 0.05654194 0.04886170 0.03941633 0.02768151 0.03693574 0.02575994 0.06337222 0.06697687 0.02172994 0.02959454 0.09485941 0.03966615 0.04392753 0.04694154 0.02807739 0.01711348 0.03047121 0.04978955 0.08609760 0.04117888 0.02865097 0.05545865 0.03832375 0.02524078 0.04842049 0.02816156 0.03232140 0.03665910 0.02851433 0.05426368 0.04860285 0.01578733 0.05680824 0.03629983 0.04315299 0.01502178 0.02663329 0.06223943 0.05073325 0.04551756 0.03632757 0.08467139 0.04229630 0.07010608 0.05440425 0.05612229 0.03350667 0.02876455 0.01956729 0.02359908 0.03769333 0.07179465 0.02704185 0.05332362 0.06333688 0.08046068 0.01815983 0.03756095 0.03119653 0.01633334 0.03997641 0.02820358 0.05535194 0.08179954 0.03423611 0.06245715 0.05736026 0.05501313 0.09234172 0.03593727 0.03956749 0.05842030 0.04390288 0.07104149 0.01861411 0.01820816 0.02791266 0.05265205 0.03708168 0.04214680 0.05374865 0.04437562 0.02878691 0.04828809 0.03840899 0.03338840 0.02548653 0.02437754 0.04702620 0.05928463 0.03381455 0.03921414 0.04937474 0.07350958 0.03782634 0.04046987 0.07568398 0.04956272 0.06397909 0.05820234 0.08426915 0.05503456 0.06308028 0.03880333 0.05090398 0.01598350 0.03851599 0.02416098 0.06269711 0.06812172 0.06150737 0.02655005 0.10632002 0.03960724 0.09470611 0.07596097 0.08191830 0.06684213 0.06358095 0.06732834 0.07003866 0.07689560 0.07602397 0.06678609 0.05797290 0.05750400 0.05773647 0.05170255 
0.03469842 0.03503965 0.04771027 0.05275195 0.09762814 0.12934693 0.09923336 0.00000000 0.07727479 0.08020456 0.09893335 0.08051894 0.02121492 0.04619043 0.06366915 0.09037481 0.06598516 0.09710124 0.03449404 0.07004190 0.05141300 0.05221678 0.05748532 0.10626821 0.10130928 0.14188919 0.03628818 0.07321494 0.14538713 0.05926373 0.05816684 0.03984671 0.03780832 0.03189397 0.02988350 0.04865840 0.09328943 0.04344476 0.04778369 0.04042459 0.08764426 0.05309656 0.05834621 0.03952836 0.04831768 0.06565834 0.07350872 0.04498067 0.05820465 0.02330692 0.03249365 0.08177484 0.04541069 0.03471279 0.04618641 0.03677074 0.05100550 0.04686036 0.02555263 0.03587331 0.04150959 0.04628657 0.02197395 0.01955935 0.06656237 0.04400832 0.03812287 0.04059021 0.04647629 0.02104525 0.04732676 0.06446369 0.05262342 0.03561933 0.03159437 0.02723374 0.03360333 0.03556296 0.06125916 0.04963425 0.05767381 0.06504367 0.06718470 0.06910916 0.04216350 0.02624026 0.04657439 0.03834683 0.04559160 0.02936808 0.01553058 0.05655282 0.04428769 0.05821055 0.03383878 0.03348243 0.05023920 0.05216953 0.03418971 0.01673759 0.03817369 0.04806207 0.04445465 0.04790615 0.06102319 0.09102680 0.04879783 0.04104062 0.04141558 0.05190836 0.03611924 0.03828498 0.03692032 0.05144474 0.04197388 0.05323191 0.05954493 0.06420271 0.04902063 0.04256867 0.06633906 0.03678222 0.06823185 0.02894591 0.04897403 0.03907061 0.05808372 0.07377366 0.04526567 0.02970841 0.05922193 0.04915801 0.04754861 0.04924578 0.06579483 0.11930705 0.06011031 0.06239978 0.04234208 0.05135595 0.07806167 0.03530258 0.05655562 0.04839644 0.07607902 0.06172448 0.06047676 0.05209122 0.03494813 0.03072356 0.06796039 0.06510048 0.05351571 0.03225414 0.05395392 0.06675371 0.05113450 0.06519634 0.09142338 0.03783193 0.07403381 0.04286819 0.03224783 0.04781463 0.01169284 0.04763007 0.08744035 0.10212704 0.05617836 0.04937010 0.03138709 0.04829958 0.03935393 0.04740842 0.03506070 0.03261998 0.03369140 0.04213750 0.04987083 0.04299258 0.03519013 0.06018692 
0.02750538 0.03038803 0.04093878 0.05137247 0.06509877 0.05684332 0.06847083 0.07727479 0.00000000 0.11310550 0.09833911 0.10719885 0.06866844 0.06060477 0.06754587 0.07588785 0.04773363 0.06937581 0.04387702 0.02135992 0.08973218 0.05324032 0.07373766 0.08774821 0.04411163 0.05681910 0.10918837 0.03873319 0.04163857 0.05132461 0.05332870 0.06028398 0.08322055 0.04183538 0.05304172 0.05229702 0.04006923 0.06489688 0.07831322 0.06542477 0.03257719 0.04808821 0.07945871 0.02906650 0.05136459 0.07161685 0.03604603 0.07467290 0.03420788 0.05418974 0.05833971 0.04014949 0.05759477 0.06022932 0.05534973 0.05121227 0.04782933 0.07483004 0.14572649 0.09294761 0.02991504 0.05258050 0.04530140 0.05267396 0.03720300 0.06405306 0.05111013 0.04567845 0.05786203 0.02977353 0.06719811 0.04359564 0.08287618 0.05102950 0.06310022 0.01953785 0.07455056 0.04608169 0.01613955 0.06360111 0.06710396 0.06962574 0.10399852 0.04133123 0.03331759 0.04504315 0.07682931 0.06977388 0.05853982 0.05302418 0.04996814 0.07698996 0.06363942 0.04613559 0.04579871 0.04755925 0.03272937 0.03589638 0.04544132 0.05017279 0.03520044 0.03525516 0.09002863 0.08551911 0.05579555 0.03220922 0.05338128 0.04779612 0.04898644 0.06546579 0.04956641 0.04723132 0.07917282 0.04199450 0.05650582 0.05125063 0.05109638 0.05738027 0.04131834 0.03421924 0.02982528 0.03214721 0.01794708 0.05040726 0.04258259 0.07638563 0.04859387 0.05668609 0.05891600 0.05933860 0.04246509 0.05245825 0.04675926 0.03728031 0.04031084 0.05687617 0.02858269 0.05640564 0.05192361 0.05017691 0.05986852 0.04431879 0.05539697 0.04718287 0.06577265 0.07144460 0.03140331 0.05101901 0.05970235 0.03562135 0.05523593 0.05183174 0.03013756 0.03783700 0.05836732 0.05267539 0.03681212 0.01872237 0.05753228 0.05729173 0.05613892 0.04353043 0.03136779 0.03778949 0.02349775 0.04386013 0.03113963 0.02557559 0.03762220 0.05311380 0.03801948 0.03806363 0.02916781 0.03413389 0.03628626 0.03214334 0.03268576 0.03154179 0.04047337 0.02864026 0.03279800 0.04670786 
0.05312154 0.04410229 0.04061264 0.06799760 0.04172332 0.05143039 0.07080452 0.08020456 0.11310550 0.00000000 0.13913473 0.10072689 0.07290263 0.06731723 0.09033878 0.06348993 0.11752452 0.05733980 0.08014545 0.03737415 0.11480774 0.07534337 0.08350278 0.05510013 0.02270505 0.05645777 0.06060422 0.03620189 0.05066908 0.05989035 0.04049915 0.04701322 0.04600986 0.03744144 0.04293845 0.07224013 0.02693306 0.04381850 0.08371984 0.06349725 0.04458010 0.05652647 0.02372053 0.07850607 0.06870614 0.10068142 0.04921310 0.04423912 0.06370481 0.01922341 0.03635503 0.09673857 0.04731420 0.02582407 0.04323560 0.05482377 0.03978991 0.05524093 0.02749168 0.04584796 0.02329841 0.06113463 0.04016511 0.03723927 0.05528767 0.05011456 0.07803169 0.06164455 0.04402462 0.03158335 0.02045459 0.08151853 0.04812916 0.04228684 0.04638071 0.03705274 0.04258940 0.04306707 0.06957175 0.03292208 0.03038133 0.04428184 0.06073717 0.04520985 0.07009063 0.05064665 0.07612693 0.04396116 0.03818584 0.04996487 0.06293928 0.05766341 0.03227302 0.04901867 0.04445530 0.04595185 0.05972225 0.08149546 0.05939906 0.03428809 0.04487939 0.04714699 0.04456672 0.03364380 0.05253809 0.04307286 0.05934385 0.02661016 0.04088661 0.05906011 0.04416782 0.03289830 0.04839447 0.03226791 0.05379225 0.03663443 0.06029522 0.04374568 0.02305029 0.04574841 0.05863035 0.03346665 0.02656011 0.02786573 0.07493498 0.06970819 0.03164587 0.03980524 0.04687422 0.03690758 0.05836589 0.04953661 0.06141191 0.03246131 0.03306787 0.02706997 0.03227372 0.04849612 0.03676738 0.03605490 0.04487185 0.05772554 0.07165710 0.06976929 0.01771730 0.02929993 0.05107796 0.03796744 0.01014085 0.03693008 0.07443257 0.03453950 0.07764420 0.05827961 0.05182717 0.03148891 0.06886786 0.04029971 0.02548152 0.07249529 0.04184522 0.05458037 0.05043765 0.07775337 0.01994557 0.07775322 0.04054096 0.08222277 0.07692826 0.08098683 0.06867212 0.05980601 0.04635327 0.04266800 0.05638153 0.05163643 0.06715969 0.06107387 0.06045039 0.07134347 0.06949766 0.05450093 
0.04680645 0.04838076 0.04393250 0.05114569 0.06866871 0.04749539 0.05584119 0.09893335 0.09833911 0.13913473 0.00000000 0.13277179 0.10618164 0.04876676 0.07630068 0.07515142 0.10334938 0.05388108 0.05423008 0.05840820 0.10237324 0.08490011 0.07268816 0.05008164 0.19291096 0.07716185 0.05448917 0.05148349 0.04185849 0.03720423 0.03141211 0.03743948 0.06718865 0.05770472 0.05758123 0.08491775 0.05464699 0.04710829 0.09622970 0.03452731 0.04456226 0.06051188 0.02671243 0.05915453 0.05976999 0.03198888 0.08281045 0.03608925 0.05401657 0.05141788 0.05320847 0.05910846 0.05116471 0.04977532 0.06070399 0.09554544 0.06144586 0.05030099 0.01922875 0.06173449 0.01708082 0.03854447 0.05841772 0.04938665 0.06508645 0.05009825 0.09469736 0.05261836 0.04679340 0.06951828 0.03362889 0.04338199 0.04958301 0.05745351 0.06754260 0.06046975 0.05241928 0.05066701 0.03692327 0.04190098 0.06731241 0.05745028 0.05097224 0.06030971 0.04350331 0.05064200 0.04144178 0.05894252 0.06130728 0.05483570 0.05557136 0.04894023 0.01942290 0.03325441 0.05157686 0.02837284 0.02625734 0.04469339 0.05331732 0.05086219 0.07730053 0.06594274 0.04577382 0.04478265 0.03892194 0.05201418 0.04566071 0.03732275 0.03151427 0.03812570 0.04694861 0.05045386 0.03962484 0.05234513 0.06684298 0.06136546 0.04829558 0.03269675 0.08043777 0.06783668 0.04232505 0.03385150 0.03444753 0.05246602 0.06486024 0.05535248 0.03327592 0.04565512 0.03732360 0.03613338 0.05573064 0.06143777 0.07458693 0.04896342 0.06727407 0.03734285 0.05474268 0.05643704 0.06311245 0.07352642 0.02081049 0.07777616 0.03074954 0.03875098 0.01827497 0.03394973 0.01995182 0.03654985 0.03352672 0.05588141 0.04514665 0.04281290 0.03461628 0.03855195 0.04188500 0.04269086 0.03657171 0.04056432 0.02611644 0.03285412 0.02412158 0.03680946 0.06690063 0.04913269 0.01084957 0.04202534 0.05244190 0.05594664 0.04905301 0.05520030 0.03766611 0.03776011 0.02847201 0.03233605 0.03812384 0.04029228 0.03769651 0.03279612 0.03537079 0.04619913 0.03689776 0.04786610 
0.03901308 0.02488075 0.02871502 0.05707706 0.08103658 0.07241673 0.04857505 0.08051894 0.10719885 0.10072689 0.13277179 0.00000000 0.10155985 0.04744916 0.10381826 0.10353217 0.07529291 0.04113381 0.05479087 0.07629019 0.06256939 0.12839725 0.05282078 0.07508567 0.03223872 0.06668534 0.04190291 0.04750841 0.04242744 0.04147710 0.05151150 0.03498735 0.06829399 0.05236792 0.07800739 0.04428348 0.04073287 0.05850664 0.03891704 0.02687378 0.03012647 0.03967979 0.04377053 0.03275825 0.04550354 0.05270087 0.06404599 0.06291138 0.03581446 0.04796168 0.06008785 0.06854862 0.08530340 0.08307530 0.02767053 0.06324608 0.04841687 0.06775240 0.04035602 0.06895053 0.02446286 0.04572628 0.05075687 0.07441847 0.04453176 0.05567042 0.03130302 0.05850040 0.07466578 0.04075382 0.05160521 0.05166513 0.07996797 0.06705241 0.04861751 0.10902818 0.04299637 0.04225311 0.02638899 0.04547346 0.06621362 0.04395105 0.07678943 0.04327050 0.03378461 0.06233964 0.03248956 0.06321651 0.05372483 0.05469771 0.04479834 0.04782690 0.06211059 0.03910019 0.06081152 0.03412520 0.03531452 0.03626660 0.05414043 0.03365787 0.08123458 0.05491951 0.05512190 0.04961627 0.04354607 0.04552154 0.03926717 0.02587010 0.06630751 0.05046995 0.03737809 0.08335949 0.06384283 0.09732777 0.04842197 0.03907648 0.07094195 0.03446321 0.04618274 0.03560403 0.05473890 0.02231171 0.03454421 0.02700618 0.05040703 0.05174996 0.04843111 0.05005778 0.06636895 0.05332003 0.06541823 0.05873194 0.05292810 0.05069446 0.07231369 0.05770694 0.05265046 0.06038080 0.04254260 0.05304557 0.05879474 0.06084452 0.01670271 0.06178454 0.04826673 0.06284088 0.05631788 0.04484389 0.02689027 0.02387194 0.02375043 0.05480480 0.03898029 0.03205990 0.07604802 0.02648714 0.03811832 0.02377519 0.03850189 0.08691133 0.02536251 0.05118471 0.07148171 0.04432021 0.02104398 0.05996322 0.04214278 0.09894560 0.03286679 0.03318210 0.04042370 0.03441675 0.02501539 0.04911900 0.03294011 0.03101984 0.03986989 0.02551806 0.04549223 0.04908074 0.04631809 0.04690702 
0.07364294 0.07270906 0.04759216 0.05068804 0.05678670 0.07215849 0.08177182 0.02121492 0.06866844 0.07290263 0.10618164 0.10155985 0.00000000 0.07253301 0.09145460 0.05125954 0.06070029 0.04107796 0.03762652 0.10663329 0.05609858 0.08865915 0.11327076 0.06726005 0.02959107 0.04115138 0.07055876 0.04491688 0.02049616 0.03783370 0.02060547 0.02726452 0.05892767 0.04951112 0.04873887 0.02612460 0.05543454 0.03574786 0.07116951 0.05621621 0.03971207 0.03013025 0.02456370 0.05902970 0.07452408 0.05898065 0.06887270 0.04037360 0.06700676 0.04390733 0.03354947 0.09805115 0.04920215 0.07357230 0.12426583 0.05547960 0.03666014 0.03686014 0.03295665 0.04561883 0.03163641 0.09316769 0.04340265 0.02942806 0.06951198 0.05243427 0.02928322 0.05416063 0.04547981 0.05952274 0.08890298 0.05002912 0.09430522 0.04333694 0.04136887 0.05327405 0.04623596 0.06227513 0.05238087 0.04647029 0.04908970 0.04785023 0.04027662 0.03928339 0.05888808 0.02575410 0.04491508 0.06515095 0.06089323 0.04604028 0.03850294 0.04558973 0.10560843 0.04452742 0.05649200 0.03123614 0.05762999 0.04413266 0.05509888 0.05644295 0.05753357 0.04817296 0.05033120 0.02618324 0.04466895 0.03730306 0.04302576 0.06798289 0.03563630 0.02315391 0.03824397 0.03816262 0.03735052 0.04427946 0.04704277 0.05313814 0.04223714 0.00282307 0.02609979 0.04034870 0.02293112 0.04180606 0.07462516 0.06236676 0.05197093 0.02705606 0.05036659 0.05086983 0.04968856 0.02054764 0.04473489 0.04724639 0.04656781 0.04320294 0.07286081 0.07325658 0.06960301 0.04535682 0.06654488 0.10211233 0.06444031 0.03862070 0.05609016 0.03911661 0.05402463 0.06805206 0.03493602 0.04568926 0.02672574 0.08048900 0.04161855 0.04288017 0.02615781 0.02725811 0.05830444 0.02105181 0.04775713 0.02411618 0.04474385 0.06363489 0.02594181 0.04229604 0.12981814 0.10342151 0.04016252 0.04255263 0.03899922 0.02508581 0.08272677 0.05142896 0.06220083 0.05131053 0.04346474 0.04382983 0.05236574 0.04685290 0.06693608 0.05081382 0.07433671 0.04528823 0.06740106 0.06177233 
0.06068317 0.05941756 0.05359089 0.06985101 0.05877878 0.07778761 0.05837327 0.04619043 0.06060477 0.06731723 0.04876676 0.04744916 0.07253301 0.00000000 0.06273117 0.12347444 0.18058441 0.08617173 0.11255846 0.08700088 0.05590655 0.02025711 0.03377674 0.05787401 0.05445684 0.06300957 0.04045516 0.07224303 0.06491453 0.05404729 0.02484119 0.06787392 0.03705667 0.04932781 0.02936335 0.03185082 0.04118944 0.03981197 0.05626729 0.03296878 0.05229541 0.03570869 0.04206166 0.02447938 0.07477386 0.02941306 0.04800321 0.05083762 0.08033982 0.01839313 0.06724687 0.05731887 0.03692361 0.04437852 0.07407369 0.04890242 0.05564160 0.05094984 0.04314533 0.06386461 0.05109760 0.03547725 0.02615316 0.03939406 0.03209404 0.03961568 0.04818796 0.05439758 0.04909555 0.05375554 0.06141158 0.01435483 0.03542370 0.06549126 0.02651080 0.04842039 0.02686547 0.03331391 0.04085338 0.02821821 0.03601633 0.03142360 0.04145924 0.05681984 0.03229739 0.03265441 0.01426596 0.02880969 0.04435905 0.03741875 0.03002322 0.03597534 0.05832175 0.05258047 0.02924784 0.05949913 0.03484956 0.06384715 0.05411302 0.04202764 0.05269048 0.04174926 0.05133973 0.05388102 0.03056306 0.06037073 0.03293337 0.03690481 0.02112788 0.02853321 0.02534825 0.03963907 0.02667619 0.03649837 0.02720297 0.04858495 0.10111191 0.03945551 0.03535783 0.04830588 0.06873159 0.03577667 0.09681613 0.03382046 0.04490059 0.03107293 0.06400845 0.06701752 0.05287556 0.03698210 0.04872685 0.04115755 0.04134152 0.05535514 0.06137692 0.07206485 0.04595063 0.04058117 0.08470936 0.03985361 0.07648702 0.08205717 0.06727578 0.08637373 0.03761484 0.05242997 0.07179719 0.04159658 0.08062786 0.07486680 0.08800379 0.06038139 0.05826705 0.05475304 0.05191173 0.08561486 0.04905050 0.05309400 0.06127364 0.02919281 0.13373269 0.07650968 0.17423606 0.04550400 0.04892857 0.04829920 0.06124458 0.05212522 0.07224838 0.04649216 0.06272912 0.06484085 0.05300172 0.04928692 0.05310600 0.04701098 0.04953998 0.06631035 0.06761770 0.06144805 0.04994112 0.05517255 
0.06930646 0.04924062 0.05644567 0.05835878 0.05631583 0.04555470 0.04137222 0.06366915 0.06754587 0.09033878 0.07630068 0.10381826 0.09145460 0.06273117 0.00000000 0.11776996 0.07833493 0.06551198 0.04481084 0.33559010 0.04906036 0.04888290 0.02006859 0.06129540 0.04149266 0.05331144 0.05559977 0.09025898 0.05774534 0.03924462 0.02929449 0.08660704 0.06906855 0.03120023 0.03722697 0.04686955 0.04041195 0.03213609 0.06451159 0.05233102 0.05252319 0.03549505 0.03896769 0.04555801 0.04512472 0.02991478 0.02757791 0.04505024 0.03753709 0.04826891 0.03723920 0.03436999 0.05891789 0.03552489 0.04864034 0.04704545 0.04135240 0.03595423 0.06687110 0.04112904 0.05090146 0.01814351 0.03338037 0.04398476 0.05445975 0.06231593 0.03377208 0.04938974 0.04080019 0.03247359 0.02517368 0.05307055 0.05477413 0.05557872 0.05850587 0.04030378 0.05830840 0.04520062 0.05066453 0.04698785 0.06236768 0.06596861 0.05273055 0.03226978 0.03908232 0.03711060 0.06108542 0.07131022 0.05530527 0.02950455 0.02569888 0.06441689 0.02934441 0.06727486 0.03221463 0.05005246 0.04005254 0.02773436 0.06370072 0.05595639 0.02632261 0.03909011 0.04345810 0.05334442 0.04046759 0.02695980 0.04396637 0.04199448 0.06947160 0.04058985 0.04026162 0.05151863 0.05275492 0.05831422 0.04418719 0.05865354 0.05964044 0.02163515 0.02052825 0.06808234 0.07839913 0.03672328 0.03282965 0.03063946 0.03358131 0.02612205 0.05258356 0.03413979 0.05592518 0.03044003 0.02204913 0.04626768 0.04859557 0.05457481 0.05712381 0.04887661 0.04943369 0.05387631 0.05915781 0.07880328 0.02639264 0.09095790 0.07374969 0.10821547 0.03893683 0.08769452 0.06882535 0.13049149 0.03618964 0.07533893 0.05097777 0.03160033 0.03948840 0.03389709 0.05736919 0.06810215 0.03957222 0.08397715 0.07268125 0.07610459 0.05288984 0.06355973 0.06926966 0.03930639 0.05792378 0.05394774 0.04826350 0.07547494 0.04275442 0.05668747 0.04870567 0.05595071 0.06168543 0.06865146 0.04474953 0.03890653 0.03357935 0.04187369 0.03800261 0.04878426 0.03602125 0.04769279 
0.03891605 0.03492978 0.03302387 0.05737355 0.05866983 0.05795254 0.04922615 0.09037481 0.07588785 0.06348993 0.07515142 0.10353217 0.05125954 0.12347444 0.11776996 0.00000000 0.08093785 0.05843678 0.09080092 0.11695679 0.07619111 0.05321106 0.04744952 0.06822130 0.07333035 0.09267613 0.05953765 0.03638140 0.06953363 0.05702007 0.05057331 0.03285515 0.05910549 0.04335984 0.05450352 0.04317407 0.02930675 0.07197218 0.07147234 0.02647776 0.03176656 0.04810742 0.02701144 0.03784210 0.06830852 0.02550794 0.04863389 0.05204591 0.05983151 0.05429383 0.04375484 0.04808574 0.04731363 0.04857382 0.03424172 0.05004592 0.05142892 0.05718264 0.03497696 0.04825138 0.04778037 0.02919300 0.04812529 0.04191493 0.04919529 0.05078439 0.04384941 0.06277638 0.04446694 0.04681159 0.07669449 0.08874444 0.05139289 0.03306335 0.04304126 0.09043654 0.04854405 0.05842978 0.04066421 0.04866962 0.06615010 0.04200246 0.05700372 0.02054462 0.02526311 0.05253402 0.05366873 0.07267354 0.06299299 0.03582257 0.04005904 0.03511550 0.05190017 0.04071247 0.04845193 0.07752308 0.03351783 0.02600549 0.04908769 0.02923298 0.01280998 0.04050860 0.05497468 0.05780934 0.04039912 0.02692629 0.04288089 0.03029696 0.03390481 0.05250428 0.02937965 0.06071735 0.10241615 0.04501556 0.05785422 0.05995232 0.08938540 0.05224349 0.01982568 0.04556457 0.04597694 0.04215653 0.09209709 0.05040367 0.06927039 0.04648383 0.02490659 0.08107681 0.04359499 0.02680904 0.05461569 0.07103883 0.04591418 0.07396732 0.04386860 0.07802693 0.05357218 0.06569107 0.08107596 0.06254079 0.06000856 0.04412440 0.04986627 0.04334424 0.04629802 0.04381680 0.04603404 0.10467346 0.06520662 0.05817748 0.04272165 0.03321570 0.01694051 0.06120018 0.02328866 0.06861955 0.04444914 0.09394710 0.07720492 0.06464856 0.05205273 0.04708514 0.05361536 0.06329666 0.04971626 0.05341845 0.02756459 0.04227898 0.05274078 0.05174609 0.03682674 0.05269248 0.06259827 0.05202458 0.03306846 0.03519119 0.02561936 0.03144741 0.02655690 0.02876495 0.03532691 0.04694545 
0.05126325 0.05013761 0.04692127 0.04988014 0.08552434 0.06001669 0.07899873 0.06598516 0.04773363 0.11752452 0.10334938 0.07529291 0.06070029 0.18058441 0.07833493 0.08093785 0.00000000 0.07239509 0.06553486 0.06157602 0.07806036 0.07996757 0.05038408 0.07751228 0.05042032 0.05293596 0.07013921 0.04895259 0.04014169 0.04869031 0.06074861 0.04853621 0.04633295 0.12595566 0.04336230 0.06117312 0.04308793 0.05994973 0.07375497 0.02923934 0.01894070 0.03722581 0.07588165 0.02273988 0.04816472 0.02199169 0.07652964 0.04834390 0.02472102 0.03550935 0.04088687 0.05306541 0.03123750 0.03153611 0.08196035 0.04247788 0.03830337 0.03722937 0.03354963 0.04314674 0.02455675 0.06019819 0.05238866 0.09218958 0.00927833 0.05876669 0.05353465 0.04478499 0.03431249 0.05236227 0.03150673 0.03501187 0.06889415 0.06528662 0.03905374 0.09331193 0.03490099 0.04878340 0.03776643 0.04927544 0.03751328 0.05354749 0.03877361 0.05052432 0.04598230 0.03991206 0.04771011 0.05323674 0.04597488 0.04389100 0.05528303 0.05173906 0.05744345 0.03900102 0.04137424 0.04876111 0.03194144 0.03680841 0.04289524 0.03378145 0.07580005 0.04469051 0.05172289 0.04691376 0.03919198 0.08119727 0.02900341 0.04690597 0.06440528 0.05193405 0.04205772 0.04555871 0.03684730 0.04347608 0.05940680 0.03660982 0.07521968 0.04696982 0.04922104 0.07221827 0.04049545 0.03280179 0.02281146 0.01398884 0.03969916 0.03813269 0.03894660 0.03899850 0.04467839 0.04401440 0.02685122 0.04804571 0.04593868 0.05225760 0.03680448 0.08485402 0.05108975 0.03082440 0.07162819 0.05111155 0.04209081 0.04988133 0.03223780 0.06926017 0.08164069 0.06105242 0.05521731 0.06034944 0.02100521 0.07560858 0.07232366 0.04815576 0.06009557 0.05158233 0.04892486 0.07111732 0.06168195 0.06501946 0.05837168 0.04869968 0.08892075 0.05715514 0.10545956 0.02883904 0.00772869 0.04154542 0.05466566 0.06633877 0.08783442 0.05795357 0.06210435 0.03429691 0.04375184 0.05290944 0.05418766 0.03115719 0.04257075 0.03751471 0.06075867 0.05472650 0.05286906 0.05027938 
0.05306134 0.04394478 0.04276761 0.05384323 0.07495049 0.06435742 0.04248781 0.09710124 0.06937581 0.05733980 0.05388108 0.04113381 0.04107796 0.08617173 0.06551198 0.05843678 0.07239509 0.00000000 0.11602761 0.09565026 0.08314120 0.08474795 0.02348070 0.06278992 0.07924163 0.06747658 0.04944062 0.09847508 0.04082957 0.03651721 0.06066665 0.04338319 0.05199250 0.07844166 0.04754462 0.04099114 0.03804887 0.04228645 0.04423819 0.04664338 0.05001041 0.03494767 0.04153502 0.04526849 0.04742488 0.04361937 0.04540303 0.04550693 0.03349136 0.03905890 0.04485559 0.04726641 0.03634083 0.04104141 0.05793064 0.04776105 0.06351364 0.03712355 0.05260349 0.04704419 0.03749052 0.07013861 0.03626534 0.03641166 0.04480989 0.03908917 0.04818053 0.04953046 0.04171489 0.03158663 0.04780680 0.05259238 0.05210547 0.04846841 0.04273792 0.05714168 0.04412232 0.03633095 0.03649544 0.03880285 0.03916733 0.04228058 0.03253369 0.05630284 0.03241104 0.03884485 0.06229014 0.03756528 0.03893936 0.03209464 0.03663065 0.04931243 0.05287202 0.04556585 0.04129192 0.05898794 0.05356484 0.05604797 0.06379467 0.05177515 0.07360414 0.03167385 0.02996640 0.06610310 0.04131813 0.04359617 0.06147341 0.04838490 0.04924849 0.04751591 0.03255985 0.04459863 0.03710097 0.03987611 0.04729925 0.04721969 0.05600013 0.02581674 0.02333424 0.04696456 0.04276387 0.08307337 0.08562591 0.05606336 0.04011555 0.04022046 0.03707866 0.09025935 0.03845859 0.04254733 0.05864621 0.05272317 0.03282900 0.07211201 0.03856134 0.03382704 0.04585663 0.06061688 0.06393531 0.04724210 0.02560111 0.03312804 0.04957947 0.11951588 0.06278039 0.07620853 0.08399635 0.08248115 0.06206064 0.03453942 0.05787096 0.08350651 0.05011134 0.04778911 0.04431598 0.07145205 0.05190602 0.20107445 0.06688653 0.03370933 0.06249015 0.03020278 0.07752074 0.06445884 0.04766760 0.03583149 0.03796800 0.04874849 0.07003358 0.03476115 0.05645689 0.07316242 0.05533945 0.05145810 0.06354695 0.04788160 0.08109986 0.06740389 0.05388393 0.05449698 0.04852016 0.05401346 
0.06691993 0.04805098 0.04454573 0.04378957 0.05116987 0.04676448 0.07088957 0.03449404 0.04387702 0.08014545 0.05423008 0.05479087 0.03762652 0.11255846 0.04481084 0.09080092 0.06553486 0.11602761 0.00000000 0.10175096 0.04600800 0.05079755 0.07817076 0.05601141 0.02298975 0.04853798 0.05762476 0.08015483 0.03390573 0.04104343 0.02962214 0.04191086 0.05264546 0.09553720 0.04859416 0.05170373 0.06609843 0.03962319 0.03792084 0.02478457 0.08642254 0.02666841 0.04222492 0.05097648 0.07081524 0.07356028 0.06291444 0.05290586 0.04427559 0.05224170 0.03833881 0.03957315 0.04073966 0.03309847 0.04182090 0.04858220 0.04182558 0.04015627 0.07341651 0.05441145 0.05403199 0.05655803 0.04332698 0.03501303 0.04334988 0.04673643 0.05463840 0.04821281 0.02875869 0.06462328 0.05297115 0.04766083 0.08601625 0.06963713 0.04561504 0.07775660 0.06119108 0.06175341 0.03419125 0.03705436 0.03884490 0.03718463 0.02845787 0.05595573 0.04855167 0.04154238 0.06334484 0.06454068 0.04264029 0.03808108 0.04836365 0.03883973 0.05799190 0.04223505 0.04734555 0.06617126 0.04235604 0.04870073 0.05363782 0.05791589 0.06140341 0.07180899 0.04323405 0.04023152 0.03995420 0.06629492 0.03986192 0.03730659 0.03921893 0.03748102 0.03518081 0.03950070 0.03632396 0.03533775 0.03593674 0.05556539 0.04199157 0.03320424 0.02856429 0.05752211 0.07096349 0.05069695 0.05095020 0.04680410 0.04302683 0.03086752 0.03598018 0.05957447 0.04101314 0.03350629 0.02515519 0.04371412 0.05164110 0.05779326 0.04756337 0.06634495 0.06013779 0.04746889 0.06205814 0.05721844 0.09013736 0.07495868 0.05049746 0.04359065 0.04534757 0.05321131 0.02456011 0.10002314 0.05145682 0.08216957 0.05305244 0.05571461 0.07255657 0.02252867 0.04321694 0.03474756 0.06753605 0.05770026 0.07851791 0.06334168 0.06528188 0.05205202 0.12087554 0.06573093 0.03435303 0.03833554 0.08939179 0.03837867 0.07158761 0.06461063 0.05410560 0.08581967 0.06190185 0.05353903 0.05718423 0.04318898 0.04477597 0.06043442 0.05490465 0.06005446 0.06194901 0.05207285 
