0.00000000 0.28403012 0.21418987 0.16843491 0.19646876 0.19627641 0.19911118 0.13340148 0.14656218 0.15049097 0.15026227 0.18304563 0.16913267 0.17907452 0.16987654 0.18526474 0.16398210 0.15038659 0.16418283 0.16627775 0.12652697 0.13174427 0.17092205 0.17087450 0.18712068 0.24237463 0.15802492 0.15103623 0.14329660 0.16648419 0.15797733 0.11249988 0.16916177 0.18017063 0.12987035 0.14456739 0.15153727 0.17098069 0.16561818 0.15570845 0.21277035 0.14776395 0.15915867 0.15639101 0.22098558 0.20342983 0.19658718 0.18688756 0.16111579 0.12153192 0.18246968 0.15038927 0.14694874 0.20160972 0.16156013 0.17231707 0.15156877 0.15410831 0.19593840 0.16842812 0.17142158 0.12489101 0.16018552 0.17087300 0.14115094 0.15162394 0.17690581 0.16855267 0.19307523 0.14576488 0.14811733 0.17939473 0.19113419 0.16650310 0.20567596 0.15519590 0.16597667 0.15663966 0.17063634 0.16609885 0.16579447 0.13188917 0.16338017 0.16720757 0.21376343 0.18180717 0.16699890 0.14870760 0.24671339 0.15605833 0.18484469 0.20061367 0.18333340 0.20832339 0.15940747 0.21873495 0.17476781 0.18571420 0.21920436 0.24329658 0.16813642 0.15706715 0.14637227 0.14602502 0.16637346 0.17515195 0.14665114 0.17128860 0.14710087 0.14987861 0.17674216 0.21003760 0.19165876 0.15791818 0.19099267 0.17636240 0.19713142 0.15638616 0.17844951 0.22866136 0.20644009 0.15839455 0.18281057 0.16790577 0.19423942 0.18068327 0.15051243 0.19802393 0.15556113 0.17517793 0.20699880 0.15310107 0.18411245 0.19426877 0.17826233 0.18103889 0.16531043 0.16122271 0.19683440 0.18508097 0.18989884 0.18678157 0.16003566 0.15890950 0.26732797 0.17778129 0.17614211 0.14771715 0.23032825 0.17769885 0.14743387 0.15159620 0.14772785 0.14666207 0.16675247 0.21044279 0.16777332 0.16683612 0.16853623 0.22983307 0.15805105 0.15575656 0.15939461 0.15207486 0.16347364 0.15219509 0.15080705 0.17371624 0.15077559 0.15923442 0.15110361 0.19146339 0.15822707 0.14699877 0.15481313 0.14905759 0.12051252 0.15425548 0.13825795 0.26643593 0.15341431 0.16151457 0.16242540 0.14428925 0.16061305 0.22424848 0.18951805 0.20292402 0.18170593 0.18222459 0.17750787 0.14871000 0.16583901 0.19271096 0.18212762 0.15681645 0.17802549 0.18295485 0.22146556 0.15846050 0.19198039 0.20172305 0.17675208 0.17358678 0.14237304 0.16470434 0.18350828 
0.28403012 0.00000000 0.37452697 0.38469973 0.17630972 0.19781663 0.11092833 0.16130937 0.13763451 0.17119414 0.16695015 0.24245996 0.21768219 0.15635634 0.11108076 0.08958025 0.10821198 0.15006454 0.20051308 0.14851306 0.19887624 0.16120272 0.17188424 0.16725995 0.15524762 0.18799951 0.17534207 0.14673492 0.12694468 0.14728928 0.12978962 0.16576432 0.20557682 0.13084794 0.15891005 0.20427646 0.18284876 0.13632542 0.09219769 0.19456677 0.23632702 0.12195211 0.10965160 0.14617508 0.12978039 0.21052446 0.19463920 0.18622233 0.15579238 0.26758499 0.12400380 0.20135781 0.13976722 0.24252081 0.21065324 0.10863782 0.17236839 0.17567506 0.15747540 0.13739853 0.18449189 0.12535218 0.13239304 0.14142807 0.11630405 0.15670839 0.11780862 0.12688832 0.18944082 0.19270376 0.22939498 0.19243451 0.13447277 0.19298658 0.15061705 0.17754887 0.15985089 0.10108180 0.19643291 0.20470628 0.13883967 0.12547164 0.12327631 0.15771856 0.14727348 0.19711387 0.10887704 0.11900064 0.15718817 0.18658412 0.12995380 0.21302661 0.16257453 0.19355179 0.15747035 0.20312822 0.18084868 0.15587196 0.17765033 0.22038208 0.10910661 0.22353017 0.19998828 0.19062179 0.11322633 0.10004865 0.13768463 0.15787006 0.13441033 0.17167273 0.14556869 0.17760047 0.14321614 0.14789336 0.10171974 0.09987168 0.15223079 0.16530034 0.21679885 0.15622650 0.21147917 0.14106825 0.17043849 0.14382536 0.17901593 0.22211523 0.14440625 0.13727531 0.13442680 0.18253654 0.18254685 0.17344194 0.14608035 0.20301365 0.21912070 0.23352163 0.33390432 0.20912738 0.25988118 0.39379276 0.49894267 0.43676127 0.43803624 0.24261659 0.18528568 0.15946191 0.20082671 0.10739450 0.09813929 0.22675021 0.16008062 0.15892701 0.14991910 0.13189585 0.25509576 0.07410357 0.16271059 0.15456210 0.12495562 0.19721889 0.25939814 0.13468335 0.17296007 0.18736352 0.10908963 0.12931641 0.19242639 0.18339755 0.13893043 0.14321228 0.14444093 0.13891629 0.17173502 0.18461358 0.14189746 0.15962326 0.10352445 0.17579244 0.20438605 0.16420639 0.20648759 0.15177131 0.23213384 0.22377095 0.27633679 0.21037278 0.21244508 0.22790318 0.12159959 0.14526799 0.18385851 0.12932174 0.21951846 0.10850979 0.18604236 0.12467218 0.15318609 0.17095263 0.19934748 0.14678155 0.13943310 0.15147286 0.21093264 0.17248571 0.17713786 0.18379563 0.16158488 
0.21418987 0.37452697 0.00000000 0.26975489 0.58683990 0.17127658 0.17311271 0.15330135 0.15190525 0.13876730 0.09936768 0.10421755 0.18210140 0.12411054 0.11394226 0.19796469 0.20827521 0.16189693 0.12587630 0.18556443 0.12034882 0.16526501 0.16912495 0.11322432 0.17212218 0.13864158 0.16005290 0.24160470 0.14576898 0.21734879 0.11565864 0.13369872 0.22628821 0.10954481 0.08958324 0.19242381 0.15988844 0.24010698 0.23345534 0.13247638 0.16360100 0.23105951 0.15297392 0.15539531 0.16807195 0.29689366 0.25866486 0.21052552 0.22194243 0.08012930 0.16216880 0.16554909 0.20659591 0.15915731 0.08105605 0.08911992 0.10812520 0.16042284 0.18826861 0.06409497 0.13618363 0.14418317 0.12903212 0.04996148 0.24760664 0.14567002 0.18906872 0.14940325 0.15082916 0.16800115 0.09151927 0.15430538 0.14455634 0.13794606 0.19887174 0.18514776 0.12110844 0.17203616 0.10119237 0.16660474 0.21356495 0.15127622 0.11097370 0.13204339 0.12569435 0.14551199 0.16105690 0.15472062 0.15522790 0.17100442 0.12120319 0.17035849 0.13423499 0.11839791 0.14908665 0.19956811 0.11817295 0.10015226 0.19346463 0.24401767 0.18999010 0.17011891 0.13186614 0.11561414 0.11268798 0.18541245 0.22477562 0.15120566 0.09961288 0.17558838 0.12942909 0.19046513 0.17844673 0.12494117 0.15084104 0.15645607 0.08527220 0.15348176 0.14941745 0.12731709 0.12216613 0.13492689 0.17123103 0.15916615 0.12232917 0.15239419 0.21137142 0.14547529 0.17146273 0.17792184 0.21848083 0.16634909 0.10187476 0.13158441 0.13371920 0.17540380 0.16234867 0.17714772 0.17120670 0.18770686 0.17535689 0.21375436 0.23437703 1.06090946 0.18598860 0.17047454 0.16294366 0.20684398 0.16756024 0.18661198 0.18336000 0.17241906 0.18423771 0.18545721 0.12121957 0.10485365 0.18112974 0.18067155 0.08976633 0.17150367 0.11400120 0.16254280 0.23588318 0.14498849 0.18049893 0.14288888 0.17039511 0.21969996 0.14316354 0.22363401 0.18456143 0.16335695 0.13793982 0.16458044 0.10731587 0.17193505 0.16456224 0.08143702 0.20407528 0.17289527 0.10186710 1.10024408 0.20399768 0.83731123 0.21696789 0.22659925 0.20067135 0.15155708 0.09387008 0.15528843 0.16369063 0.16486570 0.24762094 0.21184537 0.08597283 0.08192682 0.15454856 0.16906864 0.14029641 0.12582703 0.17626342 0.13081147 0.16013288 0.16712852 0.16650818 0.15392674 0.15961608 
0.16843491 0.38469973 0.26975489 0.00000000 0.37601204 0.48087430 0.19005986 0.22144226 0.27561148 0.22114482 0.10831606 0.25248861 0.19661007 0.14043703 0.12976318 0.15854677 0.13666865 0.11907357 0.20873388 0.23586796 0.18453268 0.19877402 0.15927897 0.15792706 0.25622182 0.17230285 0.15088344 0.19604718 0.16862900 0.10059499 0.14118237 0.22115744 0.14846165 0.10999098 0.22067796 0.18390933 0.10154340 0.09451942 0.19295457 0.14599015 0.13879229 0.15095492 0.23449425 0.13919040 0.10291613 0.16887180 0.10905262 0.20109214 0.13252230 0.19478210 0.17459655 0.13716944 0.10115683 0.12320926 0.15499084 0.23216156 0.12231121 0.17273892 0.13848312 0.07017208 0.10868244 0.17827414 0.19639955 0.10726934 0.06018767 0.08873965 0.16345444 0.08464072 0.20829301 0.11261557 0.18964927 0.17633599 0.08445179 0.15378651 0.03515776 0.15992575 0.14246228 0.12289760 0.23141473 0.24055697 0.13486935 0.18164311 0.15959151 0.19381724 0.20532074 0.18096828 0.13337005 0.14544353 0.15750861 0.08057027 0.23057183 0.14993131 0.16759345 0.20503080 0.20958318 0.13141901 0.17319220 0.19014341 0.11669335 0.13430723 0.17427866 0.14015803 0.12704658 0.15091289 0.11109867 0.07688115 0.13337235 0.20393633 0.09991717 0.16146707 0.11006874 0.18271509 0.12246000 0.12302069 0.26723188 0.15783036 0.12722198 0.20280887 0.18407717 0.17887910 0.05356921 0.15755829 0.14354527 0.19203329 0.09072794 0.17843348 0.17703643 0.18909197 0.12336227 0.12966594 0.17137625 0.19195634 0.38825466 0.13273658 0.17698583 0.20877623 0.35441928 0.22950879 0.21010818 0.17373993 0.15213047 0.17782932 0.16961310 0.21507902 0.18875043 0.16709874 0.31242803 0.11377369 0.12144869 0.23825857 0.24009701 0.20521903 0.11828948 0.04000783 0.14508217 0.11809253 0.16077908 0.16806438 0.16774200 0.17764538 0.15704621 0.14919611 0.20025775 0.18845040 0.16252759 0.19520487 0.13308728 0.17269537 0.16345282 0.16026527 0.20036146 0.22867761 0.22239794 0.29715208 0.25234452 0.14967550 0.14461357 0.16926522 0.17379969 0.10909265 0.26889342 0.14497699 0.40059768 0.11548470 0.34706561 0.11385912 0.11973936 0.19628344 0.27408227 0.38475470 0.13716110 0.16865560 0.23880055 0.21209415 0.18194550 0.11909500 0.19207107 0.17242676 0.15651426 0.19741525 0.18020702 0.15280243 0.23074793 0.19942431 0.18903860 0.17478069 0.17509355 
0.19646876 0.17630972 0.58683990 0.37601204 0.00000000 0.20947571 0.28670535 0.23156642 0.19858270 0.10470885 0.22681126 0.26825131 0.16085126 0.18538997 0.15424025 0.15198025 0.16284379 0.07244336 0.12966167 0.11280574 0.21593757 0.16321476 0.16929014 0.11457219 0.17914509 0.18358571 0.11734720 0.18211997 0.14300558 0.18653988 0.09983698 0.21081947 0.16278823 0.16417718 0.22499191 0.19795983 0.07839912 0.16592963 0.30445893 0.14250701 0.06902066 0.20791289 0.37475181 0.11975354 0.14069691 0.54301490 0.22087013 0.83872607 0.24535448 0.18136057 0.12395691 0.13179630 0.17195135 0.14076929 0.15637847 0.13069681 0.16334796 0.19451193 0.10520508 0.09134488 0.09545411 0.19234859 0.15326028 0.15099664 0.08510038 0.14141639 0.15198636 0.16179406 0.14146015 0.18115714 0.13624731 0.21796874 0.09954595 0.13211697 0.16778535 0.14214024 0.23430218 0.16634054 0.09437316 0.12954635 0.12404951 0.18854198 0.21032741 0.15284485 0.11709904 0.16344065 0.14390975 0.12495692 0.11854426 0.17547347 0.09910698 0.13922396 0.20592544 0.12867192 0.11200624 0.09576540 0.13490746 0.07858546 0.16274405 0.12701618 0.08509684 0.09806605 0.14401814 0.15267123 0.13638361 0.16091175 0.16310801 0.16699211 0.13948413 0.18325331 0.13682464 0.15853486 0.13657136 0.16700851 0.16229051 0.17428780 0.16332623 0.10993214 0.15777498 0.13593462 0.15112145 0.20538713 0.17507660 0.13621142 0.16122228 0.24140419 0.12397118 0.17169657 0.14585285 0.16181667 0.12103876 0.09920647 0.16121630 0.10693332 0.05441801 0.18442783 0.21555991 0.13968791 0.11168839 0.17375620 0.09505976 0.19675865 0.15252135 0.78498772 0.14700214 0.32761374 0.17734203 0.22379720 0.10814840 0.14501480 0.12343232 0.18247409 0.16504456 0.12788518 0.11562763 0.14100640 0.17158706 0.19468879 0.23060524 0.16047693 0.15219975 0.14319148 0.17660600 0.12954809 0.23347920 0.11515378 0.17958827 0.08190509 0.15730057 0.21010620 0.14728137 0.17070197 0.14500531 0.15412610 0.14844500 0.18899656 0.10127366 0.20734010 0.24936662 0.46236693 0.11634003 0.73248001 0.26099538 0.20406757 0.18315212 0.13713874 0.20223443 0.16564894 0.12360772 0.20844734 0.12693208 0.15249637 0.18196410 0.19064738 0.16948747 0.11431895 0.21164577 0.18764915 0.13204339 0.18342219 0.11999549 0.22792267 0.11036330 0.14809165 0.14714903 0.15808121 0.17178515 
0.19627641 0.19781663 0.17127658 0.48087430 0.20947571 0.00000000 0.23901226 0.30540125 0.19555457 0.17344532 0.17167466 0.15218787 0.12223297 0.14235550 0.14850465 0.14865575 0.13169295 0.16351245 0.12339335 0.18668688 0.22080158 0.23231905 0.11109082 0.12593564 0.13350364 0.13089991 0.12601484 0.17729285 0.13017208 0.15589733 0.13786532 0.22907286 0.10234907 0.12590240 0.24760490 0.25224535 0.07847686 0.11991035 0.21724124 0.13619460 0.13531765 0.18625820 0.20022665 0.23285989 0.13002983 0.15335184 0.15428345 0.15975883 0.16530106 0.17860714 0.16350352 0.05281366 0.18549466 0.20099497 0.20594915 0.12998934 0.19581908 0.16030894 0.14450504 0.06164753 0.07066504 0.13554471 0.19470760 0.09710653 0.13994966 0.22206725 0.14353947 0.19058720 0.16868959 0.12532233 0.20689365 0.22760420 0.12270505 0.10117969 0.12742943 0.12799338 0.21261780 0.12824322 0.18656925 0.17322702 0.11007749 0.15140494 0.20016562 0.16706399 0.19110414 0.18849948 0.15682741 0.11433327 0.09182012 0.22918401 0.11931265 0.18242671 0.13110743 0.15494274 0.19370403 0.19605225 0.12065065 0.11130933 0.15447979 0.16144896 0.16329396 0.12782494 0.20650292 0.14857436 0.15250541 0.11064783 0.16071027 0.13881768 0.21633940 0.14086018 0.15311320 0.12695004 0.18606157 0.12097977 0.15606073 0.13590680 0.18514392 0.15510227 0.17070704 0.17098240 0.15013454 0.16984441 0.20133216 0.07911111 0.18837823 0.17685238 0.23581114 0.14132178 0.20814831 0.21155165 0.19662903 0.13612975 0.27678428 0.17472856 0.12531943 0.19900064 0.22597037 0.18545528 0.17092610 0.19013268 0.11457689 0.16912687 0.10465575 0.15663823 0.19245532 0.18490408 0.52280937 0.13072957 0.29525359 0.12048577 0.14424050 0.14365371 0.12346308 0.65377570 0.25734519 0.15685757 0.52409896 0.26615753 0.21806244 0.17749670 0.21049159 0.24000364 0.19405541 0.21677936 0.09221457 0.11535369 0.16330139 0.16452898 0.17359755 0.12180956 0.18397911 0.14763050 0.11158504 0.21003152 0.29198860 0.12199398 0.18232825 0.18730686 0.14582321 0.11214244 0.25062488 0.14319536 0.38611723 0.18937735 0.21057067 0.16658218 0.14011933 0.18113257 0.12154637 0.14714638 0.14817125 0.23265219 0.11199145 0.21093586 0.20082541 0.18820916 0.16121838 0.16025081 0.17813198 0.15109585 0.12848656 0.12552605 0.13807605 0.18108678 0.18138841 0.17062386 0.17695741 
0.19911118 0.11092833 0.17311271 0.19005986 0.28670535 0.23901226 0.00000000 0.21578498 0.25465914 0.19020259 0.21092706 0.17635663 0.11856337 0.16661219 0.19376135 0.17899709 0.17234539 0.18396572 0.13018809 0.19839786 0.14159550 0.16820132 0.18769510 0.14484346 0.20146546 0.16587860 0.13558658 0.20156233 0.21799370 0.13568825 0.13591801 0.15411801 0.14423158 0.12925824 0.25229379 0.24043573 0.20407548 0.22146259 0.96159655 0.20368692 0.10600898 0.21197446 0.31264552 0.16987700 0.13376048 0.14493350 0.08356967 0.29927808 0.16360480 0.09270252 0.22651456 0.19432712 0.17651999 0.17564704 0.14797449 0.13762914 0.09818136 0.16327947 0.15516006 0.11909284 0.15721345 0.23280331 0.15467226 0.12207915 0.13359403 0.95388199 0.23003338 0.11611896 0.21991806 0.16837034 0.13210912 0.15928567 0.11182330 0.12833092 0.08537523 0.07154283 0.14637295 0.20764724 0.16191559 0.12296473 0.17461421 0.16084040 0.22112980 0.16521328 0.15062851 0.13894511 0.15746267 0.16683215 0.10578912 0.15620809 0.15715805 0.08294434 0.23988818 0.17756291 0.16027525 0.17425493 0.19258038 0.21285769 0.15527120 0.16359254 0.12027489 0.17754579 0.17489494 0.12662436 0.10831621 0.14221846 0.12971455 0.12881941 0.16528825 0.08898526 0.10395781 0.17920030 0.13788878 0.09645724 0.16062071 0.09335410 0.17030625 0.15784729 0.16609601 0.12440069 0.12533009 0.13120652 0.17895604 0.12354034 0.19518853 0.12929055 0.11363118 0.16477476 0.12758664 0.13900065 0.11432226 0.09607525 0.15603203 0.13492135 0.08680682 0.19117709 0.08070488 0.16118393 0.18280336 0.14086080 0.10173271 0.17923598 0.15901596 0.19811540 0.19151581 0.96195377 0.09807763 0.47229035 0.18115823 0.11579335 0.16482290 0.18290176 0.15781391 0.26580005 0.14934452 0.10865014 0.18994962 0.22348979 0.10592090 0.18024990 0.12508081 0.16686787 0.21958042 0.10691029 0.09714964 0.12675323 0.13918960 0.07814050 0.17445848 0.14025218 0.14469797 0.10216239 0.12804157 0.19467183 0.15648657 0.18257276 0.23294699 0.22123579 0.15427107 0.49574859 0.20735001 0.18902456 0.09001606 0.12342927 0.18208016 0.11119436 0.11009371 0.08267148 0.12097248 0.14741345 0.20026823 0.12154814 0.12838457 0.14256206 0.15803811 0.15306436 0.17718346 0.18829398 0.20257474 0.19355924 0.17041740 0.13667114 0.19153317 0.18063141 0.21571166 0.18661911 0.16842984 
0.13340148 0.16130937 0.15330135 0.22144226 0.23156642 0.30540125 0.21578498 0.00000000 0.63307489 0.44591508 0.23138411 0.19422491 0.13937192 0.17867220 0.34020771 0.15986792 0.16160939 0.20517828 0.15361850 0.18908845 0.22831651 0.21709205 0.21133545 0.11098466 0.16661856 0.19114881 0.15134785 0.26803045 0.22171293 0.20136630 0.18688168 0.24101322 0.15751707 0.14769293 0.22562664 0.17278696 0.17620032 0.13925485 0.16725373 0.17570712 0.13706897 0.14744118 0.18642819 0.15198816 0.15963387 0.12504514 0.13994534 0.15152424 0.15096165 0.14266657 0.19681057 0.15611057 0.21547586 0.27811840 0.23230921 0.27255725 0.15535512 0.37014814 0.17936613 0.13995062 0.16347044 0.23984302 0.14186543 0.14010335 0.14706708 0.14141038 0.13485115 0.12144305 0.12426989 0.09806313 0.12670752 0.18864919 0.16156148 0.15186835 0.13570464 0.19279859 0.14261315 0.16450356 0.14520429 0.16541794 0.17445012 0.35476064 0.20154143 0.12586782 0.24331086 0.16128724 0.15586155 0.15387305 0.22480057 0.16859969 0.14996344 0.13009310 0.17390598 0.15555808 0.17091710 0.14947973 0.12260802 0.13712127 0.14016958 0.16432688 0.13116542 0.12596440 0.15417925 0.20251059 0.12693423 0.13145391 0.16014283 0.14906317 0.11738605 0.14115512 0.14680976 0.16668734 0.12788335 0.14226235 0.14981995 0.14075308 0.20418087 0.14474372 0.15122216 0.13574346 0.16845262 0.12943299 0.16918679 0.12499371 0.19220128 0.16773632 0.15407446 0.17262644 0.18269595 0.17908004 0.17062861 0.17024747 0.18199657 0.19620152 0.15194333 0.18376040 0.15234815 0.15343688 0.12831358 0.10484600 0.17920577 0.17708547 0.18334169 0.14798811 0.16905383 0.16087559 0.18142171 0.15913817 0.20113917 0.23650460 0.27833128 0.27384773 0.12103483 0.19395057 0.14947981 0.12558899 0.14371955 0.12390902 0.20355241 0.15573771 0.15618773 0.16283953 0.13003799 0.16109267 0.16178255 0.18301025 0.19596719 0.18081601 0.19606557 0.16575261 0.17432244 0.17257439 0.18056030 0.11240641 0.14955297 0.15596594 0.29029077 0.21456967 0.17104575 0.13462326 0.16512004 0.14932703 0.19405567 0.15140351 0.15284368 0.15706968 0.14262892 0.14333303 0.18941858 0.14273032 0.17980336 0.16934047 0.20726963 0.14938107 0.13975874 0.11746966 0.11652509 0.12013496 0.11601317 0.11793156 0.11163407 0.14087720 0.10796230 0.13018834 0.14389814 0.16694164 0.18232369 
0.14656218 0.13763451 0.15190525 0.27561148 0.19858270 0.19555457 0.25465914 0.63307489 0.00000000 0.35927818 0.27778073 0.23277869 0.15110963 0.16705736 0.29609918 0.14718798 0.13777127 0.18481129 0.14805187 0.14140601 0.15644365 0.22939423 0.11892081 0.14054962 0.26303281 0.21750287 0.16075384 0.20009292 0.27950032 0.12103310 0.17173085 0.16106046 0.17924290 0.13230154 0.19813556 0.16565818 0.13818948 0.16617702 0.14794386 0.21094807 0.15099900 0.12331888 0.19187524 0.16789551 0.13068715 0.12243371 0.18804689 0.15677741 0.17763573 0.18639472 0.18824794 0.15514249 0.20225576 0.30914433 0.20816451 0.34355258 0.17385598 0.41605401 0.29630559 0.15144665 0.13869481 0.21968748 0.18851788 0.16147220 0.18646179 0.16184586 0.14172593 0.15937616 0.09051020 0.11747944 0.13338599 0.19628822 0.22713277 0.14119643 0.16852324 0.17378425 0.19981245 0.18084049 0.17451966 0.15661119 0.13589702 0.49313656 0.19966626 0.12613517 0.19750901 0.18058799 0.18156429 0.16703184 0.20620432 0.18163561 0.15983573 0.12476417 0.17040363 0.16960846 0.14341129 0.15745395 0.12856043 0.13435298 0.13846970 0.14193681 0.13139552 0.16765247 0.13109625 0.19816328 0.16673530 0.16321075 0.15954986 0.17767700 0.15166829 0.17539261 0.18394198 0.11419814 0.14135955 0.16903729 0.10768668 0.15077015 0.14174490 0.13934990 0.16165460 0.13148654 0.15214407 0.15659351 0.15692652 0.09905539 0.15410707 0.16709345 0.19843380 0.19888438 0.15188779 0.17126918 0.15075822 0.19039270 0.17217791 0.17426892 0.12238893 0.15553490 0.13193014 0.13286911 0.17528680 0.12615408 0.14071250 0.13844905 0.17017069 0.17581326 0.16869887 0.18492132 0.18675878 0.14344799 0.25864187 0.49118003 0.29947002 0.29909709 0.15528297 0.24088158 0.15971011 0.14939533 0.11428470 0.16193752 0.19069818 0.16644943 0.13875256 0.12235683 0.18136826 0.16787903 0.15685550 0.18457761 0.14586394 0.11879938 0.16485443 0.13297522 0.13103011 0.15821963 0.15624476 0.10881831 0.12007648 0.14498483 0.21454314 0.17567865 0.17870736 0.16250366 0.14178370 0.15896867 0.13963033 0.17763571 0.14568424 0.12149374 0.15683927 0.12739281 0.13990248 0.14185160 0.13920004 0.13127254 0.10675345 0.14850711 0.11317091 0.12973286 0.10535578 0.10447229 0.09191148 0.11081369 0.14740102 0.11211519 0.11226806 0.12416694 0.14717980 0.16828131 0.18284363 
0.15049097 0.17119414 0.13876730 0.22114482 0.10470885 0.17344532 0.19020259 0.44591508 0.35927818 0.00000000 0.25009207 0.51129704 0.17212425 0.33143216 0.27212701 0.17100384 0.14134673 0.21491438 0.19845281 0.22023861 0.22158722 0.20670827 0.18360845 0.13860760 0.20220560 0.22539196 0.14674493 0.60192044 0.27823799 0.20465578 0.23094751 0.44101217 0.13442411 0.19654430 0.35725690 0.25916133 0.17959358 0.11128236 0.24793778 0.24011868 0.16161622 0.19241643 0.18565617 0.16289116 0.19327769 0.14328956 0.15031711 0.13832194 0.16272162 0.14655824 0.11392279 0.12818019 0.17739260 0.17954125 0.17702102 0.27133936 0.11172047 0.21524013 0.23819287 0.13857514 0.18731640 0.49186442 0.17062140 0.15737795 0.23445189 0.15876089 0.15671334 0.12971868 0.15865334 0.15412333 0.08884520 0.09853145 0.15097556 0.16335890 0.10912566 0.11814414 0.15808803 0.10887330 0.07362543 0.13632903 0.17651455 0.16363217 0.21324047 0.16355035 0.19203683 0.19058977 0.13573801 0.10964513 0.25869540 0.20745623 0.11378796 0.09384568 0.20199145 0.08573295 0.15131106 0.20678269 0.16467187 0.11494173 0.09651340 0.17400293 0.14615696 0.12528054 0.10199179 0.14086555 0.22042071 0.12726138 0.22786624 0.16666195 0.11113705 0.11469836 0.12693117 0.17941007 0.12169035 0.11258020 0.12743010 0.20460238 0.18668560 0.15419113 0.13519503 0.19744095 0.06465531 0.23413830 0.18359774 0.19045445 0.19305053 0.11800102 0.10741537 0.18860643 0.14719285 0.17729971 0.10071555 0.17078551 0.13118781 0.11150076 0.16749187 0.10150323 0.24585316 0.12953753 0.10338177 0.11647454 0.13761743 0.16972135 0.14899849 0.21133549 0.18152301 0.25965958 0.15119904 0.19741816 0.22552558 0.20361162 0.21708205 0.19624884 0.13777341 0.17449884 0.22251444 0.06733483 0.16592164 0.12327491 0.20294809 0.13221746 0.20688465 0.11881559 0.17765227 0.17072675 0.15166567 0.17404827 0.14824805 0.16484699 0.14933819 0.16542005 0.08444915 0.23649741 0.14294032 0.13343334 0.13124864 0.15074394 0.21636002 0.34070744 0.21777616 0.18117943 0.11351375 0.08857414 0.16200174 0.09073151 0.12293086 0.07631619 0.08759190 0.13546373 0.09241260 0.16902347 0.18537908 0.10311944 0.18534003 0.13324621 0.10860290 0.11576153 0.11437591 0.15955563 0.18584638 0.14939749 0.13465765 0.15421763 0.14486680 0.13815622 0.16029945 0.15477290 0.17802536 
0.15026227 0.16695015 0.09936768 0.10831606 0.22681126 0.17167466 0.21092706 0.23138411 0.27778073 0.25009207 0.00000000 0.34082831 0.24590083 0.21114596 0.41859422 0.73955523 0.12589020 0.17241198 0.15000112 0.21428371 0.26087357 0.21408529 0.16104185 0.15085446 0.12752098 0.20916003 0.18601855 0.25253058 0.99891748 0.18404781 1.33558470 0.35850441 0.11874999 0.13510362 0.54882584 0.30359366 0.07858295 0.13918411 0.14613798 0.17786975 0.21394434 0.03715323 0.12212518 0.09363433 0.16585931 0.07624395 0.08367646 0.22291288 0.17118162 0.11231686 0.13705862 0.18283613 0.13294218 0.17535909 0.12649210 0.18914490 0.16961666 0.21013778 0.19648994 0.22326510 0.19197106 0.27091455 0.14865501 0.13598209 0.11085626 0.16261986 0.15448682 0.14479776 0.13174069 0.15756924 0.11644109 0.12083642 0.11996614 0.13209578 0.13252843 0.07755509 0.16547571 0.12392587 0.13723122 0.17788492 0.21184836 0.15344620 0.24972599 0.14247410 0.17540859 0.14279943 0.09610914 0.25884455 0.17496234 0.19297642 0.12798561 0.18935632 0.16092803 0.13109191 0.14744966 0.17568256 0.10691983 0.16232321 0.09406652 0.13786969 0.16868657 0.20334948 0.12451240 0.19416418 0.19232617 0.10955037 0.10907239 0.18996442 0.14916794 0.12071658 0.15628355 0.17677295 0.12539072 0.14052347 0.13556296 0.17333294 0.13360261 0.08869377 0.12756601 0.19609042 0.13074830 0.18373813 0.06075627 0.16997042 0.13184934 0.16819603 0.08891234 0.17925761 0.12349318 0.13489055 0.04515911 0.10204654 0.14129778 0.15814143 0.15927802 0.14071748 0.09730715 0.08641120 0.09464023 0.16909645 0.15162953 0.13444527 0.11621405 0.08748848 0.13132164 0.14024695 0.20177389 0.23141340 0.19135186 0.19699799 0.25725528 0.22521100 0.18073919 0.21376763 0.18927696 0.24808520 0.18558694 0.11538481 0.12036109 0.09301140 0.08516712 0.15856530 0.16958734 0.12347653 0.13635490 0.17502198 0.11956571 0.17705031 0.17932228 0.13417993 0.14609139 0.13540917 0.10682027 0.20386410 0.10453869 0.20148271 0.34555014 0.16932745 0.17461955 0.12025455 0.16801008 0.17710660 0.14830433 0.12089019 0.17055529 0.12024244 0.16079652 0.13150603 0.10630322 0.14867205 0.15171396 0.17177496 0.15462598 0.15465165 0.16093998 0.13922941 0.15419418 0.15485415 0.16224999 0.18171901 0.12260586 0.12518899 0.11890115 0.17763942 0.16320491 0.16617362 0.16471014 
0.18304563 0.24245996 0.10421755 0.25248861 0.26825131 0.15218787 0.17635663 0.19422491 0.23277869 0.51129704 0.34082831 0.00000000 0.41584789 0.58141246 0.55546909 0.37190069 0.17285037 0.23161852 0.31952939 0.34695160 0.62131831 0.27805782 0.26720103 0.19347147 0.24368452 0.42519312 0.18065853 0.15897369 0.57328315 0.07315451 0.09310452 0.31689582 0.13615178 0.08034907 0.23320323 0.22283982 0.02705125 0.13136782 0.15778928 0.14350166 0.05819426 0.05666562 0.18384586 0.11157813 0.15918437 0.15102480 0.00000000 0.15357909 0.12568427 0.10890792 0.11908578 0.10968400 0.14870578 0.23940874 0.21273494 0.31318784 0.29859312 0.21798176 0.39052070 0.10700274 0.17479506 0.27796046 0.12524289 0.07700807 0.15968019 0.15358022 0.12358972 0.06595006 0.09153075 0.10108648 0.14702904 0.09460070 0.08027252 0.08410041 0.12753896 0.04530856 0.11110960 0.18281714 0.16084388 0.18184458 0.20993379 0.18696569 0.20298240 0.17468954 0.34212946 0.31638622 0.06555500 0.21354634 0.32087537 0.28783450 0.11758550 0.18162249 0.16753310 0.10619471 0.10501838 0.14923263 0.11637684 0.05730158 0.10833974 0.09354318 0.17319881 0.13163929 0.08105444 0.20530922 0.10657688 0.14869253 0.21670881 0.18705909 0.21685119 0.14614015 0.17057736 0.14090242 0.13766757 0.16773437 0.12194727 0.17016186 0.07712878 0.14153940 0.28084913 0.15882154 0.12900177 0.19974774 0.18766702 0.11364267 0.16329329 0.14520782 0.07104990 0.18665382 0.13465667 0.08984683 0.08038707 0.21621529 0.16426651 0.08875791 0.08618728 0.07792918 0.22654223 0.09048857 0.11522088 0.11241365 0.06009012 0.13236697 0.12758559 0.15102578 0.14942078 0.12916612 0.12300559 0.18873223 0.23901903 0.26560336 0.26058451 0.31191468 0.17371395 0.27612845 0.14700451 0.18421719 0.13162555 0.19901182 0.18213617 0.12261334 0.19837354 0.14705403 0.20730113 0.10126173 0.16332996 0.13423356 0.08411146 0.10960017 0.17434037 0.14563181 0.09629544 0.21264412 0.09095276 0.15681723 0.21764090 0.10176101 0.61308461 0.22448320 0.15788966 0.14830389 0.19687584 0.15072595 0.10968466 0.16680636 0.14899247 0.10490172 0.08545880 0.11879415 0.11382983 0.09347748 0.09146629 0.08889037 0.09278651 0.07889859 0.17882210 0.15695837 0.12204585 0.09837185 0.09026940 0.13551093 0.17443187 0.11711369 0.09747331 0.15006357 0.14891383 0.15484041 0.17074049 
0.16913267 0.21768219 0.18210140 0.19661007 0.16085126 0.12223297 0.11856337 0.13937192 0.15110963 0.17212425 0.24590083 0.41584789 0.00000000 0.46283392 0.23398264 0.36017381 0.72437247 0.20535134 0.26934309 0.19764370 0.20125374 0.15458209 0.23954330 0.18704737 0.22858790 0.45485946 0.44669365 0.14834136 0.96960328 0.37824491 0.20456072 0.19663146 0.24604285 0.21616786 0.13725846 0.17042893 0.18675577 0.12105859 0.12695814 0.19406995 0.17252194 0.14368754 0.22786210 0.13089778 0.16053516 0.21317512 0.17587643 0.14988016 0.20668975 0.22224697 0.19948162 0.18800628 0.10500612 0.15781542 0.15479181 0.16434126 0.24070745 0.16190227 0.20497503 0.23054212 0.22968260 0.16051897 0.12299567 0.13323363 0.12709080 0.17056587 0.15265764 0.15730922 0.13470568 0.16888546 0.21004198 0.12189192 0.19074775 0.18192917 0.19051312 0.14046913 0.17177970 0.18956489 0.15872269 0.14793857 0.13215911 0.10979849 0.14331780 0.16958306 0.19713242 0.15965654 0.13520985 0.16193591 0.13800708 0.14955057 0.12615408 0.19809837 0.11640672 0.14777389 0.17276839 0.17534094 0.13572819 0.18074748 0.18458896 0.19218391 0.07549467 0.24463798 0.17167914 0.11619288 0.13377899 0.12515015 0.18379883 0.15456932 0.22676721 0.17590431 0.15861448 0.19205538 0.15742043 0.18408032 0.13181559 0.13901442 0.15361350 0.19225808 0.16279647 0.14224003 0.20962558 0.12057868 0.16132741 0.13917399 0.15431911 0.24982083 0.12768411 0.17011629 0.11914614 0.10542402 0.14685453 0.14309295 0.14272535 0.15944879 0.08203945 0.17032652 0.14103213 0.11953080 0.14718512 0.14685858 0.16315784 0.12273638 0.11567605 0.19208661 0.16975326 0.17077138 0.19627965 0.14488835 0.16246527 0.18807333 0.18946444 0.19498318 0.13134864 0.15360413 0.09733942 0.10710377 0.12429130 0.17644341 0.19069122 0.17600219 0.21647313 0.10715159 0.16746740 0.08888870 0.20321237 0.06457972 0.17490911 0.15989356 0.11061636 0.13594385 0.11411139 0.18414256 0.17704940 0.10919515 0.17564474 0.14134178 0.15050436 0.10979367 0.17953277 0.14422991 0.19666268 0.11020612 0.14893808 0.18759624 0.12026312 0.14461058 0.14535365 0.12050314 0.15372992 0.09659286 0.10365439 0.18596041 0.14783700 0.15450490 0.21882173 0.19667000 0.13660338 0.14541172 0.13255775 0.15024302 0.13265077 0.13502360 0.16411221 0.12528676 0.17193785 0.15742613 0.17268344 
0.17907452 0.15635634 0.12411054 0.14043703 0.18538997 0.14235550 0.16661219 0.17867220 0.16705736 0.33143216 0.21114596 0.58141246 0.46283392 0.00000000 0.32645910 0.27846977 0.31593204 0.23170061 0.71864439 0.17626661 0.67477804 0.29590251 0.15994469 0.45660826 0.28968278 0.61128489 0.22932132 0.22011690 0.21629446 0.14237288 0.14572117 0.17462024 0.12855065 0.05537012 0.16659500 0.12548632 0.06623593 0.10761206 0.20794416 0.13440534 0.06413912 0.15002314 0.15855256 0.15668814 0.15081011 0.12907251 0.06892481 0.14515313 0.10986202 0.13563096 0.13971312 0.08758002 0.16974567 0.21921044 0.19948041 0.22116246 0.23875962 0.19556782 0.21680280 0.17098990 0.12217509 0.24106873 0.15544069 0.13852263 0.13173122 0.20032438 0.15280235 0.09078041 0.07015470 0.17825992 0.10354706 0.11054693 0.14711913 0.18149862 0.16756500 0.15598901 0.13245520 0.13053224 0.11779096 0.14093177 0.18455902 0.21864137 0.13916974 0.24135042 0.17552699 0.16873257 0.12990630 0.27940604 0.28346961 0.32551451 0.16908146 0.22905314 0.20089514 0.15127821 0.14454483 0.26408242 0.17780555 0.16647324 0.12870312 0.10565237 0.16179763 0.16061917 0.13719650 0.16508604 0.13068403 0.12675004 0.19198633 0.17954474 0.12606576 0.11865445 0.19790806 0.20121530 0.14651862 0.23434815 0.19270912 0.12642801 0.22206735 0.20781425 0.15506754 0.12565095 0.18095213 0.23511170 0.14036555 0.12354598 0.14740176 0.21761447 0.12390978 0.17946701 0.13802086 0.10240016 0.13953734 0.10277139 0.13799973 0.09212800 0.09845228 0.14819231 0.21455228 0.06260408 0.13078700 0.14822009 0.11882055 0.16985382 0.14427559 0.12063317 0.20772488 0.20073497 0.22004496 0.15930942 0.20326006 0.20343921 0.20170457 0.26891312 0.13259895 0.16276052 0.27524662 0.21321420 0.17403829 0.21354421 0.15131542 0.13209540 0.10196271 0.13697629 0.15286326 0.17977988 0.10856373 0.10750241 0.06532785 0.09534043 0.18885902 0.20045752 0.08020425 0.11992949 0.21860440 0.16656250 0.13105196 0.12412999 0.26844412 0.16634918 0.19490849 0.18646044 0.23497272 0.14184164 0.13873444 0.10956818 0.12421508 0.15954079 0.11119412 0.16958139 0.09910755 0.16183825 0.13326915 0.11616972 0.14566037 0.11416365 0.21032916 0.08524918 0.11119133 0.16292997 0.10501835 0.12584639 0.13248219 0.13504404 0.13288423 0.12394943 0.17455138 0.14457111 0.16644823 
0.16987654 0.11108076 0.11394226 0.12976318 0.15424025 0.14850465 0.19376135 0.34020771 0.29609918 0.27212701 0.41859422 0.55546909 0.23398264 0.32645910 0.00000000 0.29232806 0.34728483 0.24019508 0.26973700 0.25943559 0.48125281 0.21193489 0.14277452 0.14071868 0.17857395 0.32610207 0.18306441 0.15615927 0.31796762 0.16044377 0.19864505 0.21522976 0.18253106 0.16825191 0.16613868 0.20574066 0.11461158 0.11432021 0.13646879 0.15994105 0.13682529 0.07060158 0.13352495 0.18055965 0.11857731 0.15405122 0.15489849 0.18270029 0.14172710 0.11311090 0.18270257 0.16583526 0.13558598 0.28740418 0.15492487 0.20964634 0.17033247 0.26842954 0.26432181 0.08982479 0.09202019 0.22643286 0.14610504 0.12247353 0.16954653 0.19827125 0.20101121 0.11767948 0.11461416 0.10956080 0.16210439 0.12291459 0.16838112 0.19844922 0.12296364 0.14834181 0.12972989 0.19546708 0.15592045 0.19029553 0.14772206 0.27934707 0.20677240 0.16377095 0.22946381 0.11828640 0.11604254 0.24592235 0.29100322 0.16143273 0.16161998 0.13381583 0.18329126 0.16499603 0.16824792 0.17410060 0.10412881 0.12094397 0.13974647 0.22404989 0.10996352 0.12608582 0.16019251 0.19171105 0.14547388 0.17933439 0.16872579 0.14302249 0.13219818 0.19040067 0.16172680 0.18281617 0.15069203 0.18504812 0.13096847 0.12874129 0.14350383 0.12762239 0.17528298 0.15045709 0.18816670 0.16645102 0.16732434 0.14338222 0.22021735 0.11617967 0.09779986 0.17184777 0.16888105 0.13311570 0.18448270 0.14177757 0.12463333 0.16384275 0.15301436 0.17573260 0.11011680 0.12235533 0.13539628 0.07095745 0.09558716 0.18517589 0.16040679 0.16042899 0.10650933 0.16720381 0.17171273 0.16551367 0.15718441 0.23028124 0.24831879 0.24597975 0.12797949 0.12774906 0.16956772 0.13261066 0.14682236 0.16228334 0.17615061 0.08543298 0.19296539 0.13355554 0.20892108 0.18463989 0.15908779 0.12908425 0.11886850 0.15411887 0.15578486 0.21871416 0.12664625 0.20284284 0.21451995 0.16248354 0.14170244 0.24611976 0.69060781 0.19539987 0.18278975 0.17208505 0.16836121 0.16361954 0.20926390 0.19501538 0.13387717 0.08418036 0.16746843 0.11563655 0.14590579 0.19221065 0.19851043 0.12427343 0.12468656 0.13450807 0.15863272 0.13246949 0.08796476 0.11690107 0.14406202 0.12676734 0.12353001 0.09759683 0.09138330 0.10006235 0.15798378 0.15743411 0.16860874 
0.18526474 0.08958025 0.19796469 0.15854677 0.15198025 0.14865575 0.17899709 0.15986792 0.14718798 0.17100384 0.73955523 0.37190069 0.36017381 0.27846977 0.29232806 0.00000000 0.57892476 0.26070903 0.24063907 0.22757729 0.23724079 0.16408579 0.21859633 0.18710358 0.11809150 0.17481404 0.22374754 0.12755325 0.48279161 0.13956818 0.45736195 0.16300374 0.09598393 0.09091481 0.21392100 0.27022871 0.15620845 0.16480049 0.18583764 0.20916267 0.17314136 0.18316562 0.15846150 0.20549452 0.17021597 0.18012832 0.21583128 0.17114940 0.16384817 0.16776798 0.14850709 0.10896543 0.10479793 0.12286722 0.12108953 0.18771480 0.17306589 0.19768330 0.15614639 0.12613478 0.16639672 0.20404280 0.18874079 0.08009177 0.13052605 0.15290710 0.18571153 0.20347033 0.14445193 0.19348630 0.13024466 0.14025580 0.15634907 0.12717751 0.10348707 0.22922865 0.15980870 0.22969402 0.17694913 0.15922247 0.14178265 0.12660905 0.17583247 0.13320556 0.13748344 0.17284958 0.13602719 0.13646974 0.19981643 0.17990480 0.10880730 0.19768329 0.17317327 0.23250476 0.13812402 0.16416433 0.18363732 0.15854819 0.17993116 0.20600372 0.10345964 0.17845932 0.19710351 0.14365630 0.16339789 0.24872735 0.26594363 0.14820868 0.15778040 0.15282762 0.16458803 0.16369037 0.18783798 0.12151656 0.12414873 0.21612130 0.16121361 0.20302163 0.13912455 0.12362211 0.15170475 0.13239217 0.13385634 0.21755400 0.20688897 0.17272214 0.17825454 0.14744237 0.06955586 0.18815243 0.10303228 0.14134651 0.19841484 0.17829318 0.13239219 0.19178172 0.17614344 0.10705856 0.15765549 0.20549770 0.19889982 0.10659947 0.22386522 0.13514966 0.15556063 0.11440951 0.13414318 0.13599192 0.14538713 0.12967098 0.13179913 0.20618013 0.12756896 0.14685357 0.10107077 0.19651943 0.14689188 0.11475616 0.14018583 0.19099004 0.17163210 0.16725256 0.15125786 0.10943726 0.10079047 0.21176436 0.23638712 0.17058025 0.14646687 0.26553025 0.21341885 0.19104944 0.19082319 0.16480113 0.17926023 0.15498049 0.23608187 0.23626374 0.12217906 0.21454268 0.11821023 0.17758692 0.14988303 0.13622164 0.18434859 0.12225035 0.17448752 0.24651304 0.14198829 0.17870620 0.14837137 0.14722259 0.09579673 0.16483433 0.14927347 0.15241889 0.16090867 0.15950646 0.14831681 0.14198706 0.12930806 0.16524423 0.18979821 0.13514819 0.17240210 0.16719848 0.16478143 
0.16398210 0.10821198 0.20827521 0.13666865 0.16284379 0.13169295 0.17234539 0.16160939 0.13777127 0.14134673 0.12589020 0.17285037 0.72437247 0.31593204 0.34728483 0.57892476 0.00000000 0.36099569 1.15106705 0.21899389 0.18337817 0.12024908 0.17762899 0.22598636 0.11640893 0.23424329 0.16469365 0.20309290 0.14581522 0.12005414 0.14952816 0.19947797 0.15835604 0.14818138 0.13501891 0.14606544 0.20547515 0.14845404 0.14970787 0.21124101 0.16617821 0.13439856 0.21120245 0.17812350 0.17280459 0.17337166 0.16861734 0.14127072 0.22121550 0.15866446 0.17858393 0.09417908 0.08062738 0.21478670 0.08292044 0.16343738 0.11445053 0.12804599 0.17183203 0.21303185 0.12718989 0.16162624 0.12804108 0.19226451 0.09468381 0.15642758 0.13240443 0.13346808 0.22146608 0.19518794 0.14632963 0.12612292 0.21685881 0.16248914 0.16762276 0.14871482 0.15942131 0.21247231 0.22415673 0.20508617 0.12507293 0.19388357 0.15030245 0.24403354 0.12934034 0.11220034 0.15695388 0.20271696 0.18480696 0.16597723 0.20948693 0.38393609 0.18986563 0.20073431 0.24052886 0.13676075 0.18511248 0.18816261 0.19964612 0.17696549 0.10493818 0.18922356 0.17364363 0.14243187 0.24074309 0.18837920 0.12543247 0.22842951 0.21296939 0.12461022 0.12612178 0.20198098 0.17440250 0.21895231 0.17061071 0.08537907 0.16180097 0.20922200 0.18000562 0.20500272 0.13637552 0.16267639 0.15401036 0.20623498 0.09735881 0.25064055 0.11263872 0.16745019 0.20957594 0.13686782 0.08836589 0.13089338 0.19513336 0.12080342 0.19472280 0.19894153 0.21055818 0.12880520 0.17057525 0.15240752 0.18267705 0.21259560 0.20553833 0.12709028 0.15803595 0.09137658 0.15412475 0.20362183 0.14388266 0.12484934 0.13713811 0.13147070 0.12968700 0.16258417 0.15495082 0.13119025 0.13603648 0.14827500 0.17324768 0.11612342 0.15862726 0.15459073 0.15616189 0.11488765 0.22781460 0.15448138 0.11307717 0.16067512 0.14208433 0.22601028 0.19715918 0.11986274 0.11051701 0.16642564 0.19143044 0.18242753 0.16997800 0.18563407 0.14532113 0.12732587 0.19146242 0.12478874 0.14588833 0.16278584 0.15857092 0.17532704 0.15724231 0.18212018 0.08164641 0.09981747 0.17300963 0.20474373 0.23325229 0.14469481 0.12997769 0.14782562 0.16543439 0.12423476 0.17687761 0.13802782 0.15212202 0.14312488 0.13957353 0.14202940 0.16803326 0.16983678 0.15766467 
