0.00000000 0.05769062 0.03805977 0.05160595 0.05700828 0.05453719 0.04806954 0.04246926 0.04835923 0.04278830 0.03701016 0.03965352 0.05634969 0.04421230 0.03736378 0.05867445 0.05120921 0.05456188 0.04242614 0.05972364 0.03900469 0.03968103 0.05971865 0.06074360 0.05973955 0.04307546 0.06218037 0.04442051 0.04191069 0.05698905 0.05422840 0.04101771 0.05610276 0.05972478 0.04265571 0.04219815 0.05828600 0.05147496 0.04025455 0.06846427 0.05745934 0.04409539 0.03742952 0.05665188 0.05251769 0.03826980 0.05025204 0.04800254 0.06573610 0.04304062 0.06692950 0.04593440 0.05459683 0.04600803 0.05182666 0.03620480 0.05242778 0.04841680 0.04920904 0.05909485 0.05698468 0.04299072 0.05297340 0.05586831 0.06048186 0.06443692 0.05585244 0.05410625 0.05550686 0.05320633 0.05435512 0.05615793 0.05749086 0.04692929 0.05277464 0.05468817 0.05207291 0.06067744 0.06368931 0.04335421 0.03951007 0.04641176 0.04151963 0.05601635 0.04249329 0.04830671 0.06251782 0.06242132 0.04508183 0.04533916 0.05977523 0.05281308 0.05959000 0.05526050 0.04829230 0.06855930 0.05417926 0.06185942 0.06612746 0.06745238 0.03782990 0.05680954 0.05305333 0.06222770 0.06118029 0.04788381 0.03964022 0.04336152 0.06132825 0.05121509 0.05869274 0.04695666 0.05098365 0.04995956 0.05706167 0.05010372 0.07515373 0.04202279 0.06487243 0.05539881 0.06468245 0.03637546 0.06349385 0.05635429 0.05431825 0.05728633 0.05157855 0.05716537 0.05536200 0.05909857 0.06106012 0.05249226 0.05689382 0.05917583 0.06315795 0.04546431 0.05012858 0.05903767 0.05818515 0.05086342 0.04788162 0.04197242 0.06062811 0.05516184 0.06168222 0.06040179 0.05380158 0.04498649 0.05174048 0.04996273 0.04662476 0.05102477 0.04165237 0.05190800 0.05561075 0.05997263 0.04485814 0.05688460 0.04503775 0.04865236 0.04546747 0.06189739 0.06153776 0.06899993 0.05836155 0.04995555 0.05778565 0.04546912 0.04296321 0.04072909 0.05029673 0.05020815 0.05414977 0.04459441 0.05572730 0.05595741 0.03894457 0.04901641 0.05753832 0.04901097 0.04645298 0.03815927 0.05098515 0.04216336 0.05371896 0.05733974 0.05440659 0.05846093 0.05071098 0.05392866 0.05693991 0.04621367 0.04417715 0.04539824 0.04844104 0.05801641 0.04335028 0.05499785 0.06197334 0.04784824 0.05661716 0.07083599 0.05518389 0.05064785 0.05838619 0.05868182 0.06804923 
0.05769062 0.00000000 0.06635802 0.04204117 0.05096367 0.03583337 0.03665798 0.05764512 0.06269006 0.04812428 0.03954172 0.08827076 0.06111869 0.06006524 0.06863420 0.05661496 0.03669205 0.07701534 0.03183079 0.04784040 0.06041152 0.06254308 0.04804849 0.05103091 0.05878164 0.03563336 0.05016961 0.05097159 0.05940713 0.05086354 0.06149198 0.03567020 0.04125092 0.05037089 0.04874483 0.06422922 0.05734374 0.05038552 0.06001679 0.04320313 0.05202085 0.06091552 0.07229856 0.03589779 0.04175238 0.03966270 0.03709293 0.07506600 0.04873871 0.09025060 0.06151271 0.05429465 0.06415191 0.07396577 0.10595090 0.04882657 0.05056396 0.05234957 0.07497445 0.03608085 0.04211511 0.04720154 0.03982235 0.05752311 0.06721350 0.03231538 0.05618122 0.03791752 0.04616768 0.05103679 0.08021935 0.04709899 0.02593506 0.04306253 0.03135786 0.05759847 0.06422640 0.04370014 0.05118325 0.07170877 0.05078076 0.05765255 0.04980487 0.03455670 0.07827799 0.06125742 0.04549145 0.05340508 0.05148063 0.04383749 0.05013226 0.05409162 0.05233999 0.08323857 0.05101259 0.03829661 0.06009996 0.05775503 0.05525757 0.05526139 0.05737063 0.05242920 0.04440218 0.06379901 0.04620113 0.05117831 0.03718125 0.03331238 0.03911042 0.06828170 0.04213030 0.05286708 0.05066954 0.05186667 0.05363885 0.03921696 0.05299308 0.05681822 0.06111850 0.06260159 0.04965290 0.04482843 0.04988128 0.06967128 0.04580868 0.04965942 0.06370464 0.05801077 0.03936417 0.04561809 0.06727289 0.04451455 0.03432598 0.04657333 0.04068018 0.05231165 0.06295961 0.04100804 0.06313690 0.06453919 0.05793184 0.10401851 0.06956279 0.06423525 0.08395159 0.05235174 0.02987880 0.02275795 0.04195234 0.05499256 0.07371115 0.06513464 0.04525150 0.02967024 0.04943831 0.03885161 0.04672635 0.04039181 0.04428657 0.04254575 0.04256447 0.04509783 0.04759693 0.06186838 0.04575887 0.06384083 0.04805183 0.05414455 0.06369539 0.03250750 0.05269111 0.05886968 0.05167507 0.05316676 0.02460911 0.02694414 0.05960139 0.06608507 0.07812141 0.04656591 0.05828310 0.05276197 0.04108895 0.04648884 0.05721174 0.06149166 0.03794059 0.03293665 0.04785998 0.05220566 0.04176628 0.05193717 0.05886234 0.05613335 0.07256595 0.05983810 0.05053617 0.05715584 0.06738599 0.05404750 0.05305717 0.05808480 0.06515113 0.05984937 0.05823574 0.05223982 0.05300049 
0.03805977 0.06635802 0.00000000 0.06378310 0.10029584 0.04285062 0.09030583 0.02987644 0.03227431 0.04150674 0.06665374 0.05778405 0.07039720 0.04887794 0.04482521 0.04406673 0.05263278 0.09075934 0.05593257 0.04645224 0.03671989 0.02979927 0.04494690 0.05961230 0.05916454 0.07477003 0.06635883 0.04758746 0.05523638 0.06193915 0.07882153 0.04560322 0.05434964 0.06411806 0.04376227 0.03671004 0.07486393 0.05894077 0.04091776 0.04858437 0.06595237 0.05976659 0.04032757 0.04632909 0.06018455 0.04373170 0.07143392 0.06308114 0.06312143 0.03740518 0.06586332 0.03681001 0.04523368 0.04161347 0.02224082 0.04142682 0.05761870 0.05315081 0.06244606 0.04884765 0.05276359 0.04666165 0.04932147 0.04685135 0.06124289 0.03747097 0.04604406 0.05025218 0.05686891 0.07410329 0.06597058 0.04389556 0.05820718 0.04057449 0.06011430 0.03909399 0.03612466 0.03835785 0.07233994 0.04024498 0.03923303 0.03873153 0.04976239 0.07931639 0.07550898 0.04307763 0.05785632 0.05745028 0.03501027 0.05407829 0.03835821 0.05350456 0.03467157 0.05482482 0.04285941 0.06359706 0.06969466 0.04453477 0.07389222 0.04048487 0.03518136 0.05826345 0.06039635 0.02938536 0.06635751 0.04520703 0.04835426 0.06584827 0.04010907 0.04463325 0.05506919 0.03454923 0.06381760 0.02794912 0.06203188 0.05884695 0.05430896 0.03605600 0.05575203 0.05135516 0.06150847 0.05897369 0.05584294 0.07828600 0.06426289 0.05390235 0.05977583 0.04487436 0.02803894 0.05952881 0.05035948 0.04611974 0.02856530 0.04861347 0.03772661 0.05762431 0.05908448 0.07661709 0.05863955 0.05841407 0.07365028 0.07264574 0.04567981 0.07164823 0.05991088 0.02709463 0.03928520 0.03668315 0.06284280 0.04296437 0.04726309 0.04126914 0.04334104 0.05342183 0.03811493 0.06308966 0.03584715 0.05495908 0.05901532 0.04219973 0.05466583 0.05639175 0.03607472 0.06127930 0.05764437 0.04787269 0.02737318 0.05525123 0.05534224 0.04322463 0.07282833 0.05480956 0.06066963 0.06165265 0.05407770 0.04690582 0.04962792 0.04754297 0.05054098 0.08148086 0.05344814 0.08895087 0.06519065 0.04069750 0.05883821 0.03403085 0.06416189 0.06169610 0.05737019 0.03332526 0.07232779 0.06957035 0.10506983 0.07697700 0.04106935 0.03809944 0.05566105 0.05137667 0.04944838 0.03817375 0.05907014 0.04734469 0.06970263 0.05459811 0.05644277 0.05293211 0.05032383 
0.05160595 0.04204117 0.06378310 0.00000000 0.09577482 0.09831238 0.02403204 0.05711548 0.07765494 0.05475799 0.04647142 0.05553042 0.07225243 0.04252784 0.04536247 0.05977011 0.03397840 0.05365852 0.06255576 0.02762302 0.05139111 0.04097097 0.05877194 0.04039439 0.07183929 0.05170208 0.06148815 0.06503762 0.04401906 0.03548057 0.03613814 0.05815162 0.06124391 0.07124686 0.04227995 0.02532162 0.02995529 0.06001869 0.04754360 0.05467972 0.05187686 0.04321533 0.04928077 0.05062019 0.03235843 0.06816478 0.05534404 0.07477867 0.04149838 0.03490184 0.05802241 0.03370576 0.03734923 0.05294716 0.03195788 0.03593797 0.05467317 0.04138389 0.03631844 0.07478726 0.05255952 0.04558435 0.03403593 0.04513451 0.06021831 0.03046566 0.01850568 0.09537949 0.04466647 0.04834963 0.06092170 0.04156731 0.03269432 0.01516945 0.05256076 0.04806694 0.05922377 0.04094471 0.05839761 0.07379378 0.05485266 0.07909593 0.05204991 0.05631088 0.07430690 0.04859305 0.06361749 0.05534218 0.04686726 0.02937738 0.03141705 0.08096320 0.06073758 0.08011338 0.02001360 0.05530551 0.01808874 0.07400471 0.04621461 0.05435811 0.04761945 0.04055796 0.05489847 0.06598719 0.03825840 0.05818500 0.05831506 0.05682547 0.04172761 0.05329311 0.04273796 0.04952608 0.03658174 0.05065112 0.05537665 0.06242316 0.06217797 0.03773815 0.07875911 0.05670769 0.05865383 0.06420202 0.05004833 0.05426680 0.03302732 0.04608315 0.04623045 0.05152613 0.05442191 0.05481866 0.06567815 0.05676556 0.07463340 0.08251536 0.05540328 0.05500435 0.07863104 0.05236688 0.07199679 0.03143208 0.01808630 0.04763916 0.07263558 0.04905068 0.07018763 0.04557206 0.07819874 0.07501194 0.04509673 0.05893810 0.04209488 0.03639632 0.04254946 0.04082206 0.03263368 0.04946869 0.03839988 0.04461273 0.04262192 0.04535962 0.05461021 0.05538858 0.06812544 0.06422167 0.06201010 0.05608257 0.02941488 0.03735174 0.04985712 0.04001718 0.02332600 0.05563400 0.05893082 0.05327174 0.04106248 0.05623847 0.06118953 0.09642292 0.06386640 0.06552838 0.06493955 0.05869931 0.09639350 0.07877826 0.05525187 0.05509908 0.04535063 0.06332107 0.05581342 0.05175141 0.06592960 0.05216522 0.04269373 0.05662368 0.04216780 0.06302096 0.04079399 0.09781497 0.03950408 0.05257821 0.07052026 0.05232513 0.07512653 0.04775676 0.05096888 0.05336921 0.05078481 
0.05700828 0.05096367 0.10029584 0.09577482 0.00000000 0.03945246 0.05466795 0.07681131 0.05447728 0.03467525 0.07880644 0.03637280 0.05809385 0.03303147 0.04998067 0.05264082 0.06328530 0.05541653 0.02622100 0.04877112 0.06183825 0.04823490 0.06308254 0.02370198 0.04559207 0.08215449 0.06664845 0.04783920 0.08653016 0.08788389 0.06050011 0.05814257 0.05383735 0.03490282 0.04766822 0.08258197 0.06817822 0.06070568 0.06603114 0.08876883 0.05723575 0.05106872 0.06110032 0.05269309 0.03934582 0.05648956 0.06881812 0.11379526 0.04675374 0.03717171 0.05223402 0.05743607 0.07712553 0.06798819 0.04819982 0.03625341 0.04016446 0.05599815 0.04236461 0.06911002 0.04092610 0.07951514 0.05030156 0.06799795 0.05446626 0.05512159 0.05350460 0.03281128 0.02534525 0.06058726 0.03159306 0.04944629 0.04359386 0.05080797 0.04853810 0.06717447 0.05618371 0.06706693 0.04832734 0.02774134 0.03392964 0.08632945 0.06062906 0.05042606 0.04411489 0.03322550 0.07642167 0.05508159 0.06648872 0.04188003 0.07530008 0.04408116 0.04865954 0.04299019 0.02572161 0.04328947 0.03697040 0.04706888 0.04977484 0.07618735 0.03907897 0.05453566 0.04489219 0.04146320 0.05100290 0.05299530 0.06116704 0.05440549 0.03768400 0.06105258 0.06029474 0.04945163 0.05569016 0.05046628 0.07387294 0.06457907 0.05048441 0.03878578 0.04447679 0.04782280 0.04827956 0.04204338 0.04322525 0.05556992 0.03341068 0.07606940 0.04367006 0.04948655 0.03753661 0.07116901 0.05830626 0.04162303 0.06067088 0.03438590 0.06759822 0.04255198 0.03708530 0.03750313 0.03426953 0.05809094 0.04479368 0.04544155 0.05227497 0.09536049 0.04620167 0.03997771 0.04564303 0.06588885 0.03789417 0.05400344 0.05035721 0.03459668 0.04451461 0.07055765 0.04230898 0.05815581 0.03212720 0.05081853 0.07918194 0.04254058 0.03850976 0.05150052 0.05284138 0.06765407 0.05315876 0.07418752 0.05200448 0.07308072 0.04385679 0.06489261 0.05341468 0.05934767 0.05502675 0.05376183 0.06089562 0.04344721 0.05124667 0.06477234 0.04066957 0.05805019 0.03968223 0.08538251 0.04723696 0.08103210 0.06878683 0.02291932 0.04117176 0.03956605 0.05005755 0.05822698 0.03583344 0.04844708 0.05599056 0.06015740 0.04190040 0.05470579 0.07365038 0.04872693 0.04777410 0.04176122 0.05417638 0.03298686 0.03558222 0.03650004 0.04139428 0.04453771 0.04739547 
0.05453719 0.03583337 0.04285062 0.09831238 0.03945246 0.00000000 0.07832647 0.07552204 0.05314031 0.04009011 0.05848074 0.02232932 0.03999086 0.02830929 0.04855791 0.04937823 0.04719221 0.08324213 0.08186969 0.04612310 0.04666223 0.03783462 0.04689732 0.07290700 0.06136662 0.04550401 0.02907289 0.03404749 0.04159002 0.02868373 0.06779904 0.07103793 0.04715777 0.09347243 0.04117671 0.02647512 0.03949603 0.07135102 0.06948829 0.05229235 0.05214868 0.05005950 0.04353287 0.03898327 0.08897859 0.03935926 0.04281069 0.07245259 0.05081643 0.06426944 0.04823762 0.02463134 0.03755932 0.03538299 0.05212877 0.02659967 0.04681051 0.03481595 0.02347148 0.08053469 0.02716296 0.05584136 0.05404978 0.06060003 0.04733093 0.05355629 0.03644759 0.03544900 0.04166220 0.04853326 0.05525972 0.04062981 0.04989576 0.02983111 0.03835182 0.04565258 0.05561141 0.06071323 0.04022322 0.03169670 0.04931122 0.04532348 0.03257760 0.03936305 0.04273245 0.05926410 0.02896348 0.07207827 0.06787035 0.04955380 0.03709398 0.02880986 0.04743062 0.03851649 0.06718422 0.03513674 0.05716256 0.06079401 0.06534478 0.04480726 0.04207921 0.04275311 0.05310399 0.04479168 0.04222861 0.06565268 0.04630562 0.05669038 0.03621837 0.08490061 0.05620329 0.07274540 0.05047692 0.08811936 0.03585935 0.05379393 0.04908195 0.04697709 0.04986843 0.04832570 0.04056513 0.03875798 0.06754458 0.06098647 0.04409281 0.04667648 0.07859429 0.05153952 0.05984396 0.03963273 0.03874829 0.05705414 0.10695452 0.04264287 0.06685612 0.04804143 0.09250128 0.01751398 0.04421497 0.04783535 0.06045973 0.04006757 0.04469049 0.06999204 0.04533682 0.03976594 0.07056163 0.02751798 0.03176102 0.03870660 0.05239427 0.07060207 0.05848618 0.05339232 0.07300614 0.03163372 0.10847318 0.08011051 0.08180680 0.05234786 0.05986655 0.04393278 0.07000189 0.07227821 0.04573332 0.06434923 0.05399186 0.04972874 0.05275138 0.05624308 0.08270976 0.06973740 0.04437355 0.08444228 0.05442098 0.03984319 0.02815665 0.04844367 0.04797159 0.05248367 0.04328502 0.07612447 0.12600418 0.05737983 0.05756210 0.05893961 0.05547141 0.04092436 0.05094591 0.03783979 0.07358630 0.05752130 0.04934605 0.06752609 0.06994241 0.05348382 0.05792529 0.08341398 0.06851669 0.05007815 0.04836500 0.05645702 0.06032371 0.05061413 0.05945355 0.05247053 0.05229676 
0.04806954 0.03665798 0.09030583 0.02403204 0.05466795 0.07832647 0.00000000 0.06546919 0.06971725 0.08094362 0.06809639 0.04571108 0.07445422 0.05983846 0.04945879 0.05661283 0.04650932 0.05230830 0.02123141 0.03766858 0.03639536 0.03807959 0.05915090 0.04300099 0.05075138 0.03948322 0.02749465 0.06021259 0.04186269 0.04990293 0.04521181 0.04782513 0.04643724 0.10049760 0.04716749 0.05416094 0.03330458 0.04902784 0.11778009 0.07386884 0.03386014 0.05655764 0.08121620 0.02981265 0.02611577 0.07266370 0.06038074 0.07277466 0.06800886 0.06787755 0.03944201 0.06561008 0.04037654 0.04614310 0.08588911 0.05628981 0.06283817 0.05897807 0.03979971 0.07064720 0.05264781 0.06709680 0.06343829 0.04012397 0.05633852 0.08228632 0.06636191 0.06697196 0.06692767 0.05170952 0.06712851 0.03453843 0.07001765 0.07980317 0.01566631 0.05440990 0.05565316 0.03961538 0.04357637 0.02740543 0.06833492 0.03965090 0.04386310 0.03252343 0.01882724 0.04552190 0.05275122 0.05374204 0.04406475 0.03836482 0.04830729 0.03023235 0.08336234 0.04751938 0.04201738 0.07633172 0.05210796 0.05564447 0.03754941 0.03947973 0.06943591 0.07193441 0.03899279 0.04416194 0.02221815 0.03120109 0.04225858 0.05290661 0.03309609 0.04411175 0.04510224 0.05810415 0.05792328 0.06707517 0.06107162 0.05435782 0.05047967 0.04022979 0.05905768 0.05081432 0.06397883 0.03507526 0.05185938 0.04319450 0.05637583 0.06801280 0.05633506 0.05045381 0.04559687 0.07272211 0.07849582 0.06717328 0.03426181 0.05402054 0.07389929 0.00959669 0.07286073 0.04847433 0.05778585 0.05169049 0.07520413 0.05446815 0.04136337 0.06149092 0.03405836 0.14955628 0.02407022 0.05405995 0.01943036 0.05491765 0.06310678 0.07086127 0.06448411 0.05786384 0.07648397 0.04456075 0.01928948 0.06553545 0.04395021 0.06939943 0.03211662 0.06497256 0.05566540 0.05358066 0.04357625 0.05891261 0.07285610 0.04992595 0.05042738 0.05196486 0.04740175 0.06558154 0.05972139 0.05740077 0.03237138 0.06663620 0.05086866 0.07304272 0.02701287 0.11671548 0.03753156 0.05309960 0.05655921 0.04466992 0.04846689 0.05077244 0.06229196 0.03132851 0.02404417 0.05712768 0.04494692 0.02549789 0.03725946 0.05948155 0.04018509 0.04088481 0.03673676 0.05545387 0.04742873 0.04580943 0.06115718 0.03929065 0.03974004 0.05008593 0.05553107 0.06002466 0.05309670 
0.04246926 0.05764512 0.02987644 0.05711548 0.07681131 0.07552204 0.06546919 0.00000000 0.10815018 0.11566174 0.09967104 0.07626121 0.05300722 0.07071088 0.09102537 0.04201433 0.04570951 0.07376356 0.06191935 0.05557404 0.08959604 0.13112744 0.04776548 0.04001042 0.07512081 0.04877811 0.04578685 0.06586280 0.08153828 0.03829093 0.02944402 0.06005694 0.06136287 0.03252374 0.07581320 0.06380448 0.04271544 0.03886017 0.05096547 0.04314091 0.07491586 0.04169701 0.06966541 0.03986093 0.03271557 0.04282087 0.02819402 0.05946385 0.03587930 0.04122120 0.05747180 0.06601177 0.07871019 0.09331510 0.06104692 0.08004165 0.05836411 0.09268948 0.04945259 0.03214652 0.05256269 0.07147616 0.04533916 0.04338398 0.04639221 0.05778684 0.03437274 0.03168201 0.01625591 0.00813813 0.03742908 0.03425927 0.04867499 0.05046270 0.04008438 0.04728269 0.04110580 0.04041152 0.06871665 0.04380036 0.06815782 0.12376938 0.09499262 0.05548073 0.08735075 0.09159312 0.04946304 0.06426147 0.12671388 0.06824890 0.04300562 0.05322307 0.05147906 0.04120667 0.04607958 0.05883317 0.04834309 0.03573133 0.04019432 0.05741611 0.04293673 0.04158330 0.05032891 0.07378975 0.04750030 0.03608936 0.02879614 0.04375660 0.04609312 0.03525791 0.03280914 0.03342983 0.02668591 0.06753564 0.04515329 0.03862471 0.08817678 0.04348787 0.06168376 0.05147242 0.04074365 0.04961813 0.04834444 0.04000192 0.06994526 0.04604544 0.04644439 0.05411442 0.04388454 0.05716221 0.04113389 0.06807144 0.04411641 0.03186180 0.05005848 0.06374100 0.04577012 0.04301174 0.02169870 0.04253362 0.04767130 0.04628145 0.05811605 0.05032971 0.05782222 0.04356245 0.04627360 0.07444396 0.04966914 0.07368428 0.07375685 0.08740752 0.03840892 0.07957723 0.05748194 0.04997849 0.04406248 0.05721938 0.06856908 0.06511730 0.04804221 0.04468965 0.05344461 0.04542669 0.04359724 0.05469585 0.04939707 0.04340080 0.05760211 0.06656315 0.05759944 0.05594882 0.07005175 0.04673814 0.03469001 0.05111560 0.04931419 0.06127455 0.04900483 0.06113175 0.05912847 0.04902375 0.04167925 0.05159464 0.04154845 0.05362940 0.04952829 0.03565167 0.04389951 0.05274925 0.06377617 0.03534666 0.04311064 0.03588602 0.03462526 0.03002690 0.01190872 0.01234930 0.00000000 0.02517150 0.01861531 0.00476776 0.01675278 0.03669881 0.04119301 0.04437317 0.05168162 
0.04835923 0.06269006 0.03227431 0.07765494 0.05447728 0.05314031 0.06971725 0.10815018 0.00000000 0.09828200 0.07951356 0.12815490 0.06403750 0.05916757 0.07169565 0.04216945 0.05020962 0.08024839 0.05663634 0.03355049 0.07922441 0.09855639 0.03290166 0.04874708 0.10165046 0.06588090 0.03918824 0.05826511 0.07429465 0.04390023 0.04498791 0.04788749 0.06769057 0.04443803 0.08043879 0.04872949 0.05550235 0.04233812 0.05501299 0.04509192 0.05885237 0.05575919 0.05181622 0.06354323 0.02031531 0.03249241 0.05855571 0.06247387 0.04544273 0.04474316 0.04832952 0.04682974 0.06748368 0.08012425 0.03904287 0.09389358 0.08089990 0.07610267 0.07369354 0.04507735 0.04846405 0.06469259 0.04364203 0.04339912 0.03989742 0.03860272 0.03375861 0.02920676 0.02584445 0.02541274 0.04357233 0.04925011 0.04439385 0.04654913 0.05270516 0.05958028 0.05473440 0.04524040 0.06535142 0.04753371 0.04490911 0.08955630 0.04916968 0.05372973 0.07903052 0.05986500 0.04726180 0.03317745 0.06163531 0.03548372 0.06452403 0.03554305 0.04474381 0.05440805 0.04337371 0.05966261 0.05424675 0.05185069 0.05189223 0.05045099 0.04304614 0.06051200 0.04282358 0.07477490 0.04188606 0.05362329 0.04330475 0.04859774 0.03146604 0.03857555 0.04437855 0.05265016 0.05194200 0.03274660 0.04996690 0.03131357 0.03718049 0.03788148 0.03773044 0.05659124 0.03585113 0.05802717 0.07798138 0.05223441 0.04805397 0.05583239 0.04118302 0.05773804 0.06280889 0.03385114 0.03266860 0.04834485 0.04211689 0.04139124 0.04498665 0.05144736 0.04479288 0.04255480 0.02374582 0.03437739 0.05190692 0.04637337 0.04574773 0.06345738 0.05908990 0.07144759 0.05025080 0.05747757 0.06469418 0.14081925 0.06531059 0.09087164 0.04280889 0.06670789 0.02746933 0.04269578 0.05243868 0.05189614 0.05330557 0.05494466 0.05123137 0.03188066 0.06653907 0.04754307 0.05426259 0.06727618 0.05532823 0.04128818 0.04931737 0.03871946 0.04124642 0.04353365 0.03812531 0.02306331 0.03901349 0.04813543 0.04599534 0.04418445 0.06840520 0.05724171 0.05809899 0.05729538 0.03824516 0.05486773 0.05169905 0.05252540 0.06705952 0.04710477 0.04716168 0.05463272 0.06829747 0.05803607 0.05402769 0.04783811 0.03867247 0.04270232 0.04007828 0.03265844 0.02206222 0.03571082 0.03277050 0.02869324 0.03401150 0.04773310 0.04780332 0.04999561 0.05467071 
0.04278830 0.04812428 0.04150674 0.05475799 0.03467525 0.04009011 0.08094362 0.11566174 0.09828200 0.00000000 0.06961752 0.20054857 0.06151770 0.09847776 0.08185229 0.04963366 0.04447477 0.03848629 0.08397630 0.07980542 0.08791443 0.07987807 0.05861534 0.03041068 0.06328313 0.07025463 0.05253441 0.15245879 0.07584548 0.04386630 0.02913181 0.08868798 0.08612809 0.04745375 0.07559668 0.03989108 0.02734909 0.02994056 0.05556657 0.05036459 0.06674525 0.06914565 0.07443412 0.04603790 0.02870028 0.04277295 0.02855908 0.04920616 0.02514506 0.03532136 0.07547335 0.06089246 0.06415734 0.05595278 0.06361747 0.06562425 0.04762098 0.08279694 0.07395610 0.05125168 0.04750210 0.09551938 0.03477089 0.05458755 0.09640515 0.06609622 0.03918799 0.03326160 0.05091139 0.02180152 0.02458841 0.03013087 0.03642573 0.02780853 0.03275725 0.05276669 0.04727671 0.06290702 0.02124746 0.03730880 0.05355671 0.06596360 0.05304291 0.07769105 0.07343082 0.09721949 0.02513685 0.06535303 0.08081794 0.09059023 0.02532930 0.06806606 0.07649310 0.07566910 0.03678650 0.07017995 0.06429955 0.02198114 0.02285774 0.05172941 0.03317651 0.05091630 0.04468062 0.04482952 0.06749669 0.05239634 0.03880273 0.07099793 0.03279939 0.02489065 0.03763278 0.05582522 0.03613490 0.06418068 0.05378920 0.07189979 0.04706621 0.03670255 0.05357953 0.05179596 0.05564112 0.07440778 0.02855323 0.03599182 0.05248058 0.04557685 0.04077956 0.05533860 0.04284779 0.04915966 0.03400869 0.04080822 0.03300647 0.04852795 0.03803660 0.05378399 0.05385839 0.03161198 0.02949609 0.06574395 0.03697867 0.04805326 0.02250839 0.03232079 0.04256293 0.08568459 0.03249799 0.05358363 0.05585088 0.07034865 0.06429048 0.09461858 0.06279059 0.04569200 0.08233635 0.06490209 0.04987323 0.03015948 0.05007578 0.05042389 0.03871828 0.07143976 0.03817070 0.04726281 0.03674289 0.04385568 0.03126297 0.04277733 0.05313085 0.04864206 0.06287678 0.05476039 0.04064328 0.04012286 0.06612330 0.03336697 0.06143162 0.07411256 0.03749843 0.08204940 0.06578617 0.04960806 0.04415991 0.03927070 0.05230450 0.01449547 0.04229985 0.02741263 0.04418129 0.02861515 0.07652424 0.04104430 0.02478336 0.05062340 0.03812828 0.03301525 0.03691631 0.02838210 0.03290469 0.02996151 0.02164821 0.02547316 0.02933418 0.05530271 0.04804099 0.04454950 0.05083243 
0.03701016 0.03954172 0.06665374 0.04647142 0.07880644 0.05848074 0.06809639 0.09967104 0.07951356 0.06961752 0.00000000 0.06715241 0.07734129 0.07441526 0.07122013 0.07200360 0.06971240 0.05285221 0.07311992 0.04647800 0.07528069 0.07842732 0.02932769 0.06167327 0.06176320 0.07188888 0.06278959 0.08574886 0.11447925 0.03619352 0.12445105 0.10840655 0.04227124 0.05215891 0.09823538 0.07488904 0.05041240 0.06196375 0.05002729 0.04970663 0.04280564 0.05034282 0.04291179 0.04045147 0.02978844 0.05891353 0.06490970 0.07127494 0.07473131 0.02741937 0.05214735 0.04976360 0.04542405 0.07166789 0.04815820 0.07697508 0.06980901 0.05582236 0.05562170 0.05342654 0.02473017 0.05466899 0.04919834 0.05076597 0.05326964 0.03128969 0.03893546 0.02033052 0.03612830 0.03784514 0.03985919 0.05593681 0.05526792 0.04668960 0.07031881 0.05170993 0.04443395 0.04655919 0.04365636 0.03816354 0.04297700 0.06989478 0.06856257 0.03307048 0.07333366 0.04760232 0.03216460 0.04938919 0.06513357 0.05094164 0.05474159 0.05491510 0.04860596 0.03290328 0.06507149 0.07517129 0.05738774 0.03835373 0.02364257 0.06173724 0.05557300 0.06731920 0.05627141 0.04008815 0.05079327 0.04171088 0.04982362 0.04190227 0.04008957 0.04560664 0.03308429 0.05965734 0.04588023 0.04445802 0.04576938 0.04986078 0.04646556 0.04222457 0.05024690 0.04169759 0.05667635 0.07718065 0.05255403 0.06453392 0.05573185 0.04440649 0.02069998 0.04619044 0.02652862 0.03822703 0.04652922 0.05802697 0.04741852 0.07456012 0.06425382 0.05470329 0.05314762 0.03918360 0.02685786 0.04287746 0.04192725 0.06088703 0.04522284 0.07165797 0.07940765 0.06356202 0.04916525 0.06885100 0.05258975 0.07121691 0.05490332 0.03893970 0.05827227 0.04376953 0.05823445 0.05138525 0.04711707 0.03457146 0.05872762 0.05794222 0.06483832 0.04473098 0.04690942 0.06619925 0.04561748 0.07339135 0.03989389 0.07258425 0.03558118 0.04549188 0.08541549 0.05196506 0.05934304 0.04435971 0.04763687 0.03791273 0.06036261 0.07010637 0.06602136 0.04808131 0.05954328 0.05207597 0.04278593 0.08196596 0.03567741 0.02975883 0.01817858 0.02778848 0.03956943 0.04431354 0.05090350 0.04434586 0.05570778 0.06564940 0.05853719 0.03042087 0.03798009 0.03407608 0.03739070 0.04224738 0.02533140 0.03253306 0.02199178 0.03766721 0.04447060 0.03889190 0.04805123 
0.03965352 0.08827076 0.05778405 0.05553042 0.03637280 0.02232932 0.04571108 0.07626121 0.12815490 0.20054857 0.06715241 0.00000000 0.04025104 0.16229008 0.10059586 0.10191656 0.08070816 0.05960581 0.06855264 0.05655178 0.10857837 0.10105542 0.04768892 0.03979815 0.07497723 0.06800624 0.05427038 0.09236925 0.08566781 0.02296453 0.06514603 0.06385500 0.04862428 0.04005626 0.05388449 0.04718393 0.04441758 0.03727931 0.05262900 0.03428472 0.01791551 0.04897452 0.04705237 0.04138156 0.04068379 0.03727060 0.04047701 0.05209808 0.03846642 0.02490376 0.04300415 0.03305109 0.04819851 0.05242502 0.03145297 0.05296845 0.05115878 0.08752492 0.08995376 0.03436955 0.05706245 0.10124736 0.04493668 0.07000258 0.04598852 0.05923909 0.03663782 0.02481089 0.05067924 0.03282018 0.03480532 0.03946681 0.05369188 0.04731018 0.03642288 0.02985489 0.02947840 0.02340991 0.04817374 0.05924081 0.04361215 0.07541927 0.04726839 0.04306018 0.09754293 0.08103845 0.02748463 0.04734169 0.07573184 0.09585287 0.03814211 0.06700909 0.06326764 0.06078215 0.03059019 0.04957362 0.04871072 0.02920609 0.03967005 0.04641207 0.03725767 0.07384267 0.05253107 0.05161255 0.04981319 0.05841310 0.04703362 0.06449301 0.03581333 0.02853854 0.04230418 0.04534460 0.06293951 0.05088644 0.04832742 0.04452729 0.03090095 0.03292819 0.05210457 0.04936649 0.01936274 0.07470362 0.04223725 0.03986770 0.04570543 0.04215052 0.03725998 0.06204287 0.07098263 0.06589758 0.03957303 0.04986972 0.06899061 0.05398152 0.05074116 0.08971055 0.03520312 0.02584743 0.02488594 0.04732644 0.05937563 0.05855898 0.03493498 0.04278028 0.04370173 0.03812529 0.04937105 0.06244324 0.05453771 0.10031568 0.05488766 0.07380792 0.04776345 0.05353460 0.03924963 0.06318221 0.03768963 0.04067941 0.03467151 0.05424442 0.05074709 0.04777256 0.03434026 0.04481341 0.03005345 0.06074333 0.03914518 0.04164748 0.05558455 0.09306817 0.05591006 0.06372728 0.05731449 0.04427548 0.07770178 0.06335351 0.08740380 0.02851498 0.05776501 0.04859099 0.04666075 0.03782463 0.04242735 0.06028256 0.03168847 0.06393672 0.03918303 0.04357139 0.03711701 0.03772422 0.03906193 0.04897129 0.03117930 0.04406348 0.03236817 0.07049093 0.06026930 0.04986694 0.04316632 0.05574542 0.02480114 0.02864413 0.03292720 0.06121294 0.04500445 0.04110828 0.04936567 
0.05634969 0.06111869 0.07039720 0.07225243 0.05809385 0.03999086 0.07445422 0.05300722 0.06403750 0.06151770 0.07734129 0.04025104 0.00000000 0.05585475 0.05908695 0.09318407 0.09929585 0.08485254 0.05961189 0.05558087 0.05826392 0.04974988 0.03635055 0.05625950 0.03394509 0.09281648 0.08856416 0.06459457 0.14904469 0.06287099 0.06575566 0.06620929 0.04773859 0.07403802 0.05982502 0.04027409 0.06497549 0.05761842 0.04345162 0.03197901 0.06780058 0.05987755 0.05139081 0.07693473 0.05553455 0.04994782 0.05087063 0.03357986 0.06181729 0.04522784 0.03834997 0.04582503 0.06565268 0.05058427 0.05727678 0.06096008 0.06084118 0.05199438 0.04021978 0.06396159 0.06665263 0.06145008 0.04354195 0.07681746 0.06592541 0.03252779 0.03566678 0.05252083 0.05220603 0.03486944 0.04822043 0.04230571 0.05713705 0.07089543 0.06189512 0.06101449 0.02299586 0.04716416 0.03651260 0.03625939 0.04057515 0.03982047 0.02563285 0.02902339 0.04727630 0.04980254 0.05878384 0.03767067 0.06042103 0.05497721 0.05861091 0.04176947 0.05069446 0.05820677 0.05400026 0.04321564 0.08525005 0.06331645 0.06292560 0.03672531 0.03431872 0.06509095 0.04465459 0.02575445 0.03954963 0.05306274 0.04515978 0.05071916 0.05449518 0.03156092 0.04676354 0.04316236 0.05424394 0.06385385 0.03360867 0.05993116 0.04711424 0.04276160 0.05934961 0.05086266 0.04932538 0.06939101 0.06718749 0.05752040 0.02653172 0.04371385 0.06128784 0.05074398 0.04764275 0.05807168 0.04395469 0.02909760 0.06425275 0.05576724 0.02307487 0.04524966 0.04151308 0.05452551 0.05463544 0.04201710 0.04932160 0.07440905 0.03941834 0.04753201 0.04267806 0.07153818 0.05529283 0.04926358 0.05935580 0.05370275 0.06649292 0.07587177 0.04223357 0.04401793 0.03095266 0.05186910 0.07117834 0.05871729 0.06556027 0.05469902 0.07570327 0.04630565 0.05621088 0.06270232 0.06102396 0.06413210 0.06380456 0.03577272 0.06034012 0.03487391 0.07552686 0.04152805 0.04535525 0.04887220 0.04747716 0.03666780 0.04921401 0.08583670 0.06774222 0.04062966 0.06298396 0.05522330 0.05367486 0.03616763 0.03663377 0.05144194 0.05710114 0.05859588 0.07090102 0.03739273 0.03678860 0.03912029 0.06437099 0.06688706 0.01829448 0.03431875 0.03960019 0.03845556 0.04464538 0.04572987 0.04689564 0.04536741 0.04746725 0.03900526 0.04808025 0.04437452 0.05899031 
0.04421230 0.06006524 0.04887794 0.04252784 0.03303147 0.02830929 0.05983846 0.07071088 0.05916757 0.09847776 0.07441526 0.16229008 0.05585475 0.00000000 0.11210684 0.06044821 0.09081518 0.05879064 0.13833992 0.08495184 0.18616562 0.06158621 0.06649252 0.04567957 0.06213220 0.10558299 0.03957364 0.09112576 0.05116892 0.02243960 0.04588466 0.05091370 0.07225337 0.04810638 0.06295822 0.10178131 0.03710056 0.05486183 0.07630996 0.05120105 0.02353529 0.04278203 0.04713749 0.03477933 0.04037147 0.04517387 0.02437600 0.04781966 0.04288594 0.04532228 0.02646753 0.05573290 0.06232584 0.04225074 0.04141502 0.08626008 0.04463717 0.07122439 0.09888816 0.03610652 0.03924189 0.09257677 0.04096487 0.04730281 0.06219636 0.05668360 0.04609707 0.06428498 0.05984563 0.04711292 0.04902733 0.02556910 0.05213906 0.07167770 0.03433309 0.06766113 0.02482491 0.04119585 0.02399012 0.05343757 0.06979421 0.07546166 0.06136563 0.05266840 0.05300252 0.06800209 0.03415320 0.05278249 0.08201822 0.10853713 0.04561119 0.08570319 0.06262811 0.03803548 0.04230671 0.04252043 0.05740344 0.05458526 0.03915929 0.03701661 0.05960513 0.04763414 0.04259160 0.03245121 0.05905931 0.05269098 0.05701718 0.07623536 0.03734942 0.05422911 0.05869175 0.06075996 0.03880990 0.06248557 0.06265532 0.05013347 0.04810124 0.02822346 0.05121478 0.04295692 0.05355378 0.07731145 0.02309714 0.01880711 0.04777294 0.03418518 0.04582335 0.05274310 0.02823709 0.04496254 0.03143806 0.02939372 0.06617673 0.05119527 0.03361663 0.02404180 0.05124727 0.02874691 0.03752278 0.06746041 0.04047456 0.04815732 0.05957500 0.04118128 0.03922534 0.04638464 0.04700238 0.05212082 0.03917364 0.05024111 0.05389477 0.06529583 0.06003767 0.06188116 0.04872631 0.05293057 0.05004261 0.03224985 0.05339737 0.03483653 0.04420348 0.03014257 0.03154627 0.03679170 0.02201495 0.04210926 0.03306474 0.05648427 0.06395221 0.04914963 0.03782970 0.06199025 0.05012022 0.07684774 0.07137682 0.04792996 0.07245121 0.06015831 0.03669705 0.06522589 0.07780188 0.04121356 0.03931304 0.03279669 0.05453697 0.06743534 0.05601058 0.04573872 0.04243052 0.03468124 0.04841975 0.04619620 0.04554171 0.04592042 0.03753082 0.02702377 0.03306253 0.05985497 0.03883101 0.06211382 0.04430104 0.05615434 0.06221018 0.04328328 0.04088495 0.04471467 0.04704239 
0.03736378 0.06863420 0.04482521 0.04536247 0.04998067 0.04855791 0.04945879 0.09102537 0.07169565 0.08185229 0.07122013 0.10059586 0.05908695 0.11210684 0.00000000 0.06910324 0.07364639 0.04743422 0.08302515 0.05711036 0.17542630 0.09318305 0.05203089 0.02660615 0.06228172 0.06882320 0.03817704 0.05418104 0.10624772 0.04934953 0.06566165 0.04633377 0.04246764 0.05448392 0.09275967 0.06030482 0.01447158 0.03601925 0.06829025 0.04445368 0.02562564 0.03314272 0.05269896 0.04291457 0.03735148 0.03486925 0.02309391 0.05147538 0.06190021 0.03870998 0.05631409 0.06459157 0.05253197 0.07848363 0.08561050 0.07575176 0.02660518 0.07239484 0.09067801 0.02567514 0.05103389 0.07677641 0.06692120 0.04933597 0.05109662 0.08268134 0.03947916 0.01504632 0.03626402 0.02920777 0.03456238 0.04419253 0.05495757 0.06646957 0.05390351 0.04988023 0.05760167 0.03059088 0.05116141 0.04378822 0.06313018 0.08342710 0.07386564 0.05377670 0.09173375 0.05935517 0.04344222 0.07078000 0.08272805 0.05012430 0.03531875 0.04184277 0.05369731 0.05166010 0.03668068 0.06218627 0.03621573 0.02197187 0.02003251 0.05231149 0.03396100 0.04870099 0.04783276 0.05033162 0.05776080 0.03789822 0.05714647 0.05172562 0.05233471 0.04578816 0.05356298 0.04879152 0.05401455 0.04891766 0.03394734 0.02775021 0.05126110 0.04270616 0.04773785 0.04808853 0.04247342 0.06818610 0.03442272 0.03273441 0.04188619 0.07139669 0.04219981 0.05729525 0.05357664 0.05028719 0.04447589 0.06371204 0.03355728 0.05794826 0.04199490 0.04472936 0.03887775 0.03805998 0.02988867 0.03266550 0.03841240 0.05233451 0.06998877 0.05958403 0.06209143 0.03740973 0.02867719 0.04715865 0.06219902 0.07069587 0.05473880 0.08528914 0.04514662 0.04574071 0.05419233 0.06021593 0.04286945 0.05259865 0.06878677 0.05944543 0.05197667 0.04037800 0.04299952 0.04778716 0.04666452 0.06240798 0.05114329 0.05367148 0.05568882 0.09198555 0.06702818 0.05778275 0.05520817 0.04771531 0.04072185 0.04210612 0.10380620 0.08154628 0.07058588 0.06428779 0.05863941 0.04152593 0.04881990 0.05948867 0.04551767 0.03568333 0.06310257 0.03741327 0.04734724 0.07716061 0.07640258 0.03755825 0.05041051 0.04458960 0.05079342 0.01663814 0.03231156 0.04928197 0.02103599 0.04972397 0.02296966 0.00533506 0.02796562 0.03456512 0.03796562 0.04819137 0.04809480 
0.05867445 0.05661496 0.04406673 0.05977011 0.05264082 0.04937823 0.05661283 0.04201433 0.04216945 0.04963366 0.07200360 0.10191656 0.09318407 0.06044821 0.06910324 0.00000000 0.06142514 0.05811378 0.04896793 0.05316708 0.04933635 0.06503283 0.04024288 0.04111737 0.06155460 0.05691164 0.04044882 0.08066702 0.06674383 0.04849715 0.08196347 0.03898660 0.06578819 0.04007996 0.04436213 0.05843200 0.03909487 0.08295884 0.03050780 0.05603659 0.05798760 0.04920787 0.03966959 0.05933512 0.06987247 0.08208808 0.03467559 0.04299487 0.05121294 0.06699437 0.03335481 0.03012193 0.05761904 0.06681777 0.05360010 0.06503467 0.05135280 0.06273588 0.03524851 0.07043382 0.09719529 0.06880796 0.07974168 0.04216934 0.04759350 0.06166648 0.03931292 0.03997031 0.05791592 0.04364100 0.05639858 0.04044589 0.05562904 0.05161836 0.07706896 0.04020642 0.07145361 0.05253576 0.07670325 0.05191794 0.05565542 0.05256788 0.04741293 0.04920147 0.04222744 0.04357369 0.05583323 0.03738751 0.05810087 0.06640912 0.01750494 0.02103296 0.05397755 0.06385805 0.05879170 0.04762670 0.04241066 0.04829803 0.05803226 0.05459447 0.06031971 0.05280560 0.04055395 0.04407716 0.03985907 0.07030055 0.04442799 0.06816090 0.05007136 0.04056414 0.05018161 0.05423931 0.05864177 0.05863053 0.05626055 0.05643805 0.06163495 0.06711358 0.04543806 0.05291741 0.05029942 0.05049207 0.05027221 0.06580505 0.04484544 0.05565111 0.04734817 0.05098540 0.04967425 0.04920712 0.04089782 0.05137825 0.07861254 0.03777418 0.04530124 0.03845553 0.04283889 0.04946274 0.04576453 0.04088888 0.05406550 0.05684993 0.04757854 0.04985625 0.02620844 0.03760549 0.05136350 0.06638463 0.07435208 0.05447220 0.05216607 0.03456612 0.04350405 0.04234395 0.06346556 0.03700106 0.02560117 0.05058857 0.06437170 0.05413960 0.05654786 0.04012983 0.04979888 0.03807833 0.05333053 0.07229038 0.06087547 0.06711071 0.04574818 0.05905581 0.07263020 0.01701704 0.04496495 0.06467573 0.06033931 0.05945961 0.03223187 0.05604703 0.05366363 0.05014159 0.02224112 0.05810946 0.04689910 0.04998707 0.05131704 0.07785726 0.05810581 0.05160438 0.06473117 0.07795502 0.06305639 0.06383962 0.05766312 0.05438765 0.05623277 0.04984317 0.05213992 0.05843469 0.06169799 0.03925831 0.02370142 0.05877429 0.05643990 0.05465730 0.04872720 0.05362121 0.05159121 
0.05120921 0.03669205 0.05263278 0.03397840 0.06328530 0.04719221 0.04650932 0.04570951 0.05020962 0.04447477 0.06971240 0.08070816 0.09929585 0.09081518 0.07364639 0.06142514 0.00000000 0.08764484 0.10665957 0.05324776 0.05015738 0.04349269 0.04157556 0.07317031 0.03999380 0.04664815 0.07534388 0.08994410 0.07478303 0.05569621 0.05796283 0.04626441 0.04904649 0.05171384 0.05182175 0.05256808 0.05158878 0.04068867 0.03619793 0.05072507 0.07874471 0.04970971 0.08288033 0.04350851 0.05060658 0.04660751 0.08175437 0.03552672 0.05122603 0.05115386 0.04634815 0.07471142 0.06709959 0.04363162 0.03041566 0.02578994 0.05888464 0.04878237 0.08436864 0.07100069 0.04018952 0.06544405 0.05973421 0.03643801 0.04299889 0.03205973 0.02917195 0.04471055 0.04202834 0.04402787 0.05805953 0.03626105 0.06966851 0.05996636 0.04354987 0.08301403 0.05440524 0.03160870 0.05149611 0.02744910 0.04613343 0.05770890 0.06277744 0.06436995 0.05191105 0.03280543 0.04116918 0.04697270 0.05798781 0.06071313 0.04569849 0.05972757 0.06305235 0.06130574 0.03744475 0.05463632 0.07308350 0.07021362 0.09349893 0.03940840 0.02687831 0.04286232 0.05177707 0.03539974 0.05057524 0.05919242 0.05289771 0.06593135 0.04213469 0.05255089 0.03568020 0.01932353 0.04687522 0.06499651 0.06094145 0.04522657 0.05049543 0.04440071 0.05850071 0.04688458 0.05983971 0.05454044 0.05702016 0.07710397 0.04131862 0.03862082 0.07511080 0.05237151 0.05564506 0.05566098 0.07413940 0.05930023 0.05676473 0.07109242 0.05852169 0.06358883 0.04059297 0.05303597 0.04739092 0.05419055 0.03435068 0.04710477 0.04985025 0.05431984 0.06097917 0.04131589 0.04128910 0.04057309 0.03517936 0.04736696 0.04142969 0.06146881 0.05083848 0.04096415 0.04224261 0.03465701 0.03680840 0.04469539 0.04132757 0.06767238 0.04130889 0.02905072 0.04895589 0.04340649 0.06269009 0.04124407 0.04539064 0.03911878 0.06506603 0.07711083 0.05417093 0.06363908 0.05838438 0.05179369 0.07349363 0.01740303 0.03717839 0.04177964 0.02530368 0.08680490 0.06076617 0.04774174 0.03983498 0.06500355 0.04040450 0.05025336 0.04733520 0.08397810 0.07685739 0.06409529 0.05185544 0.06409073 0.05891854 0.05687422 0.05411232 0.06126310 0.06633601 0.05475825 0.04761767 0.04418415 0.05472423 0.04312106 0.05855871 0.06534276 0.05120079 0.05167334 0.04808273 
