0.00000000 0.30016893 0.24120564 0.27502422 0.24311245 0.21036328 0.21143043 0.21411497 0.20722801 0.22852990 0.19261378 0.20819015 0.20336776 0.21334331 0.20101745 0.21670009 0.21058317 0.21129624 0.20377953 0.19596443 0.19495394 0.19038634 0.19250599 0.19739108 0.22142296 0.21508810 0.20625544 0.21334649 0.19382647 0.21678288 0.19718856 0.22952198 0.21643023 0.19221651 0.20854799 0.21834130 0.19266897 0.19768593 0.19667040 0.19374560 0.19930727 0.18814346 0.18998632 0.19870867 0.22136876 0.22400226 0.20384273 0.21679061 0.19313175 0.20500966 0.19644857 0.18292330 0.20877212 0.19294675 0.20759247 0.19895157 0.22780633 0.21637268 0.21908575 0.22296566 0.20792324 0.21333726 0.19301720 0.18831253 0.19107766 0.19385369 0.18152289 0.19104293 0.20472407 0.20287515 0.23259754 0.18112640 0.19985216 0.18324877 0.19368843 0.22269003 0.19070864 0.22017571 0.21653564 0.19637062 0.19437183 0.20914245 0.19910831 0.20593400 0.21988870 0.19508747 0.18374689 0.22321728 0.21092898 0.20928664 0.19512098 0.18106881 0.22021599 0.19456208 0.20158101 0.21173800 0.18583886 0.20611905 0.20111950 0.18965804 0.21641932 0.19895355 0.19443412 0.20255576 0.19713046 0.19282543 0.20088194 0.20089839 0.19189030 0.21524995 0.22128800 
0.30016893 0.00000000 0.36507652 0.35658115 0.47217709 0.35554383 0.28602444 0.23421871 0.24227248 0.21692991 0.20292577 0.23033182 0.19695198 0.21246422 0.21743059 0.21402153 0.16674481 0.18128729 0.18284922 0.21456709 0.21146325 0.22808057 0.15312564 0.16947493 0.16074239 0.18779560 0.17620669 0.18044253 0.18348293 0.24432741 0.18112176 0.19679954 0.19010490 0.19128621 0.22415782 0.25328636 0.19465906 0.19574252 0.16208266 0.17462746 0.20161120 0.18588738 0.20189415 0.19031926 0.23491193 0.23207284 0.17680482 0.16123302 0.18716537 0.24737208 0.19131534 0.19805831 0.15530131 0.22349945 0.19105590 0.14788700 0.16732690 0.21784495 0.20277841 0.20909756 0.20835756 0.18998710 0.17684261 0.18936495 0.23012047 0.14823908 0.19150311 0.20873590 0.17382476 0.16392652 0.19099166 0.18456452 0.21623797 0.15479387 0.17038768 0.21285941 0.20386699 0.21806817 0.15517124 0.22032114 0.19368652 0.23568993 0.19260698 0.16029252 0.25012654 0.23374295 0.21213998 0.19741473 0.18829810 0.18328521 0.17624221 0.18298372 0.21683524 0.21650536 0.18428699 0.18179832 0.24460661 0.21658778 0.19291223 0.20484012 0.19973598 0.17338198 0.23323592 0.20283033 0.22615140 0.20116653 0.19528471 0.23993244 0.17673654 0.15682582 0.20045399 
0.24120564 0.36507652 0.00000000 0.41813963 0.51954133 0.29627446 0.30644168 0.25795816 0.21225871 0.20116090 0.18003021 0.18457266 0.22440941 0.20846417 0.18165491 0.26454047 0.15886104 0.15570208 0.13496938 0.22545110 0.23081302 0.16746812 0.18788853 0.15094695 0.15770841 0.21631671 0.22779528 0.16763840 0.18567125 0.23025312 0.21295660 0.19166765 0.20864602 0.29973619 0.19587143 0.26100122 0.19505581 0.26691931 0.17902864 0.25880499 0.19665589 0.20140335 0.21645508 0.19465605 0.18195843 0.22668235 0.16181361 0.23241889 0.23793202 0.19421142 0.20289007 0.19231638 0.19222108 0.18559792 0.15661844 0.20880373 0.18030590 0.26154439 0.20585649 0.21727373 0.17530217 0.24314296 0.21225317 0.20561070 0.17045581 0.15260953 0.27175019 0.18062635 0.09146338 0.22356440 0.21822483 0.18876255 0.16853693 0.16626876 0.18973952 0.18906934 0.15972740 0.23518331 0.11072111 0.12979606 0.12423232 0.18596341 0.15469017 0.13410831 0.18723572 0.19940696 0.15116720 0.19558188 0.18255314 0.19630329 0.24618060 0.15928957 0.21883472 0.19465445 0.20694649 0.23857607 0.20322291 0.21793889 0.23455981 0.17574182 0.21305624 0.24455544 0.17666718 0.27961025 0.20931650 0.14991131 0.21785265 0.24782759 0.22003492 0.19529607 0.17011444 
0.27502422 0.35658115 0.41813963 0.00000000 0.45034459 0.34138849 0.26788519 0.25462817 0.23960266 0.23020015 0.16264509 0.17536798 0.29356083 0.18447351 0.15923282 0.26698436 0.17366205 0.17417381 0.15740499 0.20160014 0.14889977 0.19147026 0.16984083 0.15211157 0.19859890 0.13697428 0.23458491 0.17648897 0.18972304 0.19237413 0.14977622 0.16201826 0.26080120 0.13709620 0.24408878 0.16878503 0.19313530 0.22266166 0.17800726 0.20857101 0.18427679 0.21646319 0.20665755 0.19373478 0.14624422 0.22667717 0.20788364 0.17301706 0.22737476 0.23500096 0.19301103 0.19433894 0.18374474 0.18347018 0.18327244 0.17039121 0.25460970 0.19737079 0.28742974 0.18560235 0.18680023 0.17059569 0.22141724 0.19385985 0.23550952 0.16238793 0.27482250 0.23902868 0.15372087 0.22156565 0.21140006 0.17002695 0.20638028 0.15300527 0.14558727 0.23836730 0.16590858 0.27896889 0.20927914 0.24488133 0.17911227 0.20908502 0.26453708 0.16884499 0.15088135 0.18307295 0.18356902 0.15024193 0.22295538 0.22431416 0.17486193 0.23552419 0.22859549 0.24056422 0.16757439 0.13795422 0.23781336 0.23975290 0.18418066 0.14918395 0.19361800 0.20833937 0.24761269 0.21614060 0.22106719 0.21163824 0.20531343 0.21077366 0.15839072 0.16645314 0.16421051 
0.24311245 0.47217709 0.51954133 0.45034459 0.00000000 0.40600058 0.26261293 0.25195363 0.26208603 0.21711626 0.18668580 0.17480977 0.27099738 0.23731789 0.17006385 0.15884992 0.15629765 0.16139967 0.13877911 0.20542530 0.17283940 0.14803692 0.15934544 0.14608568 0.24803528 0.14101001 0.19528144 0.15849702 0.20242965 0.22658685 0.16083634 0.20953308 0.23825672 0.20418850 0.17025276 0.23096629 0.21733387 0.21248855 0.22071209 0.21354254 0.18434699 0.15957033 0.18268326 0.17551889 0.17592583 0.18295183 0.17265250 0.24397603 0.20204860 0.18222980 0.15999770 0.18416459 0.17409802 0.15558044 0.20434626 0.21182560 0.22119091 0.33051982 0.24321714 0.15140772 0.15834825 0.19617491 0.19805399 0.23727461 0.21132761 0.14672331 0.26392065 0.23153775 0.19600047 0.17370189 0.19937191 0.17680873 0.21688635 0.13172631 0.17709979 0.19375294 0.15939734 0.28960900 0.16593860 0.16967718 0.14218524 0.17746683 0.18252954 0.15443809 0.15130340 0.16745233 0.15936811 0.18737255 0.16087938 0.19949940 0.16724603 0.14626123 0.20304966 0.22620085 0.17227409 0.26089414 0.18199667 0.22432511 0.24599929 0.20142818 0.17022686 0.20040474 0.24484497 0.24429423 0.24488828 0.21844472 0.27376367 0.25788144 0.25609612 0.20811815 0.17113287 
0.21036328 0.35554383 0.29627446 0.34138849 0.40600058 0.00000000 0.30331918 0.28406183 0.21707168 0.26428016 0.24826299 0.24645126 0.26125905 0.20824584 0.23464532 0.16303387 0.21906801 0.11999907 0.15677320 0.22388075 0.14294823 0.20532135 0.20365128 0.18502531 0.18800930 0.18787058 0.17610619 0.13285533 0.18483673 0.24261586 0.17498477 0.25752855 0.23848609 0.20315639 0.21968340 0.23025337 0.24587700 0.26908796 0.14581909 0.21753664 0.22724525 0.21979493 0.15121832 0.24676705 0.23603203 0.23290950 0.16619433 0.20885075 0.26065035 0.21582024 0.17069534 0.22782965 0.15337249 0.28965833 0.18511811 0.09892990 0.17699670 0.14807063 0.11864724 0.17517943 0.21301876 0.20988619 0.21242816 0.18036723 0.19234683 0.16481600 0.26398490 0.21565739 0.20449072 0.15671326 0.22752411 0.19692160 0.20504786 0.13186249 0.15749393 0.25236420 0.21333550 0.22005768 0.16838600 0.21764266 0.21780570 0.21515947 0.14647521 0.20628391 0.20373281 0.19833184 0.17245326 0.18332344 0.18178280 0.16167848 0.20248212 0.14088211 0.15228036 0.16606383 0.18647238 0.21170620 0.12894080 0.21605912 0.21049945 0.20429994 0.19775347 0.19484524 0.27909559 0.29150051 0.23616176 0.16734226 0.25663665 0.20519405 0.14812953 0.17709144 0.25958136 
0.21143043 0.28602444 0.30644168 0.26788519 0.26261293 0.30331918 0.00000000 0.51930899 0.32237506 0.29123008 0.29138823 0.27352196 0.28349984 0.22246149 0.19412991 0.21897728 0.24148250 0.18842362 0.16816086 0.09275396 0.18563298 0.17279717 0.14160182 0.09397445 0.11161104 0.27355784 0.27944888 0.30467799 0.14325964 0.31954260 0.23875001 0.14527391 0.20273934 0.29608075 0.24831682 0.10622117 0.31552732 0.38560452 0.29458680 0.20636364 0.28127086 0.12876628 0.16316061 0.20280116 0.27924685 0.30580184 0.18344179 0.21973456 0.20345628 0.22522841 0.19882812 0.26384167 0.08005568 0.24314066 0.04769242 0.26605795 0.07429855 0.17059081 0.18131305 0.19176702 0.20403610 0.14452840 0.16426959 0.12432164 0.13185402 0.15479559 0.22952275 0.18059190 0.14797377 0.24290655 0.24376843 0.24864110 0.21693645 0.19462459 0.13616698 0.09977994 0.25380283 0.35489487 0.15625313 0.10917247 0.19130146 0.25489444 0.19758294 0.25166187 0.16291704 0.22996558 0.15251620 0.23496970 0.21357503 0.22770252 0.19982126 0.16218955 0.11260857 0.25821992 0.20627168 0.19397893 0.16738089 0.17133352 0.24273750 0.11589967 0.33126668 0.18067075 0.22609105 0.29341666 0.28778966 0.11235987 0.21316908 0.15535606 0.19790425 0.18500386 0.18835291 
0.21411497 0.23421871 0.25795816 0.25462817 0.25195363 0.28406183 0.51930899 0.00000000 0.55546275 0.51140257 0.29844444 0.32416935 0.36604855 0.25552945 0.33202157 0.16521773 0.20151068 0.17157819 0.08284945 0.20371742 0.21816727 0.13594547 0.23152490 0.23414013 0.20808474 0.13799526 0.24879415 0.14734770 0.18057019 0.23328640 0.25301004 0.17858707 0.22995234 0.19597385 0.22108507 0.25261879 0.29324911 0.25364961 0.30061981 0.24817327 0.13014462 0.27778520 0.28880001 0.18699983 0.17179249 0.21713081 0.21864679 0.23135030 0.25822293 0.27756067 0.17827404 0.22913420 0.08116533 0.16092816 0.12590515 0.19426276 0.16800363 0.22048083 0.18549380 0.09209805 0.14757123 0.15825741 0.18213574 0.14948634 0.13354053 0.16100235 0.18508371 0.29526347 0.19207291 0.23864068 0.22600101 0.29478701 0.27825583 0.22036953 0.21010249 0.16000859 0.21149355 0.14685224 0.15846141 0.14628196 0.17050268 0.14790431 0.22981242 0.12769208 0.07935997 0.19068288 0.09857786 0.14221515 0.07004443 0.23631710 0.20977824 0.15659809 0.13405212 0.20408622 0.19988490 0.14566923 0.13335394 0.20041468 0.27683203 0.26412989 0.19166022 0.25907319 0.32062234 0.29626168 0.18806580 0.13053056 0.20950843 0.35039453 0.18053898 0.20289501 0.22918115 
0.20722801 0.24227248 0.21225871 0.23960266 0.26208603 0.21707168 0.32237506 0.55546275 0.00000000 0.80708983 0.48763801 0.17680507 0.17268882 0.24291804 0.19034154 0.07612599 0.32014964 0.18512743 0.16651536 0.21080534 0.15501578 0.18190082 0.18750575 0.19475616 0.07574168 0.27954778 0.21593844 0.15307949 0.11917451 0.27641071 0.27719569 0.28017199 0.30871872 0.27965603 0.27991480 0.31094248 0.21332227 0.25320585 0.32328251 0.32180746 0.27263753 0.28531814 0.20736988 0.13817188 0.20641741 0.14195849 0.11711756 0.13263174 0.24918917 0.22410736 0.19254808 0.22757114 0.13647843 0.19643497 0.09980108 0.25611719 0.12753272 0.18873226 0.21115329 0.13987705 0.15758707 0.23965743 0.20146531 0.21094505 0.13053232 0.07926806 0.16916556 0.08746062 0.20122874 0.07351008 0.16059596 0.22625187 0.29060305 0.22575656 0.22322802 0.16896766 0.24084235 0.21773666 0.10919138 0.14727398 0.09240044 0.16016088 0.19249959 0.13059849 0.19200093 0.19074868 0.18031498 0.21767698 0.12177110 0.11554087 0.16925959 0.10136802 0.11980176 0.13893513 0.16873486 0.21296655 0.21683051 0.14713591 0.37698412 0.27088968 0.21965802 0.21823727 0.18105601 0.34577351 0.30632565 0.21897638 0.16891798 0.23090378 0.22444271 0.25835641 0.26487193 
0.22852990 0.21692991 0.20116090 0.23020015 0.21711626 0.26428016 0.29123008 0.51140257 0.80708983 0.00000000 0.38763549 0.20936444 0.37870913 0.20864582 0.16836731 0.17694033 0.28619665 0.20968583 0.06176682 0.21436566 0.04785555 0.25386691 0.18832254 0.12129174 0.12720226 0.24669916 0.15806703 0.10178842 0.22926897 0.25581413 0.23785768 0.20019628 0.21456106 0.19074676 0.15484265 0.25806119 0.29179258 0.19415566 0.22560000 0.23173074 0.30188212 0.62796816 0.33579251 0.21929391 0.19653151 0.20090887 0.19163623 0.17651183 0.28890864 0.19033983 0.16837820 0.18699417 0.12383713 0.12502387 0.14708175 0.20676597 0.13405291 0.15456727 0.10610049 0.14891101 0.19272624 0.12057977 0.12404030 0.17927958 0.22363143 0.11717510 0.14912776 0.23622031 0.15605672 0.13917807 0.22586987 0.23198491 0.29288385 0.19275730 0.30887570 0.18875987 0.15270091 0.12064735 0.17472133 0.20902685 0.26516730 0.16579165 0.08151986 0.20693733 0.22175608 0.26159800 0.07439701 0.21301470 0.15418870 0.18529552 0.22672804 0.09279930 0.19830879 0.15525053 0.17579214 0.14994590 0.16540607 0.18802195 0.23971093 0.24905750 0.30849976 0.20829582 0.31369725 0.26019290 0.12704129 0.21865604 0.21891928 0.23633609 0.29274055 0.24768107 0.23540791 
0.19261378 0.20292577 0.18003021 0.16264509 0.18668580 0.24826299 0.29138823 0.29844444 0.48763801 0.38763549 0.00000000 0.43643990 0.32068450 0.27250639 0.29504179 0.06113925 0.24984852 0.05687726 0.09831228 0.20923535 0.14647571 0.14485877 0.26572032 0.05903616 0.14876198 0.14264960 0.23955506 0.16236054 0.16362305 0.23032994 0.31249793 0.20189926 0.13620202 0.32103062 0.27591024 0.23541958 0.26315250 0.32512943 0.15184814 0.27794740 0.24512547 0.22632773 0.51686550 0.20546727 0.45554571 0.24310354 0.17029633 0.13036731 0.20259289 0.20992206 0.12675784 0.18556808 0.14426419 0.14201170 0.18813578 0.21353590 0.17800786 0.12753965 0.17716648 0.29650894 0.18537906 0.16449538 0.16675003 0.11993908 0.17073441 0.15007042 0.16850001 0.22965836 0.25481553 0.21883037 0.24324080 0.21644757 0.30468446 0.12664189 0.31322172 0.17478007 0.31555294 0.18009575 0.34850441 0.19362264 0.21107011 0.25585600 0.19007573 0.21262718 0.18386330 0.20036737 0.18293994 0.11441704 0.18775142 0.15969254 0.17752238 0.16423403 0.15828039 0.09011746 0.21970126 0.18332365 0.24529463 0.20286401 0.34053168 0.21226078 0.24077289 0.15611378 0.21943335 0.17663697 0.20630043 0.18446723 0.40638211 0.15901715 0.18720411 0.21247339 0.15843278 
0.20819015 0.23033182 0.18457266 0.17536798 0.17480977 0.24645126 0.27352196 0.32416935 0.17680507 0.20936444 0.43643990 0.00000000 0.31212151 0.39568149 0.20217594 0.23279051 0.16961258 0.19992201 0.25036849 0.23289444 0.19339702 0.19589209 0.15078553 0.14616413 0.17082004 0.33383684 0.22510394 0.22793773 0.12999670 0.23043843 0.26150704 0.20640065 0.16020375 0.28371425 0.47221958 0.27547842 0.25163315 0.33956695 0.16533026 0.26626362 0.44572921 0.27528139 0.20052351 0.49254667 0.22122363 0.34117166 0.15254481 0.16527360 0.15816642 0.21615478 0.15048540 0.21123643 0.17595767 0.25616861 0.14478572 0.11443254 0.08553014 0.22163502 0.12168802 0.14079087 0.24314904 0.14963483 0.14647446 0.18294523 0.27238461 0.17021113 0.08978963 0.16671009 0.17115392 0.20663723 0.25680960 0.18008035 0.19598558 0.15268454 0.23676413 0.16038143 0.27254145 0.26929821 0.17125270 0.24076468 0.09365547 0.29238603 0.24222228 0.22919310 0.18123838 0.18073795 0.25822197 0.16514840 0.20495756 0.26209986 0.19958790 0.19915022 0.23078830 0.21329522 0.22483699 0.20643941 0.18117463 0.19489847 0.11554178 0.23694600 0.19518123 0.20352001 0.12647300 0.14954383 0.16350671 0.13253557 0.23299337 0.18831123 0.22340042 0.21645333 0.16512529 
0.20336776 0.19695198 0.22440941 0.29356083 0.27099738 0.26125905 0.28349984 0.36604855 0.17268882 0.37870913 0.32068450 0.31212151 0.00000000 0.19653711 0.44409208 0.29302165 0.28335500 0.19336142 0.15894358 0.19998975 0.20642354 0.14402860 0.23487885 0.12416927 0.11865992 0.12352717 0.21059609 0.13837673 0.32802456 0.23007429 0.14714206 0.26441809 0.21603832 0.24878153 0.20552024 0.12732700 0.27233472 0.24213347 0.26031774 0.15648462 0.16686418 0.24287267 0.20587335 0.16724976 0.48131961 0.16114978 0.34362949 0.22771980 0.18620784 0.23112044 0.23038233 0.13689624 0.24274325 0.17766983 0.08692917 0.19233578 0.15618659 0.11289325 0.15053893 0.09422667 0.05387940 0.21562299 0.20411375 0.17443839 0.12631594 0.19589982 0.12704062 0.18403918 0.21733965 0.18251770 0.22904195 0.21695680 0.19133828 0.20109589 0.22093467 0.26679788 0.22006049 0.23630319 0.43704365 0.18113071 0.26797683 0.20139190 0.21547587 0.12391015 0.14091586 0.27211719 0.23134092 0.16989423 0.27309842 0.18091391 0.11866361 0.11091466 0.27314696 0.22009084 0.21292571 0.25360227 0.19126554 0.12969794 0.11058505 0.19492065 0.24238484 0.18421266 0.35292841 0.19297669 0.24440601 0.24109764 0.25901799 0.19333115 0.12510643 0.17098693 0.20738869 
0.21334331 0.21246422 0.20846417 0.18447351 0.23731789 0.20824584 0.22246149 0.25552945 0.24291804 0.20864582 0.27250639 0.39568149 0.19653711 0.00000000 0.25889067 0.42826097 0.16467746 0.16841091 0.24750936 0.22169450 0.24086395 0.12877588 0.19019020 0.12820962 0.18780685 0.16990345 0.17514209 0.18162044 0.19710266 0.22106951 0.26401471 0.40896523 0.23502924 0.08531239 0.31286133 0.30813930 0.13844365 0.12760432 0.26490003 0.17832947 0.28283922 0.25374150 0.21824728 0.37910218 0.15885018 0.27763255 0.16682444 0.16337104 0.16711195 0.22775949 0.27418000 0.18554188 0.23394493 0.18262113 0.25221549 0.30362760 0.19108375 0.20005693 0.14695816 0.18124998 0.08427214 0.22866543 0.21741672 0.21485163 0.31780380 0.10939418 0.27026633 0.20796910 0.21360568 0.23819131 0.18490906 0.19755766 0.18352831 0.23622316 0.14912692 0.16497277 0.18294216 0.18950648 0.20401779 0.13827278 0.18718761 0.20527414 0.30668727 0.16554095 0.15286785 0.11141053 0.24853256 0.19714406 0.19469888 0.21671427 0.16353965 0.22363053 0.14090479 0.14365129 0.31318951 0.08199822 0.30969568 0.22802178 0.13269635 0.10713992 0.27885596 0.21120754 0.27625659 0.15181053 0.18607046 0.25778082 0.24170317 0.21121120 0.20796819 0.18253627 0.18721576 
0.20101745 0.21743059 0.18165491 0.15923282 0.17006385 0.23464532 0.19412991 0.33202157 0.19034154 0.16836731 0.29504179 0.20217594 0.44409208 0.25889067 0.00000000 0.19835945 0.37392473 0.14993560 0.15847798 0.17001402 0.15492559 0.27083525 0.21152938 0.18871347 0.24356970 0.23468703 0.29849497 0.16842313 0.16234473 0.26640734 0.23630226 0.15541473 0.22229068 0.19098343 0.15952383 0.28040407 0.21500093 0.17571453 0.19969763 0.24586859 0.26307593 0.31817318 0.35636262 0.19558755 0.26912203 0.29145625 0.44713681 0.23379971 0.33595024 0.53383012 0.06859442 0.28590376 0.25344606 0.13107348 0.09203333 0.13698503 0.19895944 0.13178095 0.28438406 0.14516065 0.05747847 0.29012102 0.08353822 0.15429653 0.17772545 0.18177869 0.08137081 0.29638507 0.19295079 0.18805069 0.21533798 0.23024955 0.39664867 0.29863814 0.25452103 0.22506735 0.30911675 0.23448141 0.31488586 0.16615576 0.21462330 0.24288319 0.28206506 0.15860595 0.09353200 0.14142702 0.29126815 0.11578924 0.13167259 0.19092809 0.14791180 0.11065147 0.18834037 0.09387571 0.16656001 0.09393468 0.23709925 0.18752885 0.23434650 0.20785555 0.16355970 0.28012116 0.32912298 0.17836434 0.14641955 0.20620505 0.19575596 0.22003814 0.16722413 0.13093569 0.22373602 
0.21670009 0.21402153 0.26454047 0.26698436 0.15884992 0.16303387 0.21897728 0.16521773 0.07612599 0.17694033 0.06113925 0.23279051 0.29302165 0.42826097 0.19835945 0.00000000 0.40267703 0.43234467 0.26779397 0.35274533 0.19554203 0.28748189 0.13668544 0.28688822 0.21780480 0.20318501 0.19672562 0.47729853 0.08311215 0.13643457 0.28139899 0.11569563 0.09913413 0.06933366 0.21116256 0.17366403 0.14919043 0.17348452 0.16627307 0.14433008 0.21160704 0.15937853 0.21257303 0.26780586 0.18535680 0.24079445 0.25602946 0.34718318 0.25820867 0.11316053 0.40920733 0.16553069 0.18074288 0.12647378 0.17885481 0.15595210 0.32685688 0.35348015 0.20796368 0.22594750 0.30320235 0.20790197 0.21976913 0.11848892 0.34623176 0.21369310 0.25054193 0.13137450 0.10326229 0.20945877 0.14801326 0.12779976 0.21769080 0.14776547 0.15092062 0.30761767 0.10171492 0.23918015 0.21936527 0.21851121 0.16076688 0.24105990 0.22208706 0.18990763 0.20994544 0.17013259 0.27642466 0.30312479 0.20803511 0.09370611 0.14995975 0.17358365 0.32852964 0.19933124 0.21749242 0.13774800 0.27252944 0.19066589 0.15093644 0.15417767 0.17140717 0.15481172 0.30334916 0.20781171 0.19277024 0.28943901 0.20779068 0.15494852 0.18494096 0.27141554 0.21600457 
0.21058317 0.16674481 0.15886104 0.17366205 0.15629765 0.21906801 0.24148250 0.20151068 0.32014964 0.28619665 0.24984852 0.16961258 0.28335500 0.16467746 0.37392473 0.40267703 0.00000000 0.97350478 0.27727817 0.32911894 0.28686246 0.12084616 0.14299247 0.19358802 0.21625541 0.20802537 0.23093705 0.27963849 0.24819130 0.14950636 0.17509404 0.22558956 0.18399994 0.23178434 0.22495914 0.14950899 0.30762345 0.27030986 0.19664082 0.23618622 0.19601296 0.26886870 0.29679861 0.12912838 0.25646187 0.20476281 0.21133641 0.22878157 0.25610085 0.72285279 0.41851314 0.40751500 0.11490726 0.24119810 0.16518427 0.16157032 0.14721094 0.09348209 0.18363622 0.03277970 0.15489063 0.31297443 0.15518186 0.06241199 0.21484701 0.08303099 0.07909872 0.18192680 0.12280432 0.17056492 0.24782296 0.21560338 0.17367082 0.24290291 0.20955805 0.24230297 0.16532976 0.10900251 0.21763769 0.24002357 0.16611305 0.19937455 0.18517515 0.29616066 0.26278964 0.25908914 0.15312767 0.13720858 0.07747910 0.24235784 0.18726880 0.12848576 0.12520213 0.09453311 0.13142626 0.23039668 0.20037746 0.22305601 0.21758350 0.22676914 0.27369711 0.13434107 0.15387204 0.16922879 0.12562152 0.15822052 0.21296419 0.23210271 0.15173986 0.17195415 0.21178409 
0.21129624 0.18128729 0.15570208 0.17417381 0.16139967 0.11999907 0.18842362 0.17157819 0.18512743 0.20968583 0.05687726 0.19992201 0.19336142 0.16841091 0.14993560 0.43234467 0.97350478 0.00000000 0.29064208 0.18311299 0.28382878 0.18666460 0.23407980 0.46100496 0.18063606 0.14320281 0.21714814 0.31101034 0.21923279 0.23855535 0.20260401 0.21079986 0.19185582 0.13688259 0.18836180 0.26349588 0.16077859 0.15101427 0.22309437 0.17104512 0.20715084 0.14312477 0.18817493 0.28013138 0.18053007 0.28755637 0.17168589 0.20369153 0.19576262 0.40522094 0.50810959 0.42120271 0.17527491 0.27141205 0.16045433 0.11742999 0.24697863 0.33571089 0.18079317 0.15223166 0.19920303 0.21006568 0.13039688 0.12439969 0.19325773 0.21024934 0.27202530 0.24860389 0.20099952 0.21085848 0.14277976 0.15953545 0.23770265 0.19115446 0.20698555 0.22707756 0.19755059 0.09350596 0.26299586 0.22061447 0.11223651 0.22228211 0.24082531 0.13059581 0.14364187 0.17289495 0.29732075 0.19927627 0.06188622 0.20408479 0.15139685 0.16852499 0.33194562 0.15470631 0.15514542 0.18576563 0.24524250 0.15853057 0.16739566 0.11949715 0.13003220 0.19818814 0.09197939 0.19625637 0.17010271 0.17537238 0.17523274 0.22274590 0.18393890 0.21334506 0.20972403 
0.20377953 0.18284922 0.13496938 0.15740499 0.13877911 0.15677320 0.16816086 0.08284945 0.16651536 0.06176682 0.09831228 0.25036849 0.15894358 0.24750936 0.15847798 0.26779397 0.27727817 0.29064208 0.00000000 0.29327689 0.44764956 0.46757148 0.29550592 0.31171431 0.29174680 0.19083301 0.20749392 0.24489582 0.20838951 0.19187220 0.22073321 0.17462336 0.15817989 0.16230971 0.19093910 0.13091884 0.08339087 0.05632182 0.15964304 0.10241159 0.15393578 0.18335307 0.11716602 0.26666856 0.17045698 0.21615586 0.22056457 0.31796231 0.17776535 0.18915630 0.40823692 0.76464681 0.46740897 0.27711192 0.36825519 0.26931319 0.27665374 0.15094278 0.19864147 0.22411844 0.28700909 0.22780570 0.20516288 0.35291551 0.23086927 0.14347004 0.28391981 0.22395090 0.25958624 0.14024174 0.26503582 0.20013799 0.20625311 0.14418659 0.17036028 0.16054379 0.11642937 0.15260027 0.18239611 0.12717687 0.18560272 0.19694342 0.25176689 0.24694759 0.17875539 0.16909214 0.38435416 0.20703128 0.21487374 0.25523027 0.30765825 0.22815754 0.26167368 0.35722501 0.06020980 0.28345843 0.25479924 0.21278138 0.14324675 0.12253397 0.10670768 0.21274301 0.17100132 0.18429115 0.13839381 0.18577644 0.15741893 0.09647773 0.13882177 0.17500201 0.19598828 
0.19596443 0.21456709 0.22545110 0.20160014 0.20542530 0.22388075 0.09275396 0.20371742 0.21080534 0.21436566 0.20923535 0.23289444 0.19998975 0.22169450 0.17001402 0.35274533 0.32911894 0.18311299 0.29327689 0.00000000 0.31690801 0.15151439 0.33773134 0.33533083 0.21550380 0.27076747 0.17940958 0.39666162 0.18537062 0.22194329 0.17324693 0.30869884 0.22060890 0.14010554 0.27421187 0.21999542 0.21470740 0.10479135 0.21283271 0.11106286 0.27335190 0.10710031 0.21109890 0.22633083 0.19967572 0.23843506 0.17043157 0.17948618 0.19445076 0.16836784 0.55242830 0.21860445 0.23813707 0.37250105 0.37173161 0.24348007 0.27785551 0.63865540 0.16699662 0.20903359 0.23965221 0.28373544 0.19666671 0.23247075 0.16449959 0.12928837 0.07852050 0.14365139 0.16947756 0.10843313 0.05344674 0.28426967 0.18158762 0.18769961 0.08989256 0.00000000 0.19826517 0.22977900 0.18701439 0.10696639 0.27730719 0.18382009 0.18797995 0.21633977 0.30376900 0.20146789 0.25437533 0.12353715 0.12807766 0.23346946 0.06324458 0.19657861 0.25056023 0.25356114 0.24910426 0.24865118 0.21567825 0.21506466 0.09819810 0.21065192 0.14092753 0.09856191 0.20699179 0.20886331 0.11389421 0.20719793 0.10142762 0.18993674 0.11698466 0.14393943 0.22094503 
0.19495394 0.21146325 0.23081302 0.14889977 0.17283940 0.14294823 0.18563298 0.21816727 0.15501578 0.04785555 0.14647571 0.19339702 0.20642354 0.24086395 0.15492559 0.19554203 0.28686246 0.28382878 0.44764956 0.31690801 0.00000000 0.43170644 0.48820220 0.65114539 0.27068135 0.26744998 0.31291785 0.20314004 0.20218034 0.09434770 0.12825997 0.20338895 0.21897398 0.12771192 0.07701066 0.19601806 0.09167594 0.11286067 0.20471996 0.07893598 0.23285639 0.11506984 0.10091048 0.21347062 0.15150968 0.27556556 0.23840281 0.18095846 0.17870373 0.15145206 0.24204112 0.18168671 0.56473580 0.17259597 0.35958860 0.31507807 0.31662265 0.24414995 0.24859424 0.40105111 0.17450057 0.13997661 0.28467845 0.11353931 0.16680163 0.19877876 0.28743413 0.17272521 0.27448015 0.15018801 0.22481790 0.10055072 0.13791576 0.21728549 0.11392588 0.18326933 0.15199514 0.23195022 0.22073306 0.17188120 0.21632731 0.22772252 0.22077342 0.09009156 0.27494091 0.13217886 0.33229978 0.32639826 0.11870479 0.26233461 0.36672701 0.40807038 0.32012810 0.17062907 0.14845353 0.20608283 0.17261967 0.10531477 0.19047333 0.17400678 0.09510067 0.10782671 0.09688993 0.12297559 0.14442335 0.12340176 0.19091980 0.21034440 0.15328309 0.25014917 0.20284921 
0.19038634 0.22808057 0.16746812 0.19147026 0.14803692 0.20532135 0.17279717 0.13594547 0.18190082 0.25386691 0.14485877 0.19589209 0.14402860 0.12877588 0.27083525 0.28748189 0.12084616 0.18666460 0.46757148 0.15151439 0.43170644 0.00000000 0.58228454 0.27680587 0.26770596 0.31422177 0.13820948 0.19442510 0.22575884 0.21762236 0.21429022 0.19459001 0.15676073 0.19921583 0.20343199 0.15073748 0.17083150 0.19048073 0.16740774 0.19645791 0.11284490 0.11804819 0.15312650 0.16683366 0.18657977 0.22587901 0.02464845 0.29246882 0.12035088 0.20080003 0.23124329 0.09178132 0.32886214 0.41289718 0.70391602 0.08872061 0.43384498 0.19008733 0.28911958 0.24795321 0.33686705 0.14079185 0.35741760 0.30905520 0.27614438 0.20328973 0.32201087 0.20481590 0.27077274 0.16429479 0.15901029 0.16035217 0.25691948 0.18513586 0.17627942 0.20108798 0.10982021 0.12792425 0.15561867 0.19816190 0.18897851 0.33185587 0.22749076 0.27074799 0.27483913 0.09093650 0.28635252 0.17583866 0.41996777 0.27265500 0.31331002 0.39449512 0.24925860 0.33457230 0.17033562 0.23206861 0.18506183 0.13508398 0.28392368 0.09441909 0.16533155 0.10855978 0.14895346 0.11159414 0.11315406 0.11795147 0.06166983 0.14301356 0.10002662 0.05364858 0.18720141 
0.19250599 0.15312564 0.18788853 0.16984083 0.15934544 0.20365128 0.14160182 0.23152490 0.18750575 0.18832254 0.26572032 0.15078553 0.23487885 0.19019020 0.21152938 0.13668544 0.14299247 0.23407980 0.29550592 0.33773134 0.48820220 0.58228454 0.00000000 0.53761352 0.27044580 0.30123695 0.31595171 0.27083771 0.43252378 0.23160020 0.19899323 0.23566967 0.35073559 0.24959849 0.16693350 0.22679222 0.28183577 0.21305813 0.15720064 0.18744231 0.24363504 0.19195977 0.18002360 0.13823273 0.29731176 0.20853705 0.16743882 0.16063297 0.22139386 0.25438935 0.19505885 0.24531230 0.33826979 0.19502312 0.31551230 0.16518026 0.20307039 0.17247653 0.21657548 0.31154122 0.11814098 0.18433486 0.16506685 0.26083108 0.19319012 0.26129062 0.23554481 0.22709356 0.15168684 0.21713094 0.18029370 0.17747282 0.21707229 0.20741338 0.09467563 0.13892526 0.21844669 0.11933539 0.28030616 0.22904547 0.34955948 0.21741249 0.07562224 0.31067480 0.19571499 0.14781201 0.25153870 0.24554919 0.29423431 0.17714181 0.17292695 0.12902814 0.25179405 0.15563195 0.16803506 0.14158570 0.17112306 0.16476838 0.19823190 0.18857267 0.14617087 0.24074852 0.12339916 0.12606088 0.15721387 0.13065183 0.15044471 0.16004616 0.18150677 0.14772188 0.17789413 
0.19739108 0.16947493 0.15094695 0.15211157 0.14608568 0.18502531 0.09397445 0.23414013 0.19475616 0.12129174 0.05903616 0.14616413 0.12416927 0.12820962 0.18871347 0.28688822 0.19358802 0.46100496 0.31171431 0.33533083 0.65114539 0.27680587 0.53761352 0.00000000 0.29071723 0.56110818 0.33676304 0.28834328 0.27086897 0.19938942 0.28310984 0.26807063 0.33007872 0.25437234 0.11993879 0.25031370 0.22564333 0.25417546 0.13386996 0.15593164 0.17755796 0.15433768 0.26512065 0.26767420 0.24052284 0.21079052 0.11841899 0.16254091 0.22605263 0.33311072 0.39086684 0.15080043 0.29019121 0.20826646 0.24666516 0.05046319 0.21779801 0.35890345 0.19732472 0.21714466 0.19832059 0.12426570 0.21380992 0.24246313 0.22083140 0.15987653 0.20863754 0.25940654 0.19557291 0.16592159 0.21033230 0.24990012 0.18120699 0.17687834 0.12616969 0.25311115 0.25789834 0.27085293 0.13704906 0.19404188 0.17046094 0.17267972 0.11785429 0.18263843 0.15712184 0.19479695 0.19680079 0.11104030 0.24143627 0.28518883 0.07196852 0.15671438 0.37268952 0.10700780 0.16794585 0.20856520 0.20426804 0.24149587 0.18062291 0.18920824 0.08178107 0.12885912 0.18459584 0.14706797 0.19165660 0.19237555 0.17337857 0.16911567 0.10629688 0.18171254 0.18863414 
0.22142296 0.16074239 0.15770841 0.19859890 0.24803528 0.18800930 0.11161104 0.20808474 0.07574168 0.12720226 0.14876198 0.17082004 0.11865992 0.18780685 0.24356970 0.21780480 0.21625541 0.18063606 0.29174680 0.21550380 0.27068135 0.26770596 0.27044580 0.29071723 0.00000000 0.30068524 0.29696863 0.35094908 0.31435924 0.23614250 0.20776280 0.37964863 0.26203836 0.19922429 0.29958952 0.18052015 0.17983028 0.11189631 0.18293081 0.14810179 0.22784915 0.20442091 0.16567300 0.14548143 0.14592583 0.20579997 0.18357260 0.14390160 0.23934106 0.14061708 0.21097911 0.15391303 0.20221267 0.25870232 0.30276796 0.15197737 0.37755991 0.36708423 0.17553923 0.24505790 0.69955573 0.18459307 0.20587301 0.48127845 0.24451160 0.27597846 0.27677736 0.15418822 0.28696394 0.21987291 0.20383609 0.27795996 0.15687016 0.23995229 0.13947374 0.09947405 0.16784933 0.21850709 0.21291177 0.16403013 0.24062689 0.14754468 0.17772985 0.29107527 0.25649117 0.22519837 0.22484357 0.24484884 0.10582332 0.22969728 0.12410393 0.28817268 0.36322384 0.19379018 0.19364985 0.20728136 0.25204036 0.17920615 0.14393442 0.09606496 0.15387017 0.08343111 0.16741783 0.20704948 0.13062738 0.11928079 0.20409095 0.09579228 0.17330937 0.14158983 0.20357948 
0.21508810 0.18779560 0.21631671 0.13697428 0.14101001 0.18787058 0.27355784 0.13799526 0.27954778 0.24669916 0.14264960 0.33383684 0.12352717 0.16990345 0.23468703 0.20318501 0.20802537 0.14320281 0.19083301 0.27076747 0.26744998 0.31422177 0.30123695 0.56110818 0.30068524 0.00000000 0.43233317 0.33742381 0.23172977 0.47618835 0.21924870 0.19218248 0.22827417 0.19327334 0.30787875 0.22690588 0.12436652 0.25716728 0.20723858 0.38542965 0.21320655 0.14647860 0.19276408 0.11010490 0.24163084 0.22052293 0.25012963 0.15821154 0.25909962 0.17771834 0.15781665 0.18708227 0.25626993 0.12484259 0.12696246 0.20836895 0.21827617 0.19877298 0.25547802 0.21317225 0.20178881 0.19363539 0.17392735 0.21381608 0.05704716 0.17698523 0.23435872 0.19575985 0.28874924 0.26458483 0.22159464 0.10738754 0.21970697 0.18712982 0.24137219 0.17014148 0.19339658 0.16930538 0.18218158 0.14315206 0.16307742 0.14652709 0.15675436 0.09485891 0.20247951 0.15555761 0.24974179 0.29565664 0.16566930 0.29604274 0.21431341 0.18516980 0.24857280 0.26424402 0.17864577 0.28602982 0.22467595 0.22974834 0.18992674 0.23607238 0.18477549 0.22156998 0.21991486 0.14670634 0.16840955 0.15927083 0.25457888 0.22328553 0.23900717 0.19995855 0.16670921 
0.20625544 0.17620669 0.22779528 0.23458491 0.19528144 0.17610619 0.27944888 0.24879415 0.21593844 0.15806703 0.23955506 0.22510394 0.21059609 0.17514209 0.29849497 0.19672562 0.23093705 0.21714814 0.20749392 0.17940958 0.31291785 0.13820948 0.31595171 0.33676304 0.29696863 0.43233317 0.00000000 0.24174070 0.18253983 0.51765976 0.43157164 0.16330591 0.22520352 0.28752218 0.18683447 0.13984413 0.18469335 0.28612695 0.22890173 0.22527005 0.30747535 0.21663015 0.34017568 0.23083738 0.15274031 0.10429105 0.22906555 0.14856963 0.22120837 0.21614747 0.17954080 0.17997808 0.21301006 0.14406195 0.07881478 0.20196758 0.24132936 0.16716462 0.16515995 0.14396233 0.21509062 0.22994015 0.22125138 0.23783844 0.15198383 0.14465902 0.18659965 0.24215265 0.19231225 0.27553553 0.23144914 0.27444010 0.29089516 0.17903685 0.17848151 0.19146689 0.17650424 0.15050711 0.22767989 0.23404125 0.13042320 0.10436721 0.28708846 0.24932862 0.08941420 0.31368668 0.21162038 0.14819587 0.14836933 0.17987717 0.17591670 0.24152569 0.17333971 0.25467225 0.18810532 0.34963409 0.13180082 0.13055030 0.16638470 0.12638342 0.26621053 0.18005675 0.14312536 0.23534779 0.21182531 0.24626198 0.29122495 0.23126007 0.20821806 0.15352728 0.23581884 
0.21334649 0.18044253 0.16763840 0.17648897 0.15849702 0.13285533 0.30467799 0.14734770 0.15307949 0.10178842 0.16236054 0.22793773 0.13837673 0.18162044 0.16842313 0.47729853 0.27963849 0.31101034 0.24489582 0.39666162 0.20314004 0.19442510 0.27083771 0.28834328 0.35094908 0.33742381 0.24174070 0.00000000 0.31494196 0.19825670 0.26961075 0.36794033 0.25978541 0.18568504 0.15221228 0.20031520 0.10097995 0.12838591 0.14654292 0.11771154 0.28157079 0.26390203 0.14473362 0.18848122 0.25741693 0.26736734 0.25229208 0.28553432 0.11551132 0.19720954 0.30751665 0.24867654 0.19134312 0.28288680 0.17895680 0.31057795 0.27289229 0.20066456 0.20548326 0.24619627 0.59267290 0.28310475 0.32265813 0.25318296 0.28581534 0.12742314 0.22940614 0.15442397 0.21205101 0.13990720 0.26706137 0.24260091 0.18262902 0.13378123 0.15508513 0.17992700 0.11368095 0.09189887 0.18274975 0.17965142 0.08488527 0.15851159 0.16367517 0.11352797 0.21480212 0.19651817 0.31913356 0.14794368 0.15848083 0.17890350 0.20922672 0.11744742 0.14868007 0.23102551 0.18049280 0.21031680 0.20526101 0.19210103 0.24514869 0.12274371 0.32491424 0.05526458 0.16016890 0.15035454 0.16821790 0.17755139 0.14385437 0.22879627 0.15410549 0.18985245 0.23288877 
0.19382647 0.18348293 0.18567125 0.18972304 0.20242965 0.18483673 0.14325964 0.18057019 0.11917451 0.22926897 0.16362305 0.12999670 0.32802456 0.19710266 0.16234473 0.08311215 0.24819130 0.21923279 0.20838951 0.18537062 0.20218034 0.22575884 0.43252378 0.27086897 0.31435924 0.23172977 0.18253983 0.31494196 0.00000000 0.34522262 0.29294702 0.35700306 0.38635466 0.24647304 0.22515537 0.20079111 0.19376361 0.20893487 0.20648119 0.14846097 0.11435686 0.16374583 0.10787068 0.16853670 0.20535424 0.17358039 0.20414452 0.16849769 0.17492644 0.10781054 0.24081046 0.15972274 0.18064107 0.15736789 0.47803149 0.16309396 0.22543047 0.31272166 0.20043629 0.62719667 0.37482446 0.23239014 0.26589953 0.62858127 0.33174890 0.21274078 0.21971329 0.33825105 0.22700465 0.16781096 0.10170380 0.12936782 0.19354777 0.19503346 0.07635588 0.09816047 0.18422918 0.12895797 0.17449925 0.12822855 0.21840415 0.31606825 0.19601821 0.12231087 0.19100878 0.10121311 0.26307908 0.23872716 0.43361180 0.13373130 0.16165844 0.28485178 0.26827420 0.31082792 0.20499743 0.34849506 0.17315554 0.19748822 0.05375461 0.21441642 0.12658855 0.10239931 0.16679857 0.13728099 0.17558563 0.13553483 0.16266184 0.11837175 0.24064687 0.20004985 0.17288984 
0.21678288 0.24432741 0.23025312 0.19237413 0.22658685 0.24261586 0.31954260 0.23328640 0.27641071 0.25581413 0.23032994 0.23043843 0.23007429 0.22106951 0.26640734 0.13643457 0.14950636 0.23855535 0.19187220 0.22194329 0.09434770 0.21762236 0.23160020 0.19938942 0.23614250 0.47618835 0.51765976 0.19825670 0.34522262 0.00000000 0.44033831 0.28658722 0.33219730 0.40967006 0.25616278 0.19901464 0.31935143 0.24712057 0.24546179 0.25505392 0.23050198 0.20253583 0.22491893 0.16751582 0.19697052 0.12477548 0.12462930 0.12388084 0.22812279 0.18400092 0.09325172 0.27265089 0.19901105 0.17429732 0.15296538 0.20076565 0.10253574 0.18220474 0.20032226 0.18564357 0.19002722 0.23019956 0.15937595 0.11916141 0.18817835 0.14821621 0.24277259 0.21443830 0.08668880 0.25694207 0.22670803 0.22426716 0.19106260 0.15127036 0.21144025 0.17970164 0.17154713 0.20372094 0.13039247 0.21587634 0.16039475 0.16112149 0.27394352 0.22870686 0.23611918 0.28073973 0.19360578 0.06915114 0.14600101 0.23296295 0.18056049 0.15442296 0.13408076 0.10075731 0.18038277 0.26856696 0.18925874 0.14346664 0.27048017 0.17314262 0.21310700 0.19438817 0.24193472 0.26458995 0.22463673 0.19524389 0.21332828 0.23422411 0.23371264 0.23692672 0.22580484 
0.19718856 0.18112176 0.21295660 0.14977622 0.16083634 0.17498477 0.23875001 0.25301004 0.27719569 0.23785768 0.31249793 0.26150704 0.14714206 0.26401471 0.23630226 0.28139899 0.17509404 0.20260401 0.22073321 0.17324693 0.12825997 0.21429022 0.19899323 0.28310984 0.20776280 0.21924870 0.43157164 0.26961075 0.29294702 0.44033831 0.00000000 0.26365156 0.30903844 0.67732856 0.50594147 0.28030953 0.22924124 0.31938237 0.18615601 0.17827492 0.20593847 0.25429227 0.15353303 0.24270250 0.25001679 0.20565974 0.12602160 0.12634175 0.18143037 0.14204215 0.16179163 0.21450709 0.28366762 0.10748565 0.10786906 0.19592172 0.15100655 0.11693590 0.12968646 0.15717407 0.20292497 0.17714535 0.18743636 0.24567754 0.27885260 0.20628685 0.18422443 0.21450086 0.27365150 0.19332317 0.18178546 0.31592733 0.28865903 0.19524814 0.23894188 0.14607191 0.20437043 0.16982673 0.14554837 0.18428605 0.22247051 0.21645981 0.28945647 0.15387698 0.16404864 0.23521618 0.08614519 0.19117632 0.21165404 0.24257360 0.25928558 0.20435641 0.17115164 0.16194536 0.15716509 0.20779156 0.15472080 0.17160657 0.13247288 0.23387447 0.16337193 0.16293648 0.15153848 0.21585092 0.21791149 0.13816369 0.19637644 0.21361284 0.23383633 0.22818299 0.23317337 
0.22952198 0.19679954 0.19166765 0.16201826 0.20953308 0.25752855 0.14527391 0.17858707 0.28017199 0.20019628 0.20189926 0.20640065 0.26441809 0.40896523 0.15541473 0.11569563 0.22558956 0.21079986 0.17462336 0.30869884 0.20338895 0.19459001 0.23566967 0.26807063 0.37964863 0.19218248 0.16330591 0.36794033 0.35700306 0.28658722 0.26365156 0.00000000 0.22826735 0.30774581 0.35444121 0.32642488 0.18108753 0.17083102 0.17440811 0.11840685 0.16266787 0.13669103 0.23284077 0.28033310 0.10387628 0.38658728 0.12241184 0.13119793 0.16504807 0.22156558 0.38175978 0.16963038 0.28004125 0.16929518 0.28313796 0.14689284 0.09269351 0.24819114 0.20767442 0.24690937 0.27827642 0.16735629 0.18406644 0.12139856 0.65683970 0.11078259 0.26691815 0.22140126 0.35705673 0.12622650 0.16644019 0.13265225 0.19384448 0.18706803 0.18086338 0.21034797 0.05264141 0.26261040 0.28748482 0.22757069 0.07606139 0.20683994 0.22357454 0.16945908 0.24606929 0.17780581 0.14949176 0.17142498 0.19821632 0.11512301 0.21934253 0.29572527 0.28092020 0.18715210 0.21434628 0.20974844 0.18828725 0.15284354 0.24321622 0.05495288 0.16895898 0.13832605 0.15010074 0.11101255 0.19569423 0.22318972 0.28279387 0.09959658 0.22407911 0.13922005 0.22776600 
