0.00000000 0.13856642 0.12885392 0.12770956 0.12501865 0.11647219 0.11284863 0.11757655 0.10229651 0.11578248 0.09211956 0.08962583 0.08759438 0.09148145 0.08451681 0.09957363 0.09303083 0.09372295 0.08725593 0.08785158 0.10029825 0.08861058 0.08491243 0.09437658 0.09741667 0.09229738 0.08525424 0.09198658 0.09881257 0.11007722 0.08907478 0.08366924 0.10401611 0.09281118 0.09558537 0.09980155 0.09374191 0.07698048 0.08877450 0.08662172 0.09691835 0.09089135 0.09198512 0.08583850 0.10808925 0.09614968 0.12932134 0.11525621 0.09264920 0.09344487 0.11323923 0.09786223 0.08127990 0.08247499 0.09645279 0.09318445 0.10756608 0.09755414 0.12539802 0.08736747 0.09655802 0.10058051 0.09032996 0.09057902 0.08973291 0.08820302 0.08162442 0.09201436 0.09983128 0.09551205 0.10529386 0.09011607 0.09645682 0.08643117 0.08977698 0.09838275 0.08872802 0.10084596 0.09151571 0.09340560 0.10023169 0.09482087 0.08892553 0.08685643 0.10154355 0.09182452 0.09480672 0.10967513 0.08339888 0.08967074 0.09774823 0.08769189 0.09262001 0.09025930 0.08263396 0.09810077 0.09374653 0.09862931 0.10119543 0.12090268 0.11462709 0.11456763 0.11442056 0.11254041 0.11511687 0.11545929 0.11112698 0.11511687 0.12096587 0.12096587 0.12459172 
0.13856642 0.00000000 0.17202372 0.17180230 0.16817081 0.12443335 0.11906690 0.11574191 0.13694081 0.08935055 0.08489418 0.07251867 0.08723364 0.07693282 0.09632752 0.09127064 0.09556316 0.08584009 0.09012876 0.07515280 0.10374258 0.10106866 0.08523070 0.08522771 0.10255826 0.08710237 0.09320166 0.09214903 0.10617536 0.08034830 0.10217502 0.09214617 0.08470014 0.09180374 0.08894972 0.08475223 0.09399813 0.06591941 0.08737227 0.09798878 0.09200447 0.09331513 0.08304821 0.07902892 0.11526745 0.09060458 0.09276522 0.08547672 0.12085649 0.10594447 0.08205433 0.08376570 0.08376592 0.10696307 0.09199466 0.07413909 0.08502279 0.09547777 0.11289718 0.14880863 0.12722242 0.12806081 0.10490785 0.10667241 0.10102869 0.10619723 0.10987709 0.10220808 0.10393580 0.06941949 0.10228624 0.08204636 0.07689914 0.07182371 0.07664592 0.09943146 0.07259781 0.09127302 0.09400305 0.10563254 0.06846691 0.09245494 0.09894089 0.09044641 0.10612411 0.09546929 0.11127786 0.07952655 0.10339139 0.10081362 0.09734934 0.12416235 0.13319799 0.09012077 0.10054054 0.08706779 0.08159777 0.08311608 0.09909031 0.11107974 0.10358809 0.10304203 0.10294943 0.10112984 0.10426146 0.10487065 0.09983148 0.10426146 0.11138991 0.11138991 0.11731478 
0.12885392 0.17202372 0.00000000 0.18271958 0.18700923 0.15487663 0.14395665 0.12573883 0.10678973 0.09482245 0.07514618 0.07840314 0.11016844 0.08305304 0.08666350 0.09809601 0.08924241 0.07223725 0.08413665 0.10934279 0.12303736 0.09166171 0.08806734 0.08996683 0.08523429 0.09014384 0.08793290 0.11202459 0.09219891 0.08824585 0.08612282 0.10441563 0.09869698 0.07369545 0.08056349 0.08546260 0.07398463 0.06524113 0.07610389 0.09650858 0.08691075 0.09223313 0.09516165 0.13381036 0.07729435 0.08275411 0.09362508 0.08796720 0.09366374 0.09465369 0.10522838 0.09026794 0.12157654 0.12997072 0.13667216 0.11513425 0.08119672 0.07974646 0.10457992 0.07625408 0.11250499 0.13051535 0.10634344 0.09461293 0.08939313 0.10977920 0.09430050 0.10691389 0.10139978 0.07779779 0.09549622 0.08024256 0.08048199 0.09079641 0.10238240 0.11974407 0.08277436 0.07939341 0.08520844 0.08765828 0.07808825 0.07922063 0.08008307 0.08073087 0.10430578 0.08308719 0.10501473 0.08621342 0.09982705 0.08751407 0.09066182 0.08295014 0.10619995 0.09532400 0.09147833 0.08626532 0.09611835 0.09959640 0.08782390 0.11284917 0.10591610 0.10484136 0.10492835 0.10390234 0.10649288 0.10711841 0.10315672 0.10649288 0.11324820 0.11324820 0.12100842 
0.12770956 0.17180230 0.18271958 0.00000000 0.19429144 0.15622863 0.13245798 0.11825048 0.11501599 0.09193268 0.07410112 0.09501985 0.08303056 0.08952172 0.08460655 0.08567335 0.08447862 0.07321854 0.07433509 0.08434252 0.10159390 0.09263254 0.09069521 0.09448589 0.10191916 0.09312920 0.07837425 0.08134026 0.09199782 0.08645704 0.10087294 0.09416394 0.10178379 0.09422928 0.10554695 0.07843197 0.08679706 0.08223396 0.09053448 0.10755455 0.10144107 0.07311988 0.09377526 0.09751136 0.09584139 0.07601390 0.09341927 0.08453152 0.09453806 0.13164643 0.09649315 0.09538658 0.08084273 0.09243341 0.12624405 0.10151248 0.08078642 0.08092364 0.12192020 0.08519151 0.08819414 0.12853876 0.13018173 0.08502982 0.09559307 0.10238044 0.10694426 0.09721656 0.10675893 0.07649800 0.09006517 0.10027878 0.07643338 0.08599400 0.07405180 0.10744021 0.08809188 0.09612545 0.09529435 0.08170968 0.08960483 0.08944807 0.09988684 0.08711779 0.10112103 0.08675378 0.09768290 0.09012822 0.07931981 0.11648810 0.10768764 0.08085765 0.11964603 0.09981629 0.06057301 0.08814907 0.09917176 0.11765078 0.11055652 0.11204766 0.10504288 0.10391636 0.10399409 0.10308289 0.10564596 0.10629840 0.10234505 0.10564596 0.11247041 0.11247041 0.12050721 
0.12501865 0.16817081 0.18700923 0.19429144 0.00000000 0.17465041 0.16149827 0.14090142 0.12201695 0.09864385 0.07619050 0.08719635 0.11371554 0.08838803 0.10271892 0.10000730 0.08659032 0.06861990 0.08428516 0.08824942 0.09761634 0.08512994 0.09207039 0.07546993 0.09669229 0.09859245 0.08524394 0.10561866 0.08760731 0.08539768 0.09923996 0.09050264 0.09119088 0.09212523 0.09077534 0.08787293 0.09755211 0.09523765 0.10163896 0.10245758 0.09283150 0.08733334 0.09854810 0.09603297 0.07048560 0.07051533 0.08681685 0.08462775 0.10908335 0.12762442 0.09206942 0.09686987 0.08564428 0.11150060 0.12148390 0.11898728 0.09383692 0.07586819 0.10553792 0.08672469 0.11797273 0.12061455 0.10327701 0.08670285 0.07896768 0.08255238 0.08855228 0.10694543 0.09224699 0.09433209 0.09071067 0.09415308 0.09451793 0.09393589 0.09149378 0.08909229 0.10388107 0.09044699 0.09966628 0.08729269 0.10356763 0.08419472 0.10460699 0.07871022 0.09099764 0.07586320 0.08735860 0.08471309 0.07518348 0.10988374 0.09332559 0.07913876 0.10413958 0.10803356 0.08202135 0.09172417 0.09019426 0.09146802 0.09008793 0.10769262 0.10001827 0.09900302 0.09894617 0.09791159 0.10081966 0.10153214 0.09693291 0.10081966 0.10816079 0.10816079 0.11638104 
0.11647219 0.12443335 0.15487663 0.15622863 0.17465041 0.00000000 0.14320772 0.12546380 0.12446972 0.10151481 0.07433663 0.07591332 0.09472887 0.10843398 0.10859429 0.10329707 0.08764677 0.08445840 0.07289532 0.08450023 0.07311361 0.09143625 0.09997615 0.07734338 0.09844427 0.11293834 0.08885717 0.08258288 0.08920992 0.09760264 0.07759247 0.10096082 0.09798406 0.10214721 0.11549563 0.10658726 0.09107283 0.09970675 0.09348838 0.08993629 0.10530485 0.10631164 0.09390539 0.09537262 0.07829333 0.09579230 0.07582934 0.08032310 0.11284381 0.11032697 0.08327017 0.10011330 0.09177958 0.09924764 0.10130266 0.11398393 0.10454876 0.06349726 0.09534838 0.08342980 0.09500423 0.15070051 0.11076788 0.08918455 0.08437427 0.10515426 0.09729534 0.09064828 0.10668869 0.09200973 0.09508695 0.08030644 0.08362324 0.10212181 0.08330167 0.11163508 0.09563882 0.11554711 0.09292049 0.10777900 0.09632422 0.08484903 0.07835499 0.10168618 0.09024096 0.07820653 0.08384812 0.09280464 0.07023078 0.09807881 0.11719198 0.08053949 0.10881490 0.09809985 0.07509621 0.07821242 0.08611914 0.11749073 0.09064891 0.11298964 0.10594932 0.10444868 0.10467195 0.10407425 0.10651735 0.10724124 0.10358658 0.10651735 0.11350460 0.11350460 0.12284404 
0.11284863 0.11906690 0.14395665 0.13245798 0.16149827 0.14320772 0.00000000 0.21834174 0.14405251 0.16356298 0.11076838 0.07866907 0.11314713 0.09235842 0.11163065 0.11239886 0.09364143 0.08279453 0.05934864 0.05141693 0.09085174 0.06173322 0.12419629 0.08444005 0.06450556 0.13650697 0.09287707 0.09861090 0.04144022 0.13326681 0.08807251 0.03338447 0.09283376 0.11256391 0.08823898 0.06371713 0.14759401 0.10594642 0.10678078 0.15650295 0.09529704 0.12257800 0.11683878 0.11613768 0.15205596 0.13656684 0.15552872 0.07296981 0.12987591 0.07917307 0.07957209 0.11120676 0.02102727 0.14711561 0.08487401 0.11089386 0.09172415 0.09607293 0.08797477 0.05145171 0.04500862 0.09820580 0.06724119 0.08387783 0.09104621 0.04813689 0.06993941 0.11752179 0.08020657 0.09616554 0.08426761 0.11814812 0.12181720 0.10016059 0.10376491 0.11408597 0.09805376 0.11226002 0.11766152 0.10295321 0.11383217 0.11034083 0.10986813 0.08464054 0.07934290 0.12334130 0.08324977 0.11249642 0.07264035 0.08438395 0.06675727 0.07572616 0.08982329 0.08677256 0.06440150 0.11594851 0.08798778 0.09944977 0.08704587 0.11259860 0.10220191 0.09808910 0.09867509 0.10056236 0.10323360 0.10287563 0.09503561 0.10323360 0.11391203 0.11391203 0.10586187 
0.11757655 0.11574191 0.12573883 0.11825048 0.14090142 0.12546380 0.21834174 0.00000000 0.19491179 0.15503682 0.11845050 0.07880963 0.10497940 0.10956341 0.11089125 0.05560046 0.15973021 0.08016893 0.05626955 0.09296140 0.09423698 0.07995639 0.10013137 0.13249047 0.05976183 0.10948431 0.07738618 0.07468471 0.06504993 0.11273761 0.14566923 0.13792723 0.08894588 0.10823473 0.09864406 0.11286733 0.11731287 0.13284554 0.09190547 0.12724882 0.10962438 0.11307945 0.11209171 0.06150601 0.06171153 0.07989003 0.10905788 0.12621378 0.10966200 0.12917128 0.09184772 0.10817681 0.08930044 0.05533329 0.11765618 0.08184987 0.05919225 0.12975577 0.11069947 0.05690001 0.08185503 0.09864903 0.10682446 0.07910668 0.09396000 0.10824162 0.08233903 0.09351878 0.06359761 0.12568152 0.11583634 0.10562071 0.12248179 0.07965432 0.10790654 0.10163554 0.11459784 0.06235571 0.11220985 0.12457846 0.07733024 0.13211326 0.08385779 0.07514356 0.05786168 0.11018581 0.11237346 0.06605529 0.05998212 0.10167398 0.08118045 0.09074505 0.09123613 0.10168107 0.09289007 0.10740325 0.09176076 0.08919622 0.07892453 0.11230396 0.10234119 0.10409137 0.10183316 0.09836298 0.10369668 0.10241616 0.09663498 0.10369668 0.10447952 0.10447952 0.10150266 
0.10229651 0.13694081 0.10678973 0.11501599 0.12201695 0.12446972 0.14405251 0.19491179 0.00000000 0.20412663 0.16236736 0.10216281 0.13979948 0.07367913 0.12560951 0.04438278 0.14543365 0.06816726 0.06830038 0.14476208 0.08923599 0.04930099 0.14610933 0.08392343 0.07873171 0.08299279 0.10808296 0.09655908 0.13985257 0.08018876 0.14090029 0.11286683 0.11381127 0.13881414 0.12912520 0.10123935 0.13224434 0.08497090 0.13582913 0.09598786 0.08381512 0.10862150 0.10934892 0.03051536 0.10356183 0.11396768 0.09664736 0.09967132 0.16212926 0.07806108 0.13361179 0.11543998 0.06796460 0.05909087 0.06588811 0.06428213 0.10122344 0.10728924 0.09673037 0.07011795 0.07437686 0.09740477 0.05922872 0.08679630 0.07992129 0.05247106 0.10212560 0.08832697 0.06044307 0.09478532 0.06928046 0.12461306 0.15180997 0.12647182 0.15368394 0.13704802 0.09833485 0.09755584 0.07645396 0.11286745 0.06891706 0.09585061 0.08855423 0.06911501 0.07128850 0.11408849 0.07504021 0.09521328 0.09605734 0.14495141 0.10354125 0.13854351 0.10251856 0.09652087 0.04077850 0.11219024 0.06841528 0.09069579 0.07889351 0.10225513 0.09015042 0.09578457 0.09209843 0.08863006 0.09466037 0.09261709 0.09854587 0.09466037 0.09823000 0.09823000 0.10466653 
0.11578248 0.08935055 0.09482245 0.09193268 0.09864385 0.10151481 0.16356298 0.15503682 0.20412663 0.00000000 0.19238165 0.13629664 0.13874737 0.10389475 0.08734456 0.10420007 0.10996445 0.07508688 0.04793203 0.11856283 0.07610670 0.08585564 0.09668119 0.09293584 0.04587457 0.07667132 0.08813319 0.08325421 0.08454851 0.09651044 0.06537203 0.06988392 0.11653477 0.12721770 0.14177878 0.08712059 0.16140235 0.16188075 0.10615892 0.08399229 0.13687627 0.13798154 0.08310688 0.09644671 0.16996151 0.14499859 0.11054416 0.08503439 0.14379578 0.09374481 0.06733607 0.10841814 0.07901471 0.05945958 0.07328923 0.10034656 0.10786630 0.08032942 0.12140711 0.08580075 0.07246171 0.04039108 0.08161681 0.07242472 0.07348705 0.08382660 0.10621988 0.13563989 0.14653518 0.08136482 0.10094818 0.14546244 0.07415406 0.08807686 0.11544089 0.09568807 0.10777034 0.09878113 0.12887428 0.08778580 0.09918828 0.11344408 0.10566159 0.08999739 0.05010893 0.07458307 0.09865514 0.13205986 0.09642990 0.09835688 0.11236012 0.04545610 0.10808084 0.11711624 0.14516761 0.10659443 0.06348331 0.10723567 0.13951040 0.09924622 0.08876423 0.09311806 0.08967295 0.09729046 0.09248248 0.08958979 0.08385261 0.09248248 0.09497168 0.09497168 0.09818117 
0.09211956 0.08489418 0.07514618 0.07410112 0.07619050 0.07433663 0.11076838 0.11845050 0.16236736 0.19238165 0.00000000 0.11494357 0.13965944 0.10533987 0.10209779 0.09937670 0.11364138 0.05365873 0.08155999 0.04863832 0.09198860 0.08048742 0.09286978 0.10820328 0.06473686 0.12552558 0.11292860 0.11287024 0.10607792 0.14728563 0.09393113 0.12143886 0.08450989 0.09963999 0.14752185 0.13287821 0.09780729 0.12679766 0.09397557 0.08603058 0.13269490 0.11549644 0.15147853 0.11282284 0.16694100 0.10145028 0.15610701 0.09554167 0.11284877 0.09122710 0.07317915 0.10252616 0.11061476 0.09378735 0.08090367 0.09657104 0.11824747 0.05212959 0.07673342 0.07140219 0.10767973 0.05250460 0.10485347 0.09042451 0.13016597 0.05782347 0.06828760 0.09749527 0.07229645 0.09347888 0.09061618 0.15645973 0.12544852 0.12989187 0.13878484 0.05064224 0.15077354 0.15103391 0.18553722 0.08487265 0.08509581 0.08124254 0.09633737 0.11111286 0.12065306 0.10845961 0.12586603 0.09789672 0.10477605 0.10796239 0.09201664 0.09788871 0.10712893 0.06321572 0.09685072 0.06176525 0.13433322 0.08414530 0.08485346 0.09892185 0.09223308 0.09669630 0.09406823 0.09501380 0.09626894 0.09558272 0.08996728 0.09626894 0.09856982 0.09856982 0.09648963 
0.08962583 0.07251867 0.07840314 0.09501985 0.08719635 0.07591332 0.07866907 0.07880963 0.10216281 0.13629664 0.11494357 0.00000000 0.10025858 0.10047948 0.08835173 0.04737237 0.12205948 0.12784172 0.15793829 0.09410264 0.10507084 0.08038181 0.09905900 0.08518944 0.05592512 0.11454636 0.08779981 0.10149164 0.10393838 0.07389086 0.09884237 0.09712294 0.06121147 0.10045656 0.12221679 0.08948392 0.10562897 0.10470898 0.10302316 0.05633268 0.10439836 0.17105883 0.11864519 0.16662941 0.16155037 0.11325782 0.06640754 0.12842724 0.07978105 0.09124577 0.09348533 0.11299049 0.08610505 0.08893567 0.10493945 0.10606133 0.10859789 0.12686086 0.10044038 0.13594261 0.09597912 0.11270926 0.10202724 0.11909715 0.09525623 0.06203364 0.13024871 0.08574080 0.11695591 0.12275026 0.11609025 0.12076845 0.05843321 0.16725903 0.14772168 0.11264113 0.07087643 0.06873610 0.09417591 0.07117736 0.08100160 0.10338604 0.15038935 0.08317545 0.12991678 0.10984849 0.10350985 0.13003590 0.14196545 0.16966830 0.10302680 0.14437207 0.06453689 0.08347666 0.10554794 0.08613123 0.16326804 0.10110816 0.10259604 0.09025649 0.08655721 0.10045302 0.08882161 0.09627937 0.09781919 0.09661267 0.09009227 0.09781919 0.09279155 0.09279155 0.09266278 
0.08759438 0.08723364 0.11016844 0.08303056 0.11371554 0.09472887 0.11314713 0.10497940 0.13979948 0.13874737 0.13965944 0.10025858 0.00000000 0.11768434 0.14692560 0.09937565 0.14245964 0.10894082 0.07213807 0.03449492 0.07634984 0.07332413 0.07389149 0.11801204 0.10325114 0.12402247 0.10474184 0.07260448 0.17434385 0.12683990 0.06238117 0.10444468 0.09309352 0.13099009 0.09400193 0.08592298 0.08106128 0.14951652 0.13497432 0.12771741 0.06563532 0.15979123 0.09258749 0.11318973 0.22547847 0.07357613 0.12449800 0.09528728 0.13630636 0.16065357 0.06889655 0.08880050 0.10035082 0.07311047 0.09157571 0.05733239 0.03172828 0.06441213 0.04646401 0.02935772 0.08226225 0.10967117 0.06346344 0.06948084 0.06987832 0.10525963 0.13337591 0.10641743 0.04702136 0.09844384 0.16873257 0.12646162 0.19494470 0.11683208 0.14593329 0.09006223 0.13882145 0.15828128 0.15414079 0.08969811 0.12479129 0.09236908 0.10399635 0.12706723 0.03444555 0.14912817 0.10592580 0.06389609 0.15767553 0.11782456 0.06094226 0.06735083 0.09314234 0.10168604 0.11777116 0.07312932 0.11292737 0.08574910 0.05650815 0.09325594 0.08821003 0.09545762 0.09202852 0.09009711 0.09151861 0.10198556 0.08553758 0.09151861 0.09717803 0.09717803 0.09428942 
0.09148145 0.07693282 0.08305304 0.08952172 0.08838803 0.10843398 0.09235842 0.10956341 0.07367913 0.10389475 0.10533987 0.10047948 0.11768434 0.00000000 0.05170665 0.16156444 0.03806655 0.13422017 0.11741252 0.18128413 0.09226743 0.05736355 0.06741848 0.08492097 0.09251429 0.12606113 0.09242717 0.11991585 0.11534662 0.16041117 0.05292506 0.16629158 0.11595298 0.11747135 0.13903731 0.13176489 0.16708889 0.11079474 0.12738670 0.14032145 0.19025519 0.08016351 0.06054915 0.09084779 0.07983020 0.02796168 0.08300879 0.06969994 0.11536469 0.16975965 0.13261657 0.12589904 0.09636851 0.04907712 0.14069930 0.09118713 0.03100894 0.10767759 0.05685019 0.10276484 0.12861607 0.08490904 0.02905583 0.11595508 0.08233824 0.09479809 0.05974708 0.09523799 0.08002745 0.04970868 0.06738005 0.09246893 0.13406491 0.06605474 0.10955217 0.06701452 0.03258943 0.09254769 0.09152836 0.10412563 0.12334428 0.10270003 0.16229827 0.13595852 0.20980944 0.08839899 0.07158443 0.07088334 0.12853132 0.04066780 0.05948372 0.11633003 0.12432412 0.10300098 0.11529173 0.11713138 0.13573428 0.08499158 0.10181608 0.09803557 0.09587151 0.10926511 0.09301524 0.11597004 0.11085319 0.10834154 0.09935137 0.11085319 0.10614476 0.10614476 0.09984329 
0.08451681 0.09632752 0.08666350 0.08460655 0.10271892 0.10859429 0.11163065 0.11089125 0.12560951 0.08734456 0.10209779 0.08835173 0.14692560 0.05170665 0.00000000 0.10503824 0.11955408 0.14494913 0.12839282 0.05198604 0.11797098 0.05662140 0.10232045 0.06447087 0.04120458 0.15827531 0.10075313 0.08100579 0.07190992 0.12625430 0.12099354 0.11036416 0.10973359 0.09053001 0.10807028 0.13883380 0.12424034 0.15068664 0.12441018 0.12894496 0.10660704 0.13544689 0.13097672 0.09195540 0.13106153 0.11963125 0.09474118 0.08999537 0.10135215 0.15418151 0.04581796 0.15016063 0.15400772 0.06608979 0.04369764 0.14030677 0.12975932 0.06280867 0.11695498 0.05772443 0.08327917 0.10281686 0.09376841 0.09768538 0.07539069 0.07825156 0.04212837 0.13912377 0.11486695 0.16508514 0.15479133 0.13182996 0.12784215 0.13325811 0.12278029 0.05850874 0.17064704 0.22915326 0.18194448 0.11656673 0.06903218 0.07057424 0.13054091 0.04086405 0.11879912 0.11034800 0.11327168 0.03089610 0.09457656 0.10021111 0.10071629 0.09670245 0.04948637 0.10620984 0.09275842 0.05216447 0.04699999 0.07291684 0.10209765 0.09315152 0.09042532 0.09507502 0.09384639 0.09179537 0.09458357 0.09379647 0.08922131 0.09458357 0.09801699 0.09801699 0.09505984 
0.09957363 0.09127064 0.09809601 0.08567335 0.10000730 0.10329707 0.11239886 0.05560046 0.04438278 0.10420007 0.09937670 0.04737237 0.09937565 0.16156444 0.10503824 0.00000000 0.15829246 0.19252679 0.12960812 0.20403055 0.10402571 0.04881097 0.09611093 0.08995567 0.10130457 0.10905319 0.09804574 0.13407403 0.12730709 0.11404185 0.13534901 0.16894992 0.11600747 0.11244189 0.09263946 0.07926953 0.12394847 0.17542206 0.07949933 0.11142290 0.14443127 0.11529092 0.05699588 0.13114863 0.08116216 0.08199927 0.10184522 0.12439548 0.07504832 0.11291838 0.16798686 0.04273728 0.10010178 0.10492100 0.08545423 0.08857195 0.13041177 0.08566497 0.05291894 0.08566258 0.11788245 0.09680518 0.11575952 0.12846805 0.09899361 0.12725620 0.03403590 0.13297037 0.06904040 0.11459568 0.11857459 0.05504719 0.06683950 0.04147541 0.08369690 0.12221320 0.13122766 0.10395721 0.09250121 0.14213045 0.13651236 0.11502414 0.10108301 0.09013668 0.06055461 0.09743663 0.12817703 0.11271155 0.06453051 0.05837577 0.09145366 0.11549121 0.11939565 0.11611282 0.11572894 0.06997505 0.11692244 0.11251253 0.05855898 0.08364681 0.08336565 0.07916677 0.08423108 0.09669501 0.08062459 0.08552927 0.08534926 0.08062459 0.08034127 0.08034127 0.09037888 
0.09303083 0.09556316 0.08924241 0.08447862 0.08659032 0.08764677 0.09364143 0.15973021 0.14543365 0.10996445 0.11364138 0.12205948 0.14245964 0.03806655 0.11955408 0.15829246 0.00000000 0.20984196 0.07995930 0.04408239 0.13238255 0.03648326 0.09808694 0.10145685 0.11429043 0.12053559 0.12851631 0.05746670 0.08971447 0.11249664 0.13046652 0.07410870 0.07778959 0.08151129 0.13020090 0.04763923 0.11033777 0.13547651 0.11693984 0.09199125 0.11239649 0.10664208 0.14024542 0.09903450 0.11559331 0.14644935 0.11757427 0.10156790 0.12323333 0.21497357 0.09028324 0.15771811 0.10316099 0.13449144 0.09183342 0.07474851 0.04349186 0.13308381 0.08524299 0.05952953 0.07877883 0.16823494 0.05909986 0.07383127 0.11953124 0.02829250 0.13749254 0.06790415 0.10320331 0.14157104 0.12307161 0.10490977 0.10618995 0.07874719 0.13203894 0.15820179 0.15565161 0.07278681 0.11950415 0.12742845 0.12944112 0.04440448 0.08943094 0.11245742 0.10910005 0.13595934 0.11190748 0.07781414 0.10479938 0.10705068 0.07851626 0.07476192 0.05685042 0.00784424 0.07863464 0.10737893 0.11255850 0.10022233 0.08943838 0.10138333 0.10899992 0.08927600 0.09976004 0.09531222 0.09075140 0.08851889 0.09774316 0.09075140 0.09673384 0.09673384 0.09772771 
0.09372295 0.08584009 0.07223725 0.07321854 0.06861990 0.08445840 0.08279453 0.08016893 0.06816726 0.07508688 0.05365873 0.12784172 0.10894082 0.13422017 0.14494913 0.19252679 0.20984196 0.00000000 0.15288099 0.10172392 0.22143187 0.07072861 0.08291412 0.18192305 0.11995411 0.07816206 0.10992807 0.21905632 0.07633364 0.09843792 0.08300951 0.07472227 0.09545992 0.07630114 0.11035190 0.06765088 0.13830178 0.10688426 0.09919932 0.10130711 0.10738778 0.06610899 0.13577414 0.09490267 0.10791834 0.07355020 0.12435104 0.08805199 0.08359461 0.11406163 0.11817822 0.17266684 0.11476824 0.12484439 0.07084754 0.06716892 0.09617370 0.08351502 0.07337820 0.09173286 0.06089432 0.12239225 0.08909010 0.09863895 0.07626682 0.10031738 0.06988378 0.09862793 0.06493942 0.12099562 0.11384111 0.10490414 0.13522028 0.12041057 0.09042978 0.16180990 0.10747325 0.08000318 0.09972545 0.09188567 0.09552145 0.08342841 0.10430999 0.06211565 0.05742724 0.05981413 0.15139146 0.09237496 0.05054674 0.07500767 0.09214286 0.11651306 0.12153808 0.09615250 0.08497295 0.10936155 0.07781868 0.07846965 0.12373277 0.08518345 0.08420639 0.08161781 0.08324374 0.08621206 0.08463963 0.08693575 0.08641866 0.08463963 0.08633891 0.08633891 0.09513431 
0.08725593 0.09012876 0.08413665 0.07433509 0.08428516 0.07289532 0.05934864 0.05626955 0.06830038 0.04793203 0.08155999 0.15793829 0.07213807 0.11741252 0.12839282 0.12960812 0.07995930 0.15288099 0.00000000 0.14458540 0.13281012 0.12736363 0.09744297 0.08966706 0.12748095 0.12047352 0.04872621 0.11387600 0.09378870 0.14943663 0.09341462 0.08001990 0.13375721 0.09648687 0.06969747 0.06287897 0.10407701 0.06340734 0.08343258 0.11621787 0.09355744 0.07438504 0.08907953 0.14484802 0.07402661 0.05471126 0.07729893 0.07725953 0.07304363 0.06302218 0.19149635 0.25017841 0.19315003 0.09802034 0.12235525 0.15148277 0.16069330 0.11487538 0.07972994 0.05916974 0.10222226 0.09411866 0.16176311 0.09790797 0.16805189 0.07728105 0.16010225 0.13261880 0.10003026 0.06024418 0.12071180 0.08424626 0.13679009 0.13835760 0.05885433 0.07189594 0.09806616 0.11015834 0.14489420 0.12208066 0.11954806 0.07277682 0.10000376 0.16197054 0.10663611 0.11500232 0.10143699 0.11508337 0.09497902 0.05482993 0.08427165 0.11209715 0.09889999 0.17861512 0.09449413 0.12951874 0.10933505 0.07377795 0.12274987 0.07469483 0.07490833 0.07043906 0.07606500 0.08663578 0.07310652 0.07888577 0.07864277 0.07310652 0.07440269 0.07440269 0.08722975 
0.08785158 0.07515280 0.10934279 0.08434252 0.08824942 0.08450023 0.05141693 0.09296140 0.14476208 0.11856283 0.04863832 0.09410264 0.03449492 0.18128413 0.05198604 0.20403055 0.04408239 0.10172392 0.14458540 0.00000000 0.19042927 0.10802905 0.10117476 0.19705314 0.15899923 0.13145151 0.02400909 0.12531808 0.07442066 0.09127840 0.13298584 0.17601828 0.08788324 0.08452560 0.11988098 0.08949331 0.09333342 0.11114525 0.07819681 0.04812865 0.06313928 0.08484953 0.05587126 0.06644647 0.07248406 0.20617965 0.07324150 0.07671525 0.06654111 0.04746634 0.27626578 0.10369733 0.09670712 0.14387106 0.13742705 0.05102573 0.08810786 0.25968884 0.09727013 0.12270972 0.17502728 0.11925412 0.08284969 0.13603539 0.11146544 0.07216064 0.07689370 0.11334903 0.05526790 0.09458494 0.06745781 0.08078934 0.09430282 0.06298057 0.10496692 0.07724127 0.06795760 0.13741631 0.13073155 0.16936753 0.08935010 0.07090543 0.05114206 0.05125045 0.09477714 0.10340024 0.13328213 0.08128108 0.10459656 0.10903064 0.07829756 0.11483574 0.09327763 0.17331575 0.10196719 0.12291850 0.08644191 0.12210683 0.08776123 0.08477811 0.08421635 0.08377423 0.07705128 0.07652889 0.07968783 0.08462651 0.08385438 0.07968783 0.07948988 0.07948988 0.09099307 
0.10029825 0.10374258 0.12303736 0.10159390 0.09761634 0.07311361 0.09085174 0.09423698 0.08923599 0.07610670 0.09198860 0.10507084 0.07634984 0.09226743 0.11797098 0.10402571 0.13238255 0.22143187 0.13281012 0.19042927 0.00000000 0.16390930 0.11632946 0.22443783 0.08547993 0.14352272 0.09751087 0.08478834 0.10826036 0.04246432 0.09926424 0.05959077 0.18249973 0.05511911 0.07411605 0.11111135 0.03175901 0.04255423 0.06046527 0.05182208 0.10447067 0.06431828 0.04251474 0.13407677 0.09263344 0.11048254 0.06166333 0.09531047 0.09214483 0.04484362 0.10345864 0.07925419 0.27767226 0.06207937 0.15117987 0.08689553 0.19956502 0.10628313 0.06607115 0.12233389 0.08357286 0.15816090 0.12001972 0.10394678 0.11169677 0.10105788 0.11597838 0.12200383 0.10308562 0.08910439 0.14030310 0.04522490 0.09597907 0.14592347 0.09561437 0.11798479 0.11259009 0.08478117 0.08990700 0.08271166 0.06723997 0.06287065 0.11312115 0.08434243 0.11985222 0.06872986 0.16459642 0.17709182 0.06786611 0.12023418 0.09537883 0.08289459 0.14184064 0.08013859 0.05037387 0.09935186 0.14725454 0.09645458 0.08633223 0.07593196 0.07441714 0.07244099 0.07614983 0.08312774 0.07523085 0.07903735 0.07831069 0.07523085 0.07648537 0.07648537 0.08954456 
0.08861058 0.10106866 0.09166171 0.09263254 0.08512994 0.09143625 0.06173322 0.07995639 0.04930099 0.08585564 0.08048742 0.08038181 0.07332413 0.05736355 0.05662140 0.04881097 0.03648326 0.07072861 0.12736363 0.10802905 0.16390930 0.00000000 0.11578921 0.16204038 0.17784580 0.17272546 0.09527961 0.17573194 0.14646160 0.02952569 0.09005553 0.16758152 0.09954559 0.10582434 0.08987177 0.08683989 0.05057471 0.06067934 0.09706864 0.06171034 0.08851825 0.04142153 0.06825505 0.10806786 0.06529068 0.10942833 0.04910805 0.13002402 0.08569964 0.08376628 0.13880328 0.08110300 0.21787741 0.13946372 0.23977028 0.08953595 0.17946349 0.10994870 0.14493868 0.22519133 0.15754278 0.07281274 0.10831511 0.14775660 0.10928440 0.12222338 0.13846260 0.14361044 0.10962919 0.09655889 0.09719699 0.03278561 0.09778794 0.06633034 0.05850297 0.05806197 0.05557779 0.09560000 0.06720020 0.07265430 0.13759556 0.12551131 0.08275222 0.12000384 0.13095381 0.09305668 0.10469387 0.16128150 0.11308456 0.10259673 0.10464000 0.14652332 0.14403641 0.08452729 0.11304200 0.07239800 0.10916272 0.11241198 0.11935574 0.09831152 0.10116220 0.09168377 0.09735344 0.08905197 0.08962559 0.08847843 0.09250011 0.08962559 0.09410005 0.09410005 0.09238271 
0.08491243 0.08523070 0.08806734 0.09069521 0.09207039 0.09997615 0.12419629 0.10013137 0.14610933 0.09668119 0.09286978 0.09905900 0.07389149 0.06741848 0.10232045 0.09611093 0.09808694 0.08291412 0.09744297 0.10117476 0.11632946 0.11578921 0.00000000 0.16094607 0.05977066 0.06577636 0.13884812 0.10518637 0.14278080 0.09156763 0.08480943 0.11621148 0.09970273 0.10440124 0.14300919 0.09627653 0.07992575 0.11236752 0.12350925 0.13571682 0.08602611 0.10919929 0.10415367 0.05003941 0.11784870 0.14128505 0.11502946 0.10646391 0.10890988 0.10859507 0.10867871 0.15433261 0.17383490 0.10861803 0.13255655 0.13863448 0.08208758 0.10905191 0.11150823 0.18328368 0.11973973 0.07106035 0.04350162 0.11386666 0.10519114 0.11977599 0.07561243 0.08291702 0.06400994 0.12493196 0.14035286 0.09666946 0.12508660 0.09189705 0.11401440 0.10537872 0.09873477 0.11302528 0.10578150 0.06528857 0.17866162 0.12617102 0.02552897 0.14527862 0.06914857 0.09219464 0.09609188 0.05183558 0.14577370 0.08871329 0.17336755 0.08458901 0.05172921 0.10611878 0.06520572 0.09197427 0.11656524 0.07279131 0.12641092 0.08208624 0.08592934 0.09255992 0.08974694 0.10413414 0.09119446 0.09045325 0.09929265 0.09119446 0.08238962 0.08238962 0.09072483 
0.09437658 0.08522771 0.08996683 0.09448589 0.07546993 0.07734338 0.08444005 0.13249047 0.08392343 0.09293584 0.10820328 0.08518944 0.11801204 0.08492097 0.06447087 0.08995567 0.10145685 0.18192305 0.08966706 0.19705314 0.22443783 0.16204038 0.16094607 0.00000000 0.08472040 0.18644864 0.09660075 0.04831832 0.13771894 0.08865799 0.13201697 0.06436268 0.11588715 0.14445511 0.08396335 0.09887860 0.11849350 0.09665422 0.03745360 0.05189260 0.13134924 0.07834180 0.12323952 0.11856784 0.07783691 0.07233204 0.04960097 0.10662381 0.09948308 0.10164032 0.15712490 0.10571897 0.10155281 0.13379135 0.11553425 0.08887341 0.06180308 0.14407575 0.26481037 0.08417300 0.06993432 0.10054500 0.09637330 0.10424031 0.12987716 0.12596501 0.11909752 0.04276051 0.04974976 0.15154922 0.06306289 0.10815718 0.12687421 0.09241537 0.13118063 0.13827846 0.09112967 0.13522064 0.10808788 0.06024273 0.07231098 0.08921727 0.09319113 0.11012127 0.06855546 0.09836483 0.09550882 0.05352273 0.10443756 0.09899009 0.06203736 0.12119763 0.13831199 0.11826848 0.08391813 0.05255249 0.11948846 0.09571864 0.09060690 0.09977437 0.09362589 0.08614215 0.09280375 0.09079244 0.08818728 0.08640189 0.09406167 0.08818728 0.09664357 0.09664357 0.09882858 
0.09741667 0.10255826 0.08523429 0.10191916 0.09669229 0.09844427 0.06450556 0.05976183 0.07873171 0.04587457 0.06473686 0.05592512 0.10325114 0.09251429 0.04120458 0.10130457 0.11429043 0.11995411 0.12748095 0.15899923 0.08547993 0.17784580 0.05977066 0.08472040 0.00000000 0.18078861 0.11962993 0.17351422 0.18021190 0.08642405 0.10316544 0.15116931 0.10693223 0.02770147 0.04379664 0.15606131 0.07418704 0.06637559 0.10963470 0.09739396 0.08589876 0.08183251 0.06511038 0.13862644 0.12466023 0.05871858 0.05627533 0.11401278 0.11238798 0.04815063 0.11245768 0.08976791 0.15028705 0.09206292 0.13689229 0.06404226 0.14245858 0.08527028 0.15883089 0.11708001 0.23712152 0.07695744 0.13654010 0.16780328 0.17285426 0.11213609 0.17264143 0.10670083 0.11000555 0.03794464 0.10301666 0.07844856 0.10967985 0.09711089 0.06826884 0.06412366 0.06427355 0.09706650 0.07811314 0.07967337 0.07039984 0.10025754 0.10920836 0.15606001 0.10527343 0.05876175 0.12458669 0.11161328 0.10978555 0.05759298 0.13431847 0.12725205 0.20798988 0.09349267 0.12023697 0.05759141 0.07685242 0.14342584 0.11967116 0.09308043 0.08594934 0.09111884 0.08566791 0.08676750 0.08649280 0.08047145 0.07849653 0.08649280 0.09377741 0.09377741 0.09724836 
0.09229738 0.08710237 0.09014384 0.09312920 0.09859245 0.11293834 0.13650697 0.10948431 0.08299279 0.07667132 0.12552558 0.11454636 0.12402247 0.12606113 0.15827531 0.10905319 0.12053559 0.07816206 0.12047352 0.13145151 0.14352272 0.17272546 0.06577636 0.18644864 0.18078861 0.00000000 0.18553256 0.09222728 0.07004073 0.07591665 0.11415309 0.09292603 0.14933442 0.12116742 0.17474250 0.08184745 0.06407330 0.08632530 0.09872649 0.10666669 0.10936270 0.13782935 0.12492552 0.11197494 0.10650866 0.03344177 0.07752729 0.07442394 0.07335658 0.06640420 0.06104013 0.11629646 0.10928041 0.10875275 0.08009732 0.06726084 0.06002150 0.12220364 0.15107297 0.13657113 0.10051110 0.09384162 0.14905228 0.08183251 0.09262562 0.06286372 0.12839126 0.12190972 0.11789994 0.17083121 0.14399626 0.08453899 0.11291509 0.06715748 0.10938288 0.10787215 0.08027110 0.07578547 0.06714173 0.02228551 0.08153514 0.06828218 0.10791095 0.10563342 0.06543146 0.13490735 0.09227277 0.13911365 0.08711657 0.09638868 0.14328141 0.08077027 0.07591825 0.08051219 0.07705730 0.11668289 0.10627780 0.11570134 0.10773706 0.09426463 0.09647837 0.08793078 0.09408895 0.08711193 0.08522351 0.08426233 0.08687678 0.08522351 0.08950780 0.08950780 0.08989202 
0.08525424 0.09320166 0.08793290 0.07837425 0.08524394 0.08885717 0.09287707 0.07738618 0.10808296 0.08813319 0.11292860 0.08779981 0.10474184 0.09242717 0.10075313 0.09804574 0.12851631 0.10992807 0.04872621 0.02400909 0.09751087 0.09527961 0.13884812 0.09660075 0.11962993 0.18553256 0.00000000 0.15472755 0.09185252 0.17560320 0.15895906 0.10624248 0.09313791 0.09795661 0.07253590 0.06940004 0.09415893 0.13959885 0.11041575 0.12583679 0.13068382 0.10428392 0.14973994 0.09625022 0.15368706 0.13498685 0.06055768 0.04042746 0.10407438 0.12973349 0.09063462 0.09426251 0.13991432 0.09140328 0.08736533 0.05721308 0.09927515 0.09485561 0.14806388 0.10100771 0.10052040 0.06436580 0.09758437 0.11742976 0.05441176 0.10969088 0.10614543 0.10274573 0.10005579 0.14049650 0.09022245 0.15175241 0.08373187 0.08151556 0.08679832 0.05415584 0.08958036 0.10876423 0.11103307 0.13977607 0.12983317 0.08890124 0.10226873 0.11053838 0.04923007 0.10131324 0.15588605 0.14382256 0.08428181 0.12519197 0.06330960 0.08876188 0.13856549 0.04751180 0.15367010 0.15536675 0.09350555 0.08345718 0.06790317 0.09562726 0.09633302 0.10800352 0.09839021 0.10819208 0.10500702 0.10447771 0.09873306 0.10500702 0.09993994 0.09993994 0.09431447 
0.09198658 0.09214903 0.11202459 0.08134026 0.10561866 0.08258288 0.09861090 0.07468471 0.09655908 0.08325421 0.11287024 0.10149164 0.07260448 0.11991585 0.08100579 0.13407403 0.05746670 0.21905632 0.11387600 0.12531808 0.08478834 0.17573194 0.10518637 0.04831832 0.17351422 0.09222728 0.15472755 0.00000000 0.10771616 0.10387269 0.10244300 0.06083276 0.08366729 0.07798428 0.12817776 0.07546780 0.05699555 0.09336668 0.06686516 0.05045385 0.09840221 0.10486196 0.15568278 0.10352150 0.12892318 0.12254539 0.10493477 0.10669691 0.10074674 0.09094477 0.11679813 0.08681868 0.11050195 0.11360795 0.05548256 0.16683476 0.10059070 0.10509828 0.10935335 0.12198826 0.12732198 0.13333511 0.14061613 0.09433209 0.13766225 0.07432998 0.13574216 0.09712073 0.02648718 0.11816118 0.09395814 0.10812417 0.12372190 0.07617280 0.04358651 0.13191858 0.10820194 0.07484463 0.06234769 0.05401528 0.05557719 0.09981839 0.04437506 0.11083675 0.12385303 0.10588932 0.12319837 0.03245544 0.05888019 0.06154654 0.13458527 0.11893750 0.14259744 0.12069508 0.15987391 0.14543112 0.08436819 0.11282988 0.09978268 0.09808515 0.09286553 0.10336449 0.08792453 0.09584324 0.10399929 0.10172401 0.09345100 0.10399929 0.10052923 0.10052923 0.09661330 
0.09881257 0.10617536 0.09219891 0.09199782 0.08760731 0.08920992 0.04144022 0.06504993 0.13985257 0.08454851 0.10607792 0.10393838 0.17434385 0.11534662 0.07190992 0.12730709 0.08971447 0.07633364 0.09378870 0.07442066 0.10826036 0.14646160 0.14278080 0.13771894 0.18021190 0.07004073 0.09185252 0.10771616 0.00000000 0.07040598 0.09414884 0.15463100 0.09615982 0.10264746 0.06897590 0.11763348 0.12560510 0.09073053 0.08103313 0.05710566 0.11350752 0.07118023 0.10973984 0.15990404 0.08388691 0.10972335 0.06945305 0.08322183 0.09169549 0.07022751 0.12683046 0.06912332 0.09271394 0.08229784 0.07788269 0.08641222 0.09128735 0.12628023 0.08933633 0.22036914 0.13714849 0.05135238 0.07518913 0.17501304 0.11355633 0.14890743 0.10211987 0.10625756 0.12593402 0.07116725 0.04140126 0.09789155 0.09989841 0.09241501 0.15240492 0.07797202 0.13706031 0.07271649 0.09468351 0.08446275 0.12364704 0.13140757 0.11263507 0.10096138 0.13947464 0.13490035 0.14199662 0.12098164 0.16662374 0.05312125 0.10109045 0.13354096 0.11009516 0.15220821 0.12340377 0.10241889 0.09666912 0.11458645 0.11477507 0.07372423 0.07503467 0.07997842 0.07322497 0.07618733 0.07728143 0.08403342 0.08311253 0.07728143 0.07561743 0.07561743 0.08718413 
0.11007722 0.08034830 0.08824585 0.08645704 0.08539768 0.09760264 0.13326681 0.11273761 0.08018876 0.09651044 0.14728563 0.07389086 0.12683990 0.16041117 0.12625430 0.11404185 0.11249664 0.09843792 0.14943663 0.09127840 0.04246432 0.02952569 0.09156763 0.08865799 0.08642405 0.07591665 0.17560320 0.10387269 0.07040598 0.00000000 0.17376184 0.08006352 0.09258595 0.12930925 0.11239347 0.09748311 0.12941380 0.16908473 0.09396979 0.08795628 0.12874110 0.09513981 0.14167929 0.10620247 0.10953689 0.06368797 0.10870819 0.05702408 0.15953749 0.13539092 0.05689254 0.18297845 0.07515103 0.06790221 0.13161314 0.08660846 0.06178101 0.11573606 0.12713265 0.03269246 0.13687232 0.04413449 0.08700218 0.10836924 0.11515634 0.06777970 0.04930740 0.10663362 0.09882306 0.13728960 0.11761420 0.12171861 0.10853461 0.08599082 0.11461599 0.09971518 0.12330197 0.14200905 0.13036192 0.12186873 0.09534658 0.06013112 0.15592113 0.09893414 0.13295298 0.11318492 0.04246124 0.11977176 0.08734655 0.14462090 0.10283103 0.07816189 0.06045558 0.09258348 0.10555500 0.11229889 0.11624402 0.10161346 0.11712182 0.09247629 0.09186695 0.09124324 0.08795485 0.09327766 0.09031876 0.10037937 0.09359086 0.09031876 0.09742659 0.09742659 0.09574280 
0.08907478 0.10217502 0.08612282 0.10087294 0.09923996 0.07759247 0.08807251 0.14566923 0.14090029 0.06537203 0.09393113 0.09884237 0.06238117 0.05292506 0.12099354 0.13534901 0.13046652 0.08300951 0.09341462 0.13298584 0.09926424 0.09005553 0.08480943 0.13201697 0.10316544 0.11415309 0.15895906 0.10244300 0.09414884 0.17376184 0.00000000 0.12301687 0.08250499 0.10195669 0.10038630 0.16080032 0.10497916 0.11622243 0.10364571 0.12198952 0.09348047 0.15729031 0.12119269 0.11321795 0.07841015 0.09813210 0.07473186 0.14444599 0.06587909 0.14087513 0.15085488 0.14718176 0.11795922 0.04937517 0.10701287 0.09824621 0.05022922 0.12066888 0.14954552 0.00786306 0.14681227 0.10817863 0.13524528 0.12194933 0.05539767 0.10792958 0.09525988 0.12607427 0.13009615 0.10741887 0.11635064 0.12983745 0.18181332 0.07172366 0.13734156 0.11405240 0.09721480 0.07977701 0.12355937 0.14261524 0.07916090 0.04616619 0.14644237 0.05512747 0.06689085 0.12703721 0.08472413 0.05733606 0.09756167 0.11519137 0.11459212 0.09787474 0.07174154 0.06392714 0.07614549 0.07339211 0.07932624 0.10032715 0.07772605 0.10185473 0.09628790 0.08893620 0.08560529 0.09127580 0.08940036 0.08858790 0.08325779 0.08940036 0.09681422 0.09681422 0.09646798 
0.08366924 0.09214617 0.10441563 0.09416394 0.09050264 0.10096082 0.03338447 0.13792723 0.11286683 0.06988392 0.12143886 0.09712294 0.10444468 0.16629158 0.11036416 0.16894992 0.07410870 0.07472227 0.08001990 0.17601828 0.05959077 0.16758152 0.11621148 0.06436268 0.15116931 0.09292603 0.10624248 0.06083276 0.15463100 0.08006352 0.12301687 0.00000000 0.06825579 0.09617725 0.17328093 0.15577817 0.08232396 0.06295213 0.11217947 0.06765895 0.07126169 0.11480415 0.09267303 0.11136502 0.05569186 0.08332208 0.07604946 0.05903812 0.06947556 0.14069542 0.11943199 0.07183251 0.13731282 0.11882597 0.08565257 0.09228231 0.07351595 0.20598335 0.10741839 0.14907406 0.14117747 0.07732103 0.08013982 0.10765894 0.19076759 0.05379396 0.13553730 0.07000544 0.06680575 0.17882720 0.06607301 0.06649952 0.08963434 0.05252922 0.06912207 0.16526438 0.03989551 0.13692289 0.13811502 0.06145517 0.09201700 0.10680119 0.12021196 0.08547002 0.10540867 0.04318057 0.08915284 0.10411497 0.13142914 0.10156860 0.10163361 0.14095136 0.08388283 0.12923069 0.08965005 0.12868013 0.08437373 0.10973226 0.13401234 0.10443217 0.10570390 0.09125293 0.09626825 0.08289790 0.09142304 0.08990146 0.09295375 0.09142304 0.09230515 0.09230515 0.09462144 
