0.00000000 0.26631440 0.16211065 0.08624563 0.17006255 0.17955678 0.17734293 0.20455777 0.24429868 0.16061116 0.23166490 0.27464688 0.23642592 0.20427959 0.16938834 0.16583028 0.08763016 0.27569807 0.15604680 0.21505586 0.14006202 0.17301277 0.05601210 0.23021536 0.10878542 0.14195599 0.15916164 0.21204164 0.11574265 0.22445460 0.20925005 0.25133090 0.17954911 0.18664404 0.20598227 0.15605452 0.20038362 0.19027433 0.20497429 0.19680689 0.17519346 0.15297716 0.21902704 0.12274901 0.23813431 0.17640488 0.20616896 0.14326221 0.17484777 0.10251848 0.33308783 0.26916976 0.18902102 0.16770473 0.07877119 0.24573566 0.26972129 0.18612907 0.19422099 0.25107522 0.28289289 0.14098490 0.13182810 0.12586805 0.17330693 0.07274239 0.06848035 0.42656888 0.23006238 0.16598753 0.18616356 0.15029331 0.24521806 0.22516988 0.14018816 0.32414975 0.28024169 
0.26631440 0.00000000 0.24198586 0.33469305 0.24118274 0.28179536 0.22844054 0.10983835 0.21671641 0.22979594 0.16984095 0.12586769 0.17138470 0.27369821 0.28134405 0.13454494 0.19482066 0.27979913 0.14352111 0.17721826 0.24127010 0.19069323 0.32721237 0.14703912 0.12076872 0.19427038 0.15013961 0.18028215 0.24704339 0.10784545 0.15342659 0.15989405 0.18475953 0.19928607 0.18148609 0.21608983 0.21779323 0.20836160 0.18107216 0.26030423 0.19816952 0.17357919 0.19895048 0.24214836 0.16973887 0.40646159 0.14549289 0.17900350 0.15859690 0.14100970 0.20249269 0.14030467 0.15259936 0.18306691 0.26979701 0.18811970 0.29078268 0.31736394 0.22165264 0.22962137 0.11756571 0.10032197 0.07102818 0.19332252 0.13235335 0.16226873 0.14373776 0.18813681 0.14650859 0.17005347 0.25452865 0.10454944 0.14996230 0.17494519 0.16540293 0.16089497 0.21838352 
0.16211065 0.24198586 0.00000000 0.24265674 0.21348548 0.19558980 0.16424247 0.19696530 0.14595645 0.16051004 0.08837312 0.15211804 0.13323539 0.19503286 0.15614148 0.22035466 0.22470382 0.11237053 0.14401045 0.16643887 0.21985394 0.23427175 0.21076287 0.11053419 0.16342449 0.23025592 0.15279845 0.17654671 0.20997069 0.13036758 0.17786088 0.26343864 0.31174190 0.26786748 0.16742180 0.18826128 0.19538313 0.19888662 0.18095949 0.10351765 0.19999548 0.18910701 0.16877847 0.21525791 0.16895806 0.26514642 0.21360708 0.19510779 0.20328377 0.18836392 0.25424747 0.18865758 0.23272387 0.40777076 0.26936828 0.29167126 0.29461894 0.21435355 0.16628047 0.16742492 0.26159148 0.10204938 0.22720547 0.24430475 0.17016522 0.22680496 0.08090634 0.24134626 0.09639751 0.13234932 0.18935551 0.27580803 0.23823645 0.16778991 0.12102441 0.12513300 0.15747500 
0.08624563 0.33469305 0.24265674 0.00000000 0.29693781 0.17973704 0.40496994 0.17082327 0.16857900 0.22171429 0.13891614 0.17133647 0.18164178 0.19953678 0.18968669 0.17350980 0.20688854 0.26710156 0.17302983 0.15039981 0.30857499 0.22232438 0.21173669 0.16611220 0.41392089 0.17472910 0.16400925 0.25059565 0.18687123 0.06872934 0.18147432 0.19221669 0.35821460 0.21577964 0.17682885 0.29065626 0.18535371 0.18352897 0.16455160 0.26808352 0.21388329 0.20571602 0.23180548 0.18562072 0.17929220 0.13913629 0.18401895 0.12838749 0.17467143 0.23993734 0.20917475 0.18757077 0.26300570 0.23550240 0.40317934 0.11492764 0.20932273 0.24827156 0.12392565 0.21055187 0.16138861 0.17598072 0.20258719 0.10697007 0.13612507 0.05596844 0.16424394 0.11334432 0.13484978 0.18737058 0.21195185 0.15506282 0.03081527 0.10204635 0.25555765 0.11552472 0.13908613 
0.17006255 0.24118274 0.21348548 0.29693781 0.00000000 0.26882710 0.32268567 0.14575162 0.16457382 0.30371584 0.11439798 0.15041819 0.11735108 0.25472673 0.21930359 0.16486238 0.13905430 0.24232544 0.19640111 0.15213623 0.17645038 0.16825040 0.24667308 0.17317506 0.29475144 0.13238497 0.24723146 0.24084901 0.18329264 0.25273047 0.22190174 0.14060191 0.30426683 0.27648304 0.12310863 0.21690837 0.21782943 0.16265954 0.15942192 0.19775828 0.21624735 0.19107195 0.13811309 0.16490789 0.16721156 0.18874328 0.16320225 0.21331215 0.16428704 0.25013938 0.19507056 0.16617398 0.16068160 0.22740622 0.33011300 0.21388980 0.18988202 0.19102185 0.11557634 0.21349978 0.20489111 0.25704042 0.20103543 0.26785053 0.16556264 0.20781775 0.17244115 0.19618847 0.22051966 0.29755089 0.11286067 0.15752609 0.11710044 0.13525719 0.10899413 0.12487249 0.15891750 
0.17955678 0.28179536 0.19558980 0.17973704 0.26882710 0.00000000 0.22570752 0.21916512 0.22154299 0.19750415 0.22132268 0.25459473 0.28739449 0.23226892 0.19432948 0.18063534 0.24364324 0.13707098 0.12144110 0.15049037 0.14130630 0.14285470 0.16777243 0.17222937 0.20131318 0.06666739 0.19515702 0.25642482 0.23157505 0.33602524 0.29111857 0.21798990 0.23454898 0.19020880 0.20462493 0.22785994 0.32871562 0.29276308 0.16240480 0.09914017 0.17995158 0.17376042 0.16779795 0.10345833 0.14847723 0.24485442 0.17961348 0.18704376 0.18451315 0.17952769 0.28036197 0.18115613 0.28700351 0.12405017 0.26289568 0.16617017 0.15068487 0.14819148 0.21427889 0.26784104 0.28755365 0.23962167 0.17397775 0.24469965 0.13606970 0.14965008 0.12897647 0.17558108 0.16762585 0.20728278 0.12663742 0.04985613 0.09330689 0.13309397 0.21390525 0.23893273 0.17838665 
0.17734293 0.22844054 0.16424247 0.40496994 0.32268567 0.22570752 0.00000000 0.15416761 0.15523324 0.22900703 0.22072473 0.26143942 0.15244513 0.11203275 0.27305760 0.13736512 0.18633423 0.21216215 0.09724234 0.17356167 0.21906934 0.12272808 0.35388820 0.10608562 0.11904672 0.17751183 0.24290915 0.16260675 0.17836087 0.22314294 0.13319191 0.12034624 0.21716234 0.25320669 0.17205633 0.22154427 0.10833125 0.22588598 0.16770680 0.16446552 0.12858735 0.14465231 0.14080584 0.12890952 0.16426855 0.14345820 0.19628397 0.17473325 0.15091158 0.26560759 0.30231196 0.23257156 0.37674488 0.15852819 0.17329803 0.17117896 0.26794722 0.19493369 0.16406666 0.17524887 0.21903667 0.20163682 0.18233815 0.41073728 0.15543172 0.27625016 0.17608656 0.22098696 0.20822730 0.12642445 0.19930008 0.17553168 0.30784964 0.18013210 0.20064670 0.24699688 0.16139425 
0.20455777 0.10983835 0.19696530 0.17082327 0.14575162 0.21916512 0.15416761 0.00000000 0.20213355 0.21503263 0.40361284 0.15528475 0.16004305 0.25301367 0.18076022 0.39436503 0.18276952 0.18154549 0.13412724 0.23650039 0.19708232 0.17668061 0.15194081 0.16536693 0.18528740 0.14413484 0.15873711 0.18016825 0.12435884 0.17589941 0.18422521 0.19211333 0.19574773 0.15881301 0.15598094 0.15744963 0.17422847 0.17578461 0.24618539 0.18263400 0.24021129 0.19380209 0.19904651 0.17666344 0.23967589 0.21657680 0.15965654 0.16722838 0.32709520 0.17784763 0.17519331 0.15499505 0.24154431 0.19800088 0.14111562 0.15028577 0.21294661 0.19674810 0.16041264 0.15478922 0.13310968 0.21310456 0.15860660 0.15364950 0.15094437 0.16607452 0.16161338 0.14499603 0.20206975 0.16693068 0.19375518 0.17205444 0.17534168 0.16587149 0.19482221 0.18241323 0.23648261 
0.24429868 0.21671641 0.14595645 0.16857900 0.16457382 0.22154299 0.15523324 0.20213355 0.00000000 0.25531494 0.18292318 0.27880235 0.16159864 0.19593518 0.29045288 0.19467499 0.17086028 0.26384121 0.17723237 0.16298842 0.16640136 0.14275725 0.23946933 0.20601408 0.24539968 0.14430621 0.18643472 0.15909385 0.27644283 0.28228973 0.18846513 0.18170456 0.29263850 0.17945334 0.17246643 0.20390761 0.10364346 0.27731205 0.17150131 0.33271403 0.20053818 0.14862679 0.22027605 0.21446576 0.16819115 0.11358244 0.13580794 0.30566710 0.19306751 0.24989180 0.44173489 0.21152647 0.15215397 0.13235223 0.19794094 0.18794993 0.23522453 0.17323277 0.16182421 0.19795674 0.16487924 0.20298103 0.13611212 0.09112508 0.22890106 0.20623627 0.21733183 0.13728161 0.18857847 0.17879373 0.05777000 0.18712150 0.08328151 0.21391253 0.12360677 0.20409436 0.17208377 
0.16061116 0.22979594 0.16051004 0.22171429 0.30371584 0.19750415 0.22900703 0.21503263 0.25531494 0.00000000 0.30387614 0.22068060 0.21995654 0.36491022 0.21057660 0.18096559 0.23398329 0.15069223 0.16525459 0.16117115 0.18135610 0.19472862 0.15494918 0.16015051 0.15454772 0.22205331 0.28981693 0.21905916 0.13443645 0.41597547 0.45641929 0.27899153 0.19711664 0.14826659 0.20005224 0.11497782 0.13525089 0.06687203 0.17830123 0.09553845 0.30657769 0.17418012 0.20899695 0.15919203 0.21920181 0.16825843 0.25143513 0.24218005 0.19041438 0.15361900 0.25000226 0.15858761 0.26133261 0.20898572 0.13843350 0.25227968 0.12568502 0.17217553 0.17878842 0.16402697 0.14184553 0.07338716 0.09611960 0.11334258 0.20660450 0.16770670 0.16078859 0.14995743 0.24173981 0.23742325 0.15329047 0.15439912 0.12969299 0.19937940 0.20011706 0.11414051 0.17812884 
0.23166490 0.16984095 0.08837312 0.13891614 0.11439798 0.22132268 0.22072473 0.40361284 0.18292318 0.30387614 0.00000000 0.31943481 0.46447144 0.26727672 0.23793794 0.37281953 0.14124568 0.17561990 0.14053963 0.24819495 0.04495403 0.08189648 0.11857850 0.23537920 0.15255912 0.21713035 0.15050307 0.19258206 0.13304577 0.22715109 0.26767772 0.23551313 0.15830227 0.08762446 0.20761325 0.01884988 0.21153872 0.20295233 0.22758540 0.11760964 0.22104369 0.22041163 0.11410191 0.06596404 0.20065118 0.15351981 0.16815931 0.15225866 0.32672168 0.07869677 0.09501950 0.13011917 0.09372084 0.09035042 0.12014559 0.17695253 0.15889756 0.16131804 0.12751683 0.20243301 0.15259722 0.17959893 0.16342921 0.16753112 0.17266765 0.19346956 0.17843491 0.16263530 0.14426184 0.24928491 0.15549119 0.20017962 0.30653007 0.23922851 0.35137121 0.32461579 0.27953756 
0.27464688 0.12586769 0.15211804 0.17133647 0.15041819 0.25459473 0.26143942 0.15528475 0.27880235 0.22068060 0.31943481 0.00000000 0.37596322 0.23616003 0.19102006 0.15490536 0.11670145 0.23241620 0.22188193 0.20940006 0.08041545 0.06071737 0.21815389 0.12007772 0.21861537 0.20140885 0.41269112 0.21055562 0.21179474 0.19055875 0.22199134 0.12893307 0.15384181 0.20799338 0.11526230 0.08432848 0.20417188 0.20530710 0.20342047 0.14208570 0.10393287 0.19575778 0.11233000 0.17300958 0.23417421 0.16306399 0.21662359 0.13122690 0.17164413 0.06298761 0.20863662 0.22555303 0.15047285 0.10367914 0.16690917 0.20731828 0.12345396 0.23638800 0.19708037 0.10037614 0.16222043 0.13705581 0.19201353 0.12684182 0.18061041 0.23285241 0.22923077 0.16958921 0.15722115 0.22389582 0.09504973 0.15171424 0.31698809 0.23471284 0.29776082 0.32940559 0.19744039 
0.23642592 0.17138470 0.13323539 0.18164178 0.11735108 0.28739449 0.15244513 0.16004305 0.16159864 0.21995654 0.46447144 0.37596322 0.00000000 0.36078260 0.44477022 0.17415234 0.17463712 0.18179653 0.12671953 0.21545603 0.06131505 0.12633602 0.16880937 0.17334634 0.32799230 0.21016629 0.21763761 0.13872272 0.17261150 0.15242683 0.19677778 0.22837552 0.17327749 0.14583556 0.17937167 0.03319992 0.17733864 0.24492525 0.21437578 0.10423293 0.10889571 0.21047699 0.22537517 0.14818659 0.24270451 0.22771207 0.20811399 0.20171996 0.18381068 0.13830722 0.19064338 0.25433005 0.13945426 0.09035087 0.11910784 0.16652239 0.14819289 0.27211174 0.18938133 0.09128636 0.08127366 0.07641519 0.16598319 0.10383606 0.18024306 0.16133812 0.20397543 0.13829642 0.17067294 0.16542135 0.14361764 0.15930797 0.27824997 0.22222280 0.32405968 0.25141611 0.22505898 
0.20427959 0.27369821 0.19503286 0.19953678 0.25472673 0.23226892 0.11203275 0.25301367 0.19593518 0.36491022 0.26727672 0.23616003 0.36078260 0.00000000 0.26551660 0.19917671 0.22949645 0.22754830 0.15363182 0.20840352 0.22756323 0.24284059 0.22852969 0.16660605 0.22674708 0.27767762 0.35460637 0.15375192 0.17721553 0.24347992 0.13232603 0.46437901 0.16444958 0.22161536 0.25228321 0.15555107 0.10723084 0.22329767 0.20897574 0.18291384 0.16250956 0.17880851 0.24664923 0.10840558 0.20450978 0.10743937 0.19857156 0.17188465 0.20797182 0.24713779 0.18719313 0.08234345 0.13934978 0.23900550 0.07645056 0.21686033 0.19916301 0.12405277 0.16266657 0.10856397 0.05996827 0.07009394 0.11128496 0.17680359 0.12974886 0.16617044 0.22738503 0.16805901 0.06824628 0.15729482 0.18389407 0.17205034 0.13868356 0.23947713 0.22178231 0.19497095 0.22381883 
0.16938834 0.28134405 0.15614148 0.18968669 0.21930359 0.19432948 0.27305760 0.18076022 0.29045288 0.21057660 0.23793794 0.19102006 0.44477022 0.26551660 0.00000000 0.14258715 0.32049790 0.27436649 0.36410881 0.17689979 0.14607683 0.12622231 0.04862144 0.21520822 0.15392314 0.16016149 0.25773744 0.18609871 0.21761972 0.34964342 0.18503104 0.15764554 0.25700444 0.14241285 0.26522414 0.17867106 0.31920162 0.14932772 0.18269273 0.25977600 0.18672530 0.19544319 0.15399317 0.30411200 0.20535629 0.23354193 0.19698525 0.27198578 0.15538048 0.17264785 0.34186811 0.23155322 0.24039853 0.19235695 0.17884097 0.20496620 0.16631657 0.18814842 0.09026564 0.17480425 0.14235475 0.19745161 0.09622764 0.03093220 0.03991850 0.26171062 0.21231980 0.18907963 0.19311277 0.10425298 0.18966379 0.18045082 0.08002833 0.11636227 0.11451916 0.14761849 0.18560225 
0.16583028 0.13454494 0.22035466 0.17350980 0.16486238 0.18063534 0.13736512 0.39436503 0.19467499 0.18096559 0.37281953 0.15490536 0.17415234 0.19917671 0.14258715 0.00000000 0.26686803 0.17107644 0.16864085 0.24179931 0.16107407 0.20527026 0.17827579 0.17849777 0.24969272 0.15132966 0.14706395 0.15766646 0.17075379 0.16981703 0.15304763 0.22737791 0.15387135 0.17392099 0.21139099 0.18700659 0.16385028 0.16621100 0.25025021 0.22202230 0.24257406 0.24628077 0.16421937 0.20064927 0.24502545 0.13247078 0.18876315 0.20792151 0.39621215 0.17111546 0.15923810 0.13682226 0.25667969 0.21717238 0.15432674 0.12315019 0.13818090 0.13071822 0.15556426 0.16553663 0.17682244 0.15755106 0.15163977 0.15470914 0.16991209 0.16190756 0.15759916 0.14797714 0.13281842 0.19788054 0.18083385 0.13906591 0.18263373 0.19644898 0.19240936 0.19150614 0.18392901 
0.08763016 0.19482066 0.22470382 0.20688854 0.13905430 0.24364324 0.18633423 0.18276952 0.17086028 0.23398329 0.14124568 0.11670145 0.17463712 0.22949645 0.32049790 0.26686803 0.00000000 0.31842360 0.20198169 0.14578734 0.22750736 0.25622418 0.25204888 0.19518425 0.24719278 0.31163909 0.37906034 0.21111961 0.08826198 0.21581380 0.18409371 0.30636877 0.20913490 0.12491340 0.22906194 0.20399233 0.19631812 0.20248430 0.16443140 0.19079003 0.21561892 0.22882492 0.21106832 0.27523502 0.16547106 0.15652063 0.21664661 0.27534222 0.16660950 0.21815536 0.23443585 0.11200564 0.23986033 0.21180175 0.18929230 0.19899217 0.25056773 0.25772743 0.18344245 0.20043333 0.08317066 0.21730518 0.16460847 0.12679195 0.15639711 0.11178790 0.26532275 0.11996748 0.15286979 0.15823214 0.22006215 0.14939496 0.06640732 0.14343380 0.15846294 0.08492728 0.17984715 
0.27569807 0.27979913 0.11237053 0.26710156 0.24232544 0.13707098 0.21216215 0.18154549 0.26384121 0.15069223 0.17561990 0.23241620 0.18179653 0.22754830 0.27436649 0.17107644 0.31842360 0.00000000 0.19679815 0.16290883 0.15832835 0.24672826 0.27467944 0.17829246 0.17153496 0.16135460 0.14571033 0.19668175 0.24358042 0.26746239 0.19025210 0.27890776 0.12672603 0.18368177 0.14451810 0.23085670 0.14459118 0.17642908 0.17598065 0.35609201 0.17683488 0.20146712 0.27553156 0.17159020 0.16453030 0.25216458 0.23371150 0.24239207 0.18472458 0.21966085 0.22892230 0.12053017 0.16059503 0.10477716 0.12934100 0.15389180 0.20384366 0.23728654 0.20671411 0.16280086 0.17743495 0.18951809 0.20181818 0.22221460 0.21362229 0.21312459 0.12197361 0.15132304 0.29219843 0.12663294 0.14365115 0.12420523 0.15674275 0.13651891 0.18061220 0.26117577 0.19929153 
0.15604680 0.14352111 0.14401045 0.17302983 0.19640111 0.12144110 0.09724234 0.13412724 0.17723237 0.16525459 0.14053963 0.22188193 0.12671953 0.15363182 0.36410881 0.16864085 0.20198169 0.19679815 0.00000000 0.14369240 0.26026420 0.37939462 0.12355120 0.27689719 0.36472007 0.21825066 0.21648091 0.17668744 0.13662373 0.22325958 0.23731842 0.15808705 0.10158100 0.17832337 0.15110708 0.21990833 0.29082651 0.19837871 0.16029376 0.28499953 0.21726123 0.15509582 0.14194803 0.29475273 0.13475157 0.18984576 0.24258619 0.56790095 0.18462358 0.23993143 0.29540668 0.18473412 0.09001907 0.32100936 0.19771175 0.17938079 0.25982105 0.21342808 0.18791815 0.14765454 0.17580902 0.20494831 0.28655105 0.12818450 0.18244436 0.15478971 0.17106025 0.23698621 0.21244054 0.18878721 0.15498523 0.12474025 0.10962754 0.09454032 0.23048017 0.18187226 0.12695114 
0.21505586 0.17721826 0.16643887 0.15039981 0.15213623 0.15049037 0.17356167 0.23650039 0.16298842 0.16117115 0.24819495 0.20940006 0.21545603 0.20840352 0.17689979 0.24179931 0.14578734 0.16290883 0.14369240 0.00000000 0.20411234 0.15952491 0.15193557 0.21000870 0.18064955 0.18865495 0.16655328 0.17573445 0.17727404 0.17388853 0.15458670 0.20234163 0.18070619 0.16552167 0.17969910 0.14366028 0.15172168 0.15041013 0.28053495 0.16836361 0.18982191 0.23314289 0.17116148 0.17557470 0.27735271 0.18736199 0.17431472 0.22543812 0.25161269 0.26393460 0.15126419 0.19476150 0.20546555 0.17652434 0.16443544 0.16909346 0.14527588 0.15377895 0.17248645 0.17500996 0.15789473 0.17460394 0.16960771 0.18013905 0.17438890 0.18418323 0.19712395 0.17185569 0.20355230 0.19348688 0.21131604 0.21076384 0.19287772 0.21262575 0.20517395 0.20945355 0.24047104 
0.14006202 0.24127010 0.21985394 0.30857499 0.17645038 0.14130630 0.21906934 0.19708232 0.16640136 0.18135610 0.04495403 0.08041545 0.06131505 0.22756323 0.14607683 0.16107407 0.22750736 0.15832835 0.26026420 0.20411234 0.00000000 0.58749616 0.18394944 0.21834160 0.23060249 0.14168903 0.17115106 0.19662526 0.20543698 0.11312624 0.15261380 0.21922598 0.15852835 0.21036965 0.13777666 0.25958525 0.18474240 0.17222373 0.22345698 0.56955329 0.25102673 0.23260206 0.17073859 0.32481527 0.19731786 0.20581353 0.26340216 0.21822567 0.17490694 0.34077218 0.16788812 0.12893788 0.23593748 0.15607665 0.15263581 0.14493788 0.20259104 0.17824221 0.15331613 0.15659974 0.18627277 0.19025608 0.18853478 0.13066238 0.09693902 0.13553098 0.23033793 0.23714086 0.23279526 0.15333593 0.14340166 0.07337823 0.06913494 0.11584763 0.14235375 0.04471535 0.17143744 
0.17301277 0.19069323 0.23427175 0.22232438 0.16825040 0.14285470 0.12272808 0.17668061 0.14275725 0.19472862 0.08189648 0.06071737 0.12633602 0.24284059 0.12622231 0.20527026 0.25622418 0.24672826 0.37939462 0.15952491 0.58749616 0.00000000 0.21357641 0.33427983 0.22173568 0.19196307 0.17065888 0.21303282 0.14454222 0.09950002 0.18971949 0.28943849 0.17770028 0.17716359 0.12423929 0.16330169 0.19885086 0.36016120 0.17339298 0.50274676 0.23049524 0.24482859 0.20833580 0.28043907 0.15068011 0.20682155 0.19062167 0.22945768 0.21748550 0.24404769 0.21481225 0.16263218 0.20291242 0.35458403 0.15568251 0.18094522 0.19155024 0.10052941 0.18257007 0.14436401 0.16820680 0.18189105 0.16459896 0.23319287 0.19229571 0.20729524 0.21865165 0.22152473 0.13255746 0.21047779 0.13866614 0.08584075 0.09411271 0.08617277 0.11542361 0.03472746 0.14397501 
0.05601210 0.32721237 0.21076287 0.21173669 0.24667308 0.16777243 0.35388820 0.15194081 0.23946933 0.15494918 0.11857850 0.21815389 0.16880937 0.22852969 0.04862144 0.17827579 0.25204888 0.27467944 0.12355120 0.15193557 0.18394944 0.21357641 0.00000000 0.15809424 0.24694285 0.25558545 0.34138762 0.30356009 0.17349033 0.19296271 0.23143464 0.10673641 0.18137908 0.22663426 0.29255002 0.24833013 0.21221467 0.40168009 0.16181045 0.19988080 0.18008686 0.17961964 0.22361847 0.22575359 0.18248334 0.19264505 0.24723464 0.19892535 0.18070323 0.12199868 0.13406528 0.23996920 0.17108786 0.27025816 0.14148714 0.10925987 0.24896708 0.28475074 0.17838775 0.17280801 0.14916648 0.18497054 0.20438367 0.18209986 0.15793447 0.26079605 0.11200671 0.21070968 0.09919951 0.06890327 0.17640573 0.20204272 0.12737925 0.21041623 0.15110437 0.13002545 0.16204410 
0.23021536 0.14703912 0.11053419 0.16611220 0.17317506 0.17222937 0.10608562 0.16536693 0.20601408 0.16015051 0.23537920 0.12007772 0.17334634 0.16660605 0.21520822 0.17849777 0.19518425 0.17829246 0.27689719 0.21000870 0.21834160 0.33427983 0.15809424 0.00000000 0.22857231 0.18827114 0.11427790 0.17734983 0.13130246 0.07886686 0.19966331 0.25497407 0.20704796 0.19719705 0.27685580 0.12897821 0.13755018 0.49345590 0.20794617 0.16784920 0.30056182 0.20534665 0.13183704 0.30884618 0.20319591 0.13227755 0.08879794 0.16335834 0.17978788 0.22416436 0.14663781 0.17730041 0.38646447 0.20543472 0.13390187 0.25770203 0.17329711 0.22652414 0.17769662 0.25979336 0.12032240 0.18631994 0.21062616 0.17392521 0.22304571 0.19897792 0.17533567 0.10898799 0.14365738 0.23033781 0.16884277 0.16156017 0.13404173 0.13144843 0.21500628 0.13507679 0.15570050 
0.10878542 0.12076872 0.16342449 0.41392089 0.29475144 0.20131318 0.11904672 0.18528740 0.24539968 0.15454772 0.15255912 0.21861537 0.32799230 0.22674708 0.15392314 0.24969272 0.24719278 0.17153496 0.36472007 0.18064955 0.23060249 0.22173568 0.24694285 0.22857231 0.00000000 0.22921015 0.16651605 0.21916325 0.16115199 0.17869626 0.24083484 0.40967912 0.25170881 0.48735206 0.13311451 0.14240402 0.14314865 0.15001855 0.20521995 0.14551661 0.20090903 0.30780549 0.16339896 0.24895801 0.24593822 0.10346513 0.19276542 0.30737785 0.24571189 0.22849885 0.17709311 0.15184468 0.13409413 0.16266470 0.11494508 0.18946456 0.19687808 0.09135007 0.08473264 0.08287402 0.05651428 0.10716906 0.08112773 0.14741702 0.15881718 0.06942487 0.12077789 0.11936602 0.09312758 0.31294788 0.13560806 0.12666364 0.11925601 0.18884753 0.34246342 0.08235674 0.17599720 
0.14195599 0.19427038 0.23025592 0.17472910 0.13238497 0.06666739 0.17751183 0.14413484 0.14430621 0.22205331 0.21713035 0.20140885 0.21016629 0.27767762 0.16016149 0.15132966 0.31163909 0.16135460 0.21825066 0.18865495 0.14168903 0.19196307 0.25558545 0.18827114 0.22921015 0.00000000 0.28969036 0.32576084 0.23815749 0.27068159 0.19731682 0.14265389 0.42774376 0.19556199 0.56447975 0.28375492 0.19499645 0.36088342 0.15654727 0.13083973 0.16253686 0.21688342 0.14321207 0.07744022 0.15452307 0.16447639 0.24008858 0.22428022 0.15734391 0.18725293 0.26048400 0.17233781 0.20830808 0.12334479 0.19100219 0.22185518 0.11749831 0.16394745 0.24863743 0.20011584 0.14781072 0.15153467 0.13004232 0.18205106 0.22067458 0.18139095 0.17001729 0.17552383 0.20102702 0.14075415 0.16269714 0.27899177 0.11804509 0.12738138 0.20436086 0.15236062 0.17445596 
0.15916164 0.15013961 0.15279845 0.16400925 0.24723146 0.19515702 0.24290915 0.15873711 0.18643472 0.28981693 0.15050307 0.41269112 0.21763761 0.35460637 0.25773744 0.14706395 0.37906034 0.14571033 0.21648091 0.16655328 0.17115106 0.17065888 0.34138762 0.11427790 0.16651605 0.28969036 0.00000000 0.40911553 0.29813069 0.26565059 0.27092208 0.40571882 0.22935185 0.15371378 0.17631551 0.21098144 0.13584589 0.24160131 0.17443158 0.13883563 0.07847091 0.15367615 0.18226554 0.18377611 0.15302310 0.16212023 0.27326063 0.24708098 0.14389097 0.25233501 0.21205886 0.23489826 0.16215119 0.18798515 0.16658422 0.12800408 0.13975311 0.19749840 0.20347469 0.23768577 0.17656645 0.20338196 0.04516295 0.13506824 0.17543952 0.13199319 0.10858896 0.17371282 0.22969968 0.09787738 0.15696600 0.18092228 0.15978199 0.14387378 0.11088323 0.18554312 0.21666272 
0.21204164 0.18028215 0.17654671 0.25059565 0.24084901 0.25642482 0.16260675 0.18016825 0.15909385 0.21905916 0.19258206 0.21055562 0.13872272 0.15375192 0.18609871 0.15766646 0.21111961 0.19668175 0.17668744 0.17573445 0.19662526 0.21303282 0.30356009 0.17734983 0.21916325 0.32576084 0.40911553 0.00000000 0.43201751 0.34035132 0.28211996 0.24458950 0.36307736 0.20857488 0.27603612 0.22896048 0.17096856 0.24301628 0.17633133 0.24467039 0.10762801 0.18038452 0.09802757 0.10482297 0.18838629 0.16477654 0.16360323 0.15952982 0.15355603 0.26195024 0.21379428 0.18241116 0.15577694 0.09255830 0.25140265 0.16976684 0.19386157 0.27221313 0.19356170 0.18658245 0.18810094 0.26373137 0.11601725 0.12518004 0.12693138 0.13773370 0.12398527 0.11529581 0.13756760 0.05210523 0.20829826 0.13402049 0.12674739 0.18813528 0.16096665 0.14440509 0.21392492 
0.11574265 0.24704339 0.20997069 0.18687123 0.18329264 0.23157505 0.17836087 0.12435884 0.27644283 0.13443645 0.13304577 0.21179474 0.17261150 0.17721553 0.21761972 0.17075379 0.08826198 0.24358042 0.13662373 0.17727404 0.20543698 0.14454222 0.17349033 0.13130246 0.16115199 0.23815749 0.29813069 0.43201751 0.00000000 0.37097805 0.30360645 0.29422710 0.30274900 0.15540765 0.20484464 0.32753145 0.20612103 0.31283436 0.16240644 0.20423386 0.14377341 0.17387225 0.19044010 0.10614742 0.17309916 0.15042835 0.13186083 0.16827266 0.18024729 0.14294537 0.10691084 0.24278853 0.24242918 0.08985642 0.22290480 0.18932669 0.16870783 0.24647759 0.30040003 0.24304547 0.15279584 0.19080830 0.14039826 0.18229336 0.15379256 0.18271590 0.09932378 0.22310054 0.16543900 0.11457453 0.14110590 0.20628963 0.23815067 0.24431605 0.22348926 0.25716180 0.21053229 
0.22445460 0.10784545 0.13036758 0.06872934 0.25273047 0.33602524 0.22314294 0.17589941 0.28228973 0.41597547 0.22715109 0.19055875 0.15242683 0.24347992 0.34964342 0.16981703 0.21581380 0.26746239 0.22325958 0.17388853 0.11312624 0.09950002 0.19296271 0.07886686 0.17869626 0.27068159 0.26565059 0.34035132 0.37097805 0.00000000 0.43501469 0.25188752 0.33005145 0.13619801 0.20758222 0.18010968 0.20125325 0.17068806 0.16489610 0.12691323 0.11892146 0.14122869 0.17010818 0.25310687 0.17454682 0.09251860 0.14987975 0.24894850 0.16732593 0.15598133 0.25167995 0.09637412 0.25556771 0.17367301 0.09739892 0.17527040 0.11644401 0.12191649 0.12851653 0.17191714 0.19791346 0.15126404 0.19919874 0.17449604 0.16462598 0.16042361 0.18615264 0.09290493 0.23722262 0.26166938 0.17126929 0.19415957 0.26623907 0.15247103 0.22510569 0.15809775 0.19168347 
0.20925005 0.15342659 0.17786088 0.18147432 0.22190174 0.29111857 0.13319191 0.18422521 0.18846513 0.45641929 0.26767772 0.22199134 0.19677778 0.13232603 0.18503104 0.15304763 0.18409371 0.19025210 0.23731842 0.15458670 0.15261380 0.18971949 0.23143464 0.19966331 0.24083484 0.19731682 0.27092208 0.28211996 0.30360645 0.43501469 0.00000000 0.31788054 0.24648065 0.21429734 0.16245631 0.20321185 0.17845460 0.16545094 0.17257462 0.10906318 0.19475504 0.15325104 0.21535935 0.19312902 0.19182183 0.24010675 0.13700154 0.14328614 0.15039345 0.19038776 0.23650091 0.10523171 0.17926895 0.12773376 0.13320206 0.17960777 0.21511556 0.12491795 0.13519417 0.16528843 0.20316063 0.15827689 0.19038418 0.25793845 0.21716627 0.12486037 0.17736069 0.08612519 0.16814708 0.34294330 0.23022940 0.08518014 0.16487429 0.30456409 0.12904401 0.19755128 0.17242858 
0.25133090 0.15989405 0.26343864 0.19221669 0.14060191 0.21798990 0.12034624 0.19211333 0.18170456 0.27899153 0.23551313 0.12893307 0.22837552 0.46437901 0.15764554 0.22737791 0.30636877 0.27890776 0.15808705 0.20234163 0.21922598 0.28943849 0.10673641 0.25497407 0.40967912 0.14265389 0.40571882 0.24458950 0.29422710 0.25188752 0.31788054 0.00000000 0.11863430 0.22141908 0.22566410 0.18122765 0.10417806 0.20608256 0.19462975 0.24230144 0.22398273 0.19643021 0.25298541 0.26596507 0.16168726 0.22623111 0.20705536 0.20697908 0.20935772 0.20125623 0.19816575 0.17548712 0.19358924 0.32406236 0.01247630 0.16257182 0.10537771 0.17630185 0.11682750 0.12507787 0.06236577 0.10907785 0.13503061 0.11671108 0.09881621 0.07753624 0.14280275 0.12071865 0.11153402 0.20022085 0.15107782 0.14142713 0.14556065 0.17676688 0.16435589 0.16041495 0.19525303 
0.17954911 0.18475953 0.31174190 0.35821460 0.30426683 0.23454898 0.21716234 0.19574773 0.29263850 0.19711664 0.15830227 0.15384181 0.17327749 0.16444958 0.25700444 0.15387135 0.20913490 0.12672603 0.10158100 0.18070619 0.15852835 0.17770028 0.18137908 0.20704796 0.25170881 0.42774376 0.22935185 0.36307736 0.30274900 0.33005145 0.24648065 0.11863430 0.00000000 0.24287769 0.28168165 0.32354342 0.31510584 0.21410966 0.14410760 0.13706442 0.13953763 0.20087483 0.13690094 0.19410706 0.16049516 0.15367830 0.11926063 0.24700792 0.15706549 0.20322811 0.13816614 0.18726337 0.23118991 0.17669450 0.18858675 0.13346283 0.18738868 0.17621206 0.15991791 0.20672585 0.18977634 0.14912412 0.23971454 0.13678025 0.16165268 0.20467364 0.08913218 0.15725000 0.26074834 0.15549249 0.14486765 0.17091483 0.09897647 0.20654997 0.15860998 0.05864217 0.17206038 
0.18664404 0.19928607 0.26786748 0.21577964 0.27648304 0.19020880 0.25320669 0.15881301 0.17945334 0.14826659 0.08762446 0.20799338 0.14583556 0.22161536 0.14241285 0.17392099 0.12491340 0.18368177 0.17832337 0.16552167 0.21036965 0.17716359 0.22663426 0.19719705 0.48735206 0.19556199 0.15371378 0.20857488 0.15540765 0.13619801 0.21429734 0.22141908 0.24287769 0.00000000 0.24397287 0.37819674 0.19112271 0.09499215 0.18289336 0.20502893 0.39206986 0.27018297 0.23470894 0.23742807 0.15904023 0.17717080 0.13837911 0.19585521 0.18470580 0.15166014 0.17220026 0.14260052 0.18935615 0.36305678 0.21638762 0.28604818 0.21004267 0.16226474 0.30850390 0.12321651 0.29051216 0.14232323 0.29621636 0.15990685 0.11408233 0.12486057 0.15724411 0.08823579 0.11880994 0.24282077 0.13554716 0.11960424 0.09063957 0.07816714 0.06620009 0.08160533 0.10892129 
0.20598227 0.18148609 0.16742180 0.17682885 0.12310863 0.20462493 0.17205633 0.15598094 0.17246643 0.20005224 0.20761325 0.11526230 0.17937167 0.25228321 0.26522414 0.21139099 0.22906194 0.14451810 0.15110708 0.17969910 0.13777666 0.12423929 0.29255002 0.27685580 0.13311451 0.56447975 0.17631551 0.27603612 0.20484464 0.20758222 0.16245631 0.22566410 0.28168165 0.24397287 0.00000000 0.22440423 0.37106614 0.58139345 0.19743951 0.12216199 0.10748052 0.18474111 0.20726006 0.15263768 0.18915235 0.24257229 0.13995754 0.17184181 0.21259648 0.14554657 0.22193968 0.15374759 0.27107625 0.21802475 0.08002052 0.19097950 0.17685877 0.13368100 0.18971858 0.25740426 0.14281631 0.09712796 0.10532765 0.21473726 0.13003232 0.24470862 0.17713853 0.15068065 0.20402935 0.13274809 0.21447838 0.11752944 0.17879999 0.10763600 0.09725399 0.15692984 0.19233374 
0.15605452 0.21608983 0.18826128 0.29065626 0.21690837 0.22785994 0.22154427 0.15744963 0.20390761 0.11497782 0.01884988 0.08432848 0.03319992 0.15555107 0.17867106 0.18700659 0.20399233 0.23085670 0.21990833 0.14366028 0.25958525 0.16330169 0.24833013 0.12897821 0.14240402 0.28375492 0.21098144 0.22896048 0.32753145 0.18010968 0.20321185 0.18122765 0.32354342 0.37819674 0.22440423 0.00000000 0.37447967 0.23987348 0.16358544 0.19076818 0.23121935 0.26674447 0.22373739 0.17901587 0.14163926 0.20580654 0.20409958 0.21056872 0.20554699 0.21590714 0.18123409 0.18715266 0.21140543 0.30819887 0.23843459 0.18931992 0.36124090 0.17430868 0.22934293 0.22218803 0.20303803 0.23166379 0.12718594 0.20790691 0.25271390 0.20148860 0.16706307 0.19011705 0.15114297 0.10245256 0.17771789 0.14109270 0.11111129 0.14969076 0.14258166 0.00000000 0.06615614 
0.20038362 0.21779323 0.19538313 0.18535371 0.21782943 0.32871562 0.10833125 0.17422847 0.10364346 0.13525089 0.21153872 0.20417188 0.17733864 0.10723084 0.31920162 0.16385028 0.19631812 0.14459118 0.29082651 0.15172168 0.18474240 0.19885086 0.21221467 0.13755018 0.14314865 0.19499645 0.13584589 0.17096856 0.20612103 0.20125325 0.17845460 0.10417806 0.31510584 0.19112271 0.37106614 0.37447967 0.00000000 0.22524167 0.16275774 0.09075467 0.16832023 0.18316846 0.15867315 0.09925521 0.17241877 0.11849949 0.27842177 0.11504950 0.17296244 0.16799611 0.18843283 0.23461640 0.17025499 0.11904483 0.16882660 0.25599738 0.13094908 0.27592257 0.29052621 0.25880061 0.23138984 0.30527229 0.22967181 0.20214418 0.29156487 0.19969660 0.14938750 0.16137504 0.23234491 0.10278134 0.33426491 0.21037879 0.17203081 0.18832053 0.14748041 0.24963785 0.16666775 
0.19027433 0.20836160 0.19888662 0.18352897 0.16265954 0.29276308 0.22588598 0.17578461 0.27731205 0.06687203 0.20295233 0.20530710 0.24492525 0.22329767 0.14932772 0.16621100 0.20248430 0.17642908 0.19837871 0.15041013 0.17222373 0.36016120 0.40168009 0.49345590 0.15001855 0.36088342 0.24160131 0.24301628 0.31283436 0.17068806 0.16545094 0.20608256 0.21410966 0.09499215 0.58139345 0.23987348 0.22524167 0.00000000 0.15652141 0.16249962 0.10470255 0.17122456 0.21747785 0.14573266 0.16836333 0.11214019 0.19434430 0.20183657 0.17456451 0.10203029 0.16864323 0.17877414 0.11717633 0.10665094 0.13843531 0.15080898 0.15186685 0.17441587 0.23609806 0.20894257 0.14797042 0.17430219 0.13927669 0.12672381 0.22597216 0.17030329 0.13755597 0.13408641 0.20477607 0.14868988 0.12855302 0.10012631 0.18105177 0.27630582 0.23803930 0.26383651 0.15099359 
0.20497429 0.18107216 0.18095949 0.16455160 0.15942192 0.16240480 0.16770680 0.24618539 0.17150131 0.17830123 0.22758540 0.20342047 0.21437578 0.20897574 0.18269273 0.25025021 0.16443140 0.17598065 0.16029376 0.28053495 0.22345698 0.17339298 0.16181045 0.20794617 0.20521995 0.15654727 0.17443158 0.17633133 0.16240644 0.16489610 0.17257462 0.19462975 0.14410760 0.18289336 0.19743951 0.16358544 0.16275774 0.15652141 0.00000000 0.18379864 0.19631006 0.24326176 0.19630024 0.20226015 0.28609056 0.17265897 0.17709645 0.19758626 0.25994737 0.20312614 0.16922563 0.18135848 0.22588328 0.19590950 0.16658885 0.16561561 0.14342898 0.15789529 0.16378320 0.18097331 0.16795801 0.16640008 0.15920337 0.17263411 0.16017349 0.15800196 0.19298139 0.17717672 0.16504789 0.19511045 0.20649009 0.17429324 0.18298899 0.20899031 0.19774850 0.18710396 0.19838327 
0.19680689 0.26030423 0.10351765 0.26808352 0.19775828 0.09914017 0.16446552 0.18263400 0.33271403 0.09553845 0.11760964 0.14208570 0.10423293 0.18291384 0.25977600 0.22202230 0.19079003 0.35609201 0.28499953 0.16836361 0.56955329 0.50274676 0.19988080 0.16784920 0.14551661 0.13083973 0.13883563 0.24467039 0.20423386 0.12691323 0.10906318 0.24230144 0.13706442 0.20502893 0.12216199 0.19076818 0.09075467 0.16249962 0.18379864 0.00000000 0.28694977 0.30068406 0.21014376 0.26464024 0.16483273 0.12531819 0.17354554 0.25345982 0.23450690 0.21831468 0.15045341 0.24321585 0.36848408 0.21567945 0.22282815 0.19688045 0.21203193 0.15002723 0.26290480 0.12292239 0.12718203 0.17396733 0.14457792 0.19167042 0.13296848 0.12454698 0.19085342 0.20416479 0.14374461 0.09394864 0.21497492 0.15100422 0.11265828 0.11656854 0.06338811 0.17319728 0.14880483 
0.17519346 0.19816952 0.19999548 0.21388329 0.21624735 0.17995158 0.12858735 0.24021129 0.20053818 0.30657769 0.22104369 0.10393287 0.10889571 0.16250956 0.18672530 0.24257406 0.21561892 0.17683488 0.21726123 0.18982191 0.25102673 0.23049524 0.18008686 0.30056182 0.20090903 0.16253686 0.07847091 0.10762801 0.14377341 0.11892146 0.19475504 0.22398273 0.13953763 0.39206986 0.10748052 0.23121935 0.16832023 0.10470255 0.19631006 0.28694977 0.00000000 0.19925569 0.28110715 0.27417342 0.18193893 0.17420465 0.40533582 0.18629778 0.23892559 0.14593316 0.15463544 0.14505831 0.20137567 0.28119920 0.25610520 0.29294398 0.14630382 0.27661400 0.20443228 0.24084053 0.20473159 0.22032864 0.19622058 0.17579214 0.07043098 0.17412572 0.21639667 0.13104085 0.09527706 0.20180956 0.21335805 0.07293174 0.18752032 0.17281685 0.10768942 0.13279437 0.15064865 
0.15297716 0.17357919 0.18910701 0.20571602 0.19107195 0.17376042 0.14465231 0.19380209 0.14862679 0.17418012 0.22041163 0.19575778 0.21047699 0.17880851 0.19544319 0.24628077 0.22882492 0.20146712 0.15509582 0.23314289 0.23260206 0.24482859 0.17961964 0.20534665 0.30780549 0.21688342 0.15367615 0.18038452 0.17387225 0.14122869 0.15325104 0.19643021 0.20087483 0.27018297 0.18474111 0.26674447 0.18316846 0.17122456 0.24326176 0.30068406 0.19925569 0.00000000 0.17649086 0.22148266 0.23619532 0.18712871 0.19121916 0.16442396 0.25765064 0.15205906 0.14775851 0.20678941 0.22974946 0.17684729 0.14061148 0.17759004 0.18752462 0.17571598 0.23679789 0.12311013 0.12846640 0.14400884 0.16816820 0.11788941 0.12538097 0.11615490 0.15423141 0.16976185 0.13669963 0.17443283 0.14468691 0.21012789 0.15118685 0.18013080 0.17452152 0.16746973 0.17436476 
0.21902704 0.19895048 0.16877847 0.23180548 0.13811309 0.16779795 0.14080584 0.19904651 0.22027605 0.20899695 0.11410191 0.11233000 0.22537517 0.24664923 0.15399317 0.16421937 0.21106832 0.27553156 0.14194803 0.17116148 0.17073859 0.20833580 0.22361847 0.13183704 0.16339896 0.14321207 0.18226554 0.09802757 0.19044010 0.17010818 0.21535935 0.25298541 0.13690094 0.23470894 0.20726006 0.22373739 0.15867315 0.21747785 0.19630024 0.21014376 0.28110715 0.17649086 0.00000000 0.45318464 0.16434036 0.37485522 0.27097673 0.10772225 0.18184747 0.18035872 0.15483984 0.24545462 0.35972177 0.26716646 0.14107339 0.28109931 0.14193921 0.20632698 0.24721554 0.18383103 0.16004417 0.14194057 0.16977501 0.13361089 0.19758416 0.18492443 0.23042017 0.07440065 0.16106587 0.16041589 0.17728024 0.20121839 0.17997843 0.29394710 0.15189726 0.15275196 0.21327670 
0.12274901 0.24214836 0.21525791 0.18562072 0.16490789 0.10345833 0.12890952 0.17666344 0.21446576 0.15919203 0.06596404 0.17300958 0.14818659 0.10840558 0.30411200 0.20064927 0.27523502 0.17159020 0.29475273 0.17557470 0.32481527 0.28043907 0.22575359 0.30884618 0.24895801 0.07744022 0.18377611 0.10482297 0.10614742 0.25310687 0.19312902 0.26596507 0.19410706 0.23742807 0.15263768 0.17901587 0.09925521 0.14573266 0.20226015 0.26464024 0.27417342 0.22148266 0.45318464 0.00000000 0.18499417 0.16138488 0.36283178 0.31304142 0.21215199 0.11900189 0.27988124 0.26036477 0.20761081 0.36727527 0.19013466 0.12325624 0.21147848 0.21923605 0.12997199 0.18760297 0.06481253 0.13004875 0.25883423 0.18668567 0.13677800 0.16970296 0.18916421 0.15205030 0.17813754 0.15072455 0.24464713 0.21389292 0.17529834 0.23900064 0.15149853 0.04098465 0.12478585 
0.23813431 0.16973887 0.16895806 0.17929220 0.16721156 0.14847723 0.16426855 0.23967589 0.16819115 0.21920181 0.20065118 0.23417421 0.24270451 0.20450978 0.20535629 0.24502545 0.16547106 0.16453030 0.13475157 0.27735271 0.19731786 0.15068011 0.18248334 0.20319591 0.24593822 0.15452307 0.15302310 0.18838629 0.17309916 0.17454682 0.19182183 0.16168726 0.16049516 0.15904023 0.18915235 0.14163926 0.17241877 0.16836333 0.28609056 0.16483273 0.18193893 0.23619532 0.16434036 0.18499417 0.00000000 0.18655317 0.18225118 0.18291556 0.25591434 0.18089562 0.19479666 0.19395288 0.19836900 0.16944134 0.15887685 0.18105940 0.13772231 0.18308848 0.16310418 0.16568365 0.16853718 0.16219291 0.14918885 0.17718000 0.16350380 0.15159101 0.22896830 0.18374671 0.19530112 0.18066306 0.19388833 0.17804787 0.22580080 0.22230952 0.20665633 0.17257183 0.19324110 
0.17640488 0.40646159 0.26514642 0.13913629 0.18874328 0.24485442 0.14345820 0.21657680 0.11358244 0.16825843 0.15351981 0.16306399 0.22771207 0.10743937 0.23354193 0.13247078 0.15652063 0.25216458 0.18984576 0.18736199 0.20581353 0.20682155 0.19264505 0.13227755 0.10346513 0.16447639 0.16212023 0.16477654 0.15042835 0.09251860 0.24010675 0.22623111 0.15367830 0.17717080 0.24257229 0.20580654 0.11849949 0.11214019 0.17265897 0.12531819 0.17420465 0.18712871 0.37485522 0.16138488 0.18655317 0.00000000 0.35225110 0.15449645 0.14287089 0.27118425 0.10133389 0.29679193 0.18057856 0.26811552 0.25636274 0.32479253 0.27795431 0.20785695 0.30154178 0.20930961 0.15460039 0.17786111 0.17093950 0.21174129 0.26074568 0.14986690 0.14144055 0.20817873 0.12532148 0.25088256 0.19995128 0.17423086 0.29014648 0.23566887 0.15575210 0.23339389 0.19059734 
0.20616896 0.14549289 0.21360708 0.18401895 0.16320225 0.17961348 0.19628397 0.15965654 0.13580794 0.25143513 0.16815931 0.21662359 0.20811399 0.19857156 0.19698525 0.18876315 0.21664661 0.23371150 0.24258619 0.17431472 0.26340216 0.19062167 0.24723464 0.08879794 0.19276542 0.24008858 0.27326063 0.16360323 0.13186083 0.14987975 0.13700154 0.20705536 0.11926063 0.13837911 0.13995754 0.20409958 0.27842177 0.19434430 0.17709645 0.17354554 0.40533582 0.19121916 0.27097673 0.36283178 0.18225118 0.35225110 0.00000000 0.34138284 0.18200905 0.11480530 0.20985347 0.24686021 0.14726412 0.25019588 0.25202051 0.14819801 0.21467646 0.19024835 0.12174849 0.27878404 0.17125302 0.20719345 0.13070603 0.16942611 0.12532623 0.18961134 0.27074906 0.25284019 0.10422712 0.13314918 0.23124642 0.15475881 0.23658417 0.10573131 0.21145724 0.19989775 0.18402100 
