0.00000000 0.20766006 0.10088156 0.17042464 0.13526398 0.11449026 0.13902218 0.08261904 0.06531253 0.09612706 0.09157616 0.06241274 0.13393253 0.09050034 0.14921920 0.09360595 0.11961083 0.11654663 0.10465148 0.10391936 0.12303662 0.14327527 0.11976363 0.07832974 0.08899220 0.12769216 0.10423509 0.09676027 0.11401756 0.09232478 0.06551594 0.06352610 0.10019751 0.07862538 0.07870654 0.08912622 0.13030934 0.12638695 0.07393165 0.15733285 0.09542841 0.08631670 0.03840745 0.07255034 0.08080872 0.09102438 0.12796452 0.09567668 0.14760101 0.12348921 0.08415442 0.05610124 0.05447155 0.12766220 0.02885929 0.12739418 0.02828729 0.11038930 0.11902589 0.15426838 0.09600761 0.02440319 0.11032377 0.04404657 0.13889608 0.16400665 0.06690536 0.03021073 0.04174199 0.02739346 0.08507524 0.17997620 0.12385216 0.16897438 0.02341659 0.03648130 0.00991485 0.06857411 0.02742361 0.23123339 0.04053944 0.06922518 0.08965118 0.05686474 0.13214107 0.08971202 0.02603018 0.07672320 0.10585612 0.00000000 0.06966590 0.04662058 0.10768737 0.11505870 0.02223381 0.09027395 0.05953707 0.09397328 0.12321411 0.10627631 0.09549679 0.09303462 0.09618698 0.13142639 0.05533893 0.04293184 0.04134855 0.12341312 0.02046566 0.02889740 0.05336572 0.06751567 0.07028912 0.04303894 0.06880924 0.08068651 0.17177622 0.09364157 0.07399208 0.09035758 0.14047356 0.08465200 0.03301210 0.12654589 0.06808278 0.09359499 0.09061528 0.05671690 0.07708733 0.04735205 0.10424314 0.04538505 0.16596194 0.07037017 0.13925720 0.11249235 0.12892109 0.12353715 0.11850405 0.08719551 0.11170861 0.06782926 0.09246533 0.09751052 0.04397979 0.11399622 0.13634819 0.08441828 0.09061012 0.06135319 0.06647157 0.10381382 0.09508272 0.08518866 0.06464351 0.09267323 0.09827146 
0.20766006 0.00000000 0.23979645 0.20560543 0.11842697 0.20538783 0.13446183 0.13901983 0.08311282 0.12638246 0.10155020 0.10203645 0.18635897 0.17422019 0.06590746 0.09101929 0.10227105 0.06888282 0.15184543 0.14568866 0.14478523 0.12849199 0.05598054 0.07044847 0.07290427 0.07534171 0.08400151 0.03610573 0.10178952 0.04466901 0.02625223 0.04547785 0.09389694 0.10686163 0.05039409 0.07629038 0.09571614 0.08949431 0.09925708 0.07978727 0.08317284 0.12040464 0.06300727 0.09600872 0.05441164 0.09119960 0.12206633 0.09844057 0.06872298 0.09349764 0.10679752 0.14253908 0.06156057 0.09067759 0.12261890 0.09865257 0.01890685 0.07493981 0.09822400 0.07831725 0.11358072 0.09568157 0.08062768 0.09016532 0.06592628 0.11310630 0.11647352 0.04884186 0.05377248 0.07703402 0.06288627 0.08953161 0.13905848 0.05712282 0.09371690 0.06571887 0.04039188 0.06380624 0.06828662 0.11027852 0.03730551 0.06677393 0.07788585 0.08035942 0.07390725 0.07930185 0.07177077 0.05317791 0.09923749 0.02995566 0.07049078 0.02874020 0.11806378 0.03648911 0.03126648 0.12289671 0.06257027 0.13326707 0.11703122 0.12832032 0.10513792 0.13765841 0.01696685 0.08092397 0.04822893 0.07715439 0.08045737 0.08761070 0.08737538 0.07166029 0.07746829 0.09103637 0.06710633 0.06003591 0.06799856 0.10325420 0.08412798 0.09529634 0.09749838 0.12845530 0.14738154 0.11362065 0.05708105 0.15498691 0.10583480 0.13285327 0.05902521 0.06747038 0.09053786 0.02905410 0.08562398 0.04249648 0.11686913 0.04950234 0.15316271 0.12800574 0.13730388 0.10636883 0.09861442 0.08559270 0.12761981 0.03946625 0.06812628 0.10364909 0.05962836 0.09462761 0.05641599 0.13255146 0.10999806 0.06821729 0.12133371 0.11384970 0.09534894 0.07178237 0.11044461 0.06794283 0.09160695 
0.10088156 0.23979645 0.00000000 0.13795128 0.11589360 0.14326122 0.10932715 0.14421108 0.19088783 0.13370450 0.12160118 0.10989047 0.09675523 0.11078046 0.09193507 0.10427635 0.06150998 0.09152472 0.08314444 0.09215703 0.07935699 0.05791729 0.07084458 0.11609966 0.07402992 0.07465879 0.15237579 0.13831912 0.07326297 0.09723901 0.14511367 0.11458876 0.08439880 0.07170369 0.09919410 0.08767601 0.07657050 0.06125726 0.08374817 0.08733728 0.07152464 0.07206570 0.08643982 0.10038322 0.07544633 0.11046820 0.07799121 0.09004192 0.08679621 0.12013895 0.11354231 0.10552156 0.11202963 0.05443852 0.09075434 0.08453930 0.10673580 0.08994869 0.07606117 0.06862238 0.09267013 0.09066017 0.09427888 0.12743548 0.08528536 0.07938122 0.09582291 0.11280185 0.08532700 0.08467212 0.09173748 0.08793849 0.09503838 0.09292774 0.09649738 0.07382646 0.08523544 0.06453491 0.13367397 0.10019462 0.16109616 0.07448244 0.06716904 0.07973938 0.07860469 0.07940664 0.07336557 0.09567536 0.06397120 0.07543299 0.07475180 0.06789742 0.10935560 0.07408477 0.10817679 0.05990622 0.11173948 0.08434011 0.06744971 0.08304156 0.08785103 0.08223184 0.07707173 0.06973015 0.06926836 0.07787245 0.10482502 0.08305881 0.05528072 0.09796884 0.05745728 0.09532121 0.08715627 0.06580636 0.10002519 0.10434577 0.07022960 0.07509443 0.09504626 0.08729103 0.06286116 0.09712719 0.09378970 0.07399567 0.09294363 0.08613424 0.11004441 0.08585381 0.08551272 0.11019257 0.10640610 0.13527792 0.05257102 0.06128668 0.06287702 0.07662662 0.04966310 0.03879170 0.05848210 0.06308976 0.08307721 0.09277650 0.07113344 0.09249168 0.07786481 0.08288210 0.10389407 0.09784875 0.10245933 0.07574538 0.08516194 0.07132828 0.11179512 0.07846991 0.07359597 0.07216272 0.07312074 
0.17042464 0.20560543 0.13795128 0.00000000 0.26494896 0.13790222 0.10668900 0.15026655 0.12925095 0.07725646 0.13947175 0.10033803 0.12204590 0.09001221 0.12173769 0.17906722 0.11957054 0.10868921 0.12536463 0.19138773 0.15708621 0.09710279 0.13579689 0.10561554 0.08172934 0.13898498 0.05073077 0.09727841 0.15094820 0.09433798 0.05699553 0.05281407 0.06052970 0.09318924 0.06424451 0.06898740 0.09660481 0.08160032 0.04320901 0.03248610 0.05075286 0.10212814 0.09263418 0.12461188 0.06055685 0.14758278 0.08591679 0.10875594 0.06364107 0.13357093 0.10168845 0.05980436 0.03210644 0.09018132 0.09716814 0.07324763 0.03885383 0.09166725 0.06519710 0.06166069 0.11793503 0.03481091 0.08012039 0.06987754 0.09755094 0.11358220 0.08109306 0.06539839 0.05320165 0.08745840 0.07586547 0.09905611 0.12822798 0.10603470 0.06690497 0.06558235 0.04342691 0.07551231 0.11090828 0.11642165 0.02954777 0.12878403 0.10323720 0.10512112 0.07791205 0.07581378 0.05327861 0.06337378 0.07016964 0.01814351 0.04119293 0.02345801 0.06099236 0.06631705 0.03992583 0.14829246 0.04664692 0.10048477 0.11293759 0.11119765 0.14524640 0.12940356 0.05087490 0.08005849 0.04610399 0.06398155 0.10731550 0.08813234 0.08627877 0.04972299 0.12148003 0.07813727 0.08672580 0.09594277 0.05981787 0.08359341 0.14500399 0.04400519 0.08083197 0.11023263 0.11153306 0.08649320 0.04018995 0.09899411 0.10375249 0.09349503 0.08551318 0.08689386 0.07364410 0.02981564 0.09015123 0.05795674 0.12796420 0.03543090 0.09400323 0.15612043 0.09852172 0.09206245 0.10374469 0.12440920 0.15073537 0.04527978 0.11286146 0.08986433 0.06199410 0.07638671 0.12704183 0.10751944 0.10584019 0.07004631 0.09816888 0.15609580 0.07161441 0.07267341 0.11027128 0.08260790 0.10067461 
0.13526398 0.11842697 0.11589360 0.26494896 0.00000000 0.18746690 0.21048253 0.29945551 0.11393803 0.13532136 0.05228405 0.11265884 0.11974591 0.15104812 0.13927176 0.12786238 0.13263467 0.13998612 0.08382215 0.08463191 0.11951412 0.08197529 0.06694732 0.07955590 0.11148824 0.10471138 0.10325615 0.08586135 0.17424713 0.08885949 0.06564349 0.10872897 0.12813093 0.09798456 0.06822683 0.09553368 0.14884033 0.11948566 0.11033934 0.08641787 0.09955549 0.12111474 0.07428539 0.12405577 0.09160050 0.09536716 0.10305988 0.11639031 0.08982468 0.10060254 0.05070992 0.18400490 0.03688199 0.14221335 0.07996924 0.12901153 0.08157638 0.14398651 0.10399339 0.04220908 0.07860436 0.06606491 0.07076128 0.05695621 0.08126166 0.08381906 0.09431415 0.06687411 0.08586855 0.07308249 0.11430507 0.08175790 0.11445978 0.14831613 0.03956610 0.03489845 0.03999938 0.07695399 0.07726288 0.08834172 0.07942043 0.06233933 0.08397792 0.05085929 0.09175793 0.04941822 0.06912127 0.06774278 0.10889186 0.06248229 0.05125668 0.08305412 0.06836533 0.09032560 0.06254607 0.08086309 0.08717270 0.04150937 0.11609905 0.12256347 0.07396518 0.10430643 0.09727237 0.07383757 0.06584550 0.07591271 0.05506680 0.06479156 0.06064223 0.08750451 0.07791035 0.08755734 0.09360959 0.07242832 0.06706848 0.08682489 0.05387855 0.09411486 0.09634467 0.09020068 0.06691488 0.08431699 0.06456125 0.09339598 0.10826694 0.05682734 0.12473843 0.09008382 0.08645246 0.04300074 0.06208389 0.07005441 0.06389944 0.05974958 0.06586532 0.06776669 0.10695414 0.09195120 0.07922809 0.08635186 0.11402992 0.03928151 0.06497761 0.10319440 0.05877633 0.07176714 0.10787754 0.08585169 0.05111294 0.05452439 0.06009703 0.10838496 0.09111355 0.07693315 0.07488967 0.09149086 0.11984727 
0.11449026 0.20538783 0.14326122 0.13790222 0.18746690 0.00000000 0.16420002 0.19568230 0.10690131 0.09748539 0.18086611 0.09556916 0.13955716 0.10402579 0.12724444 0.09294237 0.10579674 0.18427058 0.14803872 0.19226108 0.11806252 0.13931768 0.12618168 0.04228132 0.10076119 0.10234705 0.09167642 0.08490209 0.08930563 0.11121569 0.03212248 0.08925892 0.12436874 0.10055708 0.06374882 0.07836856 0.13688349 0.08648657 0.11237731 0.12769298 0.14749755 0.11435664 0.08855288 0.11771772 0.09474086 0.07908022 0.12805881 0.13566387 0.08026763 0.07400224 0.07403818 0.05836154 0.06559966 0.08535966 0.08161534 0.07420049 0.03199040 0.08099026 0.13525725 0.06753821 0.13758704 0.07654603 0.04915763 0.08699272 0.09671314 0.07634384 0.08967458 0.06936267 0.06885298 0.04283660 0.07659659 0.05438573 0.10502812 0.07319532 0.06941583 0.04477248 0.04894724 0.06875754 0.04911497 0.14453618 0.06775648 0.09992764 0.06111618 0.07190131 0.08988312 0.06177702 0.05351898 0.06922705 0.05441809 0.04400780 0.13512361 0.03474277 0.06816225 0.12878229 0.03164405 0.09724075 0.06302161 0.10513982 0.11058750 0.11778285 0.09439135 0.08136313 0.09975524 0.09711998 0.01753916 0.05645820 0.05932628 0.03841063 0.05033534 0.03200429 0.03574619 0.06284055 0.07750194 0.08041008 0.06801202 0.07377925 0.12395759 0.10946873 0.09983072 0.07484906 0.06752035 0.09478427 0.09541380 0.05974144 0.06885432 0.11181912 0.11951473 0.08506935 0.09697039 0.05492864 0.08461671 0.13212614 0.09138810 0.09498219 0.09660542 0.13749720 0.12351120 0.12056184 0.11766231 0.10936404 0.16450253 0.06292380 0.09691738 0.07312828 0.05635742 0.06208221 0.04863288 0.12882246 0.07617037 0.07197606 0.08148041 0.07835510 0.07866654 0.08676329 0.09511586 0.11354899 0.11456625 
0.13902218 0.13446183 0.10932715 0.10668900 0.21048253 0.16420002 0.00000000 0.26156714 0.13236037 0.14820245 0.08367537 0.06701948 0.10289031 0.16286311 0.09451251 0.08494348 0.13002732 0.08502743 0.14506152 0.16865474 0.10480865 0.15892524 0.07064568 0.06743295 0.08000171 0.08357561 0.06331592 0.03689685 0.13723398 0.09456565 0.10658166 0.09229478 0.13280546 0.08984550 0.05612602 0.10905484 0.10701900 0.07843020 0.09317031 0.10350709 0.15515402 0.25318450 0.07842743 0.39165980 0.05767040 0.14546713 0.15663356 0.11451327 0.07401168 0.11066762 0.09558808 0.11185474 0.06755353 0.06200728 0.08983021 0.14346912 0.04802069 0.06406416 0.12106596 0.11029304 0.09159486 0.05790957 0.06871471 0.07113177 0.11427814 0.06794652 0.06281484 0.06086751 0.10585710 0.05978968 0.09540232 0.10202559 0.10351083 0.07237373 0.02821530 0.05536487 0.02574177 0.06531464 0.07790629 0.08308166 0.08582168 0.09225753 0.08589559 0.08767254 0.08548101 0.08727357 0.05280976 0.08920581 0.08141250 0.03256431 0.09036158 0.04169465 0.06924929 0.11306851 0.05043103 0.11142969 0.09488190 0.06330859 0.09958498 0.12567848 0.08088824 0.12106852 0.13431381 0.05054720 0.03374062 0.06279666 0.10836517 0.07938803 0.08253079 0.04951918 0.08616196 0.08692487 0.07291075 0.06468643 0.06129961 0.08586451 0.06952600 0.06520197 0.08534373 0.03488247 0.07890180 0.10070728 0.03769932 0.09508404 0.10409044 0.11520843 0.04302149 0.08392749 0.04177826 0.09930241 0.06905444 0.04563891 0.09691057 0.06281662 0.05619114 0.08695718 0.11724916 0.09529551 0.11128704 0.04157429 0.11289270 0.00732955 0.09502144 0.05851735 0.08299612 0.08612095 0.09588065 0.12290739 0.07477921 0.07549504 0.07629242 0.14555191 0.10734432 0.08942373 0.07079511 0.08496816 0.07192633 
0.08261904 0.13901983 0.14421108 0.15026655 0.29945551 0.19568230 0.26156714 0.00000000 0.14759984 0.14062246 0.09261253 0.11485351 0.14733594 0.12665072 0.11048285 0.04891030 0.08577198 0.09917972 0.11909689 0.07645810 0.09809381 0.12437343 0.04042169 0.07004690 0.03684224 0.10299700 0.07066956 0.06655386 0.05870701 0.04148265 0.08152773 0.07990170 0.09013347 0.09781217 0.08177735 0.11528465 0.09428995 0.17123025 0.17901786 0.08557116 0.14463977 0.13064725 0.18051812 0.18122657 0.12878225 0.12020539 0.04669656 0.07694597 0.10695772 0.08057020 0.05212943 0.09900560 0.11191401 0.06950939 0.06088575 0.08170810 0.09054100 0.15690913 0.04576351 0.13483963 0.04926164 0.06851086 0.07469638 0.07217050 0.09866743 0.05988831 0.03899263 0.06489658 0.06060223 0.09968272 0.15322323 0.07221015 0.07664392 0.08126182 0.07758208 0.05676427 0.08690259 0.05675928 0.04973815 0.15258183 0.08003740 0.08801299 0.04351634 0.07400063 0.09135060 0.13280965 0.11509699 0.11356885 0.10825643 0.03450402 0.09012947 0.11068589 0.06289708 0.04231073 0.08699591 0.07703325 0.05671158 0.07069486 0.12202482 0.14689451 0.11999364 0.11751070 0.03609558 0.07614247 0.08576550 0.06096636 0.11574507 0.08295551 0.06682356 0.07881094 0.07506486 0.07951726 0.08207172 0.10271116 0.07734035 0.08016389 0.09301415 0.15765420 0.08833601 0.09033989 0.01589452 0.07520834 0.12819510 0.05448843 0.07627544 0.07330134 0.04651694 0.07119577 0.08969338 0.06273083 0.06000982 0.04411631 0.05503134 0.07356744 0.05850033 0.06695800 0.03136916 0.07177038 0.08817748 0.11497542 0.13903488 0.10281194 0.10152407 0.03617118 0.06561495 0.06786199 0.12234803 0.07276694 0.08262421 0.09265822 0.07965091 0.02714848 0.09444251 0.06758970 0.10003602 0.06229469 0.08869094 
0.06531253 0.08311282 0.19088783 0.12925095 0.11393803 0.10690131 0.13236037 0.14759984 0.00000000 0.19867622 0.22622325 0.10907355 0.13068008 0.09079737 0.09595293 0.15808091 0.10859728 0.08818612 0.16192947 0.14385334 0.10242265 0.09328689 0.08488190 0.08343952 0.05583061 0.06000539 0.08515226 0.07088326 0.08857573 0.07013590 0.06722492 0.06121413 0.08325650 0.08922864 0.05769934 0.07281947 0.05613581 0.09439570 0.05040073 0.07350993 0.08037314 0.08494657 0.06835022 0.18776238 0.11726483 0.15605330 0.09409356 0.11420334 0.11887925 0.08855906 0.09282302 0.16688824 0.12830565 0.08943137 0.03350560 0.06529844 0.10530218 0.05950235 0.08405271 0.09261231 0.06526922 0.09754849 0.07046911 0.05782208 0.08534451 0.08223124 0.07707959 0.10079874 0.08681834 0.06750972 0.09160479 0.07214521 0.09656529 0.08360040 0.07860346 0.12005829 0.07180425 0.08514664 0.08187638 0.06995622 0.10101908 0.13123967 0.11021775 0.05992657 0.05497945 0.12048453 0.10077188 0.09411230 0.05497653 0.12454104 0.04055329 0.07587925 0.11629531 0.07862642 0.09158619 0.09353693 0.06755757 0.06647429 0.08446124 0.05515246 0.10253551 0.11467896 0.09018804 0.05153076 0.05907630 0.05479898 0.10562272 0.08173689 0.07089489 0.08303596 0.06878952 0.09319867 0.09452845 0.07213065 0.10310414 0.09796334 0.10150637 0.06049746 0.11316917 0.08827885 0.05323987 0.10336917 0.12380677 0.07733627 0.07976357 0.10176819 0.06097219 0.09115589 0.10035316 0.09283745 0.09675005 0.05013545 0.06352855 0.11101384 0.05873647 0.07414148 0.07242599 0.04957729 0.06008945 0.05255470 0.08954722 0.07602124 0.07217679 0.15139131 0.10416743 0.10145524 0.08919053 0.09508474 0.14334470 0.08673700 0.09109124 0.10041221 0.09923507 0.07832569 0.10108816 0.08444248 0.08584329 
0.09612706 0.12638246 0.13370450 0.07725646 0.13532136 0.09748539 0.14820245 0.14062246 0.19867622 0.00000000 0.13352616 0.27655898 0.14104585 0.14137722 0.11518533 0.10067599 0.06532202 0.07116902 0.07588343 0.04005235 0.17613079 0.04070173 0.06534143 0.12420195 0.08422739 0.10991334 0.15074748 0.08533321 0.21641435 0.06643092 0.09537517 0.13826835 0.10892917 0.05690512 0.09319102 0.09513824 0.08155402 0.11096427 0.09380680 0.07064156 0.09360739 0.12076901 0.05907841 0.10675906 0.12221020 0.15867159 0.06652509 0.07043135 0.08508907 0.11042638 0.07256669 0.05680479 0.10186848 0.07197689 0.11016402 0.09650891 0.09793555 0.04526742 0.09950977 0.04218936 0.09532531 0.07085783 0.08220299 0.08491289 0.09968427 0.05702395 0.11136987 0.08123789 0.09586638 0.07429301 0.08372523 0.08247829 0.06149565 0.06867122 0.10359389 0.10147180 0.08751325 0.09486673 0.09606920 0.13412740 0.10066866 0.07377752 0.04463738 0.06578368 0.06929510 0.09868918 0.14193088 0.05978175 0.03708391 0.07911810 0.05368974 0.10050517 0.08415614 0.05877738 0.11828834 0.06141208 0.05630858 0.08096316 0.10718964 0.19626700 0.08397333 0.06396241 0.07584379 0.08746379 0.05614527 0.07367585 0.08354318 0.11026702 0.10536032 0.05407996 0.12470666 0.09845242 0.09331556 0.05939795 0.07883914 0.08327127 0.07066884 0.17695193 0.07407822 0.13378909 0.04140728 0.08937465 0.09219712 0.03270487 0.11863517 0.05504804 0.08279525 0.05384668 0.04993554 0.07050440 0.15204721 0.06536360 0.14749057 0.11100108 0.04165868 0.14267384 0.03228892 0.07956441 0.08786769 0.06655039 0.06242120 0.15084511 0.04808266 0.09058615 0.08560061 0.07604719 0.12395231 0.06950348 0.08602950 0.01319041 0.08179444 0.02309258 0.03761006 0.08973712 0.10749255 0.05025169 0.07911237 
0.09157616 0.10155020 0.12160118 0.13947175 0.05228405 0.18086611 0.08367537 0.09261253 0.22622325 0.13352616 0.00000000 0.18378937 0.17829503 0.15621699 0.11757280 0.11779463 0.13186333 0.10624373 0.10931415 0.06075680 0.12665973 0.07026204 0.08553531 0.07329202 0.09259056 0.04361359 0.10354847 0.11351010 0.08797753 0.04945267 0.10634348 0.04798587 0.09871020 0.10610712 0.02081790 0.13414586 0.06894814 0.08559815 0.09021671 0.11591671 0.05815262 0.09067992 0.06449806 0.11279369 0.10749523 0.10635150 0.14360060 0.10458013 0.18496655 0.14469927 0.13921211 0.10315405 0.10101580 0.21474522 0.05905108 0.10908727 0.10775602 0.05143167 0.04636626 0.05898474 0.12191700 0.05284025 0.07945228 0.09261601 0.13573599 0.11272946 0.11997583 0.09575021 0.11453641 0.03379020 0.12184382 0.07946554 0.05558382 0.07209621 0.06697302 0.08480273 0.08521249 0.09973540 0.04660698 0.10860977 0.03129892 0.06725035 0.07646066 0.08370558 0.06532192 0.06894286 0.09825919 0.10266151 0.06367398 0.07813712 0.08166201 0.04702691 0.07969508 0.06085236 0.05431636 0.11494126 0.08542304 0.07893738 0.12732013 0.06790797 0.07869356 0.07926957 0.07783138 0.09407243 0.06596489 0.10547334 0.12092507 0.11000342 0.08737519 0.06495572 0.13130359 0.06755150 0.09132233 0.07315003 0.06817237 0.08099616 0.08912911 0.05571577 0.07038761 0.11085157 0.15965219 0.10265931 0.03377521 0.11025449 0.08873014 0.08967313 0.09788104 0.08266933 0.06518362 0.10018417 0.07266035 0.04846042 0.10751577 0.11297961 0.06583623 0.09808013 0.09039438 0.05318185 0.05840436 0.05702454 0.12520948 0.07660592 0.08979481 0.10633614 0.04961854 0.07580268 0.11621677 0.04859127 0.06024036 0.10304604 0.10479516 0.14607255 0.07502992 0.08302455 0.08646916 0.08039572 0.06813582 
0.06241274 0.10203645 0.10989047 0.10033803 0.11265884 0.09556916 0.06701948 0.11485351 0.10907355 0.27655898 0.18378937 0.00000000 0.14147804 0.15476725 0.16084625 0.16782436 0.12140892 0.13049345 0.11999226 0.09707745 0.17930242 0.15456730 0.11915479 0.17558912 0.18760480 0.06036317 0.04178355 0.15838545 0.09219065 0.10671933 0.07689692 0.07628035 0.10457393 0.09185380 0.06266656 0.08563355 0.10715903 0.12053470 0.09639752 0.03996279 0.05344808 0.06624278 0.09876708 0.07178610 0.09275590 0.07522688 0.16842521 0.08189975 0.09425484 0.07372244 0.04495642 0.07940466 0.08319957 0.06786130 0.14484374 0.08516404 0.07496735 0.06948312 0.11278495 0.11274613 0.12368541 0.06729084 0.14713707 0.06532998 0.07637229 0.09959180 0.09344803 0.06006629 0.07056164 0.06396895 0.08476640 0.04501053 0.10576395 0.10868508 0.07637421 0.11634978 0.05083252 0.11897202 0.05843833 0.03890489 0.09641046 0.04991811 0.07426495 0.06452123 0.07563103 0.11256876 0.08553429 0.08421884 0.07624727 0.09290368 0.05145888 0.07437777 0.08051020 0.05357385 0.07149887 0.11145785 0.06574371 0.07410855 0.08477932 0.15211809 0.12365459 0.10300271 0.09218693 0.09365737 0.11292567 0.06470695 0.13848989 0.13120875 0.13982152 0.06304233 0.09508828 0.07302920 0.08245630 0.07459861 0.07024503 0.08853376 0.08946061 0.07796081 0.08465479 0.09523380 0.05349697 0.08393448 0.09159360 0.11241622 0.08459843 0.05992556 0.10637599 0.08760366 0.04944143 0.06026577 0.09958439 0.05667903 0.05943779 0.03119070 0.09993419 0.10217871 0.06632800 0.10976416 0.08533708 0.07636779 0.08279310 0.03277013 0.06273187 0.05275510 0.06487577 0.09417520 0.07512633 0.05711848 0.08130040 0.06570938 0.07291644 0.10569700 0.05825871 0.09805486 0.10610997 0.06652017 0.06982699 
0.13393253 0.18635897 0.09675523 0.12204590 0.11974591 0.13955716 0.10289031 0.14733594 0.13068008 0.14104585 0.17829503 0.14147804 0.00000000 0.23722324 0.14249262 0.05979513 0.12367745 0.12922178 0.08109798 0.12513912 0.17423847 0.08772081 0.13437476 0.07902677 0.12764803 0.08479866 0.12332207 0.09182655 0.05028967 0.11718956 0.08447876 0.10523486 0.10334319 0.08704419 0.09809546 0.11626161 0.11957959 0.06390385 0.08214482 0.09451386 0.04754834 0.11486410 0.09290618 0.10025147 0.09995761 0.12283600 0.10457418 0.09413058 0.08158973 0.12339345 0.09034646 0.09394413 0.04546695 0.16113682 0.02889810 0.11540408 0.05869699 0.13058341 0.13411960 0.09252484 0.10258301 0.07401345 0.09624803 0.10082275 0.11640445 0.14239180 0.11571324 0.05105143 0.04519870 0.05589837 0.09509991 0.06385948 0.06665843 0.11236931 0.07171739 0.05154448 0.05123725 0.03765473 0.07659790 0.10075994 0.05108465 0.04096448 0.10632184 0.05919260 0.07929217 0.10527809 0.04056629 0.10558845 0.08284166 0.08948071 0.02689079 0.06184349 0.08531075 0.11862955 0.02897917 0.07012869 0.11420527 0.05402969 0.12314904 0.11579722 0.11875384 0.10343731 0.09877515 0.09902799 0.04773745 0.07694456 0.08048858 0.09550695 0.06580187 0.02855256 0.08908425 0.07070149 0.04785875 0.07380013 0.05664513 0.06187277 0.07438101 0.07617273 0.06274745 0.07984248 0.08545970 0.06797009 0.02157778 0.10489739 0.07240362 0.08890748 0.14113301 0.11336624 0.12167636 0.09583903 0.09799364 0.05347608 0.11128473 0.06162781 0.07381535 0.10399505 0.10318378 0.09174712 0.09392945 0.08803023 0.11470125 0.05618796 0.08343687 0.08168413 0.04627431 0.09454202 0.11048411 0.10602761 0.09226185 0.06626537 0.12179691 0.14801416 0.12377586 0.05617518 0.08158996 0.07290579 0.10137210 
0.09050034 0.17422019 0.11078046 0.09001221 0.15104812 0.10402579 0.16286311 0.12665072 0.09079737 0.14137722 0.15621699 0.15476725 0.23722324 0.00000000 0.09027633 0.15755765 0.26138233 0.10425128 0.10334059 0.15130410 0.12674118 0.09654105 0.11900410 0.06574075 0.07577011 0.10009428 0.14270617 0.12648241 0.09795671 0.08596986 0.07531171 0.06349544 0.04782267 0.11876053 0.04024641 0.11032393 0.13173898 0.09311262 0.11219545 0.07028675 0.08541171 0.07999691 0.07654206 0.08544427 0.07485883 0.11772779 0.07509087 0.13368122 0.09509853 0.06542090 0.09564380 0.09296120 0.09133809 0.06785743 0.04412043 0.14427567 0.09617366 0.12829256 0.11850672 0.12781870 0.11115097 0.07213309 0.08910060 0.08276765 0.10021996 0.11459674 0.10516691 0.07909110 0.08388726 0.07487461 0.07218385 0.11919959 0.08930338 0.09129258 0.06148576 0.08916679 0.06339082 0.12304971 0.06513708 0.07389307 0.11542292 0.12067655 0.07991653 0.12575220 0.10609012 0.06113684 0.14618680 0.04761368 0.12281237 0.06537245 0.09353931 0.03681002 0.12835734 0.04437894 0.05515839 0.05742729 0.10883242 0.07843895 0.10105817 0.09603192 0.09578560 0.07292113 0.07741045 0.09925303 0.07081084 0.08302062 0.09610451 0.12148154 0.09811723 0.05616998 0.04195572 0.08506271 0.06154867 0.17046474 0.06388715 0.08186842 0.11109039 0.07862351 0.06851192 0.07511127 0.10342812 0.06980354 0.04919270 0.11600700 0.09830027 0.11171072 0.08998330 0.02537855 0.07084012 0.06961981 0.07797126 0.05669139 0.06520407 0.08672336 0.09683772 0.05777777 0.07022513 0.09064142 0.07010543 0.12216635 0.10924321 0.05419976 0.04900140 0.10011488 0.03189243 0.08345758 0.07096323 0.03100912 0.04003809 0.06494410 0.05769703 0.05456001 0.05839646 0.07610936 0.07827104 0.11006352 0.06689962 
0.14921920 0.06590746 0.09193507 0.12173769 0.13927176 0.12724444 0.09451251 0.11048285 0.09595293 0.11518533 0.11757280 0.16084625 0.14249262 0.09027633 0.00000000 0.15418316 0.12345971 0.14662209 0.10467428 0.08430593 0.14984008 0.12041138 0.11737709 0.11173873 0.19627746 0.09787533 0.08751874 0.11623698 0.06104773 0.05845622 0.08160774 0.09426119 0.08021333 0.08192460 0.03423785 0.13481673 0.06404804 0.07318182 0.06284821 0.12319015 0.07190593 0.08656268 0.09113574 0.04204284 0.10153785 0.09235759 0.09856177 0.09938497 0.08526626 0.11781489 0.08513023 0.05579122 0.08200638 0.06324273 0.06610124 0.07897216 0.06955670 0.08940513 0.10297950 0.10357740 0.09461175 0.07388094 0.11902690 0.08842293 0.10789089 0.09324402 0.09959356 0.09483710 0.06655427 0.04893892 0.10621734 0.11981845 0.07272266 0.08387754 0.06382910 0.07424174 0.03986199 0.06196378 0.09295968 0.11711905 0.06410305 0.13203226 0.07071427 0.08142391 0.09093730 0.05874018 0.08458460 0.10835803 0.08999022 0.05050349 0.11534639 0.09283431 0.06128749 0.07250278 0.06542099 0.11830170 0.04454482 0.11501613 0.13169538 0.06822087 0.10493713 0.07590282 0.12134757 0.08209640 0.13049547 0.05663082 0.04038745 0.11209453 0.07356902 0.04693653 0.08490719 0.07195414 0.07939331 0.04820512 0.07125128 0.07744408 0.10553166 0.07009554 0.07245104 0.06221889 0.11136835 0.07632080 0.03482975 0.10396116 0.11796638 0.10215753 0.06926170 0.02043258 0.08951083 0.09485790 0.07687621 0.04875534 0.06765161 0.13072130 0.09958578 0.11583156 0.12492518 0.09583476 0.08948634 0.13702043 0.10744022 0.04657443 0.11649191 0.14476697 0.07958528 0.09772111 0.06990038 0.07990827 0.19873226 0.14011347 0.11679147 0.11364250 0.09665035 0.10009731 0.10523679 0.06525320 0.07938767 
0.09360595 0.09101929 0.10427635 0.17906722 0.12786238 0.09294237 0.08494348 0.04891030 0.15808091 0.10067599 0.11779463 0.16782436 0.05979513 0.15755765 0.15418316 0.00000000 0.32973316 0.34637104 0.14663288 0.13031705 0.10460922 0.10566281 0.08723970 0.20448523 0.09151110 0.09096338 0.09666749 0.12499480 0.12013395 0.11294297 0.12020242 0.06440391 0.04634239 0.12410662 0.06053208 0.11039401 0.05012276 0.04506831 0.09252919 0.10310039 0.08651159 0.13338107 0.07840694 0.07328588 0.01911416 0.10062029 0.04922831 0.10640260 0.11727936 0.07358606 0.06214316 0.06089707 0.09552058 0.07818990 0.06716508 0.10470569 0.06915496 0.14294023 0.07326704 0.12745148 0.10962946 0.07164991 0.10214056 0.10539268 0.11410465 0.07775197 0.09598230 0.07556445 0.04272403 0.05886435 0.10734656 0.06001925 0.11411325 0.07096775 0.07295685 0.07320234 0.07812283 0.11865179 0.08384444 0.16333961 0.09320832 0.07956625 0.08794774 0.12231743 0.10333116 0.08801717 0.05615314 0.11218681 0.07494134 0.06701670 0.08203478 0.07988398 0.15638212 0.06054979 0.08448306 0.12805495 0.11049198 0.13241631 0.09667644 0.13140373 0.08180805 0.09074943 0.06243123 0.07216962 0.09056487 0.04285931 0.06737717 0.08871100 0.13801049 0.09733412 0.07839362 0.06453560 0.08753692 0.04074508 0.07402598 0.07871663 0.05793527 0.07635637 0.07630278 0.09600319 0.06618896 0.09232838 0.06484445 0.05047635 0.04804352 0.13686837 0.04042016 0.06172831 0.06812770 0.09218886 0.10123370 0.06755360 0.09216954 0.09895721 0.09049326 0.09943473 0.10828637 0.06159973 0.08875925 0.07169012 0.06324832 0.02853723 0.09373205 0.08871633 0.06992511 0.10938434 0.06307087 0.06502218 0.06715898 0.08587306 0.05400627 0.03109856 0.05328178 0.07857202 0.05519863 0.08421410 0.06992731 
0.11961083 0.10227105 0.06150998 0.11957054 0.13263467 0.10579674 0.13002732 0.08577198 0.10859728 0.06532202 0.13186333 0.12140892 0.12367745 0.26138233 0.12345971 0.32973316 0.00000000 0.23992671 0.12808672 0.11897793 0.15180320 0.13894110 0.12060912 0.08336414 0.08186203 0.10939019 0.13366497 0.05027073 0.11853479 0.09310161 0.04363641 0.05746542 0.13685175 0.08437703 0.06317748 0.09500232 0.10357605 0.09877915 0.10870569 0.13256396 0.07055333 0.11409732 0.06904309 0.09869476 0.07181415 0.07729899 0.09581925 0.08591948 0.10129717 0.08950339 0.13058910 0.07492018 0.09485752 0.09890098 0.13065131 0.14540504 0.06471584 0.08732091 0.11611695 0.06019405 0.08046851 0.09736561 0.05964347 0.07064322 0.08508771 0.10664457 0.10290623 0.07470810 0.04744752 0.04794088 0.12927940 0.08188372 0.08579686 0.04434028 0.06053574 0.05495246 0.04827911 0.05859434 0.12824888 0.07903619 0.05323719 0.10485251 0.10207429 0.11637766 0.06489830 0.07566017 0.03827981 0.07618984 0.09283759 0.02491869 0.07068936 0.09121057 0.14533568 0.09495773 0.07455527 0.08205170 0.08127688 0.09474379 0.11674896 0.08946554 0.11922349 0.10392533 0.08564901 0.07463448 0.09645028 0.08613386 0.06129576 0.08918605 0.10576513 0.02805915 0.08123429 0.06666144 0.07466173 0.08587187 0.07337716 0.08169706 0.06585307 0.08318255 0.08670186 0.07188403 0.09612624 0.08181530 0.05484843 0.09583961 0.07646788 0.11601110 0.10979718 0.07896768 0.09866850 0.09207290 0.10131161 0.05892126 0.03550737 0.02573350 0.09986719 0.09436542 0.08352645 0.11852545 0.11742453 0.08580790 0.07861644 0.05353096 0.07261830 0.08436036 0.03392438 0.10075900 0.08267889 0.07514607 0.11278152 0.06273065 0.08121392 0.08326050 0.10668879 0.08845742 0.07624134 0.10687543 0.06306364 
0.11654663 0.06888282 0.09152472 0.10868921 0.13998612 0.18427058 0.08502743 0.09917972 0.08818612 0.07116902 0.10624373 0.13049345 0.12922178 0.10425128 0.14662209 0.34637104 0.23992671 0.00000000 0.20020219 0.15887547 0.15633007 0.10554019 0.13026441 0.08941068 0.08734669 0.10117572 0.08354556 0.13777529 0.07097171 0.10159102 0.08020111 0.05028710 0.10015733 0.04809265 0.07260559 0.14101727 0.12137504 0.07748797 0.08751497 0.10630671 0.08661358 0.08096988 0.08165627 0.09992003 0.10310584 0.10870822 0.10492868 0.10077933 0.09762121 0.10185643 0.05053357 0.04802880 0.11051939 0.08946719 0.10492805 0.14087665 0.05533400 0.12490073 0.12948906 0.08195889 0.11505720 0.07257871 0.08642167 0.06929238 0.09403496 0.06967379 0.10564630 0.05660028 0.06597707 0.07559415 0.07884105 0.10660567 0.09972393 0.09039950 0.01680394 0.02661918 0.03348575 0.06688014 0.03747642 0.03703795 0.03897829 0.06583395 0.09170654 0.09689052 0.12463519 0.09319950 0.05046966 0.07958265 0.10889214 0.04152655 0.10384615 0.06790265 0.23963610 0.12013301 0.06291355 0.14979860 0.05526314 0.12112442 0.09249289 0.10670321 0.08377192 0.06212116 0.12344818 0.06034977 0.05370994 0.05721343 0.07517186 0.05508207 0.02018098 0.14787034 0.08533583 0.07404175 0.09316075 0.09161736 0.06914433 0.08146008 0.09986205 0.09645928 0.09739170 0.05575116 0.04152581 0.09171289 0.04089794 0.07546878 0.12272044 0.08229809 0.10538378 0.08087737 0.06729078 0.09662137 0.12238927 0.05842741 0.04859301 0.08015064 0.08510272 0.06249315 0.08817502 0.09067068 0.10013311 0.04941198 0.11231137 0.08137938 0.11033840 0.07193422 0.07832230 0.10455387 0.15057749 0.07380445 0.07721456 0.10851059 0.07962637 0.06036343 0.08702432 0.09826576 0.06745284 0.06495064 0.06316037 
0.10465148 0.15184543 0.08314444 0.12536463 0.08382215 0.14803872 0.14506152 0.11909689 0.16192947 0.07588343 0.10931415 0.11999226 0.08109798 0.10334059 0.10467428 0.14663288 0.12808672 0.20020219 0.00000000 0.21349818 0.11114047 0.14566245 0.12479463 0.16916347 0.12113030 0.07266858 0.11396006 0.07826805 0.09606243 0.04595103 0.09178891 0.06856935 0.05255220 0.18385970 0.07250271 0.07832722 0.06740606 0.07634466 0.06486302 0.14070655 0.10781543 0.06046470 0.09027357 0.06066328 0.09668459 0.07613644 0.07487840 0.10654964 0.07496674 0.14050840 0.08025418 0.09073194 0.09432400 0.08594196 0.07343398 0.10799146 0.07411778 0.08528291 0.07737781 0.09317896 0.07959249 0.09429988 0.08268114 0.09574529 0.04160224 0.06841350 0.06892650 0.08437920 0.08099142 0.08481207 0.14431318 0.04462241 0.11319882 0.06923744 0.09744033 0.04264390 0.06089221 0.05464252 0.08385078 0.04286376 0.06765281 0.09418212 0.09275490 0.08926609 0.09093317 0.07613901 0.05960340 0.11204742 0.13738105 0.05295713 0.08102342 0.08273361 0.10298052 0.04599897 0.10259994 0.11805729 0.05477503 0.11366222 0.15121452 0.09646285 0.13753656 0.12510535 0.20514122 0.08031089 0.09358079 0.05308562 0.04317404 0.08420318 0.08009422 0.07572566 0.08953490 0.07849183 0.07714503 0.08632603 0.06248629 0.07921643 0.07601632 0.07194077 0.09400073 0.07419093 0.07491238 0.10524063 0.05543170 0.10927250 0.07018733 0.03986148 0.07692142 0.07186581 0.08377519 0.11259770 0.07221124 0.07558383 0.06272388 0.08806868 0.13271492 0.08584442 0.13698028 0.07983013 0.13074776 0.05585385 0.12238018 0.07415959 0.06754324 0.11132011 0.03428966 0.10236357 0.11133711 0.08291730 0.05050047 0.08830834 0.09786338 0.05377514 0.06671407 0.09175525 0.09296630 0.06758050 0.09117226 
0.10391936 0.14568866 0.09215703 0.19138773 0.08463191 0.19226108 0.16865474 0.07645810 0.14385334 0.04005235 0.06075680 0.09707745 0.12513912 0.15130410 0.08430593 0.13031705 0.11897793 0.15887547 0.21349818 0.00000000 0.17736197 0.15280122 0.29034770 0.13846080 0.11551768 0.12654280 0.10377536 0.12744202 0.15416058 0.07261179 0.06219129 0.13345204 0.10596798 0.04982005 0.02117195 0.06435276 0.07211492 0.03478881 0.07633236 0.04921676 0.03769751 0.09830294 0.04001392 0.14066789 0.09357962 0.10878850 0.09176760 0.07088925 0.10621623 0.11402472 0.05721141 0.06105220 0.05973007 0.09048405 0.08255231 0.08283625 0.07670526 0.11151280 0.14816475 0.12826294 0.08700048 0.06526515 0.08092129 0.08014201 0.11508726 0.09595415 0.07106599 0.04661071 0.08612232 0.03084502 0.13854093 0.09548432 0.09151968 0.07165655 0.02897912 0.05752178 0.07463640 0.06262486 0.07564137 0.09771520 0.06745162 0.11635658 0.12394038 0.11624921 0.06091950 0.07518462 0.06380499 0.06223885 0.07450057 0.03251107 0.01984383 0.05271241 0.10101902 0.09786928 0.05354013 0.17677942 0.07974190 0.06928447 0.14127435 0.09314727 0.14655571 0.11061613 0.09259907 0.06133803 0.13660268 0.09257411 0.07238768 0.05999018 0.10689852 0.09172660 0.11612200 0.07378502 0.08528051 0.10598021 0.06555358 0.08380435 0.09025804 0.05632384 0.10762279 0.05062889 0.11274383 0.10327601 0.03130246 0.07308013 0.09492097 0.14093749 0.12224419 0.01861994 0.05527483 0.06357974 0.10704960 0.12953571 0.04297141 0.04435840 0.07533511 0.07212108 0.07283974 0.14896980 0.16283131 0.05086849 0.08682191 0.04859208 0.06956714 0.10676373 0.04992113 0.09906080 0.07547055 0.09855743 0.09355579 0.05452653 0.08587281 0.11457541 0.06134901 0.09088870 0.11072183 0.08902709 0.07498921 
0.12303662 0.14478523 0.07935699 0.15708621 0.11951412 0.11806252 0.10480865 0.09809381 0.10242265 0.17613079 0.12665973 0.17930242 0.17423847 0.12674118 0.14984008 0.10460922 0.15180320 0.15633007 0.11114047 0.17736197 0.00000000 0.12713192 0.17003287 0.12718960 0.15163041 0.13884252 0.13468746 0.06695817 0.11860148 0.08100067 0.05078328 0.06737812 0.09367308 0.10030731 0.04176144 0.09996825 0.07145341 0.10543863 0.04027815 0.09606400 0.10089055 0.10735649 0.04853515 0.10356414 0.09876257 0.06155311 0.09574569 0.12313115 0.07407443 0.09745668 0.10908589 0.04512189 0.08542540 0.08032623 0.06091699 0.09646903 0.05608309 0.08356285 0.14335148 0.11621799 0.11755852 0.07391208 0.14067258 0.05688668 0.13228237 0.10889873 0.12170773 0.03798654 0.04605890 0.05030547 0.15584643 0.08538264 0.06305991 0.04334262 0.08497368 0.04392293 0.04138894 0.10326453 0.09320807 0.06854703 0.06739275 0.11616548 0.08466456 0.07169882 0.08533733 0.08723355 0.06390795 0.09934137 0.10271315 0.02374711 0.05329912 0.01927542 0.08626544 0.10550933 0.04775305 0.12263621 0.10277589 0.11885466 0.09359354 0.11655493 0.07931296 0.09225965 0.09509296 0.07437212 0.07686765 0.04836821 0.08933295 0.07951908 0.06978914 0.06177320 0.07797505 0.08562114 0.09515251 0.04777426 0.08757184 0.09117909 0.08566684 0.05126728 0.07919878 0.09548494 0.09132336 0.08641955 0.04426860 0.05549144 0.10734229 0.11272164 0.10223600 0.07726272 0.05103899 0.06125834 0.14417444 0.04202298 0.11628914 0.03857252 0.12927315 0.16577958 0.08451549 0.12945990 0.09252212 0.08231623 0.10938364 0.10479072 0.11764304 0.08846106 0.04026173 0.08898728 0.09521218 0.07656294 0.08907837 0.07966847 0.06526964 0.05584936 0.08732365 0.08811542 0.04956212 0.12365702 0.08037773 
0.14327527 0.12849199 0.05791729 0.09710279 0.08197529 0.13931768 0.15892524 0.12437343 0.09328689 0.04070173 0.07026204 0.15456730 0.08772081 0.09654105 0.12041138 0.10566281 0.13894110 0.10554019 0.14566245 0.15280122 0.12713192 0.00000000 0.10194449 0.08168967 0.16627484 0.18436812 0.13530454 0.13945905 0.12182946 0.11941505 0.05421567 0.06451962 0.09564988 0.04096347 0.07345955 0.08161290 0.13078093 0.11226724 0.09350129 0.06485416 0.08771564 0.12001256 0.04990757 0.11834556 0.06938022 0.09518840 0.13410339 0.10543043 0.12670808 0.12609846 0.14794058 0.10450266 0.07916615 0.14630705 0.09622932 0.06731539 0.03123266 0.11150596 0.15371819 0.09058442 0.11259199 0.07683058 0.09189941 0.06059993 0.08228415 0.12478627 0.10304463 0.07554192 0.07842395 0.08699543 0.11492390 0.04740947 0.12257676 0.05975686 0.07575164 0.07651977 0.05140005 0.05949781 0.04738839 0.08359953 0.08279265 0.07985342 0.10545595 0.09463147 0.09335311 0.11676507 0.10380282 0.09857790 0.06587273 0.05841716 0.07753582 0.05168040 0.03984777 0.10888071 0.08124473 0.10519211 0.08068062 0.09267225 0.09535981 0.07684304 0.11470613 0.11100733 0.05137104 0.08940510 0.09225907 0.04553374 0.02179392 0.07932298 0.08467093 0.08709061 0.09551999 0.07392567 0.09589356 0.05569066 0.07626557 0.07518266 0.07486455 0.10283092 0.07030879 0.06301939 0.10052173 0.07923579 0.06185870 0.05571275 0.07449348 0.11132680 0.09511559 0.04724101 0.08052148 0.06001155 0.05953764 0.10209848 0.05722656 0.06288687 0.11048087 0.09760003 0.08228764 0.11052728 0.12610179 0.06902269 0.08873268 0.11506674 0.08255868 0.07799973 0.06069636 0.09867947 0.13276431 0.11637257 0.04804974 0.07212670 0.12599227 0.12361904 0.10007888 0.06289186 0.10003392 0.15835539 0.10279018 
0.11976363 0.05598054 0.07084458 0.13579689 0.06694732 0.12618168 0.07064568 0.04042169 0.08488190 0.06534143 0.08553531 0.11915479 0.13437476 0.11900410 0.11737709 0.08723970 0.12060912 0.13026441 0.12479463 0.29034770 0.17003287 0.10194449 0.00000000 0.09722706 0.13152272 0.21501296 0.17760461 0.12328576 0.12675622 0.14191498 0.09914318 0.10808946 0.10566979 0.10311557 0.06935491 0.07289344 0.05827578 0.10065019 0.04139521 0.10083902 0.10418145 0.10033428 0.08744918 0.14271026 0.06304905 0.11264841 0.10515442 0.13508046 0.07405263 0.12432769 0.09525734 0.04862606 0.08682628 0.07418125 0.06224623 0.05659047 0.09567757 0.05620373 0.11106533 0.05904742 0.09153677 0.07525899 0.06158892 0.04351163 0.08455761 0.07931940 0.10438201 0.06900811 0.05158740 0.05184642 0.07405366 0.09669555 0.08954981 0.09908644 0.07240803 0.12280937 0.07396305 0.08380187 0.08139979 0.07691551 0.05052693 0.09465259 0.07193065 0.09576241 0.16317818 0.06998533 0.05578849 0.03855389 0.05876360 0.07318405 0.10138964 0.07646897 0.11295318 0.04938725 0.09260864 0.14997139 0.13669634 0.11202120 0.16758399 0.13560635 0.11897619 0.11089636 0.07316866 0.11283028 0.06541838 0.10321068 0.04280384 0.05608255 0.04714852 0.14403579 0.06866098 0.07833637 0.07310320 0.13999118 0.07868320 0.07158003 0.11188381 0.09153270 0.06952604 0.07892955 0.06010106 0.07568589 0.06422147 0.06523443 0.06714485 0.08701721 0.09908237 0.06341651 0.08744916 0.06795746 0.07933796 0.06066799 0.09590771 0.05977185 0.14632952 0.06077790 0.11481082 0.11119570 0.08727912 0.08373431 0.09567534 0.07161746 0.10518944 0.16206678 0.06678572 0.06760277 0.16483600 0.05630251 0.06035299 0.09583686 0.06168050 0.10591081 0.12038243 0.07056550 0.09585948 0.05051098 0.13027926 
