0.00000000 0.01365375 0.02234709 0.01831606 0.01615206 0.01831606 0.02513346 0.02234709 0.00598825 0.00598825 0.00598825 0.00598825 0.00354154 0.00354154 0.00354154 0.00598825 0.00598825 0.00354154 0.00598825 0.01446454 0.01413021 0.00638490 0.00638490 0.01213794 0.00656991 0.01612537 0.01694118 0.01694118 0.01617218 0.00656991 0.01694118 0.01694118 0.01617218 0.00638490 0.01213794 0.01213794 0.00656991 0.00598825 0.01432166 0.00598825 0.00598825 0.00598825 0.00598825 0.00598825 0.00354154 0.00354154 0.00354154 0.00354154 0.00598825 0.00354154 0.00598825 0.00598825 0.00598825 0.00598825 0.00598825 0.00354154 0.00598825 0.00354154 0.00354154 0.00598825 0.00354154 0.00598825 0.00354154 0.00598825 0.00966309 0.00966309 0.00598825 0.00598825 0.00598825 0.00598825 0.00598825 0.00598825 0.00354154 0.00354154 0.00598825 0.00598825 0.00598825 0.00598825 0.01432166 0.00354154 0.00598825 0.00598825 0.01791837 0.00354154 0.00354154 0.00598825 0.00598825 0.00598825 0.00354154 0.00598825 0.00598825 0.00598825 0.01791837 0.00966309 0.00598825 0.01365375 0.00598825 0.01813753 0.01376679 0.01350535 0.01350535 0.01019003 0.01019003 0.00354154 0.00598825 0.00598825 0.00737759 0.00354154 0.00598825 0.00598825 0.00354154 0.00598825 0.00598825 0.01560114 0.00598825 0.00598825 0.00354154 0.00598825 0.00598825 0.00598825 0.01365375 0.00598825 0.00598825 0.00354154 0.00354154 0.00354154 0.00354154 0.00354154 0.00354154 0.00598825 0.00354154 0.00598825 0.00966309 0.00598825 0.00850947 0.01598758 0.01003381 0.00638490 0.00354154 0.00354154 0.00598825 0.00598825 0.01075456 0.00354154 0.00598825 0.00598825 0.00598825 0.00354154 0.00598825 0.01432166 0.01213794 0.00656991 0.00656991 0.01213794 0.00931250 0.01551204 0.00950674 
0.01365375 0.00000000 0.00551967 0.00721597 0.00819844 0.00721597 0.01518512 0.00551967 0.00560691 0.00560691 0.00560691 0.00560691 0.01056419 0.01056419 0.01056419 0.00560691 0.00560691 0.01056419 0.00560691 0.01631407 0.00844380 0.00926496 0.00926496 0.00481968 0.00740139 0.00854033 0.00918854 0.00918854 0.00602804 0.00740139 0.00918854 0.00918854 0.00602804 0.00926496 0.00481968 0.00481968 0.00740139 0.00560691 0.00443772 0.00560691 0.00560691 0.00560691 0.00560691 0.00560691 0.01056419 0.01056419 0.01056419 0.01056419 0.00560691 0.01056419 0.00560691 0.00560691 0.00560691 0.00560691 0.00560691 0.01056419 0.00560691 0.01056419 0.01056419 0.00560691 0.01056419 0.00560691 0.01056419 0.00560691 0.00684819 0.00684819 0.00560691 0.00560691 0.00560691 0.00560691 0.00560691 0.00560691 0.01056419 0.01056419 0.00560691 0.00560691 0.00560691 0.00560691 0.00443772 0.01056419 0.00560691 0.00560691 0.01912227 0.01056419 0.01056419 0.00560691 0.00560691 0.00560691 0.01056419 0.00560691 0.00560691 0.00560691 0.01912227 0.00684819 0.00560691 0.01894701 0.00560691 0.00579720 0.01206920 0.00751694 0.00751694 0.00876874 0.00876874 0.01056419 0.00560691 0.00560691 0.00888263 0.01056419 0.00560691 0.00560691 0.01056419 0.00560691 0.00560691 0.02046422 0.00560691 0.00560691 0.01056419 0.00560691 0.00560691 0.00560691 0.01894701 0.00560691 0.00560691 0.01056419 0.01056419 0.01056419 0.01056419 0.01056419 0.01056419 0.00560691 0.01056419 0.00560691 0.00684819 0.00560691 0.01149264 0.00774608 0.00815433 0.00926496 0.01056419 0.01056419 0.00560691 0.00560691 0.01066370 0.01056419 0.00560691 0.00560691 0.00560691 0.01056419 0.00560691 0.00443772 0.00481968 0.00740139 0.00740139 0.00481968 0.01044847 0.01400052 0.00771165 
0.02234709 0.00551967 0.00000000 0.02178441 0.01957034 0.02178441 0.02212598 0.02974539 0.00740308 0.00740308 0.00740308 0.00740308 0.00244860 0.00244860 0.00244860 0.00740308 0.00740308 0.00244860 0.00740308 0.01541125 0.01863542 0.00622238 0.00622238 0.00739146 0.00798069 0.01333498 0.02348690 0.02348690 0.01433883 0.00798069 0.02348690 0.02348690 0.01433883 0.00622238 0.00739146 0.00739146 0.00798069 0.00740308 0.00817459 0.00740308 0.00740308 0.00740308 0.00740308 0.00740308 0.00244860 0.00244860 0.00244860 0.00244860 0.00740308 0.00244860 0.00740308 0.00740308 0.00740308 0.00740308 0.00740308 0.00244860 0.00740308 0.00244860 0.00244860 0.00740308 0.00244860 0.00740308 0.00244860 0.00740308 0.00824127 0.00824127 0.00740308 0.00740308 0.00740308 0.00740308 0.00740308 0.00740308 0.00244860 0.00244860 0.00740308 0.00740308 0.00740308 0.00740308 0.00817459 0.00244860 0.00740308 0.00740308 0.00664307 0.00244860 0.00244860 0.00740308 0.00740308 0.00740308 0.00244860 0.00740308 0.00740308 0.00740308 0.00664307 0.00824127 0.00740308 0.00551967 0.00740308 0.02401488 0.00588818 0.01351191 0.01351191 0.00939307 0.00939307 0.00244860 0.00740308 0.00740308 0.00629851 0.00244860 0.00740308 0.00740308 0.00244860 0.00740308 0.00740308 0.00899891 0.00740308 0.00740308 0.00244860 0.00740308 0.00740308 0.00740308 0.00551967 0.00740308 0.00740308 0.00244860 0.00244860 0.00244860 0.00244860 0.00244860 0.00244860 0.00740308 0.00244860 0.00740308 0.00824127 0.00740308 0.01035333 0.01826261 0.00749785 0.00622238 0.00244860 0.00244860 0.00740308 0.00740308 0.01442267 0.00244860 0.00740308 0.00740308 0.00740308 0.00244860 0.00740308 0.00817459 0.00739146 0.00798069 0.00798069 0.00739146 0.01354392 0.00716664 0.00896000 
0.01831606 0.00721597 0.02178441 0.00000000 0.01702169 0.02039285 0.01698061 0.02178441 0.00508669 0.00508669 0.00508669 0.00508669 0.00875553 0.00875553 0.00875553 0.00508669 0.00508669 0.00875553 0.00508669 0.00899664 0.01532552 0.00929137 0.00929137 0.00730474 0.00711236 0.01055512 0.01525678 0.01525678 0.01724703 0.00711236 0.01525678 0.01525678 0.01724703 0.00929137 0.00730474 0.00730474 0.00711236 0.00508669 0.00781833 0.00508669 0.00508669 0.00508669 0.00508669 0.00508669 0.00875553 0.00875553 0.00875553 0.00875553 0.00508669 0.00875553 0.00508669 0.00508669 0.00508669 0.00508669 0.00508669 0.00875553 0.00508669 0.00875553 0.00875553 0.00508669 0.00875553 0.00508669 0.00875553 0.00508669 0.00753149 0.00753149 0.00508669 0.00508669 0.00508669 0.00508669 0.00508669 0.00508669 0.00875553 0.00875553 0.00508669 0.00508669 0.00508669 0.00508669 0.00781833 0.00875553 0.00508669 0.00508669 0.00645933 0.00875553 0.00875553 0.00508669 0.00508669 0.00508669 0.00875553 0.00508669 0.00508669 0.00508669 0.00645933 0.00753149 0.00508669 0.00721597 0.00508669 0.01767293 0.00799865 0.01660275 0.01660275 0.01193669 0.01193669 0.00875553 0.00508669 0.00508669 0.00794593 0.00875553 0.00508669 0.00508669 0.00875553 0.00508669 0.00508669 0.00575932 0.00508669 0.00508669 0.00875553 0.00508669 0.00508669 0.00508669 0.00721597 0.00508669 0.00508669 0.00875553 0.00875553 0.00875553 0.00875553 0.00875553 0.00875553 0.00508669 0.00875553 0.00508669 0.00753149 0.00508669 0.00946526 0.01505803 0.00949128 0.00929137 0.00875553 0.00875553 0.00508669 0.00508669 0.01304837 0.00875553 0.00508669 0.00508669 0.00508669 0.00875553 0.00508669 0.00781833 0.00730474 0.00711236 0.00711236 0.00730474 0.00728691 0.00657113 0.00924902 
0.01615206 0.00819844 0.01957034 0.01702169 0.00000000 0.01702169 0.01468162 0.01957034 0.00480282 0.00480282 0.00480282 0.00480282 0.00762953 0.00762953 0.00762953 0.00480282 0.00480282 0.00762953 0.00480282 0.01448694 0.01317793 0.00777455 0.00777455 0.01016167 0.00802699 0.01269868 0.01467169 0.01467169 0.01419284 0.00802699 0.01467169 0.01467169 0.01419284 0.00777455 0.01016167 0.01016167 0.00802699 0.00480282 0.01178040 0.00480282 0.00480282 0.00480282 0.00480282 0.00480282 0.00762953 0.00762953 0.00762953 0.00762953 0.00480282 0.00762953 0.00480282 0.00480282 0.00480282 0.00480282 0.00480282 0.00762953 0.00480282 0.00762953 0.00762953 0.00480282 0.00762953 0.00480282 0.00762953 0.00480282 0.00972964 0.00972964 0.00480282 0.00480282 0.00480282 0.00480282 0.00480282 0.00480282 0.00762953 0.00762953 0.00480282 0.00480282 0.00480282 0.00480282 0.01178040 0.00762953 0.00480282 0.00480282 0.01003576 0.00762953 0.00762953 0.00480282 0.00480282 0.00480282 0.00762953 0.00480282 0.00480282 0.00480282 0.01003576 0.00972964 0.00480282 0.00819844 0.00480282 0.01609601 0.01294771 0.01346759 0.01346759 0.01827969 0.01827969 0.00762953 0.00480282 0.00480282 0.01472798 0.00762953 0.00480282 0.00480282 0.00762953 0.00480282 0.00480282 0.00719335 0.00480282 0.00480282 0.00762953 0.00480282 0.00480282 0.00480282 0.00819844 0.00480282 0.00480282 0.00762953 0.00762953 0.00762953 0.00762953 0.00762953 0.00762953 0.00480282 0.00762953 0.00480282 0.00972964 0.00480282 0.00894818 0.01425724 0.00976856 0.00777455 0.00762953 0.00762953 0.00480282 0.00480282 0.01980102 0.00762953 0.00480282 0.00480282 0.00480282 0.00762953 0.00480282 0.01178040 0.01016167 0.00802699 0.00802699 0.01016167 0.00846530 0.01359693 0.00804051 
0.01831606 0.00721597 0.02178441 0.02039285 0.01702169 0.00000000 0.01698061 0.02178441 0.00508669 0.00508669 0.00508669 0.00508669 0.00875553 0.00875553 0.00875553 0.00508669 0.00508669 0.00875553 0.00508669 0.00899664 0.01532552 0.00929137 0.00929137 0.00730474 0.00711236 0.01055512 0.01525678 0.01525678 0.01724703 0.00711236 0.01525678 0.01525678 0.01724703 0.00929137 0.00730474 0.00730474 0.00711236 0.00508669 0.00781833 0.00508669 0.00508669 0.00508669 0.00508669 0.00508669 0.00875553 0.00875553 0.00875553 0.00875553 0.00508669 0.00875553 0.00508669 0.00508669 0.00508669 0.00508669 0.00508669 0.00875553 0.00508669 0.00875553 0.00875553 0.00508669 0.00875553 0.00508669 0.00875553 0.00508669 0.00753149 0.00753149 0.00508669 0.00508669 0.00508669 0.00508669 0.00508669 0.00508669 0.00875553 0.00875553 0.00508669 0.00508669 0.00508669 0.00508669 0.00781833 0.00875553 0.00508669 0.00508669 0.00645933 0.00875553 0.00875553 0.00508669 0.00508669 0.00508669 0.00875553 0.00508669 0.00508669 0.00508669 0.00645933 0.00753149 0.00508669 0.00721597 0.00508669 0.01767293 0.00799865 0.01660275 0.01660275 0.01193669 0.01193669 0.00875553 0.00508669 0.00508669 0.00794593 0.00875553 0.00508669 0.00508669 0.00875553 0.00508669 0.00508669 0.00575932 0.00508669 0.00508669 0.00875553 0.00508669 0.00508669 0.00508669 0.00721597 0.00508669 0.00508669 0.00875553 0.00875553 0.00875553 0.00875553 0.00875553 0.00875553 0.00508669 0.00875553 0.00508669 0.00753149 0.00508669 0.00946526 0.01505803 0.00949128 0.00929137 0.00875553 0.00875553 0.00508669 0.00508669 0.01304837 0.00875553 0.00508669 0.00508669 0.00508669 0.00875553 0.00508669 0.00781833 0.00730474 0.00711236 0.00711236 0.00730474 0.00728691 0.00657113 0.00924902 
0.02513346 0.01518512 0.02212598 0.01698061 0.01468162 0.01698061 0.00000000 0.02212598 0.00562022 0.00562022 0.00562022 0.00562022 0.00538987 0.00538987 0.00538987 0.00562022 0.00562022 0.00538987 0.00562022 0.01913921 0.01272964 0.00469484 0.00469484 0.01212962 0.00570844 0.01437146 0.01855190 0.01855190 0.01202048 0.00570844 0.01855190 0.01855190 0.01202048 0.00469484 0.01212962 0.01212962 0.00570844 0.00562022 0.01406860 0.00562022 0.00562022 0.00562022 0.00562022 0.00562022 0.00538987 0.00538987 0.00538987 0.00538987 0.00562022 0.00538987 0.00562022 0.00562022 0.00562022 0.00562022 0.00562022 0.00538987 0.00562022 0.00538987 0.00538987 0.00562022 0.00538987 0.00562022 0.00538987 0.00562022 0.00875108 0.00875108 0.00562022 0.00562022 0.00562022 0.00562022 0.00562022 0.00562022 0.00538987 0.00538987 0.00562022 0.00562022 0.00562022 0.00562022 0.01406860 0.00538987 0.00562022 0.00562022 0.01269870 0.00538987 0.00538987 0.00562022 0.00562022 0.00562022 0.00538987 0.00562022 0.00562022 0.00562022 0.01269870 0.00875108 0.00562022 0.01518512 0.00562022 0.01806116 0.01258252 0.01198323 0.01198323 0.00857754 0.00857754 0.00538987 0.00562022 0.00562022 0.00700480 0.00538987 0.00562022 0.00562022 0.00538987 0.00562022 0.00562022 0.02120101 0.00562022 0.00562022 0.00538987 0.00562022 0.00562022 0.00562022 0.01518512 0.00562022 0.00562022 0.00538987 0.00538987 0.00538987 0.00538987 0.00538987 0.00538987 0.00562022 0.00538987 0.00562022 0.00875108 0.00562022 0.00876261 0.01452137 0.00854372 0.00469484 0.00538987 0.00538987 0.00562022 0.00562022 0.01044405 0.00538987 0.00562022 0.00562022 0.00562022 0.00538987 0.00562022 0.01406860 0.01212962 0.00570844 0.00570844 0.01212962 0.01215682 0.01274887 0.00470467 
0.02234709 0.00551967 0.02974539 0.02178441 0.01957034 0.02178441 0.02212598 0.00000000 0.00740308 0.00740308 0.00740308 0.00740308 0.00244860 0.00244860 0.00244860 0.00740308 0.00740308 0.00244860 0.00740308 0.01541125 0.01863542 0.00622238 0.00622238 0.00739146 0.00798069 0.01333498 0.02348690 0.02348690 0.01433883 0.00798069 0.02348690 0.02348690 0.01433883 0.00622238 0.00739146 0.00739146 0.00798069 0.00740308 0.00817459 0.00740308 0.00740308 0.00740308 0.00740308 0.00740308 0.00244860 0.00244860 0.00244860 0.00244860 0.00740308 0.00244860 0.00740308 0.00740308 0.00740308 0.00740308 0.00740308 0.00244860 0.00740308 0.00244860 0.00244860 0.00740308 0.00244860 0.00740308 0.00244860 0.00740308 0.00824127 0.00824127 0.00740308 0.00740308 0.00740308 0.00740308 0.00740308 0.00740308 0.00244860 0.00244860 0.00740308 0.00740308 0.00740308 0.00740308 0.00817459 0.00244860 0.00740308 0.00740308 0.00664307 0.00244860 0.00244860 0.00740308 0.00740308 0.00740308 0.00244860 0.00740308 0.00740308 0.00740308 0.00664307 0.00824127 0.00740308 0.00551967 0.00740308 0.02401488 0.00588818 0.01351191 0.01351191 0.00939307 0.00939307 0.00244860 0.00740308 0.00740308 0.00629851 0.00244860 0.00740308 0.00740308 0.00244860 0.00740308 0.00740308 0.00899891 0.00740308 0.00740308 0.00244860 0.00740308 0.00740308 0.00740308 0.00551967 0.00740308 0.00740308 0.00244860 0.00244860 0.00244860 0.00244860 0.00244860 0.00244860 0.00740308 0.00244860 0.00740308 0.00824127 0.00740308 0.01035333 0.01826261 0.00749785 0.00622238 0.00244860 0.00244860 0.00740308 0.00740308 0.01442267 0.00244860 0.00740308 0.00740308 0.00740308 0.00244860 0.00740308 0.00817459 0.00739146 0.00798069 0.00798069 0.00739146 0.01354392 0.00716664 0.00896000 
0.00598825 0.00560691 0.00740308 0.00508669 0.00480282 0.00508669 0.00562022 0.00740308 0.00000000 0.01015432 0.01015432 0.01015432 0.00628340 0.00628340 0.00628340 0.01015432 0.01015432 0.00628340 0.01015432 0.00609516 0.00518819 0.00602672 0.00602672 0.00781142 0.00563444 0.00552668 0.00649545 0.00649545 0.00655368 0.00563444 0.00649545 0.00649545 0.00655368 0.00602672 0.00781142 0.00781142 0.00563444 0.01015432 0.00741518 0.01015432 0.01015432 0.01015432 0.01015432 0.01015432 0.00628340 0.00628340 0.00628340 0.00628340 0.01015432 0.00628340 0.01015432 0.01015432 0.01015432 0.01015432 0.01015432 0.00628340 0.01015432 0.00628340 0.00628340 0.01015432 0.00628340 0.01015432 0.00628340 0.01015432 0.00506039 0.00506039 0.01015432 0.01015432 0.01015432 0.01015432 0.01015432 0.01015432 0.00628340 0.00628340 0.01015432 0.01015432 0.01015432 0.01015432 0.00741518 0.00628340 0.01015432 0.01015432 0.00824702 0.00628340 0.00628340 0.01015432 0.01015432 0.01015432 0.00628340 0.01015432 0.01015432 0.01015432 0.00824702 0.00506039 0.01015432 0.00560691 0.01015432 0.00777345 0.00500267 0.00570598 0.00570598 0.00549431 0.00549431 0.00628340 0.01015432 0.01015432 0.00576419 0.00628340 0.01015432 0.01015432 0.00628340 0.01015432 0.01015432 0.00659415 0.01015432 0.01015432 0.00628340 0.01015432 0.01015432 0.01015432 0.00560691 0.01015432 0.01015432 0.00628340 0.00628340 0.00628340 0.00628340 0.00628340 0.00628340 0.01015432 0.00628340 0.01015432 0.00506039 0.01015432 0.00517804 0.00444640 0.00519057 0.00602672 0.00628340 0.00628340 0.01015432 0.01015432 0.00517273 0.00628340 0.01015432 0.01015432 0.01015432 0.00628340 0.01015432 0.00741518 0.00781142 0.00563444 0.00563444 0.00781142 0.00736707 0.00820325 0.00798171 
0.00598825 0.00560691 0.00740308 0.00508669 0.00480282 0.00508669 0.00562022 0.00740308 0.01015432 0.00000000 0.01015432 0.01015432 0.00628340 0.00628340 0.00628340 0.01015432 0.01015432 0.00628340 0.01015432 0.00609516 0.00518819 0.00602672 0.00602672 0.00781142 0.00563444 0.00552668 0.00649545 0.00649545 0.00655368 0.00563444 0.00649545 0.00649545 0.00655368 0.00602672 0.00781142 0.00781142 0.00563444 0.01015432 0.00741518 0.01015432 0.01015432 0.01015432 0.01015432 0.01015432 0.00628340 0.00628340 0.00628340 0.00628340 0.01015432 0.00628340 0.01015432 0.01015432 0.01015432 0.01015432 0.01015432 0.00628340 0.01015432 0.00628340 0.00628340 0.01015432 0.00628340 0.01015432 0.00628340 0.01015432 0.00506039 0.00506039 0.01015432 0.01015432 0.01015432 0.01015432 0.01015432 0.01015432 0.00628340 0.00628340 0.01015432 0.01015432 0.01015432 0.01015432 0.00741518 0.00628340 0.01015432 0.01015432 0.00824702 0.00628340 0.00628340 0.01015432 0.01015432 0.01015432 0.00628340 0.01015432 0.01015432 0.01015432 0.00824702 0.00506039 0.01015432 0.00560691 0.01015432 0.00777345 0.00500267 0.00570598 0.00570598 0.00549431 0.00549431 0.00628340 0.01015432 0.01015432 0.00576419 0.00628340 0.01015432 0.01015432 0.00628340 0.01015432 0.01015432 0.00659415 0.01015432 0.01015432 0.00628340 0.01015432 0.01015432 0.01015432 0.00560691 0.01015432 0.01015432 0.00628340 0.00628340 0.00628340 0.00628340 0.00628340 0.00628340 0.01015432 0.00628340 0.01015432 0.00506039 0.01015432 0.00517804 0.00444640 0.00519057 0.00602672 0.00628340 0.00628340 0.01015432 0.01015432 0.00517273 0.00628340 0.01015432 0.01015432 0.01015432 0.00628340 0.01015432 0.00741518 0.00781142 0.00563444 0.00563444 0.00781142 0.00736707 0.00820325 0.00798171 
0.00598825 0.00560691 0.00740308 0.00508669 0.00480282 0.00508669 0.00562022 0.00740308 0.01015432 0.01015432 0.00000000 0.01015432 0.00628340 0.00628340 0.00628340 0.01015432 0.01015432 0.00628340 0.01015432 0.00609516 0.00518819 0.00602672 0.00602672 0.00781142 0.00563444 0.00552668 0.00649545 0.00649545 0.00655368 0.00563444 0.00649545 0.00649545 0.00655368 0.00602672 0.00781142 0.00781142 0.00563444 0.01015432 0.00741518 0.01015432 0.01015432 0.01015432 0.01015432 0.01015432 0.00628340 0.00628340 0.00628340 0.00628340 0.01015432 0.00628340 0.01015432 0.01015432 0.01015432 0.01015432 0.01015432 0.00628340 0.01015432 0.00628340 0.00628340 0.01015432 0.00628340 0.01015432 0.00628340 0.01015432 0.00506039 0.00506039 0.01015432 0.01015432 0.01015432 0.01015432 0.01015432 0.01015432 0.00628340 0.00628340 0.01015432 0.01015432 0.01015432 0.01015432 0.00741518 0.00628340 0.01015432 0.01015432 0.00824702 0.00628340 0.00628340 0.01015432 0.01015432 0.01015432 0.00628340 0.01015432 0.01015432 0.01015432 0.00824702 0.00506039 0.01015432 0.00560691 0.01015432 0.00777345 0.00500267 0.00570598 0.00570598 0.00549431 0.00549431 0.00628340 0.01015432 0.01015432 0.00576419 0.00628340 0.01015432 0.01015432 0.00628340 0.01015432 0.01015432 0.00659415 0.01015432 0.01015432 0.00628340 0.01015432 0.01015432 0.01015432 0.00560691 0.01015432 0.01015432 0.00628340 0.00628340 0.00628340 0.00628340 0.00628340 0.00628340 0.01015432 0.00628340 0.01015432 0.00506039 0.01015432 0.00517804 0.00444640 0.00519057 0.00602672 0.00628340 0.00628340 0.01015432 0.01015432 0.00517273 0.00628340 0.01015432 0.01015432 0.01015432 0.00628340 0.01015432 0.00741518 0.00781142 0.00563444 0.00563444 0.00781142 0.00736707 0.00820325 0.00798171 
0.00598825 0.00560691 0.00740308 0.00508669 0.00480282 0.00508669 0.00562022 0.00740308 0.01015432 0.01015432 0.01015432 0.00000000 0.00628340 0.00628340 0.00628340 0.01015432 0.01015432 0.00628340 0.01015432 0.00609516 0.00518819 0.00602672 0.00602672 0.00781142 0.00563444 0.00552668 0.00649545 0.00649545 0.00655368 0.00563444 0.00649545 0.00649545 0.00655368 0.00602672 0.00781142 0.00781142 0.00563444 0.01015432 0.00741518 0.01015432 0.01015432 0.01015432 0.01015432 0.01015432 0.00628340 0.00628340 0.00628340 0.00628340 0.01015432 0.00628340 0.01015432 0.01015432 0.01015432 0.01015432 0.01015432 0.00628340 0.01015432 0.00628340 0.00628340 0.01015432 0.00628340 0.01015432 0.00628340 0.01015432 0.00506039 0.00506039 0.01015432 0.01015432 0.01015432 0.01015432 0.01015432 0.01015432 0.00628340 0.00628340 0.01015432 0.01015432 0.01015432 0.01015432 0.00741518 0.00628340 0.01015432 0.01015432 0.00824702 0.00628340 0.00628340 0.01015432 0.01015432 0.01015432 0.00628340 0.01015432 0.01015432 0.01015432 0.00824702 0.00506039 0.01015432 0.00560691 0.01015432 0.00777345 0.00500267 0.00570598 0.00570598 0.00549431 0.00549431 0.00628340 0.01015432 0.01015432 0.00576419 0.00628340 0.01015432 0.01015432 0.00628340 0.01015432 0.01015432 0.00659415 0.01015432 0.01015432 0.00628340 0.01015432 0.01015432 0.01015432 0.00560691 0.01015432 0.01015432 0.00628340 0.00628340 0.00628340 0.00628340 0.00628340 0.00628340 0.01015432 0.00628340 0.01015432 0.00506039 0.01015432 0.00517804 0.00444640 0.00519057 0.00602672 0.00628340 0.00628340 0.01015432 0.01015432 0.00517273 0.00628340 0.01015432 0.01015432 0.01015432 0.00628340 0.01015432 0.00741518 0.00781142 0.00563444 0.00563444 0.00781142 0.00736707 0.00820325 0.00798171 
0.00354154 0.01056419 0.00244860 0.00875553 0.00762953 0.00875553 0.00538987 0.00244860 0.00628340 0.00628340 0.00628340 0.00628340 0.00000000 0.01319811 0.01319811 0.00628340 0.00628340 0.01319811 0.00628340 0.00667311 0.00761929 0.00941197 0.00941197 0.00311830 0.01009717 0.00910618 0.00366164 0.00366164 0.00436702 0.01009717 0.00366164 0.00366164 0.00436702 0.00941197 0.00311830 0.00311830 0.01009717 0.00628340 0.00188007 0.00628340 0.00628340 0.00628340 0.00628340 0.00628340 0.01319811 0.01319811 0.01319811 0.01319811 0.00628340 0.01319811 0.00628340 0.00628340 0.00628340 0.00628340 0.00628340 0.01319811 0.00628340 0.01319811 0.01319811 0.00628340 0.01319811 0.00628340 0.01319811 0.00628340 0.00872299 0.00872299 0.00628340 0.00628340 0.00628340 0.00628340 0.00628340 0.00628340 0.01319811 0.01319811 0.00628340 0.00628340 0.00628340 0.00628340 0.00188007 0.01319811 0.00628340 0.00628340 0.00370828 0.01319811 0.01319811 0.00628340 0.00628340 0.00628340 0.01319811 0.00628340 0.00628340 0.00628340 0.00370828 0.00872299 0.00628340 0.01056419 0.00628340 0.00371303 0.00765192 0.01009126 0.01009126 0.00896491 0.00896491 0.01319811 0.00628340 0.00628340 0.01112822 0.01319811 0.00628340 0.00628340 0.01319811 0.00628340 0.00628340 0.00877733 0.00628340 0.00628340 0.01319811 0.00628340 0.00628340 0.00628340 0.01056419 0.00628340 0.00628340 0.01319811 0.01319811 0.01319811 0.01319811 0.01319811 0.01319811 0.00628340 0.01319811 0.00628340 0.00872299 0.00628340 0.00873194 0.00637051 0.00751864 0.00941197 0.01319811 0.01319811 0.00628340 0.00628340 0.00877435 0.01319811 0.00628340 0.00628340 0.00628340 0.01319811 0.00628340 0.00188007 0.00311830 0.01009717 0.01009717 0.00311830 0.00551941 0.00362064 0.00425961 
0.00354154 0.01056419 0.00244860 0.00875553 0.00762953 0.00875553 0.00538987 0.00244860 0.00628340 0.00628340 0.00628340 0.00628340 0.01319811 0.00000000 0.01319811 0.00628340 0.00628340 0.01319811 0.00628340 0.00667311 0.00761929 0.00941197 0.00941197 0.00311830 0.01009717 0.00910618 0.00366164 0.00366164 0.00436702 0.01009717 0.00366164 0.00366164 0.00436702 0.00941197 0.00311830 0.00311830 0.01009717 0.00628340 0.00188007 0.00628340 0.00628340 0.00628340 0.00628340 0.00628340 0.01319811 0.01319811 0.01319811 0.01319811 0.00628340 0.01319811 0.00628340 0.00628340 0.00628340 0.00628340 0.00628340 0.01319811 0.00628340 0.01319811 0.01319811 0.00628340 0.01319811 0.00628340 0.01319811 0.00628340 0.00872299 0.00872299 0.00628340 0.00628340 0.00628340 0.00628340 0.00628340 0.00628340 0.01319811 0.01319811 0.00628340 0.00628340 0.00628340 0.00628340 0.00188007 0.01319811 0.00628340 0.00628340 0.00370828 0.01319811 0.01319811 0.00628340 0.00628340 0.00628340 0.01319811 0.00628340 0.00628340 0.00628340 0.00370828 0.00872299 0.00628340 0.01056419 0.00628340 0.00371303 0.00765192 0.01009126 0.01009126 0.00896491 0.00896491 0.01319811 0.00628340 0.00628340 0.01112822 0.01319811 0.00628340 0.00628340 0.01319811 0.00628340 0.00628340 0.00877733 0.00628340 0.00628340 0.01319811 0.00628340 0.00628340 0.00628340 0.01056419 0.00628340 0.00628340 0.01319811 0.01319811 0.01319811 0.01319811 0.01319811 0.01319811 0.00628340 0.01319811 0.00628340 0.00872299 0.00628340 0.00873194 0.00637051 0.00751864 0.00941197 0.01319811 0.01319811 0.00628340 0.00628340 0.00877435 0.01319811 0.00628340 0.00628340 0.00628340 0.01319811 0.00628340 0.00188007 0.00311830 0.01009717 0.01009717 0.00311830 0.00551941 0.00362064 0.00425961 
0.00354154 0.01056419 0.00244860 0.00875553 0.00762953 0.00875553 0.00538987 0.00244860 0.00628340 0.00628340 0.00628340 0.00628340 0.01319811 0.01319811 0.00000000 0.00628340 0.00628340 0.01319811 0.00628340 0.00667311 0.00761929 0.00941197 0.00941197 0.00311830 0.01009717 0.00910618 0.00366164 0.00366164 0.00436702 0.01009717 0.00366164 0.00366164 0.00436702 0.00941197 0.00311830 0.00311830 0.01009717 0.00628340 0.00188007 0.00628340 0.00628340 0.00628340 0.00628340 0.00628340 0.01319811 0.01319811 0.01319811 0.01319811 0.00628340 0.01319811 0.00628340 0.00628340 0.00628340 0.00628340 0.00628340 0.01319811 0.00628340 0.01319811 0.01319811 0.00628340 0.01319811 0.00628340 0.01319811 0.00628340 0.00872299 0.00872299 0.00628340 0.00628340 0.00628340 0.00628340 0.00628340 0.00628340 0.01319811 0.01319811 0.00628340 0.00628340 0.00628340 0.00628340 0.00188007 0.01319811 0.00628340 0.00628340 0.00370828 0.01319811 0.01319811 0.00628340 0.00628340 0.00628340 0.01319811 0.00628340 0.00628340 0.00628340 0.00370828 0.00872299 0.00628340 0.01056419 0.00628340 0.00371303 0.00765192 0.01009126 0.01009126 0.00896491 0.00896491 0.01319811 0.00628340 0.00628340 0.01112822 0.01319811 0.00628340 0.00628340 0.01319811 0.00628340 0.00628340 0.00877733 0.00628340 0.00628340 0.01319811 0.00628340 0.00628340 0.00628340 0.01056419 0.00628340 0.00628340 0.01319811 0.01319811 0.01319811 0.01319811 0.01319811 0.01319811 0.00628340 0.01319811 0.00628340 0.00872299 0.00628340 0.00873194 0.00637051 0.00751864 0.00941197 0.01319811 0.01319811 0.00628340 0.00628340 0.00877435 0.01319811 0.00628340 0.00628340 0.00628340 0.01319811 0.00628340 0.00188007 0.00311830 0.01009717 0.01009717 0.00311830 0.00551941 0.00362064 0.00425961 
0.00598825 0.00560691 0.00740308 0.00508669 0.00480282 0.00508669 0.00562022 0.00740308 0.01015432 0.01015432 0.01015432 0.01015432 0.00628340 0.00628340 0.00628340 0.00000000 0.01015432 0.00628340 0.01015432 0.00609516 0.00518819 0.00602672 0.00602672 0.00781142 0.00563444 0.00552668 0.00649545 0.00649545 0.00655368 0.00563444 0.00649545 0.00649545 0.00655368 0.00602672 0.00781142 0.00781142 0.00563444 0.01015432 0.00741518 0.01015432 0.01015432 0.01015432 0.01015432 0.01015432 0.00628340 0.00628340 0.00628340 0.00628340 0.01015432 0.00628340 0.01015432 0.01015432 0.01015432 0.01015432 0.01015432 0.00628340 0.01015432 0.00628340 0.00628340 0.01015432 0.00628340 0.01015432 0.00628340 0.01015432 0.00506039 0.00506039 0.01015432 0.01015432 0.01015432 0.01015432 0.01015432 0.01015432 0.00628340 0.00628340 0.01015432 0.01015432 0.01015432 0.01015432 0.00741518 0.00628340 0.01015432 0.01015432 0.00824702 0.00628340 0.00628340 0.01015432 0.01015432 0.01015432 0.00628340 0.01015432 0.01015432 0.01015432 0.00824702 0.00506039 0.01015432 0.00560691 0.01015432 0.00777345 0.00500267 0.00570598 0.00570598 0.00549431 0.00549431 0.00628340 0.01015432 0.01015432 0.00576419 0.00628340 0.01015432 0.01015432 0.00628340 0.01015432 0.01015432 0.00659415 0.01015432 0.01015432 0.00628340 0.01015432 0.01015432 0.01015432 0.00560691 0.01015432 0.01015432 0.00628340 0.00628340 0.00628340 0.00628340 0.00628340 0.00628340 0.01015432 0.00628340 0.01015432 0.00506039 0.01015432 0.00517804 0.00444640 0.00519057 0.00602672 0.00628340 0.00628340 0.01015432 0.01015432 0.00517273 0.00628340 0.01015432 0.01015432 0.01015432 0.00628340 0.01015432 0.00741518 0.00781142 0.00563444 0.00563444 0.00781142 0.00736707 0.00820325 0.00798171 
0.00598825 0.00560691 0.00740308 0.00508669 0.00480282 0.00508669 0.00562022 0.00740308 0.01015432 0.01015432 0.01015432 0.01015432 0.00628340 0.00628340 0.00628340 0.01015432 0.00000000 0.00628340 0.01015432 0.00609516 0.00518819 0.00602672 0.00602672 0.00781142 0.00563444 0.00552668 0.00649545 0.00649545 0.00655368 0.00563444 0.00649545 0.00649545 0.00655368 0.00602672 0.00781142 0.00781142 0.00563444 0.01015432 0.00741518 0.01015432 0.01015432 0.01015432 0.01015432 0.01015432 0.00628340 0.00628340 0.00628340 0.00628340 0.01015432 0.00628340 0.01015432 0.01015432 0.01015432 0.01015432 0.01015432 0.00628340 0.01015432 0.00628340 0.00628340 0.01015432 0.00628340 0.01015432 0.00628340 0.01015432 0.00506039 0.00506039 0.01015432 0.01015432 0.01015432 0.01015432 0.01015432 0.01015432 0.00628340 0.00628340 0.01015432 0.01015432 0.01015432 0.01015432 0.00741518 0.00628340 0.01015432 0.01015432 0.00824702 0.00628340 0.00628340 0.01015432 0.01015432 0.01015432 0.00628340 0.01015432 0.01015432 0.01015432 0.00824702 0.00506039 0.01015432 0.00560691 0.01015432 0.00777345 0.00500267 0.00570598 0.00570598 0.00549431 0.00549431 0.00628340 0.01015432 0.01015432 0.00576419 0.00628340 0.01015432 0.01015432 0.00628340 0.01015432 0.01015432 0.00659415 0.01015432 0.01015432 0.00628340 0.01015432 0.01015432 0.01015432 0.00560691 0.01015432 0.01015432 0.00628340 0.00628340 0.00628340 0.00628340 0.00628340 0.00628340 0.01015432 0.00628340 0.01015432 0.00506039 0.01015432 0.00517804 0.00444640 0.00519057 0.00602672 0.00628340 0.00628340 0.01015432 0.01015432 0.00517273 0.00628340 0.01015432 0.01015432 0.01015432 0.00628340 0.01015432 0.00741518 0.00781142 0.00563444 0.00563444 0.00781142 0.00736707 0.00820325 0.00798171 
0.00354154 0.01056419 0.00244860 0.00875553 0.00762953 0.00875553 0.00538987 0.00244860 0.00628340 0.00628340 0.00628340 0.00628340 0.01319811 0.01319811 0.01319811 0.00628340 0.00628340 0.00000000 0.00628340 0.00667311 0.00761929 0.00941197 0.00941197 0.00311830 0.01009717 0.00910618 0.00366164 0.00366164 0.00436702 0.01009717 0.00366164 0.00366164 0.00436702 0.00941197 0.00311830 0.00311830 0.01009717 0.00628340 0.00188007 0.00628340 0.00628340 0.00628340 0.00628340 0.00628340 0.01319811 0.01319811 0.01319811 0.01319811 0.00628340 0.01319811 0.00628340 0.00628340 0.00628340 0.00628340 0.00628340 0.01319811 0.00628340 0.01319811 0.01319811 0.00628340 0.01319811 0.00628340 0.01319811 0.00628340 0.00872299 0.00872299 0.00628340 0.00628340 0.00628340 0.00628340 0.00628340 0.00628340 0.01319811 0.01319811 0.00628340 0.00628340 0.00628340 0.00628340 0.00188007 0.01319811 0.00628340 0.00628340 0.00370828 0.01319811 0.01319811 0.00628340 0.00628340 0.00628340 0.01319811 0.00628340 0.00628340 0.00628340 0.00370828 0.00872299 0.00628340 0.01056419 0.00628340 0.00371303 0.00765192 0.01009126 0.01009126 0.00896491 0.00896491 0.01319811 0.00628340 0.00628340 0.01112822 0.01319811 0.00628340 0.00628340 0.01319811 0.00628340 0.00628340 0.00877733 0.00628340 0.00628340 0.01319811 0.00628340 0.00628340 0.00628340 0.01056419 0.00628340 0.00628340 0.01319811 0.01319811 0.01319811 0.01319811 0.01319811 0.01319811 0.00628340 0.01319811 0.00628340 0.00872299 0.00628340 0.00873194 0.00637051 0.00751864 0.00941197 0.01319811 0.01319811 0.00628340 0.00628340 0.00877435 0.01319811 0.00628340 0.00628340 0.00628340 0.01319811 0.00628340 0.00188007 0.00311830 0.01009717 0.01009717 0.00311830 0.00551941 0.00362064 0.00425961 
0.00598825 0.00560691 0.00740308 0.00508669 0.00480282 0.00508669 0.00562022 0.00740308 0.01015432 0.01015432 0.01015432 0.01015432 0.00628340 0.00628340 0.00628340 0.01015432 0.01015432 0.00628340 0.00000000 0.00609516 0.00518819 0.00602672 0.00602672 0.00781142 0.00563444 0.00552668 0.00649545 0.00649545 0.00655368 0.00563444 0.00649545 0.00649545 0.00655368 0.00602672 0.00781142 0.00781142 0.00563444 0.01015432 0.00741518 0.01015432 0.01015432 0.01015432 0.01015432 0.01015432 0.00628340 0.00628340 0.00628340 0.00628340 0.01015432 0.00628340 0.01015432 0.01015432 0.01015432 0.01015432 0.01015432 0.00628340 0.01015432 0.00628340 0.00628340 0.01015432 0.00628340 0.01015432 0.00628340 0.01015432 0.00506039 0.00506039 0.01015432 0.01015432 0.01015432 0.01015432 0.01015432 0.01015432 0.00628340 0.00628340 0.01015432 0.01015432 0.01015432 0.01015432 0.00741518 0.00628340 0.01015432 0.01015432 0.00824702 0.00628340 0.00628340 0.01015432 0.01015432 0.01015432 0.00628340 0.01015432 0.01015432 0.01015432 0.00824702 0.00506039 0.01015432 0.00560691 0.01015432 0.00777345 0.00500267 0.00570598 0.00570598 0.00549431 0.00549431 0.00628340 0.01015432 0.01015432 0.00576419 0.00628340 0.01015432 0.01015432 0.00628340 0.01015432 0.01015432 0.00659415 0.01015432 0.01015432 0.00628340 0.01015432 0.01015432 0.01015432 0.00560691 0.01015432 0.01015432 0.00628340 0.00628340 0.00628340 0.00628340 0.00628340 0.00628340 0.01015432 0.00628340 0.01015432 0.00506039 0.01015432 0.00517804 0.00444640 0.00519057 0.00602672 0.00628340 0.00628340 0.01015432 0.01015432 0.00517273 0.00628340 0.01015432 0.01015432 0.01015432 0.00628340 0.01015432 0.00741518 0.00781142 0.00563444 0.00563444 0.00781142 0.00736707 0.00820325 0.00798171 
0.01446454 0.01631407 0.01541125 0.00899664 0.01448694 0.00899664 0.01913921 0.01541125 0.00609516 0.00609516 0.00609516 0.00609516 0.00667311 0.00667311 0.00667311 0.00609516 0.00609516 0.00667311 0.00609516 0.00000000 0.00923875 0.00465100 0.00465100 0.01092057 0.00991952 0.00778075 0.01407298 0.01407298 0.00281959 0.00991952 0.01407298 0.01407298 0.00281959 0.00465100 0.01092057 0.01092057 0.00991952 0.00609516 0.01197491 0.00609516 0.00609516 0.00609516 0.00609516 0.00609516 0.00667311 0.00667311 0.00667311 0.00667311 0.00609516 0.00667311 0.00609516 0.00609516 0.00609516 0.00609516 0.00609516 0.00667311 0.00609516 0.00667311 0.00667311 0.00609516 0.00667311 0.00609516 0.00667311 0.00609516 0.01071434 0.01071434 0.00609516 0.00609516 0.00609516 0.00609516 0.00609516 0.00609516 0.00667311 0.00667311 0.00609516 0.00609516 0.00609516 0.00609516 0.01197491 0.00667311 0.00609516 0.00609516 0.01325230 0.00667311 0.00667311 0.00609516 0.00609516 0.00609516 0.00667311 0.00609516 0.00609516 0.00609516 0.01325230 0.01071434 0.00609516 0.01631407 0.00609516 0.01326802 0.01205272 0.00488868 0.00488868 0.01232273 0.01232273 0.00667311 0.00609516 0.00609516 0.00648987 0.00667311 0.00609516 0.00609516 0.00667311 0.00609516 0.00609516 0.02202003 0.00609516 0.00609516 0.00667311 0.00609516 0.00609516 0.00609516 0.01631407 0.00609516 0.00609516 0.00667311 0.00667311 0.00667311 0.00667311 0.00667311 0.00667311 0.00609516 0.00667311 0.00609516 0.01071434 0.00609516 0.00713676 0.01024161 0.00676997 0.00465100 0.00667311 0.00667311 0.00609516 0.00609516 0.01895403 0.00667311 0.00609516 0.00609516 0.00609516 0.00667311 0.00609516 0.01197491 0.01092057 0.00991952 0.00991952 0.01092057 0.01063262 0.01299024 0.00245219 
0.01413021 0.00844380 0.01863542 0.01532552 0.01317793 0.01532552 0.01272964 0.01863542 0.00518819 0.00518819 0.00518819 0.00518819 0.00761929 0.00761929 0.00761929 0.00518819 0.00518819 0.00761929 0.00518819 0.00923875 0.00000000 0.01329048 0.01329048 0.00697948 0.00983501 0.01079918 0.01691547 0.01691547 0.01715214 0.00983501 0.01691547 0.01691547 0.01715214 0.01329048 0.00697948 0.00697948 0.00983501 0.00518819 0.00680832 0.00518819 0.00518819 0.00518819 0.00518819 0.00518819 0.00761929 0.00761929 0.00761929 0.00761929 0.00518819 0.00761929 0.00518819 0.00518819 0.00518819 0.00518819 0.00518819 0.00761929 0.00518819 0.00761929 0.00761929 0.00518819 0.00761929 0.00518819 0.00761929 0.00518819 0.00907088 0.00907088 0.00518819 0.00518819 0.00518819 0.00518819 0.00518819 0.00518819 0.00761929 0.00761929 0.00518819 0.00518819 0.00518819 0.00518819 0.00680832 0.00761929 0.00518819 0.00518819 0.01075877 0.00761929 0.00761929 0.00518819 0.00518819 0.00518819 0.00761929 0.00518819 0.00518819 0.00518819 0.01075877 0.00907088 0.00518819 0.00844380 0.00518819 0.01528495 0.00915851 0.01157828 0.01157828 0.00857845 0.00857845 0.00761929 0.00518819 0.00518819 0.00923788 0.00761929 0.00518819 0.00518819 0.00761929 0.00518819 0.00518819 0.00710582 0.00518819 0.00518819 0.00761929 0.00518819 0.00518819 0.00518819 0.00844380 0.00518819 0.00518819 0.00761929 0.00761929 0.00761929 0.00761929 0.00761929 0.00761929 0.00518819 0.00761929 0.00518819 0.00907088 0.00518819 0.01544894 0.01600038 0.01226861 0.01329048 0.00761929 0.00761929 0.00518819 0.00518819 0.00878321 0.00761929 0.00518819 0.00518819 0.00518819 0.00761929 0.00518819 0.00680832 0.00697948 0.00983501 0.00983501 0.00697948 0.01256215 0.01089480 0.01519770 
0.00638490 0.00926496 0.00622238 0.00929137 0.00777455 0.00929137 0.00469484 0.00622238 0.00602672 0.00602672 0.00602672 0.00602672 0.00941197 0.00941197 0.00941197 0.00602672 0.00602672 0.00941197 0.00602672 0.00465100 0.01329048 0.00000000 0.01456440 0.00568573 0.00957523 0.00827491 0.00980733 0.00980733 0.01517969 0.00957523 0.00980733 0.00980733 0.01517969 0.01456440 0.00568573 0.00568573 0.00957523 0.00602672 0.00509700 0.00602672 0.00602672 0.00602672 0.00602672 0.00602672 0.00941197 0.00941197 0.00941197 0.00941197 0.00602672 0.00941197 0.00602672 0.00602672 0.00602672 0.00602672 0.00602672 0.00941197 0.00602672 0.00941197 0.00941197 0.00602672 0.00941197 0.00602672 0.00941197 0.00602672 0.00854456 0.00854456 0.00602672 0.00602672 0.00602672 0.00602672 0.00602672 0.00602672 0.00941197 0.00941197 0.00602672 0.00602672 0.00602672 0.00602672 0.00509700 0.00941197 0.00602672 0.00602672 0.01142013 0.00941197 0.00941197 0.00602672 0.00602672 0.00602672 0.00941197 0.00602672 0.00602672 0.00602672 0.01142013 0.00854456 0.00602672 0.00926496 0.00602672 0.00662153 0.01011417 0.01017912 0.01017912 0.00837431 0.00837431 0.00941197 0.00602672 0.00602672 0.00988993 0.00941197 0.00602672 0.00602672 0.00941197 0.00602672 0.00602672 0.00632907 0.00602672 0.00602672 0.00941197 0.00602672 0.00602672 0.00602672 0.00926496 0.00602672 0.00602672 0.00941197 0.00941197 0.00941197 0.00941197 0.00941197 0.00941197 0.00602672 0.00941197 0.00602672 0.00854456 0.00602672 0.01527522 0.01218237 0.01308186 0.01456440 0.00941197 0.00941197 0.00602672 0.00602672 0.00507152 0.00941197 0.00602672 0.00602672 0.00602672 0.00941197 0.00602672 0.00509700 0.00568573 0.00957523 0.00957523 0.00568573 0.01090409 0.01162230 0.01564229 
0.00638490 0.00926496 0.00622238 0.00929137 0.00777455 0.00929137 0.00469484 0.00622238 0.00602672 0.00602672 0.00602672 0.00602672 0.00941197 0.00941197 0.00941197 0.00602672 0.00602672 0.00941197 0.00602672 0.00465100 0.01329048 0.01456440 0.00000000 0.00568573 0.00957523 0.00827491 0.00980733 0.00980733 0.01517969 0.00957523 0.00980733 0.00980733 0.01517969 0.01456440 0.00568573 0.00568573 0.00957523 0.00602672 0.00509700 0.00602672 0.00602672 0.00602672 0.00602672 0.00602672 0.00941197 0.00941197 0.00941197 0.00941197 0.00602672 0.00941197 0.00602672 0.00602672 0.00602672 0.00602672 0.00602672 0.00941197 0.00602672 0.00941197 0.00941197 0.00602672 0.00941197 0.00602672 0.00941197 0.00602672 0.00854456 0.00854456 0.00602672 0.00602672 0.00602672 0.00602672 0.00602672 0.00602672 0.00941197 0.00941197 0.00602672 0.00602672 0.00602672 0.00602672 0.00509700 0.00941197 0.00602672 0.00602672 0.01142013 0.00941197 0.00941197 0.00602672 0.00602672 0.00602672 0.00941197 0.00602672 0.00602672 0.00602672 0.01142013 0.00854456 0.00602672 0.00926496 0.00602672 0.00662153 0.01011417 0.01017912 0.01017912 0.00837431 0.00837431 0.00941197 0.00602672 0.00602672 0.00988993 0.00941197 0.00602672 0.00602672 0.00941197 0.00602672 0.00602672 0.00632907 0.00602672 0.00602672 0.00941197 0.00602672 0.00602672 0.00602672 0.00926496 0.00602672 0.00602672 0.00941197 0.00941197 0.00941197 0.00941197 0.00941197 0.00941197 0.00602672 0.00941197 0.00602672 0.00854456 0.00602672 0.01527522 0.01218237 0.01308186 0.01456440 0.00941197 0.00941197 0.00602672 0.00602672 0.00507152 0.00941197 0.00602672 0.00602672 0.00602672 0.00941197 0.00602672 0.00509700 0.00568573 0.00957523 0.00957523 0.00568573 0.01090409 0.01162230 0.01564229 
