0.00000000 0.04960967 0.02275650 0.02104188 0.03222422 0.02174926 0.02372298 0.02595241 0.03778613 0.02437188 0.01345875 0.03188822 0.02591645 0.02545662 0.01199135 0.02412331 0.01776577 0.01825748 0.02513537 0.03533392 0.00941608 0.03256679 0.02646127 0.02062321 0.05647395 0.04251651 0.03443200 0.04138705 0.05539280 0.02932975 0.02326441 0.01334535 0.03892638 0.02451642 0.01256111 0.01663393 0.01733119 0.03335564 0.02282631 0.02031645 0.01758680 0.02568449 0.03178945 0.02671816 0.02333770 0.02766604 0.02385281 0.03209362 0.02485061 0.00919154 0.03544280 0.02499960 0.02976913 0.03771952 0.02360879 0.03190266 0.01358179 0.02569463 0.02436931 0.03075786 0.02658612 0.03003034 0.02032506 0.02848731 0.01675283 0.02792851 0.01767503 0.01610924 0.01934571 0.04291413 0.01484410 0.02078581 0.03090102 0.01509942 0.02963606 0.01590962 0.01376406 0.03711414 0.04200201 0.03984933 0.03570791 0.01415109 0.02145400 0.01993919 0.02527501 0.03698865 0.02549264 0.02396634 0.03769664 0.03175304 0.02927377 0.01055577 0.03902983 0.01856727 0.02316424 0.02943802 0.03135920 0.03662880 0.01950607 0.02747378 0.02241004 0.02705869 0.02236113 0.02253472 0.02297813 0.02490121 0.01339976 0.02194654 0.03280628 0.01109900 0.01909774 0.03166775 0.03118573 0.03672200 0.02673155 0.02738893 0.02792851 0.02579355 0.01437858 0.01535428 0.02017386 0.02025746 0.04260882 0.02251167 0.03443439 0.02726178 0.02319475 0.03110901 0.01980983 0.01875546 0.02167281 0.03873123 0.01774029 0.01996345 0.02744717 0.02661814 0.02963753 0.02873588 0.02759859 0.03741589 0.01934436 0.02535807 0.01845657 0.03236646 0.01314925 0.02047791 0.02818389 0.03008574 0.02426651 0.02040135 0.02507078 0.02174477 0.01763590 0.04403009 0.02012571 0.03020855 0.02097752 0.01365872 0.01444554 0.02091208 0.02328412 0.03078607 0.01409149 0.02121998 0.01756247 0.02652818 0.03390387 0.02933407 0.02303732 0.02216521 0.02034013 0.02029676 0.03878027 0.02603687 0.02333472 0.02583104 0.01790299 0.04073082 0.02621319 0.02081372 0.02040633 0.02199255 0.01608892 0.03153520 0.02622861 0.03172992 0.01738724 0.02632555 0.01881068 0.02610958 0.03883711 0.01366312 
0.04960967 0.00000000 0.03163999 0.03316934 0.02689265 0.03916424 0.02781772 0.05367997 0.03758708 0.02699143 0.01532470 0.05190922 0.02710355 0.02467280 0.03682938 0.03296278 0.03053339 0.01140342 0.01185273 0.02685112 0.03285597 0.01600548 0.01968036 0.03439451 0.01784491 0.01738176 0.03824304 0.04524527 0.04248122 0.01708191 0.03986518 0.02000378 0.02519783 0.02856256 0.02833739 0.03249254 0.02182763 0.02524932 0.02201682 0.00896086 0.02638303 0.02220021 0.01526305 0.00366865 0.02806800 0.02675060 0.00985692 0.01986009 0.04642657 0.05087491 0.01792024 0.01292653 0.02167737 0.01881069 0.02358872 0.02033722 0.02959164 0.01458463 0.04064349 0.01945775 0.02575716 0.02550745 0.02688351 0.02611397 0.01276815 0.02738164 0.02975088 0.01137283 0.01781835 0.02152586 0.01378550 0.02907816 0.02022557 0.01884888 0.03988130 0.01506887 0.02972848 0.01717699 0.03512341 0.03481688 0.02964151 0.02301403 0.04211745 0.01595201 0.01488667 0.01343994 0.03704686 0.01364931 0.04344523 0.01272483 0.02129272 0.00915753 0.04423486 0.02206110 0.03660455 0.02817308 0.03290829 0.03953421 0.03335423 0.02456380 0.02077563 0.02761713 0.01619702 0.02253861 0.02614729 0.02271859 0.01219225 0.02144135 0.03550559 0.03925640 0.01828678 0.03119237 0.01632408 0.02005846 0.04409893 0.03274440 0.02738164 0.02431469 0.01944076 0.02018422 0.02019377 0.02269286 0.03148962 0.04036058 0.01832577 0.01663029 0.01453660 0.03402441 0.01156179 0.01876432 0.01877711 0.02440374 0.02028150 0.01747559 0.02591496 0.01779100 0.02618414 0.01850940 0.01402846 0.03819645 0.01918832 0.00840716 0.01625987 0.02688361 0.02283108 0.01764480 0.03042945 0.02313657 0.02367148 0.04115878 0.01958723 0.01705456 0.04602200 0.03749779 0.04266618 0.03059570 0.03588495 0.02265073 0.03414153 0.02175086 0.02099852 0.02927572 0.01220483 0.01526399 0.01774030 0.02659387 0.01330586 0.02375586 0.03489233 0.02322341 0.01731223 0.02185169 0.02247559 0.02208843 0.01456857 0.02065947 0.02017184 0.03018422 0.04093832 0.01989340 0.01766670 0.02569103 0.04084307 0.01720078 0.02680275 0.04757746 0.02712203 0.03896356 0.01412588 0.02516239 0.04692670 0.01770169 
0.02275650 0.03163999 0.00000000 0.02071722 0.04250472 0.01452456 0.02354708 0.03204502 0.02724540 0.03394310 0.03039557 0.02684645 0.03987028 0.02480595 0.02384366 0.03311589 0.02376036 0.02355501 0.03017415 0.02268454 0.03588226 0.02359551 0.03560206 0.01249261 0.02788959 0.02694073 0.01625488 0.03100787 0.01826062 0.02913324 0.03376127 0.04131532 0.02362675 0.02862455 0.02442740 0.01733668 0.03001820 0.04223067 0.02908783 0.01385464 0.03123423 0.01360295 0.02906083 0.02960033 0.02669750 0.02737346 0.02127822 0.02361025 0.04217379 0.02387895 0.01944365 0.02584729 0.03079325 0.02126115 0.02683112 0.02650166 0.01633260 0.01458693 0.02054453 0.01443085 0.02682030 0.02997570 0.03162581 0.03069914 0.01471224 0.02449352 0.03196757 0.02890349 0.03605154 0.02196950 0.02483165 0.02308045 0.02539952 0.03071573 0.01881641 0.02406723 0.03336926 0.02476211 0.02408086 0.03893674 0.04458570 0.04135796 0.03139090 0.04899357 0.01697951 0.01478177 0.01846235 0.01724714 0.03212181 0.00794952 0.00827062 0.01022998 0.01733272 0.01816377 0.02161616 0.01985410 0.03087218 0.01982218 0.02632611 0.03497199 0.02548929 0.03635210 0.01989377 0.02461517 0.02930859 0.01791805 0.01427188 0.02672356 0.02651704 0.03709671 0.02273219 0.02565835 0.01784163 0.02666276 0.03002958 0.02186560 0.02449352 0.02623800 0.04366933 0.02028657 0.03414972 0.02526092 0.02223701 0.01244245 0.01984079 0.02725143 0.00697426 0.03752791 0.02873545 0.03971575 0.02770222 0.02092287 0.02404302 0.01986801 0.02439290 0.02753593 0.02555630 0.03566049 0.02103511 0.02572719 0.01946936 0.02244822 0.01496159 0.01885290 0.03398820 0.01720990 0.01901268 0.01619156 0.03631226 0.02459779 0.02189313 0.02088097 0.02199142 0.02031183 0.02826168 0.04122670 0.04227532 0.02923493 0.02627677 0.03180149 0.01882503 0.02297591 0.01423027 0.02374803 0.03786383 0.03179048 0.02723307 0.02565991 0.03113932 0.03167983 0.02633855 0.02140666 0.01584535 0.03691330 0.03867628 0.01336993 0.01559673 0.01992201 0.01787710 0.01860779 0.02035438 0.02219515 0.01683684 0.03031863 0.03529119 0.01451435 0.02934981 0.02672151 0.02725041 0.03506667 0.04578875 0.02290364 
0.02104188 0.03316934 0.02071722 0.00000000 0.02301402 0.02192159 0.03039328 0.05057538 0.02823130 0.03067058 0.03925147 0.03323624 0.03993571 0.02292343 0.04696925 0.04260743 0.02775668 0.03234684 0.03927542 0.03467476 0.03753902 0.02373972 0.04982584 0.05039142 0.01774967 0.02538433 0.04549948 0.01400877 0.02659762 0.01816529 0.02172582 0.03252316 0.01541046 0.04196204 0.02800232 0.02180530 0.02193094 0.01159564 0.02400307 0.03057214 0.02020955 0.01658481 0.01363693 0.03413840 0.02480838 0.02701282 0.02536750 0.03883755 0.02745763 0.03680471 0.02304438 0.03281573 0.03047508 0.03541295 0.02204048 0.01819745 0.01107905 0.02759241 0.02876127 0.03464871 0.02425564 0.01210348 0.04044095 0.02198276 0.02221937 0.02473066 0.01165331 0.02349470 0.03588485 0.02303459 0.03787543 0.02135994 0.03191220 0.02173946 0.02398591 0.04492334 0.02284329 0.02567261 0.02095904 0.00818404 0.01004990 0.01929737 0.02058108 0.01731323 0.03886758 0.04119158 0.01227667 0.03117432 0.02248943 0.01755584 0.03256137 0.03955886 0.01030965 0.03635738 0.03296048 0.03524558 0.01679726 0.02026705 0.02129297 0.02723409 0.01886832 0.01567663 0.01864496 0.02186283 0.03174297 0.02089586 0.02869322 0.02004693 0.02741214 0.02942399 0.01826544 0.02392561 0.01676089 0.02491020 0.02013642 0.01209416 0.02473066 0.00691722 0.02781522 0.01861182 0.02354201 0.01397571 0.01722974 0.04095661 0.01898770 0.03346802 0.04234683 0.01865350 0.02482623 0.04236522 0.01561443 0.02699846 0.01276531 0.03427338 0.02772746 0.02674977 0.01208337 0.02041340 0.03708913 0.02664324 0.03581546 0.03276957 0.03722400 0.04203897 0.02304268 0.02153352 0.02226319 0.02536206 0.03346327 0.02292158 0.02589710 0.03481177 0.03176333 0.03328062 0.02705154 0.01922569 0.02305495 0.01701780 0.01849213 0.01988803 0.03336606 0.02497763 0.02549246 0.03497743 0.02260212 0.01216388 0.01708980 0.01523140 0.00994770 0.02238216 0.02112543 0.02734105 0.04194507 0.01730289 0.01738097 0.01615276 0.03006045 0.04786668 0.02289044 0.01451141 0.01500667 0.03020592 0.03460347 0.01384138 0.01630123 0.01552681 0.02875054 0.01768960 0.01010432 0.01868968 0.03323241 0.01297738 
0.03222422 0.02689265 0.04250472 0.02301402 0.00000000 0.02433194 0.03401181 0.02393196 0.02685041 0.02848413 0.02427897 0.03479670 0.03347042 0.02939305 0.01822509 0.02511999 0.04201392 0.01945196 0.00439441 0.01680507 0.03358905 0.02722548 0.02702723 0.01943295 0.02585881 0.01466925 0.01017472 0.01989789 0.01787319 0.01807717 0.02117271 0.02808983 0.03635510 0.02985276 0.02319374 0.01466281 0.04107775 0.02186410 0.01841196 0.02008306 0.02121625 0.01952266 0.02018549 0.02084886 0.03957418 0.02147724 0.04540552 0.01584319 0.02334174 0.01825338 0.01738328 0.04257798 0.02750085 0.01895439 0.03215757 0.03672788 0.01569593 0.01532750 0.02379801 0.02524933 0.01669190 0.03542845 0.01546477 0.01674585 0.03128312 0.02427412 0.01852048 0.03836213 0.01947921 0.03476315 0.02586559 0.03475069 0.02935120 0.04150403 0.01907293 0.01977058 0.01270479 0.03118824 0.04671423 0.02733313 0.04057526 0.03243116 0.01472162 0.01640880 0.01797472 0.01458430 0.02221808 0.01634490 0.03134775 0.02389375 0.02344247 0.02299633 0.03807004 0.02658837 0.02279447 0.01637800 0.01925541 0.01395487 0.02466746 0.02773273 0.02832940 0.03307854 0.02031283 0.03001600 0.02553985 0.02399049 0.02060116 0.02918534 0.02035515 0.03995774 0.02613241 0.02474575 0.02429247 0.03374891 0.03393344 0.01534706 0.02427412 0.02389001 0.02192341 0.03933315 0.02569460 0.03067726 0.02200810 0.03029609 0.01777308 0.02063750 0.02866159 0.04919966 0.03056343 0.01775450 0.03516656 0.02882308 0.02243005 0.01643354 0.02411104 0.02391189 0.02347510 0.03102947 0.04272837 0.03186376 0.02498388 0.03125078 0.01155706 0.02650871 0.01849738 0.02318205 0.01683849 0.01217340 0.02536430 0.01841939 0.02756569 0.02138679 0.03486787 0.02667138 0.02876096 0.01579178 0.02637450 0.02975150 0.01663021 0.03265254 0.02466980 0.02059255 0.01830895 0.02861701 0.02440319 0.03748329 0.02344643 0.02454520 0.02572875 0.03444643 0.05215589 0.03105529 0.03594718 0.03788223 0.03432233 0.01337243 0.01941900 0.02388617 0.01639603 0.01930923 0.02565803 0.02499477 0.03545003 0.01668348 0.03556985 0.02309492 0.01988190 0.03141375 0.02434368 0.04393814 0.03018733 0.01875172 
0.02174926 0.03916424 0.01452456 0.02192159 0.02433194 0.00000000 0.02233896 0.02640778 0.03501151 0.04574918 0.01897328 0.05504849 0.02009127 0.02749476 0.02061482 0.02897521 0.02454802 0.02179470 0.02371767 0.02857883 0.03475475 0.01876324 0.01863102 0.02126178 0.02662747 0.02155345 0.04678055 0.02189812 0.02951341 0.01385600 0.03396846 0.03112482 0.03108921 0.01965753 0.01328339 0.01838535 0.02596775 0.01911206 0.01557882 0.03841331 0.02348464 0.00969976 0.01266766 0.01951247 0.03330531 0.00542407 0.01949388 0.03669796 0.04282363 0.01407869 0.01611370 0.01580639 0.02321711 0.02612658 0.02650429 0.02863337 0.04538239 0.02402598 0.02807113 0.03277518 0.03886322 0.01561367 0.02244167 0.02015746 0.03003459 0.02499175 0.03470439 0.02242856 0.04727231 0.02561817 0.02548298 0.02994065 0.01656077 0.01816345 0.02909777 0.02779892 0.03197749 0.00914822 0.01394427 0.01714403 0.01906150 0.01612685 0.02704509 0.01618501 0.04062690 0.01707263 0.02129177 0.01804747 0.04732213 0.03947254 0.01050385 0.04638742 0.01094364 0.02802737 0.02539650 0.01319915 0.03402709 0.02851465 0.03411976 0.01784057 0.02121015 0.03939041 0.02456285 0.02927534 0.01323466 0.02636324 0.02609690 0.02284600 0.02011351 0.02870991 0.02039000 0.02785449 0.02440427 0.03730564 0.01087489 0.04144894 0.02499175 0.02362005 0.00852028 0.04571516 0.01586187 0.03496889 0.02636258 0.02059354 0.02426753 0.03525261 0.00324410 0.02873977 0.01619896 0.02649490 0.03060614 0.02375899 0.03336460 0.05949614 0.03623995 0.02130955 0.03372212 0.03193387 0.01348392 0.03040623 0.02300509 0.02747044 0.02230913 0.02587810 0.03181539 0.03547990 0.02246248 0.02460039 0.02207414 0.03756706 0.03159561 0.01320579 0.03309687 0.01971079 0.03382855 0.03071241 0.03866364 0.03634571 0.01453725 0.01538832 0.02080806 0.04690967 0.01692892 0.04912122 0.02260246 0.04350581 0.01521675 0.02301588 0.03254461 0.01335518 0.02263649 0.01768659 0.01950274 0.00618245 0.01337990 0.03848967 0.01860185 0.01927644 0.02824841 0.03586671 0.01837414 0.01140403 0.01761904 0.03331499 0.02955238 0.02505688 0.02154160 0.02412886 0.02099308 0.03840384 0.02516546 0.01360755 
0.02372298 0.02781772 0.02354708 0.03039328 0.03401181 0.02233896 0.00000000 0.02749379 0.03087299 0.03091012 0.03778535 0.06041198 0.03874992 0.01651790 0.01987858 0.04728096 0.03211629 0.02461259 0.01309377 0.03347334 0.02752780 0.02236054 0.01772795 0.04160029 0.03020328 0.03448636 0.00887343 0.03207046 0.02062764 0.00861797 0.02710377 0.03760056 0.04725290 0.02189516 0.01174750 0.02394844 0.02825365 0.03771854 0.02655911 0.02732305 0.03127023 0.03447401 0.02172442 0.02772214 0.02995872 0.02324685 0.03781123 0.02892340 0.00959867 0.01974896 0.03685509 0.02931959 0.01392776 0.02462241 0.02195961 0.01874608 0.02487052 0.03679330 0.02348289 0.02842788 0.01290755 0.01859999 0.02043021 0.02361140 0.03260885 0.02481428 0.01545485 0.03001943 0.01170803 0.02070145 0.02808516 0.02362504 0.03108733 0.01932316 0.03718908 0.03466108 0.04614025 0.01621543 0.03211876 0.01378654 0.02298187 0.03187346 0.02710526 0.03369686 0.01367724 0.01309156 0.02728691 0.01864536 0.01405057 0.02307028 0.01678483 0.02936487 0.03046612 0.02365576 0.00716025 0.01483079 0.01353437 0.02646223 0.02433586 0.01780477 0.02080031 0.02185540 0.02885383 0.02407340 0.01898853 0.01493938 0.02755770 0.02149909 0.03198433 0.01427672 0.01810860 0.02615726 0.03055666 0.03824016 0.03233292 0.02555528 0.02481428 0.02260776 0.02861530 0.01428135 0.01720957 0.02263564 0.02589367 0.03386500 0.03583010 0.01950652 0.03240242 0.02019668 0.03217954 0.01001234 0.02569178 0.02688705 0.01907890 0.01781650 0.00994619 0.03368515 0.01341121 0.03237873 0.03976958 0.03369864 0.02751156 0.02599474 0.02079345 0.02089403 0.03062831 0.01515489 0.01973368 0.02122577 0.02081258 0.03447414 0.02002611 0.03804689 0.01562156 0.02443230 0.02570004 0.02970393 0.02883675 0.03447427 0.03343763 0.03373682 0.04074614 0.03060045 0.02564144 0.03300095 0.02826160 0.03865998 0.03298740 0.02649753 0.01330104 0.03958423 0.03450378 0.04248936 0.03468094 0.02746610 0.02668701 0.01522939 0.02299463 0.01946198 0.02327309 0.02702247 0.02182871 0.02959189 0.02004916 0.02590639 0.00975346 0.03055554 0.00892489 0.02311318 0.02065444 0.02230841 0.02792908 0.02416871 
0.02595241 0.05367997 0.03204502 0.05057538 0.02393196 0.02640778 0.02749379 0.00000000 0.02412034 0.02789493 0.04979221 0.04419948 0.04681478 0.01731844 0.03276244 0.02956796 0.04513429 0.02347707 0.02922537 0.03358557 0.03320210 0.02887346 0.03316881 0.03019956 0.02008996 0.03552000 0.03530377 0.01211372 0.02332540 0.02066942 0.03325995 0.03708809 0.02042598 0.02807494 0.02572197 0.02562347 0.03202841 0.03805352 0.02726452 0.01373266 0.01830264 0.02511960 0.03233512 0.02086427 0.01878493 0.01986003 0.01381507 0.02179515 0.04847436 0.03434104 0.02595070 0.04456822 0.03343615 0.01898465 0.02473633 0.01520770 0.02673281 0.02849064 0.01867599 0.01353286 0.02747762 0.02464094 0.02561958 0.01905863 0.01438961 0.02416446 0.02555449 0.03593249 0.03430222 0.02124120 0.03386835 0.02551293 0.02119208 0.03153511 0.02657900 0.02703700 0.01683936 0.03057677 0.03174216 0.02020037 0.02356653 0.02584393 0.03006490 0.01635740 0.01475054 0.02999245 0.03662641 0.00899457 0.03610711 0.01481777 0.01968799 0.01146935 0.01979215 0.03264157 0.03588797 0.02968433 0.02106300 0.01844473 0.01612034 0.02763631 0.01779179 0.02013041 0.02614378 0.02298255 0.03693229 0.01523388 0.01985271 0.01693109 0.02764749 0.02595695 0.02449741 0.02163904 0.02021247 0.01592851 0.03241496 0.02486707 0.02416446 0.01370120 0.02079451 0.01486641 0.02876521 0.02378476 0.02317705 0.03090704 0.02605931 0.02018834 0.02143461 0.01812746 0.01575262 0.03004507 0.01502840 0.01943266 0.01373987 0.01642295 0.02585348 0.02438714 0.02291282 0.02367103 0.01972445 0.02497915 0.04019019 0.01626299 0.02133816 0.03499949 0.01890072 0.03756444 0.03011203 0.02279088 0.02211456 0.03795189 0.01652573 0.02416776 0.03271436 0.04722608 0.03738858 0.03212210 0.02114986 0.02869801 0.01551123 0.02584123 0.01810329 0.02114818 0.02108234 0.02622571 0.03324837 0.02656349 0.02907480 0.03304744 0.03506432 0.02184348 0.01899646 0.02880750 0.01739287 0.03146970 0.02286450 0.01881699 0.02608506 0.02301881 0.02227929 0.03149023 0.02537855 0.02110660 0.02446781 0.02142063 0.01479148 0.01947582 0.02145286 0.03180179 0.02140849 0.02685707 0.04561505 0.01651098 
0.03778613 0.03758708 0.02724540 0.02823130 0.02685041 0.03501151 0.03087299 0.02412034 0.00000000 0.02297431 0.02863474 0.03753575 0.03195099 0.01958675 0.03700769 0.02554109 0.04091344 0.01909968 0.02876063 0.04551746 0.02395292 0.03204753 0.03130872 0.04529316 0.03620595 0.03072682 0.02764279 0.05309260 0.02788350 0.03140236 0.04331928 0.02925628 0.02269389 0.01970883 0.02594236 0.02273228 0.02495480 0.02027007 0.01827478 0.02802445 0.02355455 0.02028941 0.02200203 0.01861277 0.02189206 0.01740935 0.03010737 0.02217561 0.02324889 0.03096736 0.02075924 0.03233162 0.02758797 0.01819945 0.02733272 0.02144338 0.02260390 0.03012072 0.01995863 0.02752167 0.02294620 0.01830371 0.02281830 0.02308496 0.02661557 0.02858128 0.02536107 0.01923651 0.02407534 0.02570887 0.02266406 0.02376477 0.02412248 0.02287380 0.02428778 0.02312061 0.02189082 0.02371311 0.02446670 0.02081222 0.01978536 0.02944857 0.02067428 0.02784064 0.02225972 0.02460432 0.03511411 0.03247963 0.02157109 0.03286859 0.03303237 0.02198166 0.02856219 0.02193265 0.02631699 0.02277730 0.01779148 0.02639172 0.01867158 0.02287678 0.02549045 0.01824668 0.02163054 0.02609302 0.02175123 0.02451821 0.02952458 0.03832117 0.02102820 0.03527641 0.03636288 0.04192090 0.03598967 0.02707852 0.02696897 0.02496987 0.02858128 0.03053866 0.01779970 0.02319832 0.02143722 0.02321781 0.02187233 0.01847214 0.02421348 0.02703745 0.02072867 0.02170289 0.02934480 0.02491606 0.01966474 0.02135071 0.03319055 0.02512245 0.02780233 0.02655774 0.02956670 0.02876404 0.02175483 0.02042910 0.02313622 0.02345767 0.02531126 0.02202637 0.02052192 0.02222790 0.02889228 0.01969529 0.01988553 0.01990115 0.02333555 0.01881013 0.03113099 0.02035908 0.01867098 0.03442873 0.01754984 0.02195615 0.01965749 0.02296743 0.02241121 0.02554521 0.02216146 0.02673095 0.02126779 0.02377880 0.03056523 0.02368917 0.01938279 0.01902425 0.02801693 0.01961269 0.01902604 0.01969926 0.02135801 0.02590266 0.02150141 0.02411716 0.01776948 0.02728252 0.02391226 0.02312528 0.02080064 0.02402488 0.02167863 0.02539096 0.02215412 0.02208423 0.02086905 0.02011376 0.02531864 0.02495928 
0.02437188 0.02699143 0.03394310 0.03067058 0.02848413 0.04574918 0.03091012 0.02789493 0.02297431 0.00000000 0.02401744 0.02564600 0.02780163 0.03370253 0.02755783 0.02071281 0.01445323 0.01785522 0.03617314 0.02885063 0.03092847 0.02089859 0.02165543 0.01624479 0.03532624 0.01416334 0.02618886 0.01839085 0.03246874 0.01438283 0.02746770 0.03115110 0.03106977 0.02309315 0.03897051 0.01324337 0.01881822 0.01781643 0.01079295 0.03667578 0.02343860 0.01845982 0.00982299 0.02912395 0.02942284 0.03305054 0.02450614 0.03133645 0.03063220 0.01760414 0.01398648 0.02313735 0.03054126 0.01593619 0.02062170 0.03328075 0.02543397 0.02926082 0.01638316 0.04265233 0.02000255 0.01411703 0.05124587 0.02720667 0.03371684 0.02427446 0.02664104 0.03343446 0.02445610 0.02281916 0.03042304 0.04718144 0.02907271 0.02023640 0.02052121 0.04280566 0.02653136 0.01895699 0.02596614 0.02588627 0.02061969 0.04175703 0.02216708 0.02425097 0.02106339 0.03271186 0.02022416 0.03584155 0.03794099 0.02840082 0.03073061 0.04138123 0.01953011 0.02891683 0.01544287 0.02961732 0.02600232 0.02160458 0.01434513 0.01521411 0.02278506 0.01337093 0.02520701 0.02357076 0.02392675 0.02412351 0.04046722 0.02183390 0.02320673 0.02500514 0.02062117 0.02123138 0.02844348 0.03963171 0.03123584 0.02072398 0.02427446 0.02433907 0.01985270 0.04059501 0.01296099 0.02503056 0.02001032 0.03189805 0.01997346 0.02280264 0.01858357 0.03252606 0.02950671 0.03615753 0.02662238 0.02106306 0.02779969 0.04458373 0.02440517 0.02487956 0.01139239 0.02475705 0.02835913 0.02075901 0.02052594 0.02812163 0.03243904 0.02504410 0.02509351 0.01548374 0.02746878 0.01478381 0.02707214 0.02060142 0.03030442 0.02519899 0.02493575 0.02946446 0.01797652 0.02616121 0.02818453 0.03692066 0.01197787 0.02227951 0.02353293 0.03567980 0.02402489 0.02767512 0.03795918 0.03168279 0.02218726 0.01441398 0.02317317 0.02804792 0.04518189 0.01913469 0.01979703 0.01808241 0.03476343 0.02398587 0.02199446 0.01967961 0.02568929 0.02501086 0.01929445 0.03251154 0.02084912 0.02345550 0.01887849 0.02290262 0.02725370 0.02218711 0.02402249 0.03237036 0.02967766 0.02981484 
0.01345875 0.01532470 0.03039557 0.03925147 0.02427897 0.01897328 0.03778535 0.04979221 0.02863474 0.02401744 0.00000000 0.03244999 0.05157073 0.02754243 0.03811407 0.01746483 0.03618196 0.02487242 0.03575517 0.02794416 0.02739734 0.03535401 0.04288422 0.03790139 0.02575655 0.04685067 0.01705331 0.02184560 0.01654032 0.02642794 0.02925664 0.04846429 0.02146722 0.02409897 0.01960254 0.02908068 0.02499129 0.04486070 0.01832549 0.02584164 0.02102183 0.02088864 0.02102668 0.03111435 0.02416800 0.01916053 0.01790254 0.01828029 0.02871912 0.02685555 0.02658467 0.02621557 0.02460481 0.02301075 0.02862796 0.01396584 0.03555429 0.02649989 0.01822428 0.01985914 0.01413364 0.02381844 0.03652806 0.02932467 0.01675971 0.02469357 0.02499264 0.04283067 0.04519227 0.01988041 0.01548285 0.02738929 0.01853862 0.01980544 0.02698436 0.02707200 0.02485982 0.01583889 0.02761989 0.01183085 0.01717048 0.02071693 0.01875089 0.03152445 0.02936017 0.02779949 0.02357171 0.02742966 0.02160183 0.02630172 0.01809183 0.01470060 0.03424746 0.02162086 0.02742979 0.04935524 0.01195522 0.00869034 0.01203184 0.01821718 0.01822334 0.02175986 0.03027231 0.02747364 0.03234025 0.01805120 0.03024264 0.01743371 0.03861668 0.02931486 0.02751093 0.02344783 0.02660346 0.02619783 0.04047744 0.03467140 0.02469357 0.02702018 0.00841339 0.01682077 0.01727741 0.01917501 0.02299313 0.03085987 0.03774761 0.02862026 0.02039306 0.02148807 0.02775558 0.04025896 0.01967581 0.01473886 0.03044561 0.02413420 0.02012573 0.02296309 0.02481754 0.01819608 0.02904038 0.03437728 0.03469546 0.01396320 0.01756472 0.03112987 0.01663309 0.03105021 0.02110888 0.02127148 0.02749317 0.02178648 0.01218411 0.03287969 0.03337772 0.03935811 0.03192000 0.04393299 0.03355533 0.02453503 0.03972454 0.03351618 0.01744287 0.01096565 0.03211702 0.02574794 0.04093065 0.02081068 0.03014939 0.02964512 0.01846806 0.02799851 0.02272734 0.02063472 0.02120197 0.03093272 0.02331608 0.01902364 0.02817643 0.02043219 0.01927423 0.03624528 0.02218001 0.01493025 0.01878542 0.02130879 0.01883642 0.03289110 0.01380646 0.01406015 0.03651492 0.01740256 0.02771526 0.01253582 
0.03188822 0.05190922 0.02684645 0.03323624 0.03479670 0.05504849 0.06041198 0.04419948 0.03753575 0.02564600 0.03244999 0.00000000 0.02957674 0.02250179 0.02802958 0.03197706 0.02890521 0.02915980 0.02572715 0.02090605 0.01733184 0.03315871 0.01193828 0.03890287 0.03167106 0.01986335 0.01505711 0.04262040 0.03454221 0.01798402 0.04384128 0.04161769 0.02588370 0.04714422 0.02994488 0.04862617 0.04958728 0.03361144 0.01565514 0.02161251 0.02770053 0.01526850 0.02959949 0.01923223 0.01885556 0.02638831 0.02315502 0.02003939 0.02439956 0.02038867 0.01897710 0.01431244 0.01690799 0.01076763 0.02568514 0.01911913 0.03552562 0.01822403 0.01557417 0.01910497 0.01528143 0.00576226 0.01914017 0.01677195 0.02468240 0.02564835 0.02164911 0.03519729 0.01546767 0.02713589 0.01375261 0.00811301 0.01786047 0.02540693 0.02458426 0.01695950 0.03608066 0.01979620 0.03358164 0.01883183 0.01523207 0.02003641 0.02259183 0.01523990 0.01177869 0.02283981 0.03652794 0.03305601 0.02848104 0.03246199 0.02874222 0.01648065 0.02434069 0.01553551 0.02806104 0.01944087 0.02689953 0.03646405 0.03213412 0.03736254 0.02421083 0.01853676 0.03241359 0.02925138 0.01428392 0.01206887 0.01381510 0.02826403 0.03119537 0.02732950 0.02439883 0.03088545 0.03148200 0.01809742 0.01538799 0.01988223 0.02564835 0.02931882 0.02664367 0.00864418 0.03263111 0.03018703 0.01991988 0.01634564 0.02351607 0.01692316 0.02920227 0.02176832 0.04100703 0.00831947 0.01708240 0.03688862 0.02977493 0.02869686 0.02952710 0.01183937 0.03992202 0.02125836 0.02901800 0.05269914 0.01322484 0.03079664 0.01451906 0.02116804 0.03984607 0.03382979 0.01685327 0.00638800 0.03169065 0.05367902 0.00387311 0.02246512 0.03776818 0.03021381 0.03511436 0.02689308 0.04157748 0.03320031 0.02839167 0.02207551 0.01962422 0.02799610 0.00577056 0.02216771 0.02628833 0.03185928 0.02475137 0.01141715 0.02600704 0.03558195 0.02300094 0.03003652 0.02261134 0.03404233 0.02008174 0.01825389 0.01594708 0.01557608 0.01645335 0.04333094 0.01580064 0.02009918 0.01466789 0.01954940 0.01644380 0.02485503 0.03204061 0.03660562 0.03258846 0.01322404 0.02704796 0.01538834 
0.02591645 0.02710355 0.03987028 0.03993571 0.03347042 0.02009127 0.03874992 0.04681478 0.03195099 0.02780163 0.05157073 0.02957674 0.00000000 0.02030883 0.03189264 0.03281324 0.02811102 0.02282957 0.04634920 0.03341438 0.02973105 0.01831741 0.02693088 0.03426601 0.01757232 0.02822316 0.02649157 0.02279670 0.01684835 0.02711424 0.02317805 0.04396324 0.01677408 0.03256329 0.01774347 0.03003158 0.03055683 0.01866434 0.02562143 0.01947904 0.02156007 0.02425395 0.02067030 0.01931677 0.02191957 0.02828719 0.02929605 0.02607540 0.02478705 0.02635847 0.02756956 0.04980013 0.02489548 0.01448332 0.02451419 0.02008147 0.02620808 0.02625544 0.02686829 0.01915349 0.02658451 0.02275310 0.02273935 0.02129315 0.02481631 0.02505075 0.02766585 0.02806371 0.03601629 0.01931321 0.01952569 0.01934459 0.02599214 0.03279013 0.01895437 0.03437440 0.02337179 0.01728661 0.03222473 0.01252601 0.01784356 0.02821959 0.01704984 0.02742986 0.02299821 0.02260918 0.01342267 0.01752666 0.01308120 0.01601951 0.02435973 0.02251288 0.01465652 0.01885258 0.01804085 0.03758907 0.02751576 0.01731705 0.02389351 0.01626170 0.01805365 0.01672863 0.02220864 0.01521867 0.02886541 0.01740691 0.02110627 0.01959146 0.04148176 0.01917886 0.01699694 0.02561554 0.01937005 0.02823799 0.03584760 0.02210490 0.02505075 0.02711648 0.02508056 0.01534988 0.01543961 0.01487328 0.01675336 0.02885511 0.01853836 0.02321335 0.02638068 0.03438613 0.02762977 0.02175510 0.02408263 0.02930110 0.02024190 0.01815333 0.01955479 0.03670253 0.01668139 0.02705439 0.04125576 0.03367454 0.03675543 0.01384636 0.02655909 0.02911387 0.01638764 0.04830471 0.02208838 0.02631220 0.02165341 0.03314319 0.01621615 0.02860186 0.03054970 0.02847402 0.02716349 0.03078362 0.04058401 0.01555584 0.03174872 0.03584363 0.01560781 0.02626360 0.03177014 0.03087779 0.03736501 0.01921386 0.03220299 0.02041379 0.01407870 0.02528991 0.03156753 0.02586047 0.03515308 0.04194058 0.03364650 0.01572750 0.01683701 0.03544002 0.02191218 0.02274679 0.01897812 0.03541667 0.02397921 0.01747295 0.02452653 0.02695131 0.03506519 0.01896679 0.01903937 0.04242166 0.03217208 0.01568954 
0.02545662 0.02467280 0.02480595 0.02292343 0.02939305 0.02749476 0.01651790 0.01731844 0.01958675 0.03370253 0.02754243 0.02250179 0.02030883 0.00000000 0.02834855 0.02676843 0.01445089 0.02389315 0.03086275 0.02940278 0.02810903 0.03451486 0.03124860 0.02532317 0.02972516 0.02791153 0.03099111 0.01014832 0.02863244 0.02896780 0.02918384 0.03068426 0.03532597 0.04580899 0.02759505 0.03484059 0.02727240 0.01940909 0.03715380 0.02321289 0.03307968 0.02152214 0.01719840 0.01567955 0.03272293 0.02336944 0.01640421 0.03289081 0.02337387 0.02255620 0.00703578 0.01305843 0.02845253 0.01748249 0.02214755 0.02555023 0.01932411 0.01953257 0.02757274 0.01721195 0.02526119 0.02114780 0.02083681 0.02084616 0.02850869 0.02341790 0.02801440 0.02383517 0.02882268 0.02416155 0.02412133 0.03654010 0.02644422 0.02945910 0.02454196 0.02027516 0.02472958 0.02444533 0.02232305 0.02946960 0.01951574 0.04064508 0.04037287 0.03273425 0.03183008 0.02478313 0.02132156 0.03166212 0.03621312 0.03259166 0.02693292 0.01785075 0.01934735 0.01769463 0.01221764 0.02764385 0.03446533 0.02152173 0.02464193 0.01737938 0.02732166 0.01358025 0.02228467 0.03553134 0.02244549 0.02856844 0.02794693 0.02306389 0.03142401 0.03431225 0.02116568 0.01915237 0.02241863 0.02974737 0.02389673 0.04809783 0.02341790 0.03425424 0.02818338 0.03144181 0.02270628 0.03433950 0.03094651 0.01833607 0.02570725 0.01101142 0.01847949 0.03226426 0.00604056 0.03115198 0.02193953 0.01013930 0.02040153 0.02052799 0.02612115 0.02092711 0.02831245 0.02897893 0.02122023 0.02010059 0.02694191 0.03509915 0.03437163 0.02726935 0.02480208 0.02549223 0.02337789 0.02608177 0.04847992 0.01615829 0.01716348 0.02779136 0.02464024 0.01846510 0.01684454 0.02783106 0.03042481 0.03078427 0.03127819 0.02579505 0.02017258 0.02394760 0.03953369 0.03384472 0.02456358 0.03886001 0.02208700 0.03287643 0.03695902 0.02118412 0.02663799 0.03068283 0.01380523 0.02538350 0.02652766 0.02917660 0.03185686 0.04117194 0.03478327 0.02407248 0.03146440 0.02052785 0.02905821 0.02795699 0.02733197 0.02079644 0.02442623 0.03409428 0.01002591 0.02870250 0.01864999 0.03341147 
0.01199135 0.03682938 0.02384366 0.04696925 0.01822509 0.02061482 0.01987858 0.03276244 0.03700769 0.02755783 0.03811407 0.02802958 0.03189264 0.02834855 0.00000000 0.01936365 0.04449016 0.02258901 0.04166137 0.05110148 0.04141638 0.01542018 0.03827664 0.02105037 0.02792890 0.02959970 0.03540890 0.02081434 0.05144967 0.03062019 0.03427500 0.01251152 0.02257516 0.03156797 0.02756320 0.01762455 0.00810595 0.01337937 0.02614258 0.01694095 0.03127146 0.02373719 0.01277720 0.02787798 0.01608073 0.01859694 0.01112913 0.02232467 0.03044471 0.05059230 0.01554997 0.01175058 0.03053618 0.02178435 0.02082261 0.02303524 0.02585138 0.02931410 0.01556591 0.03009327 0.03479983 0.01208963 0.01834838 0.03402450 0.01649432 0.02532265 0.02278854 0.02310944 0.03014175 0.01778867 0.03890709 0.03535038 0.01788894 0.01884010 0.02690121 0.03105196 0.02578154 0.01125321 0.02668615 0.01726188 0.01902193 0.02354702 0.03959596 0.03475225 0.02907117 0.02086651 0.02369805 0.03028041 0.05408790 0.02949015 0.03833469 0.02979564 0.01060229 0.02339358 0.03323448 0.04120587 0.03041167 0.02402057 0.03717268 0.01525784 0.01775917 0.02082705 0.01737963 0.02362368 0.01992615 0.02162807 0.03345760 0.01882794 0.02781097 0.03508523 0.03071764 0.02834582 0.03035012 0.03238117 0.02151830 0.01777695 0.02532265 0.02574575 0.01429760 0.03063258 0.01415221 0.03462785 0.01974822 0.04271580 0.02677995 0.02418278 0.02850113 0.02700657 0.02529396 0.03088968 0.02343441 0.02517284 0.04236720 0.02584882 0.02626984 0.02609971 0.02509141 0.01825351 0.01877135 0.02131291 0.02655002 0.02741893 0.03168681 0.02146025 0.02391509 0.02261299 0.02552217 0.01903555 0.01894184 0.01600960 0.01908062 0.02624467 0.04445173 0.03062062 0.02306682 0.03155499 0.01395014 0.01950742 0.00733230 0.01744029 0.03022939 0.01862108 0.02498705 0.01620815 0.02594665 0.01764171 0.01066505 0.00857852 0.01639803 0.01050310 0.02139816 0.01437658 0.01628703 0.02265937 0.02030814 0.02632168 0.04509261 0.02943212 0.03340963 0.02302241 0.01601186 0.03597097 0.04828464 0.02260112 0.03472597 0.02823930 0.03081357 0.01839940 0.02627493 0.02053817 0.03826282 0.01733123 
0.02412331 0.03296278 0.03311589 0.04260743 0.02511999 0.02897521 0.04728096 0.02956796 0.02554109 0.02071281 0.01746483 0.03197706 0.03281324 0.02676843 0.01936365 0.00000000 0.03789431 0.02978366 0.02889963 0.02499790 0.04223807 0.01841981 0.03121544 0.04598028 0.01891817 0.02482971 0.04046640 0.02235321 0.02184555 0.01980741 0.02186195 0.02487594 0.02139252 0.03346344 0.01819684 0.01650437 0.01471966 0.02656336 0.03034211 0.01687578 0.03531430 0.00991835 0.02266426 0.02739620 0.02195767 0.02018318 0.02850194 0.02377572 0.02016678 0.01583923 0.04232861 0.04350340 0.02072465 0.03109336 0.02123231 0.02690677 0.02399704 0.03510532 0.02538011 0.02220157 0.02144443 0.03882581 0.02037203 0.02019660 0.01776672 0.02409605 0.03625729 0.02292224 0.02028770 0.03355601 0.02901272 0.02399599 0.04496465 0.02746677 0.03693806 0.03276993 0.03360669 0.03345611 0.01890532 0.02789304 0.01646836 0.02301977 0.02733957 0.01599200 0.01639068 0.05020236 0.01874937 0.03376638 0.01615196 0.01510213 0.01912933 0.02512272 0.02018637 0.03067682 0.01936836 0.01571202 0.02484211 0.02933541 0.02957779 0.02569724 0.01935748 0.03311696 0.01410506 0.02279796 0.01777652 0.03001536 0.02273010 0.02001932 0.03919055 0.03335795 0.01671129 0.02287107 0.01640205 0.03000584 0.02537913 0.01969778 0.02409605 0.01988554 0.02299183 0.01704722 0.02156669 0.02572806 0.01921147 0.02454967 0.02522111 0.03377902 0.02978983 0.01785891 0.01734297 0.01558484 0.03004273 0.02056595 0.00838020 0.02959466 0.02417557 0.03158857 0.02949910 0.02173101 0.03155144 0.04235793 0.02922631 0.02070773 0.02524402 0.02143576 0.03758389 0.03155929 0.01015421 0.02000582 0.02106430 0.01645718 0.01711844 0.01773612 0.02597096 0.02476857 0.03646698 0.02466569 0.03501801 0.01750800 0.01893541 0.02531955 0.04315229 0.02757564 0.02422819 0.03413717 0.02051829 0.02751403 0.03605952 0.02464333 0.02243185 0.02767210 0.02534257 0.03667545 0.01981785 0.02627125 0.02439311 0.02788635 0.02028635 0.02039948 0.02595439 0.02419006 0.02852085 0.04127786 0.01609801 0.03271724 0.01803991 0.02524308 0.02564497 0.03412636 0.01569546 0.02607643 0.03114456 0.02637288 
0.01776577 0.03053339 0.02376036 0.02775668 0.04201392 0.02454802 0.03211629 0.04513429 0.04091344 0.01445323 0.03618196 0.02890521 0.02811102 0.01445089 0.04449016 0.03789431 0.00000000 0.02535069 0.02992146 0.01791298 0.04546759 0.01734209 0.03500557 0.02933726 0.03578692 0.05462751 0.02464454 0.02340830 0.02120896 0.02880297 0.02397487 0.02789899 0.02073343 0.03600723 0.01172692 0.02386427 0.01651468 0.04085395 0.03650108 0.03198791 0.02441608 0.02995831 0.02401517 0.01491565 0.02031765 0.01672802 0.01503816 0.02525716 0.02779074 0.03848094 0.02840911 0.03372108 0.01935049 0.01988359 0.03160680 0.01109767 0.01826667 0.01654281 0.01129063 0.01430967 0.03554434 0.02616441 0.01310224 0.02849143 0.02957315 0.02581554 0.03170756 0.01615245 0.01758417 0.01828956 0.05531192 0.02234177 0.03007019 0.04734627 0.03196487 0.01728300 0.01550060 0.02755323 0.03072148 0.01918194 0.02060794 0.02372714 0.03022168 0.02590141 0.01736027 0.01453007 0.02522091 0.00878018 0.02309359 0.02560715 0.01728294 0.01531389 0.01681463 0.02262418 0.03248967 0.02571134 0.02408152 0.01342878 0.02866659 0.01976305 0.01912389 0.01200554 0.02985638 0.03013956 0.01154570 0.01849003 0.01031434 0.02214460 0.03170104 0.04544681 0.01870245 0.03188523 0.03683265 0.02137834 0.02339002 0.00854125 0.02581554 0.02956784 0.01814507 0.01489504 0.02158457 0.03424292 0.03304459 0.04372092 0.03149061 0.03464841 0.01244910 0.02470454 0.01939565 0.01571353 0.01424092 0.02497588 0.02942738 0.01269227 0.02434891 0.01440582 0.03309976 0.01396394 0.02003568 0.02969056 0.02068530 0.01649557 0.01721376 0.02235461 0.04138650 0.02355273 0.02508982 0.02298472 0.02184968 0.03514806 0.02132225 0.03362768 0.03425155 0.03708571 0.03741093 0.02673654 0.02846446 0.01704027 0.02972032 0.02745052 0.04811538 0.01613764 0.02651750 0.02892924 0.01707510 0.01726277 0.02425319 0.03955442 0.03148751 0.03851654 0.01480853 0.04134067 0.02046981 0.04627247 0.01946078 0.03315769 0.03414146 0.02979414 0.02016159 0.02661632 0.01698200 0.01692895 0.04425683 0.02732649 0.01745910 0.03219555 0.02000014 0.01302523 0.02353093 0.00606687 0.03968543 0.01896833 
0.01825748 0.01140342 0.02355501 0.03234684 0.01945196 0.02179470 0.02461259 0.02347707 0.01909968 0.01785522 0.02487242 0.02915980 0.02282957 0.02389315 0.02258901 0.02978366 0.02535069 0.00000000 0.03887808 0.02718817 0.02541422 0.04972211 0.03073105 0.02192631 0.02066661 0.03207511 0.02420277 0.02491397 0.03431528 0.03040679 0.01723795 0.03474476 0.01269622 0.02564091 0.02369776 0.03834112 0.02753660 0.02723156 0.03500603 0.02568539 0.02822190 0.03694481 0.03239842 0.03321226 0.02500665 0.04791502 0.01679301 0.01997380 0.01540308 0.02066928 0.02973396 0.02085797 0.02735295 0.03404852 0.01971511 0.01662818 0.02557172 0.03473709 0.01977533 0.01313553 0.03972004 0.01078374 0.02160822 0.03200200 0.01701647 0.02422681 0.02579698 0.03103517 0.02561554 0.01780499 0.02330342 0.01262656 0.02277044 0.02283470 0.02098208 0.02518115 0.02686747 0.02147853 0.01627773 0.02126757 0.01884995 0.01279872 0.02158155 0.02984079 0.04187657 0.02136050 0.02998648 0.01635145 0.01526284 0.02154026 0.02870345 0.02324240 0.02705312 0.03157690 0.02290077 0.03663963 0.02157431 0.03943935 0.02998493 0.03617595 0.02497866 0.02567882 0.01403575 0.03183097 0.02682329 0.02715793 0.03070914 0.02470591 0.03567941 0.01278592 0.02737007 0.02237598 0.02519075 0.01355099 0.02618750 0.02849790 0.02422681 0.02774241 0.03866064 0.02476949 0.03133359 0.02297483 0.05210172 0.01151984 0.03137377 0.02970838 0.02882478 0.01805892 0.02669672 0.02650064 0.01337221 0.02296404 0.03267725 0.03307101 0.02607296 0.02890847 0.02410972 0.02646078 0.01889240 0.02219491 0.03006548 0.02422976 0.02984320 0.02231004 0.02873017 0.03884263 0.03765294 0.03339837 0.03181778 0.01991662 0.03073926 0.03613829 0.02350603 0.02366855 0.02502030 0.03973152 0.02117901 0.02608865 0.02010489 0.03730066 0.01708246 0.02254162 0.01582870 0.02176114 0.02190124 0.02893410 0.02802623 0.05431422 0.02404628 0.01507416 0.02005698 0.02963947 0.02635031 0.02121462 0.02357965 0.02634904 0.03948776 0.01968530 0.02364911 0.03318817 0.03489816 0.02718512 0.00928619 0.03327121 0.02583141 0.01846775 0.02474631 0.02257717 0.02595447 0.01905713 0.01194760 0.02497619 
