0.00000000 0.70360015 0.49333794 0.53558403 0.34877756 0.33914009 0.37034387 0.27711690 0.26683533 0.34525138 0.25415291 0.23013519 0.19714405 0.25509446 0.23521796 0.26612930 0.27975941 0.24155675 0.23117270 0.30062225 0.24878838 0.27222497 0.16307349 0.19483435 0.21402931 0.24299735 0.20316115 0.25169019 0.28713326 0.29715754 0.19105902 0.28553538 0.23861628 0.24670642 0.23432187 0.21308562 0.22312322 0.22730465 0.22271328 0.22045074 0.26710759 0.23627387 0.27784780 0.21075923 0.27570008 0.20849801 0.22685603 0.23350412 0.24961178 0.31069561 0.26150751 0.21999665 0.27523149 0.22280873 0.23165081 0.23803952 0.21787552 0.15871729 0.19380832 0.24829965 0.23603823 0.31630642 0.27657363 0.27869841 0.22078671 0.26617136 0.26390491 0.26338731 0.29384830 0.24737056 0.23620521 0.31613578 0.22994327 0.23521586 0.25174521 0.18091187 0.30650328 0.18267040 0.19208342 0.28698013 0.20989857 0.23561234 0.22898742 0.21361362 0.18696806 0.19308701 0.28321121 0.28014771 0.22039724 0.23064582 0.25897879 0.18911322 0.22643875 0.23361112 0.21434857 0.22821865 0.24067133 0.20280350 0.24255656 0.27210666 0.22917211 0.23428280 0.24338867 0.18295376 0.20583069 0.22320944 0.20279835 0.22466830 0.17313646 0.18620913 0.20996510 0.19582726 0.22022200 0.23267302 0.17308259 0.21877793 0.15708304 0.20402894 0.16161490 0.24978841 0.19297441 0.22603010 0.21019436 0.21306364 0.19065698 0.17698842 0.19521977 0.21102219 0.27851439 0.22793066 0.25465575 0.27568996 0.27423132 0.21763723 0.29203295 0.26071889 0.26604595 0.22200627 0.22597076 0.19871532 0.23905572 0.17641168 0.23050587 0.26556501 0.25528825 0.20036263 0.24184863 0.24738258 0.21304334 0.21817927 0.23592055 0.26733373 0.23846297 0.22448756 0.19511630 0.23392243 0.21713870 0.19307128 0.22325247 0.23170643 0.21767865 0.22461612 0.23905600 0.21813492 0.22179616 0.19502605 0.17692936 0.23212803 0.26890036 0.21378468 0.23012558 0.19255177 0.23040785 0.23781860 0.19989088 0.18668216 0.23332004 0.21780193 0.23492668 0.21240076 0.21453778 0.26271772 0.24157243 0.20337159 0.21127302 0.20417786 0.21520279 0.19971829 0.21883931 0.23810379 0.20427669 0.23087429 
0.70360015 0.00000000 0.68077774 0.78265352 0.42461990 0.43816333 0.57736726 0.40669981 0.34657504 0.37676376 0.42072642 0.29497770 0.18903355 0.35310038 0.28510981 0.23005848 0.25584159 0.34016248 0.27755032 0.19963763 0.27398404 0.23450999 0.23005089 0.20061250 0.25741333 0.26199590 0.19860526 0.25178277 0.23310594 0.26429346 0.25748949 0.19880409 0.27782488 0.26745494 0.26476014 0.19951857 0.20968933 0.23790996 0.26567571 0.24919829 0.20189366 0.26482077 0.31652289 0.20635502 0.23487442 0.18664219 0.25191861 0.20180957 0.18611617 0.30365564 0.20964851 0.25761442 0.22859839 0.19802238 0.20251239 0.21011159 0.31956659 0.16181189 0.21466709 0.25302687 0.20086623 0.27155958 0.28050920 0.24605330 0.17039042 0.16772591 0.30235738 0.23652946 0.25204873 0.20220398 0.20312724 0.25353680 0.19555311 0.15356332 0.16998011 0.21014844 0.25327077 0.22041439 0.15579341 0.20744328 0.26624692 0.22370147 0.19476479 0.20247677 0.21105221 0.21689237 0.31713071 0.24124581 0.28673031 0.23561094 0.28062538 0.17396072 0.22581477 0.20416254 0.21558162 0.20691082 0.23144682 0.28965050 0.28704376 0.33392019 0.32392919 0.24512515 0.24556148 0.24454302 0.19831373 0.18017501 0.20796257 0.25190485 0.17036183 0.21105680 0.15779629 0.19093007 0.15239700 0.19690666 0.18243041 0.11734313 0.21260808 0.20497338 0.20342956 0.18333587 0.19831085 0.22709669 0.15592805 0.20790864 0.24423911 0.17281385 0.21207871 0.19420204 0.21735404 0.14526434 0.22842394 0.26107486 0.20877110 0.24671696 0.24660898 0.22711575 0.22597022 0.24357632 0.29473096 0.17689201 0.22661341 0.15543370 0.28234773 0.24098340 0.18417514 0.15093003 0.22604302 0.20980944 0.29052868 0.21282844 0.31647475 0.14402429 0.20346098 0.27192884 0.16603018 0.19784176 0.19048748 0.19227286 0.21103138 0.22963144 0.23983612 0.15964008 0.21324716 0.12614544 0.22401762 0.18306145 0.21903096 0.24326926 0.21365764 0.22594917 0.27897248 0.19367989 0.21377851 0.19841393 0.24958856 0.19194898 0.17203954 0.23193622 0.18094303 0.18178954 0.21645629 0.22429834 0.21729343 0.23332370 0.22544188 0.22058590 0.24056695 0.21487337 0.19744486 0.20592892 0.20428869 0.20956982 
0.49333794 0.68077774 0.00000000 0.59305772 0.51915034 0.48572645 0.46053391 0.30546931 0.33168897 0.31507883 0.39473482 0.25448125 0.22238836 0.34041025 0.28236838 0.29913174 0.22602555 0.25012063 0.34784860 0.24410177 0.19589723 0.19117478 0.31190192 0.20174144 0.25403989 0.28626224 0.20534361 0.24886360 0.27595610 0.25428839 0.28535415 0.21826689 0.31547991 0.25955131 0.23860682 0.22028932 0.26181895 0.20855382 0.19317835 0.16870368 0.14033705 0.14224062 0.22813369 0.19062250 0.32627238 0.19609741 0.26721195 0.21265326 0.26036738 0.18826545 0.19590526 0.25040353 0.24821911 0.25068989 0.21368685 0.20946576 0.22590313 0.17111772 0.20611854 0.22099778 0.28148022 0.19247825 0.27247154 0.21746354 0.25119863 0.23171642 0.25058312 0.38440606 0.26889767 0.15817822 0.17736828 0.26781472 0.16425534 0.14304170 0.21786794 0.18760620 0.26848921 0.25020801 0.22030475 0.17519281 0.20142789 0.31333964 0.24697461 0.24284691 0.29945509 0.14786747 0.25750900 0.22871876 0.23033656 0.22215877 0.31741433 0.18858098 0.22186982 0.22831237 0.22659742 0.21481243 0.22811774 0.22839570 0.24380286 0.26058431 0.24656397 0.31403235 0.24928483 0.21969042 0.20643744 0.21313943 0.28083360 0.20632559 0.18333756 0.18115406 0.18586316 0.25477871 0.20255196 0.22092508 0.16452209 0.21491300 0.24948208 0.19297204 0.16534926 0.25066712 0.23231582 0.19268641 0.14742555 0.20961155 0.21601835 0.27414737 0.24443205 0.16503379 0.23397911 0.18096852 0.25700824 0.24726197 0.21998938 0.23464114 0.25969210 0.16409456 0.25499566 0.21677617 0.16264579 0.24839282 0.25100489 0.14194515 0.25253009 0.18956140 0.27440400 0.21901868 0.26022185 0.29327340 0.18294680 0.25705820 0.27578082 0.27595401 0.20619448 0.26931453 0.18836455 0.22377466 0.15430506 0.23038414 0.27325458 0.22749101 0.13662623 0.25915230 0.29986266 0.13968056 0.30874291 0.19082872 0.22922182 0.19837438 0.20530295 0.18135017 0.18621332 0.13661222 0.19159136 0.24956039 0.21852475 0.22794663 0.24625039 0.20643103 0.22506337 0.20341406 0.20942256 0.27013844 0.22796539 0.20593593 0.21628250 0.21109001 0.20030931 0.22490555 0.23793606 0.22886633 0.21060709 0.22727913 
0.53558403 0.78265352 0.59305772 0.00000000 0.57118344 0.48465234 0.79162019 0.60509818 0.34577285 0.35914707 0.37048962 0.21383938 0.28830620 0.25462920 0.37817273 0.25108647 0.33211431 0.23987606 0.17416588 0.18915415 0.18098438 0.21733851 0.22792183 0.24655193 0.24655820 0.26145169 0.16733835 0.28321838 0.15677741 0.30510096 0.18721644 0.20271087 0.22525508 0.28086601 0.48206149 0.29885751 0.23435788 0.24418982 0.19564977 0.19531082 0.20550768 0.24689822 0.29676832 0.22585575 0.23962284 0.18032446 0.24139163 0.19608885 0.30445231 0.27205341 0.31349561 0.10377153 0.21829217 0.21383251 0.22179024 0.16311500 0.22006680 0.30502130 0.19950927 0.16716949 0.26580609 0.23638519 0.21921071 0.29234830 0.26594082 0.29657722 0.28153166 0.20568753 0.40188188 0.16945815 0.26258131 0.17736653 0.19048763 0.19851064 0.19745366 0.15363653 0.26416067 0.19080957 0.29292744 0.21258588 0.15553540 0.27471370 0.28686426 0.22821185 0.19073326 0.22593878 0.22220664 0.23923118 0.12305023 0.23591164 0.28092683 0.22249437 0.20097337 0.21868344 0.29611867 0.21704721 0.24765135 0.22054486 0.26856815 0.23721377 0.26809350 0.23874224 0.28128254 0.24729319 0.21958471 0.19357163 0.24961435 0.20746303 0.26040626 0.19966813 0.19908767 0.21956408 0.12834783 0.22350972 0.16659551 0.21516427 0.16107267 0.14870752 0.35455870 0.16546443 0.25886797 0.23861102 0.21136384 0.18585166 0.19962499 0.17724880 0.30266091 0.16907102 0.23288868 0.23888252 0.22567052 0.21184998 0.15348448 0.26150132 0.22200425 0.27080418 0.20372737 0.20947363 0.18433301 0.23320606 0.17850209 0.11638483 0.17612934 0.22494166 0.21334948 0.07961312 0.18591119 0.26161760 0.22123774 0.28215077 0.26179647 0.22994368 0.33758445 0.28424728 0.24218420 0.26804423 0.20821794 0.26795513 0.22623633 0.24579082 0.17354711 0.29831607 0.20762460 0.17165164 0.24321321 0.15550203 0.20452276 0.18140338 0.15392406 0.15832507 0.28728801 0.14241689 0.18412990 0.19151598 0.17507614 0.19406060 0.18274837 0.18435945 0.19042099 0.17822114 0.21236295 0.19915545 0.24105165 0.18456147 0.18731249 0.21176592 0.17186952 0.19858337 0.19114257 0.16634918 0.17914334 0.20403823 
0.34877756 0.42461990 0.51915034 0.57118344 0.00000000 0.58878071 0.63941928 0.58961018 0.58427843 0.24600875 0.28482931 0.37885913 0.21599080 0.24191618 0.30397066 0.19464801 0.17887813 0.19901142 0.33947233 0.24050400 0.23727804 0.24009373 0.18560209 0.23796091 0.24177877 0.18904385 0.27834771 0.31026702 0.24756001 0.25735889 1.07623437 0.37748848 0.22260633 0.22804168 0.45642190 0.31752461 0.30185199 0.28176377 0.16464231 0.26948668 0.20412743 0.20542003 0.28207922 0.23922250 0.22568487 0.22242499 0.19129925 0.28219552 0.22838228 0.31978120 0.24300738 0.26418922 0.23085722 0.17373971 0.20606405 0.13543380 0.19082152 0.21093732 0.19084758 0.23510319 0.23472836 0.21244080 0.27524927 0.21705171 0.19751642 0.21224212 0.21479697 0.26780447 0.16926959 0.30126339 0.14217338 0.16572039 0.14905858 0.15075734 0.19760044 0.24148577 0.32906740 0.11098473 0.13319804 0.14574453 0.20675326 0.19753704 0.16098355 0.22134899 0.24185189 0.17772883 0.21240630 0.19011456 0.17575212 0.20420113 0.21180313 0.18376252 0.26412863 0.21096156 0.15971458 0.17947248 0.26918104 0.31693334 0.17576661 0.21983059 0.22023581 0.24334460 0.25289025 0.17229988 0.27326421 0.15219768 0.15044810 0.25559132 0.17380680 0.16978161 0.20423642 0.15534060 0.15489050 0.18206240 0.25412390 0.19642961 0.24593325 0.23444827 0.13297913 0.33341614 0.18706842 0.26301114 0.22933532 0.23968558 0.24229877 0.28751080 0.23966904 0.18680106 0.27509330 0.18682853 0.29186563 0.21702237 0.16956817 0.22182024 0.26493172 0.17140944 0.17901417 0.19702013 0.26117102 0.22822532 0.23040631 0.10809395 0.26722903 0.25068565 0.26110714 0.28242682 0.21265988 0.27309411 0.20158894 0.23685299 0.30427929 0.23673045 0.24635527 0.19550852 0.25333545 0.19576761 0.19591941 0.23179118 0.23422800 0.19600228 0.18475784 0.21722942 0.15390759 0.17994951 0.20176536 0.29357144 0.24108679 0.18589524 0.19889676 0.22398791 0.20714710 0.19420092 0.22106409 0.13143558 0.24143892 0.22349780 0.19349272 0.19601480 0.18611853 0.18998287 0.22883810 0.24171152 0.19912365 0.21815599 0.22506153 0.20481672 0.22392032 0.20698041 0.21050113 0.22385069 0.21330462 0.22715005 
0.33914009 0.43816333 0.48572645 0.48465234 0.58878071 0.00000000 0.54135825 0.45253595 0.46450858 0.60637175 0.27171040 0.25458674 0.38902695 0.34885514 0.18885571 0.21418643 0.40047390 0.23411153 0.27030297 0.21941202 0.30892711 0.28217653 0.21489961 0.15197271 0.22444812 0.24068489 0.19262768 0.32366851 0.25304186 0.17530927 0.19202587 0.14648627 0.33379451 0.20294607 0.43284127 0.30344752 0.42125987 0.26350906 0.26281788 0.28058171 0.27164638 0.15627381 0.22453270 0.31818258 0.22567017 0.22900791 0.24735511 0.24370909 0.25779457 0.32471402 0.30196769 0.15909842 0.33095986 0.28862356 0.19226393 0.18793630 0.26125360 0.17173343 0.35395913 0.31096391 0.23715751 0.23033647 0.17961121 0.25178120 0.25697021 0.16801352 0.30643578 0.23988442 0.21899740 0.17912063 0.40397727 0.16446957 0.08621752 0.24372743 0.22086994 0.22074132 0.24794246 0.18699308 0.17279489 0.18410616 0.26729586 0.27153152 0.20194773 0.18791139 0.20638066 0.18904508 0.31672555 0.20238503 0.22065288 0.26141707 0.19356346 0.23397473 0.26584259 0.21792024 0.32366103 0.21979972 0.23503695 0.29328460 0.21848039 0.21917687 0.24469312 0.24495095 0.27528214 0.08213536 0.17586978 0.21034979 0.25326386 0.22369958 0.26365442 0.24598798 0.18515161 0.24862792 0.22865404 0.18062917 0.19012856 0.22776469 0.24784453 0.23787290 0.17655884 0.27492742 0.28138568 0.17959032 0.09537723 0.24152530 0.22239625 0.20101748 0.09274037 0.21339798 0.26317981 0.08203627 0.21698102 0.24428998 0.18104388 0.22061409 0.16777055 0.23969763 0.22820067 0.22239786 0.19874691 0.25874746 0.19291047 0.24222439 0.27405003 0.19005250 0.23357497 0.18777244 0.19630522 0.23955338 0.21024373 0.31079220 0.21425885 0.16733880 0.27686266 0.25066539 0.23355475 0.18357114 0.29444768 0.22953342 0.25122014 0.19937563 0.13995781 0.32132128 0.23689415 0.14878173 0.24078557 0.19342919 0.30104607 0.19701142 0.21380681 0.21447893 0.17725646 0.16515497 0.21474097 0.20833603 0.19873522 0.17716922 0.21227708 0.22094114 0.17500463 0.17969799 0.24515078 0.18465177 0.18304866 0.19460135 0.18336151 0.21026598 0.23005419 0.18786753 0.18493871 0.19433449 0.16696036 0.20345197 
0.37034387 0.57736726 0.46053391 0.79162019 0.63941928 0.54135825 0.00000000 0.78072535 0.67902540 0.71794107 0.81929220 0.26171739 0.29499938 0.74575197 0.34898177 0.31768973 0.26782375 0.42636525 0.23054947 0.22155400 0.24913125 0.20078093 0.22770985 0.15837977 0.22552859 0.35476452 0.30805880 0.26557699 0.24339072 0.25556800 0.22023438 0.23960167 0.27201599 0.28139523 0.21908032 0.27233685 0.25743972 0.27384477 0.16166513 0.21407555 0.21673704 0.16204706 0.18033187 0.30699256 0.26559000 0.18158777 0.22138821 0.24242806 0.19034917 0.23144018 0.18686406 0.21565458 0.21723200 0.21529215 0.13185955 0.14974915 0.21592542 0.13277345 0.21137708 0.26114798 0.16227180 0.16053214 0.24529173 0.23716584 0.18808029 0.27659577 0.22020279 0.18227183 0.16656043 0.19838143 0.22840352 0.34918614 0.21453202 0.23610858 0.23998399 0.11489083 0.32956538 0.25134519 0.17057602 0.26051938 0.22420788 0.37994785 0.15549123 0.21717932 0.27209979 0.24124477 0.26549939 0.19099265 0.23924513 0.14566498 0.31570223 0.13667595 0.26650010 0.24119916 0.25966227 0.14413422 0.30894730 0.19377021 0.16905965 0.22907907 0.26689531 0.29013445 0.23273826 0.14192032 0.20881705 0.18860569 0.23581801 0.20862654 0.21228158 0.20614344 0.09935173 0.29970361 0.19549213 0.20045022 0.20017887 0.12681930 0.20619094 0.20523377 0.10820095 0.28431574 0.15319662 0.35406821 0.18953632 0.16569788 0.21100906 0.19876239 0.25472083 0.18878656 0.22245202 0.13770315 0.22529612 0.21121977 0.15178431 0.20048183 0.20846664 0.17905054 0.19773656 0.17293341 0.27088349 0.21457641 0.25652881 0.24490622 0.14355017 0.12179072 0.15350350 0.18620257 0.23983095 0.30410431 0.15979965 0.15390717 0.27342689 0.18695988 0.27791674 0.28651827 0.20415077 0.22311662 0.13878033 0.16959868 0.22491208 0.22431773 0.14158086 0.17490655 0.29152967 0.14027543 0.25507450 0.19104760 0.22311281 0.27755010 0.12422551 0.27640593 0.24744710 0.16266687 0.13291763 0.13383792 0.19104572 0.17019330 0.18308691 0.19997799 0.22039182 0.18790680 0.24219146 0.14732480 0.22894246 0.16171013 0.18404130 0.19209733 0.18500338 0.20030009 0.20330181 0.17018167 0.16899449 0.20149436 
0.27711690 0.40669981 0.30546931 0.60509818 0.58961018 0.45253595 0.78072535 0.00000000 0.83932731 0.30752708 0.71728347 0.54265050 0.26385654 0.29699147 0.39760545 0.34753999 0.22834821 0.29989031 0.27186296 0.20854923 0.17443066 0.25083342 0.23072472 0.16476069 0.20805799 0.32798612 1.91333690 0.16087825 0.26499695 0.96298016 0.90273468 0.21635663 0.19667668 0.20659792 0.27906247 0.22494371 0.22090590 0.19716408 0.49603912 0.21367677 0.23652776 0.23971216 0.12845931 0.14399942 0.20001502 0.19874801 0.18748009 0.25592503 0.26164233 0.15396415 0.28049725 0.15946717 0.17517524 0.18344072 0.17547654 0.20645135 0.18509856 0.08128009 0.17289189 0.20482282 0.14864744 0.20344842 0.16793906 0.26976434 0.24170581 0.24144329 0.17395559 0.28302398 0.20066392 0.21346240 0.24832969 0.21049368 0.36144713 0.21274918 0.23617277 0.11977510 0.16073278 0.25548500 0.19797096 0.13181771 0.07696381 0.17329871 0.20766923 0.19210030 0.18917693 0.27637190 0.26913096 0.21336801 0.21763169 0.16181845 0.15957639 0.15965616 0.20966957 0.24698755 0.26077915 0.18709888 0.18004711 0.18883434 0.18503750 0.21542523 0.18117417 0.22897409 0.26116381 0.21197946 0.20199706 0.24843388 0.14549659 0.16432369 0.19274136 0.19581490 0.15746828 0.23648616 0.09252924 0.15135875 0.14990865 0.16128060 0.22707644 0.11757231 0.21541285 0.20301360 0.15725734 0.17782646 0.37156321 0.25643701 0.22178387 0.17668648 0.23774181 0.17818447 0.23577671 0.21414108 0.13810014 0.17834386 0.20921749 0.25125069 0.19037411 0.18682505 0.26481379 0.17916669 0.17180509 0.21242049 0.21278593 0.14140835 0.10813748 0.24298882 0.18335005 0.26307931 0.22545104 0.24963071 0.13912057 0.26641558 0.17622967 0.17215105 0.18017365 0.19173803 0.26690323 0.25230657 0.22086505 0.23956935 0.16002215 0.10305113 0.18567652 0.25772458 0.24826791 0.22875932 0.18710693 0.18611722 0.23940258 0.17053301 0.14657666 0.22474287 0.15372143 0.19530936 0.18828230 0.20006074 0.18957294 0.15647091 0.18188210 0.22640144 0.17704017 0.19712770 0.17072146 0.18789735 0.20235255 0.18144275 0.20291898 0.20411469 0.20573761 0.16198751 0.20346931 0.17484360 0.17401372 0.22305653 
0.26683533 0.34657504 0.33168897 0.34577285 0.58427843 0.46450858 0.67902540 0.83932731 0.00000000 0.89935389 0.56725044 0.33738226 0.81449752 0.43293166 0.31363565 0.37651791 0.27612318 0.32047162 0.24218428 0.20262862 0.22803531 0.17071733 0.09567820 0.25682021 0.24929783 0.27499502 0.33908016 0.62594622 0.18710086 0.24036934 0.60547972 0.20586734 0.27635303 0.27378633 0.79801494 0.19898415 0.42797268 0.69148902 0.22878017 0.55036950 1.15645354 0.22477741 0.22891384 0.38952097 0.25384385 0.17135497 0.28680616 0.18395716 0.19579348 0.22017791 0.17411761 0.18716119 0.14971983 0.11869824 0.27131827 0.21069817 0.11845580 0.14428278 0.13627432 0.19270295 0.18670730 0.20430303 0.32706941 0.17605017 0.19760234 0.28848196 0.15323337 0.22292518 0.25868781 0.20741745 0.37851192 0.25576924 0.14425489 0.43077172 0.24293677 0.18923875 0.19311390 0.27348523 0.16061435 0.17757152 0.24589892 0.13601087 0.17790288 0.11663144 0.20108489 0.23964540 0.13537909 0.09543801 0.14775112 0.13410335 0.11811946 0.19724799 0.22167955 0.16442912 0.20932392 0.15980050 0.18258248 0.22605252 0.23574613 0.16117375 0.06668756 0.21012349 0.17669173 0.14839754 0.20585410 0.28734157 0.28760560 0.20217341 0.27804959 0.26518921 0.18957559 0.14607576 0.16375576 0.22982768 0.23263480 0.18836986 0.24789348 0.19082811 0.18114996 0.19617744 0.32806889 0.24575969 0.24525132 0.26230749 0.25532118 0.19721266 0.26111888 0.24704054 0.20477470 0.13792159 0.30111051 0.17855359 0.13592992 0.15075045 0.12165633 0.15972531 0.19875932 0.18529869 0.19467933 0.10387637 0.21793354 0.19734215 0.21154477 0.23079005 0.12643765 0.24673817 0.11637045 0.15745481 0.20655011 0.27478974 0.21238961 0.18756038 0.22412839 0.16303188 0.22774605 0.13151151 0.12265818 0.10833706 0.19123036 0.14084442 0.19660227 0.21232306 0.18918371 0.13057795 0.21999445 0.10924336 0.20497827 0.14536486 0.10742382 0.18400129 0.08207003 0.16434806 0.18576269 0.25834366 0.10994186 0.15601138 0.09761461 0.18339201 0.19612357 0.19404126 0.20273069 0.15914083 0.21994441 0.17777254 0.20165917 0.20195283 0.17850188 0.20029532 0.21633089 0.19447970 0.21005866 0.24117374 
0.34525138 0.37676376 0.31507883 0.35914707 0.24600875 0.60637175 0.71794107 0.30752708 0.89935389 0.00000000 0.83190363 0.29000663 0.78159357 0.77502292 0.32758925 0.37808098 0.38749215 0.36343773 0.21515607 0.24467193 0.29567635 0.20851055 0.27722195 0.26626211 0.28865687 0.25268214 0.28147344 0.22840857 0.15999867 0.23590636 0.34748674 0.14346370 0.26973515 0.30455151 0.38005231 0.16894732 0.34032703 0.35256766 0.13805855 0.27774451 0.52560251 0.21706134 0.19293290 0.20811998 0.30694428 0.24859780 0.26092173 0.28299233 0.17590075 0.31762570 0.15840287 0.19721361 0.24043471 0.17586360 0.36871639 0.10909801 0.21430579 0.14916923 0.14362449 0.17876785 0.24362743 0.18747695 0.14593638 0.18946476 0.15388006 0.18074486 0.18575686 0.23588056 0.31756036 0.25870938 0.29249020 0.26886052 0.22035229 0.25591936 0.44153825 0.10192758 0.27786357 0.30509068 0.18805580 0.16903289 0.26057441 0.27285803 0.28482143 0.26674788 0.08761670 0.16383300 0.21161709 0.25616301 0.19601085 0.26185880 0.13576867 0.21805200 0.19302581 0.27073112 0.13112674 0.20593064 0.25443231 0.25324035 0.16108052 0.20801496 0.27943998 0.23202610 0.22776843 0.29652951 0.22486363 0.22929859 0.17720457 0.18617246 0.23932618 0.35335956 0.19908381 0.19836118 0.27322978 0.24243501 0.15008258 0.26261012 0.19365055 0.15842051 0.21566519 0.18804822 0.21175624 0.28107794 0.16188408 0.27724574 0.29902758 0.20517951 0.13662926 0.30238898 0.24191346 0.13143893 0.20956724 0.27027588 0.23083169 0.16773342 0.21532691 0.15909726 0.16755542 0.10810197 0.16650638 0.19318414 0.12188886 0.16537874 0.22722961 0.18638229 0.25005608 0.20266922 0.21400168 0.29964551 0.15564359 0.21066196 0.19620622 0.19522273 0.23861161 0.21565747 0.16598030 0.17225392 0.20653307 0.23658534 0.19823801 0.15746908 0.15253942 0.20842574 0.23555966 0.13426647 0.19736120 0.18549845 0.18859564 0.29218091 0.19708724 0.14257307 0.17913302 0.19051771 0.13138982 0.15556338 0.18921609 0.17215276 0.17918159 0.18168260 0.21494924 0.18858803 0.22985738 0.17971649 0.17508214 0.19266299 0.21090012 0.22755196 0.24820104 0.20247662 0.19507110 0.17858624 0.21895983 0.23088681 
0.25415291 0.42072642 0.39473482 0.37048962 0.28482931 0.27171040 0.81929220 0.71728347 0.56725044 0.83190363 0.00000000 0.49974970 0.34600135 1.06981396 1.30583247 0.32134426 0.26385958 0.57619578 0.22491560 0.37406983 0.20252391 0.23664266 0.24005658 0.32289194 0.13885925 0.30656057 1.99640279 0.22198613 0.21872019 0.35289587 0.27376626 0.18123573 0.20156368 0.30101622 0.26648045 0.19950068 0.21859078 0.23477667 0.12808393 0.18524948 0.24519761 0.32775426 0.14836015 0.20180208 0.18785213 0.18050091 0.20969587 0.21923413 0.27326808 0.18414339 0.23226065 0.12908939 0.09016983 0.08678487 0.22444530 0.16607128 0.14765062 0.07422570 0.21526801 0.23022222 0.17701126 0.09883877 0.21004442 0.17013360 0.22253282 0.28923435 0.19123097 0.21587162 0.20516129 0.15231421 0.26367563 0.26179251 0.18570499 0.09942172 0.16253983 0.40226548 0.19027318 0.13248053 0.29824888 0.21290903 0.22861242 0.18099805 0.16886138 0.24385053 0.18848802 0.11329762 0.25574227 0.15452929 0.17225170 0.23650457 0.28146357 0.12288341 0.19873135 0.27454180 0.26212971 0.14378268 0.29963392 0.15376625 0.15695977 0.09051853 0.15212419 0.22509970 0.19679477 0.13874000 0.22963699 0.20024052 0.27646885 0.17547121 0.20613883 0.15738624 0.35588821 0.23183597 0.23941860 0.22913173 0.29103326 0.15353346 0.08519498 0.16960667 0.12032508 0.16496198 0.14752253 0.18116896 0.11877272 0.24439150 0.17219861 0.52129377 0.15297332 0.17524781 0.19469660 0.22359330 0.21308535 0.22299247 0.17007064 0.23106807 0.13794174 0.20373039 0.27109665 0.19162541 0.20614320 0.07880013 0.23875492 0.14179475 0.18141892 0.18391077 0.16295097 0.13409778 0.15164441 0.18444583 0.14506649 0.25805052 0.22859256 0.24612047 0.24126996 0.14942753 0.16110072 0.11419345 0.15793475 0.18000677 0.20546584 0.22614920 0.25760999 0.17812522 0.17674724 0.22935292 0.24310636 0.17673205 0.18189353 0.18506866 0.19222176 0.20038683 0.12511669 0.12163716 0.16877485 0.16431230 0.25175586 0.17868429 0.21835410 0.15725506 0.19247928 0.22493428 0.23809230 0.25106976 0.24655106 0.19117595 0.19544242 0.19479897 0.21395226 0.18900009 0.21147025 0.20466225 0.19890884 0.20218769 
0.23013519 0.29497770 0.25448125 0.21383938 0.37885913 0.25458674 0.26171739 0.54265050 0.33738226 0.29000663 0.49974970 0.00000000 0.60854195 0.38021082 0.37881343 0.41963906 0.18302582 0.12676364 0.25581320 0.25375467 0.30419456 0.20960354 0.17122094 0.82057531 0.23381485 0.19214175 0.77315472 2.19012836 0.19551211 0.33953466 1.28257219 0.23746808 0.18276142 0.18350860 0.32136994 0.26712725 0.12473370 0.37681999 0.28133001 0.14457271 0.66205689 0.36873076 0.33956874 0.11333717 0.60196912 0.18726074 0.13883848 0.17419211 0.16925932 0.11198034 0.14792570 0.21354944 0.16033126 0.11954436 0.24887614 0.23085065 0.11844331 0.24984478 0.28044090 0.15995111 0.15970392 0.27702313 0.17483576 0.23053070 0.20385894 0.19376031 0.13436406 0.22707060 0.14881213 0.12644806 0.13477978 0.19671289 0.03192564 0.10504013 0.18656834 0.21774812 0.26552478 0.08762401 0.20257358 0.26051176 0.09519853 0.19001202 0.20990281 0.19742787 0.25928801 0.19079648 0.24462660 0.06053693 0.27191185 0.16592353 0.18055669 0.12808391 0.25935655 0.16165410 0.22215639 0.18319736 0.14342930 0.14894350 0.17414872 0.25503906 0.19437437 0.21361558 0.13710248 0.19553264 0.14890003 0.14978128 0.14161802 0.31643298 0.09585694 0.18606048 0.15109380 0.25800671 0.25854626 0.18800218 0.30140007 0.21598885 0.23600063 0.19864551 0.17864845 0.25167962 0.15441819 0.22265879 0.20551893 0.13915309 0.28048833 0.17384013 0.27115181 0.14210476 0.21617044 0.17279853 0.09870501 0.15844389 0.10750733 0.13807845 0.14075977 0.08262739 0.21860634 0.17119277 0.22755032 0.16989899 0.16391700 0.12004373 0.24689516 0.15796813 0.21919855 0.32998821 0.24932598 0.17947113 0.15162638 0.14394019 0.13503553 0.14798322 0.14144077 0.18941170 0.14923877 0.11978424 0.20998524 0.18451047 0.16900146 0.20081295 0.20985847 0.18122510 0.09427078 0.14528512 0.30138385 0.18465597 0.20600113 0.24052907 0.34967522 0.19320597 0.22417818 0.24703228 0.19763315 0.18765564 0.12389469 0.24884867 0.38210541 0.26255931 0.22980054 0.22844100 0.21337132 0.18348655 0.31611579 0.24226354 0.23123939 0.26693192 0.32027516 0.25250074 0.32466923 0.29448827 0.23787735 0.26216623 
0.19714405 0.18903355 0.22238836 0.28830620 0.21599080 0.38902695 0.29499938 0.26385654 0.81449752 0.78159357 0.34600135 0.60854195 0.00000000 0.50534196 0.46443902 0.86098374 0.84376480 0.22814813 0.13448146 0.22854728 0.22016240 0.18936734 0.26634803 0.33218344 0.20106146 0.34433975 0.21974183 1.05554577 0.23624435 0.25903968 0.28392759 0.26992284 0.23892756 0.21317522 0.29056878 0.11885431 0.48210052 0.35436851 0.17114288 0.25910367 1.13052958 0.17433423 0.17451911 0.54056076 0.18969827 0.15502474 0.20013533 0.31613457 0.18418506 0.26366011 0.22931123 0.16442126 0.23230089 0.19234791 0.24476711 0.13125298 0.25215446 0.18552883 0.25699760 0.13605837 0.18754225 0.30100042 0.14095756 0.13445886 0.19930791 0.19375207 0.24981322 0.23763687 0.22204352 0.21046887 0.43500549 0.19345564 0.10283629 0.29301234 0.28429797 0.18078075 0.23681138 0.48426472 0.18938509 0.03368272 0.20476102 0.25260486 0.20383418 0.21440186 0.17676823 0.19954973 0.18916981 0.14204844 0.22521339 0.14137659 0.24127164 0.08357352 0.16867486 0.23911934 0.04263925 0.14354664 0.25225675 0.12437762 0.17520096 0.24759357 0.23684196 0.12444175 0.27397025 0.28114066 0.28117050 0.18925454 0.29366698 0.23627914 0.34488845 0.21683356 0.19617275 0.26320421 0.22630922 0.13345499 0.11685079 0.31344061 0.21982950 0.29706067 0.31705805 0.25349826 0.29119742 0.23238345 0.18873893 0.30438386 0.25729651 0.20908375 0.21396962 0.44688817 0.26341266 0.17639218 0.29072543 0.23059695 0.20447004 0.18015661 0.16332742 0.15035057 0.18437772 0.13809472 0.21730484 0.14668454 0.17111862 0.23686945 0.17324222 0.19885758 0.19972325 0.20794357 0.11804929 0.14209343 0.18546134 0.18338380 0.20561625 0.23689138 0.20975871 0.22225712 0.23018293 0.15247516 0.14251683 0.19497259 0.23105717 0.15292398 0.21327404 0.23969630 0.16055199 0.18709153 0.09124098 0.13949594 0.14027949 0.11215314 0.17980571 0.15086597 0.15836152 0.23171192 0.15504442 0.23755443 0.21762106 0.25423173 0.25808351 0.22906992 0.21829291 0.25858170 0.17141396 0.16392722 0.16460070 0.19880902 0.17153952 0.23363175 0.16796210 0.19592993 0.18435812 0.19213615 0.20804660 0.21264170 
0.25509446 0.35310038 0.34041025 0.25462920 0.24191618 0.34885514 0.74575197 0.29699147 0.43293166 0.77502292 1.06981396 0.38021082 0.50534196 0.00000000 0.55419163 0.52004585 0.62456942 1.35538939 0.35065081 0.29907199 0.29339628 0.26619609 0.26314139 0.30052397 0.28815762 0.32974571 0.42519594 0.20781248 0.19990894 0.26482452 0.28716675 0.32659329 0.20291278 0.27736472 0.27978152 0.21892833 0.24892796 0.23069974 0.19913370 0.20039360 0.34995807 0.15967456 0.25569167 0.38785252 0.41516399 0.20601551 0.22474715 0.15327688 0.20673111 0.24735730 0.20039990 0.21621466 0.15423208 0.18195251 0.20822418 0.26792628 0.21962652 0.18290511 0.26815066 0.22039837 0.12729040 0.21699163 0.26035655 0.21250294 0.19000740 0.17823853 0.20651875 0.28873852 0.13338354 0.26605253 0.17407834 0.19300814 0.12479543 0.23649268 0.29119785 0.18914050 0.16182628 0.33691230 0.34689884 0.13035147 0.17941636 0.20274915 0.15290244 0.16754450 0.16280632 0.20979098 0.20659209 0.08472160 0.27692602 0.22778317 0.25155938 0.08771026 0.21394424 0.13863513 0.15944784 0.27037790 0.19576226 0.23758874 0.20238827 0.23235284 0.17563986 0.25535547 0.21984755 0.21505048 0.26538522 0.17922464 0.18759169 0.16919417 0.26950990 0.23698740 0.19977071 0.24909524 0.18479029 0.15049382 0.12753783 0.18676111 0.21644227 0.17341059 0.17787407 0.27964773 0.12843074 0.23168505 0.15360422 0.11615935 0.20513945 0.19351580 0.22490952 0.15168823 0.55568903 0.12485846 0.25297590 0.27898027 0.14274744 0.20179603 0.14278990 0.11979850 0.19881553 0.05453546 0.20140917 0.26167516 0.15981020 0.20609994 0.14589629 0.22536078 0.27591071 0.25491423 0.17874899 0.15943651 0.14354195 0.22809684 0.23187129 0.14297470 0.17150175 0.27465048 0.25633695 0.26674998 0.14354807 0.18038074 0.22623045 0.15248799 0.20080522 0.18670964 0.16313177 0.17826318 0.18728534 0.21344799 0.22573496 0.36003457 0.21674740 0.20258028 0.23309975 0.20478522 0.24007797 0.19781594 0.25050420 0.19405811 0.18044122 0.23986642 0.19656076 0.20231905 0.19310455 0.16109266 0.22949865 0.21276679 0.20888124 0.18351006 0.16248220 0.19039248 0.17592635 0.16544735 0.19665079 0.20212201 
0.23521796 0.28510981 0.28236838 0.37817273 0.30397066 0.18885571 0.34898177 0.39760545 0.31363565 0.32758925 1.30583247 0.37881343 0.46443902 0.55419163 0.00000000 0.56344906 0.35200101 0.71025482 0.45512683 1.33779465 0.21330198 0.26995187 1.94910581 0.39206002 0.16871479 0.43023822 1.77197401 0.19325858 0.18312386 0.13957351 0.23370968 0.27254617 0.17235900 0.28998457 0.23433664 0.20363347 0.22269483 0.14496307 0.10857361 0.15749448 0.22963216 0.12157704 0.18524520 0.20717514 0.32887576 0.42675682 0.21036091 0.21757786 0.13751477 0.19758986 0.18768913 0.14571803 0.17677185 0.14524025 0.18214873 0.11671934 0.10369376 0.17884380 0.20305664 0.17658505 0.22327903 0.16825399 0.24812988 0.14849149 0.19041110 0.15396510 0.14779649 0.15831151 0.07890156 0.17423970 0.18630507 0.18372425 0.13633818 0.15675603 0.22511670 0.10616407 0.13776671 0.16255206 0.22728398 0.45551454 0.15530597 0.24250126 0.14961853 0.26766130 0.13092453 0.14380749 0.24989875 0.27680684 0.16618992 0.18031301 0.25009342 0.13126659 0.12125896 0.23787924 0.21117684 0.25343245 0.24128639 0.15142482 0.18149833 0.21055734 0.23683204 0.18700730 0.23882508 0.17463047 0.22936577 0.21026804 0.24009649 0.24485700 0.18913172 0.19708572 0.19356732 0.16875708 0.16335666 0.18342220 0.21573055 0.15336183 0.24530001 0.24808177 0.21648081 0.15121478 0.16353840 0.10008582 0.06132850 0.27948266 0.12315054 0.16507244 0.18535465 0.07287288 0.20323478 0.45936330 0.09676823 0.13929721 0.19867612 0.32088577 0.16845813 0.18919113 0.15665096 0.15493388 0.17673750 0.21161013 0.17702065 0.11200335 0.17363706 0.14571436 0.14549692 0.22171866 0.18379954 0.23351916 0.23831593 0.12781763 0.25229585 0.18743217 0.23681014 0.20229334 0.21185008 0.11542619 0.17254279 0.23412611 0.25588071 0.23565924 0.24194710 0.17048372 0.15825147 0.18476709 0.22515686 0.22943142 0.24794938 0.21251599 0.17523905 0.15968168 0.15249045 0.20004267 0.18848998 0.17166044 0.13878613 0.24959737 0.15932533 0.20014781 0.17252770 0.21454427 0.23649010 0.18869759 0.23760455 0.18885628 0.21621858 0.19558064 0.19759157 0.18233675 0.18113568 0.19672046 0.23862096 0.21466944 
0.26612930 0.23005848 0.29913174 0.25108647 0.19464801 0.21418643 0.31768973 0.34753999 0.37651791 0.37808098 0.32134426 0.41963906 0.86098374 0.52004585 0.56344906 0.00000000 0.69496891 0.60368400 0.44971663 0.24706333 0.89039862 0.13045800 0.15348834 0.54864016 0.32702176 0.29177774 0.34140792 1.14254873 0.20916487 0.20326083 0.38919784 0.25265085 0.19613063 0.19340592 0.28291906 0.22192230 0.40899683 0.32287561 0.09173039 0.28920237 1.00174510 0.19567610 0.16305250 0.49341349 1.08837848 0.17936043 0.65609637 1.02456960 0.30066888 0.21850518 0.15951279 0.15478355 0.15679373 0.09918263 0.22828422 0.12525194 0.16715454 0.17776395 0.15661177 0.13928506 0.19133636 0.04673297 0.20015518 0.22889425 0.18075318 0.19513934 0.17762077 0.18819118 0.32179265 0.18427206 0.37416285 0.16141319 0.18102781 0.30262007 0.24328956 0.06484462 0.15132057 0.22429559 0.23348077 0.19253277 0.71878280 0.26963962 0.20164572 0.14136970 0.13536992 0.17334505 0.12599777 0.10974265 0.28804041 0.18696875 0.25289589 0.16532206 0.19216209 0.15942579 0.15616479 0.18012139 0.15370205 0.19860819 0.22210545 0.23041565 0.13224959 0.12720634 0.17808116 0.31882573 0.21512149 0.19646039 0.17236406 0.24087754 0.20828618 0.22499675 0.17982069 0.21799212 0.22571997 0.27539700 0.18600970 0.26783263 0.16867485 0.16897612 0.26777024 0.17104768 0.36341483 0.22630200 0.13470336 0.20665370 0.28012278 0.17600355 0.15944065 0.23845219 0.22338111 0.12298411 0.59179660 0.16694707 0.19029176 0.24154942 0.12775339 0.15136091 0.14770125 0.11091099 0.15599767 0.15312842 0.10229277 0.11400561 0.22967650 0.15572796 0.12194338 0.11614051 0.15311514 0.21608600 0.14771853 0.10115283 0.26687650 0.14238063 0.21937035 0.26341674 0.09694647 0.13736762 0.14619073 0.20803891 0.18750015 0.13596183 0.21691513 0.18723985 0.22091840 0.00000000 0.19537027 0.10549085 0.13166453 0.09301885 0.17403270 0.21191136 0.16784100 0.23033915 0.20279317 0.20252388 0.20143753 0.21497746 0.17326346 0.12873898 0.16482426 0.15203366 0.17204986 0.15132489 0.14232417 0.16977825 0.20936552 0.16080021 0.16099189 0.16419910 0.13768078 0.17497707 0.19006940 0.18546862 
0.27975941 0.25584159 0.22602555 0.33211431 0.17887813 0.40047390 0.26782375 0.22834821 0.27612318 0.38749215 0.26385958 0.18302582 0.84376480 0.62456942 0.35200101 0.69496891 0.00000000 0.57823034 0.36300133 0.28202877 0.34975423 0.22539684 0.27524168 0.26469009 0.22279248 0.21879193 0.18287117 0.31286757 0.16681504 0.25167065 0.28146455 0.20065686 0.25015240 0.23105928 0.30336444 0.36825154 0.33012569 0.34423511 0.22438539 0.32394924 0.30747413 0.16137468 0.13309035 0.30147037 0.26704723 0.17583907 0.29005351 0.48913169 0.13241271 0.25768345 0.12079211 0.21256028 0.20062117 0.22653001 0.23797734 0.17318730 0.23295528 0.23463041 0.23439217 0.13974960 0.24668007 0.23561235 0.18152090 0.26116375 0.21415847 0.20472375 0.35317186 0.30719355 0.26863294 0.26240495 0.35306384 0.17895676 0.21706922 0.34702112 0.36600739 0.05075824 0.14807206 0.24611056 0.22131800 0.13549641 0.28738146 0.60689647 0.20188105 0.17517778 0.22860192 0.27394822 0.16387932 0.15969678 0.23605855 0.20493082 0.13515884 0.22495996 0.21067068 0.11415779 0.23014327 0.25879036 0.21399543 0.19064533 0.17711439 0.21309089 0.20620859 0.22525819 0.22483837 0.16457116 0.32809981 0.28666848 0.18427109 0.25297118 0.26350667 0.28118132 0.16449088 0.20467029 0.15040098 0.24308945 0.21520480 0.31015510 0.19139742 0.20956680 0.26572245 0.30465917 0.26725204 0.23595951 0.17806536 0.16071623 0.31293576 0.17676126 0.17328278 0.17517917 0.09742027 0.18937213 0.28442181 0.49171952 0.24865055 0.17869050 0.18499249 0.16098080 0.27196228 0.23255456 0.18502626 0.13840786 0.21687122 0.14965817 0.23715384 0.14705327 0.18592504 0.14792346 0.33655132 0.32674974 0.15682550 0.24830656 0.22034452 0.24609379 0.19953024 0.30660551 0.36991551 0.13151119 0.17273035 0.17893863 0.27177087 0.26227971 0.22111424 0.10212757 0.25698636 0.14105308 0.27000109 0.23714141 0.27296583 0.19828372 0.23234027 0.26188076 0.24208086 0.21920194 0.18758597 0.30570034 0.22676778 0.21949307 0.16415125 0.15737564 0.20953018 0.23004086 0.21250910 0.16766167 0.19929557 0.18851825 0.20962809 0.20917823 0.23504507 0.18985707 0.21062099 0.16614343 0.21539167 0.21464820 
0.24155675 0.34016248 0.25012063 0.23987606 0.19901142 0.23411153 0.42636525 0.29989031 0.32047162 0.36343773 0.57619578 0.12676364 0.22814813 1.35538939 0.71025482 0.60368400 0.57823034 0.00000000 0.57599648 1.40350855 0.46852629 0.38471393 0.36939024 0.29884742 0.16280513 0.25571670 0.41616923 0.19979331 0.31007018 0.24468521 0.29810491 0.27944365 0.24886030 0.32507676 0.22088985 0.20348908 0.21946634 0.18275385 0.18613766 0.21745254 0.24495226 0.21654719 0.14128993 0.12124196 0.14929649 0.25913320 0.17572083 0.22937324 0.50655550 0.21541265 0.20349485 0.19699229 0.13177100 0.21058522 0.30639140 0.22004615 0.20021243 0.20534139 0.20037552 0.23462686 0.14993815 0.17237713 0.19531540 0.19598343 0.35832687 0.17561917 0.27417280 0.20702662 0.20932774 0.25054355 0.21708534 0.33163208 0.26212293 0.27591921 0.12436137 0.20331294 0.19056509 0.21906230 0.16000874 0.15632679 0.25148586 0.17216455 0.43708222 0.21011849 0.14703268 0.16618631 0.16432475 0.18557328 0.25633987 0.17774673 0.20014063 0.15358523 0.14386905 0.25570006 0.19209150 0.11211981 0.21567061 0.18038926 0.17455666 0.25302558 0.20199314 0.17349985 0.16816488 0.22981881 0.24692659 0.19757958 0.22695924 0.25258114 0.25908300 0.21376037 0.18840876 0.19093307 0.23063759 0.32238354 0.11213652 0.22740090 0.23987137 0.24809935 0.22830532 0.22017764 0.27154660 0.19104314 0.19580620 0.12909478 0.22702271 0.19257795 0.10451329 0.19523327 0.16844343 0.12636907 0.23833275 0.17478695 0.39988028 0.15868340 0.11677991 0.30058933 0.26155022 0.14361361 0.18571004 0.26282932 0.25164142 0.07196613 0.07824305 0.26209920 0.23806794 0.17149285 0.23609049 0.25407771 0.22108116 0.16646167 0.19295220 0.22967442 0.14751030 0.22472732 0.25709382 0.17482757 0.19300915 0.25054862 0.26466911 0.18129356 0.16708983 0.27173403 0.18638153 0.19485133 0.27083332 0.07320474 0.21977447 0.17947803 0.16652201 0.17170842 0.22629305 0.32171196 0.25759833 0.23994231 0.19646592 0.33141621 0.23916898 0.17820919 0.17456427 0.22018333 0.22863507 0.15252020 0.16137708 0.20998965 0.20272277 0.20951583 0.20918157 0.20822084 0.17463441 0.17963835 0.18187710 0.21904090 
