0.00000000 0.06445628 0.05493368 0.05910978 0.06168501 0.06823021 0.06148985 0.05913854 0.05527951 0.06816559 0.06297201 0.07169998 0.05827391 0.05552683 0.05440308 0.06135777 0.05789274 0.05091727 0.05200722 0.06102622 0.05376920 0.06248473 0.06008420 0.06000689 0.06331318 0.05666414 0.05132547 0.04992578 0.05326495 0.05039189 0.06518310 0.05289449 0.05064810 0.06485322 0.06247267 0.05338437 0.05444549 0.04418973 0.05344847 0.06192687 0.04763820 0.05258375 0.05653477 0.05123443 0.04993974 0.05009636 0.05547870 0.06314157 0.05868567 0.05633774 0.06153284 0.05235633 0.05303545 0.05508212 0.04850690 0.05915761 0.05820594 0.05456466 0.06181980 0.05550945 0.04471225 0.05041415 0.04720383 0.04813674 0.05980219 0.05747189 0.05217174 0.06655306 0.04983076 0.06642729 0.05579627 0.07145694 0.04556798 0.05249325 0.05757947 0.05354222 0.05182181 0.05601302 0.06070783 0.05086604 0.05442952 0.06022978 0.06165207 0.05384564 0.05382415 0.06670803 0.05120082 0.05281894 0.05547612 0.05223124 0.05218722 0.05081619 0.05949373 0.06882874 0.03722801 0.05205057 0.06065263 0.06716637 0.05178099 0.05821341 0.05827559 0.06419734 0.05675404 0.06403184 0.05277237 0.05892794 0.05041083 0.05856121 0.05693222 0.06006426 0.04820065 0.04623875 0.05693050 0.05131712 0.06041869 0.05310135 0.05151533 0.05782522 0.05749817 0.05876597 0.05434991 0.05622143 0.05070195 0.05502135 0.05264778 0.05459636 0.06291861 0.05994307 0.06524064 0.05448208 0.06135588 0.06779592 0.05985099 0.05887282 0.05969033 0.08121166 0.06234153 0.05443897 0.07430867 0.05276385 0.05467733 0.05709701 0.05799283 0.05662920 0.05559544 0.05611107 0.05170851 0.05588426 0.05999757 0.04816245 0.04967250 0.06006004 0.06103763 0.04956421 0.04981604 0.08171940 0.05894103 0.05791172 0.06291451 0.05879976 0.05838340 0.06782750 0.07715160 0.07152776 0.07893166 0.06470120 0.05741409 0.05828014 0.06138890 0.06405115 0.05864208 0.04731488 0.06688667 0.07019615 0.05031602 0.06384999 0.07104559 0.05906048 0.06017674 0.06254497 0.05033803 0.05957319 0.05669981 0.05617933 0.06209047 0.06049934 0.05961895 0.05047883 0.06828795 0.05817866 0.06181508 0.04909334 0.06351286 0.06655216 0.06332592 0.05787610 0.05833631 0.05670467 0.06198007 0.06470844 0.06440888 0.05760627 0.05916335 0.06132152 0.06164374 0.05961314 0.06328762 0.07030634 0.05149195 
0.06445628 0.00000000 0.10885480 0.08673174 0.05202637 0.09003406 0.08543848 0.05338099 0.10192526 0.05141464 0.07184348 0.04760811 0.04832389 0.05677384 0.04992194 0.03921400 0.09738153 0.03848129 0.04671681 0.05695628 0.05040087 0.08572156 0.01859927 0.06640540 0.06850197 0.04388201 0.05509135 0.07659129 0.06816431 0.04585370 0.03803926 0.05993778 0.04273701 0.05522291 0.06684838 0.07496602 0.06075391 0.04995443 0.04656931 0.05632540 0.07741676 0.06453375 0.05883794 0.04777938 0.06848293 0.08411468 0.03834802 0.04453637 0.04111402 0.09632585 0.02648026 0.05552300 0.04247106 0.08154142 0.04518384 0.09510734 0.08005682 0.04244223 0.03986928 0.02552328 0.05408883 0.06588590 0.05349485 0.09428391 0.07774352 0.05660198 0.06610960 0.04557466 0.03447883 0.06213556 0.05672087 0.06974442 0.08890327 0.04159080 0.02494785 0.07284397 0.07956813 0.03494825 0.02552112 0.04053650 0.04572583 0.07094604 0.07785807 0.07996655 0.07159756 0.07315725 0.09659998 0.05615408 0.05436102 0.03465573 0.10160725 0.07223406 0.07608333 0.05721469 0.05276504 0.03352889 0.04805224 0.05568438 0.04367625 0.04819810 0.06467698 0.05313690 0.05805802 0.07061556 0.02701380 0.05365735 0.05557650 0.05009927 0.04772962 0.04040885 0.03452287 0.03806644 0.03903868 0.06313407 0.04892559 0.08027076 0.04372011 0.04152523 0.04291499 0.06790218 0.08855071 0.05501922 0.04629901 0.08743394 0.06216753 0.06752841 0.05168327 0.03435880 0.04466338 0.03940749 0.05207281 0.03968247 0.07446820 0.04914915 0.06039433 0.04299110 0.08681970 0.07561167 0.05626220 0.06945862 0.05307813 0.07109204 0.05359612 0.04429837 0.04647225 0.03775127 0.06136374 0.05071081 0.08039296 0.08636507 0.08871568 0.06008189 0.07999005 0.02305923 0.06935205 0.06171968 0.05189887 0.05523037 0.06595753 0.06464564 0.06495882 0.05206220 0.06220907 0.05921146 0.06434531 0.02955712 0.05362461 0.05783182 0.05532486 0.06555550 0.06440226 0.07155097 0.06045023 0.04415821 0.04198344 0.04716780 0.03411859 0.08345553 0.07820399 0.05281218 0.05850319 0.06182271 0.01592260 0.06165698 0.05031835 0.05175774 0.05174585 0.07518024 0.06270978 0.07715389 0.04742923 0.06604885 0.05995501 0.08206465 0.07393855 0.08816995 0.04983990 0.04769920 0.04874480 0.05185342 0.04929018 0.06144294 0.05778482 0.05548286 0.07702139 0.06329257 0.05464786 0.07923968 0.07079555 
0.05493368 0.10885480 0.00000000 0.06307606 0.08892583 0.07478597 0.07432599 0.10223654 0.06237332 0.07069331 0.03999714 0.09945942 0.06391173 0.05010178 0.06220597 0.06665599 0.07094324 0.03827533 0.05718833 0.03722339 0.05242609 0.03991655 0.11692162 0.05886125 0.06073197 0.07565506 0.05898662 0.08318059 0.04232182 0.05441956 0.05320275 0.05223522 0.06216855 0.05597090 0.04732128 0.07746158 0.09015478 0.09144792 0.06826132 0.07073132 0.05773613 0.10792195 0.09393618 0.05580834 0.07361718 0.06445568 0.05191409 0.07068293 0.03823473 0.03440644 0.04756647 0.07088949 0.05932196 0.06456386 0.06999646 0.08556487 0.05719628 0.03107696 0.05771573 0.07247021 0.05997280 0.09707209 0.06987197 0.05039902 0.07562670 0.08681055 0.03146338 0.08362786 0.03991885 0.06341456 0.07807276 0.03860590 0.07354460 0.01702877 0.05093313 0.04357364 0.07992655 0.01922983 0.02484870 0.03353637 0.04807908 0.08165197 0.03103635 0.04799832 0.07119080 0.05523334 0.05773453 0.03870216 0.05298175 0.03726486 0.09850081 0.05882492 0.04674950 0.04328994 0.07754306 0.07764978 0.04456794 0.04259339 0.02050036 0.06186178 0.05014170 0.04231630 0.05924661 0.07107082 0.03577067 0.05380355 0.03684836 0.05382202 0.04628927 0.05600507 0.06666338 0.06879671 0.05890083 0.05687888 0.04137885 0.04751773 0.06075665 0.05760754 0.03249996 0.06780544 0.05395849 0.06285568 0.05004798 0.05655164 0.05128606 0.05337186 0.04160623 0.05000064 0.08371413 0.04997762 0.05862093 0.03780708 0.06770135 0.04358278 0.04781415 0.02640284 0.06476516 0.07053524 0.08225367 0.05812948 0.06336899 0.07115792 0.04929452 0.05279683 0.03269281 0.08373396 0.05676414 0.04820880 0.06401582 0.07053161 0.09566702 0.06390556 0.03677957 0.07379037 0.08897422 0.04055955 0.05124984 0.05808293 0.04706949 0.05784116 0.05160843 0.03801561 0.05101362 0.06186274 0.04846343 0.05370537 0.05682227 0.06318512 0.05026833 0.03956487 0.08236450 0.08520156 0.05379331 0.04730812 0.09104865 0.04656101 0.05816200 0.06746981 0.06445150 0.03944745 0.01709814 0.07464468 0.03468011 0.07427697 0.06981151 0.08600314 0.05966644 0.06923596 0.05399867 0.04574104 0.03842585 0.04752487 0.05524649 0.05111774 0.05783187 0.03219015 0.04898754 0.04787555 0.06392574 0.05757225 0.04617365 0.07232704 0.08454401 0.05002882 0.07021899 0.10384777 0.04677787 0.03079019 0.07779039 
0.05910978 0.08673174 0.06307606 0.00000000 0.07105498 0.05689053 0.04724219 0.05290560 0.06779422 0.09027106 0.13100740 0.08853466 0.08345909 0.10761676 0.06698785 0.07647255 0.07319537 0.08422574 0.06317614 0.06651481 0.06924135 0.05525094 0.05063224 0.08527696 0.06546308 0.07603623 0.06309098 0.08586758 0.05262515 0.10835188 0.06884230 0.06002337 0.05004129 0.06630903 0.05258684 0.04362831 0.05186876 0.05628221 0.04737742 0.05580437 0.04755453 0.03628121 0.06073071 0.05477853 0.04556001 0.03740409 0.05467967 0.07486761 0.06113484 0.04567952 0.05132673 0.08705955 0.04544793 0.04764995 0.05394891 0.06013463 0.05838035 0.07179044 0.05361690 0.08376151 0.05757062 0.03737320 0.04331075 0.04862450 0.05753821 0.06913334 0.04099934 0.06363859 0.04842062 0.06057261 0.04170293 0.05412166 0.05847874 0.13211578 0.05732617 0.05529572 0.05323543 0.06291913 0.06636484 0.06156109 0.05140343 0.04500021 0.05416845 0.06785582 0.05662360 0.04988867 0.05760791 0.06211478 0.08950281 0.07704040 0.04066894 0.07074698 0.07188627 0.05064299 0.04694469 0.06493723 0.09587240 0.06670579 0.10803074 0.06441728 0.06135640 0.07038068 0.06567163 0.06158052 0.04181940 0.06450108 0.07204795 0.06422247 0.05771052 0.04514297 0.03762270 0.05814093 0.04317308 0.04989973 0.04517774 0.05061482 0.04890119 0.05302687 0.03922239 0.05593302 0.05492109 0.05247548 0.05446851 0.04343234 0.03549707 0.04623232 0.04606230 0.09529991 0.04282610 0.03389479 0.06283848 0.05640778 0.06169725 0.03497677 0.04858767 0.06270625 0.05858878 0.04828599 0.05461491 0.04099186 0.05375258 0.06665184 0.08731335 0.05730819 0.06364576 0.04827891 0.04242194 0.04712100 0.06536302 0.05113666 0.04414772 0.05830694 0.04923632 0.04881096 0.04620498 0.06843142 0.05330748 0.05780916 0.05536942 0.05289937 0.05382511 0.05091812 0.04934384 0.04989745 0.04912537 0.03561541 0.05441412 0.04403904 0.04322494 0.04860967 0.05630107 0.05625547 0.04561585 0.06345119 0.04091959 0.05440423 0.05246734 0.04514442 0.04391591 0.03584771 0.07931025 0.06515945 0.05944003 0.04146397 0.04408568 0.05654471 0.05655950 0.06210838 0.05805162 0.05474602 0.05491334 0.05346511 0.05323217 0.05030972 0.04990747 0.04903369 0.05155059 0.04875696 0.04308275 0.04557257 0.05541123 0.04738031 0.03212980 0.03879069 0.05338771 0.04489697 0.10401181 0.04271335 0.06872691 
0.06168501 0.05202637 0.08892583 0.07105498 0.00000000 0.10802037 0.08254452 0.10294656 0.05243005 0.07593028 0.05240445 0.08945514 0.06032508 0.07841083 0.08173541 0.06451675 0.06333261 0.02825846 0.06322835 0.06398548 0.03266130 0.04636947 0.07933694 0.08386015 0.07190575 0.06477313 0.07418557 0.06878722 0.04472625 0.03629102 0.04898843 0.06133156 0.06742032 0.06779005 0.09582785 0.03738170 0.03643201 0.08122678 0.05398962 0.04742357 0.02533519 0.05371560 0.02522207 0.06944834 0.06994456 0.03917346 0.03956142 0.06102399 0.06729716 0.06464721 0.05035164 0.01116434 0.07306570 0.05305884 0.06511951 0.06478114 0.02962838 0.04560074 0.06195929 0.05422972 0.06043529 0.02759270 0.05843493 0.03879884 0.08560660 0.05174765 0.07874253 0.10017983 0.03866700 0.04608433 0.08499455 0.07591504 0.06036466 0.02238352 0.04596297 0.09873906 0.05173537 0.01716169 0.01246366 0.02777053 0.03168253 0.05837856 0.05441019 0.06223937 0.06051436 0.10356793 0.08124965 0.11058729 0.06716550 0.04001675 0.04318227 0.07980284 0.04721242 0.04413099 0.05638880 0.05996698 0.06020737 0.08607311 0.06698753 0.06929338 0.07725574 0.04387825 0.07850147 0.04560306 0.06699361 0.05522404 0.05379854 0.06728389 0.08465929 0.09914853 0.07327504 0.07383322 0.04341691 0.05289379 0.06483847 0.05031458 0.04165653 0.05650138 0.06495197 0.03826451 0.10501248 0.06395235 0.05656287 0.07924562 0.06974233 0.04832399 0.08643583 0.02812069 0.01617109 0.07229316 0.05152203 0.06472616 0.04076764 0.04914296 0.08679125 0.06755436 0.08760051 0.02881610 0.07317302 0.04952155 0.08546393 0.04413988 0.05995680 0.04914691 0.04768436 0.04405307 0.05039885 0.08167314 0.07292833 0.03870954 0.03699470 0.07764189 0.04456409 0.04306787 0.06941927 0.04718668 0.04348681 0.04286279 0.03771091 0.04317925 0.04238233 0.04382811 0.04754576 0.03959419 0.03495655 0.07945399 0.05421790 0.05564142 0.05851413 0.03561244 0.03666352 0.04122638 0.06538851 0.03073331 0.06249946 0.05091390 0.06388511 0.10716566 0.05906488 0.03355530 0.09968961 0.08037209 0.09956254 0.06404575 0.04564960 0.05734699 0.05806809 0.07419567 0.03041096 0.08644792 0.05280809 0.05442504 0.03656910 0.06387654 0.06195139 0.05608839 0.03802428 0.06060276 0.05945493 0.04259412 0.07633380 0.08831321 0.05871240 0.04266612 0.03629892 0.05775795 0.05264049 0.05692652 0.05626038 
0.06823021 0.09003406 0.07478597 0.05689053 0.10802037 0.00000000 0.09722532 0.09036246 0.06531220 0.06049206 0.05640768 0.07714383 0.04220766 0.06339150 0.06099183 0.02605594 0.06860223 0.05448168 0.05084100 0.06317050 0.06229182 0.08710354 0.05188622 0.05053511 0.06180535 0.06264263 0.03424512 0.06371569 0.05073349 0.06582136 0.06685583 0.06056973 0.08241008 0.06296384 0.06940372 0.05467034 0.04742993 0.07924630 0.07342710 0.06919109 0.08425823 0.06225920 0.05661126 0.04350316 0.04630888 0.06640977 0.05017603 0.04233104 0.03824855 0.07409563 0.06555971 0.08453658 0.06312319 0.05542252 0.06205702 0.07409383 0.07279336 0.04918880 0.05283336 0.03983146 0.06382554 0.05650654 0.07277631 0.05920749 0.05297973 0.07507759 0.08035335 0.04925352 0.07331023 0.07443686 0.04912578 0.05065906 0.04229041 0.02738867 0.04519016 0.10540843 0.07891031 0.02521086 0.02449510 0.02285123 0.06438569 0.07824198 0.05245951 0.06416178 0.05507807 0.07320697 0.06165475 0.05669737 0.05399216 0.04919747 0.06308830 0.04285239 0.03773913 0.02327736 0.05673725 0.06162434 0.04208747 0.06888591 0.06242167 0.08798532 0.07478010 0.09196254 0.08788702 0.08373691 0.01227032 0.00662824 0.03608591 0.04887387 0.05160757 0.05986885 0.04019998 0.04796127 0.08142223 0.05194752 0.04498445 0.06246519 0.07566547 0.02336346 0.04222532 0.05730695 0.04652254 0.02532937 0.07285459 0.05509638 0.04964857 0.05651518 0.04110124 0.03919279 0.04208369 0.03783117 0.04806366 0.04562917 0.05654126 0.06413154 0.07148433 0.04676440 0.04309910 0.07765740 0.04955627 0.06311354 0.06184783 0.06134295 0.01855688 0.07514324 0.03575777 0.03103495 0.04869355 0.04544570 0.04295598 0.03855760 0.06894226 0.05164786 0.07150821 0.04038099 0.05785445 0.05050947 0.05455927 0.05628775 0.05681073 0.05855650 0.06143814 0.06776995 0.07263448 0.07199061 0.06636242 0.03475634 0.03817773 0.08101504 0.06189208 0.03523103 0.08098652 0.05313803 0.06165751 0.04795120 0.05893396 0.06267337 0.05560188 0.08543515 0.07021775 0.07628705 0.07384845 0.04929634 0.05658697 0.07745246 0.05112622 0.05066024 0.04957255 0.05998115 0.05590027 0.02781848 0.05026128 0.04896652 0.08543219 0.03654170 0.05722293 0.06873459 0.07928178 0.08687442 0.07949245 0.08302297 0.05951187 0.07031959 0.05067673 0.05995295 0.07304662 0.05774994 0.04946686 0.03639086 0.06706384 
0.06148985 0.08543848 0.07432599 0.04724219 0.08254452 0.09722532 0.00000000 0.08169419 0.08177229 0.04941250 0.04892259 0.05886053 0.05894306 0.02959395 0.05274544 0.04491635 0.05683687 0.07478746 0.04219588 0.06935387 0.06888573 0.07280804 0.06163166 0.05077129 0.07616633 0.04753705 0.04415539 0.05135920 0.05395883 0.07679404 0.03859204 0.06750769 0.05448784 0.08158240 0.06525524 0.07309931 0.06087352 0.06991312 0.07144707 0.05321952 0.07274631 0.05844251 0.07503045 0.05717833 0.05023715 0.06686204 0.05914403 0.05877635 0.03854220 0.06120951 0.06244486 0.05210322 0.06611685 0.04356832 0.05375956 0.07331861 0.03473274 0.03465854 0.03911698 0.02712142 0.07213095 0.05811854 0.03806946 0.06027965 0.08400747 0.05562422 0.05911844 0.07074528 0.04039685 0.08817156 0.07157950 0.07932203 0.04726524 0.04368700 0.06358387 0.05905496 0.04306736 0.06309537 0.04981721 0.06189788 0.04269573 0.07284084 0.06823589 0.06483199 0.05969509 0.05950726 0.04649859 0.05782884 0.03898418 0.05348940 0.05125546 0.05972509 0.04084082 0.02968401 0.04457606 0.05944188 0.03306718 0.04467754 0.04671861 0.07171314 0.08937387 0.08005334 0.11350903 0.09446333 0.00295774 0.02967250 0.06143115 0.04305687 0.03837896 0.07247238 0.03938460 0.05052260 0.07285362 0.05389167 0.04746295 0.06609708 0.09143316 0.03613450 0.03730961 0.05922860 0.04590160 0.05268768 0.06006814 0.06639461 0.12431828 0.07210540 0.06211481 0.05383072 0.03924068 0.06269729 0.07181181 0.05125229 0.05822216 0.04431052 0.05233054 0.03178130 0.06422482 0.06270035 0.03391968 0.05896614 0.07255712 0.05655617 0.03864635 0.07040139 0.03197548 0.05684976 0.06081051 0.06877964 0.03778552 0.07275597 0.07140605 0.03545769 0.06606332 0.06374616 0.06421995 0.04483784 0.05393405 0.05962143 0.05833122 0.05368814 0.06260944 0.04752332 0.05352417 0.05103116 0.04653828 0.02071272 0.01364462 0.05610548 0.06948800 0.05616903 0.06258584 0.06444725 0.05645537 0.07254549 0.05403098 0.06552615 0.04606981 0.07510229 0.07263294 0.06006247 0.08153906 0.07959513 0.05847617 0.05561834 0.06750422 0.06502452 0.04802269 0.06009013 0.08249777 0.03679917 0.04011134 0.05209535 0.06771861 0.04166813 0.06299637 0.06398864 0.08305834 0.08832138 0.05952715 0.06521974 0.06273247 0.06569442 0.06793116 0.07067088 0.05841183 0.07099589 0.04111157 0.04047302 0.06426858 
0.05913854 0.05338099 0.10223654 0.05290560 0.10294656 0.09036246 0.08169419 0.00000000 0.10003013 0.11105567 0.08453523 0.06913544 0.04970333 0.05419093 0.05488818 0.06349441 0.08741047 0.08688217 0.06354719 0.04493586 0.06650237 0.04646837 0.05787918 0.08194287 0.12065912 0.06750701 0.06872311 0.09102760 0.08009352 0.06940760 0.03942500 0.03935642 0.06343279 0.04870785 0.05949220 0.05866418 0.06041025 0.05468792 0.05616381 0.04539807 0.08332045 0.06429817 0.06535628 0.11453416 0.04715634 0.05644988 0.05844214 0.05311741 0.07777095 0.07381379 0.05195379 0.03965725 0.06136690 0.03476935 0.07180106 0.04811504 0.01549426 0.03632073 0.05446010 0.06305189 0.07730914 0.06897500 0.06130271 0.06950635 0.04745414 0.03622767 0.07086034 0.05077035 0.03536430 0.05057024 0.04073970 0.02366467 0.06276883 0.03843320 0.08505154 0.04640453 0.04087258 0.03391297 0.04008237 0.04298620 0.08338906 0.05805499 0.08736899 0.06450985 0.08040656 0.04502489 0.06911647 0.03598879 0.04088556 0.04624959 0.05521308 0.03514400 0.04370952 0.05806245 0.04898449 0.06999341 0.04063194 0.06330022 0.04618032 0.04858292 0.04969629 0.05856878 0.06320858 0.06860369 0.05020789 0.05002572 0.05153587 0.04564675 0.03768777 0.05379354 0.03748000 0.06583642 0.05944572 0.07473600 0.06039861 0.04790489 0.07419803 0.04946824 0.05174491 0.05341037 0.04478391 0.04428429 0.06540684 0.05019975 0.03960998 0.05656466 0.06125213 0.04786932 0.05073314 0.07008837 0.05848273 0.02581929 0.06357384 0.06322088 0.05284458 0.03797024 0.04141523 0.05297646 0.06389573 0.03474891 0.07241379 0.05850830 0.07442772 0.07289730 0.04827124 0.07166793 0.04980155 0.04920982 0.03687718 0.07874799 0.05532216 0.05384449 0.01410943 0.04272528 0.07085442 0.04590753 0.05266349 0.06641041 0.05705231 0.06110274 0.05864827 0.06929969 0.05901012 0.05732689 0.05938618 0.09338825 0.08034288 0.08156113 0.04288957 0.04958731 0.04784698 0.05789954 0.06611768 0.04727632 0.06232193 0.02106016 0.04723148 0.08144987 0.03393114 0.05263027 0.06295879 0.04640727 0.07126454 0.05326876 0.07430177 0.04611195 0.07527614 0.07150869 0.07130701 0.06630636 0.07900670 0.06001363 0.06223945 0.06154626 0.08442771 0.06283890 0.07265334 0.08034784 0.06119860 0.06353009 0.07798307 0.08918375 0.04305387 0.03288752 0.03665081 0.03966977 0.06539264 0.06373964 0.04700176 
0.05527951 0.10192526 0.06237332 0.06779422 0.05243005 0.06531220 0.08177229 0.10003013 0.00000000 0.05787019 0.05328234 0.06944834 0.05138131 0.07324530 0.06581969 0.05507816 0.04521153 0.04659569 0.07739427 0.05841806 0.05039832 0.07241960 0.05297439 0.08798131 0.07544841 0.06834292 0.08796023 0.08054761 0.07362257 0.07267094 0.04617784 0.07442879 0.06504799 0.06432186 0.04379809 0.06906601 0.07263940 0.06373103 0.05418087 0.06031438 0.03802341 0.09566240 0.07190883 0.05653963 0.08531249 0.09807281 0.03488143 0.05226791 0.08854626 0.06583985 0.03663542 0.06714500 0.05816242 0.03645785 0.06133185 0.05935158 0.04296147 0.03135963 0.05625541 0.03642685 0.07032101 0.06143284 0.05630669 0.09222452 0.03808089 0.04820465 0.06314569 0.04128351 0.02306759 0.05176231 0.05707205 0.04552271 0.01616479 0.02957144 0.06686817 0.05629441 0.07970501 0.03962295 0.04527297 0.04609779 0.06175864 0.07925617 0.05760855 0.06691049 0.08647165 0.05366199 0.04783689 0.07256820 0.04033089 0.04268417 0.06013357 0.08442393 0.05984077 0.04418492 0.05030676 0.04065086 0.02764549 0.12571801 0.05297470 0.06341438 0.05957147 0.06680793 0.05234835 0.05370770 0.05041192 0.04381977 0.06472481 0.04958167 0.05212257 0.03010172 0.02481198 0.08058445 0.05500250 0.06746125 0.04741039 0.06011303 0.05872274 0.05249131 0.04312248 0.05337357 0.06381329 0.04382375 0.06003214 0.05616007 0.05697207 0.07941654 0.07010747 0.04295595 0.05754859 0.04166369 0.05113970 0.05578647 0.05178070 0.07087664 0.06701286 0.04178608 0.04384647 0.06209386 0.05996180 0.07797712 0.07055335 0.05013345 0.04943759 0.06989405 0.04699671 0.03665958 0.04878143 0.05877212 0.08628919 0.10099019 0.11209182 0.06336837 0.05788705 0.06408337 0.07407650 0.04684251 0.04989280 0.04353393 0.03702747 0.04316913 0.05034251 0.04984511 0.03898921 0.03540005 0.03604981 0.05140947 0.04726433 0.05800936 0.05956670 0.02642957 0.05368568 0.07804005 0.07599547 0.07307048 0.07646363 0.04968835 0.06993079 0.06499074 0.06000011 0.05486346 0.07816442 0.05578129 0.06312663 0.04815959 0.06899801 0.06033952 0.05575668 0.06977731 0.04794425 0.08037804 0.06863281 0.06626188 0.04357454 0.05984643 0.06301191 0.04825070 0.07588306 0.07001151 0.05003949 0.05432769 0.07797376 0.04528380 0.06476037 0.03603449 0.05909378 0.05440342 0.05028343 0.06014717 0.07189801 
0.06816559 0.05141464 0.07069331 0.09027106 0.07593028 0.06049206 0.04941250 0.11105567 0.05787019 0.00000000 0.06624748 0.07434018 0.09741376 0.09313249 0.05755071 0.07195368 0.06022583 0.07546525 0.05916330 0.07763781 0.08726547 0.07822286 0.16675055 0.07352038 0.09798300 0.06805656 0.09453815 0.06279964 0.04434965 0.05380599 0.04264517 0.03502302 0.04464918 0.05665938 0.03757789 0.06354280 0.04547584 0.04259606 0.06091475 0.04727667 0.06154644 0.05104108 0.07217178 0.06518236 0.07054827 0.05106834 0.06316806 0.05090500 0.05284758 0.05339306 0.08860866 0.03946548 0.05441010 0.06249963 0.02456332 0.07303290 0.03487973 0.08593446 0.04536017 0.05981800 0.05311031 0.05225402 0.05113771 0.04052388 0.03582855 0.03621903 0.07170767 0.04453784 0.05245267 0.05325968 0.05169488 0.03440137 0.06718471 0.08543866 0.07230412 0.06377224 0.04532247 0.06076286 0.07039847 0.04425080 0.05493709 0.07868084 0.06082952 0.07240935 0.06338226 0.04047679 0.02626284 0.07373577 0.03119165 0.11704869 0.03980404 0.05416404 0.04415067 0.05247863 0.05426709 0.01046072 0.04979534 0.09888219 0.04155774 0.05201659 0.04462959 0.05941140 0.04689818 0.04781648 0.03920459 0.06887484 0.03751468 0.03288383 0.05392638 0.07711240 0.04415621 0.08102055 0.05312919 0.04907396 0.04237140 0.07732169 0.01772378 0.04141514 0.06149088 0.07466460 0.03315830 0.06357595 0.05859673 0.02782831 0.04275294 0.04079477 0.04163150 0.08076303 0.05745268 0.05935437 0.06321820 0.03816077 0.04678261 0.06668077 0.05445625 0.04953452 0.02967902 0.06712637 0.05074328 0.04440711 0.04069525 0.03738706 0.04012138 0.02886162 0.07408163 0.06335778 0.05567207 0.05309109 0.05668918 0.02191045 0.04838993 0.09296938 0.05345802 0.02502582 0.07230269 0.09954845 0.06119190 0.05411991 0.05325792 0.05503049 0.05484739 0.06480263 0.06056924 0.06054420 0.06918378 0.08310028 0.06292951 0.09377840 0.03072879 0.05675250 0.08849616 0.04785904 0.04940443 0.09075205 0.05518678 0.06109691 0.03651390 0.03829587 0.05881453 0.07736699 0.08393906 0.06018522 0.01434494 0.04875573 0.07643703 0.06906802 0.05821919 0.07029438 0.05584136 0.07974621 0.04494284 0.05055170 0.07455616 0.05484816 0.08206697 0.05304368 0.06321374 0.04672112 0.04897719 0.07458542 0.06304581 0.03406475 0.08025459 0.05317510 0.07755665 0.06740962 0.05183339 0.07366187 0.05070063 
0.06297201 0.07184348 0.03999714 0.13100740 0.05240445 0.05640768 0.04892259 0.08453523 0.05328234 0.06624748 0.00000000 0.18623988 0.17601886 0.09986235 0.06307363 0.06238426 0.07426077 0.09607856 0.06229894 0.06900373 0.04032327 0.04386125 0.07859167 0.11952259 0.11957489 0.06995352 0.04814371 0.05483490 0.03934133 0.04832506 0.05815015 0.03623998 0.05516551 0.06940391 0.05990581 0.05058168 0.03852283 0.05294240 0.06713719 0.03013180 0.04668808 0.04291803 0.08341608 0.06174780 0.07241041 0.09260530 0.05170960 0.09452395 0.05585773 0.02518921 0.07303924 0.06891843 0.05406417 0.04529401 0.05359495 0.05917009 0.03799627 0.09303576 0.04442897 0.05274054 0.04790179 0.05763129 0.01773415 0.04206267 0.06709532 0.04511037 0.04217927 0.07804131 0.02733783 0.08301499 0.08693657 0.05755653 0.02790428 0.08569521 0.04480986 0.04768300 0.06488769 0.06477138 0.06987940 0.06868571 0.04618522 0.03241356 0.05798184 0.05934151 0.04210597 0.04482101 0.04358227 0.05188713 0.05170405 0.05120991 0.07229597 0.05450757 0.09189808 0.06980655 0.06501561 0.05779287 0.04865587 0.06118768 0.07466333 0.03364684 0.02546958 0.06884391 0.03638247 0.06312811 0.09257617 0.06538991 0.05818377 0.06134769 0.07830361 0.04357830 0.04529751 0.06903674 0.03428628 0.05018227 0.05288336 0.06706061 0.07123057 0.03488268 0.06612534 0.05275362 0.05078521 0.06140694 0.04420974 0.05442292 0.03168567 0.04684785 0.06080665 0.02208090 0.05798190 0.05013203 0.04175156 0.04939652 0.05730439 0.04819510 0.05745566 0.06984932 0.05290009 0.02869097 0.05262028 0.05149589 0.03616383 0.05336175 0.05092810 0.04852596 0.04275335 0.04548881 0.06765405 0.05553415 0.05469314 0.04195766 0.07724588 0.04861097 0.03395728 0.03949588 0.06978831 0.06067616 0.06036124 0.05678855 0.05727947 0.05722614 0.06504340 0.05873467 0.05570230 0.05544391 0.05001408 0.05729645 0.06358474 0.04424120 0.03980614 0.07514274 0.04150829 0.04492901 0.07078442 0.07004616 0.05121222 0.03964851 0.06148622 0.05461598 0.09513511 0.05656109 0.07959034 0.07871541 0.03104755 0.09161568 0.08303071 0.07015933 0.04433445 0.06867795 0.05796656 0.05700361 0.05331108 0.04287276 0.04056804 0.04181331 0.05562219 0.04020911 0.03465614 0.03514108 0.06165683 0.03370900 0.06719183 0.05673382 0.04168143 0.07892572 0.03312866 0.03773307 0.05407946 0.07837240 0.06125364 
0.07169998 0.04760811 0.09945942 0.08853466 0.08945514 0.07714383 0.05886053 0.06913544 0.06944834 0.07434018 0.18623988 0.00000000 0.10771724 0.08816542 0.08760855 0.06151391 0.06760194 0.08303982 0.05321051 0.06482054 0.08749274 0.05222291 0.08228257 0.07114980 0.07237649 0.09265012 0.04903721 0.05898038 0.02605679 0.05555527 0.06708919 0.04585692 0.07289996 0.06130439 0.05162251 0.03732034 0.06195983 0.07641784 0.06971292 0.05457581 0.07379402 0.07075454 0.03673481 0.02687669 0.04513533 0.09307896 0.04541465 0.05404341 0.04679623 0.04302753 0.04536271 0.03723011 0.05480309 0.04697114 0.06723353 0.04401525 0.15438807 0.09818845 0.03590738 0.04551212 0.03460453 0.04358480 0.03492769 0.03229947 0.07908039 0.05139870 0.05272998 0.04187346 0.04506313 0.03346267 0.06223004 0.03924859 0.06380951 0.03734324 0.03208546 0.04894107 0.04068606 0.04700248 0.06829122 0.05148986 0.07596987 0.07336494 0.06055556 0.05924238 0.03879079 0.07006916 0.06152705 0.03448270 0.04753310 0.10310729 0.04326306 0.05463638 0.03956424 0.10359777 0.03120980 0.05960483 0.08145749 0.06044731 0.05526455 0.05371239 0.03633899 0.06611447 0.05103885 0.06638946 0.06254078 0.06663075 0.06989774 0.05994030 0.12799364 0.04090431 0.05731435 0.07087317 0.03750938 0.05237933 0.04408698 0.03663035 0.07300295 0.05111313 0.07892631 0.04856426 0.01979192 0.04560528 0.03710597 0.04549676 0.04277995 0.04170473 0.02821549 0.06143605 0.03404055 0.05438267 0.06902875 0.06812627 0.05322269 0.04761452 0.02225268 0.04174090 0.05767118 0.03896441 0.04669401 0.04877635 0.07100409 0.06264085 0.05279134 0.07260883 0.06144466 0.03868815 0.05443486 0.04439417 0.08461284 0.05121775 0.11313625 0.07030631 0.07065921 0.06381561 0.04466901 0.05606046 0.05415659 0.05905825 0.07198971 0.07580941 0.06594903 0.06807193 0.06241069 0.05927221 0.07005674 0.09001988 0.06040738 0.01227200 0.04701643 0.07825189 0.05454144 0.06491187 0.07848968 0.05481679 0.07444385 0.02148404 0.07191678 0.04389696 0.05880229 0.02604082 0.05015209 0.04805424 0.09147050 0.03791092 0.06601187 0.03520559 0.05940871 0.04722684 0.04727978 0.04411208 0.04290089 0.05076266 0.05211733 0.04631841 0.03666429 0.03367549 0.03800929 0.03919592 0.05393823 0.06113648 0.03739213 0.07832037 0.05325391 0.03851330 0.02162434 0.05829064 0.06698351 0.08313490 0.07217769 
0.05827391 0.04832389 0.06391173 0.08345909 0.06032508 0.04220766 0.05894306 0.04970333 0.05138131 0.09741376 0.17601886 0.10771724 0.00000000 0.13236060 0.09584908 0.08249871 0.07216966 0.11663005 0.02706922 0.08975706 0.03487105 0.04783815 0.19043759 0.06116128 0.08668695 0.04604039 0.06047565 0.02730085 0.03150702 0.07069161 0.07832595 0.05091847 0.09775201 0.03146699 0.03548282 0.06840581 0.03447889 0.05042796 0.03905656 0.07804263 0.07801518 0.07824558 0.04205303 0.05896044 0.01285316 0.06256944 0.06412138 0.06254839 0.10170862 0.04777892 0.04889316 0.05851858 0.06842638 0.03292545 0.11924588 0.07882323 0.08451511 0.03263474 0.03635425 0.05736582 0.08269642 0.05925361 0.05696517 0.05040234 0.04344078 0.05061790 0.01889699 0.05461753 0.03220638 0.06518847 0.07975702 0.03395090 0.01253009 0.04566518 0.05612439 0.01124107 0.04178809 0.04377193 0.05504770 0.03898704 0.03746209 0.04438356 0.02233499 0.05101767 0.08328460 0.06691743 0.04033762 0.02072535 0.06269213 0.07517876 0.03868402 0.04504674 0.07221240 0.05345161 0.07166372 0.06354687 0.07316819 0.06442113 0.06064133 0.08204393 0.05041135 0.04796157 0.04673869 0.04769006 0.05317429 0.07169391 0.07160634 0.04049986 0.04918561 0.03480210 0.06893651 0.06105606 0.05752475 0.06645709 0.07105228 0.04593823 0.05750251 0.05482651 0.03628802 0.02318101 0.01931543 0.05313018 0.01880937 0.06271456 0.07118092 0.03959724 0.04209795 0.04545594 0.07243335 0.01976517 0.04127904 0.05408366 0.05566271 0.06878003 0.10539229 0.04119733 0.07568291 0.05161740 0.04910778 0.04585412 0.02636776 0.04347591 0.06569098 0.05462866 0.03449950 0.03513378 0.06028927 0.07664048 0.06628749 0.05409425 0.06853107 0.10293364 0.07958372 0.08389823 0.05507903 0.07949649 0.06015597 0.05864798 0.06520705 0.05623212 0.07077208 0.06253280 0.05746429 0.06441875 0.06786823 0.05536551 0.06656545 0.08894593 0.02858188 0.04811058 0.04606384 0.06722034 0.05635179 0.09123284 0.04694376 0.02207549 0.05949081 0.08368224 0.05505268 0.06495553 0.07429598 0.03135998 0.06260936 0.07714176 0.02733001 0.05770569 0.02730689 0.05972948 0.06641211 0.05685876 0.05655536 0.06086928 0.09795967 0.04045294 0.05948255 0.04637699 0.04423687 0.03545359 0.07013094 0.06309817 0.08830336 0.04210155 0.07505909 0.08572669 0.05145669 0.03327128 0.07881128 0.03813133 0.05335179 
0.05552683 0.05677384 0.05010178 0.10761676 0.07841083 0.06339150 0.02959395 0.05419093 0.07324530 0.09313249 0.09986235 0.08816542 0.13236060 0.00000000 0.11539211 0.08785685 0.07515372 0.09795393 0.06080088 0.09309465 0.05075823 0.08004689 0.06385666 0.11628071 0.09175542 0.06048973 0.05879310 0.07888260 0.10576377 0.07614147 0.07166308 0.04551058 0.07191000 0.07776796 0.05844666 0.03919076 0.04936939 0.05693698 0.05538918 0.03980690 0.04093373 0.06983067 0.04222212 0.04895355 0.03541385 0.05743161 0.08320061 0.05604812 0.04868024 0.04903926 0.03451142 0.05037536 0.06956596 0.05946118 0.03229555 0.03890294 0.05569820 0.05607995 0.05849366 0.08994756 0.06123911 0.05586210 0.03961923 0.04512195 0.07793747 0.08238211 0.03187788 0.05357802 0.05151583 0.06542811 0.02886371 0.10010474 0.03880136 0.05387976 0.05539376 0.02287157 0.04949261 0.06127895 0.06548879 0.04811888 0.07531080 0.06342322 0.06317251 0.05035105 0.06134382 0.06722913 0.03610786 0.05068016 0.05955711 0.04817286 0.05758371 0.04376649 0.07463312 0.06920259 0.07375500 0.06958126 0.08543073 0.05434913 0.05606209 0.06175665 0.05482146 0.05635356 0.04491199 0.06201294 0.04646579 0.04708458 0.04892206 0.04808456 0.05788068 0.07814510 0.05436302 0.04149020 0.04478282 0.02753690 0.05209999 0.03782936 0.05657646 0.04062620 0.07660737 0.04692260 0.03736398 0.06075132 0.06811473 0.05197717 0.04474738 0.05806081 0.05430227 0.03180219 0.06940798 0.07500993 0.04592971 0.05277551 0.09335698 0.07001721 0.03743614 0.05418173 0.06743017 0.04077454 0.04170381 0.04122464 0.06754801 0.02975940 0.06260202 0.04517459 0.05734903 0.04306330 0.05002334 0.04908534 0.08158764 0.05833924 0.08562121 0.05978312 0.07819755 0.04437819 0.06284318 0.05830878 0.04781576 0.06595830 0.05943026 0.07233350 0.05909433 0.06297765 0.07536991 0.07624563 0.06492436 0.08227906 0.05651047 0.06557667 0.06580698 0.04905288 0.03189891 0.04162107 0.07430395 0.02010321 0.04499457 0.05569497 0.05688989 0.04952758 0.03025409 0.04177892 0.05444880 0.09016933 0.04568318 0.03787644 0.05135892 0.06427062 0.06051225 0.06329592 0.05826408 0.06321268 0.04769631 0.08024560 0.05196216 0.06543447 0.03899153 0.03307340 0.05642897 0.04307394 0.07596449 0.05060983 0.05942124 0.04796554 0.06136939 0.02734079 0.06202935 0.03279618 0.05194516 0.04691321 0.05710390 
0.05440308 0.04992194 0.06220597 0.06698785 0.08173541 0.06099183 0.05274544 0.05488818 0.06581969 0.05755071 0.06307363 0.08760855 0.09584908 0.11539211 0.00000000 0.07607880 0.07461151 0.05177480 0.08262771 0.08552346 0.04678034 0.04931858 0.07805024 0.05331232 0.05460822 0.03752639 0.04683952 0.03891650 0.04565346 0.05898512 0.05143544 0.05457428 0.05435337 0.04888438 0.05392859 0.03336127 0.07358194 0.08049059 0.05555959 0.06770896 0.05132595 0.07854306 0.05847633 0.06226316 0.06016263 0.07858082 0.07555454 0.05172689 0.05731506 0.04770163 0.07613022 0.05695450 0.01853722 0.07503089 0.06478169 0.04723915 0.05977406 0.06695227 0.08386700 0.06100423 0.03114839 0.05989421 0.08470822 0.03505599 0.04104218 0.07007305 0.03345755 0.04907447 0.08509963 0.05212020 0.08853880 0.05691054 0.03198201 0.02651390 0.02666401 0.05706958 0.07500433 0.05030809 0.06162702 0.06083973 0.09459926 0.07602643 0.06149199 0.04580427 0.05427725 0.08172151 0.05097332 0.04742112 0.04796460 0.04988262 0.08037092 0.03447695 0.04390598 0.04112527 0.08247899 0.07521618 0.07493460 0.07791806 0.02858137 0.06550518 0.06607113 0.06086359 0.04668800 0.03748198 0.05890784 0.05384059 0.05471149 0.03576389 0.06368529 0.04414367 0.06887180 0.05763771 0.04922115 0.03781227 0.06148878 0.05335215 0.05182462 0.06070622 0.04304088 0.04883938 0.03120435 0.04457433 0.04166945 0.05918811 0.08971443 0.04675390 0.06570136 0.07581233 0.02608053 0.09314658 0.08740414 0.04819243 0.06424376 0.05141489 0.06955914 0.05508519 0.06006899 0.05833848 0.03755696 0.07620377 0.04045696 0.07457398 0.05416005 0.09346232 0.05126890 0.04500142 0.04626021 0.03653353 0.06998851 0.07180540 0.06684768 0.05010181 0.05248964 0.06731737 0.04983179 0.07032708 0.04999221 0.06565337 0.06690239 0.06006017 0.06721861 0.05270375 0.06122212 0.06620232 0.06701983 0.07298538 0.05645076 0.05327717 0.04649560 0.05453652 0.03103475 0.04432020 0.04882955 0.06401761 0.07596664 0.06637374 0.05475474 0.06725131 0.05906809 0.04120663 0.05321341 0.04297420 0.04950692 0.06178132 0.04989063 0.05318377 0.06047531 0.04056194 0.03844591 0.07460259 0.06704454 0.04789969 0.06842836 0.06104585 0.04254680 0.04508584 0.06945886 0.05492289 0.05667546 0.06760760 0.06387882 0.09844634 0.06093545 0.09243675 0.08033954 0.05386701 0.06884009 0.07282783 0.07187578 
0.06135777 0.03921400 0.06665599 0.07647255 0.06451675 0.02605594 0.04491635 0.06349441 0.05507816 0.07195368 0.06238426 0.06151391 0.08249871 0.08785685 0.07607880 0.00000000 0.10289713 0.11772565 0.07324714 0.14067760 0.06279280 0.05759450 0.06864953 0.07703137 0.05804993 0.04610272 0.05400976 0.04669305 0.05459449 0.05696151 0.06373680 0.06299748 0.06411051 0.05137818 0.03668077 0.03283032 0.05316715 0.06682154 0.05096765 0.04117724 0.06443335 0.04673473 0.05204859 0.07836654 0.05937865 0.06239156 0.07075644 0.04658748 0.06285208 0.03771163 0.07676292 0.05976626 0.06520460 0.07469523 0.05739046 0.03847145 0.05959004 0.05299474 0.08590918 0.07652270 0.06550892 0.06767682 0.03625845 0.05725964 0.04570669 0.06928229 0.04017381 0.08516755 0.03840384 0.04004228 0.05176216 0.08090907 0.05422162 0.05971327 0.06174357 0.03692678 0.06424509 0.06712200 0.07376097 0.06791522 0.05991568 0.05768761 0.04388945 0.07374563 0.04525834 0.04141365 0.05191616 0.04318395 0.04805805 0.05997492 0.03728017 0.06573510 0.05342610 0.08365401 0.05242411 0.06047107 0.08370401 0.05064511 0.04270585 0.03472212 0.05219036 0.03441323 0.02879243 0.05245579 0.08388141 0.08390663 0.05058468 0.05686779 0.04492352 0.07023582 0.03195632 0.03475743 0.07695555 0.03907428 0.03879872 0.05298719 0.04267759 0.06890845 0.07432212 0.06424068 0.06406490 0.05506701 0.04389501 0.04298937 0.06395195 0.06270516 0.07450216 0.05621455 0.07644957 0.09603674 0.06330236 0.09175851 0.04832456 0.06462817 0.04766990 0.06166129 0.05981778 0.05933645 0.05954905 0.04943022 0.06350070 0.05083731 0.04620024 0.03596130 0.05047144 0.04033742 0.05657920 0.03747876 0.05387862 0.04789851 0.03373965 0.07768112 0.06385852 0.07944566 0.08135419 0.06668261 0.05735783 0.06687109 0.06064607 0.06596082 0.06731040 0.05844075 0.06097953 0.06255697 0.05960905 0.06819704 0.06278259 0.03691059 0.03646024 0.04937645 0.05782672 0.05978936 0.05705820 0.06082736 0.03979967 0.04648304 0.05473165 0.04699334 0.06823465 0.05303421 0.08485594 0.04131008 0.06896546 0.05407283 0.02990553 0.04895033 0.05017757 0.05414517 0.07954467 0.06688942 0.05214204 0.07635129 0.06322186 0.08953875 0.04503893 0.06763353 0.06901914 0.05963336 0.07188335 0.06246596 0.03739379 0.03794051 0.04426503 0.02197936 0.05312841 0.05770639 0.04520259 0.04871769 0.04348683 
0.05789274 0.09738153 0.07094324 0.07319537 0.06333261 0.06860223 0.05683687 0.08741047 0.04521153 0.06022583 0.07426077 0.06760194 0.07216966 0.07515372 0.07461151 0.10289713 0.00000000 0.12871481 0.07633707 0.11953677 0.07173217 0.10285054 0.07692387 0.06137319 0.09081827 0.08093600 0.04642301 0.04095028 0.05434181 0.06776449 0.12368501 0.07626770 0.07399586 0.04885584 0.04705517 0.05885342 0.05568496 0.06677298 0.05390257 0.06416366 0.06432035 0.05281214 0.09111850 0.05180920 0.03922965 0.09667968 0.08053316 0.03707484 0.06079577 0.04249028 0.04545296 0.06812697 0.05462397 0.08806638 0.05074185 0.03837299 0.05360066 0.03976553 0.08008812 0.09396201 0.08400228 0.05024916 0.06832495 0.04555654 0.08058145 0.03570875 0.03733801 0.07849821 0.04700631 0.07131075 0.04187415 0.03522353 0.06728382 0.08182146 0.09945395 0.04000057 0.04483311 0.06306071 0.06457292 0.06144230 0.08117895 0.09106509 0.08432349 0.04305651 0.04346480 0.05019302 0.04523460 0.05730916 0.04275147 0.04809372 0.05800001 0.07842950 0.07673328 0.05744173 0.07406272 0.08540536 0.05395461 0.06204195 0.06367690 0.05530633 0.05727472 0.05347456 0.04060261 0.05590609 0.05269094 0.06654129 0.02589000 0.06401550 0.06706063 0.03998792 0.04156771 0.05979270 0.06268595 0.05380919 0.06093449 0.04517488 0.06648077 0.07176970 0.07356353 0.04678656 0.05034797 0.06115900 0.03036675 0.04889335 0.06174600 0.03195052 0.05653227 0.07335352 0.05806702 0.07000354 0.08226528 0.08984233 0.05463841 0.04585285 0.04905537 0.07636993 0.04153322 0.04264045 0.05246902 0.04152381 0.03511587 0.05871740 0.04542686 0.04939511 0.04514585 0.04634408 0.06624722 0.03381826 0.07466312 0.03293613 0.04625822 0.05343740 0.03186865 0.04159189 0.04486060 0.07301404 0.05974955 0.05276147 0.05394676 0.05182369 0.05949335 0.05198983 0.04705157 0.05094085 0.05334255 0.04933136 0.04201221 0.03584357 0.05872603 0.06251033 0.05891584 0.03830016 0.04913801 0.04242513 0.05788487 0.04323925 0.05387719 0.07275352 0.05891780 0.04389528 0.02550102 0.06458359 0.06302083 0.05072879 0.04664445 0.04946287 0.06613789 0.04819914 0.05170760 0.05223372 0.04610809 0.03874984 0.06346842 0.07026631 0.06572407 0.05783367 0.04075110 0.03565291 0.04376681 0.07470026 0.03801964 0.05590535 0.06848234 0.04368235 0.05175824 0.04755625 0.06171567 0.03900831 0.04606354 
