0.00000000 0.05707827 0.04624615 0.04822200 0.04014125 0.04331539 0.04699865 0.04407847 0.05195533 0.04577309 0.04075201 0.05050965 0.04282909 0.04873269 0.05397995 0.04501478 0.04958714 0.04122927 0.04383600 0.04154018 0.04524036 0.04141534 0.04919338 0.04310489 0.04455597 0.04788083 0.04008772 0.04604281 0.04505427 0.04447911 0.05307817 0.04773868 0.04371095 0.05080425 0.04631818 0.04707383 0.04452029 0.05377522 0.05530314 0.04779713 0.05601702 0.04910204 0.04493141 0.04250870 0.04850784 0.04668912 0.04177521 0.04655991 0.05638292 0.04243753 0.04767254 0.04674812 0.04307558 0.04368140 0.04330213 0.04431414 0.04505068 0.04770666 0.04393200 0.05013658 0.05142291 0.05013658 0.04455479 0.04095759 0.04354432 0.04129353 0.04168410 0.04613329 0.04681463 0.04737935 0.05085953 0.05733127 0.05331691 0.04869190 0.04813233 0.04351206 0.05321759 0.04607258 0.05012530 0.05372456 0.04341884 0.04578438 0.04499018 0.04394765 0.04726296 0.04310777 0.05061998 0.04487075 0.04902214 0.04372890 0.04343826 0.04223232 0.04464532 0.04875920 0.04838854 0.05441039 0.04320348 0.04956288 0.04569990 0.04476660 0.05178657 0.04199940 0.04893884 0.04913476 0.04263264 0.04921946 
0.05707827 0.00000000 0.04199909 0.04178706 0.00007585 0.01098563 0.03436594 0.06430099 0.06618718 0.01381435 0.01921994 0.03281576 0.02324191 0.02442092 0.04987749 0.04016003 0.02907997 0.05595111 0.04166827 0.06353102 0.05536575 0.03846149 0.06989419 0.03461940 0.03298052 0.03189407 0.05410545 0.05160101 0.03594594 0.04280210 0.06646749 0.03965537 0.05148218 0.05794529 0.04155303 0.04645717 0.03375723 0.05415137 0.03605310 0.05506884 0.04662135 0.05810451 0.05014856 0.03276521 0.06289162 0.05313536 0.03548989 0.06162759 0.04252337 0.04269864 0.06731576 0.04412102 0.04169202 0.06350320 0.05289878 0.04142289 0.03598312 0.05678581 0.02434820 0.06207766 0.05082899 0.06207766 0.04536542 0.02370552 0.03190026 0.03671714 0.03538050 0.09068717 0.03613831 0.10178151 0.09112830 0.06752477 0.07559320 0.06237976 0.09470723 0.04457437 0.04337917 0.06651090 0.02751779 0.04615860 0.03383352 0.07296089 0.05604926 0.01356466 0.05086954 0.00667768 0.07019492 0.02394509 0.05923593 0.04098315 0.04033439 0.05177096 0.06040331 0.06534600 0.08886485 0.03609509 0.07984262 0.05986846 0.02171853 0.03935889 0.06919535 0.03967394 0.03249801 0.03324318 0.05212715 0.03244905 
0.04624615 0.04199909 0.00000000 0.05358314 0.06506912 0.06647126 0.05461427 0.03134569 0.04786835 0.05008986 0.05010793 0.04950118 0.04524609 0.04664438 0.03856664 0.03742782 0.04826895 0.04543258 0.06684026 0.04926191 0.04263656 0.04826205 0.05928005 0.04491792 0.03852726 0.04404411 0.04526888 0.03942854 0.03902135 0.03541233 0.03685413 0.05985101 0.03341372 0.04199595 0.03875783 0.03935521 0.04229392 0.06375506 0.04899183 0.07291868 0.03142226 0.02779223 0.05705175 0.06029771 0.03603273 0.02972027 0.04380957 0.02557139 0.03094716 0.04901862 0.03936055 0.04082503 0.04987877 0.04977772 0.03265452 0.06304320 0.05594474 0.05147937 0.08252815 0.04093953 0.03461772 0.04093953 0.02838101 0.04911783 0.06457313 0.04253451 0.03553547 0.04545450 0.07789937 0.03879085 0.05099996 0.05521684 0.03839321 0.06192317 0.03744714 0.06332382 0.04885029 0.02979802 0.04692799 0.04933205 0.06535229 0.05752300 0.05057997 0.06103207 0.02645868 0.06690345 0.04040215 0.04395620 0.03961772 0.02931326 0.04505265 0.03315227 0.04558111 0.05425925 0.04085516 0.03768153 0.03659706 0.03840750 0.06131745 0.05582170 0.05226174 0.05731746 0.04872977 0.04720300 0.06093953 0.05202903 
0.04822200 0.04178706 0.05358314 0.00000000 0.06847239 0.07461485 0.06195859 0.06834489 0.04132844 0.05046681 0.06074370 0.03960603 0.02824012 0.05609201 0.04753335 0.03785792 0.04781468 0.05987790 0.05428464 0.04590555 0.05302385 0.05402682 0.04126664 0.05507779 0.02462121 0.03783476 0.04433475 0.03176912 0.04623088 0.04893612 0.04792994 0.07832911 0.06566231 0.04134395 0.03937976 0.04309919 0.06204029 0.06287421 0.06798712 0.06850452 0.04451182 0.03993997 0.02268833 0.04726263 0.05379444 0.04250225 0.04882331 0.07152858 0.03864685 0.06132427 0.04813741 0.03540068 0.03335705 0.05546497 0.03477668 0.03478712 0.04286064 0.03543171 0.03662846 0.04057064 0.02853278 0.04057064 0.05206725 0.05736909 0.05680002 0.02620698 0.03322670 0.04085944 0.04292968 0.03689107 0.04872858 0.07043883 0.07378966 0.06343502 0.04830723 0.03123493 0.04619072 0.05644947 0.04569075 0.04275427 0.04961681 0.05935624 0.02971544 0.04697664 0.03510252 0.04557892 0.05765189 0.05133505 0.03666266 0.05031812 0.04180777 0.03781878 0.04109114 0.04646476 0.06307190 0.03875536 0.05909327 0.04503543 0.05935396 0.05085438 0.07533091 0.03976372 0.04119136 0.04232699 0.05118465 0.03960228 
0.04014125 0.00007585 0.06506912 0.06847239 0.00000000 0.08445020 0.04208230 0.04430962 0.04586490 0.06142428 0.07007963 0.04916656 0.07723993 0.06789250 0.05426814 0.06929047 0.05904756 0.06640627 0.07998287 0.05428682 0.07302462 0.05666078 0.03746471 0.05311110 0.03702765 0.04005695 0.05326821 0.06324402 0.05184443 0.03261752 0.05348006 0.04159713 0.04134125 0.03065840 0.03971456 0.03489215 0.07055207 0.04065601 0.05118285 0.04785658 0.03014791 0.05243697 0.02901353 0.05439205 0.05010636 0.05048251 0.06911866 0.02860398 0.03401482 0.07164523 0.01648221 0.03279641 0.02277954 0.05960497 0.04844924 0.05013772 0.03802458 0.04221910 0.06135929 0.02668674 0.05083819 0.02668674 0.02601168 0.07422858 0.03762506 0.04646369 0.04334105 0.02473138 0.08791399 0.00987897 0.02460944 0.04601578 0.00000000 0.03295319 0.00320099 0.05323438 0.04680732 0.04819328 0.06275543 0.04425561 0.05680996 0.05300268 0.06241910 0.08705556 0.03887745 0.06570098 0.03860988 0.06399781 0.02729073 0.06848521 0.06317863 0.06481645 0.02223942 0.03375444 0.04351779 0.03634393 0.03652966 0.03716829 0.07528142 0.04292960 0.02324656 0.06546645 0.04004918 0.04076934 0.07333870 0.04015731 
0.04331539 0.01098563 0.06647126 0.07461485 0.08445020 0.00000000 0.05113728 0.04228007 0.04021656 0.08800169 0.07155843 0.06318143 0.06171548 0.06768684 0.03403774 0.04624449 0.06862475 0.06877913 0.07773913 0.04720523 0.03166002 0.07094068 0.02560019 0.08125079 0.04972750 0.07109132 0.03684383 0.02851140 0.04974292 0.08154175 0.05465690 0.05460532 0.04307977 0.03541934 0.05979503 0.04063782 0.04213206 0.04858589 0.01469184 0.03519583 0.03358207 0.02901470 0.07166141 0.04160507 0.04305487 0.02998464 0.08017529 0.04135503 0.02303268 0.06856931 0.02394930 0.06525512 0.02971430 0.02745729 0.01759078 0.04626866 0.06305248 0.02995201 0.05915620 0.03220585 0.03234960 0.03220585 0.04337434 0.04507117 0.05670531 0.03717339 0.06224752 0.02224267 0.05888758 0.01328885 0.02708321 0.03180802 0.01290436 0.03788751 0.01166389 0.03626110 0.05181618 0.04850812 0.06023352 0.04734078 0.05122640 0.03380541 0.04610069 0.09325102 0.02941671 0.05544181 0.06817851 0.06669317 0.04839314 0.04401316 0.04076827 0.04876075 0.01846722 0.02006894 0.06053164 0.05050402 0.03294531 0.02901834 0.04266661 0.06403179 0.02389250 0.05435815 0.06179207 0.05982634 0.07215841 0.06044195 
0.04699865 0.03436594 0.05461427 0.06195859 0.04208230 0.05113728 0.00000000 0.06603347 0.05043476 0.06231038 0.04285060 0.06955285 0.04225383 0.07686781 0.05764751 0.05838055 0.07743489 0.04429547 0.03989218 0.02716157 0.02151831 0.05742096 0.04773974 0.07129494 0.10360596 0.04244297 0.04602790 0.03888840 0.03077347 0.03486768 0.05599377 0.03008095 0.07180679 0.04403370 0.03386522 0.04943399 0.02484807 0.04534842 0.06945272 0.06550783 0.01995576 0.03131102 0.03803094 0.06270660 0.02894251 0.05249950 0.04048942 0.03072474 0.03905236 0.04758467 0.06119780 0.03793073 0.05632265 0.06511834 0.05234677 0.05212307 0.08294722 0.04687123 0.06957348 0.04287960 0.01956071 0.04287960 0.02026788 0.03782667 0.05007194 0.06396551 0.07160516 0.03435494 0.04734268 0.05194631 0.04418025 0.04047613 0.08667410 0.03475979 0.04806511 0.04171980 0.04851935 0.05317241 0.04352970 0.04804983 0.03382042 0.03883270 0.02922111 0.02883577 0.05191945 0.04179782 0.01519488 0.03928306 0.04500379 0.01910883 0.02992043 0.03224169 0.05357515 0.06068632 0.04817745 0.04663699 0.05797890 0.05590216 0.08780500 0.04646979 0.02993594 0.03576443 0.03785908 0.03632512 0.04494463 0.03628371 
0.04407847 0.06430099 0.03134569 0.06834489 0.04430962 0.04228007 0.06603347 0.00000000 0.04705414 0.06226946 0.05815251 0.06066488 0.06119895 0.07847374 0.04433069 0.07467241 0.07043221 0.05821436 0.03684485 0.04134572 0.02929625 0.04388223 0.05066119 0.02618461 0.07467057 0.04024355 0.05172370 0.03617068 0.03525087 0.04483618 0.06157091 0.03643793 0.06490282 0.03799844 0.03111610 0.02907937 0.01518473 0.05787976 0.05830698 0.03813726 0.03151499 0.07105817 0.06055878 0.05070033 0.04719487 0.03299534 0.04084032 0.06755490 0.03465052 0.02138602 0.03747873 0.03410097 0.03737607 0.03220433 0.06575846 0.07367407 0.02890420 0.06076357 0.04609172 0.03468332 0.07637077 0.03468332 0.03995144 0.04407195 0.03869141 0.03002174 0.06275066 0.04265006 0.03203225 0.06498354 0.03999897 0.05411175 0.06341344 0.02818778 0.05838139 0.04463351 0.04621312 0.04479879 0.03617020 0.04537477 0.06661125 0.04876820 0.04774591 0.06906611 0.03866120 0.04526523 0.07027542 0.04229586 0.05429261 0.01892456 0.05808469 0.07068234 0.03855342 0.03789544 0.04969852 0.06438560 0.04522345 0.03631714 0.04146490 0.04082727 0.06465070 0.03991170 0.03790910 0.03712634 0.03408460 0.04033615 
0.05195533 0.06618718 0.04786835 0.04132844 0.04586490 0.04021656 0.05043476 0.04705414 0.00000000 0.03633689 0.06413753 0.04048473 0.07335596 0.05418745 0.05560027 0.06082847 0.04549343 0.03880930 0.04833932 0.05452753 0.07450865 0.04405300 0.06634125 0.06086754 0.04185989 0.03544611 0.05927117 0.04884080 0.04961370 0.08134325 0.08797560 0.04287784 0.05553730 0.05038196 0.03796701 0.05542016 0.04570941 0.04325422 0.04311734 0.03771941 0.04241914 0.05443177 0.03946131 0.04245419 0.04700471 0.04420270 0.05587038 0.05179156 0.04533241 0.03777636 0.03782938 0.03401206 0.06310409 0.06545620 0.03994379 0.05823102 0.03798189 0.04399335 0.03229200 0.05334226 0.03445673 0.05334226 0.01862631 0.05062306 0.03726796 0.03768518 0.03804043 0.04136011 0.03833994 0.04288406 0.05255777 0.05896501 0.02571617 0.02343445 0.04668532 0.05432927 0.04796723 0.03142870 0.03714883 0.04303280 0.06832947 0.05658727 0.04754737 0.04741613 0.06469518 0.05531289 0.02572916 0.03809960 0.05204184 0.04994703 0.04383031 0.05623129 0.04830041 0.03553098 0.04185061 0.05652250 0.05005310 0.05958018 0.06753058 0.06329470 0.03853417 0.05904421 0.03742298 0.03568004 0.03733083 0.04043979 
0.04577309 0.01381435 0.05008986 0.05046681 0.06142428 0.08800169 0.06231038 0.06226946 0.03633689 0.00000000 0.04909072 0.08493575 0.08568659 0.10918683 0.04929409 0.08624528 0.09992009 0.08550547 0.06613797 0.02297507 0.02529090 0.04316421 0.03987003 0.05103541 0.04021546 0.08764698 0.03973757 0.05023028 0.06948279 0.03521129 0.04287486 0.04246586 0.03377436 0.03813380 0.07754553 0.05504395 0.04474152 0.03624179 0.05093378 0.04014763 0.04827116 0.03457831 0.08326363 0.04290066 0.04453129 0.03890232 0.04826686 0.06247554 0.03657353 0.02781173 0.02703256 0.08300051 0.04845121 0.03204861 0.04607315 0.04587225 0.04482014 0.02281836 0.04891530 0.03538759 0.04478917 0.03538759 0.07008999 0.04096966 0.05044791 0.04543303 0.06798263 0.02387315 0.05039708 0.01645047 0.02594236 0.02868348 0.01522915 0.03340137 0.01500889 0.04444811 0.04665130 0.03194249 0.07005982 0.04818174 0.03195397 0.02694988 0.04460268 0.03432233 0.03822936 0.03541409 0.04089445 0.05090885 0.03059253 0.04072112 0.04082712 0.05215025 0.03041529 0.03539968 0.04689020 0.05981329 0.04264855 0.02698619 0.03248212 0.04702149 0.02521413 0.02578884 0.06912052 0.07110528 0.03498638 0.07015125 
0.04075201 0.01921994 0.05010793 0.06074370 0.07007963 0.07155843 0.04285060 0.05815251 0.06413753 0.04909072 0.00000000 0.04767386 0.07426460 0.06547820 0.06104605 0.05746370 0.05718192 0.06674701 0.04588760 0.05496407 0.06090586 0.05537212 0.05301390 0.05576708 0.03906475 0.03113601 0.05974316 0.02804358 0.02961760 0.06080940 0.05320772 0.05485960 0.03818739 0.03199752 0.02661075 0.02619733 0.07854727 0.02885839 0.03562587 0.04843063 0.04342397 0.05590636 0.03282126 0.03733905 0.05603146 0.02824172 0.06811641 0.04016965 0.05280864 0.04316059 0.02811269 0.03066868 0.06050871 0.03492815 0.04816982 0.02699770 0.03951367 0.03636049 0.04371067 0.02851341 0.03652389 0.02851341 0.03800908 0.06825232 0.06122435 0.04944518 0.04974066 0.01881573 0.04299801 0.03588290 0.04567233 0.04852345 0.02982277 0.04382811 0.04538338 0.03852681 0.04452920 0.04244469 0.03249529 0.04382936 0.05661444 0.06142968 0.03477121 0.07972543 0.04949781 0.09307090 0.05611613 0.07313289 0.04792070 0.02895793 0.06896739 0.07082581 0.04862792 0.04597878 0.05546200 0.03655978 0.06432754 0.03598568 0.05451478 0.05060355 0.05479980 0.04355296 0.04738342 0.04311298 0.05413286 0.03600163 
0.05050965 0.03281576 0.04950118 0.03960603 0.04916656 0.06318143 0.06955285 0.06066488 0.04048473 0.08493575 0.04767386 0.00000000 0.06387982 0.09376435 0.04112831 0.08029251 0.09362241 0.06375565 0.05124152 0.04228335 0.04003745 0.07235227 0.04718673 0.05529186 0.04711525 0.04281780 0.05888853 0.06298653 0.03702177 0.05294998 0.04834338 0.03859494 0.03484808 0.04776730 0.03923211 0.04059799 0.03738581 0.04198801 0.03081051 0.04146344 0.03508864 0.04120716 0.05639125 0.03910279 0.05289104 0.03765876 0.05729937 0.03777789 0.03553423 0.04793481 0.04192819 0.04035241 0.03712901 0.03823562 0.05224935 0.05077658 0.05455073 0.03197418 0.04340894 0.04697440 0.03425405 0.04697440 0.05861822 0.04026953 0.04277115 0.05038558 0.05875101 0.03690826 0.05024102 0.03308942 0.03717799 0.03934729 0.03244224 0.04164357 0.03201743 0.03859868 0.05172091 0.03956340 0.04637847 0.05325671 0.04316809 0.04133517 0.04831869 0.04353400 0.05822009 0.04864942 0.03548579 0.05466525 0.03919926 0.04491251 0.04422742 0.04758587 0.03192093 0.03782207 0.04176385 0.04385676 0.04708733 0.03552079 0.04508589 0.04038501 0.03963510 0.04513852 0.04390359 0.04424098 0.05089448 0.04462957 
0.04282909 0.02324191 0.04524609 0.02824012 0.07723993 0.06171548 0.04225383 0.06119895 0.07335596 0.08568659 0.07426460 0.06387982 0.00000000 0.08396026 0.07761711 0.09204068 0.07583568 0.06605489 0.07263362 0.04803159 0.02999028 0.05419328 0.02700328 0.04271417 0.06129372 0.05875134 0.02855389 0.05250240 0.04976803 0.05018026 0.06706629 0.02611360 0.04189416 0.03551119 0.04851438 0.03781762 0.03766568 0.05290915 0.05414470 0.03972171 0.02110736 0.04115943 0.04271998 0.03195343 0.03264664 0.01140528 0.04942345 0.02562828 0.02222827 0.03884800 0.02807499 0.04292061 0.04149918 0.02391738 0.04661164 0.05338135 0.02869935 0.04137716 0.06481659 0.03259959 0.02610065 0.03259959 0.03508943 0.07668010 0.03429934 0.04247335 0.02885716 0.04414751 0.04003751 0.04511789 0.03935472 0.01747425 0.01862934 0.03187788 0.04592700 0.07499260 0.04535029 0.04009440 0.06837923 0.04540275 0.08487408 0.05015110 0.08969310 0.04081903 0.06174454 0.02295070 0.04373129 0.05928976 0.03547221 0.08041062 0.06932391 0.04266562 0.03622227 0.04806839 0.03948917 0.08387878 0.04185412 0.03982423 0.04554451 0.04681227 0.02913125 0.07080476 0.04236147 0.04479978 0.04792451 0.04350587 
0.04873269 0.02442092 0.04664438 0.05609201 0.06789250 0.06768684 0.07686781 0.07847374 0.05418745 0.10918683 0.06547820 0.09376435 0.08396026 0.00000000 0.05891881 0.10311413 0.10988339 0.07673749 0.06549108 0.03818306 0.04169321 0.06537655 0.03434735 0.05549842 0.05073486 0.03724566 0.04623919 0.05173033 0.03068134 0.05295516 0.05134136 0.03448142 0.03015368 0.04326467 0.03244062 0.03454004 0.03215410 0.04866288 0.06018985 0.03886154 0.03158700 0.03962226 0.04396156 0.04596480 0.05113585 0.04424325 0.04040427 0.03155352 0.02821616 0.04529682 0.03498615 0.03386045 0.03613240 0.03460795 0.05639765 0.05975815 0.05312730 0.03538875 0.05310647 0.04149165 0.02846834 0.04149165 0.04580403 0.03148397 0.04075057 0.05657014 0.06398287 0.03014843 0.04738023 0.02516494 0.03055839 0.03332723 0.02433462 0.03618222 0.02395144 0.03442250 0.04896897 0.03579404 0.04083186 0.05041997 0.03925971 0.03740978 0.04767828 0.04822379 0.04878895 0.05178022 0.04730031 0.04060816 0.04587342 0.04175553 0.04680385 0.05363711 0.02938050 0.03303227 0.04315531 0.05492844 0.04649562 0.03126341 0.03783151 0.04044912 0.03691506 0.04346782 0.04058417 0.04050005 0.05042658 0.04092614 
0.05397995 0.04987749 0.03856664 0.04753335 0.05426814 0.03403774 0.05764751 0.04433069 0.05560027 0.04929409 0.06104605 0.04112831 0.07761711 0.05891881 0.00000000 0.07136130 0.05030707 0.06265602 0.05245299 0.05511976 0.03369029 0.03125172 0.02858408 0.02920508 0.05320089 0.03922030 0.05630581 0.05969987 0.04193026 0.05024120 0.07596063 0.03372106 0.04879872 0.03715325 0.03982676 0.04395448 0.04260254 0.04402371 0.05426727 0.04368274 0.04920502 0.07307260 0.04079679 0.03480944 0.04455863 0.05304471 0.04977850 0.05096759 0.04123587 0.05420787 0.03711621 0.03493612 0.03980670 0.05963730 0.06062179 0.04133490 0.03597226 0.04583092 0.04547174 0.03595892 0.04330833 0.03595892 0.04159050 0.06347546 0.04039273 0.04961678 0.03976500 0.03815835 0.04372943 0.04649936 0.03697543 0.03661523 0.04067210 0.02713753 0.05448511 0.05773391 0.04728090 0.04620995 0.03792980 0.04280529 0.06035715 0.05380861 0.07533830 0.01571656 0.05692610 0.05778565 0.03939235 0.04392732 0.04027227 0.04528633 0.04299776 0.08711220 0.04364966 0.04573046 0.05385275 0.05037395 0.06836525 0.05278881 0.05223850 0.06007714 0.06881692 0.04448828 0.04509045 0.04543568 0.04289999 0.04769701 
0.04501478 0.04016003 0.03742782 0.03785792 0.06929047 0.04624449 0.05838055 0.07467241 0.06082847 0.08624528 0.05746370 0.08029251 0.09204068 0.10311413 0.07136130 0.00000000 0.09391123 0.04884122 0.06182656 0.03736564 0.04386212 0.08084311 0.02314567 0.04415180 0.04613776 0.03170338 0.03158871 0.06163110 0.02483173 0.04969693 0.05334662 0.02374682 0.03745209 0.03678355 0.02412729 0.02741273 0.03985266 0.04055728 0.05986908 0.03770085 0.02827946 0.05188920 0.02545083 0.06148518 0.04762924 0.04009496 0.03892451 0.03544421 0.02993372 0.04710424 0.06009748 0.02627518 0.04728428 0.03309167 0.04180869 0.04741577 0.03551870 0.02699930 0.03997464 0.03395031 0.04391226 0.03395031 0.03272143 0.04008749 0.03099515 0.06056383 0.07078820 0.04529973 0.03833286 0.03723295 0.05150034 0.02677263 0.03313001 0.03094426 0.04411932 0.06908795 0.04611387 0.06567757 0.03360626 0.04746182 0.05540406 0.04916580 0.05374141 0.03107305 0.06004061 0.04068454 0.03852121 0.04827331 0.07281302 0.03901485 0.06502198 0.04714635 0.03749662 0.03298058 0.05047520 0.04637095 0.07532466 0.04363471 0.06385549 0.03637793 0.05592330 0.04138885 0.03889488 0.03792556 0.05036507 0.03895203 
0.04958714 0.02907997 0.04826895 0.04781468 0.05904756 0.06862475 0.07743489 0.07043221 0.04549343 0.09992009 0.05718192 0.09362241 0.07583568 0.10988339 0.05030707 0.09391123 0.00000000 0.06953332 0.06359884 0.04127918 0.04116173 0.06055210 0.03894343 0.05642228 0.04815610 0.04043896 0.04801425 0.04893635 0.03431985 0.05423045 0.04141695 0.03726784 0.03329984 0.04589911 0.03626304 0.03794826 0.03534683 0.04714711 0.05006053 0.04101723 0.03477339 0.04254142 0.04772455 0.04448802 0.04409151 0.04361752 0.04339054 0.03513816 0.03222639 0.04765054 0.03884019 0.03754502 0.03405196 0.03750671 0.05138648 0.04576229 0.05467061 0.03535537 0.04699827 0.04471373 0.03207590 0.04471373 0.04987109 0.03370123 0.04324016 0.05425389 0.06247075 0.03387192 0.04892693 0.02950172 0.03415704 0.03656528 0.02873878 0.03921418 0.02839356 0.03755809 0.05068579 0.03853330 0.04402247 0.05228754 0.04190287 0.04055256 0.04997757 0.04284387 0.04190145 0.05068401 0.04380992 0.04003082 0.04339721 0.04419964 0.04753550 0.05355839 0.03087362 0.03606214 0.04271197 0.05319956 0.04850825 0.03457625 0.03683969 0.04154042 0.03941639 0.04594018 0.04239381 0.04252963 0.05222518 0.04290761 
0.04122927 0.05595111 0.04543258 0.05987790 0.06640627 0.06877913 0.04429547 0.05821436 0.03880930 0.08550547 0.06674701 0.06375565 0.06605489 0.07673749 0.06265602 0.04884122 0.06953332 0.00000000 0.06244706 0.03125715 0.02947573 0.04095141 0.07078603 0.04900013 0.05156436 0.06001499 0.06936110 0.03245837 0.03949065 0.06622725 0.06736802 0.03786320 0.02295754 0.03192043 0.04488293 0.03122246 0.04813773 0.05436750 0.03789733 0.04537088 0.04161077 0.02552637 0.04696143 0.04859706 0.06138496 0.05321609 0.05927235 0.04993830 0.02578811 0.02997959 0.02835408 0.05219635 0.04029148 0.04380195 0.05346294 0.04607633 0.04969396 0.04090813 0.06069386 0.02839873 0.04654173 0.02839873 0.03159602 0.05992175 0.03521039 0.05502570 0.03785327 0.04875433 0.04841603 0.04495222 0.02998162 0.02637417 0.04913195 0.04029565 0.04632398 0.06291760 0.04334931 0.02793506 0.04948786 0.04357076 0.03808149 0.02678500 0.07143265 0.03570406 0.03740104 0.03275132 0.06510059 0.06142759 0.06215427 0.03610938 0.05652807 0.03912355 0.03603803 0.05066252 0.05644126 0.03442758 0.03564798 0.02484992 0.02837437 0.07140526 0.06372516 0.05594897 0.05565105 0.05828191 0.04833137 0.05709375 
0.04383600 0.04166827 0.06684026 0.05428464 0.07998287 0.07773913 0.03989218 0.03684485 0.04833932 0.06613797 0.04588760 0.05124152 0.07263362 0.06549108 0.05245299 0.06182656 0.06359884 0.06244706 0.00000000 0.04216428 0.03985624 0.04062437 0.05000727 0.05252565 0.04479095 0.03434451 0.05899280 0.03509043 0.04299044 0.04517360 0.05525020 0.04357584 0.05333358 0.04022389 0.03419987 0.04499300 0.04993981 0.05339028 0.03376095 0.04826148 0.02168147 0.05862363 0.04386414 0.08101627 0.07308017 0.03419990 0.04188978 0.01092821 0.04286672 0.05323652 0.02290149 0.02951840 0.04983706 0.05143982 0.03498233 0.04340398 0.05232622 0.04075790 0.06353010 0.03957188 0.02332661 0.03957188 0.02689689 0.07649946 0.04603599 0.04075972 0.04102665 0.02532239 0.06181588 0.01698494 0.06825418 0.03553118 0.02655947 0.06975959 0.00925790 0.04736274 0.04611535 0.04327586 0.04876194 0.04428100 0.04775995 0.03438856 0.05554398 0.06268608 0.04049340 0.06034239 0.05705318 0.05580447 0.05669468 0.04933002 0.05684170 0.07629465 0.03421125 0.04279035 0.05714963 0.04139957 0.05338047 0.03063299 0.05551532 0.05995976 0.08519088 0.05357751 0.03610683 0.03687917 0.06884078 0.03648492 
0.04154018 0.06353102 0.04926191 0.04590555 0.05428682 0.04720523 0.02716157 0.04134572 0.05452753 0.02297507 0.05496407 0.04228335 0.04803159 0.03818306 0.05511976 0.03736564 0.04127918 0.03125715 0.04216428 0.00000000 0.05840990 0.04370800 0.04935494 0.04081434 0.04007509 0.03840870 0.04752596 0.04739856 0.02930324 0.04466027 0.05138103 0.05999762 0.03531100 0.03455720 0.03495738 0.03401277 0.03109920 0.02510088 0.03711204 0.02734293 0.05425037 0.04613374 0.02690895 0.05206116 0.02990925 0.02000775 0.04343199 0.02933265 0.05171515 0.06896951 0.03236642 0.02867987 0.05000492 0.07567277 0.04062465 0.05243578 0.04276646 0.04647353 0.04306536 0.03089013 0.05570218 0.03089013 0.05975692 0.02807261 0.07630728 0.06902433 0.03845507 0.07356564 0.05050003 0.07055232 0.05307872 0.03601904 0.04923736 0.06594677 0.07578517 0.05566543 0.04324504 0.04441689 0.04310786 0.04479361 0.05931033 0.07444239 0.04743867 0.05099134 0.07151358 0.07613382 0.04680203 0.05750551 0.03699921 0.09760638 0.04294478 0.05213533 0.06139876 0.06448292 0.06056586 0.04032318 0.04241206 0.04950102 0.06552152 0.02981926 0.03691039 0.07815611 0.04109000 0.04268015 0.08382491 0.04248708 
0.04524036 0.05536575 0.04263656 0.05302385 0.07302462 0.03166002 0.02151831 0.02929625 0.07450865 0.02529090 0.06090586 0.04003745 0.02999028 0.04169321 0.03369029 0.04386212 0.04116173 0.02947573 0.03985624 0.05840990 0.00000000 0.05882843 0.04840385 0.04590460 0.04505703 0.03375369 0.03460470 0.06668479 0.06367835 0.07248463 0.03351067 0.07222339 0.04151765 0.04843509 0.03953488 0.04708525 0.05020945 0.06977776 0.02741190 0.03259434 0.04703060 0.04648136 0.08001951 0.02983208 0.07260757 0.03207418 0.05792139 0.05441793 0.05088617 0.04148500 0.03883225 0.03163195 0.05917211 0.05493779 0.04780320 0.06037112 0.05727652 0.08782365 0.02613220 0.04886217 0.04114399 0.04886217 0.04902999 0.04018981 0.03930866 0.06829514 0.04261525 0.05543375 0.03232484 0.05394246 0.05121449 0.04343465 0.06126904 0.04716501 0.04709140 0.02870914 0.04555317 0.05269431 0.04439043 0.04522252 0.07679053 0.02850713 0.01666782 0.05096016 0.03786865 0.02212341 0.03834083 0.01777922 0.05784028 0.04808255 0.08377270 0.07955031 0.10271049 0.04441101 0.02034210 0.02481316 0.03349197 0.04674053 0.05549941 0.07080666 0.03958567 0.06569300 0.03537567 0.03888973 0.04702184 0.04448297 
0.04141534 0.03846149 0.04826205 0.05402682 0.05666078 0.07094068 0.05742096 0.04388223 0.04405300 0.04316421 0.05537212 0.07235227 0.05419328 0.06537655 0.03125172 0.08084311 0.06055210 0.04095141 0.04062437 0.04370800 0.05882843 0.00000000 0.02492707 0.06685863 0.06016775 0.02650566 0.09270544 0.07197751 0.02775627 0.04531525 0.06177616 0.06202484 0.05378395 0.03218124 0.01782962 0.02630487 0.03632455 0.05095013 0.03256914 0.03066276 0.02237988 0.04870291 0.04929844 0.04618516 0.04551646 0.03370761 0.04768600 0.04243384 0.03880094 0.10308994 0.06949689 0.02099915 0.04017063 0.03872962 0.05006620 0.04165833 0.05960015 0.03341712 0.06140659 0.02876765 0.05135662 0.02876765 0.03376372 0.04103223 0.04392835 0.06119858 0.08675943 0.02509389 0.04040886 0.02773773 0.05789421 0.03780697 0.04744683 0.03345027 0.02563328 0.03101387 0.04957549 0.09073858 0.02935114 0.04634886 0.06074247 0.04332558 0.04534695 0.10175146 0.06209367 0.07543389 0.04639625 0.05595753 0.07983875 0.03322472 0.04910376 0.02791511 0.03691109 0.02496521 0.04495593 0.03088547 0.02404167 0.03616886 0.10622837 0.05385247 0.02763932 0.02623491 0.03556178 0.03483494 0.06974977 0.03042796 
0.04919338 0.06989419 0.05928005 0.04126664 0.03746471 0.02560019 0.04773974 0.05066119 0.06634125 0.03987003 0.05301390 0.04718673 0.02700328 0.03434735 0.02858408 0.02314567 0.03894343 0.07078603 0.05000727 0.04935494 0.04840385 0.02492707 0.00000000 0.03936231 0.04885039 0.04760927 0.04553132 0.04283408 0.04775274 0.02984048 0.04077436 0.06970287 0.03124134 0.05418917 0.05704651 0.05606945 0.03842889 0.06243593 0.03824856 0.05554800 0.04941867 0.02525405 0.03304178 0.05361293 0.04024357 0.04562467 0.03654699 0.07055007 0.04146836 0.04681683 0.05479495 0.05459254 0.05077308 0.04960755 0.04701790 0.04041589 0.03758826 0.06389274 0.05134703 0.05749266 0.05764048 0.05749266 0.06472061 0.02209954 0.05319019 0.04152281 0.02468947 0.06241376 0.06062650 0.05900452 0.08060694 0.04976975 0.06334748 0.07670119 0.06190859 0.07107475 0.04305432 0.02908738 0.04918840 0.04467697 0.04372382 0.04516861 0.03598835 0.05973393 0.04128844 0.06358048 0.04370618 0.04741093 0.06087684 0.04353651 0.07174597 0.02218984 0.05027818 0.07073331 0.04700110 0.04256494 0.03659741 0.02295493 0.03488043 0.02510594 0.06353713 0.06222691 0.04599726 0.04826332 0.04167859 0.04779921 
0.04310489 0.03461940 0.04491792 0.05507779 0.05311110 0.08125079 0.07129494 0.02618461 0.06086754 0.05103541 0.05576708 0.05529186 0.04271417 0.05549842 0.02920508 0.04415180 0.05642228 0.04900013 0.05252565 0.04081434 0.04590460 0.06685863 0.03936231 0.00000000 0.05933921 0.03166662 0.05462092 0.04557339 0.03022741 0.07241611 0.01845042 0.03691933 0.07366146 0.03691082 0.03557806 0.04141559 0.04119157 0.07235122 0.02809762 0.04504226 0.04075197 0.03322801 0.04210556 0.07750229 0.04407406 0.05802159 0.04261080 0.04344669 0.04771295 0.06124902 0.03321299 0.02603266 0.03617442 0.03565232 0.06351424 0.03517250 0.07220739 0.05790009 0.06368439 0.03409535 0.01961317 0.03409535 0.03594576 0.05202677 0.03641412 0.05254843 0.04044626 0.02957892 0.03285436 0.03867418 0.03522548 0.03031605 0.07063580 0.04053103 0.05399481 0.04795677 0.04630945 0.04144806 0.04332568 0.04702817 0.04593565 0.07936871 0.08031035 0.06615548 0.02125870 0.02241044 0.06132461 0.04637882 0.03595636 0.06230164 0.05007467 0.04345941 0.04327403 0.05335280 0.04847403 0.02980334 0.06250699 0.06143704 0.05826872 0.04459107 0.03623716 0.05874639 0.04632046 0.04616001 0.07818327 0.04725854 
0.04455597 0.03298052 0.03852726 0.02462121 0.03702765 0.04972750 0.10360596 0.07467057 0.04185989 0.04021546 0.03906475 0.04711525 0.06129372 0.05073486 0.05320089 0.04613776 0.04815610 0.05156436 0.04479095 0.04007509 0.04505703 0.06016775 0.04885039 0.05933921 0.00000000 0.03069160 0.05896484 0.04774052 0.02362018 0.07032909 0.05733512 0.02301208 0.06051253 0.03937972 0.02812981 0.04991459 0.01812195 0.02758278 0.04505456 0.05750601 0.03007983 0.03474525 0.04843549 0.07128550 0.04510746 0.06520190 0.06040141 0.02991512 0.05956989 0.03387960 0.02480069 0.02163918 0.07073358 0.04371128 0.05165224 0.04899127 0.04514992 0.04534486 0.07786279 0.03736196 0.05123722 0.03736196 0.03644180 0.04499253 0.02141889 0.07340405 0.06577254 0.04139755 0.03775564 0.05297603 0.03752956 0.05385600 0.05434017 0.04640718 0.04746087 0.06313576 0.04702934 0.02854330 0.04535233 0.04468184 0.06846533 0.02938707 0.04290612 0.07243088 0.04551091 0.04795665 0.06352496 0.06810695 0.05786569 0.03293352 0.04431362 0.05877699 0.05771588 0.05659944 0.06013328 0.06810780 0.05076813 0.04706875 0.05380159 0.07363764 0.03603254 0.05315359 0.03895637 0.03863826 0.03279132 0.04151609 
0.04788083 0.03189407 0.04404411 0.03783476 0.04005695 0.07109132 0.04244297 0.04024355 0.03544611 0.08764698 0.03113601 0.04281780 0.05875134 0.03724566 0.03922030 0.03170338 0.04043896 0.06001499 0.03434451 0.03840870 0.03375369 0.02650566 0.04760927 0.03166662 0.03069160 0.00000000 0.03779531 0.04575228 0.07982199 0.03412866 0.03713368 0.07193511 0.04307263 0.04259711 0.08582470 0.06230605 0.05418850 0.05434353 0.02466641 0.04914111 0.07323022 0.04482654 0.08504619 0.04603790 0.04452631 0.04422880 0.05282501 0.07249306 0.04593756 0.03762972 0.03383918 0.09088111 0.04745999 0.04146173 0.04075060 0.03565590 0.02473073 0.03290316 0.03951040 0.04077992 0.06320604 0.04077992 0.06916638 0.06908540 0.06121720 0.03432469 0.05886210 0.04067586 0.04498187 0.03490515 0.03154985 0.03128874 0.02608957 0.03560300 0.03914425 0.06008823 0.04896288 0.03209736 0.07579194 0.05079874 0.03757845 0.04440351 0.05329494 0.03278760 0.04165883 0.04071056 0.04535081 0.05921555 0.03284920 0.04846885 0.04399566 0.03132534 0.05135230 0.05811769 0.04211007 0.06203478 0.03550429 0.04948623 0.03326327 0.04771512 0.04362170 0.03141342 0.07717490 0.07796894 0.02588941 0.07719305 
0.04008772 0.05410545 0.04526888 0.04433475 0.05326821 0.03684383 0.04602790 0.05172370 0.05927117 0.03973757 0.05974316 0.05888853 0.02855389 0.04623919 0.05630581 0.03158871 0.04801425 0.06936110 0.05899280 0.04752596 0.03460470 0.09270544 0.04553132 0.05462092 0.05896484 0.03779531 0.00000000 0.06351668 0.03688696 0.04363364 0.09630334 0.05684733 0.03943155 0.03128495 0.02493322 0.02827221 0.04829174 0.04167940 0.02616050 0.03674047 0.03487597 0.06294752 0.03571123 0.06468439 0.05289425 0.05396150 0.05494350 0.02466336 0.03477442 0.04158994 0.02510915 0.02932197 0.07317641 0.04902748 0.06204409 0.04480926 0.04774014 0.05657266 0.05257704 0.02760233 0.04154326 0.02760233 0.03280267 0.05982340 0.04182579 0.04157396 0.04448213 0.04794442 0.05968404 0.04634884 0.04849763 0.06355475 0.03641338 0.05481072 0.05500226 0.06279564 0.04375753 0.03943135 0.03279359 0.04618317 0.05003719 0.03637101 0.04185356 0.05489916 0.07157124 0.07168168 0.07955544 0.03149923 0.06473635 0.03096380 0.03922645 0.08767839 0.04149850 0.03944751 0.05155221 0.03857321 0.05070821 0.04499070 0.06922570 0.05360317 0.03651201 0.05162482 0.03426056 0.03342099 0.04779223 0.03742179 
0.04604281 0.05160101 0.03942854 0.03176912 0.06324402 0.02851140 0.03888840 0.03617068 0.04884080 0.05023028 0.02804358 0.06298653 0.05250240 0.05173033 0.05969987 0.06163110 0.04893635 0.03245837 0.03509043 0.04739856 0.06668479 0.07197751 0.04283408 0.04557339 0.04774052 0.04575228 0.06351668 0.00000000 0.04882647 0.02861251 0.05134374 0.04159728 0.05502859 0.04453660 0.04485776 0.04798281 0.03421300 0.03976819 0.05225564 0.05634500 0.04459475 0.04578903 0.04760106 0.03881473 0.04007214 0.05782967 0.07348911 0.05052604 0.04731525 0.05312592 0.04131063 0.04219318 0.04026986 0.06249547 0.04652408 0.05511404 0.05437782 0.05858849 0.04554491 0.04540402 0.07086773 0.04540402 0.05196760 0.04655872 0.04781354 0.05190277 0.04339876 0.05262648 0.05043183 0.04981009 0.04406735 0.06472593 0.06247473 0.06025601 0.03611118 0.03678790 0.04469947 0.04146281 0.05499714 0.04369546 0.04321141 0.03320922 0.04506132 0.05217107 0.05601095 0.05887986 0.04743787 0.06150182 0.03740666 0.03337341 0.03351840 0.07050417 0.04028522 0.03487998 0.05578553 0.02966620 0.04235663 0.06757610 0.05318947 0.05470837 0.03824450 0.05175563 0.04015954 0.04124675 0.05478113 0.04363910 
0.04505427 0.03594594 0.03902135 0.04623088 0.05184443 0.04974292 0.03077347 0.03525087 0.04961370 0.06948279 0.02961760 0.03702177 0.04976803 0.03068134 0.04193026 0.02483173 0.03431985 0.03949065 0.04299044 0.02930324 0.06367835 0.02775627 0.04775274 0.03022741 0.02362018 0.07982199 0.03688696 0.04882647 0.00000000 0.04388674 0.04240137 0.04902559 0.07972016 0.07150494 0.10184657 0.09070418 0.07320280 0.03707077 0.03746076 0.04727902 0.05951818 0.07205217 0.06601872 0.04750224 0.05127905 0.06393716 0.07309351 0.07866406 0.06819957 0.05591550 0.06432402 0.09963244 0.03945675 0.03558741 0.05184917 0.03792830 0.04043598 0.03815291 0.03219699 0.07790785 0.04170135 0.07790785 0.08339527 0.06668694 0.03923294 0.03503659 0.04254842 0.02087875 0.04042272 0.01859457 0.02375865 0.04177212 0.02716086 0.03188256 0.01860437 0.04436385 0.04640846 0.03774926 0.07707728 0.04893046 0.04871469 0.03450817 0.04266130 0.02349146 0.04481979 0.04231726 0.03402207 0.04648534 0.02104900 0.04355629 0.04357586 0.04396601 0.03987486 0.04307927 0.04995665 0.05075758 0.03724427 0.03523759 0.06714249 0.03465110 0.02764592 0.01193293 0.06551931 0.06664498 0.02687996 0.06605776 
0.04447911 0.04280210 0.03541233 0.04893612 0.03261752 0.08154175 0.03486768 0.04483618 0.08134325 0.03521129 0.06080940 0.05294998 0.05018026 0.05295516 0.05024120 0.04969693 0.05423045 0.06622725 0.04517360 0.04466027 0.07248463 0.04531525 0.02984048 0.07241611 0.07032909 0.03412866 0.04363364 0.02861251 0.04388674 0.00000000 0.04987491 0.03530821 0.08251895 0.05048560 0.04696450 0.05223862 0.05318836 0.05550955 0.01256064 0.02681454 0.03836407 0.02556521 0.04528232 0.01337119 0.07670421 0.02713702 0.06374426 0.05076089 0.05004756 0.05625282 0.03488065 0.04062621 0.06301979 0.04989046 0.05975855 0.06570684 0.05607515 0.04879052 0.06011985 0.05143864 0.04418048 0.05143864 0.03325969 0.06141756 0.04623843 0.08577312 0.05111964 0.05554943 0.03172978 0.06407433 0.03822648 0.03992048 0.02849771 0.02990313 0.03511057 0.04020787 0.04532367 0.04151563 0.04064382 0.04531241 0.04110737 0.04635904 0.03152512 0.05121454 0.05765936 0.02567893 0.05680993 0.03792094 0.06645663 0.06124865 0.06662394 0.04269467 0.03913390 0.02761109 0.04766722 0.05942803 0.05004020 0.03664656 0.03787669 0.05523777 0.02922336 0.05351520 0.03572023 0.03946133 0.05285339 0.03649972 
0.05307817 0.06646749 0.03685413 0.04792994 0.05348006 0.05465690 0.05599377 0.06157091 0.08797560 0.04287486 0.05320772 0.04834338 0.06706629 0.05134136 0.07596063 0.05334662 0.04141695 0.06736802 0.05525020 0.05138103 0.03351067 0.06177616 0.04077436 0.01845042 0.05733512 0.03713368 0.09630334 0.05134374 0.04240137 0.04987491 0.00000000 0.04649372 0.06123193 0.03118597 0.02940866 0.03128876 0.04190900 0.04273890 0.05825502 0.03196680 0.04789029 0.06579971 0.07094655 0.04105601 0.05818226 0.06139243 0.04369671 0.00328924 0.03908186 0.03947130 0.04824408 0.02384398 0.03086035 0.05049501 0.06053262 0.03956591 0.03714638 0.04497775 0.02904992 0.02688386 0.03783661 0.02688386 0.03162150 0.07017614 0.02049766 0.03026175 0.05638759 0.03584054 0.03079831 0.04347938 0.06131646 0.04713425 0.03945844 0.03623291 0.04672629 0.05537107 0.04377573 0.04727011 0.04661081 0.04273745 0.04966880 0.05846507 0.03809362 0.04049160 0.09933550 0.04152827 0.05538116 0.04736823 0.04960038 0.06024959 0.05003172 0.06178210 0.04411679 0.04628093 0.08182532 0.04032149 0.04436519 0.05611690 0.06349409 0.06252680 0.04057254 0.06538000 0.03225958 0.03421902 0.04385150 0.04409951 
0.04773868 0.03965537 0.05985101 0.07832911 0.04159713 0.05460532 0.03008095 0.03643793 0.04287784 0.04246586 0.05485960 0.03859494 0.02611360 0.03448142 0.03372106 0.02374682 0.03726784 0.03786320 0.04357584 0.05999762 0.07222339 0.06202484 0.06970287 0.03691933 0.02301208 0.07193511 0.05684733 0.04159728 0.04902559 0.03530821 0.04649372 0.00000000 0.06549094 0.04133917 0.05726285 0.05041038 0.04206268 0.04293273 0.06991103 0.08070176 0.08131492 0.04876813 0.03992549 0.03415672 0.03648765 0.03885718 0.04077168 0.07077352 0.04162554 0.04852313 0.05280394 0.05358768 0.03677770 0.05596184 0.02448814 0.03233314 0.05084999 0.03901891 0.04791111 0.03996989 0.04618687 0.03996989 0.05654384 0.06836445 0.07914984 0.02382433 0.03494796 0.04548796 0.05221290 0.03098473 0.07795603 0.05489612 0.06775058 0.06593613 0.04589157 0.05441748 0.04274245 0.07014709 0.05719785 0.04443679 0.06158160 0.05383005 0.03205161 0.03463411 0.02896952 0.06224409 0.05674499 0.04793125 0.02771128 0.04499743 0.05906088 0.03544898 0.05025636 0.04810381 0.04660000 0.03979899 0.01351860 0.03418629 0.04447219 0.04084952 0.04919808 0.05842215 0.04431868 0.04628064 0.04424236 0.04564511 
0.04371095 0.05148218 0.03341372 0.06566231 0.04134125 0.04307977 0.07180679 0.06490282 0.05553730 0.03377436 0.03818739 0.03484808 0.04189416 0.03015368 0.04879872 0.03745209 0.03329984 0.02295754 0.05333358 0.03531100 0.04151765 0.05378395 0.03124134 0.07366146 0.06051253 0.04307263 0.03943155 0.05502859 0.07972016 0.08251895 0.06123193 0.06549094 0.00000000 0.05255997 0.05641886 0.06352203 0.04009235 0.02381002 0.02757831 0.04088545 0.05703301 0.07977051 0.02954704 0.04675932 0.05598648 0.04746413 0.04587818 0.03522003 0.04955547 0.08875435 0.08703456 0.05047467 0.04375553 0.03848251 0.04354265 0.02855359 0.06637363 0.03923846 0.02900605 0.05260742 0.02664810 0.05260742 0.07020014 0.07962950 0.06098904 0.03974514 0.07680805 0.03698177 0.03554260 0.04568934 0.05570221 0.04067822 0.04858303 0.03547495 0.03651080 0.02937719 0.04437893 0.10583369 0.03350951 0.04737438 0.03855413 0.04326610 0.04269002 0.03200586 0.04979968 0.03861586 0.03884372 0.02463790 0.04162979 0.04135747 0.04407877 0.04376833 0.03883144 0.03663889 0.05468412 0.04193367 0.04031272 0.03601531 0.05750610 0.03515780 0.05038668 0.03636148 0.03939507 0.04062503 0.05893638 0.04070728 
0.05080425 0.05794529 0.04199595 0.04134395 0.03065840 0.03541934 0.04403370 0.03799844 0.05038196 0.03813380 0.03199752 0.04776730 0.03551119 0.04326467 0.03715325 0.03678355 0.04589911 0.03192043 0.04022389 0.03455720 0.04843509 0.03218124 0.05418917 0.03691082 0.03937972 0.04259711 0.03128495 0.04453660 0.07150494 0.05048560 0.03118597 0.04133917 0.05255997 0.00000000 0.07291871 0.07521891 0.07116505 0.05387434 0.05490856 0.06165901 0.05449597 0.05268820 0.03714731 0.03732953 0.04967082 0.06364460 0.05295312 0.07060787 0.06316038 0.05757387 0.07601463 0.07402496 0.05072635 0.05897602 0.04952590 0.05109743 0.05281722 0.05386035 0.03864052 0.08202930 0.04980965 0.08202930 0.06312522 0.03156525 0.03698004 0.03344302 0.03279142 0.04394674 0.04297634 0.04488455 0.04662607 0.05667122 0.05091500 0.04745460 0.04530323 0.03819033 0.05074593 0.06161129 0.04594580 0.05198013 0.03730636 0.03867638 0.03791733 0.03615791 0.03925638 0.03638225 0.04483160 0.03914649 0.04392917 0.03861630 0.03601335 0.03564471 0.03900042 0.04634292 0.04264197 0.05022240 0.03662520 0.04753167 0.03855438 0.03685895 0.04826806 0.03548701 0.04442331 0.04450999 0.03505901 0.04511091 
