0.00000000 0.05095259 0.03740186 0.03842508 0.02952865 0.03267246 0.03788823 0.03631687 0.04096367 0.03497584 0.03137563 0.03954080 0.03204868 0.03727895 0.04461470 0.03445548 0.03849771 0.03289863 0.03077643 0.03363425 0.03426931 0.03129577 0.04405571 0.03308941 0.03523498 0.03887997 0.03136676 0.03308636 0.03643052 0.03383650 0.04315499 0.04258851 0.03399041 0.04356784 0.03887997 0.04076053 0.03388561 0.04184595 0.04480406 0.04062884 0.04464651 0.03753288 0.03551074 0.03165905 0.03859301 0.03691121 0.03022814 0.03766206 0.04535352 0.03339962 0.03841848 0.03887997 0.03201077 0.03626668 0.03086567 0.03273581 0.03329692 0.03674175 0.03525873 0.04356784 0.04100704 0.04356784 0.03484597 0.03054813 0.03514808 0.02979941 0.03184154 0.03791044 0.03791044 0.04047305 0.04867720 0.04850898 0.04783756 0.03809943 0.04171568 0.03559137 0.04356784 0.03617399 0.03887997 0.04356784 0.03588927 0.03846595 0.03484002 0.03266991 0.03920350 0.03288222 0.04519110 0.03537200 0.04129812 0.03309535 0.03488280 0.03250629 0.03591789 0.04089520 0.03837618 0.04841119 0.03444092 0.03837208 0.03389006 0.03351552 0.04316751 0.03321417 0.03902185 0.03902185 0.03519421 0.03931491 
0.05095259 0.00000000 0.04341452 0.05071202 0.01007747 0.02036008 0.03433568 0.04941818 0.04319272 0.01827808 0.03464876 0.02907292 0.01635433 0.02326090 0.05078428 0.03360202 0.02687858 0.03191127 0.02715527 0.02076413 0.03783324 0.03843841 0.05238160 0.03453591 0.03285780 0.02563432 0.03470169 0.04589815 0.01949536 0.01692921 0.04804554 0.04493113 0.05487316 0.03931241 0.02563432 0.03094059 0.01566037 0.04912573 0.04558835 0.04744947 0.04218465 0.03718095 0.03211613 0.01699164 0.04966094 0.05224238 0.01754831 0.05798276 0.04413182 0.03035179 0.05561498 0.02563432 0.01672745 0.03698256 0.02278468 0.01994424 0.03225349 0.04325688 0.02681379 0.03931241 0.04819852 0.03931241 0.03799464 0.03472724 0.02529561 0.02186497 0.02508235 0.03630894 0.03630894 0.05817785 0.06532251 0.07212941 0.07040460 0.05452178 0.06664666 0.03375602 0.03931241 0.06298958 0.02563432 0.03931241 0.03589232 0.05451798 0.04629808 0.02027795 0.03992163 0.02221310 0.05220202 0.02785174 0.05178209 0.01941569 0.03362316 0.03178405 0.04365796 0.04648961 0.05499467 0.03267691 0.05231513 0.06033286 0.02714576 0.04309012 0.06103022 0.02089043 0.02717655 0.02717655 0.05153681 0.02752064 
0.03740186 0.04341452 0.00000000 0.03456827 0.04341886 0.03945017 0.03857600 0.02436203 0.03457136 0.03145605 0.02981864 0.03502892 0.03736218 0.03173920 0.02275543 0.02636958 0.03385897 0.03432210 0.04127734 0.04844221 0.03595660 0.02805117 0.05069757 0.03095040 0.02963206 0.03322262 0.03059551 0.02577240 0.03047259 0.03457377 0.02249099 0.04204464 0.03083010 0.03996266 0.03322262 0.03571329 0.03070772 0.04767836 0.03932374 0.05561117 0.04169123 0.03687648 0.04193544 0.04920516 0.02324930 0.03516599 0.02310515 0.02638644 0.03746468 0.03307270 0.03857500 0.03322262 0.04971011 0.03065731 0.03590410 0.05248166 0.04773269 0.04462156 0.05827160 0.03996266 0.02797153 0.03996266 0.03259121 0.02893045 0.05552367 0.03662056 0.02822997 0.05943946 0.05943946 0.04860227 0.03995883 0.03927601 0.03856082 0.05041024 0.04522971 0.05180326 0.03996266 0.03136384 0.03322262 0.03996266 0.04540196 0.04523707 0.04372909 0.03764159 0.02055278 0.04585554 0.02190972 0.02769527 0.03396394 0.04458453 0.03389862 0.03265646 0.03653001 0.04698168 0.03512504 0.02768347 0.03706964 0.03909177 0.04067042 0.03261471 0.03697636 0.05226068 0.03612755 0.03612755 0.04442745 0.03542066 
0.03842508 0.05071202 0.03456827 0.00000000 0.05576020 0.05372767 0.02564348 0.05732049 0.03904619 0.04523863 0.04790991 0.03377034 0.03653131 0.04940543 0.04614563 0.03670540 0.04243573 0.05880615 0.04879134 0.03512688 0.02893087 0.02922610 0.03518834 0.03649645 0.02519515 0.03465436 0.03630674 0.02735336 0.04713350 0.04202978 0.04753004 0.04161892 0.05037671 0.03400118 0.03465436 0.03340362 0.04998815 0.03795670 0.04058140 0.04211223 0.03494356 0.03413863 0.01559360 0.03822205 0.05196935 0.03935951 0.03236449 0.06022577 0.03757000 0.03482198 0.03377977 0.03465436 0.02327726 0.04562634 0.02772656 0.03465751 0.02880797 0.03082902 0.03346012 0.03400118 0.03605220 0.03400118 0.03920057 0.04560824 0.03265267 0.02255244 0.02324542 0.03340388 0.03340388 0.04211837 0.04267769 0.04671625 0.04968341 0.04060609 0.04122561 0.02541391 0.03400118 0.03863648 0.03465436 0.03400118 0.03545487 0.04652367 0.02755042 0.03348631 0.03586268 0.03028521 0.05589860 0.04273239 0.03897222 0.03224305 0.03770344 0.02574149 0.03253044 0.04473863 0.06201134 0.02784014 0.05254385 0.03856653 0.03910162 0.03655495 0.06248053 0.01862898 0.03843384 0.03843384 0.03888967 0.03976720 
0.02952865 0.01007747 0.04341886 0.05576020 0.00000000 0.06848440 0.04314141 0.04553250 0.04708760 0.05131251 0.04503990 0.03578640 0.06387319 0.05122917 0.04521575 0.05598682 0.04457870 0.05861322 0.06036732 0.05542901 0.04860558 0.03396741 0.02811144 0.05219544 0.03010311 0.04068120 0.02753434 0.04121480 0.04437260 0.04755734 0.03704467 0.02333554 0.04295625 0.03376192 0.04068120 0.04435858 0.05474427 0.03180990 0.02536744 0.02623098 0.03606911 0.03556930 0.02592529 0.05727243 0.03299777 0.03609831 0.04630247 0.02382541 0.03035436 0.05981068 0.01528264 0.04068120 0.03172429 0.06594867 0.04984806 0.04819591 0.03753409 0.03545185 0.04041571 0.03376192 0.03351544 0.03376192 0.02264347 0.05259243 0.04288648 0.02761181 0.03545154 0.04419275 0.04419275 0.02670242 0.01833517 0.01123457 0.01054301 0.02892863 0.02061149 0.04634974 0.03376192 0.03108751 0.04068120 0.03376192 0.04115494 0.03259938 0.04161240 0.05007951 0.03694189 0.02841623 0.02682967 0.04622486 0.02445182 0.05442627 0.03902317 0.04327963 0.01259240 0.02865387 0.03657188 0.02409187 0.03243980 0.02602263 0.05110665 0.03345707 0.01484253 0.06429351 0.03742947 0.03742947 0.04959379 0.03874830 
0.03267246 0.02036008 0.03945017 0.05372767 0.06848440 0.00000000 0.03062490 0.03215134 0.02919721 0.06997796 0.04914389 0.05170068 0.05553050 0.05615934 0.03095995 0.03988752 0.05757809 0.06532496 0.06237146 0.03050997 0.02469617 0.04613525 0.03168505 0.06621622 0.05687117 0.05631929 0.02161519 0.03159906 0.04566270 0.07421488 0.02881187 0.02222427 0.02295436 0.03787607 0.05631929 0.02992489 0.04278420 0.03953455 0.01459003 0.02069660 0.03256798 0.02584374 0.05634396 0.03066508 0.03979487 0.02843548 0.05131997 0.03436182 0.02191356 0.04521286 0.02239689 0.05631929 0.03410494 0.01875716 0.03303796 0.04010904 0.04704798 0.03235248 0.02951218 0.03787607 0.02432396 0.03787607 0.03786184 0.03566027 0.03534071 0.04378714 0.02551218 0.03715629 0.03715629 0.02623321 0.01768749 0.01661342 0.01597343 0.02804238 0.02261706 0.03368276 0.03787607 0.03081958 0.05631929 0.03787607 0.04126276 0.02135170 0.05363922 0.06015580 0.02073207 0.02203861 0.05282873 0.05794991 0.02727790 0.04733826 0.04175325 0.04968580 0.01038996 0.02231239 0.05300124 0.03290631 0.03732210 0.02139609 0.02627180 0.04472729 0.01505719 0.03551104 0.04886048 0.04886048 0.03910293 0.04758069 
0.03788823 0.03433568 0.03857600 0.02564348 0.04314141 0.03062490 0.00000000 0.04665085 0.04800292 0.05057229 0.02397988 0.05634401 0.03020339 0.06260593 0.05219538 0.05117835 0.06362263 0.03039715 0.02815852 0.03063821 0.02911183 0.03970095 0.02771468 0.01669153 0.08221477 0.03190276 0.03689152 0.02473148 0.02676244 0.02914104 0.03847425 0.02738814 0.05140515 0.03875677 0.03190276 0.05545988 0.01469092 0.03353794 0.06493492 0.04329762 0.02676317 0.02590173 0.02805087 0.04113059 0.02701131 0.04604836 0.02595118 0.02669194 0.04645519 0.01678780 0.05797311 0.03190276 0.05500181 0.07308213 0.04412132 0.03831101 0.06525246 0.03344572 0.03018823 0.03875677 0.03086501 0.03875677 0.02186241 0.02314609 0.02689826 0.04604267 0.06086623 0.03857810 0.03857810 0.02723468 0.04244491 0.03092452 0.04254986 0.02851350 0.03531665 0.04508951 0.03875677 0.03652586 0.03190276 0.03875677 0.02130618 0.02533779 0.03922880 0.01682060 0.05713605 0.02220221 0.02773595 0.03463834 0.03700343 0.01941420 0.03938150 0.02996074 0.05510556 0.03923710 0.04823466 0.02858191 0.07186996 0.04322340 0.07754679 0.03387514 0.01941219 0.03394877 0.03165830 0.03165830 0.03144084 0.02986735 
0.03631687 0.04941818 0.02436203 0.05732049 0.04553250 0.03215134 0.04665085 0.00000000 0.03875062 0.05827800 0.04735763 0.05270935 0.03233365 0.06933611 0.05547722 0.06777945 0.06146548 0.03644287 0.03803421 0.03119567 0.01339152 0.03422121 0.02960915 0.03177431 0.04166249 0.02737163 0.04248344 0.03010741 0.02919997 0.04465009 0.05790504 0.03262501 0.04672171 0.03800287 0.02737163 0.05047386 0.01268097 0.04307838 0.05856248 0.03738851 0.03532905 0.05496954 0.03567650 0.04247268 0.03550681 0.01708999 0.03345354 0.04365203 0.03923940 0.01727201 0.04114320 0.02737163 0.01871766 0.02712817 0.06318015 0.05523349 0.02535852 0.04519014 0.03178385 0.03800287 0.05010056 0.03800287 0.03387498 0.02599506 0.03024393 0.02198866 0.05785997 0.02247343 0.02247343 0.04426487 0.03927752 0.04350370 0.05213026 0.02436865 0.03334902 0.02642057 0.03800287 0.03922301 0.02737163 0.03800287 0.04589727 0.04226914 0.03466205 0.06919547 0.02741062 0.05183348 0.05863900 0.02579825 0.02798038 0.00103934 0.04208139 0.04869045 0.02258716 0.02981594 0.03679477 0.03660579 0.03996648 0.03535898 0.04345980 0.03461699 0.06026548 0.01657324 0.02876085 0.02876085 0.03116118 0.02595166 
0.04096367 0.04319272 0.03457136 0.03904619 0.04708760 0.02919721 0.04800292 0.03875062 0.00000000 0.03811063 0.04850402 0.03228656 0.04855880 0.04894761 0.05136538 0.04663497 0.04048487 0.03323700 0.03919436 0.06298250 0.05301072 0.03391280 0.05674808 0.05930810 0.02744003 0.02521494 0.05557727 0.03700810 0.04372554 0.04125127 0.05773497 0.04145354 0.03888772 0.03411664 0.02521494 0.04331059 0.03061610 0.02892859 0.04773738 0.01986494 0.04334931 0.04303411 0.01306772 0.04545029 0.02537916 0.03649262 0.04887457 0.04586048 0.03750903 0.03605976 0.02812566 0.02521494 0.04001958 0.05755214 0.02732626 0.04377027 0.02259581 0.04089156 0.02591625 0.03411664 0.03931136 0.03411664 0.01251973 0.03485895 0.03638182 0.03567813 0.03231379 0.03245815 0.03245815 0.02728998 0.05352193 0.05151896 0.02910663 0.03643099 0.03057838 0.04483873 0.03411664 0.03055656 0.02521494 0.03411664 0.05145967 0.05371183 0.03369666 0.04025259 0.05144675 0.05498349 0.03336723 0.03181368 0.03451157 0.04285682 0.02828127 0.04100222 0.03712463 0.02163618 0.01980497 0.04144292 0.04647859 0.04823433 0.05331668 0.03259037 0.03742019 0.04565960 0.03161517 0.03161517 0.03955992 0.02818667 
0.03497584 0.01827808 0.03145605 0.04523863 0.05131251 0.06997796 0.05057229 0.05827800 0.03811063 0.00000000 0.04162183 0.07131367 0.07837620 0.09420250 0.03772203 0.07652662 0.08505276 0.07451860 0.06035378 0.01901841 0.01815131 0.02808503 0.04227071 0.02931570 0.03801542 0.06384358 0.02857080 0.03824255 0.05413202 0.03371247 0.03636255 0.02663952 0.01585921 0.03967907 0.06384358 0.03040083 0.04478718 0.02603372 0.03850407 0.02200882 0.03271259 0.03306123 0.05937634 0.03843363 0.03875444 0.02201834 0.03510383 0.04373810 0.01922637 0.01841171 0.02345961 0.06384358 0.03767274 0.02440410 0.04510786 0.04177495 0.03012438 0.02078446 0.03322905 0.03967907 0.02483282 0.03967907 0.05366926 0.02902783 0.03822235 0.03289599 0.04692874 0.03370491 0.03370491 0.02529339 0.01906403 0.01815300 0.01777911 0.02702566 0.02294896 0.03481838 0.03967907 0.02251684 0.06384358 0.03967907 0.02496696 0.02296256 0.03995796 0.02194821 0.03064071 0.02527312 0.03362355 0.03151529 0.02318117 0.02503475 0.03407528 0.05106463 0.01980707 0.02769699 0.03855319 0.05757431 0.03599548 0.02440928 0.02288109 0.02700919 0.01907140 0.02685211 0.05198495 0.05198495 0.02067943 0.05510427 
0.03137563 0.03464876 0.02981864 0.04790991 0.04503990 0.04914389 0.02397988 0.04735763 0.04850402 0.04162183 0.00000000 0.03668757 0.04990014 0.05302873 0.03845551 0.04227668 0.04549676 0.05616183 0.03763547 0.04048171 0.03988608 0.04200524 0.02432371 0.06081768 0.03557565 0.02744534 0.06123869 0.02742380 0.02810903 0.05282846 0.02988484 0.03526431 0.04235801 0.03456561 0.02744534 0.03656995 0.06657927 0.01969006 0.02565106 0.04879660 0.05109533 0.03947020 0.01880811 0.03386334 0.05115447 0.02905115 0.06118707 0.02992786 0.05334963 0.03232751 0.02792393 0.02744534 0.04128133 0.03497200 0.04376950 0.02696767 0.03224950 0.02136170 0.02967744 0.03456561 0.03002428 0.03456561 0.02800620 0.04693346 0.04260972 0.04109081 0.03237015 0.02884531 0.02884531 0.04558611 0.03162296 0.04994796 0.03426162 0.04242106 0.05333615 0.01834038 0.03456561 0.03312904 0.02744534 0.03456561 0.05312584 0.03852209 0.02949040 0.05271358 0.03234563 0.05907615 0.04999629 0.05504941 0.03004364 0.02896880 0.04831826 0.05229519 0.03565552 0.03147496 0.03407097 0.03211554 0.06101756 0.03495878 0.03580655 0.04157075 0.04134638 0.03012691 0.03121976 0.03121976 0.03163932 0.02414900 
0.03954080 0.02907292 0.03502892 0.03377034 0.03578640 0.05170068 0.05634401 0.05270935 0.03228656 0.07131367 0.03668757 0.00000000 0.05245693 0.07802169 0.03365380 0.06717332 0.07734039 0.05779800 0.03878138 0.03237893 0.03475464 0.05524360 0.04241561 0.04269410 0.03570389 0.03395442 0.04823043 0.04930519 0.03028262 0.04823266 0.03561750 0.02623674 0.02645887 0.04257890 0.03395442 0.03767367 0.03077272 0.03019252 0.02641195 0.02860012 0.03016981 0.03596309 0.04721339 0.02785825 0.04396043 0.02630022 0.04443071 0.03036956 0.02883566 0.03490535 0.03326512 0.03395442 0.03250840 0.03150045 0.04844563 0.04158540 0.04650275 0.02658741 0.02900059 0.04257890 0.02698346 0.04257890 0.04736343 0.03005417 0.03060600 0.04018897 0.04687514 0.03664764 0.03664764 0.03227050 0.02876129 0.02842856 0.02823927 0.03299767 0.03135903 0.02750209 0.04257890 0.03060936 0.03395442 0.04257890 0.02986075 0.02685783 0.04084073 0.02973888 0.05341800 0.03251510 0.02232113 0.04303930 0.03212521 0.03836820 0.03375584 0.04140222 0.02220341 0.02743104 0.03891333 0.03806436 0.03801169 0.02929947 0.02823306 0.02849237 0.02980054 0.03523659 0.03354416 0.03354416 0.03487306 0.03419389 
0.03204868 0.01635433 0.03736218 0.03653131 0.06387319 0.05553050 0.03020339 0.03233365 0.04855880 0.07837620 0.04990014 0.05245693 0.00000000 0.07140211 0.04231154 0.05645220 0.06341763 0.08297228 0.05496464 0.02953916 0.00126699 0.03514323 0.03186385 0.04885933 0.02273367 0.05166112 0.02668386 0.04728493 0.04997628 0.03480723 0.03819593 0.02149691 0.02240384 0.03673771 0.05166112 0.03961046 0.03525411 0.03159002 0.02412479 0.03182157 0.01723801 0.02530355 0.04053195 0.03840588 0.03721725 0.05438352 0.05009159 0.03214737 0.02121787 0.03782128 0.02149728 0.05166112 0.03447325 0.03219115 0.04088866 0.04174694 0.04987019 0.02068986 0.05373890 0.03673771 0.03439574 0.03673771 0.03887280 0.05739950 0.03515278 0.04131188 0.03029682 0.03926395 0.03926395 0.02688601 0.01713538 0.01584904 0.01520435 0.02874580 0.02264388 0.04869610 0.03673771 0.02887574 0.05166112 0.03673771 0.03457144 0.03455215 0.06775440 0.02875246 0.02576285 0.02165751 0.04417121 0.03610018 0.06044278 0.05200169 0.03550345 0.04478615 0.02235990 0.02651258 0.01984407 0.04033086 0.01449387 0.02325404 0.04027176 0.05000192 0.00993417 0.04259171 0.04288343 0.04288343 0.04960263 0.04662246 
0.03727895 0.02326090 0.03173920 0.04940543 0.05122917 0.05615934 0.06260593 0.06933611 0.04894761 0.09420250 0.05302873 0.07802169 0.07140211 0.00000000 0.05072746 0.08886526 0.09251586 0.07057035 0.05216866 0.02889933 0.03054159 0.04479469 0.02976890 0.04229945 0.03834593 0.02936899 0.03573280 0.03878612 0.02531208 0.04914897 0.03900103 0.02098060 0.02074145 0.04110329 0.02936899 0.03407120 0.02652875 0.03713475 0.03860150 0.02437783 0.02689729 0.03476088 0.03568371 0.03447381 0.04095932 0.03257855 0.02827182 0.02548440 0.02347169 0.03200095 0.02836345 0.02936899 0.03168246 0.02803329 0.04608853 0.05203683 0.04569734 0.03167044 0.04071640 0.04110329 0.02163219 0.04110329 0.03609922 0.02138737 0.02746166 0.04420705 0.04935823 0.03367190 0.03367190 0.02783529 0.02298703 0.02252512 0.02217679 0.02869672 0.02622391 0.02281328 0.04110329 0.02615550 0.02936899 0.04110329 0.02519294 0.02253311 0.04027076 0.03301671 0.04134614 0.03678539 0.03810929 0.03085919 0.03555630 0.03681711 0.03655093 0.04468221 0.02105135 0.02234178 0.03579727 0.05159812 0.03876436 0.02509720 0.02646035 0.02693895 0.02739529 0.03411752 0.03019626 0.03019626 0.03297972 0.03000391 
0.04461470 0.05078428 0.02275543 0.04614563 0.04521575 0.03095995 0.05219538 0.05547722 0.05136538 0.03772203 0.03845551 0.03365380 0.04231154 0.05072746 0.00000000 0.05767223 0.04221621 0.05605535 0.02780859 0.03683290 0.04178212 0.02827334 0.01503695 0.01394884 0.03857379 0.02811968 0.04660034 0.06652056 0.03218617 0.03235036 0.06514847 0.03769887 0.04684159 0.03409499 0.02811968 0.04125508 0.04408349 0.02415943 0.05073214 0.03393145 0.04919272 0.04782521 0.02024420 0.02203202 0.05069304 0.02821075 0.03683257 0.06410742 0.03776845 0.04478958 0.04453870 0.02811968 0.02375992 0.05936976 0.04122177 0.03265084 0.03114392 0.02936114 0.02914092 0.03409499 0.04952779 0.03409499 0.03092859 0.03417359 0.03419614 0.03741664 0.03788259 0.02200129 0.02200129 0.03239536 0.03768478 0.03592976 0.04152079 0.02194757 0.04198967 0.02549000 0.03409499 0.03191434 0.02811968 0.03409499 0.05393512 0.02894915 0.04141621 0.01591400 0.04013601 0.05051906 0.03169896 0.04059318 0.02753147 0.03090973 0.01998533 0.06861027 0.03529582 0.03789091 0.04133776 0.04825059 0.05762424 0.04639640 0.04201289 0.04335266 0.06081696 0.03012894 0.03625461 0.03625461 0.03409448 0.03414827 
0.03445548 0.03360202 0.02636958 0.03670540 0.05598682 0.03988752 0.05117835 0.06777945 0.04663497 0.07652662 0.04227668 0.06717332 0.05645220 0.08886526 0.05767223 0.00000000 0.07988373 0.05329097 0.04362572 0.02597109 0.02664911 0.06338687 0.01989751 0.03628745 0.03064722 0.02439014 0.02658575 0.04918325 0.02251589 0.04161924 0.04463649 0.02070119 0.03393217 0.03900642 0.02439014 0.02962453 0.03164210 0.02717020 0.04306461 0.02199808 0.02376140 0.03567697 0.02082688 0.04565325 0.04090164 0.03310378 0.03049531 0.02658819 0.02673695 0.04554307 0.05644845 0.02439014 0.02249131 0.02816458 0.03157426 0.03878225 0.03676606 0.02215064 0.03232053 0.03900642 0.03566108 0.03900642 0.03019420 0.03747247 0.02141146 0.05146251 0.05506253 0.02810347 0.02810347 0.02504044 0.04755285 0.02465528 0.02991873 0.02417386 0.02654773 0.06091127 0.03900642 0.06521968 0.02439014 0.03900642 0.04236035 0.03721641 0.04543837 0.02019546 0.05305380 0.02824080 0.03335407 0.02635512 0.04985785 0.04278936 0.03570584 0.03490440 0.03054682 0.03478012 0.03024941 0.03826522 0.04627855 0.03437149 0.04629117 0.03330979 0.02624603 0.04295175 0.02714820 0.02714820 0.04030442 0.02551125 
0.03849771 0.02687858 0.03385897 0.04243573 0.04457870 0.05757809 0.06362263 0.06146548 0.04048487 0.08505276 0.04549676 0.07734039 0.06341763 0.09251586 0.04221621 0.07988373 0.00000000 0.06371254 0.05127290 0.03148558 0.03155813 0.04067457 0.03436897 0.04360518 0.03549129 0.03211175 0.03775221 0.03583884 0.02846414 0.04928770 0.02958467 0.02468924 0.02460430 0.04204408 0.03211175 0.03608877 0.02961962 0.03539461 0.02767141 0.02728981 0.03018817 0.03800383 0.03900331 0.03377818 0.03412848 0.03117370 0.03184320 0.02855613 0.02680131 0.03481674 0.03125084 0.03211175 0.02917878 0.03078646 0.04273171 0.03787550 0.04692878 0.03102821 0.03378338 0.04204408 0.02548887 0.04204408 0.03983599 0.02435601 0.03009663 0.04259850 0.04893047 0.03555179 0.03555179 0.03057271 0.02654792 0.02616428 0.02593795 0.03138868 0.02943083 0.02608100 0.04204408 0.02920619 0.03211175 0.04204408 0.02848782 0.02625113 0.04269717 0.02713160 0.03587866 0.03594303 0.03346014 0.03044197 0.03382062 0.03852442 0.03789467 0.04580782 0.02213088 0.02566464 0.03609068 0.04901608 0.04104102 0.02883953 0.02488554 0.02862454 0.03038740 0.03628922 0.03217432 0.03217432 0.03576954 0.03234083 
0.03289863 0.03191127 0.03432210 0.05880615 0.05861322 0.06532496 0.03039715 0.03644287 0.03323700 0.07451860 0.05616183 0.05779800 0.08297228 0.07057035 0.05605535 0.05329097 0.06371254 0.00000000 0.05491591 0.02167314 0.00000000 0.03471909 0.03159393 0.03535095 0.04412938 0.04789054 0.03601201 0.03817482 0.04187920 0.04368094 0.04781344 0.02902690 0.01462416 0.03562095 0.04789054 0.03423963 0.05323650 0.03702086 0.03121343 0.02982350 0.03032922 0.02711155 0.03640532 0.02468958 0.05316722 0.05449166 0.05332828 0.03253063 0.02604525 0.01928756 0.02539417 0.04789054 0.03558827 0.02228801 0.04809340 0.04803642 0.05504961 0.02966201 0.04784175 0.03562095 0.02157134 0.03562095 0.03881847 0.05069505 0.03148196 0.04702710 0.03260417 0.03617362 0.03617362 0.02540715 0.02242502 0.02166011 0.03795922 0.02567373 0.02474324 0.02437057 0.03562095 0.01605268 0.04789054 0.03562095 0.02513011 0.03375556 0.06050534 0.02857436 0.02782332 0.01418827 0.05637218 0.06767142 0.03787053 0.03312433 0.03683823 0.04306286 0.01213930 0.02813637 0.04597055 0.03342474 0.03298651 0.01783000 0.02275372 0.06044035 0.02974346 0.02843721 0.03904868 0.03904868 0.02639122 0.04226800 
0.03077643 0.02715527 0.04127734 0.04879134 0.06036732 0.06237146 0.02815852 0.03803421 0.03919436 0.06035378 0.03763547 0.03878138 0.05496464 0.05216866 0.02780859 0.04362572 0.05127290 0.05491591 0.00000000 0.04304210 0.04861060 0.02652145 0.03926109 0.04660729 0.03369917 0.03334211 0.04297854 0.01954260 0.04276967 0.04945218 0.03761402 0.03402585 0.04591712 0.03445883 0.03334211 0.03709718 0.04259153 0.02821535 0.03197843 0.03145200 0.02151491 0.02747462 0.03986235 0.05726975 0.04449243 0.03357177 0.02683184 0.02168303 0.02993438 0.04616407 0.01895661 0.03334211 0.03936695 0.03801781 0.03150709 0.03135185 0.03659912 0.03111311 0.03679500 0.03445883 0.01749564 0.03445883 0.02986674 0.06758963 0.03855789 0.04239118 0.03825976 0.04239575 0.04239575 0.02718478 0.03642634 0.03069864 0.02990067 0.05084981 0.02998666 0.03360921 0.03445883 0.03379318 0.03334211 0.03445883 0.05040005 0.02864167 0.03854571 0.04320376 0.03619438 0.03737409 0.04108684 0.04190701 0.03576948 0.05342867 0.05326305 0.06608957 0.03012044 0.02930092 0.04965690 0.04163345 0.05502826 0.02961400 0.03837005 0.05200171 0.02451514 0.04256822 0.02870508 0.02870508 0.04805263 0.03143112 
0.03363425 0.02076413 0.04844221 0.03512688 0.05542901 0.03050997 0.03063821 0.03119567 0.06298250 0.01901841 0.04048171 0.03237893 0.02953916 0.02889933 0.03683290 0.02597109 0.03148558 0.02167314 0.04304210 0.00000000 0.04820879 0.02769927 0.04679135 0.04883826 0.03270097 0.03478719 0.04355637 0.03352069 0.02725648 0.05346493 0.03930976 0.02872158 0.01790898 0.03661031 0.03478719 0.03666943 0.04048953 0.03464935 0.02965895 0.03866356 0.04990162 0.04151368 0.02200863 0.04941973 0.01316031 0.01590104 0.04331369 0.04052798 0.05836066 0.07148162 0.02915571 0.03478719 0.03677900 0.07553683 0.03046527 0.05154161 0.02758793 0.04728372 0.04139213 0.03661031 0.05124776 0.03661031 0.02906451 0.02979936 0.04997434 0.05665111 0.03636532 0.04931292 0.04931292 0.03635208 0.02429325 0.02362207 0.02248707 0.03706120 0.03086368 0.04650371 0.03661031 0.01986307 0.03478719 0.03661031 0.04988544 0.05605290 0.03914183 0.04060799 0.04862487 0.06411616 0.02151987 0.03592317 0.01836636 0.08337716 0.03677765 0.03182199 0.04054650 0.05521586 0.02704962 0.03310176 0.02648874 0.03358319 0.05698581 0.02345557 0.02731330 0.04928022 0.02563635 0.02563635 0.06967713 0.02859110 
0.03426931 0.03783324 0.03595660 0.02893087 0.04860558 0.02469617 0.02911183 0.01339152 0.05301072 0.01815131 0.03988608 0.03475464 0.00126699 0.03054159 0.04178212 0.02664911 0.03155813 0.00000000 0.04861060 0.04820879 0.00000000 0.03539663 0.03407903 0.07104920 0.04440045 0.03073317 0.04202740 0.03807069 0.06025277 0.03743449 0.03841130 0.03781242 0.03975642 0.03704100 0.03073317 0.03945967 0.02411320 0.06717814 0.03256308 0.02761726 0.05983923 0.01878571 0.06928598 0.03490878 0.04940537 0.00892812 0.03861105 0.04131932 0.05060683 0.04959209 0.03194956 0.03073317 0.05490916 0.05252753 0.06063237 0.06750010 0.03017181 0.08164387 0.02108981 0.03704100 0.03184348 0.03704100 0.01795174 0.02304585 0.02783508 0.02980100 0.03140295 0.03292616 0.03292616 0.02043978 0.03904592 0.03826437 0.03746729 0.05374881 0.03522051 0.02313233 0.03704100 0.02632260 0.03073317 0.03704100 0.05570849 0.04619969 0.01959292 0.04586841 0.05949435 0.02244144 0.03734214 0.01982688 0.04009336 0.04861638 0.05114893 0.07763422 0.07444642 0.02919432 0.02409248 0.02621152 0.01775329 0.03311672 0.04720454 0.05862886 0.03208791 0.05895862 0.03583711 0.03583711 0.02932730 0.04004391 
0.03129577 0.03843841 0.02805117 0.02922610 0.03396741 0.04613525 0.03970095 0.03422121 0.03391280 0.02808503 0.04200524 0.05524360 0.03514323 0.04479469 0.02827334 0.06338687 0.04067457 0.03471909 0.02652145 0.02769927 0.03539663 0.00000000 0.01988645 0.05154103 0.05397415 0.01952039 0.08133110 0.05143846 0.02890743 0.05564057 0.04996851 0.03143802 0.04250958 0.03546802 0.01952039 0.03114789 0.03589762 0.04596888 0.01243458 0.02197535 0.01292493 0.04366024 0.03994409 0.03124258 0.03949077 0.02749330 0.03910842 0.03774183 0.04058491 0.07789323 0.06007063 0.01952039 0.03845765 0.04537696 0.03686310 0.03308057 0.05989428 0.03918168 0.05158320 0.03546802 0.04379246 0.03546802 0.02376839 0.03098115 0.02048910 0.05148314 0.06373095 0.02684048 0.02684048 0.02901070 0.04047262 0.03480047 0.04215648 0.03985285 0.02865716 0.03384646 0.03546802 0.07967942 0.01952039 0.03546802 0.04661653 0.03276358 0.04917796 0.07692322 0.06068188 0.04836803 0.04323368 0.04942759 0.06975935 0.03899285 0.02771067 0.01830382 0.03644840 0.02767648 0.03204862 0.02200332 0.02820272 0.03028052 0.07020666 0.03752553 0.02670561 0.01923639 0.02481508 0.02481508 0.04211154 0.02522552 
0.04405571 0.05238160 0.05069757 0.03518834 0.02811144 0.03168505 0.02771468 0.02960915 0.05674808 0.04227071 0.02432371 0.04241561 0.03186385 0.02976890 0.01503695 0.01989751 0.03436897 0.03159393 0.03926109 0.04679135 0.03407903 0.01988645 0.00000000 0.02854126 0.02097829 0.05100887 0.03279907 0.03432556 0.03935335 0.01834208 0.02856709 0.05321735 0.02424894 0.03651567 0.05100887 0.02713429 0.03213491 0.05317258 0.03720958 0.04391453 0.04487013 0.01966982 0.03575738 0.04352994 0.04088342 0.03234097 0.03158095 0.05256180 0.02303130 0.01667052 0.04161578 0.05100887 0.04890956 0.02622134 0.03001656 0.03975911 0.02968219 0.04488207 0.04509159 0.03651567 0.03215280 0.03651567 0.07153391 0.02673869 0.05337500 0.04322634 0.02494202 0.05193546 0.05193546 0.04475094 0.06709007 0.06536445 0.04476574 0.05383362 0.04711269 0.05121355 0.03651567 0.02760769 0.05100887 0.03651567 0.03784758 0.04163554 0.04061108 0.04544761 0.04454999 0.04881120 0.03425058 0.04451822 0.03712336 0.03943735 0.04442342 0.02180013 0.03059108 0.05142907 0.01576391 0.04301153 0.02338787 0.01852667 0.03074659 0.03360952 0.04457203 0.03942734 0.04108315 0.04108315 0.02989640 0.04351959 
0.03308941 0.03453591 0.03095040 0.03649645 0.05219544 0.06621622 0.01669153 0.03177431 0.05930810 0.02931570 0.06081768 0.04269410 0.04885933 0.04229945 0.01394884 0.03628745 0.04360518 0.03535095 0.04660729 0.04883826 0.07104920 0.05154103 0.02854126 0.00000000 0.05029077 0.02749773 0.03738272 0.03633140 0.02639819 0.08226607 0.02953213 0.03280193 0.05377993 0.03640782 0.02749773 0.04113523 0.03030493 0.03941481 0.01584216 0.02588238 0.03626649 0.02881843 0.02888148 0.02827924 0.03449841 0.03373585 0.02447631 0.03703068 0.04920026 0.05148589 0.02810296 0.02749773 0.01814319 0.04817081 0.04033872 0.03336700 0.04640150 0.05391431 0.02994588 0.03640782 0.03089972 0.03640782 0.01049098 0.04764484 0.02615569 0.03744064 0.02584883 0.03037469 0.03037469 0.02021584 0.03774395 0.03633482 0.03591589 0.05096230 0.03281282 0.04370175 0.03640782 0.03100422 0.02749773 0.03640782 0.05785282 0.07242886 0.06037438 0.06690451 0.02193265 0.02370871 0.04137443 0.03682052 0.03624331 0.04762214 0.04649243 0.04069785 0.01819993 0.02553034 0.03347410 0.02032282 0.05020732 0.03750080 0.04419945 0.03413627 0.02734127 0.05717812 0.03572911 0.03572911 0.05605931 0.03847912 
0.03523498 0.03285780 0.02963206 0.02519515 0.03010311 0.05687117 0.08221477 0.04166249 0.02744003 0.03801542 0.03557565 0.03570389 0.02273367 0.03834593 0.03857379 0.03064722 0.03549129 0.04412938 0.03369917 0.03270097 0.04440045 0.05397415 0.02097829 0.05029077 0.00000000 0.03082373 0.04552023 0.04042605 0.02379042 0.04583749 0.04581339 0.02319708 0.04855886 0.03458455 0.03082373 0.05175408 0.01397936 0.03190392 0.03785695 0.04729469 0.02581610 0.04257001 0.04638102 0.03772571 0.03939952 0.05184018 0.05028859 0.03188124 0.06299190 0.03115591 0.03166455 0.03082373 0.04820701 0.04578522 0.04078824 0.02980511 0.04505262 0.02863102 0.06651212 0.03458455 0.03234857 0.03458455 0.03672180 0.03157265 0.01702898 0.05709686 0.06291998 0.03013905 0.03013905 0.04333694 0.03603155 0.03773765 0.04653545 0.03209680 0.03624069 0.01900070 0.03458455 0.03264826 0.03082373 0.03458455 0.03548020 0.01662326 0.03126921 0.06087467 0.04272053 0.03459560 0.06209512 0.05245819 0.04976328 0.01960362 0.02498301 0.05190387 0.03776175 0.04871442 0.05513771 0.05057873 0.03930813 0.03254420 0.04715379 0.05617840 0.02054730 0.02618551 0.03165982 0.03165982 0.03284242 0.03278711 
0.03887997 0.02563432 0.03322262 0.03465436 0.04068120 0.05631929 0.03190276 0.02737163 0.02521494 0.06384358 0.02744534 0.03395442 0.05166112 0.02936899 0.02811968 0.02439014 0.03211175 0.04789054 0.03334211 0.03478719 0.03073317 0.01952039 0.05100887 0.02749773 0.03082373 0.00000000 0.02552545 0.04069773 0.06753460 0.02629216 0.03047202 0.04557017 0.02125435 0.04053786 0.07307038 0.03578275 0.05976094 0.02516192 0.02915830 0.02587219 0.04760155 0.04296479 0.06522913 0.04603708 0.03868323 0.03223058 0.04586836 0.05754980 0.02515139 0.02746035 0.03020637 0.07307038 0.03646987 0.02670920 0.04521158 0.02641380 0.02469446 0.02450027 0.02844539 0.04053786 0.04360176 0.04053786 0.05932851 0.03746627 0.05278791 0.02594607 0.03930362 0.03515247 0.03515247 0.02980959 0.02626920 0.02559303 0.02549679 0.03114207 0.02870751 0.05143441 0.04053786 0.02569376 0.07307038 0.04053786 0.02578772 0.04195354 0.04293633 0.02285358 0.03361161 0.03072447 0.03653393 0.04117056 0.01877821 0.03147310 0.03899000 0.03165464 0.03769382 0.04620299 0.03194427 0.05226847 0.02402875 0.04234930 0.02453438 0.03417216 0.03272365 0.03100594 0.06242189 0.06242189 0.02250799 0.06398280 
0.03136676 0.03470169 0.03059551 0.03630674 0.02753434 0.02161519 0.03689152 0.04248344 0.05557727 0.02857080 0.06123869 0.04823043 0.02668386 0.03573280 0.04660034 0.02658575 0.03775221 0.03601201 0.04297854 0.04355637 0.04202740 0.08133110 0.03279907 0.03738272 0.04552023 0.02552545 0.00000000 0.07175555 0.04139314 0.02160186 0.06876272 0.03130333 0.04184105 0.03680358 0.02552545 0.04627968 0.04615807 0.03930613 0.02277252 0.02579803 0.02165805 0.05246751 0.03448354 0.02837459 0.03355687 0.03412755 0.05167370 0.03290312 0.03481832 0.03125169 0.02283831 0.02552545 0.07394715 0.03485955 0.05249374 0.05057662 0.04206868 0.05850268 0.05216085 0.03680358 0.02689424 0.03680358 0.03457497 0.05507885 0.02375110 0.04788061 0.03975835 0.02665897 0.02665897 0.01734549 0.03438592 0.03305817 0.03240674 0.04747351 0.02987459 0.01556870 0.03680358 0.02759001 0.02552545 0.03680358 0.04709327 0.03234202 0.02704058 0.04799792 0.05120274 0.07049362 0.04615931 0.03446801 0.04532539 0.04039791 0.03093605 0.06482178 0.03424070 0.01978324 0.03839947 0.02910498 0.04997312 0.03798434 0.06054007 0.04587388 0.02655993 0.02926388 0.02827206 0.02827206 0.02285664 0.02675522 
0.03308636 0.04589815 0.02577240 0.02735336 0.04121480 0.03159906 0.02473148 0.03010741 0.03700810 0.03824255 0.02742380 0.04930519 0.04728493 0.03878612 0.06652056 0.04918325 0.03583884 0.03817482 0.01954260 0.03352069 0.03807069 0.05143846 0.03432556 0.03633140 0.04042605 0.04069773 0.07175555 0.00000000 0.03958747 0.01823219 0.05477394 0.02952104 0.02880212 0.03398147 0.04069773 0.03636513 0.02691982 0.03072227 0.04400677 0.04133416 0.02852761 0.03363365 0.04712608 0.03595788 0.03716256 0.05668808 0.05906981 0.05403428 0.03356719 0.03375421 0.03280002 0.04069773 0.02866826 0.05033999 0.03299653 0.04354181 0.03649668 0.04537292 0.02850728 0.03398147 0.04736102 0.03398147 0.05167647 0.04181940 0.01718976 0.03043924 0.03842440 0.02403699 0.02403699 0.03489054 0.03717147 0.03755191 0.04241439 0.03556272 0.03675432 0.03173569 0.03398147 0.02923485 0.04069773 0.03398147 0.04254290 0.03575068 0.03764514 0.04269280 0.04981913 0.05281226 0.04159367 0.05650601 0.04282237 0.03857403 0.03362592 0.05697469 0.03167577 0.03175297 0.04733215 0.02579044 0.03418685 0.06279462 0.03643771 0.04651849 0.03257742 0.04860776 0.03561958 0.03561958 0.03771628 0.03632809 
0.03643052 0.01949536 0.03047259 0.04713350 0.04437260 0.04566270 0.02676244 0.02919997 0.04372554 0.05413202 0.02810903 0.03028262 0.04997628 0.02531208 0.03218617 0.02251589 0.02846414 0.04187920 0.04276967 0.02725648 0.06025277 0.02890743 0.03935335 0.02639819 0.02379042 0.06753460 0.04139314 0.03958747 0.00000000 0.03429938 0.04237756 0.03297263 0.06017228 0.03958684 0.06753460 0.04217267 0.04939921 0.02531145 0.02626706 0.02105660 0.03951626 0.05875829 0.05623001 0.04692818 0.04497867 0.03570030 0.06010019 0.04920934 0.02209761 0.04844032 0.02526042 0.06753460 0.03011367 0.02798837 0.03786781 0.02877731 0.02684497 0.02664228 0.02708555 0.03958684 0.03183312 0.03958684 0.04896144 0.05339746 0.04305063 0.02818813 0.04019507 0.03282566 0.03282566 0.02563154 0.02045687 0.01959597 0.01930746 0.02720042 0.02375039 0.04050768 0.03958684 0.02569373 0.06753460 0.03958684 0.04163448 0.02936275 0.03677826 0.01755199 0.03729660 0.03603979 0.02618741 0.04139238 0.02044174 0.02932173 0.04340267 0.03860405 0.03317527 0.03477773 0.04392112 0.03949662 0.05045099 0.03182286 0.06150105 0.03282839 0.02345419 0.02474220 0.05623422 0.05623422 0.03780510 0.05818687 
0.03383650 0.01692921 0.03457377 0.04202978 0.04755734 0.07421488 0.02914104 0.04465009 0.04125127 0.03371247 0.05282846 0.04823266 0.03480723 0.04914897 0.03235036 0.04161924 0.04928770 0.04368094 0.04945218 0.05346493 0.03743449 0.05564057 0.01834208 0.08226607 0.04583749 0.02629216 0.02160186 0.01823219 0.03429938 0.00000000 0.02341151 0.03877455 0.04457964 0.03783897 0.02629216 0.03367924 0.04281223 0.05056472 0.01688227 0.03800646 0.03142019 0.03120300 0.03415149 0.02953638 0.04760582 0.02668068 0.03918209 0.02968102 0.03062482 0.06999510 0.02052469 0.02629216 0.04651051 0.03208557 0.03009072 0.04114445 0.06132310 0.04345341 0.03812419 0.03783897 0.04759870 0.03783897 0.01708290 0.05060889 0.04225472 0.05955882 0.03084979 0.03330114 0.03330114 0.02254428 0.02623845 0.01450968 0.01565615 0.02387294 0.02062401 0.04004343 0.03783897 0.02550618 0.02629216 0.03783897 0.03937087 0.03641297 0.05877051 0.05688067 0.03070589 0.02796880 0.05336791 0.05274457 0.03798804 0.05966809 0.05196378 0.03712410 0.02475487 0.03403249 0.06117400 0.04133505 0.01038020 0.03660783 0.03134837 0.04299839 0.03360422 0.04682316 0.02669859 0.02669859 0.05421134 0.03013369 
0.04315499 0.04804554 0.02249099 0.04753004 0.03704467 0.02881187 0.03847425 0.05790504 0.05773497 0.03636255 0.02988484 0.03561750 0.03819593 0.03900103 0.06514847 0.04463649 0.02958467 0.04781344 0.03761402 0.03930976 0.03841130 0.04996851 0.02856709 0.02953213 0.04581339 0.03047202 0.06876272 0.05477394 0.04237756 0.02341151 0.00000000 0.02480962 0.04813856 0.03384596 0.03047202 0.03386767 0.03185229 0.03805532 0.05542598 0.02615851 0.02693348 0.04339360 0.06877022 0.03376938 0.03647735 0.05795592 0.02955909 0.01972848 0.03999826 0.03932438 0.04814578 0.03047202 0.03296118 0.05634285 0.05430443 0.04628215 0.03229702 0.04528788 0.02504722 0.03384596 0.04234171 0.03384596 0.02607829 0.05580270 0.01578280 0.03663272 0.04620981 0.02159713 0.02159713 0.03267892 0.04410766 0.03895012 0.04724071 0.03467723 0.03418553 0.02792644 0.03384596 0.04952046 0.03047202 0.03384596 0.04277970 0.04444933 0.02315975 0.02707829 0.07661344 0.02755784 0.04137082 0.04510302 0.03461210 0.04810007 0.04038306 0.03803366 0.02121874 0.02692266 0.04093860 0.02633615 0.03223300 0.04330667 0.05724311 0.04992525 0.04159802 0.02959734 0.02880730 0.02880730 0.03652713 0.03165668 
0.04258851 0.04493113 0.04204464 0.04161892 0.02333554 0.02222427 0.02738814 0.03262501 0.04145354 0.02663952 0.03526431 0.02623674 0.02149691 0.02098060 0.03769887 0.02070119 0.02468924 0.02902690 0.03402585 0.02872158 0.03781242 0.03143802 0.05321735 0.03280193 0.02319708 0.04557017 0.03130333 0.02952104 0.03297263 0.03877455 0.02480962 0.00000000 0.04314877 0.03675138 0.04557017 0.02802120 0.02828448 0.03412644 0.06929837 0.05083735 0.06564943 0.05154845 0.02945065 0.03331739 0.03625895 0.03600521 0.01985239 0.06530985 0.04983317 0.03680829 0.04595241 0.04557017 0.04021305 0.03576632 0.01654681 0.02611862 0.02282352 0.03894439 0.03373514 0.03675138 0.04795511 0.03675138 0.02651827 0.03979955 0.06831426 0.01574350 0.02090920 0.04345773 0.04345773 0.03656172 0.05721571 0.05187052 0.06416074 0.05832025 0.04287594 0.03796760 0.03675138 0.03779541 0.04557017 0.03675138 0.04843452 0.04175835 0.02535980 0.02429934 0.02533271 0.05926037 0.04027255 0.04209559 0.02567308 0.03376681 0.04534443 0.02160823 0.06314839 0.04931987 0.04684263 0.05233334 0.02901005 0.06122416 0.02487930 0.03101120 0.06808481 0.03859589 0.03609086 0.03609086 0.03084572 0.03883513 
0.03399041 0.05487316 0.03083010 0.05037671 0.04295625 0.02295436 0.05140515 0.04672171 0.03888772 0.01585921 0.04235801 0.02645887 0.02240384 0.02074145 0.04684159 0.03393217 0.02460430 0.01462416 0.04591712 0.01790898 0.03975642 0.04250958 0.02424894 0.05377993 0.04855886 0.02125435 0.04184105 0.02880212 0.06017228 0.04457964 0.04813856 0.04314877 0.00000000 0.03790824 0.02125435 0.02827762 0.03343260 0.02804787 0.02746757 0.03373554 0.04636561 0.05793675 0.01441726 0.04374794 0.05718772 0.03086778 0.02551788 0.03370305 0.03703825 0.08047904 0.07108451 0.02125435 0.03533653 0.05271853 0.02465171 0.01643115 0.03231668 0.02842330 0.02154959 0.03790824 0.03548507 0.03790824 0.03310424 0.05687269 0.04917077 0.02784847 0.06355689 0.03243808 0.03243808 0.04321184 0.05411058 0.04726499 0.05359153 0.04633791 0.03873440 0.02957391 0.03790824 0.07116713 0.02125435 0.03790824 0.03632447 0.03214208 0.02266709 0.02614148 0.04713206 0.03897669 0.02973373 0.02619089 0.03636254 0.02600584 0.05011027 0.02994490 0.05184603 0.04074840 0.05506502 0.03709944 0.05564321 0.03956985 0.05075567 0.02473597 0.06164457 0.02658208 0.02352896 0.02352896 0.05470339 0.02335183 
0.04356784 0.03931241 0.03996266 0.03400118 0.03376192 0.03787607 0.03875677 0.03800287 0.03411664 0.03967907 0.03456561 0.04257890 0.03673771 0.04110329 0.03409499 0.03900642 0.04204408 0.03562095 0.03445883 0.03661031 0.03704100 0.03546802 0.03651567 0.03640782 0.03458455 0.04053786 0.03680358 0.03398147 0.03958684 0.03783897 0.03384596 0.03675138 0.03790824 0.00000000 0.04053786 0.04285461 0.03781610 0.03642646 0.03611511 0.03809519 0.03567766 0.03444577 0.03935546 0.03536020 0.03388539 0.03751589 0.03523451 0.03887416 0.03830295 0.03521384 0.04081278 0.04053786 0.03570247 0.03928169 0.03522817 0.03603258 0.03525567 0.03638803 0.03748614 0.04256740 0.03601628 0.04256740 0.03773678 0.03557308 0.03690602 0.03435473 0.03350944 0.04082502 0.04082502 0.03968948 0.03893019 0.03878683 0.03885979 0.03996373 0.03974646 0.03651325 0.04256740 0.03847471 0.04053786 0.04256740 0.03622638 0.03591839 0.03495510 0.03768753 0.03527445 0.03651253 0.03552306 0.03563734 0.03449274 0.03645625 0.03397961 0.03427094 0.03498749 0.03789874 0.03625960 0.03680777 0.03809873 0.03565939 0.03879917 0.03486561 0.03575899 0.03542862 0.04102263 0.04102263 0.03440636 0.04127714 
