0.00000000 0.21924366 0.23914227 0.23489813 0.20900310 0.17213162 0.21006868 0.21978791 0.15051956 0.16603593 0.13207298 0.12965177 0.12870392 0.18288673 0.12923436 0.14773828 0.12748590 0.15241589 0.12584461 0.18411927 0.14182533 0.12490361 0.11658224 0.12295621 0.14429395 0.12310998 0.13427803 0.11868889 0.15311802 0.13071859 0.12010732 0.12422447 0.12686124 0.12452228 0.13764985 0.14277438 0.13000041 0.14945892 0.13553988 0.13230866 0.14684708 0.12224149 0.18254494 0.11530739 0.15608146 0.10217957 0.12673452 0.08816471 0.13656184 0.13206425 0.10804371 0.08676951 0.09573287 0.11791961 0.13733003 0.08923596 0.09224782 0.10775501 0.11360730 0.10704231 0.10309165 0.10396224 0.12924123 0.10560111 0.16359858 0.13947411 0.11344082 0.10715562 0.12790677 0.11531046 0.13338908 0.15097837 0.16206125 0.11141997 0.15816850 0.11348553 0.12006189 0.13098735 0.12972914 0.10806249 0.11444342 0.12185984 0.10887290 0.11697829 0.13534778 0.11304282 0.14265275 0.12691768 0.13943229 0.13086722 0.13867408 0.13669647 0.11866494 0.12241013 0.11579551 0.13192680 0.10931372 0.10496739 0.12129101 0.15103427 0.14733470 0.10876455 0.10425183 0.13615723 0.10759312 0.11737165 0.10832348 0.15167212 0.12340186 0.10219021 0.11177699 0.12313097 0.09767637 0.12305131 0.11852203 0.11223452 0.14894622 0.13140463 0.11253534 0.11073433 0.13568294 0.12319152 0.10455841 0.14270610 0.15345511 0.16732187 0.16786737 0.15606148 0.14705271 0.14728994 0.14070134 0.10163467 0.12668778 0.11376024 0.12575331 0.11490269 0.09934473 0.12320837 0.11143846 0.10672861 0.10823179 0.10869018 0.11096548 0.12633600 0.11544267 0.12349859 0.10969774 0.13147558 0.12215437 0.12887220 0.15360409 0.15294570 0.11786892 0.11046994 0.12077935 0.10817318 0.12360628 0.11854014 0.11158483 0.08936043 0.13478176 0.12062725 0.10409480 0.11780417 0.10472622 0.11653872 0.10635651 0.10933631 0.11492327 0.11263631 0.10354792 0.10259730 0.11936835 0.12359598 0.12256938 0.11019418 0.12350925 0.12078369 0.11638639 0.09528064 0.12927594 0.13317252 0.11999652 0.13256001 0.12328957 0.11447160 0.12370130 0.09368486 0.13181664 0.10794173 0.13425190 0.10383875 0.11056702 0.10573344 0.10081982 0.10482031 0.11261111 0.11891422 0.10203964 0.13881355 0.11067210 0.13648755 0.13220578 0.14449690 0.13598481 0.11110131 0.13201850 0.14320498 0.09350997 0.11258266 0.14886927 0.10717419 0.10098813 0.10978319 0.11573937 0.11084040 0.14618386 0.13550509 0.15122833 0.14668048 0.14225438 0.17094336 0.16616631 0.15696773 0.12884498 
0.21924366 0.00000000 0.23312224 0.24233083 0.21032864 0.19467734 0.21017921 0.15906765 0.16584464 0.17612950 0.14988531 0.11513370 0.15511423 0.15064946 0.11091867 0.14261830 0.12926543 0.17850335 0.13206715 0.14194228 0.13428060 0.14168307 0.12235402 0.11744037 0.11810762 0.12178971 0.15611973 0.11865662 0.14569872 0.11124431 0.15108880 0.11690301 0.10991500 0.09934492 0.13453581 0.14903300 0.10700859 0.13373096 0.15550370 0.14843252 0.14627722 0.14289158 0.12486061 0.10871531 0.14489812 0.06825981 0.16091691 0.07728459 0.14170296 0.15810878 0.09277005 0.05656484 0.11633532 0.15061844 0.14486674 0.06223524 0.07038765 0.09117783 0.07077389 0.09225779 0.06414277 0.07295096 0.09231356 0.12119536 0.16216095 0.14467538 0.12719137 0.11143097 0.13641594 0.11075269 0.11860586 0.17509429 0.16507896 0.11806769 0.17230877 0.11740178 0.11200242 0.12963734 0.12300649 0.12808308 0.10292204 0.10058867 0.10985028 0.10402965 0.12061859 0.09615873 0.12883586 0.12080942 0.10550391 0.09854933 0.13234604 0.13551358 0.12466889 0.13715754 0.11854791 0.11636660 0.12416484 0.12321486 0.12679559 0.15879606 0.16156644 0.09964584 0.12606494 0.15400153 0.10853859 0.08655057 0.12176813 0.15780565 0.10540047 0.09682195 0.13721575 0.11830576 0.08737794 0.12156611 0.11309225 0.11791488 0.15804826 0.12880602 0.13096157 0.07826612 0.15736252 0.12764542 0.13150141 0.15287221 0.17142680 0.19442648 0.19302866 0.18896686 0.16269991 0.16000125 0.14224653 0.10525485 0.14797895 0.14944257 0.13370562 0.12504837 0.12265456 0.13928534 0.11009790 0.12449410 0.09155550 0.07892085 0.11338566 0.10905450 0.13551927 0.12996297 0.14131874 0.13067002 0.13049808 0.12316089 0.12515494 0.14325564 0.12187591 0.08301399 0.08650209 0.07654371 0.08235871 0.08472303 0.09366322 0.08401422 0.13035970 0.12551638 0.16354710 0.11041106 0.11343121 0.13074868 0.08885712 0.11316375 0.13341218 0.11727276 0.09011755 0.13436735 0.13459506 0.10300564 0.10430277 0.11118244 0.11861120 0.14053017 0.13613071 0.07516828 0.11200024 0.13867016 0.14738974 0.11986197 0.12912796 0.13267103 0.13805310 0.07170664 0.13396970 0.11994302 0.13673286 0.11928109 0.13705211 0.10272658 0.10306398 0.11168805 0.15692802 0.11303334 0.09210888 0.14055790 0.13343490 0.14557942 0.11974386 0.12565608 0.12467869 0.11915976 0.15458079 0.13855137 0.06876523 0.13483825 0.13889110 0.08279264 0.08772484 0.09079576 0.11637079 0.14634000 0.14709591 0.14433501 0.18100864 0.15100370 0.16792588 0.15843093 0.17738204 0.16762820 0.13065608 
0.23914227 0.23312224 0.00000000 0.24670947 0.24340647 0.17699581 0.20404232 0.18026196 0.16133055 0.16009428 0.12613823 0.12063523 0.17564525 0.19970288 0.09877270 0.12231642 0.15096608 0.25369562 0.13326189 0.20442734 0.14077906 0.13841303 0.10752145 0.12985400 0.11388105 0.10825924 0.14360867 0.10616713 0.12218471 0.12011861 0.14532647 0.11466719 0.12127167 0.11754952 0.12475354 0.13307954 0.13600079 0.16957526 0.13983518 0.12944777 0.11712199 0.12855599 0.12519356 0.09413259 0.14662204 0.07477734 0.14184230 0.07839198 0.13713604 0.16317330 0.10726297 0.08208463 0.08898875 0.12848602 0.12326450 0.10926839 0.08477797 0.08640897 0.08631858 0.10099516 0.09743668 0.10450099 0.12363873 0.12920733 0.15233676 0.14218464 0.10209028 0.09972937 0.13406785 0.13500670 0.16524357 0.16792020 0.17305795 0.13246494 0.15192489 0.10954321 0.10600374 0.13628494 0.11968281 0.16519977 0.10681105 0.13447519 0.13488407 0.10586784 0.14220954 0.09940974 0.14122418 0.11597685 0.11994353 0.10204651 0.12174500 0.14393329 0.14982960 0.13916948 0.10749284 0.11862502 0.11025896 0.12718278 0.10379539 0.17481273 0.16375670 0.08429381 0.13723885 0.16054385 0.12701077 0.10214805 0.09767511 0.14149922 0.10578348 0.10315980 0.12871269 0.10168023 0.11448461 0.13916925 0.13069010 0.12316344 0.12449808 0.10293418 0.10267529 0.09324891 0.12848485 0.10961103 0.11255874 0.14331704 0.17713875 0.16142432 0.16452628 0.15651130 0.14792411 0.14615672 0.14724229 0.10334242 0.14841337 0.13647771 0.12888450 0.12980719 0.11360494 0.11693980 0.13396581 0.09766931 0.11368166 0.10530421 0.10625014 0.13037891 0.11782271 0.11970141 0.12295068 0.11823734 0.17747197 0.12806783 0.10247750 0.14510107 0.12942360 0.10112912 0.10063981 0.09896387 0.09672344 0.09824605 0.07929520 0.11168177 0.16713132 0.12274342 0.14840793 0.13522011 0.11835537 0.11264243 0.10071821 0.09892376 0.11665723 0.11691121 0.09965165 0.08257790 0.11001584 0.09978302 0.12262345 0.12891770 0.11878483 0.12963823 0.08954225 0.08709059 0.11291829 0.12941114 0.11805555 0.15069603 0.12887783 0.14350953 0.11318560 0.06837837 0.11526066 0.09170331 0.14030559 0.12497495 0.09569931 0.11904649 0.07989682 0.12503587 0.14567496 0.10755475 0.09567264 0.11327967 0.10184948 0.11671054 0.13540028 0.11391344 0.13221139 0.11712020 0.11235560 0.11072361 0.08268418 0.13707617 0.12912458 0.11341773 0.09118882 0.09419374 0.11089926 0.12009154 0.14603560 0.15281631 0.15964550 0.16366460 0.16545471 0.17226982 0.18670662 0.16261311 0.12844811 
0.23489813 0.24233083 0.24670947 0.00000000 0.22337892 0.21134608 0.20504814 0.18428682 0.15936140 0.19365817 0.13022458 0.12206738 0.12774685 0.19143030 0.10383165 0.14271455 0.15147523 0.19537787 0.15472192 0.15914472 0.12359151 0.13472734 0.13507040 0.12087586 0.12390235 0.11502964 0.14466855 0.11289779 0.12291425 0.13422869 0.12094769 0.13715306 0.14738215 0.10684107 0.14287135 0.12596376 0.12921607 0.17318802 0.13597058 0.13036595 0.16768299 0.12700872 0.12884921 0.08842934 0.14560986 0.09014081 0.13828032 0.07843191 0.13585378 0.14680193 0.10577104 0.07944115 0.08715199 0.16745311 0.13599004 0.08028828 0.07758903 0.08262247 0.08816239 0.10688088 0.08760820 0.08725683 0.10093938 0.13241044 0.14288874 0.13034684 0.12276058 0.12469122 0.14498309 0.12136966 0.13220060 0.17398543 0.15718153 0.08536947 0.15461977 0.09799030 0.09868634 0.13017346 0.12321919 0.14714589 0.11986377 0.11137852 0.13373113 0.10563550 0.11863497 0.09808681 0.10532550 0.11517416 0.11903083 0.08269326 0.12312278 0.13215834 0.12023167 0.13418090 0.11617210 0.12643168 0.15207403 0.10598739 0.12554023 0.19066509 0.18723695 0.10175328 0.09713590 0.14501715 0.10359393 0.08960582 0.13783186 0.13285482 0.10637755 0.09703969 0.10316596 0.09567320 0.11735678 0.09031876 0.12591841 0.12361545 0.13324454 0.12017277 0.13036233 0.09730933 0.14289065 0.11935743 0.11858312 0.15430180 0.17618870 0.18434833 0.18934769 0.19040980 0.16118551 0.14771326 0.14513329 0.10454250 0.14063458 0.12160154 0.12556075 0.13078374 0.11672257 0.12360078 0.11603130 0.10327147 0.12604886 0.09223691 0.12957008 0.12191869 0.11949847 0.12280307 0.13480175 0.12111890 0.13730602 0.13289501 0.11520504 0.13221617 0.10951664 0.12205321 0.08772395 0.09064591 0.08728929 0.10437361 0.12206321 0.08792880 0.12791827 0.11587005 0.14252866 0.14535478 0.13211986 0.10728738 0.12999992 0.11663802 0.14308918 0.14069474 0.12143467 0.10064239 0.10860094 0.10025413 0.12830632 0.11448831 0.14086866 0.14970663 0.09529623 0.07319314 0.11210935 0.13985893 0.12694393 0.12555779 0.11558518 0.12135882 0.11505381 0.06183844 0.13717881 0.09887608 0.12551864 0.10560398 0.11107196 0.09826997 0.09683247 0.13049236 0.13972969 0.11639263 0.11510003 0.13047503 0.10845698 0.10558776 0.11450015 0.13007356 0.14513580 0.12316002 0.12955721 0.12932459 0.07375553 0.11305315 0.13441192 0.10018026 0.09708537 0.10651488 0.09584555 0.09886389 0.14652604 0.13242557 0.20235498 0.14579044 0.16044222 0.16288881 0.17957573 0.17372671 0.13030890 
0.20900310 0.21032864 0.24340647 0.22337892 0.00000000 0.18397957 0.21608167 0.15809867 0.15707082 0.23522813 0.10494140 0.10295647 0.11798383 0.14336206 0.12103271 0.15465116 0.13303906 0.14447868 0.14156622 0.16113009 0.14167259 0.11169497 0.12372965 0.12589287 0.12661442 0.12123893 0.13639608 0.12039126 0.14353945 0.09173687 0.11738422 0.11216588 0.15591362 0.12790826 0.14275372 0.15532962 0.12797518 0.16335527 0.14198187 0.13239713 0.13468033 0.13427058 0.12607390 0.09977923 0.12871117 0.08701444 0.13668238 0.08232064 0.13793331 0.16101285 0.12046680 0.08953653 0.10675712 0.13760411 0.16034062 0.10795902 0.09179907 0.09550908 0.10591721 0.13279261 0.10959884 0.10891111 0.11393646 0.12259593 0.14705773 0.15111542 0.10260875 0.10853762 0.15111968 0.12021452 0.11391489 0.16558961 0.14627209 0.10730048 0.11702326 0.11852138 0.09940697 0.12703101 0.12946469 0.12456096 0.12453426 0.11992066 0.16204498 0.11655141 0.14054804 0.12209120 0.10865683 0.11913370 0.15381797 0.13392560 0.13099721 0.13578919 0.14945351 0.11891356 0.11872478 0.13142858 0.10335906 0.12115193 0.13581843 0.15463028 0.16133180 0.09878752 0.13102953 0.13605646 0.11640883 0.10903175 0.10785107 0.13118690 0.12960424 0.11564140 0.10243970 0.09589189 0.12045470 0.13574852 0.14585484 0.12712151 0.12000374 0.12257925 0.10342329 0.10643064 0.13879514 0.10911094 0.12347695 0.15788903 0.14537595 0.18356586 0.19630546 0.15923014 0.13470435 0.16464530 0.13026087 0.11269395 0.15273754 0.11451244 0.12532218 0.11362164 0.12474889 0.11922889 0.13112049 0.12888717 0.12928405 0.11220063 0.11778680 0.13383707 0.14167699 0.10860039 0.12336508 0.11918545 0.13054407 0.13415143 0.12964589 0.14977052 0.11030334 0.11252526 0.11159795 0.09863415 0.09873052 0.10151639 0.10983766 0.09198179 0.12797897 0.13558225 0.14629120 0.15292969 0.12005140 0.10099859 0.12505866 0.09880739 0.14765171 0.12509446 0.11529682 0.12430542 0.10745335 0.11025737 0.13329617 0.12570666 0.12271234 0.13665829 0.10513258 0.09217737 0.10714919 0.12003378 0.11040387 0.10931670 0.09831632 0.11698018 0.13727800 0.07598702 0.10491148 0.11506811 0.13638275 0.11737060 0.10982444 0.09784747 0.08911569 0.11816337 0.13653027 0.10974554 0.08109883 0.12664166 0.09870907 0.10874207 0.11902651 0.13554222 0.11267430 0.11499339 0.13819541 0.11371429 0.08368154 0.10971821 0.13501023 0.12239378 0.11078223 0.09614816 0.09628346 0.11444779 0.12077705 0.13421161 0.16339500 0.13811600 0.16489593 0.15889926 0.17680233 0.15690467 0.12826653 
0.17213162 0.19467734 0.17699581 0.21134608 0.18397957 0.00000000 0.27222512 0.20835015 0.20510517 0.18414502 0.12300244 0.13816032 0.15816905 0.13838645 0.10217669 0.15989350 0.15748970 0.12514261 0.14086349 0.12850851 0.12512709 0.15939874 0.13461869 0.17617570 0.13332531 0.13037865 0.13289271 0.12949011 0.11576768 0.09080639 0.14927802 0.14110206 0.15694120 0.10191451 0.13679492 0.14713128 0.13376619 0.12187558 0.17158679 0.15661657 0.12747071 0.15964845 0.12496060 0.11216728 0.12421194 0.07416853 0.14479885 0.07136134 0.13821045 0.15520972 0.09130282 0.05744339 0.12408039 0.14501559 0.12327311 0.09256550 0.08204975 0.09627457 0.07909652 0.12511030 0.09360451 0.07215931 0.08182975 0.14025054 0.13470993 0.11484569 0.09551793 0.10298102 0.12841698 0.11119915 0.12992380 0.18550774 0.17251847 0.11799230 0.16000276 0.13830870 0.11969238 0.12116224 0.11149738 0.14147013 0.10728656 0.10148860 0.12474638 0.10453360 0.09748105 0.09828598 0.10019054 0.12345636 0.12912180 0.08829294 0.14235530 0.14788525 0.12062319 0.13354488 0.14284161 0.13888170 0.10542823 0.13513697 0.12924722 0.17886649 0.17888199 0.12164256 0.12555206 0.16702123 0.13726757 0.09482617 0.11410718 0.12406716 0.09641121 0.10668580 0.13153804 0.10370816 0.09930661 0.11319933 0.12954844 0.12368329 0.15099060 0.14659579 0.14024869 0.08425332 0.16073151 0.13179794 0.12401203 0.12157920 0.18111055 0.20732502 0.22847546 0.21550837 0.15601390 0.15542077 0.12403653 0.10777108 0.13757361 0.16058250 0.13193218 0.14954414 0.12544071 0.12913450 0.13513213 0.12902641 0.12030996 0.10847887 0.11818395 0.12791414 0.13504981 0.13835293 0.11109866 0.12283353 0.13100960 0.13494531 0.12897854 0.12119580 0.09769085 0.09084875 0.09754070 0.08654150 0.07271335 0.08179247 0.09567555 0.11537125 0.12101406 0.11293589 0.15001773 0.13780498 0.15158506 0.11981372 0.11475098 0.08264936 0.13074693 0.13243869 0.11223490 0.09998471 0.11610561 0.09709241 0.12056499 0.12320507 0.10386450 0.13370838 0.10155965 0.06856927 0.11194743 0.11944694 0.10614045 0.11796698 0.11145199 0.11625258 0.10353313 0.06799584 0.12233018 0.10953951 0.12826748 0.14497843 0.09397627 0.09041793 0.09703319 0.12975200 0.11665439 0.13840058 0.11935956 0.12904625 0.11327430 0.12705336 0.11855654 0.15534277 0.13349100 0.10094150 0.13544244 0.10029885 0.06926710 0.11486838 0.12733366 0.10837784 0.08783228 0.09923990 0.11825157 0.11254029 0.16119485 0.15921313 0.16205243 0.12926228 0.14355698 0.18634208 0.17471975 0.18087867 0.12890138 
0.21006868 0.21017921 0.20404232 0.20504814 0.21608167 0.27222512 0.00000000 0.24116824 0.19916300 0.21651526 0.14439929 0.14726330 0.12553211 0.17778978 0.14870707 0.14415031 0.15091192 0.10593481 0.14360887 0.12551983 0.12207995 0.17019753 0.13613996 0.11368658 0.12053018 0.11718841 0.13184857 0.11417350 0.12274204 0.09463920 0.12635405 0.12248151 0.14506872 0.13547686 0.12942361 0.15356060 0.12950263 0.17212516 0.15279332 0.13739167 0.14368023 0.17153789 0.13808816 0.12685055 0.13145550 0.11508277 0.10548852 0.08427293 0.16083796 0.14127888 0.10351992 0.10096867 0.11083253 0.17760667 0.14057410 0.10392620 0.09817889 0.10765263 0.08789742 0.13044239 0.10809199 0.10530096 0.11848062 0.12033888 0.14313013 0.14239120 0.09598512 0.11550300 0.11044959 0.09556649 0.11854321 0.17207342 0.17221328 0.10540986 0.15608909 0.11945525 0.10603127 0.15370188 0.13534082 0.12281105 0.09461101 0.12078897 0.12867977 0.09863908 0.13452863 0.09877531 0.11335430 0.11606512 0.14669921 0.11181392 0.14056877 0.15961096 0.13096913 0.10582635 0.11008436 0.10728793 0.13548106 0.12136008 0.07827073 0.11901632 0.15604195 0.13460197 0.11237630 0.14664394 0.10366293 0.12979841 0.11908458 0.13544782 0.10835144 0.10193068 0.10564614 0.12458035 0.13619307 0.11216740 0.11694428 0.15282000 0.14491417 0.13539297 0.14021115 0.12781549 0.15406197 0.11456350 0.14560221 0.11173652 0.16659249 0.16113937 0.17633706 0.13671775 0.16751903 0.16039029 0.11526422 0.08958349 0.11127885 0.16457848 0.12794583 0.10165171 0.09176355 0.10287696 0.15957966 0.11790447 0.11973084 0.12355467 0.10616812 0.13193356 0.12087003 0.14629761 0.11058741 0.12522222 0.11874693 0.12707279 0.10581128 0.11421942 0.09321095 0.10365978 0.10700538 0.10716126 0.11859549 0.12634188 0.11423792 0.10382669 0.11644963 0.10557345 0.12435611 0.12951485 0.10972340 0.11780810 0.12158226 0.12684952 0.11213576 0.10965164 0.11902101 0.11173818 0.13463967 0.09064894 0.13313732 0.13047867 0.10655789 0.13401695 0.13614320 0.08875547 0.10496337 0.11674377 0.14506594 0.13532106 0.10705177 0.11954744 0.10211431 0.08347383 0.10494959 0.11537514 0.09985746 0.12793170 0.10573309 0.10441862 0.10039820 0.12180430 0.12990024 0.11619593 0.12331782 0.13080514 0.11540961 0.09409505 0.11944029 0.13901024 0.12799642 0.12580741 0.09963401 0.11799712 0.07433865 0.09991284 0.10070578 0.11617775 0.08525897 0.10105785 0.10453245 0.11762422 0.13321146 0.16358071 0.16568191 0.14287355 0.14599318 0.15816230 0.15536392 0.15366774 0.12842110 
0.21978791 0.15906765 0.18026196 0.18428682 0.15809867 0.20835015 0.24116824 0.00000000 0.21801217 0.21748143 0.22168294 0.31284047 0.14285464 0.19684567 0.12884449 0.14956713 0.14002701 0.14162223 0.14494483 0.15396384 0.16251286 0.11702871 0.12653605 0.13447997 0.12538467 0.09504281 0.13548493 0.12640306 0.14245711 0.18287048 0.16879168 0.13308077 0.13508822 0.18486628 0.13115599 0.22347628 0.15284907 0.15016184 0.09714878 0.15997774 0.09438912 0.12834654 0.13040645 0.15588379 0.14099481 0.12841001 0.12972496 0.15710129 0.13147759 0.11432239 0.11760210 0.11574041 0.12888895 0.09524594 0.12291998 0.09353835 0.07679939 0.09711378 0.12874778 0.12907402 0.11350776 0.11724034 0.13998766 0.09020360 0.12062914 0.12825735 0.11470744 0.11783166 0.10927770 0.13914686 0.11977799 0.10562193 0.14172372 0.12948993 0.12413846 0.10955601 0.11383058 0.11902136 0.09787477 0.15043849 0.11130979 0.14354303 0.09291441 0.11219952 0.11580274 0.09397262 0.15344280 0.12034887 0.16370819 0.11645507 0.15014368 0.13964405 0.16438727 0.12866129 0.12109521 0.10781861 0.12621130 0.13415410 0.14417719 0.11697830 0.15188266 0.16297434 0.12735230 0.14297011 0.15440826 0.17098122 0.14903347 0.12294718 0.15339222 0.10820233 0.13683693 0.10399848 0.08281695 0.10227959 0.10305051 0.15657303 0.12293334 0.10912559 0.11823362 0.10019328 0.11102714 0.09081294 0.06282009 0.13577587 0.13647679 0.15281985 0.11946738 0.13178725 0.10465215 0.13001084 0.10430020 0.10649948 0.12307785 0.10337353 0.11690981 0.09997126 0.09680888 0.11812456 0.14099195 0.11769376 0.10019793 0.09768989 0.10013214 0.10596400 0.10777345 0.11619074 0.10938651 0.14010276 0.12072401 0.13317723 0.10533157 0.12034682 0.10485653 0.15361650 0.10544371 0.10701574 0.12623945 0.11553418 0.11967443 0.10786727 0.10639953 0.11604296 0.11367273 0.12307925 0.07778914 0.11479036 0.10313260 0.16683543 0.09346075 0.10040894 0.11309448 0.11595168 0.12442166 0.10436743 0.12745886 0.13716356 0.12105762 0.11434737 0.10850832 0.08379837 0.08964670 0.08581284 0.15241033 0.12027812 0.13537142 0.12106844 0.11891831 0.12651708 0.09092712 0.09917231 0.13862220 0.10456777 0.14006936 0.11926509 0.12428853 0.09914669 0.10272915 0.12948834 0.12047602 0.11461817 0.09904902 0.12293432 0.11062740 0.12401187 0.10634399 0.11223524 0.16025829 0.11936001 0.09657604 0.08833650 0.07817044 0.09291107 0.11540651 0.11177924 0.15138208 0.12665246 0.18180120 0.15558825 0.14169577 0.14969294 0.16209169 0.15782440 0.13583075 0.14433625 0.12760953 
0.15051956 0.16584464 0.16133055 0.15936140 0.15707082 0.20510517 0.19916300 0.21801217 0.00000000 0.20043765 0.16827642 0.16282789 0.29310231 0.16929554 0.13063612 0.17685502 0.15215653 0.16694002 0.12447014 0.14334139 0.14759525 0.15385000 0.12567242 0.17204716 0.13472831 0.09207663 0.13140577 0.14312742 0.11713162 0.11486572 0.26387451 0.21561652 0.14387885 0.12509375 0.11428949 0.15478162 0.12669458 0.13064772 0.12837274 0.14085777 0.13856559 0.14254841 0.10076740 0.10615096 0.13714898 0.09403215 0.15295918 0.12074955 0.12554821 0.13083640 0.10717656 0.09308835 0.13625355 0.12679651 0.10903898 0.08024396 0.09635022 0.07782028 0.09073522 0.12233202 0.11493020 0.12483274 0.07203369 0.08581172 0.14874226 0.13558742 0.13720003 0.15072580 0.09051238 0.09511034 0.13569996 0.15184395 0.14847064 0.13543629 0.12190841 0.11536517 0.12141812 0.11222413 0.14218091 0.16825208 0.08796524 0.06478998 0.13983804 0.10621349 0.09207582 0.08557008 0.12791512 0.12173736 0.18218874 0.08966762 0.13049128 0.15113436 0.17070554 0.09877515 0.17530467 0.12986931 0.12027194 0.15175084 0.15112360 0.17307180 0.14329065 0.08949994 0.11748973 0.13899742 0.10420003 0.14284059 0.12229201 0.13153194 0.09294806 0.11206361 0.11837845 0.16655629 0.10756362 0.11831082 0.15293396 0.10816420 0.11988077 0.10790615 0.14651100 0.12089988 0.14372274 0.12593936 0.12749032 0.11657922 0.13264548 0.15181921 0.15081629 0.15099757 0.16210544 0.16195926 0.13102476 0.12073647 0.11627756 0.11300170 0.11761740 0.12289839 0.13368915 0.14988546 0.13638196 0.07578046 0.11818394 0.12242744 0.14625688 0.09762409 0.12217971 0.14742940 0.15603176 0.12637083 0.13090244 0.10750603 0.17058511 0.12737787 0.08818357 0.10822553 0.11006998 0.09267486 0.04053228 0.11147314 0.08426169 0.10420129 0.12780947 0.11223513 0.12864589 0.11041489 0.13228049 0.11522796 0.08573715 0.13536999 0.14746639 0.08599094 0.09019063 0.15064496 0.10364479 0.09477840 0.12518092 0.12344304 0.21491801 0.07585109 0.09996675 0.09108827 0.10776620 0.10699515 0.11921660 0.10165654 0.13892127 0.10937559 0.11792714 0.12053975 0.10441624 0.08664297 0.12265246 0.16503150 0.07264993 0.13492657 0.11496344 0.11473599 0.15800219 0.15170715 0.11783860 0.09761792 0.08244313 0.12117830 0.09712862 0.09118527 0.11006244 0.11051923 0.14475737 0.13215698 0.09964556 0.09185171 0.10383102 0.09142664 0.09644011 0.11864270 0.11079819 0.14262890 0.16918534 0.14998670 0.16854026 0.16845175 0.16013597 0.17434200 0.15833825 0.14897484 0.12715260 
0.16603593 0.17612950 0.16009428 0.19365817 0.23522813 0.18414502 0.21651526 0.21748143 0.20043765 0.00000000 0.48602023 0.42554981 0.20647584 0.32956787 0.17825316 0.16148842 0.19711697 0.25328012 0.14274584 0.14246808 0.12467881 0.13730271 0.15986672 0.13927312 0.13384685 0.10174402 0.11461466 0.13063226 0.06615869 0.15203774 0.17118261 0.15257483 0.12425264 0.13054675 0.12913359 0.16360294 0.11266142 0.11918884 0.14500480 0.10894436 0.09990960 0.14478081 0.10460607 0.08685949 0.13787513 0.14829172 0.16141582 0.11577860 0.18472699 0.11036581 0.07937609 0.09007739 0.11753857 0.11987742 0.10557882 0.07557739 0.12961506 0.09106867 0.11113040 0.12768509 0.13490971 0.07337412 0.06753405 0.11244845 0.14690688 0.12516647 0.11527040 0.12186559 0.17113948 0.14256360 0.14877418 0.17209079 0.13569883 0.13512748 0.16520883 0.11986260 0.13448113 0.15189422 0.11611884 0.12493758 0.08155324 0.13061624 0.11335981 0.11966364 0.07970490 0.10854803 0.10704673 0.11249085 0.12934546 0.09177052 0.11628578 0.13731924 0.13594925 0.08707260 0.08350910 0.09215724 0.11548112 0.10856666 0.13151726 0.15989332 0.10741703 0.11495788 0.10196263 0.12123319 0.14009579 0.13051495 0.12776129 0.09757919 0.08536216 0.07920412 0.13399518 0.10959795 0.10111056 0.10768267 0.11904927 0.10898605 0.11028474 0.12687110 0.15403553 0.10788796 0.07869583 0.12509298 0.13400392 0.12207557 0.12758428 0.11551793 0.16116075 0.10765798 0.17274937 0.14377385 0.11528145 0.06805901 0.11296553 0.10220666 0.10342971 0.10100041 0.12026688 0.19098054 0.16831191 0.06919625 0.09669566 0.12605651 0.14405843 0.08503934 0.08162838 0.10482780 0.12930924 0.12461494 0.08289369 0.11005740 0.07081348 0.12544842 0.08452079 0.13784616 0.11290700 0.08525882 0.11263666 0.12377923 0.14814413 0.10844071 0.12112375 0.12724833 0.14066146 0.08801269 0.11736940 0.11723212 0.10011843 0.05845666 0.13199717 0.08769819 0.11527321 0.09684157 0.11381098 0.13025641 0.12559494 0.16683902 0.18111629 0.15118237 0.09527676 0.08482065 0.09197833 0.12042321 0.14167934 0.09951461 0.14912474 0.11507713 0.12580968 0.12285913 0.09648734 0.10188298 0.12423536 0.12278120 0.10646466 0.13779840 0.06251777 0.11370963 0.14301217 0.12325356 0.12772174 0.09232637 0.14438065 0.14327758 0.11571288 0.13296078 0.11224374 0.09821135 0.10969366 0.13422693 0.09613519 0.08572399 0.09639829 0.08412964 0.08849483 0.09529225 0.14150295 0.15981188 0.11835729 0.15655462 0.18131054 0.13005930 0.16066638 0.16808067 0.14844528 0.14628971 0.12624916 
0.13207298 0.14988531 0.12613823 0.13022458 0.10494140 0.12300244 0.14439929 0.22168294 0.16827642 0.48602023 0.00000000 0.59752851 0.19894445 0.29677443 0.19925084 0.21193088 0.20539870 0.24684070 0.21627175 0.20189449 0.13892602 0.13574679 0.11244944 0.12746611 0.17459921 0.11397148 0.14632334 0.13130276 0.12006867 0.41385570 0.13866543 0.12968119 0.13835130 0.12034673 0.11208415 0.17988827 0.10537063 0.10837425 0.14826970 0.13239553 0.08780695 0.17412490 0.12665142 0.17473370 0.19977599 0.18776886 0.09668224 0.18888297 0.10858845 0.10520139 0.11773945 0.14577911 0.15750107 0.12433171 0.08813944 0.08743850 0.14703435 0.10475823 0.12846845 0.16998457 0.10166537 0.14962124 0.10093668 0.11536921 0.12842429 0.12763482 0.08447952 0.13883995 0.11636864 0.16458534 0.15229720 0.09265710 0.12155282 0.16760989 0.15060734 0.13455783 0.19829291 0.12826473 0.11168320 0.12061960 0.12808646 0.09840862 0.08350894 0.12475026 0.14290151 0.12168404 0.10539886 0.10875182 0.15250002 0.13237988 0.07911110 0.09846038 0.08107233 0.11762514 0.16756825 0.14096036 0.14684477 0.15449594 0.12426182 0.09869334 0.12484465 0.15960106 0.10391769 0.08791866 0.10157388 0.14558051 0.09528277 0.11367880 0.12782585 0.13879577 0.10165582 0.12534307 0.10350098 0.17469774 0.07315356 0.09486552 0.09534277 0.05172431 0.08349321 0.06899635 0.09025152 0.12410176 0.11760548 0.07437303 0.08816639 0.09474105 0.11600654 0.13108308 0.12262782 0.09253159 0.05699973 0.11326999 0.10883284 0.09100566 0.06798205 0.13435844 0.11724404 0.14038784 0.09789383 0.14378226 0.10451125 0.16776986 0.13372085 0.09081861 0.09804560 0.13762294 0.04919536 0.17171298 0.10574698 0.08466394 0.11967434 0.09332665 0.09130978 0.12109387 0.10396584 0.12750821 0.15602340 0.10954506 0.10095998 0.16041534 0.08320366 0.07883956 0.08997597 0.08273245 0.08944077 0.14227565 0.06853410 0.13902327 0.11837393 0.11789397 0.08782101 0.11441751 0.11368708 0.09596509 0.12903716 0.11042491 0.13118837 0.09652414 0.09356321 0.10322643 0.09606228 0.10667514 0.14310052 0.10207184 0.16101495 0.13155507 0.14125481 0.13155183 0.12117536 0.11820326 0.14440776 0.12236411 0.15921603 0.09765365 0.08402388 0.13084387 0.13546607 0.12876640 0.10770255 0.09381041 0.04737458 0.08925613 0.09586725 0.07800094 0.07855451 0.10242480 0.10287091 0.07972789 0.10312895 0.13379788 0.10771836 0.10573399 0.13088601 0.11837980 0.10249707 0.13226586 0.12495734 0.13910446 0.13160793 0.12165682 0.13378488 0.14103393 0.12972662 0.10679805 0.12736038 
0.12965177 0.11513370 0.12063523 0.12206738 0.10295647 0.13816032 0.14726330 0.31284047 0.16282789 0.42554981 0.59752851 0.00000000 0.25681028 0.26548482 0.17475417 0.24745464 0.21989143 0.25085260 0.16385964 0.17051395 0.16916142 0.15974109 0.11550400 0.13841587 0.14473498 0.11940582 0.14814324 0.09951948 0.10823033 0.20217314 0.24083194 0.11903151 0.11266685 0.10621583 0.11778230 0.15302605 0.12661696 0.09671822 0.10044296 0.11277801 0.19582509 0.11106922 0.10699212 0.20340706 0.12747627 0.17834774 0.14251176 0.11331016 0.10081641 0.12123789 0.10727389 0.10481955 0.12998550 0.11572961 0.09836183 0.10788447 0.08897352 0.08308883 0.11434830 0.14180794 0.14378474 0.10118358 0.06780658 0.22364148 0.15641157 0.09816402 0.13765628 0.15272259 0.10090955 0.07274330 0.10277668 0.13219072 0.14832100 0.11439313 0.11104202 0.12293976 0.13327675 0.14681751 0.15190027 0.08471833 0.11319596 0.05952537 0.11074286 0.10043492 0.10275949 0.10950295 0.08651341 0.12988190 0.16467783 0.04986987 0.10167297 0.13324730 0.15843784 0.10701036 0.13334653 0.07934557 0.12103065 0.11006648 0.17447104 0.13050028 0.13834620 0.13821561 0.09138361 0.13261165 0.08599560 0.10432857 0.12246577 0.10627839 0.14701065 0.10451185 0.10635219 0.09706614 0.10586366 0.13343963 0.15496355 0.10419974 0.08259597 0.10467980 0.12860958 0.13274041 0.11366379 0.12637696 0.11277170 0.07061580 0.09668392 0.11099842 0.10182477 0.11380146 0.12392676 0.12259181 0.08535323 0.16191463 0.12314912 0.11207984 0.15497862 0.11382086 0.12082406 0.16473881 0.13518688 0.08068338 0.08625881 0.10955209 0.12718159 0.08297146 0.12557876 0.12092806 0.10576033 0.11681243 0.10029370 0.07759585 0.08227064 0.12411807 0.12290628 0.10854195 0.11745539 0.07359553 0.09432002 0.11213524 0.17329910 0.10264258 0.09914702 0.13454647 0.11073066 0.07710738 0.10113897 0.11751613 0.09515790 0.11011196 0.13616280 0.11942653 0.13779767 0.10789375 0.09621820 0.15435640 0.15232525 0.13232570 0.19397112 0.12394042 0.18024827 0.08369422 0.12100407 0.12463454 0.11462623 0.14092406 0.13072606 0.11540173 0.09985706 0.11590203 0.13933049 0.10717499 0.08435985 0.10359231 0.09892641 0.13349642 0.11741614 0.11875089 0.12531808 0.10865263 0.17702208 0.11306283 0.09675297 0.12834480 0.12894243 0.10262650 0.09021514 0.11840282 0.12907969 0.15459048 0.15224684 0.11329044 0.06599243 0.09669946 0.13268238 0.18524394 0.07857187 0.12209804 0.12981154 0.16290742 0.10520321 0.14811989 0.14321872 0.10464010 0.12018612 0.11946949 0.12734404 
0.12870392 0.15511423 0.17564525 0.12774685 0.11798383 0.15816905 0.12553211 0.14285464 0.29310231 0.20647584 0.19894445 0.25681028 0.00000000 0.22670899 0.16684060 0.17762088 0.26855138 0.15256176 0.10842385 0.13017394 0.15562624 0.19704753 0.12966533 0.16899517 0.17364315 0.11454297 0.17835006 0.20373785 0.10903369 0.10637752 0.25361482 0.12774930 0.12177218 0.14378083 0.12416292 0.13481153 0.12256933 0.09929153 0.11194059 0.10767375 0.14797877 0.11160022 0.14263537 0.09328086 0.16001703 0.14914266 0.09728559 0.19127082 0.11197646 0.09735783 0.11683933 0.12778483 0.15014347 0.11979241 0.08055803 0.08311923 0.07717815 0.09769781 0.08523608 0.12934491 0.09842559 0.10473864 0.07617605 0.10768367 0.13804766 0.04907649 0.07384249 0.10756732 0.13151866 0.07921063 0.11710594 0.14524784 0.14812546 0.11870393 0.13335766 0.14866326 0.15322813 0.17349611 0.14638027 0.11467918 0.09597314 0.09827263 0.08488753 0.12650747 0.08541266 0.10924780 0.11515565 0.10906708 0.10255202 0.05945369 0.08602276 0.14506083 0.09179635 0.08666103 0.17490849 0.08035295 0.11515744 0.15580980 0.14002766 0.14200252 0.12522650 0.10204036 0.13021304 0.09930176 0.11143618 0.09558753 0.15931273 0.13222614 0.12099474 0.18003269 0.19237474 0.15423472 0.12436216 0.13075252 0.12365208 0.10305949 0.10331737 0.17147745 0.12920018 0.11283841 0.10630735 0.17514869 0.17750645 0.09330833 0.15299880 0.12099470 0.13427581 0.11176944 0.12597030 0.16667849 0.12981094 0.17228538 0.10200397 0.11308334 0.11714600 0.11068819 0.11027549 0.13112703 0.13775224 0.09784698 0.10968553 0.09778755 0.11453064 0.09785281 0.12080793 0.13561888 0.14665036 0.15022934 0.16690209 0.10043922 0.06974163 0.16210514 0.13143446 0.13649592 0.11781420 0.10087944 0.07885689 0.11288021 0.11918135 0.09287412 0.11674512 0.17276611 0.12865100 0.10053006 0.16145513 0.16342411 0.08996650 0.11393428 0.11034129 0.07931305 0.09575040 0.11424184 0.17503836 0.12859209 0.13153176 0.16101033 0.13296992 0.06684328 0.14833087 0.12876445 0.14207154 0.11124506 0.16415182 0.09804675 0.14546916 0.10759829 0.16615271 0.13489171 0.12858147 0.09944675 0.11868667 0.11220969 0.13627069 0.10359938 0.10688600 0.14298955 0.10831277 0.08942733 0.15673796 0.14623382 0.10165166 0.14574810 0.14801916 0.10404038 0.13997534 0.09944721 0.13514363 0.17995291 0.09392855 0.12841161 0.11115629 0.09302418 0.10472251 0.13171323 0.10285920 0.15556895 0.13959182 0.13730339 0.13816336 0.11333762 0.13600313 0.13571045 0.14600118 0.13941032 0.12688374 
0.18288673 0.15064946 0.19970288 0.19143030 0.14336206 0.13838645 0.17778978 0.19684567 0.16929554 0.32956787 0.29677443 0.26548482 0.22670899 0.00000000 0.26658244 0.18305439 0.28634337 0.27673629 0.17939886 0.20138257 0.17975852 0.15471670 0.12409001 0.13880508 0.12012009 0.10604304 0.14682248 0.14031086 0.11870810 0.15345514 0.16258161 0.13775362 0.13054371 0.12690445 0.11196643 0.16663451 0.13465459 0.11946487 0.21185196 0.14441505 0.10868934 0.14135260 0.09759677 0.11877753 0.14013076 0.23770193 0.13815683 0.11729762 0.10733613 0.12715377 0.09862259 0.10038261 0.16246297 0.10750160 0.07668304 0.05141232 0.10282668 0.09881600 0.10813192 0.10412469 0.18013195 0.10167157 0.09538675 0.10755260 0.15141735 0.07619353 0.12503676 0.13203327 0.09333759 0.13311834 0.16708215 0.13806341 0.13740602 0.12190060 0.14364813 0.11343718 0.15399706 0.12372581 0.08458524 0.12943707 0.08331312 0.08728008 0.18989498 0.09893579 0.10443799 0.10724974 0.08602776 0.11532208 0.13697977 0.09482781 0.09906612 0.09959573 0.10406398 0.10141312 0.17486061 0.13365474 0.15910362 0.11394144 0.10634680 0.15337665 0.13369411 0.12901605 0.11422054 0.10894791 0.07864934 0.11865099 0.14670839 0.09402233 0.09752157 0.10485635 0.13385375 0.14255177 0.10551360 0.09626517 0.16691474 0.10080595 0.06580574 0.13923189 0.13830196 0.08778236 0.09966492 0.10965502 0.14095662 0.08912295 0.08792067 0.11180637 0.14248310 0.11876790 0.15027301 0.13965131 0.11233156 0.15677859 0.09696336 0.08239248 0.14001899 0.11334930 0.08092939 0.15261429 0.14476281 0.09695890 0.12729410 0.07993251 0.14547234 0.08227365 0.10288672 0.10178845 0.12447684 0.15284275 0.11372387 0.08536735 0.11546735 0.11605771 0.10742271 0.08645432 0.10205076 0.15177065 0.10641459 0.15153360 0.10638978 0.12442127 0.09669287 0.13161727 0.10763877 0.09246965 0.13100450 0.06525319 0.05798338 0.10914170 0.10689666 0.10556049 0.10073103 0.11000036 0.10327877 0.15535870 0.13804344 0.08737290 0.12393624 0.11457437 0.11588454 0.11436558 0.14452475 0.16166713 0.09300552 0.17700322 0.14037172 0.14125543 0.17269167 0.13892393 0.10241436 0.14995928 0.15155771 0.12105718 0.09941900 0.10742346 0.14440172 0.14241892 0.12077808 0.10577502 0.13870975 0.11130327 0.13764168 0.12084101 0.11845999 0.10629081 0.13447497 0.11397387 0.15129731 0.13324499 0.09719284 0.11940675 0.07766941 0.07058899 0.10685301 0.14615129 0.09710630 0.13034534 0.13274943 0.14130287 0.12205930 0.12914557 0.13326152 0.11761433 0.14040840 0.13463308 0.12512164 
0.12923436 0.11091867 0.09877270 0.10383165 0.12103271 0.10217669 0.14870707 0.12884449 0.13063612 0.17825316 0.19925084 0.17475417 0.16684060 0.26658244 0.00000000 0.28091129 0.22293922 0.22743741 0.30352858 0.27085161 0.31003972 0.28391334 0.14469854 0.19409218 0.12761783 0.06809672 0.12409786 0.09929215 0.10035037 0.22715609 0.14404227 0.11794744 0.11660947 0.11516748 0.11884701 0.12507825 0.09055918 0.12601773 0.15638296 0.07764207 0.13343272 0.16313407 0.10235299 0.11868190 0.14092280 0.16215683 0.13019772 0.12280054 0.11277664 0.09753982 0.11825245 0.13021997 0.14633607 0.15889550 0.12127123 0.11709485 0.11799817 0.14058810 0.16170100 0.18014880 0.18505168 0.11940271 0.14152464 0.15744857 0.11969031 0.10261105 0.14294776 0.27395469 0.13061136 0.12738349 0.15479844 0.11815929 0.11310045 0.11812297 0.10628993 0.08619152 0.12671294 0.11569664 0.17082541 0.11511295 0.15243234 0.09978379 0.10727584 0.12280449 0.13219922 0.14166331 0.14249916 0.11134681 0.15505804 0.13824696 0.09392054 0.14197512 0.11547353 0.12611185 0.11518068 0.10948386 0.09581232 0.13862765 0.13047668 0.07701356 0.07596712 0.14458831 0.10581576 0.09301150 0.09286995 0.10977987 0.17571320 0.08150795 0.11083601 0.11219521 0.10286114 0.10487310 0.13888381 0.10810955 0.08786593 0.09632058 0.12757705 0.11058254 0.10924466 0.09711655 0.06874300 0.09728379 0.10160764 0.12065434 0.08247495 0.10317364 0.12057010 0.11217492 0.11065349 0.08679518 0.10065044 0.09761356 0.11740284 0.15439206 0.14800473 0.12299874 0.12382881 0.08752643 0.09916543 0.12097049 0.12525078 0.13218426 0.09279057 0.09449714 0.11023624 0.10399007 0.07627238 0.07612959 0.12762909 0.12643447 0.08978982 0.11668786 0.09596604 0.09558462 0.09999953 0.10147595 0.14316616 0.10973492 0.10559309 0.11533291 0.11962963 0.17086746 0.08482554 0.11406948 0.08770739 0.14524690 0.18285497 0.17613831 0.12313544 0.14106900 0.09632955 0.12711872 0.12027545 0.12447751 0.11134382 0.14269745 0.10740344 0.15559094 0.07784794 0.12864660 0.16295455 0.14806680 0.11691053 0.12604318 0.12180821 0.12683523 0.11288649 0.11414607 0.14694525 0.17585913 0.09711468 0.12404523 0.16058493 0.10540775 0.17301184 0.11387547 0.08509978 0.13092689 0.11468041 0.12638571 0.11155542 0.11684745 0.17072175 0.11186608 0.12863801 0.12537558 0.14929973 0.10083682 0.13258580 0.12336276 0.08921739 0.11199831 0.13190616 0.15133647 0.11534771 0.16336625 0.10425013 0.08935416 0.13837372 0.11650122 0.11772983 0.09434923 0.10491997 0.11274820 0.12831431 
0.14773828 0.14261830 0.12231642 0.14271455 0.15465116 0.15989350 0.14415031 0.14956713 0.17685502 0.16148842 0.21193088 0.24745464 0.17762088 0.18305439 0.28091129 0.00000000 0.22443881 0.17523810 0.21273830 0.21994148 0.19645020 0.18148432 0.15344806 0.27086252 0.10014607 0.10970262 0.28487673 0.15353891 0.10943200 0.12971866 0.30837233 0.13317306 0.11908620 0.13831797 0.11086050 0.10282330 0.10059392 0.11251241 0.13514808 0.08888976 0.13039811 0.14090871 0.10612101 0.10056501 0.10741037 0.11443226 0.11776900 0.16089121 0.10431078 0.11831956 0.14414802 0.08403683 0.11547635 0.12275337 0.09984613 0.07199957 0.07836822 0.07361744 0.07641643 0.13349925 0.08355760 0.08169682 0.07910665 0.10854382 0.14550850 0.10790077 0.09592962 0.13183187 0.13270623 0.12987718 0.10828109 0.15057327 0.16714199 0.14750762 0.12061021 0.13049734 0.13551832 0.13098631 0.11266350 0.14245250 0.10188832 0.08389164 0.13918015 0.09259319 0.07686171 0.09716144 0.10950828 0.12462842 0.11930094 0.06538147 0.12786751 0.14647205 0.05762111 0.12943037 0.10412036 0.12966554 0.19206302 0.13890646 0.14442678 0.13246808 0.13900590 0.12964701 0.09883732 0.12366430 0.09573556 0.12216876 0.09869452 0.09189048 0.10985801 0.09869739 0.13983909 0.17949379 0.10259846 0.11745416 0.13262307 0.12579770 0.11813409 0.15302381 0.16886605 0.13550239 0.14801489 0.13175174 0.13402503 0.09978663 0.10397700 0.14856468 0.15432773 0.14668607 0.13783869 0.08908669 0.12702162 0.11563855 0.10566040 0.14515429 0.14376780 0.11265750 0.11935410 0.14059575 0.10605643 0.09347280 0.10938692 0.12193718 0.12370558 0.07045363 0.13203455 0.11589849 0.10862514 0.14630415 0.11317136 0.08328847 0.14015175 0.14835073 0.10892624 0.13283399 0.09924199 0.10281846 0.09711662 0.16701690 0.14520821 0.12204746 0.14950873 0.12870296 0.10976630 0.11272311 0.10497789 0.11193219 0.06437454 0.12574375 0.08531951 0.09099056 0.12410762 0.09526532 0.14485415 0.14389704 0.13191545 0.12356143 0.16971138 0.16994783 0.13353383 0.11375604 0.11754779 0.10377177 0.10282719 0.12318703 0.09963403 0.13796265 0.15716188 0.11388053 0.15562077 0.11769033 0.13486495 0.11842905 0.09238526 0.12836061 0.08218133 0.15775124 0.11049077 0.16568440 0.08022795 0.10655587 0.09181212 0.14188187 0.10116184 0.13943529 0.11582688 0.15349462 0.14044664 0.13050940 0.15355542 0.13117326 0.11315238 0.07932925 0.10499154 0.11980699 0.10954728 0.11858043 0.11957290 0.18054597 0.13701346 0.14817187 0.15210089 0.14844750 0.15946720 0.15012297 0.12518405 
