0.00000000 0.02814184 0.05016304 0.03304931 0.05020136 0.02137596 0.02445132 0.02217450 0.01407155 0.02569066 0.02630810 0.02801917 0.01755684 0.04257903 0.04033284 0.02381751 0.01944686 0.03843128 0.01631483 0.03111069 0.01863614 0.01892464 0.01525124 0.01725606 0.01594043 0.01761077 0.01742309 0.02062463 0.02496164 0.01764191 0.01634756 0.01666155 0.01379357 0.02297515 0.02218106 0.01654009 0.01937325 0.01511342 0.01675544 0.01937112 0.02144092 0.01830870 0.03193110 0.02335213 0.02042723 0.02297515 0.02560802 0.02335213 0.01317281 0.02091198 0.02297515 0.02297515 0.02522423 0.01196787 0.01693983 0.02297515 0.02183874 0.01925646 0.02297515 0.02297515 0.02297515 0.03073894 0.02199817 0.02297515 0.03281572 0.01563678 0.02218106 0.01737398 0.01907120 0.02148129 0.01955358 0.01514606 0.01408804 0.02148129 0.02420246 0.02572003 0.02884547 0.01694817 0.02032218 0.02783665 0.02218106 0.02297515 0.03404384 0.02218106 0.01995045 0.02218106 0.02218106 0.02218106 0.02565749 0.02199817 0.01841387 0.01762727 0.02297515 0.02243416 0.01963709 0.01107850 0.02146874 0.01972554 0.02199817 0.02028184 0.02648681 0.02335213 0.01670422 0.01177503 0.03330405 0.02199817 0.01432184 0.01677974 0.01887522 0.01515675 0.01318333 0.01907129 0.02199817 0.02180746 0.01711674 0.01493941 0.01217558 0.02073586 0.02307801 0.02297515 0.01381396 0.02056437 0.01529757 0.02336894 0.01173624 0.02110481 0.01808760 0.01554402 0.01492283 0.02354343 0.02339169 0.01238696 0.01126226 0.01631150 0.02081814 0.01811528 0.02453179 0.01772488 0.03049047 0.02218106 0.02297515 0.01792812 0.02444549 0.02199817 0.01971124 0.02417794 0.02516606 0.01354188 0.01636508 0.01718093 0.01803186 0.02469408 0.02161973 0.02297515 0.01881217 0.02297515 0.02297515 0.02297515 0.02297515 0.01912399 0.02000610 0.03248230 0.01511841 0.01786029 0.02065685 0.02010531 0.02977741 0.02102319 0.01444092 0.02885921 0.02218106 0.01725886 0.01094710 0.02297515 0.02218106 0.01792812 0.01826284 0.01560126 0.01240427 0.02297515 0.01760205 0.01461689 0.02458074 0.02336381 0.01954450 0.02303356 0.01366899 0.02297515 0.01598356 0.02164340 0.02688855 0.01420249 0.01082108 0.01887522 0.01819819 0.01561425 0.01917651 0.02642886 0.02199817 0.02211799 0.02352620 0.01726250 0.01617130 0.02163561 0.02403519 0.01554675 0.03188311 0.02497306 0.02297515 0.02876167 0.03658651 0.02297515 0.01802425 0.02335213 0.01454046 0.01529558 0.03229399 0.03963880 0.02423014 0.01815615 0.01353745 0.02290199 0.02799519 0.02582996 0.02103970 
0.02814184 0.00000000 0.03272568 0.04624226 0.03729249 0.02729056 0.02858296 0.03063854 0.02923224 0.01749736 0.02063242 0.02763127 0.03329624 0.03235817 0.02404907 0.02058745 0.03290959 0.03679103 0.03227822 0.02187371 0.01427597 0.03543317 0.01934981 0.02261667 0.01939993 0.01132967 0.03422355 0.02803288 0.02626273 0.03673067 0.02597911 0.01712351 0.04436925 0.01245920 0.02073129 0.01628798 0.02621534 0.01538661 0.03847182 0.03012427 0.03285791 0.03032365 0.01664244 0.01416049 0.03117312 0.01245920 0.02366681 0.01416049 0.01944014 0.03338679 0.01245920 0.01245920 0.01365667 0.02998195 0.02188005 0.01245920 0.01115376 0.00950215 0.01245920 0.01245920 0.01245920 0.01413445 0.01033793 0.01245920 0.02071403 0.02693152 0.02073129 0.00890286 0.02490537 0.01320948 0.02948754 0.01757297 0.01785184 0.01320948 0.02460646 0.01975918 0.02217329 0.02364116 0.01650527 0.00928024 0.02073129 0.01245920 0.01139557 0.02073129 0.01683502 0.02073129 0.02073129 0.02073129 0.03167531 0.01033793 0.01290813 0.02492239 0.01245920 0.05256597 0.01988422 0.02561435 0.01305902 0.01361734 0.01033793 0.03263668 0.01903248 0.01416049 0.01931997 0.01344037 0.02290784 0.01033793 0.01531990 0.02103958 0.02635928 0.01771599 0.04016882 0.03383673 0.01033793 0.00821967 0.02571210 0.02870659 0.01845455 0.02520120 0.02832058 0.01245920 0.02753043 0.02622435 0.02913647 0.02539964 0.03054193 0.02097180 0.02614161 0.01385484 0.01423318 0.03302222 0.02026750 0.01935814 0.01817466 0.02890121 0.02476452 0.02261628 0.02026658 0.02862888 0.01477604 0.02073129 0.01245920 0.02476451 0.02340286 0.01033793 0.01979469 0.01709453 0.01970360 0.02252520 0.01675457 0.01239180 0.01949373 0.01782166 0.01234620 0.01245920 0.02099743 0.01245920 0.01245920 0.01245920 0.01245920 0.01362933 0.02341877 0.02700662 0.02275580 0.01939701 0.02417787 0.03150777 0.02018887 0.01746023 0.03098847 0.02086991 0.02073129 0.00498178 0.01955590 0.01245920 0.02073129 0.02476451 0.01587241 0.02397888 0.04784501 0.01245920 0.01211439 0.01017925 0.02655176 0.01928336 0.01159522 0.01223470 0.02049441 0.01245920 0.02433273 0.02081754 0.01654744 0.03104184 0.02203916 0.02635928 0.03329888 0.02353992 0.02389025 0.01519969 0.01033793 0.01618313 0.02573374 0.01631036 0.02274932 0.02242304 0.02965680 0.01971393 0.00992710 0.00967770 0.01245920 0.02618942 0.02783768 0.01245920 0.02343721 0.01416049 0.03222466 0.01617414 0.03201114 0.04408034 0.03739873 0.02903609 0.01923641 0.01320907 0.02170793 0.03228283 0.02377643 
0.05016304 0.03272568 0.00000000 0.03069980 0.04510964 0.01971953 0.02112306 0.01946995 0.02139912 0.02002336 0.03951713 0.02452821 0.02322666 0.03615293 0.03694269 0.02667082 0.01918720 0.04595137 0.02575018 0.02847164 0.02698727 0.01671565 0.01215463 0.01309387 0.02157232 0.01441153 0.01759797 0.02433321 0.02100592 0.01455243 0.01816984 0.01670424 0.01249041 0.02025349 0.02170126 0.01448218 0.01677485 0.01407113 0.01799675 0.01773447 0.02399708 0.01603014 0.02915028 0.02103824 0.01633587 0.02025349 0.02163579 0.02103824 0.00997576 0.01562728 0.02025349 0.02025349 0.01854912 0.01157198 0.01612138 0.02025349 0.01889631 0.01598930 0.02025349 0.02025349 0.02025349 0.02756999 0.01900026 0.02025349 0.03533320 0.01291493 0.02170126 0.01387429 0.01804147 0.01934578 0.02438567 0.02563522 0.01295710 0.01934578 0.02176705 0.02128805 0.02594006 0.02306950 0.01854643 0.03732571 0.02170126 0.02025349 0.03140346 0.02170126 0.01665695 0.02170126 0.02170126 0.02170126 0.02378295 0.01900026 0.01515644 0.02337994 0.02025349 0.03118270 0.01878745 0.01308189 0.01929263 0.01449314 0.01900026 0.01629702 0.02833399 0.02103824 0.02162347 0.01141967 0.04171120 0.01900026 0.01155879 0.01976541 0.01562785 0.02724229 0.01407043 0.02941570 0.01900026 0.01712541 0.01905266 0.01152395 0.02326846 0.01966935 0.02808485 0.02025349 0.01186103 0.02132328 0.01122732 0.01801151 0.01630720 0.01714282 0.01561145 0.01273835 0.01307882 0.02462774 0.01892365 0.01050350 0.00999359 0.02006593 0.02396712 0.01550708 0.01852137 0.01808013 0.02781796 0.02170126 0.02025349 0.01444069 0.02602580 0.01900026 0.02095002 0.02652154 0.02783032 0.01353654 0.02387843 0.01462286 0.01535690 0.02959444 0.01855247 0.02025349 0.03490248 0.02025349 0.02025349 0.02025349 0.02025349 0.01603932 0.02844559 0.03313149 0.01451572 0.03405229 0.01949185 0.01980135 0.02778460 0.02403196 0.01282016 0.02458876 0.02170126 0.02181671 0.00962638 0.02025349 0.02170126 0.01444069 0.01681927 0.01958432 0.01766911 0.02025349 0.02830729 0.01114671 0.01993333 0.02467058 0.02599856 0.01891294 0.01644698 0.02025349 0.02212926 0.02937167 0.02005810 0.03116305 0.01413174 0.01562785 0.01753219 0.01585755 0.02256675 0.02208928 0.01900026 0.02187344 0.01615351 0.01898914 0.01481186 0.02593575 0.02271391 0.01491149 0.02704321 0.01832823 0.02025349 0.03379204 0.04949174 0.02025349 0.03656336 0.02103824 0.03241296 0.01504870 0.02439138 0.03290696 0.01966949 0.01536100 0.01964135 0.02825835 0.03237587 0.02995123 0.02043851 
0.03304931 0.04624226 0.03069980 0.00000000 0.03919232 0.02722362 0.02857972 0.04022577 0.02640062 0.04468733 0.01354007 0.01347100 0.03582167 0.02939724 0.02407230 0.01858550 0.02915055 0.03625045 0.02684133 0.03744126 0.01913143 0.02924111 0.02750681 0.01908430 0.02129141 0.01795006 0.03639498 0.03229626 0.02457376 0.02663134 0.02300336 0.02533391 0.03606359 0.01266659 0.02037184 0.02509470 0.02790995 0.01293874 0.03787584 0.03323089 0.02256392 0.02977073 0.02266401 0.01427188 0.03089097 0.01266659 0.01973008 0.01427188 0.02502875 0.02340568 0.01266659 0.01266659 0.02576878 0.02181171 0.02121183 0.01266659 0.01241183 0.01284898 0.01266659 0.01266659 0.01266659 0.02012272 0.01033516 0.01266659 0.02459802 0.01728047 0.02037184 0.01471631 0.03670009 0.01296059 0.03679353 0.01398945 0.01144006 0.01296059 0.01784817 0.02415350 0.02527946 0.03562913 0.03309283 0.00933593 0.02037184 0.01266659 0.02223936 0.02037184 0.01604945 0.02037184 0.02037184 0.02037184 0.03168919 0.01033516 0.01589109 0.02392361 0.01266659 0.03482941 0.02024927 0.01993290 0.01294364 0.01472619 0.01033516 0.03251378 0.02926068 0.01427188 0.01810694 0.03478029 0.02410637 0.01033516 0.01679034 0.02285809 0.01569124 0.01375915 0.02520543 0.02643726 0.01033516 0.01855492 0.02610532 0.02874320 0.01879912 0.02128356 0.03457422 0.01266659 0.00905275 0.02252413 0.02313081 0.02165347 0.02353768 0.01856609 0.03203734 0.01298105 0.01790171 0.02147851 0.02064377 0.03092777 0.02100654 0.02213172 0.01887346 0.02623209 0.02013631 0.01688504 0.02107174 0.02037184 0.01266659 0.01375719 0.03004207 0.01033516 0.02829180 0.03012029 0.02536742 0.02906118 0.01535522 0.01494662 0.01696497 0.01384709 0.01021146 0.01266659 0.01475261 0.01266659 0.01266659 0.01266659 0.01266659 0.01037333 0.03561077 0.02702168 0.01675626 0.01283564 0.02721697 0.02588169 0.02033142 0.01868447 0.01997672 0.01656210 0.02037184 0.01530132 0.02389642 0.01266659 0.02037184 0.01375719 0.01275873 0.02470597 0.01946607 0.01266659 0.00629754 0.01920054 0.01770033 0.01728643 0.01704813 0.02084380 0.01756452 0.01266659 0.02501324 0.01744261 0.02493447 0.02146177 0.03808513 0.01569124 0.02465790 0.03323594 0.02672115 0.02321993 0.01033516 0.02627200 0.01447470 0.01000669 0.03170967 0.01817212 0.03220888 0.02799328 0.02425021 0.01807080 0.01266659 0.02556081 0.02250838 0.01266659 0.01680529 0.01427188 0.02354508 0.02465339 0.03504574 0.03162618 0.02452351 0.01787304 0.01945807 0.01560346 0.01972819 0.03292142 0.02369220 
0.05020136 0.03729249 0.04510964 0.03919232 0.00000000 0.02737891 0.02548679 0.01974515 0.02116658 0.02946080 0.02268337 0.02473928 0.02323476 0.03634611 0.03731763 0.03148950 0.02190231 0.03302204 0.02733057 0.03382573 0.02160630 0.01744967 0.02107749 0.02651231 0.01091621 0.01477280 0.02163452 0.01584111 0.02127711 0.01481243 0.01757393 0.02478854 0.01260406 0.02045536 0.02175705 0.01911846 0.01813439 0.01965100 0.02156521 0.02078514 0.02223096 0.02328716 0.02918859 0.02121740 0.02635564 0.02045536 0.03262302 0.02121740 0.03044734 0.01701608 0.02045536 0.02045536 0.01885670 0.01446489 0.01566195 0.02045536 0.01911067 0.01626400 0.02045536 0.02045536 0.02045536 0.02764984 0.01923586 0.02045536 0.03299155 0.03112549 0.02175705 0.01420504 0.02156043 0.01950067 0.01565715 0.01114083 0.01333762 0.01950067 0.02246529 0.02163224 0.03437555 0.02585656 0.01494312 0.02243923 0.02175705 0.02045536 0.03091494 0.02175705 0.02754382 0.02175705 0.02175705 0.02175705 0.02396972 0.01923586 0.01543986 0.01782067 0.02045536 0.01679744 0.01891056 0.01396083 0.01950325 0.01519316 0.01923586 0.02107783 0.02053283 0.02121740 0.01388366 0.01046555 0.02764095 0.01923586 0.01243951 0.02129999 0.01589640 0.01302705 0.02209187 0.03283693 0.01923586 0.01759543 0.01672149 0.02007264 0.01057163 0.01462608 0.02318945 0.02045536 0.01145297 0.02567896 0.01146609 0.02866216 0.01159321 0.02372697 0.02650360 0.01308014 0.01972738 0.02106324 0.02788723 0.02183878 0.01004103 0.01781319 0.01978315 0.01695822 0.01885115 0.02391120 0.02787646 0.02175705 0.02045536 0.01473147 0.02688921 0.01923586 0.01993058 0.02665289 0.03022713 0.01465594 0.01126598 0.01490700 0.01566578 0.02288220 0.01880354 0.02045536 0.01579006 0.02045536 0.02045536 0.02045536 0.02045536 0.01626813 0.01580431 0.03483049 0.01950969 0.01461200 0.02488585 0.02546729 0.02803970 0.02072199 0.01575569 0.02500738 0.02175705 0.02012995 0.02704010 0.02045536 0.02175705 0.01473147 0.02380998 0.01720485 0.01015161 0.02045536 0.01479740 0.01162362 0.02094696 0.02036601 0.01579346 0.01878995 0.02090092 0.02045536 0.01310054 0.02839758 0.03624300 0.01112152 0.01121767 0.01589640 0.01753994 0.01870670 0.02063183 0.02285107 0.01923586 0.02315924 0.02741487 0.01623661 0.02246540 0.01761135 0.02393640 0.01543421 0.02710099 0.01853342 0.02045536 0.02330938 0.03210881 0.02045536 0.01540506 0.02121740 0.01200532 0.01933632 0.04221646 0.04741812 0.02613807 0.01559354 0.02069393 0.02210010 0.02705869 0.02300570 0.02049345 
0.02137596 0.02729056 0.01971953 0.02722362 0.02737891 0.00000000 0.03784902 0.02331195 0.03558731 0.03395502 0.01990062 0.02720525 0.03688600 0.02769207 0.01658657 0.02625577 0.03121872 0.01688792 0.02490026 0.02544743 0.02950872 0.03379546 0.01856291 0.02903853 0.01886620 0.01064030 0.02875273 0.03225211 0.02870293 0.02077350 0.02284026 0.02980712 0.02597875 0.00764315 0.01958649 0.02100236 0.02719140 0.02848205 0.02014414 0.02922463 0.03108710 0.02138700 0.01362262 0.00999916 0.04364791 0.00764315 0.01934548 0.00999916 0.02680842 0.02356822 0.00764315 0.00764315 0.03363952 0.02805165 0.02422699 0.00764315 0.00832504 0.01039963 0.00764315 0.00764315 0.00764315 0.01068749 0.00486006 0.00764315 0.02461482 0.02540466 0.01958649 0.00640414 0.03747155 0.00909186 0.01745504 0.02903211 0.03521228 0.00909186 0.03305494 0.02444698 0.01700256 0.02754828 0.02667396 0.02900861 0.01958649 0.00764315 0.02662293 0.01958649 0.01121493 0.01958649 0.01958649 0.01958649 0.03437774 0.00486006 0.01751505 0.03360151 0.00764315 0.01329794 0.02064343 0.02354252 0.00910455 0.01084455 0.00486006 0.02588059 0.04016395 0.00999916 0.02680316 0.03184325 0.01924423 0.00486006 0.01745411 0.01802201 0.02033924 0.01180685 0.02898656 0.01988216 0.00486006 0.02086326 0.02141645 0.02832848 0.02593391 0.03480121 0.02711172 0.00764315 0.01815447 0.01740874 0.02815549 0.03068375 0.03304850 0.03632003 0.03582167 0.02101974 0.02651697 0.02605519 0.01850622 0.02154630 0.02375853 0.02563938 0.03111826 0.01942860 0.02964577 0.03167877 0.01318230 0.01958649 0.00764315 0.01824369 0.02300048 0.00486006 0.02469573 0.03691302 0.02851465 0.02782499 0.01116444 0.01875137 0.01648199 0.02996216 0.00487617 0.00764315 0.01216767 0.00764315 0.00764315 0.00764315 0.00764315 0.02109648 0.01785998 0.02553503 0.01112197 0.00994772 0.02783416 0.02766322 0.01634264 0.02376445 0.02655651 0.00856832 0.01958649 0.02338356 0.02102536 0.00764315 0.01958649 0.01824369 0.02268886 0.02525020 0.02804234 0.00764315 0.01977157 0.01370810 0.02858621 0.02570781 0.02947204 0.02823629 0.02966825 0.00764315 0.02996548 0.02395251 0.01710863 0.02169456 0.02663480 0.02033924 0.02218412 0.02748426 0.02671487 0.02417120 0.00486006 0.02717471 0.02768548 0.03280905 0.02876643 0.03311926 0.03362548 0.02439651 0.01766922 0.01619212 0.00764315 0.01953159 0.01408499 0.00764315 0.01513679 0.00999916 0.02335316 0.03159111 0.03641037 0.02970645 0.03287352 0.02369203 0.03712377 0.04348595 0.02628524 0.03541194 0.02224237 
0.02445132 0.02858296 0.02112306 0.02857972 0.02548679 0.03784902 0.00000000 0.02659276 0.02713282 0.04714611 0.01920910 0.01637005 0.03866756 0.02061489 0.02679051 0.01550637 0.02763055 0.02258479 0.02290058 0.02035974 0.02881811 0.01801045 0.04206575 0.02258966 0.02798967 0.01088868 0.02248332 0.02629284 0.01397959 0.02482906 0.02272725 0.02458296 0.01606485 0.01447863 0.02077467 0.03916873 0.03721888 0.04196141 0.02596923 0.01962675 0.02121696 0.02369533 0.01506073 0.01579524 0.01903162 0.01447863 0.01595355 0.01579524 0.02040613 0.00068036 0.01447863 0.01447863 0.01828439 0.03050224 0.01846695 0.01447863 0.01637073 0.01503513 0.01447863 0.01447863 0.01447863 0.01369472 0.01221547 0.01447863 0.03233151 0.01243579 0.02077467 0.00802211 0.01833018 0.01429578 0.02285975 0.01747154 0.02633327 0.01429578 0.01485882 0.01363642 0.01562903 0.02722715 0.02685585 0.02627731 0.02077467 0.01447863 0.02487716 0.02077467 0.01222616 0.02077467 0.02077467 0.02077467 0.02800477 0.01221547 0.01508490 0.03367067 0.01447863 0.03246201 0.02539187 0.01781146 0.01424847 0.01423136 0.01221547 0.02378257 0.02027547 0.01579524 0.01728567 0.03530323 0.01245963 0.01221547 0.01348618 0.02240676 0.02135527 0.01508891 0.03053012 0.01873473 0.01221547 0.01574744 0.03831399 0.03643698 0.02874708 0.02621757 0.01865658 0.01447863 0.01870372 0.01625401 0.03634729 0.02312022 0.02766599 0.02672328 0.03664292 0.01918345 0.02228982 0.02968669 0.01339773 0.01257232 0.01246599 0.03486769 0.04236915 0.01298743 0.02614946 0.01688177 0.01434370 0.02077467 0.01447863 0.01963459 0.02448596 0.01221547 0.01928015 0.02354255 0.02186864 0.03078852 0.02650857 0.01727470 0.01787667 0.02731553 0.01212486 0.01447863 0.01523834 0.01447863 0.01447863 0.01447863 0.01447863 0.02108673 0.01932427 0.02835251 0.00683838 0.01340572 0.02141773 0.02165101 0.02141225 0.03745085 0.02072640 0.01772087 0.02077467 0.03295481 0.01757963 0.01447863 0.02077467 0.01963459 0.04613686 0.02711720 0.04577945 0.01447863 0.01575307 0.01239381 0.01859513 0.01929967 0.01563294 0.02311008 0.01808373 0.01447863 0.02745596 0.04127882 0.02534810 0.01980829 0.02340365 0.02135527 0.02651028 0.02452061 0.01520159 0.03138773 0.01221547 0.02492943 0.04174506 0.03815867 0.02604284 0.01959669 0.03100513 0.01987472 0.01735734 0.02159601 0.01447863 0.00521596 0.00899477 0.01447863 0.01691840 0.01579524 0.02068938 0.02348198 0.02492071 0.02368795 0.02337494 0.02356395 0.01963710 0.02410093 0.01843801 0.02429470 0.02216376 
0.02217450 0.03063854 0.01946995 0.04022577 0.01974515 0.02331195 0.02659276 0.00000000 0.01887295 0.02470531 0.02276716 0.03614004 0.03263207 0.03725175 0.02639881 0.02469233 0.03630806 0.02573220 0.01582558 0.01404671 0.02212182 0.02016596 0.01276429 0.01604830 0.01851478 0.01554689 0.02491691 0.02036968 0.00959010 0.03813757 0.01942949 0.02719052 0.04822780 0.01994391 0.02160844 0.02740047 0.04766109 0.01702233 0.03215192 0.02415082 0.02688329 0.03007668 0.01762240 0.02040968 0.02210424 0.01994391 0.02209633 0.02040968 0.01266486 0.03119001 0.01994391 0.01994391 0.01568150 0.03533935 0.00987343 0.01994391 0.01879229 0.01628375 0.01994391 0.01994391 0.01994391 0.01768901 0.01829092 0.01994391 0.01947979 0.01550044 0.02160844 0.01436643 0.02731836 0.01870372 0.02218139 0.02228464 0.02643323 0.01870372 0.02100137 0.01483359 0.01465784 0.02417172 0.02624675 0.01681718 0.02160844 0.01994391 0.01767514 0.02160844 0.01638451 0.02160844 0.02160844 0.02160844 0.02385899 0.01829092 0.01785780 0.01965550 0.01994391 0.05441783 0.02014707 0.03343538 0.01844358 0.01865188 0.01829092 0.02483468 0.01472782 0.02040968 0.02515721 0.01327995 0.01029428 0.01829092 0.01220697 0.01310139 0.01749523 0.01788706 0.01949101 0.02169783 0.01829092 0.01600311 0.01994844 0.02741110 0.01533017 0.02555748 0.01818141 0.01994391 0.02296410 0.01451602 0.03092210 0.03088037 0.04490743 0.02499949 0.01565137 0.01481720 0.01180294 0.02564536 0.00814973 0.02007598 0.01887024 0.02340116 0.02301722 0.01697191 0.01408979 0.03775286 0.01623511 0.02160844 0.01994391 0.01588191 0.01943772 0.01829092 0.01647355 0.01582587 0.01577999 0.01598986 0.01185157 0.01501371 0.01402848 0.02840141 0.01901488 0.01994391 0.01616580 0.01994391 0.01994391 0.01994391 0.01994391 0.01773966 0.02697004 0.02815390 0.01784207 0.01459859 0.01227818 0.01371703 0.02593622 0.03365724 0.02884551 0.03062189 0.02160844 0.02589988 0.01452146 0.01994391 0.02160844 0.01588191 0.02678092 0.01620081 0.02344693 0.01994391 0.01770791 0.01281522 0.01908291 0.02065655 0.01468652 0.02794616 0.02451312 0.01994391 0.02582377 0.01887742 0.01155254 0.01526441 0.05577738 0.01749523 0.03390008 0.02482667 0.01505654 0.02848493 0.01829092 0.02625300 0.01048530 0.01393707 0.01665687 0.02505860 0.02031884 0.01756296 0.01331276 0.01772134 0.01994391 0.01290017 0.01376396 0.01994391 0.01587822 0.02040968 0.01671479 0.02186082 0.01559985 0.01908074 0.02701611 0.01751051 0.03165513 0.02621609 0.01591473 0.03533982 0.02439409 
0.01407155 0.02923224 0.02139912 0.02640062 0.02116658 0.03558731 0.02713282 0.01887295 0.00000000 0.03143856 0.02902890 0.02263034 0.03323827 0.02390573 0.01358230 0.02955234 0.03874941 0.02170850 0.02829862 0.02731296 0.01749985 0.03326368 0.01531159 0.02080748 0.03319736 0.00712170 0.02888198 0.03634877 0.02652324 0.01362439 0.04637717 0.02825754 0.01822758 0.00979528 0.01992860 0.03385769 0.01977965 0.01581549 0.02446931 0.02438416 0.02742722 0.02797166 0.01050821 0.01184582 0.03374601 0.00979528 0.02060125 0.01184582 0.02102590 0.01953918 0.00979528 0.00979528 0.01336509 0.03277164 0.01793250 0.00979528 0.01478952 0.00958402 0.00979528 0.00979528 0.00979528 0.00862280 0.00730957 0.00979528 0.02400047 0.03097421 0.01992860 0.00685948 0.02615127 0.01091618 0.01765154 0.01892994 0.02082539 0.01091618 0.02858939 0.02040894 0.01464161 0.02816090 0.03104315 0.03140334 0.01992860 0.00979528 0.02803150 0.01992860 0.01320300 0.01992860 0.01992860 0.01992860 0.01915074 0.00730957 0.01838928 0.03435222 0.00979528 0.01317325 0.02676836 0.02482365 0.01080947 0.01397445 0.00730957 0.03217001 0.03585578 0.01184582 0.02069648 0.01686103 0.02283675 0.00730957 0.01553183 0.02190174 0.02329190 0.01822935 0.02935292 0.02263150 0.00730957 0.02256636 0.02270686 0.03027441 0.02432439 0.03541786 0.02799373 0.00979528 0.02571109 0.04247540 0.01766862 0.01908780 0.02705219 0.02892331 0.02789697 0.02474132 0.02329443 0.02662860 0.02702391 0.03450580 0.02883481 0.03404178 0.02661094 0.02052271 0.03732135 0.02370982 0.01070273 0.01992860 0.00979528 0.02142378 0.02525897 0.00730957 0.02427588 0.02528972 0.03080373 0.02779972 0.01707859 0.02184823 0.01606853 0.02038002 0.00891167 0.00979528 0.02159562 0.00979528 0.00979528 0.00979528 0.00979528 0.03244587 0.01817261 0.02975189 0.01779772 0.01974746 0.02967380 0.02458151 0.01798835 0.02906063 0.03379901 0.01123979 0.01992860 0.01386091 0.01876733 0.00979528 0.01992860 0.02142378 0.02151658 0.02414156 0.02666980 0.00979528 0.02689127 0.00682720 0.01660204 0.03298451 0.01442917 0.02864009 0.03089778 0.00979528 0.02618814 0.02068952 0.01483743 0.03040274 0.02449989 0.02329190 0.02014835 0.02636141 0.02876933 0.02684228 0.00730957 0.02574720 0.02442029 0.02918170 0.02775498 0.02800679 0.02755383 0.01660748 0.01273165 0.01178768 0.00979528 0.02207099 0.01722336 0.00979528 0.02450583 0.01184582 0.03190591 0.02575152 0.02159051 0.02849021 0.03712368 0.02632992 0.03125089 0.02457141 0.04054583 0.02803289 0.02335356 
0.02569066 0.01749736 0.02002336 0.04468733 0.02946080 0.03395502 0.04714611 0.02470531 0.03143856 0.00000000 0.01010712 0.02566621 0.03720598 0.02688404 0.01862243 0.02891951 0.02521325 0.02237423 0.02166967 0.02474364 0.02454442 0.02920735 0.02747196 0.02475786 0.02220597 0.01272979 0.02263634 0.03034710 0.03340748 0.00751318 0.01705487 0.02615238 0.01002806 0.01050850 0.02006265 0.01360694 0.02975823 0.03003141 0.03805577 0.02908338 0.02644807 0.02444224 0.02053140 0.01250569 0.03476615 0.01050850 0.02204241 0.01250569 0.03077638 0.02891964 0.01050850 0.01050850 0.02369194 0.02561041 0.01620446 0.01050850 0.00956651 0.00911936 0.01050850 0.01050850 0.01050850 0.01770259 0.00805561 0.01050850 0.02225573 0.03316928 0.02006265 0.00967083 0.02982853 0.01138553 0.01739661 0.02038938 0.01408890 0.01138553 0.02184439 0.02163748 0.02498422 0.03719138 0.03109767 0.02335449 0.02006265 0.01050850 0.03255590 0.02006265 0.01641507 0.02006265 0.02006265 0.02006265 0.01666682 0.00805561 0.02057794 0.02984017 0.01050850 0.01186442 0.02394130 0.02548136 0.01139954 0.00855221 0.00805561 0.02712841 0.02976981 0.01250569 0.02171569 0.01322506 0.01176566 0.00805561 0.02068716 0.01875090 0.02095030 0.02652661 0.02250828 0.02342326 0.00805561 0.02513883 0.02423441 0.01895315 0.03040551 0.02377627 0.03282606 0.01050850 0.02500214 0.02195925 0.01582025 0.03065415 0.02537259 0.04058855 0.03492767 0.02141429 0.02543983 0.02215108 0.02998278 0.02927680 0.01705318 0.02815605 0.03214508 0.03412068 0.02516034 0.02556027 0.01960227 0.02006265 0.01050850 0.01908037 0.04482267 0.00805561 0.02884033 0.03551795 0.02476274 0.03790108 0.01444900 0.02354162 0.01878093 0.01774334 0.00770592 0.01050850 0.01021396 0.01050850 0.01050850 0.01050850 0.01050850 0.01415236 0.01666664 0.02722083 0.02860086 0.00809656 0.03825184 0.02498948 0.01902452 0.01516521 0.01986151 0.01209389 0.02006265 0.01989585 0.02450798 0.01050850 0.02006265 0.01908037 0.02261445 0.02522731 0.03255882 0.01050850 0.00747555 0.01312036 0.02740160 0.02562225 0.02403547 0.02736875 0.01726987 0.01050850 0.02423923 0.02758778 0.02834171 0.01879622 0.03394788 0.02095030 0.01677143 0.03049124 0.02032879 0.02230185 0.00805561 0.02413583 0.03279446 0.03596811 0.02722804 0.02874729 0.03142600 0.02323449 0.01658566 0.01296805 0.01050850 0.01328221 0.01615253 0.01050850 0.01239581 0.01250569 0.02015034 0.02524760 0.02848734 0.02125960 0.02505800 0.02386661 0.04135079 0.03318654 0.02387578 0.02683472 0.02038400 
0.02630810 0.02063242 0.03951713 0.01354007 0.02268337 0.01990062 0.01920910 0.02276716 0.02902890 0.01010712 0.00000000 0.02325678 0.01468994 0.01667939 0.03091879 0.02575200 0.02815843 0.03301045 0.02918898 0.02163802 0.02992916 0.02066443 0.01759272 0.01613556 0.02775105 0.01769040 0.01632997 0.02573816 0.02189718 0.01790073 0.03241150 0.01525815 0.01667357 0.02292954 0.02209169 0.01820570 0.02776832 0.01914031 0.01768510 0.01940586 0.01973771 0.02453081 0.02044623 0.02323087 0.02045490 0.02292954 0.01523293 0.02323087 0.01377562 0.01423148 0.02292954 0.02292954 0.02645074 0.02041418 0.01870953 0.02292954 0.02181025 0.01929777 0.02292954 0.02292954 0.02292954 0.02079332 0.02188186 0.02292954 0.02312167 0.01584524 0.02209169 0.01738690 0.02574904 0.02142051 0.01879414 0.02675939 0.01290174 0.02142051 0.01390361 0.01515922 0.01642617 0.02157805 0.01021814 0.02360225 0.02209169 0.02292954 0.01673832 0.02209169 0.01993773 0.02209169 0.02209169 0.02209169 0.01842945 0.02188186 0.01859698 0.02235049 0.02292954 0.02822104 0.01963194 0.01361039 0.02124407 0.01902206 0.02188186 0.01392790 0.03345029 0.02323087 0.02397194 0.01485336 0.03798933 0.02188186 0.01473256 0.01540886 0.01893944 0.02952039 0.01818837 0.03400928 0.02188186 0.01586511 0.02336435 0.01259865 0.03550995 0.01937266 0.01837660 0.02292954 0.01825522 0.02198182 0.02105605 0.02063384 0.02329739 0.01651822 0.01684180 0.01574840 0.01482142 0.02479654 0.01426341 0.01788091 0.01277559 0.01678954 0.01962366 0.01838706 0.01782359 0.01572043 0.01890221 0.02209169 0.02292954 0.01793531 0.02046010 0.02188186 0.01616569 0.02073153 0.03467262 0.01176323 0.02749824 0.01710516 0.01835313 0.02434207 0.02150113 0.02292954 0.03661900 0.02292954 0.02292954 0.02292954 0.02292954 0.01924922 0.03243765 0.02234559 0.01844968 0.03597456 0.01855315 0.01421058 0.02940746 0.02939195 0.01455332 0.02855176 0.02209169 0.01606673 0.01198109 0.02292954 0.02209169 0.01793531 0.02129449 0.03722460 0.02415125 0.02292954 0.03019298 0.01472772 0.01185411 0.01657133 0.02021618 0.01338629 0.02241049 0.02292954 0.01704712 0.02460541 0.01838522 0.03313574 0.01528683 0.01893944 0.01852316 0.02372152 0.02139200 0.01537532 0.02188186 0.02403053 0.01690281 0.01754550 0.01305512 0.01914828 0.02185912 0.01558423 0.01415287 0.02627342 0.02292954 0.02511712 0.03285787 0.02292954 0.03782602 0.02323087 0.03406878 0.01542077 0.01464169 0.02318581 0.01421840 0.01819966 0.02025491 0.02440031 0.03322064 0.01894010 0.02099577 
0.02801917 0.02763127 0.02452821 0.01347100 0.02473928 0.02720525 0.01637005 0.03614004 0.02263034 0.02566621 0.02325678 0.00000000 0.03116428 0.04717408 0.03304841 0.02802330 0.04814679 0.02003026 0.02010819 0.02135487 0.01969368 0.01500757 0.01549109 0.03116700 0.02004640 0.01250665 0.02619529 0.02238162 0.03409223 0.02464171 0.02690597 0.02121416 0.01717023 0.01924664 0.02152712 0.02976141 0.03088685 0.03001757 0.02941159 0.02326190 0.02802341 0.03103086 0.01704569 0.01979824 0.01695975 0.01924664 0.00942402 0.01979824 0.01351362 0.02544826 0.01924664 0.01924664 0.02222205 0.01473962 0.03129028 0.01924664 0.02350478 0.01607832 0.01924664 0.01924664 0.01924664 0.01702841 0.01754761 0.01924664 0.02352244 0.01673832 0.02152712 0.01249031 0.02335765 0.01814160 0.01671033 0.01661759 0.02470584 0.01814160 0.02918599 0.01496585 0.01462891 0.01816868 0.01801587 0.02328659 0.02152712 0.01924664 0.01932625 0.02152712 0.01568775 0.02152712 0.02152712 0.02152712 0.02408752 0.01754761 0.01719857 0.02865149 0.01924664 0.02378438 0.02205158 0.02388026 0.01797876 0.03980584 0.01754761 0.01589123 0.01509600 0.01979824 0.01730250 0.02190147 0.01763998 0.01754761 0.02152645 0.02324347 0.01666088 0.01831297 0.02275747 0.01897206 0.01754761 0.01962390 0.02359400 0.02587557 0.01757881 0.02081935 0.03064289 0.01924664 0.01193528 0.03593008 0.02563910 0.02613202 0.01426008 0.03155770 0.01774398 0.01677789 0.02337248 0.02128864 0.02106568 0.01782784 0.03657773 0.02098994 0.01979925 0.03555441 0.03080175 0.02212007 0.01592942 0.02152712 0.01924664 0.01500845 0.03143101 0.01754761 0.02240337 0.01427476 0.01237223 0.01103094 0.01106359 0.01589436 0.02332662 0.02527892 0.01834584 0.01924664 0.01621174 0.01924664 0.01924664 0.01924664 0.01924664 0.01468386 0.01601003 0.02439642 0.01478390 0.01458520 0.01935616 0.03270703 0.02492041 0.02069957 0.02112888 0.02679472 0.02152712 0.02537484 0.01840111 0.01924664 0.02152712 0.01500845 0.02505563 0.02345742 0.01341929 0.01924664 0.02090309 0.00944777 0.01731601 0.02091071 0.01639519 0.01736519 0.01624348 0.01924664 0.02321485 0.02179744 0.01709373 0.01552923 0.01785550 0.01666088 0.03000778 0.02472302 0.02647866 0.01084832 0.01754761 0.02873710 0.00630320 0.02027523 0.02656941 0.06055466 0.02675335 0.01333104 0.01005411 0.01436011 0.01924664 0.01956266 0.01470914 0.01924664 0.01618786 0.01979824 0.01722096 0.01898142 0.01842191 0.02290779 0.02648238 0.01676408 0.03394027 0.02909857 0.02002367 0.02344161 0.02462362 
0.01755684 0.03329624 0.02322666 0.03582167 0.02323476 0.03688600 0.03866756 0.03263207 0.03323827 0.03720598 0.01468994 0.03116428 0.00000000 0.02830764 0.01461627 0.03216109 0.02850275 0.02147806 0.02306978 0.03293683 0.02608990 0.03257191 0.02012564 0.02520118 0.02121927 0.01630037 0.02556020 0.02810348 0.02509527 0.02851389 0.02255371 0.02945461 0.02868298 0.00781264 0.01959354 0.03190351 0.03637580 0.02933863 0.02905103 0.02830460 0.03460067 0.03125102 0.01232196 0.01005641 0.03408120 0.00781264 0.02613221 0.01005641 0.02366262 0.02931187 0.00781264 0.00781264 0.01131420 0.03749658 0.03248499 0.00781264 0.01046957 0.01305450 0.00781264 0.00781264 0.00781264 0.00958241 0.00495835 0.00781264 0.02141704 0.01871345 0.01959354 0.01028501 0.03378352 0.00912733 0.01984774 0.02857388 0.01249904 0.00912733 0.02311918 0.02397181 0.01387457 0.02534863 0.02602217 0.03516758 0.01959354 0.00781264 0.01975041 0.01959354 0.00875753 0.01959354 0.01959354 0.01959354 0.02168791 0.00495835 0.01528204 0.03789981 0.00781264 0.02093994 0.02182148 0.02752769 0.00910096 0.02021240 0.00495835 0.03682291 0.03705165 0.01005641 0.02523163 0.02909491 0.01595087 0.00495835 0.01775317 0.02304821 0.01636598 0.01506638 0.02842642 0.02032073 0.00495835 0.02248067 0.02399171 0.03697291 0.01708779 0.02239716 0.03326396 0.00781264 0.03334464 0.02493246 0.01926865 0.03186647 0.03217046 0.03029873 0.03061883 0.02054180 0.02284784 0.02679412 0.02119832 0.02161418 0.02744951 0.04016529 0.03015357 0.02982134 0.03142156 0.02870258 0.01211285 0.01959354 0.00781264 0.01419280 0.02552721 0.00495835 0.02429259 0.02696121 0.01906418 0.03101417 0.01459390 0.01641309 0.01150498 0.02301651 0.00650740 0.00781264 0.01264268 0.00781264 0.00781264 0.00781264 0.00781264 0.02204783 0.01273238 0.02167861 0.02825653 0.01042030 0.01830386 0.02550972 0.01594637 0.03131220 0.02510218 0.01190923 0.01959354 0.02538395 0.01917489 0.00781264 0.01959354 0.01419280 0.02970261 0.02487332 0.02746208 0.00781264 0.02025674 0.01769771 0.03086428 0.03914835 0.03500664 0.02066761 0.01952981 0.00781264 0.03059973 0.02992392 0.02346258 0.01796030 0.03292448 0.01636598 0.02046426 0.03188580 0.02270388 0.02581775 0.00495835 0.03261840 0.01990018 0.02182786 0.02474777 0.02778050 0.03273119 0.02734509 0.01528865 0.01484442 0.00781264 0.01693263 0.02581570 0.00781264 0.01560986 0.01005641 0.01984739 0.02955233 0.02914531 0.02278453 0.02211357 0.01956539 0.03500512 0.02921212 0.02666114 0.02968174 0.02300436 
0.04257903 0.03235817 0.03615293 0.02939724 0.03634611 0.02769207 0.02061489 0.03725175 0.02390573 0.02688404 0.01667939 0.04717408 0.02830764 0.00000000 0.03062190 0.02831248 0.03789881 0.03972499 0.01469559 0.02391195 0.02024581 0.01960626 0.02219261 0.02291709 0.02023264 0.01065874 0.02171992 0.01975250 0.02501377 0.01393549 0.02720614 0.02320848 0.01351753 0.01600389 0.02081957 0.01893873 0.02258195 0.01779597 0.02371000 0.02403956 0.02885611 0.03058218 0.02468941 0.01723776 0.03404356 0.01600389 0.02181340 0.01723776 0.00871868 0.01854353 0.01600389 0.01600389 0.02433341 0.02131663 0.01792817 0.01600389 0.01441878 0.01142216 0.01600389 0.01600389 0.01600389 0.02261065 0.01420413 0.01600389 0.02123466 0.01883080 0.02081957 0.00933854 0.02577387 0.01589993 0.01899010 0.02332319 0.01515464 0.01589993 0.04195463 0.02431701 0.02146156 0.03032107 0.03422901 0.02653546 0.02081957 0.01600389 0.02737758 0.02081957 0.01163526 0.02081957 0.02081957 0.02081957 0.02082601 0.01420413 0.02918416 0.01966434 0.01600389 0.01458921 0.01890707 0.01482417 0.01562500 0.01556216 0.01420413 0.02278415 0.03423167 0.01723776 0.01735623 0.02191330 0.01898287 0.01420413 0.01359322 0.01787252 0.01184458 0.01411117 0.02247644 0.00928368 0.01420413 0.01143200 0.01745374 0.02629129 0.01700092 0.02547575 0.02457926 0.01600389 0.02521227 0.02426977 0.02130142 0.03168093 0.01835955 0.02364578 0.02647045 0.02895356 0.01491289 0.02489985 0.03494678 0.01772226 0.02007813 0.03529985 0.02690197 0.01980079 0.02228235 0.02685831 0.02350110 0.02081957 0.01600389 0.01006322 0.02262623 0.01420413 0.03811763 0.02460799 0.02555980 0.03441130 0.02232923 0.03148424 0.04092978 0.02684451 0.01581664 0.01600389 0.01137732 0.01600389 0.01600389 0.01600389 0.01600389 0.01304921 0.01031431 0.03023697 0.02484153 0.00961806 0.01716062 0.02466525 0.02379084 0.01657283 0.01790645 0.01709536 0.02081957 0.01777909 0.01166346 0.01600389 0.02081957 0.01006322 0.02000591 0.01798049 0.01332159 0.01600389 0.01330958 0.00776534 0.01901360 0.02952778 0.02176492 0.02059576 0.02003458 0.01600389 0.02680982 0.01634349 0.01692313 0.00910594 0.02626955 0.01184458 0.04065395 0.01831896 0.01987112 0.02051229 0.01420413 0.02580971 0.02744571 0.02342431 0.03474008 0.02918687 0.03580581 0.01544545 0.02076741 0.01005823 0.01600389 0.02466323 0.02537351 0.01600389 0.01173014 0.01723776 0.01126557 0.02340413 0.02779041 0.03083520 0.03455615 0.01233696 0.01783364 0.02583057 0.03639692 0.03420459 0.01981598 
0.04033284 0.02404907 0.03694269 0.02407230 0.03731763 0.01658657 0.02679051 0.02639881 0.01358230 0.01862243 0.03091879 0.03304841 0.01461627 0.03062190 0.00000000 0.02191468 0.01854542 0.02349182 0.02232673 0.01987575 0.02269519 0.02128603 0.01714459 0.01977085 0.02447668 0.02181845 0.01476728 0.02078703 0.01593182 0.02170705 0.01696006 0.01780832 0.01698352 0.02623091 0.02274615 0.01952719 0.02450124 0.01403007 0.02022532 0.02340961 0.01653754 0.02195229 0.02378766 0.02610635 0.01982817 0.02623091 0.01578887 0.02610635 0.01851744 0.01502802 0.02623091 0.02623091 0.03337713 0.01542146 0.01990234 0.02623091 0.02536031 0.02332831 0.02623091 0.02623091 0.02623091 0.02454996 0.02557397 0.02623091 0.02855056 0.01957608 0.02274615 0.02185821 0.01986717 0.02408422 0.02018379 0.01539030 0.01790130 0.02408422 0.01900705 0.01309490 0.01971279 0.01246660 0.01122175 0.01738039 0.02274615 0.02623091 0.01760141 0.02274615 0.02399995 0.02274615 0.02274615 0.02274615 0.02795194 0.02557397 0.02261325 0.01857193 0.02623091 0.02947039 0.02071962 0.01457527 0.02399558 0.02555933 0.02557397 0.02191880 0.02011478 0.02610635 0.01297001 0.01589195 0.02316579 0.02557397 0.01862570 0.01844292 0.02286008 0.01907269 0.01276093 0.02685217 0.02557397 0.02013288 0.02133648 0.01710767 0.01588888 0.01708155 0.02225332 0.02623091 0.02060864 0.01855871 0.02174405 0.02266853 0.01692640 0.01519486 0.01446230 0.01950735 0.01761178 0.01756846 0.01525543 0.01587991 0.01534130 0.02144493 0.01324592 0.01614630 0.02738640 0.01586918 0.02207286 0.02274615 0.02623091 0.02219165 0.01950520 0.02557397 0.02249827 0.01841396 0.02208525 0.01564576 0.02360493 0.02043086 0.02191050 0.01605577 0.02524978 0.02623091 0.02292238 0.02623091 0.02623091 0.02623091 0.02623091 0.02308127 0.02645500 0.02711047 0.02026475 0.02226796 0.01461547 0.01614908 0.03180401 0.02154814 0.02088967 0.03349794 0.02274615 0.01945859 0.01466584 0.02623091 0.02274615 0.02219165 0.01884862 0.01862109 0.01956697 0.02623091 0.02171483 0.01940226 0.01219325 0.01740491 0.01222883 0.01320697 0.01703380 0.02623091 0.01342004 0.01396457 0.02050292 0.01868324 0.01661047 0.02286008 0.01940614 0.01610650 0.01386840 0.01643848 0.02557397 0.01827459 0.02139258 0.01275937 0.01629216 0.02214870 0.02148310 0.01631769 0.01824423 0.02636745 0.02623091 0.01938978 0.01933743 0.02623091 0.02165046 0.02610635 0.01842025 0.01364984 0.02611806 0.03055958 0.02448903 0.02161675 0.01290749 0.02300764 0.02164166 0.01562014 0.02180839 
0.02381751 0.02058745 0.02667082 0.01858550 0.03148950 0.02625577 0.01550637 0.02469233 0.02955234 0.02891951 0.02575200 0.02802330 0.03216109 0.02831248 0.02191468 0.00000000 0.03029298 0.01824517 0.02609909 0.02770779 0.01385329 0.02147250 0.02930275 0.03443275 0.02096791 0.02244229 0.02545518 0.01633842 0.02010874 0.02688524 0.03599943 0.03505850 0.03434024 0.01483203 0.02073998 0.02314944 0.01834130 0.02527477 0.02848662 0.03932371 0.03261714 0.03438593 0.01589845 0.01610855 0.02057677 0.01483203 0.02932956 0.01610855 0.02761513 0.02007339 0.01483203 0.01483203 0.02050456 0.02871805 0.02548421 0.01483203 0.01466387 0.01502265 0.01483203 0.01483203 0.01483203 0.01453857 0.01265452 0.01483203 0.01252330 0.03433746 0.02073998 0.01825060 0.01990951 0.01463351 0.01984674 0.01765592 0.04640666 0.01463351 0.01649265 0.01536974 0.01989401 0.02594715 0.00957135 0.03049511 0.02073998 0.01483203 0.01251228 0.02073998 0.01826001 0.02073998 0.02073998 0.02073998 0.01769786 0.01265452 0.02514501 0.03057278 0.01483203 0.01829161 0.02214317 0.05098383 0.01454321 0.03218474 0.01265452 0.01783538 0.02523869 0.01610855 0.03122791 0.03500276 0.02502878 0.01265452 0.00768094 0.02776966 0.01599824 0.03010902 0.01606503 0.02382064 0.01265452 0.02490198 0.02349661 0.02454113 0.01986036 0.02096548 0.04080220 0.01483203 0.02089505 0.03234532 0.03447009 0.02716692 0.01822239 0.02523068 0.02577261 0.02730246 0.02046937 0.02113269 0.02621335 0.01817410 0.00791341 0.02028018 0.01762386 0.01433487 0.03687443 0.01529555 0.01510928 0.02073998 0.01483203 0.01416821 0.02596112 0.01265452 0.01941758 0.02019370 0.02188452 0.01446188 0.01539804 0.02669240 0.02526076 0.01409529 0.01257093 0.01483203 0.01504243 0.01483203 0.01483203 0.01483203 0.01483203 0.01249591 0.01514709 0.03029670 0.04282912 0.01323885 0.01663240 0.02094949 0.02195557 0.02766658 0.02688450 0.02953799 0.02073998 0.00239015 0.02286934 0.01483203 0.02073998 0.01416821 0.01265056 0.02985285 0.01716173 0.01483203 0.02269786 0.01701760 0.01868291 0.02103790 0.01307146 0.02318723 0.02187515 0.01483203 0.02919050 0.01028803 0.02438632 0.01269053 0.01374525 0.01599824 0.02272881 0.01734240 0.03047963 0.01720793 0.01265452 0.03436797 0.01653137 0.02855045 0.02911831 0.02944630 0.02277297 0.02437799 0.01035516 0.00565606 0.01483203 0.02260243 0.02341783 0.01483203 0.01658064 0.01610855 0.01409560 0.01858967 0.02256142 0.02234514 0.03439603 0.01768118 0.02546369 0.01539841 0.05211315 0.02712287 0.02172571 
