0.00000000 0.46271248 0.22865920 0.23234079 0.15586298 0.23384861 0.13275827 0.15221986 0.15287991 0.18721307 0.10733724 0.29633125 0.16379802 0.15225670 0.18100870 0.09299311 0.14076420 0.13651285 0.14501674 0.15912852 0.16108318 0.14294598 0.22823294 0.15984122 0.16320002 0.16390728 0.16590963 0.18941392 0.11527733 0.13753455 0.21124364 0.12587779 0.15605065 0.18125848 0.18670983 0.15610309 0.20925441 0.09965042 0.22855040 0.17395736 0.23311251 0.26993184 0.23011319 0.09500534 0.16499474 0.18670422 0.19759765 0.17330698 0.08595656 0.17758172 0.14776372 0.16158659 0.11702692 0.05831395 0.17845620 0.13542848 0.08327040 0.12837253 0.18320640 0.19004147 0.12304910 0.17284716 0.17302972 0.22062832 0.14582555 0.13831344 0.20528999 0.14940483 0.11430483 0.18918228 0.12233806 0.13525448 0.14103167 0.18945241 0.17833094 0.13233768 0.16964370 0.17092140 0.16778978 0.14001078 0.14279703 0.21040060 0.18123855 0.16623167 0.18142029 0.19815187 0.14224993 0.13832500 0.15540343 0.13436900 0.18865926 0.14590162 0.11015995 0.14978446 0.09324416 0.14326239 0.18093843 0.12906430 0.14134636 0.16957962 0.18067429 0.14957562 0.21480951 0.12884875 0.16853420 0.34182067 0.22454762 0.11544225 0.15917133 0.16572135 
0.46271248 0.00000000 0.38523863 0.37597643 0.14708621 0.25012049 0.18223706 0.15110927 0.22910217 0.17117524 0.10482986 0.12140884 0.17599771 0.16441258 0.26048471 0.03957816 0.11774328 0.10646417 0.13589241 0.14204893 0.11706059 0.13835670 0.12259768 0.15614602 0.10845193 0.15942538 0.15655698 0.21234078 0.13889322 0.11471622 0.12539115 0.13519931 0.11055690 0.23330072 0.19975324 0.11102286 0.27616597 0.10189674 0.09689433 0.21415437 0.14394608 0.13983089 0.15427865 0.21013906 0.22308214 0.17387307 0.15628286 0.21397927 0.07109141 0.10973337 0.22228576 0.15940197 0.08211805 0.08568668 0.13616918 0.09102691 0.08286680 0.18124656 0.17081937 0.07705326 0.16669047 0.25756041 0.25533844 0.20884595 0.21929717 0.20858289 0.20171152 0.20621074 0.11283116 0.17344339 0.13415307 0.35602139 0.32589484 0.13837521 0.16199884 0.07438863 0.14065914 0.17130091 0.12691553 0.14658222 0.10795080 0.15126039 0.18517109 0.09050769 0.15029145 0.16213605 0.17674697 0.11257359 0.22021658 0.17687868 0.12326666 0.16614518 0.07946617 0.08848997 0.09150745 0.06635553 0.12931457 0.07766176 0.13400915 0.11537648 0.19923359 0.10218803 0.32696335 0.25115582 0.43492864 0.32884917 0.13861766 0.25350907 0.12095950 0.16140813 
0.22865920 0.38523863 0.00000000 0.31861695 0.32204986 0.25054709 0.17887888 0.24528149 0.17670283 0.14168457 0.17394298 0.18444840 0.17425531 0.10876374 0.23174009 0.17056225 0.16453597 0.13444835 0.24796005 0.11749426 0.19174227 0.09553190 0.16745244 0.17457573 0.18364366 0.22535659 0.16647498 0.10378185 0.19993449 0.21856745 0.11691886 0.18380272 0.16552635 0.17915466 0.17032029 0.08985996 0.11578138 0.19876067 0.14267494 0.17215964 0.19999958 0.14377203 0.22494920 0.14508956 0.12056921 0.11369064 0.10534627 0.12136336 0.12438043 0.13927027 0.09090060 0.22003031 0.04844375 0.15379608 0.10631312 0.16052728 0.18339161 0.24002682 0.17893698 0.24512016 0.19850988 0.37671016 0.21298611 0.23351148 0.20033282 0.17544623 0.17061959 0.11330143 0.15323165 0.08536034 0.22418325 0.13855065 0.24317288 0.09298247 0.20070817 0.13113801 0.09243999 0.15818865 0.07561221 0.17628602 0.15846618 0.13465331 0.12836161 0.07719870 0.10777498 0.14671318 0.23900479 0.10174715 0.11747358 0.16359403 0.15836939 0.12308450 0.12989185 0.15322458 0.10574249 0.13665671 0.08050032 0.20603611 0.14746518 0.12775673 0.11138072 0.13219266 0.21335939 0.43592372 0.18097296 0.11050621 0.23679203 0.19154676 0.21533709 0.15794324 
0.23234079 0.37597643 0.31861695 0.00000000 0.20959824 0.60522518 0.29453311 0.30316447 0.22176603 0.20559307 0.20160264 0.18595887 0.15245649 0.17840995 0.24321893 0.06850226 0.20731836 0.06960222 0.06050031 0.10540365 0.14871476 0.18432883 0.16243372 0.12975638 0.10784672 0.09634495 0.12236591 0.16381787 0.17062531 0.19530675 0.18242034 0.18529911 0.22019149 0.17311228 0.17092900 0.11962000 0.24212021 0.16899766 0.16961607 0.16938472 0.05548779 0.11754327 0.13724586 0.06641620 0.26287908 0.18074773 0.07521502 0.12640855 0.08422649 0.15369073 0.14813353 0.14479919 0.14974322 0.10522043 0.13865179 0.16574554 0.05394677 0.20678667 0.15001069 0.08945212 0.14732589 0.20843587 0.19160945 0.21661231 0.21709271 0.17269165 0.19413262 0.17160245 0.17405328 0.22555143 0.09537781 0.15449140 0.26535351 0.11872256 0.18147842 0.09003095 0.12926604 0.17821025 0.17062096 0.14565453 0.11932341 0.20733891 0.20811540 0.12305335 0.13536735 0.13388560 0.19619750 0.13603681 0.18334471 0.15214003 0.15747408 0.17167131 0.11987143 0.18858081 0.10375398 0.12250387 0.10598631 0.11454485 0.15814329 0.13755739 0.22280650 0.13300259 0.34308513 0.14508443 0.22353528 0.23055972 0.18941682 0.18080950 0.12356682 0.16441407 
0.15586298 0.14708621 0.32204986 0.20959824 0.00000000 0.23192362 0.31279694 0.19790737 0.13527041 0.19236935 0.15746275 0.10637173 0.14371723 0.22479575 0.12946236 0.15959714 0.18642256 0.21779614 0.13653821 0.16992790 0.17171444 0.15989493 0.12913964 0.14849494 0.18782781 0.15953418 0.13146746 0.13472794 0.16063973 0.13068354 0.23899153 0.24410598 0.17201706 0.13353239 0.13601133 0.12335809 0.14892499 0.20035692 0.10222518 0.09686223 0.19411275 0.08178371 0.15293789 0.18083757 0.16961667 0.09815445 0.08565753 0.17645493 0.22483026 0.28341338 0.11029804 0.18035064 0.36352024 0.30692738 0.15994750 0.22528560 0.19749223 0.16270703 0.19034667 0.14671583 0.15385555 0.15683230 0.13694921 0.14535491 0.13699720 0.17435736 0.16174029 0.14482297 0.17837562 0.15509891 0.26051101 0.11756591 0.13903608 0.10948707 0.12491879 0.15253773 0.09893010 0.08937218 0.19254443 0.16544592 0.13917396 0.17549068 0.19161726 0.17905090 0.13774049 0.09960336 0.17557280 0.17552503 0.21870907 0.22998625 0.11992374 0.12414589 0.16461204 0.14960859 0.17664980 0.15226306 0.11752723 0.13702462 0.20344202 0.20075647 0.11007513 0.17122368 0.17088194 0.23128046 0.20795959 0.11229093 0.13511135 0.15580430 0.17104034 0.16718962 
0.23384861 0.25012049 0.25054709 0.60522518 0.23192362 0.00000000 0.20407688 0.52004418 0.19907562 0.21361877 0.17714493 0.13201704 0.18751193 0.14115189 0.25205342 0.14338324 0.12953198 0.15801620 0.14084775 0.12131143 0.22787549 0.17976954 0.14022265 0.13490967 0.21548256 0.20269041 0.18174391 0.16970892 0.11914108 0.24953446 0.21031555 0.19806544 0.12847645 0.21488747 0.25252490 0.10231428 0.12315061 0.16777484 0.12272193 0.17383762 0.14850111 0.13826386 0.08798402 0.16219769 0.15958914 0.14321549 0.20203923 0.19966705 0.05361377 0.19799051 0.14583828 0.14110039 0.15745798 0.16588582 0.15595648 0.14679556 0.09763334 0.09231299 0.16695376 0.18011593 0.17821805 0.15635525 0.18138200 0.18592704 0.08421028 0.16463858 0.07941704 0.17950353 0.19701424 0.08283497 0.10303635 0.15157152 0.13324048 0.14760407 0.17100067 0.12852284 0.28105692 0.17735892 0.19147771 0.17540278 0.18346067 0.09620362 0.20554343 0.08524977 0.17496396 0.11258251 0.10913349 0.12703333 0.10980849 0.16760743 0.14067984 0.16097045 0.11886881 0.13031801 0.13612899 0.17630856 0.10423082 0.07045206 0.22517809 0.13671487 0.40858390 0.15650192 0.23988626 0.16820583 0.11975217 0.11719463 0.17020124 0.26733869 0.16859781 0.16988941 
0.13275827 0.18223706 0.17887888 0.29453311 0.31279694 0.20407688 0.00000000 0.20989965 0.22656083 0.72201328 0.20350978 0.30210662 0.11038812 0.23177599 0.16503806 0.12785221 0.15624072 0.08965453 0.14084315 0.09910304 0.14609328 0.12334204 0.14241747 0.07342157 0.10583135 0.16256650 0.15224619 0.10954982 0.13557004 0.16051597 0.15970490 0.13503674 0.11225633 0.17450059 0.11719410 0.09787022 0.16286576 0.14391364 0.12831680 0.16554676 0.15960772 0.06772460 0.08631998 0.23448960 0.11286751 0.25951812 0.21957427 0.10624471 0.15333229 0.83827417 0.07601927 0.12811054 0.17498039 0.15316922 0.13070174 0.17128032 0.08700562 0.21535143 0.11193328 0.09503875 0.12210843 0.17161727 0.20294342 0.16639245 0.17130157 0.19432078 0.12708886 0.18248484 0.18874033 0.17386815 0.18373291 0.07991569 0.17841843 0.19124866 0.15556918 0.12689381 0.17019832 0.09236376 0.13162483 0.19102959 0.16216109 0.13889280 0.15412106 0.15722753 0.11141109 0.13116490 0.26232203 0.15016104 0.16555408 0.18532302 0.13309077 0.09988608 0.13368843 0.13522426 0.16278858 0.23249762 0.19813247 0.18075077 0.17519102 0.37877103 0.15415051 0.14467788 0.24997974 0.13481660 0.15390483 0.19464007 0.10425258 0.13032880 0.12142428 0.15405926 
0.15221986 0.15110927 0.24528149 0.30316447 0.19790737 0.52004418 0.20989965 0.00000000 0.21410639 0.22430063 0.19955606 0.14559858 0.12513233 0.21462972 0.14045991 0.17033630 0.10109659 0.21877103 0.19345258 0.18418876 0.12102682 0.18745227 0.16864992 0.13602030 0.15189531 0.13236048 0.09532968 0.26365882 0.16708623 0.16884838 0.14392200 0.19652057 0.19518701 0.17784964 0.21490162 0.21399251 0.17831390 0.14436679 0.12157123 0.26207504 0.20000646 0.17719285 0.13462591 0.18582384 0.15508206 0.16343468 0.11676649 0.16068935 0.22459060 0.19048353 0.09099949 0.15449413 0.19208503 0.20934992 0.15935611 0.27275173 0.21284214 0.10133185 0.19005781 0.11467128 0.10136499 0.15784153 0.21047357 0.09715473 0.18045571 0.07222680 0.20540957 0.13169691 0.15493882 0.18317969 0.13173541 0.08899798 0.10231319 0.15732685 0.13103419 0.20997485 0.31579165 0.11856152 0.16110305 0.20521528 0.10201712 0.20061120 0.13122950 0.19528648 0.08343682 0.09642083 0.10762112 0.16256314 0.13998550 0.16518802 0.10129285 0.15428051 0.13693622 0.11531026 0.20255062 0.19967870 0.18281427 0.22212757 0.33220225 0.16662821 0.18256286 0.17081915 0.12512885 0.08068023 0.13139706 0.09009953 0.11171798 0.18391224 0.19404000 0.16128545 
0.15287991 0.22910217 0.17670283 0.22176603 0.13527041 0.19907562 0.22656083 0.21410639 0.00000000 0.19008935 0.25766583 0.21885821 0.18848784 0.22454384 0.11235261 0.18442077 0.20884734 0.09370322 0.16391310 0.14795045 0.18667029 0.11542064 0.14534576 0.09776246 0.18812680 0.13619465 0.13598756 0.16674358 0.15534766 0.14233893 0.20639494 0.15062301 0.21160979 0.18489901 0.17987229 0.18010501 0.11185818 0.20705642 0.12896237 0.16556636 0.09924228 0.12635149 0.14429648 0.18803571 0.19928706 0.16876971 0.10488864 0.09957328 0.15803102 0.10865183 0.18227956 0.24439011 0.15767326 0.20663896 0.12976633 0.12581745 0.19563529 0.18294530 0.16291528 0.14950605 0.16929365 0.17463904 0.25222096 0.13207686 0.19637335 0.13546828 0.08712429 0.09832524 0.19884180 0.18174034 0.09196242 0.08441778 0.12491175 0.11088842 0.17146217 0.15973732 0.18172290 0.23663452 0.17542181 0.80501380 0.11457699 0.19552217 0.13432538 0.10836043 0.08407658 0.12156166 0.18785590 0.13888872 0.17330051 0.17185460 0.18390674 0.17575321 0.15075563 0.20151060 0.12699011 0.14086876 0.26846099 0.21315374 0.31273126 0.14803121 0.22319703 0.15688520 0.21696512 0.10532348 0.14836531 0.19999550 0.14808076 0.14542373 0.17923083 0.15562377 
0.18721307 0.17117524 0.14168457 0.20559307 0.19236935 0.21361877 0.72201328 0.22430063 0.19008935 0.00000000 0.22683064 0.19069672 0.17627755 0.28422604 0.13100571 0.13938650 0.14091010 0.12365676 0.24401228 0.17223718 0.21557458 0.12624339 0.08045592 0.11464459 0.14931855 0.16974294 0.16952328 0.12274193 0.17725110 0.25480526 0.16550480 0.15492592 0.14529795 0.17247468 0.19069623 0.21263216 0.10226128 0.15017073 0.20917635 0.21326003 0.13589827 0.09042669 0.16665963 0.15205793 0.10926066 0.54469026 0.15978294 0.19205769 0.14840999 0.20901650 0.06427632 0.10737448 0.15446103 0.20538696 0.11786729 0.21780672 0.14470744 0.18444294 0.16277653 0.10161807 0.13132784 0.22479014 0.23902436 0.14491208 0.11517350 0.15916666 0.21679128 0.13489296 0.21686775 0.23858326 0.12182256 0.13403118 0.07308629 0.10174848 0.17377391 0.17130313 0.16281428 0.09933157 0.13332607 0.20008625 0.16606424 0.15635705 0.17248441 0.13959615 0.12115374 0.16128679 0.07926627 0.18689980 0.15861103 0.13896064 0.09389280 0.14147685 0.18759551 0.13325479 0.17657680 0.09038204 0.19238026 0.16610816 0.15707130 0.25814677 0.11843805 0.09866734 0.18647672 0.14641036 0.19524008 0.19422762 0.16842499 0.16112626 0.11369498 0.16587348 
0.10733724 0.10482986 0.17394298 0.20160264 0.15746275 0.17714493 0.20350978 0.19955606 0.25766583 0.22683064 0.00000000 0.18149907 0.19354204 0.21657954 0.16641602 0.18938591 0.17958592 0.18507647 0.07557883 0.13137916 0.16492794 0.10818002 0.04184967 0.12173694 0.11843592 0.25324874 0.15971143 0.13125888 0.24902893 0.15588509 0.08206081 0.23693056 0.11497243 0.12781307 0.17999445 0.13413221 0.15658414 0.12895499 0.16177355 0.15695512 0.05919345 0.18693928 0.16129386 0.21118092 0.15464185 0.17455761 0.11221559 0.09795003 0.17737411 0.26216727 0.19556278 0.11799605 0.14255861 0.18546649 0.10652859 0.20740889 0.19622751 0.18471246 0.14062139 0.19225586 0.10284139 0.18740975 0.11141018 0.18360552 0.19571701 0.22685214 0.17735171 0.17017711 0.19084247 0.18031604 0.25324837 0.12462411 0.07801089 0.21062720 0.15735128 0.24792668 0.16027603 0.11183899 0.13504779 0.31900607 0.16247020 0.15484203 0.18813998 0.16314473 0.16200874 0.13026143 0.13172532 0.18077648 0.15868509 0.22277061 0.07627180 0.17144807 0.28623843 0.17362491 0.24284154 0.21716538 0.29951263 0.21888872 0.10607598 0.13916237 0.21179125 0.19440149 0.16190960 0.23295668 0.11254643 0.16415232 0.17046724 0.15643100 0.21915756 0.15687392 
0.29633125 0.12140884 0.18444840 0.18595887 0.10637173 0.13201704 0.30210662 0.14559858 0.21885821 0.19069672 0.18149907 0.00000000 0.36055626 0.25154729 0.18394812 0.14746062 0.48722897 0.12509704 0.16402574 0.22884369 0.21011810 0.19455468 0.12954784 0.10040104 0.18258393 0.16725098 0.12534472 0.09654631 0.11096582 0.17891695 0.26455552 0.11625787 0.11596963 0.15432967 0.15179311 0.17456848 0.12683577 0.16104850 0.16787095 0.17608612 0.15961698 0.24618987 0.41786432 0.18833539 0.16629934 0.27086385 0.14449473 0.13576364 0.10336400 0.13314363 0.16739177 0.13220405 0.17084259 0.07639759 0.12826648 0.15582168 0.13847420 0.14089831 0.18796692 0.18010125 0.16007040 0.17419416 0.13857308 0.15372314 0.12300907 0.15042312 0.14835740 0.11096483 0.13877605 0.13384548 0.13679241 0.12839677 0.15539862 0.13251902 0.08390495 0.15349621 0.13979932 0.11368457 0.11662286 0.12604895 0.12012289 0.17977360 0.12303781 0.19641786 0.26113868 0.21622345 0.15012204 0.14524637 0.21498207 0.18038104 0.14180057 0.13655206 0.20600083 0.14394714 0.22070157 0.29526426 0.19610337 0.29939724 0.17381276 0.21561164 0.17407782 0.15737420 0.13593197 0.08244246 0.10901970 0.16051990 0.18674580 0.11683157 0.18723852 0.15958819 
0.16379802 0.17599771 0.17425531 0.15245649 0.14371723 0.18751193 0.11038812 0.12513233 0.18848784 0.17627755 0.19354204 0.36055626 0.00000000 0.27976346 0.33380099 0.32382153 0.21303048 0.18348582 0.22222530 0.13373701 0.22680958 0.13710493 0.21835566 0.09457413 0.16753865 0.09525299 0.22246319 0.23220735 0.13451430 0.16250234 0.11440526 0.19226015 0.21129138 0.18255495 0.16951004 0.15556237 0.14651454 0.11999985 0.21700017 0.13658064 0.09245875 0.39257875 0.13890401 0.18230360 0.17275541 0.16038492 0.15593743 0.16756763 0.14016302 0.22825520 0.16105621 0.09538164 0.11727289 0.12522694 0.12089522 0.11016088 0.12658623 0.11828783 0.22691181 0.18855016 0.14047003 0.09291648 0.18411287 0.17632372 0.14940560 0.13726399 0.09220217 0.16629823 0.08981687 0.09418198 0.17067738 0.07042028 0.16842456 0.14269477 0.17090877 0.10376106 0.13744358 0.20225785 0.15885305 0.19136453 0.05194525 0.12038028 0.12078853 0.13850530 0.14423817 0.17693927 0.20722539 0.15658878 0.18895349 0.18102492 0.11269626 0.17367310 0.13463693 0.14113504 0.19672977 0.36049373 0.17359670 0.23005003 0.13891160 0.18931487 0.18706921 0.14301683 0.24203123 0.10183676 0.17179182 0.18738680 0.13630610 0.15960103 0.20585494 0.16502018 
0.15225670 0.16441258 0.10876374 0.17840995 0.22479575 0.14115189 0.23177599 0.21462972 0.22454384 0.28422604 0.21657954 0.25154729 0.27976346 0.00000000 0.24237354 0.28027344 0.20273720 0.30884416 0.21229703 0.22209953 0.12716920 0.15067029 0.13717820 0.14876417 0.15581099 0.15641999 0.11772933 0.16382833 0.12800790 0.16336731 0.10672446 0.16530759 0.15318156 0.21131162 0.18374843 0.15219871 0.17433497 0.11407373 0.16666335 0.16636838 0.08971125 0.08928041 0.11381823 0.14137023 0.19883041 0.14485964 0.11885121 0.15100299 0.17041798 0.19450714 0.11731086 0.13409034 0.21017006 0.20416237 0.07915037 0.23976573 0.17766842 0.14487546 0.14611009 0.15237816 0.11489848 0.17104447 0.11888243 0.08393145 0.12900454 0.09170068 0.13003601 0.11037605 0.15866545 0.16224862 0.12935337 0.13045945 0.06011665 0.11893094 0.12194865 0.23564692 0.20460923 0.32477238 0.30971335 0.18999464 0.24409945 0.17063329 0.14623365 0.19670075 0.15982417 0.14232255 0.16884651 0.17866843 0.16447091 0.15596971 0.12115120 0.12363209 0.20253142 0.21314048 0.22766078 0.26167856 0.20874591 0.24851710 0.22200165 0.16741124 0.17679338 0.12687457 0.15457307 0.20417854 0.13800565 0.10124001 0.14187215 0.11028164 0.11426754 0.15800551 
0.18100870 0.26048471 0.23174009 0.24321893 0.12946236 0.25205342 0.16503806 0.14045991 0.11235261 0.13100571 0.16641602 0.18394812 0.33380099 0.24237354 0.00000000 0.12378243 0.18548101 0.16794734 0.41600264 0.08307583 0.19365738 0.24093650 0.20436806 0.22992071 0.19784134 0.19387062 0.14566815 0.11114480 0.26362596 0.06364447 0.16591755 0.15609020 0.19370122 0.21351269 0.20816623 0.12334964 0.20173697 0.20370356 0.21422691 0.20642354 0.29839254 0.28152246 0.09933206 0.21200746 0.19073441 0.07827708 0.15939418 0.24512055 0.13006631 0.15810496 0.10885040 0.18616329 0.11416608 0.10167595 0.14871509 0.18838313 0.13133336 0.14183955 0.11555687 0.07336136 0.15119807 0.14079355 0.23856442 0.14392362 0.09293661 0.14185487 0.19726101 0.18050549 0.15588736 0.09764658 0.11568756 0.11198447 0.14756009 0.18925575 0.12868930 0.21567889 0.07711098 0.16673002 0.15208491 0.07733138 0.19659200 0.18842880 0.20702168 0.15883613 0.19586196 0.22530484 0.16345844 0.14901083 0.13435491 0.20588005 0.12760235 0.21778778 0.10289149 0.26567128 0.14657818 0.16248183 0.09838730 0.21956130 0.12986212 0.11093269 0.15321507 0.09349221 0.17410843 0.13798124 0.16747665 0.18895473 0.14995297 0.22451080 0.11336588 0.15807791 
0.09299311 0.03957816 0.17056225 0.06850226 0.15959714 0.14338324 0.12785221 0.17033630 0.18442077 0.13938650 0.18938591 0.14746062 0.32382153 0.28027344 0.12378243 0.00000000 0.28136435 0.23046240 0.21619223 0.34823518 0.15809244 0.15568636 0.19205447 0.17183707 0.12497716 0.14519742 0.15577534 0.07928519 0.16000789 0.15351228 0.17852908 0.16286020 0.17472792 0.11887074 0.22257984 0.15503383 0.14220737 0.25721751 0.23536616 0.08665532 0.21669195 0.07492250 0.30222285 0.32295088 0.11737973 0.14032444 0.17895627 0.08260794 0.18059626 0.10094955 0.14534285 0.11557170 0.22783488 0.18448590 0.12668042 0.19861189 0.15027466 0.13013891 0.19147993 0.18659790 0.09343014 0.08129010 0.08373650 0.09278861 0.13438166 0.12182069 0.16494140 0.11421151 0.14560241 0.21834930 0.18383104 0.12392162 0.14909110 0.19469958 0.15058998 0.27360700 0.20185821 0.11796176 0.20042764 0.17034325 0.13567524 0.17853462 0.16557912 0.18030069 0.12583730 0.10918874 0.31959342 0.17014489 0.13603604 0.17594454 0.09992847 0.13470293 0.23173583 0.15688956 0.28357762 0.24742678 0.20832139 0.22457483 0.15752154 0.18277592 0.15772861 0.16434579 0.13600529 0.20763837 0.17907190 0.06885524 0.13468634 0.13529399 0.15740899 0.16930229 
0.14076420 0.11774328 0.16453597 0.20731836 0.18642256 0.12953198 0.15624072 0.10109659 0.20884734 0.14091010 0.17958592 0.48722897 0.21303048 0.20273720 0.18548101 0.28136435 0.00000000 0.17581472 0.21938189 0.30679757 0.27575943 0.15461570 0.12611426 0.17228236 0.15733501 0.13164018 0.23421710 0.11836692 0.12069017 0.15749990 0.12529879 0.18439252 0.10956290 0.18139596 0.14206093 0.18598070 0.15702602 0.18437007 0.20899776 0.13573862 0.16855383 0.13976843 0.23426133 0.17461586 0.19127176 0.18019143 0.50813634 0.09284362 0.16000638 0.13681938 0.03627959 0.22135037 0.18130451 0.15865935 0.14251136 0.14383681 0.12174513 0.24570350 0.08117176 0.14897695 0.04006558 0.14506261 0.17550405 0.11073229 0.02182730 0.11944077 0.06360024 0.14054018 0.14191068 0.04515521 0.09324223 0.14168711 0.11631488 0.16262221 0.21773580 0.24062137 0.14599666 0.25568611 0.26934702 0.20467221 0.13435944 0.15217495 0.22739960 0.21201425 0.20939756 0.18949294 0.17394170 0.12276978 0.11887210 0.09861873 0.11603362 0.20329548 0.08670742 0.19702313 0.17191431 0.23061196 0.22381003 0.39672203 0.20040759 0.35801947 0.14290352 0.14328470 0.14121286 0.15288140 0.06844532 0.12910782 0.08950458 0.12650539 0.14509007 0.17562829 
0.13651285 0.10646417 0.13444835 0.06960222 0.21779614 0.15801620 0.08965453 0.21877103 0.09370322 0.12365676 0.18507647 0.12509704 0.18348582 0.30884416 0.16794734 0.23046240 0.17581472 0.00000000 0.30680179 0.19696656 0.22377472 0.35612261 0.20841067 0.15279054 0.22721921 0.18793766 0.14968496 0.16276618 0.16414813 0.13844287 0.15750090 0.12556258 0.09230102 0.16765952 0.14247114 0.18790432 0.13313683 0.18769168 0.15345455 0.11742030 0.17190444 0.23966174 0.16747793 0.19314588 0.08500873 0.06585830 0.15881472 0.05917600 0.18781133 0.19850002 0.13132128 0.10771825 0.18946862 0.17864796 0.14257537 0.21024824 0.21472222 0.11145082 0.11886397 0.11934955 0.16361462 0.11844179 0.09775601 0.14780889 0.15400523 0.18478575 0.09879975 0.07498831 0.11749881 0.16956793 0.15473194 0.18460150 0.16412129 0.24482497 0.16744839 0.29245947 0.42886451 0.39422342 0.26051988 0.23867252 0.16169920 0.15781316 0.14320844 0.17402005 0.17728476 0.15060132 0.16238718 0.17454339 0.13580305 0.18756475 0.09571587 0.08003228 0.18314020 0.12950110 0.20599799 0.16665162 0.23971819 0.17392333 0.21391171 0.22285521 0.18874166 0.15648907 0.16633296 0.18548088 0.09655629 0.15041615 0.13260693 0.19541673 0.13553162 0.15660585 
0.14501674 0.13589241 0.24796005 0.06050031 0.13653821 0.14084775 0.14084315 0.19345258 0.16391310 0.24401228 0.07557883 0.16402574 0.22222530 0.21229703 0.41600264 0.21619223 0.21938189 0.30680179 0.00000000 0.25531297 0.32332829 0.27084373 0.26593848 0.08880031 0.15802524 0.12345127 0.23976823 0.11693139 0.21717576 0.12438773 0.09779825 0.15218965 0.14001065 0.15044629 0.12258510 0.12971288 0.08801135 0.18306663 0.31202616 0.21983933 0.45323047 0.15591971 0.14962636 0.20344605 0.20000073 0.12522582 0.11278057 0.16009196 0.09789494 0.19385839 0.13166721 0.18597501 0.17986621 0.14595431 0.18340384 0.13229431 0.18640214 0.13080503 0.16482072 0.11553402 0.18392900 0.19369302 0.17599615 0.15822646 0.12777350 0.14680896 0.15262293 0.11933338 0.12253396 0.12834477 0.16292032 0.16734111 0.11022949 0.21396675 0.16464418 0.24458962 0.15314161 0.12166735 0.18605678 0.09515420 0.11122922 0.20096894 0.20035085 0.10313506 0.16389927 0.20498925 0.22406235 0.12264426 0.19501731 0.13471390 0.30083124 0.22215446 0.21431754 0.16802266 0.21258174 0.10028793 0.16107638 0.16359335 0.18896962 0.14982320 0.12353276 0.10440236 0.09068713 0.15499385 0.18499419 0.10073619 0.14416783 0.13724103 0.06063067 0.15776104 
0.15912852 0.14204893 0.11749426 0.10540365 0.16992790 0.12131143 0.09910304 0.18418876 0.14795045 0.17223718 0.13137916 0.22884369 0.13373701 0.22209953 0.08307583 0.34823518 0.30679757 0.19696656 0.25531297 0.00000000 0.15243498 0.24925812 0.19836327 0.27584251 0.17944148 0.15018071 0.20051716 0.14125582 0.15028056 0.24885225 0.09327107 0.24219111 0.17539262 0.18765237 0.19258458 0.35082141 0.12328399 0.17247729 0.18628112 0.11156286 0.20512244 0.09006662 0.34544061 0.16594652 0.09802411 0.14043205 0.32858886 0.10660167 0.14212349 0.16891745 0.14492310 0.20173539 0.18665469 0.14704516 0.15352377 0.21774094 0.19410138 0.19012132 0.12836334 0.22391215 0.21970201 0.08023406 0.09291446 0.09936955 0.16525645 0.22784670 0.12261635 0.05886911 0.13672974 0.15117240 0.15922969 0.11125167 0.13762210 0.21728107 0.11744332 0.19071729 0.07055162 0.22464132 0.12429825 0.18060082 0.16811819 0.17361679 0.20117620 0.21887109 0.14744213 0.17327602 0.21640900 0.18156091 0.20737802 0.18426856 0.17568820 0.12013308 0.17331390 0.10307616 0.13145358 0.11765676 0.16151350 0.19473508 0.10906112 0.14656802 0.17220052 0.17786918 0.11649001 0.13482442 0.13290281 0.09746282 0.13214190 0.16473598 0.16438467 0.16196045 
0.16108318 0.11706059 0.19174227 0.14871476 0.17171444 0.22787549 0.14609328 0.12102682 0.18667029 0.21557458 0.16492794 0.21011810 0.22680958 0.12716920 0.19365738 0.15809244 0.27575943 0.22377472 0.32332829 0.15243498 0.00000000 0.30073291 0.09434604 0.23098306 0.25890880 0.10555581 0.17253594 0.17843898 0.15433391 0.13367890 0.11384732 0.17840870 0.15679142 0.18745127 0.11299169 0.25271634 0.20639489 0.19115412 0.13037280 0.09712665 0.17636906 0.23147944 0.23556953 0.25835404 0.25817674 0.14520844 0.52337655 0.13439124 0.13338015 0.08453121 0.10012072 0.08907875 0.19468105 0.16387599 0.16436568 0.10659156 0.16334955 0.11249307 0.15788193 0.12967941 0.12529659 0.18387342 0.12965431 0.11488840 0.14943380 0.11992825 0.08213858 0.18080616 0.10470782 0.12676387 0.10821421 0.09835116 0.19142084 0.56321816 0.17605192 0.77651786 0.21029715 0.16834882 0.11691963 0.09481068 0.11979185 0.05887248 0.08885516 0.10231730 0.10307209 0.09536077 0.11384886 0.14183566 0.13235343 0.13927383 0.13411706 0.12844015 0.09382905 0.14264665 0.17701912 0.11175087 0.20322467 0.17175404 0.09127162 0.18398740 0.24455502 0.20755150 0.06797790 0.15839181 0.11371431 0.13741562 0.13032125 0.18972784 0.18413444 0.16386093 
0.14294598 0.13835670 0.09553190 0.18432883 0.15989493 0.17976954 0.12334204 0.18745227 0.11542064 0.12624339 0.10818002 0.19455468 0.13710493 0.15067029 0.24093650 0.15568636 0.15461570 0.35612261 0.27084373 0.24925812 0.30073291 0.00000000 0.21540917 0.26396243 0.57365014 0.16431670 0.14842316 0.15867447 0.11979292 0.14843459 0.16297418 0.16215701 0.13288543 0.13772055 0.27768015 0.19341431 0.12371506 0.17995875 0.08383016 0.13935142 0.13664920 0.14173761 0.15577955 0.11228079 0.30476731 0.19167306 0.23302529 0.11094675 0.21071184 0.04428902 0.17862908 0.14768974 0.19583678 0.12782444 0.04982402 0.21117848 0.12349996 0.08646640 0.18359448 0.09889644 0.09692127 0.06894525 0.16519357 0.15304399 0.19416601 0.16970939 0.17211549 0.13132655 0.16871529 0.23362698 0.10800498 0.24246882 0.15537236 0.18539243 0.16204294 0.11937664 0.17921685 0.19888865 0.17286205 0.15220070 0.14549909 0.09907095 0.22343396 0.19773049 0.15851643 0.25077790 0.12633371 0.18350609 0.12625947 0.10859942 0.17951790 0.11644026 0.15101172 0.22887598 0.20327961 0.16515691 0.20522626 0.14806229 0.12872690 0.20246984 0.20867752 0.18610407 0.14912567 0.14867642 0.26450171 0.14900064 0.17747645 0.16267909 0.20288609 0.15312052 
0.22823294 0.12259768 0.16745244 0.16243372 0.12913964 0.14022265 0.14241747 0.16864992 0.14534576 0.08045592 0.04184967 0.12954784 0.21835566 0.13717820 0.20436806 0.19205447 0.12611426 0.20841067 0.26593848 0.19836327 0.09434604 0.21540917 0.00000000 0.29617589 0.26411505 0.20223852 0.33711468 0.24354042 0.20610376 0.18747715 0.15121645 0.15275723 0.21851528 0.26961556 0.41203306 0.27943901 0.13007024 0.17135911 0.37677618 0.19672285 0.23961429 0.23484634 0.11981594 0.25774076 0.17771526 0.11786118 0.14404091 0.17149665 0.12604926 0.12157985 0.15399255 0.17403134 0.14491028 0.14935502 0.09494992 0.16775652 0.14412762 0.10922602 0.09751807 0.21074885 0.16788684 0.22448180 0.29865224 0.16765442 0.08452698 0.08829709 0.20131496 0.16297392 0.19841995 0.15016236 0.14496449 0.14762335 0.19166270 0.21950475 0.08472612 0.20752365 0.17924273 0.20663069 0.21663446 0.15138550 0.15505024 0.14200795 0.12150358 0.17114502 0.10378539 0.15550489 0.20175715 0.16807738 0.14083874 0.15117547 0.15756999 0.14108100 0.10293274 0.17389308 0.13114715 0.12694584 0.16231620 0.14570530 0.16823191 0.10817272 0.13611461 0.08721743 0.10014541 0.11462881 0.21663062 0.14311317 0.16869198 0.16150499 0.10935573 0.15618436 
0.15984122 0.15614602 0.17457573 0.12975638 0.14849494 0.13490967 0.07342157 0.13602030 0.09776246 0.11464459 0.12173694 0.10040104 0.09457413 0.14876417 0.22992071 0.17183707 0.17228236 0.15279054 0.08880031 0.27584251 0.23098306 0.26396243 0.29617589 0.00000000 0.24255999 0.16389302 0.20508706 0.20862133 0.15173561 0.22686321 0.11979672 0.19272194 0.08649574 0.15010656 0.14961343 0.22495542 0.15660411 0.15277593 0.25017302 0.17099312 0.16971589 0.28424572 0.11867844 0.21716388 0.21776548 0.18877676 0.12522784 0.28967786 0.17116088 0.15654735 0.60197511 0.20402825 0.13969616 0.27848187 0.20657505 0.15577512 0.12711761 0.15223445 0.10073526 0.12839197 0.14640143 0.17809950 0.08077231 0.15045912 0.07082472 0.12012057 0.11235617 0.19273836 0.15430566 0.18487944 0.32844914 0.14947175 0.15298589 0.35722935 0.08062817 0.12277610 0.11262116 0.19626858 0.15070166 0.17396617 0.08425318 0.08486429 0.10733937 0.15480158 0.16796852 0.14363475 0.11602829 0.12516146 0.15406473 0.13318485 0.21649264 0.12686769 0.08973292 0.24633963 0.18707728 0.12988611 0.14189519 0.16987307 0.12333495 0.15327382 0.16167942 0.19500995 0.17175906 0.08784434 0.16133209 0.14360726 0.13004464 0.22928586 0.18011766 0.16664178 
0.16320002 0.10845193 0.18364366 0.10784672 0.18782781 0.21548256 0.10583135 0.15189531 0.18812680 0.14931855 0.11843592 0.18258393 0.16753865 0.15581099 0.19784134 0.12497716 0.15733501 0.22721921 0.15802524 0.17944148 0.25890880 0.57365014 0.26411505 0.24255999 0.00000000 0.21165359 0.20837225 0.12760620 0.23138255 0.16856387 0.13586357 0.15438443 0.12764037 0.13815686 0.17890994 0.21039726 0.12650758 0.12108711 0.15283378 0.12196413 0.11335904 0.10070240 0.16077674 0.18778730 0.09086263 0.14187280 0.12113645 0.13948267 0.23750460 0.16034958 0.13112349 0.12412750 0.22604363 0.18878500 0.12147744 0.19518618 0.25119281 0.16259070 0.15620318 0.17846347 0.19732684 0.10544309 0.11587713 0.09855125 0.12237084 0.17069818 0.15788231 0.12496633 0.24285858 0.17915783 0.15957459 0.22688363 0.38393260 0.23000138 0.28919327 0.19382161 0.16481391 0.16312637 0.15370822 0.19147886 0.16600109 0.11958126 0.10609768 0.17618300 0.12841036 0.13260827 0.06528266 0.20403886 0.15795308 0.16242206 0.02054973 0.12857747 0.21507469 0.14005381 0.24169694 0.14263806 0.15328154 0.16133072 0.17506729 0.17019189 0.19168653 0.16409414 0.16431956 0.13194271 0.14792473 0.10654244 0.16953738 0.14322625 0.14163088 0.16270973 
0.16390728 0.15942538 0.22535659 0.09634495 0.15953418 0.20269041 0.16256650 0.13236048 0.13619465 0.16974294 0.25324874 0.16725098 0.09525299 0.15641999 0.19387062 0.14519742 0.13164018 0.18793766 0.12345127 0.15018071 0.10555581 0.16431670 0.20223852 0.16389302 0.21165359 0.00000000 0.19403869 0.37578859 0.27553241 0.26090163 0.17757036 0.18353304 0.22153016 0.09900585 0.08536565 0.16608242 0.19894649 0.14683166 0.17062603 0.17116424 0.10799220 0.17210358 0.16463693 0.12291779 0.12236242 0.14965907 0.25111042 0.10756224 0.15022364 0.14670179 0.12602619 0.11950171 0.15311082 0.25358215 0.14526922 0.25088936 0.29235501 0.12113864 0.22498875 0.16981522 0.14672876 0.10915937 0.10316971 0.13822698 0.17714095 0.10443357 0.16571544 0.20883112 0.16443970 0.14084510 0.27088514 0.25930048 0.14306969 0.13800805 0.17236213 0.15918289 0.18303477 0.11797994 0.13619501 0.11422689 0.17666365 0.18569863 0.17051882 0.17409172 0.16465862 0.19729283 0.13851494 0.16906921 0.17149233 0.15440092 0.14601528 0.17135451 0.13570278 0.11589926 0.15154248 0.16926597 0.18517963 0.08794429 0.17755633 0.24392903 0.18767301 0.18368164 0.16268147 0.14983703 0.14131402 0.12862466 0.16259309 0.18511846 0.22636888 0.16610320 
0.16590963 0.15655698 0.16647498 0.12236591 0.13146746 0.18174391 0.15224619 0.09532968 0.13598756 0.16952328 0.15971143 0.12534472 0.22246319 0.11772933 0.14566815 0.15577534 0.23421710 0.14968496 0.23976823 0.20051716 0.17253594 0.14842316 0.33711468 0.20508706 0.20837225 0.19403869 0.00000000 0.35330115 0.21438585 0.16143598 0.54986572 0.21516994 0.13834378 0.12233307 0.64110945 0.16371552 0.12459580 0.13967511 0.14792332 0.16579990 0.12901303 0.09668101 0.11539230 0.16256360 0.16146851 0.14945046 0.13436546 0.13754374 0.16052802 0.15122528 0.15687030 0.17586763 0.16707737 0.19538710 0.24102102 0.14812177 0.10205998 0.12801629 0.17314775 0.20364429 0.15586207 0.18276824 0.15450526 0.12475294 0.20851054 0.16074223 0.14944442 0.12166270 0.13048939 0.20646751 0.19200569 0.16316097 0.20831911 0.10532813 0.17525916 0.17617437 0.13548953 0.17945567 0.15233872 0.15325851 0.16260460 0.09810494 0.16565150 0.15368651 0.18046385 0.11298483 0.07088182 0.18417476 0.09459522 0.10281019 0.18593835 0.15117465 0.12844591 0.12612630 0.09331002 0.10897862 0.12634036 0.13971276 0.21294739 0.10273531 0.19673159 0.22016328 0.30242619 0.14839792 0.17762700 0.15894523 0.09302743 0.16706933 0.20452998 0.15542011 
0.18941392 0.21234078 0.10378185 0.16381787 0.13472794 0.16970892 0.10954982 0.26365882 0.16674358 0.12274193 0.13125888 0.09654631 0.23220735 0.16382833 0.11114480 0.07928519 0.11836692 0.16276618 0.11693139 0.14125582 0.17843898 0.15867447 0.24354042 0.20862133 0.12760620 0.37578859 0.35330115 0.00000000 0.25934639 0.35507798 0.50157899 0.12585152 0.21187461 0.25911169 0.17995149 0.25942764 0.23116376 0.18177830 0.07058296 0.18243871 0.23127821 0.19002619 0.15902756 0.22323225 0.25003712 0.20595749 0.10977671 0.17907838 0.15382192 0.08732050 0.05699553 0.16419595 0.08177868 0.14453857 0.23121542 0.09511029 0.13232420 0.18332830 0.19304622 0.16006897 0.16552849 0.22997273 0.15921252 0.15163126 0.17050385 0.12484694 0.20604156 0.36421251 0.13059108 0.24475351 0.24835033 0.28768332 0.19722637 0.11162399 0.11234761 0.16094612 0.07188272 0.18173033 0.07994369 0.14927274 0.18045658 0.16854712 0.09344702 0.14906590 0.11221252 0.09118940 0.15805218 0.16285255 0.12511745 0.11442282 0.04989799 0.14331980 0.14028201 0.20373752 0.18503013 0.10031702 0.13705245 0.09422887 0.14094165 0.10117401 0.13888764 0.14297005 0.15807910 0.16609313 0.13755013 0.15929320 0.31948440 0.21347458 0.22180448 0.16613456 
0.11527733 0.13889322 0.19993449 0.17062531 0.16063973 0.11914108 0.13557004 0.16708623 0.15534766 0.17725110 0.24902893 0.11096582 0.13451430 0.12800790 0.26362596 0.16000789 0.12069017 0.16414813 0.21717576 0.15028056 0.15433391 0.11979292 0.20610376 0.15173561 0.23138255 0.27553241 0.21438585 0.25934639 0.00000000 0.26982293 0.20283332 0.16867102 0.26526983 0.21553339 0.14106146 0.21831192 0.22346160 0.09677576 0.27134536 0.12012812 0.25469004 0.05764438 0.10752097 0.23681982 0.20921913 0.10562062 0.22189895 0.17470273 0.18027845 0.15517579 0.21481451 0.17329826 0.19967425 0.21185684 0.67483507 0.15148968 0.14296409 0.11939447 0.10686033 0.11450563 0.12383438 0.15570543 0.09813915 0.13743876 0.12463852 0.22414851 0.21141797 0.12839819 0.26951639 0.18057237 0.14185928 0.25014511 0.15953009 0.19848363 0.17678198 0.12467242 0.03273545 0.12946021 0.14295132 0.06928087 0.13342569 0.14998279 0.20347457 0.10060006 0.12973591 0.11749990 0.13167935 0.17589888 0.23912350 0.12115995 0.15696649 0.10178901 0.14539516 0.08836151 0.16844415 0.18884732 0.13190235 0.12241009 0.17763219 0.13287216 0.15770510 0.21516756 0.20552071 0.21464578 0.11814765 0.02043745 0.09877565 0.20420748 0.17593545 0.17940467 
0.13753455 0.11471622 0.21856745 0.19530675 0.13068354 0.24953446 0.16051597 0.16884838 0.14233893 0.25480526 0.15588509 0.17891695 0.16250234 0.16336731 0.06364447 0.15351228 0.15749990 0.13844287 0.12438773 0.24885225 0.13367890 0.14843459 0.18747715 0.22686321 0.16856387 0.26090163 0.16143598 0.35507798 0.26982293 0.00000000 0.24417950 0.14712496 0.26491451 0.31830012 0.14815432 0.12963656 0.19145806 0.27202427 0.24447964 0.10362917 0.20258573 0.19484243 0.15994635 0.12596041 0.21490340 0.23542530 0.13564074 0.22573524 0.25446285 0.09213734 0.08893142 0.16943776 0.14300843 0.11822358 0.31115184 0.10446822 0.13917332 0.16120258 0.16521507 0.25947113 0.14130384 0.13798101 0.19819938 0.07222177 0.15917206 0.36632946 0.29969207 0.20713709 0.10894619 0.19353895 0.14611302 0.16639999 0.20907257 0.20779707 0.12041893 0.11894604 0.05482580 0.20637269 0.12802389 0.11589212 0.18599435 0.14721361 0.16460845 0.23876053 0.18619748 0.12404752 0.08749032 0.15411447 0.18504594 0.11166058 0.19454798 0.15047989 0.14637357 0.12862203 0.10752772 0.20913800 0.12529089 0.02365631 0.09144571 0.12128817 0.15173604 0.14938486 0.16043608 0.20899119 0.17081450 0.13758632 0.15911093 0.18690763 0.20236498 0.16343030 
0.21124364 0.12539115 0.11691886 0.18242034 0.23899153 0.21031555 0.15970490 0.14392200 0.20639494 0.16550480 0.08206081 0.26455552 0.11440526 0.10672446 0.16591755 0.17852908 0.12529879 0.15750090 0.09779825 0.09327107 0.11384732 0.16297418 0.15121645 0.11979672 0.13586357 0.17757036 0.54986572 0.50157899 0.20283332 0.24417950 0.00000000 0.17635761 0.14040876 0.29750401 0.28904822 0.13219439 0.15531917 0.22652035 0.16815780 0.23520034 0.18713614 0.08836420 0.22862233 0.16693065 0.23900996 0.19522222 0.16111845 0.14103305 0.21351172 0.10922899 0.19296371 0.12183726 0.19346802 0.12768951 0.20525680 0.11648464 0.17536425 0.21517256 0.14006075 0.10338002 0.08554878 0.17075740 0.18901629 0.10197116 0.21371688 0.15376161 0.14898694 0.15812819 0.21904781 0.17806260 0.07878555 0.14497537 0.14634465 0.14350673 0.14445270 0.22062348 0.14493068 0.12325835 0.20457157 0.23849101 0.21552811 0.16679773 0.19761504 0.11405814 0.11234884 0.11239437 0.06465260 0.19856208 0.16554395 0.23791550 0.14406604 0.15852838 0.16763905 0.14752030 0.13390111 0.12816549 0.17767702 0.14149544 0.17806906 0.13762578 0.13459680 0.16327911 0.18633017 0.15197415 0.18343833 0.10823360 0.21936133 0.17271354 0.15931721 0.15513535 
0.12587779 0.13519931 0.18380272 0.18529911 0.24410598 0.19806544 0.13503674 0.19652057 0.15062301 0.15492592 0.23693056 0.11625787 0.19226015 0.16530759 0.15609020 0.16286020 0.18439252 0.12556258 0.15218965 0.24219111 0.17840870 0.16215701 0.15275723 0.19272194 0.15438443 0.18353304 0.21516994 0.12585152 0.16867102 0.14712496 0.17635761 0.00000000 0.12336571 0.17487035 0.16633760 0.15091509 0.16028007 0.16997509 0.20882969 0.15220835 0.16523566 0.19672582 0.18582970 0.15738913 0.12918824 0.15476827 0.09561618 0.11977712 0.16041477 0.17112747 0.27818828 0.17964892 0.15279020 0.17947369 0.14848127 0.17204851 0.14009806 0.16888035 0.16555522 0.14777069 0.17134071 0.17055467 0.10822447 0.16901621 0.18033653 0.18231341 0.22245454 0.14730233 0.16011307 0.14240501 0.26293268 0.13332090 0.17878593 0.15820809 0.17552720 0.18558860 0.19755993 0.13715865 0.19576203 0.13235431 0.19349244 0.15521608 0.17094419 0.15251820 0.16688501 0.15797549 0.12401904 0.16646780 0.13344418 0.28082699 0.13924861 0.11674896 0.15553138 0.19992571 0.16105886 0.18172720 0.14685812 0.18528703 0.16872850 0.10893974 0.13080503 0.15203585 0.15540381 0.18967324 0.13170291 0.16948052 0.13718555 0.15689817 0.17742258 0.17363142 
0.15605065 0.11055690 0.16552635 0.22019149 0.17201706 0.12847645 0.11225633 0.19518701 0.21160979 0.14529795 0.11497243 0.11596963 0.21129138 0.15318156 0.19370122 0.17472792 0.10956290 0.09230102 0.14001065 0.17539262 0.15679142 0.13288543 0.21851528 0.08649574 0.12764037 0.22153016 0.13834378 0.21187461 0.26526983 0.26491451 0.14040876 0.12336571 0.00000000 0.28426743 0.15354062 0.13505281 0.35321321 0.25153540 0.12025445 0.12260417 0.17034311 0.13834364 0.15470021 0.17310868 0.10447552 0.15439842 0.21699113 0.52516694 0.21064658 0.16529596 0.35369967 0.36942423 0.14303347 0.19334236 0.48017817 0.17718263 0.14553510 0.16228927 0.22914466 0.16428404 0.17906522 0.08748443 0.14280826 0.13588425 0.22181849 0.18978608 0.17359046 0.16979252 0.12381749 0.08491100 0.18248692 0.13963440 0.18874697 0.13511035 0.11356137 0.17659684 0.19250246 0.17027134 0.12337681 0.16662389 0.11883165 0.16533804 0.24933429 0.16301619 0.13015556 0.09224784 0.06660451 0.15314002 0.19813526 0.15441221 0.14400834 0.22336699 0.13440633 0.09172467 0.10706066 0.12568190 0.15821069 0.05567833 0.05898710 0.09043104 0.11429333 0.20237297 0.09405109 0.22372511 0.19180050 0.15570971 0.16679134 0.20698084 0.23068779 0.17572091 
