0.00000000 0.63431300 0.84130925 0.47666762 0.34099761 0.24644861 0.24033202 0.27372175 0.34742608 0.25744720 0.20131267 0.29349490 0.19309554 0.26545612 0.26960646 0.27874916 0.23305607 0.18842463 0.28496739 0.22758254 0.32911778 0.27518337 0.26181360 0.25771903 0.24470922 0.26150663 0.21362808 0.31199030 0.23198019 0.28242838 0.29687000 0.22872336 0.20868128 0.22716901 0.26324412 0.24134189 0.24893918 0.24988681 0.31109616 0.27099278 0.31190779 0.22362950 0.28727302 0.44406837 0.28624200 0.35197875 0.20685884 0.27579348 0.17792087 0.21533674 0.18251855 0.26248371 0.25649142 0.20617665 0.34546231 0.24457508 0.22031882 0.20542632 0.29570326 0.27230880 0.21839073 0.18878289 0.19167704 0.24781599 0.25132062 0.20600835 0.21006849 0.23545819 0.25718897 0.22131301 0.22119188 0.22233574 0.21495476 0.22378582 0.20797244 0.21397092 0.27389714 0.23191583 0.22276163 0.20324356 0.24348686 0.21947063 0.31116335 0.24152850 0.29292952 0.26091529 0.29935139 0.28565784 0.27264302 0.25967338 0.23327799 0.19083465 0.22087334 0.30062974 0.23773179 0.20793982 0.23125841 0.22727074 0.22888366 0.23968868 0.21690063 0.25240512 0.22664402 0.25898342 0.28754509 0.29422405 0.21457496 0.20179324 0.20658820 0.20669637 0.21131783 0.19430712 0.23468866 0.25125489 0.23038803 0.20343325 0.23056501 0.23862037 0.29548102 0.28660099 0.26763730 0.22470968 0.23073926 0.22917160 0.22490495 0.26071464 0.23963807 0.23677033 0.24471237 0.23718409 0.25631154 0.26383262 0.27954298 0.30246859 0.24645856 0.17118676 0.27481008 0.23020833 0.19698785 0.23056090 0.21244038 0.25016360 0.26347325 0.26889368 0.26035437 0.22008075 0.26159988 0.24316415 0.21358142 0.26763889 0.16697922 0.25632362 0.25909109 0.29848534 0.21143988 0.17683157 0.21889380 0.24811412 0.24467559 0.28979494 0.12998211 0.21225234 0.19507922 0.23276836 0.26651533 0.20445679 0.24003117 0.24833162 0.31577740 0.30033477 0.26958253 0.23997415 0.32707709 0.19654665 0.22494245 0.25768538 0.25768199 0.27743187 0.21592398 0.26407603 0.23968175 0.26607700 0.19759123 0.24454727 0.26199246 0.24052865 0.25155121 0.25335823 0.22949824 
0.63431300 0.00000000 0.64883252 0.45927425 0.38741144 0.29151976 0.34049840 0.19589987 0.29225873 0.24249106 0.32984231 0.26482850 0.23130202 0.19739852 0.23663236 0.25123332 0.24118949 0.20452771 0.27186714 0.25390154 0.19252912 0.17521665 0.29433978 0.32547122 0.22073794 0.26086015 0.15933705 0.26743159 0.24925685 0.19304902 0.18365452 0.24955724 0.25655774 0.22236559 0.21804663 0.27628073 0.18193811 0.24409413 0.33970331 0.25594023 0.33729073 0.28022347 0.37625800 0.28183370 0.33289774 0.18662081 0.27638586 0.29122249 0.23752523 0.28416345 0.20201462 0.28019896 0.21595821 0.21310658 0.27204812 0.23148000 0.17258066 0.21429882 0.24503369 0.30285269 0.16526326 0.25613300 0.17706122 0.20410485 0.19544798 0.23867022 0.22359021 0.25719099 0.28586447 0.27771445 0.32085029 0.29287622 0.31127947 0.22137815 0.13715976 0.17803561 0.20488037 0.24723902 0.17849063 0.22047874 0.24375079 0.22925113 0.31672417 0.23352112 0.14904777 0.29011781 0.26011620 0.30441564 0.29270172 0.27263214 0.27852896 0.41349739 0.21370058 0.18050434 0.18735525 0.27808938 0.26799275 0.21084535 0.15423003 0.20335000 0.26877352 0.27215455 0.23827055 0.20236431 0.24252025 0.24597967 0.12144623 0.24898150 0.29214579 0.29118434 0.32231062 0.30253403 0.33767903 0.29951989 0.27576950 0.24868272 0.27971427 0.31808521 0.31960472 0.27355346 0.31863657 0.32846362 0.42499648 0.29697658 0.34455166 0.31697499 0.31267371 0.28223564 0.31035071 0.25414378 0.35087621 0.23234359 0.27356197 0.18030651 0.21073897 0.23251078 0.19712305 0.17334837 0.16045358 0.17853941 0.11614106 0.18936653 0.19410658 0.24752348 0.22046092 0.18734898 0.20000440 0.19334708 0.26310624 0.20002818 0.19569146 0.25240155 0.21387753 0.21234336 0.21323522 0.22673390 0.19256591 0.16800184 0.19270475 0.24083516 0.28973887 0.31700177 0.23937306 0.22519542 0.27506471 0.57760565 0.40799739 0.30767354 0.24491607 0.24474894 0.21822386 0.20503539 0.19736739 0.17881265 0.15261565 0.24653024 0.25348165 0.18123868 0.22299059 0.19694032 0.14411959 0.15479933 0.23155980 0.23559903 0.23498795 0.36776456 0.21629565 0.21490830 0.26790420 
0.84130925 0.64883252 0.00000000 0.95308995 0.70800850 0.48211599 0.23339590 0.19429289 0.29394976 0.29495183 0.33590006 0.31471544 0.21599664 0.19878302 0.19741827 0.33605973 0.25153644 0.21035709 0.29027139 0.26782471 0.23712636 0.26274720 0.29130969 0.24008587 0.29823021 0.25043679 0.25671874 0.29932466 0.20576327 0.24071322 0.32384773 0.29204244 0.28729725 0.27019894 0.25602079 0.27107832 0.30848316 0.22430833 0.37640609 0.24092089 0.32160122 0.51515310 0.27430309 0.27395008 0.89988822 0.57458972 0.19356849 0.29421036 0.24205048 0.15782895 0.17672657 0.21736013 0.23935149 0.16578520 0.24772971 0.21732639 0.20650429 0.19761896 0.20754833 0.21803634 0.11755447 0.11596994 0.22608674 0.26415241 0.28064834 0.25421186 0.23148630 0.19088693 0.20316053 0.23770706 0.18072066 0.19983520 0.21898006 0.22612338 0.28395746 0.21892418 0.26005611 0.24888846 0.23541872 0.21712228 0.21372849 0.22139913 0.26661873 0.23631788 0.23024195 0.26167528 0.29402616 0.28257775 0.36228691 0.26565506 0.23363086 0.22084604 0.19130997 0.16056967 0.22823766 0.22245791 0.22063952 0.25667302 0.25039040 0.25744784 0.22364102 0.28740198 0.14388725 0.20524854 0.28191272 0.21934207 0.19031013 0.18586409 0.16277530 0.19442491 0.21835817 0.30326362 0.17595183 0.18136981 0.20579591 0.21045925 0.23059204 0.18169207 0.20308280 0.18140243 0.20305876 0.18838300 0.23033167 0.19047094 0.21193022 0.20844432 0.21991946 0.17816971 0.18437204 0.21712169 0.20844037 0.20299548 0.29194455 0.24818841 0.21811533 0.23109689 0.22649705 0.25102256 0.19802871 0.24185399 0.21840089 0.18710266 0.20376609 0.31986518 0.22944787 0.26085180 0.23527643 0.24267497 0.16924570 0.20357343 0.28047456 0.22561614 0.24897901 0.25701896 0.23943493 0.18711381 0.30704313 0.20923800 0.20120945 0.31398730 0.27067772 0.14841756 0.29329364 0.28584207 0.33000884 0.10834451 0.24394597 0.22778321 0.19976489 0.20326335 0.19744855 0.22891276 0.25689683 0.21759797 0.16926003 0.28302133 0.27487141 0.21721764 0.23361578 0.14645737 0.19656604 0.11656551 0.22133286 0.22922066 0.23701487 0.23561003 0.24188872 0.27080795 0.25517350 
0.47666762 0.45927425 0.95308995 0.00000000 0.75264805 0.57986387 0.37031085 0.37583474 0.37783788 0.30439414 0.26074701 0.28996836 0.28904154 0.19899241 0.22271794 0.30716633 0.36980809 0.21969213 0.33957474 0.36007492 0.27188456 0.23471230 0.29422090 0.26964947 0.32302896 0.23171800 0.22760204 0.29128827 0.23312797 0.33724286 0.29103649 0.36090181 0.25927206 0.28265420 0.20757015 0.28954232 0.37366641 0.21711826 0.60826730 0.44546070 0.43399056 0.73874850 0.24141776 0.24381961 0.27461851 0.32730623 0.25560458 0.21022273 0.17837811 0.18072497 0.22261056 0.21943237 0.19537502 0.18924572 0.19273047 0.20042470 0.21231771 0.22770669 0.29175919 0.24551919 0.18286269 0.17450801 0.23586315 0.24011080 0.28634394 0.21920644 0.20734105 0.17879233 0.23381203 0.30437810 0.25754306 0.21984201 0.19958274 0.25582110 0.18414270 0.22077510 0.25418073 0.23418112 0.22479688 0.23028281 0.21757991 0.25333206 0.21779337 0.28069632 0.24650626 0.22322253 0.38062849 0.29808714 0.34589373 0.21752008 0.27858311 0.19801684 0.28428481 0.25473189 0.22803899 0.24788456 0.24618636 0.18172320 0.19859258 0.21293663 0.21209165 0.20896069 0.14261927 0.28006831 0.22733255 0.23472044 0.16085693 0.18405514 0.18192353 0.20029777 0.26791772 0.30182324 0.19783224 0.18333782 0.20451457 0.18983340 0.21297423 0.22922487 0.16612514 0.17655399 0.17175768 0.20923154 0.23190104 0.19606966 0.19306585 0.21907316 0.28257910 0.29991992 0.31206139 0.28242505 0.18801775 0.14844567 0.27598305 0.18272446 0.13686828 0.18012587 0.14091029 0.16908294 0.12429518 0.23240509 0.20085287 0.17810951 0.17408420 0.28595910 0.25782139 0.21046139 0.22145786 0.26674249 0.15219114 0.23597633 0.27263273 0.21300206 0.22826569 0.18374110 0.26071632 0.14271462 0.16658378 0.19219690 0.16646183 0.20514491 0.18531516 0.13830324 0.26207272 0.24880745 0.17898575 0.28163075 0.28760809 0.23199563 0.28589915 0.27969413 0.20868759 0.18734473 0.25257059 0.20344334 0.23078273 0.26717910 0.23629344 0.22680269 0.21496827 0.14565416 0.24700890 0.22010261 0.26860962 0.19901816 0.21536128 0.26359665 0.26377628 0.29218407 0.32931761 
0.34099761 0.38741144 0.70800850 0.75264805 0.00000000 0.80622772 0.37386025 0.39205491 0.53463210 0.81769758 0.35401311 0.25301056 0.25414057 0.36569102 0.28160488 0.21536734 0.22617895 0.17040431 0.27083036 0.29651465 0.32075451 0.18126868 0.21624696 0.21945210 0.26617402 0.21393461 0.19404271 0.21147933 0.24434608 0.20783581 0.17876026 0.20436103 0.24972673 0.17010438 0.21742621 0.18149481 0.17823533 0.30864781 0.26064789 0.52045141 0.35154568 0.52939346 1.63700968 0.25491024 0.49125758 0.34165322 0.22022760 0.52689653 0.36350580 0.26726425 0.21427494 0.39371778 0.27334275 0.28525626 0.20774196 0.15009527 0.17507567 0.22478660 0.19068672 0.21563145 0.12429668 0.10512063 0.18849795 0.19617866 0.22599272 0.23078487 0.21040040 0.21848092 0.25410711 0.25612008 0.24080592 0.23315148 0.23493080 0.20876851 0.22970245 0.23260591 0.24212129 0.21251073 0.15244434 0.13666318 0.17827696 0.27115621 0.10321788 0.12082219 0.29930479 0.22675503 0.17796631 0.25894888 0.18256960 0.28733268 0.18615391 0.27513457 0.16698478 0.18667160 0.12705617 0.24894684 0.18471121 0.18281636 0.18459479 0.21991522 0.23502755 0.18807699 0.08938237 0.13017940 0.18001391 0.15997025 0.12209509 0.28486094 0.25379653 0.21456103 0.29379964 0.32204959 0.23140466 0.23096327 0.25867706 0.25483713 0.20287804 0.28495265 0.26350546 0.27301083 0.29676959 0.27818311 0.30132907 0.29757831 0.35052693 0.28428082 0.23058103 0.21834670 0.25709473 0.25518411 0.29490986 0.12487359 0.15247382 0.18491907 0.09435320 0.27042731 0.21236742 0.23783325 0.18725539 0.22775602 0.18583476 0.14943816 0.16854123 0.23267153 0.21108359 0.18785747 0.32493607 0.25655565 0.14467386 0.25745816 0.21009483 0.15021160 0.24426470 0.22289276 0.23822747 0.16923558 0.20973128 0.24631549 0.28891570 0.20597034 0.14236895 0.23639272 0.14944549 0.27777910 0.25003094 0.41988235 0.24236382 0.27278968 0.17488919 0.11868610 0.13093760 0.16080244 0.18761226 0.09356052 0.21662148 0.15272750 0.22038543 0.20150970 0.16533437 0.18603892 0.15166438 0.26106298 0.15329271 0.20452667 0.21279800 0.38357476 0.20680706 0.40505446 0.33261383 
0.24644861 0.29151976 0.48211599 0.57986387 0.80622772 0.00000000 0.47811692 1.44800264 1.70933046 0.46149505 0.45689869 0.50565127 0.34110867 0.26893211 0.40199151 0.31100445 0.22757902 0.19456359 0.28981025 0.27337337 0.21740936 0.20862281 0.28650104 0.27093876 0.29443260 0.21861331 0.19032826 0.28842024 0.20260573 0.20922761 0.33313231 0.29637538 0.36594801 0.28672303 0.41045270 0.48985694 0.78141691 0.42340614 0.82224673 0.45721720 0.33967087 0.28662630 0.18942060 0.22367826 0.29894221 0.32478495 0.06073184 0.21300852 0.31757236 0.16347041 0.30177933 0.21911163 0.17317296 0.18658919 0.20932370 0.18226756 0.28425984 0.23068793 0.18561205 0.19561534 0.22912337 0.15927952 0.20651104 0.22149638 0.25446442 0.20289697 0.23618129 0.20907973 0.18642037 0.22917346 0.20367415 0.20497691 0.21918453 0.20279003 0.18690896 0.19037054 0.25088754 0.25343887 0.15471416 0.23010111 0.29662854 0.19602091 0.32929111 0.23319372 0.36697616 0.22316652 0.22450569 0.33262567 0.35567923 0.27325676 0.22691885 0.26430221 0.23489633 0.27635834 0.24811523 0.23412855 0.23931132 0.13885797 0.21278770 0.18712033 0.18443099 0.22996715 0.07440399 0.17412325 0.22545281 0.21077427 0.13066562 0.25160796 0.21658391 0.22662918 0.21464260 0.20034664 0.14438791 0.16105857 0.16758425 0.18442800 0.19036146 0.16471568 0.14451693 0.20223837 0.19051068 0.16510127 0.17231453 0.17828910 0.18299104 0.19999887 0.21388984 0.18160259 0.15731295 0.16658127 0.24223153 0.09715573 0.15508186 0.20650114 0.20040392 0.17262134 0.21837284 0.20864966 0.23105216 0.17437579 0.11215653 0.15663501 0.16206374 0.24156012 0.23048194 0.18346152 0.24667684 0.23999381 0.19789119 0.23643545 0.19742326 0.20841921 0.22542802 0.13425974 0.22673855 0.19773542 0.19544798 0.19226615 0.12665125 0.13645851 0.22239626 0.17671503 0.10118959 0.24375960 0.23130569 0.07659200 0.20927810 0.26010866 0.27587492 0.11305544 0.19290454 0.16389557 0.25463292 0.17802303 0.15305779 0.22410638 0.22762192 0.15880706 0.18558589 0.17878802 0.23303181 0.15691179 0.23582494 0.14447686 0.22483873 0.25542530 0.33345216 0.23517867 0.23798979 
0.24033202 0.34049840 0.23339590 0.37031085 0.37386025 0.47811692 0.00000000 0.61904168 0.51840893 0.56717686 0.44266834 0.26224264 0.33222248 0.27774147 0.24875653 0.34771088 0.22771224 0.24604325 0.20858287 0.31119606 0.16531854 0.16317742 0.18763974 0.19790783 0.28848980 0.22115420 0.22161608 0.28048801 0.37204241 0.15150038 0.22348385 0.21230423 0.27538528 0.30353820 0.29588513 0.29411752 0.36068866 0.29330489 0.23696172 0.41748612 0.25150746 0.38060782 0.29814136 0.24142125 0.32550053 0.27094734 0.32526842 0.48849888 0.28273319 0.36275447 0.26190691 0.37938640 0.28938624 0.19701565 0.26634025 0.24266122 0.20935335 0.22642141 0.21304790 0.18803042 0.18899619 0.18575979 0.20804377 0.21997687 0.22334539 0.26847440 0.26494035 0.23915002 0.22659552 0.23894065 0.27711954 0.25621087 0.23927757 0.27220026 0.20697293 0.26472598 0.22876889 0.19080693 0.25167195 0.18674567 0.20830733 0.27171131 0.18100075 0.27476752 0.53790623 0.20650622 0.25993863 0.17918505 0.17579781 0.21719074 0.29476680 0.84117138 0.13635344 0.78912607 0.18498068 0.24749015 0.22006388 0.28190885 0.19961455 0.19551960 0.15855087 0.25528631 0.16254411 0.19912446 0.26211074 0.21230181 0.10626247 0.25198255 0.26125482 0.26213312 0.28959807 0.22759415 0.22990873 0.24277157 0.33853419 0.27271099 0.24618415 0.31594467 0.27985787 0.24976958 0.25091529 0.24525406 0.27599285 0.23319978 0.24949223 0.29432645 0.23691598 0.28554562 0.30279996 0.24420211 0.21956439 0.17695170 0.18951029 0.16016514 0.10556014 0.18066085 0.20302492 0.27021754 0.16077039 0.23665597 0.22339942 0.25212094 0.17888722 0.22181656 0.22696688 0.24751923 0.19677005 0.28501474 0.19307545 0.27107311 0.19405114 0.25941082 0.27218407 0.22285864 0.23009462 0.24506078 0.17145907 0.12208073 0.12385463 0.12416154 0.30225293 0.23489461 0.17298910 0.19101824 0.20184035 0.26515317 0.26175174 0.25414841 0.19863594 0.16310308 0.12993022 0.16187224 0.22743069 0.14579400 0.19998584 0.20204190 0.17997014 0.19964374 0.18315296 0.14689776 0.21004679 0.15077054 0.16665817 0.20969447 0.21675325 0.24579956 0.32333070 0.28009322 0.28904209 
0.27372175 0.19589987 0.19429289 0.37583474 0.39205491 1.44800264 0.61904168 0.00000000 0.83339118 0.47590338 0.41995095 1.12393713 0.23244636 0.30261133 0.39416812 0.41435759 0.21552161 0.18123410 0.30803659 0.25488065 0.26525398 0.14829415 0.31384115 0.25276890 0.16328237 0.26011678 0.20827858 0.39236925 0.26114176 0.31918576 0.54356290 0.21286711 0.80799985 0.52314744 0.69282204 0.52526174 0.56143466 0.45212416 0.55892179 0.26865215 0.37666851 0.30963100 0.23703461 0.21269078 0.34953618 0.24398887 0.13044069 0.14850930 0.23685906 0.12919249 0.11618315 0.29450033 0.24862569 0.13741385 0.19910207 0.20864650 0.23032077 0.20795855 0.23080967 0.15161252 0.10920468 0.06769882 0.12926719 0.21934677 0.18955915 0.20961534 0.21525191 0.23183516 0.19578676 0.18049899 0.21721717 0.19210053 0.23135650 0.22513631 0.19672754 0.16285594 0.24124039 0.22857078 0.18360652 0.26221235 0.19219121 0.29019550 0.20464720 0.28419952 1.14360080 0.25641534 0.28854310 0.21931463 0.32108473 0.28121429 0.25413446 0.22323449 0.31780675 0.27422348 0.15359863 0.15814547 0.20290627 0.17541525 0.18270969 0.17690616 0.17975939 0.21234486 0.12591372 0.25505051 0.15169403 0.26185615 0.12204226 0.18119649 0.18697324 0.22609924 0.17714373 0.23718859 0.24300357 0.22740130 0.23759480 0.20854663 0.24918208 0.22887369 0.21976239 0.22895446 0.23106893 0.19448787 0.22725321 0.20452067 0.25194537 0.24229698 0.25990438 0.21664717 0.25329215 0.20780232 0.18107719 0.06588153 0.18325811 0.18852809 0.07883802 0.10102015 0.19023870 0.16952118 0.24475967 0.27622114 0.14950272 0.15815880 0.25964593 0.27073429 0.27061159 0.24032775 0.22401947 0.27371257 0.16763655 0.18591522 0.16328382 0.14393117 0.18947228 0.14296400 0.24385981 0.25239680 0.19045752 0.11756256 0.22600612 0.17422071 0.17843817 0.12769666 0.11931075 0.21149593 0.15673784 0.18379359 0.32678490 0.22964321 0.22863103 0.21173851 0.20573135 0.15982567 0.25749961 0.11738100 0.20953553 0.18093900 0.19134271 0.19891222 0.17444443 0.11769900 0.16195805 0.13666734 0.14893215 0.16111205 0.18863640 0.26314472 0.30337714 0.24303429 0.29025561 
0.34742608 0.29225873 0.29394976 0.37783788 0.53463210 1.70933046 0.51840893 0.83339118 0.00000000 0.54518682 0.48264160 0.63452423 0.83832458 0.19956244 0.34575610 0.39972620 0.27095682 0.17135587 0.25151880 0.22271818 0.22738510 0.14887788 0.33769759 0.25901976 0.18477480 0.23723987 0.17653344 0.34672809 0.22533379 0.28681410 0.24218051 0.25582420 0.25373439 0.26637802 0.34542032 0.31358905 0.27270658 0.36281265 0.41155129 0.30991686 0.23237883 0.35779287 0.23307827 0.16837265 0.57796885 0.19209796 0.20401204 0.21132499 0.31014247 0.14926325 0.17830685 0.28050438 0.25208311 0.15571740 0.19849376 0.25258802 0.22443539 0.20978983 0.17219645 0.17975335 0.14798186 0.08667033 0.14666984 0.22073469 0.27564463 0.25025292 0.28229294 0.21667370 0.25627917 0.24667526 0.28514831 0.25282867 0.26201587 0.21041505 0.15345725 0.20043520 0.31720321 0.25398801 0.15661570 0.24296062 0.18336616 0.26430082 0.14235926 0.26282607 0.25519401 0.26429451 0.27405467 0.30158609 0.24800907 0.36962900 0.31628991 0.32488550 0.28521108 0.25582177 0.19611580 0.19645207 0.20874868 0.14829632 0.18063744 0.21545516 0.21252094 0.19491318 0.14118199 0.20718183 0.16961077 0.32076578 0.23151658 0.26645795 0.29390011 0.25878028 0.33878787 0.33255478 0.27162439 0.28621508 0.27793513 0.24583131 0.24636257 0.34635647 0.28506607 0.28592021 0.31889286 0.33364843 0.30190400 0.28449983 0.29300826 0.27791942 0.27364980 0.26623509 0.28405085 0.25999960 0.25434313 0.10623614 0.25072681 0.19670981 0.09115943 0.20037839 0.16245582 0.16204318 0.12386809 0.14915330 0.19659025 0.07603543 0.17637005 0.21729543 0.24081800 0.23455436 0.22744678 0.20183229 0.26078488 0.18503681 0.18708811 0.16216203 0.24651856 0.16828035 0.21376101 0.17739675 0.12616569 0.07753899 0.13261318 0.14786702 0.21461968 0.15218041 0.12759665 0.23981041 0.18894218 0.07092886 0.35061477 0.14761225 0.25803202 0.12834776 0.27110111 0.11111091 0.18002707 0.09964031 0.15548023 0.28431009 0.23227760 0.25874135 0.19813551 0.10420566 0.12517292 0.18474494 0.20242948 0.18838202 0.23906002 0.23914405 0.24857672 0.26202031 0.24222579 
0.25744720 0.24249106 0.29495183 0.30439414 0.81769758 0.46149505 0.56717686 0.47590338 0.54518682 0.00000000 0.63407420 0.34573957 0.60829381 0.95898118 0.46126137 0.30096005 0.40519096 0.47584968 0.29093648 0.26261210 0.23199111 0.29613918 0.30092256 0.22963839 0.24839210 0.19493493 0.27458216 0.19425949 0.41206916 0.15636546 0.37797457 0.25755537 0.29031829 0.19535580 0.28834416 0.18687281 0.18905142 0.15347015 0.21427916 0.25933154 0.31418088 0.26114657 0.65717215 0.30069419 0.46385147 0.30736958 0.25117180 0.69885096 0.64978132 0.42203850 0.27943646 0.35110460 0.31687910 0.30570512 0.17164600 0.22042764 0.26594143 0.17475986 0.16128552 0.28684127 0.20056162 0.22536226 0.27015099 0.22035553 0.27439668 0.20781670 0.26854305 0.19664759 0.21628571 0.19254849 0.25012152 0.19912129 0.26484428 0.25185332 0.13676198 0.15092146 0.17014347 0.18234197 0.19155823 0.16129575 0.17994674 0.16650738 0.36380438 0.15735888 0.19660881 0.17603720 0.31899126 0.23645364 0.20827344 0.21751769 0.22323199 0.20186602 0.21630228 0.41204591 0.17513083 0.21613856 0.17253882 0.19638856 0.12206644 0.16423594 0.14621772 0.26050036 0.16186447 0.16791021 0.09132564 0.20657336 0.04042509 0.19079244 0.20154559 0.24205369 0.24749920 0.29536146 0.20581840 0.28002611 0.24262123 0.24233946 0.24549152 0.26746467 0.29298154 0.22775501 0.23394096 0.27657833 0.25161212 0.21281396 0.21375880 0.22424236 0.21689405 0.24070963 0.28896835 0.25645219 0.27354706 0.16321326 0.18862888 0.19376487 0.19594551 0.12312676 0.25657504 0.20100071 0.26908376 0.22559140 0.28387281 0.15597335 0.23504887 0.18952890 0.24158871 0.20142731 0.25881217 0.17619668 0.22575109 0.20925763 0.19722503 0.19050941 0.27798627 0.25699554 0.25523834 0.15749131 0.25431185 0.29596341 0.16213692 0.18145388 0.18545022 0.23860234 0.20062886 0.11992514 0.19701818 0.35333012 0.29506370 0.21490033 0.15158459 0.17359065 0.16163925 0.19820526 0.17174585 0.12097653 0.17855848 0.16367134 0.17580346 0.22246935 0.25177006 0.12933302 0.12135941 0.16888583 0.15372123 0.07924802 0.21783709 0.38736947 0.24282247 0.24860082 0.23241119 
0.20131267 0.32984231 0.33590006 0.26074701 0.35401311 0.45689869 0.44266834 0.41995095 0.48264160 0.63407420 0.00000000 0.49886293 0.49040713 0.81467369 0.62175504 0.29881325 0.34652302 0.32082310 0.28992502 0.30698500 0.27395896 0.35891081 0.18696138 0.19328463 0.28426594 0.22995220 0.20169604 0.18048309 0.22732806 0.23209226 0.59612904 0.27157283 0.57627305 0.26010865 0.31517420 0.25117697 0.22882811 0.22196560 0.28774183 0.27803670 0.24387670 0.27967175 0.13980081 0.29229865 0.38509608 0.16314917 0.15110230 0.43299153 0.32382599 0.26227287 0.17945535 0.79014336 0.24129940 0.18362395 0.24789074 0.38205413 0.20963478 0.18417205 0.19358830 0.21614805 0.19360455 0.12079213 0.22167839 0.23544277 0.25865469 0.23545003 0.19259966 0.29152626 0.24734185 0.24030037 0.25662181 0.21757135 0.21790518 0.20623274 0.19685391 0.17378184 0.20172591 0.20714419 0.22982983 0.16396825 0.23018866 0.28632346 0.92418705 0.24737535 1.04266662 0.29598496 0.15381648 0.19452725 0.19965338 0.20014898 0.23653787 0.32179058 0.22059335 0.61617764 0.22944867 0.30496772 0.20343782 0.11704719 0.14902253 0.20705119 0.19578021 0.20415059 0.12800907 0.09624735 0.23105147 0.14722693 0.16185665 0.18731728 0.28787478 0.22090418 0.24975254 0.25998950 0.21903596 0.23377655 0.21674056 0.23611327 0.23325071 0.23280700 0.23499746 0.22117999 0.25039451 0.23220987 0.22471845 0.20942851 0.22124819 0.20481583 0.18508211 0.22461405 0.24547643 0.27568334 0.23369468 0.18200577 0.20998107 0.25388875 0.17386922 0.20895584 0.20343431 0.19118486 0.19719714 0.24546605 0.23483518 0.19245594 0.21412108 0.11589594 0.21343446 0.20926538 0.26184252 0.28601037 0.14663771 0.29701738 0.15490868 0.18398912 0.21779633 0.20339378 0.19920145 0.16254233 0.20932799 0.14444481 0.05617523 0.13100236 0.18103621 0.14475085 0.20137049 0.20241312 0.18456743 0.34320312 0.17118586 0.18537256 0.25197536 0.13337442 0.13752190 0.13504121 0.19184400 0.17909277 0.17834441 0.16277579 0.16740823 0.19565533 0.20073535 0.14882828 0.19400838 0.19053677 0.20551078 0.19411984 0.17332878 0.26068803 0.30497985 0.28036900 0.23619073 
0.29349490 0.26482850 0.31471544 0.28996836 0.25301056 0.50565127 0.26224264 1.12393713 0.63452423 0.34573957 0.49886293 0.00000000 0.46560604 0.43093694 0.70413757 0.86483975 0.30480132 0.23920171 0.46656308 0.28040049 0.35006454 0.20030596 0.32443518 0.25985888 0.18619862 0.40786754 0.15791406 0.34991147 0.18166849 0.42984269 0.74866370 0.38782103 0.67980262 0.28559318 0.42633604 0.39488936 0.36730868 0.20678544 0.38311180 0.36270793 0.23860442 0.27264801 0.28355823 0.20360571 0.29287976 0.21713300 0.07587181 0.16773745 0.28479857 0.20089084 0.13966692 0.28997929 0.21357302 0.16276037 0.20692081 0.23938887 0.21681845 0.22468458 0.16035532 0.09279832 0.22014767 0.12230601 0.15001163 0.22904249 0.28356831 0.22649244 0.27210820 0.19593361 0.27653562 0.19249067 0.24524841 0.26921709 0.26187514 0.23112286 0.14531770 0.31579168 0.24982423 0.24978641 0.15433853 0.27279508 0.13539008 0.38379128 0.31619608 0.32995563 0.30111259 0.30307479 0.34847421 0.30537031 0.24576386 0.29402828 0.20197001 0.16576500 0.23792060 0.23508152 0.17707406 0.18739402 0.26534061 0.17036011 0.15127133 0.19107460 0.24356054 0.23937940 0.05799196 0.25325193 0.24931336 0.22016698 0.18747030 0.22636269 0.22050020 0.26611880 0.23840059 0.19730629 0.23833173 0.29749023 0.25079275 0.20849540 0.24543090 0.24783129 0.26354161 0.25796963 0.26182586 0.28415012 0.29508617 0.27834294 0.27602496 0.21655747 0.25531589 0.21679265 0.27175528 0.21841106 0.26348852 0.19906493 0.19518116 0.26989378 0.16893949 0.17334168 0.15955092 0.20315642 0.19266857 0.15878885 0.18742644 0.07184320 0.14855440 0.25390291 0.22153014 0.28458167 0.25071493 0.26315705 0.20139469 0.22712041 0.20326831 0.12232048 0.18406283 0.18544626 0.21718784 0.17242250 0.20729096 0.06829032 0.16459213 0.22005606 0.12614529 0.18138604 0.15392084 0.21407739 0.24923897 0.12179545 0.24410699 0.20622401 0.30126211 0.18292616 0.18815057 0.08303810 0.14915678 0.12879400 0.24691827 0.23922485 0.19930058 0.24284899 0.23891972 0.07158070 0.21766127 0.18288754 0.20128026 0.11815957 0.17329119 0.20476938 0.20712189 0.32622305 0.25804579 
0.19309554 0.23130202 0.21599664 0.28904154 0.25414057 0.34110867 0.33222248 0.23244636 0.83832458 0.60829381 0.49040713 0.46560604 0.00000000 0.57029012 0.46799553 0.44240930 0.54710770 0.30440653 0.31762582 0.35559841 0.32144440 0.21435370 0.30625666 0.28318144 0.30143268 0.22852931 0.17515764 0.25287873 0.24816668 0.18235267 0.26358687 0.23354663 0.23267584 0.29326667 0.19448658 0.18538045 0.26376575 0.14252717 0.34951722 0.21425163 0.17359579 0.58323601 0.25819112 0.20060876 0.92306489 0.43309872 0.24507142 0.29933467 1.85246930 0.19348358 0.18037428 0.24213772 0.28339956 0.22984099 0.26326616 0.28265436 0.26817464 0.17542067 0.21276043 0.28743013 0.27526108 0.20884311 0.21018990 0.26707871 0.27895614 0.22724739 0.25571385 0.20720776 0.21364968 0.25428650 0.21771550 0.23164477 0.19743164 0.22401195 0.16248025 0.15667464 0.35772779 0.18646760 0.16643410 0.23135905 0.17454363 0.28289609 0.21055510 0.14289311 0.27176965 0.20170473 0.31803701 0.23705388 0.20300313 0.22102025 0.27882562 0.21624477 0.22593661 0.21002757 0.15272750 0.19024823 0.15171616 0.20762026 0.11936646 0.22567494 0.18289281 0.21488285 0.14631628 0.12253415 0.21771920 0.25420528 0.10371922 0.27248485 0.21935456 0.19946472 0.29741457 0.30614814 0.21573107 0.26194523 0.17615432 0.23696658 0.21442561 0.25745864 0.26029188 0.19810536 0.19881822 0.24286221 0.24263243 0.25438031 0.24345851 0.27347675 0.21567889 0.22876049 0.33685611 0.21446051 0.21005667 0.07560749 0.20213599 0.21523064 0.14468487 0.11854526 0.17407719 0.22335903 0.19450471 0.22717906 0.16880060 0.19456364 0.16094408 0.26185648 0.22766017 0.23230380 0.25436837 0.34540916 0.22642005 0.22599070 0.22540773 0.14573544 0.26895828 0.31240652 0.21772584 0.28536939 0.23867208 0.17595744 0.29722010 0.17982935 0.35731982 0.25373006 0.14008439 0.20062320 0.30722041 0.19257552 0.35394407 0.18167882 0.27475750 0.18664546 0.13930997 0.16766114 0.15976041 0.19785290 0.15718169 0.12733554 0.18552660 0.25355076 0.16613334 0.13422259 0.16132962 0.13536035 0.22703332 0.15548499 0.22521708 0.27960478 0.24917672 0.28217072 0.28361339 
0.26545612 0.19739852 0.19878302 0.19899241 0.36569102 0.26893211 0.27774147 0.30261133 0.19956244 0.95898118 0.81467369 0.43093694 0.57029012 0.00000000 1.42815705 0.61917366 0.71461254 0.86086558 0.32600145 0.42200400 0.31837150 0.27330233 0.23253256 0.27113453 0.25342068 0.17121265 0.32377307 0.14518947 0.32088708 0.22030042 0.32565530 0.16840554 0.23578511 0.15667490 0.21797200 0.19935669 0.19439734 0.19010181 0.24053917 0.15492098 0.19333383 0.21402189 0.36555464 0.20954286 0.26577338 0.33964331 0.30062855 0.20274594 0.96595775 0.29862867 0.26409834 0.51910000 0.96574146 0.28393762 0.32063894 0.82142426 0.42533974 0.18905849 0.26204311 0.41032966 0.26770215 0.16333597 0.17659070 0.27092889 0.21590230 0.18322216 0.22278161 0.21617019 0.21906382 0.25708497 0.19871253 0.18904325 0.23663196 0.22878192 0.22670582 0.24352828 0.10096226 0.28882219 0.25293108 0.12938481 0.15779911 0.16122742 0.37351285 0.15304394 0.25828337 0.16045232 0.20096515 0.18395848 0.21246783 0.21299182 0.11164128 0.16483096 0.09353971 0.36736193 0.13846994 0.22441950 0.12206164 0.16660417 0.20984150 0.33679432 0.19385029 0.21348563 0.15515465 0.04669773 0.11517594 0.16386846 0.15942939 0.18503846 0.27830082 0.18951866 0.17259650 0.21586859 0.25639366 0.23544927 0.19576358 0.24655445 0.23885504 0.21913467 0.19158755 0.24651378 0.24942020 0.18858966 0.22548114 0.20868086 0.25611510 0.22376438 0.25729539 0.20863113 0.19424559 0.21512382 0.24233025 0.07409792 0.19618702 0.18238912 0.18488582 0.24677978 0.13826700 0.33356172 0.23786498 0.23737780 0.29088808 0.23828682 0.13572801 0.22343375 0.27421119 0.24793125 0.12957433 0.24483588 0.32074637 0.28362842 0.23906125 0.29497044 0.26505382 0.22001515 0.21568732 0.18438726 0.27957781 0.34533756 0.11940342 0.24985805 0.17926238 0.16208880 0.23183892 0.10900148 0.24913872 0.22541641 0.11162287 0.21401190 0.13885240 0.22083489 0.13580212 0.16499632 0.12854746 0.25490702 0.08065655 0.14485364 0.17927432 0.19969934 0.16221345 0.12302979 0.16937546 0.14913339 0.08498033 0.14742101 0.11549267 0.15483988 0.21111714 0.23958713 0.19738694 
0.26960646 0.23663236 0.19741827 0.22271794 0.28160488 0.40199151 0.24875653 0.39416812 0.34575610 0.46126137 0.62175504 0.70413757 0.46799553 1.42815705 0.00000000 0.71946102 0.45462896 0.55821750 0.95985175 0.37576188 0.44980922 0.40929679 0.26709042 0.19966450 0.27121665 0.27715674 0.29953649 0.29582342 1.07405142 0.37814609 1.10799464 0.35497601 0.41460133 0.34103713 0.33210622 0.23406357 0.20661207 0.35562893 0.21569692 0.26190581 0.16538879 0.25695915 0.25007000 0.19082885 0.20101783 0.22884620 0.16557826 0.22021585 0.35054080 0.19638649 0.15339127 0.28668387 0.14563417 0.07468459 0.21031026 0.68480300 0.14675199 0.23252022 0.23514887 0.27967376 0.18631913 0.13983633 0.15134502 0.21463965 0.19497411 0.16750404 0.21564584 0.17752712 0.20691164 0.19237908 0.21513488 0.19452755 0.18101608 0.21144517 0.19898645 0.12993324 0.22149760 0.20059063 0.14360826 0.22868894 0.33697252 0.25313475 0.62941553 0.21422968 0.40601491 0.23788158 0.24540822 0.22291875 0.25113370 0.24116431 0.26557946 0.19245102 0.19588681 0.28152972 0.17647705 0.11962875 0.07267548 0.17902781 0.18203168 0.12516479 0.09972531 0.17298732 0.17974565 0.12607506 0.12271973 0.23635967 0.18192024 0.24620489 0.21927859 0.25501438 0.20705015 0.21103901 0.24304924 0.26464041 0.20094216 0.22090759 0.27874671 0.23488867 0.26910966 0.28033675 0.25492584 0.22256673 0.33332062 0.25214848 0.27419843 0.26880058 0.22016437 0.21529166 0.23145106 0.21874559 0.21881119 0.02469498 0.24398077 0.16662569 0.16178698 0.12570117 0.21508582 0.10200176 0.11999832 0.17868949 0.22580538 0.17288628 0.18643918 0.12266941 0.24358094 0.21575193 0.17481005 0.18724330 0.21025774 0.17308970 0.17083239 0.13042270 0.20491547 0.12751999 0.20444127 0.18265064 0.17524079 0.28039400 0.21191082 0.21492529 0.23537471 0.20739350 0.13963251 0.19947156 0.26649795 0.13687445 0.39126222 0.16800344 0.22323807 0.17442431 0.21634598 0.10716014 0.20739524 0.06414863 0.17029075 0.17728668 0.20662827 0.24078800 0.16578226 0.08108185 0.20793857 0.16711902 0.18720894 0.09500968 0.20055650 0.27575257 0.20877571 0.26039462 0.28046435 
0.27874916 0.25123332 0.33605973 0.30716633 0.21536734 0.31100445 0.34771088 0.41435759 0.39972620 0.30096005 0.29881325 0.86483975 0.44240930 0.61917366 0.71946102 0.00000000 0.40271718 0.36246359 0.84036512 0.71022757 0.30376288 0.30058651 0.42964910 0.29967839 0.18541027 0.40064805 0.34955168 0.29849471 0.21711747 0.32180148 0.30536564 0.18382245 0.32633385 0.29860257 0.34150148 0.30616153 0.24830922 0.23613146 0.28099599 0.29566660 0.28764154 0.30603993 0.19048063 0.17360153 0.26620171 0.38994584 0.30041458 0.20439100 0.37749025 0.11829033 0.22592373 0.27457269 0.33343081 0.21504977 0.23038885 0.26039738 0.32945566 0.22860139 0.27223445 0.28165597 0.24022183 0.20056763 0.26916035 0.19836589 0.23267128 0.21157544 0.22862815 0.19471091 0.19208323 0.25704128 0.16686730 0.18181822 0.22447737 0.26133255 0.20863105 0.16707589 0.34133743 0.24498633 0.15408371 0.31140558 0.13591967 0.32479100 0.22220352 0.28107296 0.23659171 0.24830429 0.26592634 0.25707065 0.28244766 0.28828664 0.26825886 0.20539885 0.22160070 0.25827510 0.22273739 0.24226097 0.27781574 0.27983228 0.18837153 0.17613663 0.20932172 0.23666748 0.05175773 0.22209214 0.16869931 0.19399561 0.17394716 0.24189359 0.19479390 0.15739103 0.17797413 0.20774370 0.15932134 0.14515290 0.21184117 0.17456023 0.19501765 0.13938320 0.12780955 0.16924199 0.15232793 0.16539831 0.15210234 0.16546007 0.14047832 0.18005675 0.15578904 0.17159594 0.17274110 0.18390564 0.15425087 0.23317553 0.26885224 0.19962880 0.14009716 0.25276117 0.27987325 0.23817309 0.32915581 0.21001166 0.23445632 0.11196304 0.14603160 0.23167702 0.31322390 0.31112013 0.29727969 0.27573008 0.37024753 0.32407150 0.22248437 0.31697481 0.21594310 0.25183881 0.21998100 0.25367263 0.19467216 0.17846600 0.19806794 0.18007133 0.25640917 0.20574267 0.11652352 0.27342971 0.22675295 0.13297083 0.26195723 0.24648674 0.24361463 0.18786480 0.25700255 0.14828425 0.28969170 0.16182763 0.29131606 0.22881134 0.26034236 0.22939089 0.27309800 0.12250687 0.32780472 0.23330911 0.22369233 0.22608266 0.27329337 0.21351985 0.26215397 0.25515479 0.27631270 
0.23305607 0.24118949 0.25153644 0.36980809 0.22617895 0.22757902 0.22771224 0.21552161 0.27095682 0.40519096 0.34652302 0.30480132 0.54710770 0.71461254 0.45462896 0.40271718 0.00000000 0.78021080 0.46706536 0.60683513 0.59767338 0.34276176 0.28252869 0.32521004 0.25350316 0.25932226 0.33810357 0.22361038 0.23449307 0.19483199 0.17469714 0.14601174 0.28337923 0.15772467 0.25099467 0.17573806 0.15595060 0.31740032 0.28553795 0.21431560 0.19442511 0.25451226 0.18707906 0.22766395 0.32646712 0.33013917 0.34654400 0.28314689 0.79435024 0.65120859 0.19602477 0.19537599 1.21862849 0.45868531 0.18106987 0.20458478 0.55334367 0.20937373 0.14827791 0.23805378 0.44507978 0.36096090 0.32520327 0.25965736 0.19876667 0.19499854 0.22901674 0.21146619 0.18841522 0.16523085 0.18506729 0.24113914 0.20592321 0.19733198 0.15469630 0.15982237 0.22163740 0.15458428 0.32518146 0.20611800 0.16731197 0.17792017 0.25702208 0.17270213 0.17618134 0.13961889 0.23512574 0.16913281 0.25896057 0.16835519 0.14591183 0.29078299 0.19016007 0.15866474 0.14244442 0.18026473 0.16607198 0.29216368 0.22402990 0.19559912 0.17491414 0.23256878 0.19261602 0.15226365 0.13768398 0.16357419 0.18200724 0.23540799 0.23537702 0.19313513 0.20037712 0.18849705 0.19254684 0.20740203 0.18265795 0.21253238 0.19733836 0.18124107 0.21713832 0.23197837 0.22599469 0.21712280 0.20566376 0.19086614 0.25110402 0.19581789 0.19504259 0.19749464 0.19110389 0.17889482 0.19834836 0.09344978 0.17188925 0.28296514 0.21089080 0.24654588 0.25137246 0.38199203 0.20033258 0.23377019 0.30494800 0.35060238 0.30170041 0.21094080 0.30511178 0.26804148 0.21963561 0.34084592 0.24079367 0.27385454 0.35465163 0.28567429 0.20475345 0.24363975 0.21307575 0.12071087 0.43802168 0.30640349 0.38922248 0.18487914 0.32650870 0.33382988 0.38912006 0.16224331 0.32075966 0.21250090 0.30109968 0.33162966 0.18593870 0.14204959 0.22326442 0.15230620 0.19658599 0.16276621 0.08173793 0.10855165 0.17114948 0.19823200 0.20561536 0.23399352 0.28971938 0.16387684 0.07714728 0.18738468 0.17891012 0.17214847 0.26223614 0.21705765 0.27157713 
0.18842463 0.20452771 0.21035709 0.21969213 0.17040431 0.19456359 0.24604325 0.18123410 0.17135587 0.47584968 0.32082310 0.23920171 0.30440653 0.86086558 0.55821750 0.36246359 0.78021080 0.00000000 0.48568486 0.73440437 0.64305117 0.55508798 0.37888211 0.33275092 0.33232041 0.34263232 0.42558372 0.20016342 0.55216039 0.21472263 0.24486369 0.14958319 0.27724901 0.20216257 0.18699276 0.25021189 0.14243500 0.21140007 0.19047845 0.21400962 0.23988545 0.22153130 0.18991957 0.22865228 0.18460418 0.24379154 0.30623733 0.17367420 0.42306054 0.33170598 0.25266296 0.18867624 1.59394356 0.28607954 0.16640804 1.02231953 0.92762089 0.19296434 0.23427097 1.07524501 0.38044260 0.16931575 0.22907004 0.25356333 0.20878715 0.16950251 0.22883350 0.21962979 0.18859769 0.23658312 0.18021693 0.17955808 0.15541943 0.22375489 0.30145645 0.24110633 0.18447920 0.17412080 0.28247112 0.19869075 0.36754473 0.23133471 0.22787054 0.10290780 0.22646090 0.18766423 0.20216261 0.17351825 0.25690993 0.18860690 0.12824719 0.23499995 0.16686994 0.18977416 0.13160124 0.18212681 0.16190479 0.24283960 0.31950921 0.21175028 0.23725566 0.23356256 0.19775815 0.23922699 0.15400769 0.23881101 0.25922215 0.16945614 0.19603580 0.17907877 0.18448239 0.19558473 0.17274999 0.16257181 0.16694586 0.20077024 0.17395272 0.17590507 0.15233964 0.16652972 0.22605562 0.17825327 0.19682846 0.16394874 0.19518432 0.23574567 0.18493097 0.20629680 0.12153439 0.19406779 0.13007208 0.12707871 0.16842178 0.20542216 0.18197522 0.17924707 0.16053987 0.28342114 0.25205616 0.27150346 0.31116812 0.22509383 0.17076360 0.24646523 0.35275471 0.24471667 0.22250462 0.22228708 0.27385460 0.29990282 0.33593410 0.28366489 0.16554366 0.21878011 0.19031704 0.14547647 0.23594614 0.15942928 0.32268481 0.24586531 0.30707203 0.21756099 0.03831121 0.17226631 0.32346474 0.33822288 0.20757264 0.27246246 0.08908387 0.18343791 0.16457079 0.21641698 0.18330543 0.22736136 0.26401943 0.16810784 0.18345054 0.13858219 0.38116690 0.20746967 0.12289047 0.12933294 0.13449370 0.04744682 0.10780665 0.14988834 0.23251979 0.20947737 0.17162390 
0.28496739 0.27186714 0.29027139 0.33957474 0.27083036 0.28981025 0.20858287 0.30803659 0.25151880 0.29093648 0.28992502 0.46656308 0.31762582 0.32600145 0.95985175 0.84036512 0.46706536 0.48568486 0.00000000 0.95173429 0.28877605 0.40765472 1.38555200 0.38934280 0.22750168 0.26895032 0.26423487 0.51182606 0.33025318 0.42087970 0.33422553 0.36016070 0.28202356 0.26827304 0.29801447 0.28609592 0.19604495 0.20813345 0.29849783 0.20533266 0.25642646 0.30737382 0.20448448 0.16970668 0.22770733 0.29517985 0.18727023 0.22741117 0.30429636 0.35577368 0.23662816 0.26607479 0.21511827 0.19431718 0.11486504 0.20787871 0.20541842 0.27479760 0.24189761 0.17044080 0.14447479 0.15657844 0.21440545 0.22946820 0.25308320 0.21740595 0.21656960 0.23106674 0.15754849 0.20446984 0.16877419 0.23148326 0.17692085 0.28153337 0.20234742 0.26020383 0.28060103 0.28698795 0.19038411 0.35777031 0.17872996 0.28225846 0.16740625 0.28810660 0.21947992 0.29253589 0.31510904 0.26614347 0.24736412 0.26349976 0.31062363 0.19286883 0.16781292 0.20638920 0.22496770 0.20067050 0.21664799 0.27961723 0.19714622 0.22569641 0.22441186 0.25242358 0.12365001 0.17943767 0.27025022 0.24441812 0.14654062 0.19262129 0.16082118 0.23296977 0.17794316 0.18588102 0.15856574 0.17036278 0.18433332 0.19071870 0.18080134 0.15437102 0.15234990 0.18112843 0.18980692 0.15769882 0.17797525 0.17429395 0.14814796 0.17366842 0.21697110 0.16499083 0.16729998 0.19959865 0.17259110 0.17544194 0.27267101 0.14990164 0.16401153 0.17294056 0.25206771 0.21589792 0.24866874 0.15438233 0.25516914 0.14865674 0.18500842 0.22679886 0.31706321 0.31307204 0.22595785 0.24762561 0.26588087 0.31060002 0.17490863 0.21621655 0.24311022 0.24039032 0.27425899 0.31295059 0.19736133 0.20261354 0.15441926 0.24635010 0.21654505 0.22291329 0.15763390 0.25976313 0.24569706 0.17859375 0.22713888 0.19256274 0.23174081 0.24943743 0.25205445 0.13358702 0.22655450 0.19538836 0.19723052 0.22981974 0.22677644 0.29458612 0.35917449 0.16768247 0.22187973 0.25150374 0.25334146 0.18639661 0.16727402 0.20526310 0.34769671 0.29582026 0.34664197 
