0.00000000 0.35555478 0.43147696 0.35875670 0.27768793 0.24901816 0.24698002 0.26820120 0.24974581 0.28028769 0.20386975 0.26643589 0.22846157 0.21833473 0.28377692 0.24968741 0.20054090 0.22320588 0.27869748 0.22361225 0.23301976 0.26827232 0.26874717 0.23092976 0.19222745 0.27068136 0.22154671 0.21685252 0.23273633 0.19575248 0.28850086 0.24657322 0.28321178 0.17026052 0.24604345 0.28504954 0.29042001 0.23904944 0.26140604 0.28849194 0.26177326 0.20257441 0.18993607 0.26653732 0.26107805 0.24742035 0.21104311 0.24677528 0.22688812 0.16593792 0.22765903 0.22067727 0.29385330 0.22966000 0.33001730 0.28673771 0.24222270 0.22157217 0.25316707 0.23187640 0.20230584 0.20398144 0.21399688 0.27000282 0.21699055 0.20364791 0.21642323 0.29984350 0.22818811 0.20710531 0.19337250 0.18972759 0.20617801 0.23701326 0.20141908 0.19936445 0.24194360 0.28196072 0.25235826 0.23792003 0.20853279 0.25852945 0.27265694 0.23279514 0.26015071 0.23903916 0.25643662 0.23528404 0.25088478 0.28577377 0.20758714 0.21494402 0.25103497 0.27608329 0.24230716 0.23228251 0.23709550 0.24072593 0.21631346 0.26226149 0.23853606 0.26335128 0.25068114 0.29828931 0.26896019 0.25984214 0.16535586 0.21204138 0.19479970 0.17604628 0.18645508 0.17098767 0.23144578 0.23553841 0.21637628 0.17683036 0.21728970 0.20950973 0.29972631 0.26711366 0.26209689 0.19839704 0.20080756 0.19466222 0.21249325 0.25370739 0.22677121 0.19379351 0.22712815 0.24984571 0.26815732 0.22975939 0.25894793 0.20572886 0.21052852 0.19011107 0.24572510 0.20838000 0.24148605 0.20444109 0.23737913 0.21125208 0.20379495 0.22586590 0.25373808 0.23204828 0.29211853 0.22511052 0.24292446 0.26257356 0.25610685 0.23154683 0.22186666 0.24729068 0.20020347 0.22765273 0.25479462 0.23230846 0.27039888 0.30379731 0.22279305 0.18527130 0.26030247 0.28088128 0.22245853 0.22658574 0.23663265 0.27317877 0.30208773 0.28404740 0.23797512 0.25862591 0.28339136 0.23830021 0.26130312 0.18791913 0.24501479 0.24716762 0.20832364 0.22636985 0.27959598 0.25862875 0.21849001 0.25859630 0.20552016 0.27232060 0.24791190 0.22117836 0.21172872 
0.35555478 0.00000000 0.37805555 0.37340270 0.37002176 0.22816557 0.32775305 0.28232295 0.35333545 0.23440811 0.32595769 0.21589169 0.22490145 0.22282458 0.24123818 0.23752008 0.24447898 0.18071303 0.25252482 0.20912115 0.13255912 0.21460869 0.27203889 0.31371392 0.24993708 0.21577700 0.17774333 0.22558522 0.24971248 0.21845823 0.23148543 0.19368869 0.18573097 0.23360385 0.16506969 0.25764766 0.21509383 0.25308491 0.31741182 0.30429598 0.23568851 0.27822151 0.26764709 0.19709188 0.26598475 0.21099826 0.27352028 0.23918346 0.25322307 0.25803977 0.23195410 0.19487848 0.25601809 0.18680666 0.27514153 0.18509000 0.23477908 0.20693782 0.21639974 0.28092415 0.18243563 0.23211285 0.19472853 0.21118335 0.21396955 0.14956043 0.21934132 0.21538888 0.26159497 0.24010736 0.27074013 0.26188006 0.29533898 0.22740906 0.21035033 0.16743241 0.22808176 0.23427091 0.23676472 0.18598531 0.23406207 0.23169091 0.28501178 0.23367887 0.20346858 0.25194193 0.20282465 0.27050266 0.27342623 0.23320628 0.24354770 0.31404716 0.24324080 0.24673117 0.22552096 0.21258134 0.18391817 0.21306065 0.19534613 0.22373572 0.23498873 0.21954337 0.29739494 0.19816561 0.20981508 0.23383671 0.18513141 0.23887321 0.27087258 0.22954721 0.30992488 0.26842982 0.33736188 0.27589078 0.25375304 0.24712310 0.26832742 0.29092520 0.29192193 0.24636381 0.24375869 0.27419069 0.41879750 0.27894143 0.31771183 0.30319876 0.31363856 0.22762825 0.27172509 0.25954478 0.27685815 0.23314995 0.31975307 0.22485271 0.24669228 0.27192115 0.17474657 0.19400443 0.19117299 0.16472660 0.19948063 0.15576958 0.20832052 0.24016704 0.18489549 0.20904995 0.15289641 0.17069696 0.20883972 0.21223102 0.19834422 0.24326108 0.22764636 0.20730614 0.19662710 0.22112685 0.24820602 0.17251093 0.18180754 0.23717587 0.39651915 0.32254754 0.15667312 0.28194912 0.21912582 0.35786899 0.31313383 0.20994505 0.26992996 0.21910888 0.26254448 0.26729012 0.20927790 0.19113775 0.17559377 0.30302968 0.19636112 0.18396479 0.22147237 0.21822167 0.20067817 0.18342398 0.30184892 0.22697641 0.28952607 0.23389988 0.23981127 0.19534357 0.28189666 
0.43147696 0.37805555 0.00000000 0.54022885 0.29781261 0.28650862 0.24889963 0.24748672 0.25530728 0.21080368 0.30044004 0.29193797 0.27741097 0.24858600 0.28086348 0.32867210 0.25694284 0.27827539 0.26536701 0.25463427 0.24996223 0.36012913 0.25129137 0.31014844 0.22190435 0.23800597 0.27257210 0.29456808 0.26979646 0.26775860 0.25127516 0.26298445 0.23176973 0.26432947 0.33149086 0.27930349 0.24355976 0.27797112 0.31782972 0.25978891 0.31843777 0.26072974 0.21302355 0.23691513 0.38487628 0.34844631 0.20559980 0.26436283 0.18964095 0.20642636 0.24811296 0.26628060 0.30039044 0.20077032 0.21934174 0.28176932 0.25738895 0.21058943 0.19911429 0.23516308 0.21397056 0.20041867 0.29074112 0.23704011 0.28031284 0.18670220 0.18057242 0.17638865 0.15202681 0.22775356 0.12542787 0.14364916 0.16423132 0.21553787 0.28129657 0.21582353 0.24754124 0.28973159 0.27871606 0.22274813 0.19824549 0.25869939 0.24593862 0.23686753 0.29147257 0.31521889 0.31748054 0.32457133 0.25108330 0.19831801 0.21207410 0.27724949 0.27561261 0.21539357 0.25856791 0.21177144 0.24092819 0.24388421 0.32343702 0.26638740 0.24289914 0.25988313 0.18137947 0.24062274 0.21859181 0.25364798 0.17566755 0.19253392 0.14073964 0.11504039 0.16098924 0.28574610 0.12893766 0.11022852 0.13840630 0.18147589 0.15919647 0.09707859 0.13525574 0.10163829 0.12631433 0.13000352 0.19675542 0.14638004 0.12647706 0.17544324 0.17916541 0.15019258 0.13719223 0.14734489 0.13187224 0.21926789 0.25535174 0.29300714 0.26257294 0.24015306 0.23170939 0.23774876 0.24298120 0.23232506 0.28376081 0.25421113 0.20863127 0.23248900 0.23218687 0.28600640 0.32148804 0.27055246 0.23147069 0.33253162 0.24174916 0.26100426 0.26667902 0.26426590 0.23915544 0.20177673 0.30930663 0.24113838 0.27817969 0.29340809 0.17914339 0.17901337 0.28195963 0.21600655 0.29118198 0.20546885 0.29868273 0.28068707 0.19208223 0.23768960 0.25611194 0.22015600 0.24324256 0.22364567 0.23818078 0.22967140 0.28920811 0.17682660 0.25178087 0.24121761 0.22652175 0.19420271 0.23686623 0.27944126 0.26026385 0.21377221 0.23665793 0.19605847 0.25809583 
0.35875670 0.37340270 0.54022885 0.00000000 0.36190263 0.33381984 0.23916730 0.32543286 0.24600141 0.24754526 0.24593500 0.28392611 0.25542502 0.31217611 0.23786727 0.28337576 0.25671699 0.25198976 0.32244061 0.30567904 0.27377621 0.26425003 0.22767032 0.32517613 0.29369791 0.26562268 0.27072034 0.26337220 0.18242284 0.29145469 0.32103696 0.25396784 0.25329300 0.20648831 0.30757500 0.25220456 0.31766932 0.24181079 0.38097763 0.27687598 0.27756298 0.30881934 0.22374670 0.25064251 0.22083227 0.30606603 0.26674671 0.22046671 0.25896287 0.21597417 0.26606893 0.20941612 0.20919796 0.20537094 0.21948585 0.27115799 0.30096908 0.25279803 0.20628914 0.19441422 0.20500850 0.23145501 0.26144997 0.24316778 0.25065879 0.15712033 0.15727184 0.16484155 0.18034187 0.25710417 0.18465408 0.22982577 0.18013942 0.27074635 0.25473649 0.26161034 0.30317421 0.25219529 0.26577484 0.23030565 0.22435222 0.25018734 0.17178775 0.20416120 0.28801887 0.32155493 0.30718068 0.27734856 0.32881039 0.30184995 0.24388641 0.23804958 0.25203662 0.16018813 0.23889715 0.15190024 0.26465471 0.22779440 0.26986293 0.27335216 0.32127545 0.26596612 0.25121152 0.27275167 0.23003330 0.30432761 0.25577374 0.17107340 0.14334584 0.08119850 0.16952735 0.22768961 0.16236329 0.11245519 0.16073065 0.16597880 0.16410845 0.20446446 0.09346189 0.10040028 0.11817026 0.14283496 0.15323513 0.12071255 0.12590559 0.16983439 0.23239717 0.23827607 0.22769797 0.21404040 0.16276871 0.28003735 0.25991446 0.27599639 0.22281968 0.24861385 0.28583639 0.23577474 0.23340516 0.23124668 0.22052020 0.24216526 0.22399892 0.23034220 0.24878619 0.27076725 0.30428964 0.22211555 0.17680205 0.29969937 0.23324888 0.23189783 0.22717013 0.22459358 0.23282660 0.21135100 0.25671224 0.28870574 0.21643619 0.19416677 0.22729447 0.17731543 0.26997284 0.23208278 0.16287306 0.20135443 0.22611153 0.25225373 0.29760880 0.19910217 0.23087389 0.26171949 0.21325676 0.23829618 0.21504725 0.29055823 0.21998548 0.23750305 0.25949236 0.21865601 0.24796481 0.21495366 0.21226732 0.21056635 0.20165448 0.26840732 0.23938833 0.31194023 0.26975524 
0.27768793 0.37002176 0.29781261 0.36190263 0.00000000 0.37314187 0.26857808 0.25489870 0.35222485 0.32293566 0.25227924 0.25940746 0.22943700 0.24094458 0.28489633 0.29030683 0.21155720 0.21849280 0.23191167 0.27869720 0.26513656 0.23300362 0.22467976 0.25722440 0.21009358 0.19093098 0.21278163 0.23006344 0.16175725 0.22115904 0.20768157 0.19005016 0.24372895 0.19045610 0.25221703 0.18627817 0.24473409 0.21610935 0.27441847 0.23650068 0.26856193 0.32190960 0.46811441 0.26290775 0.37520854 0.22654636 0.31727924 0.32264526 0.25214147 0.22480997 0.27730302 0.25603666 0.32165096 0.22152459 0.20336087 0.21617325 0.28590883 0.26048443 0.22970128 0.23113437 0.25050327 0.22557874 0.18570166 0.20195819 0.19156428 0.22282876 0.20010945 0.22457367 0.25996537 0.24772278 0.22202783 0.21112526 0.21647975 0.21106334 0.23654807 0.18640230 0.28428400 0.20070718 0.21080896 0.23585294 0.15390863 0.20757745 0.20796656 0.22002028 0.23776717 0.20530894 0.24357049 0.22047106 0.22043311 0.26168192 0.32907443 0.24746555 0.26717478 0.23306880 0.14292835 0.27349681 0.18240870 0.19304198 0.30289942 0.24822692 0.22388666 0.25036926 0.20679420 0.17148708 0.17349944 0.19536016 0.19845672 0.24914922 0.20275314 0.18993812 0.28966245 0.25487546 0.23929002 0.26043173 0.23128733 0.23579184 0.22378404 0.25875402 0.24485650 0.25792099 0.25229275 0.31621423 0.31266243 0.27908520 0.33550359 0.32866624 0.22773429 0.19582979 0.27293298 0.23486109 0.28643582 0.18793904 0.23184448 0.21352580 0.18146977 0.22089981 0.20810200 0.29197550 0.17181737 0.24131861 0.25127529 0.22169016 0.18957375 0.24019595 0.17515598 0.19800593 0.29487263 0.26533687 0.22530477 0.23862094 0.29084788 0.19185281 0.22937553 0.14762217 0.22819864 0.20992645 0.24001915 0.27445006 0.21892236 0.28385616 0.26023178 0.24330184 0.23287426 0.26601588 0.19871422 0.32005989 0.30479763 0.23654799 0.21019459 0.21106132 0.27640697 0.19516255 0.27117581 0.19282013 0.19713238 0.21250966 0.19621228 0.17937481 0.21789078 0.20783588 0.23210012 0.30259757 0.19015976 0.21597603 0.23647734 0.22933477 0.23975686 0.22418585 0.28261113 
0.24901816 0.22816557 0.28650862 0.33381984 0.37314187 0.00000000 0.29151222 0.45202393 0.60663540 0.27882019 0.28275723 0.32780204 0.27103293 0.34444206 0.24178096 0.31395394 0.26871884 0.30232849 0.24753345 0.29077703 0.23310713 0.21949013 0.26549116 0.27231082 0.24159569 0.27022214 0.24845839 0.27045356 0.26415599 0.19220317 0.32139784 0.26356789 0.25792134 0.22495100 0.36491203 0.32296795 0.45781916 0.34144336 0.30958542 0.25003577 0.25702556 0.25273725 0.21287211 0.20299525 0.29678790 0.24042722 0.16353078 0.26684654 0.22613902 0.26011978 0.26563057 0.22609545 0.20438420 0.27483149 0.30774032 0.18380474 0.32381638 0.23601173 0.23325554 0.27432296 0.19998496 0.20374187 0.28737208 0.22864945 0.23536289 0.21191541 0.20037868 0.17062365 0.15938537 0.24036931 0.22433607 0.17081410 0.17912588 0.22781626 0.30429238 0.23585775 0.22332673 0.23543854 0.25916213 0.24111862 0.26825907 0.18013308 0.25268911 0.30802247 0.30238672 0.24195762 0.20635168 0.30234495 0.27926723 0.28106282 0.27283614 0.27413350 0.20707321 0.20856166 0.24556458 0.20452759 0.23597463 0.21280740 0.28432565 0.22874115 0.20840996 0.25791935 0.17648349 0.22475787 0.22667827 0.27324989 0.19647427 0.24566010 0.21675223 0.20663474 0.19065176 0.17046997 0.13381392 0.12415228 0.18455209 0.17894106 0.11966588 0.12457456 0.13460455 0.18066082 0.17783060 0.13720944 0.17812075 0.14464211 0.15944601 0.20105540 0.17738476 0.15792391 0.12936108 0.15876194 0.20926908 0.19700287 0.23202824 0.29091025 0.20390874 0.17413456 0.20674425 0.20246550 0.26980343 0.25614354 0.20791400 0.27939176 0.18824316 0.22642810 0.21623395 0.20327254 0.27525873 0.20696256 0.26510203 0.32363586 0.23815166 0.28346180 0.25499172 0.19044616 0.24505372 0.22941861 0.26550186 0.29568001 0.22633663 0.22122616 0.23508166 0.14105856 0.21268755 0.27169682 0.17481759 0.17212465 0.18756655 0.28362671 0.21797162 0.18655444 0.30017477 0.29058343 0.25026128 0.23487922 0.20921541 0.25754135 0.27658448 0.19045564 0.25358094 0.24000651 0.22515291 0.29666610 0.22963597 0.28070850 0.24398694 0.21762131 0.31914643 0.21491992 0.26388938 
0.24698002 0.32775305 0.24889963 0.23916730 0.26857808 0.29151222 0.00000000 0.32183946 0.25441531 0.36827141 0.41916620 0.26562673 0.23881107 0.18700520 0.27999360 0.20297177 0.25172879 0.20071142 0.21213941 0.26527646 0.23023777 0.25940961 0.21013185 0.22798934 0.20631444 0.24752284 0.25289017 0.18296999 0.20141978 0.19377582 0.29401415 0.17216995 0.27207952 0.21920425 0.27673821 0.22530852 0.21628921 0.26048110 0.28515144 0.27622284 0.24868722 0.28124359 0.26172468 0.25382623 0.30381301 0.21833798 0.32451812 0.25858443 0.23667262 0.35507816 0.33910882 0.30640254 0.23175357 0.18225815 0.20838020 0.25246987 0.18201980 0.20829290 0.21903055 0.20397041 0.24524298 0.22712345 0.25830136 0.26917748 0.22997249 0.25870047 0.22334656 0.23642046 0.25013898 0.22445761 0.23677845 0.25314415 0.21607491 0.30094909 0.26521838 0.22430823 0.28442662 0.17473390 0.21458985 0.22585530 0.17322638 0.22347513 0.23260509 0.22849882 0.36336343 0.22214539 0.26820877 0.19430289 0.23045959 0.28098914 0.33901763 0.36430114 0.26738642 0.45004196 0.22544629 0.27887996 0.19690438 0.23346436 0.22519139 0.22370955 0.16707346 0.24827697 0.19832630 0.20823407 0.24087266 0.16449350 0.21330610 0.22528825 0.23194343 0.22991247 0.29136751 0.22014071 0.21897475 0.18255115 0.34923973 0.25830994 0.23013302 0.32125526 0.23275665 0.18605315 0.21747922 0.27098163 0.24463103 0.19388162 0.17286336 0.26466431 0.23883177 0.22791354 0.27650936 0.21704242 0.14581768 0.27515760 0.17440872 0.27934968 0.21784808 0.27134795 0.20868281 0.18714022 0.28879714 0.19594286 0.23127459 0.20810466 0.15523488 0.25686778 0.23649247 0.22864326 0.25820158 0.28372407 0.25964143 0.24186637 0.18011209 0.23161222 0.20321596 0.27211106 0.22513421 0.24556795 0.22900898 0.24779532 0.14922329 0.12756394 0.23387906 0.22682129 0.23082607 0.29852122 0.22601804 0.25118809 0.29039544 0.24672751 0.28072038 0.15591420 0.21494958 0.21586777 0.24797132 0.20481625 0.18496596 0.18185892 0.25696898 0.18503265 0.22951814 0.21909281 0.17357780 0.23656269 0.25539902 0.21863287 0.25314994 0.23149503 0.22912543 0.23967310 0.26691992 
0.26820120 0.28232295 0.24748672 0.32543286 0.25489870 0.45202393 0.32183946 0.00000000 0.35593837 0.34185171 0.27575459 0.46434882 0.31622018 0.28159855 0.21141802 0.28730676 0.26440869 0.20095684 0.27835472 0.23806916 0.25940230 0.23350171 0.19156508 0.29408179 0.24865321 0.20266358 0.23771039 0.22158850 0.25867508 0.28371032 0.28598574 0.23021014 0.39677227 0.32362233 0.29565133 0.45441716 0.34370820 0.35356591 0.25865643 0.28354562 0.30674555 0.31461915 0.20954037 0.19243048 0.26379139 0.27414604 0.19263451 0.30994727 0.24958550 0.22066259 0.25521788 0.24526590 0.16080339 0.19003157 0.18387363 0.25172679 0.23992643 0.22547085 0.22729546 0.25927425 0.25187525 0.20350420 0.23609394 0.25031451 0.24510099 0.22460492 0.23228239 0.22216380 0.23441293 0.22781421 0.22524482 0.19373788 0.26211026 0.22966727 0.28515891 0.24290458 0.19189608 0.23329431 0.21890822 0.26625500 0.21244311 0.29260097 0.18407347 0.24554343 0.45256863 0.26590890 0.26982696 0.24297629 0.25042594 0.30765650 0.28389133 0.24427097 0.23520384 0.22621753 0.20407163 0.23188069 0.19494575 0.20000271 0.21435007 0.22656512 0.24006608 0.22864231 0.18304048 0.28456906 0.24736350 0.19030872 0.22577778 0.18978795 0.25692786 0.25049788 0.19931701 0.24063434 0.22779346 0.20533786 0.22680712 0.20824937 0.25557908 0.26581909 0.20704875 0.22606616 0.23164465 0.21260139 0.21360493 0.19292674 0.25111160 0.22873740 0.23804326 0.20050263 0.21722438 0.20097629 0.22375965 0.19442931 0.21476850 0.23765105 0.13598207 0.18275109 0.20246966 0.22115441 0.25395190 0.18399349 0.20257177 0.18173731 0.29961826 0.18796990 0.26805720 0.25611561 0.27599459 0.24388784 0.23798288 0.22351404 0.23068825 0.25631447 0.23319446 0.14237662 0.20990520 0.22699426 0.21738603 0.18235605 0.20106572 0.23042025 0.22251843 0.26754396 0.19739064 0.20824765 0.22146561 0.21268672 0.35241494 0.22496855 0.31998956 0.21363312 0.28066121 0.19698907 0.22110748 0.17954863 0.22924894 0.16958657 0.22122195 0.22465102 0.19549218 0.18596486 0.21169417 0.23914143 0.26042706 0.19807594 0.18644314 0.18525781 0.22073322 0.20652506 0.21151840 
0.24974581 0.35333545 0.25530728 0.24600141 0.35222485 0.60663540 0.25441531 0.35593837 0.00000000 0.30190774 0.29780943 0.33224202 0.32101206 0.19142149 0.26981341 0.26595268 0.21330168 0.20208875 0.26588053 0.24923660 0.24940192 0.15159154 0.25565891 0.22381223 0.24136646 0.15743063 0.23203001 0.19628196 0.18837277 0.31941655 0.21522297 0.23561776 0.24396494 0.26373905 0.27759487 0.21959114 0.29463500 0.27762867 0.30087527 0.30030536 0.20828618 0.28481107 0.26695296 0.23301472 0.38002370 0.23937325 0.26389282 0.25524353 0.25429117 0.20328373 0.18795501 0.22098643 0.23385115 0.17573042 0.20508268 0.25474033 0.19475009 0.20635962 0.23604717 0.22299308 0.21457109 0.17873515 0.21857054 0.25083718 0.24430330 0.22756807 0.29384987 0.24151935 0.21155116 0.24593675 0.28135518 0.26301118 0.26982107 0.20686444 0.23112323 0.20747861 0.24035001 0.19326525 0.22916319 0.25390427 0.24279627 0.22476428 0.23363524 0.29521692 0.21813048 0.21272658 0.32754553 0.25430771 0.21278000 0.28089004 0.22515893 0.25183790 0.28536234 0.24898560 0.18547167 0.20608362 0.18771497 0.18180827 0.20674110 0.19628519 0.26449744 0.20365123 0.16648969 0.23062160 0.24005227 0.24524267 0.22557692 0.27100156 0.33339183 0.26677644 0.29656023 0.27701331 0.28316047 0.32112861 0.23060017 0.24086008 0.28137744 0.36602266 0.26994877 0.29019813 0.33412426 0.33942074 0.30308874 0.27923858 0.33194268 0.25877867 0.26771377 0.28252982 0.31305960 0.27507977 0.25204304 0.21508196 0.29888286 0.20172293 0.19212210 0.18447217 0.20014007 0.20712412 0.16096307 0.19862429 0.20602073 0.17291777 0.21021937 0.19952890 0.24029594 0.20404138 0.20604993 0.16474267 0.28618427 0.20192765 0.26170833 0.20975926 0.22038206 0.15797938 0.22311791 0.29774070 0.17127730 0.18917630 0.20035439 0.20721313 0.26255989 0.24815270 0.12678383 0.31608597 0.20081746 0.17700463 0.29542458 0.19416781 0.23823865 0.21032627 0.18869720 0.15802585 0.21068610 0.19298952 0.17448483 0.23448015 0.24518266 0.23804514 0.19139384 0.12756465 0.20655147 0.20724812 0.28432134 0.22966683 0.28403198 0.20182414 0.23062366 0.22842032 0.28981661 
0.28028769 0.23440811 0.21080368 0.24754526 0.32293566 0.27882019 0.36827141 0.34185171 0.30190774 0.00000000 0.35287062 0.21526087 0.33326475 0.51690065 0.45389385 0.26982553 0.27090831 0.26944023 0.21529707 0.25683621 0.27878486 0.23366871 0.21928769 0.33514569 0.23244245 0.23576292 0.22124963 0.12359801 0.22628288 0.20182684 0.26964193 0.26281917 0.21984532 0.21467363 0.24122104 0.15006256 0.22289302 0.19155824 0.24461906 0.21597579 0.30677845 0.25765401 0.42064475 0.33726297 0.32524060 0.29319098 0.34903777 0.30718062 0.38274210 0.25200087 0.25811546 0.16607967 0.24491328 0.25237969 0.24608771 0.19873105 0.22344661 0.21042387 0.13316150 0.15189713 0.24718277 0.22404802 0.22716866 0.23695977 0.20788567 0.27012595 0.20490609 0.16978926 0.25583720 0.23740630 0.22336036 0.21707266 0.26569175 0.25446288 0.20707543 0.23051076 0.22214062 0.26233902 0.28755844 0.20329167 0.21821221 0.21632269 0.30948640 0.18861556 0.23811004 0.21257718 0.23529892 0.30459913 0.21270330 0.25094337 0.27357716 0.19842613 0.27456110 0.30322520 0.26806780 0.21659438 0.22884244 0.21173590 0.22124456 0.19721763 0.25909629 0.19468001 0.17004433 0.20231401 0.14500589 0.25116077 0.20099955 0.22583939 0.19966900 0.26776521 0.23043417 0.28423719 0.21972859 0.23900820 0.23555546 0.26374981 0.23863422 0.27788345 0.29667378 0.25933198 0.25292754 0.29962392 0.29059865 0.22179565 0.22219167 0.25267397 0.28096880 0.26612881 0.30581030 0.27017437 0.31672680 0.19632599 0.20384514 0.20848862 0.22768195 0.25222463 0.19949292 0.25034051 0.17030862 0.23275615 0.21038396 0.16918596 0.23019097 0.22206800 0.17530069 0.29826655 0.17971520 0.25351103 0.20279532 0.20393812 0.22403687 0.25312739 0.23521536 0.24397455 0.20919992 0.22493438 0.20562925 0.19801108 0.22252746 0.19055048 0.22185520 0.25771433 0.18171838 0.16600494 0.26243766 0.31043235 0.35074970 0.24721582 0.17641115 0.16563354 0.17873005 0.21139731 0.20432036 0.21448200 0.17565646 0.21937276 0.19403248 0.20737215 0.18660352 0.11953118 0.28214321 0.22009125 0.24623224 0.18364576 0.26113917 0.27302594 0.24338699 0.21891411 0.21754634 
0.20386975 0.32595769 0.30044004 0.24593500 0.25227924 0.28275723 0.41916620 0.27575459 0.29780943 0.35287062 0.00000000 0.35721964 0.32515079 0.44930090 0.33132067 0.27223188 0.19222561 0.29765915 0.22765436 0.24135766 0.25306004 0.17941458 0.28565897 0.27460063 0.27926700 0.28523457 0.24225088 0.27168821 0.20727152 0.16518252 0.30123421 0.31968327 0.41755809 0.28146248 0.29847175 0.23726805 0.30161664 0.25527482 0.35584985 0.25898594 0.24304762 0.30060776 0.24413558 0.21893694 0.35934126 0.32348314 0.22871031 0.27048013 0.21202449 0.24632877 0.19428269 0.37454693 0.28537315 0.26739408 0.20806987 0.21973980 0.18533864 0.22499631 0.17344052 0.30718544 0.35673232 0.15598060 0.22907813 0.21042524 0.22923614 0.23773789 0.21584168 0.23916141 0.19744171 0.25007535 0.25494115 0.21223651 0.19209486 0.23209531 0.23515593 0.20161932 0.19393417 0.17975906 0.21460959 0.18878228 0.14324680 0.28434650 0.52011562 0.25041111 0.42410919 0.18924456 0.21579735 0.19345392 0.20664958 0.27462537 0.24227252 0.26500661 0.23101682 0.39384696 0.20934914 0.29008554 0.18425839 0.19550914 0.22110688 0.21642091 0.16843312 0.22104019 0.21497956 0.18204708 0.21891509 0.19466499 0.23931684 0.18614714 0.22153640 0.24819432 0.26978268 0.23081784 0.15849892 0.22535402 0.19254103 0.20531170 0.25144113 0.21501671 0.20198308 0.17182292 0.23034327 0.22235465 0.21986157 0.17822533 0.19067955 0.17710636 0.19304688 0.21720177 0.19064556 0.18975186 0.18835361 0.20400333 0.28825120 0.26259879 0.13998302 0.23879673 0.21280135 0.20034867 0.19806377 0.24902832 0.23599647 0.20316836 0.19316274 0.21626549 0.24057515 0.22099038 0.23946781 0.35394069 0.27284116 0.28793663 0.25759838 0.21941852 0.25197370 0.20510562 0.24537765 0.24430427 0.23095719 0.23891030 0.14877088 0.18053422 0.19639219 0.20309298 0.14429915 0.28077342 0.22367882 0.34208263 0.22108287 0.22171736 0.21124803 0.21011059 0.16308906 0.21665168 0.19457624 0.17811314 0.24636854 0.18588320 0.17055195 0.25697725 0.21162869 0.20238328 0.26497934 0.19556505 0.27301503 0.24340613 0.26324759 0.25412238 0.23773600 0.24501283 0.17313713 
0.26643589 0.21589169 0.29193797 0.28392611 0.25940746 0.32780204 0.26562673 0.46434882 0.33224202 0.21526087 0.35721964 0.00000000 0.28113545 0.27577187 0.33426325 0.35400707 0.30342646 0.18891355 0.22373042 0.24104899 0.28737171 0.21883614 0.33760620 0.24586130 0.23155409 0.30460682 0.24531125 0.19207714 0.18215449 0.30495603 0.31748261 0.22173775 0.37400289 0.22568235 0.24093298 0.32009692 0.29494592 0.21701631 0.26649932 0.32656494 0.26458147 0.24365236 0.22442742 0.18507529 0.19951509 0.16974316 0.20925977 0.20133167 0.24417243 0.24649903 0.21372456 0.27984337 0.24974330 0.19575559 0.26017109 0.23209500 0.29831501 0.22053960 0.26976141 0.17145076 0.17122358 0.25242433 0.25540040 0.29592644 0.26332803 0.22765474 0.20146542 0.22762447 0.22013049 0.22196375 0.21973243 0.26291247 0.25028501 0.23621117 0.23579777 0.29916815 0.26193146 0.21785270 0.18905433 0.19889263 0.21730081 0.20438206 0.23711426 0.27121754 0.27579856 0.27482107 0.26581622 0.26878731 0.28309879 0.30009928 0.22364175 0.25745958 0.21967508 0.22903353 0.29313656 0.17201091 0.27163166 0.23872645 0.24427184 0.26528360 0.28479790 0.26767759 0.14026903 0.17811324 0.25208257 0.25701972 0.28068574 0.17085321 0.23912492 0.25191367 0.20593489 0.20844470 0.23460865 0.26031203 0.24232302 0.23772242 0.26113792 0.24531390 0.25929844 0.23725877 0.25936719 0.27020207 0.32136581 0.27661652 0.27276526 0.23790266 0.24939412 0.23695993 0.28583892 0.22468023 0.29114161 0.22425311 0.21218117 0.24481365 0.15350663 0.25552350 0.19727901 0.19173701 0.18770836 0.17086064 0.23641018 0.16342642 0.23537278 0.19389572 0.23564295 0.22387725 0.18908321 0.28521015 0.26562651 0.30024506 0.18953780 0.24836900 0.23803402 0.21103025 0.23170339 0.27539753 0.26364139 0.15304289 0.24163508 0.23551063 0.22126335 0.24804787 0.17752447 0.18870136 0.25664944 0.18552998 0.24063207 0.26540488 0.21878633 0.22488396 0.16065870 0.21073827 0.27582607 0.18333997 0.22180694 0.21915499 0.24095918 0.27055548 0.20678766 0.21938363 0.28320975 0.20279545 0.16982229 0.12101648 0.19521458 0.19166100 0.23567349 0.24126768 0.21895287 
0.22846157 0.22490145 0.27741097 0.25542502 0.22943700 0.27103293 0.23881107 0.31622018 0.32101206 0.33326475 0.32515079 0.28113545 0.00000000 0.35204280 0.21141796 0.30035300 0.33005611 0.24699142 0.27675602 0.33347115 0.27457698 0.24820773 0.21605305 0.27624595 0.24921869 0.22412491 0.28064486 0.25204307 0.27446325 0.23860152 0.30723685 0.22275019 0.23916472 0.23463420 0.29625065 0.21855988 0.28392012 0.27724972 0.19979991 0.19576911 0.29483440 0.30710392 0.19162841 0.23293201 0.38327744 0.36553598 0.22601523 0.32089534 0.68097063 0.22921402 0.26488248 0.23704393 0.29224529 0.27248158 0.19578819 0.20040563 0.26637335 0.23294567 0.20266950 0.22256842 0.20874450 0.18952377 0.24819793 0.22249285 0.23291040 0.18432148 0.17632725 0.21723634 0.19640142 0.25229171 0.17143020 0.19102533 0.20135412 0.24747610 0.25082630 0.23034156 0.28693170 0.20095723 0.27010839 0.20703495 0.16151893 0.22307254 0.23820250 0.22934835 0.25950699 0.22934136 0.20995460 0.41361948 0.25553832 0.29003685 0.22101937 0.21530270 0.22591049 0.29142234 0.20317948 0.23643578 0.19705599 0.23600020 0.20256393 0.23362452 0.20544596 0.24264372 0.21058435 0.19873576 0.22586377 0.23529702 0.26695487 0.32909861 0.21274931 0.20829387 0.23325656 0.26212011 0.19307026 0.19374313 0.12514622 0.19635172 0.20582958 0.24423454 0.16772507 0.16634371 0.14734733 0.22187703 0.20392736 0.17366400 0.18086886 0.19697803 0.13888380 0.19354369 0.26678345 0.18290134 0.20371421 0.18981817 0.24740726 0.22946770 0.15827329 0.20308920 0.29795045 0.20335548 0.23659539 0.29045931 0.19771201 0.24514737 0.21737136 0.24978962 0.16314005 0.21224921 0.27224296 0.24839854 0.32831752 0.29969383 0.25814050 0.25485533 0.24472791 0.27194640 0.23585627 0.38836808 0.23118543 0.19094885 0.27070000 0.18512902 0.28012641 0.24195167 0.15309725 0.23112362 0.26693020 0.19764947 0.29227336 0.27784644 0.26593395 0.25792880 0.25159550 0.18687544 0.20825779 0.18078244 0.17067098 0.17649302 0.26350207 0.22402099 0.22933844 0.22543083 0.18099658 0.23000187 0.20305154 0.29545875 0.24224880 0.32924209 0.26501991 0.28166820 0.22690401 
0.21833473 0.22282458 0.24858600 0.31217611 0.24094458 0.34444206 0.18700520 0.28159855 0.19142149 0.51690065 0.44930090 0.27577187 0.35204280 0.00000000 0.46242230 0.25535758 0.36288936 0.48532101 0.29834578 0.27865740 0.30062889 0.24964664 0.20343267 0.21833279 0.29141813 0.25528565 0.33203658 0.20964483 0.32930556 0.22226707 0.23357493 0.27599928 0.24437505 0.17471375 0.27737278 0.25157925 0.25811466 0.22340503 0.24162506 0.29133160 0.21318507 0.24049692 0.31915196 0.18679284 0.34137070 0.25747261 0.22822308 0.30365437 0.36755441 0.22260452 0.20661193 0.42501925 0.38802587 0.28041865 0.35462543 0.48752071 0.30045953 0.22799354 0.28964086 0.25427473 0.33798586 0.23010675 0.21760150 0.22495841 0.25592119 0.17330234 0.19390641 0.17215638 0.19337002 0.23413130 0.16329964 0.16561617 0.18306937 0.20223372 0.26426541 0.23557147 0.25026824 0.16195587 0.28765887 0.29017028 0.21006419 0.21192438 0.29134896 0.17062324 0.30859498 0.31149458 0.22051713 0.27152580 0.26625922 0.21507198 0.24900951 0.16225251 0.26136553 0.24838727 0.26880912 0.17434539 0.19540584 0.22211190 0.25328921 0.25502096 0.24024484 0.24801133 0.23459885 0.21426231 0.17617742 0.16556218 0.23843645 0.16696253 0.17911119 0.15219044 0.17777760 0.24795157 0.20630118 0.17896688 0.14559259 0.20481354 0.22306616 0.13686651 0.12692006 0.19642551 0.15965663 0.18220018 0.20154790 0.14928617 0.19810062 0.15301368 0.20741042 0.17557451 0.17300879 0.21688697 0.16295612 0.14228004 0.27564297 0.24299190 0.22369841 0.22629540 0.21730690 0.22555551 0.25946430 0.20828389 0.24820224 0.24610248 0.25836953 0.17248245 0.28577713 0.26581230 0.31086258 0.22557094 0.26102019 0.21597205 0.29282648 0.31251028 0.22590667 0.19378310 0.27103907 0.15279804 0.19754056 0.24118636 0.28587666 0.20364829 0.24021095 0.20150198 0.23379288 0.19701270 0.31710071 0.25091879 0.25825030 0.21607509 0.25484294 0.22824948 0.24278731 0.20722805 0.19529624 0.23826446 0.21037778 0.20569042 0.22729452 0.23795632 0.20314114 0.27591732 0.18964026 0.17679145 0.19073547 0.17805366 0.17399612 0.18711441 0.26430562 0.21612480 0.24339009 
0.28377692 0.24123818 0.28086348 0.23786727 0.28489633 0.24178096 0.27999360 0.21141802 0.26981341 0.45389385 0.33132067 0.33426325 0.21141796 0.46242230 0.00000000 0.35187510 0.33142541 0.23111556 0.25671909 0.27616915 0.31903288 0.34973314 0.30170986 0.19625902 0.19508008 0.25644834 0.26510438 0.21752064 0.43522292 0.26585847 0.39714957 0.31518246 0.31908162 0.32837619 0.29874514 0.24103187 0.23299265 0.22998016 0.30162695 0.28493095 0.25193851 0.30545658 0.20762657 0.18469839 0.23430228 0.25567810 0.23944228 0.27891791 0.26153807 0.26327449 0.21416688 0.26349112 0.22307095 0.21356307 0.26356537 0.23475069 0.25949558 0.23621624 0.23950555 0.18796315 0.23073778 0.22197621 0.25041714 0.23464268 0.23525480 0.21240195 0.27225777 0.22182003 0.19451395 0.24214657 0.20347565 0.20542702 0.19435395 0.26231548 0.26239593 0.19718082 0.24347007 0.20184059 0.20823371 0.24620011 0.31689888 0.21838776 0.41049969 0.22502185 0.27292198 0.26659672 0.25657505 0.29101412 0.20278158 0.26083520 0.28830291 0.30692818 0.21744162 0.23589433 0.26867487 0.29827117 0.19672189 0.21191024 0.20322313 0.19750134 0.22345609 0.23375810 0.20303025 0.21523228 0.21306250 0.23326433 0.17649437 0.19195387 0.20856648 0.23648733 0.18606227 0.22813439 0.24351655 0.21696655 0.20423028 0.22610713 0.22498529 0.21363055 0.24536273 0.25158980 0.22039476 0.20098549 0.31805690 0.18481340 0.25457531 0.23468068 0.19361496 0.17382714 0.20891991 0.17974535 0.16715245 0.14247257 0.20652471 0.23814069 0.29587306 0.23119594 0.20896201 0.23358355 0.18085168 0.23588882 0.25915262 0.15800315 0.16488837 0.21501270 0.25642632 0.21663447 0.21408268 0.26429251 0.19860519 0.24960377 0.24154547 0.24952522 0.22199464 0.21311815 0.21574822 0.20066288 0.23282468 0.22026018 0.23116811 0.28895211 0.20996815 0.17094192 0.27818389 0.22412282 0.22653323 0.19657402 0.35341240 0.21433727 0.28783773 0.21474798 0.24937347 0.17507329 0.20934859 0.18236231 0.18874212 0.23849759 0.24626658 0.17151760 0.22272818 0.26435509 0.21898549 0.14988368 0.20403289 0.22489457 0.19347849 0.21377564 0.22811425 0.21731839 0.26675009 
0.24968741 0.23752008 0.32867210 0.28337576 0.29030683 0.31395394 0.20297177 0.28730676 0.26595268 0.26982553 0.27223188 0.35400707 0.30035300 0.25535758 0.35187510 0.00000000 0.26204405 0.32863723 0.40274189 0.42501242 0.30267500 0.32397017 0.25492063 0.27273022 0.24168195 0.39296711 0.32926409 0.25574751 0.25133306 0.26728555 0.30530447 0.29924781 0.30693439 0.23104026 0.36019667 0.22097930 0.25137127 0.25947085 0.30501619 0.30229260 0.34246313 0.31761547 0.15697667 0.25118123 0.21552229 0.27915011 0.17843655 0.22603251 0.24271027 0.19592565 0.23308905 0.28851253 0.30410419 0.22417683 0.25419637 0.25066497 0.35802397 0.24145615 0.23100499 0.21629343 0.21043836 0.31411596 0.26792609 0.21572210 0.25873767 0.14104648 0.17472935 0.16611861 0.11533703 0.23710613 0.13395243 0.15179029 0.20258283 0.24953161 0.33827392 0.24270039 0.34210712 0.25366587 0.25203077 0.25462881 0.20787247 0.20094798 0.22513357 0.24820212 0.30622904 0.31065756 0.34844704 0.24597110 0.29280814 0.34228544 0.24486268 0.23749564 0.27034436 0.30300783 0.28587846 0.23282084 0.24833338 0.23480223 0.28568945 0.27724713 0.22106822 0.25232698 0.21959442 0.24548940 0.20174590 0.31875742 0.27616360 0.16414610 0.11737505 0.08006081 0.14938171 0.17244779 0.09552838 0.08988762 0.12983922 0.14895860 0.11234641 0.09523178 0.03402018 0.09019079 0.09124357 0.08785448 0.10921814 0.11955709 0.07752333 0.11878537 0.10429115 0.10821161 0.06236409 0.14072433 0.15298671 0.19971494 0.26644637 0.27815106 0.25298727 0.23748613 0.28520902 0.27835857 0.28971636 0.28930899 0.28512000 0.35829056 0.21837451 0.27715456 0.21183568 0.26642591 0.28297499 0.32203543 0.25340034 0.27978992 0.27232638 0.28332483 0.23326864 0.31379727 0.24022582 0.23178946 0.31829735 0.30190963 0.35040171 0.19217463 0.25528395 0.16097241 0.18451175 0.19391881 0.21158068 0.25630819 0.24976172 0.26234383 0.20959170 0.31792104 0.22785583 0.18416233 0.17200905 0.21824468 0.22764199 0.26319826 0.35316566 0.25587624 0.26169623 0.25927795 0.25343911 0.23884648 0.23052473 0.18687555 0.22442989 0.21061809 0.27747252 0.22386986 0.25049921 
0.20054090 0.24447898 0.25694284 0.25671699 0.21155720 0.26871884 0.25172879 0.26440869 0.21330168 0.27090831 0.19222561 0.30342646 0.33005611 0.36288936 0.33142541 0.26204405 0.00000000 0.36746865 0.27892813 0.26048619 0.33981178 0.20461804 0.29019664 0.13643922 0.31284431 0.27591515 0.28206971 0.19680714 0.29079413 0.20432585 0.24899835 0.23333201 0.25373661 0.21302672 0.25077190 0.22223156 0.17196262 0.27146959 0.24348010 0.19154293 0.26105421 0.27054648 0.20378870 0.23141978 0.25561606 0.24200265 0.33452996 0.31417078 0.39615550 0.35742414 0.29523254 0.24507584 0.48421166 0.26602285 0.29225634 0.35215536 0.26721714 0.24473492 0.21101489 0.21490609 0.24065902 0.31678851 0.24900264 0.21594916 0.20641721 0.19670621 0.25501018 0.17861928 0.18861812 0.21123968 0.17619258 0.23223610 0.20027783 0.20636560 0.26054155 0.27496399 0.25654116 0.23881275 0.27678564 0.21302061 0.27478625 0.19988974 0.22689554 0.19139902 0.23117464 0.26237980 0.26720641 0.18036969 0.32073378 0.28762496 0.20813994 0.28049782 0.18753765 0.24721183 0.19209054 0.25102275 0.21216544 0.23186694 0.20292799 0.23728401 0.19176785 0.27334668 0.25488944 0.18758817 0.24019501 0.17740153 0.21771331 0.18825503 0.26468671 0.21505003 0.21388555 0.20032343 0.15802848 0.21870600 0.18053948 0.19868897 0.22724866 0.20044147 0.26256809 0.21999205 0.21149818 0.24568721 0.19620603 0.18706569 0.26720142 0.18514463 0.20890495 0.19508463 0.17881085 0.18479203 0.24126012 0.20820867 0.26324827 0.19592568 0.22279423 0.21157601 0.22580210 0.31720719 0.29216615 0.24869128 0.28792452 0.35330908 0.23982513 0.23009146 0.23228143 0.25301745 0.24626780 0.32054559 0.22154144 0.26125507 0.33815830 0.25586775 0.23070517 0.18767554 0.21996031 0.22576141 0.33013508 0.27478321 0.27690051 0.23487482 0.24313185 0.23244634 0.26419937 0.21927340 0.23532987 0.25368154 0.24282796 0.27956183 0.23474027 0.22762072 0.18115938 0.22247955 0.20958669 0.22615660 0.18768805 0.20684214 0.22976648 0.19186268 0.25271841 0.18568158 0.20028710 0.23873876 0.19087583 0.26155081 0.21056347 0.18602243 0.24492113 0.22220762 0.25389019 
0.22320588 0.18071303 0.27827539 0.25198976 0.21849280 0.30232849 0.20071142 0.20095684 0.20208875 0.26944023 0.29765915 0.18891355 0.24699142 0.48532101 0.23111556 0.32863723 0.36746865 0.00000000 0.28221969 0.40454823 0.27921361 0.31445632 0.23785027 0.25347111 0.29853186 0.26861948 0.28413425 0.24288906 0.31722473 0.21547281 0.43055784 0.19890688 0.25059627 0.20883611 0.27768464 0.22900945 0.22707046 0.31796982 0.21549873 0.26927003 0.28454215 0.22473682 0.18538527 0.22386731 0.24473805 0.23575583 0.29601077 0.19246636 0.23012003 0.31332161 0.26499125 0.25900601 0.43255010 0.29610228 0.20057138 0.27338870 0.38359203 0.23101569 0.22576380 0.45366160 0.30295592 0.27663955 0.25316864 0.25748304 0.25814905 0.14335015 0.25590354 0.18499050 0.19082740 0.26631515 0.16290064 0.21051393 0.16345910 0.22843939 0.27561175 0.22877794 0.17961948 0.16501584 0.29821227 0.28690169 0.27842251 0.27949481 0.24719099 0.15001972 0.21313196 0.16749731 0.28744827 0.19765096 0.23516733 0.27119569 0.22777632 0.25812572 0.20954943 0.26383815 0.18082784 0.25959931 0.14472927 0.28305450 0.29584638 0.27404733 0.21523750 0.29852460 0.20193223 0.26230063 0.24043558 0.25938459 0.25617796 0.14380678 0.17758459 0.21373434 0.15051025 0.19613839 0.16020030 0.17673119 0.15555137 0.21252075 0.15414471 0.20383125 0.17058267 0.18261657 0.17005760 0.21689642 0.21772955 0.12644981 0.16231328 0.24330114 0.19960330 0.22136673 0.14524381 0.17269638 0.17424763 0.17615739 0.25635932 0.24581149 0.31686738 0.25144610 0.21910762 0.25167083 0.28981429 0.16678874 0.21981630 0.28412742 0.23654448 0.25828859 0.24057179 0.23284583 0.25540357 0.24758717 0.27060901 0.33201262 0.28614679 0.32604570 0.22852083 0.24515817 0.23195696 0.15846939 0.27224655 0.28167191 0.30351127 0.27282319 0.25535991 0.26139941 0.25885563 0.16709910 0.25488944 0.31990148 0.19978661 0.26423265 0.21812118 0.16988697 0.25966393 0.20652269 0.16577597 0.21408278 0.20639112 0.23510569 0.24195696 0.17298320 0.30384765 0.26254267 0.26262418 0.21050657 0.24563236 0.20518620 0.21900993 0.21378191 0.20825590 0.22420738 0.23580530 
0.27869748 0.25252482 0.26536701 0.32244061 0.23191167 0.24753345 0.21213941 0.27835472 0.26588053 0.21529707 0.22765436 0.22373042 0.27675602 0.29834578 0.25671909 0.40274189 0.27892813 0.28221969 0.00000000 0.41848775 0.28592850 0.28160675 0.39300819 0.32005830 0.31465616 0.27790040 0.30847352 0.33311492 0.24280908 0.27719244 0.27425746 0.30209748 0.25207752 0.23293910 0.30935825 0.26014369 0.31713652 0.25854212 0.36723157 0.26304365 0.35912020 0.33273864 0.25928218 0.26459666 0.31764286 0.29305867 0.19435429 0.23377167 0.22743341 0.27463769 0.22460037 0.32429246 0.26548366 0.28049088 0.20243727 0.32378886 0.28270742 0.24870331 0.17324352 0.23008503 0.20838544 0.24265307 0.26434631 0.25729090 0.25819672 0.18223142 0.19300368 0.16547227 0.10232969 0.24772470 0.13460749 0.14889738 0.12375306 0.23081804 0.32841924 0.22811878 0.30801868 0.22551232 0.24225060 0.32150787 0.29842118 0.23631424 0.22175406 0.28353236 0.32118080 0.25021981 0.27447203 0.31227011 0.31030483 0.22821229 0.21983196 0.27152313 0.26959042 0.22523411 0.25562559 0.22944052 0.30582919 0.26161743 0.25510927 0.27513188 0.22720468 0.27188259 0.27885585 0.20302469 0.22439740 0.29377535 0.26703719 0.15070296 0.12604311 0.18853894 0.11235663 0.17911638 0.08309303 0.11978102 0.15444811 0.18111274 0.13191617 0.11239698 0.11872137 0.10939557 0.14548157 0.09079271 0.14093043 0.12939729 0.09790177 0.15859184 0.17346226 0.11937221 0.08530791 0.13309297 0.12122070 0.18149465 0.27789393 0.25781629 0.32551459 0.24096591 0.25390634 0.22746311 0.30585269 0.23904880 0.29531122 0.25282687 0.19246184 0.24533809 0.26370461 0.21849093 0.32376646 0.21235768 0.23160174 0.30462034 0.26126309 0.30518131 0.25257847 0.19624443 0.23481827 0.28691925 0.23881318 0.25428812 0.23318245 0.28007321 0.32293914 0.21553206 0.18240112 0.20617524 0.26054512 0.19994347 0.22820170 0.26721682 0.22371748 0.21361442 0.26701092 0.17569488 0.24359971 0.23723472 0.23288224 0.28591782 0.27923231 0.25530860 0.26814761 0.21818171 0.18842521 0.19327132 0.23078187 0.23405422 0.25530791 0.25595815 0.28706258 0.24327326 0.24477066 
