0.00000000 0.13243403 0.13829116 0.12309137 0.13446020 0.12107637 0.11329510 0.12278285 0.09701991 0.08449908 0.08887223 0.07860608 0.07318258 0.07550994 0.08528650 0.09599528 0.08443542 0.08231177 0.07457650 0.08682885 0.07365812 0.07715510 0.08159554 0.08577055 0.07983042 0.08212641 0.09080682 0.08469026 0.08234706 0.08779848 0.08391873 0.09144836 0.08716832 0.09334047 0.08501606 0.09195010 0.08219955 0.10328152 0.08122306 0.08615740 0.07267945 0.08224207 0.08452225 0.08819193 0.09420815 0.10355539 0.09077042 0.08407178 0.09723728 0.07093437 0.07869211 0.08382381 0.09186650 0.07271528 0.07561180 0.08083499 0.07169627 0.09701601 0.08558667 0.10516399 0.11175321 0.09309558 0.08488899 0.06999533 0.10276691 0.07518053 0.08164131 0.08053459 0.07925383 0.10828625 0.06293455 0.10050316 0.09090082 0.08282079 0.08061459 0.08658721 0.08932700 0.08292922 0.07722258 0.10752309 0.09735964 0.07792947 0.08444649 0.08140664 0.07058753 0.09357714 0.07710195 0.08100612 0.06449100 0.07002571 0.08422358 0.07291377 0.08380226 0.09310823 0.09167326 0.08479110 0.09285715 0.07520735 0.07721215 0.07784817 0.08732543 0.07920230 0.07733501 0.08840484 0.07611102 0.08492261 0.08783828 0.08463328 0.08279118 0.09156019 0.09640732 0.08309067 0.08824580 0.11142286 0.07680958 0.08964813 0.09712289 0.08171312 0.10979624 0.08594325 0.08036831 0.07972361 0.07092488 0.07570389 0.08718928 0.08733838 0.10845328 0.11208113 0.11317504 0.11212846 0.11119454 0.11179519 0.10807427 0.11836038 0.12209381 0.12273864 0.11604196 0.11427437 0.11747973 0.11887608 0.11004236 0.12319546 0.11161876 0.11569988 
0.13243403 0.00000000 0.12613992 0.11968442 0.12262102 0.12528950 0.11779347 0.11028470 0.09628482 0.09082418 0.09310088 0.07849004 0.06978295 0.07844639 0.09063423 0.09856101 0.08481552 0.08511329 0.07425492 0.07628886 0.07488669 0.07843987 0.07557340 0.08094194 0.08416089 0.07118981 0.09660789 0.08121425 0.07516031 0.08516766 0.07643574 0.09395036 0.09674245 0.09507230 0.07964224 0.09717777 0.07539444 0.08928707 0.07529000 0.08447412 0.08401296 0.07615327 0.08725067 0.07564673 0.09501239 0.10183737 0.09287195 0.07952870 0.08719353 0.08175133 0.08132177 0.08493838 0.09666106 0.07765884 0.07947526 0.08316536 0.08415374 0.09273732 0.08483045 0.10420522 0.09689366 0.09610684 0.08423429 0.07477141 0.08968760 0.08204422 0.08481806 0.08604969 0.08223918 0.10771275 0.06986661 0.08877252 0.08888865 0.07750162 0.07642224 0.08788212 0.09029542 0.08596322 0.07969137 0.09209462 0.09986832 0.07544987 0.08690255 0.08251468 0.07862020 0.09786408 0.07713067 0.07782450 0.07549863 0.07718345 0.08474240 0.07615468 0.08351741 0.09182181 0.09662203 0.08127120 0.09304720 0.07864207 0.08089507 0.08277022 0.08723122 0.08129534 0.08505800 0.07809305 0.07981893 0.07450057 0.08893223 0.08817170 0.08784946 0.09208749 0.08380964 0.08870609 0.08893158 0.11344861 0.07569673 0.09230089 0.10032009 0.08984272 0.11099332 0.08288848 0.08370938 0.08464212 0.07659770 0.07726742 0.08868059 0.08848947 0.09297257 0.11314086 0.11258977 0.11195651 0.11190537 0.11180737 0.10819363 0.12017439 0.12420747 0.12405603 0.11763032 0.11471926 0.11750453 0.12086918 0.11261303 0.12511400 0.11202865 0.11663129 
0.13829116 0.12613992 0.00000000 0.12503766 0.12473426 0.14176934 0.11258931 0.14936681 0.10733263 0.09511679 0.09909316 0.08697550 0.08515543 0.09163741 0.09607092 0.09546993 0.09574676 0.09330700 0.06758337 0.08583518 0.08735177 0.09407034 0.09379511 0.08385528 0.07166210 0.07168475 0.09103031 0.08035874 0.07555385 0.08424951 0.07397132 0.08186358 0.08975452 0.08384540 0.07936303 0.08331240 0.07450310 0.09239635 0.07457306 0.08423591 0.06523821 0.07519986 0.08774687 0.07579526 0.07912952 0.09502452 0.08481789 0.07896643 0.09160395 0.06823369 0.09237826 0.09269847 0.07928301 0.06626145 0.08186729 0.07387988 0.07292088 0.09401007 0.09037641 0.11499195 0.09700203 0.07964591 0.08153790 0.06191381 0.11922722 0.08546939 0.08217447 0.10102583 0.08814727 0.09234367 0.05952046 0.08609901 0.08207131 0.07706906 0.07733578 0.07446395 0.07891709 0.07777604 0.07659474 0.09604641 0.08016235 0.07839991 0.07372447 0.07052480 0.08766610 0.08749060 0.09006531 0.10212659 0.06822224 0.06611672 0.07417158 0.07589508 0.09240620 0.09297171 0.10305650 0.10165623 0.08699690 0.08208228 0.08371956 0.06969584 0.08661908 0.08946717 0.07961886 0.10368504 0.07893362 0.07445103 0.07489367 0.07606577 0.07768697 0.09203856 0.08323056 0.08718737 0.07949495 0.10063101 0.10482581 0.09894540 0.08344819 0.07121163 0.11142730 0.08233620 0.08293699 0.08426743 0.08704895 0.07436673 0.09397697 0.09302097 0.09335883 0.10221167 0.11525806 0.12309745 0.11255226 0.12219992 0.11372548 0.10996881 0.11418632 0.11730727 0.10854777 0.12723164 0.13252574 0.11132182 0.10545819 0.11488287 0.12922145 0.13128161 
0.12309137 0.11968442 0.12503766 0.00000000 0.15398013 0.15038418 0.13186929 0.11137499 0.12700108 0.09805981 0.10161451 0.08933339 0.07176170 0.10143245 0.08762142 0.09387669 0.10504897 0.11996971 0.06622139 0.09835398 0.08196705 0.08608480 0.09492708 0.10541314 0.07443640 0.05697519 0.08143730 0.07543350 0.06952806 0.07984614 0.06782801 0.07934055 0.10133199 0.09401242 0.07364060 0.07506319 0.06842714 0.07081327 0.06939844 0.09893710 0.07482853 0.06876839 0.12787141 0.06701941 0.07814302 0.10304061 0.07874196 0.08973668 0.07970460 0.06685084 0.09603687 0.08759941 0.06183121 0.06486869 0.07907451 0.09629284 0.08479632 0.09708813 0.11130776 0.10682780 0.07316313 0.06751173 0.08927443 0.05586460 0.08150611 0.10230651 0.08142316 0.09184379 0.08600574 0.06944961 0.07243292 0.07226017 0.08888456 0.07268671 0.08469454 0.07935107 0.07369994 0.09500443 0.08068817 0.06974833 0.08132827 0.10414875 0.06689417 0.06068003 0.08037796 0.07558441 0.07363966 0.07815358 0.09464355 0.07841132 0.06450402 0.09711461 0.09295316 0.10175262 0.10185567 0.09438899 0.09255934 0.07969463 0.09349714 0.06917981 0.09660635 0.08912217 0.08908879 0.07016857 0.09773065 0.06053522 0.08794638 0.08049878 0.08204461 0.11762404 0.07622144 0.09193901 0.08266321 0.09487600 0.08513047 0.10439216 0.07123869 0.07070345 0.12295479 0.07880350 0.08922378 0.10440196 0.08417574 0.07443759 0.06058216 0.08968504 0.08072841 0.09012635 0.12869273 0.13386805 0.11268935 0.12632795 0.12713972 0.09898765 0.10510575 0.11261118 0.11187682 0.13676770 0.13896670 0.10261544 0.10081195 0.10503991 0.14105624 0.13675938 
0.13446020 0.12262102 0.12473426 0.15398013 0.00000000 0.14229821 0.13465897 0.16018798 0.12995929 0.09630527 0.09505379 0.09021658 0.07644617 0.07235718 0.08446324 0.09116103 0.08578652 0.08592416 0.06603323 0.10496855 0.07722051 0.07695249 0.09378411 0.09844223 0.09057345 0.08654796 0.07185863 0.08387126 0.08235528 0.08689963 0.08165590 0.07552317 0.10935279 0.11317399 0.07625031 0.08008023 0.07242249 0.09768649 0.07123212 0.10449968 0.08367054 0.08102571 0.10092729 0.09415112 0.07313063 0.10280024 0.08710630 0.09239355 0.08678762 0.06933616 0.08042575 0.08136862 0.07038064 0.07100184 0.06742782 0.07334037 0.08148929 0.08782025 0.08835309 0.09208690 0.08931017 0.09438247 0.07888396 0.06922602 0.08136175 0.08073788 0.07574783 0.10319223 0.06861983 0.08540286 0.07603153 0.09012768 0.11032777 0.08906365 0.09408182 0.08084867 0.07078569 0.08970772 0.07116595 0.09727114 0.08088242 0.08900098 0.07246574 0.07895400 0.07416434 0.08487634 0.07979093 0.06862997 0.07868894 0.08452253 0.08491758 0.09663329 0.09160415 0.09441110 0.08987864 0.08000481 0.07801839 0.07365150 0.08211255 0.08176385 0.08472233 0.08783623 0.09061201 0.06671413 0.09515456 0.07967468 0.09460334 0.07129048 0.08825140 0.12013957 0.09208692 0.09168402 0.08506814 0.10396954 0.08753409 0.08441837 0.07762241 0.07650123 0.10897044 0.08641897 0.09593349 0.07813483 0.06910180 0.07008336 0.08111638 0.08150202 0.10529151 0.09768523 0.10805598 0.10713673 0.10386550 0.11392158 0.10432921 0.10584182 0.11139887 0.11170074 0.10489574 0.11593682 0.12800527 0.10838287 0.10165491 0.11252160 0.11781971 0.11444780 
0.12107637 0.12528950 0.14176934 0.15038418 0.14229821 0.00000000 0.15628052 0.12780184 0.12426556 0.11773624 0.09795019 0.08701846 0.07973425 0.10007906 0.08544639 0.09565518 0.09853835 0.10650616 0.06672623 0.09105297 0.07672896 0.07773545 0.10299107 0.09323985 0.08123025 0.05738946 0.10335662 0.06747967 0.08632547 0.08260698 0.06534538 0.08396194 0.08979015 0.08649190 0.07930814 0.07691764 0.06563034 0.06874711 0.06800852 0.09564337 0.09085224 0.05669500 0.10085319 0.06588919 0.07375780 0.08787055 0.07975718 0.09125582 0.08586700 0.07546924 0.07945248 0.08716619 0.07622361 0.06985730 0.08187212 0.07833260 0.09415313 0.08440401 0.10566919 0.09624827 0.08640040 0.08005262 0.09424844 0.06471416 0.08845117 0.11223920 0.07434046 0.09340102 0.08504375 0.07824100 0.06684861 0.07147838 0.08376153 0.08058694 0.07880772 0.08338804 0.07292577 0.08403010 0.07503211 0.08128928 0.09242885 0.08974271 0.07381144 0.06964026 0.08248935 0.09171746 0.09118467 0.07643291 0.09450811 0.07464088 0.07188452 0.08912840 0.08947761 0.08713512 0.10151144 0.08383193 0.08877375 0.08992522 0.09294121 0.06869439 0.08541380 0.09282897 0.08509681 0.08655988 0.08618922 0.06943423 0.08597214 0.07978072 0.08013359 0.11746022 0.07812489 0.08406881 0.07499527 0.09755715 0.08703643 0.08893582 0.07576343 0.08081578 0.11054573 0.07133094 0.09511059 0.07919138 0.08878664 0.06790400 0.06949201 0.08489406 0.07053789 0.09223457 0.12595354 0.13513765 0.10620695 0.12299667 0.13271911 0.10312802 0.11046953 0.11794521 0.11157661 0.12848965 0.14206711 0.10738148 0.10500750 0.11037059 0.13943045 0.13332731 
0.11329510 0.11779347 0.11258931 0.13186929 0.13465897 0.15628052 0.00000000 0.17701981 0.15124396 0.10593564 0.12487040 0.07690365 0.07670465 0.09817548 0.07292379 0.09423827 0.08079035 0.10142151 0.07792333 0.09420094 0.06980398 0.08322496 0.09179378 0.09450518 0.08606488 0.06804465 0.06396427 0.09094877 0.09028205 0.13316189 0.07465997 0.08463843 0.13440477 0.07465026 0.11397553 0.06046919 0.04867241 0.07479393 0.06492103 0.10723451 0.07838824 0.05343051 0.08770033 0.10448108 0.07358675 0.07857978 0.08043599 0.10103034 0.10977537 0.09241027 0.07076511 0.08159510 0.07261948 0.05295919 0.09216467 0.07927140 0.11539999 0.09628646 0.10550650 0.07956204 0.07939680 0.08718506 0.07598399 0.07944742 0.05647364 0.09103719 0.07900678 0.10304024 0.08816729 0.06238261 0.09773719 0.10496110 0.08838449 0.09307100 0.06912374 0.07457238 0.08366593 0.08141779 0.07489710 0.08031855 0.08946773 0.09049940 0.08962943 0.06266158 0.09838160 0.11611615 0.04179936 0.07039335 0.07154667 0.06406565 0.06803923 0.08612304 0.10274685 0.11090551 0.06689131 0.04832327 0.09518087 0.09057375 0.10252396 0.09608641 0.07907097 0.08150845 0.08841633 0.12802096 0.09496567 0.06756490 0.08669947 0.08230991 0.08705908 0.10571882 0.08405623 0.08552832 0.09158812 0.09137577 0.11000405 0.08848332 0.07590633 0.08725589 0.08376692 0.09600072 0.09727860 0.06466426 0.08794175 0.09200731 0.10905444 0.08931328 0.12814318 0.08244740 0.09124749 0.10239768 0.10596455 0.10453497 0.09598566 0.09140829 0.10368085 0.10111444 0.11397092 0.11106633 0.11632800 0.09955109 0.09854242 0.10337237 0.11925699 0.12462876 
0.12278285 0.11028470 0.14936681 0.11137499 0.16018798 0.12780184 0.17701981 0.00000000 0.19598429 0.11894952 0.12791905 0.10275843 0.06147706 0.11035503 0.06474168 0.09958008 0.11888261 0.08228033 0.08133259 0.09254230 0.08991719 0.07962587 0.11158768 0.10366437 0.10736355 0.10050595 0.10375264 0.07134578 0.07808318 0.07271792 0.11759628 0.07752906 0.10886886 0.11115337 0.10641253 0.05649613 0.06664720 0.08789699 0.08463758 0.08772429 0.06622494 0.06580021 0.06616408 0.11749229 0.07592198 0.08056699 0.08312243 0.08085877 0.07704222 0.08951655 0.06408834 0.07642881 0.04723808 0.05571027 0.09940909 0.09076262 0.09908989 0.06355458 0.08476269 0.09680691 0.06852941 0.10521592 0.10823417 0.09846630 0.07804103 0.08045486 0.10805702 0.10188668 0.09181389 0.07451196 0.09435248 0.11580372 0.09168116 0.08774175 0.07458518 0.08720649 0.07114009 0.07140593 0.07982847 0.07876338 0.08984535 0.08158808 0.08084719 0.07327397 0.07610518 0.09421768 0.05803794 0.09480181 0.05141035 0.05752168 0.08217693 0.05923494 0.11460041 0.11886939 0.05757694 0.05502398 0.09107069 0.10503473 0.07862474 0.11419991 0.08777734 0.09242979 0.11038280 0.12466558 0.12063166 0.12124144 0.08772477 0.10158194 0.08052970 0.09551737 0.05212678 0.11365042 0.08026232 0.08948267 0.08236714 0.08471274 0.08664314 0.07745580 0.08205334 0.06484376 0.10629035 0.08800375 0.07443714 0.08082712 0.09811873 0.08030369 0.11512011 0.07368583 0.08106126 0.08681822 0.09224770 0.09109946 0.07991331 0.08280306 0.09603528 0.09280246 0.08702424 0.10661391 0.10621385 0.09139546 0.09129892 0.09569494 0.10851235 0.11176722 
0.09701991 0.09628482 0.10733263 0.12700108 0.12995929 0.12426556 0.15124396 0.19598429 0.00000000 0.14755389 0.12921648 0.08704671 0.09174059 0.07231342 0.07670533 0.07650326 0.09203909 0.11166453 0.09977593 0.09147384 0.08821113 0.09230293 0.10120996 0.08911378 0.05849842 0.12475717 0.09103458 0.05924801 0.09854012 0.10018573 0.08908545 0.10997309 0.10406671 0.08624643 0.13334328 0.06337216 0.05225782 0.05983827 0.07299921 0.06552292 0.07827172 0.06304528 0.07630902 0.09615396 0.09692019 0.07824098 0.08563277 0.08228824 0.06614086 0.08313316 0.07711807 0.07842190 0.07175007 0.09995128 0.07531224 0.07502771 0.09157257 0.08357204 0.08924540 0.08786819 0.06232779 0.09336213 0.10483453 0.08299815 0.13737683 0.10195730 0.09650731 0.07539427 0.09714686 0.08180807 0.11248153 0.10001751 0.08968244 0.10585268 0.08873286 0.09027094 0.07562971 0.11681848 0.11939631 0.07628274 0.07249731 0.11074227 0.10044274 0.07699128 0.09832772 0.07391378 0.06403532 0.08462371 0.06180638 0.09738291 0.05399782 0.07012443 0.09657775 0.08314860 0.07497723 0.07780080 0.07305291 0.12110213 0.08937622 0.07083374 0.07426667 0.09485428 0.08448952 0.09698041 0.11995051 0.08643148 0.10320600 0.09783160 0.08945472 0.07976412 0.06218639 0.10074655 0.11997371 0.09622206 0.09090506 0.07970636 0.08676510 0.06835525 0.07341391 0.08296346 0.09741395 0.15450163 0.08235865 0.11075095 0.09166110 0.08400377 0.07568853 0.07171294 0.08531931 0.09863546 0.08854509 0.09329666 0.09395019 0.07880054 0.08814023 0.08862108 0.09378273 0.11376023 0.10924549 0.08331060 0.08618093 0.08734826 0.11544256 0.11152347 
0.08449908 0.09082418 0.09511679 0.09805981 0.09630527 0.11773624 0.10593564 0.11894952 0.14755389 0.00000000 0.07546475 0.11006192 0.04319080 0.08884523 0.10276090 0.07088652 0.11113779 0.09297860 0.07182590 0.10956793 0.09520435 0.21144410 0.12276454 0.22417036 0.11963478 0.08970215 0.17192778 0.08189364 0.08703953 0.11138588 0.08701173 0.06728713 0.11245763 0.04415691 0.08012910 0.01894051 0.05306851 0.04911315 0.06919954 0.09007717 0.08740671 0.04169148 0.10601083 0.08382904 0.10568005 0.05409689 0.05410739 0.06698586 0.06607446 0.08647531 0.12103805 0.12696706 0.07089795 0.08317601 0.06023812 0.11964298 0.10700747 0.07209868 0.09648254 0.12481052 0.06971994 0.11586173 0.14500889 0.09101266 0.11028892 0.16743287 0.04061451 0.09837080 0.04155662 0.11383474 0.07900024 0.06810655 0.07055923 0.07539269 0.10171781 0.10664480 0.04249643 0.10731269 0.10159456 0.04478973 0.07030108 0.11537879 0.12884644 0.07935074 0.17767062 0.08343224 0.06400316 0.16529932 0.06669468 0.06619523 0.08046533 0.11475086 0.10870217 0.08621879 0.05926903 0.07245892 0.13549992 0.07497430 0.11946476 0.12936678 0.12292955 0.12516392 0.13795953 0.15549409 0.10441616 0.11155508 0.08622533 0.05625190 0.06053728 0.07603882 0.05137474 0.05596376 0.06948058 0.13324950 0.09267600 0.09984770 0.10548982 0.13520943 0.08583136 0.06959565 0.06470869 0.10976127 0.12586662 0.13046404 0.08529264 0.06679367 0.08076851 0.04680694 0.07808070 0.07808056 0.07455742 0.07351604 0.07550724 0.05532652 0.07373996 0.08513965 0.08202825 0.08695368 0.08802116 0.06814288 0.07713360 0.07289418 0.10587965 0.10536890 
0.08887223 0.09310088 0.09909316 0.10161451 0.09505379 0.09795019 0.12487040 0.12791905 0.12921648 0.07546475 0.00000000 0.11528693 0.08060130 0.11265056 0.06134971 0.12737818 0.11375765 0.10355932 0.08559960 0.04924106 0.07950449 0.13553873 0.14686945 0.09102626 0.07955787 0.10121505 0.06853012 0.13151504 0.08723638 0.06445438 0.10059547 0.02815673 0.13608662 0.05131653 0.17913144 0.06854487 0.06109865 0.07180193 0.05630939 0.10411990 0.03682503 0.07302859 0.10441800 0.08352317 0.07316142 0.07647429 0.04689976 0.06442323 0.12904352 0.09125644 0.11015348 0.05643797 0.08405627 0.07910896 0.05738662 0.14503881 0.10348025 0.09646263 0.06349569 0.07331393 0.06725121 0.07498579 0.09197705 0.07382683 0.02381196 0.04306728 0.21660446 0.09201175 0.06297573 0.07800393 0.12290100 0.08292251 0.07175731 0.10520040 0.10246032 0.05966700 0.09186076 0.07450703 0.09220956 0.11487350 0.07602907 0.04127945 0.07977162 0.09186571 0.09650487 0.12992612 0.07840353 0.09360618 0.17629254 0.09103755 0.06592601 0.11578371 0.13459894 0.12910542 0.05013162 0.10206227 0.16316168 0.11851814 0.14070929 0.19920598 0.11351185 0.06462865 0.07913767 0.15963340 0.08830471 0.12913844 0.05232066 0.08635634 0.08957116 0.07651259 0.08235971 0.03829194 0.09238657 0.03546347 0.11359456 0.14172536 0.15337987 0.05938552 0.07941412 0.10592287 0.05477788 0.14932863 0.09679092 0.09975452 0.15089207 0.11620130 0.10908226 0.04615422 0.06551631 0.07467919 0.07519503 0.07766471 0.07844140 0.05617382 0.07825193 0.08047273 0.07780850 0.08476323 0.07941357 0.07427560 0.08249631 0.07891508 0.11803677 0.11158396 
0.07860608 0.07849004 0.08697550 0.08933339 0.09021658 0.08701846 0.07690365 0.10275843 0.08704671 0.11006192 0.11528693 0.00000000 0.07767808 0.14908183 0.12725246 0.08625482 0.13597276 0.06330694 0.10807921 0.15020154 0.11034772 0.17221173 0.09200522 0.13652800 0.09274802 0.06980796 0.09309021 0.08676068 0.11745269 0.06173156 0.09168620 0.06544257 0.07714305 0.04184576 0.09026387 0.06536159 0.05389821 0.04022095 0.06363183 0.08032076 0.09961719 0.05489735 0.09944655 0.06263575 0.09323083 0.07000991 0.07725909 0.07159782 0.10101581 0.08991651 0.08328522 0.07112426 0.06981790 0.07773914 0.13163019 0.10654327 0.09403162 0.11928033 0.10853678 0.09261186 0.07848802 0.09777261 0.11095471 0.08449729 0.10712343 0.10063334 0.08045804 0.10326900 0.06867611 0.05212731 0.06569167 0.07002488 0.12126412 0.10578999 0.08395871 0.09624664 0.13237138 0.13514808 0.14098830 0.06186257 0.08899999 0.11013995 0.10608621 0.10838849 0.14936009 0.09405975 0.11867863 0.07803859 0.10798112 0.10251436 0.06902273 0.12106376 0.09914048 0.09395952 0.07589020 0.10874837 0.06723308 0.08220438 0.08100381 0.10144453 0.06434623 0.13730628 0.13159326 0.12921319 0.16188114 0.11712383 0.12458416 0.09501728 0.12118059 0.07331951 0.04671482 0.05211607 0.07402444 0.08421673 0.07812054 0.08511221 0.10422967 0.10607480 0.08793660 0.10219083 0.13776778 0.09038313 0.12374669 0.09323016 0.09828826 0.11330929 0.06856402 0.07851961 0.07181750 0.06680326 0.09799874 0.07755985 0.07113649 0.08615311 0.05783870 0.08345065 0.09220144 0.08199109 0.11133681 0.09474461 0.08488828 0.09214640 0.08339546 0.09528666 
0.07318258 0.06978295 0.08515543 0.07176170 0.07644617 0.07973425 0.07670465 0.06147706 0.09174059 0.04319080 0.08060130 0.07767808 0.00000000 0.08427087 0.07148481 0.12804564 0.10582538 0.10745701 0.07724775 0.10411828 0.11080523 0.12351733 0.09939050 0.14857668 0.09405251 0.06301489 0.08014642 0.08598031 0.06286796 0.05977090 0.08267559 0.12385784 0.06336331 0.13229648 0.14698606 0.06132965 0.10144817 0.07506686 0.09796508 0.08083413 0.13906386 0.09489443 0.06300150 0.07802612 0.05691791 0.07161677 0.08233961 0.07627574 0.06242989 0.08145126 0.11168814 0.07209631 0.07083511 0.13516915 0.10840204 0.04795212 0.09429141 0.09936738 0.09523552 0.13890489 0.12867771 0.10963568 0.09259865 0.11743627 0.12576625 0.03429603 0.14005565 0.16503793 0.09658238 0.10464305 0.10264211 0.17446586 0.10994383 0.10383160 0.13037977 0.09706574 0.11685856 0.09087855 0.04764203 0.08708231 0.10013625 0.08018568 0.09373358 0.11743576 0.13106090 0.10812689 0.08632514 0.10487778 0.08488163 0.10683128 0.11568600 0.12176262 0.14884116 0.14165846 0.09116539 0.12695146 0.10425906 0.10875414 0.08740229 0.14893509 0.12816858 0.05136149 0.15005438 0.11911229 0.10646721 0.11902010 0.10260637 0.06813971 0.06372833 0.11094654 0.09275965 0.11178476 0.14803837 0.04047130 0.07491579 0.05444823 0.04340164 0.05637337 0.09576091 0.05957038 0.09380559 0.03910041 0.11423418 0.10546319 0.10679435 0.07897165 0.08456433 0.07065418 0.07149624 0.06846730 0.07361944 0.06844927 0.05956664 0.05940295 0.06017363 0.06556009 0.05813928 0.06132985 0.08289595 0.06710780 0.07615880 0.06746835 0.07402614 0.09385814 
0.07550994 0.07844639 0.09163741 0.10143245 0.07235718 0.10007906 0.09817548 0.11035503 0.07231342 0.08884523 0.11265056 0.14908183 0.08427087 0.00000000 0.12972406 0.12552089 0.05590167 0.09093133 0.13432872 0.14030965 0.12426433 0.10573305 0.10226324 0.11395761 0.09296687 0.09197711 0.11839057 0.09692323 0.13796030 0.06589279 0.08096918 0.03905793 0.08009833 0.05531370 0.06448997 0.04964468 0.05330620 0.07215666 0.05683196 0.09614970 0.08861535 0.06209633 0.06014729 0.14229683 0.07104109 0.04427262 0.05630351 0.08599432 0.09236485 0.07623484 0.12165837 0.11026022 0.09289875 0.08961047 0.07618898 0.13427345 0.12068347 0.08362221 0.10935843 0.10265271 0.07085140 0.09062582 0.10691615 0.09637893 0.07681889 0.08038627 0.06419366 0.09352570 0.10002247 0.13298331 0.12757694 0.08021805 0.11519928 0.09587441 0.07101553 0.16467971 0.08130263 0.12892336 0.11917515 0.08835363 0.09820231 0.11974032 0.11581057 0.12190887 0.10983824 0.06710237 0.11679032 0.09386257 0.10773366 0.10343883 0.09816005 0.11506905 0.10085579 0.10547944 0.08372782 0.09741730 0.10322229 0.13671912 0.10761920 0.09603297 0.09156418 0.07266374 0.14743990 0.09365130 0.12237055 0.09700453 0.10780334 0.10080022 0.06019703 0.08416566 0.10704829 0.05187781 0.07928983 0.09835121 0.09521398 0.08398594 0.07679820 0.05177865 0.09117948 0.08574581 0.14017505 0.11149296 0.15181383 0.05059823 0.13116325 0.09737418 0.09320287 0.07180789 0.08797332 0.06701744 0.06225911 0.06817140 0.08368169 0.07721849 0.07455470 0.06591918 0.07153457 0.07651006 0.07786383 0.06261418 0.07491117 0.07665113 0.08876236 0.09629104 
0.08528650 0.09063423 0.09607092 0.08762142 0.08446324 0.08544639 0.07292379 0.06474168 0.07670533 0.10276090 0.06134971 0.12725246 0.07148481 0.12972406 0.00000000 0.13242883 0.32713794 0.14327830 0.32491483 0.13948056 0.21234171 0.08337040 0.09711024 0.10355701 0.09138105 0.10293947 0.10013890 0.16218335 0.11932658 0.06232267 0.06113079 0.12053881 0.09246929 0.10096866 0.08334740 0.06238531 0.06583316 0.07493450 0.07937525 0.07135666 0.09056082 0.08005356 0.05513784 0.08049330 0.06950183 0.04585716 0.04289311 0.04451578 0.10956053 0.08771897 0.09225229 0.12135770 0.11300831 0.09682392 0.04036964 0.07523162 0.11478912 0.09643099 0.09153296 0.09308849 0.06181704 0.11570019 0.05925778 0.07928260 0.05169843 0.09600929 0.17703704 0.04798351 0.06665094 0.06742792 0.09935620 0.08523064 0.06786359 0.08538496 0.11126813 0.08766987 0.09266407 0.08070226 0.08881311 0.06967832 0.08851147 0.08896931 0.12849701 0.12625611 0.08161658 0.06734764 0.07371750 0.08003769 0.06132800 0.09946468 0.06238016 0.09493729 0.11493191 0.07830957 0.09029181 0.10262113 0.08633639 0.05921222 0.09449958 0.04995110 0.08318445 0.11625305 0.09110715 0.07783951 0.09534872 0.09268387 0.09888184 0.06572429 0.10951318 0.08706712 0.10639397 0.09450420 0.10044802 0.13580364 0.06287341 0.10380745 0.03467677 0.11964859 0.08296800 0.07947647 0.06083541 0.06417584 0.14259175 0.08927135 0.07206721 0.07321557 0.11534255 0.09200488 0.06926909 0.10028445 0.07500314 0.08956410 0.08233345 0.10095862 0.08321607 0.08558435 0.08144165 0.08750366 0.09644402 0.09019361 0.09744230 0.09617630 0.09559715 0.08865956 
0.09599528 0.09856101 0.09546993 0.09387669 0.09116103 0.09565518 0.09423827 0.09958008 0.07650326 0.07088652 0.12737818 0.08625482 0.12804564 0.12552089 0.13242883 0.00000000 0.13608252 0.10912508 0.09801266 0.11755394 0.10302884 0.09903036 0.10917031 0.10625702 0.09808688 0.12504700 0.08397281 0.08682678 0.08599606 0.05684106 0.08303774 0.07728209 0.07065958 0.06019170 0.05982146 0.13432059 0.09620435 0.07949366 0.10202685 0.08909015 0.06445279 0.09722997 0.07514287 0.05912534 0.08874498 0.06968376 0.13930210 0.07465484 0.03906634 0.05000565 0.09336793 0.09797392 0.07556927 0.08744008 0.10145003 0.05352743 0.04898709 0.10677605 0.08900950 0.09486590 0.11287068 0.09012772 0.11605492 0.07901218 0.08844806 0.07462591 0.06970899 0.08340043 0.08938615 0.06242970 0.07528157 0.06148569 0.10512834 0.11589682 0.09842774 0.09832005 0.13133471 0.17108296 0.10122732 0.09231601 0.15309824 0.06790642 0.12715530 0.06548357 0.13031349 0.08730689 0.07849207 0.08407034 0.09767128 0.10492968 0.05829215 0.12199518 0.13551862 0.16139504 0.09382763 0.09832990 0.10638365 0.09186224 0.04584487 0.04118314 0.06456135 0.11926716 0.06362002 0.10293158 0.08460448 0.09263335 0.15506074 0.07359892 0.09231461 0.08432162 0.09089244 0.13127098 0.12453934 0.09152082 0.08589048 0.10267257 0.11339900 0.07684105 0.09459444 0.11272130 0.08571968 0.09364993 0.07629307 0.05473180 0.06859322 0.14196210 0.07374529 0.09566984 0.07669973 0.09078543 0.08710171 0.09169554 0.08790389 0.08512085 0.09021434 0.08614403 0.09826713 0.07993846 0.09024797 0.08880024 0.08644347 0.09669288 0.09508456 0.09230380 
0.08443542 0.08481552 0.09574676 0.10504897 0.08578652 0.09853835 0.08079035 0.11888261 0.09203909 0.11113779 0.11375765 0.13597276 0.10582538 0.05590167 0.32713794 0.13608252 0.00000000 0.09086931 0.21072944 0.07677992 0.16663781 0.12823745 0.09460022 0.11824156 0.10002063 0.09521299 0.13784130 0.09813908 0.12104902 0.09857381 0.09143880 0.03804460 0.04453982 0.04650351 0.08719366 0.05647216 0.09176027 0.05156956 0.07127928 0.07732335 0.05113458 0.07671172 0.05976904 0.07303659 0.05091134 0.06563653 0.05241642 0.09014192 0.08019555 0.08263924 0.12422619 0.08735744 0.09616760 0.08953663 0.12339446 0.09050214 0.09688220 0.07933721 0.11856487 0.11478412 0.11838536 0.10292317 0.10307509 0.13784261 0.10053105 0.04919134 0.04092182 0.09966815 0.07539313 0.05997878 0.07492023 0.10628000 0.06711012 0.05188761 0.09990522 0.12219062 0.10159339 0.13962421 0.10406652 0.10665271 0.06339329 0.11470589 0.05458512 0.06476491 0.15704103 0.07689951 0.10177614 0.10430690 0.11733108 0.10381582 0.06562627 0.06047892 0.06363862 0.08844552 0.09301530 0.13902839 0.12399951 0.12126809 0.10745767 0.10202791 0.05785751 0.13550430 0.10029834 0.07388755 0.11683752 0.07789856 0.09555287 0.08091917 0.05405933 0.07541300 0.06695683 0.01532007 0.12537444 0.09806048 0.11554354 0.06560900 0.08930602 0.09651574 0.11424225 0.07200731 0.13494923 0.05984809 0.15556766 0.10520783 0.10684944 0.04332523 0.07688837 0.08106106 0.10538130 0.08042980 0.07983220 0.08769620 0.09682205 0.07358473 0.07360738 0.06830773 0.09306814 0.08060538 0.09060303 0.06797933 0.06372273 0.07740752 0.08981974 0.08931631 
0.08231177 0.08511329 0.09330700 0.11996971 0.08592416 0.10650616 0.10142151 0.08228033 0.11166453 0.09297860 0.10355932 0.06330694 0.10745701 0.09093133 0.14327830 0.10912508 0.09086931 0.00000000 0.10987931 0.18743235 0.09129568 0.12121482 0.13938214 0.08116440 0.13236626 0.11459486 0.08924238 0.10000167 0.08171090 0.06996130 0.07409777 0.10227659 0.06082387 0.07315862 0.08379857 0.08505977 0.06609867 0.09966200 0.10655220 0.12994449 0.08366838 0.07636895 0.10166130 0.10347410 0.07642290 0.09326110 0.09703165 0.15733693 0.11383788 0.08290208 0.08661765 0.09652202 0.07649828 0.07337308 0.08340735 0.13724535 0.12797856 0.08264547 0.08714030 0.05412385 0.06326103 0.07465818 0.09674325 0.09988664 0.08538921 0.11374326 0.06966079 0.07595533 0.09722167 0.07549770 0.08442018 0.08675542 0.09490752 0.10093335 0.07423301 0.13032909 0.08751241 0.09245789 0.10166707 0.07990131 0.07417077 0.10338688 0.10255619 0.09602724 0.07661348 0.08745617 0.06641455 0.07238166 0.05059054 0.12218587 0.06056642 0.09268444 0.08293090 0.09454472 0.07745882 0.06425538 0.10858066 0.11556109 0.09539560 0.10895211 0.09235939 0.10696495 0.11028290 0.03576784 0.07296408 0.08451367 0.05356839 0.10645870 0.08981117 0.09274558 0.06322512 0.07073202 0.05836522 0.15736837 0.08068521 0.08268831 0.06758393 0.13163033 0.09310280 0.07309237 0.11129659 0.09128019 0.07025935 0.06878651 0.07052089 0.07407371 0.04451254 0.08407040 0.09294289 0.10417709 0.09737770 0.11431103 0.10083584 0.08650420 0.10581851 0.08202476 0.08017887 0.09138411 0.08590867 0.08557826 0.07655694 0.07999357 0.11156790 0.10581631 
0.07457650 0.07425492 0.06758337 0.06622139 0.06603323 0.06672623 0.07792333 0.08133259 0.09977593 0.07182590 0.08559960 0.10807921 0.07724775 0.13432872 0.32491483 0.09801266 0.21072944 0.10987931 0.00000000 0.21756792 0.14451673 0.08025959 0.07144075 0.09275258 0.17098605 0.08500909 0.13486378 0.10624052 0.10049750 0.08159368 0.07422975 0.16313989 0.08585572 0.05295353 0.06001167 0.07720387 0.06538044 0.05853233 0.09838122 0.07872066 0.06952686 0.05668684 0.08397446 0.07655957 0.11157502 0.04719889 0.09744900 0.05462750 0.11817646 0.10137265 0.09873575 0.15472828 0.06764435 0.07334415 0.17228683 0.11597178 0.10854314 0.11804721 0.09198035 0.09337320 0.16024066 0.10660646 0.10564161 0.10321620 0.06448536 0.10322677 0.05256665 0.07877540 0.06974039 0.07780439 0.10529835 0.08722703 0.07795023 0.12041996 0.11996173 0.05620366 0.06111169 0.14328063 0.07017377 0.09555645 0.07626078 0.14411683 0.09409219 0.09928800 0.08605683 0.05882888 0.08079905 0.09238812 0.03184487 0.08145127 0.07227429 0.09341766 0.09491035 0.07234519 0.08990671 0.12761655 0.07976804 0.10862294 0.10210225 0.14438337 0.04376584 0.09006784 0.14396361 0.07581138 0.09702819 0.09775000 0.10518392 0.10717612 0.13347300 0.08502283 0.07446540 0.05332605 0.10804274 0.07802519 0.12745145 0.06041708 0.08176605 0.09480770 0.08936209 0.09466649 0.08965944 0.07077437 0.13011882 0.09439591 0.11457818 0.13911171 0.09038900 0.07622570 0.06881404 0.06024742 0.07648409 0.06452801 0.07362726 0.06946172 0.06641288 0.05920289 0.07402995 0.06476971 0.06570278 0.09173955 0.07148666 0.07190539 0.05952135 0.06333296 
0.08682885 0.07628886 0.08583518 0.09835398 0.10496855 0.09105297 0.09420094 0.09254230 0.09147384 0.10956793 0.04924106 0.15020154 0.10411828 0.14030965 0.13948056 0.11755394 0.07677992 0.18743235 0.21756792 0.00000000 0.10710322 0.10865060 0.07964675 0.11574737 0.16171222 0.11281490 0.09480476 0.14108808 0.09241345 0.06538486 0.04452058 0.01766840 0.07898298 0.02967628 0.09074886 0.02888435 0.04881255 0.06614468 0.07683219 0.10184549 0.12810927 0.04839089 0.08006764 0.05735609 0.09970910 0.04673670 0.09382855 0.08502676 0.07098176 0.06098414 0.14916643 0.11554089 0.10604960 0.05286627 0.06973121 0.13604412 0.10200889 0.08473598 0.07542044 0.08668085 0.10568989 0.10026497 0.07944389 0.11391127 0.08294890 0.05924664 0.07030449 0.15885400 0.05319573 0.07596854 0.07999109 0.08944719 0.09026248 0.11838953 0.13140028 0.13856941 0.07747608 0.11767903 0.11915521 0.03307486 0.06764616 0.14192525 0.11228453 0.09469401 0.12984844 0.07117016 0.07818769 0.08847803 0.11149028 0.12343892 0.07324397 0.12412897 0.13784751 0.09364007 0.12374317 0.08087124 0.13598461 0.07105006 0.10276224 0.09637008 0.06683544 0.13352243 0.12630849 0.08727837 0.08521028 0.10123473 0.10041252 0.08090178 0.09550259 0.08687172 0.07589153 0.08214208 0.10914570 0.07271619 0.09359515 0.05137152 0.12207291 0.13268489 0.09331245 0.11188853 0.10952456 0.06688100 0.10304654 0.13538586 0.10365581 0.10104629 0.08823528 0.08650312 0.05214279 0.07381555 0.07192606 0.08067683 0.08403189 0.08262849 0.06716853 0.07487686 0.06757813 0.07380323 0.07334719 0.07453639 0.07327986 0.07450818 0.08740898 0.09115926 
0.07365812 0.07488669 0.08735177 0.08196705 0.07722051 0.07672896 0.06980398 0.08991719 0.08821113 0.09520435 0.07950449 0.11034772 0.11080523 0.12426433 0.21234171 0.10302884 0.16663781 0.09129568 0.14451673 0.10710322 0.00000000 0.13655958 0.13223345 0.11778799 0.15302437 0.22260684 0.09304755 0.09472107 0.08226274 0.09469436 0.08912995 0.03316505 0.07956816 0.09386682 0.07944301 0.08470920 0.08523620 0.04352881 0.06390663 0.09427530 0.12143293 0.03892351 0.07713987 0.08500756 0.04922830 0.06190248 0.11026635 0.10402810 0.09813825 0.13321207 0.14230215 0.11946241 0.08718927 0.04099937 0.15218472 0.09938168 0.10517083 0.06311656 0.04889457 0.10555584 0.10457085 0.10671107 0.08902278 0.13729311 0.12289311 0.13948742 0.08503739 0.07045229 0.09083241 0.05800007 0.09840820 0.06191368 0.13219693 0.11005390 0.13788933 0.07808315 0.05583185 0.09635192 0.12207604 0.07951280 0.08623138 0.14991218 0.07545138 0.10325288 0.11238078 0.07904880 0.11232926 0.09251112 0.12765579 0.13474399 0.12785090 0.13273719 0.07312363 0.06083192 0.07834453 0.08594663 0.10156119 0.06865920 0.09173157 0.05701656 0.08871519 0.09800921 0.07132718 0.14409452 0.10206914 0.08837096 0.13553992 0.06993181 0.09876304 0.10516688 0.09394708 0.03059269 0.07143228 0.06128807 0.07817075 0.05804369 0.10406308 0.08148140 0.06608308 0.10233777 0.07490631 0.18106359 0.12472103 0.09434458 0.10533414 0.05031068 0.06269935 0.09290042 0.04489806 0.08212062 0.06108881 0.04921962 0.05317443 0.08291031 0.05896192 0.06995023 0.06319399 0.06153532 0.07305781 0.06475519 0.08133097 0.07604599 0.07024118 0.08470460 
0.07715510 0.07843987 0.09407034 0.08608480 0.07695249 0.07773545 0.08322496 0.07962587 0.09230293 0.21144410 0.13553873 0.17221173 0.12351733 0.10573305 0.08337040 0.09903036 0.12823745 0.12121482 0.08025959 0.10865060 0.13655958 0.00000000 0.10429212 0.17849327 0.20876173 0.08483966 0.13667278 0.09272002 0.09729223 0.04807222 0.08345881 0.05918381 0.08451934 0.00450689 0.06393908 0.08710056 0.06154973 0.07054843 0.08333837 0.08968304 0.09955108 0.05005235 0.09026500 0.07679449 0.07978348 0.06023850 0.07168874 0.06176916 0.05357528 0.13536486 0.06201574 0.15348815 0.08886528 0.07444959 0.08012245 0.07243705 0.08753883 0.09583658 0.12584517 0.12651560 0.09268596 0.08120476 0.08697172 0.08581171 0.10298459 0.11431781 0.07136753 0.09408220 0.07814412 0.05306380 0.09599518 0.07532850 0.08531363 0.11193325 0.12847834 0.11102523 0.12381892 0.12621547 0.17127075 0.03039821 0.11730161 0.09898439 0.12656352 0.12138956 0.09606824 0.07977119 0.07637258 0.11328823 0.12150261 0.09628929 0.10043716 0.12003755 0.08662484 0.07070329 0.10909510 0.09430887 0.10154507 0.10070680 0.12272907 0.06198887 0.09308217 0.12781055 0.06901207 0.13533517 0.08580392 0.09625508 0.11974977 0.08812020 0.07922190 0.10144369 0.07105807 0.03933400 0.05025522 0.04518275 0.05629224 0.08412812 0.14032451 0.10955791 0.08513647 0.09437868 0.07486685 0.05950945 0.09771319 0.11956093 0.11744098 0.06555306 0.09470305 0.07253229 0.09815467 0.08279892 0.09080115 0.08146565 0.07877540 0.08343987 0.06641683 0.07503303 0.07958008 0.08403661 0.08625546 0.07989007 0.06811342 0.08207264 0.08974744 0.09072362 
0.08159554 0.07557340 0.09379511 0.09492708 0.09378411 0.10299107 0.09179378 0.11158768 0.10120996 0.12276454 0.14686945 0.09200522 0.09939050 0.10226324 0.09711024 0.10917031 0.09460022 0.13938214 0.07144075 0.07964675 0.13223345 0.10429212 0.00000000 0.10490622 0.12783692 0.11431369 0.13132766 0.06974338 0.09936243 0.07074626 0.19567807 0.04436805 0.10475172 0.14060700 0.08613706 0.07216612 0.09828117 0.06515824 0.10862711 0.05308367 0.09681555 0.15192715 0.08029961 0.07029196 0.04103873 0.05417373 0.06262247 0.10951208 0.09928760 0.10890284 0.10403889 0.05039274 0.09464735 0.07581809 0.10246067 0.10932575 0.06187782 0.06456761 0.08016562 0.12463562 0.06148839 0.19356082 0.04662980 0.09143389 0.06297834 0.08027067 0.10766798 0.08903626 0.11083121 0.09775752 0.08118914 0.10664299 0.11648132 0.06218058 0.08143828 0.08497083 0.07420325 0.11794228 0.08652595 0.06059295 0.10344064 0.05935576 0.09758713 0.09116852 0.06956383 0.05255752 0.06546802 0.06822922 0.07052697 0.06781159 0.09518388 0.06399425 0.14516770 0.10845787 0.12148198 0.06410829 0.12372301 0.11546125 0.10780281 0.08812183 0.08661909 0.06131248 0.06818266 0.16684640 0.09426030 0.07290617 0.12317158 0.08364455 0.05670477 0.12686483 0.11811497 0.11497614 0.10997906 0.05283001 0.14515251 0.07758419 0.05727788 0.13134864 0.10643214 0.08866120 0.06343635 0.05545784 0.05811493 0.07982757 0.08749148 0.06293010 0.07624258 0.10242329 0.10530282 0.09571370 0.07569844 0.10466077 0.08700116 0.09876555 0.09004401 0.08286013 0.07529794 0.09751283 0.09606819 0.06846662 0.07867231 0.08541888 0.09783413 0.10467567 
0.08577055 0.08094194 0.08385528 0.10541314 0.09844223 0.09323985 0.09450518 0.10366437 0.08911378 0.22417036 0.09102626 0.13652800 0.14857668 0.11395761 0.10355701 0.10625702 0.11824156 0.08116440 0.09275258 0.11574737 0.11778799 0.17849327 0.10490622 0.00000000 0.20812099 0.17341163 0.13994396 0.07849980 0.14467851 0.03679052 0.18066832 0.06809901 0.08559506 0.06085079 0.07350702 0.06062678 0.06599744 0.07034921 0.07275706 0.07481535 0.06322370 0.07687787 0.09113664 0.06893399 0.08485147 0.08265838 0.09232602 0.07799472 0.06366190 0.07200769 0.07095425 0.11919397 0.07294755 0.07541490 0.10637888 0.09124990 0.08309322 0.09161396 0.15501050 0.10241868 0.09111565 0.11559035 0.03274993 0.15333110 0.08609234 0.11368995 0.07768522 0.16074514 0.08581676 0.12799403 0.06778296 0.09292141 0.08842665 0.09383619 0.09700323 0.06203033 0.04736062 0.08769097 0.12671193 0.03302770 0.09123136 0.12797045 0.05649764 0.10167782 0.05680924 0.11388603 0.09984960 0.05931696 0.08757005 0.09171339 0.08888674 0.13199123 0.07234106 0.07180056 0.07025527 0.08507537 0.10164919 0.09094469 0.12494915 0.08955049 0.09130733 0.12236443 0.08735896 0.07692276 0.13758063 0.07254706 0.11068464 0.09084395 0.10950725 0.10670680 0.09671663 0.06849740 0.07429495 0.04637961 0.05888825 0.07448127 0.10982577 0.07680416 0.09036032 0.08980077 0.04125916 0.04610246 0.10073644 0.08978412 0.10437731 0.08372650 0.08157377 0.06587413 0.10466588 0.10084695 0.08360752 0.07940183 0.07435030 0.08590300 0.07229955 0.08205100 0.07440839 0.09829907 0.07475096 0.08664795 0.07181872 0.07583799 0.08972745 0.09076004 
0.07983042 0.08416089 0.07166210 0.07443640 0.09057345 0.08123025 0.08606488 0.10736355 0.05849842 0.11963478 0.07955787 0.09274802 0.09405251 0.09296687 0.09138105 0.09808688 0.10002063 0.13236626 0.17098605 0.16171222 0.15302437 0.20876173 0.12783692 0.20812099 0.00000000 0.23501734 0.11872982 0.16289175 0.11999100 0.06832515 0.11453226 0.07162660 0.10752299 0.07657575 0.06845194 0.06011174 0.07282661 0.12391571 0.07054053 0.07333526 0.11666295 0.06979392 0.04723269 0.08134926 0.10326482 0.06597280 0.04753022 0.06695489 0.07951283 0.06874755 0.05035405 0.09265797 0.08894332 0.09364543 0.09377997 0.09342830 0.13119602 0.08941619 0.11381799 0.07064524 0.08865504 0.11778217 0.07455186 0.10202229 0.04393439 0.17882482 0.07521279 0.08674319 0.05583246 0.08189752 0.11522143 0.07629452 0.07874240 0.10155552 0.08363917 0.06832700 0.09176765 0.08688945 0.12412666 0.03672983 0.11536802 0.09097890 0.08195100 0.11862876 0.10901560 0.09523355 0.08187562 0.08695832 0.11135471 0.10560584 0.07311984 0.07630897 0.07062439 0.10994093 0.06806848 0.08420890 0.10761716 0.11291715 0.07468273 0.07625167 0.05388299 0.12712372 0.09896585 0.14190964 0.07461925 0.08422347 0.10445920 0.06159426 0.05480667 0.08324009 0.06424044 0.09607765 0.07983552 0.08981423 0.11464328 0.09159856 0.13867178 0.12071217 0.08791194 0.07139945 0.08984589 0.05977808 0.09748053 0.07286993 0.08812863 0.04708340 0.06705931 0.11060346 0.09456927 0.08140065 0.06112325 0.08499667 0.08026571 0.09651743 0.08524744 0.08102155 0.07501005 0.08393775 0.08933160 0.08174901 0.09155707 0.07927569 0.09044542 0.08964645 
