0.00000000 0.36205248 0.37244030 0.33683581 0.34753072 0.31649042 0.28314422 0.29920085 0.24237800 0.25735806 0.25629453 0.23440139 0.21474477 0.20805744 0.22380749 0.22417926 0.22811976 0.26037668 0.22658901 0.24335437 0.22508141 0.24201935 0.23273189 0.25032077 0.23756812 0.23948987 0.25714035 0.23273846 0.24012711 0.22552142 0.23349616 0.29883780 0.27087157 0.22278914 0.23537021 0.23340658 0.21738646 0.23868919 0.20865114 0.27363615 0.26397533 0.23790423 0.24770464 0.23022120 0.24360061 0.22883767 0.24638604 0.22397958 0.24562934 0.22488453 0.23165511 0.25140504 0.24008933 0.20352230 0.23212146 0.23903137 0.22740005 0.24828513 0.25104995 0.25728210 0.23701617 0.30068339 0.22814262 0.23535005 0.26757557 0.24178566 0.23234152 0.25378893 0.23115506 0.26790616 0.23114573 0.29329212 0.26132789 0.23463267 0.24499282 0.25350129 0.22403089 0.23066839 0.26480588 0.24238006 0.23694223 0.22696221 0.24248398 0.23092942 0.22749979 0.25129542 0.23406125 0.23712834 0.23626410 0.20808107 0.25973376 0.19868388 0.22446697 0.23639462 0.23996737 0.21396012 0.23884736 0.22085602 0.23391852 0.23487681 0.22149921 0.22264993 0.25788698 0.27414568 0.22065448 0.22209543 0.23267995 0.27694478 0.22158690 0.24966003 0.22378524 0.23125087 0.26489605 0.28777145 0.24658124 0.24249958 0.24612223 0.26886517 0.28610573 0.25389974 0.22445083 0.22789687 0.23835557 0.21952565 0.24125871 0.21799302 0.25593436 0.24307350 0.23821430 0.27728454 0.26336106 0.26784886 0.27231801 0.27731404 0.28475755 0.28060000 0.27591172 0.27951530 0.27635871 0.31282224 0.29261004 0.29479914 0.27767770 0.30220433 
0.36205248 0.00000000 0.40822440 0.37802037 0.36337152 0.37613754 0.28677105 0.27778843 0.25588684 0.24031668 0.28499306 0.24145320 0.20375466 0.22226354 0.23083964 0.24229319 0.23544955 0.25865078 0.25640966 0.22154990 0.22295135 0.24964194 0.22344164 0.23405087 0.29622173 0.22897754 0.27661448 0.23392485 0.26391870 0.22563761 0.22179257 0.26533450 0.27104827 0.22118204 0.22143333 0.21554719 0.21117072 0.30446710 0.26396827 0.33948233 0.23488642 0.22640745 0.24080279 0.21321704 0.26553765 0.24117346 0.22743920 0.18765295 0.21350210 0.25692084 0.21042011 0.23601293 0.25141452 0.20475179 0.25925812 0.23250089 0.22539689 0.23585079 0.23442955 0.23530050 0.22581352 0.23116463 0.23286755 0.20997766 0.23465582 0.25872391 0.21693274 0.26462854 0.24598616 0.23762906 0.29413578 0.24351874 0.25834270 0.24373543 0.24428764 0.27879370 0.23725519 0.21648306 0.25498646 0.26247576 0.22820462 0.22591707 0.27222338 0.23580699 0.23195336 0.24654992 0.22957800 0.20586150 0.20233149 0.20323341 0.20844505 0.20632531 0.22951580 0.23611159 0.26444726 0.22844578 0.25804277 0.24659535 0.22080128 0.23018484 0.23003487 0.24889321 0.21692000 0.25462252 0.28982381 0.24749403 0.24072128 0.22357643 0.23124010 0.22351906 0.22683715 0.24815241 0.27260086 0.28066644 0.26701299 0.26941049 0.22849143 0.27297728 0.27632775 0.21963998 0.23092360 0.29241492 0.23541967 0.22095171 0.23236879 0.21177754 0.26431097 0.26319128 0.23325885 0.24889509 0.23831679 0.24185485 0.24119508 0.25321402 0.27383930 0.27197743 0.27134100 0.26930274 0.28005964 0.28627745 0.28107162 0.28301188 0.28229152 0.29627636 
0.37244030 0.40822440 0.00000000 0.43028378 0.43717198 0.37044753 0.28783296 0.29662380 0.26873766 0.28253274 0.29478259 0.26572624 0.24617647 0.20581627 0.24186703 0.23369041 0.23638007 0.24479658 0.23528049 0.22346496 0.21812080 0.25578589 0.22432148 0.22823695 0.29281467 0.25224283 0.26225363 0.24510577 0.23072419 0.24807469 0.23968614 0.23487171 0.26242132 0.21516481 0.22012849 0.22980057 0.21387655 0.26275354 0.21916508 0.30072468 0.23544243 0.23458680 0.25563310 0.21724455 0.25930562 0.23151401 0.23649186 0.24132325 0.23241757 0.26519362 0.21923278 0.24832462 0.23008699 0.21236788 0.25624787 0.24245894 0.25762458 0.23965382 0.25431461 0.25191847 0.21493221 0.22713801 0.23876172 0.23394081 0.22470290 0.27190700 0.25880074 0.26031640 0.23561919 0.21051231 0.26514910 0.25210445 0.22638513 0.20771453 0.25471128 0.27361926 0.23150085 0.23188386 0.26086470 0.25985316 0.24320497 0.25000094 0.23739215 0.23985193 0.25164871 0.22459381 0.20001126 0.20327693 0.22115755 0.18605694 0.20762641 0.19918122 0.20785541 0.23169760 0.25317482 0.23625604 0.21773734 0.22196490 0.26578177 0.27484519 0.20319287 0.20573469 0.21924542 0.25467508 0.25424290 0.22952956 0.22139676 0.21329617 0.19885892 0.23510602 0.22163735 0.22855525 0.30730086 0.26003573 0.28538730 0.24169704 0.23138677 0.23666595 0.28886612 0.23649002 0.27040856 0.27349780 0.19280594 0.21861016 0.26190218 0.21401759 0.24275867 0.24391100 0.23757123 0.25909835 0.23768515 0.24407695 0.24348214 0.25984774 0.27187910 0.26609612 0.26270670 0.30134405 0.28093820 0.29089728 0.27448763 0.27721074 0.28606155 0.29266033 
0.33683581 0.37802037 0.43028378 0.00000000 0.46530907 0.40274616 0.34317503 0.30439606 0.27976571 0.27079312 0.25710750 0.27846299 0.21567632 0.23122796 0.22560644 0.21877306 0.27045900 0.25934713 0.23660098 0.25015109 0.22283997 0.27864717 0.21054134 0.27292749 0.23988739 0.27119362 0.24349170 0.25703441 0.20585508 0.21468581 0.27491068 0.27121511 0.28714339 0.20894856 0.25748875 0.20865331 0.23364264 0.25125747 0.22586083 0.28672426 0.22465798 0.22080637 0.26063257 0.19375556 0.22826507 0.20444877 0.21953368 0.22979564 0.20030542 0.22425425 0.22208070 0.24005144 0.23123591 0.23606488 0.24341027 0.24449468 0.27378352 0.26136501 0.25650223 0.25086249 0.23745801 0.26191262 0.25681964 0.24453598 0.26062251 0.25827867 0.23010743 0.26151863 0.24777125 0.22324405 0.22425123 0.22715749 0.25490001 0.21645268 0.25779226 0.25472796 0.22266291 0.26039054 0.24081663 0.23388829 0.24579405 0.25523519 0.24502363 0.20346038 0.24896503 0.21828463 0.18971578 0.19585011 0.21821529 0.22067587 0.21487786 0.23307938 0.24749640 0.22575636 0.23735522 0.20476983 0.23285379 0.23051798 0.26450192 0.21393750 0.21366551 0.23997972 0.22306505 0.19631754 0.25822890 0.21661741 0.23737936 0.22957882 0.21367813 0.23578101 0.21756101 0.21647543 0.27803737 0.25857915 0.24348955 0.24174855 0.22846686 0.26663440 0.27111808 0.27263407 0.25830477 0.25503054 0.24264310 0.24859079 0.23140693 0.22512841 0.21194292 0.23709164 0.26266698 0.25254270 0.24236681 0.24677894 0.24937083 0.25718008 0.26445065 0.26373402 0.28088522 0.29139165 0.28756703 0.29525467 0.27029181 0.27103632 0.29172830 0.30298136 
0.34753072 0.36337152 0.43717198 0.46530907 0.00000000 0.50757489 0.37715828 0.34727262 0.37906860 0.24886969 0.29385461 0.21781232 0.20731956 0.20890387 0.25665629 0.22443286 0.20626123 0.22140841 0.20677940 0.21157192 0.23207848 0.22598069 0.22413437 0.20570467 0.23396521 0.24327444 0.22465919 0.24726442 0.26020449 0.23128882 0.22700246 0.26149742 0.29301799 0.18315096 0.29584004 0.23044579 0.31183178 0.24137627 0.20914726 0.26722424 0.28133936 0.20614998 0.23625526 0.20067363 0.23269601 0.21122951 0.20314772 0.20667774 0.20458114 0.28164766 0.19023174 0.24455048 0.26564433 0.20576872 0.21842377 0.23080339 0.22796319 0.24073176 0.24299899 0.26240551 0.23168427 0.25468895 0.25100491 0.21553189 0.24077860 0.23956029 0.24906621 0.25219982 0.21755270 0.22485481 0.21548938 0.26846339 0.29036881 0.18000615 0.20274819 0.20783847 0.21214858 0.23125557 0.25677891 0.29015917 0.19397103 0.26402902 0.27620437 0.25665220 0.22109271 0.22293655 0.24999036 0.23757350 0.27305058 0.22510711 0.25690515 0.22843711 0.21210591 0.24490608 0.21777847 0.20541935 0.22501534 0.23226238 0.27241268 0.26693214 0.23046890 0.23542141 0.24663303 0.19768309 0.24451174 0.24484352 0.24512881 0.25739710 0.20609362 0.29341164 0.22320768 0.24223753 0.29247828 0.27789793 0.26934057 0.25258381 0.24688076 0.24878848 0.27352752 0.23563734 0.24169559 0.24095458 0.22210432 0.24498377 0.19666595 0.18495825 0.26088686 0.25133475 0.30090730 0.23315818 0.24151540 0.25707969 0.23727371 0.24908397 0.27171460 0.27713058 0.24402966 0.26418206 0.29522804 0.27098196 0.24925792 0.26106588 0.26815072 0.28094950 
0.31649042 0.37613754 0.37044753 0.40274616 0.50757489 0.00000000 0.43806773 0.36070059 0.33310968 0.27167559 0.29052893 0.27550481 0.18343357 0.23548768 0.29204332 0.21604120 0.24734651 0.22230892 0.23944190 0.21907127 0.20609813 0.24789222 0.23748912 0.26916289 0.28474873 0.24997952 0.28615533 0.20947131 0.25332787 0.18549652 0.20541875 0.25516457 0.33706036 0.18083755 0.20072503 0.21491962 0.22713425 0.18149157 0.23515007 0.23272629 0.23454865 0.21310776 0.23577329 0.16914099 0.19430045 0.18760936 0.18176542 0.26727188 0.23995374 0.28054807 0.22394964 0.26968687 0.20399769 0.28217553 0.26546660 0.28647156 0.21728831 0.22002322 0.27107578 0.26347331 0.25237139 0.33826240 0.21892690 0.19584474 0.27451914 0.31718058 0.23024376 0.32279137 0.23427858 0.16155925 0.17972753 0.18797872 0.19831137 0.21489708 0.27685646 0.24093483 0.19120241 0.23871072 0.25420748 0.18257600 0.23077298 0.26144122 0.26587631 0.20006243 0.28702047 0.21518247 0.25909150 0.23598752 0.24147488 0.20113246 0.18362307 0.17075899 0.24634020 0.20840040 0.22143213 0.24706302 0.19788597 0.21017564 0.22597010 0.26444692 0.21866876 0.23392722 0.27348855 0.29488115 0.30275283 0.24705220 0.23108496 0.19067855 0.26655513 0.29604213 0.24039505 0.22519001 0.26742624 0.28921299 0.28732343 0.27015400 0.22644267 0.29946961 0.24828016 0.28430348 0.29294541 0.32676604 0.33842752 0.24940063 0.25337897 0.19953698 0.24632154 0.24231399 0.27619595 0.28567251 0.24220756 0.22803617 0.22180732 0.24495768 0.25274371 0.24803113 0.23937994 0.23831326 0.25278969 0.23364857 0.22845955 0.22566826 0.24138666 0.29014303 
0.28314422 0.28677105 0.28783296 0.34317503 0.37715828 0.43806773 0.00000000 0.67414560 0.57394713 0.41474741 0.24427845 0.28991688 0.22873052 0.30742663 0.14957282 0.17418120 0.27014087 0.23922690 0.26310113 0.27586202 0.28575723 0.22549930 0.29787741 0.36272041 0.32515775 0.24305552 0.40664833 0.26416795 0.18308424 0.19976631 0.32295279 0.22288455 0.38958369 0.19737692 0.19771675 0.15648082 0.17075520 0.07372069 0.19933421 0.19494354 0.15961131 0.14661821 0.22574272 0.13214021 0.17792885 0.19288143 0.16447244 0.24801954 0.20135924 0.31004972 0.28139725 0.33267393 0.19994562 0.25863025 0.34318368 0.28161728 0.17014576 0.23756204 0.29660261 0.22686631 0.24503382 0.25426285 0.33876864 0.31797939 0.28268419 0.27800616 0.17335152 0.22890214 0.18979958 0.15988934 0.10459461 0.07938233 0.14863769 0.17471047 0.18657646 0.20073578 0.12630981 0.23239209 0.24282227 0.11805168 0.19435915 0.25448108 0.30354023 0.16298122 0.25461472 0.32733256 0.26874238 0.27335167 0.18491265 0.25510961 0.19306678 0.18037724 0.22990445 0.21164745 0.18150641 0.28472269 0.25660947 0.31256750 0.33998250 0.18552448 0.16702839 0.23582291 0.38779218 0.24241712 0.31138086 0.24033792 0.29899539 0.18097351 0.20223520 0.21927677 0.09890330 0.22812920 0.19824075 0.23445117 0.37861890 0.21802082 0.36087659 0.36307088 0.17563309 0.39112349 0.88335531 0.44721215 0.34703309 0.26680439 0.24399088 0.16618479 0.17473501 0.23078158 0.31305578 0.22089510 0.23380987 0.22229826 0.25514946 0.17972542 0.20955854 0.27355258 0.23258378 0.23419885 0.21651216 0.19323209 0.20599877 0.19339950 0.19962654 0.24032024 
0.29920085 0.27778843 0.29662380 0.30439606 0.34727262 0.36070059 0.67414560 0.00000000 1.10612085 0.44768964 0.51100369 0.17679760 0.29737712 0.18515412 0.15845297 0.20306886 0.16939299 0.24125441 0.16904013 0.22894322 0.32019211 0.18290955 0.48483211 0.21111783 0.22348937 0.22375671 0.21115637 0.14132629 0.11573237 0.28152954 0.44354706 0.25865989 0.41772302 0.20366012 0.16544598 0.26196765 0.17314400 0.11611014 0.22435882 0.20413297 0.10672130 0.29485840 0.19442370 0.14363508 0.17176541 0.24546640 0.12746481 0.28719142 0.09817140 0.33325926 0.12075809 0.15586715 0.21976304 0.27208032 0.15672603 0.16421756 0.19768587 0.27021671 0.28572448 0.22235366 0.19408544 0.18462386 0.25603459 0.17067551 0.22226762 0.20646330 0.28746356 0.35949678 0.14686161 0.22013499 0.16719999 0.12059152 0.14021510 0.18102051 0.25376631 0.17393602 0.18034611 0.18095041 0.26982113 0.15513675 0.21085695 0.23210347 0.26092301 0.16081348 0.22289070 0.22281602 0.20626581 0.21291469 0.18909434 0.16088894 0.22499960 0.20943587 0.20551189 0.15416876 0.28298593 0.11909604 0.21019840 0.22822306 0.15817415 0.49080270 0.19108561 0.34076091 0.36488789 1.18413449 0.28441651 0.33882447 0.38794431 0.20341917 0.29312779 0.45141062 0.25504916 0.15180995 0.29291471 0.12287226 0.54848064 0.17855156 0.24905375 0.24689456 0.20390463 0.26336649 0.25833987 0.48643635 0.28845514 0.25481580 0.21846021 0.17856061 0.29080847 0.31389879 0.30097984 0.18168302 0.23728580 0.20444778 0.19256872 0.20151072 0.23431278 0.18981773 0.17610898 0.20166846 0.22771404 0.19057074 0.19496236 0.18720538 0.20568728 0.26298703 
0.24237800 0.25588684 0.26873766 0.27976571 0.37906860 0.33310968 0.57394713 1.10612085 0.00000000 0.74395210 0.39624070 0.25007521 0.26089014 0.34894512 0.18480164 0.17510613 0.17231463 0.18797081 0.24634961 0.22749691 0.38358171 0.25294180 0.38162272 0.34664018 0.24363746 0.23730936 0.45402790 0.25080017 0.27437113 0.19408695 0.27366057 0.20878555 0.36109783 0.16359912 0.30798524 0.21617325 0.14711857 0.21634172 0.25832427 0.24683637 0.18352668 0.12090839 0.25848860 0.05799069 0.18975697 0.23404814 0.21884437 0.13675676 0.22026139 0.31002081 0.13051260 0.28005199 0.14777227 0.22786441 0.19847595 0.23859249 0.18409016 0.24073885 0.19619134 0.25291052 0.23397266 0.25587311 0.17165865 0.25605864 0.25828399 0.28510279 0.15999629 0.24352198 0.25714335 0.14637789 0.18683977 0.19507753 0.15150998 0.16907716 0.18918269 0.22738012 0.07361552 0.19400942 0.16318746 0.10144524 0.10921692 0.34390664 0.28842623 0.16603502 0.21294134 0.19651278 0.16703590 0.30140181 0.22598425 0.17485622 0.13259790 0.22887796 0.22362774 0.19527998 0.25064302 0.25773864 0.25987127 0.31119911 0.24895227 0.32027636 0.20725415 0.22481866 0.50085083 0.37554767 0.32358574 0.25553836 0.27409284 0.14173203 0.20547076 0.34058981 0.22189385 0.26645288 0.36972644 0.14634939 0.55279190 0.30156600 0.31026581 0.33242753 0.28123349 0.21359554 0.34925032 0.38212522 0.32237103 0.23097367 0.19913545 0.11593425 0.30947832 0.26102761 0.23143821 0.20241119 0.30218270 0.17415148 0.19557195 0.19186749 0.24537028 0.17290680 0.20970640 0.23191869 0.20282088 0.23182701 0.23732325 0.22639300 0.19968239 0.25248221 
0.25735806 0.24031668 0.28253274 0.27079312 0.24886969 0.27167559 0.41474741 0.44768964 0.74395210 0.00000000 0.47298584 0.54178854 0.27111236 0.35139159 0.18961674 0.10923129 0.28237204 0.25888240 0.35787044 0.37246747 0.27500254 1.19430524 1.03727827 1.22653234 0.30033349 0.26655943 0.46243121 0.26148865 0.27675362 0.12151157 0.33390741 0.17549434 0.21476762 0.08286307 0.16315073 0.17518640 0.17821683 0.10670158 0.25878571 0.16581920 0.22294568 0.17653267 0.13709049 0.15984862 0.21962426 0.08452286 0.17429698 0.23046595 0.10519113 0.10701622 0.13142542 0.24726906 0.27334768 0.24842218 0.26163803 0.26240042 0.16105307 0.26052696 0.42817267 0.22653219 0.35842386 0.29582042 0.18198870 0.24506860 0.19272641 0.25588558 0.14176169 0.24599751 0.18086770 0.19515551 0.15207784 0.20640619 0.23960598 0.20943924 0.19452219 0.16740098 0.09334013 0.25530777 0.30194874 0.13848096 0.19536468 0.32357827 0.27088602 0.16016765 0.32076411 0.21894169 0.22080037 0.28704812 0.16026222 0.24290199 0.15307659 0.20505260 0.17878587 0.22000365 0.23749307 0.23473113 0.32835141 0.24073253 0.23656718 0.22778623 0.14486212 0.25858475 0.33343504 0.36430829 0.27086524 0.18333977 0.21220244 0.22103767 0.15093121 0.15305207 0.17818312 0.06651675 0.15218741 0.25415347 0.27018683 0.25454153 0.26075210 0.24827496 0.25738977 0.47104929 0.27949743 0.19304141 0.22732866 0.19797535 0.24603172 0.17305259 0.15995300 0.14994310 0.23557355 0.14658388 0.20280310 0.23254063 0.23218584 0.13816174 0.22250126 0.22506012 0.14870591 0.24671523 0.21349642 0.21201437 0.24016169 0.21080766 0.19565305 0.23804668 
0.25629453 0.28499306 0.29478259 0.25710750 0.29385461 0.29052893 0.24427845 0.51100369 0.39624070 0.47298584 0.00000000 0.96004964 0.47815463 0.31848937 0.25197291 0.16154723 0.23349816 0.18683037 0.28193926 0.22877531 0.40320286 0.44966573 0.90132080 0.46585285 0.37383380 0.26826408 0.33787402 0.30889136 0.25898715 0.12974895 0.38804711 0.14531470 0.21511956 0.15464792 0.31695704 0.22546632 0.26697953 0.26859313 0.22024328 0.13005227 0.14335681 0.19223839 0.20155443 0.15944783 0.28963491 0.21206056 0.13702572 0.14266113 0.33587596 0.03205745 0.15545900 0.17882521 0.15567171 0.22722723 0.16958206 0.21751892 0.29846256 0.19268593 0.15941682 0.20840691 0.17478417 0.16076625 0.18187404 0.13929672 0.19459869 0.28484589 0.28270465 0.28629144 0.26789953 0.25853554 0.20966220 0.27555367 0.15483001 0.16298645 0.18407578 0.20251766 0.12622756 0.18738551 0.18378741 0.17939905 0.13711147 0.15684280 0.22985678 0.15759404 0.20182661 0.19205708 0.13214912 0.10557262 0.18174964 0.15901576 0.19438673 0.19332529 0.17961458 0.19726736 0.27913659 0.17583090 0.19600852 0.28563320 0.37576383 0.69913253 0.21185237 0.29908575 0.41252273 0.60225909 0.29386225 0.27952112 0.13462591 0.27329273 0.13903080 0.15165794 0.33953878 0.17942602 0.34022469 0.24598122 0.28684030 0.47340945 0.23057324 0.26099449 0.27915738 0.14274573 0.24143309 0.33368752 0.25845044 0.25659273 0.27149116 0.21114905 0.26792222 0.20622415 0.25538908 0.19846290 0.20210905 0.19569990 0.22302491 0.19173287 0.22250881 0.23183689 0.18753670 0.18357858 0.20555546 0.26594967 0.29444162 0.28541015 0.24262464 0.25377107 
0.23440139 0.24145320 0.26572624 0.27846299 0.21781232 0.27550481 0.28991688 0.17679760 0.25007521 0.54178854 0.96004964 0.00000000 0.57156502 0.62119009 0.36723237 0.22590171 0.26067868 0.33901064 0.33300461 1.94902278 0.43277608 1.72178571 0.36060114 0.45697430 0.20108046 0.25378194 0.36492348 0.24028604 0.35795850 0.15887338 0.11419051 0.21092230 0.15646929 0.08981944 0.10147578 0.01960446 0.14398670 0.09098503 0.22083973 0.14312974 0.29318813 0.18143935 0.16935087 0.19545086 0.27274192 0.17714003 0.05122722 0.26536338 0.19365596 0.21323576 0.18339503 0.20432565 0.25351098 0.25887387 0.29634931 0.21486856 0.24682591 0.28116912 0.30985123 0.28725960 0.24342911 0.19567300 0.11342625 0.19388714 0.14275326 0.18141642 0.12665078 0.20987574 0.06685745 0.17271758 0.15189667 0.16969562 0.22280788 0.23915113 0.28421888 0.17451420 0.12105227 0.23495861 0.28615082 0.20055621 0.12121886 0.35719814 0.28608515 0.24136671 0.22180575 0.18181562 0.22020324 0.18046125 0.13396112 0.20820297 0.14302379 0.19797667 0.17427821 0.15833326 0.17157797 0.29760063 0.29831924 0.13463696 0.31212773 0.36118336 0.13311285 0.23132918 0.30342151 0.22326409 0.25240217 0.20983851 0.11569883 0.15417959 0.16391360 0.10947111 0.12496753 0.11176005 0.20707697 0.19751853 0.22006215 0.15994589 0.32279239 0.29660311 0.24479434 0.21676292 0.40282533 0.14309895 0.16217223 0.20015770 0.21431767 0.24155219 0.14190160 0.14375147 0.21760835 0.20180693 0.27012797 0.25132317 0.25212325 0.27183616 0.23001406 0.27283433 0.22519804 0.28490518 0.24791618 0.23697741 0.25743891 0.28272144 0.22239916 0.22549910 
0.21474477 0.20375466 0.24617647 0.21567632 0.20731956 0.18343357 0.22873052 0.29737712 0.26089014 0.27111236 0.47815463 0.57156502 0.00000000 0.82214431 0.49717518 0.36243054 0.27144118 0.31425112 0.18757203 0.21828977 0.53289727 0.33577792 0.47754626 0.30900825 0.27260334 0.25948561 0.21065536 0.22624903 0.23411479 0.16949319 0.30238781 0.21095251 0.30274255 0.17616297 0.33438672 0.12264475 0.27218022 0.19694331 0.08063153 0.20574464 0.24540835 0.09448643 0.11433659 0.22125081 0.16422887 0.23278057 0.15362538 0.18087176 0.19434754 0.14916543 0.24136001 0.15788043 0.07886593 0.13024321 0.29612376 0.18050451 0.20332608 0.09012533 0.29296773 0.20805466 0.18450440 0.17052110 0.19609011 0.11823052 0.15261093 0.34110635 0.45950600 0.78499768 0.24427004 0.21432286 0.35531434 0.26537956 0.18976901 0.26068628 0.23358858 0.21623240 0.20816306 0.23047073 0.22908400 0.19560865 0.17063640 0.17542618 0.15338541 0.26261021 0.12571948 0.32557809 0.33706309 0.19084776 0.26926676 0.23634202 0.23681767 0.51585227 0.18146505 0.85536984 0.26622937 0.20073965 0.36937685 0.29954338 0.29235434 0.81810203 0.21305345 0.28612438 0.29067158 0.43254113 0.25778420 0.18337320 0.28865937 0.16772735 0.17776474 0.19043208 0.26525647 0.19204099 0.23631642 0.18287103 0.26980446 0.13765010 0.10152409 0.19531750 0.19268305 0.20581334 0.19469125 0.29922956 0.13830365 0.20225589 0.20671331 0.24528336 0.28040193 0.22966340 0.17590896 0.23927930 0.28699542 0.30245018 0.30826621 0.23873640 0.20039292 0.17054879 0.22661405 0.20848048 0.19360213 0.21533708 0.20137098 0.22686634 0.25073287 0.23699589 
0.20805744 0.22226354 0.20581627 0.23122796 0.20890387 0.23548768 0.30742663 0.18515412 0.34894512 0.35139159 0.31848937 0.62119009 0.82214431 0.00000000 0.86615313 0.72022896 0.44257260 0.57067600 0.53578693 1.72056420 0.33905853 0.33942232 0.27022526 0.15993534 0.23425784 0.17922824 0.29565589 0.16204422 0.25723286 0.06670350 0.16088761 0.18691416 0.22825895 0.13702824 0.12233145 0.16064896 0.20233742 0.21598189 0.22822813 0.11560119 0.16293765 0.12617588 0.16503061 0.23217169 0.25605675 0.13924834 0.16405430 0.18279734 0.29185787 0.25885393 0.22537572 0.21212833 0.21494341 0.14281631 0.37245759 0.18259360 0.30339087 0.21521959 0.25463303 0.24441127 0.27469719 0.24832819 0.21092240 0.17005313 0.13620731 0.13917168 0.18753275 0.14152218 0.13455489 0.20578310 0.20093555 0.24810370 0.26141838 0.86140507 0.24616525 0.26719443 0.26213639 0.21900468 0.09247913 0.18842623 0.15748019 0.18008026 0.26320713 0.12712478 0.28950627 0.18793610 0.14814299 0.29552369 0.18449036 0.24736130 0.25316649 0.17566232 0.30032277 0.17374688 0.20731932 0.63616650 0.42767813 0.14791853 0.22543341 0.19237458 0.24998991 0.26248907 0.28745866 0.19068552 0.16961875 0.17630459 0.27902106 0.26694558 0.25574377 0.21854273 0.16820780 0.29440613 0.25113326 0.18298615 0.15864632 0.06787435 0.23576022 0.17216150 0.22537493 0.26456702 0.17711761 0.25474434 0.14625788 0.09321317 0.26608961 0.13309007 0.22182606 0.24306352 0.21586841 0.24796809 0.24263706 0.27028337 0.24025454 0.26981731 0.18017710 0.22980116 0.19201455 0.22856742 0.21665337 0.20899875 0.26802110 0.25698344 0.21978636 0.21753942 
0.22380749 0.23083964 0.24186703 0.22560644 0.25665629 0.29204332 0.14957282 0.15845297 0.18480164 0.18961674 0.25197291 0.36723237 0.49717518 0.86615313 0.00000000 1.20411454 1.96039619 0.59445419 2.19861915 0.58782374 1.49533846 0.10958999 0.15910647 0.18121413 0.30771989 0.42878924 0.14263698 0.23250241 0.29250620 0.08108421 0.17337867 0.13490951 0.27576863 0.10419141 0.15067773 0.17112921 0.19144877 0.21691673 0.19382959 0.12005476 0.26589429 0.12818423 0.12829273 0.22056851 0.22102215 0.07330611 0.15729079 0.16380841 0.17772215 0.04530816 0.16620782 0.09388385 0.14835477 0.16433586 0.17318563 0.20514251 0.20018423 0.16635278 0.25243424 0.16167199 0.20357234 0.27703435 0.16825839 0.06683393 0.11405417 0.30571830 0.16713385 0.38692182 0.18126341 0.21161786 0.27258755 0.14163007 0.22080607 0.39178532 0.16920839 0.19417034 0.21490956 0.44825410 0.24007507 0.12996282 0.25491282 0.20393072 0.21479691 0.21503148 0.21906631 0.14733093 0.39038207 0.17437936 0.15607840 0.23908742 0.16848819 0.56271774 0.24064777 0.47078131 0.13524764 0.14547554 0.13595075 0.04876268 0.17095966 0.21777005 0.16527069 0.18346427 0.10737917 0.09368214 0.24251421 0.28518005 0.27738787 0.21022351 0.16886755 0.10467233 0.18438960 0.20471862 0.10196562 0.25785915 0.00000000 0.20203349 0.07198740 0.20196044 0.22359224 0.16258144 0.13037189 0.17972648 0.18734221 0.12574139 0.20035048 0.23635156 0.10699674 0.14144667 0.16806175 0.14320271 0.23939456 0.23843985 0.23468081 0.31221934 0.19319061 0.18761785 0.17778417 0.23600885 0.25100693 0.23143395 0.25493176 0.29074600 0.23663940 0.23133835 
0.22417926 0.24229319 0.23369041 0.21877306 0.22443286 0.21604120 0.17418120 0.20306886 0.17510613 0.10923129 0.16154723 0.22590171 0.36243054 0.72022896 1.20411454 0.00000000 1.21633115 0.46080006 0.48874177 0.30938307 0.23822251 0.08268167 0.18389766 0.21338880 0.10111443 0.14616691 0.30185034 0.21674365 0.21526710 0.10379659 0.15864209 0.19674603 0.18243252 0.22014112 0.13845342 0.25665183 0.26074848 0.15742970 0.25058617 0.29679381 0.42328220 0.18129318 0.14902149 0.24979899 0.17412647 0.23649713 0.30781967 0.17410540 0.29943205 0.28278137 0.19508482 0.16448159 0.10017502 0.27635506 0.18531624 0.19718590 0.22060307 0.27044627 0.14439339 0.15730952 0.18886194 0.16421599 0.07907472 0.20723368 0.15721045 0.31665428 0.31181511 0.18441002 0.22812278 0.23726301 0.19554008 0.19562315 0.25780368 0.73038219 0.25344027 0.23675839 0.40443101 1.02070857 0.15688983 0.21743553 1.13951484 0.41485103 0.28017341 0.25906132 0.29230991 0.17864255 0.30404919 0.22362723 0.19540138 0.19001398 0.53477370 0.39828855 0.31115225 0.27337437 0.16125448 0.21781815 0.28882731 0.23391497 0.23985193 0.21385168 0.21724472 0.26251617 0.14841214 0.16429322 0.15168945 0.23724450 0.29290235 0.19553542 0.21133500 0.34054642 0.07322431 0.29708987 0.21425555 0.20490593 0.19384655 0.11896164 0.24515721 0.11760569 0.23442433 0.19825101 0.19899322 0.26378643 0.21361996 0.22872601 0.21177608 0.16973651 0.31113869 0.19998047 0.21431704 0.14194438 0.21957196 0.19210769 0.16880369 0.24225665 0.18961947 0.15375669 0.18157705 0.23840163 0.19480120 0.25160232 0.25191257 0.22984882 0.23104688 0.21012098 
0.22811976 0.23544955 0.23638007 0.27045900 0.20626123 0.24734651 0.27014087 0.16939299 0.17231463 0.28237204 0.23349816 0.26067868 0.27144118 0.44257260 1.96039619 1.21633115 0.00000000 0.59044332 1.64134010 0.27538980 0.42224985 0.25247723 0.21792434 0.26907999 0.23366405 0.20198843 0.26738329 0.30529054 0.23339440 0.15993436 0.15115524 0.18086928 0.07146606 0.10110785 0.17619959 0.10293633 0.08133268 0.23516518 0.16360006 0.15979050 0.23043985 0.09714001 0.19108430 0.09600676 0.16396112 0.09376623 0.23364327 0.28304586 0.22184669 0.21074375 0.14093765 0.17581234 0.18683749 0.22755256 0.31097074 0.18678617 0.10339487 0.20684254 0.24146856 0.22941718 0.29727337 0.28187404 0.17696923 0.15482757 0.16719449 0.16129546 0.08460949 0.26488135 0.13652928 0.18143114 0.12806690 0.09092531 0.20639111 0.38113068 0.31793194 0.31382801 0.17673000 0.98859185 0.29855539 0.26332390 0.53927523 0.30722347 0.25485710 0.27207292 0.17865826 0.23990518 0.32641431 0.34119348 0.24870014 0.31839385 0.21558343 0.32683401 0.29943006 0.26492542 0.19937717 0.25198140 0.25622442 0.26688096 0.22532385 0.19848328 0.13930239 0.25790259 0.18059324 0.10966154 0.16650492 0.25408805 0.22805807 0.15283539 0.12873660 0.17912269 0.08035134 0.18678774 0.22868532 0.19253981 0.08467717 0.15600030 0.16066905 0.25913487 0.26078892 0.24233850 0.22543021 0.15910707 0.22550781 0.25828605 0.15690991 0.21207213 0.22598114 0.18648469 0.23522829 0.22523989 0.25610731 0.19206146 0.23222847 0.25333185 0.24897207 0.19958982 0.23113862 0.25085600 0.25295413 0.19577853 0.19927063 0.18807851 0.23364641 0.24541654 
0.26037668 0.25865078 0.24479658 0.25934713 0.22140841 0.22230892 0.23922690 0.24125441 0.18797081 0.25888240 0.18683037 0.33901064 0.31425112 0.57067600 0.59445419 0.46080006 0.59044332 0.00000000 0.66891924 0.33106815 0.30733836 0.33164215 0.24998410 0.28504307 0.24196589 0.24033900 0.27785279 0.26709544 0.27109929 0.11942060 0.21445734 0.19566341 0.27408697 0.18489113 0.15618674 0.14431414 0.21609247 0.32850950 0.20621993 0.29110480 0.31031823 0.09764228 0.14702531 0.26805428 0.21805256 0.16284793 0.19067394 0.21260463 0.18821168 0.24727541 0.24770489 0.25375868 0.20686895 0.24102262 0.30986725 0.19771384 0.14650021 0.26944125 0.35578739 0.17585060 0.21807471 0.22467115 0.30161221 0.24069364 0.22668844 0.18316348 0.18947337 0.34645606 0.13787683 0.17299923 0.21339024 0.15911464 0.31446996 0.43115801 0.49797561 0.26833973 0.20425578 0.34000186 0.24212443 0.25872703 0.22883817 0.23566691 0.22974581 0.23190820 0.26917748 0.24848771 0.24818541 0.25084506 0.29127461 0.27662622 0.19305390 0.13394761 0.21076626 0.24144969 0.14637387 0.34281865 0.23798098 0.37192922 0.22483388 0.25101429 0.21716691 0.24650316 0.22970076 0.14070200 0.22159505 0.29071866 0.13495932 0.21327207 0.20793533 0.15332630 0.16480212 0.22434289 0.23304053 0.22979761 0.21610937 0.16952103 0.25169465 0.26637811 0.25750138 0.32640580 0.21303262 0.24318483 0.21031226 0.39246917 0.21788083 0.25002894 0.16937734 0.17877540 0.29562993 0.25086893 0.25205568 0.32484472 0.28903402 0.24446213 0.30285009 0.28931305 0.25513647 0.24324675 0.21853656 0.22922766 0.21607002 0.22491747 0.25977547 0.24890068 
0.22658901 0.25640966 0.23528049 0.23660098 0.20677940 0.23944190 0.26310113 0.16904013 0.24634961 0.35787044 0.28193926 0.33300461 0.18757203 0.53578693 2.19861915 0.48874177 1.64134010 0.66891924 0.00000000 0.91571155 0.81341179 0.28593304 0.33392200 0.34077597 0.44711716 0.20358861 0.39930019 0.20284596 0.28686362 0.23532351 0.16636469 0.10083915 0.15772305 0.08370698 0.20360410 0.08126060 0.11463087 0.18323067 0.15002658 0.12055738 0.20308978 0.16610792 0.15176736 0.20062439 0.15466198 0.03550697 0.18348185 0.23721206 0.14938152 0.10928982 0.19089222 0.28617926 0.14414994 0.27707930 0.32659843 0.22765136 0.10261400 0.23877103 0.36302805 0.23561978 0.28356557 0.28380858 0.07425282 0.14975146 0.19287606 0.19645586 0.17277687 0.14208765 0.12723024 0.08232480 0.13913131 0.20179521 0.25579367 0.34839003 0.38769596 0.20655370 0.03810429 0.31906816 0.22656643 0.17865565 0.28039119 0.31327649 0.21525952 0.23309085 0.40124823 0.16659922 0.25627709 0.24479293 0.17971568 0.26548882 0.13759140 0.28619909 0.17248054 0.29729011 0.22131519 0.21589184 0.32006945 0.22750833 0.36397945 0.17777859 0.07553358 0.30068591 0.22766342 0.19161936 0.27619329 0.10707622 0.22523748 0.14744558 0.16429088 0.22644477 0.11792023 0.17345368 0.12443219 0.14990178 0.20346085 0.15161159 0.20687227 0.33574291 0.24183947 0.28566758 0.30667255 0.16030689 0.21220383 0.15489290 0.09637888 0.07444180 0.20246466 0.20707533 0.21175201 0.24278679 0.27632068 0.22521643 0.29708954 0.21191943 0.19953634 0.22745692 0.18391820 0.26031887 0.22622941 0.22026656 0.19202403 0.19199286 0.22246673 0.22918595 
0.24335437 0.22154990 0.22346496 0.25015109 0.21157192 0.21907127 0.27586202 0.22894322 0.22749691 0.37246747 0.22877531 1.94902278 0.21828977 1.72056420 0.58782374 0.30938307 0.27538980 0.33106815 0.91571155 0.00000000 0.71488740 0.59340703 0.36407963 0.31908427 0.41867372 0.25993017 0.24168137 0.24141606 0.22552133 0.08246846 0.11700716 0.22919648 0.27576867 0.02132690 0.19174549 0.09900887 0.19359617 0.07317887 0.20858367 0.14703663 0.23149346 0.18807515 0.18740532 0.20507876 0.21708982 0.16559094 0.08132039 0.19217355 0.24892370 0.08450390 0.19561581 0.31315985 0.19732713 0.20422592 0.39882777 0.34422835 0.20475528 0.23802745 0.35496879 0.28000638 0.28894714 0.24630695 0.11035955 0.15422447 0.07728299 0.16821803 0.13768116 0.06085769 0.16004614 0.16443580 0.16703812 0.18474459 0.27187161 0.29550576 0.21633997 0.21695474 0.19081554 0.36296980 0.31259141 0.19722739 0.16789367 0.26212200 0.27515680 0.27015976 0.27370614 0.13584089 0.24147877 0.30476277 0.22657222 0.31374653 0.12660358 0.21741895 0.19477914 0.21653339 0.21363557 0.42624998 0.33304922 0.27848241 0.32797773 0.29505835 0.20587946 0.25048873 0.24232093 0.09618340 0.26763361 0.22890936 0.20626901 0.20977137 0.24691511 0.11305642 0.16773425 0.23943062 0.10925406 0.13952034 0.11485405 0.17814627 0.20134046 0.17855602 0.25187596 0.25021911 0.28020013 0.03869063 0.17646029 0.17578290 0.09505653 0.20533793 0.20579527 0.14393089 0.24946091 0.20698966 0.28888507 0.21788963 0.27374805 0.22260863 0.20925911 0.23615667 0.16966383 0.24665101 0.24612358 0.24481625 0.22805188 0.23979863 0.24604073 0.22256172 
0.22508141 0.22295135 0.21812080 0.22283997 0.23207848 0.20609813 0.28575723 0.32019211 0.38358171 0.27500254 0.40320286 0.43277608 0.53289727 0.33905853 1.49533846 0.23822251 0.42224985 0.30733836 0.81341179 0.71488740 0.00000000 0.73656371 0.49667145 0.25654097 0.87951613 1.47776791 0.11433483 0.20882311 0.17452945 0.11425637 0.37246407 0.12240436 0.16660771 0.16179842 0.05750518 0.07402999 0.15707322 0.15378961 0.16037041 0.12845570 0.23631526 0.14523420 0.10838566 0.19636787 0.20836908 0.12995182 0.12734320 0.20955420 0.29528511 0.18493294 0.19401102 0.16439081 0.16050660 0.24432286 0.25452209 0.13321735 0.12463595 0.27230549 0.27700112 0.22330513 0.19402159 0.20890797 0.10540260 0.35842111 0.13737874 0.55222843 0.09324787 0.26727856 0.15467312 0.14711583 0.21942847 0.14153161 0.22768735 0.14557943 0.24392538 0.27271760 0.20509601 0.26992539 0.14423630 0.20160611 0.21341447 0.25673231 0.17798745 0.23556271 0.23150491 0.17292886 0.31950947 0.24370101 0.27938248 0.32827571 0.19762587 0.64664149 0.26426482 0.34171895 0.20954141 0.18453581 0.20335391 0.22220071 0.16607705 0.26130528 0.05835015 0.23928823 0.25481499 0.12022854 0.25288781 0.24257515 0.13819588 0.15480241 0.13210991 0.16849198 0.19133028 0.13899332 0.20473029 0.14200799 0.29265783 0.13283700 0.25620927 0.12487388 0.24430448 0.28848452 0.30145120 0.20812676 0.15810849 0.14736376 0.13400600 0.20761579 0.34935723 0.18698990 0.20879104 0.17322198 0.23181888 0.20217940 0.20652060 0.23460166 0.21917524 0.17294198 0.18104085 0.20719643 0.30421272 0.20888555 0.26146872 0.24138384 0.19483477 0.21262775 
0.24201935 0.24964194 0.25578589 0.27864717 0.22598069 0.24789222 0.22549930 0.18290955 0.25294180 1.19430524 0.44966573 1.72178571 0.33577792 0.33942232 0.10958999 0.08268167 0.25247723 0.33164215 0.28593304 0.59340703 0.73656371 0.00000000 0.93650310 1.45736854 1.54085815 0.34821323 0.29838911 0.24560203 0.28894089 0.09941325 0.18908477 0.16830094 0.22041481 0.09200762 0.15772292 0.07660083 0.11509778 0.11058201 0.22346657 0.16045584 0.16751780 0.22452145 0.16576527 0.23882036 0.20194389 0.04252885 0.16590313 0.19122976 0.19978362 0.17861212 0.14146468 0.13362150 0.29086244 0.18826254 0.27879416 0.23878677 0.11403377 0.10284054 0.25533955 0.19970177 0.17490654 0.23475944 0.14847353 0.21065420 0.18184226 0.31206466 0.13027373 0.11619913 0.13242438 0.16987927 0.11352444 0.23419711 0.27246767 0.14009323 0.35292102 0.16418401 0.17818407 0.23358333 0.30343644 0.04792772 0.11236004 0.34878859 0.12591713 0.20853382 0.21796928 0.13279233 0.22285354 0.20192669 0.18745884 0.23752816 0.22408931 0.21033283 0.21126022 0.16993043 0.22021579 0.24312141 0.12982574 0.11463075 0.19697773 0.18245441 0.21626172 0.13745656 0.29774776 0.20009429 0.18672851 0.25559129 0.22572489 0.23790506 0.11073415 0.10000019 0.16977338 0.09779835 0.19469311 0.16736835 0.15390665 0.25513145 0.21014477 0.23828279 0.26077792 0.23587113 0.26884432 0.16584288 0.19501319 0.30219436 0.22494418 0.15221162 0.23948083 0.20197032 0.24656139 0.21143084 0.21453080 0.29215467 0.25650623 0.25755288 0.22806480 0.22689988 0.28490640 0.28332342 0.25424845 0.22714560 0.23906057 0.30233712 0.26335525 0.24183907 
0.23273189 0.22344164 0.22432148 0.21054134 0.22413437 0.23748912 0.29787741 0.48483211 0.38162272 1.03727827 0.90132080 0.36060114 0.47754626 0.27022526 0.15910647 0.18389766 0.21792434 0.24998410 0.33392200 0.36407963 0.49667145 0.93650310 0.00000000 1.04669695 0.69706125 0.63219316 0.51978311 0.20734856 0.22009907 0.24910936 0.81384951 0.25566773 0.40960064 0.12993875 0.26899658 0.15094418 0.24865040 0.14493915 0.13495862 0.05960376 0.10586019 0.09385378 0.12690137 0.17153919 0.19149976 0.13394957 0.22611649 0.07008772 0.14344282 0.23472918 0.18557512 0.23977108 0.17576793 0.18081757 0.21965590 0.19733393 0.14390884 0.23060595 0.15805161 0.25693415 0.19744830 0.23246666 0.11363402 0.21609891 0.23991329 0.48786155 0.18848499 0.27421633 0.22460771 0.15903218 0.16497536 0.15824910 0.19967972 0.15807736 0.20790730 0.12361278 0.23238625 0.16532600 0.20254656 0.13333806 0.13170755 0.23157385 0.30564034 0.13596825 0.19086809 0.19102198 0.19907967 0.19183041 0.30140019 0.19435899 0.12950732 0.23177055 0.24228695 0.22414610 0.13423026 0.16149861 0.31803931 0.12718699 0.20987716 0.25392379 0.10592547 0.17182262 0.44684775 0.47470158 0.26967566 0.25451563 0.20877889 0.14237310 0.16766385 0.14488463 0.19415091 0.24242123 0.26221414 0.27454859 0.47633574 0.25380413 0.21027959 0.28971731 0.26375047 0.32729574 0.16136356 0.24299996 0.14225147 0.18820814 0.23867102 0.05759297 0.10647786 0.12120976 0.23357755 0.14410035 0.17018428 0.19181755 0.21232416 0.26208896 0.22819409 0.19864507 0.23567684 0.20715630 0.23553340 0.25672719 0.27392154 0.28665494 0.28974831 0.22485628 
0.25032077 0.23405087 0.22823695 0.27292749 0.20570467 0.26916289 0.36272041 0.21111783 0.34664018 1.22653234 0.46585285 0.45697430 0.30900825 0.15993534 0.18121413 0.21338880 0.26907999 0.28504307 0.34077597 0.31908427 0.25654097 1.45736854 1.04669695 0.00000000 0.89244273 0.56741242 1.17510366 0.35903483 0.26719168 0.16370456 0.34831879 0.10044467 0.14164944 0.14693034 0.15816901 0.18559682 0.14027384 0.12109579 0.14596054 0.07017328 0.25376052 0.15963310 0.16850756 0.17548976 0.21372059 0.07429064 0.13396828 0.27815641 0.19291349 0.26293350 0.11659167 0.31622131 0.20976932 0.16003853 0.32730376 0.32050236 0.24023739 0.33916060 0.25595424 0.27698225 0.23499486 0.23092833 0.20970050 0.18113913 0.14797529 0.21942928 0.09827534 0.21596482 0.08148997 0.26531611 0.14399048 0.20597126 0.22862005 0.15577027 0.19945082 0.23928738 0.08507576 0.29286442 0.17206974 0.13440295 0.15054623 0.27338264 0.30236007 0.18941238 0.15081479 0.23738635 0.22375541 0.24332237 0.18217823 0.25743402 0.18645032 0.09223605 0.15091410 0.15592109 0.27762406 0.28785615 0.26522316 0.14713497 0.16317619 0.25840200 0.15794658 0.26147894 0.30173513 0.21461253 0.19778598 0.18893924 0.22179024 0.09438423 0.13531980 0.19368566 0.08666445 0.16531859 0.25703717 0.16399658 0.32698294 0.24211390 0.22184038 0.35665646 0.26170860 0.57433633 0.19072082 0.12782122 0.14507588 0.18144974 0.15567889 0.16014463 0.18756260 0.19501643 0.25961009 0.29408741 0.23926257 0.25066574 0.22199664 0.25567652 0.23131786 0.23216403 0.20433873 0.23078303 0.22902911 0.23408823 0.23708614 0.20132373 0.22951433 0.22568019 
0.23756812 0.29622173 0.29281467 0.23988739 0.23396521 0.28474873 0.32515775 0.22348937 0.24363746 0.30033349 0.37383380 0.20108046 0.27260334 0.23425784 0.30771989 0.10111443 0.23366405 0.24196589 0.44711716 0.41867372 0.87951613 1.54085815 0.69706125 0.89244273 0.00000000 0.98283656 0.42734317 0.48358152 0.32209444 0.16303468 0.37026566 0.27020670 0.27036841 0.17095827 0.16967409 0.15244241 0.15554025 0.12187990 0.25630359 0.15589527 0.17412517 0.10863402 0.11886773 0.23180757 0.22034726 0.16138336 0.19526043 0.19152167 0.24961615 0.13780999 0.16811270 0.19277745 0.19278797 0.25812507 0.25172908 0.45275025 0.21722752 0.24330558 0.31221947 0.28182445 0.30274810 0.26089221 0.09303278 0.28200192 0.16428086 0.25500865 0.05986714 0.24359178 0.28211988 0.14457974 0.18087419 0.16778255 0.20739794 0.20403673 0.23156097 0.19632146 0.19179818 0.28716257 0.30418136 0.17898786 0.22786733 0.31409480 0.26770151 0.25868992 0.26883361 0.17063473 0.19186346 0.25834836 0.22354722 0.29989737 0.15234914 0.26703957 0.19726677 0.27178345 0.31894565 0.25413093 0.21126109 0.19020197 0.20333857 0.20051068 0.15433152 0.27285914 0.24268868 0.21482119 0.21119672 0.17670510 0.21963720 0.26237469 0.13188904 0.11194452 0.08678260 0.21283092 0.07933979 0.18793980 0.16186136 0.20352028 0.21602073 0.17179793 0.23976502 0.19274681 0.29440528 0.19155987 0.18601329 0.16654409 0.23360639 0.14058412 0.20258191 0.18335859 0.23161151 0.20820217 0.22305385 0.23445578 0.23692343 0.20975761 0.20838483 0.29364898 0.20679229 0.24172928 0.28316974 0.24871577 0.22574652 0.25384804 0.25355593 0.24058392 
