0.00000000 0.20496963 0.27951700 0.27160864 0.12693445 0.16660043 0.07843279 0.11074697 0.21371914 0.09380841 0.10638772 0.10119233 0.12119355 0.22926162 0.12007825 0.10450776 0.21349951 0.19040754 0.14269351 0.09527563 0.14105148 0.17956861 0.11201998 0.10731290 0.14432716 0.13219302 0.11592587 0.15534037 0.26280341 0.05594709 0.09276138 0.14726819 0.18864971 0.17197779 0.17637600 0.15959107 0.11254289 0.12636916 0.17279828 0.12010786 0.08051029 0.13384855 0.14126815 0.10299580 0.18604577 0.15560803 0.12646883 0.06392651 0.11832551 0.12842909 0.12396595 0.09756021 0.12216104 0.11514895 0.13806347 0.18695715 0.17157819 0.12239110 0.19247881 0.17533928 0.08079356 0.12828128 0.08893068 0.07623207 0.19465821 0.18201325 0.19038384 0.05582511 0.09561785 0.09626997 0.09289770 0.11972753 0.19227502 0.09840123 0.17166783 0.18209194 0.24242971 0.18612945 0.13566793 0.19116281 0.19540882 0.14902041 0.13817151 
0.20496963 0.00000000 0.24380087 0.17309259 0.29899850 0.14472345 0.16322729 0.16061360 0.14610479 0.32394160 0.21302828 0.27374723 0.11671530 0.13855733 0.14013667 0.12683202 0.14474578 0.11682208 0.13783358 0.18578218 0.06001109 0.16003844 0.22883484 0.10400667 0.04744488 0.20610693 0.09661845 0.15195591 0.07625081 0.13649094 0.09390288 0.13181763 0.14774021 0.09943867 0.07979439 0.08528462 0.07719746 0.15047199 0.08202813 0.07851070 0.11584419 0.16693288 0.09985549 0.14625506 0.12655139 0.14333635 0.11875224 0.07368337 0.14575997 0.13544863 0.17166098 0.17197115 0.17178020 0.18463221 0.11945247 0.12906464 0.15731903 0.09341446 0.10594072 0.14365686 0.16994572 0.18449709 0.14823796 0.14517181 0.11884657 0.09469798 0.08587470 0.18492520 0.07195475 0.06977102 0.14863397 0.17541553 0.11759983 0.17599639 0.07182221 0.14688661 0.13493991 0.12650421 0.20645111 0.07325737 0.09267462 0.09906584 0.12098120 
0.27951700 0.24380087 0.00000000 0.40501190 0.12392762 0.09849475 0.13603563 0.17439779 0.17486150 0.14137995 0.13578414 0.19531652 0.20201218 0.13844949 0.16247249 0.32068595 0.11740370 0.14828626 0.09553346 0.06866401 0.13168372 0.13151836 0.13514000 0.08579520 0.13982543 0.15187090 0.18586487 0.09304431 0.15182382 0.17213815 0.04353184 0.11268936 0.21623388 0.13292231 0.08894095 0.04118282 0.06757219 0.10284733 0.18880885 0.15309347 0.09701317 0.11017179 0.18531525 0.14726422 0.10777862 0.08186706 0.24545332 0.09336146 0.04561531 0.21356459 0.15260748 0.11692710 0.16151578 0.11948421 0.06281267 0.10317375 0.14406434 0.16515741 0.26392879 0.39535147 0.08687778 0.13380422 0.07305267 0.01525048 0.12768724 0.08779726 0.08632882 0.13853866 0.04429198 0.08988541 0.16178117 0.10893389 0.19966063 0.13209824 0.13926836 0.15423779 0.20590413 0.29449560 0.11966016 0.25294239 0.04609315 0.14377787 0.15166457 
0.27160864 0.17309259 0.40501190 0.00000000 0.21568094 0.16813880 0.18852472 0.19818636 0.21004978 0.10829381 0.10531820 0.08107378 0.13315535 0.14834875 0.19850600 0.19524232 0.14689901 0.13590669 0.18024151 0.09091545 0.14150304 0.17472026 0.12993350 0.11361515 0.14056039 0.11254431 0.19058401 0.13080735 0.08883390 0.15436551 0.04923639 0.10440231 0.21009002 0.12265762 0.14833070 0.21769731 0.15185864 0.20488304 0.06072481 0.10557617 0.14089401 0.15042325 0.16056461 0.15806549 0.06547478 0.14307006 0.16532927 0.17574278 0.05261746 0.13682846 0.09842847 0.09096954 0.08022256 0.14120346 0.20898028 0.20640904 0.13055242 0.20410288 0.11483913 0.07860022 0.12541850 0.11949942 0.32817027 0.09672990 0.13023057 0.18468124 0.14025400 0.10597065 0.09166545 0.13601270 0.10670189 0.12163564 0.15325822 0.10837872 0.12171086 0.09166494 0.11260436 0.17756140 0.10379504 0.22993167 0.14562138 0.19473402 0.17353517 
0.12693445 0.29899850 0.12392762 0.21568094 0.00000000 0.20110441 0.19464482 0.15154618 0.32753060 0.14803810 0.13405971 0.11115745 0.15860333 0.10550518 0.17707995 0.12451720 0.09418458 0.11840443 0.08844737 0.11490835 0.10284476 0.14212716 0.17438692 0.15308693 0.14936228 0.17253837 0.16073821 0.17294160 0.21605297 0.12640111 0.09566042 0.13995834 0.22818753 0.12167124 0.16992896 0.13852497 0.16033224 0.13136677 0.12484961 0.21708138 0.16542501 0.10713787 0.13397277 0.22282729 0.12623550 0.12643152 0.14691319 0.15253285 0.11714002 0.10432650 0.11905690 0.11982009 0.08842723 0.13107644 0.09864649 0.10582043 0.16404309 0.14391522 0.08228058 0.10181812 0.14361215 0.13167378 0.14777764 0.08613844 0.09345345 0.15132775 0.06730952 0.20298168 0.15136905 0.17459588 0.11260105 0.16805730 0.12861745 0.15685181 0.10526709 0.20013464 0.13172937 0.09506972 0.15118420 0.18797913 0.19707481 0.11562584 0.13569728 
0.16660043 0.14472345 0.09849475 0.16813880 0.20110441 0.00000000 0.14438229 0.54750800 0.24911312 0.12316188 0.12239493 0.07791361 0.14548876 0.11571714 0.12706664 0.14274043 0.10967312 0.26995406 0.11633212 0.09974885 0.16177443 0.11702539 0.08903256 0.18206190 0.12131462 0.10346322 0.21086605 0.12879783 0.15869129 0.16479545 0.06830442 0.07803370 0.13035913 0.18044828 0.17841925 0.09314879 0.13921523 0.14524514 0.11281310 0.19354443 0.11714994 0.10274845 0.12873531 0.07877778 0.17530076 0.15855221 0.15122829 0.16286535 0.15659335 0.13684281 0.11047351 0.11103976 0.11325282 0.12232837 0.18857609 0.25211451 0.13902594 0.12103047 0.15847349 0.11166299 0.09685092 0.09762800 0.17236583 0.09942308 0.14759681 0.22571362 0.09727120 0.17248764 0.21156524 0.14887739 0.07597495 0.18392970 0.21680607 0.08658035 0.12742931 0.10441708 0.23878844 0.15147125 0.07873095 0.16928398 0.17832550 0.15443446 0.09849237 
0.07843279 0.16322729 0.13603563 0.18852472 0.19464482 0.14438229 0.00000000 0.15345737 0.20970467 0.27442701 0.18827324 0.23188194 0.23230199 0.13913295 0.11626432 0.23378888 0.17554575 0.19012778 0.08167391 0.14726008 0.07045064 0.10673268 0.24950303 0.07813054 0.07350044 0.15809160 0.15509650 0.08781664 0.10223788 0.13776123 0.06333893 0.08068504 0.16442077 0.08544572 0.13771220 0.13334682 0.10500033 0.09210012 0.11769379 0.15184366 0.14555739 0.08845413 0.14578556 0.13875559 0.07782613 0.13783077 0.10850216 0.15140143 0.15666546 0.11481576 0.14871124 0.13595323 0.38485113 0.10203445 0.08285553 0.15739619 0.18417244 0.14637489 0.08733660 0.44961265 0.10270336 0.16692225 0.17822057 0.10237069 0.07481808 0.07160986 0.15164963 0.13785501 0.17511782 0.09070826 0.10590359 0.11901347 0.07836114 0.13269314 0.10002185 0.14724232 0.09647602 0.11636046 0.18315119 0.11266987 0.10973290 0.11882478 0.10862225 
0.11074697 0.16061360 0.17439779 0.19818636 0.15154618 0.54750800 0.15345737 0.00000000 0.21013612 0.08251834 0.21635339 0.13589051 0.20078524 0.10690406 0.12386632 0.16623296 0.11607037 0.20238464 0.17063585 0.15071737 0.23054404 0.19628755 0.09330577 0.09241660 0.06716714 0.08505924 0.12156823 0.30033438 0.17139650 0.11961658 0.10031601 0.07144013 0.13723085 0.08013193 0.14375090 0.17721632 0.19655637 0.23875700 0.12638076 0.17807644 0.12062364 0.13112264 0.11176994 0.17035128 0.15882148 0.15550953 0.20067419 0.10881350 0.05678253 0.06581216 0.08269136 0.08714468 0.06874008 0.15736348 0.19027506 0.28433645 0.09900378 0.12734361 0.10351984 0.12539736 0.09649235 0.07964954 0.08034027 0.09041964 0.10992628 0.16343991 0.15244818 0.16475741 0.24340335 0.11937464 0.09320861 0.19714986 0.15574853 0.08103391 0.22811718 0.10669999 0.19600727 0.13940803 0.09033022 0.18350713 0.15769892 0.21085344 0.14134906 
0.21371914 0.14610479 0.17486150 0.21004978 0.32753060 0.24911312 0.20970467 0.21013612 0.00000000 0.12500697 0.26056268 0.17454292 0.18123712 0.15399035 0.10072678 0.13710254 0.06464408 0.05507168 0.17130400 0.11814831 0.14277127 0.09659140 0.11750615 0.08613375 0.16676570 0.10743874 0.15795542 0.07180466 0.15416852 0.19078874 0.07236082 0.02324517 0.14231422 0.15844570 0.15728626 0.12682679 0.15504291 0.13254470 0.13532559 0.22267945 0.18281962 0.12244557 0.25508262 0.23372489 0.36255832 0.13899664 0.07124839 0.14717863 0.10319872 0.12355360 0.10367051 0.12174200 0.05624393 0.13507015 0.11239580 0.21767075 0.11864026 0.12234357 0.17205146 0.12680956 0.09507424 0.09875780 0.08213218 0.03928759 0.14128149 0.14322584 0.14188466 0.14425777 0.12554990 0.17590835 0.20424027 0.08142499 0.07416975 0.07111954 0.16395030 0.35007831 0.12359696 0.17533812 0.11558737 0.23680393 0.11052297 0.16205640 0.13537680 
0.09380841 0.32394160 0.14137995 0.10829381 0.14803810 0.12316188 0.27442701 0.08251834 0.12500697 0.00000000 0.23123672 0.39864407 0.08163131 0.15487483 0.15428483 0.13149145 0.21095456 0.12596811 0.13130595 0.12916749 0.11165185 0.08982190 0.25644786 0.13738135 0.10681116 0.27050555 0.08069072 0.08775210 0.08865229 0.10376185 0.15212894 0.13137096 0.09202792 0.10729393 0.08411269 0.07967154 0.11585289 0.11916943 0.11638295 0.13332897 0.08950234 0.13413911 0.11115076 0.07789950 0.07761157 0.10135195 0.07384812 0.08906154 0.18393569 0.13783958 0.20684393 0.20167678 0.23939488 0.15738693 0.16671081 0.11903484 0.11962183 0.09450449 0.15852250 0.14784455 0.16296189 0.20168076 0.14434158 0.17337421 0.09306021 0.14499639 0.13385220 0.09642341 0.11237116 0.16233459 0.10088866 0.12539931 0.13423028 0.19005555 0.15471613 0.16549828 0.13442843 0.15236263 0.16041601 0.10369187 0.07586738 0.08289555 0.11151607 
0.10638772 0.21302828 0.13578414 0.10531820 0.13405971 0.12239493 0.18827324 0.21635339 0.26056268 0.23123672 0.00000000 0.23276886 0.17496229 0.07374078 0.17626486 0.10136663 0.14203523 0.15535342 0.08296862 0.15974822 0.22691407 0.10224940 0.18936423 0.12950161 0.14193177 0.11985296 0.15953963 0.15031766 0.10100131 0.13014705 0.10675896 0.13131284 0.13054156 0.14934231 0.13754223 0.22699652 0.10247543 0.20842413 0.15300938 0.13457968 0.11999398 0.15050966 0.13339581 0.20986956 0.55398239 0.30352745 0.28443487 0.14533491 0.07895177 0.13087503 0.12533476 0.13107365 0.10461457 0.20601634 0.09161788 0.20057869 0.11144536 0.08146926 0.09740375 0.05099914 0.14220660 0.12104036 0.11283152 0.07608730 0.05797269 0.14425244 0.11218333 0.12958535 0.10972203 0.05621206 0.09332395 0.06040455 0.12914123 0.10890226 0.07767112 0.13362879 0.12466343 0.09565129 0.10469275 0.14261519 0.14323428 0.11976122 0.19981114 
0.10119233 0.27374723 0.19531652 0.08107378 0.11115745 0.07791361 0.23188194 0.13589051 0.17454292 0.39864407 0.23276886 0.00000000 0.13794724 0.15306407 0.21040072 0.13172940 0.20176806 0.09814135 0.15145024 0.19587025 0.11841599 0.09295449 0.26111870 0.12261445 0.05938777 0.26527862 0.11356657 0.21935439 0.13328698 0.06849767 0.10689325 0.10802585 0.10768061 0.10404491 0.08036228 0.10463413 0.10605656 0.09998842 0.11903893 0.09711362 0.14341633 0.10589555 0.10196508 0.09928316 0.07705767 0.15932088 0.10444201 0.09004220 0.18000168 0.11887237 0.20206030 0.19203233 0.19533149 0.11792422 0.12311609 0.13984105 0.09274203 0.17327716 0.06695494 0.13634309 0.14916363 0.20145607 0.08873714 0.14370852 0.11538103 0.11264806 0.11593150 0.13730701 0.12947203 0.12276982 0.12981186 0.19939103 0.10028777 0.19031862 0.10108326 0.16563058 0.14683551 0.11810205 0.16274615 0.06788300 0.09451747 0.12175060 0.11455669 
0.12119355 0.11671530 0.20201218 0.13315535 0.15860333 0.14548876 0.23230199 0.20078524 0.18123712 0.08163131 0.17496229 0.13794724 0.00000000 0.19712744 0.35583783 0.21905672 0.20751924 0.15789330 0.12176623 0.10344024 0.19526146 0.19367502 0.12619569 0.15395898 0.17794527 0.11122194 0.13783582 0.11820271 0.14325920 0.19209325 0.15835599 0.11920969 0.11885961 0.09905542 0.21299643 0.22933774 0.14099035 0.16377157 0.16586763 0.18676849 0.12479423 0.04767360 0.12255115 0.13913145 0.17363920 0.02838914 0.17716641 0.22431274 0.18379537 0.28271533 0.10081800 0.10077331 0.08381426 0.10987414 0.17779891 0.18885574 0.11736593 0.23521240 0.12919509 0.15214317 0.08433125 0.09872936 0.07565604 0.13583333 0.09610694 0.09307091 0.06180877 0.12604769 0.12124248 0.12587302 0.15442891 0.06738841 0.13030836 0.09797933 0.06301238 0.10866861 0.19593582 0.15111610 0.17658357 0.19797430 0.14957978 0.18280414 0.10646898 
0.22926162 0.13855733 0.13844949 0.14834875 0.10550518 0.11571714 0.13913295 0.10690406 0.15399035 0.15487483 0.07374078 0.15306407 0.19712744 0.00000000 0.28287426 0.39706106 0.18695624 0.16173967 0.13993874 0.08109388 0.15690108 0.22362606 0.11027081 0.12680367 0.25393732 0.11230011 0.19268073 0.12178012 0.13959012 0.13175578 0.09290298 0.17616818 0.07041699 0.06747899 0.13485992 0.14127427 0.04916828 0.22419859 0.10582206 0.11866959 0.15858749 0.07626761 0.17250034 0.14507390 0.17370047 0.12675169 0.09341312 0.18372017 0.10410037 0.11052358 0.13445301 0.11910351 0.11720792 0.17631643 0.09842712 0.14436176 0.09378602 0.10612435 0.20653615 0.26830791 0.12602810 0.09856439 0.10423190 0.09178240 0.14609646 0.05242512 0.11404948 0.07331418 0.13895740 0.10323504 0.14044564 0.02834981 0.22498470 0.10694459 0.21236022 0.41134628 0.30628742 0.18283319 0.16188533 0.16274825 0.10535268 0.19071120 0.14610514 
0.12007825 0.14013667 0.16247249 0.19850600 0.17707995 0.12706664 0.11626432 0.12386632 0.10072678 0.15428483 0.17626486 0.21040072 0.35583783 0.28287426 0.00000000 0.19698502 0.10798953 0.12219447 0.18689732 0.11301685 0.13451971 0.32650944 0.11886717 0.12989735 0.14432100 0.11800165 0.15587149 0.16088564 0.08422655 0.15892597 0.07608974 0.10054704 0.10334285 0.06575018 0.11208640 0.14655537 0.11252642 0.11630899 0.21093130 0.13078940 0.13210202 0.18132407 0.14235436 0.17777201 0.08848352 0.17062017 0.14052458 0.17610467 0.19473448 0.14097014 0.12213954 0.11902682 0.13062872 0.15703968 0.06124598 0.19006257 0.15043525 0.02527798 0.23944566 0.18878495 0.10877403 0.09616314 0.11672382 0.12980960 0.12177441 0.11849233 0.14389625 0.23746792 0.19309991 0.18057597 0.10095975 0.05485460 0.07295200 0.11151722 0.09173476 0.08938697 0.14182706 0.17589210 0.11550551 0.21650457 0.17456078 0.14643386 0.18363029 
0.10450776 0.12683202 0.32068595 0.19524232 0.12451720 0.14274043 0.23378888 0.16623296 0.13710254 0.13149145 0.10136663 0.13172940 0.21905672 0.39706106 0.19698502 0.00000000 0.12090094 0.24391630 0.14813922 0.33022735 0.22493409 0.14926986 0.12369248 0.17454281 0.19382208 0.11015572 0.21223731 0.14403339 0.10333199 0.06165729 0.09683624 0.16082165 0.29174473 0.12168482 0.12046131 0.05362891 0.12184024 0.11329480 0.07200282 0.14312513 0.09117628 0.17485216 0.12465898 0.14858814 0.08352405 0.11245681 0.12928881 0.16589866 0.12063069 0.08130311 0.11389747 0.12503447 0.08552553 0.11019880 0.09029030 0.09923456 0.16271002 0.18951683 0.18159277 0.10159051 0.10304081 0.09767989 0.12992371 0.10074554 0.20162464 0.11583304 0.14788632 0.11097476 0.21333469 0.14404057 0.12560715 0.07476751 0.11896135 0.11889372 0.18043298 0.09565249 0.14009188 0.19508755 0.14419093 0.17152497 0.14248344 0.16323361 0.17156054 
0.21349951 0.14474578 0.11740370 0.14689901 0.09418458 0.10967312 0.17554575 0.11607037 0.06464408 0.21095456 0.14203523 0.20176806 0.20751924 0.18695624 0.10798953 0.12090094 0.00000000 0.14638877 0.24710902 0.24580208 0.19214224 0.12236516 0.19987508 0.18110749 0.12359648 0.16990942 0.08665211 0.13344264 0.11438781 0.17556405 0.21341694 0.15182172 0.07939839 0.14074059 0.09752056 0.11406437 0.12251136 0.21255185 0.14828162 0.12189696 0.07055007 0.08914024 0.19201879 0.17227380 0.10420672 0.07771212 0.10124484 0.05961704 0.08533565 0.18143027 0.14115506 0.14294655 0.07417888 0.11401982 0.11417200 0.08613801 0.14031055 0.16344727 0.08650704 0.03786804 0.16518343 0.15427974 0.09943330 0.18985633 0.15703306 0.12505764 0.24577084 0.10057257 0.19094315 0.23047224 0.24139165 0.23601810 0.08537532 0.16893826 0.15679034 0.10135872 0.11095571 0.13397132 0.14315034 0.07924777 0.15687260 0.11816320 0.08637453 
0.19040754 0.11682208 0.14828626 0.13590669 0.11840443 0.26995406 0.19012778 0.20238464 0.05507168 0.12596811 0.15535342 0.09814135 0.15789330 0.16173967 0.12219447 0.24391630 0.14638877 0.00000000 0.15699894 0.14159770 0.14001509 0.24779125 0.15017080 0.16755574 0.13188338 0.09130037 0.18082210 0.21823998 0.15923967 0.12677887 0.10876793 0.16836521 0.18376224 0.14029281 0.20079543 0.16361859 0.12846992 0.16040723 0.24095156 0.14202020 0.08657608 0.08699503 0.07869987 0.18465752 0.09274935 0.05344596 0.11345006 0.07341607 0.11692456 0.07428504 0.06539801 0.08112772 0.14682775 0.10751947 0.13751345 0.09427386 0.08663633 0.15883216 0.41166610 0.09646192 0.12690925 0.06778487 0.08307852 0.21186644 0.11248552 0.13776467 0.14453663 0.18024613 0.16323713 0.15487455 0.15994175 0.30140493 0.24177711 0.07051995 0.24675826 0.24538519 0.08078640 0.18435533 0.08927487 0.10604774 0.20151323 0.13660784 0.16047923 
0.14269351 0.13783358 0.09553346 0.18024151 0.08844737 0.11633212 0.08167391 0.17063585 0.17130400 0.13130595 0.08296862 0.15145024 0.12176623 0.13993874 0.18689732 0.14813922 0.24710902 0.15699894 0.00000000 0.21225350 0.35048088 0.17511686 0.19400162 0.14513892 0.12109738 0.19620598 0.12403423 0.14338644 0.08379717 0.18572278 0.14192868 0.17743261 0.19864015 0.15110678 0.19756255 0.15523882 0.12695156 0.16619673 0.14690396 0.14391982 0.14154627 0.17431350 0.14545420 0.12889626 0.05404666 0.06994688 0.11855333 0.08457657 0.09138817 0.10013553 0.11500423 0.10959792 0.12134464 0.11491256 0.00000000 0.11323396 0.10881381 0.08074143 0.08564684 0.15674107 0.07554400 0.09808450 0.17125290 0.11278247 0.16265741 0.18717263 0.15265774 0.15520382 0.15287787 0.12249937 0.18708952 0.79690398 0.15327198 0.10329063 0.12016732 0.07258702 0.20973417 0.13271043 0.10060398 0.07443897 0.10246322 0.11841193 0.16382144 
0.09527563 0.18578218 0.06866401 0.09091545 0.11490835 0.09974885 0.14726008 0.15071737 0.11814831 0.12916749 0.15974822 0.19587025 0.10344024 0.08109388 0.11301685 0.33022735 0.24580208 0.14159770 0.21225350 0.00000000 0.17250485 0.12013573 0.24211632 0.14366686 0.12603666 0.19813602 0.17329235 0.17220836 0.07626411 0.21698828 0.15263877 0.11657212 0.13152541 0.10931738 0.13785590 0.14447334 0.10086826 0.15094960 0.12018937 0.21622811 0.13875625 0.12932946 0.11482467 0.14883691 0.16021184 0.17443002 0.10886014 0.16932500 0.09290451 0.14144276 0.15199560 0.15601347 0.13157466 0.09882096 0.13194861 0.12756424 0.10792506 0.19174349 0.09957828 0.08474531 0.13525392 0.19265575 0.20679962 0.11582731 0.18527123 0.18160460 0.13952337 0.11686421 0.09588484 0.10045931 0.10134538 0.25358397 0.07535895 0.15654191 0.12304552 0.12648472 0.09002153 0.14267200 0.13766623 0.09218188 0.10207565 0.14242778 0.10686303 
0.14105148 0.06001109 0.13168372 0.14150304 0.10284476 0.16177443 0.07045064 0.23054404 0.14277127 0.11165185 0.22691407 0.11841599 0.19526146 0.15690108 0.13451971 0.22493409 0.19214224 0.14001509 0.35048088 0.17250485 0.00000000 0.22575901 0.05333064 0.16841090 0.14606974 0.10355833 0.17314599 0.08627097 0.12522384 0.11289605 0.16661545 0.23399076 0.18142345 0.16939963 0.18980696 0.19494616 0.14127773 0.16852028 0.18255842 0.07506847 0.11344035 0.12951111 0.08287622 0.17704969 0.15315975 0.11682651 0.07957722 0.11777127 0.16111452 0.14646832 0.08465796 0.10008977 0.06703428 0.11239588 0.18312269 0.13673858 0.16297036 0.11907208 0.07357789 0.07473012 0.11633060 0.07867585 0.21714618 0.15537818 0.14494017 0.42060886 0.16083472 0.11125787 0.45387971 0.10635848 0.12828893 0.39589726 0.04438950 0.06722092 0.18893944 0.07944791 0.10364106 0.07929970 0.09281599 0.18045891 0.05188265 0.13504510 0.15413437 
0.17956861 0.16003844 0.13151836 0.17472026 0.14212716 0.11702539 0.10673268 0.19628755 0.09659140 0.08982190 0.10224940 0.09295449 0.19367502 0.22362606 0.32650944 0.14926986 0.12236516 0.24779125 0.17511686 0.12013573 0.22575901 0.00000000 0.14247006 0.10424730 0.30419397 0.10597706 0.24412860 0.11586557 0.18531907 0.19653189 0.09578216 0.12957684 0.18667248 0.08571956 0.16179467 0.15389088 0.07108740 0.07375370 0.19691964 0.21658983 0.15752462 0.22793222 0.08329828 0.15517449 0.09284708 0.13527360 0.10649669 0.21963202 0.30387311 0.14923501 0.10713832 0.11704758 0.08557463 0.09865187 0.11547499 0.19665271 0.11404902 0.14293584 0.08458696 0.05218959 0.11901467 0.11247477 0.08640709 0.08901717 0.36831494 0.16986797 0.07974236 0.17345888 0.10437514 0.10169006 0.18088308 0.11196300 0.12761894 0.09493198 0.14580251 0.10531775 0.10135501 0.16107275 0.06650238 0.20513924 0.19221023 0.15098208 0.15674979 
0.11201998 0.22883484 0.13514000 0.12993350 0.17438692 0.08903256 0.24950303 0.09330577 0.11750615 0.25644786 0.18936423 0.26111870 0.12619569 0.11027081 0.11886717 0.12369248 0.19987508 0.15017080 0.19400162 0.24211632 0.05333064 0.14247006 0.00000000 0.17660983 0.08874897 0.34200731 0.11583922 0.13364028 0.09121451 0.11537642 0.18275187 0.14581591 0.09537322 0.13435614 0.11218595 0.10238656 0.13279368 0.12940059 0.09918723 0.08191955 0.12562237 0.11357998 0.10039407 0.12660776 0.09300137 0.15296587 0.09146977 0.09544233 0.17278462 0.13988285 0.24555774 0.19672521 0.17421095 0.15687036 0.10966087 0.08687926 0.09809569 0.10990595 0.12597010 0.12233149 0.17392859 0.25231453 0.13232466 0.13328592 0.10723404 0.11055210 0.10524104 0.09951116 0.09475518 0.12717935 0.11609302 0.18031233 0.11338700 0.20393205 0.07935537 0.13803962 0.11679399 0.12444752 0.19023280 0.11873675 0.06368907 0.09303481 0.12285616 
0.10731290 0.10400667 0.08579520 0.11361515 0.15308693 0.18206190 0.07813054 0.09241660 0.08613375 0.13738135 0.12950161 0.12261445 0.15395898 0.12680367 0.12989735 0.17454281 0.18110749 0.16755574 0.14513892 0.14366686 0.16841090 0.10424730 0.17660983 0.00000000 0.20605237 0.15705662 0.18764676 0.18775332 0.30572588 0.20122549 0.71163273 0.50724984 0.12010292 0.34106602 0.06213189 0.08566954 0.16356680 0.15857353 0.15359930 0.05225922 0.15590950 0.13962571 0.06103171 0.09295753 0.16868193 0.15696701 0.08918571 0.06552766 0.09256241 0.13944914 0.10975771 0.11633132 0.09042781 0.10655946 0.14375013 0.13326836 0.06202091 0.07950264 0.05647273 0.01885822 0.13394029 0.11641320 0.09992703 0.36851596 0.22610448 0.21300584 0.17345751 0.10468702 0.21079228 0.20281535 0.09233310 0.09242573 0.07453274 0.11496575 0.15085402 0.04437724 0.10495590 0.06960361 0.13132102 0.11480049 0.07182558 0.04532757 0.06857726 
0.14432716 0.04744488 0.13982543 0.14056039 0.14936228 0.12131462 0.07350044 0.06716714 0.16676570 0.10681116 0.14193177 0.05938777 0.17794527 0.25393732 0.14432100 0.19382208 0.12359648 0.13188338 0.12109738 0.12603666 0.14606974 0.30419397 0.08874897 0.20605237 0.00000000 0.10401662 0.75029838 0.20724210 0.17789176 0.16659378 0.21344017 0.09940363 0.20380150 0.13870851 0.16350374 0.11294940 0.15124444 0.13406085 0.10144398 0.14551364 0.18475022 0.13113630 0.14011046 0.08632461 0.11645384 0.10488317 0.11530074 0.45281553 0.18796218 0.12100287 0.11627691 0.08170440 0.08064279 0.08190453 0.11200997 0.10379514 0.11733925 0.21039418 0.07620525 0.05812019 0.10956746 0.07145107 0.14005234 0.12171908 0.22409748 0.18222383 0.13785373 0.12744013 0.12695733 0.21075300 0.14564694 0.06340124 0.16054250 0.05174979 0.12570163 0.12977898 0.05438423 0.26649281 0.08717640 0.12809523 0.18391955 0.20513339 0.13695035 
0.13219302 0.20610693 0.15187090 0.11254431 0.17253837 0.10346322 0.15809160 0.08505924 0.10743874 0.27050555 0.11985296 0.26527862 0.11122194 0.11230011 0.11800165 0.11015572 0.16990942 0.09130037 0.19620598 0.19813602 0.10355833 0.10597706 0.34200731 0.15705662 0.10401662 0.00000000 0.14910757 0.12713188 0.10451349 0.09516658 0.17355187 0.14585086 0.10218658 0.12634645 0.08676193 0.12678504 0.13182415 0.10949710 0.08357338 0.08195191 0.11625253 0.09926166 0.10338429 0.09537645 0.09305736 0.10999937 0.08217560 0.09137006 0.16996338 0.14893807 0.25861499 0.23067970 0.24074876 0.16276532 0.12650373 0.08936835 0.08015010 0.14061154 0.09236296 0.21165755 0.22996637 0.25504963 0.15180464 0.15832654 0.11099296 0.10308407 0.09524874 0.12222519 0.09859935 0.09880235 0.12636292 0.19282028 0.11836102 0.24880131 0.10541877 0.16078305 0.10241966 0.09720641 0.22302893 0.09473591 0.09473733 0.10149870 0.12515804 
0.11592587 0.09661845 0.18586487 0.19058401 0.16073821 0.21086605 0.15509650 0.12156823 0.15795542 0.08069072 0.15953963 0.11356657 0.13783582 0.19268073 0.15587149 0.21223731 0.08665211 0.18082210 0.12403423 0.17329235 0.17314599 0.24412860 0.11583922 0.18764676 0.75029838 0.14910757 0.00000000 0.31574976 0.23482404 0.21933995 0.16627675 0.13029708 0.19367438 0.11175041 0.13803315 0.04001832 0.04744313 0.09651144 0.12630511 0.11197020 0.09692370 0.17050743 0.09316341 0.11187775 0.08514889 0.11064291 0.13335318 0.24447315 0.10400298 0.18801971 0.08435056 0.09543787 0.06844705 0.11757630 0.12026651 0.15595791 0.12292732 0.17072025 0.13992046 0.23614943 0.10846534 0.12047955 0.08048777 0.12910323 0.10356428 0.05211110 0.13292827 0.04837017 0.13290294 0.19360613 0.08844712 0.01005148 0.12967788 0.10118263 0.18306365 0.17997088 0.10159612 0.13122376 0.10510069 0.11947830 0.21788671 0.14918072 0.15774775 
0.15534037 0.15195591 0.09304431 0.13080735 0.17294160 0.12879783 0.08781664 0.30033438 0.07180466 0.08775210 0.15031766 0.21935439 0.11820271 0.12178012 0.16088564 0.14403339 0.13344264 0.21823998 0.14338644 0.17220836 0.08627097 0.11586557 0.13364028 0.18775332 0.20724210 0.12713188 0.31574976 0.00000000 0.20406028 0.16594422 0.12995319 0.15123725 0.14267759 0.10284160 0.19654814 0.09567725 0.15908944 0.15988073 0.15487663 0.21934407 0.14392351 0.12652778 0.18895092 0.12312957 0.13938853 0.25451712 0.09099829 0.11427002 0.09572464 0.18605012 0.09629871 0.10633877 0.14071448 0.12473842 0.11546527 0.18646168 0.18169386 0.17897051 0.09923607 0.23109309 0.13063664 0.13406072 0.12478258 0.09687565 0.08196798 0.13693416 0.14514910 0.16836986 0.12011887 0.14968238 0.08335393 0.12986381 0.09936326 0.11489386 0.22618542 0.15540140 0.09948131 0.18387806 0.12145422 0.19978728 0.14610517 0.10667116 0.09118556 
0.26280341 0.07625081 0.15182382 0.08883390 0.21605297 0.15869129 0.10223788 0.17139650 0.15416852 0.08865229 0.10100131 0.13328698 0.14325920 0.13959012 0.08422655 0.10333199 0.11438781 0.15923967 0.08379717 0.07626411 0.12522384 0.18531907 0.09121451 0.30572588 0.17789176 0.10451349 0.23482404 0.20406028 0.00000000 0.22500555 0.34013950 0.22089917 0.17210929 0.53606732 0.20030193 0.15663557 0.20641726 0.12429854 0.16280481 0.21977352 0.14048656 0.15212391 0.13739491 0.09377927 0.14494123 0.08516211 0.23243967 0.13525282 0.10535805 0.07332781 0.10472427 0.08775650 0.07892034 0.09210183 0.12896421 0.13275347 0.07820880 0.11104801 0.08727118 0.05505464 0.10846825 0.09835062 0.16697905 0.20820263 0.13957248 0.15890184 0.10653685 0.14121595 0.13820112 0.24690831 0.12699937 0.08743799 0.13926826 0.10152019 0.11596993 0.26340359 0.25230511 0.08888096 0.08155022 0.10986034 0.10606549 0.11834757 0.12349979 
0.05594709 0.13649094 0.17213815 0.15436551 0.12640111 0.16479545 0.13776123 0.11961658 0.19078874 0.10376185 0.13014705 0.06849767 0.19209325 0.13175578 0.15892597 0.06165729 0.17556405 0.12677887 0.18572278 0.21698828 0.11289605 0.19653189 0.11537642 0.20122549 0.16659378 0.09516658 0.21933995 0.16594422 0.22500555 0.00000000 0.23222468 0.17381942 0.22038294 0.14994218 0.18082932 0.13132215 0.13091526 0.15747404 0.17136045 0.25360034 0.07945132 0.17407412 0.18322098 0.23959051 0.09990761 0.08954965 0.18846253 0.18612892 0.11447187 0.14183339 0.10703170 0.11123537 0.11822562 0.09063419 0.06953371 0.09404892 0.11894476 0.12285839 0.19414973 0.03345822 0.09254314 0.07777666 0.10384557 0.06150618 0.26554177 0.13879733 0.24146202 0.20488591 0.15450146 0.25316800 0.10143900 0.09018604 0.10438584 0.08971600 0.22587121 0.14073893 0.11140843 0.16652556 0.15051517 0.20883642 0.24324896 0.14864707 0.14593028 
0.09276138 0.09390288 0.04353184 0.04923639 0.09566042 0.06830442 0.06333893 0.10031601 0.07236082 0.15212894 0.10675896 0.10689325 0.15835599 0.09290298 0.07608974 0.09683624 0.21341694 0.10876793 0.14192868 0.15263877 0.16661545 0.09578216 0.18275187 0.71163273 0.21344017 0.17355187 0.16627675 0.12995319 0.34013950 0.23222468 0.00000000 0.46583928 0.11131809 0.30785989 0.07195156 0.09891524 0.14874831 0.21388341 0.07689710 0.10192373 0.20733135 0.16962284 0.14252586 0.05482274 0.13438481 0.09589367 0.15086171 0.08282667 0.16420038 0.09734333 0.11901547 0.13305368 0.07210083 0.08840263 0.11893042 0.13914153 0.07360187 0.07680693 0.17235146 0.00839283 0.10971982 0.11518721 0.19273336 0.30389511 0.23805202 0.25728789 0.16403064 0.18448277 0.16760017 0.26025377 0.17346052 0.13893268 0.09272208 0.12912511 0.10426896 0.12093430 0.10808609 0.08289851 0.10454040 0.11335523 0.12972893 0.06449736 0.07287522 
0.14726819 0.13181763 0.11268936 0.10440231 0.13995834 0.07803370 0.08068504 0.07144013 0.02324517 0.13137096 0.13131284 0.10802585 0.11920969 0.17616818 0.10054704 0.16082165 0.15182172 0.16836521 0.17743261 0.11657212 0.23399076 0.12957684 0.14581591 0.50724984 0.09940363 0.14585086 0.13029708 0.15123725 0.22089917 0.17381942 0.46583928 0.00000000 0.21646043 0.34650057 0.14679440 0.13711747 0.12243331 0.14782150 0.07774218 0.14214758 0.14328077 0.16355711 0.10024681 0.14009561 0.04241197 0.10404047 0.02984208 0.05540349 0.17294011 0.11968749 0.11693843 0.13553735 0.09969090 0.07235638 0.12254350 0.11441531 0.05976750 0.11524697 0.06343094 0.09120995 0.08584313 0.12269153 0.15505990 0.42910772 0.23698640 0.34798172 0.22854781 0.16916121 0.14107030 0.24965000 0.17293626 0.14401321 0.04850931 0.11478335 0.10742512 0.16439877 0.12090914 0.12696599 0.10842444 0.12641320 0.12289587 0.02505971 0.08651922 
0.18864971 0.14774021 0.21623388 0.21009002 0.22818753 0.13035913 0.16442077 0.13723085 0.14231422 0.09202792 0.13054156 0.10768061 0.11885961 0.07041699 0.10334285 0.29174473 0.07939839 0.18376224 0.19864015 0.13152541 0.18142345 0.18667248 0.09537322 0.12010292 0.20380150 0.10218658 0.19367438 0.14267759 0.17210929 0.22038294 0.11131809 0.21646043 0.00000000 0.17323165 0.14034743 0.13767575 0.21959574 0.16301881 0.19602689 0.13563786 0.12153019 0.11990226 0.12961685 0.16296988 0.12517094 0.11923434 0.08021214 0.17282323 0.08960059 0.14801173 0.11036923 0.09149603 0.14408739 0.14708431 0.14830707 0.12669196 0.20548225 0.11900940 0.15550811 0.17950167 0.06128758 0.09567637 0.22060656 0.05013348 0.12937174 0.12485248 0.16411647 0.17159777 0.11975633 0.14227411 0.14652149 0.21247348 0.16774906 0.09094315 0.22464635 0.13134714 0.13351387 0.16920141 0.10929156 0.10297967 0.13228841 0.15016997 0.18215811 
0.17197779 0.09943867 0.13292231 0.12265762 0.12167124 0.18044828 0.08544572 0.08013193 0.15844570 0.10729393 0.14934231 0.10404491 0.09905542 0.06747899 0.06575018 0.12168482 0.14074059 0.14029281 0.15110678 0.10931738 0.16939963 0.08571956 0.13435614 0.34106602 0.13870851 0.12634645 0.11175041 0.10284160 0.53606732 0.14994218 0.30785989 0.34650057 0.17323165 0.00000000 0.24265891 0.23450946 0.26680296 0.17741612 0.19891525 0.11970663 0.15729637 0.20442598 0.08536049 0.12828141 0.18611545 0.11558605 0.10990964 0.11015641 0.10180163 0.16128967 0.12329306 0.11791516 0.09705444 0.01915794 0.13557379 0.13033149 0.03859596 0.13004127 0.08636185 0.05345771 0.11020638 0.11382836 0.15364511 0.20592640 0.17486344 0.20201746 0.11466351 0.10911110 0.21349805 0.22098637 0.23307389 0.08729775 0.17357345 0.11771069 0.12723221 0.14579683 0.09876919 0.08347257 0.09434558 0.12904336 0.11472144 0.07309784 0.08784315 
0.17637600 0.07979439 0.08894095 0.14833070 0.16992896 0.17841925 0.13771220 0.14375090 0.15728626 0.08411269 0.13754223 0.08036228 0.21299643 0.13485992 0.11208640 0.12046131 0.09752056 0.20079543 0.19756255 0.13785590 0.18980696 0.16179467 0.11218595 0.06213189 0.16350374 0.08676193 0.13803315 0.19654814 0.20030193 0.18082932 0.07195156 0.14679440 0.14034743 0.24265891 0.00000000 0.36249312 0.20051966 0.17007246 0.21695306 0.22483856 0.14224141 0.14493101 0.14404601 0.07812905 0.13513822 0.04774188 0.14105059 0.21975755 0.13156916 0.15534701 0.11668871 0.10643099 0.12608388 0.07049380 0.15172132 0.20689526 0.16028082 0.21066813 0.17446618 0.09646200 0.11858750 0.08848771 0.22312856 0.13726752 0.10397241 0.07821207 0.17461110 0.15093517 0.19387681 0.13387307 0.17116543 0.08385236 0.13416463 0.10710554 0.16545956 0.09119027 0.15056112 0.14798245 0.11982498 0.21478072 0.21685961 0.18978879 0.14176341 
0.15959107 0.08528462 0.04118282 0.21769731 0.13852497 0.09314879 0.13334682 0.17721632 0.12682679 0.07967154 0.22699652 0.10463413 0.22933774 0.14127427 0.14655537 0.05362891 0.11406437 0.16361859 0.15523882 0.14447334 0.19494616 0.15389088 0.10238656 0.08566954 0.11294940 0.12678504 0.04001832 0.09567725 0.15663557 0.13132215 0.09891524 0.13711747 0.13767575 0.23450946 0.36249312 0.00000000 0.21489149 0.20877666 0.16558850 0.41869457 0.33439286 0.17564705 0.23862188 0.20778616 0.11739484 0.08933580 0.09797857 0.09987053 0.12365823 0.13551252 0.12051392 0.10136330 0.13429450 0.07986779 0.17922246 0.10212986 0.26404689 0.14729799 0.16136859 0.12396213 0.09630277 0.10115623 0.22112640 0.09901014 0.10297903 0.11904140 0.14578524 0.13739687 0.03268134 0.21889387 0.11773622 0.14967234 0.07501956 0.10811372 0.13562453 0.17117999 0.16966139 0.19219707 0.11700156 0.13961144 0.19563391 0.14265897 0.16385813 
0.11254289 0.07719746 0.06757219 0.15185864 0.16033224 0.13921523 0.10500033 0.19655637 0.15504291 0.11585289 0.10247543 0.10605656 0.14099035 0.04916828 0.11252642 0.12184024 0.12251136 0.12846992 0.12695156 0.10086826 0.14127773 0.07108740 0.13279368 0.16356680 0.15124444 0.13182415 0.04744313 0.15908944 0.20641726 0.13091526 0.14874831 0.12243331 0.21959574 0.26680296 0.20051966 0.21489149 0.00000000 0.30721390 0.26998229 0.26477645 0.19329776 0.25132592 0.27632310 0.12866401 0.27029670 0.11940308 0.17741055 0.10278280 0.09082694 0.05112801 0.14636318 0.10220734 0.09150851 0.26096919 0.15505982 0.17121742 0.09260704 0.18102851 0.13322830 0.18008973 0.11799679 0.11362061 0.18617003 0.07482630 0.18910831 0.08605201 0.18156630 0.16184988 0.08758035 0.11908932 0.09667532 0.23145267 0.10903143 0.12090200 0.15545063 0.10997783 0.15030143 0.15850346 0.10263848 0.18101722 0.20775262 0.12572017 0.09616031 
0.12636916 0.15047199 0.10284733 0.20488304 0.13136677 0.14524514 0.09210012 0.23875700 0.13254470 0.11916943 0.20842413 0.09998842 0.16377157 0.22419859 0.11630899 0.11329480 0.21255185 0.16040723 0.16619673 0.15094960 0.16852028 0.07375370 0.12940059 0.15857353 0.13406085 0.10949710 0.09651144 0.15988073 0.12429854 0.15747404 0.21388341 0.14782150 0.16301881 0.17741612 0.17007246 0.20877666 0.30721390 0.00000000 0.23940119 0.17914837 0.33937656 0.22976116 0.27580509 0.18827228 0.18828640 0.13147141 0.18510779 0.05160440 0.17522195 0.10701664 0.10941834 0.10115262 0.13092081 0.10777975 0.11687031 0.20641596 0.10165910 0.18337388 0.09899398 0.09496131 0.10158314 0.10676994 0.09821565 0.09210321 0.12979895 0.04904780 0.14726041 0.22022393 0.05779262 0.12324808 0.13621523 0.09869693 0.14486132 0.09860296 0.10375353 0.07750205 0.11342910 0.12854379 0.12143558 0.18590570 0.16443713 0.11289617 0.10391780 
0.17279828 0.08202813 0.18880885 0.06072481 0.12484961 0.11281310 0.11769379 0.12638076 0.13532559 0.11638295 0.15300938 0.11903893 0.16586763 0.10582206 0.21093130 0.07200282 0.14828162 0.24095156 0.14690396 0.12018937 0.18255842 0.19691964 0.09918723 0.15359930 0.10144398 0.08357338 0.12630511 0.15487663 0.16280481 0.17136045 0.07689710 0.07774218 0.19602689 0.19891525 0.21695306 0.16558850 0.26998229 0.23940119 0.00000000 0.26917261 0.21979303 0.21131781 0.22590179 0.21973090 0.10797710 0.20267994 0.20154715 0.23256341 0.07748606 0.13788335 0.08454651 0.09192766 0.11324505 0.06471617 0.02526091 0.16224962 0.12968304 0.13925138 0.14039175 0.13337161 0.09803204 0.10502466 0.16307595 0.12589266 0.19662245 0.10194138 0.06484150 0.18721132 0.10445698 0.05531541 0.25109017 0.12159043 0.14846149 0.09839897 0.14909427 0.30610246 0.11133539 0.14010497 0.18073491 0.12801973 0.19231701 0.16010849 0.16224563 
0.12010786 0.07851070 0.15309347 0.10557617 0.21708138 0.19354443 0.15184366 0.17807644 0.22267945 0.13332897 0.13457968 0.09711362 0.18676849 0.11866959 0.13078940 0.14312513 0.12189696 0.14202020 0.14391982 0.21622811 0.07506847 0.21658983 0.08191955 0.05225922 0.14551364 0.08195191 0.11197020 0.21934407 0.21977352 0.25360034 0.10192373 0.14214758 0.13563786 0.11970663 0.22483856 0.41869457 0.26477645 0.17914837 0.26917261 0.00000000 0.29826058 0.08850903 0.17351801 0.14875379 0.15740607 0.17116886 0.10816195 0.15684055 0.15664993 0.04604618 0.08341094 0.06864149 0.14007004 0.08750711 0.18526819 0.19166251 0.15983502 0.18965132 0.19959995 0.12143504 0.07782568 0.08263808 0.10579432 0.11427702 0.13296423 0.12209877 0.09374969 0.17538292 0.11607777 0.15019923 0.09457410 0.12116050 0.17694294 0.07321154 0.12643495 0.14849174 0.14856466 0.12256568 0.09836760 0.14623075 0.18802363 0.16053411 0.11814813 
0.08051029 0.11584419 0.09701317 0.14089401 0.16542501 0.11714994 0.14555739 0.12062364 0.18281962 0.08950234 0.11999398 0.14341633 0.12479423 0.15858749 0.13210202 0.09117628 0.07055007 0.08657608 0.14154627 0.13875625 0.11344035 0.15752462 0.12562237 0.15590950 0.18475022 0.11625253 0.09692370 0.14392351 0.14048656 0.07945132 0.20733135 0.14328077 0.12153019 0.15729637 0.14224141 0.33439286 0.19329776 0.33937656 0.21979303 0.29826058 0.00000000 0.36359959 0.23050947 0.19871352 0.19283202 0.11521160 0.17245641 0.06473402 0.21097083 0.12798214 0.13424099 0.12340462 0.09799756 0.16519785 0.19235981 0.10716514 0.24262946 0.09443549 0.17182845 0.17043557 0.07457771 0.09759933 0.12917256 0.13581606 0.11178520 0.11387030 0.12500447 0.08650013 0.16797848 0.15562130 0.08181027 0.11182961 0.10232852 0.10459687 0.11993192 0.15621670 0.10421851 0.15391083 0.08790430 0.13161748 0.14172017 0.15965404 0.15887854 
0.13384855 0.16693288 0.11017179 0.15042325 0.10713787 0.10274845 0.08845413 0.13112264 0.12244557 0.13413911 0.15050966 0.10589555 0.04767360 0.07626761 0.18132407 0.17485216 0.08914024 0.08699503 0.17431350 0.12932946 0.12951111 0.22793222 0.11357998 0.13962571 0.13113630 0.09926166 0.17050743 0.12652778 0.15212391 0.17407412 0.16962284 0.16355711 0.11990226 0.20442598 0.14493101 0.17564705 0.25132592 0.22976116 0.21131781 0.08850903 0.36359959 0.00000000 0.21516902 0.30280321 0.11852727 0.24541532 0.13622461 0.14385913 0.15654020 0.11990798 0.13176315 0.12450514 0.10207183 0.15402712 0.08006914 0.11865926 0.09234133 0.08748118 0.13495578 0.11988483 0.11401477 0.14807406 0.14669770 0.14627362 0.15653014 0.12784199 0.11233930 0.22683071 0.12230618 0.14902888 0.11994230 0.14204368 0.11456919 0.13138305 0.12450514 0.15325834 0.12789497 0.12669848 0.15918083 0.14163439 0.11784591 0.16072069 0.13451626 
0.14126815 0.09985549 0.18531525 0.16056461 0.13397277 0.12873531 0.14578556 0.11176994 0.25508262 0.11115076 0.13339581 0.10196508 0.12255115 0.17250034 0.14235436 0.12465898 0.19201879 0.07869987 0.14545420 0.11482467 0.08287622 0.08329828 0.10039407 0.06103171 0.14011046 0.10338429 0.09316341 0.18895092 0.13739491 0.18322098 0.14252586 0.10024681 0.12961685 0.08536049 0.14404601 0.23862188 0.27632310 0.27580509 0.22590179 0.17351801 0.23050947 0.21516902 0.00000000 0.42638172 0.30429360 0.15636156 0.27331150 0.13961720 0.16959453 0.15270235 0.14503902 0.09453268 0.08604755 0.07216317 0.26546423 0.07873730 0.14559650 0.12745016 0.17351208 0.23628855 0.08638098 0.09001945 0.07220513 0.02663445 0.07857101 0.09210336 0.09581722 0.12559637 0.15124272 0.22506518 0.06352141 0.14035820 0.12045422 0.08432108 0.29020111 0.06611479 0.11688326 0.23868445 0.09020757 0.13169248 0.13362594 0.16259634 0.18162492 
