0.00000000 0.15873391 0.16066347 0.15028175 0.14040031 0.14309862 0.14154281 0.13842449 0.14506614 0.13944821 0.13407965 0.15554741 0.13928552 0.14103654 0.14341245 0.14012510 0.13777140 0.14684978 0.13478411 0.14116473 0.14311464 0.13347193 0.13943762 0.13275667 0.14861980 0.14839256 0.15024078 0.13456479 0.14397211 0.13939483 0.14118423 0.13128791 0.13969679 0.15581730 0.13714291 0.13944211 0.14426733 0.13856837 0.12968142 0.12847444 0.13885268 0.13153447 0.14570990 0.13791206 0.14014337 0.13316202 0.14794972 0.14395795 0.13349365 0.13679007 0.13281347 0.12967167 0.13961640 0.13468558 0.13871644 0.13006603 0.13909285 0.13366991 0.13700470 0.14101425 0.13563078 0.14154278 0.13844088 0.14102798 0.13952596 0.13250799 0.15428913 0.13078335 0.13867870 0.13004207 0.12887716 0.13594674 0.13995971 0.14002318 0.13679893 0.13663769 0.13404607 0.13981554 0.13290664 0.13401567 0.13630451 0.14085514 0.14814135 0.13412919 0.13553716 0.12792385 0.15755815 0.12927172 0.13330566 0.13121400 0.13271860 0.13687335 0.13512914 0.14436702 0.13380177 0.13628934 0.13523557 0.13725393 0.14159943 0.13550682 0.13335766 0.15061320 0.13006073 0.14115704 0.14014397 0.12971704 0.14033342 0.12955248 0.13083258 0.13369183 0.14979074 0.12849242 0.13037517 0.14018868 0.13581645 0.14968246 0.14221571 0.14111216 0.14649145 0.14028419 0.13832894 0.13782105 0.14138298 0.14377288 0.13832925 0.13968431 0.14740368 0.13673404 0.14379723 0.13630891 0.13406139 0.13427665 0.15227275 0.13935414 0.14397347 0.13163355 
0.15873391 0.00000000 0.22904526 0.20266138 0.16173175 0.16208769 0.13747791 0.13688600 0.13918098 0.12674863 0.12550039 0.15984392 0.12406127 0.13093468 0.13449112 0.12837217 0.13407727 0.12739755 0.12811080 0.17060559 0.11337825 0.15762019 0.15856943 0.13818112 0.13880943 0.12845898 0.13601495 0.15235902 0.14889596 0.12428285 0.15980691 0.10852815 0.13302305 0.14857975 0.13335425 0.14114190 0.13577470 0.12626418 0.13044869 0.13450108 0.13912234 0.15044304 0.13446351 0.15637644 0.13737826 0.14508511 0.12125549 0.16849059 0.13316881 0.14096293 0.11655442 0.13960709 0.15850823 0.12221103 0.16181022 0.13150962 0.13633072 0.14576135 0.13063508 0.15008003 0.13072187 0.13619121 0.15358418 0.13443140 0.12319323 0.12997454 0.13267628 0.14018796 0.14586193 0.12978268 0.12939744 0.12541069 0.14993672 0.15516600 0.13448907 0.12928794 0.11811518 0.13015466 0.13906026 0.11357062 0.16327842 0.12905924 0.12795892 0.12045838 0.14423198 0.12430442 0.14216252 0.12825671 0.12882592 0.12109343 0.13360990 0.13331368 0.12646736 0.12770012 0.13354350 0.13673597 0.15926662 0.13577011 0.14998710 0.16463067 0.13366943 0.14889610 0.12448925 0.13588638 0.14430276 0.13577401 0.12913267 0.12288372 0.12770902 0.13811024 0.11611101 0.12590721 0.14239864 0.14384011 0.17443562 0.12212909 0.14889176 0.14299738 0.12961289 0.13502965 0.15406708 0.15741063 0.14691644 0.14201025 0.13967518 0.11204489 0.14551047 0.12921624 0.13746809 0.15323548 0.14491251 0.14224641 0.15039263 0.12509308 0.13974381 0.13241464 
0.16066347 0.22904526 0.00000000 0.24424910 0.20343948 0.17127108 0.17264865 0.14614828 0.14385741 0.15422749 0.15039217 0.16542505 0.11811144 0.12566471 0.13184992 0.10525204 0.11777198 0.15367669 0.15403675 0.12895948 0.12996286 0.13455258 0.13420657 0.10987414 0.13756592 0.13792249 0.14165521 0.13126976 0.14795602 0.13183880 0.14379088 0.11984993 0.14596686 0.14258166 0.12195662 0.12520407 0.13330442 0.12594006 0.13861070 0.12878614 0.14023586 0.12587872 0.13055445 0.14462345 0.13455112 0.15059394 0.15788542 0.12539824 0.14494843 0.14097024 0.13040717 0.11633034 0.13298556 0.13639682 0.13208355 0.12048107 0.11411709 0.15349257 0.12875754 0.13469832 0.13881044 0.12037949 0.11786165 0.13581125 0.14294732 0.14536125 0.14708883 0.14682411 0.13635817 0.11627805 0.12788193 0.17926785 0.16327158 0.15914700 0.12984214 0.13751971 0.14686144 0.13114296 0.12742785 0.13285674 0.14141667 0.11848090 0.12685123 0.10983164 0.11308720 0.11592211 0.13135880 0.12298735 0.12070448 0.12152123 0.14084029 0.14988071 0.13795977 0.12628980 0.10903570 0.13389918 0.14904602 0.12979474 0.17563009 0.14422717 0.13629736 0.15923414 0.12417513 0.13407098 0.14870753 0.12541475 0.13381352 0.11380766 0.11816186 0.12149673 0.13248353 0.13273009 0.14703884 0.12865691 0.14824285 0.11865065 0.14147497 0.14008645 0.12067016 0.15111526 0.14665026 0.14369207 0.13704783 0.17857053 0.14407783 0.13385568 0.15406747 0.14665869 0.13306207 0.13958556 0.17835502 0.12378580 0.17082411 0.16622760 0.15031860 0.13443014 
0.15028175 0.20266138 0.24424910 0.00000000 0.20875564 0.19164417 0.14467067 0.14774666 0.13065109 0.15859486 0.10482406 0.13053194 0.11213881 0.12278169 0.12812258 0.12442585 0.13805349 0.19575105 0.12053660 0.11537953 0.14743950 0.16350557 0.17714172 0.15019089 0.13759285 0.18240764 0.15218535 0.14453715 0.17863287 0.13293856 0.13154976 0.09871419 0.11366976 0.13431100 0.14077196 0.15558661 0.09908164 0.11175756 0.15605516 0.13128545 0.14303901 0.11849688 0.15195993 0.14627299 0.15057052 0.11431869 0.08416263 0.13364183 0.18884559 0.13293025 0.15794528 0.12693984 0.12715518 0.10738846 0.15706027 0.12967649 0.13552509 0.11839261 0.19750555 0.13783433 0.13971898 0.14256844 0.13610252 0.12906555 0.12593978 0.13690184 0.12433446 0.16597544 0.14897868 0.13778337 0.10577089 0.10048846 0.13782515 0.12664182 0.10891891 0.12664870 0.13480169 0.12921946 0.12937302 0.11076501 0.12717166 0.14103074 0.13344735 0.13564718 0.10091133 0.08974621 0.14581998 0.13885794 0.13981958 0.16616540 0.14516846 0.14992374 0.13785312 0.14096682 0.13765564 0.10976566 0.17376078 0.14850313 0.18911570 0.14826187 0.14049446 0.12773149 0.19224245 0.11317971 0.14020808 0.14254317 0.12177173 0.12610339 0.13672985 0.11936552 0.17357083 0.14179011 0.14562590 0.11263479 0.12534448 0.12058128 0.15354367 0.13771891 0.13710484 0.13317735 0.15285041 0.15155494 0.11515943 0.14828172 0.10743518 0.12051047 0.11864523 0.19039966 0.15206222 0.14332379 0.18762140 0.14398080 0.14304718 0.11757087 0.12587175 0.12800923 
0.14040031 0.16173175 0.20343948 0.20875564 0.00000000 0.25151742 0.26194877 0.14009968 0.12642527 0.12544565 0.05551828 0.15391214 0.14542713 0.16802642 0.16504559 0.15947364 0.12708849 0.12810095 0.18131467 0.17100745 0.16043358 0.19663548 0.15333465 0.18471324 0.17546022 0.13251551 0.14143841 0.16387843 0.11873837 0.16557293 0.13953887 0.11243268 0.16442408 0.13057874 0.15594217 0.12766928 0.10989581 0.14766518 0.15723409 0.09553165 0.12992228 0.11245139 0.10293017 0.12319579 0.11370868 0.10451712 0.09136984 0.12412105 0.13307492 0.15259858 0.15587168 0.06268198 0.12645433 0.14000332 0.12252102 0.05428078 0.09443060 0.08912413 0.18195881 0.14818407 0.21197255 0.12071419 0.14002291 0.07746576 0.13637133 0.15498479 0.07196151 0.16735716 0.19838748 0.09512852 0.16327431 0.15262960 0.16215863 0.12012866 0.10067317 0.16037412 0.13714683 0.11431506 0.11508588 0.16168236 0.12584042 0.14377968 0.15569406 0.09366578 0.21539749 0.10748958 0.08572013 0.09470599 0.20654664 0.15596182 0.14977892 0.14697844 0.16374083 0.15923389 0.15397168 0.14496548 0.12058836 0.16135108 0.13147571 0.15447926 0.15940431 0.14768664 0.17095141 0.14921425 0.11709353 0.10184475 0.13335631 0.10196242 0.13320821 0.18314329 0.18773155 0.14571419 0.15589701 0.10993949 0.12918274 0.17725215 0.15348612 0.12762969 0.11120577 0.13533040 0.19184364 0.14589693 0.11772484 0.11116757 0.12802113 0.17591249 0.13593239 0.12087093 0.12117538 0.10668609 0.13973202 0.12435558 0.18075990 0.13190946 0.19355556 0.14092551 
0.14309862 0.16208769 0.17127108 0.19164417 0.25151742 0.00000000 0.24120907 0.23655023 0.11890540 0.13232999 0.17150202 0.10795374 0.10298079 0.11815647 0.18163909 0.12293565 0.13091624 0.09482318 0.13276928 0.12059542 0.19672501 0.14005026 0.14766644 0.16600484 0.17104334 0.15262593 0.19065959 0.14259284 0.16020299 0.13309520 0.12061982 0.07155894 0.10127955 0.16079984 0.12403759 0.19544464 0.06915962 0.12058285 0.11360712 0.06721718 0.09865014 0.13498824 0.14559900 0.12874723 0.13085863 0.10532457 0.06813123 0.09248067 0.10984603 0.16613698 0.13539949 0.15122637 0.21610399 0.10355242 0.17111114 0.10916697 0.10331975 0.12110724 0.11296330 0.12633712 0.13182747 0.19485852 0.14069452 0.13996157 0.20636113 0.27197663 0.14987012 0.28200214 0.11716917 0.16088031 0.13371579 0.08338936 0.14569495 0.08394485 0.12158715 0.18834595 0.18148797 0.15259209 0.15847868 0.06959028 0.18303782 0.13567417 0.15653751 0.13055515 0.15245154 0.13220426 0.18332074 0.11272494 0.16018024 0.17002218 0.15852478 0.11911073 0.09163484 0.08605958 0.08503349 0.12283516 0.10021367 0.12062828 0.13208441 0.14464167 0.12500383 0.13613303 0.11828985 0.10244467 0.12636660 0.15785993 0.13943246 0.14750048 0.13873911 0.11877538 0.15520044 0.16540032 0.20840457 0.15840195 0.13628133 0.11736853 0.20144106 0.11499158 0.16078702 0.15110725 0.15210125 0.26590594 0.12598461 0.10973913 0.17518688 0.13292838 0.12483333 0.10244768 0.12670353 0.15602610 0.19102675 0.11921224 0.11239031 0.14884765 0.11420737 0.19742198 
0.14154281 0.13747791 0.17264865 0.14467067 0.26194877 0.24120907 0.00000000 0.28682485 0.20293365 0.27467942 0.14671052 0.10940609 0.17661025 0.10657968 0.15662478 0.11742061 0.15123530 0.19719046 0.12797526 0.52559368 0.15717732 0.31003881 0.10557462 0.14593764 0.14598517 0.15904986 0.12701095 0.13999145 0.24711726 0.10866708 0.15990786 0.11995875 0.11397212 0.13162274 0.12735385 0.21098989 0.20478896 0.07494644 0.10613330 0.09675113 0.13561068 0.10350933 0.13152964 0.15223648 0.13094346 0.15419693 0.21461369 0.11805589 0.12145057 0.13769231 0.09907826 0.09065183 0.13886578 0.12654724 0.02789151 0.13278591 0.13714933 0.11766142 0.17361160 0.10828500 0.09531740 0.15744181 0.22665623 0.13314386 0.20211822 0.15664231 0.21464266 0.19048233 0.30093525 0.09498874 0.14485754 0.17091065 0.16899734 0.15474434 0.10755414 0.12354909 0.13336462 0.12152319 0.15752726 0.12582988 0.18768773 0.10333899 0.14186356 0.10943444 0.18440901 0.11724304 0.11082494 0.11367541 0.17346934 0.12500443 0.18806067 0.14830405 0.13195560 0.05917431 0.08966351 0.10025176 0.10222567 0.13617530 0.04307568 0.04850941 0.13398431 0.13806627 0.10662477 0.12930752 0.12826846 0.13253582 0.13330756 0.07583627 0.10407834 0.13248572 0.12052001 0.12325717 0.10111072 0.13604316 0.13374880 0.13496161 0.17394878 0.08654685 0.11192448 0.09608021 0.03665066 0.18134527 0.12377183 0.11393083 0.10097706 0.13908387 0.12706096 0.08615177 0.10566344 0.07202095 0.12706837 0.09772363 0.11937933 0.18575137 0.11933748 0.15286153 
0.13842449 0.13688600 0.14614828 0.14774666 0.14009968 0.23655023 0.28682485 0.00000000 0.18583160 0.29880811 0.18153849 0.19343578 0.12927944 0.11208694 0.09823800 0.10558510 0.10869268 0.16587615 0.16864425 0.14467611 0.36089576 0.19574774 0.16740167 0.13838515 0.15491039 0.17547109 0.14582148 0.10399001 0.15447545 0.14280754 0.11213573 0.12574498 0.17845607 0.08692520 0.12238805 0.14821568 0.09887447 0.13439283 0.13897474 0.13994316 0.10585503 0.14036429 0.20355772 0.13475673 0.10924362 0.12534399 0.12114907 0.08247954 0.11779074 0.07292057 0.16529295 0.11963895 0.10014514 0.15235975 0.17569809 0.14044785 0.10509272 0.12852055 0.17906759 0.18259625 0.15526407 0.20267781 0.27415502 0.16516727 0.20068758 0.30978822 0.13361910 0.14817389 0.16712968 0.10679049 0.15886875 0.12234652 0.14398204 0.11568600 0.15223909 0.13698255 0.18162130 0.13697805 0.16738352 0.08347245 0.15665642 0.15680586 0.17875172 0.05604905 0.11031685 0.08689535 0.22849591 0.15724598 0.12585805 0.11607697 0.14785755 0.17523042 0.14919181 0.12885993 0.09122746 0.11955731 0.10707321 0.11629545 0.12495012 0.14001647 0.16551300 0.11161020 0.11684109 0.06510413 0.13272395 0.13285212 0.04857542 0.12213889 0.11004777 0.06149453 0.12259657 0.15089828 0.15416322 0.14268974 0.13078857 0.16151192 0.11895395 0.10723097 0.10426165 0.13096566 0.14372640 0.20570239 0.12666066 0.07891439 0.11782344 0.14901680 0.15735363 0.05824459 0.16920465 0.11668848 0.10657880 0.23175914 0.07959037 0.15092678 0.15069091 0.12315268 
0.14506614 0.13918098 0.14385741 0.13065109 0.12642527 0.11890540 0.20293365 0.18583160 0.00000000 0.24912175 0.13749218 0.37748736 0.17109782 0.06958548 0.14299120 0.09332639 0.14057456 0.32115379 0.13953824 0.21846248 0.12836974 0.16282297 0.11663674 0.21178280 0.10614694 0.11785058 0.11325972 0.14673667 0.14893850 0.07965101 0.09592904 0.15219809 0.17459577 0.16864401 0.13258792 0.10477487 0.14015050 0.11653727 0.14538655 0.12288501 0.13833487 0.10005720 0.13290071 0.10497390 0.16988583 0.11845218 0.13644972 0.16507046 0.14427806 0.10831488 0.10471167 0.16404833 0.09176358 0.08439518 0.12295623 0.15864421 0.21438583 0.15950723 0.14335920 0.06483049 0.18370403 0.12990370 0.13404555 0.18752354 0.19332675 0.12360658 0.56066161 0.14724801 0.14068728 0.10994924 0.15123125 0.15543623 0.14666557 0.14758457 0.10150443 0.10815006 0.15675175 0.09200276 0.11031037 0.08179792 0.08591573 0.09428603 0.11905172 0.12263631 0.16186227 0.08278032 0.21177562 0.14163770 0.19712439 0.12549869 0.08749649 0.12747027 0.08735942 0.22102897 0.19739063 0.10788403 0.07891962 0.12337016 0.13989245 0.15658518 0.11941127 0.11506325 0.11447041 0.08979272 0.15757905 0.14776229 0.13797915 0.19608741 0.19435800 0.14644403 0.14456468 0.07352670 0.10070770 0.13012015 0.15445133 0.09197735 0.16970649 0.18692710 0.13632123 0.12969056 0.10124578 0.09472738 0.11948497 0.13267413 0.07523085 0.13162539 0.13843908 0.11546926 0.10182444 0.10127093 0.10839138 0.16112381 0.15639906 0.14778074 0.10075139 0.10378953 
0.13944821 0.12674863 0.15422749 0.15859486 0.12544565 0.13232999 0.27467942 0.29880811 0.24912175 0.00000000 0.29444589 0.20184049 0.11914149 0.13174950 0.11668396 0.12906591 0.14878047 0.15728487 0.28365853 0.21091489 0.27844593 0.16574398 0.15722352 0.14398551 0.14344461 0.31026399 0.12951075 0.12434347 0.11365651 0.10651702 0.16189924 0.04011656 0.11388393 0.15035890 0.17147896 0.14548731 0.12970922 0.10518087 0.07421505 0.19906940 0.14029900 0.12400892 0.20435392 0.17651991 0.13475043 0.14788747 0.15558952 0.14913557 0.17958092 0.12795403 0.20421356 0.13949409 0.09455732 0.16097313 0.15031887 0.21451633 0.11152115 0.17916195 0.16328956 0.09112850 0.14947740 0.17031022 0.18809013 0.06344149 0.13921305 0.17992617 0.13499477 0.13603939 0.14946585 0.09490226 0.08095149 0.13022936 0.14535657 0.15803408 0.18001118 0.12941472 0.11709358 0.10959499 0.15617890 0.09789332 0.10684020 0.15579411 0.23186577 0.04575329 0.10982882 0.11164978 0.12167071 0.12648934 0.13885469 0.15593760 0.19034300 0.14991342 0.10126732 0.14696802 0.05183926 0.13214022 0.18226628 0.13813468 0.04984257 0.10215741 0.11721533 0.12199907 0.12051825 0.07063366 0.18743161 0.18776220 0.18997411 0.12334928 0.12079832 0.11096911 0.07426565 0.17490362 0.11292318 0.10676603 0.09967429 0.12019369 0.10233517 0.10694225 0.14611432 0.16367448 0.07860195 0.14404346 0.16668893 0.07595906 0.14186575 0.13993595 0.09507569 0.08434695 0.13656445 0.22286014 0.13587369 0.07242878 0.14550323 0.18790171 0.12438426 0.09498769 
0.13407965 0.12550039 0.15039217 0.10482406 0.05551828 0.17150202 0.14671052 0.18153849 0.13749218 0.29444589 0.00000000 0.15526518 0.37288848 0.11459045 0.09996456 0.20935147 0.15615933 0.19061871 0.41434273 0.10927019 0.21180112 0.12489552 0.10232920 0.12509552 0.13681662 0.20246956 0.14087359 0.15078251 0.18356788 0.19205039 0.08098720 0.17255744 0.15706787 0.17632168 0.14199878 0.18961435 0.08109645 0.09131187 0.11966568 0.05644572 0.14547814 0.12022843 0.12862249 0.15555304 0.20494096 0.18562126 0.14108936 0.18161955 0.07994709 0.18795572 0.15488839 0.18812530 0.10598506 0.16022429 0.18742224 0.09331418 0.08027754 0.22823716 0.16285390 0.07970677 0.14358313 0.26899891 0.07939935 0.11951687 0.24316597 0.16082212 0.08546903 0.19120077 0.09953983 0.14863070 0.07605022 0.13998686 0.12707622 0.10395752 0.12858112 0.15373537 0.17075133 0.12189567 0.15387570 0.12048223 0.16294094 0.14572880 0.15599863 0.20823744 0.08195422 0.07725111 0.12107223 0.17896338 0.05752506 0.13257656 0.21046771 0.12109554 0.07793847 0.08971692 0.12054641 0.14792466 0.10994790 0.10446270 0.12672815 0.13304540 0.15598286 0.14078783 0.14519569 0.07094892 0.15444339 0.17932748 0.09475137 0.08332874 0.12347752 0.16093270 0.18071809 0.13378744 0.15332329 0.19413005 0.10534466 0.13628400 0.13207685 0.15098246 0.11120750 0.12906162 0.13267436 0.18884608 0.13563582 0.10569711 0.10139338 0.16304993 0.11712846 0.07602490 0.13670667 0.14323340 0.15237491 0.10976147 0.15427448 0.16883172 0.08710589 0.11997518 
0.15554741 0.15984392 0.16542505 0.13053194 0.15391214 0.10795374 0.10940609 0.19343578 0.37748736 0.20184049 0.15526518 0.00000000 0.16122169 0.17058920 0.12965705 0.12558976 0.18333676 0.20453862 0.08181300 0.16042905 0.12276941 0.14332772 0.10835271 0.14975777 0.15579841 0.11659565 0.11874969 0.16552096 0.10712416 0.09195367 0.12631500 0.11155329 0.13924725 0.17547004 0.11507697 0.16114091 0.14063184 0.10453987 0.12911146 0.18463877 0.12549673 0.13224569 0.13818238 0.19003695 0.16637481 0.14284196 0.14440956 0.11402543 0.17150128 0.06684864 0.19111921 0.08062691 0.08630508 0.19801315 0.17426409 0.13675677 0.14372975 0.24398234 0.15933327 0.11585499 0.21870035 0.26214134 0.29137923 0.13051514 0.10043601 0.14886275 0.25869104 0.11929966 0.11218868 0.13346400 0.07641386 0.12281320 0.16401302 0.18008999 0.10429741 0.08031991 0.12577061 0.09950806 0.18543559 0.15032943 0.17086162 0.11783404 0.04343193 0.11707432 0.10836189 0.23337100 0.12835369 0.12773122 0.18801192 0.04216239 0.11416238 0.18689691 0.10712127 0.15090460 0.10656339 0.06863583 0.12541885 0.12435205 0.11926236 0.18478899 0.05398621 0.12201421 0.12710120 0.09953110 0.09932010 0.11568342 0.08189912 0.12238840 0.14587223 0.14307123 0.07137685 0.20441761 0.16500742 0.06105909 0.17325105 0.11678761 0.19688904 0.11775614 0.15036800 0.15870260 0.16571228 0.06618148 0.11204431 0.15061893 0.15437296 0.11336383 0.16040138 0.07101733 0.10106985 0.09629226 0.11554763 0.16704636 0.20826299 0.11974876 0.13760058 0.18761339 
0.13928552 0.12406127 0.11811144 0.11213881 0.14542713 0.10298079 0.17661025 0.12927944 0.17109782 0.11914149 0.37288848 0.16122169 0.00000000 0.20569364 0.18358069 0.11996809 0.30231993 0.20491568 0.59894108 0.11475673 0.17835042 0.14243193 0.18128527 0.12688456 0.17064183 0.20180379 0.11930476 0.27037640 0.14191796 0.15593009 0.07537375 0.14923526 0.15576987 0.15761261 0.10409079 0.18163482 0.13761291 0.13443927 0.25229966 0.19212032 0.10413141 0.15761644 0.12435297 0.12732695 0.10426413 0.16838029 0.11550873 0.11216849 0.13597903 0.21742404 0.15936270 0.20872446 0.20077584 0.21341265 0.16716178 0.07723914 0.14790070 0.17241360 0.03638358 0.10250368 0.20212107 0.10925043 0.06354411 0.17157034 0.08158348 0.14006391 0.11536923 0.16674977 0.13078179 0.16103953 0.09819587 0.16054641 0.09998751 0.12850679 0.11736283 0.13740006 0.14670343 0.15365135 0.12601240 0.12711937 0.10966491 0.12885698 0.14313759 0.20442162 0.12176816 0.10639474 0.13546900 0.14195603 0.16151124 0.08425512 0.11271889 0.11798127 0.10114991 0.11700056 0.03957372 0.04762761 0.10782917 0.07790386 0.09793121 0.15633163 0.08029097 0.12115235 0.16886070 0.09198377 0.15251635 0.13926050 0.19005374 0.18228107 0.12968666 0.15015562 0.15617212 0.18394180 0.17730401 0.13866478 0.10844769 0.12302227 0.03827793 0.16777361 0.16341387 0.07175203 0.12961517 0.13450136 0.11317882 0.20185162 0.12721835 0.15187354 0.12319800 0.09740188 0.10506734 0.15076424 0.09777140 0.08742083 0.13917293 0.13709684 0.12746705 0.09540386 
0.14103654 0.13093468 0.12566471 0.12278169 0.16802642 0.11815647 0.10657968 0.11208694 0.06958548 0.13174950 0.11459045 0.17058920 0.20569364 0.00000000 0.33764633 0.29685864 0.42379327 0.09371741 0.18600884 0.11394491 0.12256251 0.14436096 0.14004872 0.18717060 0.21881196 0.09119426 0.15951412 0.16291329 0.10025647 0.27327263 0.09643920 0.11010637 0.09656517 0.13469620 0.35189879 0.23500301 0.13427976 0.48538727 0.19489337 0.12518180 0.10656264 0.06464789 0.09660857 0.09361549 0.09430159 0.06538148 0.13143268 0.09451231 0.10190811 0.19017038 0.13588458 0.08574081 0.18131233 0.17226578 0.08114070 0.10098201 0.09081655 0.12328405 0.12101899 0.10770417 0.13505696 0.12607210 0.09264141 0.05622504 0.11451343 0.06620257 0.14517228 0.10010764 0.08174014 0.13842224 0.11994706 0.13049147 0.11222755 0.11181677 0.08403070 0.10360440 0.12256322 0.23109768 0.15885035 0.39360736 0.14968435 0.27898720 0.11405924 0.28875945 0.05393851 0.10137687 0.14260253 0.11014035 0.09049131 0.13991543 0.11851864 0.09437996 0.10541875 0.08389909 0.14857986 0.16515633 0.11653084 0.17362720 0.07626146 0.09500223 0.09275253 0.14761837 0.07258051 0.22103171 0.15669448 0.11936327 0.18188954 0.13124751 0.11307340 0.22104313 0.09282132 0.07423010 0.12791289 0.15313407 0.15216812 0.15524741 0.10927349 0.14473176 0.12982351 0.10288780 0.04501008 0.15255263 0.06515033 0.10246292 0.15928039 0.15054943 0.12585582 0.10049863 0.15877841 0.10409992 0.16815161 0.11684242 0.14356981 0.12213537 0.14286042 0.13040424 
0.14341245 0.13449112 0.13184992 0.12812258 0.16504559 0.18163909 0.15662478 0.09823800 0.14299120 0.11668396 0.09996456 0.12965705 0.18358069 0.33764633 0.00000000 0.34456796 0.25704599 0.11061145 0.13190437 0.15006277 0.11371080 0.16340358 0.12204687 0.07975856 0.13951386 0.10954813 0.11822992 0.16584937 0.10421526 0.27676236 0.09233480 0.08888036 0.09194045 0.23860425 0.18159835 0.30938904 0.17344710 0.20563462 0.13608213 0.14634453 0.12413966 0.14661635 0.08549095 0.16784195 0.10608875 0.13741914 0.12980651 0.09155678 0.15680194 0.34633648 0.11138178 0.15202931 0.35027623 0.10534634 0.16186481 0.08823288 0.15999213 0.14155520 0.14674002 0.14061950 0.15036758 0.07864967 0.06610252 0.10004684 0.07296375 0.11076412 0.11062822 0.17678283 0.12504737 0.16045668 0.12258660 0.10553430 0.13495005 0.11617788 0.14255590 0.05634788 0.15028816 0.15779952 0.19500778 0.21452173 0.18620959 0.18061696 0.09102709 0.18958594 0.12349776 0.14146186 0.11787552 0.15398289 0.09514164 0.07070439 0.12841210 0.15726567 0.09610943 0.10379691 0.14778265 0.10430843 0.09916719 0.21211677 0.11487490 0.09200610 0.14098963 0.12903315 0.09725612 0.14807048 0.18855322 0.11878288 0.19678606 0.10616938 0.09122669 0.13881106 0.14918323 0.08904800 0.10204766 0.09468387 0.11757070 0.12497355 0.11668972 0.09939151 0.09959900 0.06963185 0.11846989 0.12129876 0.17977393 0.08918823 0.17817529 0.10361701 0.13876362 0.12621305 0.12549657 0.12018618 0.12777229 0.09205255 0.12590535 0.17426950 0.12826024 0.11517796 
0.14012510 0.12837217 0.10525204 0.12442585 0.15947364 0.12293565 0.11742061 0.10558510 0.09332639 0.12906591 0.20935147 0.12558976 0.11996809 0.29685864 0.34456796 0.00000000 0.30801083 0.17893388 0.15790162 0.11899934 0.17100262 0.10754632 0.11637069 0.13417927 0.14862981 0.17011236 0.09653624 0.18748886 0.15668813 0.26861005 0.08222274 0.10865420 0.08271832 0.18918751 0.32175009 0.27169124 0.26389184 0.42626547 0.16388226 0.15168218 0.12329954 0.06836842 0.06172983 0.08259793 0.04999122 0.10224816 0.11031699 0.07464978 0.19012180 0.18610719 0.10024196 0.12821721 0.20014402 0.13324413 0.14631191 0.13950445 0.14449641 0.11563210 0.07221918 0.13197421 0.13879734 0.11534856 0.11251799 0.11341305 0.07688901 0.10920738 0.09178065 0.07765451 0.11369138 0.12235798 0.13234630 0.12036387 0.08494688 0.03495236 0.10231968 0.16749143 0.17052728 0.14605956 0.15937218 0.31602606 0.08409340 0.41822194 0.14052986 0.25620783 0.12414271 0.14188614 0.10587550 0.09117272 0.09824825 0.05855439 0.10273999 0.08061064 0.08929533 0.11977970 0.16937452 0.07861671 0.10091355 0.12701029 0.14535494 0.13603460 0.11835943 0.14756047 0.14207843 0.18605957 0.10643733 0.11781671 0.23801737 0.11662303 0.18179084 0.17996941 0.10461868 0.15759321 0.10755791 0.11260473 0.09622004 0.12494671 0.08310019 0.14472138 0.10365683 0.13442861 0.10064336 0.12924763 0.11767855 0.14171087 0.08637329 0.13103066 0.12645764 0.11330536 0.12742549 0.10142251 0.14568103 0.09471721 0.15655364 0.15100329 0.16081749 0.12650881 
0.13777140 0.13407727 0.11777198 0.13805349 0.12708849 0.13091624 0.15123530 0.10869268 0.14057456 0.14878047 0.15615933 0.18333676 0.30231993 0.42379327 0.25704599 0.30801083 0.00000000 0.21185454 0.18241842 0.13420556 0.17528593 0.14363468 0.10772732 0.12071224 0.14194388 0.12905412 0.10242175 0.38615243 0.19387705 0.34368686 0.12663642 0.12638420 0.07362555 0.12914707 0.21347106 0.22549812 0.12508981 0.26918688 0.22490156 0.11242149 0.12103713 0.19142424 0.11358746 0.11050346 0.10460166 0.11940371 0.10024591 0.10601960 0.05441376 0.23350761 0.18534972 0.09111750 0.09998717 0.22663955 0.04879471 0.11644979 0.13604698 0.12713851 0.10595476 0.13846150 0.14432670 0.06749848 0.11138188 0.09501182 0.11834555 0.10557324 0.11418390 0.10007984 0.12098719 0.13322066 0.12819618 0.09899177 0.12992542 0.11679049 0.14101333 0.09386461 0.16241684 0.16369876 0.10456264 0.25837723 0.12034788 0.26171147 0.17708103 0.22286045 0.13846560 0.10974734 0.16012736 0.11573225 0.17465884 0.16591584 0.10610007 0.10943018 0.11672347 0.07098014 0.15779640 0.10745016 0.13440626 0.13457284 0.12089767 0.13498983 0.13612399 0.13327240 0.15206568 0.12430021 0.15263472 0.10654641 0.13263309 0.13115638 0.15465889 0.16458588 0.08215854 0.15121281 0.14910069 0.08202231 0.10087661 0.14677700 0.08783423 0.12492250 0.08715751 0.04522959 0.14245174 0.10485923 0.08191016 0.08773403 0.05380061 0.08889082 0.13983924 0.15077647 0.14529636 0.05784132 0.12193999 0.08189847 0.10562712 0.11988250 0.14533898 0.09130752 
0.14684978 0.12739755 0.15367669 0.19575105 0.12810095 0.09482318 0.19719046 0.16587615 0.32115379 0.15728487 0.19061871 0.20453862 0.20491568 0.09371741 0.11061145 0.17893388 0.21185454 0.00000000 0.16594856 0.51063814 0.16822372 0.13261163 0.13483075 0.12131137 0.12783619 0.13081707 0.19722152 0.07241023 0.14195062 0.17676209 0.34937508 0.13851389 0.10957417 0.10993181 0.07380767 0.09568023 0.18429867 0.14292098 0.07603353 0.08317166 0.15545661 0.19242679 0.22496112 0.10572519 0.14688179 0.13440088 0.10229430 0.12251900 0.10188376 0.12876810 0.12381353 0.06003873 0.11720912 0.08668229 0.12742853 0.05737077 0.28623760 0.13744600 0.11121621 0.18869603 0.42104085 0.14933971 0.18012478 0.20015964 0.10318049 0.17104843 0.16618146 0.12824380 0.15317629 0.12707709 0.10898370 0.16884417 0.11536481 0.16221591 0.04848050 0.11070695 0.07203042 0.12867765 0.09169321 0.15036204 0.08234898 0.13877404 0.14007384 0.03868657 0.13566283 0.16295374 0.63543056 0.09285658 0.15837683 0.11925639 0.10096216 0.08413121 0.12089792 0.24760380 0.10713882 0.09249806 0.16743849 0.17419420 0.02968035 0.10438290 0.08980871 0.13726586 0.09223369 0.15295550 0.10195172 0.08823084 0.08720602 0.16436903 0.16400867 0.12606180 0.14469015 0.14454315 0.11453091 0.13458064 0.13564655 0.15634613 0.22083971 0.11999556 0.05755700 0.13181482 0.12044083 0.09170162 0.12483603 0.09245291 0.08156695 0.05368025 0.14193458 0.17267796 0.10908032 0.11485586 0.06866405 0.07484220 0.07473946 0.05154999 0.14146287 0.15680596 
0.13478411 0.12811080 0.15403675 0.12053660 0.18131467 0.13276928 0.12797526 0.16864425 0.13953824 0.28365853 0.41434273 0.08181300 0.59894108 0.18600884 0.13190437 0.15790162 0.18241842 0.16594856 0.00000000 0.32628847 0.27817534 0.17482808 0.13751107 0.05888416 0.20480014 0.36182888 0.12873817 0.65093392 0.12729995 0.10726791 0.12133016 0.18723055 0.10466758 0.14898260 0.09972754 0.07545164 0.17344998 0.07188906 0.10359914 0.14934399 0.13507774 0.12553507 0.14596560 0.10706205 0.07892979 0.14456092 0.15100220 0.17299985 0.10332362 0.14268095 0.10592397 0.16914511 0.11669484 0.09562028 0.09696133 0.12958155 0.11479196 0.18555992 0.10993846 0.10889817 0.19173958 0.13600202 0.11429779 0.12288556 0.10812488 0.13520294 0.12228535 0.11812825 0.09163143 0.11765448 0.15405494 0.10545306 0.16597839 0.16561996 0.12374105 0.12737298 0.12686263 0.18008964 0.14405379 0.11028785 0.17440296 0.13679476 0.15102961 0.06716303 0.13525988 0.08317848 0.05984410 0.11144890 0.14443619 0.18036255 0.10247163 0.08723502 0.09279853 0.19934286 0.15773553 0.11569251 0.14594633 0.09779325 0.13277774 0.10001464 0.07896252 0.12251417 0.09033232 0.11230854 0.11490302 0.16131471 0.11915024 0.09201408 0.09535859 0.13203523 0.15556997 0.06629233 0.08730656 0.07364659 0.13618184 0.08573013 0.11284604 0.15147135 0.15286795 0.15959686 0.19882497 0.11724964 0.15738251 0.15370804 0.16667007 0.11781065 0.16857605 0.11510442 0.09513555 0.14556587 0.09219457 0.08067970 0.08106759 0.16822538 0.16323297 0.15400085 
0.14116473 0.17060559 0.12895948 0.11537953 0.17100745 0.12059542 0.52559368 0.14467611 0.21846248 0.21091489 0.10927019 0.16042905 0.11475673 0.11394491 0.15006277 0.11899934 0.13420556 0.51063814 0.32628847 0.00000000 0.22937548 0.24288969 0.16904648 0.16226395 0.12026386 0.10225683 0.21192610 0.12151702 0.21295712 0.13733853 0.13437465 0.13877291 0.11370919 0.12200181 0.15874926 0.07467779 0.12033002 0.11806764 0.10148850 0.16280334 0.11279590 0.11201499 0.10934335 0.18111769 0.08786791 0.17992198 0.08835397 0.14692413 0.05601486 0.11940151 0.13388747 0.15063416 0.13311837 0.10054591 0.18371411 0.11851524 0.04460230 0.07603949 0.07974662 0.16746277 0.09276899 0.13091867 0.20590983 0.17087172 0.11163830 0.15312426 0.23862059 0.15736158 0.27371613 0.18665754 0.12087637 0.18007432 0.12035652 0.09725334 0.14663472 0.04756620 0.09044404 0.08271509 0.10986303 0.08849634 0.18865122 0.12444727 0.10445280 0.07472513 0.14273754 0.12995429 0.20780766 0.10849883 0.13369459 0.09598985 0.12637219 0.11407835 0.10797830 0.21810481 0.12161800 0.09026046 0.15750098 0.11105787 0.14366828 0.09978852 0.11009039 0.15347820 0.18873080 0.15158548 0.16597665 0.10661957 0.08154958 0.15085007 0.15922636 0.14069176 0.18751403 0.16380002 0.10004714 0.09274983 0.17015901 0.16466959 0.11054473 0.19926883 0.11857156 0.09555143 0.19818243 0.19821756 0.05576652 0.08652981 0.18360375 0.05644404 0.14007670 0.09172571 0.06911672 0.12595064 0.18062215 0.11029591 0.12175525 0.09254797 0.12618494 0.10942256 
0.14311464 0.11337825 0.12996286 0.14743950 0.16043358 0.19672501 0.15717732 0.36089576 0.12836974 0.27844593 0.21180112 0.12276941 0.17835042 0.12256251 0.11371080 0.17100262 0.17528593 0.16822372 0.27817534 0.22937548 0.00000000 0.23584151 0.20896733 0.30893811 0.21087062 0.25618619 0.12824181 0.09172968 0.11542323 0.12002883 0.12016992 0.12276361 0.12534048 0.11972893 0.08683297 0.12398120 0.14928188 0.12055256 0.14595366 0.09020339 0.11212922 0.13728761 0.14637837 0.11841468 0.14447810 0.12411846 0.16232125 0.15095579 0.13995315 0.10365963 0.10998256 0.13446665 0.15280647 0.15748430 0.15414019 0.12714648 0.10951000 0.16486189 0.14221118 0.16687066 0.13241195 0.21136721 0.17597037 0.10324698 0.17175154 0.15598792 0.16460481 0.17462534 0.16059820 0.16131399 0.14503476 0.14414522 0.19458499 0.13556109 0.19752278 0.13768683 0.16596888 0.08095596 0.12992997 0.14979959 0.14944376 0.09270076 0.13322674 0.14468684 0.10756321 0.06210884 0.18968541 0.15100761 0.13408530 0.13278564 0.14227823 0.14116121 0.10344645 0.09066749 0.13969732 0.09478640 0.10735924 0.09515458 0.10684645 0.08458612 0.13421778 0.12589271 0.15030764 0.11668715 0.13461495 0.11822007 0.10504908 0.13191105 0.08719378 0.11817538 0.13827550 0.14437087 0.11474535 0.08864439 0.14182299 0.10454417 0.12924815 0.16435240 0.14371532 0.08240023 0.15223688 0.14621991 0.11440380 0.07168415 0.21307475 0.14421827 0.11807134 0.19565283 0.16069112 0.04286266 0.13386299 0.18285171 0.13929403 0.20765034 0.10096064 0.10564499 
0.13347193 0.15762019 0.13455258 0.16350557 0.19663548 0.14005026 0.31003881 0.19574774 0.16282297 0.16574398 0.12489552 0.14332772 0.14243193 0.14436096 0.16340358 0.10754632 0.14363468 0.13261163 0.17482808 0.24288969 0.23584151 0.00000000 0.34619934 0.22272307 0.17443429 0.19287386 0.25132998 0.17367824 0.16539710 0.11989974 0.13892196 0.07529993 0.19214658 0.18608728 0.05437798 0.14203328 0.15148010 0.09911857 0.13070755 0.11241704 0.15561705 0.11734174 0.20768260 0.10148552 0.11147614 0.12625226 0.14381338 0.10253584 0.14405739 0.08680564 0.07482525 0.19889636 0.11223359 0.17013122 0.13749771 0.06879626 0.15080087 0.18351402 0.17453453 0.11572072 0.12658602 0.12027065 0.18227213 0.13780541 0.15774127 0.15736346 0.16158487 0.13668249 0.14823637 0.13154526 0.20059967 0.12041297 0.13172116 0.12554873 0.20097178 0.16201592 0.10623181 0.15782648 0.17761130 0.13186578 0.12183369 0.13438837 0.22942739 0.17349417 0.07558360 0.10668566 0.10279351 0.12278829 0.14437217 0.20691673 0.12562024 0.15620239 0.12955778 0.11330709 0.06547250 0.09817859 0.15153032 0.11847856 0.13563334 0.06325730 0.09170874 0.12087537 0.13306600 0.19263165 0.14517338 0.09214630 0.05215362 0.18442291 0.13529261 0.13862554 0.12920300 0.16980914 0.14286871 0.14955482 0.17019591 0.14233490 0.13595183 0.13149005 0.12763812 0.08478550 0.08902226 0.12226022 0.13264364 0.09712891 0.13797391 0.14387476 0.14751635 0.10229369 0.14179757 0.21235860 0.10348749 0.13114009 0.13451737 0.15026153 0.09509105 0.10863128 
0.13943762 0.15856943 0.13420657 0.17714172 0.15333465 0.14766644 0.10557462 0.16740167 0.11663674 0.15722352 0.10232920 0.10835271 0.18128527 0.14004872 0.12204687 0.11637069 0.10772732 0.13483075 0.13751107 0.16904648 0.20896733 0.34619934 0.00000000 0.39025113 0.33656927 0.21189526 0.16932246 0.10965113 0.16715916 0.18222444 0.05868283 0.07275239 0.20644587 0.12146530 0.08796257 0.10784374 0.11987393 0.15816490 0.08302454 0.17963530 0.10615290 0.13578168 0.12455749 0.16941856 0.13074878 0.14353927 0.19697115 0.13607046 0.10451597 0.07225866 0.09388320 0.14828992 0.11225165 0.23125996 0.13843240 0.09379689 0.08366730 0.08940619 0.17171767 0.14345756 0.12695244 0.11406376 0.16009533 0.17694838 0.17399022 0.22179755 0.13642331 0.16998662 0.17303925 0.10274439 0.12716519 0.15271832 0.14581706 0.15788638 0.06265387 0.11419325 0.21684692 0.11679442 0.11058676 0.16249249 0.12836863 0.12410977 0.18308688 0.11707996 0.14583567 0.08720281 0.12310924 0.17569900 0.14003743 0.10659422 0.12416400 0.14151239 0.11252612 0.08427551 0.02411860 0.14174176 0.11066247 0.11764828 0.11359513 0.11001863 0.17920228 0.13024475 0.16103973 0.19395406 0.12724666 0.07164781 0.09478033 0.16290611 0.09474598 0.18154766 0.17653561 0.19278385 0.08295434 0.14462422 0.16888164 0.16287567 0.20949261 0.11926366 0.16351567 0.15500474 0.15654915 0.18342394 0.08541030 0.10507245 0.14818285 0.18113730 0.15105776 0.11783843 0.13022588 0.14657662 0.17852965 0.20047524 0.14774150 0.12667982 0.15242698 0.08511713 
0.13275667 0.13818112 0.10987414 0.15019089 0.18471324 0.16600484 0.14593764 0.13838515 0.21178280 0.14398551 0.12509552 0.14975777 0.12688456 0.18717060 0.07975856 0.13417927 0.12071224 0.12131137 0.05888416 0.16226395 0.30893811 0.22272307 0.39025113 0.00000000 0.25767542 0.21579917 0.24950439 0.14402394 0.14455260 0.17365419 0.09237478 0.11722018 0.14822312 0.14875958 0.09917223 0.10692447 0.11055360 0.12835932 0.16819216 0.12410934 0.05581838 0.09465760 0.08816181 0.13902197 0.08783658 0.13102908 0.08228927 0.07710737 0.10922559 0.10917632 0.12645465 0.10115778 0.13037137 0.06665228 0.19393668 0.11236104 0.12429693 0.13557989 0.14441487 0.14334267 0.12050908 0.16315874 0.14808169 0.22822781 0.07937204 0.15704857 0.14435172 0.14191301 0.13468430 0.11082729 0.15775863 0.12357826 0.07365364 0.13654438 0.10867413 0.19718869 0.12662801 0.15865542 0.16025501 0.16420440 0.15630040 0.17754813 0.18441000 0.12979054 0.11147958 0.12360550 0.06986606 0.13790639 0.15865519 0.19292215 0.17862160 0.14421877 0.07724424 0.11822286 0.18175420 0.16479305 0.09975101 0.13943203 0.15141030 0.16086835 0.15590197 0.11337350 0.17352935 0.18113658 0.05715715 0.10867870 0.10933837 0.13797364 0.10967516 0.10954728 0.10307371 0.10457841 0.15834892 0.18835186 0.12569710 0.13891693 0.15020145 0.12739123 0.14969790 0.10175283 0.19957816 0.17740897 0.12207727 0.05523960 0.16055218 0.18595264 0.11994775 0.14362677 0.15560733 0.20142640 0.19376215 0.10897653 0.22887827 0.15279124 0.12657597 0.18864231 
0.14861980 0.13880943 0.13756592 0.13759285 0.17546022 0.17104334 0.14598517 0.15491039 0.10614694 0.14344461 0.13681662 0.15579841 0.17064183 0.21881196 0.13951386 0.14862981 0.14194388 0.12783619 0.20480014 0.12026386 0.21087062 0.17443429 0.33656927 0.25767542 0.00000000 0.14894334 0.23819049 0.13846693 0.15120303 0.12518598 0.11055686 0.06766212 0.12684756 0.20987821 0.13592785 0.14482583 0.08649933 0.12796971 0.17016667 0.14418546 0.11958257 0.14115470 0.13753573 0.14324913 0.14872821 0.15934995 0.11462438 0.17553043 0.14890501 0.06330929 0.15828944 0.12877263 0.14529381 0.17069860 0.11385662 0.17029234 0.09238631 0.13470188 0.18588958 0.11743075 0.11082217 0.10129627 0.19677149 0.13929743 0.14624110 0.11902416 0.14603346 0.19328348 0.10363666 0.16751826 0.14493156 0.13043177 0.12210342 0.14122923 0.15489777 0.12325946 0.15536018 0.12925535 0.14968292 0.16987728 0.22368666 0.14408397 0.19333749 0.14903093 0.14086798 0.09692724 0.13532381 0.17197316 0.13095748 0.14602655 0.10650509 0.18828688 0.04802754 0.14298382 0.10764668 0.16759023 0.13474447 0.08126441 0.19304142 0.17396890 0.12526348 0.11800517 0.06369781 0.07316588 0.05700367 0.09217463 0.12846180 0.10865115 0.10945515 0.10551688 0.18488653 0.17805774 0.16947527 0.12721161 0.16397743 0.18330385 0.12118092 0.16687645 0.10486030 0.12820981 0.12118001 0.14832520 0.13001054 0.05264232 0.21960492 0.20072958 0.12897633 0.13098501 0.11441066 0.19276178 0.13594887 0.16605251 0.12601522 0.10284532 0.13358402 0.16057642 
0.14839256 0.12845898 0.13792249 0.18240764 0.13251551 0.15262593 0.15904986 0.17547109 0.11785058 0.31026399 0.20246956 0.11659565 0.20180379 0.09119426 0.10954813 0.17011236 0.12905412 0.13081707 0.36182888 0.10225683 0.25618619 0.19287386 0.21189526 0.21579917 0.14894334 0.00000000 0.27826470 0.14537503 0.07878726 0.13415854 0.14401605 0.10139359 0.18235800 0.16493524 0.15595518 0.15743156 0.06350178 0.11480860 0.12642830 0.12248347 0.17227723 0.09487716 0.15624940 0.07869720 0.09509591 0.07079336 0.10318694 0.12709960 0.14736448 0.10791452 0.13703119 0.14591695 0.12601379 0.09251857 0.15429809 0.14165800 0.10460887 0.16940499 0.18490171 0.13915961 0.07521439 0.18663960 0.14817337 0.15349593 0.14124740 0.12849513 0.12052124 0.16188332 0.13167113 0.12359831 0.15752219 0.10060304 0.14403248 0.16039010 0.10574289 0.11576574 0.20582369 0.16520744 0.18289684 0.16113568 0.12852478 0.15826169 0.09913630 0.08806655 0.16501529 0.07607516 0.17991120 0.10562938 0.13793322 0.13496368 0.17247971 0.12987611 0.10799758 0.08898268 0.05797711 0.12398877 0.10487870 0.11583116 0.16977293 0.16590007 0.11114533 0.16314391 0.12703552 0.15042637 0.08731234 0.13398865 0.13401442 0.11247460 0.17002189 0.16126556 0.12595196 0.12267443 0.16676738 0.15344915 0.13545673 0.14579375 0.18334961 0.17568855 0.20214915 0.13033345 0.20077175 0.14176544 0.12253052 0.10731969 0.14966794 0.14061706 0.15468418 0.10640534 0.17422305 0.12727314 0.18939887 0.15529559 0.15282473 0.08124184 0.07173137 0.12683315 
