0.00000000 0.06555966 0.06939425 0.06101642 0.05765466 0.05683400 0.05385241 0.05139931 0.05684718 0.06084515 0.04958039 0.06239044 0.05613519 0.05225494 0.05741349 0.05349100 0.05094078 0.06557049 0.05091833 0.05248938 0.05918622 0.04680830 0.05511225 0.04478143 0.06763082 0.06403455 0.06566974 0.04908129 0.05669332 0.05500176 0.05040331 0.04444903 0.04500230 0.06610270 0.05032114 0.05071039 0.05575609 0.05107335 0.04426885 0.04338034 0.05407948 0.04805683 0.06357469 0.05370743 0.05852763 0.04904628 0.06628429 0.05968192 0.04687610 0.04826433 0.05039871 0.04435333 0.05061497 0.04776632 0.05402341 0.04654938 0.05071071 0.04888412 0.05622487 0.05542305 0.04734401 0.05605058 0.05243234 0.05201978 0.05109571 0.04720926 0.06637612 0.04763328 0.05226463 0.04465970 0.04450900 0.04716057 0.05518996 0.04922875 0.05405626 0.05218923 0.04833320 0.05502160 0.04532191 0.05065093 0.04598779 0.05393463 0.06639082 0.04757273 0.04583895 0.04152480 0.07204594 0.04506884 0.05196357 0.04460450 0.04681229 0.04932769 0.04876848 0.05926507 0.04969930 0.05095612 0.05073779 0.04789294 0.05015864 0.05061527 0.05175986 0.05289747 0.04493211 0.04952843 0.06242618 0.04450426 0.05553031 0.04234689 0.04635049 0.04596831 0.06315918 0.04239119 0.04378286 0.05751913 0.05089549 0.06886098 0.05639939 0.05838977 0.06672446 0.05383826 0.05487281 0.05449540 0.05353890 0.05499911 0.05859978 0.05663054 0.05253020 0.04958080 0.05886755 0.05032830 0.04831535 0.04471411 0.06105562 0.04961897 0.05000047 0.04355389 
0.06555966 0.00000000 0.09132547 0.08281535 0.08011553 0.07641306 0.07038608 0.04952328 0.05291914 0.03686440 0.03782729 0.05592894 0.06037668 0.04507270 0.05458971 0.04726754 0.04295064 0.07701670 0.04918827 0.09613331 0.05310744 0.05516378 0.04795773 0.03688447 0.05496137 0.05635383 0.06092128 0.05199003 0.07753799 0.05008531 0.05382214 0.04195068 0.05278575 0.03676085 0.04320975 0.04992130 0.05121047 0.04366178 0.03526284 0.04423172 0.04888523 0.05470299 0.05560642 0.06308159 0.05901224 0.06498511 0.04115667 0.04509179 0.06419885 0.03533678 0.04997172 0.04445221 0.04437806 0.05074860 0.06682619 0.05147636 0.04558612 0.05465326 0.05409617 0.08500690 0.05207770 0.05860488 0.05444456 0.06275227 0.05186034 0.04791695 0.03610829 0.04033452 0.07908620 0.04516956 0.03995389 0.04176286 0.05862912 0.06934797 0.05643910 0.04990595 0.04799067 0.04983561 0.05891944 0.04266753 0.05475538 0.04783102 0.06123209 0.04072784 0.04632710 0.03793625 0.03759245 0.03777633 0.04795173 0.04978663 0.05390848 0.04147255 0.05386354 0.05417410 0.04397923 0.04922515 0.06532637 0.05989902 0.05884846 0.04195342 0.06850869 0.04609110 0.03174673 0.04682053 0.05020912 0.03860956 0.05363491 0.04416315 0.04687398 0.05799322 0.05073872 0.04570355 0.05338683 0.06047372 0.09257576 0.03988732 0.04930742 0.06627893 0.05446137 0.06538594 0.05617360 0.05450798 0.07219722 0.03708521 0.04315409 0.05402187 0.04729140 0.04377272 0.04587975 0.05466976 0.04627748 0.04997762 0.07858940 0.03566871 0.04536182 0.04138278 
0.06939425 0.09132547 0.00000000 0.10082041 0.08409135 0.06642494 0.06135728 0.06105244 0.06911599 0.05751434 0.05978949 0.06201665 0.04526889 0.03240431 0.04669413 0.03541411 0.02972200 0.05973282 0.06155816 0.05588877 0.05340470 0.05609976 0.06172415 0.03822849 0.05732204 0.05984810 0.05725865 0.06499328 0.06233819 0.04026026 0.06964564 0.03458259 0.03828893 0.04691975 0.02991644 0.04496835 0.07200018 0.03048390 0.04602473 0.04229729 0.04887144 0.04699290 0.05885681 0.06009434 0.04914513 0.04872684 0.05039190 0.04668542 0.06275198 0.05537574 0.06225217 0.03814791 0.05807886 0.06894684 0.06250733 0.04015264 0.04977917 0.04875790 0.04756059 0.06041629 0.05274442 0.04534334 0.05802920 0.06243226 0.06762265 0.05396839 0.06453720 0.04879532 0.04919183 0.04220539 0.03479652 0.03401973 0.06514421 0.04636165 0.05811530 0.05556718 0.05716529 0.03974523 0.03177289 0.02874091 0.06213023 0.03685300 0.06084616 0.04209448 0.03797858 0.03772330 0.05577217 0.04319626 0.04366685 0.04542605 0.05165644 0.04871408 0.04288880 0.05028028 0.04181805 0.05384212 0.05990746 0.05223441 0.05654140 0.05226401 0.05240266 0.06315896 0.03692170 0.05104222 0.06314430 0.04795353 0.05000128 0.03969952 0.05553586 0.05249807 0.04759160 0.02993817 0.04437395 0.06061033 0.05607003 0.04774739 0.06281774 0.07682814 0.06099625 0.05306246 0.06257996 0.06277649 0.04632403 0.07039467 0.07151325 0.07262947 0.07108406 0.05469974 0.05257539 0.04917755 0.06133624 0.05021571 0.05298640 0.04522294 0.05339041 0.04094257 
0.06101642 0.08281535 0.10082041 0.00000000 0.09273590 0.06166994 0.06206688 0.07035315 0.07112481 0.05449935 0.05089258 0.07353873 0.05015669 0.03042191 0.04538941 0.03354791 0.02855920 0.06127953 0.05823949 0.05035053 0.06849757 0.05738672 0.05090036 0.03975171 0.04910178 0.04920642 0.05566941 0.06280733 0.09083865 0.04049699 0.05910253 0.03789421 0.04908807 0.04679943 0.03122910 0.04950406 0.06959506 0.03115743 0.04626035 0.05384834 0.05469470 0.04754366 0.04880777 0.06111124 0.04681431 0.05888583 0.04227490 0.04879769 0.06128015 0.05326581 0.04797193 0.04522988 0.04193593 0.04410552 0.05747574 0.03256213 0.05450840 0.05899730 0.07500506 0.04947914 0.04213285 0.05625556 0.07378452 0.08705118 0.05450996 0.05509025 0.04879289 0.04354442 0.06372423 0.05265184 0.03853496 0.03861948 0.05957250 0.05012929 0.05272842 0.04736762 0.04468430 0.03869892 0.02016058 0.02891223 0.06451390 0.03611091 0.06981474 0.04130136 0.04083459 0.03853256 0.04907345 0.05496541 0.04513683 0.03428980 0.03306262 0.05715008 0.03759440 0.05801143 0.05473580 0.05395081 0.05067188 0.06822691 0.06351075 0.06074598 0.05707410 0.06013260 0.04742245 0.05182722 0.06052258 0.05026115 0.05943262 0.04991139 0.04489897 0.07344706 0.05775942 0.03334974 0.04705890 0.05747928 0.04944278 0.04039890 0.05913544 0.06092006 0.04360083 0.04301651 0.06064646 0.06597425 0.05742994 0.07884766 0.05814842 0.07251327 0.06277588 0.05845895 0.04451261 0.03443754 0.07013037 0.04070013 0.05791690 0.04444466 0.05827647 0.04028219 
0.05765466 0.08011553 0.08409135 0.09273590 0.00000000 0.07714037 0.04202089 0.04294696 0.06505278 0.04029629 0.03098647 0.06498411 0.08191972 0.06603297 0.03329968 0.06318089 0.06156843 0.04194839 0.04771029 0.05805134 0.05798703 0.05087949 0.04352428 0.04613095 0.03672731 0.05694488 0.05187475 0.06854438 0.06137806 0.02552335 0.05707035 0.04826738 0.06138037 0.03753436 0.05464500 0.05033261 0.05361758 0.05455656 0.04221299 0.05170799 0.05039141 0.06244718 0.06198831 0.06822278 0.05021072 0.05197676 0.05958886 0.05605546 0.07103328 0.04371165 0.05774196 0.02851672 0.04157967 0.04131465 0.04264432 0.04076998 0.05247460 0.05635588 0.05408590 0.07898648 0.05716124 0.04544494 0.06743427 0.06737912 0.06275084 0.05247169 0.06259675 0.04951150 0.06311497 0.03873436 0.04443352 0.05382389 0.06496839 0.04125624 0.04944960 0.04729082 0.04970019 0.02234338 0.05559341 0.03320094 0.05730161 0.01842032 0.06663651 0.06532525 0.05505762 0.03497423 0.04552368 0.05346978 0.06161439 0.03965873 0.04251835 0.04956583 0.04080364 0.04528353 0.08864747 0.03802584 0.04947825 0.05041268 0.04849902 0.05233493 0.05293863 0.05887607 0.05484373 0.06902256 0.07860236 0.06418486 0.08053110 0.05400403 0.05257672 0.05476092 0.05382113 0.04823825 0.06870116 0.06539457 0.05018928 0.03941821 0.05069767 0.05589689 0.04847518 0.04274014 0.05456403 0.04817416 0.03218599 0.05310525 0.04994866 0.05522106 0.05171911 0.06507522 0.05520355 0.06782254 0.04019839 0.03560836 0.08075268 0.05908449 0.05418231 0.05162942 
0.05683400 0.07641306 0.06642494 0.06166994 0.07714037 0.00000000 0.06352965 0.05118843 0.05358875 0.09076324 0.05040826 0.06966349 0.08160628 0.04306674 0.03187594 0.03662776 0.03223990 0.05986334 0.05381640 0.04344190 0.08279326 0.05176278 0.07440833 0.07370348 0.06295242 0.07216225 0.04651876 0.06722787 0.02600095 0.04703767 0.04915888 0.02413043 0.03981005 0.05220107 0.04026361 0.03024824 0.06339395 0.04491288 0.05318406 0.05573305 0.04939363 0.02977318 0.06057418 0.07044564 0.05893182 0.05427308 0.05449181 0.07424148 0.06897877 0.05009282 0.05382678 0.04163822 0.03649721 0.03920048 0.06073827 0.06407786 0.03704597 0.05971339 0.06738349 0.07369409 0.04000098 0.06574475 0.06091986 0.04827015 0.06097539 0.07559874 0.06978992 0.06004737 0.02909666 0.05219168 0.04316801 0.03676195 0.04776435 0.02866805 0.04081694 0.05386475 0.05890337 0.04753173 0.07295313 0.05821442 0.05905867 0.05321834 0.05858760 0.04592009 0.05142499 0.04117561 0.03355821 0.04895003 0.07334493 0.04725046 0.04028809 0.08074096 0.03170241 0.03882180 0.03569901 0.04434279 0.07256284 0.06583826 0.05953856 0.05553517 0.07054217 0.07463176 0.04133158 0.03783643 0.03857362 0.03640475 0.05970408 0.04551180 0.05065103 0.05597585 0.04604811 0.03751471 0.05484550 0.03841459 0.05573317 0.03812434 0.05844314 0.04979399 0.07425791 0.06510102 0.07678432 0.08188112 0.06119383 0.03314367 0.06631743 0.04359876 0.05788101 0.03682853 0.04161510 0.07491232 0.06156643 0.04256546 0.03710112 0.07250771 0.06232513 0.05157737 
0.05385241 0.07038608 0.06135728 0.06206688 0.04202089 0.06352965 0.00000000 0.06492063 0.06896180 0.06574984 0.04547493 0.05940885 0.08676305 0.04303239 0.03953479 0.03431344 0.05554069 0.05532537 0.07138166 0.06013948 0.03387358 0.10181671 0.05426530 0.06479651 0.06252765 0.05573908 0.03678388 0.05494272 0.05888975 0.04093140 0.09882020 0.04114586 0.05168670 0.06615075 0.05650848 0.09161505 0.05160672 0.04765374 0.05717927 0.04557878 0.02138609 0.05700317 0.07193535 0.06411064 0.04937186 0.03767479 0.02901772 0.06377189 0.01732536 0.07248629 0.06203446 0.03137856 0.04360744 0.03924810 0.05310081 0.04938336 0.07880952 0.06720744 0.04060960 0.02819549 0.05368952 0.07019912 0.05598371 0.06198553 0.04949736 0.07567953 0.04075289 0.07680885 0.03439894 0.05267109 0.07917944 0.04458100 0.05031910 0.03547063 0.03987073 0.05966474 0.05390777 0.04153785 0.04911519 0.04052345 0.09595767 0.05040740 0.05612717 0.03036272 0.06011731 0.04588207 0.04222669 0.03284055 0.04455563 0.05444751 0.08369724 0.05620651 0.03147193 0.06250474 0.06443535 0.06608105 0.05214157 0.06866339 0.06771584 0.04885833 0.05838310 0.08185788 0.02752778 0.03365907 0.05451941 0.10420212 0.05346431 0.04380594 0.06461340 0.03236709 0.03910526 0.04970195 0.02590286 0.04456924 0.05359878 0.05061765 0.06252180 0.06244339 0.05722409 0.05246651 0.06761149 0.04697039 0.03460646 0.02949846 0.07183313 0.05835295 0.04854676 0.02344542 0.05102346 0.02757530 0.04658414 0.05005677 0.05457083 0.07463642 0.04334320 0.05473655 
0.05139931 0.04952328 0.06105244 0.07035315 0.04294696 0.05118843 0.06492063 0.00000000 0.05384089 0.05843025 0.07483080 0.09440722 0.05537662 0.05567147 0.03688351 0.04926833 0.03244924 0.05597159 0.05449334 0.05000085 0.05050473 0.06027865 0.07640387 0.05311368 0.09708607 0.04650902 0.06203532 0.05106361 0.03442041 0.03516561 0.03498727 0.03494656 0.04897618 0.04021051 0.05409744 0.05393467 0.03880559 0.05950904 0.05534639 0.05247721 0.03654898 0.04989563 0.06251544 0.06798616 0.05841217 0.04870794 0.07410191 0.07197073 0.06953032 0.05456875 0.05105285 0.05160279 0.03945072 0.07708838 0.08022031 0.04644516 0.04296221 0.05019861 0.07205697 0.07327139 0.05198460 0.07625390 0.05089649 0.04318720 0.08126868 0.06098885 0.03407623 0.04082595 0.05349623 0.06693324 0.04684700 0.01921529 0.04567055 0.04810307 0.04462457 0.06006121 0.10280747 0.03966254 0.05307823 0.04721891 0.05074285 0.03853763 0.06034029 0.06705315 0.05033373 0.04075521 0.05168078 0.06196059 0.03432884 0.08152021 0.05343176 0.06116355 0.03360557 0.04744960 0.04680496 0.04841426 0.04989335 0.04381717 0.06064606 0.05624578 0.04402525 0.05433036 0.04635713 0.06375007 0.06227712 0.02860221 0.04195429 0.04426657 0.04269271 0.05007500 0.04558395 0.02203728 0.04898612 0.04137872 0.03235997 0.05689561 0.03920032 0.08683417 0.05848353 0.06006858 0.07925417 0.07270345 0.05440293 0.05039937 0.05705582 0.05114732 0.06069278 0.03010726 0.04075730 0.04721945 0.07786056 0.06419621 0.07330232 0.03643200 0.08927437 0.06708519 
0.05684718 0.05291914 0.06911599 0.07112481 0.06505278 0.05358875 0.06896180 0.05384089 0.00000000 0.05199847 0.06647837 0.15604746 0.04537230 0.03613779 0.06360379 0.04884014 0.05783877 0.06855343 0.09837866 0.06734398 0.06163767 0.06114860 0.06802603 0.06256377 0.04020403 0.06799248 0.03854573 0.06969081 0.04360800 0.04336630 0.04150529 0.05542687 0.05385359 0.09525307 0.04850410 0.03784481 0.04234079 0.03014465 0.03271328 0.05083825 0.05550674 0.03553011 0.03718623 0.04117958 0.06955766 0.05375069 0.02503326 0.05245428 0.04785951 0.04100026 0.03342177 0.04515128 0.05253491 0.06382727 0.06871581 0.07009741 0.07277835 0.04339015 0.03623377 0.05141891 0.04564793 0.07442846 0.06184606 0.11473700 0.05700805 0.07449408 0.14842420 0.03250630 0.02594755 0.07705316 0.05771362 0.04458798 0.07848582 0.07790799 0.04397850 0.07137398 0.06054848 0.03956450 0.04175324 0.02978468 0.06243653 0.03523379 0.04040000 0.06966415 0.04384795 0.04163914 0.02813011 0.02349030 0.04806737 0.03701147 0.02814152 0.03347504 0.03769823 0.06614622 0.07163753 0.07398461 0.04040138 0.05796494 0.05398678 0.04809827 0.05254420 0.03943488 0.03805794 0.02571076 0.04896689 0.04969364 0.04163430 0.05744555 0.05388955 0.09555924 0.02135819 0.02615921 0.04433057 0.03076960 0.04749534 0.04830570 0.06649149 0.05603640 0.07554222 0.03906896 0.04460299 0.03280905 0.04915919 0.09315954 0.05191788 0.05389238 0.03839310 0.05452618 0.04757819 0.05361726 0.03170717 0.06812578 0.07041616 0.03627660 0.03027786 0.03860745 
0.06084515 0.03686440 0.05751434 0.05449935 0.04029629 0.09076324 0.06574984 0.05843025 0.05199847 0.00000000 0.08224993 0.06093757 0.05616207 0.06402566 0.05571781 0.04732668 0.05141680 0.06706493 0.05660474 0.03980839 0.06393087 0.07359297 0.07264058 0.04844080 0.07134599 0.05537078 0.05733437 0.06810359 0.05518112 0.05418948 0.06525673 0.02807948 0.02974112 0.13108490 0.05739402 0.05455403 0.06297033 0.04398693 0.05920837 0.04300485 0.05976433 0.04588320 0.08412935 0.06302753 0.04439963 0.06248554 0.09245642 0.04132949 0.04585234 0.02291791 0.06575943 0.04669813 0.02251391 0.03924813 0.04512222 0.04458404 0.05061036 0.03036752 0.04995481 0.04331148 0.05058446 0.05269267 0.06970143 0.07615586 0.05552872 0.03943644 0.10817213 0.05185687 0.05263514 0.04993772 0.02089446 0.05443052 0.05432771 0.04009520 0.05901716 0.04969983 0.04648769 0.05611474 0.07741723 0.04197668 0.07957580 0.05188631 0.04564214 0.08567255 0.04081789 0.02622815 0.05074652 0.03929343 0.04929393 0.04354202 0.06864926 0.03253660 0.04576619 0.06479151 0.04501661 0.05713566 0.08810235 0.03550968 0.04972790 0.07142295 0.04432257 0.07497316 0.04441536 0.03675372 0.06009751 0.04306309 0.06952436 0.03073985 0.03686681 0.04061504 0.04575215 0.03285973 0.02836593 0.04901274 0.04922807 0.05068269 0.04134582 0.07465243 0.05792622 0.06088068 0.06107694 0.06212817 0.05020586 0.04427731 0.05614745 0.05971468 0.07158812 0.07526603 0.04418230 0.04352329 0.05700383 0.05190512 0.05479719 0.04197938 0.04569265 0.05541621 
0.04958039 0.03782729 0.05978949 0.05089258 0.03098647 0.05040826 0.04547493 0.07483080 0.06647837 0.08224993 0.00000000 0.01310102 0.08378411 0.07771639 0.06350870 0.05134892 0.06693490 0.04194921 0.08657323 0.05664470 0.04868188 0.06026810 0.05388201 0.04668800 0.04658544 0.07308545 0.04826160 0.05963527 0.04642346 0.06997153 0.04056156 0.03974546 0.04263569 0.08395996 0.04698835 0.06627675 0.06652377 0.05613243 0.04756844 0.02640104 0.03738152 0.05813550 0.07379909 0.05635702 0.04636025 0.05634655 0.02013441 0.05913120 0.05100584 0.04429820 0.05198602 0.07686431 0.05430507 0.07501168 0.05984873 0.04217859 0.04710563 0.06017113 0.06207777 0.03845623 0.07319610 0.06417844 0.05525446 0.04686547 0.03144399 0.08955083 0.03701326 0.07084027 0.06638024 0.06586498 0.06182311 0.05710516 0.03500173 0.05303794 0.07285922 0.06893102 0.05442347 0.05048073 0.09306268 0.05270651 0.07886869 0.05995550 0.04582259 0.06380083 0.04161746 0.05211355 0.04707050 0.03891685 0.03823903 0.06984900 0.03918065 0.04486225 0.07272602 0.04014332 0.03393978 0.05139526 0.06040938 0.05727903 0.03655038 0.03891028 0.06547508 0.05546730 0.05637193 0.03093053 0.05602292 0.03973440 0.04688348 0.05303185 0.03975070 0.03219159 0.04432993 0.05072517 0.05771758 0.03886338 0.07538499 0.05064350 0.04018608 0.08337679 0.04616379 0.04459647 0.07221222 0.03596673 0.05830833 0.03655175 0.04483072 0.04528290 0.03663338 0.05013938 0.04138985 0.06394910 0.08666689 0.06603555 0.05178001 0.06864205 0.04224245 0.05955966 
0.06239044 0.05592894 0.06201665 0.07353873 0.06498411 0.06966349 0.05940885 0.09440722 0.15604746 0.06093757 0.01310102 0.00000000 0.05413817 0.04456508 0.04288092 0.04085590 0.03059517 0.07256068 0.05035579 0.06989141 0.05828474 0.06656997 0.06112512 0.06882001 0.01963282 0.06683156 0.06344639 0.03864994 0.06072114 0.04623515 0.07812777 0.02129371 0.04954935 0.03722994 0.03979482 0.04284569 0.04647398 0.04368826 0.05264599 0.04873482 0.05988881 0.05113402 0.04861931 0.07753062 0.06902233 0.06387391 0.04370504 0.04908805 0.04555171 0.02380148 0.04005966 0.04922172 0.04162097 0.03686326 0.08084150 0.07063388 0.07345503 0.06193760 0.03451704 0.02869710 0.02850223 0.10808220 0.08197591 0.06515552 0.07399451 0.05993369 0.09806503 0.05848279 0.04291727 0.05244305 0.03553301 0.02623796 0.06468044 0.07123978 0.05582110 0.04376407 0.05677414 0.03812567 0.05585889 0.03951833 0.06097246 0.03777539 0.04903153 0.02977965 0.03193446 0.05555474 0.04322401 0.05863551 0.03086612 0.05720120 0.02869019 0.05699118 0.06892858 0.05369006 0.11886467 0.06736798 0.04513334 0.05258799 0.05002764 0.05792174 0.05032947 0.03524098 0.06766296 0.04935983 0.06390650 0.07062114 0.05595331 0.04652730 0.06026309 0.07270698 0.02936118 0.04302027 0.03552345 0.03159652 0.06543740 0.03808421 0.04729439 0.05010082 0.04778638 0.05441754 0.02369466 0.08729961 0.04926076 0.05780300 0.04156846 0.06138655 0.04377182 0.01401349 0.01518148 0.05998605 0.03125365 0.06063246 0.07309218 0.06145666 0.07118616 0.04023478 
0.05613519 0.06037668 0.04526889 0.05015669 0.08191972 0.08160628 0.08676305 0.05537662 0.04537230 0.05616207 0.08378411 0.05413817 0.00000000 0.07765984 0.06386451 0.06501018 0.09026076 0.04063196 0.08155437 0.09239003 0.06491254 0.04468744 0.07173324 0.07249878 0.05961492 0.06757967 0.05678076 0.06798977 0.04306122 0.04781804 0.02607615 0.06522197 0.07297962 0.02786459 0.05783142 0.07460556 0.04953370 0.05574136 0.04815516 0.07104372 0.02630202 0.06319510 0.03387709 0.03203071 0.03200339 0.05403154 0.04101611 0.03667077 0.06972813 0.05520840 0.04299784 0.06196113 0.07171557 0.08913983 0.05784163 0.02732524 0.02654977 0.06584200 0.04165383 0.04769501 0.11491596 0.04225332 0.02801640 0.05459803 0.07620125 0.02879457 0.04940517 0.02703419 0.04904531 0.07178978 0.07389719 0.05515373 0.01433399 0.04867943 0.06262113 0.04099126 0.04044843 0.05414579 0.03981332 0.05507498 0.06828005 0.04335092 0.07337076 0.06337811 0.03048279 0.04268019 0.05414718 0.07318583 0.03570079 0.04451694 0.05684185 0.04172134 0.05423839 0.05562477 0.07708125 0.04955915 0.04974413 0.03954018 0.05698247 0.04386520 0.02430767 0.06293469 0.05389180 0.04920546 0.06150001 0.04834016 0.04633490 0.05572115 0.05653203 0.02776268 0.02940573 0.04956346 0.05295959 0.06912526 0.06249197 0.07939147 0.05455150 0.07449035 0.06522512 0.05530052 0.05447251 0.05240178 0.05361580 0.07114926 0.04312685 0.05600602 0.05066783 0.04281337 0.05235028 0.03937708 0.02483686 0.06584733 0.02466659 0.03751036 0.03512654 0.04536118 
0.05225494 0.04507270 0.03240431 0.03042191 0.06603297 0.04306674 0.04303239 0.05567147 0.03613779 0.06402566 0.07771639 0.04456508 0.07765984 0.00000000 0.09796187 0.13476846 0.11248461 0.05307447 0.05025986 0.05635587 0.05515509 0.04970891 0.06424498 0.05544481 0.05889417 0.06354002 0.05264548 0.07963689 0.05646207 0.07613993 0.04661754 0.05599468 0.06592931 0.05689896 0.09956377 0.05507777 0.04329587 0.11269765 0.05547846 0.06322206 0.03091071 0.03704014 0.01744487 0.01719089 0.02531947 0.03538126 0.03160409 0.04539477 0.06643162 0.03941763 0.05054904 0.07473957 0.04741252 0.04390479 0.04748310 0.06842281 0.03619137 0.03237625 0.05531272 0.04563986 0.03829476 0.05660494 0.04707333 0.02441042 0.03792273 0.05862241 0.05587668 0.03875360 0.04592249 0.06039507 0.07610955 0.05764143 0.00899302 0.02370623 0.07062441 0.04875486 0.04714275 0.06741486 0.06187292 0.12624767 0.04446342 0.06390282 0.04861997 0.08312433 0.02424063 0.05453547 0.04756069 0.05459223 0.05333797 0.07145778 0.04436117 0.05869710 0.05996462 0.03973937 0.07263394 0.06326292 0.04704612 0.03252335 0.02992187 0.04777537 0.04750841 0.06133375 0.05924877 0.07661583 0.03678029 0.04567416 0.05415212 0.08403008 0.05823353 0.04153936 0.06897618 0.06246285 0.05812383 0.03494921 0.03845495 0.04322442 0.03827684 0.04380845 0.03707043 0.04236157 0.05577976 0.06289379 0.04563088 0.03760639 0.04242873 0.04765140 0.04075197 0.04905913 0.04988404 0.05843531 0.04974588 0.04644854 0.03272963 0.04272946 0.04046113 0.05402969 
0.05741349 0.05458971 0.04669413 0.04538941 0.03329968 0.03187594 0.03953479 0.03688351 0.06360379 0.05571781 0.06350870 0.04288092 0.06386451 0.09796187 0.00000000 0.10145580 0.08673272 0.05225775 0.05842045 0.06815663 0.04168205 0.04951093 0.05897192 0.07186657 0.06720703 0.04514135 0.04793464 0.05621593 0.06440822 0.09134479 0.05609315 0.04741417 0.05564910 0.04923070 0.04513708 0.04919486 0.05109864 0.04481339 0.05131643 0.05582564 0.05456048 0.04333123 0.03674135 0.03687744 0.05284537 0.05833875 0.04262191 0.06008954 0.05928895 0.05109950 0.04867036 0.05374029 0.05552691 0.04870842 0.06588331 0.06373691 0.05396381 0.04785668 0.05800457 0.04517982 0.06363097 0.06245978 0.04945912 0.03816056 0.05105574 0.04863185 0.04854369 0.05104839 0.05710434 0.05880184 0.05687951 0.06650225 0.04032488 0.03904793 0.04186665 0.04997574 0.04541034 0.05030962 0.04176322 0.06758007 0.06425731 0.04881767 0.04361363 0.06086846 0.05314438 0.05155860 0.04785914 0.05243439 0.05970212 0.06879997 0.06001237 0.05278013 0.04890487 0.04473639 0.04275415 0.05498194 0.04710111 0.04825759 0.05178058 0.05271406 0.05241540 0.04744247 0.05078018 0.04449797 0.05317671 0.05819807 0.03702617 0.05981587 0.05706600 0.04416930 0.04960688 0.05609814 0.05775299 0.04579927 0.03330854 0.03723282 0.04182652 0.05798636 0.06042187 0.05356200 0.04991169 0.05579400 0.04891693 0.04405144 0.04905569 0.05248810 0.04580914 0.04980932 0.05015151 0.05725604 0.06847399 0.05306125 0.04124977 0.04870187 0.04533591 0.06697393 
0.05349100 0.04726754 0.03541411 0.03354791 0.06318089 0.03662776 0.03431344 0.04926833 0.04884014 0.04732668 0.05134892 0.04085590 0.06501018 0.13476846 0.10145580 0.00000000 0.13061798 0.04825248 0.07563439 0.05545785 0.04971188 0.04382914 0.04697446 0.05426358 0.05455758 0.06212148 0.06332450 0.04923948 0.05169657 0.08063911 0.03598660 0.06064468 0.04746560 0.05392544 0.10028154 0.05650680 0.04493667 0.10577263 0.05201755 0.07448039 0.05083411 0.03919454 0.02248024 0.02143330 0.03107867 0.04014246 0.05461500 0.04663462 0.08338319 0.04156185 0.04885655 0.04698642 0.05819925 0.05056434 0.04623081 0.08236288 0.03855539 0.03402346 0.05670882 0.05705781 0.06375526 0.05608458 0.03947657 0.03609659 0.03773903 0.05564074 0.05565276 0.04348144 0.04914505 0.06624818 0.08599721 0.04851577 0.01492906 0.02725801 0.06140519 0.05673438 0.04703799 0.04431504 0.06671577 0.06804988 0.04724430 0.04199545 0.04556981 0.06839190 0.03882076 0.05353549 0.04867143 0.05971568 0.06230765 0.05485804 0.04241269 0.04971212 0.04466039 0.03513915 0.07982796 0.03892117 0.05690111 0.04806573 0.04961957 0.04895112 0.04175761 0.04059502 0.04411728 0.10024077 0.04159448 0.07078122 0.04339642 0.07549276 0.07606145 0.03990618 0.05852761 0.07222949 0.05792150 0.04192070 0.03259365 0.04724517 0.04541416 0.05350094 0.03711228 0.04265609 0.05534422 0.05633359 0.05254786 0.03233591 0.03586914 0.04465117 0.04052416 0.03571661 0.04900237 0.06403060 0.04985375 0.04695684 0.03367244 0.05668237 0.04111737 0.07452887 
0.05094078 0.04295064 0.02972200 0.02855920 0.06156843 0.03223990 0.05554069 0.03244924 0.05783877 0.05141680 0.06693490 0.03059517 0.09026076 0.11248461 0.08673272 0.13061798 0.00000000 0.05694628 0.06223289 0.04777422 0.05566860 0.04587862 0.03417104 0.07607035 0.06844250 0.05037245 0.07040501 0.07220629 0.03875874 0.06427835 0.05645083 0.05914431 0.06952886 0.03444984 0.07790071 0.07513540 0.04294916 0.07775715 0.05263268 0.05793208 0.02849918 0.02891020 0.01862218 0.01964853 0.02416784 0.03520450 0.05452184 0.04338072 0.07061232 0.06634444 0.05476451 0.07277442 0.04677722 0.04688423 0.03703780 0.06390105 0.01953717 0.07099633 0.05873443 0.05614900 0.06913944 0.03882360 0.05681263 0.04630785 0.03464769 0.04345643 0.06602286 0.04760190 0.06129137 0.05248641 0.07151709 0.04818290 0.02474863 0.04841553 0.06847931 0.05678377 0.04519631 0.04375387 0.06643723 0.06803838 0.03438905 0.04111128 0.06012031 0.05605792 0.05061986 0.05994901 0.05776451 0.06965061 0.07418979 0.05188504 0.04328718 0.05341719 0.06564839 0.03830656 0.09978548 0.04412995 0.05238381 0.04359735 0.04512746 0.04734455 0.04544732 0.03961573 0.06211718 0.07856731 0.04968773 0.05527362 0.03634508 0.07116873 0.05115954 0.03389056 0.04771015 0.06435789 0.04833725 0.05376622 0.03625337 0.06971355 0.05122751 0.05490268 0.05441263 0.03601707 0.05230571 0.07636071 0.04756209 0.03542820 0.04499637 0.06098297 0.04286303 0.05066007 0.03754240 0.05305683 0.02921765 0.06088298 0.03766653 0.03878137 0.04224549 0.05670631 
0.06557049 0.07701670 0.05973282 0.06127953 0.04194839 0.05986334 0.05532537 0.05597159 0.06855343 0.06706493 0.04194921 0.07256068 0.04063196 0.05307447 0.05225775 0.04825248 0.05694628 0.00000000 0.07787431 0.14664354 0.05202346 0.05006622 0.08361616 0.03416228 0.05869777 0.04919524 0.06582032 0.07332952 0.08102792 0.03674695 0.11111135 0.03901011 0.04388206 0.07666344 0.02746136 0.05518296 0.04946399 0.03619410 0.05731941 0.03955352 0.09407501 0.04995761 0.05571189 0.06126023 0.04847113 0.05443399 0.04767392 0.00916051 0.03288819 0.06451103 0.07744528 0.03033647 0.02973410 0.06100621 0.03866484 0.02351876 0.07340752 0.04333019 0.05729300 0.04147974 0.04906748 0.05585788 0.05344069 0.02310677 0.06787522 0.04327209 0.03510344 0.03319343 0.05673547 0.03683121 0.03643949 0.03885582 0.05537430 0.05020932 0.08516523 0.05365404 0.04730685 0.05466849 0.03115011 0.05010566 0.06236281 0.04738835 0.04297335 0.05626790 0.05485368 0.04407255 0.08135965 0.07488704 0.07497654 0.04519164 0.02472428 0.07629760 0.07850182 0.06332670 0.07150391 0.04852758 0.03072067 0.05750825 0.10117193 0.08028635 0.02047930 0.04964446 0.04403020 0.04067116 0.05911024 0.04196845 0.06926417 0.02697265 0.06988219 0.05787139 0.04183321 0.04445996 0.04477176 0.03568299 0.04703076 0.05931635 0.02684393 0.04402184 0.07362228 0.06359084 0.06249612 0.06661207 0.05314170 0.04210985 0.03386128 0.02892785 0.05900486 0.02539249 0.08089965 0.06448143 0.04259712 0.06965089 0.05134581 0.06758091 0.05048997 0.03692050 
0.05091833 0.04918827 0.06155816 0.05823949 0.04771029 0.05381640 0.07138166 0.05449334 0.09837866 0.05660474 0.08657323 0.05035579 0.08155437 0.05025986 0.05842045 0.07563439 0.06223289 0.07787431 0.00000000 0.07001250 0.04405656 0.07687399 0.07419120 0.06376272 0.03575890 0.07670639 0.03897027 0.10459211 0.06414690 0.04696396 0.04943526 0.03371576 0.04743109 0.03540909 0.05218152 0.02447643 0.04703657 0.03952840 0.03280680 0.07056118 0.05569816 0.03928683 0.05286704 0.03117980 0.03705221 0.05580289 0.05106725 0.06210261 0.06764379 0.05082823 0.04502308 0.05770362 0.05284225 0.05039597 0.07691809 0.05677186 0.06436794 0.06681065 0.07570982 0.06164224 0.04209630 0.07594771 0.04126544 0.05092033 0.06446390 0.07324041 0.08364540 0.03804884 0.05603929 0.05307888 0.05951565 0.04192550 0.03894324 0.05717584 0.05508012 0.05047440 0.03991518 0.04890798 0.06865836 0.03187227 0.04409284 0.04268502 0.04741843 0.04625862 0.04245946 0.05547672 0.04344919 0.07322136 0.03364037 0.03840383 0.06244090 0.04908890 0.05522331 0.04698065 0.05321792 0.05619600 0.03748748 0.04479595 0.04981407 0.05297509 0.03714672 0.05490542 0.03662329 0.05002656 0.04472564 0.06805040 0.05808057 0.04863770 0.06885161 0.05750591 0.04474221 0.05154455 0.06230047 0.04436328 0.03947272 0.04929044 0.05797168 0.05217629 0.04208685 0.05363544 0.06034985 0.07135366 0.05572969 0.07017395 0.05049256 0.07115351 0.04656521 0.05671608 0.05391899 0.06998536 0.01769573 0.06779367 0.04812644 0.04184782 0.04545439 0.06244630 
0.05248938 0.09613331 0.05588877 0.05035053 0.05805134 0.04344190 0.06013948 0.05000085 0.06734398 0.03980839 0.05664470 0.06989141 0.09239003 0.05635587 0.06815663 0.05545785 0.04777422 0.14664354 0.07001250 0.00000000 0.07273108 0.05897917 0.05069818 0.05668670 0.02746930 0.03788897 0.06547658 0.08139846 0.07426309 0.06735734 0.03049146 0.04629943 0.03559231 0.07182636 0.04898562 0.06248977 0.06378199 0.03552046 0.02595488 0.05955676 0.02839095 0.03202306 0.06594822 0.03750892 0.05078906 0.04059440 0.04025834 0.04924161 0.02752699 0.07354290 0.05348829 0.05838572 0.06475098 0.02806596 0.09106617 0.03469846 0.05543629 0.05444016 0.04680840 0.03665696 0.06621374 0.04751791 0.06677296 0.04714240 0.01881039 0.05363853 0.08867090 0.04135017 0.09555810 0.04302367 0.04412252 0.04218850 0.04295456 0.06192207 0.05314178 0.06634351 0.02937311 0.05081561 0.05788148 0.07092986 0.09480270 0.05921239 0.05465731 0.02971583 0.02256211 0.05964409 0.02675261 0.06412461 0.05970179 0.05300069 0.07053084 0.04039876 0.06123875 0.07579358 0.04255171 0.06102186 0.03697613 0.02148904 0.07966524 0.05411928 0.06762403 0.04959414 0.03555288 0.04442789 0.05292853 0.04994400 0.05023301 0.03687219 0.06547549 0.05784313 0.03064120 0.06481009 0.04410431 0.04518096 0.04096294 0.04957026 0.04299288 0.04957704 0.06361643 0.06876323 0.03375301 0.03248880 0.06613186 0.04707864 0.05796951 0.05916560 0.06440518 0.05545086 0.02880278 0.08894850 0.06437527 0.04823763 0.03733749 0.03191016 0.06110959 0.06137795 
0.05918622 0.05310744 0.05340470 0.06849757 0.05798703 0.08279326 0.03387358 0.05050473 0.06163767 0.06393087 0.04868188 0.05828474 0.06491254 0.05515509 0.04168205 0.04971188 0.05566860 0.05202346 0.04405656 0.07273108 0.00000000 0.07125110 0.05801101 0.04806739 0.05829147 0.07379760 0.05293621 0.06197520 0.04911046 0.04724132 0.05290644 0.03763426 0.02732524 0.02444816 0.06379683 0.04611283 0.06512194 0.05396379 0.04810932 0.05305052 0.03581941 0.05292858 0.05723386 0.06097836 0.06212149 0.04776894 0.01966548 0.07496853 0.03396296 0.06657001 0.06198388 0.04756771 0.06402281 0.04266341 0.07748717 0.04634553 0.03679263 0.04331851 0.05325476 0.06210155 0.05059433 0.06695236 0.05106126 0.05086116 0.07744892 0.05881749 0.05717231 0.08668018 0.02711702 0.05581641 0.07387289 0.04524212 0.06418263 0.05517922 0.04293549 0.04570724 0.05450535 0.05473282 0.04963490 0.04855293 0.04035287 0.05421702 0.04646394 0.03218822 0.06851840 0.04117908 0.08220178 0.06345668 0.04189258 0.04931780 0.07688607 0.05706132 0.04760257 0.03051981 0.04574904 0.07289943 0.05755161 0.02935926 0.07045781 0.05505214 0.04014353 0.05880620 0.07350307 0.05909848 0.05666624 0.03289689 0.06971028 0.04901772 0.03610227 0.05216358 0.05290855 0.05257070 0.04414257 0.04747563 0.04540804 0.05651105 0.04106562 0.04932374 0.05290664 0.03761258 0.06167932 0.05926951 0.05562600 0.03853433 0.07770792 0.06442782 0.06796948 0.06836288 0.07893036 0.05465563 0.05833424 0.06250739 0.05624077 0.07400232 0.05234615 0.05521567 
0.04680830 0.05516378 0.05609976 0.05738672 0.05087949 0.05176278 0.10181671 0.06027865 0.06114860 0.07359297 0.06026810 0.06656997 0.04468744 0.04970891 0.04951093 0.04382914 0.04587862 0.05006622 0.07687399 0.05897917 0.07125110 0.00000000 0.09146487 0.07105453 0.06577036 0.06718257 0.05159496 0.05190383 0.04498019 0.04060798 0.04898461 0.05223596 0.03895894 0.02889334 0.05366393 0.05345562 0.04011103 0.03710074 0.05102379 0.06873920 0.02728106 0.04845927 0.09041628 0.07155047 0.04038738 0.04234887 0.05138499 0.05779336 0.01956639 0.08961436 0.05086379 0.05796075 0.04202863 0.04389982 0.05336224 0.03508047 0.04911196 0.04218988 0.05618159 0.04529154 0.05610851 0.03849375 0.07359572 0.05341918 0.05264264 0.06296796 0.05566686 0.06853330 0.05850720 0.05679575 0.08830490 0.05426503 0.07710742 0.08057722 0.04435793 0.04892655 0.04269440 0.04879480 0.08055764 0.04901660 0.04738120 0.04417504 0.06174601 0.05781739 0.04704468 0.04944187 0.04699281 0.05304475 0.04913639 0.07450850 0.05033875 0.04677557 0.05271437 0.02777114 0.04407960 0.05015728 0.06795415 0.03027538 0.06594119 0.07638634 0.03264700 0.05455596 0.05909977 0.05337168 0.05245102 0.06778749 0.05661598 0.06238452 0.03439178 0.05976231 0.05438151 0.04988955 0.07225050 0.03986522 0.03314977 0.04920586 0.05356200 0.05606746 0.04961906 0.03149178 0.05073335 0.04869521 0.05774615 0.03031351 0.06773830 0.05428413 0.06473595 0.04370673 0.06683547 0.08074066 0.01916356 0.04732753 0.05478562 0.08375031 0.04113757 0.04831760 
0.05511225 0.04795773 0.06172415 0.05090036 0.04352428 0.07440833 0.05426530 0.07640387 0.06802603 0.07264058 0.05388201 0.06112512 0.07173324 0.06424498 0.05897192 0.04697446 0.03417104 0.08361616 0.07419120 0.05069818 0.05801101 0.09146487 0.00000000 0.08632211 0.07054367 0.06633410 0.04487750 0.08648800 0.05785838 0.05912235 0.03684677 0.02573859 0.04151021 0.02252596 0.04461597 0.05242363 0.06135237 0.05158799 0.02329238 0.05173784 0.04612119 0.03514229 0.06187215 0.05741106 0.04792582 0.07419244 0.02574685 0.05605676 0.08366009 0.03865466 0.04077552 0.02740728 0.01440605 0.05292863 0.06101002 0.03709280 0.03742087 0.05564794 0.08186164 0.05055024 0.06115523 0.05518797 0.05815930 0.03107138 0.04037806 0.07362090 0.05811741 0.06523562 0.06313107 0.05647878 0.06212103 0.03145951 0.05930445 0.07843031 0.04824323 0.03153587 0.04273730 0.03871149 0.04539320 0.04226458 0.06821095 0.04282214 0.04915464 0.03629799 0.05869396 0.03757914 0.03633761 0.06639980 0.06347994 0.06556183 0.04443205 0.03918654 0.03877879 0.05424657 0.03403320 0.05929161 0.08960187 0.03421843 0.07164490 0.06097197 0.06272660 0.06373967 0.03705325 0.04175128 0.05555220 0.05521302 0.02916657 0.05329274 0.04012626 0.04789706 0.05502835 0.04415631 0.07970521 0.04326616 0.05877011 0.02753431 0.05275762 0.05508549 0.05320213 0.04481792 0.05329323 0.05437632 0.05746601 0.11025001 0.05565274 0.07125246 0.06775858 0.10286996 0.04636905 0.06546763 0.06918058 0.05645759 0.05643906 0.03007644 0.04460307 0.04831083 
0.04478143 0.03688447 0.03822849 0.03975171 0.04613095 0.07370348 0.06479651 0.05311368 0.06256377 0.04844080 0.04668800 0.06882001 0.07249878 0.05544481 0.07186657 0.05426358 0.07607035 0.03416228 0.06376272 0.05668670 0.04806739 0.07105453 0.08632211 0.00000000 0.08195167 0.04729303 0.07116123 0.03662873 0.04672503 0.05502056 0.03214092 0.04753067 0.04572005 0.06011171 0.03405713 0.04221396 0.05132058 0.03717308 0.04504120 0.04811243 0.03194484 0.03286389 0.05004725 0.05377533 0.03479155 0.04479489 0.06257017 0.04788917 0.05962218 0.06115640 0.04567121 0.05206572 0.05118218 0.03555729 0.04183132 0.06550790 0.03034177 0.05012789 0.05643504 0.04749267 0.04177672 0.06025971 0.06020407 0.07520785 0.02608389 0.09345011 0.08545553 0.04022452 0.06619199 0.08269176 0.07975998 0.05726810 0.04086177 0.08148093 0.04021687 0.07122437 0.04977098 0.04021694 0.03174107 0.04978135 0.06736110 0.03724415 0.05788164 0.04329388 0.08917046 0.04531067 0.05392509 0.07927029 0.05201832 0.04822484 0.05945296 0.07994815 0.03174454 0.05091306 0.02912796 0.04899714 0.04140341 0.04921889 0.06101038 0.05965473 0.08200792 0.05205683 0.06771181 0.06039186 0.04612620 0.05437285 0.04206414 0.04988947 0.05611083 0.05303074 0.04976584 0.05949086 0.07108602 0.05090284 0.05420569 0.04006103 0.04306563 0.04601381 0.05776678 0.04618953 0.05103379 0.06997653 0.03488632 0.05648713 0.05131750 0.07463121 0.05505008 0.06622906 0.04011975 0.04552741 0.05787347 0.04863467 0.03768791 0.05093937 0.03604320 0.07006299 
0.06763082 0.05496137 0.05732204 0.04910178 0.03672731 0.06295242 0.06252765 0.09708607 0.04020403 0.07134599 0.04658544 0.01963282 0.05961492 0.05889417 0.06720703 0.05455758 0.06844250 0.05869777 0.03575890 0.02746930 0.05829147 0.06577036 0.07054367 0.08195167 0.00000000 0.06293571 0.07565867 0.07534309 0.03742357 0.06719867 0.07952192 0.02235272 0.06221010 0.04061344 0.05061960 0.03428136 0.03759784 0.07742750 0.08185883 0.04528286 0.04665734 0.04060212 0.03772799 0.06582012 0.03335212 0.05125609 0.03859841 0.04112749 0.05938454 0.04972304 0.06319139 0.06564838 0.07422091 0.05998666 0.06409484 0.07392398 0.04667879 0.07659103 0.08339817 0.05967705 0.07416088 0.05356016 0.04866126 0.05584323 0.07138418 0.06964133 0.03432823 0.03963055 0.04466962 0.05043480 0.03396950 0.03204497 0.06414111 0.03533066 0.02974551 0.06380930 0.05701820 0.05612658 0.05660252 0.08121195 0.04025383 0.06324349 0.06100721 0.01906088 0.02611480 0.04294232 0.07199158 0.03717985 0.04936732 0.10047086 0.03147795 0.06081896 0.03419444 0.04060017 0.03313240 0.06544682 0.05775825 0.02513802 0.06858410 0.03608333 0.07828054 0.04747312 0.03922145 0.04955065 0.05418284 0.04977404 0.04108321 0.06248172 0.04406534 0.04871136 0.07680507 0.05137384 0.06016076 0.04820823 0.04392434 0.05923670 0.07050487 0.07000655 0.03679692 0.05650390 0.06059134 0.04674131 0.03045888 0.02904220 0.06285923 0.04378264 0.03500830 0.01046507 0.07762840 0.05376981 0.09021722 0.07627695 0.04234730 0.05808402 0.05950334 0.04164218 
0.06403455 0.05635383 0.05984810 0.04920642 0.05694488 0.07216225 0.05573908 0.04650902 0.06799248 0.05537078 0.07308545 0.06683156 0.06757967 0.06354002 0.04514135 0.06212148 0.05037245 0.04919524 0.07670639 0.03788897 0.07379760 0.06718257 0.06633410 0.04729303 0.06293571 0.00000000 0.05891909 0.03240281 0.04047332 0.04412609 0.05220510 0.04411523 0.04906966 0.04944709 0.05716023 0.06372415 0.02272216 0.06595901 0.03750198 0.05141441 0.04852235 0.06062614 0.04972008 0.05897776 0.04006389 0.03939563 0.01701854 0.05497182 0.05223965 0.03203110 0.04149602 0.07657701 0.05507904 0.05472059 0.05003078 0.06049089 0.05677750 0.05170647 0.06194188 0.05498643 0.09526321 0.06567412 0.05046387 0.02790698 0.04823070 0.06870860 0.03329364 0.04687903 0.05644277 0.06067538 0.04366947 0.06024923 0.04993960 0.05662185 0.07466112 0.05025750 0.05391689 0.05574191 0.04215244 0.04605174 0.03916814 0.05047264 0.06506757 0.03637942 0.03786267 0.04578146 0.05124975 0.05222627 0.04759414 0.05983969 0.04564507 0.05513962 0.03920242 0.03856529 0.05794142 0.09172323 0.05666091 0.06909793 0.06179179 0.04668925 0.05916530 0.04512936 0.06482856 0.04722475 0.02707716 0.06707098 0.06251753 0.05915838 0.05951291 0.04977525 0.05637290 0.06396743 0.04513941 0.04548669 0.04594921 0.06444002 0.08377115 0.05392462 0.07197191 0.05577726 0.07259585 0.04852130 0.03506418 0.04622723 0.07512442 0.06297782 0.05958233 0.04967510 0.06580957 0.06455043 0.03912045 0.06193435 0.05169258 0.03253074 0.03914292 0.06249629 
