0.00000000 0.06909470 0.03407745 0.03463441 0.07615814 0.04674455 0.06956607 0.05190720 0.04374700 0.04855025 0.05554039 0.06463089 0.04771000 0.04970240 0.04513287 0.04164270 0.03792420 0.05315194 0.06533376 0.03129228 0.02797765 0.02900919 0.04721887 0.04882100 0.02740522 0.03880322 0.03364938 0.05879349 0.04331069 0.06220624 0.05786251 0.04891786 0.05065512 0.01497300 0.05279597 0.02433836 0.04550384 0.02746521 0.05565324 0.03376586 0.06144687 0.01401779 0.04242160 0.02443984 0.05296483 0.05423684 0.04087695 0.02478540 0.03378993 0.04013571 0.04074805 0.04007558 0.02022476 0.02658894 0.04126303 0.04888868 0.03020635 0.06296140 0.06775871 0.05234760 0.02318737 0.05071971 0.03447509 0.07037703 0.02096846 0.03427544 0.04902648 0.03902427 0.04369897 0.04049598 0.01545538 0.04834038 0.01218231 0.02544162 0.02843394 0.03057197 0.03089862 0.04697046 0.05271749 0.04575862 0.03443722 0.05832681 0.03628212 0.04403961 0.05769039 0.02772205 0.03567177 0.05433048 0.03235314 0.03363958 0.01405012 0.03987700 0.02256339 0.01724810 0.06393176 0.03632615 0.05038354 0.05315661 0.03206366 0.05342566 0.05772065 0.05352551 0.05246915 
0.06909470 0.00000000 0.03703972 0.03817100 0.05946105 0.02195244 0.06744582 0.02804664 0.02216355 0.02588039 0.03119569 0.04650534 0.02725170 0.03282077 0.02806521 0.04109373 0.03621477 0.03617266 0.04808334 0.06295231 0.04377654 0.02565065 0.05472503 0.05010929 0.02651255 0.03588648 0.02174311 0.04829860 0.05148837 0.01961088 0.04880820 0.04718208 0.03175970 0.04820285 0.04402235 0.03817128 0.06516771 0.08760882 0.05925469 0.05495279 0.04204679 0.04926474 0.05486679 0.05760521 0.04239493 0.05809505 0.06138805 0.02845268 0.05394400 0.02574507 0.04349018 0.04775604 0.06628380 0.03934036 0.02591144 0.04013700 0.01890773 0.06182233 0.02527336 0.04719464 0.03964214 0.06448595 0.03663398 0.04422132 0.03464820 0.06210604 0.05367597 0.06436881 0.05875909 0.03254908 0.04768148 0.04818917 0.04187296 0.04725054 0.07111923 0.05151091 0.05256593 0.06239831 0.02947575 0.06038996 0.03793595 0.02082128 0.02053633 0.05160776 0.02179784 0.05061587 0.05473223 0.05756302 0.03988210 0.03787050 0.01959771 0.04570381 0.04209237 0.05645913 0.03888718 0.03782252 0.04263370 0.02532516 0.03448350 0.03781063 0.03301958 0.03281206 0.02807180 
0.03407745 0.03703972 0.00000000 0.03985357 0.01818853 0.03649502 0.02917497 0.03389977 0.02125291 0.05719057 0.04259385 0.02397810 0.02559489 0.02629411 0.03752603 0.05560190 0.03004246 0.02180923 0.04996084 0.03231335 0.02532205 0.07866048 0.03199579 0.02403074 0.01886757 0.03640501 0.03410563 0.03242866 0.02643228 0.05395155 0.02876967 0.05617863 0.08191386 0.04337720 0.06239537 0.02454881 0.03134705 0.03908810 0.02782509 0.04724903 0.02598941 0.04393165 0.04654285 0.04107459 0.06526281 0.04410925 0.05391328 0.06049019 0.03511812 0.04315504 0.03576863 0.05675677 0.05435713 0.07703799 0.03633280 0.04082751 0.02515453 0.03775833 0.05598287 0.07411072 0.04430507 0.05184377 0.07740993 0.03543056 0.04812112 0.03574602 0.06077121 0.05439259 0.03235368 0.01840684 0.05170992 0.06058746 0.04651542 0.05905953 0.03488454 0.05756743 0.02889036 0.06291063 0.04201393 0.04196099 0.02863180 0.02829112 0.02989332 0.05494340 0.02330477 0.07191900 0.04731265 0.04911936 0.03223797 0.06683554 0.06702620 0.02179744 0.05770050 0.01459545 0.01779365 0.03530186 0.03862459 0.05405870 0.02647754 0.05989136 0.06836227 0.06575084 0.06394460 
0.03463441 0.03817100 0.03985357 0.00000000 0.05343307 0.09892258 0.00826563 0.06240241 0.08054776 0.02599215 0.06216602 0.05386591 0.03649066 0.03172965 0.08732655 0.05617841 0.03120256 0.05721935 0.03632342 0.02036549 0.06229566 0.02910462 0.03602650 0.05928136 0.04419005 0.04079447 0.02910135 0.04408320 0.03344675 0.02711264 0.00698909 0.03866161 0.02622787 0.03348357 0.03579401 0.04754510 0.02877240 0.05313088 0.04551062 0.03193908 0.05627857 0.05345444 0.03843133 0.03961071 0.04315748 0.04642093 0.04319400 0.02955430 0.02914037 0.04435634 0.09776140 0.02450611 0.03295653 0.08592421 0.02848531 0.04184656 0.05654703 0.01555603 0.03736858 0.01927745 0.05164336 0.05903582 0.03327825 0.02666717 0.01479491 0.02423094 0.02954531 0.05825432 0.05027032 0.04883884 0.05629035 0.01761725 0.03229429 0.04382398 0.02715856 0.04434047 0.04367108 0.03745599 0.04351608 0.04307110 0.01635327 0.03451957 0.04182595 0.04651764 0.02005182 0.04571886 0.04262755 0.04370807 0.01598264 0.02918051 0.07060088 0.06472501 0.02635078 0.14050787 0.04786385 0.04702217 0.04132789 0.07287953 0.02351113 0.03970194 0.03947284 0.04341909 0.03864258 
0.07615814 0.05946105 0.01818853 0.05343307 0.00000000 0.08230482 0.07013944 0.06845666 0.05300255 0.04728744 0.05875184 0.05108239 0.04305276 0.07124346 0.04522073 0.04225897 0.04379433 0.05498896 0.03406075 0.02786358 0.03076480 0.04059794 0.03780790 0.03541948 0.03649619 0.04578622 0.06921501 0.04719540 0.05692709 0.06016342 0.04693904 0.06778111 0.04755274 0.02081261 0.03713036 0.07134170 0.06293594 0.04649416 0.06326198 0.01531551 0.03883787 0.02107650 0.04723937 0.02247142 0.04350982 0.04169877 0.05862195 0.03471608 0.04842722 0.06623891 0.05959214 0.03530433 0.03623472 0.03369220 0.03811921 0.04131031 0.06363753 0.06861806 0.04800273 0.04724771 0.03137679 0.03268772 0.03605600 0.05038303 0.02371958 0.03052778 0.02620793 0.04942634 0.03643725 0.04680991 0.01762184 0.04535565 0.01563652 0.02445277 0.04959974 0.02999591 0.03642378 0.05825413 0.04123815 0.01693029 0.05890238 0.02646955 0.02972861 0.03839908 0.03726968 0.06025214 0.02436996 0.02145078 0.03429324 0.01020765 0.03444739 0.03523968 0.03149974 0.03073579 0.04477722 0.03099662 0.03568241 0.04584640 0.03950585 0.05438690 0.04474199 0.04400690 0.04337217 
0.04674455 0.02195244 0.03649502 0.09892258 0.08230482 0.00000000 0.01843166 0.09962848 0.07307043 0.06141307 0.08112098 0.08163168 0.03946036 0.05437620 0.06231846 0.03700967 0.04759652 0.04179244 0.04532528 0.03226511 0.04993756 0.02547599 0.04410807 0.03335622 0.07264994 0.04054643 0.03282687 0.02981345 0.03992595 0.04638077 0.03610202 0.04844728 0.03895501 0.06396403 0.04247898 0.04643746 0.03554534 0.03494628 0.02497963 0.01749322 0.03926379 0.03885616 0.03511940 0.03790962 0.04020670 0.03876510 0.04345430 0.02262216 0.02667873 0.05515823 0.05833910 0.03410074 0.05048815 0.02096496 0.07619228 0.04319022 0.05538538 0.04938175 0.04200957 0.06529524 0.03033879 0.02580833 0.03269345 0.04309947 0.03392122 0.03458221 0.03094336 0.02285969 0.02498198 0.04527629 0.05417490 0.03857338 0.02817757 0.03847696 0.03733679 0.03066607 0.02343645 0.05206713 0.04220565 0.05217483 0.05031243 0.03762845 0.04579985 0.03228524 0.02942717 0.05167625 0.02999638 0.04264855 0.03647682 0.02587534 0.05812492 0.04119244 0.03457270 0.03993068 0.02700836 0.01535206 0.02692181 0.02571824 0.03434498 0.02402135 0.03702079 0.05238894 0.04762756 
0.06956607 0.06744582 0.02917497 0.00826563 0.07013944 0.01843166 0.00000000 0.03338297 0.04683585 0.05625688 0.03859918 0.04015509 0.08131496 0.03621900 0.06365602 0.04953172 0.05422173 0.04950364 0.04530022 0.05608859 0.04375056 0.03307611 0.01992829 0.04043380 0.02958369 0.05373794 0.06130938 0.06779017 0.04978798 0.08438402 0.05895198 0.06023018 0.03422662 0.03783018 0.03674982 0.02568406 0.05668146 0.03671461 0.06239490 0.04431687 0.07240066 0.03742313 0.04062756 0.02030593 0.02845629 0.05861893 0.04054518 0.03101975 0.03541632 0.04270860 0.02957867 0.05419363 0.02437299 0.03108373 0.05366296 0.04067234 0.02594469 0.05264290 0.02674221 0.06136371 0.05209986 0.02073717 0.02136194 0.05567935 0.03731498 0.04973263 0.02535857 0.04446176 0.03981584 0.02114092 0.04077147 0.02662503 0.03396225 0.03289929 0.04002499 0.08786840 0.03658772 0.02915359 0.07238538 0.02945716 0.03558643 0.07205701 0.04776717 0.05372050 0.02596714 0.07057012 0.02818775 0.05580924 0.03767774 0.01648949 0.03420147 0.04929224 0.03431284 0.03635498 0.05023706 0.03893111 0.04552517 0.04389216 0.03654100 0.03772126 0.04399873 0.03499623 0.03933083 
0.05190720 0.02804664 0.03389977 0.06240241 0.06845666 0.09962848 0.03338297 0.00000000 0.07984006 0.08327483 0.11663853 0.06880137 0.06875351 0.09170501 0.05636259 0.04896409 0.05260744 0.04989848 0.03577415 0.04293931 0.03051870 0.03960411 0.04279025 0.04855225 0.05187561 0.03012031 0.03239642 0.03474830 0.03957424 0.04583422 0.03886185 0.03220147 0.02662271 0.02591443 0.02739647 0.05785166 0.02759390 0.03582492 0.03107586 0.02795295 0.02945271 0.02907758 0.03630220 0.02829767 0.03267270 0.04474488 0.04389790 0.02488205 0.02312975 0.02156361 0.03459204 0.04836710 0.06082502 0.02015475 0.05936336 0.04421279 0.09391546 0.03009531 0.04929976 0.05446862 0.03260154 0.02290060 0.04796866 0.02574423 0.04378723 0.03235779 0.04220152 0.02675171 0.04057290 0.02673845 0.05351006 0.05945686 0.01499247 0.02402400 0.03474314 0.02614764 0.02479026 0.04118913 0.03027792 0.05020208 0.04088841 0.04114351 0.03095848 0.02513062 0.04091230 0.04344332 0.03373747 0.03264893 0.03807962 0.02885373 0.03062426 0.04677907 0.03704618 0.04095481 0.03291071 0.03015808 0.02657281 0.03522806 0.03978621 0.04949968 0.05709782 0.05671783 0.05138546 
0.04374700 0.02216355 0.02125291 0.08054776 0.05300255 0.07307043 0.04683585 0.07984006 0.00000000 0.05289821 0.07163899 0.04545760 0.06248249 0.04551753 0.07049998 0.03543975 0.05731736 0.04439694 0.05653177 0.04236320 0.05286926 0.03949452 0.04785047 0.05968020 0.05929870 0.04117275 0.04941646 0.04177968 0.03383278 0.06277603 0.03274522 0.03632731 0.03018235 0.05362726 0.00607115 0.04398238 0.03979402 0.04561309 0.06244148 0.03853689 0.02037538 0.02560618 0.07120534 0.01944666 0.02522562 0.05108669 0.02753629 0.02908802 0.05240054 0.04841463 0.03684853 0.03989065 0.04187610 0.02253711 0.06550190 0.04026943 0.07415350 0.05524706 0.01246819 0.02884896 0.07651434 0.02695294 0.04669392 0.03897821 0.05464339 0.02766549 0.01636496 0.02468681 0.03616919 0.05824525 0.04182782 0.08696456 0.03065083 0.01471189 0.01769544 0.02754671 0.03006342 0.03597614 0.04374123 0.05228204 0.07815480 0.04617856 0.05103360 0.03418708 0.04065504 0.06326281 0.02119767 0.04217685 0.03841361 0.01441632 0.02753744 0.04561998 0.02344657 0.02963052 0.04898430 0.02887253 0.04223407 0.04668728 0.05110139 0.04096349 0.04909421 0.03770800 0.03333972 
0.04855025 0.02588039 0.05719057 0.02599215 0.04728744 0.06141307 0.05625688 0.08327483 0.05289821 0.00000000 0.07636867 0.06224998 0.08096970 0.05302760 0.06559202 0.04462236 0.05057216 0.04623488 0.03783010 0.02857795 0.05714632 0.03503303 0.03552896 0.04090467 0.04885510 0.06963316 0.04806043 0.04146750 0.03751912 0.05032636 0.04620058 0.03361714 0.02226336 0.06735501 0.00546774 0.03992640 0.03793709 0.07301588 0.04946814 0.03991105 0.03927622 0.09025090 0.02078861 0.06384420 0.03613425 0.05276825 0.04391682 0.09697614 0.03898893 0.04151304 0.01596375 0.02833848 0.04580929 0.04320831 0.05002526 0.04100348 0.05596010 0.03398516 0.02510844 0.04737027 0.04491484 0.03463236 0.03590565 0.01622833 0.05531977 0.01555757 0.01436636 0.02137429 0.02394325 0.03887406 0.02277279 0.07555329 0.03613738 0.04000104 0.05556201 0.08183363 0.02741562 0.01764281 0.00972012 0.04373669 0.02728618 0.03253586 0.03148460 0.04183743 0.03166954 0.07367080 0.05891202 0.05082718 0.03907324 0.04244352 0.03453632 0.05928617 0.04914097 0.01674334 0.02199027 0.04534272 0.01763571 0.03143304 0.03389294 0.03118036 0.03896498 0.03808691 0.03335274 
0.05554039 0.03119569 0.04259385 0.06216602 0.05875184 0.08112098 0.03859918 0.11663853 0.07163899 0.07636867 0.00000000 0.06029865 0.07639323 0.07632834 0.06928789 0.04535415 0.07025722 0.04037788 0.03393353 0.02192640 0.03742437 0.04472763 0.04761629 0.03775988 0.04344105 0.02430146 0.02255867 0.04014232 0.03822766 0.03316580 0.03867457 0.03466428 0.03336369 0.03105444 0.03332302 0.02660608 0.02942621 0.03561634 0.03145329 0.03807464 0.03345031 0.03930528 0.04723212 0.02882486 0.04069087 0.04087870 0.04485067 0.03253867 0.03536485 0.02557992 0.03494801 0.03870884 0.02736280 0.02399262 0.04415128 0.04506626 0.07234312 0.03649524 0.04263913 0.04791864 0.03112636 0.03486892 0.04790707 0.03156609 0.03951229 0.03141455 0.04320651 0.03580248 0.03097407 0.02349020 0.04946893 0.05273960 0.02406562 0.02634900 0.03521244 0.03333187 0.02962216 0.04417322 0.04054543 0.04942583 0.04873664 0.03509606 0.03221173 0.03272478 0.04480611 0.04291874 0.03364477 0.02643755 0.02443733 0.02734790 0.02764743 0.04254285 0.03641968 0.04499680 0.04443607 0.03978122 0.03758612 0.04476816 0.05087172 0.05524118 0.06191923 0.05709757 0.05272080 
0.06463089 0.04650534 0.02397810 0.05386591 0.05108239 0.08163168 0.04015509 0.06880137 0.04545760 0.06224998 0.06029865 0.00000000 0.09444856 0.07819052 0.09889898 0.06363293 0.09166071 0.08744779 0.05153897 0.03317167 0.07141037 0.02580964 0.02482124 0.03735077 0.09281735 0.03138029 0.04640036 0.02208155 0.03993125 0.05518496 0.03109700 0.07049211 0.02109871 0.06025175 0.02503277 0.05452839 0.03637051 0.03042601 0.05234967 0.01870037 0.01982772 0.04208658 0.03300421 0.02742821 0.03194433 0.03126141 0.03083471 0.01660677 0.03677306 0.05605280 0.04470622 0.01389532 0.03339941 0.03191984 0.10461505 0.04251386 0.05441576 0.01596154 0.03616357 0.03401734 0.01425381 0.03053185 0.02657767 0.03240766 0.03047499 0.02132847 0.01085259 0.00916158 0.02033690 0.03310842 0.03117274 0.05209605 0.07401539 0.02543092 0.06258565 0.05458007 0.05165955 0.02810193 0.05112616 0.04094744 0.02810375 0.07855779 0.08819268 0.02304538 0.05195652 0.03868949 0.04779551 0.03737647 0.02552829 0.04341897 0.04389509 0.02661231 0.03409508 0.02867142 0.03093798 0.01999197 0.04135587 0.05878166 0.02345407 0.01457197 0.02791897 0.03986361 0.03468916 
0.04771000 0.02725170 0.02559489 0.03649066 0.04305276 0.03946036 0.08131496 0.06875351 0.06248249 0.08096970 0.07639323 0.09444856 0.00000000 0.05692136 0.07608190 0.03477430 0.08997486 0.08569421 0.06306497 0.01556163 0.04066389 0.04707461 0.03434741 0.03729213 0.06066438 0.05373081 0.06228875 0.03560482 0.03883011 0.10105376 0.05110756 0.06027832 0.00585472 0.04770584 0.01721595 0.03825981 0.01571345 0.00796940 0.06955110 0.03773162 0.01034401 0.03589719 0.04267019 0.01983020 0.02120473 0.01882848 0.03508259 0.00421834 0.04853946 0.03550173 0.01939850 0.01481166 0.03232099 0.02614436 0.09560596 0.04379245 0.06067311 0.02353243 0.03982687 0.01141261 0.03205279 0.03482866 0.01658518 0.03137009 0.04414921 0.00000000 0.05197113 0.00996055 0.03298861 0.01638321 0.05053808 0.03616117 0.04200018 0.04454893 0.06575996 0.09536985 0.03297823 0.02947135 0.06304338 0.02796458 0.03840229 0.11977242 0.08745282 0.01768783 0.06851178 0.01841690 0.06988116 0.03707703 0.01362757 0.06406177 0.01645133 0.02792999 0.04208174 0.02932962 0.02303612 0.02229588 0.04315537 0.02317894 0.03357850 0.03532636 0.04378542 0.04741694 0.04300331 
0.04970240 0.03282077 0.02629411 0.03172965 0.07124346 0.05437620 0.03621900 0.09170501 0.04551753 0.05302760 0.07632834 0.07819052 0.05692136 0.00000000 0.06508826 0.06283060 0.04354416 0.06063734 0.03316173 0.02443173 0.02628762 0.02526124 0.03494937 0.03177350 0.08142274 0.04100125 0.04351766 0.03211327 0.05351826 0.05544138 0.03450067 0.04294237 0.03004585 0.03693531 0.03389979 0.11675254 0.03620234 0.06059417 0.03220925 0.03224476 0.01561072 0.02821279 0.03843193 0.02605147 0.00812371 0.03584707 0.03144437 0.04243843 0.02900850 0.06756250 0.02461085 0.05797879 0.04009015 0.02836371 0.06503080 0.04432662 0.07439082 0.04175280 0.05387991 0.02670826 0.03436740 0.03193052 0.03324574 0.02157694 0.05190782 0.04912436 0.03606678 0.02317713 0.04802713 0.06081710 0.04415462 0.04604782 0.06310946 0.03291900 0.02614599 0.01638619 0.06181178 0.03892438 0.04224329 0.03170665 0.02753985 0.04010191 0.06607982 0.04332058 0.04712083 0.01292775 0.04595384 0.03509443 0.03977950 0.04564527 0.04091169 0.02882487 0.03164759 0.03188306 0.02428709 0.04238044 0.03049096 0.03166000 0.02393790 0.03433438 0.04426062 0.05103204 0.04635456 
0.04513287 0.02806521 0.03752603 0.08732655 0.04522073 0.06231846 0.06365602 0.05636259 0.07049998 0.06559202 0.06928789 0.09889898 0.07608190 0.06508826 0.00000000 0.02766121 0.08189202 0.04522563 0.04274805 0.03167132 0.08423919 0.03593917 0.03301013 0.03345384 0.09646818 0.04038268 0.04053224 0.03223760 0.07838080 0.03727409 0.03946405 0.04154043 0.02709566 0.03870453 0.04194828 0.03735039 0.05097437 0.05128772 0.01626306 0.03646964 0.03865606 0.05518702 0.04043211 0.03197872 0.05245297 0.03018429 0.04467430 0.04238408 0.01635585 0.05013204 0.05161769 0.03463370 0.01925913 0.03040503 0.06514965 0.04273449 0.04197220 0.02741419 0.03634895 0.02767484 0.03764023 0.03338123 0.03813190 0.02910783 0.03984131 0.03717658 0.05710092 0.02153641 0.02280087 0.02600015 0.03482147 0.03328799 0.07468541 0.04586025 0.02718956 0.03559530 0.06262879 0.01951876 0.04494849 0.02402992 0.04480426 0.04225855 0.06571159 0.01951535 0.02966083 0.03854037 0.03786192 0.03736111 0.04309391 0.03186083 0.05919912 0.03033934 0.03166778 0.03734197 0.02263003 0.03791819 0.03004035 0.03634337 0.03950592 0.01955852 0.03261095 0.04100254 0.03565929 
0.04164270 0.04109373 0.05560190 0.05617841 0.04225897 0.03700967 0.04953172 0.04896409 0.03543975 0.04462236 0.04535415 0.06363293 0.03477430 0.06283060 0.02766121 0.00000000 0.05260121 0.07772310 0.09670457 0.03954700 0.06560305 0.03229353 0.01366442 0.03257497 0.04615590 0.03270147 0.03651033 0.04151595 0.02612685 0.00956469 0.03687821 0.03139614 0.04867291 0.05923726 0.07043136 0.04412471 0.03059788 0.02073823 0.04834997 0.04359984 0.03758577 0.03527165 0.02888777 0.05549106 0.04065150 0.06074590 0.01946348 0.02435079 0.03470666 0.04629661 0.06911989 0.06482251 0.02597061 0.06553428 0.03504671 0.04135326 0.04448171 0.02375259 0.06216103 0.04477750 0.04090540 0.04304263 0.05464044 0.04054782 0.07025556 0.05313708 0.04157835 0.05621021 0.03782582 0.03613774 0.07214664 0.04124873 0.03987509 0.01326201 0.04005878 0.04302538 0.04679552 0.00743547 0.03126037 0.06093437 0.02626509 0.02782467 0.04281913 0.02929690 0.04310213 0.04951095 0.03914010 0.04848385 0.01790000 0.02283620 0.06886276 0.06201539 0.03692278 0.05608753 0.05479840 0.04044300 0.04863091 0.05092330 0.03411200 0.04023082 0.04678232 0.03424177 0.02957986 
0.03792420 0.03621477 0.03004246 0.03120256 0.04379433 0.04759652 0.05422173 0.05260744 0.05731736 0.05057216 0.07025722 0.09166071 0.08997486 0.04354416 0.08189202 0.05260121 0.00000000 0.08603079 0.04464810 0.02924682 0.04760971 0.05557026 0.04564010 0.01410101 0.04841775 0.03401007 0.03015208 0.03112314 0.03631963 0.04872482 0.02705876 0.04923298 0.02579469 0.03566792 0.04112103 0.03840731 0.05093803 0.05360118 0.05124753 0.07237623 0.01013713 0.00881366 0.04258966 0.04614856 0.02472795 0.00333615 0.04417342 0.04940828 0.03952274 0.03732937 0.02701567 0.01821027 0.02410267 0.01693701 0.09540479 0.04242492 0.02834234 0.02179131 0.05756430 0.02099327 0.03159525 0.01778700 0.01972896 0.04778423 0.04043199 0.01630107 0.07260787 0.04504803 0.03459667 0.05201025 0.00880768 0.07454706 0.05779548 0.02209459 0.03858801 0.02849465 0.05001800 0.02840929 0.03876861 0.02970888 0.09557386 0.11521688 0.10107569 0.02817095 0.05911800 0.08230163 0.04487176 0.04904653 0.04129599 0.03677381 0.00615859 0.01256496 0.04597856 0.02538622 0.02710083 0.03404590 0.04671337 0.03337251 0.05099518 0.03337442 0.02644101 0.04274255 0.03830510 
0.05315194 0.03617266 0.02180923 0.05721935 0.05498896 0.04179244 0.04950364 0.04989848 0.04439694 0.04623488 0.04037788 0.08744779 0.08569421 0.06063734 0.04522563 0.07772310 0.08603079 0.00000000 0.04168454 0.02852653 0.05238921 0.02727133 0.03772768 0.04626474 0.03184408 0.03578682 0.05700618 0.03840062 0.02206389 0.04069235 0.02885772 0.06486350 0.01370116 0.06309340 0.03315597 0.07528496 0.03833110 0.06984796 0.05489601 0.03333919 0.04591183 0.02607827 0.04985162 0.02301719 0.06112679 0.02778682 0.01820006 0.03652569 0.06685755 0.04998326 0.05287461 0.03114277 0.03433425 0.02904623 0.07917629 0.04187235 0.05751455 0.03069959 0.04137311 0.01306063 0.05334677 0.04979681 0.01575771 0.03864559 0.03512309 0.00869571 0.01280724 0.02742230 0.03508502 0.02849622 0.03580161 0.04637736 0.06847741 0.02440329 0.07341829 0.04544459 0.04113519 0.04258060 0.03938643 0.02928810 0.02124227 0.10062827 0.08051680 0.03652820 0.04393367 0.02396110 0.04828363 0.02404492 0.02584379 0.04611536 0.05674748 0.02547753 0.03103263 0.07405980 0.05639669 0.02617059 0.05463852 0.05418821 0.01154597 0.01538796 0.02154255 0.03796301 0.03296181 
0.06533376 0.04808334 0.04996084 0.03632342 0.03406075 0.04532528 0.04530022 0.03577415 0.05653177 0.03783010 0.03393353 0.05153897 0.06306497 0.03316173 0.04274805 0.09670457 0.04464810 0.04168454 0.00000000 0.04544847 0.06748715 0.03747001 0.03999242 0.05240691 0.04778294 0.05220136 0.02912107 0.04651636 0.02767679 0.03441180 0.07062076 0.03592007 0.04493637 0.02900503 0.04598835 0.02992936 0.05658754 0.04999560 0.06484112 0.05301808 0.06213507 0.02449148 0.05089678 0.04058027 0.03487748 0.03160185 0.05638571 0.03294395 0.01843782 0.04047051 0.01152019 0.05253245 0.03514968 0.01914023 0.04224393 0.04058752 0.03730187 0.04448384 0.02735371 0.04502918 0.05748229 0.04250482 0.04827788 0.04015869 0.06099554 0.05200278 0.03532506 0.03558829 0.03479097 0.05230658 0.03999921 0.04856912 0.04912821 0.05821594 0.03533681 0.04738528 0.04738504 0.04359740 0.02450008 0.03012790 0.03700038 0.05774558 0.03311862 0.03947806 0.02629438 0.06534853 0.03828863 0.04932652 0.03682674 0.03697230 0.02697402 0.05402876 0.05548959 0.04779442 0.02668163 0.06012029 0.03879708 0.06154969 0.03690604 0.04441279 0.03754664 0.04099174 0.03702334 
0.03129228 0.06295231 0.03231335 0.02036549 0.02786358 0.03226511 0.05608859 0.04293931 0.04236320 0.02857795 0.02192640 0.03317167 0.01556163 0.02443173 0.03167132 0.03954700 0.02924682 0.02852653 0.04544847 0.00000000 0.03004563 0.05545937 0.04423883 0.04958300 0.05679003 0.04239935 0.06724313 0.06516161 0.03756026 0.07589600 0.03224045 0.05331601 0.03781623 0.06508317 0.05039773 0.03444069 0.04121999 0.05685948 0.03200943 0.05862342 0.06036232 0.02727876 0.04886734 0.05017801 0.04239888 0.02737211 0.04918458 0.02738666 0.06691971 0.02513783 0.03322621 0.02852795 0.08426167 0.05789018 0.02049831 0.04307375 0.04182234 0.06638279 0.06242996 0.08024401 0.03869911 0.03737083 0.06763754 0.03439374 0.06928961 0.02946363 0.05699518 0.07460316 0.06148845 0.03176640 0.03833116 0.02428390 0.02875032 0.05541154 0.04603416 0.04427997 0.04446806 0.06092891 0.02327780 0.03661208 0.03762138 0.02092330 0.02739827 0.02824219 0.01575433 0.03995701 0.03538720 0.05007727 0.04866874 0.07628841 0.04619170 0.04406746 0.04409545 0.04317500 0.04998108 0.03873461 0.05118733 0.04083353 0.05100725 0.03102865 0.01201847 0.02582473 0.02647020 
0.02797765 0.04377654 0.02532205 0.06229566 0.03076480 0.04993756 0.04375056 0.03051870 0.05286926 0.05714632 0.03742437 0.07141037 0.04066389 0.02628762 0.08423919 0.06560305 0.04760971 0.05238921 0.06748715 0.03004563 0.00000000 0.05035923 0.03042416 0.05258244 0.05817749 0.05442817 0.02952378 0.03155355 0.03651606 0.01773065 0.03712833 0.05050468 0.04018303 0.09309467 0.06581877 0.03137412 0.01488120 0.04320841 0.03510646 0.03823118 0.01306851 0.02864814 0.03103252 0.03807342 0.07312351 0.03453873 0.03468703 0.03055168 0.03279037 0.05845212 0.02057285 0.05258173 0.03743435 0.07196821 0.02696327 0.04205356 0.04895863 0.02404529 0.03718838 0.00778553 0.06059896 0.07858341 0.02997494 0.03320552 0.07150066 0.03053676 0.05013255 0.03553469 0.03845319 0.02085884 0.03617193 0.02244070 0.03678917 0.04639985 0.05841550 0.04948939 0.03648425 0.07378353 0.01990924 0.04669106 0.03450286 0.02175630 0.01690006 0.04168903 0.03325619 0.05193489 0.09617908 0.04456472 0.04288051 0.09213082 0.05902823 0.03157393 0.01642215 0.06781484 0.05996446 0.03511898 0.03516111 0.06458059 0.04154455 0.01217445 0.02034139 0.02930295 0.02998774 
0.02900919 0.02565065 0.07866048 0.02910462 0.04059794 0.02547599 0.03307611 0.03960411 0.03949452 0.03503303 0.04472763 0.02580964 0.04707461 0.02526124 0.03593917 0.03229353 0.05557026 0.02727133 0.03747001 0.05545937 0.05035923 0.00000000 0.03822606 0.04533859 0.02430663 0.02887447 0.05189462 0.07157294 0.05307947 0.05533283 0.03431077 0.06318543 0.04628150 0.04680346 0.05034185 0.02535338 0.05558676 0.01726693 0.04639975 0.03821421 0.04587708 0.05195100 0.07015504 0.05840897 0.05593903 0.05016695 0.03909273 0.02597326 0.04767991 0.02945162 0.03638087 0.03887847 0.05225336 0.03530840 0.04443637 0.04170936 0.04693423 0.05825475 0.02916630 0.04399642 0.02664612 0.03164942 0.02160501 0.07195379 0.02290718 0.07205994 0.07051644 0.07342700 0.03193829 0.06231155 0.05616371 0.06141287 0.04621288 0.07320124 0.04620744 0.03729602 0.03162712 0.07076308 0.03639100 0.04935159 0.03332670 0.04246822 0.03041176 0.04769783 0.05227183 0.03072027 0.04176313 0.03879584 0.01550833 0.03438736 0.03994398 0.04244217 0.07305738 0.03675544 0.02439190 0.03241462 0.02113066 0.03178956 0.06904322 0.05305125 0.04298123 0.04625479 0.04204262 
0.04721887 0.05472503 0.03199579 0.03602650 0.03780790 0.04410807 0.01992829 0.04279025 0.04785047 0.03552896 0.04761629 0.02482124 0.03434741 0.03494937 0.03301013 0.01366442 0.04564010 0.03772768 0.03999242 0.04423883 0.03042416 0.03822606 0.00000000 0.06599748 0.03180239 0.06617560 0.04038800 0.03571492 0.05221481 0.03558961 0.03183721 0.01534915 0.07591839 0.04721563 0.03322876 0.03615343 0.04443287 0.04910729 0.05461159 0.06826699 0.05340785 0.05553547 0.05889996 0.04718136 0.04659024 0.04628497 0.04129834 0.07372453 0.05204437 0.04076364 0.01817610 0.04720357 0.02097805 0.03427918 0.03038087 0.04082353 0.04254250 0.09200789 0.03443103 0.03383442 0.04919744 0.06593836 0.04548357 0.02856637 0.06163580 0.08064371 0.02662585 0.06774190 0.05023028 0.01510100 0.06628892 0.04470239 0.04114923 0.02673150 0.03826631 0.04569041 0.04655025 0.05463975 0.01201721 0.06899818 0.03469299 0.05106505 0.05336375 0.06127542 0.02754950 0.06125450 0.05451891 0.05380183 0.00999655 0.02987030 0.01586155 0.03762040 0.03735734 0.02764872 0.04273097 0.03754697 0.05346986 0.02872476 0.04418251 0.05044733 0.05378806 0.05173832 0.05518786 
0.04882100 0.05010929 0.02403074 0.05928136 0.03541948 0.03335622 0.04043380 0.04855225 0.05968020 0.04090467 0.03775988 0.03735077 0.03729213 0.03177350 0.03345384 0.03257497 0.01410101 0.04626474 0.05240691 0.04958300 0.05258244 0.04533859 0.06599748 0.00000000 0.02268901 0.04051306 0.05736386 0.07135542 0.03082131 0.05411939 0.04389194 0.03437451 0.04850007 0.04339618 0.02627119 0.03682752 0.03842690 0.06198647 0.06702534 0.04258653 0.05308035 0.02496687 0.02877425 0.04893873 0.04707582 0.06884248 0.03546737 0.03925825 0.05118758 0.02500389 0.09897875 0.04517388 0.02960253 0.05642107 0.03349948 0.04074762 0.04205950 0.08955747 0.04352595 0.02936867 0.03851255 0.04116988 0.03719726 0.04485725 0.02989942 0.03285430 0.03341546 0.03366338 0.05797113 0.06960189 0.03182320 0.02251840 0.02838158 0.02290118 0.05778896 0.04437042 0.04121433 0.04310027 0.04779095 0.04481673 0.03811559 0.02150332 0.02687976 0.04155367 0.05313807 0.01121600 0.06864660 0.04793327 0.05072191 0.05751812 0.05345799 0.05247656 0.04809460 0.05707084 0.05481397 0.06358660 0.02579217 0.05761536 0.04525820 0.02803737 0.03786285 0.03299550 0.03729917 
0.02740522 0.02651255 0.01886757 0.04419005 0.03649619 0.07264994 0.02958369 0.05187561 0.05929870 0.04885510 0.04344105 0.09281735 0.06066438 0.08142274 0.09646818 0.04615590 0.04841775 0.03184408 0.04778294 0.05679003 0.05817749 0.02430663 0.03180239 0.02268901 0.00000000 0.03298484 0.02651186 0.03624689 0.08398153 0.05027213 0.04741155 0.02676839 0.01970440 0.07178508 0.01827038 0.07110278 0.03051007 0.04948149 0.02240301 0.02991842 0.01955798 0.02723462 0.02534082 0.04554980 0.03339487 0.03179464 0.02309129 0.02955007 0.03807514 0.05316912 0.04940733 0.04996109 0.03933710 0.03687939 0.09555956 0.04240300 0.05079476 0.06337091 0.03991642 0.06275078 0.04179174 0.03562558 0.02379420 0.03250748 0.02272636 0.03398429 0.02492323 0.02040271 0.04335570 0.06637452 0.04307046 0.02329530 0.09017126 0.04979784 0.03064174 0.04974663 0.07997790 0.03415056 0.05597446 0.04199096 0.02711921 0.03056462 0.08469457 0.03930262 0.04058610 0.01876506 0.06173600 0.05088454 0.05973090 0.07537261 0.05211171 0.03820004 0.02846985 0.04421992 0.02942821 0.03800968 0.02337789 0.03347800 0.03499290 0.00587144 0.02131451 0.02551070 0.02554712 
0.03880322 0.03588648 0.03640501 0.04079447 0.04578622 0.04054643 0.05373794 0.03012031 0.04117275 0.06963316 0.02430146 0.03138029 0.05373081 0.04100125 0.04038268 0.03270147 0.03401007 0.03578682 0.05220136 0.04239935 0.05442817 0.02887447 0.06617560 0.04051306 0.03298484 0.00000000 0.04804549 0.04254448 0.03126246 0.04432741 0.03205018 0.02398528 0.03947714 0.06532672 0.02930770 0.05099974 0.03334943 0.04243897 0.06274778 0.04319078 0.03187937 0.06642270 0.05421480 0.04478307 0.04366956 0.02435344 0.02654695 0.09100510 0.05095971 0.05793655 0.02697853 0.03591312 0.06213047 0.04339962 0.04079320 0.03940568 0.04364505 0.04429070 0.03672279 0.04209925 0.03259556 0.05809179 0.06877818 0.05547688 0.06488569 0.06306621 0.04506611 0.03784212 0.05039424 0.04574711 0.03369870 0.03193502 0.04625840 0.05215143 0.05487126 0.04725186 0.04491006 0.02473047 0.04035125 0.04207792 0.04467486 0.05975623 0.02965364 0.04846953 0.03310487 0.05466898 0.03649186 0.07489483 0.02768061 0.01519346 0.02887783 0.04103892 0.04906714 0.04105050 0.04633195 0.04296269 0.04991447 0.07067889 0.04473031 0.04616164 0.03319180 0.02530684 0.02804570 
0.03364938 0.02174311 0.03410563 0.02910135 0.06921501 0.03282687 0.06130938 0.03239642 0.04941646 0.04806043 0.02255867 0.04640036 0.06228875 0.04351766 0.04053224 0.03651033 0.03015208 0.05700618 0.02912107 0.06724313 0.02952378 0.05189462 0.04038800 0.05736386 0.02651186 0.04804549 0.00000000 0.05213148 0.04218760 0.09110655 0.07400497 0.05088318 0.04558903 0.02795549 0.03212451 0.04861465 0.04620812 0.04196913 0.05012582 0.03569666 0.03713436 0.05138912 0.06008183 0.04705508 0.05284958 0.02861247 0.05221968 0.04928373 0.05298031 0.03777783 0.03705546 0.04139544 0.04526434 0.04088486 0.04196671 0.04036779 0.04987484 0.04331117 0.07547616 0.02707601 0.04685346 0.02547898 0.03391305 0.04542292 0.04364763 0.04424570 0.03339580 0.05041836 0.03411125 0.03121089 0.04501904 0.02422366 0.03097438 0.03929731 0.03778692 0.06570061 0.02881126 0.05537276 0.05912184 0.03180047 0.07380638 0.05768470 0.04597377 0.05211054 0.05135688 0.04939070 0.03029657 0.02520982 0.05114463 0.02161403 0.04257738 0.04518323 0.05734592 0.03244714 0.03116784 0.03373761 0.02092872 0.03676839 0.07131217 0.05013310 0.03066552 0.02747859 0.03015468 
0.05879349 0.04829860 0.03242866 0.04408320 0.04719540 0.02981345 0.06779017 0.03474830 0.04177968 0.04146750 0.04014232 0.02208155 0.03560482 0.03211327 0.03223760 0.04151595 0.03112314 0.03840062 0.04651636 0.06516161 0.03155355 0.07157294 0.03571492 0.07135542 0.03624689 0.04254448 0.05213148 0.00000000 0.04278391 0.04958772 0.04963727 0.04338106 0.06016544 0.05288519 0.03371840 0.03025044 0.04882773 0.02815685 0.04614217 0.03927407 0.03556429 0.04718369 0.04757871 0.03854098 0.04607178 0.04188234 0.04508547 0.02935206 0.04446649 0.03476927 0.05216054 0.02754739 0.03592527 0.02908997 0.04096562 0.04041027 0.03599449 0.07619730 0.05786746 0.02598581 0.03325389 0.02988299 0.04827952 0.04306424 0.03636241 0.02937488 0.04489234 0.05556744 0.06331666 0.04948985 0.02723371 0.03595299 0.03748791 0.04134421 0.03697464 0.04770945 0.05061363 0.04764771 0.05935095 0.03812065 0.03901515 0.03948482 0.03847127 0.05584260 0.06574479 0.04866466 0.03788933 0.04283995 0.05692116 0.04406905 0.03026126 0.08356191 0.03267685 0.04913633 0.05805453 0.04885519 0.03464807 0.06959821 0.04529991 0.04400957 0.04126232 0.03087519 0.03506009 
0.04331069 0.05148837 0.02643228 0.03344675 0.05692709 0.03992595 0.04978798 0.03957424 0.03383278 0.03751912 0.03822766 0.03993125 0.03883011 0.05351826 0.07838080 0.02612685 0.03631963 0.02206389 0.02767679 0.03756026 0.03651606 0.05307947 0.05221481 0.03082131 0.08398153 0.03126246 0.04218760 0.04278391 0.00000000 0.04453869 0.07950822 0.02374291 0.04265078 0.02275665 0.05712495 0.04637762 0.03820042 0.02285553 0.02777467 0.02057581 0.06203665 0.03777804 0.04854887 0.03236494 0.03894885 0.03799099 0.04769031 0.02148008 0.06132099 0.03870890 0.03958442 0.05024115 0.05083827 0.03480159 0.05687931 0.04166957 0.03723309 0.03540054 0.03915557 0.04887859 0.04859489 0.03826671 0.05668575 0.04866670 0.05447339 0.05324894 0.03959865 0.05500498 0.04587428 0.04740668 0.03184490 0.05918855 0.07143588 0.05998848 0.01886049 0.04004960 0.05762162 0.02605689 0.03676581 0.04417485 0.05750009 0.03149178 0.05681122 0.06590575 0.05034715 0.04319807 0.04649430 0.03884396 0.05724083 0.02892556 0.01733079 0.04676761 0.04217910 0.03657718 0.03699562 0.03028086 0.03895546 0.03115852 0.04629463 0.04609439 0.04237384 0.05712452 0.05161228 
0.06220624 0.01961088 0.05395155 0.02711264 0.06016342 0.04638077 0.08438402 0.04583422 0.06277603 0.05032636 0.03316580 0.05518496 0.10105376 0.05544138 0.03727409 0.00956469 0.04872482 0.04069235 0.03441180 0.07589600 0.01773065 0.05533283 0.03558961 0.05411939 0.05027213 0.04432741 0.09110655 0.04958772 0.04453869 0.00000000 0.05203202 0.04486069 0.04420100 0.05610173 0.02865526 0.05857850 0.05153341 0.03884813 0.05519489 0.03292094 0.03013937 0.00592046 0.02168153 0.05003501 0.04251520 0.01984767 0.03511058 0.02216758 0.05416822 0.06518411 0.01785937 0.03181527 0.03651850 0.02980029 0.06914914 0.04239558 0.04341847 0.07288410 0.06748540 0.05266101 0.03502749 0.02766608 0.02900079 0.05251134 0.02813292 0.03062138 0.02396978 0.05080983 0.02250336 0.02210980 0.04937402 0.02543131 0.03815039 0.03479101 0.01628136 0.04207909 0.04302390 0.02875179 0.04807976 0.03916911 0.05362408 0.08680237 0.05834377 0.04762191 0.04620236 0.03350662 0.04458850 0.02799238 0.02949216 0.07734273 0.03387853 0.01671368 0.04085482 0.02962988 0.07056267 0.04263022 0.04759767 0.03469552 0.03165507 0.03708725 0.02713323 0.03401559 0.03701757 
0.05786251 0.04880820 0.02876967 0.00698909 0.04693904 0.03610202 0.05895198 0.03886185 0.03274522 0.04620058 0.03867457 0.03109700 0.05110756 0.03450067 0.03946405 0.03687821 0.02705876 0.02885772 0.07062076 0.03224045 0.03712833 0.03431077 0.03183721 0.04389194 0.04741155 0.03205018 0.07400497 0.04963727 0.07950822 0.05203202 0.00000000 0.05266841 0.05843086 0.03686742 0.07046794 0.04483451 0.04253758 0.03036786 0.02522435 0.05283248 0.05224375 0.05784430 0.02704680 0.04448264 0.05036313 0.02961381 0.03892602 0.01601503 0.03654768 0.05554452 0.06132423 0.05311035 0.03754144 0.01653477 0.04995131 0.04123389 0.04438668 0.01990027 0.05980539 0.01639602 0.01627373 0.05023783 0.03915636 0.04875048 0.03902709 0.05548221 0.01157198 0.03688254 0.04220024 0.03954641 0.02784309 0.06782109 0.04654375 0.02609472 0.03858297 0.05131563 0.04521160 0.07056910 0.06258461 0.03645028 0.06103866 0.05729824 0.04818459 0.03627355 0.05160110 0.02325226 0.04378101 0.04958904 0.06023381 0.07179309 0.05772498 0.04244772 0.04526176 0.03797714 0.04383164 0.04879535 0.04595635 0.02767484 0.04551370 0.05505758 0.03325796 0.03302747 0.03679662 
0.04891786 0.04718208 0.05617863 0.03866161 0.06778111 0.04844728 0.06023018 0.03220147 0.03632731 0.03361714 0.03466428 0.07049211 0.06027832 0.04294237 0.04154043 0.03139614 0.04923298 0.06486350 0.03592007 0.05331601 0.05050468 0.06318543 0.01534915 0.03437451 0.02676839 0.02398528 0.05088318 0.04338106 0.02374291 0.04486069 0.05266841 0.00000000 0.05023741 0.04902856 0.04712588 0.03800206 0.04971707 0.03664108 0.03089999 0.02588235 0.02595423 0.06561085 0.03242529 0.06137379 0.03445819 0.05828123 0.05332669 0.01689413 0.02627777 0.03911819 0.05404209 0.02170718 0.02444997 0.05270474 0.05044150 0.04069047 0.03124427 0.01935140 0.02701338 0.06786734 0.02872039 0.03260975 0.02150504 0.03694951 0.04035657 0.03367128 0.03451255 0.03513588 0.04211121 0.06612601 0.05037409 0.07899168 0.03273591 0.02498807 0.07742192 0.04474263 0.03752420 0.04700150 0.05576876 0.02371193 0.05614427 0.04511591 0.04930946 0.03092596 0.04665726 0.04862469 0.03087768 0.02936500 0.04133622 0.05032210 0.04566696 0.03288055 0.03253293 0.05440605 0.05741490 0.07350123 0.05449397 0.07043614 0.06407337 0.05278432 0.04585810 0.02825368 0.03107634 
0.05065512 0.03175970 0.08191386 0.02622787 0.04755274 0.03895501 0.03422662 0.02662271 0.03018235 0.02226336 0.03336369 0.02109871 0.00585472 0.03004585 0.02709566 0.04867291 0.02579469 0.01370116 0.04493637 0.03781623 0.04018303 0.04628150 0.07591839 0.04850007 0.01970440 0.03947714 0.04558903 0.06016544 0.04265078 0.04420100 0.05843086 0.05023741 0.00000000 0.04256931 0.05435458 0.02624096 0.03460035 0.05251460 0.05036226 0.05644907 0.04389852 0.06601944 0.06808300 0.05318498 0.04584085 0.04883490 0.05661537 0.08253275 0.01981104 0.05055429 0.02414804 0.06405197 0.03755543 0.04822118 0.03171554 0.04011580 0.03090880 0.08073337 0.02825858 0.04793503 0.06045130 0.04539369 0.05695747 0.07206384 0.05234035 0.01675307 0.04185805 0.05819164 0.03777706 0.02952948 0.06903437 0.05622008 0.04074738 0.03593196 0.02195468 0.02421871 0.04374940 0.04937061 0.03870777 0.05955995 0.05285424 0.02887500 0.02512552 0.04246560 0.02237327 0.06328280 0.02296787 0.03454499 0.03945611 0.02557121 0.02106792 0.03696419 0.06467625 0.01528702 0.05455736 0.04663139 0.06231940 0.05823129 0.04772494 0.05629836 0.06195047 0.05776178 0.05326555 
0.01497300 0.04820285 0.04337720 0.03348357 0.02081261 0.06396403 0.03783018 0.02591443 0.05362726 0.06735501 0.03105444 0.06025175 0.04770584 0.03693531 0.03870453 0.05923726 0.03566792 0.06309340 0.02900503 0.06508317 0.09309467 0.04680346 0.04721563 0.04339618 0.07178508 0.06532672 0.02795549 0.05288519 0.02275665 0.05610173 0.03686742 0.04902856 0.04256931 0.00000000 0.04756292 0.05765528 0.03341331 0.02236687 0.02503141 0.04707829 0.04269914 0.04092268 0.03316304 0.02620067 0.07780215 0.02793139 0.01799293 0.06977089 0.04409383 0.06325435 0.05401901 0.02343435 0.04758183 0.05605633 0.06915017 0.04260484 0.04520186 0.01238293 0.05297255 0.02322471 0.01759209 0.05999798 0.02761279 0.03264142 0.03834150 0.04081884 0.03619693 0.04126823 0.01512018 0.02506773 0.02615256 0.05540381 0.05352571 0.05437323 0.05475394 0.04236760 0.07979278 0.02426592 0.04467717 0.04482624 0.00574291 0.04647053 0.05569203 0.03817572 0.04258568 0.02790237 0.06238798 0.03599523 0.02343655 0.05023206 0.09098867 0.06882851 0.06368746 0.05061150 0.03627463 0.03345982 0.04787436 0.01438423 0.02583081 0.01564006 0.01665803 0.02778319 0.02817124 
0.05279597 0.04402235 0.06239537 0.03579401 0.03713036 0.04247898 0.03674982 0.02739647 0.00607115 0.00546774 0.03332302 0.02503277 0.01721595 0.03389979 0.04194828 0.07043136 0.04112103 0.03315597 0.04598835 0.05039773 0.06581877 0.05034185 0.03322876 0.02627119 0.01827038 0.02930770 0.03212451 0.03371840 0.05712495 0.02865526 0.07046794 0.04712588 0.05435458 0.04756292 0.00000000 0.03785405 0.07523787 0.03072488 0.04641170 0.05297539 0.07118413 0.05113523 0.05506975 0.03671102 0.06179555 0.05285347 0.06160219 0.04907929 0.04470318 0.04929910 0.04676669 0.05867184 0.05610295 0.05728714 0.03126370 0.04017456 0.03672739 0.04307191 0.04650615 0.04351397 0.05198566 0.02675189 0.04432649 0.05589377 0.07963088 0.05157037 0.03438667 0.03776262 0.06473498 0.04358024 0.05937575 0.03137541 0.03313602 0.04585909 0.03866215 0.05354735 0.04059242 0.04268762 0.05738822 0.04453722 0.04483000 0.02641381 0.02935824 0.02647927 0.04704987 0.03406956 0.03633445 0.02978366 0.06516820 0.03818489 0.04178700 0.04972245 0.05132047 0.05695477 0.04212987 0.02710712 0.05376435 0.03977309 0.04434909 0.02733220 0.03968488 0.04613268 0.03744335 
