0.00000000 0.50123918 0.31726724 0.14819017 0.21375058 0.13722275 0.14833316 0.13475078 0.11853396 0.08339434 0.18792032 0.15454471 0.17345710 0.10689759 0.12571327 0.12244177 0.16230042 0.08631112 0.15097571 0.17586947 0.09812970 0.10489380 0.08059789 0.11113241 0.11559488 0.12897122 0.09770342 0.11989936 0.09332555 0.15332590 0.21719949 0.15935442 0.09858107 0.11353074 0.12550978 0.08538569 0.11039827 0.14573425 0.07386001 0.16707231 0.12268127 0.20382328 0.14973619 0.15500632 0.15071673 0.15517661 0.19606016 0.19499289 0.15087902 0.19557870 0.08997685 0.10958977 0.14540055 0.09295420 0.14567783 0.13518858 0.13907807 0.12128420 0.14641121 0.19353137 0.07735835 0.13221777 0.17029871 0.11071075 0.12211027 0.14343303 0.15057550 0.13196591 0.19026740 0.18113509 0.16602640 0.14441065 0.10682019 0.14218681 0.18571118 0.13308953 0.14144229 0.13906200 0.09329717 0.18363196 0.11257376 0.13144777 0.13364472 0.17664008 0.08318455 0.13556383 0.09131334 0.16884425 0.14553379 0.10575793 0.16599454 0.11037497 0.11665836 0.10929818 0.18937010 0.15438080 0.12405043 0.29468918 0.18597904 0.20080030 0.16748880 0.15962640 0.16090573 
0.50123918 0.00000000 0.22824760 0.18482716 0.14655164 0.09274400 0.12675129 0.12988982 0.11087797 0.12882357 0.14734460 0.11033327 0.09959633 0.12918477 0.22178435 0.23498232 0.05671830 0.16857997 0.22774721 0.16063925 0.11359687 0.17275356 0.10968875 0.08809754 0.13370749 0.14308502 0.16624710 0.09332127 0.15516135 0.15748867 0.11645251 0.24063934 0.22009698 0.08160166 0.15466319 0.09596675 0.09210829 0.15854518 0.14335374 0.13532073 0.12268804 0.21651611 0.12044457 0.16094057 0.12010013 0.14598809 0.18589728 0.17009017 0.17665980 0.14578721 0.29766262 0.16660990 0.12945291 0.17827946 0.09089123 0.13626647 0.08670085 0.10053108 0.10272875 0.11772586 0.17627411 0.11468980 0.23608584 0.10314775 0.13853118 0.10207685 0.17203040 0.08285595 0.12096227 0.15193465 0.19521435 0.18210736 0.16210208 0.08973404 0.17070913 0.18427998 0.13690956 0.18108717 0.17021960 0.10662193 0.06271325 0.10388263 0.09989550 0.04891896 0.08865923 0.10664230 0.10079080 0.16852413 0.14113232 0.14112896 0.16335441 0.11949513 0.15735590 0.20647378 0.15099806 0.12602182 0.17557494 0.29616653 0.22002823 0.12483544 0.13718110 0.13783892 0.13406516 
0.31726724 0.22824760 0.00000000 0.15912100 0.15792984 0.12443294 0.11239572 0.15919013 0.12135004 0.07429067 0.12914085 0.16648968 0.08300735 0.09672442 0.08319735 0.10200742 0.10529764 0.10111472 0.10335075 0.10791680 0.07237144 0.11208608 0.07806660 0.12255540 0.07511515 0.14441065 0.20665583 0.12673105 0.15524437 0.17615152 0.22472660 0.17349511 0.46526337 0.15478217 0.29732377 0.11650497 0.06635344 0.19334040 0.12290170 0.20518909 0.18915806 0.21550682 0.20666924 0.14028145 0.15776732 0.17346612 0.24695533 0.26386926 0.30247326 0.14035975 0.10419512 0.13123631 0.16330114 0.12921799 0.07035273 0.13517863 0.09086978 0.07751690 0.14110586 0.10538036 0.17447578 0.16674774 0.15106406 0.18754874 0.19946845 0.12993969 0.12834843 0.19711464 0.10889859 0.18939645 0.16021657 0.17959402 0.18502130 0.20027704 0.14304634 0.04362648 0.13421162 0.08993737 0.16015155 0.13309985 0.05563405 0.13285106 0.09409082 0.14313245 0.09971824 0.15438066 0.11747441 0.09073149 0.11157182 0.09587737 0.09980549 0.12162391 0.13539527 0.16943602 0.08975391 0.18804355 0.13173971 0.16206668 0.18560225 0.17625089 0.15065388 0.16385872 0.16033855 
0.14819017 0.18482716 0.15912100 0.00000000 0.11635221 0.38179099 0.09178899 0.21336352 0.16600825 0.15252302 0.22052602 0.14347927 0.21532379 0.21762829 0.16323329 0.11137779 0.16463475 0.13979328 0.10017549 0.17560898 0.22921525 0.12019333 0.12191118 0.19266246 0.15949223 0.19899056 0.10550088 0.10511519 0.07676110 0.17288358 0.14916797 0.26299367 0.11600418 0.13004058 0.09090260 0.14494956 0.12414238 0.10459371 0.11078923 0.10813067 0.11831226 0.11551727 0.14048235 0.14794866 0.08294579 0.12819894 0.07333721 0.12325872 0.15496052 0.07122566 0.18466314 0.13291364 0.10153566 0.20369188 0.23592775 0.13438533 0.14668221 0.12126943 0.07730744 0.17756020 0.12920340 0.20331134 0.10355157 0.10317346 0.05477316 0.13404071 0.15000453 0.14877182 0.10013145 0.15208127 0.12517232 0.11351765 0.12107995 0.17969644 0.15400583 0.15901788 0.22279074 0.06924065 0.10105673 0.15735439 0.11942525 0.15767455 0.12299236 0.27924747 0.08708786 0.09001410 0.13529327 0.08565990 0.13027044 0.19815455 0.19565720 0.15817095 0.10659322 0.37615192 0.09364530 0.15267157 0.20770185 0.09257042 0.11156570 0.12032781 0.15503126 0.14880995 0.14428818 
0.21375058 0.14655164 0.15792984 0.11635221 0.00000000 0.09268838 0.38039944 0.19640958 0.14278210 0.17584845 0.13399942 0.13877589 0.10454825 0.09808849 0.08446733 0.14820046 0.14307241 0.11692652 0.12611082 0.15835570 0.07989342 0.20110919 0.13549941 0.11941274 0.06339106 0.11718526 0.18750037 0.11044757 0.11096618 0.14609973 0.19667334 0.19588494 0.21288167 0.07830713 0.28116243 0.10904808 0.39477116 0.17589754 0.20848220 0.16088395 0.20877122 0.22824727 0.17779391 0.18395085 0.16292753 0.17917150 0.13986273 0.16196936 0.45003482 0.15200194 0.12111276 0.27731642 0.15278985 0.14173428 0.06308017 0.12308799 0.10094922 0.14482728 0.11364132 0.13404054 0.15793101 0.16637815 0.14139548 0.15674483 0.18955037 0.14608515 0.18790577 0.20832509 0.29526982 0.07392878 0.11626915 0.14474528 0.16130659 0.12648711 0.12936881 0.12803979 0.14711967 0.14258975 0.12483479 0.12548047 0.08927552 0.10861765 0.08322371 0.10819368 0.12418269 0.06872540 0.08910524 0.07524199 0.03801604 0.08452419 0.09200730 0.08511121 0.13324837 0.07521435 0.07901595 0.14543108 0.10523040 0.14595555 0.16443758 0.14899355 0.12657120 0.14789524 0.14782943 
0.13722275 0.09274400 0.12443294 0.38179099 0.09268838 0.00000000 0.10624021 0.24453877 0.20206687 0.17232727 0.24873434 0.23641983 0.24648054 0.36473095 0.22303972 0.16439153 0.16969858 0.12533014 0.08850078 0.20563685 0.23735626 0.12460846 0.07667208 0.14153904 0.14920751 0.08907480 0.15663497 0.15136692 0.08214454 0.11622128 0.12239000 0.11450536 0.12232153 0.24016173 0.12355342 0.15346895 0.18690575 0.12736131 0.11446241 0.09462927 0.13435106 0.13341306 0.10467505 0.08446064 0.10334949 0.09481355 0.12716276 0.09827422 0.07934721 0.09571999 0.14802906 0.17030013 0.24025554 0.11971586 0.26349877 0.22242639 0.14229749 0.18084146 0.17766046 0.25117136 0.12403104 0.09174121 0.06928146 0.07323183 0.06087431 0.10922779 0.06583673 0.15074927 0.08530357 0.06409035 0.13866983 0.11931310 0.17853909 0.13344419 0.15041287 0.14938835 0.20874096 0.14426169 0.10895346 0.12974669 0.19197412 0.17405397 0.30353468 0.16140325 0.12973381 0.14157592 0.21175051 0.12901345 0.05345408 0.17664339 0.14701918 0.13142699 0.08751706 0.18466443 0.11162718 0.04896726 0.13202755 0.06924060 0.08444326 0.08856182 0.14745217 0.15128499 0.14659995 
0.14833316 0.12675129 0.11239572 0.09178899 0.38039944 0.10624021 0.00000000 0.15582841 0.17704723 0.13359118 0.18871620 0.22939274 0.24398442 0.15781087 0.14291840 0.10220856 0.19935642 0.14173797 0.22423711 0.10788428 0.10593069 0.02961170 0.17094247 0.08952943 0.08855554 0.12195409 0.13112406 0.09536173 0.11775179 0.11664549 0.06502731 0.06847177 0.09909565 0.14151208 0.16592628 0.11023688 0.26467981 0.12915355 0.20194512 0.21513051 0.18500969 0.34877036 0.13623618 0.20242365 0.16206308 0.11451584 0.24222534 0.12690030 0.21357193 0.17710444 0.10947844 0.29982149 0.16097729 0.24303645 0.11953960 0.14517316 0.17408721 0.16714510 0.27709664 0.15715785 0.16654220 0.14190355 0.17932372 0.18610313 0.21688383 0.19610096 0.09749835 0.09860328 0.15998719 0.15989069 0.18340368 0.14080324 0.16333723 0.16945063 0.07554507 0.08337641 0.13554284 0.08857831 0.16147149 0.08223330 0.09618688 0.11787656 0.13259244 0.15738955 0.15067775 0.16708344 0.13151678 0.09161096 0.12165702 0.08177080 0.07594000 0.07906645 0.13036455 0.16919665 0.09368904 0.10009238 0.10941138 0.16057125 0.10707623 0.14868105 0.13259786 0.14074103 0.14424811 
0.13475078 0.12988982 0.15919013 0.21336352 0.19640958 0.24453877 0.15582841 0.00000000 0.16696208 0.21452224 0.34641025 0.16802038 0.21600221 0.25511439 0.17912748 0.15121464 0.19451440 0.16872522 0.14678772 0.16631494 0.15749451 0.11376399 0.15706084 0.13145804 0.15102895 0.13095391 0.15026580 0.11493351 0.12965253 0.12564824 0.11246118 0.11156419 0.12095941 0.17238690 0.11190730 0.23018786 0.11877737 0.13261465 0.13663521 0.12721634 0.12107483 0.15763951 0.10846602 0.12866619 0.12092203 0.13395903 0.12415369 0.11146673 0.12047133 0.14941037 0.11490558 0.10172095 0.20026569 0.14237340 0.18377269 0.15792792 0.19761658 0.13503287 0.13650333 0.12024188 0.09754306 0.12389834 0.13599695 0.12313737 0.12441860 0.14279549 0.13788421 0.10480328 0.11941958 0.11104490 0.15928902 0.12547389 0.10105904 0.12938518 0.12606523 0.11743403 0.15138707 0.10259226 0.10457013 0.15108241 0.09807973 0.14378384 0.12034849 0.12083275 0.12601332 0.13544994 0.13664844 0.13293548 0.17277260 0.13480425 0.12874886 0.15120112 0.14641996 0.14643244 0.11980584 0.10785448 0.13545849 0.12672779 0.11384708 0.16951502 0.17168368 0.16714018 0.16305562 
0.11853396 0.11087797 0.12135004 0.16600825 0.14278210 0.20206687 0.17704723 0.16696208 0.00000000 0.26002870 0.17235594 0.19745322 0.21962069 0.21577297 0.27399984 0.26398289 0.19088507 0.20796866 0.14729446 0.16955127 0.09576717 0.16112102 0.13482943 0.09942037 0.16045248 0.09418354 0.11800011 0.09601314 0.12979071 0.17623762 0.13681336 0.09572222 0.14089790 0.17151484 0.14385733 0.16249914 0.14482227 0.22748613 0.19292604 0.17711116 0.11368743 0.09404360 0.11436507 0.12477310 0.24115874 0.18296984 0.07226344 0.12922251 0.15437831 0.13123471 0.10262155 0.05617694 0.07511128 0.12047455 0.20000256 0.17284634 0.38728645 0.28079660 0.11842160 0.25319378 0.27907267 0.09060654 0.12508797 0.17599239 0.15047362 0.14131594 0.13205386 0.12672118 0.13264118 0.18748771 0.20565912 0.10319511 0.12765247 0.05648985 0.13728850 0.14939419 0.10598929 0.12155327 0.22337713 0.15551746 0.10871232 0.17295113 0.17582064 0.08680207 0.16120794 0.09007570 0.12388553 0.06249576 0.08504712 0.08239412 0.12540317 0.08660449 0.17092644 0.09092854 0.11028170 0.18034057 0.10512057 0.06797271 0.06718376 0.14278839 0.14993824 0.14201663 0.14008112 
0.08339434 0.12882357 0.07429067 0.15252302 0.17584845 0.17232727 0.13359118 0.21452224 0.26002870 0.00000000 0.18925683 0.46725351 0.19368464 0.17261583 0.18553089 0.24415144 0.14501662 0.23469722 0.09042563 0.16769161 0.13778907 0.14770460 0.12978594 0.10497256 0.18080848 0.09909312 0.11970257 0.08095719 0.17380042 0.08000549 0.15806222 0.09510512 0.15465160 0.15643766 0.10942308 0.13851113 0.08989487 0.30120130 0.18476220 0.14658801 0.16425645 0.17223225 0.13208159 0.09813019 0.10776585 0.23290895 0.16858905 0.20122368 0.21380091 0.08590135 0.20145974 0.10319577 0.19335974 0.10694730 0.13684278 0.13370974 0.13710670 0.22077112 0.14643978 0.10564913 0.11496770 0.11381649 0.08295568 0.17254922 0.14063578 0.12375523 0.07582996 0.08559827 0.08223396 0.14373427 0.13406924 0.21382752 0.18086010 0.17507021 0.15346842 0.20471826 0.17000974 0.23896977 0.12918472 0.14166342 0.11503071 0.13872021 0.12483513 0.16855648 0.16488370 0.09603606 0.07024945 0.15372139 0.11247564 0.19436534 0.13332035 0.13084239 0.09633164 0.10859366 0.14087953 0.10692442 0.10336414 0.09025274 0.09509302 0.12705890 0.13244276 0.13947807 0.13581909 
0.18792032 0.14734460 0.12914085 0.22052602 0.13399942 0.24873434 0.18871620 0.34641025 0.17235594 0.18925683 0.00000000 0.20572024 0.27906866 0.22106107 0.27726715 0.18633317 0.16682425 0.11823075 0.15479784 0.11271502 0.12248073 0.14881290 0.14395372 0.15686944 0.11801394 0.13993185 0.12844722 0.11953286 0.13958896 0.15032480 0.11850174 0.14930058 0.14138610 0.13760987 0.14400856 0.16183104 0.12378143 0.10925020 0.10278132 0.09383127 0.12396137 0.11848819 0.15922634 0.17852652 0.10964779 0.19054059 0.15214296 0.12528674 0.10218625 0.11263186 0.14769637 0.11789420 0.13744434 0.12418569 0.15693585 0.15194646 0.19283509 0.12267112 0.19183246 0.11073944 0.15360589 0.12560269 0.13902800 0.09386278 0.17931343 0.12117642 0.09715198 0.10728947 0.09977571 0.08158322 0.12083754 0.10728902 0.13582640 0.13244125 0.12178136 0.15491501 0.15780173 0.16242233 0.10484808 0.13211520 0.11591611 0.17404335 0.12777999 0.16434722 0.10221235 0.13765186 0.18339967 0.13360651 0.12207749 0.10232751 0.17221080 0.13031149 0.11893190 0.13979059 0.12890594 0.09606002 0.10965085 0.10483151 0.10037107 0.14474142 0.16508347 0.16022284 0.15630190 
0.15454471 0.11033327 0.16648968 0.14347927 0.13877589 0.23641983 0.22939274 0.16802038 0.19745322 0.46725351 0.20572024 0.00000000 0.42469959 0.24978808 0.43452242 0.24500676 0.21759524 0.14804305 0.09358548 0.19115004 0.19210334 0.13970726 0.06361235 0.15796821 0.18346102 0.09334571 0.07611517 0.07249094 0.10524695 0.09936238 0.13062131 0.14059292 0.06047800 0.18593313 0.10916222 0.20937643 0.19404221 0.07182553 0.11961199 0.13172230 0.17105156 0.12279131 0.15334449 0.06352127 0.11208899 0.14664277 0.11472388 0.10041925 0.06917813 0.08095280 0.10827855 0.06686970 0.14995489 0.09711076 0.18884079 0.17402778 0.23084156 0.16742061 0.22147843 0.12874106 0.19524154 0.06678371 0.07507264 0.13652407 0.11654352 0.11026782 0.05398263 0.12904540 0.11562202 0.14563150 0.20287376 0.12110861 0.15304078 0.21177291 0.15736986 0.09865313 0.20738630 0.13147606 0.14139715 0.14966469 0.12877155 0.19233249 0.22855063 0.13048885 0.11779370 0.13224644 0.17754512 0.09527279 0.09215050 0.17391518 0.14705360 0.09655782 0.05810604 0.11601750 0.14056454 0.08745664 0.11176326 0.07256640 0.06258567 0.10231997 0.13422226 0.14076017 0.13616983 
0.17345710 0.09959633 0.08300735 0.21532379 0.10454825 0.24648054 0.24398442 0.21600221 0.21962069 0.19368464 0.27906866 0.42469959 0.00000000 0.21188764 0.25835538 0.18232848 0.21995221 0.18763477 0.08372802 0.06550175 0.19738214 0.23776646 0.07361166 0.15022033 0.15432185 0.10736881 0.15571330 0.09742888 0.10150705 0.16522011 0.13477093 0.10529078 0.18485105 0.15047635 0.10041797 0.20320652 0.13455094 0.11775266 0.19992822 0.09829360 0.10519036 0.13734985 0.14839118 0.09601273 0.09899861 0.14179977 0.12883307 0.08191416 0.08596673 0.12522636 0.18103953 0.04852783 0.16824339 0.06453153 0.30383402 0.14598920 0.14908792 0.13206233 0.15897493 0.13471454 0.17184090 0.10535932 0.08672427 0.09018302 0.10557084 0.09495885 0.08062016 0.08284021 0.12112284 0.12000792 0.14514305 0.09149096 0.08064799 0.09209796 0.11268746 0.19657838 0.17346167 0.10683216 0.15234847 0.10289923 0.09289423 0.33456203 0.33703418 0.11520363 0.16839724 0.13969003 0.19370332 0.11726337 0.08990739 0.15014102 0.11122328 0.05206299 0.16456027 0.11227990 0.04400409 0.13142357 0.09112846 0.12989320 0.12725220 0.12366887 0.15910760 0.15667868 0.15284484 
0.10689759 0.12918477 0.09672442 0.21762829 0.09808849 0.36473095 0.15781087 0.25511439 0.21577297 0.17261583 0.22106107 0.24978808 0.21188764 0.00000000 0.19872544 0.27481455 0.16754941 0.22402577 0.11404985 0.16139468 0.28733210 0.18811890 0.13669042 0.08566892 0.12163780 0.10717953 0.19486146 0.07586242 0.12298110 0.08350698 0.03642985 0.12203505 0.08011976 0.16783840 0.07730119 0.31545585 0.13775412 0.20792863 0.14672428 0.10915940 0.12808054 0.19577431 0.09993770 0.07962550 0.07028359 0.08351947 0.08497630 0.09663150 0.07116110 0.11312826 0.17268950 0.15879572 0.16938682 0.13998007 0.31010197 0.19231652 0.30204010 0.25065797 0.17846460 0.21551145 0.15124096 0.11614260 0.07238256 0.09245471 0.07581033 0.07882676 0.08732718 0.04398962 0.15210639 0.15021484 0.07090575 0.11883810 0.09188289 0.07558488 0.09003175 0.09204038 0.13710997 0.15211259 0.16902612 0.14420908 0.17397807 0.15623177 0.18936640 0.22260805 0.16282263 0.16064742 0.15423717 0.03271312 0.07898002 0.24817336 0.10596080 0.09791057 0.15546606 0.15011087 0.14059056 0.04494747 0.15137894 0.07044013 0.11903623 0.08996341 0.15737322 0.15227267 0.14794009 
0.12571327 0.22178435 0.08319735 0.16323329 0.08446733 0.22303972 0.14291840 0.17912748 0.27399984 0.18553089 0.27726715 0.43452242 0.25835538 0.19872544 0.00000000 0.28426085 0.21861331 0.19762659 0.14480126 0.17112712 0.21316533 0.12090716 0.08722766 0.14716702 0.10230534 0.15634397 0.21902459 0.08900232 0.12043914 0.09151310 0.11172451 0.17827514 0.12408373 0.15763857 0.12462183 0.14751946 0.19937236 0.09705517 0.12225962 0.14843980 0.07213862 0.10726187 0.13396123 0.08917424 0.18224319 0.08510506 0.13129009 0.14223989 0.11326871 0.07937601 0.12254414 0.09499500 0.10351125 0.21220316 0.13704454 0.17510223 0.22432273 0.17100234 0.17131285 0.19342837 0.12095423 0.10197656 0.15418295 0.15177843 0.10162315 0.08010892 0.11710948 0.13009453 0.11110677 0.08500208 0.13660637 0.18031285 0.07655936 0.12657389 0.19557235 0.14903131 0.19256159 0.11663606 0.15090276 0.11535905 0.14784425 0.16182627 0.14793618 0.12809506 0.19847170 0.18200382 0.15493594 0.12041850 0.16273037 0.12526029 0.11980000 0.08917628 0.11333578 0.13720345 0.09585574 0.11680380 0.16182439 0.06917527 0.05862773 0.10880640 0.13792874 0.14353312 0.13909309 
0.12244177 0.23498232 0.10200742 0.11137779 0.14820046 0.16439153 0.10220856 0.15121464 0.26398289 0.24415144 0.18633317 0.24500676 0.18232848 0.27481455 0.28426085 0.00000000 0.11567559 0.25290781 0.32979020 0.26076062 0.17945637 0.13789874 0.10449992 0.15374223 0.08260159 0.09413356 0.15238181 0.16092103 0.21976492 0.12016585 0.19015471 0.15147548 0.13196318 0.18318119 0.17039173 0.15060097 0.10111204 0.10636253 0.13891091 0.10443955 0.07767993 0.09848746 0.13727057 0.11389425 0.14249200 0.19590941 0.10013033 0.17834881 0.12142802 0.21141103 0.09150059 0.15735385 0.06264546 0.14735791 0.05084378 0.18140341 0.32985460 0.20115579 0.20653456 0.14552680 0.21309563 0.07392316 0.18154096 0.11459210 0.09158813 0.12166601 0.12116770 0.08449405 0.16607776 0.08157628 0.14099634 0.18458355 0.09956766 0.14246617 0.15788775 0.15955905 0.06808165 0.18292353 0.18178079 0.17060750 0.10448564 0.13191951 0.15594593 0.11225300 0.29059358 0.11444219 0.12184399 0.04583630 0.12512440 0.11972615 0.10508241 0.11676738 0.04491985 0.08224984 0.09931814 0.15599692 0.10898191 0.03617430 0.14417658 0.15878466 0.15945589 0.13918175 0.13595196 
0.16230042 0.05671830 0.10529764 0.16463475 0.14307241 0.16969858 0.19935642 0.19451440 0.19088507 0.14501662 0.16682425 0.21759524 0.21995221 0.16754941 0.21861331 0.11567559 0.00000000 0.16573001 0.06679095 0.11155613 0.18188810 0.14463408 0.15855076 0.13209935 0.20867441 0.13389122 0.09827199 0.08741181 0.13620476 0.13876796 0.13992407 0.10486531 0.09978508 0.12268910 0.10727458 0.12818134 0.11179441 0.25149992 0.17432678 0.19083866 0.15431009 0.09725901 0.08580317 0.08842050 0.20839580 0.07274481 0.10381580 0.07337649 0.11433482 0.11127775 0.12008046 0.13974759 0.14477928 0.11468773 0.20633697 0.14484421 0.11791878 0.16113925 0.14570780 0.12672857 0.29024061 0.18108286 0.12454489 0.10398974 0.11835559 0.06486526 0.07033077 0.05531380 0.08141719 0.14374559 0.15425725 0.23051800 0.08459590 0.14454151 0.11277159 0.14031596 0.27101097 0.10935044 0.17724794 0.07697316 0.20838336 0.28519446 0.23402825 0.11306217 0.22643629 0.19261030 0.17803145 0.11674438 0.18623521 0.55851307 0.18537012 0.08089038 0.13378315 0.10789823 0.10737981 0.15556160 0.10824195 0.07853674 0.10953819 0.12043143 0.13164343 0.14417848 0.13884637 
0.08631112 0.16857997 0.10111472 0.13979328 0.11692652 0.12533014 0.14173797 0.16872522 0.20796866 0.23469722 0.11823075 0.14804305 0.18763477 0.22402577 0.19762659 0.25290781 0.16573001 0.00000000 0.20684797 0.11204964 0.20945797 0.35026425 0.11755102 0.23065403 0.15348844 0.13966069 0.13383371 0.13033267 0.16093143 0.16376093 0.19816694 0.15121456 0.08409597 0.49159095 0.07582678 0.19998044 0.13271528 0.20880067 0.18736429 0.11668056 0.11185875 0.11453719 0.09647091 0.06848208 0.12894165 0.12734869 0.07198744 0.11410832 0.13212456 0.09860121 0.15123286 0.07233012 0.14053973 0.15042631 0.16205986 0.13070298 0.24329854 0.10099582 0.14076815 0.18171955 0.13286003 0.23204564 0.12155220 0.07283803 0.09717391 0.11610911 0.08869942 0.09972363 0.07081447 0.06162163 0.09547772 0.07718088 0.06583829 0.10372501 0.25768245 0.09095953 0.17131284 0.05652385 0.17471382 0.08010278 0.10979256 0.24406962 0.18576869 0.12189904 0.19966349 0.06797038 0.19447482 0.16027451 0.09873963 0.16994212 0.24606131 0.07021502 0.12946924 0.16613940 0.09889907 0.11921912 0.22787163 0.21845006 0.12453431 0.11263761 0.12050565 0.14376831 0.13989056 
0.15097571 0.22774721 0.10335075 0.10017549 0.12611082 0.08850078 0.22423711 0.14678772 0.14729446 0.09042563 0.15479784 0.09358548 0.08372802 0.11404985 0.14480126 0.32979020 0.06679095 0.20684797 0.00000000 0.31593126 0.16667824 0.48092908 0.38677404 0.14584787 0.10916843 0.26424332 0.13121731 0.17713250 0.12666038 0.15409205 0.12186107 0.06354304 0.14294992 0.15594062 0.13549562 0.09309853 0.14416778 0.23156706 0.14455036 0.18750917 0.16260959 0.13864655 0.11072333 0.09409755 0.13113135 0.15027268 0.15050585 0.12958742 0.14529375 0.13760213 0.10909145 0.24442576 0.17809528 0.21363734 0.10599802 0.13104614 0.15363953 0.08595615 0.13843503 0.16078989 0.16331675 0.13298116 0.16790532 0.18599262 0.18332687 0.17842045 0.17495462 0.16308194 0.11146789 0.10990121 0.11243290 0.14710964 0.18039819 0.06111946 0.12923456 0.14996798 0.12504971 0.13261757 0.15172032 0.09137780 0.13600123 0.22103511 0.04809938 0.03542229 0.18464119 0.15350971 0.09930344 0.13061438 0.06361951 0.15032806 0.10829018 0.13275453 0.15935464 0.08694351 0.08990895 0.19472935 0.14342829 0.21135383 0.16512632 0.13919635 0.12088962 0.14138563 0.13580916 
0.17586947 0.16063925 0.10791680 0.17560898 0.15835570 0.20563685 0.10788428 0.16631494 0.16955127 0.16769161 0.11271502 0.19115004 0.06550175 0.16139468 0.17112712 0.26076062 0.11155613 0.11204964 0.31593126 0.00000000 0.12662264 0.13536451 0.34174493 0.15621929 0.13314840 0.14361780 0.12760913 0.07801277 0.13587872 0.07096167 0.12869556 0.07209313 0.10510317 0.20234826 0.24243803 0.17147786 0.14526728 0.05791611 0.12428786 0.15879836 0.18813656 0.14678919 0.17434008 0.08829655 0.08585139 0.08092345 0.15473246 0.15013235 0.15460642 0.16910043 0.15387699 0.05317842 0.11617655 0.09853630 0.22628275 0.14860212 0.13192675 0.12886155 0.12576601 0.23624250 0.19937924 0.16347440 0.15281285 0.10316371 0.13581180 0.10616565 0.25417789 0.20608594 0.07734323 0.10027908 0.09503005 0.24196796 0.15506374 0.16767367 0.09179171 0.15085358 0.17096564 0.10415970 0.16892618 0.12187291 0.14904262 0.12202477 0.16396343 0.17678402 0.12252209 0.15640098 0.17340727 0.14936850 0.26057958 0.18612422 0.11596158 0.11622909 0.13742071 0.16827435 0.09324825 0.11766048 0.12572889 0.09510690 0.13887347 0.15304673 0.12920868 0.13146734 0.13207625 
0.09812970 0.11359687 0.07237144 0.22921525 0.07989342 0.23735626 0.10593069 0.15749451 0.09576717 0.13778907 0.12248073 0.19210334 0.19738214 0.28733210 0.21316533 0.17945637 0.18188810 0.20945797 0.16667824 0.12662264 0.00000000 0.16958052 0.11239151 0.15302890 0.16518110 0.10334073 0.10450903 0.11522919 0.10283199 0.17367604 0.14742668 0.14384446 0.09466831 0.50989037 0.15249124 0.16820233 0.10434833 0.13986051 0.08565180 0.06573455 0.15294406 0.10328589 0.12533889 0.09166423 0.06601726 0.11137038 0.08234250 0.10993396 0.07391418 0.06485032 0.10863370 0.14866774 0.22201534 0.16627612 0.22426238 0.18859649 0.12213500 0.20498307 0.07725485 0.20589514 0.20737129 0.07945302 0.09034296 0.18518845 0.09721155 0.10878008 0.09348915 0.11068336 0.13742233 0.09923516 0.16562274 0.12918745 0.12473479 0.12462756 0.13975227 0.10077251 0.11526556 0.22486238 0.14560577 0.10477686 0.18310739 0.17347959 0.21128326 0.15216461 0.15559064 0.15973755 0.26798862 0.04085432 0.11438200 0.26801505 0.23670602 0.08246679 0.08300268 0.26562856 0.22341074 0.08111600 0.13776225 0.21032460 0.18454563 0.11324008 0.12905453 0.13038068 0.12971356 
0.10489380 0.17275356 0.11208608 0.12019333 0.20110919 0.12460846 0.02961170 0.11376399 0.16112102 0.14770460 0.14881290 0.13970726 0.23776646 0.18811890 0.12090716 0.13789874 0.14463408 0.35026425 0.48092908 0.13536451 0.16958052 0.00000000 0.11021219 0.10794889 0.18874321 0.35873758 0.21085624 0.10720275 0.05903075 0.17484550 0.14697336 0.10890120 0.32490222 0.13365514 0.19328852 0.16698582 0.13620011 0.17601770 0.18019523 0.18631653 0.13568396 0.16560338 0.24086819 0.11325547 0.14739342 0.14621778 0.21458732 0.14496249 0.17179976 0.13702480 0.08063443 0.10745401 0.17534835 0.11927583 0.19967852 0.12959628 0.20801276 0.13134731 0.10990978 0.14318298 0.14310839 0.11643306 0.05172121 0.18576052 0.09537648 0.14466950 0.14873877 0.14642521 0.13669849 0.15533727 0.09816387 0.09171943 0.12410404 0.11480254 0.13973254 0.14641204 0.17011001 0.11233557 0.14742485 0.12329252 0.10549565 0.13342180 0.12671652 0.06653012 0.13976120 0.13368754 0.17236183 0.24492655 0.14234026 0.14578761 0.16837697 0.07695480 0.14949320 0.08515764 0.13692986 0.12404902 0.04538022 0.17746297 0.08875466 0.09687199 0.13729489 0.14943412 0.14538503 
0.08059789 0.10968875 0.07806660 0.12191118 0.13549941 0.07667208 0.17094247 0.15706084 0.13482943 0.12978594 0.14395372 0.06361235 0.07361166 0.13669042 0.08722766 0.10449992 0.15855076 0.11755102 0.38677404 0.34174493 0.11239151 0.11021219 0.00000000 0.16605308 0.15109561 0.37451801 0.38455826 0.23398503 0.14856793 0.15114205 0.21628485 0.11344451 0.12128727 0.10341155 0.07113129 0.16827029 0.17431732 0.09138823 0.21836153 0.13957414 0.15412190 0.10433961 0.21371484 0.15688993 0.12829686 0.16891514 0.20767745 0.17290783 0.11047667 0.11379717 0.14263020 0.14855147 0.08233297 0.11119226 0.15012553 0.12767451 0.14967363 0.08725819 0.18631459 0.13609232 0.16709628 0.11584634 0.14605660 0.19005546 0.22379135 0.14238846 0.22509545 0.16833687 0.10385599 0.15510097 0.13882855 0.10295589 0.23603975 0.19073497 0.14832433 0.09917022 0.07003745 0.17380853 0.14498657 0.13683378 0.12733522 0.12012223 0.08322020 0.13200140 0.24277872 0.15960981 0.13674364 0.14313450 0.10291150 0.02923445 0.10178593 0.14375806 0.09884508 0.19536276 0.16720483 0.22123310 0.08581202 0.14726197 0.17653804 0.12342008 0.14979331 0.15527281 0.15797657 
0.11113241 0.08809754 0.12255540 0.19266246 0.11941274 0.14153904 0.08952943 0.13145804 0.09942037 0.10497256 0.15686944 0.15796821 0.15022033 0.08566892 0.14716702 0.15374223 0.13209935 0.23065403 0.14584787 0.15621929 0.15302890 0.10794889 0.16605308 0.00000000 0.19867370 0.09172436 0.34792409 0.46637437 0.15378264 0.24204107 0.10936109 0.15316549 0.13380838 0.25329231 0.10398033 0.13530427 0.17071176 0.19494797 0.13124442 0.13210372 0.15853964 0.16549304 0.14676823 0.22524148 0.07558943 0.17293313 0.11081499 0.11156241 0.09948926 0.08936280 0.10185515 0.15060675 0.14429961 0.07777509 0.13998220 0.12633396 0.12333869 0.11668905 0.11545216 0.09090026 0.12915645 0.14135538 0.03686305 0.14750732 0.05125612 0.15520477 0.15130598 0.12051919 0.07865480 0.16755914 0.12664290 0.13375009 0.12652362 0.08617881 0.14041063 0.12543075 0.15902835 0.16456428 0.15298170 0.12425401 0.09459146 0.07468139 0.11374710 0.16369563 0.18403793 0.09789842 0.50019255 0.28415013 0.17055091 0.09791132 0.32500893 0.28583105 0.11462226 0.14899215 0.15016098 0.18235128 0.15635387 0.10138325 0.17618077 0.13042779 0.13136474 0.14635590 0.15210245 
0.11559488 0.13370749 0.07511515 0.15949223 0.06339106 0.14920751 0.08855554 0.15102895 0.16045248 0.18080848 0.11801394 0.18346102 0.15432185 0.12163780 0.10230534 0.08260159 0.20867441 0.15348844 0.10916843 0.13314840 0.16518110 0.18874321 0.15109561 0.19867370 0.00000000 0.17302109 0.13381740 0.11237232 0.20810619 0.27431503 0.16329833 0.32389734 0.10642093 0.27667371 0.12199177 0.20632503 0.09189527 0.19517609 0.11881037 0.12857312 0.09641730 0.11378081 0.09656398 0.19583211 0.07999747 0.12626293 0.11052828 0.13244778 0.08032784 0.19980294 0.13704218 0.14782515 0.15540800 0.16778628 0.24672170 0.15023063 0.16308079 0.12794164 0.11011336 0.16108344 0.10278134 0.20734218 0.09997709 0.14954626 0.06781406 0.12065414 0.15313409 0.14744602 0.11695195 0.16059955 0.11428252 0.15084291 0.08567383 0.15471244 0.11397613 0.20865534 0.10436731 0.14658639 0.20975697 0.18594819 0.10436562 0.15754242 0.15427614 0.18103688 0.16561780 0.11628207 0.26072467 0.13670743 0.12270861 0.15549737 0.33655029 0.09612699 0.15360666 0.13107438 0.17351993 0.13422663 0.11001314 0.11898855 0.08979486 0.11090676 0.16306385 0.12961939 0.12915091 
0.12897122 0.14308502 0.14441065 0.19899056 0.11718526 0.08907480 0.12195409 0.13095391 0.09418354 0.09909312 0.13993185 0.09334571 0.10736881 0.10717953 0.15634397 0.09413356 0.13389122 0.13966069 0.26424332 0.14361780 0.10334073 0.35873758 0.37451801 0.09172436 0.17302109 0.00000000 0.21558784 0.17812088 0.20887971 0.24255798 0.21465753 0.09501720 0.10972986 0.17966856 0.16246372 0.23600309 0.20321782 0.12684647 0.10314588 0.09189243 0.19116247 0.11712832 0.27472644 0.21214219 0.13732442 0.20465495 0.13246160 0.24658672 0.10387692 0.18281120 0.10942863 0.23730241 0.10453738 0.13225126 0.08947191 0.15277989 0.16590349 0.09516605 0.12953996 0.09586097 0.09399754 0.13001705 0.12020791 0.10862228 0.13809558 0.21026695 0.26787278 0.09381202 0.19276715 0.26055097 0.14230965 0.13924945 0.14227730 0.14122749 0.11522149 0.13221435 0.12093961 0.04019114 0.12608149 0.10021859 0.14501138 0.12972201 0.07598443 0.12031192 0.07502177 0.15999600 0.09496921 0.22040128 0.11742742 0.16615257 0.13073460 0.17630661 0.13099990 0.09544407 0.10749339 0.20672143 0.10586320 0.12223558 0.20683858 0.18967734 0.13959709 0.13162116 0.13406138 
0.09770342 0.16624710 0.20665583 0.10550088 0.18750037 0.15663497 0.13112406 0.15026580 0.11800011 0.11970257 0.12844722 0.07611517 0.15571330 0.19486146 0.21902459 0.15238181 0.09827199 0.13383371 0.13121731 0.12760913 0.10450903 0.21085624 0.38455826 0.34792409 0.13381740 0.21558784 0.00000000 0.18960900 0.19274074 0.19223595 0.13521620 0.10964355 0.22298509 0.09311522 0.16340087 0.12517156 0.07437968 0.06005319 0.18365919 0.23682027 0.17625468 0.17986780 0.15939470 0.11661543 0.15275086 0.17087832 0.11874277 0.21287028 0.15886578 0.20235779 0.12543026 0.10306541 0.13168287 0.09192686 0.11515324 0.15482369 0.11975705 0.15383414 0.07540389 0.16357624 0.06202769 0.13605563 0.23718503 0.17343988 0.11697026 0.15575449 0.17207909 0.18431747 0.10995589 0.13531994 0.13966723 0.13392574 0.19115437 0.16221354 0.09097151 0.08584869 0.10889939 0.15407133 0.08721637 0.12193366 0.16235213 0.17794423 0.14085532 0.13346522 0.10589336 0.08361160 0.11875353 0.22138147 0.13506819 0.10094890 0.14446020 0.24196460 0.14798423 0.13035784 0.09601785 0.15553048 0.08550731 0.19530559 0.19625069 0.18461679 0.13426413 0.13104207 0.13361229 
0.11989936 0.09332127 0.12673105 0.10511519 0.11044757 0.15136692 0.09536173 0.11493351 0.09601314 0.08095719 0.11953286 0.07249094 0.09742888 0.07586242 0.08900232 0.16092103 0.08741181 0.13033267 0.17713250 0.07801277 0.11522919 0.10720275 0.23398503 0.46637437 0.11237232 0.17812088 0.18960900 0.00000000 0.27692634 0.32056201 0.23753106 0.14618525 0.15835137 0.15829309 0.07635930 0.17638183 0.18084819 0.18694349 0.09103606 0.09320713 0.12896938 0.08953692 0.14353120 0.09192615 0.11040541 0.15963808 0.14862245 0.18707411 0.13246052 0.20189221 0.18708418 0.13452434 0.13586437 0.07295075 0.09371080 0.10619712 0.08317719 0.10596892 0.09807159 0.09105331 0.06835330 0.11762973 0.24502909 0.21777337 0.14428500 0.12156926 0.18729685 0.20374870 0.12864645 0.19066255 0.17670821 0.18145459 0.15615345 0.08087045 0.13595668 0.14400785 0.11846924 0.10588299 0.11066348 0.15296543 0.10960230 0.16982307 0.04939235 0.10330795 0.08085007 0.06730926 0.10657563 0.45814491 0.17922620 0.11697814 0.17057485 0.71021135 0.14010136 0.12965473 0.30345107 0.19682467 0.12496936 0.14633575 0.18404532 0.13515765 0.15074562 0.13836415 0.14305847 
0.09332555 0.15516135 0.15524437 0.07676110 0.11096618 0.08214454 0.11775179 0.12965253 0.12979071 0.17380042 0.13958896 0.10524695 0.10150705 0.12298110 0.12043914 0.21976492 0.13620476 0.16093143 0.12666038 0.13587872 0.10283199 0.05903075 0.14856793 0.15378264 0.20810619 0.20887971 0.19274074 0.27692634 0.00000000 0.19992383 0.35816315 0.22511353 0.13071625 0.19629114 0.17836612 0.12787083 0.08759664 0.09994543 0.11856346 0.14259649 0.14049563 0.17255018 0.17933342 0.21011574 0.17271270 0.11858607 0.18826844 0.16892874 0.09591140 0.15807900 0.19101982 0.05734075 0.10758918 0.04747477 0.11064017 0.13727091 0.11794547 0.13488801 0.20400698 0.16448208 0.11286231 0.16758077 0.18389201 0.14873359 0.22199068 0.21595853 0.16931593 0.21137885 0.16546214 0.22743860 0.17733609 0.16389524 0.12995899 0.11978224 0.20304975 0.08946483 0.06757687 0.18758519 0.19619886 0.13338560 0.15540125 0.10913466 0.05522805 0.13891596 0.07843741 0.14863953 0.17813040 0.12974571 0.11602299 0.07072176 0.20215617 0.16248770 0.12823824 0.09725020 0.15604606 0.17214143 0.09862197 0.13221117 0.18060922 0.13725300 0.17521581 0.16054126 0.15404666 
0.15332590 0.15748867 0.17615152 0.17288358 0.14609973 0.11622128 0.11664549 0.12564824 0.17623762 0.08000549 0.15032480 0.09936238 0.16522011 0.08350698 0.09151310 0.12016585 0.13876796 0.16376093 0.15409205 0.07096167 0.17367604 0.17484550 0.15114205 0.24204107 0.27431503 0.24255798 0.19223595 0.32056201 0.19992383 0.00000000 0.23368369 0.54258210 0.16110487 0.13329493 0.07943853 0.13084301 0.18131934 0.09797331 0.11884625 0.00000000 0.05058032 0.11702183 0.13070147 0.14608642 0.14937676 0.12785023 0.12340112 0.09478420 0.13943787 0.19209115 0.18443033 0.15933212 0.12992312 0.17818437 0.07529852 0.12055168 0.09560857 0.07757820 0.15634551 0.17726136 0.11561384 0.11425528 0.07762359 0.12869838 0.14232619 0.15798492 0.14946842 0.15684751 0.11067979 0.17519098 0.09655907 0.19366637 0.09182854 0.15264429 0.04944818 0.09023300 0.11140848 0.13647043 0.05207001 0.10060323 0.19108031 0.12980693 0.08556004 0.12544871 0.18064309 0.08058792 0.06979453 0.18780681 0.08342962 0.12915528 0.34307661 0.20281622 0.12590229 0.26585961 0.34649798 0.15215177 0.20657004 0.21632946 0.13968245 0.20983444 0.15222443 0.13592411 0.13876370 
0.21719949 0.11645251 0.22472660 0.14916797 0.19667334 0.12239000 0.06502731 0.11246118 0.13681336 0.15806222 0.11850174 0.13062131 0.13477093 0.03642985 0.11172451 0.19015471 0.13992407 0.19816694 0.12186107 0.12869556 0.14742668 0.14697336 0.21628485 0.10936109 0.16329833 0.21465753 0.13521620 0.23753106 0.35816315 0.23368369 0.00000000 0.20982170 0.20974491 0.15766145 0.21436612 0.13468009 0.23171621 0.20495638 0.11248805 0.18954116 0.16513353 0.07933604 0.14720419 0.17898755 0.19591822 0.07985429 0.19767671 0.10604125 0.12657510 0.18297482 0.19783289 0.13165533 0.17682013 0.14844197 0.18195788 0.12152105 0.08923976 0.10965967 0.11007700 0.11915074 0.11756609 0.07778571 0.21686455 0.15123110 0.17385426 0.16380543 0.16630704 0.16515048 0.12131699 0.08764126 0.13086353 0.14696842 0.11408836 0.14914618 0.18093050 0.13129818 0.18416038 0.10271099 0.13828696 0.13110607 0.10604978 0.09116491 0.07498325 0.10134373 0.09908073 0.09983474 0.12942260 0.09931926 0.14004307 0.15343841 0.15946347 0.15214669 0.13780687 0.13544823 0.13128911 0.15310549 0.17217383 0.14824866 0.16989973 0.15061407 0.15143677 0.13735279 0.14014119 
0.15935442 0.24063934 0.17349511 0.26299367 0.19588494 0.11450536 0.06847177 0.11156419 0.09572222 0.09510512 0.14930058 0.14059292 0.10529078 0.12203505 0.17827514 0.15147548 0.10486531 0.15121456 0.06354304 0.07209313 0.14384446 0.10890120 0.11344451 0.15316549 0.32389734 0.09501720 0.10964355 0.14618525 0.22511353 0.54258210 0.20982170 0.00000000 0.17719526 0.30794781 0.19218542 0.12199208 0.19076298 0.13538336 0.11233044 0.11203161 0.09768539 0.20330480 0.12820581 0.18082438 0.13680679 0.13994263 0.16682340 0.06596814 0.15131040 0.13310065 0.15341979 0.07663723 0.06582391 0.11725348 0.08132323 0.11793939 0.08821945 0.07037904 0.16336264 0.26434235 0.19020028 0.10848246 0.14478354 0.11171362 0.19615379 0.09973141 0.15292875 0.13533101 0.09543155 0.14721039 0.15974885 0.06853512 0.15484385 0.22783050 0.03183143 0.08081781 0.14889689 0.08386425 0.14421656 0.15296880 0.15202938 0.18726113 0.10979594 0.15815154 0.11858677 0.10183411 0.09089212 0.22492969 0.17773591 0.06546213 0.15710304 0.19840342 0.19920250 0.12380151 0.38795196 0.11915559 0.16906659 0.23716643 0.20805136 0.15129690 0.12876373 0.13256618 0.13454685 
0.09858107 0.22009698 0.46526337 0.11600418 0.21288167 0.12232153 0.09909565 0.12095941 0.14089790 0.15465160 0.14138610 0.06047800 0.18485105 0.08011976 0.12408373 0.13196318 0.09978508 0.08409597 0.14294992 0.10510317 0.09466831 0.32490222 0.12128727 0.13380838 0.10642093 0.10972986 0.22298509 0.15835137 0.13071625 0.16110487 0.20974491 0.17719526 0.00000000 0.14602731 0.39498757 0.15484039 0.09022178 0.07416793 0.13535230 0.16840384 0.21471025 0.10185179 0.28946315 0.19842324 0.21752096 0.08639338 0.11003050 0.26796051 0.15167970 0.21164881 0.18730131 0.17596022 0.17780472 0.11196819 0.14617291 0.11441205 0.12469998 0.15080024 0.18647254 0.09893201 0.04973761 0.10318351 0.20687593 0.12161728 0.09500946 0.09234164 0.19548974 0.20618455 0.13970111 0.11558982 0.21287310 0.16262489 0.11879669 0.14050787 0.13567312 0.06143468 0.16738463 0.08359034 0.18524612 0.14014515 0.11981041 0.13110968 0.09064442 0.14728158 0.11545967 0.13959054 0.11507115 0.12778024 0.12123913 0.08816225 0.12559072 0.16259355 0.13732331 0.10811822 0.11576950 0.16782174 0.16521376 0.19167915 0.14598734 0.22627161 0.15736551 0.15696142 0.15217996 
0.11353074 0.08160166 0.15478217 0.13004058 0.07830713 0.24016173 0.14151208 0.17238690 0.17151484 0.15643766 0.13760987 0.18593313 0.15047635 0.16783840 0.15763857 0.18318119 0.12268910 0.49159095 0.15594062 0.20234826 0.50989037 0.13365514 0.10341155 0.25329231 0.27667371 0.17966856 0.09311522 0.15829309 0.19629114 0.13329493 0.15766145 0.30794781 0.14602731 0.00000000 0.14498025 0.17150531 0.10302636 0.17789386 0.15584755 0.15821729 0.11854002 0.11591445 0.13735855 0.09992476 0.11666671 0.05350421 0.08644493 0.08102162 0.09528933 0.09490487 0.07767848 0.11328382 0.16576599 0.12403783 0.19022073 0.13930093 0.12782537 0.14153120 0.15064349 0.12677545 0.13716068 0.18227463 0.10248626 0.17651789 0.18879612 0.09826518 0.10040532 0.11474225 0.11658837 0.12011558 0.09698397 0.13158649 0.17091205 0.15420169 0.10781100 0.15480616 0.21843294 0.14588125 0.16671449 0.11021788 0.09650403 0.21879746 0.16605071 0.12056101 0.08332967 0.03570450 0.23641459 0.05833273 0.10368186 0.13395616 0.17749135 0.14798051 0.12010661 0.14989768 0.12702422 0.08705374 0.15441327 0.08064124 0.11585911 0.07810050 0.14735220 0.13213823 0.13231847 
0.12550978 0.15466319 0.29732377 0.09090260 0.28116243 0.12355342 0.16592628 0.11190730 0.14385733 0.10942308 0.14400856 0.10916222 0.10041797 0.07730119 0.12462183 0.17039173 0.10727458 0.07582678 0.13549562 0.24243803 0.15249124 0.19328852 0.07113129 0.10398033 0.12199177 0.16246372 0.16340087 0.07635930 0.17836612 0.07943853 0.21436612 0.19218542 0.39498757 0.14498025 0.00000000 0.10912708 0.36333240 0.11806337 0.19387596 0.16826689 0.15202361 0.13080671 0.21964895 0.16536958 0.33285516 0.20248435 0.10792445 0.21876500 0.36451404 0.13369956 0.13149865 0.14695396 0.11818047 0.16507614 0.07844682 0.11279849 0.14594235 0.11055977 0.17008028 0.13562201 0.14981449 0.19887523 0.14480356 0.12965373 0.19042889 0.16826908 0.15836442 0.17437865 0.20267128 0.14573733 0.11481502 0.15012548 0.18978561 0.15082455 0.08288070 0.16055418 0.10293057 0.07807256 0.07091016 0.11125017 0.12116434 0.16626808 0.13357953 0.06659479 0.10673780 0.15588568 0.11129836 0.16353699 0.08879136 0.05997703 0.06667351 0.12329072 0.12817816 0.15704842 0.17448434 0.22410928 0.09862503 0.18713754 0.16850531 0.15308841 0.13524691 0.14118964 0.13233937 
