0.00000000 0.07600798 0.07722372 0.06500389 0.06743856 0.06978717 0.06655913 0.07100153 0.07677922 0.07089154 0.07677922 0.07537564 0.07466554 0.07909726 0.06703126 0.06529977 0.08569094 0.08284512 0.08505535 0.08649209 0.07386843 0.06867294 0.07017552 0.06643230 0.06575635 0.06984285 0.06508901 0.06896725 0.06438541 0.07194726 0.06898407 0.06490398 0.06604341 0.07163242 0.08198503 0.06633898 0.06672258 0.07400890 0.07283134 0.06345606 0.06684207 0.07685482 0.06576725 0.07293360 0.08003022 0.06660861 0.06737596 0.06777062 0.06589604 0.07907188 0.08338789 0.07680275 0.08174745 0.06874692 0.06823131 0.07608940 0.08249669 0.08271233 0.07237629 0.08282286 0.08570744 0.08570744 0.08649209 0.08649209 0.08570744 0.08570744 0.08353351 0.08177415 0.08649209 0.08649209 0.08649209 0.08649209 0.08561867 0.08324218 0.07195614 0.07934878 0.07364722 0.06671733 0.06653789 0.07590654 0.06840948 0.06838047 0.06847742 0.06658130 0.06574628 0.07301544 0.06667099 0.06472835 0.07131939 0.06434977 0.06653446 0.06774654 0.08288961 0.08018985 0.07953458 0.08312334 0.08308121 0.08065900 0.07392306 0.06640974 0.06806851 0.08512872 0.06820629 0.07105996 0.06620680 0.06518430 0.07097221 0.07124348 0.06666319 0.06808663 0.06622826 0.06758925 0.06828961 0.06752744 0.06623396 0.06849204 0.06659113 0.06480531 0.06961041 0.06455707 0.06972859 0.06781708 0.07841655 0.06898274 0.06648712 0.07518499 0.06924460 0.08394416 0.06778354 0.08149631 0.08144787 0.07370749 0.07049551 0.07179184 0.07807463 0.07075431 0.06632388 0.06391392 0.06595080 0.07342253 0.06624497 0.06648649 0.06823856 0.06930008 0.06844801 0.06589171 0.06885365 0.06590548 0.06943321 0.07037494 0.06775378 0.06972799 0.06733688 0.06737060 0.07697551 0.07962026 0.08241836 0.06798291 0.06502868 0.06478437 0.06837642 0.07198729 0.06395038 0.07244965 0.06958326 0.06697423 0.06590781 0.07016930 0.06837766 0.06799030 0.06881314 0.07142787 0.07196210 0.07066477 0.06765728 0.06622542 0.06740160 0.07558864 0.08570744 
0.07600798 0.00000000 0.06729309 0.08037656 0.04969305 0.04623138 0.04923356 0.09433023 0.07271148 0.07482042 0.07271148 0.09315870 0.07148047 0.07195123 0.07920659 0.03800268 0.07116370 0.07584724 0.07784534 0.07600798 0.07066625 0.05409480 0.06453266 0.08465603 0.08071777 0.09263301 0.07494820 0.07754374 0.09020459 0.06746930 0.08204970 0.07164275 0.06822293 0.06999738 0.08189896 0.07921888 0.09062098 0.09735727 0.03812092 0.06676578 0.06637185 0.07284491 0.10834656 0.06539259 0.05825191 0.06379240 0.07742937 0.06527606 0.05033317 0.05921484 0.08044220 0.06594746 0.07134765 0.07674347 0.07455183 0.06083345 0.09054193 0.07310035 0.02810314 0.08265635 0.08160976 0.08160976 0.07600798 0.07600798 0.08160976 0.08160976 0.08012923 0.08021686 0.07600798 0.07600798 0.07600798 0.07600798 0.08126277 0.06813129 0.09676376 0.06195949 0.07871512 0.09776007 0.07204461 0.06605014 0.05554166 0.07790922 0.07520068 0.08830731 0.07031631 0.03868655 0.08666702 0.05924592 0.10046656 0.08440119 0.07568450 0.06454311 0.05227065 0.05065478 0.05762477 0.05970353 0.05923582 0.05858423 0.07166338 0.07295073 0.07454603 0.07281027 0.05624860 0.07220962 0.07745260 0.07966838 0.05904884 0.07631968 0.09083427 0.07974115 0.07901006 0.08266869 0.08365777 0.07894470 0.07486447 0.06647736 0.06767677 0.07151442 0.06430168 0.10126628 0.05961428 0.08217275 0.08214332 0.09109401 0.08373444 0.08311132 0.06961667 0.07696691 0.08606867 0.07029939 0.06630598 0.07766305 0.06304019 0.06488355 0.06196999 0.08083952 0.06658039 0.06721523 0.08658084 0.09048177 0.08459520 0.06986401 0.06674305 0.05382790 0.09773377 0.07919223 0.06953481 0.07446371 0.07293165 0.05202811 0.06605619 0.07729744 0.07027518 0.07650963 0.04524648 0.08431954 0.07674896 0.06254869 0.05603970 0.06960555 0.06635723 0.07703207 0.07052743 0.06909934 0.06111878 0.07670450 0.08058074 0.03716850 0.08136933 0.07407961 0.07390708 0.07088111 0.05033472 0.09404221 0.09739358 0.06318220 0.07454179 0.06780271 0.08160976 
0.07722372 0.06729309 0.00000000 0.12031618 0.10103865 0.13146347 0.06640212 0.08481323 0.07294890 0.06170796 0.07294890 0.08518887 0.04971808 0.07946682 0.05933553 0.07263706 0.08002117 0.07717346 0.07822140 0.07722372 0.07076810 0.09394006 0.08334555 0.06420341 0.08431663 0.06769796 0.06301189 0.05943689 0.05194414 0.05937736 0.06598238 0.05012792 0.07254959 0.10305358 0.04909071 0.06861570 0.03288778 0.07213805 0.07067434 0.05417303 0.06897624 0.11864356 0.05925077 0.13250802 0.08294581 0.06903148 0.07605355 0.05702141 0.09348784 0.07925940 0.06173937 0.10035914 0.06950175 0.07516931 0.07786768 0.09213781 0.06914827 0.08763235 0.04837851 0.07389832 0.07495610 0.07495610 0.07722372 0.07722372 0.07495610 0.07495610 0.07315850 0.06762398 0.07722372 0.07722372 0.07722372 0.07722372 0.08417377 0.10397773 0.05603378 0.07111245 0.06542965 0.05648816 0.04980229 0.06185014 0.05679247 0.06668950 0.04544173 0.07041583 0.07962645 0.10409241 0.06788634 0.05479126 0.06375607 0.06458637 0.05704000 0.04298617 0.07271286 0.07000288 0.07286526 0.07305287 0.08090787 0.07214791 0.06831608 0.08303665 0.12874179 0.07386685 0.09245736 0.06199518 0.08311532 0.04353902 0.10173346 0.06156452 0.05343714 0.06918338 0.07743349 0.04133535 0.05450900 0.05744740 0.06925193 0.07766268 0.09527673 0.05854062 0.10239958 0.09223875 0.08948104 0.08342787 0.08940539 0.06579787 0.04054461 0.06767534 0.08376118 0.07702460 0.04371427 0.08241725 0.09861211 0.07753818 0.07303906 0.07150065 0.07020296 0.06327010 0.07763027 0.08732358 0.05340105 0.08556993 0.04982600 0.05199507 0.04765920 0.07462287 0.07652032 0.06487212 0.08440424 0.07729902 0.06734971 0.08128065 0.06135977 0.08420960 0.13977451 0.03947978 0.06019278 0.06346692 0.07461145 0.07541725 0.04942624 0.05958085 0.09810132 0.04874736 0.07403236 0.08938817 0.08195733 0.05486871 0.09314557 0.07373029 0.07676318 0.06353139 0.04757841 0.07260122 0.07214124 0.05662772 0.06470311 0.06244395 0.08815577 0.06869936 0.07495610 
0.06500389 0.08037656 0.12031618 0.00000000 0.05340395 0.14318330 0.05727014 0.07406363 0.06983220 0.06814351 0.06983220 0.05392893 0.07743126 0.06167964 0.08320559 0.06157039 0.06373606 0.06648456 0.06099064 0.06500389 0.06824818 0.09111545 0.06016866 0.07633466 0.06537738 0.09422816 0.07204345 0.05171309 0.07791850 0.04670566 0.06325035 0.06571106 0.05013598 0.06464135 0.08013448 0.06274260 0.08715846 0.04230416 0.03647016 0.09639170 0.06391037 0.09612226 0.06622434 0.12886090 0.03979316 0.06485992 0.06617148 0.08740589 0.09923063 0.04253633 0.07239026 0.09366233 0.06691740 0.06579639 0.08205648 0.09946972 0.08496456 0.05124318 0.05237408 0.06730925 0.06227612 0.06227612 0.06500389 0.06500389 0.06227612 0.06227612 0.06940857 0.06256402 0.06500389 0.06500389 0.06500389 0.06500389 0.07039044 0.06749661 0.09299809 0.10570077 0.06457371 0.08937065 0.08452762 0.05577331 0.09535973 0.06471908 0.06259950 0.09483049 0.08194595 0.06244289 0.06901565 0.03574248 0.07973834 0.06249543 0.08969857 0.05540929 0.08315816 0.07581720 0.07482731 0.06475605 0.05595956 0.07210729 0.07531825 0.07964320 0.08971414 0.07143367 0.08350359 0.05166447 0.07102516 0.07381104 0.06537574 0.06219193 0.07274306 0.08451504 0.05728991 0.07924116 0.07345298 0.11738384 0.07842970 0.08528010 0.12084121 0.09044015 0.09223423 0.06543603 0.06041106 0.16758685 0.07371494 0.06802641 0.07350508 0.06744332 0.07279265 0.07387412 0.05593342 0.08356194 0.07016022 0.07299353 0.06460499 0.09054927 0.06412990 0.04903617 0.09284046 0.07139584 0.10139740 0.07277313 0.09010679 0.07756209 0.08661678 0.09127971 0.10192314 0.06340186 0.05691910 0.06689005 0.08015198 0.07544795 0.10081884 0.07992638 0.06077734 0.05205498 0.05492872 0.11624230 0.05533527 0.06814188 0.07754081 0.08212677 0.09141423 0.07734250 0.05845572 0.05704421 0.06309805 0.04898343 0.07075711 0.07347340 0.07562741 0.05648729 0.06397663 0.03472656 0.06834007 0.08379582 0.10152792 0.06051173 0.07820376 0.08677309 0.06227612 
0.06743856 0.04969305 0.10103865 0.05340395 0.00000000 0.06689480 0.14045319 0.07789403 0.07629447 0.08456081 0.07629447 0.07646042 0.04948046 0.09171240 0.09221734 0.07331848 0.07430438 0.07444209 0.07150528 0.06743856 0.04017887 0.08080282 0.06472555 0.05880719 0.07764540 0.07852237 0.07656677 0.07195666 0.03746106 0.08156313 0.07469565 0.09281786 0.07267784 0.07480074 0.10969384 0.07329966 0.07241438 0.06489368 0.12748141 0.05619540 0.05717858 0.05039678 0.07073733 0.06105021 0.10647069 0.10266457 0.08653729 0.05996489 0.06996252 0.12184645 0.05187340 0.06258385 0.06672021 0.08760611 0.07018480 0.09767722 0.07561224 0.07880292 0.08870592 0.07327909 0.06491606 0.06491606 0.06743856 0.06743856 0.06491606 0.06491606 0.06933278 0.06981046 0.06743856 0.06743856 0.06743856 0.06743856 0.06380075 0.08581727 0.05631640 0.07171625 0.06939083 0.06550067 0.06937891 0.06273096 0.06324727 0.06362556 0.05532523 0.07549826 0.06093715 0.04556814 0.06865844 0.04001517 0.06507401 0.06961539 0.05294036 0.03942492 0.06754707 0.07469256 0.07063506 0.06441241 0.06983915 0.06503961 0.07862058 0.05385366 0.09567793 0.07282830 0.05061961 0.05880034 0.07238566 0.06795371 0.08157835 0.07616004 0.06246387 0.09245028 0.07613416 0.06708757 0.06122211 0.10959176 0.07114790 0.06195955 0.08073250 0.07159349 0.05582893 0.06134409 0.08667019 0.04920617 0.05702457 0.09401676 0.11194342 0.06505355 0.06988555 0.06696704 0.09542835 0.06157606 0.11083426 0.09653746 0.10194597 0.08937339 0.10146208 0.07109138 0.03853898 0.05733160 0.08726461 0.03854005 0.08194525 0.07781805 0.03710846 0.06392062 0.06045156 0.08070204 0.09934155 0.07971361 0.06366862 0.09163231 0.07066376 0.09395228 0.12756644 0.07620940 0.08536361 0.05070953 0.07505369 0.05700998 0.08450611 0.08989367 0.06029128 0.06810663 0.08517281 0.08822339 0.05024580 0.06339638 0.06154875 0.06418109 0.05647791 0.06860521 0.08020162 0.06706965 0.07169412 0.10616607 0.05918467 0.07174445 0.08771050 0.08282102 0.06491606 
0.06978717 0.04623138 0.13146347 0.14318330 0.06689480 0.00000000 0.05013949 0.07390340 0.07474530 0.08058242 0.07474530 0.04367626 0.03109173 0.07067488 0.07059372 0.06595879 0.06672152 0.07442181 0.06798596 0.06978717 0.07680271 0.08630362 0.06703794 0.05499496 0.08769402 0.03645265 0.05533224 0.05450710 0.08220386 0.06812824 0.06985929 0.07136836 0.06397199 0.09454209 0.06351374 0.06086655 0.10022209 0.07119967 0.06323879 0.07344524 0.07797217 0.07552543 0.03736971 0.08107994 0.05689940 0.07196138 0.08386549 0.07220178 0.11459163 0.06167429 0.06636495 0.07400363 0.08019044 0.05880876 0.12502053 0.09767337 0.07751937 0.06341098 0.05577651 0.07771265 0.07038640 0.07038640 0.06978717 0.06978717 0.07038640 0.07038640 0.07782086 0.08717821 0.06978717 0.06978717 0.06978717 0.06978717 0.06646095 0.05047888 0.06319541 0.09514030 0.04683731 0.05881714 0.07533147 0.06056384 0.07017849 0.07452845 0.04857267 0.05795166 0.07560760 0.07419779 0.09007959 0.05887728 0.07553169 0.11036946 0.10778719 0.07122800 0.05474618 0.06119934 0.06611726 0.06685620 0.07209518 0.07245315 0.06260648 0.07568729 0.09851418 0.06555736 0.10151948 0.10284991 0.07275799 0.07003069 0.07939698 0.05717970 0.08405285 0.13656913 0.09574860 0.05235335 0.08168103 0.06834122 0.08807825 0.04502943 0.10211564 0.06854455 0.10636672 0.07924933 0.08057430 0.09089707 0.06040907 0.09052325 0.04425997 0.07760956 0.05759885 0.07028932 0.06289682 0.06581043 0.04733004 0.06640702 0.06830660 0.07997091 0.05011037 0.08200545 0.06772608 0.07758103 0.07845059 0.10996945 0.08950586 0.08443699 0.08575824 0.05896254 0.07714545 0.06607862 0.06526408 0.06294604 0.10797680 0.07285739 0.07435471 0.08322041 0.11520038 0.03244645 0.11511033 0.06226306 0.07465031 0.04851474 0.09545489 0.05632145 0.06423264 0.06509007 0.04630200 0.05905665 0.11502498 0.02966629 0.07996925 0.11275075 0.04089667 0.06040831 0.05556506 0.06579925 0.07963913 0.06066929 0.07674642 0.03211009 0.08886030 0.06775981 0.07038640 
0.06655913 0.04923356 0.06640212 0.05727014 0.14045319 0.05013949 0.00000000 0.06656799 0.07229397 0.04405203 0.07229397 0.05918217 0.04360576 0.07215212 0.09299543 0.08300155 0.07029710 0.06802221 0.06928041 0.06655913 0.06512899 0.07707230 0.06044136 0.09245385 0.05188290 0.10403237 0.09161442 0.03957713 0.06010562 0.07822046 0.10290096 0.12859956 0.08174745 0.06063624 0.08008634 0.10430535 0.07928986 0.06021414 0.08798942 0.08151539 0.06279761 0.05602427 0.06950274 0.08457266 0.08106930 0.08303601 0.07799616 0.06378324 0.07835035 0.11062188 0.08302555 0.05061800 0.05929860 0.04725540 0.05209247 0.04890533 0.05794076 0.06862677 0.09026504 0.06333407 0.06664998 0.06664998 0.06655913 0.06655913 0.06664998 0.06664998 0.06386935 0.05693069 0.06655913 0.06655913 0.06655913 0.06655913 0.06529956 0.07959166 0.06465288 0.08037806 0.06262792 0.07230932 0.05740738 0.06672297 0.06869486 0.09293537 0.09548991 0.07952335 0.04271037 0.05273797 0.07419782 0.06373932 0.05421715 0.08401983 0.06348507 0.05066591 0.09030434 0.07579405 0.07322131 0.07506306 0.06847024 0.06271652 0.07839824 0.07551737 0.08714708 0.07144135 0.07046643 0.05126248 0.08830739 0.08636768 0.09390754 0.06830749 0.06786361 0.08176160 0.08748117 0.10629662 0.06050573 0.08470242 0.05523846 0.05711310 0.08057980 0.12969897 0.06647928 0.07845196 0.08656630 0.06523059 0.07008353 0.07474220 0.11046581 0.07041124 0.05752531 0.06529177 0.05698996 0.05950705 0.09382557 0.06713684 0.05321913 0.06002119 0.09963657 0.11364572 0.08970837 0.10403881 0.06080700 0.07286023 0.05999015 0.05865496 0.08317166 0.06237087 0.07826863 0.07972963 0.06369461 0.10169435 0.06512159 0.05832347 0.08104239 0.06029788 0.07002789 0.06691098 0.08140152 0.07729161 0.05597287 0.05694680 0.08752203 0.05697139 0.03526431 0.09108455 0.06427540 0.05894011 0.13517628 0.07661675 0.07491024 0.07431617 0.06472903 0.06903367 0.12407739 0.08020753 0.09291389 0.09333179 0.06470949 0.08803341 0.08128770 0.03666564 0.06664998 
0.07100153 0.09433023 0.08481323 0.07406363 0.07789403 0.07390340 0.06656799 0.00000000 0.07617658 0.04374857 0.07617658 0.05893964 0.06303177 0.09308138 0.06959942 0.04502523 0.07854867 0.07430714 0.07685604 0.07100153 0.08833636 0.02820084 0.11312525 0.08249459 0.07942592 0.06781041 0.11787555 0.07441597 0.07503634 0.04018160 0.08533589 0.06102534 0.06114677 0.05398148 0.08320257 0.05229004 0.06546001 0.08087777 0.07141480 0.05456704 0.08507957 0.07244182 0.03842693 0.12198951 0.09822923 0.06474805 0.05111087 0.03680924 0.09924938 0.05906009 0.07658844 0.05278542 0.09085444 0.08182312 0.07584051 0.05306095 0.08710361 0.07441828 0.05529561 0.07755027 0.07003902 0.07003902 0.07100153 0.07100153 0.07003902 0.07003902 0.06253714 0.07580731 0.07100153 0.07100153 0.07100153 0.07100153 0.07076207 0.07570059 0.06255940 0.08018586 0.07505883 0.06479153 0.09069604 0.12488290 0.07050559 0.04533045 0.03766970 0.06599024 0.07517941 0.08568353 0.05914167 0.07882963 0.07056277 0.11988893 0.04677742 0.06193120 0.07289501 0.06498250 0.07362098 0.08177703 0.07958815 0.08285073 0.07598565 0.07332451 0.07134794 0.07622893 0.09659187 0.07128061 0.12099678 0.05869272 0.06034858 0.09012416 0.07850291 0.05501846 0.08753093 0.06585918 0.09971903 0.08373280 0.05947804 0.10451987 0.05473512 0.04758066 0.07330346 0.08829552 0.03906785 0.08036842 0.05416400 0.03783846 0.08095931 0.06932621 0.08535289 0.07535690 0.05796374 0.07120747 0.03910932 0.10831395 0.09861756 0.05047547 0.07761605 0.09171580 0.04416544 0.05009446 0.08642844 0.05073608 0.10612313 0.05054743 0.07862129 0.05726320 0.06309412 0.06504586 0.05527144 0.06308952 0.11790049 0.09081947 0.06934902 0.06300441 0.08483747 0.12100139 0.04044713 0.07005921 0.09209045 0.11283322 0.09775028 0.11647992 0.06482531 0.05249182 0.12402992 0.04985250 0.03705883 0.06605786 0.05975682 0.03637134 0.08366751 0.05634309 0.10472663 0.07518499 0.07987037 0.08555471 0.07634848 0.05924824 0.05253007 0.05686975 0.07003902 
0.07677922 0.07271148 0.07294890 0.06983220 0.07629447 0.07474530 0.07229397 0.07617658 0.00000000 0.07372981 0.08574163 0.07199072 0.07437784 0.08623903 0.07026365 0.06750530 0.07748787 0.07731324 0.07773156 0.07677922 0.06630090 0.07307232 0.06403876 0.06630866 0.06484257 0.07121986 0.06427424 0.07262420 0.06810145 0.06372176 0.07002322 0.07007998 0.06500433 0.06264624 0.07818250 0.07135985 0.06983473 0.07064179 0.07277081 0.06457624 0.06581995 0.07624048 0.07081987 0.07443670 0.08025969 0.07138580 0.06941188 0.06934244 0.07328450 0.08220074 0.08306956 0.07283856 0.07533728 0.07567365 0.07055774 0.07562911 0.08283892 0.07551689 0.06908426 0.07716978 0.07749641 0.07749641 0.07677922 0.07677922 0.07749641 0.07749641 0.07684984 0.07494792 0.07677922 0.07677922 0.07677922 0.07677922 0.07729401 0.07662844 0.06831257 0.07856060 0.06666729 0.06666479 0.06644217 0.07333280 0.06356827 0.06375351 0.06055831 0.07276060 0.06562385 0.07054946 0.06262664 0.06016891 0.06416509 0.06642247 0.06724061 0.07044645 0.07560546 0.07467580 0.07492615 0.07582471 0.07598430 0.07532464 0.08391697 0.06457716 0.06513705 0.08389444 0.07777754 0.07317309 0.06793290 0.06396018 0.06911349 0.06946739 0.06599302 0.07333788 0.05874133 0.06833601 0.06387665 0.07360255 0.06402470 0.06646798 0.06225962 0.06916341 0.06990635 0.06637061 0.07140338 0.07263426 0.07389158 0.07551143 0.06907098 0.08393526 0.07368647 0.08521603 0.07480660 0.08594367 0.07732128 0.08312583 0.08102210 0.07180983 0.08265727 0.07994142 0.07297177 0.06802611 0.07224805 0.08198475 0.07284869 0.06544295 0.06324388 0.07608589 0.07152958 0.06627616 0.07766532 0.06871965 0.07295198 0.07878882 0.06422707 0.07885783 0.07678743 0.07640866 0.07427486 0.08571435 0.08327777 0.06731309 0.06688805 0.06261767 0.07573907 0.07229506 0.06568706 0.07018594 0.07750959 0.07256837 0.06677000 0.06767615 0.07454638 0.06641599 0.06835647 0.06566632 0.08066046 0.07601403 0.06275199 0.07072278 0.07298761 0.07179500 0.07749641 
0.07089154 0.07482042 0.06170796 0.06814351 0.08456081 0.08058242 0.04405203 0.04374857 0.07372981 0.00000000 0.07372981 0.05822569 0.07779942 0.09077566 0.06217760 0.04983024 0.06967468 0.06903531 0.06929425 0.07089154 0.07787309 0.08645167 0.02974589 0.07275308 0.09858530 0.04821657 0.06124706 0.07931178 0.08404194 0.06179986 0.11553786 0.20480444 0.08929645 0.04655880 0.06894699 0.09188150 0.07525201 0.06547578 0.07854442 0.07474721 0.07828207 0.07110492 0.05068920 0.10572335 0.07094531 0.08605749 0.09548177 0.08586612 0.08078688 0.09618193 0.07247597 0.05593289 0.05948608 0.09397486 0.06267543 0.05562790 0.08514456 0.05746187 0.08524635 0.07120994 0.07011392 0.07011392 0.07089154 0.07089154 0.07011392 0.07011392 0.06980159 0.06520580 0.07089154 0.07089154 0.07089154 0.07089154 0.06894804 0.07552851 0.07166143 0.07001571 0.05819948 0.08046690 0.07017261 0.06892057 0.08891826 0.08914255 0.05316105 0.07474603 0.08689270 0.05031573 0.09144068 0.06109315 0.05931744 0.09695197 0.06475305 0.10243036 0.06750526 0.08018899 0.07612394 0.07175453 0.06277241 0.06734401 0.06371040 0.08463838 0.06609936 0.06354319 0.07092077 0.14465957 0.05778544 0.08972366 0.04507125 0.04386968 0.06736905 0.04703454 0.07174705 0.10160832 0.06520102 0.06005171 0.06792072 0.08184441 0.09836897 0.04605580 0.06543252 0.05516145 0.09050828 0.10336687 0.03811787 0.04951160 0.11030146 0.07278021 0.12316517 0.06992698 0.04141732 0.07266336 0.05479722 0.06824495 0.06980365 0.04789780 0.05798960 0.09942094 0.11185483 0.08320745 0.07072699 0.06748817 0.06854150 0.08031383 0.08462625 0.07033034 0.06077395 0.06242319 0.09138336 0.06091348 0.05700129 0.10683541 0.06390707 0.08052980 0.05340235 0.07719064 0.06567131 0.05716646 0.07976076 0.08171309 0.05662005 0.07299981 0.08886906 0.05821827 0.06733128 0.08990713 0.06561806 0.06189985 0.08688541 0.09091204 0.05834526 0.08182948 0.04823043 0.08896078 0.07625642 0.06844602 0.06945162 0.08641406 0.04036663 0.06549139 0.07011392 
0.07677922 0.07271148 0.07294890 0.06983220 0.07629447 0.07474530 0.07229397 0.07617658 0.08574163 0.07372981 0.00000000 0.07199072 0.07437784 0.08623903 0.07026365 0.06750530 0.07748787 0.07731324 0.07773156 0.07677922 0.06630090 0.07307232 0.06403876 0.06630866 0.06484257 0.07121986 0.06427424 0.07262420 0.06810145 0.06372176 0.07002322 0.07007998 0.06500433 0.06264624 0.07818250 0.07135985 0.06983473 0.07064179 0.07277081 0.06457624 0.06581995 0.07624048 0.07081987 0.07443670 0.08025969 0.07138580 0.06941188 0.06934244 0.07328450 0.08220074 0.08306956 0.07283856 0.07533728 0.07567365 0.07055774 0.07562911 0.08283892 0.07551689 0.06908426 0.07716978 0.07749641 0.07749641 0.07677922 0.07677922 0.07749641 0.07749641 0.07684984 0.07494792 0.07677922 0.07677922 0.07677922 0.07677922 0.07729401 0.07662844 0.06831257 0.07856060 0.06666729 0.06666479 0.06644217 0.07333280 0.06356827 0.06375351 0.06055831 0.07276060 0.06562385 0.07054946 0.06262664 0.06016891 0.06416509 0.06642247 0.06724061 0.07044645 0.07560546 0.07467580 0.07492615 0.07582471 0.07598430 0.07532464 0.08391697 0.06457716 0.06513705 0.08389444 0.07777754 0.07317309 0.06793290 0.06396018 0.06911349 0.06946739 0.06599302 0.07333788 0.05874133 0.06833601 0.06387665 0.07360255 0.06402470 0.06646798 0.06225962 0.06916341 0.06990635 0.06637061 0.07140338 0.07263426 0.07389158 0.07551143 0.06907098 0.08393526 0.07368647 0.08521603 0.07480660 0.08594367 0.07732128 0.08312583 0.08102210 0.07180983 0.08265727 0.07994142 0.07297177 0.06802611 0.07224805 0.08198475 0.07284869 0.06544295 0.06324388 0.07608589 0.07152958 0.06627616 0.07766532 0.06871965 0.07295198 0.07878882 0.06422707 0.07885783 0.07678743 0.07640866 0.07427486 0.08571435 0.08327777 0.06731309 0.06688805 0.06261767 0.07573907 0.07229506 0.06568706 0.07018594 0.07750959 0.07256837 0.06677000 0.06767615 0.07454638 0.06641599 0.06835647 0.06566632 0.08066046 0.07601403 0.06275199 0.07072278 0.07298761 0.07179500 0.07749641 
0.07537564 0.09315870 0.08518887 0.05392893 0.07646042 0.04367626 0.05918217 0.05893964 0.07199072 0.05822569 0.07199072 0.00000000 0.10419899 0.08192744 0.14795846 0.14111676 0.07455890 0.07584927 0.07523879 0.07537564 0.10057499 0.08020002 0.04246465 0.05967662 0.08092497 0.05186410 0.06080571 0.09694445 0.06483027 0.07967956 0.06681777 0.08245946 0.05128057 0.03738450 0.08622553 0.13691577 0.05172616 0.08206640 0.04770740 0.07112617 0.05351088 0.07333869 0.05349324 0.07591044 0.09081028 0.05122431 0.08172551 0.12111807 0.10644722 0.08152098 0.08931501 0.07941318 0.06953668 0.10245533 0.11425862 0.10537645 0.08834437 0.07036121 0.06425429 0.07995303 0.07572565 0.07572565 0.07537564 0.07537564 0.07572565 0.07572565 0.07663807 0.08296318 0.07537564 0.07537564 0.07537564 0.07537564 0.07755443 0.06501657 0.08424266 0.09289105 0.11304838 0.08336533 0.08364503 0.04359182 0.06893503 0.05145243 0.06689854 0.10193947 0.04830052 0.05285567 0.05876096 0.08585932 0.08311313 0.06919041 0.07053895 0.08668453 0.07022298 0.06738376 0.06421802 0.06288492 0.08027873 0.06616260 0.06891618 0.07663720 0.07467145 0.07171837 0.06127754 0.06093172 0.07886862 0.04938260 0.04273959 0.06237680 0.07273043 0.07732045 0.05165258 0.05961174 0.09939108 0.07511904 0.07764418 0.06346678 0.06798285 0.05632700 0.08048257 0.07852598 0.06803242 0.06615314 0.13053863 0.04796161 0.05379574 0.07637091 0.09869627 0.07884088 0.05858559 0.07957373 0.05996760 0.08913620 0.07996232 0.14747751 0.07348288 0.06615855 0.03040319 0.04725219 0.05699745 0.07423010 0.07552534 0.04457895 0.07755298 0.04486961 0.05972910 0.03007622 0.05608471 0.07978172 0.06382928 0.06860436 0.06186774 0.08523865 0.07352752 0.05261862 0.09330227 0.06325553 0.09818008 0.08597409 0.04501161 0.05674840 0.10278210 0.07470124 0.06592465 0.06103047 0.07350502 0.09222305 0.04496535 0.07452050 0.06883785 0.07898506 0.05160012 0.07044698 0.05334200 0.06333977 0.03223626 0.05321463 0.06915587 0.08495733 0.07572565 
0.07466554 0.07148047 0.04971808 0.07743126 0.04948046 0.03109173 0.04360576 0.06303177 0.07437784 0.07779942 0.07437784 0.10419899 0.00000000 0.10592980 0.05696946 0.08162679 0.07750400 0.07841744 0.07793264 0.07466554 0.07074920 0.08703266 0.07886967 0.09506122 0.04450047 0.08742634 0.07415644 0.07399927 0.07826261 0.10160763 0.08074608 0.06380997 0.07427042 0.06990038 0.07789163 0.06930729 0.08094407 0.04478939 0.05143226 0.10430692 0.09879678 0.06809221 0.06350732 0.11695648 0.06701173 0.05894356 0.10719082 0.09267626 0.07480811 0.04439739 0.07204973 0.11132270 0.07079985 0.07082926 0.06353296 0.08178889 0.09463674 0.09165817 0.05866473 0.08000641 0.07558844 0.07558844 0.07466554 0.07466554 0.07558844 0.07558844 0.07614969 0.08312736 0.07466554 0.07466554 0.07466554 0.07466554 0.07234938 0.06412827 0.07842782 0.07587832 0.07718006 0.09047232 0.07574570 0.05557848 0.06066688 0.07748562 0.08656450 0.04258847 0.05839126 0.07818038 0.07512521 0.08926022 0.08203850 0.08627191 0.07846985 0.05768010 0.06844697 0.07907660 0.06565250 0.05776947 0.06755962 0.05879026 0.07687661 0.08919622 0.06111040 0.07898473 0.05538738 0.05599930 0.04388693 0.07070984 0.02757140 0.06995229 0.05765414 0.05013907 0.06661954 0.08855098 0.04251144 0.05999889 0.07387414 0.06410738 0.07882109 0.06575987 0.05382928 0.07684962 0.07197686 0.09222672 0.09377435 0.04874691 0.07133140 0.07900924 0.07757772 0.08583034 0.05886483 0.09180009 0.07669472 0.10771653 0.07518258 0.05503010 0.07153911 0.08542239 0.07580033 0.07708419 0.08622137 0.09491918 0.09358461 0.05720710 0.05181617 0.06844249 0.06296245 0.08869538 0.07240191 0.06925447 0.06200231 0.07306882 0.08430142 0.08763133 0.05505236 0.09583739 0.05779410 0.08867197 0.07824016 0.09519973 0.09023572 0.04465033 0.08032246 0.06575771 0.04852486 0.09661882 0.05074325 0.06578664 0.09319796 0.08918538 0.06095352 0.05951804 0.06637199 0.05870715 0.07092173 0.08928333 0.06541298 0.10487680 0.06258956 0.02932569 0.07558844 
0.07909726 0.07195123 0.07946682 0.06167964 0.09171240 0.07067488 0.07215212 0.09308138 0.08623903 0.09077566 0.08623903 0.08192744 0.10592980 0.00000000 0.07986323 0.09770944 0.08511964 0.08732933 0.08748409 0.07909726 0.06082741 0.07098870 0.07111269 0.05505125 0.06732081 0.04627370 0.06921953 0.05703324 0.05855014 0.06503949 0.06690126 0.10122725 0.04851242 0.05732301 0.07707285 0.07198075 0.07132334 0.10356094 0.07109870 0.06507290 0.06122356 0.05378767 0.05618000 0.04932844 0.07746292 0.07557110 0.04289607 0.07414077 0.05591405 0.11322462 0.09020666 0.06564340 0.08517365 0.10777561 0.06082142 0.08132270 0.09950808 0.08768084 0.06300741 0.08109400 0.08297274 0.08297274 0.07909726 0.07909726 0.08297274 0.08297274 0.08266289 0.09731139 0.07909726 0.07909726 0.07909726 0.07909726 0.07677548 0.07178201 0.07210087 0.09043818 0.05112031 0.05781741 0.06310025 0.06596558 0.06373340 0.06226637 0.06918490 0.04549353 0.05957648 0.08723406 0.06887910 0.04549992 0.05600333 0.07176822 0.05490077 0.07045540 0.07592695 0.06240334 0.07376377 0.07166650 0.07271259 0.08669048 0.09891918 0.06306252 0.05256163 0.10429802 0.05784983 0.05146586 0.06133470 0.05506442 0.04742733 0.08309822 0.04727922 0.06275757 0.04894770 0.06254018 0.06450912 0.08667472 0.06748840 0.06326193 0.05797026 0.05463254 0.06282813 0.05278218 0.08112156 0.06732812 0.06319078 0.05661305 0.06664166 0.09513704 0.08531156 0.10891942 0.07512389 0.12362538 0.06843248 0.10172309 0.08536657 0.08190489 0.08074719 0.07400508 0.04337699 0.06187980 0.05922956 0.09733111 0.08836904 0.06819197 0.06105930 0.05730692 0.05872911 0.06707955 0.06816042 0.05918902 0.07768100 0.10407068 0.06362275 0.07329029 0.06496502 0.06933001 0.08304871 0.10585334 0.12580315 0.06843956 0.05724654 0.06938020 0.08880664 0.08955696 0.07547950 0.09176429 0.09537680 0.07753150 0.05496189 0.06725820 0.07179497 0.05059237 0.05137906 0.04631761 0.06360453 0.06194351 0.04962916 0.06084679 0.04861976 0.06316868 0.08297274 
0.06703126 0.07920659 0.05933553 0.08320559 0.09221734 0.07059372 0.09299543 0.06959942 0.07026365 0.06217760 0.07026365 0.14795846 0.05696946 0.07986323 0.00000000 0.06645852 0.06804886 0.06829102 0.06838647 0.06703126 0.07291321 0.09332709 0.06610470 0.09849667 0.06456401 0.10109872 0.08433559 0.09585882 0.12265242 0.07237896 0.05466295 0.07731462 0.08428871 0.06264667 0.05319103 0.09187600 0.07654722 0.08279732 0.09351448 0.06505260 0.07649343 0.06693595 0.04561364 0.05039093 0.07861074 0.06123293 0.05646028 0.08956590 0.09317096 0.07805691 0.08086666 0.06889453 0.07747242 0.08674723 0.04288683 0.07820335 0.07800473 0.06242120 0.07306640 0.06992369 0.06812608 0.06812608 0.06703126 0.06703126 0.06812608 0.06812608 0.06783477 0.06857139 0.06703126 0.06703126 0.06703126 0.06703126 0.06681494 0.08006600 0.07859072 0.06137995 0.10803247 0.08632111 0.09331032 0.05424554 0.10437541 0.09405679 0.04820510 0.12188157 0.05167992 0.05362959 0.05502188 0.06379975 0.06700686 0.11312090 0.08265851 0.10131027 0.06227474 0.06287691 0.06922771 0.07329505 0.06489660 0.08209078 0.07381272 0.06257577 0.06601053 0.06909540 0.04015729 0.05114589 0.09034786 0.08488011 0.05532264 0.06823035 0.06160600 0.09326335 0.08141957 0.06457041 0.06841624 0.07137241 0.09107896 0.06296617 0.06923373 0.07654453 0.06762647 0.05038090 0.06350330 0.04821151 0.12886316 0.05181348 0.08511535 0.07142886 0.12881407 0.06616647 0.04685077 0.06728762 0.06062259 0.08051369 0.09997244 0.09878829 0.07952667 0.07355007 0.05167011 0.04181516 0.05982309 0.08156980 0.07265972 0.06520406 0.06075245 0.05109541 0.06292871 0.08782895 0.05989773 0.08794976 0.06281505 0.09671382 0.07170383 0.08827957 0.07099000 0.05686153 0.06168265 0.07173448 0.08317040 0.08028287 0.07582425 0.06580806 0.09359476 0.10256900 0.06121951 0.11477188 0.05633918 0.06196330 0.05813886 0.06425842 0.05975110 0.05363255 0.06579657 0.07726356 0.08063706 0.05391787 0.04553388 0.04018399 0.08629604 0.09155729 0.06812608 
0.06529977 0.03800268 0.07263706 0.06157039 0.07331848 0.06595879 0.08300155 0.04502523 0.06750530 0.04983024 0.06750530 0.14111676 0.08162679 0.09770944 0.06645852 0.00000000 0.06837318 0.07070086 0.07195061 0.06529977 0.09377530 0.11529534 0.06804488 0.07334505 0.07728969 0.05331173 0.06977649 0.04681326 0.07557326 0.04927045 0.05053993 0.07696005 0.05724877 0.07688553 0.09211846 0.07552961 0.05474608 0.10200751 0.05846199 0.07311221 0.07224278 0.08356698 0.09898560 0.08157768 0.09029578 0.08014643 0.07484357 0.09474527 0.11124156 0.07352181 0.05926941 0.12100127 0.06710267 0.05580803 0.08658290 0.09969914 0.05606706 0.07589097 0.08847387 0.06549843 0.07159896 0.07159896 0.06529977 0.06529977 0.07159896 0.07159896 0.06995191 0.06803388 0.06529977 0.06529977 0.06529977 0.06529977 0.06081350 0.07716915 0.04608512 0.05461257 0.06985129 0.06282179 0.06436641 0.09887687 0.05657193 0.10667048 0.06961390 0.03797860 0.06622577 0.07505123 0.06703864 0.07214483 0.05819089 0.06260475 0.08370035 0.09535401 0.07865609 0.08769935 0.08343581 0.08274002 0.08946217 0.06466071 0.06744074 0.08592410 0.05827756 0.06082167 0.12575531 0.04409638 0.07691196 0.07427324 0.08848225 0.07928023 0.05311196 0.06351532 0.07108143 0.09272663 0.07094880 0.08826038 0.05745609 0.07906360 0.07143389 0.08966186 0.07945705 0.06046473 0.07499567 0.07463015 0.13312238 0.11654198 0.07706382 0.07641598 0.08224521 0.06695292 0.05424858 0.07229116 0.08133928 0.05525691 0.06281125 0.12095796 0.06615260 0.05410466 0.04829535 0.12018816 0.10881133 0.07499255 0.04940925 0.05532121 0.05654622 0.08618377 0.04198613 0.06955224 0.08385390 0.09555044 0.07736776 0.04546608 0.06110345 0.06805785 0.07175825 0.05409138 0.06453169 0.06310440 0.06678750 0.08838915 0.06871513 0.06063541 0.06312391 0.05865597 0.07505082 0.07158920 0.04487191 0.05351077 0.08117038 0.10586350 0.05131184 0.05181476 0.05647164 0.05418160 0.07776457 0.05424509 0.08763175 0.07517155 0.11066371 0.09097563 0.07159896 
0.08569094 0.07116370 0.08002117 0.06373606 0.07430438 0.06672152 0.07029710 0.07854867 0.07748787 0.06967468 0.07748787 0.07455890 0.07750400 0.08511964 0.06804886 0.06837318 0.00000000 0.09194643 0.09295315 0.08569094 0.06701289 0.07582571 0.07083279 0.06589925 0.06979870 0.07199282 0.06433854 0.06763444 0.06644192 0.06917055 0.06819570 0.06307841 0.06610979 0.07048678 0.07843792 0.06573121 0.06392242 0.07253311 0.06786589 0.06698614 0.06456288 0.07803594 0.07103204 0.07181600 0.07709141 0.06918143 0.07025331 0.06519153 0.07216779 0.08347246 0.08865909 0.07130799 0.07824931 0.06629049 0.07442212 0.07331868 0.08764154 0.07947724 0.06670481 0.08142237 0.08449329 0.08449329 0.08569094 0.08569094 0.08449329 0.08449329 0.08250240 0.08058013 0.08569094 0.08569094 0.08569094 0.08569094 0.08439684 0.08139086 0.07096284 0.08434948 0.07161487 0.06534877 0.06486631 0.07453466 0.06898613 0.06557307 0.06600853 0.06380605 0.06180761 0.06688100 0.05813601 0.06499806 0.07136575 0.06562618 0.06589333 0.07059454 0.08968108 0.07739299 0.07644031 0.08027737 0.08015443 0.07780265 0.08775725 0.06505100 0.07092724 0.09347849 0.06560600 0.06885765 0.06436134 0.06321431 0.06814119 0.07487843 0.06503454 0.06729888 0.06371106 0.06995436 0.06421480 0.06433516 0.06520010 0.06584739 0.06567444 0.06141793 0.06555188 0.06601995 0.07415628 0.06854939 0.07542968 0.06800924 0.06385725 0.07522621 0.06896405 0.09189071 0.06898698 0.08843614 0.07910097 0.08824964 0.06842615 0.07189044 0.08587692 0.06946882 0.06325042 0.06002360 0.06282951 0.07561355 0.06301457 0.06393777 0.06290805 0.06689890 0.06546722 0.06888961 0.06633357 0.06311616 0.06715276 0.07083324 0.06754425 0.06792438 0.06407555 0.06846113 0.07319974 0.08544277 0.08970579 0.06696779 0.06188758 0.06696944 0.07614294 0.07340923 0.06503028 0.07068282 0.06738532 0.07557443 0.06621866 0.06522277 0.07302971 0.07016951 0.06727330 0.06649705 0.07062299 0.07346024 0.06560189 0.07275750 0.06777016 0.07206389 0.08449329 
0.08284512 0.07584724 0.07717346 0.06648456 0.07444209 0.07442181 0.06802221 0.07430714 0.07731324 0.06903531 0.07731324 0.07584927 0.07841744 0.08732933 0.06829102 0.07070086 0.09194643 0.00000000 0.09535414 0.08284512 0.06282395 0.07887579 0.07246639 0.06308444 0.06814021 0.07263113 0.06417981 0.06352068 0.06866379 0.06838528 0.06364774 0.06752240 0.06719803 0.06896976 0.07303770 0.06252182 0.06108247 0.07348848 0.06221548 0.06885889 0.06553143 0.07699716 0.07019009 0.06856337 0.07193245 0.06835923 0.06810426 0.06119067 0.07130781 0.08603124 0.09177507 0.07574013 0.08213651 0.06312149 0.07103995 0.07368710 0.08843466 0.08473208 0.07442541 0.09299102 0.08854378 0.08854378 0.08284512 0.08284512 0.08854378 0.08854378 0.09441706 0.09063948 0.08284512 0.08284512 0.08284512 0.08284512 0.08140948 0.07955858 0.06680426 0.08244253 0.06780072 0.06058172 0.06413607 0.07255939 0.06689583 0.06456942 0.06638315 0.06522016 0.06523910 0.06188417 0.05759701 0.06481838 0.06873035 0.06895763 0.06899411 0.06768795 0.08704063 0.07347447 0.07248932 0.07683915 0.07667694 0.07417133 0.09033828 0.06405314 0.06802827 0.09911416 0.06694368 0.07065034 0.06355964 0.06842542 0.06503479 0.07450197 0.06570880 0.06327155 0.06028955 0.06665305 0.06032260 0.06228569 0.06275982 0.06309295 0.06399905 0.06221181 0.06145558 0.06730389 0.07272561 0.06582104 0.07133460 0.07299086 0.05927730 0.08862578 0.06980777 0.09849549 0.07135938 0.09667350 0.07727339 0.08760146 0.07816616 0.07404275 0.09022695 0.07903478 0.06110838 0.06080477 0.06250333 0.08027446 0.06109623 0.06902759 0.05853894 0.06620281 0.05969942 0.07124295 0.06597189 0.06865577 0.07078211 0.06676606 0.06872493 0.06723930 0.06470030 0.06887978 0.06956864 0.09320238 0.09424882 0.06471647 0.06230490 0.06733512 0.07855543 0.07095587 0.06477926 0.06878894 0.06840297 0.07475829 0.06374825 0.05995683 0.07542397 0.06828685 0.06422137 0.06229439 0.07002273 0.06965239 0.06408912 0.07176045 0.07151639 0.06837114 0.08854378 
0.08505535 0.07784534 0.07822140 0.06099064 0.07150528 0.06798596 0.06928041 0.07685604 0.07773156 0.06929425 0.07773156 0.07523879 0.07793264 0.08748409 0.06838647 0.07195061 0.09295315 0.09535414 0.00000000 0.08505535 0.06476217 0.07870226 0.07157001 0.06419466 0.06818785 0.07261320 0.06437623 0.06543539 0.06344509 0.06786428 0.06502046 0.06147555 0.06674312 0.06868475 0.07600062 0.06404600 0.06312474 0.07285201 0.06498689 0.06378634 0.06550489 0.07725754 0.07034529 0.07001417 0.07502316 0.06909076 0.06890746 0.06245161 0.06881542 0.08564569 0.09121215 0.07558801 0.08439907 0.06590052 0.06992130 0.07122218 0.08628554 0.08578594 0.06830162 0.08731662 0.09193351 0.09193351 0.08505535 0.08505535 0.09193351 0.09193351 0.08884253 0.08591902 0.08505535 0.08505535 0.08505535 0.08505535 0.08347718 0.07952584 0.06596409 0.08116222 0.06615075 0.06016855 0.06612066 0.07332129 0.06690436 0.06466999 0.06592161 0.06749523 0.05942697 0.06263840 0.05922997 0.06491220 0.06966409 0.06316501 0.06355422 0.06865262 0.08746766 0.07542018 0.07426430 0.07826390 0.07808578 0.07578894 0.09279189 0.06432957 0.06836592 0.09810155 0.07035775 0.07068139 0.06468850 0.06163403 0.06584434 0.07439697 0.06572012 0.06552064 0.06082969 0.06735599 0.06135735 0.06626554 0.06353985 0.06418573 0.06397232 0.05783461 0.06347858 0.06259509 0.07269064 0.06767740 0.07299770 0.07315740 0.06195576 0.09155005 0.07018519 0.09773735 0.06732656 0.09110804 0.07853562 0.08715999 0.08090604 0.07364875 0.08984155 0.08156830 0.06533545 0.05672897 0.06524592 0.07536512 0.06444481 0.06213534 0.06013331 0.06484719 0.06272532 0.06577637 0.06409427 0.06200933 0.07131988 0.06921173 0.06820078 0.06609716 0.06225229 0.07092477 0.07090470 0.08738870 0.09353477 0.06535207 0.06365275 0.06785635 0.07900028 0.07136005 0.06535251 0.06890197 0.06552384 0.07609421 0.06518543 0.06188844 0.07613720 0.06844009 0.06460867 0.06364924 0.06942039 0.07144294 0.06388189 0.07276291 0.06646646 0.06956177 0.09193351 
0.08649209 0.07600798 0.07722372 0.06500389 0.06743856 0.06978717 0.06655913 0.07100153 0.07677922 0.07089154 0.07677922 0.07537564 0.07466554 0.07909726 0.06703126 0.06529977 0.08569094 0.08284512 0.08505535 0.00000000 0.07386843 0.06867294 0.07017552 0.06643230 0.06575635 0.06984285 0.06508901 0.06896725 0.06438541 0.07194726 0.06898407 0.06490398 0.06604341 0.07163242 0.08198503 0.06633898 0.06672258 0.07400890 0.07283134 0.06345606 0.06684207 0.07685482 0.06576725 0.07293360 0.08003022 0.06660861 0.06737596 0.06777062 0.06589604 0.07907188 0.08338789 0.07680275 0.08174745 0.06874692 0.06823131 0.07608940 0.08249669 0.08271233 0.07237629 0.08282286 0.08570744 0.08570744 0.08649209 0.08649209 0.08570744 0.08570744 0.08353351 0.08177415 0.08649209 0.08649209 0.08649209 0.08649209 0.08561867 0.08324218 0.07195614 0.07934878 0.07364722 0.06671733 0.06653789 0.07590654 0.06840948 0.06838047 0.06847742 0.06658130 0.06574628 0.07301544 0.06667099 0.06472835 0.07131939 0.06434977 0.06653446 0.06774654 0.08288961 0.08018985 0.07953458 0.08312334 0.08308121 0.08065900 0.07392306 0.06640974 0.06806851 0.08512872 0.06820629 0.07105996 0.06620680 0.06518430 0.07097221 0.07124348 0.06666319 0.06808663 0.06622826 0.06758925 0.06828961 0.06752744 0.06623396 0.06849204 0.06659113 0.06480531 0.06961041 0.06455707 0.06972859 0.06781708 0.07841655 0.06898274 0.06648712 0.07518499 0.06924460 0.08394416 0.06778354 0.08149631 0.08144787 0.07370749 0.07049551 0.07179184 0.07807463 0.07075431 0.06632388 0.06391392 0.06595080 0.07342253 0.06624497 0.06648649 0.06823856 0.06930008 0.06844801 0.06589171 0.06885365 0.06590548 0.06943321 0.07037494 0.06775378 0.06972799 0.06733688 0.06737060 0.07697551 0.07962026 0.08241836 0.06798291 0.06502868 0.06478437 0.06837642 0.07198729 0.06395038 0.07244965 0.06958326 0.06697423 0.06590781 0.07016930 0.06837766 0.06799030 0.06881314 0.07142787 0.07196210 0.07066477 0.06765728 0.06622542 0.06740160 0.07558864 0.08570744 
