0.00000000 0.23345786 0.18160999 0.14520830 0.16617384 0.18338461 0.15622341 0.23735451 0.17621493 0.18465202 0.16315879 0.17870022 0.15907975 0.20062288 0.18816101 0.20984007 0.22513679 0.17557501 0.18695181 0.19560709 0.19405101 0.21071811 0.15982988 0.19560356 0.19397808 0.19972763 0.21745818 0.18678105 0.16691047 0.17685021 0.18131538 0.17381830 0.17610928 0.17086199 0.15328492 0.17397585 0.18562587 0.17518498 0.15426353 0.19457723 0.17580401 0.19026399 0.19262794 0.17680492 0.16176623 0.16023052 0.16305042 0.19527964 0.15253354 0.19016345 0.17577694 0.18339924 0.20307903 0.18635702 0.17984784 0.20669328 0.16891026 0.19907632 0.18009025 0.19940294 0.21353786 0.21833059 0.21301055 0.26254026 0.19506205 0.20081920 0.20270750 0.20481735 0.18108684 0.18355919 0.18863851 0.20908243 0.18500455 0.20482304 0.20060026 0.19877723 0.18130169 0.17174795 0.20399258 0.18812799 0.18771771 0.19633483 0.15039453 0.16454079 0.21473297 0.18726287 0.18524475 0.20819078 0.17961429 0.17965819 0.15913848 0.15762473 0.16815575 0.16486690 0.15884041 0.16108104 0.18119024 0.18153630 0.16370903 0.16263684 0.15732124 0.18535125 0.18921977 0.19326033 0.13222455 0.18528921 0.17838710 0.13918212 0.18091434 0.15329384 0.15377183 0.17613182 0.17808853 0.13543311 0.16663215 0.15755922 0.18733980 0.16845409 0.13389395 0.15647479 0.17382264 0.20303582 0.19780260 0.17692439 0.17311952 0.17909244 0.17628168 0.16553436 0.17273257 0.19454828 0.18817476 0.17751360 0.17843752 0.15267146 0.19003845 0.17736102 0.15753078 0.20533245 0.16815592 0.14820354 0.20866374 0.16074839 0.19291833 0.16825603 0.18232222 0.17283321 0.19424982 0.17773065 0.19992244 0.18157592 0.17835960 0.12619850 0.17936954 0.17103246 0.19400373 0.17584835 0.18467036 0.20229974 0.23438336 0.18208326 0.19141945 0.15681902 0.19845413 0.18708173 0.17945487 0.22931086 0.18765237 0.21323974 0.20061810 0.17203011 0.16927638 0.19304447 0.18992879 0.18523617 0.20280160 0.19317254 0.18633682 0.16534390 0.16591296 
0.23345786 0.00000000 0.34186547 0.20240375 0.15321937 0.20902389 0.19923602 0.21472351 0.16829448 0.22603764 0.15329481 0.26172940 0.18177657 0.16668570 0.16151965 0.24722531 0.13918002 0.17072112 0.20886833 0.22031321 0.13967986 0.20586693 0.18537737 0.17707393 0.14122569 0.18942319 0.21832540 0.09218034 0.23977596 0.23119162 0.13389934 0.19963980 0.19523253 0.19335719 0.12032142 0.11882508 0.22771505 0.21014394 0.14767861 0.18264061 0.14444047 0.17104500 0.26381720 0.19724170 0.18885134 0.18367495 0.18389564 0.11675197 0.20384695 0.16654650 0.16805097 0.17738521 0.15850134 0.19567998 0.21649581 0.14728479 0.19283111 0.18664320 0.14449183 0.15670217 0.15521887 0.16012429 0.23867064 0.20241303 0.18573758 0.19409383 0.19672094 0.16737388 0.18407729 0.25980064 0.18427825 0.16546970 0.21404042 0.18444842 0.21915576 0.19860965 0.16234949 0.15771333 0.19400940 0.13783692 0.16729315 0.17756641 0.18298251 0.19587382 0.21254557 0.20122893 0.24644877 0.18273122 0.13415358 0.16296836 0.25704828 0.19720894 0.17449448 0.19076232 0.10969072 0.13382619 0.13335618 0.16064889 0.17114092 0.14059608 0.15464499 0.16220409 0.21766103 0.14011401 0.19359302 0.22540810 0.10495140 0.15361717 0.10606623 0.14474256 0.16353148 0.19253876 0.23524181 0.19696872 0.22510162 0.19028190 0.20748913 0.26234224 0.20609531 0.72497930 0.38344932 0.21270238 0.17074057 0.18444374 0.11147825 0.21240820 0.13262523 0.14337813 0.11645958 0.24237044 0.15325974 0.23716684 0.19484553 0.13501284 0.18031869 0.20190626 0.21877379 0.13225232 0.17153108 0.13260047 0.13497940 0.15096253 0.22211582 0.15124707 0.29304315 0.18880783 0.14642648 0.18601989 0.15001334 0.08250871 0.19564035 0.14691805 0.11608456 0.17173770 0.14658679 0.16379499 0.14567394 0.17012214 0.17297804 0.25253833 0.15727517 0.12140587 0.13475216 0.17899791 0.20767850 0.21167689 0.21524715 0.15247919 0.20119884 0.15539847 0.18206566 0.14580641 0.15182990 0.15728235 0.19260713 0.19748990 0.19416674 0.13082180 0.18049402 
0.18160999 0.34186547 0.00000000 0.43267932 0.22832916 0.25410826 0.18591323 0.20069160 0.12722658 0.12670072 0.20096469 0.20915051 0.20189924 0.16083833 0.13948837 0.14128774 0.18336983 0.18425319 0.22884781 0.15809855 0.18080502 0.14797717 0.22604257 0.13231403 0.11484212 0.11922105 0.19418475 0.15535040 0.11755816 0.18561298 0.17761103 0.13514763 0.20157769 0.15874734 0.20334750 0.10998896 0.18599739 0.24584297 0.26208534 0.19119738 0.23447657 0.26132661 0.21459971 0.51648172 0.39503009 0.14742915 0.23045034 0.17167511 0.19587215 0.12854275 0.10776893 0.16526698 0.13004036 0.08554999 0.18855374 0.15860178 0.12694039 0.20770718 0.12874122 0.17011918 0.14434062 0.16754808 0.14594118 0.16191891 0.20498093 0.17634225 0.14757310 0.08917359 0.20511356 0.15039310 0.11847558 0.14253167 0.16208465 0.14859249 0.15323608 0.22751813 0.19131864 0.13809064 0.21210019 0.15796204 0.12987802 0.18258982 0.09355576 0.18170088 0.18598363 0.20505909 0.20596884 0.18556848 0.18250553 0.14278008 0.14702035 0.13787795 0.14538969 0.18608100 0.22792804 0.21973692 0.19229012 0.19184399 0.12685265 0.25312293 0.18367454 0.15778415 0.10579459 0.12301590 0.19930937 0.12406687 0.15963501 0.16036526 0.21387009 0.16262863 0.14367205 0.15735780 0.16664472 0.14716492 0.12459169 0.14821825 0.27424649 0.19671536 0.37640254 0.33450881 0.89976107 0.14676824 0.69696674 0.13556168 0.22241122 0.18964342 0.15196272 0.10836825 0.12843110 0.16898938 0.20851614 0.14802793 0.16071744 0.19352913 0.11519741 0.13629803 0.15302270 0.11376272 0.16753332 0.14945912 0.20154642 0.17700688 0.14574040 0.16902691 0.17445344 0.23069511 0.13300916 0.32990439 0.10414052 0.27569255 0.13832810 0.15710701 0.16742372 0.13988397 0.14652292 0.24765564 0.12539049 0.18806416 0.12382278 0.14552095 0.15254573 0.21003673 0.18226045 0.11826823 0.14945626 0.18377902 0.15009165 0.18831794 0.17311673 0.19111726 0.19263686 0.13649979 0.13525132 0.12931469 0.28087992 0.18373795 0.20714573 0.20283247 0.19367354 
0.14520830 0.20240375 0.43267932 0.00000000 0.34408117 0.33944643 0.22086930 0.19692478 0.24166628 0.22207266 0.18912574 0.14307461 0.15403654 0.19423955 0.16885198 0.10807926 0.14839370 0.13097388 0.12752479 0.13025214 0.22489316 0.21481661 0.16986140 0.16949069 0.13994804 0.15182446 0.09104429 0.22389965 0.19821128 0.21144617 0.11167067 0.18959007 0.14378647 0.18840760 0.13889508 0.09142388 0.18526365 0.15742947 0.15893188 0.20507228 0.11679040 0.17119672 0.13025615 0.29938143 0.31737229 0.18694364 0.55508191 0.17824883 0.12909178 0.18571936 0.07595380 0.09830459 0.13757992 0.13996037 0.18590066 0.14131013 0.12872540 0.12563779 0.12656636 0.11841804 0.11831965 0.15225579 0.09536989 0.12259555 0.15346428 0.13246703 0.10035140 0.09910975 0.14902809 0.05519539 0.10919754 0.10821431 0.16241869 0.12804481 0.23408374 0.14327575 0.12751362 0.16447265 0.26346071 0.13546851 0.25144461 0.25435232 0.15773248 0.12336089 0.13949033 0.15487639 0.22500114 0.30323465 0.21211911 0.17509026 0.26669737 0.21459947 0.17013811 0.17710812 0.17540098 0.14712422 0.14055053 0.20726791 0.13479677 0.18142205 0.14689285 0.12150046 0.19437307 0.19210426 0.31846614 0.15398922 0.18620342 0.16014380 0.17981416 0.32586530 0.21151225 0.21179664 0.17632659 0.41101896 0.18756487 0.24621063 0.38653942 0.22539336 1.02319325 0.24356927 0.14930150 0.37821568 0.17251470 0.24122154 0.18427120 0.15590250 0.17575845 0.13044366 0.23035087 0.14533284 0.14693277 0.09590628 0.14916314 0.11169591 0.15996748 0.13708353 0.14797490 0.14283233 0.13480194 0.28136838 0.16208870 0.13045824 0.21688870 0.19672240 0.35724377 0.18108951 0.13464878 0.24983193 0.14079152 0.13251745 0.21283826 0.15759643 0.15404532 0.10118155 0.13915474 0.10489492 0.11811774 0.15800688 0.16112362 0.23470343 0.16965893 0.19169157 0.19747368 0.18011353 0.10939758 0.13984927 0.08189627 0.17961312 0.15579293 0.14646302 0.11989924 0.17985655 0.14723861 0.17432575 0.21892018 0.23966582 0.25471855 0.17771598 0.20539393 
0.16617384 0.15321937 0.22832916 0.34408117 0.00000000 0.31281720 0.80955527 0.30880077 0.28709544 0.17510228 0.17866423 0.18176968 0.15551672 0.16803842 0.12992179 0.14935156 0.20945217 0.16234775 0.11059056 0.16701374 0.18873537 0.19217651 0.13736094 0.18140227 0.22016529 0.18502012 0.11061914 0.10639197 0.12605845 0.17457948 0.18139892 0.15001734 0.17943335 0.19958134 0.42268814 0.44095477 0.12836422 0.16722246 0.67486754 0.15615665 0.20497162 0.13009078 0.17654490 0.32689781 0.11600438 0.45448947 0.15855921 0.12240813 0.17126422 0.15897414 0.12534579 0.16177263 0.18338689 0.13293644 0.22039529 0.12959113 0.12918194 0.14878846 0.16986841 0.14502726 0.17191476 0.15407241 0.08879716 0.15616890 0.13198687 0.15785847 0.15966482 0.17840860 0.12474759 0.21494167 0.14546701 0.17381629 0.17235400 0.18366192 0.15664253 0.18084771 0.22868513 0.17258168 0.15939301 0.13272562 0.20605196 0.17373811 0.15478178 0.17471399 0.08499081 0.15610430 0.22551017 0.14045394 0.19584906 0.24379936 0.22587191 0.17546555 0.20825018 0.20909330 0.13407480 0.18464208 0.16170416 0.16381762 0.14574375 0.10318479 0.15200128 0.13646537 0.21551566 0.17830397 0.16887203 0.15945986 0.14390495 0.15363834 0.14547736 0.15325395 0.17444646 0.11269074 0.19129922 0.19398995 0.15832320 0.14654466 0.19885215 0.11884150 0.16909992 0.12924317 0.15007241 0.22279759 0.27717592 0.19001690 0.55459043 0.19790003 0.20596785 0.15904663 0.16379435 0.14415308 0.10693233 0.14370861 0.16859139 0.12718907 0.16974098 0.14447513 0.21353995 0.15525693 0.17168579 0.15590872 0.11920421 0.15107630 0.16028891 0.14051537 0.19541533 0.11376424 0.13756020 0.15346169 0.16101272 0.20933819 0.17943782 0.15086111 0.25865635 0.19507825 0.16035505 0.19661553 0.09829877 0.10461047 0.21759532 0.17681495 0.19383753 0.15930856 0.21723747 0.21045551 0.18296448 0.14492431 0.21456968 0.20015037 0.16744695 0.13770076 0.12714006 0.09167812 0.18218066 0.21124892 0.20094611 0.18242934 0.15969453 0.17398980 0.20783007 
0.18338461 0.20902389 0.25410826 0.33944643 0.31281720 0.00000000 0.24357724 0.49639425 0.22014178 0.16833456 0.18246119 0.16761186 0.14600009 0.21359588 0.14059446 0.11797813 0.20245771 0.13796225 0.12175723 0.23462358 0.12851532 0.19871976 0.16081534 0.10943433 0.19382400 0.19755509 0.11835947 0.15855866 0.07508594 0.13138821 0.12263933 0.13074828 0.09011842 0.23443917 0.16002579 0.16306951 0.14093793 0.09368415 0.17135434 0.15272811 0.14744595 0.17078671 0.16162037 0.16753607 0.15895859 0.19631100 0.22383035 0.14919213 0.31317384 0.11072878 0.18515298 0.06893860 0.10215486 0.17254914 0.28632159 0.16473223 0.15223260 0.08574415 0.12030565 0.22073248 0.06331710 0.17551616 0.17849614 0.14568703 0.15234654 0.15825810 0.24153997 0.14719935 0.12974873 0.16700763 0.22166665 0.13941639 0.08275091 0.14520478 0.12283361 0.17357817 0.17676058 0.17375852 0.16794163 0.20598118 0.10945975 0.19839158 0.06359447 0.15946142 0.24546339 0.19618450 0.13329575 0.15847398 0.17975081 0.17337278 0.12392411 0.17394993 0.19910430 0.20185932 0.17687298 0.23957851 0.27048746 0.22611172 0.25405001 0.17971236 0.24646195 0.17189385 0.24301518 0.31019269 0.21809685 0.14416990 0.20265025 0.23679530 0.17643922 0.56175067 0.17723393 0.18338620 0.16328753 0.24271247 0.25628501 0.13096916 0.18882695 0.19434225 0.20309647 0.14842227 0.16080706 0.36480306 0.19961523 0.71259771 0.19907625 0.29299417 0.17573898 0.13274211 0.18339894 0.15971616 0.12661611 0.19496258 0.18255029 0.11988042 0.16388008 0.27268480 0.27756683 0.19860294 0.16599733 0.32598635 0.13307288 0.21178847 0.20627427 0.11010502 0.21419520 0.20736562 0.16724603 0.22375024 0.19097301 0.11650337 0.16437069 0.20108731 0.17507820 0.07386718 0.16724704 0.13276703 0.19409597 0.15312517 0.31125493 0.14670085 0.14429112 0.11587560 0.13993017 0.12876525 0.14931796 0.09954104 0.17969252 0.17836807 0.10406212 0.12982847 0.25222675 0.15400742 0.19036828 0.15818966 0.18577988 0.11228253 0.21291275 0.19108556 0.19875625 
0.15622341 0.19923602 0.18591323 0.22086930 0.80955527 0.24357724 0.00000000 0.16573186 0.33729477 0.56156153 0.26290188 0.12545196 0.17524649 0.18723416 0.18337768 0.11567910 0.10859118 0.13518677 0.11842325 0.20364884 0.14007659 0.08655979 0.13316614 0.15108311 0.17548213 0.11992594 0.14734989 0.11707709 0.23647467 0.19041913 0.16941862 0.65594641 0.16643225 0.08529528 0.24826659 0.79741390 0.16180143 0.20515373 0.16776856 0.18612672 0.23489162 0.12925217 0.32218947 0.19945251 0.14784930 0.30284305 0.12503758 0.42077588 0.25992090 0.22996421 0.18621008 0.21742885 0.15400520 0.16278388 0.19820001 0.16750214 0.15480793 0.11205202 0.13477246 0.20168659 0.11525639 0.15943381 0.19260033 0.19831598 0.15557135 0.11740166 0.16788334 0.17045067 0.11860598 0.21490006 0.19395264 0.17612814 0.14924985 0.15533727 0.15070097 0.16060074 0.19762532 0.19459857 0.15049468 0.20297197 0.11004731 0.11296795 0.20376426 0.29811089 0.17613109 0.11284710 0.20762802 0.14398938 0.20609478 0.16373290 0.11848794 0.14872326 0.17394577 0.19719414 0.21819734 0.19987303 0.17003240 0.18244287 0.16802431 0.21037891 0.22868916 0.13691701 0.21790508 0.18734058 0.13691497 0.16638208 0.12402951 0.10874239 0.10530647 0.15730979 0.12008256 0.13075998 0.16129275 0.18765436 0.11830949 0.08420456 0.25021688 0.09317601 0.16943895 0.13907949 0.11661202 0.14613980 0.16370954 0.12044480 0.71266116 0.15913795 0.17811454 0.18210081 0.08557933 0.19841032 0.10400168 0.23487404 0.16396495 0.15765519 0.22548632 0.15559458 0.15287207 0.24696444 0.18648596 0.20330993 0.16598962 0.16743562 0.11581528 0.11007865 0.14413969 0.10614656 0.07046230 0.18572436 0.10453675 0.19110835 0.17128494 0.21313989 0.23744317 0.12075215 0.20073082 0.11819706 0.19724252 0.10519292 0.12895968 0.15161225 0.09242092 0.15872456 0.16708772 0.23054435 0.12935988 0.16335073 0.15190311 0.16840172 0.14513969 0.12747686 0.15438922 0.13846858 0.20942087 0.26128561 0.14112690 0.15375854 0.18300236 0.21804970 0.17715200 
0.23735451 0.21472351 0.20069160 0.19692478 0.30880077 0.49639425 0.16573186 0.00000000 0.43308852 0.21276807 0.23853614 0.12163971 0.17655314 0.33032046 0.24387541 0.15953230 0.12217147 0.16315342 0.10709456 0.23121083 0.16530532 0.16288884 0.21568385 0.12685253 0.25179004 0.13837097 0.08791775 0.21055625 0.14059944 0.11925230 0.16307585 0.19300844 0.15951365 0.15898976 0.20845003 0.15121209 0.13192780 0.10992421 0.13047667 0.13046370 0.06413048 0.15938164 0.14731365 0.15892226 0.14097750 0.18033532 0.15659357 0.14835789 0.31376154 0.15824262 0.25453971 0.14125891 0.23660600 0.19569081 0.18239206 0.19468007 0.12139703 0.12693695 0.21035237 0.18897946 0.18939897 0.19306901 0.18290274 0.14086336 0.22023063 0.14815305 0.17251081 0.19329607 0.21321811 0.23874672 0.22658448 0.17986969 0.12302281 0.16929221 0.17556676 0.03921360 0.14946060 0.13693569 0.16465083 0.10123549 0.16868407 0.21684838 0.11587340 0.14769352 0.12086256 0.15590914 0.06958482 0.10287485 0.10931404 0.09544973 0.18585738 0.14361247 0.22092045 0.16518884 0.17358380 0.21390751 0.14154420 0.11059476 0.19705548 0.19059874 0.26733651 0.22997574 0.18857957 0.44903727 0.18858960 0.24292414 0.13893432 0.14540647 0.11867797 0.24136766 0.10255882 0.15148459 0.14217085 0.19097532 0.08989745 0.12462832 0.15588359 0.14274969 0.19276664 0.12976644 0.12988297 0.29996075 0.13461941 0.52211768 0.15590016 0.20889911 0.24151611 0.18180095 0.15810490 0.17543612 0.19182915 0.71769601 0.37994026 0.21763294 0.23598493 0.31176448 0.14919350 0.13731301 0.28698237 0.16568136 0.21545598 0.21643600 0.15427835 0.19469075 0.15103904 0.19201954 0.15757093 0.14983741 0.14938498 0.11791469 0.18385780 0.20220276 0.15725593 0.10784057 0.21634911 0.17161389 0.21475134 0.11989823 0.14695710 0.18265979 0.17460804 0.26533352 0.18926622 0.16095495 0.18211029 0.14974239 0.13609699 0.21448231 0.14279383 0.15340875 0.07248444 0.21496406 0.24086421 0.12792842 0.18007537 0.13080990 0.15190526 0.20753071 0.19579063 
0.17621493 0.16829448 0.12722658 0.24166628 0.28709544 0.22014178 0.33729477 0.43308852 0.00000000 0.34693300 0.24821385 0.15444518 0.18723775 0.32224618 0.15752461 0.20278409 0.16687604 0.15436120 0.19252036 0.19416110 0.15710474 0.18521215 0.19290434 0.21627881 0.16490875 0.19656307 0.16413662 0.19868420 0.14669445 0.15725899 0.11109279 0.17070392 0.15257665 0.10670559 0.15327929 0.15779193 0.17938542 0.11889289 0.11859617 0.15205090 0.15873531 0.19875435 0.16513550 0.13779683 0.14973700 0.16304216 0.17150168 0.24240201 0.30359210 0.19733267 0.21058061 0.13067839 0.16659653 0.14957561 0.13110624 0.16920541 0.18413776 0.15759273 0.13765394 0.21160678 0.18689937 0.14442875 0.18036355 0.15196171 0.18467671 0.14689623 0.26478483 0.19120489 0.16127281 0.21878171 0.22551619 0.19193389 0.17583542 0.21087163 0.16463848 0.15348210 0.13607443 0.20071651 0.13342793 0.19865878 0.17424140 0.13461546 0.13062541 0.14720238 0.13116429 0.13374077 0.16968366 0.14514667 0.13729253 0.14545609 0.17750578 0.15727248 0.32097372 0.22207286 0.13899335 0.15233495 0.17031439 0.15245382 0.42998474 0.17875644 0.27765812 0.25376242 0.21759013 0.25036533 0.15943981 0.13613210 0.16181974 0.21599933 0.17679134 0.12754117 0.17308074 0.21858538 0.18141594 0.14955620 0.15845456 0.21824972 0.16438205 0.14450442 0.11885421 0.18105975 0.16385613 0.16645767 0.25482337 0.15046102 0.16343449 0.20183495 0.24406787 0.26097232 0.17101555 0.22704267 0.17761249 0.46256092 0.27667189 0.18648359 0.16309419 0.17251326 0.21626008 0.16873806 0.20186848 0.14321890 0.20478307 0.11650585 0.16004992 0.13842706 0.14092643 0.13875721 0.12124516 0.15986260 0.19975860 0.13096331 0.15735961 0.16419665 0.24197270 0.14378622 0.22296006 0.19298468 0.21627215 0.17463353 0.17672011 0.14638775 0.19696709 0.17353867 0.16737240 0.19758405 0.19985568 0.12927798 0.15354663 0.16496957 0.21465149 0.14976723 0.18864976 0.11250858 0.16988955 0.15506720 0.12630604 0.11803458 0.13577705 0.13226047 0.17810143 
0.18465202 0.22603764 0.12670072 0.22207266 0.17510228 0.16833456 0.56156153 0.21276807 0.34693300 0.00000000 0.21865631 0.30465193 0.34953171 0.20415469 0.24040718 0.17807896 0.21961373 0.12535529 0.14674528 0.22832737 0.19730863 0.17133708 0.08110616 0.12950086 0.22562933 0.19022430 0.10787418 0.36361075 0.29494790 0.19714461 0.18299691 1.09995624 0.16986316 0.16970670 0.17150156 0.18944479 0.08849858 0.13543186 0.16528781 0.16234906 0.08747381 0.14554941 0.12582822 0.16292567 0.17500627 0.10008794 0.13336300 0.38630930 0.24813396 0.23743773 0.16256772 0.21193392 0.21367782 0.10932418 0.08592677 0.11661471 0.21592530 0.18330642 0.15976501 0.14825215 0.18468449 0.08324111 0.10205445 0.15630471 0.19655391 0.18286754 0.17815659 0.13782481 0.13370327 0.17617929 0.19090309 0.10488874 0.13021236 0.13930835 0.25888843 0.15467940 0.13266646 0.12774910 0.12143034 0.12289323 0.47170264 0.16844047 0.21702600 0.39730139 0.15090169 0.17571088 0.11937468 0.19375392 0.12568245 0.22417732 0.18420263 0.14927308 0.17156378 0.17475810 0.15270648 0.20281740 0.20480212 0.18596897 0.24659269 0.18939717 0.22368169 0.18929895 0.25502389 0.18007942 0.30270561 0.21187116 0.19455850 0.12886348 0.15782680 0.14078056 0.18812769 0.09403939 0.16070110 0.25719003 0.13514146 0.10120096 0.18328163 0.16942358 0.18668571 0.15212756 0.10475892 0.09093937 0.11481463 0.17118719 0.31582760 0.19697915 0.55346478 0.19216309 0.18002108 0.14127045 0.13233040 0.28808084 0.16290139 0.17563955 0.18157581 0.19202616 0.14431718 0.12588526 0.19493164 0.13906389 0.17346007 0.22286445 0.13411898 0.15908990 0.15465240 0.14596868 0.17598518 0.17081624 0.17645063 0.11152373 0.13984920 0.23085177 0.18438650 0.14538193 0.16404088 0.10845451 0.19567413 0.19292403 0.13878534 0.11155455 0.18641991 0.22423815 0.10567536 0.16952593 0.18428770 0.10728665 0.18713338 0.16384340 0.12695190 0.14335934 0.18132550 0.20283972 0.13414958 0.13461600 0.08116865 0.14500041 0.06829071 0.15730111 0.18028870 
0.16315879 0.15329481 0.20096469 0.18912574 0.17866423 0.18246119 0.26290188 0.23853614 0.24821385 0.21865631 0.00000000 0.15593786 0.26585310 0.22696905 0.20734866 0.21519979 0.17529584 0.21251223 0.22986230 0.20824923 0.19009569 0.31913071 0.20146458 0.21605659 0.16547608 0.16948001 0.12552848 0.18407214 0.22376009 0.18450318 0.19241693 0.19208853 0.14767053 0.14654494 0.14750624 0.24524677 0.14369177 0.11171680 0.09858887 0.16758147 0.10634338 0.10581627 0.12454677 0.16867095 0.17737506 0.23409561 0.21257573 0.19363670 0.37494453 0.39407142 0.31664459 0.27154876 0.23531181 0.17011022 0.14837517 0.20977049 0.26739245 0.20684995 0.23713028 0.22178728 0.18536863 0.20020902 0.15899552 0.14690774 0.17025095 0.13161736 0.25442468 0.23994425 0.14103685 0.23685660 0.32304309 0.19341004 0.21252096 0.14889212 0.22660052 0.18436170 0.19272048 0.31473824 0.19244811 0.24999565 0.18035611 0.20021060 0.20073479 0.23373207 0.11860194 0.14103917 0.15304016 0.13654452 0.16660408 0.17644532 0.15351818 0.18671630 0.18977535 0.17950665 0.10102908 0.06259514 0.05679120 0.13513877 0.12751411 0.22747890 0.15891849 0.24686119 0.19101756 0.19712459 0.11181577 0.24483031 0.14710249 0.10513517 0.20237107 0.11476358 0.12716755 0.21328435 0.16147217 0.10612506 0.16740639 0.17433466 0.19152735 0.12396997 0.17119870 0.14500938 0.08323313 0.19022547 0.13938282 0.15603425 0.12620673 0.19717674 0.22862637 0.23948708 0.14253340 0.18796181 0.25852899 0.18763495 0.17978778 0.19404292 0.14011543 0.23479641 0.16278438 0.22193888 0.15218217 0.14795323 0.26327762 0.17148668 0.16813698 0.13215025 0.12488855 0.14406786 0.15063739 0.19330552 0.18215585 0.24540124 0.15018062 0.24782157 0.21659787 0.14307262 0.16717878 0.15584339 0.23441938 0.16289731 0.13768867 0.17012973 0.13803111 0.13388856 0.11603613 0.17249853 0.17482453 0.11688166 0.25812345 0.24260055 0.15063681 0.14175741 0.20346402 0.18606450 0.19403190 0.11923300 0.10898819 0.12074365 0.18414027 0.14692279 0.17884928 
0.17870022 0.26172940 0.20915051 0.14307461 0.18176968 0.16761186 0.12545196 0.12163971 0.15444518 0.30465193 0.15593786 0.00000000 0.37111720 0.24547325 0.34836027 0.31394375 0.25120119 0.25951437 0.18403070 0.21958389 0.21566997 0.22715037 0.15509008 0.14643314 0.25358524 0.20054504 0.19444224 0.15747963 0.19769257 0.22866267 0.14751439 0.10050150 0.21246620 0.17459646 0.12510379 0.18366582 0.17371333 0.22041258 0.12852814 0.21950337 0.22467614 0.23499300 0.15507063 0.19062354 0.18549905 0.20073194 0.15448967 0.11357322 0.14251867 0.16818865 0.21499058 0.17597017 0.15915763 0.21293368 0.18614330 0.19468580 0.22256764 0.12766944 0.13088697 0.18120961 0.13877417 0.17366850 0.16552779 0.13448796 0.17504952 0.18165564 0.11747459 0.19367578 0.18231394 0.16165561 0.19957872 0.14922826 0.17106379 0.18569422 0.22192883 0.80951685 0.29713889 0.24222916 0.53398772 0.29905616 0.46124242 0.58833706 0.18004449 0.20295627 0.11046263 0.15047618 0.08454562 0.12230757 0.21167462 0.22149847 0.14255629 0.17539974 0.11932421 0.16559073 0.12548617 0.14111383 0.11927534 0.14923945 0.20444076 0.19394345 0.17675888 0.11477326 0.18364743 0.16198970 0.17093474 0.13530965 0.13373412 0.17387610 0.20961240 0.13154565 0.09209441 0.13577334 0.18634107 0.12546038 0.18990797 0.17571425 0.12369613 0.15604919 0.14219791 0.18467286 0.15298204 0.16798763 0.17379229 0.16986119 0.14353997 0.21676925 0.24923001 0.21535919 0.20207457 0.22905029 0.18875818 0.18699542 0.16441008 0.19266442 0.26473416 0.18880635 0.12375103 0.11605588 0.16301777 0.11708879 0.12365571 0.09727785 0.17419561 0.15685246 0.12679865 0.18179314 0.12816313 0.15303966 0.11125478 0.18433359 0.17571838 0.19070472 0.13374046 0.16754365 0.20893993 0.22458252 0.11381622 0.25278385 0.17050464 0.10500858 0.12767484 0.22571943 0.19058868 0.22992626 0.14382211 0.22348297 0.12370194 0.14506737 0.15961448 0.11937277 0.16528855 0.15034482 0.17242148 0.19099072 0.12090759 0.11857885 0.15746474 0.14284655 0.17770844 
0.15907975 0.18177657 0.20189924 0.15403654 0.15551672 0.14600009 0.17524649 0.17655314 0.18723775 0.34953171 0.26585310 0.37111720 0.00000000 0.46202018 0.21737722 0.26024325 0.30469850 0.51017816 0.37046174 0.25217050 0.21026992 0.23249690 0.19878462 0.24077618 0.26467105 0.13182122 0.15886521 0.16655445 0.14558406 0.15419676 0.10754008 0.17462105 0.12661778 0.11875977 0.17501625 0.18438733 0.16792512 0.14785346 0.10807377 0.12668653 0.14808772 0.13437574 0.13661968 0.13008567 0.12971168 0.15679634 0.21815472 0.19084020 0.23630155 0.17646674 0.31879948 0.25458301 0.21264706 0.11400794 0.21456516 0.20409940 0.21781258 0.18885688 0.19960965 0.23380516 0.16630653 0.15040708 0.12400208 0.14153321 0.16938454 0.13574707 0.15988607 0.21644686 0.09313493 0.25995940 0.37437393 0.25721144 0.15109827 0.18406176 0.31770172 0.19529165 1.00231341 0.37126905 0.21155543 0.18498838 0.20458844 0.13220704 0.17298088 0.17978055 0.11983411 0.14349980 0.12654219 0.07641425 0.12200574 0.23298849 0.13696949 0.14111059 0.17428268 0.16029499 0.09341726 0.09142072 0.10416745 0.05482049 0.11502531 0.21868350 0.24246770 0.29849153 0.14512653 0.22837113 0.20078806 0.19377023 0.15122899 0.17116762 0.14286023 0.12889394 0.14090074 0.17355336 0.12798173 0.11534211 0.15136458 0.11429632 0.09126520 0.09873564 0.10990342 0.16291969 0.12401768 0.15464263 0.13602222 0.10837911 0.13687343 0.20538344 0.28767761 0.27867986 0.14722899 0.34625994 0.22563843 0.18484277 0.20436353 0.16753336 0.21146964 0.20689395 0.18577269 0.11763983 0.28021052 0.15702060 0.14348996 0.28033845 0.12475891 0.12021302 0.17131294 0.11878457 0.25094645 0.19583519 0.19991090 0.17993791 0.11589612 0.09934332 0.17648151 0.17115900 0.17676486 0.26416172 0.19918398 0.17884284 0.12793785 0.13894214 0.21109275 0.13911267 0.11362944 0.15751607 0.15956444 0.10628907 0.15525445 0.14850213 0.16030033 0.18602169 0.11194226 0.10752347 0.21633150 0.08953416 0.06471031 0.14118322 0.10527748 0.13060601 0.20509418 
0.20062288 0.16668570 0.16083833 0.19423955 0.16803842 0.21359588 0.18723416 0.33032046 0.32224618 0.20415469 0.22696905 0.24547325 0.46202018 0.00000000 0.38430476 0.22466794 0.14627648 0.32235658 0.26341759 0.39900827 0.23126626 0.28549185 0.14645796 0.11502682 0.33830890 0.19732268 0.16704986 0.17296803 0.21460917 0.13966717 0.21682172 0.11533963 0.14462401 0.10008248 0.13956430 0.11306811 0.12954695 0.15175935 0.14589899 0.07264429 0.16252357 0.16961161 0.08218579 0.15244637 0.03859304 0.09216991 0.11232187 0.23691928 0.23395203 0.27138250 0.26435570 0.19375105 0.34279972 0.13039513 0.12151296 0.19241077 0.18196487 0.13347727 0.27273663 0.30298573 0.26256592 0.18113474 0.10384737 0.14984550 0.17597200 0.15031180 0.28799188 0.22172918 0.09837962 0.26321353 0.30568687 0.25163995 0.13815053 0.19375099 0.17791462 0.12669751 0.24137714 0.15226269 0.17775184 0.18344750 0.17610159 0.14427630 0.16835470 0.11920692 0.12741857 0.07904588 0.17855028 0.11651834 0.09182792 0.12749302 0.15761502 0.26990288 0.15937445 0.17891275 0.07002806 0.05445856 0.03747981 0.04065296 0.19902011 0.28744007 0.28351331 0.42620976 0.19710814 0.24685651 0.16255967 0.20159879 0.13785626 0.12904582 0.14528129 0.13263621 0.09291003 0.20116936 0.16064408 0.19300773 0.10238625 0.13210811 0.15016769 0.13024539 0.14149780 0.07117820 0.15211649 0.12774177 0.17857537 0.16966777 0.16010066 0.23155531 0.31241088 0.45270277 0.13752628 0.34034243 0.26431602 0.52258124 0.20722179 0.19715067 0.26654259 0.18245234 0.17644544 0.14143091 0.21953473 0.12054444 0.16291847 0.15779563 0.10502108 0.16656801 0.21812248 0.14880340 0.19708649 0.10659124 0.24288196 0.15987458 0.18181661 0.13227255 0.10782659 0.27519490 0.27113049 0.16253078 0.28622418 0.15943352 0.13009130 0.09050731 0.22039750 0.15037318 0.14198343 0.19254470 0.19610775 0.17082507 0.11038202 0.10396467 0.14317008 0.14429574 0.11842624 0.11137850 0.23852678 0.10262355 0.09393269 0.13073452 0.10466936 0.16244398 0.19659584 
0.18816101 0.16151965 0.13948837 0.16885198 0.12992179 0.14059446 0.18337768 0.24387541 0.15752461 0.24040718 0.20734866 0.34836027 0.21737722 0.38430476 0.00000000 0.33286338 0.21049847 0.24187401 0.19335231 0.24746591 0.30878331 0.24548358 0.15466985 0.14500843 0.46291621 0.30835697 0.16580169 0.30950193 0.43688930 0.13923571 0.18573816 0.21629815 0.21100691 0.13573636 0.10270576 0.13324707 0.17443989 0.12098425 0.22455308 0.15716526 0.24831555 0.12248344 0.16356310 0.15128558 0.14324511 0.20069702 0.17021320 0.16883942 0.15287407 0.20597331 0.26756954 0.21577748 0.24559719 0.13077248 0.17601578 0.18687336 0.20458802 0.24570474 0.15097091 0.13805052 0.20012100 0.14365496 0.17594567 0.19088821 0.14282397 0.16953032 0.22464378 0.20349591 0.15656380 0.20972045 0.15919056 0.15100387 0.20520665 0.18719960 0.15085010 0.18312627 0.20906465 0.12237257 0.19099865 0.19174194 0.62317750 0.22218198 0.27069616 0.19725292 0.19020005 0.15457662 0.16301024 0.20376601 0.15948512 0.27507535 0.20811903 0.19129936 0.13608918 0.14275257 0.15295205 0.22979198 0.17630529 0.16657532 0.14120119 0.21379561 0.14476548 0.29696961 0.18926460 0.20388478 0.22165103 0.17723192 0.19247297 0.09612782 0.16919159 0.16749849 0.15546291 0.11848202 0.16305009 0.13984400 0.15854849 0.08006063 0.11163717 0.18624787 0.14171145 0.14402283 0.15290866 0.16258342 0.15612028 0.15394296 0.19360450 0.21080629 0.35324606 0.13652137 0.23922978 0.22388681 0.21568183 0.26110917 0.20615104 0.18739060 0.16622016 0.14053955 0.15854081 0.13170159 0.12583269 0.13191133 0.18369351 0.16370359 0.13019326 0.15924641 0.14459598 0.13542751 0.15303449 0.14910368 0.14076613 0.23350244 0.16545498 0.17680723 0.19467737 0.15062373 0.13755753 0.17355923 0.14731634 0.22695654 0.12504959 0.10194175 0.10882390 0.22346546 0.10379350 0.19060705 0.16417409 0.15534679 0.12542791 0.14543647 0.18648786 0.11364530 0.09096344 0.11708956 0.18144503 0.15659795 0.16024088 0.18360935 0.17566052 0.17517111 0.21641514 
0.20984007 0.24722531 0.14128774 0.10807926 0.14935156 0.11797813 0.11567910 0.15953230 0.20278409 0.17807896 0.21519979 0.31394375 0.26024325 0.22466794 0.33286338 0.00000000 0.46466763 0.33921159 0.31774718 0.19289027 0.31569970 0.25780190 0.25246105 0.23967223 0.32128557 0.38800968 0.20197629 0.19642869 0.25121214 0.23110984 0.17294052 0.20819837 0.17563542 0.21503672 0.16967335 0.20037731 0.19333762 0.19926239 0.15810619 0.14672377 0.22284179 0.12280950 0.25694966 0.20852869 0.16527188 0.14876477 0.09284234 0.13309993 0.15548160 0.23227119 0.22152006 0.19238684 0.25153036 0.20661967 0.20882970 0.16667543 0.18271428 0.11443994 0.17282986 0.13648305 0.16502002 0.18142037 0.15024834 0.13618075 0.15095027 0.13872820 0.18993494 0.12711178 0.17754986 0.13688857 0.16570693 0.14188926 0.22302970 0.19706093 0.24736870 0.23034454 0.24138573 0.17714213 0.17971783 0.22158574 0.20707639 0.17410791 0.30667908 0.18696327 0.17533614 0.25839724 0.13507924 0.10969032 0.15238249 0.11705148 0.08143830 0.17740549 0.18000368 0.17327680 0.20157801 0.14877961 0.13607327 0.14673364 0.15423356 0.21028056 0.20641760 0.21429916 0.19957209 0.15057945 0.16304433 0.17415243 0.23885115 0.12095682 0.11004987 0.18597685 0.10997104 0.20223207 0.22595766 0.23487864 0.14990693 0.27663644 0.16707002 0.21577732 0.17052740 0.11860426 0.15249139 0.11918504 0.15351395 0.12377895 0.18108068 0.15914795 0.22428922 0.20187892 0.13091349 0.19282764 0.14182055 0.18245752 0.13939594 0.13322308 0.17737280 0.14196689 0.20484098 0.13560630 0.21831670 0.21012845 0.15306787 0.09688868 0.18882775 0.20444704 0.14506727 0.22082476 0.11101915 0.17549319 0.20051061 0.13782244 0.16897666 0.14252503 0.14545296 0.25242531 0.25792613 0.18796165 0.21914533 0.10419281 0.12758190 0.26868493 0.21482771 0.14551623 0.20144449 0.19571185 0.14178246 0.09662433 0.16903785 0.17472307 0.10198596 0.14436596 0.16431666 0.14906312 0.15944583 0.16090587 0.18121844 0.12800017 0.18540834 0.25231203 0.20644897 
0.22513679 0.13918002 0.18336983 0.14839370 0.20945217 0.20245771 0.10859118 0.12217147 0.16687604 0.21961373 0.17529584 0.25120119 0.30469850 0.14627648 0.21049847 0.46466763 0.00000000 0.41951820 0.31326719 0.22587617 0.38688424 0.20987206 0.25558991 0.17799618 0.18294763 0.24923550 0.11925219 0.19126572 0.20583275 0.24212759 0.18774664 0.14511250 0.18041635 0.15407308 0.12261033 0.21217019 0.18103884 0.16424379 0.14901264 0.18341016 0.29387395 0.20574311 0.20060771 0.19589763 0.18331726 0.13653451 0.15039859 0.13346828 0.19063337 0.15670295 0.17066485 0.14998954 0.15617015 0.22107234 0.23303717 0.26919743 0.18143989 0.18384325 0.20411545 0.23576282 0.19061978 0.24681676 0.20266732 0.18187666 0.17353655 0.22501447 0.20745569 0.15995895 0.12388302 0.20152997 0.21451786 0.19629184 0.22482307 0.32572424 0.15392534 0.34620151 0.24203493 0.11944168 0.28432002 0.22803421 0.23219543 0.18671674 0.22429837 0.16845652 0.11678253 0.21624947 0.17911725 0.13776600 0.20467148 0.15867342 0.20327014 0.12183787 0.15762954 0.13651444 0.16277563 0.12293353 0.19607175 0.15397524 0.15969140 0.18574313 0.19168147 0.10914750 0.15690389 0.13578662 0.11320283 0.13332241 0.19685931 0.12817034 0.23450250 0.14160577 0.15132576 0.21793044 0.18549255 0.17037205 0.19524774 0.19630206 0.19246662 0.23784448 0.09171027 0.15827848 0.15235894 0.13203636 0.16770591 0.19237129 0.12262905 0.17559607 0.20257455 0.14497522 0.18416553 0.13947975 0.17584816 0.19459739 0.16497971 0.11487574 0.24710589 0.15996802 0.23688769 0.13344903 0.17587731 0.18822749 0.16605929 0.15310313 0.13835665 0.17888582 0.11395041 0.19023077 0.15351896 0.12962027 0.14843252 0.18562734 0.30207288 0.18183724 0.18824962 0.13406267 0.09143712 0.14426653 0.15602047 0.13993556 0.18945474 0.19406514 0.17136939 0.17312794 0.15569505 0.14663687 0.16694424 0.09962458 0.16255098 0.20114854 0.21371236 0.21972216 0.16188969 0.15596602 0.22574282 0.14882593 0.15041781 0.18041389 0.19312321 0.17941337 0.15013759 
0.17557501 0.17072112 0.18425319 0.13097388 0.16234775 0.13796225 0.13518677 0.16315342 0.15436120 0.12535529 0.21251223 0.25951437 0.51017816 0.32235658 0.24187401 0.33921159 0.41951820 0.00000000 0.52831648 0.48632164 0.41505623 0.29579814 0.18992814 0.18715224 0.20546688 0.24349623 0.17803669 0.16884624 0.15464766 0.17396086 0.11186336 0.21224477 0.20187810 0.10394093 0.10927107 0.10107234 0.19098139 0.13889170 0.17449787 0.15246587 0.21546922 0.22213212 0.12524724 0.10815046 0.08415862 0.10991290 0.21144295 0.15824347 0.21136958 0.16590610 0.21169063 0.21177356 0.27015177 0.15915460 0.20786970 0.20582988 0.26082905 0.19367278 0.21447031 0.20380950 0.23916910 0.19474222 0.17328974 0.15704129 0.21133949 0.21408544 0.22298126 0.26540389 0.20933486 0.27655355 0.34758426 0.23019312 0.19440088 0.24620236 0.28599500 0.20076165 0.27914197 0.22574460 0.20162304 0.19472830 0.14906150 0.16869421 0.14417774 0.25616201 0.17733924 0.18286109 0.14679383 0.08399111 0.17274401 0.17371343 0.18538567 0.11530963 0.16921080 0.14298229 0.10277738 0.07290175 0.09181904 0.07329466 0.11724296 0.19397295 0.21887498 0.24829946 0.19290448 0.17037021 0.18664451 0.13129448 0.11755033 0.12284953 0.13670161 0.07963043 0.15183490 0.18661051 0.20545060 0.13489928 0.18589975 0.24275492 0.20166689 0.19649412 0.12108543 0.09504315 0.12558389 0.17172029 0.09676958 0.25601479 0.14320049 0.15658992 0.20197873 0.24775490 0.09760939 0.24275187 0.22337054 0.24683326 0.18216313 0.12948083 0.22780080 0.15843607 0.21500695 0.18617203 0.13540646 0.16741378 0.18150780 0.22979303 0.13239392 0.17433545 0.15464882 0.14469135 0.18885365 0.12756506 0.21850639 0.10172962 0.17775737 0.13839208 0.13774819 0.14749309 0.18727564 0.21831476 0.22547326 0.18806189 0.16076031 0.17495729 0.20763426 0.11045427 0.11516724 0.12166978 0.19459494 0.12516156 0.15715762 0.11013549 0.09193950 0.10388923 0.16412114 0.08578296 0.18455301 0.18951961 0.10862862 0.11583791 0.13047143 0.19034724 0.13984345 
0.18695181 0.20886833 0.22884781 0.12752479 0.11059056 0.12175723 0.11842325 0.10709456 0.19252036 0.14674528 0.22986230 0.18403070 0.37046174 0.26341759 0.19335231 0.31774718 0.31326719 0.52831648 0.00000000 0.40856762 0.33462336 0.25206379 0.16170659 0.18645174 0.14708546 0.25082208 0.14383767 0.19064944 0.13486389 0.21812495 0.11015323 0.18067887 0.12893528 0.23172275 0.13567326 0.14678508 0.16822186 0.16956747 0.14395886 0.21294509 0.25369078 0.12613067 0.11509629 0.18539093 0.16681989 0.15234261 0.22945677 0.14660794 0.29769239 0.11829003 0.21747581 0.17698080 0.24678828 0.24526200 0.14294068 0.20458052 0.26577184 0.20804102 0.24771391 0.28632366 0.21159758 0.19011432 0.21893080 0.19038174 0.23070412 0.24059958 0.19438719 0.27875966 0.23020185 0.22866600 0.23956440 0.26336206 0.22496084 0.13340678 0.26685431 0.23296085 0.24875543 0.23719046 0.19136862 0.23481906 0.18289067 0.22154934 0.18468837 0.20324695 0.16631719 0.14449402 0.16549248 0.07108236 0.15934041 0.17296569 0.16272881 0.17805902 0.18718171 0.18661430 0.13349196 0.13099804 0.15481218 0.10610640 0.18159179 0.14644800 0.15326749 0.24441408 0.18118538 0.03386594 0.09154492 0.25161162 0.25725867 0.11020617 0.10442061 0.15007320 0.15423893 0.21747110 0.18280785 0.10298454 0.18671084 0.19112397 0.14715584 0.16726733 0.19432196 0.18534248 0.18437176 0.10612238 0.15411824 0.13141377 0.19267877 0.18481996 0.21256200 0.25154456 0.15580737 0.23132510 0.18577920 0.14214574 0.17659649 0.16889428 0.26286548 0.15047758 0.22488083 0.20502005 0.21144284 0.12185069 0.15577943 0.20732927 0.17781893 0.13880059 0.16620327 0.15477380 0.09575531 0.17060208 0.18906899 0.16971450 0.15033806 0.14932550 0.17764457 0.15810977 0.11501534 0.15823830 0.17158143 0.25171109 0.18711141 0.20821626 0.13053043 0.20656832 0.21501217 0.16706372 0.13308038 0.11841834 0.19075262 0.14481760 0.17369891 0.12580093 0.16183472 0.16894355 0.24004034 0.10037723 0.15217853 0.13876310 0.12684494 0.10247284 0.14571738 
0.19560709 0.22031321 0.15809855 0.13025214 0.16701374 0.23462358 0.20364884 0.23121083 0.19416110 0.22832737 0.20824923 0.21958389 0.25217050 0.39900827 0.24746591 0.19289027 0.22587617 0.48632164 0.40856762 0.00000000 0.47396008 0.31838695 0.26505063 0.26934353 0.30943067 0.21294780 0.19717366 0.16342000 0.15794550 0.16236995 0.10832609 0.26475133 0.17513793 0.07404865 0.15537440 0.13956258 0.20471671 0.22757703 0.16439616 0.07492050 0.15202797 0.22704166 0.12383554 0.23952761 0.07336481 0.15951317 0.12692381 0.08503916 0.09468166 0.19856851 0.29338369 0.21634931 0.31924328 0.15626916 0.21301690 0.13887189 0.20196129 0.15406212 0.28042569 0.36237139 0.26356542 0.18275491 0.22475279 0.19696530 0.21135203 0.22254947 0.27670122 0.37429108 0.18309610 0.25402238 0.33098945 0.23066662 0.24225331 0.17403992 0.25353996 0.19778740 0.23355171 0.20370974 0.23578227 0.27123827 0.18398058 0.18081398 0.17444206 0.14307053 0.10355384 0.11814585 0.17721607 0.11693504 0.15847472 0.16567694 0.18625567 0.19591178 0.17895955 0.16990029 0.04095503 0.03937116 0.03019043 0.00000000 0.14657339 0.12553548 0.21824188 0.29651471 0.21081946 0.15027483 0.12488235 0.18905325 0.22616787 0.08218644 0.11578765 0.13617151 0.13783380 0.12494527 0.17617010 0.07432532 0.23170549 0.18100236 0.20357823 0.11730413 0.10330211 0.14978998 0.14506126 0.17032357 0.10027920 0.20437773 0.16150336 0.17072169 0.28505578 0.25564574 0.12349783 0.26324162 0.25219130 0.16623980 0.16980607 0.19514599 0.16503436 0.17175670 0.20598385 0.13059880 0.24959124 0.12409526 0.18066526 0.17181695 0.18113702 0.17794642 0.14175125 0.15138119 0.18656819 0.10823800 0.20710551 0.15246804 0.12198448 0.06924967 0.16600811 0.26683789 0.26379123 0.24612895 0.28974740 0.17188812 0.14792780 0.14730899 0.17019786 0.08481511 0.10913848 0.12799228 0.15123135 0.13108643 0.13798665 0.12381453 0.14653698 0.12868236 0.18079886 0.11788196 0.13949032 0.08979812 0.12884034 0.11469617 0.09573068 0.11331572 0.14292713 
