0.00000000 0.26142187 0.16562663 0.15979754 0.16371586 0.16087556 0.12660613 0.16558842 0.09140272 0.08613880 0.16217135 0.14652490 0.16687749 0.09867714 0.14718666 0.18577501 0.13646079 0.09337054 0.13908232 0.04541288 0.14996802 0.17264130 0.09505629 0.15220565 0.11823532 0.21163449 0.14648488 0.16452797 0.16042126 0.15645964 0.15855278 0.18661933 0.14178831 0.08601934 0.18793269 0.14809340 0.12964494 0.11674558 0.15358162 0.10520164 0.14634980 0.18507479 0.13991715 0.09620193 0.13174756 0.14492071 0.11380427 0.14346156 0.07491151 0.10673522 0.21166764 0.13876153 0.14209087 0.10324753 0.12977385 0.10456244 0.12559810 0.12956551 0.11931709 0.12837528 0.09649127 0.10743382 0.12369815 0.06380829 0.14769790 0.14841621 0.10656778 0.14812540 0.16333186 0.18853359 0.13663955 0.16342060 0.12296583 0.15767211 0.15124241 0.15846335 0.08245956 0.17071303 0.16535406 0.06462563 0.08654329 0.15394775 0.09864472 0.17819390 0.10567373 0.16826902 0.19204649 0.07815656 0.13865615 0.08619355 0.04849349 0.18808509 0.10794703 0.13327710 0.08620211 0.17289967 0.23817406 0.08503473 0.14633426 0.16389333 0.08821730 0.15706809 0.10937528 0.16631285 0.14441269 0.19792526 0.21514824 0.19119329 0.21521750 0.17644606 0.19526768 0.25203140 0.14941876 0.19581959 0.22661761 0.18664384 0.26255442 0.20959069 0.20486303 0.19954436 0.14796872 0.19048177 0.21986768 0.21588971 0.19344174 0.15596104 0.18121477 0.18743806 0.18071656 
0.26142187 0.00000000 0.21777970 0.23308780 0.11338011 0.11761102 0.11852974 0.10970522 0.27156606 0.19027404 0.13781419 0.16056043 0.17342597 0.18128131 0.13480993 0.15296868 0.12513261 0.13954213 0.14854703 0.16225380 0.32712221 0.19182661 0.23262247 0.20927627 0.15924218 0.11339394 0.26516467 0.33485224 0.16057345 0.08233583 0.10792037 0.14023227 0.15589098 0.21863384 0.11724779 0.11798302 0.15503880 0.12294817 0.13019323 0.16068265 0.18123745 0.05783778 0.11978100 0.13434956 0.20465404 0.13534888 0.21422558 0.09701817 0.22044098 0.16234501 0.13571552 0.19015327 0.13767677 0.12934064 0.20160832 0.16402038 0.19499428 0.12036665 0.10705486 0.12014576 0.11503843 0.15624996 0.06227691 0.17863391 0.07725796 0.15705215 0.16370161 0.12189072 0.13284694 0.10731404 0.12790228 0.07809320 0.22747427 0.15491546 0.11267064 0.11280761 0.15324701 0.11884360 0.17431301 0.19744839 0.15069178 0.15711408 0.25860985 0.05058646 0.18297109 0.13045799 0.11769898 0.15439592 0.15362635 0.16600619 0.15457960 0.08899247 0.09152993 0.10901643 0.17570221 0.18708228 0.13436492 0.18599508 0.22350948 0.28187295 0.15212036 0.39321879 0.16199665 0.09005391 0.16327427 0.09690789 0.13978090 0.11766081 0.10716587 0.11175558 0.08024162 0.12626469 0.10605855 0.13177710 0.15048245 0.12671387 0.11491928 0.10840861 0.16442284 0.08961618 0.07996046 0.13252378 0.10888847 0.10530350 0.09887814 0.12402065 0.10813163 0.12249395 0.08628490 
0.16562663 0.21777970 0.00000000 0.17935511 0.15530792 0.09180498 0.16757772 0.17988775 0.11373699 0.23715583 0.11931094 0.19350703 0.17334574 0.21047280 0.08379129 0.13620585 0.10580139 0.12630650 0.24666566 0.16175666 0.17079626 0.13039598 0.18441344 0.10360940 0.13679421 0.15893936 0.10885757 0.10485566 0.40322662 0.13995622 0.38559642 0.12908358 0.19294839 0.14579353 0.18275132 0.13525239 0.14193198 0.16358580 0.15326765 0.14782046 0.12931163 0.10044285 0.11680361 0.21884298 0.15991655 0.18232469 0.15098506 0.18681985 0.13841686 0.15161244 0.12652191 0.11793316 0.11980470 0.16928386 0.14991612 0.12564709 0.13690523 0.10694207 0.13727329 0.12624045 0.08923566 0.13999925 0.13766914 0.19217990 0.10321329 0.08987957 0.16936679 0.18362419 0.16247129 0.11611009 0.14501836 0.10479093 0.08922489 0.11576673 0.15474493 0.16284742 0.20606074 0.17690602 0.07911792 0.10410165 0.07557935 0.16025770 0.20093869 0.13301382 0.14114944 0.16679436 0.16947915 0.13640471 0.22616023 0.28438246 0.19949753 0.12739417 0.17113496 0.16902105 0.18209068 0.11159219 0.18230517 0.18781170 0.15918527 0.15669612 0.22511678 0.11497083 0.21927986 0.15655573 0.14040974 0.12156040 0.07979670 0.10904795 0.08470101 0.11446369 0.11600386 0.12779103 0.07997186 0.14801789 0.11392668 0.13672777 0.16971406 0.09581573 0.10717368 0.13808455 0.08453026 0.17416918 0.14662018 0.12363929 0.13573117 0.12645466 0.12133660 0.14204166 0.11463054 
0.15979754 0.23308780 0.17935511 0.00000000 0.14711698 0.19553403 0.17478548 0.13825052 0.10213934 0.15870509 0.10957351 0.16496983 0.18744337 0.29902809 0.17139967 0.32965126 0.13773805 0.44692760 0.20201541 0.16384885 0.15640611 0.17752130 0.14112537 0.15469190 0.14184253 0.17154716 0.10555945 0.09143326 0.07044790 0.28879257 0.13865483 0.15957239 0.13087755 0.24225819 0.16663122 0.20000311 0.13145616 0.09778637 0.14113593 0.15783904 0.09077550 0.13164611 0.11276811 0.15737965 0.09791642 0.09995647 0.15118903 0.17501210 0.18522049 0.09593348 0.12995908 0.10960034 0.11022287 0.10200058 0.12896764 0.16516066 0.14551545 0.15457442 0.09410832 0.18532283 0.13533218 0.10634433 0.16573154 0.21954232 0.08408247 0.12105109 0.14146012 0.14177925 0.20570312 0.11193928 0.14507830 0.15882029 0.08943509 0.11688053 0.15832479 0.09916012 0.12737104 0.07502666 0.21160512 0.20069519 0.10674192 0.10111513 0.14444642 0.13346084 0.09884933 0.16059845 0.11201139 0.17790010 0.13866333 0.14877322 0.09234391 0.09641010 0.16084082 0.14243808 0.19293365 0.16065777 0.13925828 0.22153984 0.19489227 0.24097151 0.16597985 0.24497558 0.10701962 0.19673362 0.12543738 0.12476805 0.07795979 0.14430221 0.12471523 0.12587351 0.09350769 0.18843379 0.14338222 0.11762914 0.12756655 0.20748496 0.18288614 0.11965749 0.11530416 0.11336451 0.10879517 0.11925898 0.14012869 0.07857171 0.09742730 0.11012268 0.14001568 0.18170108 0.15409249 
0.16371586 0.11338011 0.15530792 0.14711698 0.00000000 0.14905190 0.32386697 0.14060774 0.09142419 0.19515248 0.14393268 0.22865291 0.20495273 0.18090562 0.16680781 0.19067156 0.13156087 0.12362243 0.17916566 0.14181997 0.14341890 0.17467955 0.17688892 0.15918456 0.18126810 0.15726325 0.13170259 0.14316901 0.16497440 0.11922738 0.09516491 0.19488893 0.21926028 0.09707031 0.14166213 0.11102923 0.10509889 0.07755630 0.10906614 0.14767163 0.11267179 0.16406375 0.11075468 0.08935763 0.13909237 0.13259766 0.13886247 0.11429526 0.14631601 0.18360900 0.16651167 0.13160219 0.12021075 0.12173045 0.10398862 0.13473072 0.09499941 0.14522779 0.09854918 0.16467488 0.10310970 0.07732327 0.11675198 0.16776628 0.15599836 0.12953698 0.11094290 0.14121283 0.21856858 0.20281555 0.13395561 0.17651167 0.11786546 0.13897358 0.15400884 0.14016335 0.12905906 0.12921458 0.13101060 0.09506733 0.08711961 0.13102090 0.16435917 0.10798377 0.11308491 0.16456955 0.16208151 0.15586500 0.14478393 0.12411557 0.15408779 0.18780778 0.12653425 0.15811785 0.12359176 0.14931975 0.14884796 0.17287483 0.18862017 0.13109869 0.13417926 0.11520746 0.13769900 0.14237212 0.14774751 0.15397908 0.16682792 0.16840758 0.17254258 0.16440563 0.18087774 0.17545442 0.15978934 0.15957031 0.15178558 0.17426146 0.14451424 0.16107072 0.13504277 0.21840269 0.13369096 0.15397609 0.15643712 0.17374751 0.16126995 0.15228583 0.18553160 0.19806674 0.19527920 
0.16087556 0.11761102 0.09180498 0.19553403 0.14905190 0.00000000 0.08785608 0.19129732 0.11488597 0.14611049 0.09842507 0.17256842 0.18133889 0.44189214 0.19239168 0.12264362 0.10629679 0.19289999 0.18376125 0.08450737 0.14812622 0.14201046 0.13075259 0.14922730 0.13903188 0.13191982 0.09991890 0.08266021 0.12089096 0.50256009 0.10776665 0.15155163 0.13242314 0.13798334 0.18627875 0.34298824 0.14401208 0.12683353 0.19979015 0.12689266 0.10095109 0.20071209 0.13169263 0.13575077 0.09776965 0.15408725 0.09148833 0.12394257 0.11616989 0.13165997 0.17138516 0.10886595 0.11018201 0.08314851 0.14650989 0.16306176 0.09082027 0.22028661 0.11213469 0.14981585 0.15119296 0.11740837 0.12870685 0.16348626 0.09368135 0.12954745 0.09724509 0.13515985 0.16981724 0.17934697 0.17627994 0.13399763 0.20258649 0.09236931 0.10218692 0.12355300 0.15735791 0.15028429 0.11766119 0.12770485 0.09638337 0.09150272 0.10946820 0.13068443 0.14660403 0.10844489 0.09937318 0.23634470 0.15181485 0.10144684 0.17274578 0.12393105 0.12258882 0.12677345 0.12694490 0.18948742 0.17317048 0.15061839 0.13364560 0.21922134 0.16865129 0.18237286 0.14324291 0.13845825 0.13008103 0.16337799 0.16332744 0.13087716 0.11113570 0.14835403 0.23307927 0.14277167 0.15654104 0.16853767 0.18503248 0.13938260 0.15730319 0.16144040 0.15431556 0.19143188 0.13923764 0.18649971 0.18534823 0.11224125 0.17453578 0.13193963 0.10905221 0.16739193 0.16534130 
0.12660613 0.11852974 0.16757772 0.17478548 0.32386697 0.08785608 0.00000000 0.81521924 0.21603180 0.34399352 0.15403842 0.13486738 0.11524573 0.27575995 0.16959325 0.17375414 0.13864810 0.08559738 0.13250073 0.16121146 0.19425294 0.14049904 0.14607881 0.17164339 0.14135671 0.10598896 0.14143794 0.11062146 0.16913388 0.07079496 0.22278993 0.14372369 0.14090298 0.23175137 0.60204481 0.16349789 0.13795734 0.12827006 0.11526281 0.13027704 0.20683380 0.11049248 0.09773693 0.17000369 0.13204368 0.10769655 0.14211101 0.11188109 0.18127280 0.14141341 0.09130501 0.06059414 0.17730190 0.16341185 0.16269257 0.11959019 0.11382273 0.11885652 0.13640823 0.15023638 0.06475615 0.11822330 0.10434613 0.17425462 0.10473100 0.10223810 0.14658584 0.17739517 0.13412515 0.14753487 0.09854653 0.11383835 0.13456045 0.11126170 0.17058451 0.11102985 0.04838484 0.12476165 0.11423206 0.19052267 0.12246086 0.11100868 0.11117244 0.22017747 0.11265774 0.15069257 0.16984619 0.10595844 0.17324007 0.30354499 0.21870635 0.12447642 0.10165507 0.09797594 0.11813424 0.13946523 0.11546629 0.15479356 0.11452003 0.15540037 0.22500746 0.17949638 0.13507640 0.13877922 0.14740213 0.15547458 0.10656817 0.10349534 0.13497119 0.13698051 0.12830109 0.09920889 0.16037372 0.14077018 0.13096781 0.09849527 0.12553533 0.18597078 0.11711983 0.09675807 0.13408231 0.11920756 0.14177136 0.10553118 0.11975173 0.12199025 0.13418955 0.14755563 0.14645280 
0.16558842 0.10970522 0.17988775 0.13825052 0.14060774 0.19129732 0.81521924 0.00000000 0.16680736 0.46484326 0.14755848 0.16432218 0.13462662 0.18926734 0.17957832 0.04317386 0.14877045 0.12954049 0.12707885 0.23636191 0.10148874 0.14522249 0.14047565 0.09577137 0.13113218 0.14622423 0.11684252 0.25885779 0.06250428 0.15654924 0.11026860 0.11823005 0.18932720 0.15658068 0.11682659 0.12679285 0.46106055 0.08969249 0.12482125 0.24216475 0.10076437 0.12610119 0.17844953 0.19923001 0.16714562 0.14258400 0.07632467 0.21210745 0.12524629 0.17502661 0.09415047 0.11077764 0.08191989 0.08459795 0.13013510 0.14767198 0.09000391 0.10879206 0.09791559 0.13977850 0.11317483 0.13926817 0.14660303 0.16570771 0.09944715 0.07874537 0.08901603 0.11781293 0.14799380 0.13055925 0.13560640 0.11926487 0.10357303 0.10490494 0.09106102 0.09158250 0.09355844 0.11275225 0.19383982 0.10136160 0.15365450 0.18329839 0.16620023 0.11763274 0.18899680 0.13070955 0.11356737 0.16068375 0.15454456 0.22244753 0.10472500 0.11996440 0.09785872 0.13419229 0.13600570 0.16138359 0.12506745 0.11859094 0.08497408 0.14710302 0.19287854 0.15758769 0.14724889 0.16368216 0.17101647 0.14360505 0.14516880 0.13180909 0.11750946 0.14611991 0.14638892 0.16104958 0.15291001 0.13495064 0.15969552 0.18413631 0.18669880 0.15074229 0.13403764 0.16261802 0.16213079 0.12648644 0.15729873 0.16525926 0.13418800 0.10908084 0.14689865 0.17409777 0.14939644 
0.09140272 0.27156606 0.11373699 0.10213934 0.09142419 0.11488597 0.21603180 0.16680736 0.00000000 0.35822214 0.25324765 0.09931262 0.14259597 0.31585979 0.14619128 0.12179743 0.42657364 0.09617238 0.16456944 0.24062434 0.13106955 0.18469002 0.15608270 0.19316722 0.12328331 0.10949009 0.16642159 0.14596306 0.10443800 0.10563366 0.10649990 0.11100854 0.07075694 0.23002012 0.07945056 0.17019077 0.20719112 0.23074838 0.14306916 0.20381028 0.17369718 0.09931983 0.17254022 0.14584076 0.14705002 0.12239201 0.14635412 0.26878180 0.15969000 0.11361665 0.09570228 0.10975298 0.14089909 0.29302070 0.11979780 0.23939966 0.17897519 0.14184435 0.19739644 0.23382509 0.13689522 0.20390252 0.16875370 0.17703114 0.07594574 0.10112100 0.21579916 0.10573214 0.09710036 0.12773205 0.10395388 0.08216593 0.14963635 0.09676207 0.16586874 0.14103746 0.18966618 0.10307982 0.16277655 0.19748281 0.14741132 0.13294950 0.13871547 0.13302731 0.16020366 0.08292736 0.15532746 0.13229803 0.11411090 0.14461546 0.18156744 0.09562778 0.12205370 0.13381642 0.16470137 0.09913872 0.05805114 0.26408283 0.12070744 0.16042692 0.19583823 0.24088242 0.35312802 0.16539972 0.24861087 0.16521260 0.15143182 0.10246673 0.15067201 0.12305539 0.11596168 0.05507302 0.16774053 0.09098605 0.09022358 0.10013252 0.08388847 0.08702661 0.09439464 0.10106566 0.11855250 0.09894466 0.06400737 0.08007462 0.12638192 0.11539605 0.16979884 0.11059686 0.17580804 
0.08613880 0.19027404 0.23715583 0.15870509 0.19515248 0.14611049 0.34399352 0.46484326 0.35822214 0.00000000 0.10150066 0.16918124 0.15118899 0.21161723 0.23211316 0.18876764 0.23422486 0.15327391 0.17410142 0.24018168 0.13526968 0.08873119 0.26825784 0.08691534 0.11725401 0.11517534 0.13861473 0.10970399 0.20083548 0.18308624 0.11554227 0.13809011 0.11335746 0.22145788 0.09672766 0.33680014 0.29651247 0.24687944 0.29665199 0.14880148 0.17491469 0.15012270 0.18724365 0.12716380 0.18438525 0.11921208 0.14053513 0.15323918 0.18621894 0.10401715 0.08252223 0.12000581 0.16677282 0.12921163 0.11015562 0.20509106 0.15713602 0.19254606 0.15424561 0.17823552 0.21451921 0.12417051 0.10837080 0.18579936 0.14090326 0.16017196 0.19878677 0.09479909 0.14744628 0.15441607 0.13864347 0.10102277 0.15086184 0.11924057 0.12078474 0.11548571 0.12027409 0.12176317 0.19025354 0.19648446 0.17752788 0.15472902 0.11026545 0.14477686 0.09421714 0.12758997 0.09668232 0.12953203 0.15966569 0.12437831 0.14059678 0.07776787 0.09426160 0.11194033 0.15931010 0.22904614 0.10471228 0.26139499 0.07123962 0.11582564 0.17605870 0.09243440 0.08711758 0.11423478 0.12816482 0.13450023 0.07352046 0.11617844 0.08901066 0.17749075 0.16067404 0.11546047 0.13622922 0.08486365 0.07557184 0.08669660 0.10832807 0.06784201 0.14425237 0.09779659 0.13835673 0.09910257 0.13149477 0.07480157 0.10698559 0.13134174 0.08025482 0.08256938 0.08379980 
0.16217135 0.13781419 0.11931094 0.10957351 0.14393268 0.09842507 0.15403842 0.14755848 0.25324765 0.10150066 0.00000000 0.16600456 0.14088394 0.09758599 0.26555603 0.11604854 0.17971478 0.14087145 0.11110408 0.15170380 0.10047218 0.13174589 0.13012332 0.14277195 0.15707570 0.15039846 0.14956588 0.13446270 0.13836308 0.11210665 0.06565251 0.12741922 0.11609523 0.17143819 0.11538094 0.40414951 0.12135386 0.77314796 0.16058720 0.13294313 0.21042291 0.10259114 0.11659786 0.07764971 0.13816905 0.18056024 0.15276303 0.13405251 0.21963633 0.10462463 0.13694851 0.18110431 0.12080498 0.13223589 0.11030614 0.20738963 0.14873120 0.12796757 0.09638729 0.09124661 0.24866811 0.29450767 0.16624987 0.14380667 0.31447716 0.17555294 0.16142642 0.19340768 0.13728342 0.07792379 0.13183721 0.16770864 0.10831539 0.17144739 0.18188463 0.12249916 0.15339696 0.10916343 0.13270910 0.10940439 0.09006745 0.15355129 0.09908723 0.13071972 0.11715208 0.08379019 0.11878627 0.11956411 0.17250822 0.07909887 0.08108493 0.12821043 0.10346219 0.11872802 0.15505744 0.09563881 0.15245578 0.16428490 0.15807113 0.07564909 0.07408332 0.10349319 0.08074470 0.14114199 0.14500844 0.13666645 0.15854267 0.14271351 0.13523541 0.18854711 0.18344313 0.15216517 0.16108782 0.15304402 0.19648500 0.13319838 0.14760797 0.14908270 0.12910931 0.18504135 0.14618485 0.18557974 0.16271362 0.14623036 0.17152805 0.12979941 0.17288139 0.14360300 0.14068643 
0.14652490 0.16056043 0.19350703 0.16496983 0.22865291 0.17256842 0.13486738 0.16432218 0.09931262 0.16918124 0.16600456 0.00000000 0.18003492 0.20950685 0.18779541 0.18305495 0.13478484 0.17297833 0.20256148 0.16418094 0.13656249 0.16822679 0.17796532 0.15624843 0.28316171 0.13294544 0.13468289 0.16121177 0.12410672 0.15954682 0.16361400 0.19769221 0.15270571 0.15749732 0.12894719 0.13678288 0.11789489 0.14820673 0.13651139 0.24701266 0.10893146 0.14584309 0.11596331 0.10428723 0.13193292 0.11702607 0.11178526 0.12438040 0.17490445 0.14321590 0.14070701 0.14370384 0.12549760 0.12994000 0.13978773 0.10964734 0.13055990 0.13745037 0.13365243 0.11706812 0.15137414 0.14014996 0.12600673 0.14119107 0.14750618 0.13107319 0.14153368 0.14778390 0.19771145 0.13249637 0.12849786 0.17972251 0.12809058 0.12858109 0.11813056 0.14188690 0.14417855 0.13833865 0.11349008 0.13579380 0.11800027 0.14065945 0.13192918 0.12932781 0.12862975 0.15045714 0.20309870 0.12795726 0.15266612 0.14866702 0.15115426 0.15072956 0.14658770 0.13963138 0.13080995 0.15640045 0.14767334 0.11294959 0.16361253 0.11936798 0.10885087 0.12312794 0.14082746 0.13242886 0.14354064 0.13929053 0.13317610 0.13811458 0.15447104 0.14269813 0.14267653 0.14773015 0.15336195 0.14498610 0.14626375 0.16825604 0.14743791 0.14220615 0.13415481 0.18360789 0.13457732 0.17619634 0.14787902 0.14743340 0.16984278 0.14777253 0.14550367 0.14537206 0.15257690 
0.16687749 0.17342597 0.17334574 0.18744337 0.20495273 0.18133889 0.11524573 0.13462662 0.14259597 0.15118899 0.14088394 0.18003492 0.00000000 0.21420568 0.17022935 0.21221252 0.12563774 0.23189987 0.16921841 0.13308949 0.11396539 0.15383281 0.17288626 0.18079796 0.18022088 0.14294012 0.08976525 0.12006672 0.12567753 0.12575537 0.21198326 0.21701383 0.11759925 0.14151010 0.13610731 0.14159397 0.12945756 0.13361225 0.15172857 0.17993521 0.10756046 0.17016761 0.15171434 0.13662557 0.11258759 0.10444437 0.13595935 0.09853091 0.19514293 0.11760161 0.12216290 0.13205217 0.16060185 0.14188336 0.14198655 0.16521107 0.15428991 0.15568793 0.19387197 0.17677403 0.15811649 0.12468463 0.15160866 0.18272816 0.11201790 0.13276733 0.14199934 0.16198717 0.20811098 0.18889485 0.12722257 0.14027787 0.17369682 0.12577061 0.13962070 0.13742962 0.17212002 0.22518184 0.16177452 0.15990413 0.11755804 0.16204029 0.13822395 0.10077905 0.27174392 0.11631070 0.13307077 0.13029644 0.17059692 0.10930467 0.16732423 0.11510280 0.12369053 0.15966640 0.18457512 0.17122204 0.14348876 0.13772582 0.16763282 0.12525709 0.12849448 0.13500856 0.15616933 0.11818038 0.14280978 0.12015700 0.09765357 0.12553221 0.13796196 0.13911149 0.11238375 0.11154986 0.13094074 0.14402771 0.13192855 0.14065510 0.14363175 0.12002185 0.11927076 0.15834260 0.12197905 0.13981829 0.12034304 0.11304860 0.16333835 0.14734903 0.14826590 0.16266976 0.16740730 
0.09867714 0.18128131 0.21047280 0.29902809 0.18090562 0.44189214 0.27575995 0.18926734 0.31585979 0.21161723 0.09758599 0.20950685 0.21420568 0.00000000 0.22343200 0.19331275 0.23311793 0.35415085 0.13873904 0.23137956 0.13035919 0.13679704 0.15837586 0.11520273 0.11037199 0.07307396 0.15445925 0.14115205 0.10216988 0.18767637 0.15472247 0.10951440 0.10069984 0.20876193 0.15642618 0.36345986 0.16482670 0.12506386 0.18505470 0.13402263 0.12652801 0.10021431 0.14253423 0.12856728 0.09517181 0.10082954 0.11840231 0.11448717 0.14668786 0.13544893 0.10758611 0.16233417 0.13767518 0.13240344 0.17109659 0.16545418 0.12399786 0.13953282 0.18122150 0.28349651 0.21524004 0.29913566 0.16949459 0.17952790 0.11143692 0.11545856 0.13334064 0.18412141 0.14513471 0.12037799 0.12156050 0.09611948 0.18394442 0.12065289 0.14325833 0.12643539 0.12520643 0.10499205 0.19316088 0.12262958 0.09168501 0.13962647 0.16087476 0.18796447 0.13394253 0.12679414 0.15506038 0.17878311 0.18841818 0.20406013 0.20334167 0.08537106 0.10479771 0.13625391 0.13590293 0.12736025 0.09373448 0.19654980 0.15302926 0.18547894 0.10500805 0.11660831 0.16649884 0.09309074 0.12404161 0.09510092 0.06991840 0.08838058 0.08299982 0.09366170 0.06839959 0.09031172 0.12654833 0.12489830 0.10757215 0.08863089 0.07956476 0.17658552 0.09621408 0.09717402 0.11627172 0.08410281 0.09339251 0.07591202 0.08026036 0.10621528 0.09242398 0.10931563 0.15466696 
0.14718666 0.13480993 0.08379129 0.17139967 0.16680781 0.19239168 0.16959325 0.17957832 0.14619128 0.23211316 0.26555603 0.18779541 0.17022935 0.22343200 0.00000000 0.21033427 0.13432423 0.18097002 0.18322558 0.20542108 0.14164476 0.15483857 0.16134058 0.18667001 0.12370357 0.11413369 0.17742521 0.15830148 0.07755845 0.20856057 0.15776676 0.14082601 0.13217667 0.19986541 0.09177329 0.09995774 0.16518921 0.16795968 0.16647024 0.12056161 0.12803395 0.09450909 0.11071259 0.15341646 0.14425884 0.11809354 0.12587814 0.09333424 0.14038188 0.10701898 0.11448132 0.11260191 0.15257030 0.18308966 0.16834941 0.12261906 0.18506872 0.17089086 0.11618302 0.14954681 0.18925227 0.28240475 0.15283925 0.12517881 0.48590809 0.21195647 0.15596932 0.15762241 0.19884986 0.15819554 0.17172929 0.17494489 0.19980116 0.13269501 0.15149752 0.12352406 0.10417395 0.12383879 0.16032371 0.20965010 0.13743283 0.09048334 0.14710844 0.11415091 0.27587075 0.14597027 0.09378522 0.09538399 0.13472813 0.16225524 0.13538194 0.09567636 0.11616049 0.16410730 0.13872743 0.15473469 0.17105755 0.17806435 0.13382671 0.22909201 0.08976739 0.10374791 0.11390248 0.15147160 0.10277995 0.09932721 0.07930985 0.11614271 0.13996747 0.14608679 0.13047184 0.10180905 0.12033437 0.16031933 0.09960808 0.13284546 0.13641059 0.13864086 0.10806406 0.12044935 0.13100276 0.13648072 0.12857492 0.12126592 0.11324298 0.13144567 0.10844927 0.10397971 0.11384534 
0.18577501 0.15296868 0.13620585 0.32965126 0.19067156 0.12264362 0.17375414 0.04317386 0.12179743 0.18876764 0.11604854 0.18305495 0.21221252 0.19331275 0.21033427 0.00000000 0.21074017 0.22095535 0.14845802 0.48715307 0.16597726 0.14246617 0.15421864 0.20939205 0.16947296 0.13958014 0.17232964 0.14732298 0.08113802 0.14139508 0.24712423 0.11696541 0.24332441 0.13545740 0.26105120 0.16214834 0.14335595 0.13592795 0.10143835 0.17504148 0.10872045 0.06183667 0.09584190 0.18327702 0.16113389 0.18842525 0.12859404 0.14031631 0.17715052 0.17894087 0.06576510 0.08854534 0.15752746 0.16969276 0.16985949 0.16850844 0.13641129 0.16149585 0.12983240 0.12084907 0.19624431 0.15710430 0.15889435 0.19276471 0.11850642 0.12441996 0.18851463 0.11150700 0.15245451 0.08949507 0.16290783 0.12040923 0.20797611 0.10704749 0.14794053 0.16258429 0.19026273 0.18902351 0.19151945 0.16839020 0.12046731 0.16285586 0.12800365 0.12030123 0.11646380 0.09051089 0.14570026 0.18912817 0.17199405 0.22188000 0.21151117 0.08238785 0.13136444 0.14587238 0.28288120 0.11226015 0.09115600 0.19685645 0.15496304 0.17280854 0.11125289 0.13674139 0.19611843 0.15688604 0.13006479 0.11489125 0.17221136 0.09605885 0.10937618 0.08967118 0.09905738 0.10504651 0.10196702 0.09194401 0.15719101 0.14444595 0.06474397 0.07611843 0.09666184 0.09897607 0.09164691 0.10641711 0.12393365 0.05364886 0.08875901 0.15705353 0.13749087 0.09153681 0.10743465 
0.13646079 0.12513261 0.10580139 0.13773805 0.13156087 0.10629679 0.13864810 0.14877045 0.42657364 0.23422486 0.17971478 0.13478484 0.12563774 0.23311793 0.13432423 0.21074017 0.00000000 0.21365772 0.13355343 0.44309124 0.28551105 0.14113220 0.17484702 0.24688757 0.12638013 0.13157230 0.19328101 0.17451156 0.15397989 0.11296129 0.11312653 0.09380853 0.10978273 0.13379367 0.09618624 0.07944706 0.24160616 0.17128620 0.21919391 0.15693459 0.17326863 0.12904288 0.17820473 0.16469708 0.16582450 0.10561223 0.15140252 0.13839882 0.18896710 0.16839014 0.12128219 0.12068725 0.15867579 0.10773152 0.15246359 0.20738920 0.10992641 0.17024096 0.08270152 0.14175830 0.15574335 0.15279818 0.07873805 0.11521450 0.16529251 0.17123598 0.23103729 0.21988595 0.11748290 0.15417315 0.17324095 0.12340168 0.14174421 0.15455731 0.12840901 0.12627427 0.17067505 0.05967514 0.17228531 0.17554089 0.15941507 0.16524143 0.21891860 0.15236540 0.16619323 0.03793588 0.16476542 0.18519635 0.11182471 0.13185112 0.15638659 0.16529078 0.14629293 0.13170217 0.16162968 0.14207742 0.13710442 0.17119994 0.15679496 0.12303767 0.21381352 0.23920434 0.19523054 0.24777326 0.20224582 0.12407448 0.13655461 0.14225228 0.20879714 0.12366916 0.09251873 0.11362616 0.08210690 0.11210815 0.13243949 0.08320686 0.15908497 0.10280727 0.08190825 0.13605075 0.06507408 0.09466255 0.11620926 0.12472671 0.09673105 0.11453584 0.08040429 0.10894905 0.12419574 
0.09337054 0.13954213 0.12630650 0.44692760 0.12362243 0.19289999 0.08559738 0.12954049 0.09617238 0.15327391 0.14087145 0.17297833 0.23189987 0.35415085 0.18097002 0.22095535 0.21365772 0.00000000 0.16136323 0.22338861 0.31612587 0.18244539 0.21967762 0.14857639 0.15079085 0.07996101 0.16451048 0.15996609 0.16881124 0.75437977 0.13173868 0.10132146 0.13805965 0.23575206 0.12948178 0.19751822 0.13201229 0.06476012 0.04277973 0.15479759 0.12016527 0.07637092 0.12724688 0.08556527 0.13242017 0.09304423 0.22252618 0.10821247 0.14978070 0.11077461 0.10352547 0.11910081 0.18292361 0.13478445 0.07435936 0.21176829 0.14486225 0.11363378 0.11555541 0.15578626 0.11956628 0.39523205 0.12704456 0.14854633 0.11403501 0.42090025 0.09525857 0.13841130 0.16353879 0.09359856 0.13497396 0.12123888 0.14470854 0.07551809 0.12221235 0.14830059 0.16852012 0.13932464 0.14466329 0.16593233 0.20185837 0.15940259 0.09670596 0.11397344 0.17836583 0.09817162 0.10735685 0.18508280 0.12198354 0.21239319 0.19485435 0.13557141 0.14204379 0.05348936 0.12494770 0.14131960 0.11238762 0.13880281 0.11473834 0.12830638 0.22022276 0.16726386 0.09330604 0.18779438 0.14191133 0.11693201 0.12713533 0.13115679 0.08565863 0.09691352 0.14828125 0.09613866 0.11267592 0.08710247 0.17367921 0.10051411 0.10452865 0.09810085 0.12035319 0.08522480 0.07300124 0.07424227 0.13417548 0.10761368 0.12398509 0.12359603 0.10501886 0.12360236 0.11445993 
0.13908232 0.14854703 0.24666566 0.20201541 0.17916566 0.18376125 0.13250073 0.12707885 0.16456944 0.17410142 0.11110408 0.20256148 0.16921841 0.13873904 0.18322558 0.14845802 0.13355343 0.16136323 0.00000000 0.20525606 0.16159160 0.15634981 0.22550670 0.19043553 0.15677195 0.11689707 0.11853009 0.11644842 0.14552186 0.11856991 0.20080782 0.13769276 0.12750539 0.26673682 0.13878300 0.19782115 0.14413483 0.12961747 0.17617504 0.14994663 0.11914486 0.14618099 0.09189545 0.19733581 0.14438892 0.13368509 0.14262334 0.11507962 0.12717363 0.13297852 0.13402309 0.16269052 0.15398597 0.13869639 0.14428364 0.11896202 0.09833268 0.13431699 0.13881781 0.18163538 0.13594638 0.12939318 0.12897073 0.16676844 0.13584110 0.15922704 0.12477682 0.12331267 0.16397587 0.13069713 0.15934492 0.12797238 0.13287361 0.14266228 0.16335833 0.14282965 0.20225134 0.12371393 0.14858733 0.15203329 0.19527740 0.14742937 0.15240983 0.22780877 0.13340763 0.12947913 0.11479673 0.17194998 0.21381819 0.10947362 0.12376617 0.10821885 0.11465536 0.11654226 0.15058951 0.16767425 0.17159011 0.21357266 0.12307433 0.14259864 0.21161803 0.13588660 0.13443989 0.14548452 0.12701046 0.15524961 0.12536976 0.10270413 0.15369886 0.16996177 0.13962725 0.14669470 0.11308139 0.15089402 0.16224315 0.11994786 0.15086282 0.12416987 0.13368884 0.13923919 0.13258925 0.11311079 0.12743748 0.16163514 0.12673277 0.14238810 0.13322271 0.11968275 0.10234330 
0.04541288 0.16225380 0.16175666 0.16384885 0.14181997 0.08450737 0.16121146 0.23636191 0.24062434 0.24018168 0.15170380 0.16418094 0.13308949 0.23137956 0.20542108 0.48715307 0.44309124 0.22338861 0.20525606 0.00000000 0.29040695 0.17924421 0.33004400 0.20259242 0.12491141 0.08101908 0.17899476 0.18095891 0.14286290 0.09570202 0.13676739 0.05806170 0.13676465 0.21675486 0.14999994 0.15760994 0.18473561 0.10389944 0.16317105 0.17401108 0.19354943 0.04088194 0.18290918 0.27118911 0.14720209 0.10596588 0.20492656 0.06757206 0.18819861 0.20849719 0.11818709 0.08620705 0.13872026 0.18313699 0.25120132 0.17910848 0.19086109 0.15434643 0.14334379 0.12485841 0.15200839 0.19030984 0.13960921 0.26178735 0.21324386 0.12833074 0.16331093 0.16117061 0.08180891 0.20981014 0.10537658 0.02647708 0.23865808 0.19564859 0.14993003 0.15016279 0.27660874 0.17724164 0.25406321 0.27464101 0.23702971 0.16663108 0.11396098 0.15738341 0.17373945 0.15287475 0.14108201 0.20207661 0.13545636 0.19111857 0.20571210 0.04385428 0.25031648 0.13968288 0.24334407 0.10441491 0.08054525 0.21123159 0.12127331 0.22382364 0.22900428 0.24045649 0.17800377 0.17978632 0.12723789 0.06630208 0.06060150 0.03773791 0.09450570 0.06502980 0.01220964 0.02094979 0.08830284 0.04533978 0.01450144 0.03741241 0.01455631 0.05856664 0.06525652 0.01993178 0.10319032 0.05209971 0.00869137 0.01739055 0.04420245 0.09659406 0.06689868 0.03838913 0.05265197 
0.14996802 0.32712221 0.17079626 0.15640611 0.14341890 0.14812622 0.19425294 0.10148874 0.13106955 0.13526968 0.10047218 0.13656249 0.11396539 0.13035919 0.14164476 0.16597726 0.28551105 0.31612587 0.16159160 0.29040695 0.00000000 0.24000676 0.21488785 0.20750686 0.13251772 0.21871152 0.21139081 0.55620744 0.13652225 0.14270127 0.10587922 0.14565237 0.09637176 0.08166681 0.11828249 0.08995483 0.12774561 0.16678492 0.16005009 0.11719884 0.16497404 0.15843021 0.13111789 0.12701546 0.12205618 0.14238928 0.18373298 0.17327871 0.19401045 0.12865493 0.15931370 0.09999073 0.15960111 0.08167099 0.13347129 0.09162124 0.19267172 0.13955177 0.11309422 0.14524912 0.20340484 0.08754213 0.10825468 0.15583790 0.11813277 0.20440380 0.13391633 0.10076110 0.12285053 0.13984171 0.13188204 0.13694434 0.14931885 0.17049726 0.07128167 0.18066425 0.12250289 0.12825323 0.17981382 0.10134696 0.06337686 0.10510880 0.13953492 0.13820329 0.12330732 0.11592347 0.14844722 0.10583295 0.12245145 0.14131598 0.23434644 0.13272345 0.13834770 0.11711276 0.09974129 0.16943389 0.13739678 0.16336971 0.15582231 0.17122995 0.20062213 0.42655111 0.17702418 0.18725895 0.14066959 0.13449911 0.14431250 0.14944146 0.11873052 0.12086885 0.15238418 0.12803323 0.13939892 0.11668549 0.14527335 0.11404345 0.14293773 0.13246437 0.13497293 0.12192330 0.09694922 0.11995133 0.11243352 0.11125573 0.12076770 0.15497517 0.14194998 0.15630437 0.15245941 
0.17264130 0.19182661 0.13039598 0.17752130 0.17467955 0.14201046 0.14049904 0.14522249 0.18469002 0.08873119 0.13174589 0.16822679 0.15383281 0.13679704 0.15483857 0.14246617 0.14113220 0.18244539 0.15634981 0.17924421 0.24000676 0.00000000 0.09771473 0.12476136 0.13830258 0.19345581 0.06489085 0.16299184 0.13566953 0.15311930 0.07571782 0.14127206 0.14506323 0.09495254 0.13574925 0.11731461 0.07230232 0.15253477 0.12415598 0.10630912 0.11010215 0.19706875 0.16775780 0.08642907 0.13619847 0.15477850 0.09435711 0.10342435 0.14707438 0.11929077 0.12268151 0.11637176 0.19758417 0.12186179 0.13929260 0.08981666 0.07670034 0.13237022 0.11957155 0.15387530 0.10805780 0.10527985 0.12520777 0.06778406 0.09344296 0.18819123 0.17047385 0.13102617 0.18924012 0.21044999 0.14761603 0.16585479 0.16974303 0.17460099 0.17514604 0.18606369 0.11252808 0.14650782 0.12218212 0.19915573 0.20029228 0.24531352 0.19609469 0.48186017 0.08758202 0.12062960 0.13910039 0.12634585 0.14557054 0.13308528 0.10099469 0.12629604 0.10477930 0.11457678 0.16121461 0.13034907 0.16302500 0.13214471 0.13499863 0.15491576 0.15268399 0.14286557 0.13518372 0.16654845 0.17453531 0.12619373 0.13076207 0.20637793 0.13994702 0.15772437 0.13108753 0.20939640 0.17244228 0.13536127 0.13296295 0.19963505 0.22428556 0.18050967 0.13470012 0.16869145 0.17826853 0.15022794 0.19056716 0.18474561 0.15328725 0.14286056 0.13748733 0.15402178 0.21517038 
0.09505629 0.23262247 0.18441344 0.14112537 0.17688892 0.13075259 0.14607881 0.14047565 0.15608270 0.26825784 0.13012332 0.17796532 0.17288626 0.15837586 0.16134058 0.15421864 0.17484702 0.21967762 0.22550670 0.33004400 0.21488785 0.09771473 0.00000000 0.22812557 0.16928322 0.11133931 0.15815665 0.14657531 0.13653928 0.12783873 0.21511221 0.11066430 0.14006243 0.16013920 0.11976054 0.09190947 0.13879512 0.18560302 0.15368524 0.15030071 0.12198483 0.08856243 0.14364899 0.21490475 0.15715707 0.13368724 0.14070387 0.13959372 0.14218152 0.10941348 0.19468507 0.15252425 0.19366658 0.13503351 0.13625409 0.17912928 0.14736488 0.15170064 0.13429505 0.14270941 0.12171347 0.08593564 0.22276933 0.19344063 0.14617529 0.13531397 0.15593283 0.37033635 0.12948718 0.11791373 0.14317506 0.13740494 0.17137846 0.22872869 0.18198059 0.21503977 0.21845824 0.18144187 0.22031765 0.37357186 0.15340907 0.17830318 0.19039761 0.14645590 0.11609320 0.14610254 0.12452568 0.15367206 0.14744393 0.12982739 0.20493623 0.10927110 0.15028535 0.14826342 0.15480886 0.16275333 0.15948040 0.16721669 0.13991734 0.12653327 0.18415991 0.14125347 0.15732150 0.12510192 0.11743125 0.08102867 0.04797959 0.07719417 0.09078776 0.11676071 0.11194095 0.06364225 0.09158232 0.09806467 0.11815435 0.06987979 0.06593733 0.10284569 0.09569121 0.08438452 0.11115735 0.11571257 0.08415809 0.08306324 0.09742568 0.15380576 0.09330271 0.11500882 0.10311832 
0.15220565 0.20927627 0.10360940 0.15469190 0.15918456 0.14922730 0.17164339 0.09577137 0.19316722 0.08691534 0.14277195 0.15624843 0.18079796 0.11520273 0.18667001 0.20939205 0.24688757 0.14857639 0.19043553 0.20259242 0.20750686 0.12476136 0.22812557 0.00000000 0.14643818 0.18503601 0.20360417 0.10626850 0.09919641 0.14715935 0.13985914 0.11641717 0.12385052 0.20681518 0.08713532 0.12694633 0.16726804 0.13206535 0.14083060 0.19450630 0.18733956 0.11016018 0.20254133 0.06531763 0.13471571 0.14518276 0.17972410 0.10712963 0.15016975 0.20107849 0.12906064 0.15859204 0.12780519 0.07612846 0.18405159 0.21345859 0.14095423 0.15685778 0.07753422 0.12225682 0.11392224 0.11694730 0.13228158 0.16808602 0.07791526 0.11270458 0.14104179 0.15975081 0.12382608 0.13759402 0.14586632 0.12648943 0.15210742 0.12798137 0.12924043 0.14789134 0.13281117 0.18401727 0.15667855 0.23962359 0.15694499 0.10748859 0.48756408 0.12935821 0.19149536 0.09761243 0.13317674 0.13271737 0.10365740 0.11941475 0.23787265 0.13704566 0.13924697 0.15958341 0.16388458 0.14950910 0.13875322 0.18479100 0.10210296 0.22490285 0.13797742 0.17107086 0.19875776 0.20896781 0.13102577 0.15459847 0.14705328 0.13492555 0.16712212 0.12134086 0.12176798 0.19407854 0.09912855 0.13795088 0.13115206 0.15659266 0.14083448 0.12332533 0.14324270 0.16299953 0.18978269 0.17294426 0.13146228 0.12829154 0.13284119 0.13574726 0.11436627 0.17149947 0.11298186 
0.11823532 0.15924218 0.13679421 0.14184253 0.18126810 0.13903188 0.14135671 0.13113218 0.12328331 0.11725401 0.15707570 0.28316171 0.18022088 0.11037199 0.12370357 0.16947296 0.12638013 0.15079085 0.15677195 0.12491141 0.13251772 0.13830258 0.16928322 0.14643818 0.00000000 0.21528331 0.13765336 0.14828071 0.15170024 0.14533776 0.15630267 0.14759251 0.14526574 0.17267243 0.13721752 0.12686154 0.11515450 0.13764546 0.17376175 0.20701202 0.10784195 0.14828248 0.12126308 0.11777793 0.13977401 0.11740904 0.13030876 0.13395567 0.12820559 0.17672812 0.19090620 0.16509536 0.13515619 0.13368374 0.13382040 0.13329329 0.13231005 0.12926856 0.16246738 0.13240809 0.12837961 0.15819963 0.14547827 0.15158009 0.13913509 0.12288472 0.12927176 0.18851684 0.18155263 0.11390176 0.14524652 0.15515604 0.14970875 0.16635653 0.12421947 0.18583389 0.19720955 0.13403759 0.13738156 0.12906841 0.13577291 0.12272142 0.14696562 0.12535923 0.15285587 0.13280755 0.19094647 0.13591923 0.15374996 0.14784034 0.13852112 0.15515982 0.13866547 0.13581742 0.13643209 0.15213801 0.14238372 0.12170491 0.16151406 0.10565242 0.11818584 0.14458192 0.15579814 0.13403481 0.16102500 0.16329987 0.14130316 0.15392939 0.16881202 0.17096508 0.18419151 0.17073669 0.17707796 0.15444044 0.15819808 0.15863415 0.14812068 0.14478367 0.16540343 0.13387573 0.15121533 0.19935285 0.13997697 0.15658022 0.15586448 0.19979958 0.14367771 0.12869256 0.11194786 
0.21163449 0.11339394 0.15893936 0.17154716 0.15726325 0.13191982 0.10598896 0.14622423 0.10949009 0.11517534 0.15039846 0.13294544 0.14294012 0.07307396 0.11413369 0.13958014 0.13157230 0.07996101 0.11689707 0.08101908 0.21871152 0.19345581 0.11133931 0.18503601 0.21528331 0.00000000 0.19675028 0.17173778 0.19761342 0.13659217 0.12878738 0.18631643 0.13348924 0.05789651 0.10596093 0.12304329 0.09889124 0.19300478 0.15837899 0.12900447 0.15814903 0.19894282 0.10480594 0.12760327 0.13297998 0.15966538 0.11950336 0.14505542 0.07819494 0.15507951 0.18698583 0.21037918 0.07787483 0.16448353 0.10766096 0.15284578 0.13097443 0.13910226 0.12216134 0.11189618 0.15288237 0.12714545 0.15456349 0.11422787 0.17847993 0.13361045 0.08260373 0.12492855 0.16610618 0.11429403 0.13000114 0.18667051 0.15062543 0.13013222 0.14915269 0.19907331 0.08592855 0.12959397 0.15202436 0.11094123 0.11341000 0.09288708 0.20316273 0.14342605 0.13910596 0.17692781 0.15410735 0.13152485 0.12404981 0.10465949 0.10180491 0.17715501 0.16747249 0.14128629 0.13181675 0.19183710 0.12279129 0.17273884 0.17259130 0.13715544 0.15680458 0.13391883 0.18831284 0.17813326 0.15757528 0.17187935 0.19160146 0.20105021 0.21001095 0.17351070 0.14560563 0.22234000 0.19065165 0.15621322 0.17022860 0.19797989 0.19736015 0.21850594 0.17245383 0.16122828 0.17996136 0.19000697 0.18658366 0.13797893 0.20513544 0.19217201 0.18600833 0.13536393 0.15759697 
0.14648488 0.26516467 0.10885757 0.10555945 0.13170259 0.09991890 0.14143794 0.11684252 0.16642159 0.13861473 0.14956588 0.13468289 0.08976525 0.15445925 0.17742521 0.17232964 0.19328101 0.16451048 0.11853009 0.17899476 0.21139081 0.06489085 0.15815665 0.20360417 0.13765336 0.19675028 0.00000000 0.21797711 0.19665753 0.15711346 0.17139554 0.11000313 0.11122997 0.16872959 0.09959992 0.11635873 0.13282995 0.22174139 0.10290415 0.13754261 0.10269648 0.11795139 0.13485504 0.20022979 0.13743980 0.11704304 0.18385594 0.14039383 0.12520849 0.13460613 0.10384027 0.21241850 0.28656776 0.16302989 0.17208575 0.21478961 0.12923233 0.11180551 0.14887317 0.12675352 0.14210490 0.13327498 0.12112327 0.13439715 0.13197427 0.10294416 0.16890745 0.16645600 0.14805001 0.19399053 0.13094220 0.10516888 0.07296054 0.15107712 0.13573326 0.13971992 0.11225614 0.14638424 0.21362861 0.22610500 0.20551552 0.17008980 0.38850694 0.10524623 0.57413485 0.15342437 0.13276644 0.14646467 0.11758456 0.11461464 0.13129665 0.11624996 0.30435773 0.16071973 0.24063103 0.14374112 0.15859022 0.11974933 0.10554909 0.12013605 0.15660028 0.12633641 0.11031516 0.13261467 0.16535685 0.13163050 0.13848310 0.10846730 0.10913508 0.10756625 0.13286191 0.10842702 0.12959225 0.13676129 0.14698590 0.16231942 0.11184876 0.13563444 0.11612936 0.12815559 0.11400716 0.10438011 0.10332424 0.10030823 0.14472648 0.15514527 0.19013099 0.12821579 0.15615087 
0.16452797 0.33485224 0.10485566 0.09143326 0.14316901 0.08266021 0.11062146 0.25885779 0.14596306 0.10970399 0.13446270 0.16121177 0.12006672 0.14115205 0.15830148 0.14732298 0.17451156 0.15996609 0.11644842 0.18095891 0.55620744 0.16299184 0.14657531 0.10626850 0.14828071 0.17173778 0.21797711 0.00000000 0.12771202 0.19421947 0.11992387 0.15714222 0.11660585 0.13844894 0.13201955 0.11976529 0.15877907 0.15751249 0.08560534 0.18405523 0.11986360 0.22789805 0.06283675 0.10534709 0.11349604 0.13513736 0.11587496 0.13918573 0.10927335 0.14824969 0.13833543 0.12695150 0.13220156 0.13263690 0.11163766 0.17719132 0.13090793 0.12918912 0.08540441 0.13516957 0.10606486 0.16646242 0.05536259 0.18313829 0.15683309 0.09320497 0.17057674 0.10327761 0.14537304 0.08799181 0.17187873 0.12860950 0.18030038 0.17182206 0.15030920 0.14142764 0.12204180 0.11495781 0.23073733 0.13347004 0.11322298 0.17386498 0.14330433 0.16273252 0.13331411 0.13025540 0.09922107 0.13505810 0.14793744 0.26652480 0.17741186 0.15109445 0.17192305 0.13528705 0.15740283 0.10132032 0.12765266 0.06658154 0.15082638 0.25240134 0.14592833 0.27850697 0.17530830 0.21310891 0.12379026 0.14278754 0.17222758 0.14598901 0.12437297 0.14930591 0.12402716 0.17749093 0.17575790 0.16785333 0.14594727 0.14646673 0.13581517 0.13400545 0.11005053 0.17233552 0.14413837 0.11408032 0.15270633 0.14417988 0.10756137 0.12593247 0.15873900 0.17745445 0.14525082 
