0.00000000 0.55952076 0.45105907 0.40317319 0.31702600 0.29650979 0.36537080 0.24501818 0.27636830 0.33006867 0.29776405 0.30107000 0.31657341 0.31214652 0.26472458 0.32580136 0.22737851 0.24648853 0.25428116 0.28803107 0.29754553 0.27836635 0.26158270 0.32076122 0.30999163 0.27366123 0.25903061 0.24142353 0.27917782 0.24342188 0.28137859 0.27963559 0.25784945 0.26163817 0.26329194 0.29466830 0.33189385 0.26504691 0.28509140 0.30459141 0.29260479 0.24564370 0.29181574 0.25084551 0.24477733 0.31199005 0.30638446 0.25851587 0.29675907 0.26924233 0.23714232 0.32151629 0.30944001 0.31511901 0.29930626 0.37784813 0.31270551 0.28502448 0.31663922 0.26660173 0.29300372 0.24578380 0.27751833 0.35543197 0.27574928 0.29240606 0.26551814 0.26918779 0.30111576 0.29273409 0.28699566 0.27259702 0.29064782 0.26836918 0.27370239 0.22518686 0.28754019 0.26512238 0.26794939 0.31868342 0.27710496 0.29029595 0.28213242 0.34857348 0.33401245 0.23315628 0.30517524 0.24621845 0.30375840 0.23205355 0.29056801 0.28230762 0.27795958 0.26126773 0.28879165 0.36493119 0.24639793 0.26641347 0.32714516 0.29205172 0.27169864 0.33904450 0.38643392 0.31797816 0.26602594 0.31254679 0.30269251 0.29619826 0.27365649 0.26938014 0.33075450 0.27933240 0.27386352 0.28930220 0.31917767 0.28631832 0.38414520 0.27746392 0.27606007 0.24011474 0.25309892 0.29574700 0.27685255 0.32231217 0.33672900 0.33982872 
0.55952076 0.00000000 0.54786521 0.49576260 0.38421251 0.36229266 0.31622457 0.20358006 0.38458304 0.34758848 0.29792749 0.28689379 0.34285674 0.28799421 0.23996411 0.24092991 0.23342432 0.28107407 0.23165624 0.30848728 0.32161562 0.29773835 0.21483512 0.27890360 0.27780915 0.32013177 0.24095314 0.24413220 0.33169861 0.26398973 0.30721025 0.30140588 0.28922924 0.23959774 0.23033139 0.29104541 0.29529506 0.22221974 0.27828647 0.34135642 0.24152625 0.22633344 0.26394031 0.27899697 0.27274863 0.29206976 0.32591789 0.24245486 0.28948996 0.28236127 0.24376032 0.34125529 0.27250492 0.35237011 0.30003427 0.31118233 0.31411768 0.24494460 0.29097259 0.27209810 0.27196776 0.23629364 0.32075838 0.29939015 0.29765592 0.32078093 0.30399262 0.28088690 0.32029982 0.24823631 0.31536763 0.27045009 0.29320323 0.25671470 0.29585852 0.23791158 0.28125157 0.30952073 0.21772010 0.31821435 0.32375017 0.28501875 0.30595246 0.39037531 0.23812755 0.25275637 0.27699685 0.23640947 0.27294468 0.33167375 0.23874723 0.30469333 0.30617228 0.24987443 0.27787475 0.28402090 0.24494694 0.26425921 0.25742898 0.29849183 0.27458294 0.35658760 0.38092065 0.31744667 0.26697794 0.32831937 0.29731089 0.28284019 0.26608756 0.27796015 0.30025806 0.36642507 0.31008418 0.24066556 0.26543936 0.29911649 0.35761760 0.29295343 0.26895587 0.26478075 0.25328449 0.28424974 0.28836829 0.30823123 0.32681637 0.32603745 
0.45105907 0.54786521 0.00000000 0.68884048 0.40637879 0.38285587 0.29882383 0.14509416 0.36274258 0.26185291 0.36230779 0.23602344 0.32352866 0.31461739 0.22427807 0.27345707 0.23401955 0.31772045 0.20425869 0.33843653 0.35838434 0.31222059 0.22539371 0.30354238 0.26653604 0.30608910 0.21623025 0.27126120 0.30032340 0.26873400 0.31249867 0.27868438 0.24875518 0.21260524 0.20490750 0.28416119 0.28082083 0.24460399 0.35669411 0.27002006 0.26103145 0.22044420 0.28326721 0.32406998 0.26460673 0.28964464 0.29240314 0.24427020 0.27096279 0.23583295 0.24145052 0.27043192 0.34687421 0.32777651 0.28421756 0.27550115 0.25746417 0.23708470 0.24470163 0.32327611 0.32368817 0.24623677 0.37529579 0.28422472 0.25858610 0.28879601 0.19785396 0.26135070 0.35523251 0.28546976 0.27555841 0.29342525 0.28992153 0.26610159 0.23922088 0.24726559 0.35466486 0.27051839 0.28598611 0.37118745 0.33398044 0.28670024 0.29540053 0.28066803 0.24416395 0.27810924 0.32534373 0.27468539 0.27247643 0.23808662 0.24358005 0.24628213 0.32991511 0.35360116 0.29940010 0.24754818 0.32250447 0.25226855 0.36125360 0.39060829 0.25939392 0.30008094 0.33678632 0.30588742 0.31580936 0.25240101 0.24828136 0.28884865 0.26928743 0.24528084 0.26906973 0.26975862 0.32488555 0.27389884 0.31811812 0.31831555 0.33659455 0.32897179 0.35363142 0.29942114 0.29779136 0.30774906 0.35372415 0.30911978 0.30975771 0.34147259 
0.40317319 0.49576260 0.68884048 0.00000000 0.72771761 0.41619692 0.42977946 0.19936318 0.34075870 0.28944449 0.29139340 0.23096385 0.26190978 0.31207090 0.35381729 0.24378625 0.24651204 0.34842296 0.26444340 0.31321052 0.34226812 0.23627582 0.23285088 0.25139144 0.42033668 0.37870614 0.30220817 0.33818432 0.48907592 0.27192164 0.38319018 0.30822761 0.30204849 0.21739276 0.27254621 0.28090062 0.34441329 0.20321140 0.30316687 0.25120885 0.25127027 0.23794083 0.33329963 0.24579357 0.23396357 0.33073400 0.32049013 0.26682002 0.32758949 0.28579483 0.27863211 0.34277236 0.20013493 0.24552182 0.33297601 0.27414217 0.26367083 0.28450744 0.18051747 0.23204485 0.26100329 0.20504176 0.24637016 0.24683524 0.29421664 0.27651068 0.16954658 0.16594363 0.28534504 0.28185404 0.31314403 0.24074970 0.33251073 0.31342994 0.24014098 0.27705750 0.30546487 0.28399423 0.21256172 0.21465479 0.22293036 0.36123964 0.37719043 0.36691995 0.19852275 0.25459361 0.27498178 0.29635196 0.27817174 0.26036447 0.23101054 0.22917357 0.23512669 0.28711078 0.27515607 0.31846528 0.26418845 0.26221628 0.27493157 0.34766385 0.22081413 0.34673077 0.30474515 0.36560963 0.25453116 0.24665494 0.37505569 0.28089547 0.25065751 0.25905997 0.36020458 0.25338945 0.24807106 0.33496422 0.26218369 0.30892849 0.33761792 0.36544711 0.33132961 0.32231341 0.26076408 0.29884668 0.27320898 0.33600082 0.32526892 0.31128720 
0.31702600 0.38421251 0.40637879 0.72771761 0.00000000 0.85733291 0.42529144 0.20566721 0.41769382 0.14830882 0.35916659 0.17427330 0.37003399 0.30480685 0.27886882 0.29179885 0.35106003 0.37282554 0.34822815 0.17279911 0.18493683 0.32977385 0.35678473 0.29337177 0.38632418 0.40590161 0.30322370 0.32774004 0.85397805 0.21984181 0.43593070 0.30741218 0.44318786 0.18198655 0.23313127 0.24727002 0.25121695 0.13321862 0.34234563 0.30323867 0.16898071 0.29050130 0.40784718 0.31794091 0.23466702 0.30233352 0.34325818 0.33579677 0.28218345 0.31100924 0.48366721 0.36766207 0.27414707 0.31547348 0.28439595 0.24200231 0.08009238 0.35938399 0.21631863 0.35597257 0.22335794 0.17887262 0.22302097 0.31380943 0.21669694 0.31250476 0.20384152 0.18927876 0.28017797 0.30051815 0.26878589 0.15728433 0.29573337 0.28022520 0.23736278 0.31912972 0.38701506 0.37908191 0.19232305 0.25749239 0.25767743 0.27009347 0.23018246 0.19376510 0.18509439 0.29924022 0.25958620 0.27673427 0.25722453 0.30962480 0.23553349 0.19453922 0.15345594 0.16850446 0.18036975 0.22792433 0.21511097 0.29243220 0.33938925 0.29539941 0.23157961 0.23776860 0.30925118 0.41027103 0.28530134 0.21650663 0.23677608 0.29842463 0.35847634 0.32942689 0.39474999 0.19603843 0.21512975 0.23841845 0.24294994 0.29632161 0.41535742 0.39112899 0.24980840 0.29736946 0.87739119 0.29268196 0.18820429 0.25280032 0.23651976 0.26593820 
0.29650979 0.36229266 0.38285587 0.41619692 0.85733291 0.00000000 0.34766348 0.62288742 0.30106547 0.24184234 0.16177813 0.15745192 0.32271043 0.36101938 0.13901987 0.22545506 0.15775372 0.17855736 0.15549535 0.24359850 0.30817493 0.23645455 0.13307045 0.20254572 0.33148268 0.32199717 0.16537522 0.28140769 0.32564114 0.98030023 1.44270450 0.29556732 1.55818645 0.20709764 0.35449594 0.23037303 0.26061575 0.27227640 0.33978559 0.19222218 0.33675942 0.26202532 0.38366888 0.23320862 0.21672162 0.23709057 0.34816036 1.17484823 0.66450407 0.93486392 0.87496499 0.33789853 0.23980455 0.34500136 0.14999315 0.24001304 0.10246915 0.19896884 0.11609791 0.28301588 0.22743489 0.29904035 0.20581415 0.28108779 0.20063840 0.29844854 0.08253528 0.19804546 0.32646782 0.13576473 0.26067836 0.21804457 0.34386177 0.32497626 0.28493028 0.23583338 0.29897934 0.23656894 0.32991187 0.31644351 0.36958593 0.13630357 0.35053656 0.16623195 0.23151626 0.12762074 0.12704000 0.22560671 0.15361231 0.31581926 0.05413047 0.17818488 0.23922798 0.17030962 0.22871676 0.25630556 0.17281269 0.26205643 0.31066171 0.10137437 0.19329984 0.18946631 0.17596667 0.30577183 0.17682481 0.21725430 0.21202887 0.22576807 0.20212742 0.14725279 0.26932711 0.23316399 0.29075462 0.25401694 0.26677319 0.28355185 0.17609041 0.27510772 0.19365756 0.24279829 0.35054461 0.24655476 0.29241377 0.30011933 0.22997201 0.23474495 
0.36537080 0.31622457 0.29882383 0.42977946 0.42529144 0.34766348 0.00000000 0.56124745 0.46834447 0.34478366 0.31643954 0.34684096 0.38014151 0.19602803 0.19373443 0.27437754 0.29009815 0.25514221 0.27157089 0.30376113 0.24953244 0.19987486 0.25788263 0.79104067 0.24733028 0.29452853 0.31072803 0.30031725 1.26360399 0.36217068 0.18524377 0.47221469 0.24981792 0.28244934 0.29895194 0.27193141 0.18731872 0.12710119 0.23250067 0.24199353 0.33156288 0.25485670 0.22681435 0.27850441 0.23831296 0.32456581 0.26026942 0.21089038 0.29550461 0.27606819 0.29671264 0.75639491 0.24466435 0.54526591 0.18723703 0.30937035 0.30161362 0.27538724 0.29901859 0.43681362 0.18008317 0.21148113 0.20290785 0.29613627 0.29056742 0.28878803 0.30284634 0.20588779 0.31256690 0.20319563 0.22456343 0.26834748 0.29263520 0.17114958 0.25283590 0.19394984 0.19552794 0.28462782 0.34962008 0.30588419 0.26826917 0.14248762 0.34305456 0.32984001 0.37805937 0.17782758 0.19917390 0.17180067 0.35305630 0.32104217 0.23136177 0.16758384 0.35396782 0.28095600 0.27145372 0.23436594 0.29571560 0.25114827 0.33619179 0.15957295 0.21253168 0.22359285 0.27659149 0.32424547 0.30041261 0.36614927 0.26638360 0.22776460 0.24464090 0.19426692 0.16988240 0.26050744 0.28164031 0.32992158 0.15494208 0.31794994 0.53793107 0.19735447 0.20095309 0.22393871 0.35106630 0.35209581 0.25353258 0.35484248 0.27616352 0.29630255 
0.24501818 0.20358006 0.14509416 0.19936318 0.20566721 0.62288742 0.56124745 0.00000000 0.41799925 0.50617491 0.24759698 0.31894343 0.25901556 0.22677571 0.28309455 0.16450078 0.22043791 0.28991184 0.25748376 0.32794918 0.21128326 0.34626927 0.37158176 0.22743948 0.20769349 0.30215040 0.19686747 0.26109989 0.30034481 0.20217679 0.29303840 0.21372796 0.47165883 0.33034538 1.56455340 0.09113238 0.24916665 0.25565082 0.21297733 0.31998086 1.29304936 0.26425535 0.22683735 0.51038790 0.68955196 0.32376439 0.23689460 0.35994730 0.36231389 1.00917616 0.46422838 0.34428031 0.41743275 0.31256960 0.29096377 0.25633655 0.16990615 0.25454454 0.33487199 0.19269350 0.19285628 0.24129302 0.20288539 0.26203346 0.17429673 0.31807115 0.33000130 0.35337919 0.16645770 0.28237430 0.27295152 0.35901046 0.19729502 0.19004513 0.28323019 0.26535433 0.26815828 0.22144729 0.20436348 0.30760594 0.23076959 0.28978127 0.29559443 0.28265431 0.28794421 0.30332174 0.17613091 0.17132811 0.15982167 0.31439639 0.26601736 0.18635551 0.28550925 0.27857715 0.15718803 0.26036759 0.26653745 0.26019673 0.17853514 0.14204219 0.25735557 0.30716559 0.21438777 0.27676644 0.24101316 0.26279204 0.28881404 0.19983515 0.19989610 0.22657242 0.22276790 0.22259139 0.30500505 0.18954204 0.22006797 0.28007015 0.27535410 0.25389374 0.29499782 0.21241941 0.28271196 0.39530984 0.22638132 0.27071082 0.25535874 0.25497600 
0.27636830 0.38458304 0.36274258 0.34075870 0.41769382 0.30106547 0.46834447 0.41799925 0.00000000 0.41244138 0.67692280 0.29504443 0.25499980 0.21429614 0.13417541 0.37987188 0.69228319 0.21929944 0.31096423 0.99887239 0.76609160 0.25065246 0.21573002 0.69642161 0.24526908 0.17255345 0.24519092 0.23784264 0.30980784 0.29533721 0.20536710 0.91346092 0.28855444 0.73502156 0.39435179 0.14380697 0.30815896 0.27753295 0.18119757 0.32359070 0.38877805 0.30449543 0.33050254 0.17503203 0.19086957 0.11944035 0.14008778 0.13392547 0.16133106 0.38405923 0.26680260 0.34133147 0.22671551 0.49013378 0.23586272 0.28907749 0.26887573 0.24575354 0.40272223 0.23537768 0.25411795 0.20243737 0.29369410 0.34627598 0.29525459 0.10673694 0.24855563 0.21432229 0.21363594 0.13706665 0.31130411 0.26497528 0.11587551 0.18768213 0.22696249 0.23127524 0.20094976 0.22984428 0.26469992 0.25569629 0.30989656 0.20688152 0.44590846 0.27923884 0.36079060 0.30676175 0.25947623 0.33241927 0.28770312 0.20270733 0.36150782 0.24131011 0.16586999 0.05835360 0.29441226 0.21888002 0.19812569 0.22582695 0.29974633 0.31973753 0.24192524 0.22834568 0.32145034 0.24224668 0.12108991 0.27714561 0.40269382 0.52853265 0.30333390 0.21910077 0.24061041 0.26472080 0.28912359 0.19936784 0.25672050 0.11912686 0.41962111 0.20562131 0.17492948 0.23789569 0.24254291 0.24868084 0.37280880 0.30652761 0.32175617 0.33048156 
0.33006867 0.34758848 0.26185291 0.28944449 0.14830882 0.24184234 0.34478366 0.50617491 0.41244138 0.00000000 0.46567600 0.40344932 0.23523247 0.19295132 0.18768354 0.33842964 0.27934442 0.24127174 0.29995899 0.12380625 0.14866421 0.21755191 0.16586925 0.17654464 0.24866971 0.24001642 0.15839878 0.24490631 0.11561004 0.27525889 0.16982956 0.26297569 0.22543179 0.35901198 0.71135511 0.20908466 0.38654981 0.80503120 0.22563035 0.28356330 1.83129361 0.29052802 0.30764716 0.21554223 0.27344640 0.21434857 0.19945739 0.11879271 0.13506770 0.30802029 0.35877670 0.17033626 0.97740144 0.41653658 0.55721942 0.40751119 0.25983530 0.36401477 1.26826378 0.29106453 0.38650118 0.29207427 0.31907433 0.37063354 0.19513856 0.30631000 0.69752607 0.29716540 0.28245761 0.20279486 0.30311870 0.21388338 0.22492722 0.22842847 0.17551997 0.16873574 0.22113907 0.19293704 0.26000003 0.29509648 0.12660139 0.20268364 0.24011687 0.30150397 0.31643278 0.21618713 0.27906144 0.29888965 0.25348040 0.06476273 0.23305364 0.15014882 0.27601112 0.23452489 0.21704378 0.23293169 0.22748941 0.15515169 0.33821903 0.32250606 0.27783300 0.26445923 0.26673467 0.23373042 0.23335411 0.26660519 0.33965898 0.20036848 0.16988914 0.26685086 0.28524225 0.23136494 0.22904410 0.10977081 0.28101265 0.25176508 0.17516571 0.24311815 0.16938953 0.34633073 0.26878869 0.22965813 0.29084813 0.25311147 0.33314268 0.30620560 
0.29776405 0.29792749 0.36230779 0.29139340 0.35916659 0.16177813 0.31643954 0.24759698 0.67692280 0.46567600 0.00000000 0.78813544 0.66412942 0.27411100 0.21297613 0.34041680 1.35976616 0.27966312 0.57966097 0.20499099 0.58391183 0.32249907 0.12349594 0.23347236 0.13846933 0.26335883 0.09641682 0.32247526 0.26980221 0.27809220 0.20099327 0.27721540 0.19290009 0.45119406 0.31683666 0.41853249 0.23569098 0.36692854 0.10383590 0.20758997 0.41760629 0.32279961 0.24515281 0.13701294 0.28324983 0.22580957 0.16209079 0.18228163 0.17631442 0.13486815 0.22144782 0.19650768 0.24512772 0.28330136 0.64536387 0.51776945 0.40914287 0.18497087 1.03536959 0.42887871 0.23266605 0.28215299 0.26669068 0.43801564 0.22966413 0.27235657 0.24916631 0.26428919 0.22761438 0.10072680 0.26224585 0.21364507 0.17457256 0.06581328 0.09775110 0.09552234 0.15888677 0.11967344 0.25611930 0.23615502 0.24282708 0.28369572 0.41813859 0.45903047 0.52307460 0.30223535 0.33179310 0.21442930 0.24640853 0.17724178 0.36328622 0.28015829 0.26368055 0.10758787 0.24601202 0.36300110 0.16977552 0.15766421 0.30116791 0.28519045 0.22572894 0.26826330 0.29489882 0.29282068 0.13910455 0.76850509 0.35118852 0.20140565 0.27300361 0.31310068 0.18807026 0.26606805 0.28559749 0.11152948 0.12110124 0.24204059 0.22445251 0.13247414 0.15922859 0.41417945 0.22219092 0.19421222 0.27320306 0.30569279 0.32125371 0.33102529 
0.30107000 0.28689379 0.23602344 0.23096385 0.17427330 0.15745192 0.34684096 0.31894343 0.29504443 0.40344932 0.78813544 0.00000000 0.38417508 0.31203152 0.21030089 0.46287453 0.25013507 0.27304467 0.21366672 0.23906315 0.27987840 0.22247359 0.25471138 0.26569449 0.29555170 0.27122444 0.20356000 0.27357453 0.30199194 0.22939870 0.24647249 0.27640776 0.14989428 0.21074589 0.28026134 0.16367065 0.30753451 0.33361423 0.23798673 0.22847517 0.22348274 0.18843089 0.25017173 0.17587416 0.18591035 0.20098261 0.25700556 0.22784619 0.27090994 0.18707371 0.27000553 0.28798888 0.23005842 0.31068595 0.32165380 1.14675563 0.64060814 0.44307282 0.74099641 0.61443771 0.22570071 0.25577567 0.45463129 0.54683317 0.21984792 0.23303043 0.24028139 0.19533822 0.29374606 0.19746217 0.26591233 0.26053514 0.24409608 0.20759386 0.25724210 0.21387608 0.24773775 0.26870221 0.23266374 0.31342714 0.32513718 0.28906112 0.34345740 0.81454250 0.85965533 0.37072451 0.26114914 0.25432074 0.17063080 0.21768478 0.24763946 0.26626854 0.20408361 0.17482981 0.30683329 0.26147245 0.23294260 0.20130841 0.27673649 0.18723168 0.19543283 0.18413070 0.33024372 0.31980514 0.17973443 0.90546363 0.32509393 0.28083618 0.28285995 0.22016367 0.21232701 0.20029762 0.30112068 0.20418054 0.16697255 0.20331771 0.27781963 0.23349441 0.19410536 0.21424036 0.28436891 0.27214135 0.26983107 0.28926815 0.31757742 0.29547567 
0.31657341 0.34285674 0.32352866 0.26190978 0.37003399 0.32271043 0.38014151 0.25901556 0.25499980 0.23523247 0.66412942 0.38417508 0.00000000 0.41894298 0.66684354 0.72469951 0.50398496 0.34422015 0.53192444 0.31844864 0.22531225 0.38668572 0.38101342 0.27354144 0.23715886 0.22203511 0.28049361 0.27015570 0.22932597 0.24483944 0.17171289 0.27630331 0.25858705 0.23986835 0.20782137 0.20166226 0.25226280 0.23740496 0.22816815 0.27750251 0.28486127 0.32646143 0.20191073 0.30870973 0.19292669 0.20275701 0.14998155 0.18757476 0.09402664 0.27011102 0.27813414 0.30089309 0.19688425 0.34104575 0.23834134 0.33138304 0.39785820 0.38458944 0.22924871 0.28937843 0.26871956 0.25412219 0.24397749 0.39040057 0.34726212 0.19496826 0.18026098 0.25683664 0.18217257 0.08636460 0.16948490 0.34431800 0.13634251 0.15598856 0.19620666 0.21602697 0.27818417 0.19550539 0.32463527 0.26578389 0.21751688 0.52271753 0.33629824 0.33405802 0.47438363 0.53585750 0.29490240 0.48687185 0.26764493 0.38363214 0.32079095 0.22369322 0.36364234 0.28506960 0.40066131 0.35933815 0.17058041 0.31230035 0.37451508 0.34074215 0.23289320 0.36377501 0.45345397 0.22902639 0.34969417 0.33235277 0.65081817 0.26993536 0.28050566 0.31717872 0.31874987 0.30247033 0.28317420 0.27755197 0.23893153 0.28454968 0.30688299 0.24487883 0.25554424 0.18222680 0.15707857 0.14088955 0.30785953 0.28107619 0.33851606 0.30373736 
0.31214652 0.28799421 0.31461739 0.31207090 0.30480685 0.36101938 0.19602803 0.22677571 0.21429614 0.19295132 0.27411100 0.31203152 0.41894298 0.00000000 0.86706268 0.32723072 0.84707042 0.81918168 0.31954840 0.20225965 0.29437249 0.42282977 0.24007391 0.26373681 0.40474377 0.33772276 0.25976563 0.34809439 0.17249497 0.38112416 0.41756495 0.36342322 0.35216324 0.68881834 0.28811172 1.16207597 0.25980788 0.15094361 0.34206756 0.33968435 0.18498292 0.28060439 0.39745345 0.36710170 0.22920043 0.27440213 0.40038439 0.28670571 0.43026678 0.17782614 0.42459267 0.25447630 0.23596516 0.12798221 0.17887409 0.25712988 0.31769473 0.31347031 0.16306287 0.26344182 0.25019424 0.15844406 0.24959751 0.25659525 0.19516903 0.33688018 0.27734041 0.24146041 0.31411763 0.22832502 0.28225887 0.29001516 0.26537789 0.34393752 0.23701343 0.26455529 0.33337490 0.26170558 0.25958367 0.21693403 0.22792003 0.17666160 0.19411313 0.19011196 0.27901101 0.22837977 0.35290032 0.28339510 0.24373225 0.33132641 0.29775762 0.28331088 0.30498417 0.35817234 0.24833629 0.28166735 0.21501345 0.34098301 0.32454663 0.17513266 0.24981716 0.28497240 0.20892479 0.31139033 0.29504349 0.25337483 0.21893192 0.25895361 0.29540281 0.29598904 0.24157839 0.26526910 0.29960754 0.23986969 0.29748571 0.19796245 0.26342473 0.30001570 0.26109431 0.31131985 0.19834967 0.26797893 0.27359999 0.28865242 0.29778819 0.29837757 
0.26472458 0.23996411 0.22427807 0.35381729 0.27886882 0.13901987 0.19373443 0.28309455 0.13417541 0.18768354 0.21297613 0.21030089 0.66684354 0.86706268 0.00000000 0.55426922 0.57736912 0.73112170 0.99679304 0.40750708 0.34697812 0.76739993 0.60126467 0.24587608 0.21772279 0.48600146 0.31248072 0.30721993 0.41332793 0.17863626 0.42595786 0.21427397 0.31679874 0.40687200 0.16928973 0.26914030 0.27932974 0.08480760 0.20029468 0.24204474 0.12672202 0.19456561 0.24016579 0.12595186 0.23188461 0.30765586 0.28957046 0.34000670 0.27217093 0.21079132 0.38575314 0.31398999 0.13753878 0.31743675 0.22536533 0.25530128 0.32984733 0.53716461 0.23657428 0.33574535 0.19851191 0.17234968 0.29477145 0.22443111 0.17014285 0.20461772 0.23095112 0.26471694 0.31607882 0.17944559 0.20391938 0.22682097 0.31437396 0.41153771 0.41179734 0.18576342 0.28099083 0.18093793 0.22550128 0.26770048 0.26571672 0.27596709 0.39218171 0.18875475 0.47161571 0.42453046 0.36282377 0.42819319 0.27823006 0.26985920 0.30857109 0.27464318 0.25332456 0.27266886 0.20281667 0.27719631 0.33596067 0.31524693 0.21289243 0.30011752 0.20276465 0.20468883 0.26956788 0.19698306 0.43104155 0.34693674 0.22319044 0.24797032 0.36628077 0.55527529 0.45143913 0.18884069 0.24954905 0.33434898 0.32784720 0.24807795 0.16031490 0.27119740 0.31895651 0.33568137 0.14071712 0.37743429 0.30055885 0.23555920 0.22592125 0.28493021 
0.32580136 0.24092991 0.27345707 0.24378625 0.29179885 0.22545506 0.27437754 0.16450078 0.37987188 0.33842964 0.34041680 0.46287453 0.72469951 0.32723072 0.55426922 0.00000000 0.42870531 0.32203089 0.73131650 0.48320003 0.30013652 0.35467295 0.51447745 0.27533193 0.27603547 0.50943323 0.37892907 0.22985305 0.37153452 0.24556486 0.09712057 0.23176020 0.17905982 0.24892337 0.19536008 0.23909701 0.18523610 0.18549827 0.17655073 0.14407843 0.27995140 0.23954724 0.20401143 0.19850581 0.25391641 0.10555387 0.17203005 0.17086972 0.17157498 0.13695967 0.36060515 0.32148041 0.28888463 0.35146720 0.42991142 0.37107033 0.41237628 0.45419982 0.44150096 0.29143609 0.20653647 0.28357145 0.21378031 0.27812690 0.30780648 0.16879546 0.20255319 0.37489672 0.15394307 0.16716286 0.22534020 0.22596319 0.15572082 0.17752653 0.17948407 0.14607682 0.27305452 0.22950863 0.31416048 0.22404918 0.24770613 0.41108915 0.51155984 0.17885635 0.68758976 0.34232981 0.37670980 0.46286043 0.22149599 0.25744415 0.38616616 0.27484359 0.27062656 0.25930429 0.15446635 0.38437669 0.20291356 0.20383803 0.18536247 0.39228554 0.26019696 0.27415474 0.23207616 0.37892125 0.45419768 0.43251431 0.45056755 1.14576951 0.31336036 0.34951055 0.18954876 0.35484339 0.37002673 0.29409007 0.27163884 0.23353809 0.34358701 0.26365079 0.25534932 0.24737325 0.24277051 0.18622210 0.23518571 0.29438804 0.25253925 0.31635910 
0.22737851 0.23342432 0.23401955 0.24651204 0.35106003 0.15775372 0.29009815 0.22043791 0.69228319 0.27934442 1.35976616 0.25013507 0.50398496 0.84707042 0.57736912 0.42870531 0.00000000 0.45355402 0.28542156 0.52787714 0.66612501 0.20356199 0.23665348 0.24990609 0.28960550 0.33721759 0.18980925 0.30379289 0.18998023 0.17879428 0.18890609 0.36517748 0.23149749 2.90007388 0.53040841 2.40629631 0.43023958 0.33420950 0.25455174 0.43326226 0.19008641 0.19717936 0.26436943 0.23834096 0.14064413 0.09753656 0.36701200 0.18061334 0.20627455 0.23354364 0.22451370 0.12576620 0.27430267 0.31127695 0.20994149 0.25142201 0.37945061 0.25201756 0.47820719 0.15493489 0.20858522 0.17511865 0.27715270 0.35843428 0.22613744 0.18281895 0.32173116 0.28415844 0.11311646 0.18995834 0.29122667 0.14943824 0.11512997 0.22546100 0.24759386 0.21569795 0.15353518 0.10218084 0.13173745 0.11329029 0.16624850 0.25866303 0.17538959 0.32213356 0.25531686 0.24859581 0.29848545 0.33315717 0.17327375 0.21433703 0.19073563 0.10162851 0.11189198 0.16435075 0.20895650 0.22878645 0.21600367 0.06225196 0.13854153 0.34410305 0.17756377 0.05362976 0.16740922 0.25423333 0.15187916 0.20517460 0.19262927 0.16995071 0.25957576 0.22981699 0.17098733 0.25383462 0.26825118 0.23536491 0.20939430 0.18284984 0.18082959 0.18958904 0.14205582 0.13809652 0.20161486 0.28357019 0.26046350 0.31276364 0.25846452 0.28445791 
0.24648853 0.28107407 0.31772045 0.34842296 0.37282554 0.17855736 0.25514221 0.28991184 0.21929944 0.24127174 0.27966312 0.27304467 0.34422015 0.81918168 0.73112170 0.32203089 0.45355402 0.00000000 0.50026809 0.37173569 0.66420573 0.83305046 0.46274890 0.29714648 0.49170449 0.44786705 0.23847169 0.35415327 0.27433299 0.32185455 0.28646242 0.20048596 0.21679879 0.67556673 0.21805343 0.53173016 0.24809640 0.24531891 0.30505278 0.28815810 0.19495754 0.26567606 0.34919994 0.32891282 0.24884286 0.26557649 0.32795940 0.27748712 0.27409971 0.20112713 0.23282991 0.16730291 0.14670347 0.22619267 0.13263934 0.21998634 0.22960687 0.38682271 0.16358831 0.24342306 0.23655894 0.13859939 0.22747976 0.18615319 0.34830763 0.24069400 0.23187796 0.28261395 0.36477679 0.27073755 0.22126891 0.27640746 0.35018134 0.37334909 0.26722889 0.21411108 0.29085548 0.27590590 0.35522637 0.33112480 0.22908920 0.09050254 0.24431770 0.22170554 0.26291915 0.30732271 0.30239634 0.38019124 0.20080637 0.23283576 0.32300327 0.27710020 0.34086889 0.31017140 0.28943441 0.27449761 0.31265291 0.31154315 0.32600126 0.21619907 0.31126692 0.21679654 0.26104787 0.26082985 0.46232611 0.23929763 0.22656154 0.21439344 0.30150293 0.43867101 0.32936316 0.41596327 0.32210282 0.28556871 0.31847471 0.27107541 0.20138266 0.26679031 0.22505350 0.29565487 0.27513594 0.33461275 0.25537870 0.27569104 0.27152969 0.27519400 
0.25428116 0.23165624 0.20425869 0.26444340 0.34822815 0.15549535 0.27157089 0.25748376 0.31096423 0.29995899 0.57966097 0.21366672 0.53192444 0.31954840 0.99679304 0.73131650 0.28542156 0.50026809 0.00000000 0.50463731 0.38057221 0.75516849 0.97316841 0.29389872 0.11603586 0.58162494 0.31355976 0.23425104 0.16174539 0.23837349 0.26845414 0.21982223 0.15595458 0.16497887 0.23415373 0.24174266 0.18705239 0.13008602 0.27457296 0.26222555 0.20258261 0.29949808 0.29893926 0.16952801 0.34210230 0.23858474 0.25140683 0.24063243 0.15332571 0.28703010 0.30365715 0.25546889 0.22202968 0.26492629 0.18758981 0.26675588 0.40345071 0.40203273 0.16277553 0.26025303 0.28983406 0.14000100 0.30951836 0.18118715 0.24140571 0.25598267 0.22854159 0.33307539 0.27848944 0.17306113 0.24212257 0.28042804 0.11369120 0.19587626 0.23720787 0.26576896 0.32474392 0.24250300 0.30699451 0.28960032 0.27800820 0.37757365 0.40944888 0.30451123 0.42759249 0.30591216 0.40288141 0.25447379 0.52491662 0.34095188 0.46308017 0.21964441 0.27688828 0.19153516 0.20790575 0.22692083 0.33172944 0.33544611 0.30589165 0.31128090 0.31783068 0.39982328 0.24625448 0.30634288 0.38700683 0.21703110 0.37879130 0.29164336 0.56802213 0.48668809 0.27579805 0.32109413 0.34624663 0.45719783 0.25233584 0.13152848 0.23095258 0.23273721 0.29431755 0.17317184 0.23044415 0.27615839 0.27006886 0.26938995 0.25227855 0.26448642 
0.28803107 0.30848728 0.33843653 0.31321052 0.17279911 0.24359850 0.30376113 0.32794918 0.99887239 0.12380625 0.20499099 0.23906315 0.31844864 0.20225965 0.40750708 0.48320003 0.52787714 0.37173569 0.50463731 0.00000000 0.59744742 0.37461532 0.35339126 0.46585399 0.47071941 0.35053536 0.36123531 0.32579412 0.31644776 0.27755921 0.23702812 0.29233448 0.26988280 0.36349016 0.31320671 0.20121384 0.25005347 0.32262575 0.28458031 0.23367136 0.28286140 0.19661794 0.17064613 0.23085484 0.26586028 0.18780581 0.24630397 0.13586161 0.22121156 0.23166312 0.16114383 0.28191653 0.17134073 0.37434077 0.13125583 0.29700260 0.22442921 0.24348957 0.20511495 0.36068988 0.24504509 0.15170055 0.17280552 0.27088217 0.30556180 0.15793895 0.20463580 0.28477251 0.15556050 0.20106553 0.24670826 0.34729398 0.20019652 0.19719290 0.39411748 0.22577392 0.22179834 0.32132900 0.18836046 0.23764235 0.17980122 0.27036791 0.99108759 0.31709384 0.27511237 0.26306857 0.34206476 0.26731852 0.22017050 0.23322035 0.26998175 0.19158983 0.18922846 0.26040213 0.33576152 0.32249482 0.21428640 0.16178471 0.32571094 0.53370015 0.21981982 0.25454776 0.39388720 0.31884130 0.30159262 0.32908683 0.25070349 0.84603978 0.22866350 0.44306783 0.19240666 0.23613690 0.87040434 0.16560155 0.30073086 0.31989441 0.39200591 0.26669572 0.18798031 0.31135790 0.27208812 0.29211717 0.31310341 0.28049594 0.28065846 0.29128935 
0.29754553 0.32161562 0.35838434 0.34226812 0.18493683 0.30817493 0.24953244 0.21128326 0.76609160 0.14866421 0.58391183 0.27987840 0.22531225 0.29437249 0.34697812 0.30013652 0.66612501 0.66420573 0.38057221 0.59744742 0.00000000 0.64705144 0.33793230 0.43612845 1.74886890 0.36788722 0.33775759 0.31080069 0.26583587 0.41522374 0.39304260 0.90828937 0.38995691 2.04833088 0.21887599 0.37755822 0.20802975 0.18515883 0.24081470 0.27508631 0.06536970 0.25555144 0.31590811 0.27245676 0.09348630 0.26678359 0.39584484 0.31104445 0.37971261 0.16232250 0.23028933 0.20704963 0.17789252 0.20070521 0.18305515 0.19419453 0.17502085 0.21908615 0.16145164 0.24600418 0.22618393 0.18430624 0.12483591 0.28271880 0.26204284 0.18548401 0.13293484 0.16016165 0.33054196 0.31509452 0.17376333 0.30261880 0.36735074 0.32696352 0.26511042 0.24031665 0.27152645 0.23456622 0.26385611 0.24326350 0.23791172 0.08687522 0.18844393 0.19430195 0.27859849 0.26761993 0.27329053 0.19446008 0.19581131 0.30272051 0.28493092 0.16248343 0.20589849 0.31700247 0.20837706 0.14718910 0.25197936 0.28418352 0.27878534 0.20507981 0.14241147 0.21410234 0.19481935 0.17504604 0.24920028 0.22294268 0.21485405 0.15043696 0.30393588 0.25127177 0.24580291 0.15536637 0.29407445 0.27865637 0.21811901 0.25472854 0.11928668 0.25131330 0.36716738 0.13545144 0.31371556 0.22945453 0.29440214 0.28535344 0.26433070 0.31962245 
0.27836635 0.29773835 0.31222059 0.23627582 0.32977385 0.23645455 0.19987486 0.34626927 0.25065246 0.21755191 0.32249907 0.22247359 0.38668572 0.42282977 0.76739993 0.35467295 0.20356199 0.83305046 0.75516849 0.37461532 0.64705144 0.00000000 0.86858026 0.26974181 0.53460275 0.85615169 0.47290018 0.26206714 0.21380431 0.28254919 0.36329983 0.32280164 0.24683037 0.24498192 0.15429820 0.25116130 0.13793947 0.19273619 0.15043114 0.18136978 0.34610369 0.31355390 0.27617478 0.20961413 0.33366343 0.30307367 0.32294093 0.41279613 0.35533205 0.20903589 0.28038771 0.24661241 0.24973080 0.25016322 0.16533110 0.24101147 0.35044640 0.30775969 0.13052468 0.22384056 0.37965809 0.19552569 0.24130599 0.16229973 0.20924128 0.16101425 0.20710486 0.34521451 0.24700531 0.28928634 0.25428916 0.31371687 0.29893975 0.27900645 0.35783941 0.26366211 0.24060645 0.22818181 0.30257906 0.18688295 0.22024462 0.08937205 0.25219909 0.20152112 0.23811903 0.24372461 0.45009590 0.36072522 0.39038125 0.34564634 0.25862732 0.35282588 0.25899254 0.30480553 0.15694712 0.22430561 0.30811502 0.32418854 0.30975723 0.20500666 0.25585274 0.27956125 0.23386588 0.28322685 0.51745649 0.20267689 0.26670788 0.25964225 0.35701024 0.61533770 0.50212397 0.34562539 0.26380646 0.26475017 0.26909646 0.21717262 0.23261306 0.32325466 0.30239710 0.23007776 0.36944944 0.18466928 0.23161679 0.26050667 0.23167032 0.30600565 
0.26158270 0.21483512 0.22539371 0.23285088 0.35678473 0.13307045 0.25788263 0.37158176 0.21573002 0.16586925 0.12349594 0.25471138 0.38101342 0.24007391 0.60126467 0.51447745 0.23665348 0.46274890 0.97316841 0.35339126 0.33793230 0.86858026 0.00000000 0.46361858 0.34950473 0.53471689 0.65666957 0.33993040 0.22195233 0.15278144 0.23994272 0.36224748 0.12019785 0.19671217 0.23139773 0.17978046 0.22316574 0.13253991 0.18799746 0.09513728 0.19677894 0.31701216 0.19792847 0.30316805 0.14507729 0.19819142 0.27180508 0.17683888 0.29256082 0.10150024 0.31628092 0.25546330 0.15388857 0.53731492 0.27385694 0.22935279 0.26734472 0.29971010 0.29231080 0.27680891 0.25578355 0.20468485 0.33467467 0.18970827 0.29232636 0.27121320 0.29029430 0.29955521 0.13120895 0.23260804 0.16044588 0.14419386 0.24941211 0.35157687 0.12788415 0.25373162 0.23825289 0.16285458 0.17563686 0.26234389 0.33638422 0.30506984 0.27849983 0.24393990 0.30054942 0.28332846 0.37343702 0.41745199 0.45906764 0.40208847 0.26726057 0.14276742 0.29462974 0.28116240 0.21065260 0.26438619 0.27986506 0.53535739 0.22407041 0.12359058 0.24600245 0.13805524 0.28007128 0.27892052 0.26351802 0.26749156 0.26411748 0.45323194 0.58645082 1.89056998 0.42466363 0.26081271 0.50856166 0.71463891 0.37411419 0.21133412 0.43391824 0.32357212 0.24119542 0.17660651 0.17950520 0.18394776 0.31309596 0.25207428 0.25158185 0.27323746 
0.32076122 0.27890360 0.30354238 0.25139144 0.29337177 0.20254572 0.79104067 0.22743948 0.69642161 0.17654464 0.23347236 0.26569449 0.27354144 0.26373681 0.24587608 0.27533193 0.24990609 0.29714648 0.29389872 0.46585399 0.43612845 0.26974181 0.46361858 0.00000000 0.26590739 0.35467212 0.45629347 0.32051333 0.61740900 0.28253033 0.27545046 0.61831349 0.27587829 0.30639442 0.26253919 0.36311629 0.27410225 0.33896699 0.28368720 0.16943276 0.35361080 0.27254570 0.26495989 0.28025367 0.25573759 0.28551578 0.26682558 0.22726535 0.32778021 0.21727328 0.38498447 0.24633345 0.29626148 0.28468614 0.35536346 0.26878990 0.19027042 0.31587649 0.22493998 0.32017408 0.28575911 0.26324698 0.25766749 0.29837222 0.25444733 0.31843338 0.24309024 0.09564320 0.27560293 0.14602733 0.13305827 0.24917784 0.24948642 0.16377315 0.20504028 0.23947467 0.18820495 0.16418798 0.30063282 0.23749563 0.26865110 0.18694637 0.37360399 0.25569478 0.28039766 0.25053010 0.30607596 0.13946769 0.22420660 0.23737236 0.21958662 0.28238216 0.18989938 0.18067372 0.22410731 0.25237020 0.38899935 0.20104307 0.32585328 0.15050208 0.36311816 0.19212474 0.18578041 0.38960164 0.25660089 0.25562826 0.19610830 0.31837541 0.30517035 0.37085168 0.21975377 0.32712263 0.45220676 0.63433122 0.28891376 0.31254164 1.41121511 0.29696504 0.26044579 0.19295281 0.31562495 0.27079812 0.21945098 0.25446874 0.26572385 0.28208903 
0.30999163 0.27780915 0.26653604 0.42033668 0.38632418 0.33148268 0.24733028 0.20769349 0.24526908 0.24866971 0.13846933 0.29555170 0.23715886 0.40474377 0.21772279 0.27603547 0.28960550 0.49170449 0.11603586 0.47071941 1.74886890 0.53460275 0.34950473 0.26590739 0.00000000 0.41225869 0.38678517 0.53837584 0.25082060 0.53413710 0.67362165 0.75348443 0.41403129 0.25869403 0.27385250 0.42296969 0.21716587 0.25211695 0.26203456 0.30756615 0.16645908 0.21438243 0.34202173 0.34150018 0.26272589 0.38844228 0.43490551 0.37430933 0.40255956 0.16809272 0.24771568 0.25639606 0.24657553 0.24466454 0.12509337 0.32413860 0.29332267 0.19938983 0.18771097 0.25505687 0.22684806 0.30010885 0.21355552 0.23196813 0.18593874 0.28403083 0.24021455 0.13687542 0.25163254 0.35557288 0.11772401 0.36281518 0.49981901 0.34591607 0.34645580 0.24897007 0.49355999 0.21022779 0.18349471 0.19129546 0.26568314 0.05812030 0.23654926 0.30351653 0.26614508 0.26484975 0.25981871 0.27844008 0.33065208 0.28079733 0.15383926 0.22332881 0.25248145 0.24081053 0.20083476 0.15620770 0.29200522 0.31822172 0.32576468 0.23865520 0.17461981 0.25784860 0.23259096 0.34080602 0.28946316 0.26244403 0.23003816 0.29948575 0.13138857 0.24118227 0.20168195 0.24102752 0.26394236 0.17217000 0.31342155 0.34279819 0.25205974 0.36604731 0.21376110 0.31957204 0.34134300 0.30040401 0.32334415 0.34905223 0.28967828 0.31351000 
0.27366123 0.32013177 0.30608910 0.37870614 0.40590161 0.32199717 0.29452853 0.30215040 0.17255345 0.24001642 0.26335883 0.27122444 0.22203511 0.33772276 0.48600146 0.50943323 0.33721759 0.44786705 0.58162494 0.35053536 0.36788722 0.85615169 0.53471689 0.35467212 0.41225869 0.00000000 0.70153996 0.26221926 0.40636826 0.30007754 0.32360918 0.39953520 0.22777327 0.29160196 0.26810661 0.23437331 0.31277949 0.10302952 0.24961377 0.33292060 0.22376027 0.17047010 0.33234133 0.25907717 0.31835132 0.35364088 0.35020321 0.37119521 0.33575401 0.24162329 0.32210188 0.24568773 0.23329785 0.17840215 0.22979854 0.21288234 0.27541336 0.35321646 0.16446165 0.25766538 0.39005839 0.19158474 0.23298011 0.15524131 0.33370089 0.28062200 0.24132824 0.20545037 0.33984662 0.28312525 0.15531488 0.23403044 0.35642525 0.34636863 0.38427555 0.29006382 0.34788438 0.32056948 0.24036142 0.20335347 0.18136451 0.23334109 0.28103767 0.11274015 0.20166259 0.28725463 0.36716591 0.15748656 0.29382051 0.34574244 0.30607298 0.36694743 0.08620617 0.41350920 0.29284628 0.27685148 0.40579920 0.32870296 0.27037570 0.26277195 0.30438623 0.25706450 0.29530755 0.23150676 0.33189245 0.21180137 0.20642940 0.16360750 0.33648760 0.55199542 0.52000891 0.28411872 0.27495500 0.36589780 0.21921689 0.26902496 0.19960368 0.42095984 0.25965370 0.20169480 0.33286021 0.30257647 0.31131206 0.24274475 0.29788656 0.26566935 
0.25903061 0.24095314 0.21623025 0.30220817 0.30322370 0.16537522 0.31072803 0.19686747 0.24519092 0.15839878 0.09641682 0.20356000 0.28049361 0.25976563 0.31248072 0.37892907 0.18980925 0.23847169 0.31355976 0.36123531 0.33775759 0.47290018 0.65666957 0.45629347 0.38678517 0.70153996 0.00000000 0.78851919 0.83679197 0.25333324 0.37303572 0.48263497 0.24726074 0.18645152 0.17201564 0.23134083 0.13288125 0.11730889 0.32261486 0.18482313 0.28065155 0.26228967 0.31123643 0.31956203 0.18632914 0.21194435 0.31760369 0.34979899 0.30878528 0.24320906 0.30104055 0.17373522 0.19876387 0.40631872 0.33357060 0.20530517 0.21360459 0.35119504 0.09299659 0.18820876 0.15345440 0.27385213 0.11027717 0.18132737 0.37125438 0.26340363 0.23493802 0.29477478 0.24336534 0.17292046 0.19939248 0.23607296 0.26032886 0.24626368 0.25926144 0.33290347 0.29691691 0.21634801 0.13325655 0.17309050 0.23372178 0.26526479 0.29865081 0.28710370 0.25895560 0.32108064 0.30739351 0.35006227 0.29802420 0.33989212 0.25509582 0.22807918 0.19542387 0.27352338 0.24240240 0.27069353 0.30572488 0.37055714 0.26654658 0.19426920 0.24812817 0.19188816 0.24146139 0.28463022 0.33817059 0.23444777 0.20583811 0.30316065 0.46888612 0.50933310 0.43609564 0.40976750 0.33711726 1.86428043 0.31482065 0.21647177 0.62931806 0.92723262 0.30874426 0.24802657 0.14912083 0.27199819 0.19416330 0.23964796 0.26349586 0.28156928 
0.24142353 0.24413220 0.27126120 0.33818432 0.32774004 0.28140769 0.30031725 0.26109989 0.23784264 0.24490631 0.32247526 0.27357453 0.27015570 0.34809439 0.30721993 0.22985305 0.30379289 0.35415327 0.23425104 0.32579412 0.31080069 0.26206714 0.33993040 0.32051333 0.53837584 0.26221926 0.78851919 0.00000000 1.03435695 0.35991716 0.37316221 0.49145345 0.38428977 0.26664517 0.29267690 0.41607874 0.33118843 0.18900787 0.28157315 0.45400456 0.16837636 0.31922578 0.32469967 0.33647247 0.44900976 0.22608066 0.33691926 0.39103618 0.26693052 0.22684118 0.29074883 0.29662065 0.25048467 0.25012272 0.12776015 0.22964416 0.21843140 0.15471936 0.23740561 0.18829737 0.27838675 0.14685506 0.23586071 0.25820720 0.27556182 0.29145003 0.31154944 0.24081814 0.27102711 0.27807129 0.30848611 0.24021966 0.44976159 0.32280093 0.30983793 0.25099654 0.33310374 0.28463429 0.17658705 0.26055951 0.30401481 0.34648829 0.27646627 0.28487596 0.30662135 0.30725481 0.25840839 0.30959716 0.26125162 0.38129142 0.32304951 0.28979922 0.39163082 0.32477852 0.26056261 0.15202337 0.36395379 0.21888572 0.28210138 0.40916802 0.24074269 0.18861910 0.21591482 0.35100034 0.30397311 0.24087355 0.25597787 0.17194631 0.24412609 0.24561483 0.27872151 0.24530255 0.27597653 0.38567899 0.29824932 0.18771609 0.31962787 0.33715353 0.21244290 0.24762860 0.33556594 0.28561171 0.24674187 0.30568438 0.27307109 0.26353051 
