0.00000000 0.34484411 0.33144396 0.29763435 0.31591487 0.27677257 0.31406438 0.27848365 0.29596388 0.25876122 0.23665573 0.25424372 0.21673540 0.24644570 0.26623316 0.23135249 0.24106180 0.25675002 0.22874362 0.22374386 0.22634181 0.16483403 0.16012887 0.17885062 0.16746930 0.21866518 0.16491155 0.19049016 0.22359667 0.15644702 0.16520910 0.20771826 0.16817699 0.21672918 0.21992316 0.19585705 0.17887283 0.19748625 0.18034213 0.17879620 0.17955684 0.21294593 0.15627080 0.19349529 0.17500197 0.18893116 0.19531097 0.19525446 0.17614208 0.18207738 0.18437397 0.19692624 0.18132423 0.17824787 0.17860478 0.17661520 0.16777706 0.17504915 0.16891025 0.22369633 0.16407646 0.15441141 0.20173081 0.18727420 0.20559436 0.16342762 0.18944788 0.15641774 0.20251001 0.17912346 0.19374508 0.16069062 0.16070100 0.18875406 0.20013089 0.17351750 0.20105459 0.20016844 0.17167818 0.18674913 0.17672120 0.19684655 0.19903722 0.16333412 0.16016945 0.16305797 0.21803986 0.18965781 0.21303744 0.20066217 0.19073940 0.16485521 0.18181156 0.17619882 0.20260095 0.19065256 0.15950624 0.19213582 0.16969634 0.15682603 0.26704889 0.18215552 0.20411116 0.20232997 0.19226971 0.21671727 0.21463296 0.21156710 0.16027056 0.19450880 0.18513584 0.18857033 0.18135244 0.19533444 0.18266963 0.19707408 0.19160800 0.22720178 0.16208868 0.18257183 0.19625578 0.15900361 0.15677197 0.21101616 0.17067200 0.15252178 0.22204752 0.20565134 0.16546692 0.21503030 0.22164293 0.18296000 0.16765001 0.20049809 0.19800081 0.21422523 0.19384175 0.20278344 0.16733218 0.17172877 0.19134181 0.20538523 0.17112950 0.16523079 0.17191930 0.16520858 0.18654578 0.21756075 0.22035074 0.17335103 0.19086866 0.16426877 0.15222129 0.14811770 0.19830923 0.16084467 0.15885314 0.21765464 0.19365886 0.19032826 0.18578817 0.12597088 0.17487942 0.14343018 0.22527077 0.19147171 0.17235653 0.19720130 0.16051975 0.15880814 0.18529814 0.16838539 0.17860164 0.20645857 0.19522390 0.20400001 0.21578691 0.15521096 0.17999233 0.19568665 0.17396457 0.19946055 0.19085756 0.20092548 0.18232757 0.24470471 0.16289047 0.18472052 0.18130763 
0.34484411 0.00000000 0.53932769 0.39650502 0.27207401 0.44046065 0.38442287 0.31197643 0.33590863 0.30807599 0.24108279 0.24520358 0.26151018 0.23389220 0.27265946 0.20184096 0.27446042 0.27179631 0.19881830 0.18573103 0.14233052 0.15355788 0.17702756 0.17446013 0.13521935 0.13964780 0.11817429 0.23147654 0.18754500 0.13896904 0.13325691 0.33618316 0.23523252 0.22022553 0.16096228 0.24464516 0.19435341 0.14529551 0.19229869 0.12635462 0.14718902 0.16158143 0.10302714 0.17135817 0.12621561 0.17997609 0.21087084 0.17818029 0.18030912 0.19194731 0.19821659 0.19762114 0.17026786 0.13217899 0.15588462 0.15331638 0.20287034 0.13516147 0.15238328 0.23523776 0.13610155 0.08397893 0.22242611 0.14565653 0.16022381 0.13997185 0.16985710 0.16083540 0.20622742 0.19306731 0.28793804 0.16072923 0.16521998 0.25202660 0.29383834 0.18051857 0.22918021 0.21721464 0.17053236 0.20106707 0.23847989 0.20649327 0.19106629 0.15271109 0.16440180 0.19565526 0.21111346 0.21595609 0.20548978 0.18075556 0.14725665 0.10721213 0.21217939 0.18220633 0.25992108 0.16785019 0.13980644 0.22180417 0.13560232 0.12688768 0.19710676 0.13105658 0.16979578 0.17912732 0.30784191 0.22314916 0.16521123 0.19596809 0.25669787 0.19268857 0.18892343 0.19169215 0.23818681 0.22041824 0.23806030 0.21631558 0.21192892 0.18727129 0.17440574 0.21964427 0.18968067 0.15173900 0.16213112 0.20947468 0.13586502 0.20330039 0.20929811 0.20774109 0.15851554 0.23101834 0.21497326 0.18078645 0.13411759 0.21075389 0.13428971 0.20933666 0.20732479 0.15491822 0.12876066 0.18080576 0.14532313 0.18762415 0.13131718 0.11251749 0.19113385 0.20781053 0.27484741 0.26029011 0.24659148 0.12093339 0.15113927 0.13899878 0.15686849 0.15324490 0.18269491 0.11177609 0.15881587 0.18518670 0.22356339 0.25010361 0.21197725 0.11235862 0.16646941 0.11798369 0.23475071 0.15569935 0.17007722 0.23118959 0.12357752 0.14498895 0.15736224 0.14371678 0.16962287 0.17608514 0.18997876 0.16395597 0.18566671 0.12575961 0.15869351 0.19062222 0.21009847 0.22856938 0.22814267 0.17336591 0.16699387 0.23283203 0.17672698 0.18292707 0.22672077 
0.33144396 0.53932769 0.00000000 0.53716337 0.31607608 0.67161392 0.49296430 0.35065739 0.32650038 0.32534901 0.27293798 0.25431778 0.29574226 0.26913359 0.34481287 0.19646408 0.31170766 0.29507370 0.21662369 0.21498552 0.21259539 0.11228724 0.18374971 0.19592012 0.19725933 0.14637516 0.05926930 0.22993903 0.23713321 0.09540392 0.16354884 0.26158193 0.15317618 0.22332517 0.23523212 0.17157695 0.16452610 0.07303778 0.20772990 0.06142233 0.13970244 0.15885110 0.07754870 0.10891319 0.09003272 0.13121761 0.24798459 0.23670329 0.15388275 0.15240133 0.18147907 0.21954052 0.15549169 0.08742026 0.13383491 0.12902821 0.11723138 0.10261927 0.14713680 0.23368755 0.07976373 0.07796686 0.14497320 0.10401048 0.18323765 0.16481897 0.14061581 0.19673531 0.30222744 0.22256911 0.24172724 0.21537477 0.18931376 0.25745445 0.35026250 0.19761337 0.29929092 0.19737915 0.16610402 0.21132947 0.20845564 0.28629620 0.19179605 0.08813700 0.12062572 0.19043309 0.19778977 0.24802958 0.23050286 0.17590414 0.08624752 0.07550064 0.26482285 0.18727510 0.19654422 0.13073524 0.16282333 0.14053751 0.12710156 0.19788548 0.21493409 0.02610515 0.13079750 0.18375250 0.28462840 0.20672299 0.21718163 0.25268369 0.34293510 0.22308138 0.23087451 0.22198422 0.21473660 0.28922724 0.26603649 0.26815014 0.23341335 0.21984726 0.17409597 0.15671385 0.15800090 0.12595322 0.13246948 0.21897357 0.08691616 0.19443568 0.24233785 0.18977494 0.09457958 0.26976196 0.28632664 0.14966047 0.14647802 0.14059535 0.12654504 0.18461553 0.22177667 0.13310734 0.06196032 0.19710517 0.10726214 0.19794077 0.15610577 0.05532767 0.17415398 0.22746067 0.24331970 0.25772846 0.20884809 0.06935571 0.17483231 0.08343398 0.08860825 0.17484972 0.17104674 0.05477536 0.16307914 0.24183513 0.25646051 0.27731171 0.23566497 0.09428053 0.15582729 0.09893438 0.21030988 0.10168443 0.22397861 0.20471910 0.10929540 0.18374589 0.11902639 0.11816094 0.12367396 0.19179691 0.16950571 0.17836338 0.27976092 0.17030946 0.16218106 0.15809392 0.23315122 0.20079685 0.16731864 0.18489542 0.18795179 0.23218918 0.15262737 0.18627520 0.31216212 
0.29763435 0.39650502 0.53716337 0.00000000 0.41824610 0.51923964 0.52722939 0.38715103 0.41845095 0.40837448 0.26700158 0.33168348 0.27051876 0.28969129 0.33796871 0.22386862 0.34187227 0.35108238 0.16784303 0.24163838 0.19314033 0.17311183 0.15800218 0.19916243 0.17534962 0.14071065 0.04365672 0.19404672 0.17565877 0.06973346 0.12344294 0.27312591 0.12265611 0.17517235 0.14340563 0.12227359 0.09801474 0.11555302 0.21080153 0.03362928 0.10918580 0.19098169 0.07115304 0.08158923 0.10965867 0.09968561 0.28395075 0.19356914 0.16812581 0.15919734 0.15288879 0.20983093 0.17565791 0.12209549 0.14736653 0.15177653 0.13608619 0.10028731 0.18263256 0.26268891 0.07355127 0.06577966 0.16174516 0.12169437 0.19974120 0.14233092 0.13077137 0.19733590 0.27894268 0.21418156 0.24871389 0.19500187 0.15223334 0.30000148 0.37587020 0.19645633 0.27986157 0.17431944 0.15998779 0.26043065 0.22755816 0.30616296 0.18411360 0.08970474 0.22366259 0.20507122 0.24306085 0.26639812 0.15204716 0.24895779 0.10541323 0.09068550 0.17052575 0.21594014 0.23621978 0.12509701 0.12582764 0.20746534 0.10418072 0.10775369 0.21913782 0.09322572 0.22772949 0.21086379 0.48562741 0.27942105 0.19690944 0.25407804 0.37201187 0.15904061 0.16740535 0.22514730 0.21723106 0.28418614 0.19063785 0.26140909 0.24286614 0.19115941 0.20584173 0.15758027 0.16467420 0.15166654 0.10920223 0.19460653 0.07451104 0.16312388 0.23680214 0.15430162 0.10037044 0.29397544 0.33233691 0.11820605 0.11208793 0.16142005 0.09059211 0.17793833 0.17794072 0.11376151 0.06326842 0.17821358 0.09124348 0.21476600 0.17134270 0.05667102 0.16312685 0.12512510 0.22256970 0.26334892 0.19077472 0.08346570 0.18014134 0.08827687 0.09631363 0.16782106 0.14740863 0.08261237 0.16210775 0.21721081 0.34961623 0.33919074 0.21208798 0.11601323 0.20124559 0.09609037 0.26298876 0.14015387 0.21844896 0.17079118 0.16262794 0.17460941 0.11229808 0.10094826 0.12728768 0.13883670 0.16255703 0.15017925 0.23260772 0.10817770 0.12501120 0.19042554 0.19502773 0.21431961 0.23684317 0.25693213 0.16150821 0.27086443 0.15336366 0.16197682 0.26398928 
0.31591487 0.27207401 0.31607608 0.41824610 0.00000000 0.44020781 0.40176914 0.41718070 0.44105552 0.36001029 0.32034052 0.30479175 0.30001964 0.34545164 0.30825721 0.32110131 0.28130461 0.32936940 0.27687940 0.26147659 0.23616080 0.23956868 0.19249736 0.16861961 0.15264356 0.20981446 0.15943594 0.18693774 0.21200332 0.16672260 0.17065077 0.18107108 0.13582533 0.21302771 0.19420593 0.23561257 0.15084543 0.17676105 0.18349387 0.18132266 0.18689287 0.18078499 0.16451953 0.18322946 0.20539514 0.16839477 0.22662052 0.20935150 0.12688553 0.16757350 0.24849326 0.27728113 0.16370973 0.16979161 0.14749252 0.15257934 0.16272061 0.18329337 0.21020846 0.20120013 0.23901314 0.20687031 0.18273783 0.11924111 0.26134566 0.20488556 0.14655429 0.18727724 0.21031220 0.18629166 0.19110704 0.14856430 0.15010215 0.19246896 0.21543373 0.13506841 0.16617779 0.19776264 0.12923488 0.15836199 0.17840193 0.26963383 0.17217803 0.17933733 0.15381728 0.17001957 0.11886674 0.20083877 0.15607861 0.12947919 0.13515410 0.16188045 0.17031549 0.18003701 0.13481497 0.16398872 0.12736132 0.14580127 0.18629410 0.21657159 0.22503097 0.13772437 0.18168674 0.17178813 0.17741228 0.23437907 0.17932900 0.13190660 0.30144012 0.14116746 0.23179875 0.15647034 0.14720009 0.20772618 0.11242612 0.13762733 0.19842164 0.15553386 0.24962288 0.17356077 0.16978847 0.22455289 0.21619299 0.19761589 0.12193149 0.16407991 0.16146004 0.15438975 0.14783015 0.21831036 0.20440086 0.18606989 0.12223988 0.15787243 0.16683485 0.12083505 0.16980429 0.13709414 0.12156338 0.17201801 0.15591494 0.25596048 0.18406319 0.15188056 0.12176804 0.22846798 0.10955253 0.28753941 0.17113483 0.14015348 0.18831272 0.17040957 0.17527667 0.18589341 0.12642153 0.09147550 0.13631142 0.18189444 0.23609586 0.26166870 0.16874266 0.17706089 0.19599677 0.17692191 0.22055411 0.21272049 0.14448450 0.21129609 0.19455579 0.21812797 0.15564794 0.15606705 0.21400372 0.19414078 0.18432216 0.21446328 0.18920835 0.14430155 0.16424525 0.20134522 0.15235670 0.13405351 0.16442683 0.17898661 0.20041085 0.19759700 0.10391960 0.17845023 0.15737210 
0.27677257 0.44046065 0.67161392 0.51923964 0.44020781 0.00000000 0.44613355 0.45077480 0.44632221 0.43131814 0.37035970 0.34476694 0.29115566 0.47920538 0.36699626 0.30482995 0.39257668 0.34421515 0.26874038 0.27446489 0.20415869 0.18301058 0.17783720 0.16138117 0.20034870 0.15710590 0.10656887 0.14229263 0.23582746 0.13654834 0.17161260 0.20294049 0.14319312 0.23032798 0.19531600 0.21609765 0.16016242 0.12823139 0.18272748 0.09306857 0.17301908 0.18326000 0.10612583 0.15665695 0.12848977 0.08787189 0.19462779 0.19295313 0.16143067 0.13646541 0.11941222 0.22702379 0.16388047 0.12959358 0.12341959 0.14089147 0.14168858 0.11723647 0.14743960 0.17771885 0.16518768 0.13602475 0.12509588 0.10205269 0.21070868 0.15083681 0.10690014 0.19726311 0.28117948 0.25108229 0.23039343 0.13257797 0.16186773 0.25099722 0.30516528 0.16033980 0.25720179 0.24239013 0.14037948 0.28851735 0.18280637 0.24526755 0.21154646 0.12195911 0.10542376 0.18773200 0.15043804 0.18331393 0.15872423 0.20627937 0.08318540 0.18877163 0.16998439 0.16274528 0.16538043 0.13306321 0.12652246 0.13711845 0.14910623 0.14066491 0.20951086 0.08557025 0.17413139 0.17007833 0.18640300 0.21756756 0.13374137 0.15963759 0.24655748 0.16607001 0.17598538 0.24163504 0.23773238 0.24274243 0.27679015 0.20889890 0.15464817 0.19471633 0.15515940 0.16350178 0.17620230 0.13215083 0.11357872 0.12744736 0.11914751 0.21339498 0.21868439 0.14833834 0.06532050 0.26626361 0.27683382 0.12716807 0.15245147 0.12520132 0.16126954 0.13931712 0.21990019 0.11750026 0.05216280 0.19361592 0.10708561 0.14202783 0.12923404 0.09888066 0.21837727 0.18745708 0.14146370 0.26541119 0.16149694 0.14582922 0.12521001 0.09208598 0.14526998 0.24250409 0.18139754 0.08290511 0.11951911 0.19760183 0.25368461 0.27474110 0.23557394 0.13586592 0.20095287 0.14853170 0.22039743 0.17934352 0.17302224 0.26301758 0.23490465 0.18540829 0.15102974 0.14952996 0.13551801 0.17648368 0.17360147 0.22436178 0.20834434 0.09268657 0.09980152 0.20629468 0.19610775 0.17682861 0.19188302 0.16143795 0.21971448 0.24599636 0.11323206 0.19077926 0.27302300 
0.31406438 0.38442287 0.49296430 0.52722939 0.40176914 0.44613355 0.00000000 0.65668748 0.40959724 0.43949915 0.34872518 0.28777044 0.30218795 0.32431197 0.34266032 0.25877572 0.37318981 0.34481049 0.24568545 0.25651844 0.20231280 0.17657208 0.15964814 0.18384578 0.17463377 0.17642333 0.09192936 0.24447884 0.20852976 0.12694915 0.19822815 0.25779982 0.16468612 0.20667643 0.17712471 0.16847625 0.14463888 0.16079977 0.18601887 0.13766820 0.11896418 0.20817825 0.13889558 0.11677505 0.14400312 0.10226421 0.24984703 0.21294606 0.21065617 0.15561476 0.11548768 0.21337049 0.15452302 0.11760846 0.13711114 0.12688840 0.16123741 0.10784514 0.15196444 0.22137453 0.09776962 0.10691040 0.15506380 0.11908986 0.20980195 0.21576334 0.10388772 0.18792266 0.31295694 0.20191234 0.22291035 0.15784478 0.15313428 0.27577533 0.26464737 0.16800294 0.29106251 0.17565172 0.14519107 0.13451653 0.18137529 0.28583795 0.15848909 0.12971270 0.08831304 0.17943808 0.15134280 0.28696056 0.13914733 0.12078544 0.09316462 0.12434990 0.30186706 0.17970277 0.18799075 0.14328130 0.07800498 0.21817563 0.13215336 0.09023639 0.25403744 0.05002481 0.17813739 0.23272038 0.28853986 0.21107394 0.16924931 0.25983250 0.17983783 0.16485921 0.23703758 0.24437861 0.20408491 0.26260042 0.21249542 0.16251197 0.16429845 0.17545268 0.22924598 0.17057120 0.13124512 0.15439400 0.15775914 0.17274010 0.11561935 0.13559834 0.22518058 0.15123697 0.14161326 0.27499843 0.20416703 0.12848902 0.15122644 0.13638743 0.09519498 0.14275605 0.16049658 0.11507008 0.06342487 0.28181484 0.12537577 0.18160308 0.14921239 0.13016874 0.17962602 0.17656667 0.26209050 0.31845934 0.18679176 0.09995716 0.12258875 0.07373145 0.09758821 0.23264241 0.13501493 0.05660996 0.14861165 0.20054503 0.26640733 0.28530292 0.20717147 0.05420553 0.20890000 0.11315264 0.20753181 0.12396676 0.12664138 0.22653305 0.21026094 0.15970362 0.06797021 0.17295381 0.19910107 0.16550154 0.20196374 0.15712448 0.19837966 0.17977004 0.11444911 0.15189032 0.16026734 0.21588445 0.17985026 0.24793403 0.24673446 0.31388499 0.12034998 0.24404597 0.30790432 
0.27848365 0.31197643 0.35065739 0.38715103 0.41718070 0.45077480 0.65668748 0.00000000 0.45409261 0.40762205 0.36995672 0.31401162 0.30747494 0.35072923 0.34773661 0.34956192 0.32578385 0.35288925 0.29342445 0.27936835 0.23722792 0.19959527 0.20916482 0.23270991 0.14649578 0.15551641 0.17558368 0.18586375 0.19514343 0.21326257 0.21669322 0.26206179 0.15904891 0.21483677 0.10351034 0.19474284 0.12223591 0.13843514 0.27826551 0.16229371 0.20118717 0.20284677 0.16730826 0.13991339 0.20273990 0.13963021 0.30100340 0.24643652 0.17986728 0.16039423 0.18492670 0.16533832 0.17763658 0.23241064 0.13901855 0.13897827 0.16756300 0.14232842 0.13443613 0.16730806 0.18113489 0.08714056 0.21646436 0.13303054 0.18257330 0.13443919 0.13350512 0.12515431 0.17466036 0.12847691 0.19322698 0.18388070 0.12791140 0.20116673 0.26512541 0.19384245 0.20785017 0.16702718 0.22028873 0.18520777 0.11257517 0.24747563 0.20692078 0.18726449 0.16957342 0.20205281 0.13201402 0.21630605 0.15610753 0.11410294 0.15062635 0.21664247 0.23505714 0.11040780 0.16273647 0.18080874 0.13391079 0.12799099 0.15574786 0.13718663 0.12655520 0.20393559 0.16943198 0.22835840 0.18981206 0.18401404 0.10828118 0.23056968 0.15053834 0.17289871 0.20245659 0.13293538 0.16980592 0.18847892 0.15844071 0.20071894 0.18717161 0.15832666 0.14220053 0.12489840 0.24744447 0.19355223 0.14884249 0.17197833 0.08746962 0.10996842 0.21929693 0.16289591 0.14229767 0.23318484 0.22403510 0.20558478 0.19062618 0.22006747 0.15560832 0.22200275 0.15759222 0.12265093 0.11810615 0.15693840 0.17086737 0.17813215 0.20131091 0.18824982 0.16204785 0.16463714 0.15578563 0.28272664 0.15368825 0.17306392 0.16227622 0.06337817 0.12022352 0.14256484 0.12580704 0.10871079 0.12985131 0.22690827 0.19121890 0.30213560 0.21241857 0.15352169 0.24289424 0.14846534 0.21768900 0.18518021 0.16606162 0.14971989 0.18417030 0.19493089 0.19627467 0.19011028 0.13572162 0.22111881 0.15314458 0.14399780 0.17975202 0.12754428 0.17091255 0.16430943 0.19670607 0.18647192 0.14378879 0.16982972 0.18793764 0.20247632 0.16039361 0.25085981 0.17215988 
0.29596388 0.33590863 0.32650038 0.41845095 0.44105552 0.44632221 0.40959724 0.45409261 0.00000000 0.49397290 0.30622515 0.36764615 0.38622472 0.35691759 0.40214483 0.30016377 0.36278787 0.35032082 0.25587532 0.27904703 0.15426745 0.23120892 0.22419997 0.28208132 0.14696208 0.17493026 0.10988718 0.16713119 0.17471017 0.18265846 0.13704171 0.19337207 0.19780315 0.22210904 0.16232542 0.20511961 0.17709603 0.17755623 0.21259838 0.13522616 0.17679131 0.21631565 0.11665080 0.19584415 0.13148475 0.15757062 0.30127223 0.24202319 0.09454036 0.15078539 0.15442779 0.11627922 0.18507790 0.16247769 0.15061605 0.15030883 0.12735225 0.10442011 0.18118968 0.19898737 0.16384635 0.13832006 0.17534856 0.11527421 0.17536640 0.16693181 0.09690739 0.21954154 0.20406033 0.22378600 0.16277711 0.10053465 0.13675211 0.21260228 0.31027237 0.15776395 0.19746019 0.16857621 0.19982373 0.20869878 0.14809503 0.82716594 0.19189553 0.16770221 0.14389712 0.13623205 0.15798234 0.10364967 0.20403449 0.12349413 0.14994088 0.16451613 0.12855610 0.14094039 0.16792342 0.15467663 0.12218354 0.17999064 0.12206693 0.15183240 0.22493062 0.10394815 0.15483435 0.23629213 0.17218373 0.20128716 0.16723897 0.18146491 0.23570020 0.22706599 0.18029699 0.18673619 0.26742427 0.28179642 0.13243605 0.16613283 0.17381800 0.14072899 0.26262387 0.13246992 0.14203477 0.13924352 0.09531697 0.29680220 0.08363812 0.14997875 0.19352165 0.17215343 0.11742533 0.27719108 0.25592855 0.15376930 0.21102482 0.13387182 0.15308410 0.18016082 0.28712830 0.16080746 0.08287754 0.17756696 0.12197848 0.20279775 0.16031722 0.16757812 0.14957489 0.18851350 0.17114644 0.19844159 0.17299746 0.16547120 0.12574767 0.08444013 0.13295391 0.15096348 0.17078600 0.06062631 0.10437984 0.22893667 0.21754377 0.27216496 0.21391380 0.15135055 0.16339362 0.14487333 0.25808677 0.16809870 0.09460799 0.26562165 0.22377850 0.19498367 0.13584998 0.11757718 0.12645203 0.18510855 0.20447338 0.09701484 0.21043410 0.11369067 0.11535360 0.17646633 0.15984552 0.17008878 0.19781977 0.20227651 0.20966380 0.20390109 0.14749841 0.21326643 0.19019033 
0.25876122 0.30807599 0.32534901 0.40837448 0.36001029 0.43131814 0.43949915 0.40762205 0.49397290 0.00000000 0.45957401 0.42026291 0.39358492 0.36484989 0.66060460 0.31047248 0.36138937 0.30323957 0.29409767 0.32692711 0.19794841 0.18628093 0.24535465 0.18156389 0.16203607 0.16352624 0.09130842 0.20587435 0.21274026 0.14595628 0.12143770 0.19690115 0.14822451 0.19768855 0.13617318 0.21122334 0.17032712 0.20049122 0.19597976 0.17418014 0.13945826 0.13925561 0.12045929 0.20219130 0.19506994 0.14345419 0.25190641 0.19218648 0.14194460 0.13790806 0.18736040 0.19944491 0.15563571 0.16394348 0.16795588 0.10998614 0.17511753 0.13857299 0.20333786 0.13543083 0.11757908 0.08620276 0.16930373 0.11860447 0.19015130 0.18431722 0.14470356 0.23817958 0.19772942 0.29336570 0.23804745 0.18691821 0.13025744 0.24193090 0.31240735 0.23543144 0.27646057 0.21254776 0.19306905 0.18296295 0.17024472 0.17669865 0.21728406 0.20221545 0.06345086 0.13724119 0.11017406 0.16825572 0.16256818 0.17073933 0.09343227 0.13172413 0.14924267 0.18882996 0.23879536 0.10121194 0.08273008 0.12885132 0.08585332 0.15637269 0.19887689 0.13496023 0.20045674 0.15755928 0.24986956 0.19620384 0.22010249 0.21953369 0.17646453 0.19551085 0.26284932 0.16921661 0.22665564 0.21657996 0.27032637 0.17116913 0.21483981 0.24753983 0.18283057 0.16212447 0.16275624 0.09757631 0.06968098 0.33508692 0.08542301 0.12279493 0.18458067 0.17915995 0.15395532 0.23948527 0.25672117 0.12413511 0.23721316 0.15300381 0.12965036 0.18402962 0.22139487 0.09513497 0.09395175 0.17259528 0.15490673 0.13644309 0.19507768 0.12494284 0.15817942 0.17095490 0.12340954 0.19275047 0.12611074 0.10158595 0.21220846 0.07020001 0.09577743 0.17103414 0.16695574 0.10643192 0.08387038 0.12633653 0.22406894 0.30454515 0.22257149 0.10749348 0.15274617 0.11722540 0.20720265 0.16590795 0.18495181 0.22388433 0.20415948 0.16501803 0.15837658 0.14181942 0.17502031 0.16664922 0.21997951 0.15157275 0.19832005 0.15979991 0.10820899 0.24384972 0.22879131 0.28856102 0.17726076 0.18463028 0.16575561 0.27817366 0.14289664 0.21549229 0.19447029 
0.23665573 0.24108279 0.27293798 0.26700158 0.32034052 0.37035970 0.34872518 0.36995672 0.30622515 0.45957401 0.00000000 0.47081794 0.65140828 0.62509086 0.31265917 0.34891881 0.31728933 0.23301610 0.22260847 0.22215661 0.22480318 0.22830835 0.17353296 0.14509392 0.16596434 0.11243115 0.21379175 0.19617568 0.24746266 0.22855346 0.17848265 0.17516104 0.16883551 0.18051130 0.17157221 0.20554861 0.16789138 0.18822324 0.27114033 0.12232747 0.17081224 0.23258427 0.12582163 0.16889436 0.18156536 0.16927148 0.25982183 0.19458599 0.25144380 0.13740169 0.25376200 0.21232546 0.17335619 0.16647446 0.16923348 0.12681190 0.15130273 0.09906732 0.17025999 0.18175550 0.18710802 0.17617486 0.13902782 0.15458763 0.19564512 0.14829376 0.15325051 0.22460769 0.15918854 0.21033896 0.17852900 0.19310880 0.19442488 0.20783084 0.22071058 0.28583761 0.23262102 0.19778445 0.13605195 1.07868370 0.21079565 0.35366194 0.16104393 0.15930980 0.11620013 0.13389478 0.15118695 0.14222260 0.15544706 0.08185245 0.09921117 0.14153450 0.14831113 0.18622042 0.14463260 0.09366318 0.14081019 0.07887615 0.10082597 0.11295720 0.16641477 0.15666501 0.16442116 0.21339711 0.13695415 0.18542061 0.16572791 0.17033862 0.21271709 0.19362159 0.15148903 0.18317613 0.15767036 0.19541181 0.20024112 0.18475121 0.17667129 0.21494362 0.18812966 0.19375316 0.23094715 0.16027327 0.10817508 0.18853450 0.09015616 0.11645449 0.26230613 0.16435389 0.13748031 0.15130495 0.20465682 0.10096799 0.10861211 0.10295520 0.14343873 0.12902145 0.20699171 0.14691715 0.07864016 0.15048081 0.13722016 0.16687764 0.25217663 0.14980248 0.20354945 0.16047116 0.13784492 0.18579077 0.26527310 0.14725873 0.16456121 0.12889569 0.08146639 0.17825506 0.13886784 0.13941225 0.10467540 0.09854016 0.20868346 0.24007046 0.20173417 0.19311129 0.10241580 0.15787086 0.20292471 0.19203452 0.13603926 0.24566104 0.19637267 0.16603521 0.18998206 0.18953051 0.16137102 0.25589071 0.21477176 0.23266671 0.17911821 0.16150713 0.17857327 0.22641459 0.14648298 0.20206288 0.20731274 0.13551701 0.19575623 0.17781272 0.16647990 0.17885419 0.18896299 
0.25424372 0.24520358 0.25431778 0.33168348 0.30479175 0.34476694 0.28777044 0.31401162 0.36764615 0.42026291 0.47081794 0.00000000 0.49586910 0.40951449 0.36949419 0.42036479 0.34737443 0.33681610 0.25333277 0.25847265 0.28598812 0.19008951 0.17287907 0.17278418 0.22454331 0.19996883 0.18865747 0.14959662 0.17691968 0.18741717 0.18956901 0.20852531 0.16812325 0.17133045 0.12553952 0.15552953 0.23333312 0.10475924 0.15886423 0.19877601 0.21520046 0.13288096 0.19060264 0.17556984 0.13181656 0.26798177 0.16703896 0.14335647 0.13972334 0.15553367 0.17273236 0.16845043 0.18110896 0.19963519 0.14970363 0.12270008 0.12571463 0.11994790 0.19985115 0.23838542 0.29169475 0.15244445 0.14652955 0.14495923 0.14974892 0.12794077 0.14693943 0.19562702 0.18491354 0.21008222 0.21749292 0.21990305 0.24029806 0.19745302 0.22773857 0.20704303 0.18336416 0.17862347 0.21416547 0.18031856 0.25625055 0.11196770 0.23065880 0.14826561 0.11375596 0.10671539 0.17495333 0.22032517 0.18372179 0.15004497 0.16362912 0.15963110 0.13889384 0.18195300 0.16186031 0.12231491 0.11442891 0.14159613 0.18188697 0.13732359 0.20222662 0.17835533 0.18792572 0.23242406 0.19879517 0.23132285 0.11951945 0.17336896 0.17753941 0.12793149 0.23084794 0.15228788 0.16236060 0.23312735 0.16910657 0.18959711 0.17156507 0.16496415 0.24907536 0.16812603 0.19989081 0.16560034 0.09707448 0.25572245 0.18268344 0.12737206 0.19587422 0.11827066 0.18098766 0.20499246 0.26420009 0.13156331 0.12229189 0.11714332 0.13180958 0.14035845 0.14918628 0.19133045 0.15692579 0.20118383 0.20702600 0.20858270 0.21207609 0.19032538 0.16833979 0.22181025 0.15264067 0.17624872 0.15541722 0.22616334 0.16728500 0.20391496 0.13934882 0.19081255 0.17036306 0.18432861 0.20281758 0.20914817 0.15376484 0.19803988 0.23418743 0.14634753 0.15193512 0.17392808 0.17719367 0.16754576 0.17429736 0.22928287 0.21854589 0.19627466 0.14100387 0.19648170 0.15511465 0.19792668 0.17082977 0.21955650 0.22382806 0.14174259 0.18122715 0.13991367 0.18826076 0.22462196 0.15613695 0.16092337 0.21969928 0.21165354 0.23176907 0.19183743 0.18946564 
0.21673540 0.26151018 0.29574226 0.27051876 0.30001964 0.29115566 0.30218795 0.30747494 0.38622472 0.39358492 0.65140828 0.49586910 0.00000000 0.53481641 0.50961049 0.48084882 0.32844413 0.35160980 0.29164989 0.28391995 0.35602285 0.21673743 0.15218482 0.17638704 0.19158926 0.20049712 0.15000706 0.08312009 0.18841148 0.19075284 0.25234356 0.16603967 0.18866985 0.16224376 0.15277710 0.21157524 0.23359063 0.20162600 0.15826173 0.15216853 0.19343301 0.29192820 0.15114769 0.18588258 0.17422616 0.17730822 0.26991804 0.17661155 0.12702466 0.19569049 0.21718494 0.15856320 0.20120242 0.25957484 0.16449063 0.11697200 0.07408441 0.09575638 0.14743954 0.25568412 0.27484251 0.16506762 0.12144898 0.21012691 0.21183468 0.09669252 0.24746006 0.41934222 0.18502507 0.17433901 0.20729514 0.23796108 0.23477415 0.22994193 0.22531239 0.22501559 0.18981725 0.19552251 0.21179334 0.28638602 0.16166747 0.25681514 0.16604016 0.16238102 0.12027738 0.18630439 0.10238786 0.13579613 0.11908960 0.12112062 0.13034279 0.18149164 0.15870903 0.17755658 0.14225826 0.07744696 0.13248612 0.11029928 0.11770170 0.10740132 0.15584242 0.21682047 0.14337308 0.21351265 0.18765074 0.15108024 0.18881754 0.17753473 0.21701645 0.12255635 0.18861660 0.20335460 0.18303313 0.18678982 0.21523802 0.19829278 0.17117113 0.21111606 0.27272554 0.20860131 0.14938139 0.13196650 0.11796804 0.21189636 0.15820966 0.14107000 0.24084377 0.12229273 0.13526392 0.21231111 0.19394052 0.13304623 0.13777222 0.08871379 0.16512888 0.12377690 0.15076823 0.25051571 0.12764791 0.18536988 0.20028148 0.13907540 0.27209138 0.22070956 0.18329712 0.19020265 0.19370047 0.17308326 0.16344789 0.12248899 0.13104302 0.13993828 0.09595892 0.15039651 0.19870798 0.10984775 0.11604978 0.10236561 0.18866331 0.16000077 0.18419804 0.13803328 0.17267950 0.14490911 0.22282708 0.20132022 0.15773733 0.20044466 0.19346144 0.19674282 0.16713403 0.16393396 0.15740917 0.19349750 0.16627498 0.19995223 0.16552504 0.10526886 0.19381232 0.19950896 0.12289596 0.20709705 0.17053672 0.18387377 0.16456897 0.18283981 0.20188549 0.17044089 0.16779261 
0.24644570 0.23389220 0.26913359 0.28969129 0.34545164 0.47920538 0.32431197 0.35072923 0.35691759 0.36484989 0.62509086 0.40951449 0.53481641 0.00000000 0.45776028 0.42005921 0.63241873 0.93395709 0.29120502 0.29629073 0.19936315 0.18446554 0.18974143 0.22703308 0.16548514 0.16401501 0.08290501 0.24324293 0.31489370 0.14561822 0.23077099 0.24259329 0.17347071 0.15198905 0.19911403 0.17933146 0.17848158 0.14228555 0.12628457 0.14551763 0.16258664 0.21636713 0.16309796 0.27639099 0.12182362 0.22873638 0.20399804 0.17324539 0.13573333 0.16198273 0.13685346 0.21369084 0.15869895 0.22846205 0.15255312 0.12249852 0.12446446 0.19105660 0.16579566 0.19001656 0.32845384 0.15592521 0.17401867 0.14983164 0.30597516 0.22185275 0.14635279 0.21972724 0.20011338 0.18524050 0.20146650 0.17277644 0.14268763 0.22651952 0.22434649 0.23070538 0.19091615 0.15008835 0.24851469 0.23519523 0.14937676 0.26710905 0.18026693 0.13301880 0.10764820 0.08976373 0.13894734 0.15049393 0.11341792 0.13836548 0.16134263 0.11121999 0.14324864 0.12396909 0.10124884 0.04196936 0.06476102 0.04112997 0.06852439 0.05506849 0.17918496 0.15647951 0.12220418 0.15107927 0.17406647 0.17671776 0.20253337 0.17603163 0.19055008 0.19120294 0.19023387 0.23252210 0.15850556 0.19033620 0.13439918 0.16654166 0.12633226 0.21422250 0.23443001 0.19389744 0.15157658 0.14053155 0.07077846 0.17619875 0.08512094 0.14666060 0.21653689 0.16626297 0.09257306 0.13835835 0.16814862 0.17179042 0.09593017 0.11072247 0.21714834 0.14824640 0.13302698 0.10182143 0.15850230 0.13672809 0.15248130 0.13326992 0.20542333 0.27216499 0.22243480 0.16791963 0.17020935 0.19558479 0.19675805 0.15367056 0.11798123 0.09681395 0.11612726 0.14201070 0.13922668 0.14359985 0.13663458 0.18362916 0.18124126 0.26736294 0.16701642 0.15208528 0.23659966 0.18192343 0.26705692 0.20879529 0.13678186 0.15766518 0.19444976 0.16022944 0.30373802 0.19864381 0.20467308 0.27095336 0.20802533 0.08418006 0.20533956 0.20442431 0.18174163 0.23581165 0.19284370 0.13702424 0.20183977 0.10276411 0.18436836 0.20132986 0.21894034 0.19019952 0.21230280 
0.26623316 0.27265946 0.34481287 0.33796871 0.30825721 0.36699626 0.34266032 0.34773661 0.40214483 0.66060460 0.31265917 0.36949419 0.50961049 0.45776028 0.00000000 0.73325843 0.40468557 0.47193829 0.37744998 0.45352203 0.26419450 0.29739777 0.22972531 0.22584352 0.17626783 0.10980672 0.13987516 0.14485625 0.19513956 0.19648285 0.21902784 0.19889979 0.11654393 0.15739840 0.18694375 0.22593239 0.17339950 0.13628764 0.15478024 0.13111279 0.17301019 0.21216022 0.21097229 0.14193057 0.10497098 0.16559099 0.32078676 0.19653239 0.13398253 0.13361624 0.18803828 0.19762979 0.15404555 0.11622468 0.12857033 0.08953368 0.09521553 0.22415421 0.23829983 0.15326597 0.16573056 0.18878145 0.14565518 0.13925405 0.28549292 0.16288693 0.21142083 0.22906962 0.20513861 0.22128367 0.22026362 0.18706559 0.18737747 0.26429252 0.17520679 0.21105921 0.22491743 0.18819094 0.16536759 0.18422778 0.13818812 0.19034859 0.15799331 0.08939900 0.13394578 0.12898070 0.15853596 0.18681082 0.16184440 0.19030250 0.12376429 0.19457474 0.12631223 0.23859913 0.18305194 0.08293719 0.07083950 0.10499745 0.11667160 0.10847315 0.19526342 0.13739225 0.17857025 0.20640091 0.17017661 0.17376797 0.13716764 0.17994976 0.08546963 0.23841731 0.30685869 0.16870735 0.13312911 0.21688103 0.17238247 0.10196916 0.19703133 0.20131892 0.17184620 0.12378156 0.10390322 0.13244745 0.12649265 0.23239441 0.03354018 0.14387956 0.21413093 0.16792399 0.12313482 0.21087547 0.22628278 0.21740624 0.16491214 0.20320661 0.17937662 0.14043262 0.21094314 0.11939095 0.12634254 0.10133635 0.12851867 0.14270615 0.11913436 0.19878699 0.16096864 0.11977363 0.15392475 0.24126929 0.22327818 0.10623343 0.11480482 0.12420309 0.03870175 0.14777972 0.13051159 0.13610184 0.10149784 0.21365330 0.26399083 0.22967825 0.26167380 0.16499226 0.19259190 0.19596339 0.17808877 0.17616470 0.11913704 0.09103456 0.22451235 0.16932672 0.19872676 0.11162963 0.14964591 0.15362998 0.15394267 0.22329329 0.24227527 0.19130228 0.19580608 0.21647513 0.23174147 0.17732264 0.20312790 0.19757053 0.22620414 0.23543603 0.18088491 0.19809303 0.24383163 
0.23135249 0.20184096 0.19646408 0.22386862 0.32110131 0.30482995 0.25877572 0.34956192 0.30016377 0.31047248 0.34891881 0.42036479 0.48084882 0.42005921 0.73325843 0.00000000 0.42370516 0.48146634 0.45932403 0.32394485 0.36414453 0.25427412 0.28896402 0.24269938 0.24975613 0.16671375 0.12202964 0.13263141 0.19006526 0.16343590 0.17242671 0.26251701 0.18656041 0.19773696 0.24778879 0.18765043 0.16566314 0.26473138 0.20731925 0.13974975 0.21364526 0.26440950 0.16209492 0.14254951 0.26221977 0.22653501 0.18984428 0.12497092 0.14380636 0.13544074 0.16997779 0.13083244 0.19421770 0.19461787 0.17454860 0.13128378 0.07433918 0.24987900 0.16113584 0.17810980 0.20793344 0.19335632 0.21305884 0.16662371 0.29105299 0.16833859 0.22710107 0.25359315 0.12043413 0.14898551 0.13900057 0.14881886 0.17184815 0.17862474 0.12110702 0.14342259 0.17997955 0.17711302 0.15046524 0.10384279 0.17542141 0.18377694 0.16178664 0.17583987 0.28159787 0.18499389 0.13114852 0.11989611 0.15253788 0.22281575 0.13578281 0.15555114 0.15553869 0.11863278 0.18758443 0.11272261 0.09653363 0.06838946 0.12726883 0.14376483 0.14691471 0.16001194 0.22422564 0.18252257 0.22462613 0.16116854 0.21411432 0.18885274 0.16398222 0.24119509 0.13814471 0.19808690 0.15841381 0.13740822 0.26223754 0.16533121 0.20731108 0.15090478 0.20065692 0.25217975 0.20708719 0.12601565 0.11172587 0.14484493 0.08775638 0.19115469 0.13929271 0.15958467 0.16286076 0.13704575 0.16866267 0.22092766 0.17349625 0.13452323 0.16130676 0.17226850 0.18383543 0.14165269 0.14481677 0.21222630 0.17930156 0.23695510 0.18344650 0.27472662 0.23564413 0.12370379 0.12916142 0.16634081 0.16704493 0.16595779 0.15499500 0.09526489 0.09499934 0.17825647 0.12713191 0.19204487 0.13623110 0.14927554 0.16815092 0.16413488 0.15820285 0.20038875 0.23369426 0.23272078 0.20739199 0.13199045 0.11670965 0.23872904 0.18075898 0.19220761 0.18575027 0.13998069 0.12260506 0.27373878 0.15673694 0.19933781 0.20032274 0.22808613 0.14344572 0.18603690 0.12270292 0.14132885 0.14557385 0.20746877 0.24543444 0.20838485 0.26355202 0.21964189 0.22283675 
0.24106180 0.27446042 0.31170766 0.34187227 0.28130461 0.39257668 0.37318981 0.32578385 0.36278787 0.36138937 0.31728933 0.34737443 0.32844413 0.63241873 0.40468557 0.42370516 0.00000000 0.57974808 0.44685850 0.35275560 0.22295624 0.22968763 0.29161258 0.16409223 0.26297063 0.13223499 0.15999578 0.21539538 0.21544678 0.20809578 0.15621306 0.24132321 0.19881090 0.21710007 0.19143692 0.20508988 0.17976886 0.15803971 0.30209449 0.14706015 0.14681526 0.21173124 0.08328135 0.17496323 0.19271564 0.12405431 0.15630189 0.16192879 0.15067860 0.18027488 0.10355757 0.18790135 0.17244943 0.17284206 0.14485920 0.10703756 0.13624860 0.28646942 0.23698155 0.14479355 0.13063616 0.16133235 0.14049829 0.14027360 0.19301427 0.18196618 0.16233405 0.25274296 0.17680732 0.19882756 0.18890190 0.13935025 0.13209510 0.19901985 0.23283691 0.18498399 0.20209976 0.23269354 0.16102043 0.24638553 0.10345744 0.11975356 0.15250190 0.21264974 0.21724827 0.18023171 0.13188661 0.25258951 0.18986918 0.15641901 0.12206802 0.12975784 0.10198174 0.16895322 0.18149909 0.12577126 0.09773683 0.17392383 0.16829982 0.14997877 0.25627036 0.11206573 0.13594325 0.24393584 0.11796114 0.15596252 0.06104256 0.16360724 0.15450380 0.15427037 0.27467759 0.12769587 0.19185663 0.22076811 0.12610492 0.10696993 0.21483934 0.23640555 0.22948093 0.12792998 0.16909196 0.13986789 0.11839245 0.13158311 0.13908039 0.19060197 0.19829442 0.11731789 0.15237030 0.24518425 0.28517922 0.18025216 0.19260711 0.17556384 0.16645529 0.12982719 0.17256365 0.17791618 0.12085559 0.12563105 0.21362686 0.20820542 0.21989385 0.18451831 0.15046110 0.17432303 0.10888427 0.27742938 0.26522413 0.13048894 0.15614312 0.14481189 0.16895016 0.12369087 0.22610089 0.07722607 0.15606486 0.13973111 0.19936987 0.23960472 0.18480472 0.13873583 0.29864563 0.17260660 0.20813574 0.22291483 0.18139866 0.17649687 0.21698369 0.23225903 0.18554878 0.14435502 0.07604459 0.21031602 0.14728253 0.16491457 0.27615119 0.09088305 0.13782155 0.14435799 0.21333149 0.19985966 0.16383751 0.17344502 0.20131668 0.19358521 0.13188968 0.21766820 0.18471753 
0.25675002 0.27179631 0.29507370 0.35108238 0.32936940 0.34421515 0.34481049 0.35288925 0.35032082 0.30323957 0.23301610 0.33681610 0.35160980 0.93395709 0.47193829 0.48146634 0.57974808 0.00000000 0.42899317 0.57239211 0.25055308 0.20893881 0.25585508 0.11892035 0.14473673 0.20323450 0.23927372 0.21379936 0.18648991 0.14456404 0.17482441 0.21754642 0.15594931 0.21700820 0.15880155 0.13953920 0.17670569 0.13242972 0.20373287 0.12831224 0.16980474 0.17410222 0.16299578 0.07022320 0.15473815 0.12686510 0.15990509 0.24001210 0.20874365 0.14446838 0.18420039 0.14459393 0.15635789 0.11890398 0.13263168 0.09255494 0.11630429 0.29876366 0.17654647 0.21092593 0.20970110 0.20112638 0.17566686 0.09446194 0.33277730 0.16579815 0.24602847 0.19802728 0.24624498 0.21489924 0.20805852 0.17361569 0.12863466 0.22747916 0.23542044 0.14917557 0.20897041 0.20367839 0.11889242 0.18785874 0.17106758 0.17867988 0.22562315 0.08846958 0.13801956 0.17400034 0.15790475 0.21272680 0.15424550 0.15637479 0.12852824 0.19254202 0.08163387 0.15449148 0.17636654 0.12061644 0.07781426 0.06769491 0.15089488 0.16604073 0.18155311 0.17203896 0.22262319 0.15495045 0.20232677 0.22045904 0.12000346 0.24882145 0.17966724 0.19410360 0.18427851 0.13995123 0.18614195 0.16348955 0.14099088 0.15533906 0.16909050 0.18551136 0.11564438 0.17442094 0.15130044 0.13676693 0.10601329 0.13832730 0.09857983 0.14296948 0.25650288 0.11716658 0.16578431 0.30248109 0.27261555 0.08276627 0.21312676 0.15557908 0.11811176 0.08040620 0.26073387 0.10514441 0.11018885 0.16475894 0.13936222 0.19145673 0.18333303 0.15041310 0.17922365 0.18936477 0.13646019 0.21709061 0.25398805 0.15473162 0.07765876 0.11049480 0.07489681 0.16359405 0.16102178 0.15155374 0.12136981 0.25593413 0.18331158 0.28120002 0.26887560 0.15341163 0.23923809 0.19294818 0.19336643 0.14695913 0.20541833 0.15982364 0.20338492 0.12756226 0.21877018 0.16250780 0.14872895 0.11929774 0.14471746 0.26647827 0.15799008 0.20339970 0.11122477 0.19370719 0.16952454 0.17246536 0.20116952 0.24471094 0.18658663 0.22123565 0.15295381 0.19194197 0.23827166 
0.22874362 0.19881830 0.21662369 0.16784303 0.27687940 0.26874038 0.24568545 0.29342445 0.25587532 0.29409767 0.22260847 0.25333277 0.29164989 0.29120502 0.37744998 0.45932403 0.44685850 0.42899317 0.00000000 0.53547168 0.38015560 0.31509120 0.46697246 0.24204632 0.26813638 0.12481354 0.20744189 0.19825462 0.24899132 0.18478897 0.21254347 0.22545655 0.22710164 0.18538441 0.21927996 0.22878483 0.26303006 0.19024405 0.23807614 0.24733814 0.25512297 0.24877219 0.16164496 0.13144138 0.17079267 0.16065935 0.19228474 0.21863454 0.10651654 0.15346872 0.14781176 0.11785891 0.14620121 0.18794166 0.16301642 0.14978563 0.14431417 0.21238582 0.21390442 0.13697950 0.32429547 0.14928158 0.24986059 0.19289021 0.52352610 0.24025399 0.14423487 0.17124165 0.15344595 0.15484535 0.20174059 0.19676139 0.18325693 0.23079706 0.18892267 0.22742832 0.26746610 0.18103488 0.20505927 0.27820540 0.19502903 0.17052618 0.18668210 0.16633547 0.14578481 0.15859118 0.19259622 0.07874656 0.18703479 0.13262681 0.14443986 0.08603743 0.11566177 0.17509391 0.14693738 0.08238713 0.08418275 0.12401262 0.07379279 0.16228759 0.15226891 0.12440553 0.12528800 0.14992176 0.21223591 0.15694718 0.19995451 0.16777563 0.21755215 0.14623490 0.30899859 0.26320092 0.22406829 0.22688135 0.24391856 0.18600553 0.23134088 0.23986519 0.26399854 0.15593251 0.23165215 0.12660895 0.18279985 0.14276923 0.08266485 0.10093886 0.10424933 0.10715613 0.17145893 0.19109916 0.14470376 0.17936811 0.10709159 0.07903202 0.12676537 0.10876870 0.19844472 0.12030603 0.13831021 0.18022720 0.20937626 0.09245859 0.16900414 0.16246348 0.18485586 0.16024725 0.12508242 0.17469806 0.19261466 0.11125717 0.18176109 0.01971136 0.16301940 0.11083050 0.23654505 0.18221556 0.15920612 0.10806306 0.15891256 0.11534842 0.13800183 0.21119830 0.12630341 0.12899002 0.31213502 0.14640275 0.13081586 0.19471081 0.12567131 0.11276872 0.16003102 0.20736798 0.18780848 0.23401789 0.21990193 0.21066685 0.22694712 0.20548693 0.15549484 0.27622382 0.28751972 0.25782938 0.13988367 0.25710973 0.33954993 0.26646424 0.11689026 0.22295445 0.26667467 
