0.00000000 0.02401107 0.02246230 0.02167841 0.01740402 0.02142969 0.01843119 0.01777710 0.01992402 0.01904111 0.01237641 0.01133589 0.01471504 0.01523015 0.01419903 0.01329603 0.02153384 0.01639557 0.01162128 0.01223012 0.01310748 0.01355947 0.01250661 0.01564362 0.01641740 0.01240103 0.01256226 0.01282069 0.01573594 0.01232961 0.01422948 0.01391627 0.01542688 0.01884643 0.01597246 0.01372406 0.01456004 0.01200776 0.01463811 0.01307414 0.01192929 0.01655719 0.01413132 0.01512291 0.01933903 0.01541321 0.01850044 0.01369621 0.01786648 0.01483559 0.01102827 0.01399753 0.01483559 0.01072272 0.01483559 0.01881430 0.01374662 0.01472666 0.01187175 0.01418521 0.01257407 0.01248422 0.01274876 0.01340086 0.01694377 0.01033348 0.01261276 0.01409835 0.02088929 0.01504211 0.01924992 0.01316735 0.01202459 0.01681914 0.01945243 0.01427862 0.02011125 0.01695570 0.01486480 0.01391128 0.01909122 0.01616869 0.01931676 0.01586779 0.01664142 0.01612468 0.01311892 0.01660328 0.01278597 0.01696258 0.01255017 0.01243877 0.01351684 0.01407721 0.01827349 0.01707172 0.01872156 0.02050052 0.01617924 0.01540776 0.01204289 0.01433244 0.01446224 0.01348272 0.01688540 0.01475195 0.01240462 0.01563766 0.01752595 0.01549061 0.01547086 0.02006259 0.01693982 0.01641074 0.01341871 0.01205942 0.01389615 0.01249859 0.01057790 0.01275058 0.01510437 0.01340125 0.01453417 0.01456509 0.01335666 0.01851313 0.02075408 0.01486480 0.01673480 0.02028870 0.02014623 0.01282209 0.01534944 0.01923690 0.01458524 0.01812774 0.01293350 0.01823740 0.01534302 0.01303237 0.01291710 0.01455207 0.01650400 0.01134834 0.01484050 0.01273522 0.01800033 0.01468020 0.01845391 0.01419823 0.01639960 0.01285363 0.01341575 0.01767599 0.01813167 0.01644177 0.01195900 0.01655907 0.01721296 0.01924992 0.01510068 0.01568536 0.01674354 0.01249514 0.01841162 0.01231976 0.01274516 0.01702551 0.01605082 0.01300342 0.01145181 0.01138314 0.01387760 0.01318546 0.01639861 0.01531205 0.01425468 0.01128806 0.01250126 0.01219599 0.01351830 0.01128174 0.01651754 0.01447114 0.01345631 0.01519734 0.01159860 0.01538563 0.01694613 
0.02401107 0.00000000 0.02246230 0.02167841 0.01740402 0.02142969 0.01843119 0.01777710 0.01992402 0.01904111 0.01237641 0.01133589 0.01471504 0.01523015 0.01419903 0.01329603 0.02153384 0.01639557 0.01162128 0.01223012 0.01310748 0.01355947 0.01250661 0.01564362 0.01641740 0.01240103 0.01256226 0.01282069 0.01573594 0.01232961 0.01422948 0.01391627 0.01542688 0.01884643 0.01597246 0.01372406 0.01456004 0.01200776 0.01463811 0.01307414 0.01192929 0.01655719 0.01413132 0.01512291 0.01933903 0.01541321 0.01850044 0.01369621 0.01786648 0.01483559 0.01102827 0.01399753 0.01483559 0.01072272 0.01483559 0.01881430 0.01374662 0.01472666 0.01187175 0.01418521 0.01257407 0.01248422 0.01274876 0.01340086 0.01694377 0.01033348 0.01261276 0.01409835 0.02088929 0.01504211 0.01924992 0.01316735 0.01202459 0.01681914 0.01945243 0.01427862 0.02011125 0.01695570 0.01486480 0.01391128 0.01909122 0.01616869 0.01931676 0.01586779 0.01664142 0.01612468 0.01311892 0.01660328 0.01278597 0.01696258 0.01255017 0.01243877 0.01351684 0.01407721 0.01827349 0.01707172 0.01872156 0.02050052 0.01617924 0.01540776 0.01204289 0.01433244 0.01446224 0.01348272 0.01688540 0.01475195 0.01240462 0.01563766 0.01752595 0.01549061 0.01547086 0.02006259 0.01693982 0.01641074 0.01341871 0.01205942 0.01389615 0.01249859 0.01057790 0.01275058 0.01510437 0.01340125 0.01453417 0.01456509 0.01335666 0.01851313 0.02075408 0.01486480 0.01673480 0.02028870 0.02014623 0.01282209 0.01534944 0.01923690 0.01458524 0.01812774 0.01293350 0.01823740 0.01534302 0.01303237 0.01291710 0.01455207 0.01650400 0.01134834 0.01484050 0.01273522 0.01800033 0.01468020 0.01845391 0.01419823 0.01639960 0.01285363 0.01341575 0.01767599 0.01813167 0.01644177 0.01195900 0.01655907 0.01721296 0.01924992 0.01510068 0.01568536 0.01674354 0.01249514 0.01841162 0.01231976 0.01274516 0.01702551 0.01605082 0.01300342 0.01145181 0.01138314 0.01387760 0.01318546 0.01639861 0.01531205 0.01425468 0.01128806 0.01250126 0.01219599 0.01351830 0.01128174 0.01651754 0.01447114 0.01345631 0.01519734 0.01159860 0.01538563 0.01694613 
0.02246230 0.02246230 0.00000000 0.02421196 0.02139951 0.02672092 0.02228564 0.01831056 0.02161689 0.02323936 0.01269688 0.01312927 0.01009404 0.01447591 0.01475004 0.01270503 0.02529219 0.01961751 0.01117722 0.01477763 0.01078382 0.01258290 0.01669147 0.01447393 0.01557251 0.01480645 0.01334327 0.01106946 0.01944732 0.01007575 0.00905475 0.01236219 0.01947199 0.02298546 0.01437815 0.01336879 0.01599606 0.00739014 0.01316470 0.01320884 0.01317639 0.01279030 0.01534759 0.01307428 0.01597375 0.02034218 0.01900066 0.01575774 0.01875496 0.01242512 0.01007110 0.01416381 0.01242512 0.00969600 0.01242512 0.01772967 0.01945634 0.01180584 0.01266894 0.02099356 0.01084052 0.00784923 0.01140016 0.01115898 0.01406465 0.01495023 0.00855982 0.01394440 0.02008731 0.01571173 0.02062658 0.01384210 0.01057786 0.01713645 0.02095140 0.01445066 0.02019320 0.01766469 0.01460312 0.01531796 0.01923399 0.01380980 0.02369707 0.01754089 0.01712729 0.01595924 0.01424519 0.01698554 0.01299612 0.01748342 0.00908710 0.01414484 0.01283100 0.01311574 0.01447171 0.01448298 0.01650142 0.02070508 0.01696526 0.01807158 0.00812312 0.01389552 0.01336475 0.01085397 0.01507776 0.01280839 0.01882799 0.01392121 0.01470769 0.01770782 0.01862417 0.01885250 0.01499977 0.01664891 0.01199712 0.01164804 0.01861395 0.00931928 0.00915666 0.01288327 0.01322265 0.01146182 0.01869729 0.00988604 0.02392203 0.02009974 0.01881584 0.01460312 0.01681277 0.01758987 0.01738717 0.01239505 0.01301508 0.01976582 0.01214219 0.01624276 0.01469925 0.01963498 0.01387293 0.01526066 0.01382386 0.01527057 0.01366965 0.01290847 0.01445251 0.01339427 0.01637255 0.01403109 0.01781923 0.00984263 0.01494038 0.01372266 0.01264117 0.01545349 0.01948358 0.02225198 0.01156750 0.01715076 0.01605959 0.02062658 0.01808289 0.01528588 0.01718959 0.01207042 0.01814017 0.01816394 0.00881933 0.02097429 0.01642197 0.02340085 0.01234594 0.01539973 0.01634999 0.01001010 0.01483463 0.01241978 0.01252197 0.01084694 0.01138725 0.00910736 0.01233999 0.01015687 0.01567213 0.01723712 0.01085212 0.01343188 0.01225644 0.01324812 0.01583544 
0.02167841 0.02167841 0.02421196 0.00000000 0.01762534 0.02236678 0.02401897 0.02058393 0.02295556 0.01815144 0.00926964 0.01575945 0.01443837 0.01553805 0.01488564 0.01411566 0.02516613 0.01997498 0.01322846 0.01475362 0.01466931 0.01365103 0.01655871 0.01534105 0.01183207 0.01740725 0.00959608 0.01235513 0.01337234 0.01156618 0.01219648 0.01331631 0.01464605 0.01745606 0.01468280 0.01451676 0.01165200 0.01180474 0.01375661 0.01382305 0.01168677 0.01357441 0.01541182 0.01386831 0.01860368 0.01451016 0.01535642 0.01776996 0.01399716 0.01112617 0.01201288 0.01523141 0.01112617 0.00593210 0.01112617 0.01752133 0.01922314 0.01385456 0.00746906 0.01535579 0.01147471 0.01128354 0.01426067 0.00908484 0.01493179 0.01461678 0.01294004 0.01467192 0.02211204 0.01911375 0.02173515 0.01639975 0.01298685 0.01742245 0.02210150 0.01248264 0.02191911 0.01905905 0.01681669 0.01140700 0.02070109 0.01600129 0.01858353 0.01895526 0.01899959 0.01762363 0.01431199 0.01697818 0.01505600 0.01761061 0.01084768 0.00881940 0.01435603 0.01398802 0.01422982 0.01176433 0.01768437 0.02255933 0.02000743 0.01473822 0.01137648 0.01504065 0.01578598 0.01199364 0.01585502 0.01210802 0.01686820 0.01286548 0.01542775 0.01725604 0.01416653 0.02067806 0.01750182 0.01621908 0.01289042 0.00763007 0.01229004 0.01342985 0.00581303 0.01487562 0.01747850 0.00922503 0.01912542 0.01270311 0.01783143 0.02028397 0.02067603 0.01681669 0.01632082 0.01506202 0.01490706 0.01465509 0.01471382 0.02024431 0.01341199 0.01733023 0.01754700 0.01981617 0.01505346 0.01551007 0.01601517 0.01679650 0.01441913 0.01521394 0.01478819 0.01446813 0.01725198 0.01487130 0.01451195 0.01274419 0.01642649 0.01692897 0.01622350 0.01753435 0.01962354 0.01662967 0.00740363 0.01828493 0.01680802 0.02173515 0.01343797 0.01689122 0.01722247 0.01141019 0.01884151 0.01795839 0.01299427 0.02099289 0.01733424 0.02266793 0.00762662 0.01528657 0.01123660 0.01279902 0.01524632 0.01481838 0.01346858 0.00695281 0.01369972 0.01130508 0.01326584 0.01189542 0.01202825 0.01178729 0.01177227 0.01361368 0.00733688 0.01210267 0.01355796 
0.01740402 0.01740402 0.02139951 0.01762534 0.00000000 0.02395068 0.01770201 0.02299308 0.02005702 0.02072443 0.01535099 0.00993077 0.01036625 0.01061483 0.01313597 0.01541083 0.02342086 0.01674046 0.01088697 0.01268321 0.01569230 0.00797337 0.01214621 0.01197707 0.01168313 0.01837209 0.01630810 0.00611505 0.01594657 0.01469648 0.01181221 0.00871264 0.01381040 0.02011257 0.01334753 0.01664556 0.00916256 0.00613789 0.01177470 0.00846323 0.00869926 0.01080867 0.01256631 0.00921984 0.01915260 0.01784471 0.01546018 0.01486432 0.01379016 0.02308683 0.01376754 0.01260976 0.02308683 0.01726785 0.02308683 0.01724872 0.01794563 0.01459721 0.01831563 0.01529337 0.01583462 0.00842127 0.01580559 0.02056652 0.01011827 0.00938224 0.00737376 0.01003121 0.01586356 0.01938237 0.01921706 0.01266215 0.01069819 0.01602578 0.01954446 0.01585076 0.01686800 0.01385298 0.01881544 0.02151487 0.01632891 0.01903375 0.02165261 0.01213691 0.01208265 0.02081546 0.01252889 0.01626204 0.01281048 0.01663899 0.01514648 0.02166880 0.01710290 0.01814643 0.01318350 0.01536108 0.02332742 0.01894611 0.01786421 0.02181584 0.00991585 0.01851247 0.01577431 0.01607046 0.01298299 0.01041147 0.01318032 0.01312461 0.02101312 0.01277948 0.02616871 0.01455542 0.01859073 0.01376096 0.01689622 0.01800740 0.01471826 0.00645708 0.01108838 0.01268032 0.01420154 0.02073069 0.01502025 0.01426571 0.01700803 0.01967246 0.01895830 0.01881544 0.01594961 0.01726935 0.01939163 0.01609930 0.01825959 0.01827852 0.01740264 0.01333079 0.01820305 0.01909805 0.01265154 0.01084125 0.01568355 0.01692443 0.01084944 0.01032412 0.01317058 0.00675767 0.01315257 0.01095130 0.01002879 0.01521800 0.00980825 0.00986602 0.00878548 0.01881061 0.01898256 0.01858399 0.01745963 0.01555310 0.01324160 0.01921706 0.02576155 0.02010838 0.01580875 0.00626277 0.01763660 0.01594717 0.01434954 0.01895425 0.02141245 0.02185699 0.01642331 0.00977244 0.02391248 0.01057380 0.01218933 0.01521767 0.00877460 0.01810883 0.01553988 0.01292069 0.00841774 0.01291847 0.00680277 0.01247083 0.01478261 0.01224850 0.01831482 0.01346402 0.01196156 
0.02142969 0.02142969 0.02672092 0.02236678 0.02395068 0.00000000 0.02222665 0.02013600 0.02249919 0.02342306 0.01083152 0.01067856 0.00968455 0.01345133 0.01424651 0.01230976 0.02332974 0.01860041 0.00901578 0.01466298 0.01550895 0.01195065 0.01439968 0.01376935 0.01588236 0.01868000 0.01142555 0.01035768 0.01763839 0.01106274 0.00835285 0.01092384 0.01810103 0.02134729 0.01393919 0.01295259 0.01445498 0.00584160 0.01303927 0.01157286 0.01093686 0.01203378 0.01388593 0.01106226 0.01462206 0.02021412 0.01901766 0.01409075 0.01663542 0.02189445 0.01188218 0.01504195 0.02189445 0.01301478 0.02189445 0.01699294 0.02024464 0.01145657 0.01100506 0.01918985 0.01069600 0.00649188 0.01495525 0.01839397 0.01159141 0.01198596 0.00717028 0.01241586 0.01937352 0.01891285 0.02125444 0.01233502 0.00864846 0.01680014 0.02165267 0.01335997 0.02000690 0.01732396 0.01638905 0.01646597 0.01909209 0.01542319 0.02396191 0.01655588 0.01766265 0.01713925 0.01415394 0.01652401 0.01101270 0.01713947 0.01333257 0.01464915 0.01392063 0.01343637 0.01387183 0.01636576 0.01948847 0.02202357 0.01648431 0.01727429 0.00911843 0.01469120 0.01397857 0.01125606 0.01412486 0.01179966 0.01661997 0.01363712 0.01639238 0.01683938 0.02033876 0.01784253 0.01529823 0.01613789 0.01211363 0.01271753 0.01659854 0.00768808 0.00665979 0.01087253 0.01584377 0.01835201 0.01887065 0.01142731 0.02176557 0.02021772 0.02028816 0.01638905 0.01812956 0.01677072 0.01890844 0.01470894 0.01407440 0.01906011 0.01294220 0.01533092 0.01830170 0.01967021 0.01434303 0.01327114 0.01461854 0.01393817 0.01219923 0.01044257 0.01429417 0.01152289 0.01458706 0.01280334 0.01586417 0.01237908 0.01306832 0.01176243 0.01091874 0.01480135 0.01947699 0.02105294 0.01182661 0.01788317 0.01476345 0.02125444 0.01964124 0.01629630 0.01621812 0.01021601 0.01843456 0.01881899 0.01405055 0.02009434 0.01722756 0.02507908 0.01001724 0.01269199 0.01720556 0.00871730 0.01317745 0.01236790 0.01121338 0.01361368 0.01425298 0.01049946 0.01065252 0.01058689 0.01346572 0.01555362 0.00944655 0.01271704 0.01182257 0.01176142 0.01585323 
0.01843119 0.01843119 0.02228564 0.02401897 0.01770201 0.02222665 0.00000000 0.02007269 0.02236669 0.01786707 0.01073083 0.01545321 0.01672542 0.01954184 0.01385146 0.01196195 0.02173594 0.02345635 0.01449133 0.01374569 0.01575631 0.01127952 0.01815783 0.01338021 0.01196541 0.01844474 0.01123656 0.00958317 0.01137682 0.01111826 0.01574495 0.01736636 0.01813974 0.01540529 0.01405387 0.01244467 0.01547131 0.01282687 0.01321572 0.01052519 0.01379679 0.01256967 0.01318657 0.01059514 0.01459576 0.01423741 0.02144255 0.01848097 0.01065207 0.01818345 0.01186757 0.01498512 0.01818345 0.00787013 0.01818345 0.01699473 0.01892332 0.01117272 0.00365117 0.01759571 0.01070138 0.01333287 0.01495710 0.01386321 0.01145359 0.01526742 0.01399244 0.01835087 0.01902878 0.01901222 0.02113834 0.01410092 0.01454017 0.01667126 0.02153409 0.01324111 0.01981129 0.01672394 0.01634303 0.00980354 0.01911620 0.01572371 0.01863050 0.02198043 0.01678278 0.01709045 0.01345503 0.01639555 0.01634516 0.01698640 0.01169217 0.00872270 0.01383484 0.01339382 0.01212984 0.01146035 0.01730314 0.02228360 0.02249096 0.01722687 0.00871520 0.01461566 0.01329833 0.01134647 0.01449971 0.01668966 0.01729847 0.01153816 0.01414053 0.01991021 0.01427291 0.01748808 0.01514685 0.02051528 0.01210268 0.00623339 0.01648794 0.01423017 0.00652402 0.01609393 0.01532391 0.01370424 0.01740369 0.01187661 0.01869236 0.02003484 0.02162099 0.01634303 0.01566146 0.01138060 0.01511649 0.01446991 0.01459737 0.01873933 0.01319642 0.01524843 0.01822505 0.01948273 0.01475722 0.01790552 0.01409807 0.01929422 0.01218663 0.01498293 0.01416457 0.01598075 0.01433839 0.01880521 0.00960435 0.01295094 0.01244780 0.01678525 0.01666055 0.01467693 0.01929118 0.02090205 0.00526019 0.01788606 0.01455536 0.02113834 0.01384130 0.01630379 0.01590389 0.01324540 0.01884380 0.01737913 0.01475422 0.02466891 0.01715362 0.02280700 0.00996685 0.01666418 0.01170897 0.01507943 0.01294699 0.01211846 0.01760882 0.00848357 0.01427503 0.01043329 0.01700611 0.01050384 0.00666575 0.01639339 0.00921728 0.01280302 0.00538278 0.01181551 0.01785277 
0.01777710 0.01777710 0.01831056 0.02058393 0.02299308 0.02013600 0.02007269 0.00000000 0.02362382 0.01884577 0.00953600 0.01351757 0.00953059 0.01325580 0.01203605 0.01094241 0.02167328 0.01946779 0.00736887 0.01200596 0.01372278 0.01100937 0.01258364 0.01320060 0.01353255 0.01635235 0.01373929 0.00889975 0.01115886 0.01457836 0.01461411 0.00876706 0.01135796 0.01709392 0.01397788 0.01790470 0.01016489 0.01162703 0.01084988 0.00944609 0.01007751 0.01083661 0.01010760 0.01156558 0.02372554 0.01367692 0.01452889 0.01288361 0.01241945 0.02073470 0.01444179 0.01414150 0.02073470 0.01089136 0.02073470 0.01623332 0.01853701 0.01085882 0.00991411 0.00959013 0.01089355 0.01047493 0.02044899 0.01690227 0.01233093 0.00857429 0.01292065 0.01177630 0.01965798 0.02307176 0.02218504 0.01091916 0.01164459 0.01593968 0.02158238 0.01242189 0.02084230 0.01740765 0.02287610 0.01559230 0.01796542 0.02147316 0.01818706 0.01633011 0.01768254 0.02282997 0.01290817 0.01531703 0.01391503 0.01732093 0.01152557 0.01567288 0.01509764 0.01941298 0.01468521 0.01455525 0.01784578 0.02245172 0.02476953 0.02140508 0.00695320 0.01371720 0.01938263 0.01750592 0.01305128 0.01227475 0.01251255 0.01135801 0.01687848 0.01553849 0.02127369 0.01781455 0.02347747 0.01602507 0.00872055 0.01473493 0.00951506 0.01291970 0.01058891 0.01811963 0.02000174 0.02308886 0.01813877 0.01069870 0.01674599 0.01896237 0.02271033 0.02287610 0.01763892 0.01747496 0.01933936 0.01760058 0.01391546 0.01924279 0.01948060 0.01634112 0.02128501 0.01928521 0.01559168 0.01072918 0.01271483 0.01629264 0.01078581 0.00819703 0.01435056 0.00930612 0.01533710 0.01281108 0.00843093 0.01975724 0.01552935 0.01522678 0.01894563 0.01439425 0.01998548 0.01657464 0.01477372 0.01741210 0.01577187 0.02218504 0.02029036 0.01742195 0.01496069 0.00588256 0.01805782 0.01542732 0.01247622 0.02115610 0.01832481 0.02108088 0.01101979 0.01261880 0.01703386 0.01396747 0.01338131 0.02047451 0.01033918 0.01171424 0.01251730 0.01709637 0.00833599 0.01350069 0.01000139 0.00745899 0.01036235 0.01270246 0.00989640 0.01289826 0.01089622 
0.01992402 0.01992402 0.02161689 0.02295556 0.02005702 0.02249919 0.02236669 0.02362382 0.00000000 0.02023638 0.00658246 0.01156250 0.01283868 0.01428179 0.01266714 0.01233741 0.02191731 0.02031840 0.00938903 0.01294582 0.01637359 0.01262702 0.01363607 0.01431499 0.01520750 0.01868745 0.01121910 0.01026241 0.01209907 0.01038359 0.01005037 0.00997167 0.01359408 0.01773505 0.01438242 0.01395440 0.01239288 0.00854424 0.01164235 0.01100468 0.01150100 0.01112201 0.01100523 0.01263031 0.01853506 0.01487566 0.01633632 0.01492928 0.01367967 0.02008114 0.01137182 0.01496277 0.02008114 0.00834829 0.02008114 0.01594321 0.01982641 0.01260818 0.00580659 0.01201585 0.01148650 0.01245633 0.01824653 0.01568542 0.01334620 0.00978607 0.00997601 0.01259513 0.02072224 0.02063854 0.02320234 0.01361693 0.01331542 0.01641087 0.02270066 0.01055507 0.02198202 0.01864264 0.01962029 0.01251600 0.01900752 0.01704524 0.01951425 0.01794023 0.01989099 0.01863261 0.01376553 0.01558172 0.01554441 0.01762045 0.01268837 0.01191050 0.01625310 0.01480345 0.01404272 0.01482266 0.01888282 0.02371557 0.02189762 0.01916576 0.00984087 0.01481113 0.01640925 0.01273835 0.01390858 0.01201355 0.01348972 0.01098540 0.01746363 0.01628417 0.01808073 0.01878805 0.01923135 0.01774512 0.00982313 0.01215185 0.01059823 0.01034937 0.00855624 0.01527329 0.01806052 0.02206183 0.01976835 0.01275243 0.01911395 0.01939567 0.02278012 0.01962029 0.01778705 0.01714820 0.01904293 0.01486182 0.01526358 0.01952581 0.01487056 0.01732849 0.02321561 0.01967512 0.01606793 0.01189695 0.01487401 0.01751970 0.01164669 0.01081528 0.01495886 0.01135091 0.01645423 0.01384056 0.01140918 0.01610031 0.01611498 0.01356620 0.01722328 0.01648952 0.02029967 0.01778346 0.01205641 0.01870544 0.01615106 0.02320234 0.01693157 0.01870866 0.01528417 0.00859267 0.01876710 0.01697330 0.01497611 0.02174079 0.01915989 0.02294847 0.00757954 0.01383383 0.01328458 0.01044814 0.01406714 0.01665992 0.01116735 0.00899194 0.01427141 0.01381630 0.00974327 0.01006131 0.01238737 0.00921905 0.01117340 0.01284126 0.00600645 0.01210075 0.01289300 
0.01904111 0.01904111 0.02323936 0.01815144 0.02072443 0.02342306 0.01786707 0.01884577 0.02023638 0.00000000 0.01457680 0.01510005 0.01685080 0.01624841 0.01423872 0.01190538 0.01866256 0.01720715 0.01245238 0.01350628 0.01698827 0.01423967 0.01096533 0.01568522 0.01969298 0.01352630 0.01284818 0.01186434 0.01453580 0.00715403 0.00532966 0.01172479 0.02077344 0.02003556 0.01509573 0.01046905 0.01642061 0.00503268 0.01205009 0.01337228 0.01527557 0.00962624 0.00981238 0.01108036 0.01782590 0.01889011 0.02055069 0.01245130 0.01785698 0.01866454 0.01541408 0.01788824 0.01866454 0.01276312 0.01866454 0.01511117 0.01665155 0.01317794 0.01450878 0.01521903 0.01273201 0.01350976 0.02107082 0.01396143 0.01389896 0.01209732 0.00655201 0.00718650 0.01590885 0.01561633 0.01841308 0.00922658 0.00817241 0.01106387 0.01784276 0.01342100 0.01699178 0.02158552 0.01849265 0.02195107 0.01733979 0.02028934 0.02216716 0.02062594 0.01801037 0.01751343 0.01388075 0.01308941 0.01226278 0.01647559 0.01828583 0.01104561 0.01117561 0.00925666 0.00984995 0.01368145 0.01521374 0.01907597 0.01712429 0.01966000 0.00518117 0.01512571 0.01923022 0.01098597 0.01131155 0.01172263 0.01715909 0.01381800 0.02297430 0.02307027 0.02197070 0.02256522 0.02258767 0.01859256 0.01108118 0.01482521 0.01327276 0.01261546 0.01785760 0.01204702 0.01276818 0.02043156 0.01651804 0.01485738 0.02077943 0.01586131 0.01823209 0.01849265 0.01863497 0.01622436 0.01799644 0.01488523 0.01434052 0.01616825 0.01208591 0.01972194 0.01861631 0.01603854 0.01470522 0.01152264 0.01583066 0.01401163 0.01267414 0.01431157 0.01572512 0.01679529 0.01279444 0.01391709 0.01849863 0.01293449 0.01416633 0.01692949 0.01213956 0.01296700 0.01668581 0.01928269 0.01847316 0.01442904 0.01094485 0.01841308 0.02070511 0.02138811 0.01571691 0.01091872 0.01819156 0.01756465 0.01213046 0.01880824 0.01545672 0.02037002 0.01465074 0.01327840 0.01789045 0.01115914 0.01054976 0.01304169 0.00871392 0.01216330 0.01129999 0.01383589 0.01270767 0.01188030 0.01572227 0.01655232 0.01290166 0.01377204 0.00889562 0.01091926 0.01805064 
0.01237641 0.01237641 0.01269688 0.00926964 0.01535099 0.01083152 0.01073083 0.00953600 0.00658246 0.01457680 0.00000000 0.02017206 0.02123591 0.02469358 0.01425996 0.01675741 0.01002882 0.01685255 0.02371839 0.01623776 0.00661939 0.01562707 0.01350919 0.01249484 0.01622276 0.00969260 0.01681126 0.01009897 0.01129131 0.01185479 0.01360788 0.01454100 0.02417124 0.01421710 0.01248323 0.01334493 0.01430399 0.01911111 0.01310063 0.01408500 0.01345599 0.01024479 0.01186444 0.01369818 0.01724307 0.02106169 0.01032692 0.02059550 0.02058107 0.01121614 0.01668837 0.01356002 0.01121614 0.01604246 0.01121614 0.01640053 0.00766022 0.01725472 0.01884693 0.01755914 0.01634326 0.01530232 0.01570982 0.00937957 0.01856468 0.01513660 0.01418650 0.01711699 0.01366280 0.01076916 0.00692187 0.01292594 0.01295893 0.01502952 0.00678694 0.02215880 0.00935650 0.01352301 0.01129011 0.02113280 0.01108654 0.01597590 0.01162240 0.01393346 0.01648950 0.01259435 0.00749376 0.02158855 0.02039925 0.01819861 0.01744659 0.01630384 0.01332452 0.01266074 0.00792442 0.02094640 0.01170363 0.00968266 0.01382550 0.01924524 0.01121524 0.01666379 0.01700854 0.01910546 0.01239403 0.00925662 0.01324197 0.01192277 0.01683643 0.01928171 0.01654478 0.01802334 0.01674132 0.01370877 0.01491697 0.01233627 0.01854522 0.02148349 0.01481364 0.02036373 0.00873417 0.01164962 0.01306045 0.02194364 0.01214605 0.01499674 0.01571963 0.01129011 0.01377189 0.01694114 0.02091431 0.01585085 0.02117267 0.01606132 0.01234024 0.02064638 0.01337536 0.01501508 0.01082969 0.02530157 0.01280140 0.01873919 0.01813258 0.03387001 0.01807172 0.02529294 0.01281784 0.01582049 0.02364247 0.02383544 0.02080177 0.01901475 0.01157698 0.02077900 0.01480473 0.01785519 0.01695669 0.01828877 0.01453408 0.00692187 0.01535948 0.01393752 0.02107259 0.01744114 0.02106208 0.01513595 0.01252272 0.01973173 0.01629499 0.01296876 0.02509350 0.01605271 0.02698266 0.01060220 0.01396694 0.01121282 0.01283998 0.02838345 0.00803504 0.00829184 0.02109597 0.01135996 0.01001289 0.01834032 0.01221606 0.01588760 0.02259430 0.01142490 0.01465789 
0.01133589 0.01133589 0.01312927 0.01575945 0.00993077 0.01067856 0.01545321 0.01351757 0.01156250 0.01510005 0.02017206 0.00000000 0.01048215 0.02088816 0.01294035 0.01926181 0.01464237 0.01112999 0.01342029 0.01312214 0.01470448 0.01239585 0.02773270 0.01097101 0.01395466 0.00949125 0.00932343 0.02991836 0.01632210 0.02456195 0.01473598 0.02435946 0.01722213 0.01174385 0.01157743 0.01285569 0.01557854 0.01261552 0.01389128 0.01990963 0.01334506 0.01695118 0.01454508 0.01169983 0.01172926 0.01161079 0.01473183 0.00795117 0.01553783 0.00827665 0.02207611 0.02072519 0.00827665 0.01540984 0.00827665 0.01536412 0.01103330 0.00844048 0.01699653 0.01245868 0.01197216 0.01606228 0.01449457 0.01037423 0.01515137 0.01747255 0.01053532 0.03477348 0.00942541 0.01395422 0.01201909 0.01105588 0.01704468 0.00833363 0.01224472 0.01134651 0.01022591 0.01576672 0.01220455 0.01589569 0.01354197 0.01631117 0.01032040 0.02214798 0.01227608 0.01405451 0.02011741 0.01567787 0.01022050 0.01156045 0.02781285 0.02691865 0.01331966 0.02816775 0.00966333 0.01079400 0.01284649 0.00840957 0.01657223 0.00986511 0.01840601 0.01798354 0.01712094 0.02362388 0.01824067 0.02101036 0.03775484 0.02369878 0.01779757 0.02286503 0.00981395 0.01537224 0.01701521 0.01019784 0.01462384 0.01965621 0.02223583 0.02965611 0.02073255 0.01548293 0.01941244 0.00744755 0.00828758 0.01325661 0.01263725 0.00945383 0.00939449 0.01220455 0.01566646 0.01111983 0.00723188 0.01742598 0.01143705 0.01337657 0.01568337 0.01826572 0.00769178 0.00977645 0.01199051 0.01980914 0.00990061 0.00762698 0.01360548 0.01818937 0.02001776 0.02637916 0.00905142 0.01817075 0.01154329 0.01634378 0.01570727 0.03575965 0.01667157 0.01239557 0.00972189 0.00941666 0.01421439 0.01207091 0.00742040 0.01201909 0.00877508 0.01496160 0.02154128 0.00886447 0.01278258 0.01660451 0.00413229 0.01209894 0.00744511 0.01340334 0.02045456 0.01915791 0.02149356 0.01557886 0.01993198 0.00797766 0.02455925 0.01357276 0.01509956 0.02766662 0.02055947 0.02544461 0.03170293 0.02148560 0.01523880 0.01893546 0.02915905 0.01444931 0.01109625 
0.01471504 0.01471504 0.01009404 0.01443837 0.01036625 0.00968455 0.01672542 0.00953059 0.01283868 0.01685080 0.02123591 0.01048215 0.00000000 0.01869082 0.01322496 0.01858214 0.01168192 0.01958820 0.02954444 0.01176438 0.01888016 0.01837070 0.01538285 0.02800566 0.00891326 0.00954740 0.01427200 0.01342408 0.00866172 0.00753007 0.00674740 0.01379528 0.01480457 0.01111895 0.02116492 0.01295636 0.00768607 0.00947534 0.00684560 0.01974407 0.01108942 0.01316189 0.00847061 0.01006258 0.00843192 0.01841602 0.02820162 0.02631026 0.01421494 0.01394187 0.01515819 0.01584441 0.01394187 0.01328294 0.01394187 0.01571985 0.00972344 0.02236980 0.01257532 0.01695949 0.01841026 0.02786473 0.02144411 0.01440443 0.01130931 0.02014914 0.01104785 0.01623436 0.02076792 0.00964357 0.01313930 0.01727930 0.01878623 0.01348797 0.01295983 0.01986132 0.01591842 0.02079148 0.01155515 0.02056162 0.01603176 0.01914740 0.01040421 0.02184699 0.01555292 0.01158790 0.01613447 0.01355679 0.02104914 0.01790290 0.01826736 0.01027463 0.01604826 0.00771628 0.00667342 0.02062487 0.01661117 0.01616167 0.01052534 0.01465949 0.01095583 0.02037694 0.02373435 0.00804288 0.00706602 0.01242491 0.01493167 0.01525022 0.02276826 0.02569968 0.01222872 0.02515032 0.01951115 0.01708754 0.01950427 0.01327226 0.01024521 0.01189680 0.00963108 0.01621662 0.01803963 0.01651746 0.01566917 0.03259610 0.00907412 0.01754565 0.01421477 0.01155515 0.01693137 0.01482223 0.01757003 0.02017247 0.01838034 0.01923814 0.01245674 0.01920664 0.01127247 0.01755524 0.01069072 0.02023296 0.01311999 0.02264401 0.01564643 0.02619151 0.01231705 0.02652619 0.01143311 0.01773091 0.02262010 0.00947006 0.01070431 0.00934327 0.01938120 0.01876658 0.01742915 0.01776895 0.01816664 0.01530953 0.01630597 0.01313930 0.01230037 0.02083827 0.01430575 0.02235723 0.01567769 0.01349135 0.01506521 0.02017403 0.01946765 0.01134912 0.01235702 0.01022032 0.01064626 0.00976685 0.00994817 0.01218907 0.01156090 0.01393488 0.01674106 0.00859399 0.01664432 0.01151439 0.00908395 0.01597537 0.01828354 0.01375696 0.01124905 0.00811743 0.01726943 
0.01523015 0.01523015 0.01447591 0.01553805 0.01061483 0.01345133 0.01954184 0.01325580 0.01428179 0.01624841 0.02469358 0.02088816 0.01869082 0.00000000 0.01930897 0.01644402 0.01190805 0.01887824 0.02463882 0.01471619 0.01078140 0.01625708 0.01737504 0.01349253 0.01943401 0.01327701 0.01755936 0.01739465 0.00943378 0.01586697 0.02321062 0.02352561 0.02588216 0.01297200 0.02151903 0.00806796 0.01658915 0.01283889 0.02041914 0.01137845 0.02518306 0.01429532 0.01239525 0.01605704 0.00902287 0.01033353 0.01690033 0.01903338 0.02620973 0.01325130 0.01283096 0.01442676 0.01325130 0.00759941 0.01325130 0.01442741 0.00972265 0.01985032 0.01419774 0.01660840 0.01270534 0.01844820 0.01625069 0.00968347 0.02146688 0.01922844 0.01470059 0.01862622 0.01588368 0.01034371 0.01263658 0.01719328 0.01185057 0.01832599 0.01234590 0.01714386 0.01145798 0.01476796 0.01188008 0.01632911 0.01469280 0.01847007 0.01065969 0.02004692 0.01736844 0.01066667 0.01199465 0.01795682 0.01371069 0.01210990 0.01433719 0.01112070 0.00952303 0.01089440 0.01209016 0.01092876 0.00997705 0.01913888 0.01741060 0.01498421 0.01222815 0.01326499 0.01576525 0.01369600 0.01600498 0.01189861 0.01495943 0.01644575 0.01544030 0.01938843 0.01033845 0.01988500 0.01571797 0.01630772 0.01304371 0.00754174 0.01659284 0.01173907 0.01812864 0.01389814 0.00916023 0.01243656 0.01732331 0.01698938 0.01471080 0.01375446 0.01399253 0.01188008 0.01007589 0.01122184 0.01355996 0.01213575 0.01058021 0.01352626 0.00982357 0.01584518 0.01208537 0.01364419 0.01109790 0.02027459 0.01755117 0.01595721 0.01869448 0.02330338 0.02693363 0.02167140 0.02114643 0.02346415 0.01684939 0.01881356 0.01867437 0.01969707 0.02023438 0.01111355 0.01383358 0.01690574 0.01127030 0.01228390 0.01025564 0.01263658 0.00947739 0.01442183 0.02352441 0.01136488 0.01262763 0.00863824 0.01725438 0.01935311 0.01289671 0.01192245 0.02914461 0.02221182 0.02708991 0.01215720 0.00962950 0.01411706 0.01485749 0.02489813 0.01418061 0.01160278 0.02095494 0.01183063 0.01616002 0.01851904 0.01221325 0.01525498 0.01818256 0.01022427 0.01697564 
0.01419903 0.01419903 0.01475004 0.01488564 0.01313597 0.01424651 0.01385146 0.01203605 0.01266714 0.01423872 0.01425996 0.01294035 0.01322496 0.01930897 0.00000000 0.01735198 0.01189658 0.00941431 0.01675537 0.02983507 0.02648739 0.02257646 0.01635623 0.02027592 0.02245198 0.01570268 0.01492775 0.02510825 0.01167599 0.02064941 0.02822191 0.02004884 0.01319121 0.01404032 0.02437923 0.01741245 0.01387244 0.02545910 0.02606482 0.02202027 0.02214137 0.01842679 0.01780334 0.01687950 0.01477635 0.01041051 0.02244179 0.00988930 0.01912491 0.01453629 0.02509624 0.01643996 0.01453629 0.02435233 0.01453629 0.01343078 0.01143042 0.02037094 0.02417623 0.00986362 0.02466217 0.01870925 0.01405648 0.00857479 0.02963254 0.02338940 0.01460780 0.01368973 0.01081459 0.01158073 0.01005826 0.01655395 0.02725404 0.02385585 0.01173738 0.01087832 0.01187688 0.01434232 0.01013863 0.01225378 0.01275373 0.01171959 0.00968420 0.01360057 0.01598176 0.01047386 0.02297947 0.01098782 0.01385677 0.01049632 0.01245673 0.01114465 0.01419603 0.02018660 0.01947506 0.01028115 0.01020021 0.01298691 0.01140914 0.01051580 0.02010733 0.01542093 0.01356893 0.01545606 0.02031365 0.02144567 0.01749395 0.02297976 0.01590937 0.01455904 0.01265219 0.01547829 0.01424743 0.00856707 0.01419772 0.01140254 0.01942683 0.01133221 0.02252807 0.01364867 0.01258530 0.01155315 0.01146282 0.01331148 0.00937864 0.01037261 0.01187083 0.01013863 0.00903500 0.01107290 0.01291751 0.00972274 0.01075235 0.00909538 0.02236491 0.01460009 0.01262439 0.00902620 0.01212574 0.01220953 0.01316587 0.00706223 0.01677907 0.01717595 0.01686556 0.01664738 0.01845273 0.01274808 0.01336419 0.01665198 0.01728652 0.01098913 0.00823410 0.00826555 0.00780068 0.00703417 0.01955487 0.01191303 0.02140487 0.01005826 0.00963362 0.01160675 0.01678356 0.02542128 0.01320527 0.01077420 0.02722168 0.01002812 0.00740508 0.01493912 0.01813296 0.01699826 0.01247737 0.01252960 0.01854954 0.01128128 0.02551030 0.01736046 0.01125690 0.01994278 0.03066956 0.01956404 0.02037530 0.01137012 0.01913678 0.01431006 0.01564988 0.01807765 0.01056211 
0.01329603 0.01329603 0.01270503 0.01411566 0.01541083 0.01230976 0.01196195 0.01094241 0.01233741 0.01190538 0.01675741 0.01926181 0.01858214 0.01644402 0.01735198 0.00000000 0.01405908 0.01195695 0.02449003 0.01644199 0.01454601 0.01374174 0.02076196 0.00708293 0.02587059 0.02042832 0.01785878 0.01635517 0.01603656 0.01124509 0.01203432 0.01367319 0.01256107 0.02156607 0.01136125 0.00855008 0.01627146 0.01281851 0.01435158 0.01401560 0.01756723 0.02585404 0.03199165 0.01821495 0.01993251 0.01907629 0.01651168 0.01773105 0.00587293 0.01316227 0.01765459 0.01968175 0.01316227 0.02340448 0.01316227 0.01445946 0.01971278 0.01894351 0.01266928 0.01269884 0.02084994 0.01197519 0.01250989 0.00971869 0.01486014 0.01028782 0.01096420 0.01868405 0.01218220 0.01311645 0.01077953 0.02602577 0.01833291 0.01944257 0.01071545 0.01589562 0.00949427 0.01015773 0.01460601 0.01807636 0.01742420 0.01355312 0.01306749 0.01049446 0.01846856 0.01351978 0.01987877 0.01432186 0.01704077 0.01685562 0.01638162 0.01419927 0.02031732 0.00970932 0.03296676 0.01765144 0.01441182 0.01616180 0.00891110 0.01087025 0.03481895 0.01975871 0.01061248 0.01841415 0.02254098 0.02294556 0.00476882 0.01604030 0.01483546 0.01298019 0.01768967 0.01432770 0.01083240 0.01453469 0.01896460 0.01551818 0.02789554 0.02365438 0.01589122 0.01477387 0.00477589 0.00966006 0.01333462 0.01656729 0.01119872 0.01177986 0.01190616 0.01460601 0.01695991 0.01917760 0.01587684 0.01498358 0.01910093 0.01082649 0.01134061 0.01545200 0.01218028 0.01166386 0.01879323 0.01579552 0.02553055 0.01296069 0.02128290 0.01509592 0.01093242 0.01261883 0.01016174 0.00662531 0.01384756 0.01284531 0.01732482 0.00954815 0.01391328 0.01324842 0.01165701 0.00964738 0.01378742 0.01377997 0.02580491 0.01077953 0.01619608 0.01461740 0.00917950 0.01365796 0.01778494 0.01690204 0.01370608 0.01304863 0.01467154 0.01206077 0.01083183 0.01809344 0.00893364 0.01540455 0.01390439 0.01709015 0.01756920 0.02215021 0.01956898 0.00950418 0.01296229 0.02032634 0.00913724 0.01211436 0.02884946 0.01353875 0.01942052 0.01735414 0.01507500 
0.02153384 0.02153384 0.02529219 0.02516613 0.02342086 0.02332974 0.02173594 0.02167328 0.02191731 0.01866256 0.01002882 0.01464237 0.01168192 0.01190805 0.01189658 0.01405908 0.00000000 0.02122423 0.01097035 0.01143040 0.01182655 0.00945673 0.01587523 0.01644441 0.01104677 0.01455955 0.01852836 0.00725614 0.01531296 0.01610398 0.01120415 0.00883778 0.01567450 0.01885986 0.01347220 0.02068707 0.01190212 0.00976347 0.01134441 0.01149948 0.00984647 0.01159496 0.01170746 0.01142635 0.01928461 0.01659510 0.01002222 0.02008022 0.01474811 0.01052908 0.00787237 0.01106045 0.01052908 0.01224822 0.01052908 0.01530764 0.01693515 0.01570290 0.00856127 0.01651805 0.01149829 0.01199483 0.01224454 0.01103515 0.01360824 0.01169243 0.01143452 0.01225268 0.02094651 0.02063520 0.02151031 0.01706674 0.01446618 0.01735658 0.02178242 0.01841411 0.02053732 0.01959587 0.02160752 0.01252359 0.02061631 0.01668283 0.02116405 0.01819800 0.01521875 0.01927927 0.01236995 0.01799830 0.01564940 0.01857389 0.00727021 0.01491897 0.01951891 0.01362928 0.01411147 0.01350827 0.02051812 0.02036981 0.01884235 0.01760390 0.00625791 0.01632368 0.01451368 0.01161413 0.01341760 0.00975592 0.01912256 0.01092469 0.01706811 0.01456663 0.01941540 0.01811280 0.01717181 0.01520801 0.01425771 0.00986587 0.01217296 0.01281179 0.01102654 0.01537049 0.01738063 0.01091174 0.01654053 0.01209933 0.02228148 0.02197626 0.01811272 0.02160752 0.01510234 0.02016171 0.01334473 0.01294892 0.01679743 0.02501056 0.01804346 0.01555392 0.01515552 0.02216051 0.01260494 0.01431841 0.01276982 0.01966733 0.01081794 0.01356322 0.01332966 0.00907451 0.01726559 0.01334354 0.01672802 0.00997302 0.01500682 0.01830545 0.01602393 0.02151192 0.02212042 0.02040247 0.00985876 0.01992433 0.01604510 0.02151031 0.01784727 0.01847842 0.01798494 0.00709627 0.01568302 0.01826261 0.00876510 0.01893362 0.02176248 0.02122465 0.00934933 0.01385334 0.01921558 0.01302436 0.01446717 0.02060596 0.01154847 0.01451888 0.01436236 0.00909803 0.01128301 0.01077920 0.00860108 0.01145759 0.01045251 0.01188196 0.01205282 0.01104257 0.01366833 
0.01639557 0.01639557 0.01961751 0.01997498 0.01674046 0.01860041 0.02345635 0.01946779 0.02031840 0.01720715 0.01685255 0.01112999 0.01958820 0.01887824 0.00941431 0.01195695 0.02122423 0.00000000 0.01546633 0.00948134 0.01176447 0.01203125 0.01951119 0.01328228 0.01027161 0.01388511 0.02125042 0.00731686 0.01051254 0.01117030 0.01343771 0.01169556 0.02243835 0.01566074 0.01274770 0.01683422 0.01194857 0.01663928 0.00967061 0.01076577 0.01417492 0.01064247 0.00872151 0.00906875 0.01359602 0.01687942 0.01896927 0.02549820 0.01579713 0.01493917 0.00609878 0.01076269 0.01493917 0.01164636 0.01493917 0.01463441 0.01938571 0.01213591 0.00415233 0.02154301 0.00923738 0.01674733 0.01201440 0.01277754 0.01041871 0.01467694 0.01832233 0.01690855 0.01779279 0.01942478 0.01903129 0.01497105 0.01764736 0.01529729 0.01841687 0.02297210 0.01797354 0.01559919 0.01772546 0.01390581 0.01670230 0.01507630 0.01605602 0.01972506 0.01562816 0.01588366 0.00990942 0.01412095 0.01880554 0.01824989 0.00699859 0.01207286 0.01666115 0.01197561 0.00981513 0.01623623 0.01465357 0.01992070 0.02300197 0.02201119 0.00482633 0.01698106 0.01128796 0.01087885 0.01195389 0.01529462 0.01528462 0.00897040 0.01426090 0.01880427 0.01598946 0.01633668 0.01638595 0.02005607 0.00933709 0.00740732 0.01321091 0.00986166 0.00996479 0.01843805 0.01741903 0.01826611 0.02165041 0.01238587 0.02310924 0.02297347 0.02207961 0.01772546 0.01505862 0.01551715 0.01684453 0.01254247 0.01731511 0.02349798 0.01685936 0.01709646 0.02052648 0.02287868 0.01349870 0.01657172 0.01055993 0.02517034 0.01109969 0.01452644 0.01318449 0.01474261 0.01834750 0.01688780 0.01396307 0.01165197 0.01170734 0.01302084 0.02021136 0.02185548 0.02325395 0.02587639 0.00745164 0.01956302 0.01565486 0.01903129 0.01625200 0.01576448 0.01592770 0.01383594 0.01785294 0.01442020 0.01059614 0.02614909 0.02262887 0.01993697 0.01531504 0.01424406 0.01515195 0.01243136 0.01474776 0.01889367 0.01422469 0.01469747 0.01551299 0.00916580 0.01528504 0.00741477 0.00795157 0.01634441 0.00841338 0.01028228 0.00731127 0.01029141 0.01767603 
0.01162128 0.01162128 0.01117722 0.01322846 0.01088697 0.00901578 0.01449133 0.00736887 0.00938903 0.01245238 0.02371839 0.01342029 0.02954444 0.02463882 0.01675537 0.02449003 0.01097035 0.01546633 0.00000000 0.02003816 0.01589190 0.01786217 0.01499846 0.02410630 0.03299422 0.01393512 0.01751480 0.02246228 0.00938039 0.01780244 0.01960605 0.02665502 0.01158395 0.01100118 0.02162009 0.01694784 0.02257402 0.02402921 0.01360519 0.01764898 0.01469789 0.02110702 0.02035038 0.00925591 0.00848311 0.01156673 0.01332234 0.02244993 0.01295736 0.00924556 0.01374256 0.01396360 0.00924556 0.01152213 0.00924556 0.01453655 0.02633321 0.02820227 0.01904025 0.01520939 0.01613237 0.02780562 0.01214522 0.00574668 0.01507651 0.02601066 0.02583586 0.01584744 0.01643097 0.00813688 0.00822413 0.01712063 0.01449464 0.01447194 0.00822591 0.01915809 0.01137375 0.01468343 0.00786259 0.01638415 0.01053364 0.01368168 0.00580313 0.01512871 0.01058000 0.00693129 0.01643356 0.01463886 0.01445277 0.01025788 0.01293207 0.02174050 0.01236426 0.01377102 0.01917563 0.01260769 0.01049966 0.01281443 0.00938925 0.01420416 0.02506246 0.01928582 0.01249697 0.01687208 0.01617966 0.01925201 0.03289843 0.01881896 0.01647535 0.01978145 0.00983893 0.02057310 0.01526798 0.01250558 0.03399897 0.00786340 0.02076859 0.01325118 0.01998386 0.00931083 0.00836470 0.01010571 0.01238817 0.02953210 0.00828455 0.01224767 0.01276589 0.00786259 0.00957894 0.00761027 0.01225337 0.00800317 0.01166195 0.01425283 0.00976370 0.01292835 0.01201068 0.01213263 0.00863041 0.01996696 0.01810950 0.01805984 0.03034062 0.02927776 0.01479453 0.02358169 0.01753659 0.02114822 0.01498923 0.01568196 0.01636824 0.00507329 0.01015948 0.01507287 0.01198300 0.01326501 0.01279554 0.00875013 0.01857876 0.00822413 0.00815583 0.01478891 0.01724132 0.01576248 0.01141387 0.00908548 0.01485055 0.01720480 0.01432355 0.01192312 0.01823616 0.01742691 0.01326764 0.00837507 0.01019243 0.01357128 0.01898626 0.02336940 0.01455052 0.02019835 0.01876166 0.02270422 0.00859353 0.01360797 0.02275770 0.02137347 0.01772657 0.01207120 0.01097317 
