0.00000000 0.07887943 0.07754877 0.07811821 0.07538791 0.07239702 0.07828363 0.07997734 0.07332965 0.07576230 0.07964641 0.08321748 0.07217475 0.07851368 0.07583910 0.07506416 0.07340342 0.06810566 0.06919424 0.06781328 0.07704088 0.06511066 0.06471341 0.06647234 0.06421297 0.06461132 0.06819592 0.06735416 0.06994396 0.06395552 0.06924240 0.06769156 0.06418137 0.06323950 0.07240542 0.06557349 0.06255377 0.06222786 0.06159978 0.06202749 0.06039411 0.06886340 0.06155050 0.06515924 0.06917089 0.06438544 0.06808114 0.06212451 0.06844124 0.06495337 0.06127827 0.06341847 0.06106624 0.06327864 0.06293004 0.06638585 0.07078392 0.06176949 0.07357963 0.06128435 0.06757308 0.06179237 0.06675555 0.06569692 0.06414732 0.06273521 0.06378055 0.07173697 0.06237774 0.06294344 0.07177515 0.06058133 0.06042031 0.06350867 0.06085938 0.06773185 0.05800370 0.06209170 0.05942760 0.06861919 0.06108447 0.05919935 0.07394817 0.06462243 0.06194494 0.08011771 0.06657225 0.07038881 0.07207850 0.06123871 0.06030657 0.06096232 0.06205596 0.06114974 0.06528943 0.06161549 0.06139701 0.06040167 0.06033185 0.06493977 0.06150289 0.06240467 0.06518972 0.05811023 0.06107941 0.05943871 0.07148173 0.06129914 0.05946071 0.06572970 0.06359593 0.06651976 0.07337198 0.06338486 0.06648181 0.06787201 0.06129604 0.06900299 0.06208327 0.06393348 0.07269876 0.06287635 0.07073119 0.06656436 0.06224007 0.06259660 0.06224027 0.06060173 0.06117673 0.06150416 0.06132211 0.06543805 0.07141214 0.07776112 0.06686405 0.06283324 0.06245187 0.05899524 0.05937888 0.06623121 0.07352724 0.06015131 0.06739859 0.06561473 0.06186668 0.06522554 0.06349267 0.07175305 0.07289566 0.06738233 0.05941665 0.06320882 0.06088979 0.06221343 0.06181173 0.06413506 0.06192539 0.06425245 0.05850011 0.05811797 0.06152495 0.06143591 0.06646740 0.06053743 0.07024236 0.06197532 0.06092691 0.06797988 0.06716500 0.05849619 0.06627358 0.07139981 0.06002494 0.06488172 0.07228218 0.07989117 
0.07887943 0.00000000 0.12311033 0.10998563 0.11113644 0.08183076 0.11754567 0.09927729 0.09574068 0.10455114 0.11219104 0.12457403 0.09440860 0.11682153 0.08669410 0.07477125 0.08879126 0.07337943 0.08976396 0.08303029 0.09288369 0.05806200 0.08018756 0.06838272 0.05796610 0.05961401 0.07186444 0.09041492 0.07271222 0.08716441 0.08703891 0.06341797 0.05048777 0.07427410 0.09211788 0.05470169 0.07327196 0.05658482 0.06676140 0.07534656 0.04305571 0.06812268 0.05712551 0.06383819 0.06908713 0.05971808 0.05769757 0.07027474 0.09857019 0.07122752 0.06305278 0.06181465 0.08931344 0.05718806 0.06860863 0.05495927 0.04469429 0.06852552 0.05258577 0.04233720 0.07436299 0.04356944 0.07150293 0.05076766 0.04676135 0.04564214 0.04609946 0.06647499 0.06919159 0.04379905 0.06651375 0.04298634 0.06438763 0.04582897 0.04271396 0.07186582 0.04026976 0.04331305 0.06574503 0.07139924 0.04065765 0.05652215 0.06193874 0.07552365 0.06841473 0.04468852 0.05955547 0.06437794 0.07090023 0.04419695 0.05171940 0.04216445 0.05367884 0.04117866 0.05712787 0.05230852 0.06133616 0.04456624 0.06379817 0.07070673 0.06867352 0.06768394 0.06544624 0.04349720 0.05230911 0.05160185 0.05475175 0.04498440 0.07120334 0.07148686 0.04891471 0.06905785 0.06298700 0.06994162 0.08193514 0.07251406 0.04430230 0.07444322 0.05576975 0.06355975 0.06284740 0.04656874 0.07219620 0.06821210 0.07588166 0.06278054 0.05988093 0.05242543 0.05913303 0.07118222 0.04999290 0.07187725 0.09533249 0.11918768 0.07095792 0.07473540 0.05930202 0.05930740 0.03869241 0.07123332 0.07158272 0.06812077 0.05965315 0.07572089 0.05219430 0.06172326 0.06301177 0.08229925 0.06210075 0.05485616 0.04657365 0.07841205 0.06639392 0.06236940 0.06875936 0.06457373 0.05612839 0.04766700 0.03910773 0.03628067 0.06295124 0.04353206 0.06735486 0.04712454 0.06564212 0.05614920 0.04784716 0.07529220 0.06798244 0.04351335 0.06846505 0.06538597 0.05167467 0.06129182 0.06833467 0.06348249 
0.07754877 0.12311033 0.00000000 0.11758745 0.11229194 0.07723844 0.11808172 0.10490408 0.09637456 0.10285554 0.10327651 0.10874494 0.09063330 0.11472453 0.09265740 0.08633876 0.09008128 0.08527558 0.09076844 0.08122053 0.09239395 0.05416604 0.07520841 0.05524369 0.05298817 0.05448640 0.07612452 0.09935964 0.08826552 0.07909524 0.08009009 0.07631551 0.05842850 0.07629429 0.07895033 0.05930553 0.07245763 0.06966966 0.07619348 0.06282147 0.03895505 0.07183636 0.04795004 0.05394491 0.07514530 0.06932311 0.06672469 0.07774159 0.08004372 0.06565439 0.06214052 0.06316076 0.06620454 0.05934645 0.08606661 0.05424840 0.06281119 0.06151532 0.07841898 0.03961119 0.08067910 0.04095825 0.06503032 0.04993974 0.04560012 0.04334665 0.04482124 0.06665558 0.06464544 0.04240544 0.06675513 0.04681865 0.07160387 0.04428854 0.03958006 0.05634056 0.04781150 0.04116024 0.04959989 0.06586228 0.03812403 0.05566852 0.07484801 0.08977340 0.07603588 0.03954766 0.06191252 0.07970950 0.07056720 0.04080199 0.04949982 0.03887602 0.05350378 0.05979586 0.05844052 0.04725506 0.06817452 0.04914531 0.06946999 0.07226065 0.06255925 0.05793107 0.04599372 0.04493872 0.04744538 0.04467427 0.05650456 0.04874503 0.07269148 0.06602241 0.05278225 0.07753402 0.05976687 0.06482438 0.07754116 0.07224164 0.04047838 0.07947401 0.06408759 0.08949474 0.06441011 0.04417077 0.05901720 0.05886474 0.07854495 0.06373826 0.06965516 0.05114608 0.07447389 0.07295160 0.05269226 0.06983405 0.09751548 0.10623347 0.07157177 0.07035640 0.05840247 0.06549783 0.03511004 0.07460897 0.07199527 0.07106325 0.06242093 0.07029781 0.05601679 0.06896341 0.06506947 0.06281455 0.07435955 0.05421992 0.04050780 0.07703150 0.05915216 0.04109998 0.07236687 0.05269235 0.06821708 0.04618645 0.03406142 0.03204052 0.07080630 0.04037701 0.06930706 0.04359848 0.05721140 0.04304183 0.05158266 0.07492154 0.07031588 0.03786519 0.06372365 0.06574507 0.06160772 0.05483674 0.08365506 0.05736516 
0.07811821 0.10998563 0.11758745 0.00000000 0.13902099 0.09463782 0.14592102 0.14298064 0.12430259 0.15242473 0.13736619 0.15284394 0.10256832 0.15200110 0.10932717 0.13300589 0.10983712 0.10032332 0.11780391 0.10694819 0.09406833 0.04175989 0.09592524 0.05957621 0.04135372 0.05174277 0.09060384 0.09828981 0.09197533 0.09037552 0.09419947 0.07675197 0.05731842 0.08620211 0.08750493 0.06641521 0.07126272 0.08009328 0.04873648 0.07387081 0.01613171 0.09186924 0.07965081 0.07680254 0.07777791 0.06482252 0.06191442 0.06344673 0.09563646 0.08161937 0.07387863 0.07509963 0.06019559 0.06584631 0.06959890 0.05920690 0.05466129 0.06806000 0.04637742 0.01920519 0.09115011 0.01871877 0.06806305 0.03426016 0.02674130 0.02316274 0.02546365 0.06179934 0.06005144 0.02147256 0.06185649 0.03442386 0.06208798 0.02457135 0.01741209 0.06031196 0.02104214 0.01976296 0.04616747 0.07278327 0.01413257 0.03475648 0.09577558 0.07321786 0.06533682 0.01857597 0.07090790 0.05708217 0.08428311 0.01954592 0.04662178 0.01565068 0.04365856 0.06338511 0.07102412 0.03789598 0.05538444 0.02794615 0.06162581 0.07438273 0.06771657 0.06572164 0.05640050 0.04086947 0.03561177 0.03692298 0.07896165 0.03393722 0.05037039 0.07642854 0.04062222 0.07032437 0.04398464 0.06325388 0.09834727 0.08245093 0.01777536 0.07193130 0.04944922 0.05240136 0.05690785 0.05994586 0.08680859 0.07901433 0.06921138 0.06816971 0.08475642 0.03579528 0.07458088 0.07596093 0.04280186 0.06481813 0.11712060 0.09640457 0.07539974 0.07110411 0.03183581 0.04517974 0.01754357 0.04933345 0.07052354 0.04249991 0.03861241 0.07780835 0.04881757 0.09486360 0.09057074 0.07622767 0.09902051 0.04195099 0.02653601 0.07011430 0.04734620 0.04943022 0.09484145 0.04516422 0.06066699 0.02956453 0.01134407 0.00361676 0.06399472 0.01733557 0.05116648 0.03266600 0.07715926 0.04445492 0.04258475 0.07354178 0.05486051 0.03355974 0.07508245 0.08254144 0.06218326 0.08437883 0.09683762 0.11433311 
0.07538791 0.11113644 0.11229194 0.13902099 0.00000000 0.10040092 0.14011219 0.14141901 0.12492278 0.13987353 0.12875590 0.14099706 0.11760715 0.13305803 0.12101908 0.13116462 0.11605072 0.09135916 0.11084711 0.10557835 0.10363390 0.04503706 0.09229483 0.05524402 0.04589880 0.05957208 0.09497190 0.10145959 0.07893868 0.08551019 0.07702483 0.08438704 0.04465532 0.08079858 0.09905271 0.06524693 0.09616974 0.09045039 0.06363368 0.08419961 0.01728483 0.07635855 0.06243764 0.06362517 0.05357940 0.07090897 0.07055361 0.07374945 0.07226132 0.05937414 0.08535116 0.07153376 0.06749911 0.05482149 0.07046978 0.05833342 0.06862371 0.07182420 0.06072218 0.01966302 0.07919583 0.01913773 0.05328804 0.03394574 0.02643743 0.02361038 0.02502295 0.06102204 0.09794186 0.02111887 0.06109548 0.03430252 0.06397443 0.02435669 0.01789061 0.04961525 0.01642659 0.01974704 0.06239021 0.08184607 0.01451282 0.04228909 0.08357031 0.07421821 0.06564957 0.01293965 0.06817106 0.07078925 0.05635423 0.02037764 0.06058117 0.01587410 0.05168285 0.04615025 0.08943914 0.05195437 0.05597300 0.04507120 0.05416823 0.07394399 0.08374720 0.05704837 0.05538361 0.03981447 0.04363507 0.04323586 0.06142384 0.03568257 0.05021953 0.06670795 0.04689329 0.07528047 0.04661910 0.04566755 0.09566175 0.08503411 0.01822228 0.07197072 0.07826749 0.04618173 0.08277083 0.04567561 0.06480208 0.06179774 0.09391121 0.05581260 0.07299211 0.06202271 0.05827305 0.06974289 0.04870813 0.07797750 0.10088432 0.11288078 0.11685873 0.06844658 0.04032004 0.08344452 0.02043595 0.02877890 0.06973306 0.05419765 0.03489609 0.06614186 0.06670128 0.06419360 0.07775214 0.07712419 0.07697919 0.04163427 0.03573956 0.06183236 0.05060362 0.04795201 0.06892824 0.04199246 0.07388281 0.02981748 0.01626032 0.00429628 0.05673645 0.01748763 0.05654152 0.03584388 0.08956519 0.04347980 0.04500976 0.07350565 0.06164771 0.03519337 0.06805112 0.06961428 0.06010255 0.07784292 0.08792692 0.11447597 
0.07239702 0.08183076 0.07723844 0.09463782 0.10040092 0.00000000 0.08805763 0.08903514 0.09855504 0.09064288 0.09932690 0.09427506 0.09807569 0.09263282 0.08909724 0.09015449 0.08655087 0.09089451 0.08746838 0.08464910 0.09553881 0.08313165 0.07873544 0.08888089 0.09486959 0.11006356 0.07733902 0.07158377 0.08083489 0.08409563 0.06769439 0.06277748 0.06574800 0.06433617 0.06750479 0.05089870 0.05517972 0.05561763 0.06283369 0.05989244 0.05918604 0.06068041 0.06679176 0.07333354 0.04493598 0.05498281 0.06823820 0.05627751 0.06053278 0.05880705 0.05004482 0.04867438 0.04930080 0.05677354 0.05920203 0.05647178 0.05175996 0.08873127 0.04922088 0.05506684 0.05564354 0.05108153 0.08322363 0.05336444 0.04921185 0.05353563 0.04795164 0.06676670 0.07518881 0.04602720 0.06664870 0.06144091 0.05297666 0.04874840 0.05552398 0.05900638 0.05205419 0.04960379 0.04829914 0.05906309 0.04760469 0.05371595 0.04616792 0.04279503 0.06580960 0.04984795 0.05138657 0.06192884 0.06204135 0.05904061 0.05250123 0.05078677 0.04199396 0.05252447 0.06722281 0.09470507 0.06359048 0.06560059 0.07622894 0.08602276 0.06264789 0.05657452 0.06817547 0.07798492 0.09584700 0.06936586 0.05533180 0.06157922 0.05140235 0.04557268 0.06396369 0.05492203 0.04465074 0.05220249 0.06073444 0.05465979 0.05550943 0.05591753 0.08264616 0.05743576 0.07666708 0.06544786 0.06592948 0.05189033 0.06854754 0.06654540 0.07265311 0.09151838 0.07134872 0.06159304 0.05165807 0.08923341 0.07773043 0.07436976 0.08439939 0.07137902 0.05364568 0.06755563 0.06259702 0.04831753 0.07179666 0.05623528 0.04474963 0.05758657 0.05313335 0.07515817 0.06710785 0.05676690 0.06763168 0.05859346 0.10401609 0.06194882 0.04877905 0.04560023 0.08655281 0.06283751 0.08626854 0.05786182 0.07222885 0.04946810 0.06714040 0.05064602 0.06325019 0.05494732 0.05266832 0.06055120 0.07155840 0.05457200 0.05430667 0.06299612 0.06294430 0.05869743 0.05093589 0.07427121 0.07217914 0.07529133 
0.07828363 0.11754567 0.11808172 0.14592102 0.14011219 0.08805763 0.00000000 0.13349039 0.13205394 0.13639615 0.14853844 0.14798870 0.11602572 0.13576932 0.12309503 0.10343512 0.10519874 0.10562978 0.09312735 0.12206122 0.12317473 0.04192635 0.08630794 0.06735231 0.04199536 0.04355209 0.09126161 0.09817486 0.09762968 0.08734605 0.08815503 0.10705516 0.06258031 0.05688669 0.09101865 0.07626422 0.10335332 0.07537708 0.05047920 0.08241357 0.01394007 0.07959560 0.04273576 0.07209008 0.09486005 0.07003536 0.06173948 0.09279258 0.09067627 0.05230941 0.06945623 0.06976352 0.08018326 0.05180080 0.07193468 0.06850841 0.07311594 0.07385640 0.08319157 0.01701134 0.10283866 0.01714922 0.07477049 0.03303805 0.02527521 0.02143681 0.02392040 0.06119489 0.07323587 0.01988336 0.06125769 0.02628528 0.04597414 0.02304439 0.01531304 0.05560879 0.02484141 0.01798654 0.05402943 0.09021950 0.01232724 0.05494293 0.07819389 0.07153924 0.07044902 0.01537668 0.04237756 0.07776406 0.06882001 0.01753646 0.04887988 0.01374052 0.04524345 0.04985182 0.06380633 0.02773724 0.06360620 0.03839468 0.06709311 0.07239840 0.05709173 0.07342803 0.09176086 0.02000778 0.03099253 0.04016933 0.05607035 0.03931493 0.03208985 0.08101786 0.03431784 0.06612017 0.04232302 0.06457960 0.10583923 0.07627795 0.01572835 0.07842933 0.07095662 0.05745987 0.06135103 0.04369702 0.07437562 0.06697721 0.06682491 0.07751202 0.06851860 0.05619175 0.07743029 0.06021597 0.03236173 0.06583008 0.10502352 0.10489273 0.08651447 0.06061310 0.04344140 0.05585741 0.01722629 0.03695069 0.07013002 0.06930852 0.04135304 0.05779134 0.06021456 0.08029754 0.07162224 0.06906182 0.07544280 0.04087163 0.01913109 0.08172639 0.07759467 0.03441231 0.06059449 0.05711809 0.05718830 0.02824313 0.01069242 0.00136695 0.07478565 0.01544024 0.06857428 0.03280956 0.09387573 0.04292066 0.03964834 0.09261083 0.05785458 0.03919571 0.08475656 0.08343313 0.04474420 0.06641466 0.11080881 0.10544947 
0.07997734 0.09927729 0.10490408 0.14298064 0.14141901 0.08903514 0.13349039 0.00000000 0.13826846 0.13932757 0.14844060 0.15481217 0.11825462 0.11982659 0.11485814 0.12639915 0.10406865 0.08951958 0.09202111 0.13226172 0.09869284 0.04779001 0.13252809 0.08309993 0.05088453 0.04812138 0.08627793 0.11130479 0.08852551 0.08328117 0.09446194 0.07901245 0.04856022 0.08333226 0.09232782 0.07905313 0.10596710 0.07293996 0.06839580 0.05600404 0.01930127 0.07200529 0.05193649 0.09657302 0.07476281 0.05109931 0.05277477 0.04884466 0.09652778 0.07851839 0.08287410 0.08942668 0.07927640 0.08056985 0.07660903 0.06820342 0.05265249 0.05533491 0.05718421 0.02151862 0.08993139 0.02058691 0.06382979 0.03494998 0.02748762 0.02499211 0.02614940 0.06155258 0.06609270 0.02236539 0.06161272 0.03169926 0.06902515 0.02546418 0.01927815 0.05042469 0.01736361 0.02113589 0.09117846 0.07728921 0.01592780 0.03729491 0.07813431 0.07088826 0.06620674 0.01881840 0.05326122 0.06854380 0.07381412 0.02233010 0.03408618 0.01741972 0.04400818 0.04727072 0.05532873 0.04141040 0.07193848 0.03139001 0.05612144 0.06188070 0.07174602 0.04937610 0.05613188 0.02820468 0.03637443 0.03275217 0.04395767 0.04722361 0.03996097 0.06890580 0.06547746 0.07166552 0.05062760 0.06180380 0.10202139 0.06952075 0.01982165 0.08129877 0.05240603 0.07794186 0.05869401 0.05181044 0.06275488 0.05935287 0.06725194 0.06327549 0.08383556 0.05123811 0.06450028 0.06673108 0.05671044 0.06043823 0.10805107 0.10685695 0.08084523 0.06941585 0.05141709 0.05603692 0.02242517 0.05661309 0.07010679 0.05335307 0.04295936 0.06376087 0.06017992 0.07627179 0.09713732 0.09963562 0.08529754 0.04259364 0.02653053 0.07295563 0.05799596 0.04933511 0.06784610 0.04158085 0.04921679 0.03119142 0.01933561 0.00652329 0.07187450 0.01892585 0.09559935 0.04849817 0.07558880 0.02228821 0.04245468 0.05586498 0.08219971 0.02983745 0.06270582 0.08362392 0.05360442 0.05588427 0.08588283 0.09207802 
0.07332965 0.09574068 0.09637456 0.12430259 0.12492278 0.09855504 0.13205394 0.13826846 0.00000000 0.13954379 0.14759482 0.13886790 0.12961839 0.14596160 0.09836742 0.09560830 0.13404378 0.13617787 0.13115688 0.09412692 0.11454062 0.04432659 0.09499806 0.06462167 0.04652124 0.06041124 0.07439334 0.10227751 0.07995416 0.11361485 0.09659529 0.08451461 0.05264039 0.10787769 0.09984347 0.07448645 0.08367600 0.08715474 0.05738094 0.05856762 0.02250103 0.07074487 0.06454496 0.05748541 0.07765979 0.04944722 0.06957478 0.05470513 0.09176045 0.06728413 0.05945737 0.05368260 0.05752682 0.06702781 0.07336512 0.07103127 0.06723104 0.06742960 0.04040567 0.02381981 0.07200258 0.02307203 0.05571323 0.03651928 0.02940005 0.02717376 0.02800522 0.06253044 0.07450329 0.02426320 0.06255227 0.03201885 0.05878225 0.02738894 0.02250833 0.05749936 0.02696973 0.02332465 0.04183606 0.07528213 0.01823653 0.04623793 0.07997468 0.05403507 0.09840301 0.01571953 0.05085041 0.06099057 0.07090477 0.02511069 0.07655078 0.02055570 0.06578225 0.05097338 0.04921279 0.04689873 0.05590394 0.03518022 0.07025106 0.08033928 0.06493850 0.07554851 0.04770785 0.04422309 0.04828783 0.04731924 0.05524807 0.04086279 0.04651407 0.08917951 0.04123182 0.07640510 0.03698296 0.06121313 0.09192192 0.07298415 0.02300061 0.07535002 0.06773214 0.05018060 0.06645226 0.03776621 0.06071892 0.05385677 0.07629523 0.05629593 0.08007905 0.05072049 0.06150860 0.07951059 0.03829707 0.05664012 0.12044005 0.09575618 0.09181488 0.07898292 0.03892670 0.05178547 0.01701643 0.04446346 0.07089455 0.05271164 0.04275265 0.06436215 0.06843103 0.06780096 0.08984599 0.07327521 0.08578365 0.04410681 0.03746509 0.06903165 0.06633736 0.04666340 0.08687716 0.04354041 0.05418343 0.03343476 0.01421324 0.01027746 0.06259655 0.02157461 0.07603070 0.04054035 0.08682703 0.02861917 0.03542848 0.05415144 0.09351091 0.02686330 0.04920212 0.09892807 0.05592920 0.06097749 0.11187225 0.11720380 
0.07576230 0.10455114 0.10285554 0.15242473 0.13987353 0.09064288 0.13639615 0.13932757 0.13954379 0.00000000 0.13392573 0.13582308 0.11766040 0.12438998 0.11446703 0.10997037 0.11486389 0.11616466 0.10576336 0.09041232 0.10784264 0.03899789 0.10358320 0.05528594 0.03972312 0.04800441 0.07670652 0.10868070 0.11429020 0.08905491 0.09423863 0.08977591 0.07521744 0.08747189 0.08689601 0.08103879 0.08819417 0.09633344 0.06059012 0.06735172 0.01497956 0.07273567 0.06252434 0.06205137 0.08250198 0.06104255 0.05579744 0.05917478 0.07133187 0.06554825 0.08032099 0.06882823 0.06428373 0.07854291 0.09357696 0.05518174 0.09004562 0.06388416 0.08015399 0.01767437 0.09076848 0.01742150 0.05908936 0.03285877 0.02513132 0.02147371 0.02372976 0.06089374 0.07364340 0.01968115 0.06094139 0.03798857 0.07071691 0.02281011 0.01588112 0.05818938 0.01279009 0.01798886 0.02745139 0.08607086 0.01235449 0.04488507 0.06410217 0.06262606 0.09341624 0.01411599 0.09445130 0.06601908 0.07578844 0.01819257 0.04724209 0.01418167 0.06772624 0.04542241 0.06802966 0.03216002 0.08483967 0.02480424 0.06230969 0.07056425 0.08980798 0.07639528 0.03865293 0.04183738 0.03891883 0.04585710 0.03573011 0.03851294 0.06737972 0.07871261 0.02673251 0.06679133 0.04287468 0.06465293 0.10564251 0.06751710 0.01623844 0.07644090 0.06333431 0.04189963 0.05142906 0.03834587 0.06686215 0.06263332 0.08537564 0.08029605 0.07776165 0.05639079 0.06415716 0.07536188 0.03021358 0.07288231 0.09457978 0.11263972 0.10682731 0.07928285 0.03284140 0.05735320 0.01257070 0.04688021 0.06983713 0.05926574 0.05752767 0.07699086 0.05968235 0.07149364 0.07026542 0.07748485 0.06860190 0.04068814 0.02349057 0.07873179 0.04194227 0.04849026 0.08761582 0.05272301 0.07491481 0.02851065 0.00760190 0.00223597 0.05875517 0.01562891 0.05519815 0.04039873 0.08833408 0.06404900 0.03093755 0.05554836 0.06682403 0.02863871 0.06370134 0.08769354 0.05190832 0.05964434 0.11992028 0.10662977 
0.07964641 0.11219104 0.10327651 0.13736619 0.12875590 0.09932690 0.14853844 0.14844060 0.14759482 0.13392573 0.00000000 0.15137918 0.11226474 0.13398205 0.12489620 0.11263018 0.11180909 0.10967020 0.09110806 0.09837380 0.12584176 0.04423326 0.09364133 0.05195271 0.04445318 0.05702369 0.09373759 0.09359214 0.07355356 0.08733759 0.08808083 0.09348183 0.03781670 0.08250784 0.09209503 0.07781974 0.08457198 0.08053494 0.08138099 0.07292131 0.01598767 0.08007821 0.06496142 0.06601182 0.06869689 0.05525254 0.06717068 0.07129605 0.08029699 0.06748970 0.08700573 0.05769059 0.08389098 0.07662368 0.07398312 0.05667276 0.07121674 0.06914941 0.07275323 0.01872679 0.09179154 0.01853562 0.06937120 0.03377351 0.02624546 0.02280421 0.02488467 0.06120867 0.05591731 0.02092734 0.06130211 0.03019111 0.05102502 0.02409080 0.01720381 0.05789467 0.02503303 0.01934894 0.04394191 0.06630751 0.01381578 0.02851839 0.07249438 0.07683335 0.07468942 0.01750211 0.06296204 0.07546855 0.06300964 0.01937923 0.05374003 0.01525242 0.04744189 0.04910454 0.07414492 0.04204521 0.05192308 0.04087112 0.07513621 0.06750013 0.08457922 0.06864049 0.05421939 0.04928377 0.04051750 0.05178142 0.06136973 0.05856189 0.05218077 0.07726020 0.04929134 0.07118170 0.05177843 0.06238894 0.09809166 0.07332057 0.01740342 0.07057692 0.06896357 0.05165600 0.04784399 0.04499904 0.07468249 0.06760966 0.05334919 0.08544499 0.07197977 0.05179806 0.05830619 0.09352854 0.04944938 0.07175494 0.10369428 0.11011096 0.08228718 0.07285739 0.05439209 0.04081239 0.02064591 0.03391819 0.06997762 0.07300954 0.03864064 0.06437002 0.06095123 0.07041197 0.08418753 0.09828283 0.08092664 0.04137384 0.03377233 0.06051100 0.08353731 0.04617713 0.06967659 0.04335907 0.05125133 0.02930266 0.01530421 0.00339031 0.06922216 0.01682788 0.06138864 0.03496188 0.07608854 0.04007062 0.03605101 0.06354942 0.05737642 0.03336117 0.06966158 0.08656845 0.04707808 0.07139339 0.08774196 0.10869709 
0.08321748 0.12457403 0.10874494 0.15284394 0.14099706 0.09427506 0.14798870 0.15481217 0.13886790 0.13582308 0.15137918 0.00000000 0.12984311 0.13124214 0.12649036 0.11283371 0.11375245 0.10976778 0.10588648 0.10487348 0.10355969 0.04000597 0.09114031 0.06148666 0.03985300 0.05042104 0.07244465 0.10225384 0.09232126 0.09054714 0.10147548 0.09058839 0.04343459 0.08386814 0.09267099 0.06909427 0.09529527 0.07031884 0.05751890 0.06612250 0.01283965 0.07586499 0.05228716 0.05259623 0.05412637 0.04591028 0.06314466 0.06230696 0.09111342 0.09742958 0.07277004 0.10413807 0.06666390 0.05648265 0.08287259 0.05690790 0.04157939 0.06674019 0.07331476 0.01587900 0.10551967 0.01585192 0.07177848 0.03197239 0.02416030 0.02026020 0.02273899 0.06054518 0.08205851 0.01864743 0.06063844 0.03644969 0.05400355 0.02185506 0.01407716 0.05715001 0.01592408 0.01674308 0.03855172 0.08711375 0.01090294 0.05837707 0.09344239 0.07229620 0.05691506 0.02063932 0.04518939 0.05997230 0.08117179 0.01611202 0.06948425 0.01237240 0.05067972 0.05313423 0.06904936 0.03111676 0.04160008 0.03877320 0.05666339 0.07426620 0.07415763 0.05993578 0.06502202 0.04207392 0.03440752 0.03995287 0.05502325 0.04546337 0.04307574 0.07657772 0.03403158 0.07107651 0.04503281 0.07845560 0.09371569 0.07460520 0.01440176 0.09253641 0.07046712 0.05572648 0.06415015 0.04826732 0.07129333 0.06680422 0.06953026 0.06758156 0.06105663 0.04125858 0.06777074 0.06742317 0.04235833 0.07947438 0.10060305 0.11478595 0.08896288 0.07519492 0.04724301 0.06345910 0.01489768 0.04558753 0.06963357 0.05752323 0.03501160 0.06663002 0.04972189 0.06100048 0.09232835 0.09462670 0.06966809 0.03984567 0.02523891 0.08189896 0.04528317 0.02284006 0.07588374 0.04172936 0.05592154 0.02701063 0.00860842 0.00000000 0.08219803 0.01392771 0.06981144 0.06590104 0.07521163 0.03264124 0.04415995 0.06869695 0.06209004 0.03733805 0.09811702 0.09172598 0.05475739 0.06960789 0.11174256 0.11618612 
0.07217475 0.09440860 0.09063330 0.10256832 0.11760715 0.09807569 0.11602572 0.11825462 0.12961839 0.11766040 0.11226474 0.12984311 0.00000000 0.10583540 0.11303475 0.09679007 0.10640651 0.10402730 0.08831399 0.10862767 0.09241047 0.06425534 0.10288748 0.06383950 0.07311749 0.06868941 0.07626757 0.08669067 0.08763091 0.09326790 0.08182068 0.08652196 0.04839445 0.08525702 0.08889424 0.06973682 0.08296956 0.06113782 0.05115588 0.05476604 0.03943464 0.07629430 0.04926994 0.05225391 0.06449595 0.05823420 0.05719332 0.05019947 0.07809172 0.05665690 0.06984719 0.08473063 0.04946189 0.07317479 0.06781403 0.05258899 0.06853233 0.08384531 0.06511289 0.03820536 0.07567480 0.03604178 0.06302894 0.04432301 0.03853572 0.03943310 0.03725497 0.06464051 0.07956045 0.03439146 0.06463849 0.03906857 0.06722622 0.03740765 0.03702886 0.07951563 0.02925641 0.03537923 0.06359102 0.05724377 0.03195915 0.04667997 0.06284856 0.05692105 0.06836935 0.02978434 0.07895915 0.06057611 0.07388983 0.04065442 0.06822091 0.03388081 0.05359906 0.05303637 0.05161268 0.04624556 0.05944418 0.03857526 0.07814695 0.07497062 0.08212297 0.06857797 0.05312478 0.04855619 0.05439416 0.04317277 0.05615299 0.05534227 0.05062463 0.07639295 0.04285172 0.07215544 0.05375142 0.05261587 0.06887760 0.06514613 0.03744250 0.06636095 0.08476561 0.04758729 0.06535905 0.07018534 0.05775494 0.05204299 0.05852061 0.07488382 0.05753759 0.05470292 0.06559725 0.07927801 0.03621575 0.06879976 0.09171164 0.09051672 0.07077622 0.07430571 0.03935649 0.05799777 0.04040436 0.03697251 0.07150480 0.07141120 0.04441555 0.07383226 0.08625712 0.07187172 0.06545283 0.06351626 0.06580286 0.05078199 0.05645944 0.06615642 0.04058830 0.04334532 0.07598764 0.04306874 0.06833781 0.04454285 0.04450474 0.02796060 0.07088722 0.03480526 0.06198606 0.04600058 0.05764640 0.04561995 0.05713291 0.06571370 0.06969354 0.03760343 0.05459329 0.08030316 0.06225431 0.11478552 0.10521910 0.08755757 
0.07851368 0.11682153 0.11472453 0.15200110 0.13305803 0.09263282 0.13576932 0.11982659 0.14596160 0.12438998 0.13398205 0.13124214 0.10583540 0.00000000 0.14396529 0.11126810 0.11254081 0.13152132 0.11947857 0.10680797 0.12292705 0.06384136 0.09354390 0.07294647 0.06625842 0.05945132 0.07102374 0.09046986 0.08095825 0.10458791 0.08659753 0.10201813 0.06050066 0.09326089 0.08230536 0.06798282 0.08708543 0.08409101 0.06902576 0.05050878 0.03106754 0.07723396 0.04225013 0.05298621 0.06519811 0.04718317 0.08570380 0.07411447 0.09136870 0.06919384 0.06993895 0.05989431 0.05368566 0.07232762 0.05226586 0.06212944 0.07026507 0.06287671 0.07786730 0.02909284 0.09002241 0.03187142 0.06989962 0.03974855 0.02004634 0.03491092 0.01897830 0.07633791 0.07038759 0.03724519 0.06014245 0.04186531 0.07248652 0.01827172 0.02525149 0.07007603 0.03108367 0.02660679 0.03385051 0.08053975 0.01075599 0.03921764 0.06013756 0.06491538 0.08490857 0.02913903 0.07176517 0.08066550 0.08065830 0.03260562 0.07026121 0.01779636 0.04586739 0.05034397 0.05115223 0.05007480 0.04596021 0.02791016 0.03749418 0.06111299 0.07002036 0.05612946 0.05221554 0.03486126 0.03131562 0.04708687 0.03467712 0.02727350 0.07255415 0.09212376 0.04326569 0.05535334 0.03513443 0.05510036 0.09677744 0.09104067 0.02819433 0.06878338 0.05811698 0.06852673 0.04768844 0.04858660 0.05161903 0.06140442 0.07795223 0.06035194 0.06792661 0.05372576 0.06067803 0.06065204 0.04763124 0.07614730 0.10193886 0.09405291 0.06407225 0.04543410 0.03828613 0.07672108 0.03147283 0.03852764 0.07040806 0.04786729 0.03159193 0.06526619 0.06655645 0.07538078 0.06070565 0.07580279 0.08947679 0.04872577 0.04890017 0.06342659 0.05043618 0.05314443 0.06144078 0.05592830 0.06133249 0.04399730 0.02751902 0.01667687 0.06186860 0.01384996 0.06488752 0.05184435 0.08924931 0.03510998 0.03596333 0.07793275 0.08891084 0.03287284 0.05432800 0.09022928 0.06135591 0.06387305 0.07900633 0.11765727 
0.07583910 0.08669410 0.09265740 0.10932717 0.12101908 0.08909724 0.12309503 0.11485814 0.09836742 0.11446703 0.12489620 0.12649036 0.11303475 0.14396529 0.00000000 0.14626901 0.13895248 0.12109394 0.12741495 0.10986045 0.12402685 0.08458234 0.10473878 0.08116924 0.09823802 0.07970261 0.10814615 0.11941315 0.10247671 0.07245340 0.09114249 0.08525695 0.06455922 0.08863199 0.08741942 0.08319642 0.07176574 0.08067477 0.06923087 0.08166824 0.05005918 0.06630463 0.07003225 0.09509769 0.04303049 0.06402996 0.04938394 0.07598240 0.07340519 0.05286462 0.05415060 0.06906622 0.04669443 0.06159125 0.07497064 0.04202991 0.05966333 0.07315728 0.03664497 0.05754020 0.05774808 0.04460880 0.07455803 0.02732961 0.01190940 0.03442395 0.01017413 0.07530150 0.07681421 0.02658773 0.05612388 0.04822583 0.04716657 0.00977893 0.02029918 0.07790451 0.04156325 0.02165449 0.04396349 0.06840323 0.01535539 0.03303375 0.05490162 0.04523114 0.06807272 0.04228024 0.03568711 0.05134577 0.08756733 0.03203993 0.05720369 0.02551793 0.02616084 0.04094839 0.06657244 0.04869880 0.05278127 0.02878089 0.06714042 0.06034293 0.08615077 0.05184789 0.06632198 0.06415870 0.04759178 0.05503867 0.07116853 0.06221677 0.03484873 0.07282204 0.04092091 0.08534206 0.06940581 0.07282875 0.08386449 0.06057698 0.02776098 0.05285158 0.06609903 0.05833595 0.07294045 0.03997734 0.03994131 0.05787929 0.06905792 0.09823610 0.07419781 0.04491679 0.05481043 0.04992916 0.04996228 0.08682515 0.05317258 0.10270394 0.06912023 0.05291265 0.05380537 0.07734301 0.03062647 0.03046114 0.06790806 0.06745415 0.06057990 0.06603873 0.05203672 0.07125844 0.08009275 0.08138471 0.07300290 0.04892678 0.05695841 0.05107122 0.05562916 0.02425371 0.06185897 0.04841357 0.06860542 0.06359297 0.03736155 0.01489472 0.08700348 0.01068537 0.06283988 0.04049636 0.06459411 0.05130486 0.06012312 0.06323128 0.06925953 0.05133957 0.06534560 0.08255794 0.05121253 0.06393897 0.08231990 0.11988055 
0.07506416 0.07477125 0.08633876 0.13300589 0.13116462 0.09015449 0.10343512 0.12639915 0.09560830 0.10997037 0.11263018 0.11283371 0.09679007 0.11126810 0.14626901 0.00000000 0.14034115 0.12392577 0.13109204 0.09611759 0.10372823 0.11473819 0.09755841 0.11455338 0.07486477 0.08583915 0.10196007 0.10765506 0.08821590 0.07036029 0.06114260 0.07794626 0.05027405 0.07818272 0.07218047 0.06689756 0.08707695 0.07989122 0.05494421 0.05806752 0.04865552 0.07822633 0.05976647 0.06976001 0.06626645 0.07343063 0.07023686 0.06744458 0.07356883 0.06085389 0.05850169 0.03692879 0.05666692 0.05924920 0.07407490 0.05257406 0.04673509 0.06975978 0.06917226 0.03123367 0.06719718 0.03065397 0.05672897 0.03356404 0.02166451 0.04426723 0.01916311 0.07794367 0.05240109 0.03465738 0.05966924 0.03249473 0.07164831 0.02490976 0.03416549 0.05514504 0.03451702 0.02464119 0.04627966 0.06584578 0.01429955 0.06860707 0.06479847 0.06403749 0.04693663 0.02489837 0.05253410 0.04204709 0.07163985 0.05215628 0.06037660 0.03301138 0.04162804 0.03351573 0.10216317 0.04120918 0.02872254 0.02509954 0.07737644 0.05324040 0.09523481 0.05908954 0.06728263 0.04617208 0.04232986 0.06246082 0.07365938 0.05233867 0.05038199 0.07082572 0.05439092 0.09344345 0.05276193 0.06209629 0.07860091 0.07844259 0.02485545 0.05506273 0.07583034 0.04081301 0.06371689 0.04915012 0.06356182 0.08061809 0.06521258 0.07293980 0.07737452 0.07358581 0.06901078 0.07798862 0.05378947 0.07604432 0.07369246 0.05775850 0.07181798 0.04547174 0.04983791 0.08074919 0.03475330 0.03121859 0.07079772 0.05644255 0.03146775 0.06332955 0.03602700 0.05481247 0.06627131 0.08408818 0.06215968 0.07304185 0.05563829 0.04220349 0.09058528 0.03662419 0.05235179 0.03114522 0.06350518 0.06168636 0.04155927 0.02925284 0.06917112 0.00564673 0.05551659 0.05196681 0.07803471 0.08916926 0.06251483 0.08664884 0.07041535 0.04790383 0.09346225 0.08088834 0.06535332 0.06609930 0.10794675 0.10876093 
0.07340342 0.08879126 0.09008128 0.10983712 0.11605072 0.08655087 0.10519874 0.10406865 0.13404378 0.11486389 0.11180909 0.11375245 0.10640651 0.11254081 0.13895248 0.14034115 0.00000000 0.17198771 0.12700196 0.14268254 0.12236225 0.09913071 0.11583662 0.10309200 0.09929068 0.10150691 0.12100256 0.13089041 0.10610814 0.06756068 0.08670981 0.10250874 0.08091360 0.08280158 0.08156771 0.06540928 0.08561579 0.05862868 0.05795960 0.06309976 0.02984624 0.06116520 0.05892852 0.07016239 0.06261869 0.05788147 0.05927815 0.06463869 0.07721006 0.05929528 0.04048938 0.07323553 0.05368136 0.06740281 0.09023168 0.05246142 0.03495877 0.07650627 0.07820068 0.01797104 0.07906789 0.03604948 0.08793363 0.02207224 0.00534287 0.02837428 0.00384372 0.07093930 0.05334432 0.01878597 0.05390048 0.04108452 0.06130528 0.01886664 0.02619556 0.07019396 0.04322515 0.02243396 0.06426921 0.05980054 0.01777841 0.03439388 0.06713440 0.07023963 0.10404245 0.04675317 0.02745906 0.09259763 0.08114945 0.02914643 0.03848001 0.03188162 0.07239211 0.05116574 0.10013722 0.05086944 0.05570595 0.03582483 0.09233582 0.05582644 0.05684207 0.06439740 0.06276235 0.04736115 0.03888967 0.05560025 0.05605943 0.03246833 0.04616560 0.07491290 0.03734630 0.05156105 0.04867955 0.02991261 0.10317225 0.05816354 0.03630226 0.06322979 0.06605721 0.04857226 0.06168775 0.05101695 0.05232852 0.07745676 0.06213832 0.06205172 0.07109935 0.06800710 0.06582408 0.07053686 0.06018061 0.06905091 0.06521733 0.07192078 0.05339422 0.06184058 0.06642480 0.05579492 0.02137452 0.02409562 0.06753223 0.06910818 0.02548922 0.06812143 0.04466218 0.06349702 0.06794038 0.07978143 0.07600806 0.06741895 0.05574565 0.06307457 0.05823574 0.03190283 0.07427210 0.02378593 0.06912335 0.05595719 0.03416237 0.00765018 0.05627742 0.00139367 0.04823184 0.02135062 0.06567188 0.05144220 0.04515302 0.07968659 0.06716210 0.05976390 0.08614388 0.08803578 0.06366107 0.06761726 0.09890491 0.12454478 
0.06810566 0.07337943 0.08527558 0.10032332 0.09135916 0.09089451 0.10562978 0.08951958 0.13617787 0.11616466 0.10967020 0.10976778 0.10402730 0.13152132 0.12109394 0.12392577 0.17198771 0.00000000 0.16401192 0.11860421 0.13376689 0.10538311 0.11237088 0.09933787 0.10409711 0.12764146 0.08950521 0.10602181 0.10461539 0.08062098 0.08796262 0.08375743 0.05604680 0.09418241 0.10167223 0.07851427 0.07005239 0.07050553 0.06564300 0.07959334 0.02523849 0.06034441 0.06561421 0.05716084 0.05582515 0.05041125 0.05932036 0.07245006 0.06372576 0.06420855 0.04577936 0.04174109 0.08220057 0.05436880 0.06407364 0.04306096 0.08801748 0.07626756 0.04873310 0.04438649 0.04892472 0.03533339 0.08578119 0.03956117 0.00931274 0.04432241 0.00712207 0.06822972 0.05461162 0.02770359 0.05432289 0.02962121 0.07485280 0.02251845 0.02969593 0.08022057 0.06485093 0.03065239 0.04285666 0.04585768 0.01590669 0.05119645 0.05249162 0.06234137 0.07310003 0.03727388 0.03884648 0.05865522 0.06658343 0.02305317 0.05180000 0.01648424 0.04284416 0.03874220 0.05276918 0.06068118 0.04071218 0.02390568 0.06482290 0.08511237 0.05356945 0.06347284 0.07345538 0.05472781 0.04916973 0.05640439 0.05357631 0.04433587 0.06877685 0.05290602 0.03788014 0.06591426 0.05802641 0.05785913 0.09631954 0.07171538 0.04091490 0.05904381 0.05329595 0.05723386 0.05733704 0.05620652 0.04064110 0.05311388 0.07941255 0.07525448 0.06652097 0.06329092 0.06892534 0.06411031 0.08246909 0.06636761 0.07939621 0.06979478 0.05974506 0.05807673 0.05373206 0.08065271 0.03975940 0.05872657 0.06739659 0.07626235 0.02895035 0.08168175 0.05567547 0.06507260 0.07130442 0.07543179 0.08944723 0.06442782 0.05165435 0.06012286 0.05377559 0.01563144 0.06972612 0.04871460 0.07658156 0.06426278 0.05670736 0.03568315 0.06964781 0.01664632 0.05711852 0.03904178 0.05267187 0.04435838 0.04959972 0.06951005 0.06446837 0.03944202 0.05906260 0.08886574 0.07693519 0.08167141 0.08059899 0.10288875 
0.06919424 0.08976396 0.09076844 0.11780391 0.11084711 0.08746838 0.09312735 0.09202111 0.13115688 0.10576336 0.09110806 0.10588648 0.08831399 0.11947857 0.12741495 0.13109204 0.12700196 0.16401192 0.00000000 0.12094794 0.14749897 0.11234881 0.10243497 0.08738240 0.10605630 0.09808858 0.12304420 0.10339141 0.10106687 0.10258418 0.10901718 0.08898803 0.07815918 0.07238875 0.09350329 0.06184603 0.10295785 0.05717953 0.04932114 0.07362377 0.03852218 0.07179660 0.05037738 0.07920061 0.04190637 0.04682807 0.08314239 0.06786813 0.07936488 0.04750218 0.10210959 0.03763961 0.05794174 0.03500477 0.06142127 0.06131998 0.04256513 0.05569640 0.04870712 0.02816608 0.07218623 0.03156902 0.08922753 0.06116937 0.01183657 0.03469416 0.00988875 0.07531382 0.06134092 0.02518067 0.05495313 0.07175594 0.05096963 0.02431213 0.05297189 0.05378521 0.04932427 0.02628342 0.03857766 0.04705063 0.02467615 0.03035056 0.04308973 0.05227628 0.09394185 0.02971862 0.04570180 0.08448062 0.08182066 0.04555671 0.07055576 0.02510074 0.03565433 0.04878607 0.05905229 0.04916560 0.06164124 0.06192601 0.05749222 0.09742595 0.08607436 0.06936326 0.06086353 0.05743874 0.07614612 0.04024802 0.05897859 0.03855863 0.08360638 0.06809909 0.06013900 0.06765274 0.03177737 0.02780675 0.08522177 0.06916828 0.03951352 0.04741453 0.06851108 0.05948384 0.05081003 0.05633864 0.06813880 0.06542884 0.08962290 0.08072736 0.05375839 0.06091591 0.07340500 0.04504123 0.05471202 0.06149506 0.07932546 0.06682969 0.06384441 0.04537177 0.05084034 0.06828773 0.04138069 0.02677747 0.06776596 0.05901961 0.03353423 0.05425645 0.07143037 0.04741854 0.06189065 0.08161763 0.06667149 0.06177779 0.04139629 0.04443881 0.05184864 0.04721472 0.05852793 0.05301943 0.06437693 0.04600226 0.04488033 0.01996977 0.05656912 0.01748679 0.04720146 0.04091718 0.05128730 0.08153380 0.05970013 0.06324644 0.06659752 0.05457297 0.06608474 0.09760233 0.06288277 0.08338803 0.09227408 0.09190784 
0.06781328 0.08303029 0.08122053 0.10694819 0.10557835 0.08464910 0.12206122 0.13226172 0.09412692 0.09041232 0.09837380 0.10487348 0.10862767 0.10680797 0.10986045 0.09611759 0.14268254 0.11860421 0.12094794 0.00000000 0.14685365 0.12396229 0.13000007 0.11378398 0.11055512 0.10171586 0.08060546 0.10978694 0.09271363 0.09684685 0.08809388 0.09401189 0.07555975 0.07721382 0.08453459 0.05908748 0.07472006 0.06733349 0.04928349 0.06657714 0.03364367 0.07204865 0.06832949 0.04477079 0.06809365 0.06384621 0.07488828 0.04485349 0.07258687 0.05273253 0.04737224 0.06228479 0.05150346 0.05298650 0.09645882 0.07437777 0.07612309 0.06818430 0.04245678 0.07336601 0.07140862 0.03976876 0.08140235 0.04844080 0.04891689 0.05112781 0.04198435 0.06237390 0.06538404 0.03031461 0.05271683 0.04671797 0.06646820 0.04494522 0.03079220 0.07667633 0.03792848 0.02445130 0.06389617 0.04858745 0.03247139 0.05259764 0.06300620 0.07457921 0.06579837 0.04106196 0.06025910 0.08641382 0.06540443 0.04320976 0.03748586 0.03131801 0.07359060 0.04691397 0.05816597 0.05054365 0.07326405 0.06664439 0.05553297 0.07535897 0.06126164 0.04480096 0.06105905 0.05177312 0.05976622 0.05861386 0.05813960 0.04230036 0.06236605 0.06927430 0.04352653 0.04530041 0.04401389 0.04253150 0.08310891 0.07697600 0.06226826 0.07470322 0.07282005 0.05297999 0.06389541 0.06860850 0.06288300 0.06715850 0.04118654 0.08533385 0.06808552 0.06185447 0.07012787 0.05598480 0.06443493 0.05446612 0.05384381 0.07481748 0.05273163 0.04354151 0.05975600 0.07079726 0.03220036 0.05903909 0.06632228 0.06301892 0.04174851 0.05640580 0.10016386 0.08770757 0.05927515 0.06672491 0.06031245 0.05745042 0.04541075 0.06242691 0.04431197 0.02679417 0.03857682 0.03459463 0.07046226 0.05677561 0.07456090 0.04216773 0.05417623 0.01588959 0.04181642 0.02136803 0.04345956 0.05039002 0.05539023 0.05284772 0.05120363 0.06859973 0.06834116 0.04861299 0.04297688 0.07526109 0.08049350 0.08706365 
