0.00000000 0.20398817 0.20288483 0.20434226 0.20178166 0.19942508 0.20471889 0.20533705 0.20013927 0.20244422 0.20480858 0.20691880 0.19941920 0.20428782 0.20196139 0.20125867 0.19974274 0.19673263 0.19711007 0.19559881 0.20335255 0.19373000 0.19355910 0.19445148 0.19298685 0.19333127 0.19398205 0.19251903 0.19254841 0.18826593 0.19157484 0.19173422 0.19024593 0.18729721 0.19187468 0.19107647 0.18921011 0.18692495 0.19404493 0.18737640 0.18725441 0.18974481 0.18574488 0.18616375 0.18829367 0.19231665 0.18694423 0.18564097 0.19124036 0.18733264 0.18739013 0.18565344 0.18533375 0.18887731 0.18876803 0.19504486 0.19137459 0.18793952 0.18889510 0.19052515 0.19419786 0.18799845 0.19327590 0.18762676 0.18832673 0.18961181 0.18514015 0.19718338 0.19255332 0.18725846 0.19672767 0.18804409 0.18546021 0.18626135 0.18703956 0.18313786 0.18320062 0.18969347 0.18580920 0.18942711 0.18446928 0.18550955 0.19364123 0.18698060 0.18984388 0.19583504 0.19041895 0.19358213 0.19634117 0.18734425 0.18336886 0.18855089 0.19324381 0.18983580 0.19259212 0.19354882 0.18719875 0.19143536 0.18807083 0.19054798 0.19055795 0.18652849 0.18839377 0.18555048 0.18912966 0.18288185 0.19221569 0.18520030 0.18708815 0.18803200 0.18661010 0.18922177 0.19634987 0.18936945 0.19227122 0.19012285 0.19195431 0.19491983 0.18790490 0.18724022 0.19326142 0.18817882 0.19284845 0.18848578 0.18920935 0.18541041 0.18503213 0.18700190 0.18475976 0.18780005 0.18862645 0.18610607 0.18980615 0.19087736 0.18375594 0.18520647 0.18592493 0.18399839 0.18476322 0.18800591 0.19124640 0.18226382 0.19057186 0.19646004 0.19166968 0.19246411 0.19042059 0.19192121 0.19413596 0.19508286 0.18501017 0.19171601 0.18781133 0.18507347 0.18690221 0.18953400 0.18360664 0.18522023 0.18210776 0.18350370 0.18710440 0.18832389 0.19006799 0.18443804 0.18950180 0.18730171 0.18761937 0.18923044 0.18940411 0.18348008 0.19397964 0.19393531 0.18465096 0.19101180 0.20069875 0.20039913 
0.20398817 0.00000000 0.26454217 0.24375273 0.24771412 0.24377329 0.25567601 0.25260716 0.25234208 0.25325781 0.24885350 0.26405703 0.24089879 0.26455534 0.23844832 0.23832958 0.23544473 0.22949921 0.23699104 0.23039085 0.23055894 0.21921398 0.22546818 0.21782844 0.22230506 0.20825818 0.22786458 0.21749849 0.19256103 0.20553630 0.21157198 0.20116120 0.20819364 0.19138185 0.18700549 0.17640784 0.18852924 0.17270507 0.19816952 0.18402908 0.18056931 0.17590589 0.16763215 0.17559022 0.17428433 0.16498200 0.18116594 0.17836552 0.20603644 0.20112356 0.16279024 0.18123604 0.19419360 0.17220978 0.17530436 0.16123490 0.18838429 0.17749660 0.16818986 0.18507197 0.20753804 0.17054623 0.19240495 0.17303615 0.15673227 0.17800962 0.16599710 0.18114433 0.20402532 0.17038538 0.18487785 0.17489640 0.17398920 0.16167592 0.17725243 0.16039420 0.16346503 0.16744275 0.17927010 0.19112577 0.15267262 0.17319954 0.17449908 0.18822086 0.19190086 0.17502794 0.18466893 0.17967173 0.20762294 0.16554374 0.17156494 0.16572428 0.18132150 0.17668364 0.18654463 0.20161540 0.19026891 0.17033243 0.19493905 0.20435539 0.19428729 0.17450127 0.18552233 0.17009172 0.19478306 0.16603058 0.16837490 0.16171107 0.18499515 0.19963415 0.16254460 0.18405742 0.17065018 0.19438998 0.21351106 0.18322017 0.18682763 0.18447662 0.18783735 0.18211502 0.17203105 0.16051919 0.17689749 0.18481212 0.19636444 0.17869937 0.18699759 0.17998852 0.18779364 0.19967647 0.18029196 0.18885371 0.19677721 0.21094265 0.18292970 0.19094480 0.17142924 0.17402321 0.16029946 0.19713095 0.18003373 0.17698476 0.16574498 0.21440970 0.17974171 0.18445896 0.17414786 0.19605012 0.19244192 0.16043436 0.18219427 0.20216473 0.19083371 0.17949771 0.17352999 0.17559853 0.18099679 0.16538065 0.16183912 0.16687508 0.20116782 0.18622222 0.20061568 0.17005642 0.17697388 0.18341626 0.18678540 0.19241028 0.18003316 0.17456678 0.17694564 0.18040867 0.17493025 0.19912868 0.21439740 0.17773805 
0.20288483 0.26454217 0.00000000 0.26140513 0.24524784 0.23655472 0.25806029 0.25510476 0.24944691 0.25361629 0.25590262 0.25336912 0.24164495 0.26235500 0.23467637 0.24451239 0.23974283 0.23676091 0.23533647 0.21845102 0.23505468 0.21144411 0.21860223 0.22054913 0.21463771 0.21242105 0.21564042 0.22558626 0.21016874 0.20188097 0.19273542 0.20389278 0.18749056 0.19490212 0.20583164 0.18971988 0.18775172 0.18658175 0.21763039 0.18878729 0.17381438 0.19573707 0.16958653 0.17508831 0.17956418 0.16533370 0.18852234 0.20535131 0.18863803 0.18804593 0.17518622 0.18102903 0.19085007 0.18347258 0.20130658 0.16116709 0.17785459 0.17959086 0.18265054 0.16318439 0.21757609 0.16531254 0.19610570 0.16822004 0.15457276 0.17483501 0.16120934 0.17953453 0.20716588 0.16542794 0.18265307 0.17734915 0.18647219 0.15815509 0.17116739 0.15726925 0.16872141 0.16343282 0.16065993 0.18523882 0.14942173 0.16692287 0.19778334 0.20086287 0.19049669 0.16928789 0.18783057 0.20097289 0.19600956 0.16623670 0.17858142 0.16221430 0.17689845 0.18792766 0.20632959 0.19399950 0.18882460 0.17289243 0.19467284 0.20016602 0.19974881 0.18799513 0.16690999 0.17736852 0.18650205 0.17553483 0.17666112 0.15816476 0.18523950 0.18284426 0.16849056 0.17951014 0.16345258 0.17251715 0.20734738 0.18958795 0.17993150 0.18781945 0.18446298 0.19442587 0.17983366 0.15753341 0.17638528 0.17518304 0.19227341 0.18893386 0.18776927 0.18217136 0.20532459 0.18368785 0.17908602 0.17674722 0.19740793 0.20963339 0.17776663 0.19357143 0.16767815 0.17943924 0.14893205 0.17587081 0.17542805 0.17806001 0.16780265 0.20143586 0.18001797 0.19485788 0.17285179 0.18339957 0.20105486 0.16112514 0.17177480 0.19361546 0.17807682 0.15107773 0.19689042 0.18874047 0.18674124 0.16042627 0.16374102 0.16071242 0.21180679 0.17987154 0.17725110 0.17927385 0.19609096 0.17202930 0.17722387 0.19105806 0.18721195 0.16646468 0.19160440 0.18081906 0.18539211 0.18443961 0.21173803 0.17323108 
0.20434226 0.24375273 0.26140513 0.00000000 0.29341890 0.27626315 0.28682307 0.29178002 0.28149738 0.29560601 0.30296669 0.29681308 0.28236263 0.29142099 0.26326137 0.27482202 0.25977863 0.26409731 0.26773409 0.25880571 0.24819093 0.20161797 0.24656754 0.23028864 0.20957757 0.24089231 0.23845949 0.23768527 0.22818719 0.21943143 0.21179478 0.21110904 0.18298238 0.20362407 0.19466384 0.20107694 0.18064460 0.19582938 0.19104154 0.19890600 0.14987374 0.20306327 0.19582167 0.20495235 0.21144550 0.16049058 0.18298774 0.18781830 0.21430496 0.20628504 0.16818195 0.18318142 0.19492477 0.17861410 0.18814687 0.15200947 0.16261458 0.18623426 0.15966254 0.15327346 0.22418924 0.13500095 0.19698313 0.14179864 0.12807928 0.17435875 0.13098225 0.16243385 0.20358697 0.13466186 0.16638119 0.14656912 0.19084602 0.13124800 0.13966956 0.12957271 0.15828851 0.14070464 0.17190781 0.18187182 0.12197465 0.17356453 0.21269607 0.19408642 0.19694115 0.14408692 0.19753245 0.18252352 0.20283040 0.15372787 0.17777074 0.13830081 0.19791592 0.19138213 0.20550304 0.15718287 0.16836804 0.15751012 0.19587668 0.20898362 0.18793966 0.18921318 0.16682296 0.16386569 0.17557889 0.16696489 0.18813553 0.14071225 0.16567459 0.19042672 0.16135205 0.19668183 0.19269574 0.19836856 0.24633832 0.19715855 0.15279694 0.19258520 0.17280782 0.17476087 0.16772766 0.15479654 0.20225543 0.18720809 0.18132645 0.19241406 0.18967138 0.16892712 0.18521823 0.20732978 0.16489352 0.15661145 0.19710648 0.18745733 0.14658350 0.17880120 0.15846982 0.16674573 0.13372533 0.15561255 0.15182121 0.16096949 0.15195199 0.19779219 0.17378251 0.21631636 0.19097113 0.20808932 0.21807425 0.13656678 0.16888960 0.18874231 0.17197370 0.16069481 0.20415651 0.17486387 0.17823766 0.13389248 0.14997694 0.13033411 0.19342240 0.15527691 0.15907966 0.17492230 0.19666023 0.16240420 0.15493592 0.19258140 0.17967069 0.15016596 0.18993135 0.18823432 0.16674011 0.21048267 0.22922824 0.23176623 
0.20178166 0.24771412 0.24524784 0.29341890 0.00000000 0.27404515 0.29328049 0.28717410 0.29289462 0.28776833 0.28311320 0.28677957 0.26644314 0.29331211 0.27111374 0.27109789 0.26196683 0.25792350 0.27359443 0.26075578 0.25274592 0.20201386 0.24390717 0.22282600 0.20976763 0.20986188 0.24272679 0.24058576 0.21444537 0.21212294 0.19581389 0.20547329 0.19257356 0.19924064 0.22209426 0.19506837 0.21055381 0.20420020 0.19468527 0.20694580 0.14713348 0.19026642 0.18262895 0.19891081 0.17919926 0.16307545 0.19041635 0.18967171 0.19598990 0.20052366 0.18535923 0.17183979 0.18057019 0.17743378 0.17989021 0.14859859 0.18208958 0.19156997 0.16365733 0.15108203 0.21004279 0.13132633 0.18804359 0.13741385 0.13187511 0.15483277 0.13337230 0.15943250 0.22505899 0.13084568 0.16510707 0.15477743 0.18178117 0.13090846 0.13537995 0.12382967 0.14500965 0.13634419 0.17825885 0.19641553 0.12144542 0.16143868 0.20034054 0.19359733 0.19910061 0.14816342 0.20145712 0.18811142 0.18728760 0.15633881 0.16964861 0.14330333 0.18659410 0.16561090 0.21688898 0.18251328 0.19731208 0.16114585 0.18534670 0.21830172 0.21592481 0.18582227 0.16916726 0.17534407 0.18047342 0.17580252 0.17992130 0.14950486 0.15850100 0.18204143 0.17884295 0.20000780 0.17266041 0.18470972 0.23361478 0.19341627 0.15986984 0.18916719 0.20298740 0.17681540 0.17915414 0.14164963 0.18640303 0.19142113 0.21612125 0.19913220 0.20684459 0.18796138 0.19410148 0.20310661 0.16704545 0.18495108 0.19348220 0.18603882 0.18808362 0.17622652 0.17482406 0.20829218 0.14104812 0.14908478 0.14725191 0.16072578 0.15329796 0.19724273 0.19632596 0.17804434 0.18839249 0.19684314 0.20261124 0.13517991 0.17323299 0.19191568 0.16646860 0.17065953 0.19626279 0.16750370 0.19117864 0.12854719 0.14140015 0.12374296 0.18910236 0.14826316 0.17221060 0.15452888 0.19901686 0.16608851 0.16449021 0.18279035 0.17969486 0.14231912 0.20022113 0.18020969 0.16639267 0.20275216 0.22017178 0.24322134 
0.19942508 0.24377329 0.23655472 0.27626315 0.27404515 0.00000000 0.26375772 0.26635544 0.28694633 0.26334350 0.26322628 0.26466617 0.26847979 0.27265539 0.26691305 0.25028206 0.24989393 0.25395930 0.24956603 0.22491576 0.24116985 0.21047750 0.24139217 0.25171706 0.23654255 0.27478713 0.22487451 0.23191571 0.22579665 0.20619398 0.19879034 0.19187023 0.20521127 0.19786079 0.19326555 0.16892157 0.17129291 0.18678148 0.18582324 0.17842630 0.16180303 0.16381873 0.18432078 0.19879520 0.16402683 0.17006226 0.19248341 0.18339710 0.19348310 0.18163129 0.16814613 0.15438222 0.17264960 0.18042813 0.18119449 0.15150333 0.18745057 0.21257064 0.16408562 0.16997128 0.16366245 0.15417668 0.18150567 0.15459206 0.14498659 0.19559019 0.14889015 0.17200404 0.22374625 0.14819981 0.18144686 0.16206713 0.17427345 0.14574945 0.15609949 0.15149697 0.17528475 0.15827248 0.17329883 0.18355914 0.14454007 0.19388238 0.16307165 0.17968377 0.21022585 0.16803509 0.17823010 0.18814026 0.19332637 0.19157564 0.17875933 0.16612442 0.19799085 0.18026636 0.22223217 0.21381711 0.18783395 0.17967719 0.19403184 0.19521037 0.19651848 0.17165066 0.18102378 0.20208522 0.23652234 0.16713579 0.17564184 0.14555412 0.15683603 0.17865171 0.18017414 0.17255583 0.17566696 0.18208453 0.20389923 0.17872696 0.17309789 0.20607994 0.19982108 0.16814364 0.17616369 0.15442922 0.19375396 0.15810276 0.17501667 0.19501225 0.20687870 0.20757476 0.20774248 0.18948531 0.18388889 0.19386028 0.16576791 0.15719049 0.14955786 0.18522996 0.16482915 0.17145622 0.15791290 0.15549331 0.16158572 0.18782767 0.14720397 0.18844552 0.17529095 0.18202602 0.18026441 0.20444125 0.18959286 0.15511585 0.24253853 0.18825131 0.17690655 0.15413468 0.22114630 0.18658688 0.19141881 0.14679156 0.18985444 0.14634145 0.19010630 0.16552820 0.16349224 0.17042349 0.17116144 0.18148569 0.17662770 0.16525911 0.16908218 0.15726332 0.18972069 0.18131527 0.16961738 0.18854749 0.21410755 0.20518263 
0.20471889 0.25567601 0.25806029 0.28682307 0.29328049 0.26375772 0.00000000 0.30034767 0.30369990 0.30243649 0.32636064 0.31056903 0.29154569 0.29217211 0.29513219 0.28369500 0.28390470 0.28797789 0.26286773 0.27564701 0.27237224 0.21876424 0.25747376 0.24049641 0.21904391 0.22997278 0.23492430 0.24327207 0.23615978 0.21262927 0.20342207 0.23209599 0.19366332 0.18818251 0.19263738 0.19414156 0.20824576 0.19264719 0.19472618 0.20163668 0.13602263 0.18717155 0.14879061 0.17559324 0.20708904 0.15478568 0.17663526 0.19971639 0.19497486 0.16725529 0.15810398 0.18206738 0.21644949 0.16503688 0.21679678 0.16041279 0.17683239 0.17781631 0.17687571 0.16640432 0.20057117 0.12790760 0.18809318 0.13513874 0.13534759 0.17644538 0.12672476 0.16298691 0.21724970 0.13233240 0.17178571 0.15347400 0.17848438 0.12778571 0.13726086 0.12217900 0.14185222 0.14891251 0.16884861 0.20442319 0.12638189 0.17104272 0.20563769 0.18884192 0.20171998 0.14581617 0.18038585 0.20550407 0.19554092 0.16182104 0.18677405 0.13890323 0.16831855 0.17775793 0.20377179 0.16429546 0.20073575 0.16491547 0.19007573 0.21541840 0.19171646 0.18786449 0.19380103 0.17050696 0.17624476 0.17510781 0.17979277 0.14563306 0.14801178 0.18637805 0.14700977 0.17938539 0.17240834 0.18373347 0.23410006 0.18744078 0.15834495 0.19844769 0.19875089 0.19740475 0.17381396 0.13965603 0.20033815 0.19109986 0.18432631 0.19636526 0.18359895 0.17188439 0.18893328 0.16846775 0.17511401 0.18141293 0.17878391 0.16209548 0.15776031 0.16092247 0.16041885 0.16102124 0.12338714 0.14527788 0.14668032 0.16573548 0.15392818 0.21035781 0.19228586 0.20335001 0.17261680 0.18139239 0.19310100 0.14529602 0.15685039 0.19849273 0.18778673 0.15252481 0.18956866 0.16836862 0.16572501 0.12458572 0.13693853 0.13547252 0.20252952 0.14937854 0.19692301 0.15358355 0.19524643 0.15871151 0.15997800 0.20191517 0.16612823 0.14216603 0.19574660 0.19140279 0.18262305 0.18488753 0.24807195 0.22657473 
0.20533705 0.25260716 0.25510476 0.29178002 0.28717410 0.26635544 0.30034767 0.00000000 0.29548982 0.32320865 0.31655933 0.32787573 0.28905428 0.30116245 0.29546263 0.31021040 0.26333910 0.27281319 0.26641022 0.26233803 0.26581077 0.22265787 0.27810608 0.24425091 0.22595622 0.23807575 0.25079870 0.26362740 0.22403443 0.20901478 0.22359481 0.20197369 0.18747118 0.19694032 0.20509745 0.19878030 0.22907687 0.19046343 0.20939406 0.17189299 0.13701457 0.17939853 0.15276197 0.19251125 0.18513234 0.14954600 0.16671250 0.16990081 0.18301531 0.18923969 0.16439087 0.19079406 0.19648136 0.18363052 0.22158622 0.15948264 0.18688752 0.17501060 0.15656223 0.16464622 0.18917181 0.12626903 0.18403639 0.13963015 0.13700956 0.17077274 0.12905775 0.17487337 0.19954160 0.13198975 0.17202245 0.14554640 0.18455615 0.14355055 0.14725969 0.13168325 0.15955482 0.15622784 0.18643085 0.19498236 0.13025537 0.15824825 0.19141089 0.18929412 0.20223177 0.13930481 0.18428700 0.19658580 0.20447212 0.16165953 0.19116427 0.14405018 0.18265586 0.17022843 0.17950658 0.16774785 0.17370422 0.14913154 0.18329545 0.18514437 0.19543203 0.16738459 0.18376148 0.16120674 0.18779104 0.17599953 0.17290290 0.14406740 0.16084653 0.18131024 0.18282437 0.17941874 0.18303979 0.18428100 0.22910711 0.17949116 0.14817703 0.18482872 0.16840997 0.19403954 0.17788830 0.14342346 0.17723284 0.17118874 0.19989488 0.18797159 0.19069567 0.16410180 0.18129866 0.18689906 0.19242634 0.15783116 0.19355562 0.18909911 0.17213411 0.16533386 0.16514689 0.17114040 0.13937902 0.19346283 0.14950903 0.16732216 0.14889661 0.21622139 0.19262328 0.21466569 0.18436641 0.20593646 0.20895275 0.15290076 0.17838305 0.18656298 0.16682962 0.16175185 0.17257983 0.15193506 0.17625214 0.12880647 0.13207470 0.13480724 0.21538627 0.15112596 0.17983932 0.17867965 0.17412496 0.15108653 0.15315547 0.17055446 0.19077077 0.14148504 0.19347435 0.19797169 0.16186365 0.17947580 0.21037031 0.21692649 
0.20013927 0.25234208 0.24944691 0.28149738 0.29289462 0.28694633 0.30369990 0.29548982 0.00000000 0.31230425 0.31466191 0.30810820 0.29102494 0.31557653 0.29948974 0.27649231 0.30497865 0.28380412 0.29445150 0.26238548 0.27137643 0.22659538 0.27173134 0.25229291 0.22362400 0.23497415 0.24268186 0.24205812 0.21738958 0.22229477 0.21252937 0.21701369 0.19539493 0.21779374 0.20737028 0.19047137 0.20514212 0.21173552 0.18336983 0.17831295 0.13058961 0.18369057 0.16530453 0.16838515 0.18291275 0.15795879 0.19091797 0.16477092 0.17976978 0.18890517 0.16337395 0.15666828 0.17196897 0.18002387 0.19268339 0.17944051 0.19780936 0.18217682 0.17051760 0.16749347 0.18502480 0.13149743 0.17588454 0.14400610 0.13301247 0.15542438 0.13948333 0.16743150 0.20098296 0.13256365 0.17065092 0.16276371 0.17016254 0.12944815 0.14268707 0.13399131 0.14923363 0.15996060 0.15837820 0.19405711 0.12714064 0.16463477 0.18892658 0.17844499 0.22389628 0.14729810 0.17752368 0.18671328 0.19901822 0.15499911 0.18878274 0.15128303 0.20203343 0.17619017 0.18682164 0.17027785 0.15824609 0.14651687 0.18247242 0.20111850 0.19828895 0.19247925 0.17085697 0.17266715 0.18469802 0.17735551 0.16253001 0.14619459 0.15950161 0.18582816 0.16120441 0.19332311 0.19092292 0.18943636 0.24322899 0.17973680 0.16008790 0.19606288 0.17980256 0.15749551 0.17025502 0.13732576 0.17966862 0.18977218 0.18304035 0.17660287 0.20400351 0.16199691 0.17228965 0.19852975 0.19165302 0.15903586 0.19958572 0.16309844 0.17047583 0.18576771 0.15022924 0.16797639 0.13514855 0.16345644 0.15478192 0.15510477 0.16342317 0.20531709 0.18394955 0.19813347 0.19676609 0.19335527 0.21112146 0.15455727 0.18236411 0.18424969 0.17364956 0.18266768 0.18017860 0.16799300 0.18429385 0.13521320 0.14410485 0.12311305 0.19890998 0.15113271 0.17314038 0.15711957 0.20036859 0.16131205 0.16276712 0.16019625 0.19419300 0.12903314 0.17477395 0.20679860 0.16712584 0.18199787 0.23327595 0.23246695 
0.20244422 0.25325781 0.25361629 0.29560601 0.28776833 0.26334350 0.30243649 0.32320865 0.31230425 0.00000000 0.30836623 0.31836707 0.30284745 0.28629408 0.30293188 0.27861848 0.26469053 0.28881483 0.27451250 0.25942720 0.26632027 0.22112241 0.27054394 0.23835186 0.21728543 0.23350213 0.24879221 0.24843400 0.24425541 0.22753316 0.21259490 0.23258537 0.20698477 0.21052944 0.19530717 0.19405681 0.20189902 0.20361048 0.19628246 0.19387071 0.14110242 0.18249490 0.16111438 0.16257950 0.20517795 0.16896158 0.17395357 0.16581221 0.18884231 0.18184108 0.17612088 0.16146107 0.18747722 0.18587547 0.19255933 0.16421379 0.20034155 0.17520991 0.19948174 0.16390599 0.20318910 0.13275805 0.18490389 0.13568673 0.13158925 0.14850243 0.12512496 0.17619819 0.21165036 0.12437553 0.17837793 0.14574397 0.19998894 0.13500058 0.13111656 0.13125361 0.14125942 0.15330292 0.15615348 0.19247401 0.13349705 0.13970060 0.18446273 0.19801512 0.20554438 0.13848678 0.21520328 0.18293471 0.19092850 0.16089699 0.16642630 0.13541388 0.21922872 0.16308914 0.22414251 0.19444704 0.20219511 0.14847425 0.20481536 0.17992055 0.21664762 0.18555625 0.15849425 0.17487118 0.15971623 0.16292492 0.15030683 0.14712098 0.16963882 0.19269184 0.14636913 0.18007213 0.17518620 0.17272137 0.22581412 0.17981047 0.14699690 0.19930736 0.17875386 0.16425797 0.15780435 0.13460870 0.19144176 0.17396528 0.18704305 0.19354302 0.18379745 0.17345376 0.19377301 0.19432514 0.17403888 0.17197853 0.17846769 0.17367713 0.17729783 0.18469352 0.15850290 0.16672813 0.13472419 0.16677683 0.14824844 0.16995004 0.16949713 0.20515377 0.18502200 0.23024805 0.17581834 0.18063185 0.19039291 0.14823422 0.16231834 0.20135883 0.17232820 0.14469748 0.19238945 0.16456530 0.18425794 0.13038533 0.13616107 0.12881429 0.19303168 0.14695456 0.17458362 0.15590452 0.19009295 0.18467114 0.15869626 0.16770820 0.17705656 0.13417512 0.20103729 0.20991319 0.15961958 0.18254812 0.24903702 0.22548196 
0.20480858 0.24885350 0.25590262 0.30296669 0.28311320 0.26322628 0.32636064 0.31655933 0.31466191 0.30836623 0.00000000 0.31985260 0.31892119 0.31217239 0.29412991 0.26994764 0.27433777 0.28826164 0.25938897 0.24930141 0.28967206 0.23357524 0.25150144 0.24574582 0.22161326 0.23772611 0.24161098 0.23366920 0.21167135 0.21427854 0.20608870 0.21072309 0.17660159 0.21460085 0.21113706 0.22158576 0.19364219 0.18291699 0.22157689 0.18939247 0.14204121 0.18443870 0.16125852 0.17718675 0.18576761 0.15499543 0.18755957 0.18073416 0.18551870 0.19390799 0.17611936 0.17452532 0.21797078 0.18432420 0.20090314 0.16278880 0.19300912 0.17410459 0.16994386 0.16672750 0.21130958 0.14286072 0.19003384 0.14451688 0.14016140 0.16360933 0.13229244 0.17872191 0.19106409 0.13752714 0.17677269 0.15912158 0.18329929 0.13385326 0.14532541 0.12597905 0.14804612 0.15124520 0.15421043 0.18717860 0.12572402 0.15635599 0.17590033 0.19114614 0.19205331 0.14562852 0.19061069 0.16719283 0.21280281 0.16857271 0.17969612 0.14049352 0.19155706 0.18106358 0.18513514 0.16584017 0.18606843 0.16296574 0.19644697 0.19446947 0.21488699 0.18567115 0.16586144 0.17228483 0.17374709 0.18851630 0.17245938 0.15698797 0.16918021 0.17829064 0.16565076 0.16791708 0.17168024 0.17368341 0.23747639 0.18115986 0.16201102 0.18361532 0.17393458 0.17935024 0.16297201 0.13941079 0.19991709 0.17502791 0.17936856 0.20072751 0.17982284 0.17692342 0.16939140 0.18675189 0.19569951 0.16719140 0.18181847 0.18049839 0.15702804 0.17497361 0.17027843 0.16268413 0.14659579 0.15124538 0.15314890 0.17061085 0.14674812 0.21707386 0.21821969 0.18851369 0.17629536 0.19346731 0.19343059 0.15249909 0.17248737 0.18339829 0.19881654 0.14359606 0.18094776 0.15748385 0.17624302 0.13849755 0.13166988 0.12563844 0.19632446 0.15191650 0.17674382 0.15342302 0.17401699 0.15778048 0.16171080 0.16792080 0.17924117 0.13892674 0.19692694 0.20312576 0.15860169 0.18842888 0.21791614 0.22043122 
0.20691880 0.26405703 0.25336912 0.29681308 0.28677957 0.26466617 0.31056903 0.32787573 0.30810820 0.31836707 0.31985260 0.00000000 0.31141115 0.31003590 0.31506930 0.26498663 0.26843595 0.27631035 0.27533196 0.26814607 0.27682309 0.23150691 0.26674756 0.24397741 0.22919897 0.23507698 0.24019012 0.25756431 0.23699419 0.21120513 0.21732736 0.21255803 0.18208958 0.20374917 0.19320460 0.18305836 0.20799102 0.19179613 0.20368172 0.17805296 0.13195469 0.18539742 0.16119532 0.15779242 0.18375727 0.15141561 0.18375282 0.16740898 0.19182449 0.20095395 0.15453079 0.17554949 0.20169999 0.17186783 0.18864887 0.15416970 0.18121531 0.17262232 0.19181254 0.16210810 0.21268671 0.13358778 0.19104101 0.13444771 0.12717688 0.16607878 0.13701174 0.17001400 0.21233246 0.12964319 0.18068826 0.13514998 0.17051733 0.12325334 0.13489108 0.11752876 0.14595267 0.15157100 0.17946260 0.21260476 0.13082973 0.16726088 0.20453381 0.19357643 0.18007588 0.14548745 0.15934333 0.16807019 0.20626809 0.17521316 0.18731396 0.13782660 0.17840044 0.16889686 0.20674525 0.17083416 0.17363792 0.14473353 0.17748057 0.18753713 0.19001540 0.17757113 0.17414589 0.17421704 0.17965176 0.16287736 0.17329395 0.14440814 0.15450507 0.17764215 0.15081881 0.17450017 0.17944664 0.19256627 0.22780429 0.19044728 0.16184172 0.20820837 0.18779551 0.18151651 0.18212634 0.14104417 0.19485354 0.17039908 0.18694185 0.18984076 0.17534180 0.15632449 0.17793233 0.18289626 0.17519828 0.18006175 0.18040395 0.17835456 0.17709463 0.17833411 0.16625619 0.17255664 0.12759329 0.16506667 0.14691643 0.16450722 0.15133588 0.19929695 0.19652165 0.20992714 0.18918567 0.20055736 0.19473306 0.14868196 0.16569809 0.22082759 0.18272191 0.15084436 0.19145340 0.15687179 0.17297094 0.13350704 0.13863682 0.12679358 0.20131383 0.14642503 0.19521266 0.17483963 0.17458978 0.16304695 0.16044639 0.19655804 0.17593470 0.13875694 0.20975787 0.20268848 0.16783767 0.21775929 0.23064233 0.22814126 
0.19941920 0.24089879 0.24164495 0.28236263 0.26644314 0.26847979 0.29154569 0.28905428 0.29102494 0.30284745 0.31892119 0.31141115 0.00000000 0.27953698 0.28400419 0.27778901 0.28507618 0.27037583 0.26439559 0.25852421 0.25377816 0.23173259 0.28085229 0.24331610 0.23477351 0.25681092 0.24460884 0.23898556 0.22815605 0.22952458 0.22321516 0.20218030 0.18658912 0.21153932 0.18556552 0.21748500 0.18800976 0.19328751 0.18278953 0.17106151 0.15798553 0.17222579 0.15252219 0.15696484 0.18605464 0.15517639 0.18619962 0.16891230 0.18401869 0.17681295 0.17400136 0.16578928 0.19792364 0.17617252 0.19459916 0.18635828 0.17107482 0.18073923 0.14895130 0.19622385 0.20187555 0.14610640 0.17064230 0.14509490 0.14513117 0.17371402 0.14674168 0.18479655 0.20225090 0.14691731 0.18515315 0.15049332 0.18225319 0.14840734 0.15191717 0.14713779 0.16014295 0.16981769 0.20187334 0.19473271 0.14789658 0.16922679 0.18779792 0.18206176 0.18992264 0.14430352 0.19717024 0.17347773 0.19873376 0.17961527 0.19427691 0.14623917 0.20138071 0.17719952 0.18307419 0.18534483 0.20104749 0.15249915 0.18584027 0.18028976 0.20099915 0.17161484 0.16825314 0.15899784 0.19429391 0.16258554 0.16725265 0.16381494 0.17694450 0.17550374 0.15641274 0.16323192 0.18534564 0.16706304 0.21180437 0.18940709 0.17064263 0.19497722 0.19737931 0.17876882 0.19131249 0.15970979 0.17540825 0.17758987 0.18441579 0.20504178 0.16464600 0.17893194 0.16776114 0.18819117 0.18654070 0.16523129 0.19073940 0.18092430 0.15950629 0.19094451 0.16403969 0.15314481 0.14467053 0.16490628 0.16089765 0.16763671 0.17067796 0.19124684 0.19829121 0.19671556 0.16790238 0.18444208 0.18503179 0.16460538 0.17204724 0.19748846 0.16168341 0.15350899 0.18933605 0.17962666 0.16759402 0.14988549 0.15757521 0.14377920 0.19964640 0.15634375 0.15893891 0.16149508 0.16758544 0.15682983 0.15700497 0.18681209 0.17815613 0.14025617 0.18028336 0.18429817 0.15381738 0.22881999 0.21503388 0.20965580 
0.20428782 0.26455534 0.26235500 0.29142099 0.29331211 0.27265539 0.29217211 0.30116245 0.31557653 0.28629408 0.31217239 0.31003590 0.27953698 0.00000000 0.34203254 0.30758170 0.29939127 0.32141795 0.29580331 0.28218348 0.28068830 0.24490035 0.26625910 0.27192693 0.25337734 0.25590167 0.23391269 0.24792785 0.22107047 0.23243507 0.22385819 0.21117480 0.21339811 0.20587520 0.19580937 0.21019783 0.21006995 0.20103134 0.21628727 0.18106072 0.16239153 0.17242034 0.14698724 0.17214346 0.17807126 0.14886537 0.19564889 0.19260873 0.19111103 0.17947459 0.18022835 0.17919765 0.16720395 0.16451402 0.17547957 0.14468010 0.17926534 0.15005053 0.18516674 0.16856426 0.23736569 0.12801790 0.18644868 0.11510025 0.12355635 0.15365305 0.12636290 0.17182363 0.18952147 0.11236997 0.16901247 0.15063083 0.18269399 0.13305255 0.13043011 0.10055390 0.15115317 0.14534469 0.14681956 0.20054315 0.14178907 0.16402258 0.17530542 0.18583948 0.21440583 0.16347817 0.21206239 0.20243352 0.19183376 0.16907857 0.18590285 0.13616186 0.20272370 0.15883539 0.19120421 0.20080611 0.16523002 0.15390332 0.16827869 0.18631725 0.20519121 0.17007162 0.17146266 0.16637226 0.16741648 0.17603032 0.15834762 0.14003564 0.18740496 0.17042116 0.18034224 0.16194343 0.17132409 0.18623196 0.22717831 0.21089664 0.16354151 0.19033319 0.17773414 0.20154010 0.17137683 0.12642321 0.17263042 0.16554409 0.19846949 0.20426873 0.17481431 0.17462512 0.17723985 0.19473309 0.19500857 0.17232477 0.17207499 0.15667160 0.12004934 0.15364219 0.16760945 0.18102716 0.13219336 0.14862156 0.13178701 0.15109291 0.12498020 0.19635004 0.20881449 0.20480867 0.15904146 0.18840466 0.17953908 0.13709409 0.17624688 0.20667061 0.16266421 0.20173788 0.18928834 0.18057519 0.17296021 0.12903638 0.15752370 0.13694386 0.19711629 0.13479069 0.17246372 0.15343047 0.20166869 0.15678789 0.15784008 0.20853693 0.19115032 0.12671548 0.21574649 0.19509713 0.16327956 0.19805446 0.20460038 0.22372518 
0.20196139 0.23844832 0.23467637 0.26326137 0.27111374 0.26691305 0.29513219 0.29546263 0.29948974 0.30293188 0.29412991 0.31506930 0.28400419 0.34203254 0.00000000 0.37210229 0.31982695 0.32580210 0.35605907 0.31676931 0.31577905 0.27589214 0.30127746 0.28271673 0.26542290 0.27926010 0.26610146 0.29589496 0.26186501 0.22175534 0.21494843 0.22198221 0.19196709 0.22313060 0.22245669 0.21179140 0.18717601 0.19639608 0.19074727 0.21437130 0.16019384 0.19246418 0.16235540 0.18483154 0.17216139 0.15528704 0.16601658 0.19250788 0.19769204 0.18027094 0.15068791 0.17511487 0.16811820 0.16793349 0.19935532 0.13826261 0.17101301 0.16330133 0.13459785 0.18244144 0.19432932 0.12248622 0.15848445 0.09661233 0.09248440 0.13083739 0.09199175 0.15734626 0.22650944 0.10075680 0.15612810 0.17437954 0.16358973 0.10199371 0.14345297 0.10213336 0.14705505 0.14157001 0.18108464 0.17725522 0.14353045 0.14538827 0.17554593 0.17252953 0.18867410 0.17404229 0.20553356 0.18500367 0.20320084 0.20152713 0.17549347 0.13815789 0.16995113 0.15514756 0.19925244 0.19589598 0.14770153 0.13877640 0.21014865 0.19237048 0.19396115 0.18997013 0.20481343 0.17097689 0.16606855 0.18055248 0.17856315 0.18313216 0.16069926 0.19093680 0.16957033 0.21070236 0.20440709 0.18746709 0.24706387 0.17531944 0.15576768 0.17876565 0.18431520 0.17383818 0.19900370 0.15557473 0.17147773 0.18681147 0.20740887 0.22220878 0.17680637 0.17314074 0.18696375 0.17645579 0.19678915 0.15881084 0.11476290 0.13450401 0.12435079 0.15150740 0.16219128 0.18283670 0.13532569 0.14490749 0.11431981 0.14555179 0.12638465 0.19715125 0.17862268 0.24319907 0.16155986 0.21428006 0.20893375 0.12263357 0.17168541 0.17639728 0.16780140 0.11989668 0.17411502 0.14316841 0.18955623 0.12258551 0.15024321 0.12373409 0.19918213 0.12113990 0.17603976 0.14580065 0.16697232 0.17660446 0.16971748 0.16805852 0.19594415 0.14704126 0.21232981 0.20150974 0.16339536 0.18165253 0.21269421 0.23667488 
0.20125867 0.23832958 0.24451239 0.27482202 0.27109789 0.25028206 0.28369500 0.31021040 0.27649231 0.27861848 0.26994764 0.26498663 0.27778901 0.30758170 0.37210229 0.00000000 0.34361434 0.33313670 0.33367630 0.31971330 0.31409976 0.29786732 0.30772498 0.30296966 0.29751328 0.29385146 0.28462876 0.27837674 0.22546356 0.22982643 0.25069207 0.20571021 0.20297129 0.24568192 0.20651099 0.18430709 0.24730666 0.18027445 0.20050433 0.21596303 0.15987099 0.19247838 0.17606660 0.18529996 0.17987623 0.17643206 0.16497897 0.19941257 0.19974084 0.19822312 0.15756942 0.16930634 0.18545028 0.16219696 0.19055477 0.16100263 0.15569278 0.15084174 0.14373970 0.15777269 0.20903946 0.11036512 0.17428610 0.11182964 0.10373733 0.15178175 0.08961025 0.16800316 0.18446976 0.11813396 0.16277557 0.15799282 0.18189733 0.13498631 0.17129012 0.08084282 0.15972894 0.16871726 0.16279443 0.18056065 0.11167462 0.16326384 0.22702026 0.19983176 0.17877184 0.14765190 0.16375519 0.16049023 0.19380832 0.19087705 0.17477856 0.13162229 0.19381685 0.13741582 0.20776245 0.17238007 0.13271679 0.13339997 0.19374470 0.17542165 0.21475250 0.17896360 0.17666250 0.17451568 0.16492172 0.18091673 0.18788775 0.19377193 0.19588421 0.18322974 0.18035545 0.19536637 0.17167042 0.17803763 0.23205948 0.15105724 0.18414467 0.17216285 0.17387518 0.19089048 0.19878384 0.14737132 0.17154453 0.18348783 0.18992366 0.20357130 0.17430204 0.19840564 0.19295782 0.21055295 0.17310665 0.14472645 0.12329226 0.10527383 0.12577915 0.15815834 0.15700981 0.18513307 0.12898460 0.12423922 0.12903664 0.15355610 0.14839249 0.23065129 0.17838499 0.18415444 0.16081521 0.20414415 0.18912077 0.14096348 0.18530487 0.16981577 0.16966662 0.16829423 0.14280624 0.15570663 0.16170570 0.11164524 0.11590403 0.13684850 0.17667410 0.13187227 0.14883555 0.16148114 0.16835395 0.20260104 0.18197649 0.19183496 0.19554309 0.14364306 0.21176208 0.18081810 0.19970407 0.17724390 0.23763229 0.23815946 
0.19974274 0.23544473 0.23974283 0.25977863 0.26196683 0.24989393 0.28390470 0.26333910 0.30497865 0.26469053 0.27433777 0.26843595 0.28507618 0.29939127 0.31982695 0.34361434 0.00000000 0.42603223 0.38471844 0.36209402 0.34413495 0.31370380 0.33101611 0.32718034 0.30911182 0.30560059 0.27888110 0.30542431 0.27665267 0.22498334 0.21065380 0.26113372 0.18115088 0.21989875 0.18752197 0.16549181 0.20858184 0.16365542 0.20725331 0.18748552 0.18531303 0.15612637 0.15296755 0.15823701 0.18752744 0.12672608 0.14574565 0.19519641 0.18688318 0.16450441 0.12270509 0.14686464 0.18859128 0.17670379 0.16349366 0.14552062 0.14184069 0.15168322 0.18026908 0.21597362 0.24666828 0.13263242 0.19194672 0.08143028 0.11303448 0.14154720 0.06201460 0.15507919 0.20233691 0.10556770 0.16480602 0.14330572 0.15535693 0.12287285 0.18207138 0.07065425 0.18621222 0.17404068 0.17599835 0.22243792 0.13618885 0.16825445 0.17048160 0.17766430 0.22886523 0.15752568 0.18890467 0.17998005 0.23669532 0.17138869 0.15845798 0.14147771 0.19276073 0.19342720 0.23089069 0.18429203 0.16920627 0.18037141 0.20756734 0.23478770 0.20171439 0.18418977 0.15439618 0.15741235 0.15148446 0.19233811 0.18157074 0.16074465 0.16666023 0.16849465 0.16043218 0.16114001 0.21003743 0.16713783 0.27783162 0.17655850 0.16835322 0.21072973 0.19340405 0.15973274 0.20426722 0.13212942 0.18317209 0.19601346 0.17330006 0.17923767 0.17061499 0.18280809 0.20858851 0.18685366 0.20084424 0.18379598 0.14356264 0.12926935 0.07289038 0.17645804 0.11849341 0.16829776 0.17435725 0.13505530 0.09519736 0.17458585 0.18258845 0.21643691 0.21793919 0.20771763 0.16098852 0.19739178 0.19726660 0.12355217 0.16383598 0.19795887 0.18930188 0.14279221 0.21868390 0.16899890 0.20722661 0.16388866 0.16253156 0.15136995 0.16104923 0.10846750 0.11264409 0.09361615 0.15449189 0.13444502 0.12788307 0.12454589 0.16277045 0.11611857 0.21470307 0.17280177 0.12641598 0.16915745 0.22452947 0.21998008 
0.19673263 0.22949921 0.23676091 0.26409731 0.25792350 0.25395930 0.28797789 0.27281319 0.28380412 0.28881483 0.28826164 0.27631035 0.27037583 0.32141795 0.32580210 0.33313670 0.42603223 0.00000000 0.41378558 0.35965829 0.35254389 0.32727407 0.37067687 0.32281408 0.34453971 0.33437058 0.28211620 0.31353559 0.26667526 0.23626424 0.22046973 0.25327416 0.18177333 0.21134801 0.21570305 0.20765456 0.20799098 0.22059023 0.20961209 0.21735492 0.16150041 0.16289801 0.18463387 0.16096656 0.18655215 0.12145742 0.19390903 0.21439285 0.18058191 0.19332634 0.14001858 0.18516008 0.18426408 0.19120347 0.15940383 0.12065252 0.18495679 0.17589388 0.16128105 0.13963726 0.20635644 0.12261896 0.18194837 0.08179808 0.08248695 0.17732723 0.06441861 0.16552426 0.21050269 0.10476589 0.13222634 0.13513597 0.21175714 0.11411555 0.17848786 0.08057486 0.17503882 0.15703966 0.15281484 0.17468247 0.14204128 0.13096508 0.19712887 0.16498906 0.15545013 0.15122092 0.18181300 0.15984462 0.18402714 0.15571642 0.18656098 0.14230094 0.17757160 0.19592876 0.16718479 0.18658158 0.19447693 0.15279014 0.19456130 0.19754205 0.20465058 0.16548493 0.18946140 0.21045299 0.13961049 0.18528702 0.18522021 0.15748529 0.17230246 0.16889922 0.17403377 0.20568721 0.18061867 0.16281530 0.24226555 0.14939216 0.14083470 0.18540448 0.18379462 0.19077113 0.17889469 0.16785712 0.16627570 0.17848458 0.20837859 0.18999989 0.17891218 0.18663272 0.20846434 0.17665089 0.22954301 0.16361880 0.16006868 0.14053395 0.10581126 0.17939894 0.16408372 0.22474370 0.14420364 0.14751973 0.09275528 0.17482881 0.14250577 0.22114569 0.20225706 0.19577649 0.16616517 0.20986469 0.21108129 0.11899782 0.17509458 0.18486972 0.17477477 0.13437484 0.17784933 0.13903414 0.20384099 0.14198640 0.13458244 0.13018804 0.18745331 0.10566870 0.11719891 0.11294750 0.12918515 0.13311173 0.13643081 0.13282461 0.15848993 0.08559583 0.17577656 0.17717217 0.15444518 0.17951982 0.21509199 0.21916197 
0.19711007 0.23699104 0.23533647 0.26773409 0.27359443 0.24956603 0.26286773 0.26641022 0.29445150 0.27451250 0.25938897 0.27533196 0.26439559 0.29580331 0.35605907 0.33367630 0.38471844 0.41378558 0.00000000 0.41020301 0.36564231 0.36105744 0.39117306 0.32819518 0.34109666 0.31482847 0.32771151 0.30632445 0.25830009 0.29130974 0.23542467 0.24602457 0.23360828 0.22274778 0.20093213 0.20662394 0.21531655 0.19429776 0.17579028 0.19345266 0.16102062 0.19821413 0.15571045 0.17463959 0.17323359 0.14180262 0.21662298 0.19188530 0.21577159 0.20314037 0.15138758 0.18982742 0.16910286 0.19695053 0.16028400 0.18322628 0.13821539 0.14415924 0.13548803 0.17690217 0.18931829 0.10583868 0.14992967 0.08809594 0.08141182 0.15188732 0.06046875 0.14037772 0.23351874 0.10066553 0.15173781 0.15000058 0.18280526 0.13752693 0.16055238 0.05861587 0.14795772 0.17291997 0.17636756 0.18489730 0.15640160 0.13684207 0.16961793 0.18080866 0.22382447 0.17006946 0.16533132 0.18239190 0.19723858 0.18166460 0.19913289 0.15624540 0.18487851 0.11242506 0.16611997 0.16477526 0.14726286 0.16347990 0.18981441 0.20601259 0.23681761 0.17986163 0.19485927 0.17632155 0.17148724 0.13942308 0.18022646 0.15343883 0.18743185 0.21060246 0.18271877 0.19784966 0.15666632 0.16671057 0.26669330 0.14684880 0.13363187 0.21101606 0.20564013 0.17975569 0.17748874 0.17988758 0.17321110 0.17331729 0.20866479 0.17120814 0.12356324 0.17532424 0.19402045 0.17907259 0.21426421 0.15114622 0.14131789 0.13975590 0.09510520 0.19499665 0.15605603 0.20612612 0.13048068 0.11202140 0.07925355 0.14965820 0.17580673 0.24956764 0.21978702 0.20254326 0.15673605 0.20906777 0.20763593 0.10776324 0.17323023 0.21513427 0.15910542 0.16371083 0.20088461 0.14807841 0.15126058 0.11573845 0.15709384 0.13877123 0.14115370 0.09929837 0.11828491 0.10223310 0.11651951 0.16792819 0.13550353 0.12883298 0.19351448 0.12778555 0.20150975 0.17169386 0.13858135 0.17174418 0.19185863 0.19117014 
0.19559881 0.23039085 0.21845102 0.25880571 0.26075578 0.22491576 0.27564701 0.26233803 0.26238548 0.25942720 0.24930141 0.26814607 0.25852421 0.28218348 0.31676931 0.31971330 0.36209402 0.35965829 0.41020301 0.00000000 0.38372918 0.36844109 0.41502022 0.37318934 0.36028311 0.33040749 0.34084732 0.30483243 0.23321268 0.27141704 0.21385119 0.27132774 0.19635655 0.24047519 0.22787530 0.18635523 0.18663186 0.21730862 0.20442181 0.19074421 0.17545095 0.16449497 0.13925863 0.15334474 0.16662425 0.12476163 0.17807709 0.15928129 0.18424542 0.22585302 0.16020870 0.19152673 0.15729307 0.21746887 0.18403568 0.23002561 0.14242723 0.19192610 0.15994811 0.15022296 0.19736274 0.11778741 0.17221743 0.08329675 0.13951176 0.15866645 0.10184643 0.13638390 0.25203365 0.11452649 0.14958822 0.14639632 0.17908499 0.13652724 0.16268775 0.06903155 0.14934135 0.14411898 0.19482471 0.15897279 0.15337054 0.13250987 0.17417083 0.19996228 0.20368615 0.15267192 0.19602940 0.18460629 0.17629824 0.22331990 0.14168586 0.14659438 0.24902099 0.18123623 0.17044911 0.18944858 0.22176794 0.18836386 0.16691713 0.20384141 0.20560170 0.21327852 0.17283339 0.17587158 0.22949476 0.17351282 0.17764222 0.13895949 0.19404252 0.18006113 0.16521799 0.16601955 0.19238918 0.12527372 0.26501561 0.14258550 0.15718808 0.20664156 0.25064532 0.19351084 0.19570383 0.15368254 0.19075093 0.14964718 0.17329105 0.20763490 0.16968303 0.17754503 0.21157493 0.16253286 0.19858453 0.16320617 0.15100963 0.13426187 0.10279405 0.13420054 0.15115190 0.16116317 0.15131592 0.14832915 0.08678247 0.23321842 0.16659929 0.16286378 0.22540354 0.24145887 0.16453205 0.18870413 0.17564451 0.14398846 0.13527512 0.18347096 0.16987120 0.14373878 0.13544630 0.16720521 0.16522015 0.13198715 0.16737919 0.17427958 0.15959316 0.11168662 0.10740579 0.10472581 0.11552072 0.13057929 0.12358458 0.13179226 0.14513562 0.12938094 0.18273260 0.12668280 0.14209223 0.13263759 0.20808007 0.17994294 
