0.00000000 0.03528250 0.03359245 0.03143237 0.02942617 0.03072297 0.03228010 0.02942674 0.03297903 0.03042021 0.03174749 0.03017765 0.03241381 0.03093055 0.02993160 0.03141361 0.03298525 0.03105818 0.03008744 0.03162718 0.03093574 0.02962096 0.03149414 0.03146694 0.03031868 0.03097716 0.03338336 0.03299320 0.02987743 0.03040407 0.03013914 0.03095874 0.03249970 0.03419737 0.03294303 0.03209249 0.03179334 0.02868047 0.03327650 0.03050500 0.02997308 0.03161726 0.03505201 0.03129184 0.03057441 0.02969161 0.03146857 0.03249465 0.03016452 0.03048702 0.03694645 0.03096825 0.02988219 0.02976246 0.02937191 0.03185956 0.03336584 0.02893136 0.03026972 0.03408550 0.02971128 0.03401600 0.03405091 0.03226422 0.03057375 0.02947241 0.03183752 0.03285143 0.03183778 0.02938752 0.02954571 0.02983350 0.03228562 0.03028832 0.03147141 0.03139150 0.03112475 0.02971607 0.03276773 0.03160819 0.03142645 0.02995110 0.02970336 0.03080713 0.03052551 0.03057490 0.02865727 0.03176315 0.03000135 0.03458211 0.03052191 0.03008409 0.03084621 0.03031484 0.03001239 0.03169417 0.03114839 0.03508076 0.03060352 0.03401600 0.03207804 0.02927887 0.03048332 0.03334854 0.03041258 0.03059634 0.03415225 0.03083843 0.02931046 0.03121038 0.02922280 0.02983189 0.03155040 0.03216225 0.03072735 0.02961043 0.03112634 0.03226091 0.02991802 0.02934528 0.03169972 0.02847877 0.03170295 0.03254321 0.03313077 0.03240931 0.02998619 0.02919927 0.03039676 0.02975535 0.02996466 0.03700442 0.02897649 0.03005599 0.03389501 0.02896564 0.03088166 0.03373682 0.03103658 0.02981299 0.03153705 0.02926099 0.03070031 0.03043999 0.03043060 0.03033518 0.03000146 0.02940380 0.02915537 0.03400462 0.03250568 0.03411002 0.03029102 0.03355077 0.03073791 0.03124497 0.03064734 0.03058909 0.03006883 0.03815201 0.03123429 0.03140946 0.03206957 0.03166547 0.03371389 0.03020421 0.03168942 0.02884765 0.03207294 0.03275708 0.03051974 0.03410333 0.03010187 0.03174579 0.02996002 0.03442928 0.02950200 0.02959316 0.03085101 0.02911344 0.02997724 0.03224915 0.03401600 0.03027587 0.03324109 0.03315303 0.03193568 0.03001749 0.03104276 0.02950579 0.03220124 0.03167973 0.03395830 0.03314562 0.03260124 0.03333657 0.03212254 0.03363927 0.03106794 0.03074402 0.03162588 0.03079591 0.02955946 0.03191781 0.03066566 0.03284294 0.03248248 0.02977257 0.03075771 0.03237190 0.02999585 0.03001749 0.03103759 0.03098107 0.03439435 0.03363120 0.03800185 
0.03528250 0.00000000 0.03707538 0.03823585 0.04439423 0.05488531 0.02395137 0.04370775 0.03537784 0.02635281 0.03219573 0.03092555 0.04497269 0.02633127 0.02040827 0.03521493 0.02262908 0.04094346 0.02097166 0.03668727 0.04977346 0.04405650 0.04012051 0.04567870 0.03929859 0.03852084 0.03373121 0.02558984 0.02101198 0.03805448 0.02134497 0.03725206 0.03186415 0.02829760 0.03519269 0.02963075 0.03466685 0.03353210 0.04164181 0.02492039 0.03794355 0.04539556 0.02793804 0.03173520 0.01954205 0.03459976 0.01952294 0.03064317 0.01877393 0.03781982 0.01519675 0.02902038 0.03536186 0.05423493 0.03661112 0.02837745 0.03651854 0.02526717 0.01679328 0.02760698 0.02353910 0.04069907 0.02756140 0.03206541 0.02511887 0.03558516 0.01768626 0.02937196 0.03494374 0.02709651 0.03436543 0.01529201 0.02326145 0.03340471 0.01813392 0.01578741 0.03592109 0.02364147 0.02283871 0.02792858 0.03766938 0.03522595 0.01642173 0.01721254 0.03736424 0.01857664 0.02602777 0.06953933 0.01714630 0.02277341 0.03980455 0.01956094 0.01548504 0.01982188 0.01692393 0.02698724 0.03995775 0.03322464 0.03493727 0.04069907 0.02504332 0.01904379 0.02379728 0.03272149 0.02849512 0.04109431 0.03920664 0.02349035 0.01521074 0.02365900 0.03170642 0.04886123 0.04050660 0.03391881 0.03656938 0.02756116 0.02971089 0.03940873 0.01771034 0.03093832 0.03584456 0.03313879 0.03131046 0.03841044 0.03387353 0.02082210 0.02171871 0.03621324 0.03460925 0.04103498 0.02990525 0.04231903 0.01290407 0.04070760 0.03132397 0.04546506 0.02407239 0.03878469 0.02344744 0.04497652 0.02647971 0.03777618 0.01838587 0.01654774 0.03069092 0.02700665 0.01869265 0.02639506 0.02244264 0.03167279 0.04759323 0.04088631 0.03712761 0.02422066 0.02871483 0.04191690 0.02683488 0.03400504 0.01220046 0.02647306 0.02248716 0.04182488 0.03862816 0.02177355 0.03307302 0.04466537 0.03298558 0.05004676 0.05811006 0.03184237 0.03769591 0.02652224 0.01410369 0.03461165 0.03196091 0.02836773 0.04176949 0.03368359 0.04546588 0.03084101 0.04300549 0.01830192 0.04069907 0.03250609 0.02952666 0.04615220 0.03266905 0.02966268 0.04225817 0.02659038 0.02662681 0.03666702 0.02539437 0.01351228 0.02029956 0.01609540 0.01597710 0.03482772 0.02401991 0.03037034 0.04541370 0.04039201 0.01179144 0.02519166 0.04683984 0.03760642 0.04066293 0.02339684 0.05047650 0.04327681 0.03781815 0.02320982 0.02429891 0.04074005 0.03277322 0.02727979 0.03251028 
0.03359245 0.03707538 0.00000000 0.07101055 0.06903381 0.03063286 0.03838868 0.04380797 0.04523840 0.03275017 0.03499905 0.04057471 0.03072660 0.03547354 0.02716739 0.03757981 0.02211563 0.03923897 0.01621996 0.06132155 0.03882349 0.03690593 0.03501760 0.03693726 0.03526017 0.02515051 0.02439651 0.04353433 0.02104693 0.02710330 0.03501385 0.02788702 0.02918166 0.02981747 0.03363270 0.02745121 0.02958346 0.02470671 0.03935407 0.05012802 0.04278811 0.03053909 0.06332248 0.04022649 0.03124322 0.04035368 0.02079542 0.02785714 0.02731690 0.04200294 0.01515080 0.02780722 0.03441164 0.01258140 0.03702419 0.02892258 0.03648961 0.02310115 0.01956061 0.02478259 0.02040126 0.03710135 0.02401648 0.02931482 0.03452787 0.02425540 0.02572172 0.02638353 0.02757578 0.02552522 0.03050280 0.01865826 0.02510592 0.03688151 0.01134438 0.02747044 0.03245740 0.02104505 0.03147184 0.02451143 0.02747679 0.04727163 0.01848040 0.02447757 0.02686953 0.02633308 0.05386211 0.03521595 0.02835616 0.01250102 0.02706214 0.02295073 0.01237458 0.01608636 0.04361077 0.03208135 0.02339654 0.03073902 0.02832318 0.03710135 0.04957072 0.02384650 0.03858350 0.03623445 0.03117684 0.05729552 0.04845061 0.03092333 0.02746294 0.02832802 0.02661901 0.03708695 0.03634221 0.02668328 0.04589279 0.02658533 0.03077220 0.03771574 0.01997504 0.03004375 0.03427405 0.03565028 0.02246855 0.02074419 0.03830739 0.02797979 0.03671259 0.03439381 0.03486415 0.01594812 0.02355169 0.01733865 0.01981181 0.03032871 0.00961301 0.03671565 0.01705603 0.03441191 0.04933267 0.02918773 0.03159965 0.03576119 0.02403907 0.02180659 0.03416657 0.02776577 0.01939456 0.02483421 0.03012844 0.04245594 0.07596206 0.03962178 0.04179998 0.00960135 0.02852047 0.03369741 0.03196061 0.03421287 0.03234619 0.02148215 0.03456932 0.03817465 0.03856222 0.04680507 0.03227136 0.03788933 0.05602132 0.03446544 0.03331222 0.06039177 0.04003695 0.02603617 0.02036630 0.02298148 0.01797171 0.02771283 0.03620482 0.02098258 0.04044693 0.01490080 0.02823120 0.02028262 0.03710135 0.04944337 0.03915080 0.03563133 0.03834419 0.04266269 0.03054730 0.03686958 0.02556056 0.03558851 0.02194438 0.01150907 0.01435782 0.00854539 0.00787242 0.04096150 0.01192133 0.02723490 0.03591395 0.02777481 0.02074105 0.02105058 0.04148560 0.02368797 0.03396782 0.04360597 0.04562803 0.03704353 0.02333908 0.04322754 0.03468929 0.03928799 0.01698744 0.03845211 0.02909905 
0.03143237 0.03823585 0.07101055 0.00000000 0.07431598 0.04523211 0.02996815 0.03454318 0.03557424 0.04316741 0.02556537 0.04559612 0.03002665 0.02270925 0.02596688 0.02972147 0.04286290 0.05050515 0.01593928 0.03980785 0.05288812 0.03635940 0.03377813 0.03884481 0.04938650 0.03470392 0.02806453 0.06645247 0.02118461 0.02335513 0.04921422 0.03341119 0.02463760 0.03898721 0.02974258 0.02225691 0.02720702 0.02122806 0.02510823 0.01898692 0.03809108 0.04185587 0.03039908 0.03037886 0.02006484 0.02765544 0.03570525 0.04354879 0.02298886 0.03276899 0.01995951 0.01669882 0.01921611 0.02636697 0.03894154 0.02892175 0.03651105 0.02498795 0.01769619 0.01968830 0.02799574 0.03114479 0.03409245 0.02445580 0.02729188 0.03528967 0.01559180 0.02728884 0.04314187 0.01640443 0.03438212 0.01757440 0.02401346 0.03810593 0.01855995 0.02891782 0.03241055 0.02527487 0.02399577 0.03794041 0.02868131 0.03182065 0.01624733 0.01903161 0.02945738 0.01563242 0.02668323 0.04231829 0.01724400 0.02388918 0.02243661 0.01492061 0.02271865 0.01401760 0.02270719 0.02816566 0.02942850 0.02911714 0.03451010 0.03114479 0.03612254 0.04093105 0.03346462 0.03932391 0.03572029 0.04525073 0.03728212 0.02317080 0.03572668 0.02012099 0.02499368 0.02131483 0.03442490 0.03129894 0.04053534 0.03412993 0.03307418 0.02845598 0.01945709 0.03476491 0.04321463 0.02778173 0.02022064 0.01752849 0.02594668 0.02338024 0.01685266 0.02809993 0.02800059 0.03768292 0.01808049 0.02981859 0.01902722 0.02785335 0.03298428 0.02409217 0.01849816 0.03143796 0.02603965 0.01353364 0.02461385 0.02734809 0.01760256 0.02282302 0.04513273 0.02577434 0.01093229 0.03879070 0.01953572 0.04272805 0.05350941 0.04435532 0.04299833 0.02229581 0.03629563 0.03220369 0.03929186 0.03249164 0.03032216 0.02413614 0.04613259 0.04088371 0.03222129 0.05113052 0.03976564 0.03269576 0.03374109 0.02258422 0.03826074 0.04411940 0.03544246 0.03362287 0.02589714 0.05980678 0.02831018 0.04278680 0.02786823 0.02689628 0.03826494 0.01486497 0.03724612 0.02616115 0.03114479 0.04882381 0.04784068 0.02388421 0.04795134 0.05456117 0.03360506 0.04245708 0.03293593 0.03414222 0.02708572 0.01495915 0.02772519 0.01889323 0.02046230 0.03690035 0.01763706 0.02542149 0.03862405 0.03678130 0.02089329 0.01847394 0.04544866 0.05502433 0.04260241 0.02876603 0.05023128 0.04225684 0.03789557 0.04494308 0.03087407 0.03965181 0.04413212 0.04303055 0.04053215 
0.02942617 0.04439423 0.06903381 0.07431598 0.00000000 0.03031397 0.03394063 0.04341122 0.04284717 0.04315404 0.04715373 0.03657087 0.03713487 0.04601803 0.01958685 0.01614317 0.02080555 0.03799654 0.02120925 0.03735891 0.04531321 0.03648022 0.03466916 0.03698511 0.04870619 0.02139039 0.03793108 0.06907856 0.03889598 0.03164541 0.02478743 0.03941933 0.03526231 0.03389948 0.02819826 0.03533214 0.02331221 0.02767368 0.03030432 0.03612341 0.02678899 0.03444121 0.02358144 0.03238820 0.05077804 0.02588098 0.02069755 0.02943195 0.02857274 0.03284203 0.02498530 0.03393866 0.03864309 0.01706328 0.03148742 0.01977779 0.05019073 0.03492705 0.02661457 0.02264430 0.03075588 0.03411221 0.03226836 0.02597747 0.03346936 0.04595757 0.03096460 0.02992376 0.03337351 0.03997780 0.03477746 0.03327566 0.02503259 0.01816491 0.03726114 0.02773886 0.03555716 0.03335659 0.03942824 0.04142774 0.01705001 0.03382336 0.03499719 0.03339508 0.03631969 0.03637792 0.03598829 0.03065886 0.03143534 0.02529134 0.03322518 0.02898953 0.02766472 0.04031853 0.03174461 0.03886225 0.02084577 0.02898333 0.03894495 0.03411221 0.03283222 0.02589847 0.02089374 0.03206191 0.02085381 0.02337512 0.03631612 0.02584568 0.03788349 0.02010556 0.03053023 0.02303956 0.02310108 0.02697763 0.02523917 0.02995986 0.01806730 0.02882174 0.03203104 0.02905834 0.03004138 0.02630417 0.02054136 0.01985031 0.02406016 0.03663726 0.03023988 0.02177001 0.02255806 0.01606582 0.02607564 0.02523960 0.02273780 0.02216013 0.03896832 0.02507718 0.02898834 0.03695192 0.03057897 0.02842472 0.01372536 0.01739418 0.02991530 0.02509447 0.03781215 0.01690349 0.02700529 0.03833628 0.03341352 0.02072060 0.04643795 0.03290330 0.03739494 0.02630715 0.03009227 0.02037290 0.03138610 0.02992864 0.03251552 0.02634668 0.03707717 0.02019378 0.03259859 0.04378858 0.03247531 0.02233718 0.02774494 0.02880424 0.02930827 0.03314423 0.01680574 0.02362036 0.02806385 0.03598132 0.03862053 0.02091398 0.02738468 0.02850040 0.03530885 0.03637604 0.04128827 0.02932507 0.03411221 0.03354485 0.02398503 0.02268609 0.03554993 0.04409838 0.03037192 0.05212060 0.03493590 0.02761310 0.01302912 0.02721689 0.02636117 0.02913093 0.02970231 0.04178904 0.01631727 0.03007284 0.05160822 0.03375346 0.03318891 0.02377086 0.04982387 0.05192309 0.03949950 0.04730197 0.06980813 0.03280495 0.03173261 0.04044615 0.02048129 0.02590556 0.02330722 0.02607773 0.03043312 
0.03072297 0.05488531 0.03063286 0.04523211 0.03031397 0.00000000 0.02721916 0.06045745 0.04132666 0.03129586 0.03439632 0.04008766 0.04929933 0.03159615 0.02966542 0.03325337 0.01929923 0.02747485 0.02099634 0.02983029 0.03150475 0.05662459 0.06056828 0.03151634 0.05007220 0.03376773 0.05866369 0.03372795 0.02294730 0.02999174 0.02507485 0.04618798 0.02640382 0.03611860 0.04657263 0.01961885 0.02529109 0.02126119 0.03823021 0.02671257 0.03762025 0.05495745 0.03524099 0.03812280 0.02478507 0.02863911 0.02022471 0.03074161 0.01261560 0.03753881 0.01874438 0.02908988 0.03107541 0.02780906 0.03773607 0.01902559 0.03787338 0.01698815 0.02717041 0.02309740 0.03470419 0.03118922 0.03322902 0.01926199 0.02771218 0.04810314 0.02864805 0.02878237 0.03774901 0.02800101 0.02693064 0.03161776 0.01602561 0.02595106 0.03645439 0.02233565 0.03219845 0.01371550 0.01983131 0.03631755 0.03668634 0.01955008 0.01757759 0.02592424 0.05126423 0.01594559 0.03451287 0.05069223 0.01872871 0.01655711 0.03701002 0.01926282 0.02037356 0.02185760 0.01898905 0.03161684 0.02844966 0.03136964 0.04189449 0.03118922 0.01160012 0.01947729 0.03658115 0.02661591 0.03852221 0.04837712 0.04560694 0.02293733 0.02272066 0.01273220 0.03307519 0.03881382 0.05782372 0.01329257 0.01860707 0.02649713 0.03546804 0.02397861 0.01714883 0.03217972 0.03133801 0.00639603 0.01326504 0.03223350 0.02016070 0.02103758 0.02277607 0.05000651 0.03136749 0.04121665 0.02251100 0.03263725 0.02364881 0.05375014 0.03019005 0.03348436 0.03251267 0.02894480 0.02446770 0.04035244 0.02575098 0.03207093 0.01453253 0.02720278 0.02909947 0.03109706 0.01965111 0.04952387 0.02729533 0.02898129 0.03577293 0.03796678 0.03612324 0.01407297 0.02547713 0.04989224 0.03143153 0.02194870 0.03066352 0.01900465 0.04055474 0.05336524 0.04514483 0.03200501 0.03540840 0.02570885 0.03915300 0.02565757 0.03645041 0.01745191 0.03836531 0.02660065 0.02196162 0.04019216 0.03240481 0.02437335 0.03355792 0.03441756 0.02611162 0.02646728 0.03921011 0.03096539 0.03118922 0.04666490 0.04971020 0.04237501 0.03417339 0.05146720 0.03464208 0.04363839 0.05037866 0.02944311 0.02815195 0.01720407 0.01547135 0.02105292 0.01337286 0.02717558 0.05357494 0.04701158 0.05434633 0.03331009 0.01689275 0.03112288 0.04526124 0.03082630 0.03697382 0.02858039 0.03497938 0.03205386 0.04951710 0.04757119 0.02752556 0.04747924 0.03873663 0.02623233 0.03380457 
0.03228010 0.02395137 0.03838868 0.02996815 0.03394063 0.02721916 0.00000000 0.03370048 0.06470256 0.05035538 0.05101468 0.03116985 0.04458336 0.05680730 0.02169033 0.02638517 0.04547348 0.03846133 0.04156601 0.03037515 0.01929853 0.01770680 0.01698369 0.02574483 0.01908458 0.03061139 0.01985437 0.02394292 0.06731999 0.02811999 0.03031606 0.04458334 0.02077485 0.02798836 0.02409114 0.02306913 0.02062390 0.03493045 0.02544795 0.04079398 0.04520088 0.01550705 0.02893946 0.02152978 0.04810300 0.03905817 0.02917819 0.02747097 0.05783262 0.03917194 0.03145798 0.02686929 0.03676601 0.02741828 0.03652993 0.02405128 0.02291219 0.03955927 0.04222034 0.02741888 0.04117628 0.02732827 0.02729519 0.03899721 0.03843048 0.02921305 0.02653081 0.03053076 0.02532492 0.03777718 0.03403509 0.03901843 0.03197699 0.03175571 0.04144163 0.03943100 0.03335285 0.03250920 0.04052219 0.02850369 0.04288299 0.03628901 0.03691108 0.04747018 0.02850332 0.04482702 0.05389097 0.03414192 0.03595209 0.03948359 0.02463223 0.04120778 0.04642776 0.02765647 0.03881835 0.04597800 0.03118902 0.03214754 0.01713454 0.02732827 0.03067909 0.02485475 0.01551207 0.01636152 0.02170703 0.02667995 0.03075578 0.03649674 0.02872720 0.05212358 0.02528894 0.02861738 0.03457113 0.02865216 0.02498486 0.03691791 0.01545150 0.02510776 0.03107963 0.02157939 0.03036758 0.02809128 0.04112290 0.02891387 0.03037024 0.03314887 0.02668836 0.02203834 0.03283359 0.03343266 0.03341037 0.02094851 0.03867370 0.03241603 0.06373689 0.02142955 0.03899709 0.02490317 0.03088066 0.02965483 0.02624951 0.02487982 0.03726968 0.03847375 0.03057048 0.02248767 0.04077350 0.02904126 0.03076970 0.03500865 0.02168065 0.02267137 0.02355982 0.04013576 0.02718085 0.03810589 0.02624554 0.03642200 0.02877525 0.03100865 0.01812531 0.01755372 0.02761460 0.03081941 0.02126340 0.02433944 0.03276475 0.03635920 0.03068424 0.01950764 0.03063615 0.03541420 0.03455663 0.01439193 0.03603692 0.02349765 0.02434010 0.02299268 0.01928112 0.03413483 0.04574738 0.02755370 0.02732827 0.01970313 0.03889938 0.03403148 0.03946452 0.02750574 0.03630774 0.01957793 0.02335149 0.03767023 0.03166325 0.03545687 0.02889838 0.03969897 0.03439661 0.02389451 0.03259154 0.02526656 0.02538018 0.04943485 0.03632479 0.03807604 0.03208764 0.02054044 0.01924466 0.01758290 0.04379227 0.01958185 0.01833522 0.01806310 0.02649717 0.02548885 0.01950993 0.02432065 0.02966962 
0.02942674 0.04370775 0.04380797 0.03454318 0.04341122 0.06045745 0.03370048 0.00000000 0.04860114 0.05145372 0.04311193 0.02953764 0.04379511 0.02960160 0.05183915 0.03179587 0.03483315 0.03775146 0.05224577 0.02428699 0.03341665 0.10637561 0.08039034 0.02576247 0.04494021 0.05029297 0.08175370 0.05598261 0.02484551 0.06067171 0.04365883 0.04119065 0.01863819 0.02482564 0.03172780 0.01876016 0.05116834 0.01913277 0.03253538 0.01735595 0.03147092 0.03485302 0.03358062 0.03032965 0.01974610 0.02387633 0.02921620 0.03532992 0.00796388 0.03239588 0.01421102 0.04878049 0.03880192 0.02416765 0.04466751 0.03277378 0.04434168 0.02584753 0.01408012 0.02374311 0.03974559 0.03350917 0.02318237 0.02004696 0.02148360 0.03205504 0.01699258 0.01937388 0.02621864 0.02331726 0.01252752 0.02497913 0.01783868 0.02395633 0.00546043 0.01021517 0.04177597 0.02201429 0.02530553 0.04788348 0.03846304 0.01737043 0.00645696 0.01864311 0.03544926 0.01181692 0.01761144 0.03566090 0.00928337 0.01764144 0.03597724 0.01721361 0.01606399 0.01562005 0.02402383 0.05980495 0.02029346 0.03360631 0.01964526 0.03350917 0.02879604 0.02559371 0.03954283 0.04166464 0.02903583 0.03080723 0.02590917 0.01305016 0.01733529 0.01245792 0.03850938 0.04428868 0.02466420 0.02316662 0.03165309 0.01703899 0.03159691 0.01025736 0.01344196 0.01955636 0.02814560 0.01251463 0.03367572 0.03422847 0.02302997 0.03066855 0.03738385 0.03109497 0.02277261 0.03173850 0.01745518 0.02619995 0.01145085 0.04115643 0.02468123 0.06073386 0.02165582 0.02661447 0.02542009 0.03773484 0.02055486 0.04256458 0.02963512 0.01076501 0.03197349 0.00468923 0.00943894 0.02283643 0.01937048 0.02844359 0.05258120 0.02577875 0.03311158 0.01881135 0.03442816 0.05287536 0.02140034 0.03174377 0.02401541 0.01331178 0.06425305 0.03945634 0.03650040 0.02358576 0.01970383 0.02327956 0.04268224 0.02536154 0.03058509 0.02496193 0.03339690 0.03722245 0.00895104 0.02873703 0.02008214 0.02494625 0.01789953 0.02910107 0.03202422 0.01761316 0.07102394 0.02001670 0.03350917 0.07226774 0.03702017 0.04923036 0.01725038 0.04533682 0.04626474 0.07054227 0.07009816 0.03492151 0.02888917 0.01625493 0.03071781 0.00835060 0.02322618 0.02465323 0.07726587 0.03148491 0.04823070 0.03002614 0.01169785 0.02125189 0.04935483 0.04760593 0.04257575 0.04005607 0.04099747 0.04565627 0.05982902 0.03911078 0.02560311 0.03498457 0.03032389 0.03595295 0.03534922 
0.03297903 0.03537784 0.04523840 0.03557424 0.04284717 0.04132666 0.06470256 0.04860114 0.00000000 0.05497548 0.07512456 0.04406838 0.04970217 0.06737585 0.02424749 0.02300742 0.02886315 0.03994432 0.02731703 0.02803373 0.02992819 0.03553729 0.02530853 0.03175596 0.02928291 0.04036018 0.02719850 0.02809356 0.03940510 0.04379357 0.01998061 0.04780155 0.04388575 0.03168038 0.02652470 0.03927748 0.02231281 0.03138423 0.04300927 0.03241284 0.04108263 0.02064660 0.02554081 0.02299101 0.04466146 0.02943663 0.02527754 0.02337115 0.03572260 0.03495626 0.02290782 0.02886932 0.03276228 0.02507963 0.03402167 0.04665728 0.02157274 0.03260452 0.02418371 0.03107290 0.03165200 0.05051394 0.03095978 0.04524520 0.05418314 0.03441451 0.02535582 0.02377580 0.02751418 0.04742587 0.02226738 0.02645560 0.02651492 0.02889331 0.02143484 0.02130861 0.02853650 0.02993361 0.02567579 0.02228767 0.03539290 0.04346290 0.02972443 0.02811079 0.02220717 0.02503629 0.03988428 0.02819926 0.03615458 0.03851937 0.02848255 0.03275432 0.02374168 0.03582493 0.02618282 0.03509267 0.02921810 0.03528802 0.02707967 0.05051394 0.03205253 0.02173161 0.03034713 0.03127775 0.03453723 0.03692079 0.03635904 0.04018154 0.02645898 0.04542492 0.03067464 0.03051861 0.03011498 0.02631460 0.03374409 0.01859877 0.01978309 0.02722760 0.03288616 0.02503962 0.02647101 0.02504390 0.03872025 0.02822022 0.02419178 0.04181175 0.02712980 0.02732985 0.02297926 0.02721659 0.02352477 0.01899056 0.02915478 0.03375707 0.02864249 0.02402502 0.02332246 0.04933967 0.03359777 0.02743448 0.02527982 0.03322656 0.02382632 0.03447749 0.03363719 0.02218450 0.03676181 0.03289789 0.02822555 0.03262282 0.02777327 0.02819930 0.02578016 0.03281656 0.02891736 0.02425896 0.02184518 0.03741340 0.02327285 0.03675098 0.02097290 0.02045603 0.04833103 0.02621121 0.03340523 0.03454151 0.03064632 0.02437778 0.02958749 0.04000472 0.02577872 0.03573039 0.03072923 0.02598399 0.02692815 0.02082491 0.03040772 0.03568442 0.02658371 0.03009674 0.02737362 0.02615180 0.05051394 0.02682833 0.02245689 0.02660731 0.03542322 0.02942114 0.02358836 0.02681992 0.02693456 0.03867282 0.02510231 0.02737146 0.02174087 0.02412260 0.02631267 0.04433354 0.03019383 0.03442623 0.01717596 0.03187527 0.02698246 0.03128374 0.04070460 0.02154618 0.01867463 0.01887633 0.03772205 0.03063623 0.01963124 0.01749136 0.03150206 0.03173210 0.02354931 0.02886281 0.03089680 
0.03042021 0.02635281 0.03275017 0.04316741 0.04315404 0.03129586 0.05035538 0.05145372 0.05497548 0.00000000 0.05193104 0.03061056 0.04918479 0.03726617 0.05919206 0.02808471 0.03361537 0.04399484 0.07515706 0.02182612 0.01968209 0.02614868 0.03854988 0.03195034 0.02497550 0.04251311 0.03351088 0.01991092 0.03764433 0.09343935 0.07367226 0.07407580 0.02241289 0.03074651 0.02160385 0.03328579 0.03096273 0.02619064 0.03870442 0.07745506 0.05016584 0.06142853 0.04108467 0.02201120 0.04444410 0.03294794 0.03700232 0.08891047 0.03227265 0.03096819 0.03885246 0.02916859 0.03991946 0.02300883 0.03372411 0.02883787 0.03783472 0.03335047 0.03773653 0.02975497 0.04860175 0.02759154 0.02893812 0.01675557 0.04269550 0.04060778 0.03134272 0.02922114 0.02406288 0.04266733 0.02562385 0.03213453 0.02404649 0.01808605 0.03603284 0.03877828 0.03534002 0.03483397 0.02656790 0.04339331 0.02406756 0.02253920 0.03736873 0.03252940 0.01991415 0.02578837 0.02737563 0.03027619 0.02729331 0.03546423 0.05112351 0.03258114 0.02324738 0.03624989 0.01540796 0.05632342 0.03631037 0.03293261 0.01419788 0.02759154 0.01837841 0.01845480 0.03544722 0.03625812 0.03157068 0.01685223 0.03039457 0.03009672 0.02604573 0.02086620 0.01927835 0.01624877 0.04507509 0.01567575 0.02258443 0.03385336 0.03313221 0.02874869 0.03448826 0.04416914 0.00873368 0.02581173 0.02532550 0.02445110 0.00857203 0.03691169 0.03641153 0.02381786 0.02788639 0.04778688 0.04205990 0.02560291 0.03842486 0.03426668 0.02553033 0.04003275 0.02630135 0.02530001 0.02284122 0.02115855 0.01762373 0.00664730 0.02363330 0.04394505 0.01808847 0.02621281 0.03359450 0.01635151 0.02020239 0.02458276 0.02586132 0.03284053 0.02840306 0.02453454 0.03726498 0.01097074 0.01758795 0.03612483 0.03423931 0.02312686 0.06809541 0.00575210 0.02103855 0.02637563 0.01209074 0.02087754 0.02763968 0.04033783 0.01068772 0.02115656 0.02167522 0.02134795 0.03542646 0.03069527 0.02564629 0.03625555 0.01602979 0.03627817 0.01364105 0.01760880 0.04310892 0.02237236 0.02759154 0.04195124 0.01892493 0.03587562 0.02294660 0.04633350 0.03262246 0.03558933 0.04133823 0.02056385 0.01937201 0.02908539 0.01789491 0.02867412 0.02288308 0.02136547 0.03774560 0.04651613 0.03680179 0.01419510 0.03352901 0.03329067 0.03143665 0.03508532 0.00958880 0.02213761 0.03540189 0.02314944 0.01979131 0.02183969 0.02061207 0.02896853 0.02749155 0.02582406 0.02984727 
0.03174749 0.03219573 0.03499905 0.02556537 0.04715373 0.03439632 0.05101468 0.04311193 0.07512456 0.05193104 0.00000000 0.04917481 0.06143440 0.05802394 0.02413043 0.02073828 0.02645143 0.04271938 0.02045740 0.03442324 0.03440496 0.03184516 0.02049368 0.03282922 0.03462448 0.03004217 0.02466847 0.03233560 0.04551984 0.03490237 0.03187838 0.05438138 0.03560873 0.02744649 0.02250735 0.03180084 0.03437289 0.03768942 0.04127155 0.03183803 0.03802529 0.02291145 0.01914531 0.02632995 0.04338416 0.02357490 0.02046445 0.03396056 0.02751994 0.02714468 0.03365960 0.02614881 0.02863022 0.03002151 0.03325471 0.04287089 0.02582633 0.03427398 0.02998157 0.02675695 0.03346423 0.04531659 0.02662645 0.03838717 0.05503821 0.04091942 0.03272222 0.04518382 0.03027389 0.04338360 0.02892481 0.02912608 0.02438469 0.02790495 0.04028800 0.02392643 0.02511080 0.03526504 0.02067989 0.02414160 0.02821611 0.03985526 0.03360097 0.04326090 0.02284072 0.03907643 0.02877321 0.02560136 0.03133481 0.03052871 0.02387411 0.03754739 0.03222054 0.04531173 0.03159309 0.02427592 0.03381300 0.03234091 0.02822470 0.04531659 0.02564272 0.01893188 0.02466729 0.02282409 0.02559968 0.02555328 0.02551097 0.03604775 0.03393632 0.03643731 0.03868276 0.03314116 0.03115500 0.02327159 0.02993973 0.03068188 0.02821306 0.02541021 0.03896044 0.03270167 0.02495097 0.03114004 0.03236190 0.04167220 0.03076773 0.04662176 0.04329886 0.02726357 0.02791049 0.02482258 0.03927284 0.02312271 0.03416903 0.02665376 0.03785741 0.02489489 0.02370254 0.04337196 0.02641707 0.02711378 0.02420062 0.02823552 0.02558558 0.03415082 0.03676220 0.02289918 0.03288063 0.03032927 0.03623652 0.02657921 0.02907530 0.02161170 0.02561412 0.03700671 0.02914911 0.02737567 0.01749064 0.04677706 0.02516952 0.02945474 0.01910801 0.02120548 0.03645537 0.03360651 0.02870979 0.02479271 0.02115076 0.02101179 0.03554929 0.05255335 0.01733825 0.03035447 0.02373977 0.02414912 0.04347427 0.03744228 0.03148689 0.03431431 0.04041826 0.02677119 0.04151574 0.04346871 0.04531659 0.01681536 0.02526455 0.02460987 0.02914354 0.02967829 0.02774415 0.02053760 0.03340185 0.03624134 0.02288911 0.02707030 0.02776602 0.02573384 0.03122016 0.03783029 0.02228098 0.03906857 0.02506243 0.02121023 0.02977157 0.03787381 0.03721641 0.01890231 0.01483143 0.01281664 0.03398038 0.03329092 0.01756044 0.01300647 0.02846879 0.02346038 0.02214594 0.02207275 0.02872028 
0.03017765 0.03092555 0.04057471 0.04559612 0.03657087 0.04008766 0.03116985 0.02953764 0.04406838 0.03061056 0.04917481 0.00000000 0.04253313 0.05231495 0.03128101 0.05519639 0.03326650 0.03280645 0.02060672 0.03968647 0.04032823 0.03073996 0.03612908 0.02855056 0.03663368 0.03300726 0.03864349 0.02685963 0.02203204 0.02030931 0.01969260 0.03737848 0.03734627 0.02795087 0.02492866 0.03622544 0.04559415 0.01968519 0.03860799 0.07118962 0.03052585 0.09224490 0.04278897 0.05793097 0.02496878 0.02462198 0.03507044 0.08258902 0.02756863 0.03127909 0.01503840 0.01450489 0.02788326 0.02344057 0.04782044 0.03698884 0.02945407 0.02420330 0.02109214 0.02932661 0.02786903 0.03448227 0.03530136 0.02041906 0.03506198 0.03873100 0.02100143 0.04883457 0.04469328 0.03519615 0.02464450 0.02005045 0.04428557 0.02028120 0.03385765 0.02468108 0.02894185 0.02927256 0.04107213 0.01366441 0.02801104 0.02191613 0.02422729 0.02344147 0.04290771 0.02730863 0.03031505 0.02627487 0.02072202 0.02115446 0.02224045 0.02318101 0.02474405 0.02399044 0.04251240 0.04095122 0.03701469 0.03011788 0.02691701 0.03448227 0.01418080 0.03632325 0.02095299 0.03707884 0.03016802 0.03013712 0.03449722 0.02046232 0.02712535 0.01825307 0.03142319 0.03342091 0.04249339 0.04262599 0.03773238 0.02649481 0.01991863 0.03343927 0.02336661 0.02106033 0.03653706 0.01276889 0.02331086 0.03381228 0.03890489 0.03283528 0.04057548 0.03863509 0.03946197 0.03889596 0.03243010 0.02618134 0.02396515 0.03120899 0.01645212 0.03602202 0.01392943 0.03527034 0.03199452 0.02912207 0.02914069 0.06063784 0.02584517 0.01975138 0.02179413 0.03275732 0.02102307 0.01938776 0.02694553 0.02155438 0.02561215 0.04641665 0.02489521 0.03273362 0.04277872 0.02987179 0.04221571 0.02564088 0.03012429 0.03041654 0.03652373 0.01612606 0.02965102 0.02800531 0.02149743 0.04309621 0.03091148 0.03820958 0.02719878 0.04005939 0.02404055 0.01603201 0.02948962 0.01955630 0.02320578 0.02478467 0.03664064 0.03749214 0.03922348 0.02349283 0.03346550 0.02457278 0.03448227 0.03750442 0.03418900 0.02379648 0.03655669 0.02883021 0.02985388 0.03405915 0.03341930 0.03697452 0.02100178 0.01800798 0.03527146 0.02170882 0.04472447 0.03891806 0.02780638 0.01946892 0.03161967 0.04248984 0.02606102 0.02536006 0.04640939 0.02588543 0.04366582 0.03141170 0.02041548 0.02555341 0.03229123 0.01696140 0.01992764 0.04237804 0.04103275 0.05730328 0.03101560 
0.03241381 0.04497269 0.03072660 0.03002665 0.03713487 0.04929933 0.04458336 0.04379511 0.04970217 0.04918479 0.06143440 0.04253313 0.00000000 0.05856052 0.01139123 0.03550469 0.03026926 0.01485456 0.02106671 0.02526776 0.05384320 0.03769096 0.04553683 0.01711324 0.02798251 0.03003907 0.01337779 0.03057241 0.04256723 0.03764012 0.03238236 0.06759592 0.03131906 0.03161300 0.02190450 0.02624327 0.01791076 0.03504807 0.04166172 0.04272038 0.05941317 0.04563887 0.02504451 0.02108501 0.02859554 0.01576802 0.03085863 0.03653241 0.02638523 0.04220798 0.03579191 0.02288716 0.03481179 0.02483837 0.02242691 0.03665712 0.03993266 0.02815091 0.02318993 0.02652488 0.02371487 0.03621802 0.03195861 0.02405225 0.04224300 0.02578079 0.02834201 0.05315300 0.04111208 0.02775397 0.03604068 0.02307839 0.01535320 0.03336025 0.02845864 0.02194661 0.02279149 0.03954046 0.03725286 0.01711914 0.03899980 0.01900009 0.02335158 0.03825489 0.02756263 0.03010654 0.03743163 0.01105707 0.02830448 0.02577764 0.03289616 0.02402156 0.03788521 0.03739227 0.02037795 0.02511056 0.03182466 0.02987757 0.01770237 0.03621802 0.02963611 0.03869159 0.02741937 0.03344552 0.04233509 0.04048109 0.04294356 0.02493830 0.02361906 0.01956981 0.04586538 0.02790570 0.01588540 0.03826161 0.01908947 0.01935641 0.04562409 0.02523572 0.03428074 0.02838436 0.04728017 0.02944102 0.02449557 0.02883556 0.03790936 0.03050647 0.02490676 0.03682810 0.02589936 0.06053892 0.02919956 0.03446522 0.03639986 0.04469607 0.05123431 0.02145876 0.01738815 0.03468809 0.03034987 0.01039766 0.02693731 0.02523688 0.01938849 0.01848806 0.05271620 0.01811157 0.02198475 0.02268642 0.02481718 0.02236156 0.03345374 0.03147655 0.01919209 0.02772037 0.04095035 0.02021147 0.01907166 0.03845456 0.01815656 0.02345769 0.03216690 0.03789680 0.04329400 0.02178494 0.03721702 0.02215066 0.02146937 0.02759046 0.03010252 0.02712082 0.03966427 0.02767667 0.02104045 0.02701623 0.02879393 0.02718279 0.04942666 0.04393879 0.06107531 0.01772313 0.04004852 0.03510656 0.03621802 0.03165870 0.01898499 0.04410999 0.05328392 0.03270602 0.03450704 0.02546679 0.03488497 0.02519312 0.03341516 0.01776910 0.02281283 0.01918330 0.02678088 0.04498270 0.02502640 0.05668092 0.03628591 0.03363509 0.02737413 0.03304160 0.02664766 0.02326555 0.04766962 0.01918446 0.02508523 0.05508930 0.03866143 0.02816269 0.02239244 0.03041395 0.02686558 0.02761750 0.03334854 
0.03093055 0.02633127 0.03547354 0.02270925 0.04601803 0.03159615 0.05680730 0.02960160 0.06737585 0.03726617 0.05802394 0.05231495 0.05856052 0.00000000 0.02166219 0.03326318 0.03672500 0.02251937 0.03123789 0.02392372 0.01910917 0.03148620 0.02514260 0.04098014 0.02422172 0.02870041 0.02011152 0.02793881 0.04076500 0.02837160 0.02008997 0.04426725 0.05122140 0.02664811 0.02784532 0.04066210 0.01617629 0.04446156 0.04984241 0.01879288 0.04524835 0.02378539 0.02245797 0.02905755 0.05237499 0.02835254 0.01947256 0.01815967 0.03283388 0.03699675 0.02648151 0.02078582 0.03010749 0.03925566 0.02738335 0.02991106 0.01603390 0.03393653 0.04032473 0.03904579 0.02799106 0.04184119 0.02648343 0.03471013 0.03934752 0.02855046 0.03281726 0.03744085 0.02653471 0.03379065 0.03364801 0.03281772 0.03798580 0.03612096 0.02436468 0.04815737 0.02703985 0.02036161 0.05289199 0.02699784 0.02667451 0.03638158 0.04410491 0.04561255 0.05086895 0.04893589 0.06534737 0.01792985 0.03668046 0.03495513 0.02690866 0.03965576 0.03268477 0.03415746 0.02753827 0.03197822 0.04021615 0.03114187 0.04037984 0.04184119 0.03626688 0.02265396 0.02718450 0.02990518 0.02350919 0.02845887 0.02001179 0.02869564 0.02477529 0.03381029 0.03096154 0.02588880 0.02648132 0.01909243 0.02303155 0.01685126 0.03424991 0.03040462 0.04180183 0.03148744 0.02825094 0.03422989 0.03096999 0.03873359 0.02680801 0.04319836 0.04735911 0.03543386 0.02613755 0.01867509 0.03115963 0.03109022 0.04138033 0.03891676 0.05462479 0.02528088 0.02499072 0.03981240 0.02962610 0.02675838 0.03322139 0.03364976 0.03673201 0.03716664 0.02938182 0.01872014 0.04177966 0.02731097 0.03962481 0.02020641 0.02041942 0.02648939 0.02337060 0.03975994 0.02277089 0.02019927 0.01894226 0.02538945 0.02418954 0.04842718 0.02155299 0.02567629 0.05049724 0.03221511 0.03688989 0.02843857 0.02287586 0.02887559 0.02938007 0.04492743 0.03257535 0.02963455 0.03172234 0.01670291 0.02874992 0.02062769 0.02753483 0.04227654 0.02319922 0.03110192 0.02835138 0.03963258 0.04184119 0.02184342 0.02250641 0.02879165 0.03093414 0.02017665 0.02616332 0.02405382 0.02374484 0.03385349 0.02977432 0.03495962 0.03089191 0.03512052 0.04175989 0.03352652 0.02767290 0.02032398 0.01904854 0.02332836 0.03402636 0.04180780 0.02569875 0.01832561 0.01767355 0.01948851 0.02726957 0.02738847 0.01978409 0.01904275 0.02572040 0.02067800 0.01349692 0.02702302 0.02782844 
0.02993160 0.02040827 0.02716739 0.02596688 0.01958685 0.02966542 0.02169033 0.05183915 0.02424749 0.05919206 0.02413043 0.03128101 0.01139123 0.02166219 0.00000000 0.03717955 0.03074869 0.02616431 0.05350439 0.04694441 0.03514826 0.02612461 0.04697123 0.04660481 0.02993291 0.02569752 0.02859124 0.02166034 0.02423337 0.03310659 0.05274056 0.03462688 0.02141335 0.02608831 0.03175682 0.02460269 0.04578748 0.02637281 0.01769104 0.01808631 0.03727151 0.03882483 0.03104278 0.04590456 0.03293795 0.03048919 0.06015912 0.05161157 0.03098514 0.03136732 0.05003936 0.05441466 0.05455219 0.01495526 0.03902540 0.02571986 0.03675273 0.01861261 0.02732029 0.02594181 0.03725962 0.02453864 0.03357031 0.02671691 0.03300509 0.04086844 0.02973501 0.02758886 0.02653533 0.02345620 0.03198621 0.02424305 0.02795776 0.02858524 0.03255293 0.03014919 0.02410815 0.01204962 0.02646265 0.07665047 0.04822377 0.02902445 0.02870653 0.02370385 0.03396029 0.01945518 0.03279939 0.04265442 0.02867207 0.03313316 0.04368041 0.02449031 0.03285305 0.02243505 0.01955466 0.03334330 0.02223679 0.03031221 0.02896827 0.02453864 0.03184559 0.03165578 0.04079494 0.05323069 0.03416965 0.04361106 0.03476250 0.03437912 0.03703400 0.03616457 0.03297420 0.02274778 0.02444723 0.01254498 0.02483489 0.01732031 0.02735912 0.03300252 0.02647243 0.02373599 0.02285512 0.03320482 0.02961794 0.03102915 0.02900747 0.01523183 0.02370597 0.01980657 0.02003585 0.03812162 0.02920446 0.03624904 0.03577786 0.02742663 0.04267377 0.02461727 0.03788581 0.02863688 0.03555983 0.01516196 0.03702217 0.02852957 0.03691893 0.03023635 0.04110173 0.03125810 0.02749073 0.01383668 0.03236627 0.02181361 0.02859299 0.03484487 0.03343973 0.02921569 0.01170714 0.04424089 0.02019994 0.02567473 0.04717120 0.03265528 0.04461813 0.03092975 0.03560727 0.04918584 0.03702947 0.04031716 0.02387881 0.03051212 0.02482054 0.02105893 0.02058881 0.04069169 0.02600552 0.02441520 0.03490825 0.02077070 0.02388561 0.02468195 0.02920846 0.02668590 0.02735214 0.03349777 0.02453864 0.06356546 0.02531429 0.03398788 0.02453539 0.04689882 0.03714178 0.03802967 0.02986755 0.02326432 0.02243182 0.03234859 0.03355335 0.02863815 0.03928208 0.02792163 0.03799121 0.04898141 0.05594199 0.02708953 0.02623445 0.02067975 0.03102598 0.03061687 0.01894332 0.04603977 0.03404071 0.02846950 0.03591994 0.05638357 0.02635964 0.02935473 0.03304075 0.03527555 0.03072110 
0.03141361 0.03521493 0.03757981 0.02972147 0.01614317 0.03325337 0.02638517 0.03179587 0.02300742 0.02808471 0.02073828 0.05519639 0.03550469 0.03326318 0.03717955 0.00000000 0.04703387 0.04079620 0.03908338 0.03070263 0.02553163 0.03030123 0.02923273 0.04627175 0.03049667 0.02687409 0.02030948 0.02870640 0.02112030 0.03551496 0.01803354 0.02920198 0.02810969 0.03512597 0.03503981 0.03276218 0.03552207 0.02925332 0.03422192 0.02189461 0.03379222 0.03326047 0.04583683 0.06468837 0.02978726 0.04682097 0.05875876 0.02976242 0.02761119 0.02792985 0.02845367 0.03775734 0.03974526 0.04137871 0.02499945 0.03205005 0.02260560 0.02768653 0.03479831 0.03484842 0.02319019 0.03021215 0.02686815 0.03457152 0.01788503 0.01705185 0.02639350 0.02838370 0.03354262 0.04487954 0.03887156 0.02263305 0.04087037 0.03204181 0.02520549 0.02963773 0.04058131 0.03280974 0.02996646 0.03107496 0.03063206 0.01931330 0.02592528 0.02168272 0.04223086 0.02779846 0.03250291 0.04390296 0.02991226 0.02558540 0.03296922 0.02571837 0.02183091 0.02103525 0.02181680 0.02983300 0.03071805 0.02820028 0.01722146 0.03021215 0.02393924 0.02502304 0.02512400 0.03152094 0.01553710 0.03682615 0.04186108 0.02339486 0.03414937 0.04115533 0.02410217 0.04553619 0.03251855 0.04346594 0.01895714 0.02764796 0.04124081 0.05724993 0.01749998 0.01145033 0.03794702 0.03486772 0.03787138 0.02803661 0.03226377 0.04298010 0.02731344 0.02657838 0.02091883 0.02314231 0.02176483 0.03704753 0.02679667 0.03573610 0.01704993 0.02250733 0.04285345 0.02854772 0.03591984 0.03724780 0.03461320 0.01761497 0.02314726 0.01803556 0.04913730 0.02979518 0.02192153 0.01956718 0.02717205 0.02980310 0.05107552 0.02666158 0.04834097 0.03305453 0.04623940 0.03884922 0.05711825 0.02924310 0.02528074 0.03381832 0.02444139 0.03164904 0.03458236 0.03443391 0.03875891 0.05577855 0.02485175 0.04027065 0.03071291 0.02375927 0.02718475 0.02397553 0.02199835 0.02735938 0.03067994 0.03890511 0.02681701 0.04567767 0.04310803 0.02658403 0.02215048 0.02500500 0.03021215 0.03745526 0.02626007 0.02302328 0.03790444 0.01852958 0.03275914 0.03003650 0.01670294 0.03019592 0.01988845 0.04467797 0.03213673 0.03674465 0.03868549 0.03194116 0.00951472 0.03517287 0.02959061 0.04348740 0.02053386 0.02854820 0.02385618 0.03135159 0.06298744 0.03977184 0.03880034 0.04181428 0.04350253 0.03889193 0.03548598 0.04842697 0.03431237 0.04069263 0.02752421 
