0.00000000 0.13531943 0.12736184 0.07624317 0.10481550 0.10212692 0.06662080 0.06003303 0.11328509 0.11734386 0.11118128 0.06305719 0.07019595 0.05684258 0.07880330 0.06091853 0.04136422 0.05287997 0.09920681 0.04660585 0.08635706 0.07798830 0.09355333 0.07487648 0.09629920 0.06649796 0.09617586 0.13783841 0.08800920 0.07688453 0.08250817 0.08060043 0.12575045 0.10318441 0.07635729 0.02689370 0.04259518 0.07434603 0.06411294 0.09075111 0.06690873 0.08745678 0.10619650 0.05481923 0.05894105 0.18250895 0.10235115 0.10797128 0.09147829 0.08815969 0.05108343 0.06908588 0.07277808 0.08314415 0.05798421 0.08888172 0.07595931 0.06225117 0.08329781 0.07552724 0.04804466 0.10330032 0.05264645 0.04844130 0.07336748 0.08157481 0.14103030 0.06586489 0.06131295 0.06635581 0.07338983 0.08300802 0.11268464 0.08426759 0.05540841 0.09013866 0.10827052 0.10539571 0.07552844 0.10525150 0.13676263 0.08866100 0.10380327 0.06893122 0.08095998 0.02240885 0.05114135 0.05658921 0.04786004 0.05004784 0.04032178 0.10908101 0.10463341 0.07642603 0.07560633 0.08124808 0.08680485 0.06875543 0.08625159 0.08719245 0.09333327 0.06505171 0.08283761 0.06881424 0.04917703 0.06928228 0.05091654 0.08138180 0.05420292 0.05636553 0.07351941 0.05808653 0.06711301 0.05369133 0.03230095 0.09005092 0.07182716 0.07921274 0.09319617 0.04194217 0.04010085 0.12591163 0.09334269 0.06138027 0.09188595 0.07635771 0.06767421 0.01753891 0.03670090 0.03200454 0.07605536 0.07041066 0.04946907 0.05028117 0.07279699 0.07716337 0.07989210 0.08417450 0.06727404 0.04990250 0.10675686 0.07578020 0.03561743 0.08068047 0.06315108 0.07024793 0.03838594 0.08184073 0.07707683 0.02497804 0.04485968 0.12863650 0.07059927 0.12126337 0.03107254 0.05719396 0.06860471 0.06429636 0.07183202 0.09468900 0.13234323 0.10406602 0.06465554 0.10590662 0.10834926 0.11936947 0.12629358 0.14127543 0.05032644 0.06762128 0.06684215 0.15475431 0.03145500 0.08096705 0.09875533 0.05935998 0.05856488 0.10957685 0.06656940 0.06121131 0.06805817 0.12383333 0.08490813 0.07568020 0.18534688 0.07521471 0.27681791 0.04175399 0.09061016 0.07195142 0.08455738 0.14150737 0.08371406 0.09141169 0.09176134 0.08425034 0.06833518 0.07944108 0.04547357 0.07592831 0.02960365 0.04372177 0.03336689 0.03016259 0.03971411 0.02839624 0.03441565 0.10394887 0.11679026 
0.13531943 0.00000000 0.16055898 0.07166277 0.12685867 0.06177863 0.04815515 0.07977524 0.05157736 0.07555727 0.09860116 0.03528747 0.08173567 0.07741764 0.07723837 0.08298086 0.10270123 0.07063908 0.04498642 0.06544223 0.05420930 0.09866092 0.07091820 0.06364683 0.07990530 0.07184336 0.07258421 0.06168847 0.35842236 0.06993142 0.28373495 0.08869570 0.05756109 0.09669059 0.05136860 0.06486522 0.05736261 0.14818061 0.09272259 0.05167595 0.07820957 0.07981308 0.08042874 0.05617954 0.06412673 0.07600084 0.08327126 0.08028265 0.05465818 0.06635413 0.07940903 0.11374212 0.05135896 0.06004338 0.06404843 0.09649861 0.09158002 0.08729077 0.07823729 0.07543329 0.08868764 0.05386495 0.08481549 0.11848978 0.06658129 0.06449532 0.04391959 0.04200371 0.09885914 0.08306448 0.07102978 0.05820711 0.03948182 0.07828840 0.08877841 0.09783378 0.11265043 0.06147302 0.25335220 0.13406239 0.10996777 0.08978783 0.06134941 0.05675724 0.10351622 0.05432100 0.02572256 0.09939856 0.06222028 0.05934249 0.09025779 0.04069884 0.04515641 0.05998726 0.08791131 0.03513552 0.06472633 0.11026630 0.05794116 0.05634271 0.10130732 0.09576392 0.04676032 0.06440464 0.09052974 0.07246140 0.03454062 0.06744216 0.05883390 0.08386687 0.05698122 0.07411267 0.06737741 0.04434110 0.05254544 0.06972011 0.06747112 0.03872912 0.14268851 0.06691862 0.04618592 0.12344037 0.03177002 0.07233605 0.06926351 0.07144950 0.08067417 0.06395250 0.06887241 0.05565770 0.03667402 0.04513957 0.07478583 0.05615869 0.06655314 0.04088762 0.09390124 0.04505061 0.03605312 0.07938423 0.11282414 0.07453644 0.04839861 0.06739519 0.04626659 0.07110343 0.04419759 0.09189591 0.06417910 0.09559424 0.05295366 0.08389593 0.05967070 0.12151036 0.08873552 0.12279123 0.08066129 0.08961187 0.05988326 0.12546563 0.04966677 0.08834314 0.11247540 0.06106814 0.10746840 0.05835827 0.10740825 0.06999416 0.06296756 0.07173591 0.07768202 0.07220432 0.04830280 0.05074660 0.10632339 0.06204805 0.09127033 0.03085917 0.10366590 0.06838822 0.05729551 0.06423516 0.04930930 0.06039022 0.05137693 0.05597303 0.08527818 0.08782265 0.09370629 0.09331876 0.12050740 0.07722174 0.08305108 0.16363648 0.06093696 0.08383388 0.10304453 0.09933801 0.06514354 0.06834378 0.09311471 0.10476731 0.08384445 0.08132248 0.07411004 0.07946572 0.09584506 0.08310191 0.07590779 
0.12736184 0.16055898 0.00000000 0.12321561 0.10870316 0.04273333 0.05971660 0.08583851 0.06156888 0.07135401 0.07135562 0.04647525 0.06154948 0.07313034 0.10335792 0.05237233 0.12168877 0.10222155 0.07155233 0.11716174 0.18717587 0.06475047 0.04096750 0.10121144 0.11797567 0.11122749 0.12336423 0.33021538 0.09301248 0.12888636 0.13592314 0.09157456 0.04905908 0.07168320 0.04497710 0.03424928 0.08780226 0.07070454 0.09306545 0.05927727 0.07458273 0.10031259 0.07483794 0.06993104 0.06079979 0.05924374 0.04498934 0.11026800 0.14245270 0.07608212 0.05924839 0.09854506 0.05919198 0.11512715 0.08753688 0.06073808 0.09558035 0.05243314 0.05133644 0.06956913 0.03998806 0.08625920 0.06084586 0.07427934 0.06362190 0.04760448 0.08385099 0.01935994 0.11050791 0.06986488 0.11539937 0.06057343 0.04414590 0.11144293 0.09991269 0.03224827 0.09789011 0.06437835 0.10078458 0.06538003 0.15783013 0.17123215 0.06237158 0.16260927 0.03754085 0.05428625 0.07991325 0.07047048 0.05547581 0.07692896 0.12929588 0.04350579 0.05846867 0.07594273 0.03001883 0.08174986 0.13655471 0.05661519 0.10284487 0.14784767 0.07930863 0.10711319 0.05813126 0.09153662 0.04925628 0.07403599 0.05834137 0.07084884 0.04262649 0.05795108 0.07093958 0.07413010 0.06772447 0.07643525 0.04615981 0.06426627 0.06818272 0.06930388 0.08906903 0.03476529 0.02749058 0.07475587 0.10549418 0.05170781 0.04046875 0.09039621 0.03121149 0.06557092 0.06808816 0.05439924 0.02979539 0.06756487 0.06117145 0.08435236 0.06197299 0.06135163 0.09537638 0.03467594 0.08314747 0.04940106 0.05639029 0.11404186 0.04714776 0.06383266 0.10799981 0.06729865 0.03287890 0.06215397 0.01996792 0.06353900 0.04968393 0.10220379 0.04860877 0.07506789 0.06517531 0.12144866 0.08475039 0.01606492 0.07397083 0.09159733 0.09889213 0.07599427 0.07184696 0.10798170 0.10035338 0.04870425 0.03942522 0.05585677 0.05867622 0.08114837 0.09657494 0.08275634 0.05586413 0.08296327 0.05863247 0.10281642 0.04058895 0.05616440 0.06518289 0.10674801 0.13926792 0.02261423 0.02233744 0.07782857 0.19702563 0.03420288 0.12188136 0.05675611 0.05808355 0.09474096 0.07956310 0.12498631 0.06927566 0.10604489 0.08862604 0.09289805 0.06433153 0.06627835 0.08230281 0.07713411 0.09751870 0.08401128 0.06786324 0.07690509 0.06748485 0.09229291 0.08232969 0.07526745 0.07424982 
0.07624317 0.07166277 0.12321561 0.00000000 0.07560966 0.22203327 0.08652580 0.06668221 0.08881546 0.08321471 0.08714186 0.08250893 0.08603191 0.08988542 0.08711692 0.07079709 0.09559740 0.04451889 0.10550631 0.02477526 0.09064467 0.08748612 0.04940654 0.06131058 0.09763585 0.05837132 0.03586589 0.09501264 0.03581375 0.04711292 0.09435429 0.40059838 0.06914395 0.11705346 0.03307332 0.02437853 0.05446043 0.08233287 0.05757196 0.07396674 0.02896373 0.09186215 0.13883585 0.03032693 0.04886739 0.07890671 0.04807905 0.07523833 0.04614245 0.05153207 0.05219374 0.09959956 0.04183856 0.05686146 0.06863459 0.07859935 0.05643471 0.05387961 0.07253662 0.05019812 0.09671369 0.07525797 0.09385097 0.06990453 0.07537837 0.07515696 0.09433553 0.16716956 0.06256490 0.08017045 0.15267126 0.12938478 0.07373332 0.08324201 0.25269890 0.10129438 0.06807010 0.12148430 0.08662058 0.42485377 0.08033318 0.05244447 0.15496777 0.07510385 0.08277435 0.05905563 0.05849398 0.13869857 0.05416480 0.06495761 0.04218156 0.10250002 0.05699650 0.09531032 0.11762573 0.08806680 0.10636763 0.05773045 0.10116814 0.10867683 0.10841697 0.08057562 0.12707407 0.09971881 0.06155342 0.07624109 0.05213020 0.06971284 0.06518497 0.03855850 0.08300854 0.05539533 0.06774819 0.08079197 0.04336431 0.07847291 0.06567506 0.04305825 0.08798656 0.03390462 0.02301786 0.06056362 0.07011882 0.05971836 0.09183264 0.03666193 0.05483089 0.04274478 0.03844986 0.07280173 0.03970370 0.07187718 0.06978356 0.10007052 0.05252721 0.06816497 0.07584101 0.06704446 0.06006848 0.06153750 0.07688743 0.04779430 0.09347713 0.06136149 0.08067495 0.06601503 0.06029653 0.04416454 0.03267609 0.03539232 0.04904811 0.07696444 0.06545867 0.07476844 0.06716243 0.03399006 0.11273248 0.04853446 0.08732183 0.09073663 0.08042870 0.14169600 0.05306138 0.06378930 0.09359341 0.11638190 0.06392445 0.14743063 0.04600599 0.08438656 0.08366514 0.13773726 0.06369391 0.10703363 0.08641915 0.04892907 0.07277215 0.09739352 0.03386224 0.05710241 0.07161575 0.05519435 0.06533382 0.07587120 0.06919075 0.03917343 0.07154285 0.07822524 0.04395470 0.07362896 0.09089378 0.10290954 0.08604855 0.03868055 0.07728492 0.05684702 0.03419276 0.03705113 0.05591274 0.11665178 0.05312363 0.06419024 0.06855442 0.06499868 0.09126242 0.08468583 0.07797725 0.08017255 0.07865726 
0.10481550 0.12685867 0.10870316 0.07560966 0.00000000 0.09470158 0.11088844 0.07539997 0.07119144 0.10972820 0.09978397 0.06139227 0.05912555 0.18426194 0.08649892 0.08814419 0.10687917 0.09688382 0.06746508 0.06549972 0.06612443 0.06840405 0.06270625 0.08780191 0.02886913 0.10683571 0.08733898 0.08920444 0.06874622 0.10369085 0.08791176 0.12062337 0.10342464 0.04204730 0.06973148 0.06333576 0.07567432 0.04870854 0.05900954 0.12135120 0.11868678 0.17174950 0.08786171 0.07196902 0.08292412 0.08878354 0.09835647 0.03009081 0.12590960 0.06608955 0.04885200 0.07559377 0.07678614 0.08890481 0.05244254 0.17380957 0.06139104 0.07962014 0.05174908 0.09896887 0.07604038 0.05864244 0.09211310 0.04534491 0.12603238 0.08074267 0.09832040 0.08816873 0.08913790 0.10922447 0.06088099 0.07710550 0.14993796 0.10253283 0.07015658 0.11376367 0.17267067 0.05144395 0.00000000 0.06601803 0.07262547 0.06578383 0.08295865 0.09081390 0.07481552 0.08868738 0.05211848 0.03606437 0.07418669 0.07807905 0.06853922 0.10726817 0.09157547 0.06208044 0.06666521 0.04701569 0.08531148 0.07635460 0.07492601 0.08563832 0.13015010 0.07847788 0.06391308 0.05479717 0.02811233 0.07081255 0.08787487 0.07235061 0.06392040 0.04629969 0.07301286 0.08057556 0.07410870 0.02724649 0.05637020 0.11421199 0.07357969 0.05280886 0.13310172 0.06396966 0.04745605 0.09740146 0.03309260 0.06828713 0.13837510 0.08749375 0.05666607 0.05884412 0.06561673 0.03589351 0.06314751 0.05088906 0.06848687 0.02319156 0.05332619 0.05916132 0.06620948 0.04495604 0.06842120 0.08111803 0.08481254 0.07756062 0.06160727 0.07524553 0.08957277 0.07295966 0.08169211 0.04076043 0.03882923 0.05625965 0.06449113 0.05690766 0.10782842 0.12304055 0.07649029 0.07221076 0.07777853 0.05262109 0.06283240 0.12847583 0.05287551 0.08191073 0.05326819 0.04809518 0.04360206 0.06043431 0.11237300 0.08606675 0.04794292 0.05163351 0.05110752 0.08939034 0.07459204 0.06674641 0.07171990 0.06518182 0.09996631 0.07544345 0.08378583 0.09937956 0.04211414 0.05035431 0.06920254 0.03462790 0.14620035 0.05853248 0.08206853 0.06211495 0.09147369 0.05991625 0.11479128 0.08801662 0.09093388 0.09151266 0.11255811 0.07446356 0.06843747 0.07768278 0.07694279 0.08268826 0.08656085 0.07127475 0.09014342 0.08001479 0.10333109 0.07978088 0.08114702 0.08063035 0.08155649 
0.10212692 0.06177863 0.04273333 0.22203327 0.09470158 0.00000000 0.08909213 0.11100679 0.09628425 0.08722878 0.09457096 0.06675420 0.05702903 0.10728458 0.11901522 0.07797782 0.06950193 0.08698749 0.10737778 0.07626155 0.05920856 0.04105767 0.05936932 0.03342582 0.08691790 0.06611526 0.12267715 0.03384105 0.03587225 0.05051174 0.07793862 0.11255117 0.05693312 0.14475835 0.10080050 0.09518415 0.08333687 0.09973547 0.08830373 0.12882182 0.03622901 0.12549900 0.11223667 0.06987108 0.05894336 0.09768363 0.07910820 0.07993833 0.07903988 0.06916943 0.06518626 0.06958445 0.05841492 0.08326596 0.07974939 0.18652866 0.08549939 0.09978427 0.10981636 0.04379479 0.04422022 0.12448043 0.03746929 0.10862094 0.05882194 0.04566046 0.12290436 0.16353748 0.03851939 0.04466982 0.21958754 0.16814825 0.09178182 0.05895725 0.17066513 0.08233172 0.08897013 0.07712606 0.05275117 0.13540104 0.04020548 0.10063559 0.20736984 0.02202810 0.11811388 0.11594698 0.06095815 0.13645812 0.10481440 0.08895392 0.07076661 0.06802793 0.04945936 0.04378024 0.06892489 0.09525316 0.07494609 0.07397018 0.06837980 0.13881151 0.08907776 0.08749334 0.05114516 0.12721840 0.02561795 0.06686964 0.05771499 0.06188657 0.05744001 0.05799307 0.07313718 0.06301614 0.07416319 0.10757494 0.05586668 0.07695074 0.06474557 0.09163038 0.06668700 0.05009318 0.09395188 0.07433635 0.06937488 0.05304527 0.09271107 0.04501757 0.09225358 0.07227567 0.04797317 0.08875431 0.07424089 0.04990867 0.07236089 0.06856683 0.04140128 0.06880399 0.05536663 0.04606240 0.09524001 0.05565339 0.06566847 0.10162029 0.06890842 0.06781677 0.05432887 0.06851369 0.05585221 0.02359670 0.04932637 0.05068126 0.07940603 0.05864257 0.07358574 0.07651486 0.06557861 0.06117105 0.04577287 0.06395618 0.07867181 0.11185232 0.08269588 0.14204318 0.03692775 0.07873413 0.06259655 0.06263445 0.07238796 0.10944540 0.04608874 0.08166035 0.08937328 0.06203325 0.08282521 0.08636169 0.10366713 0.06711309 0.07246878 0.05615417 0.03331296 0.05520615 0.05380277 0.03750490 0.08239671 0.05685899 0.08703897 0.08996303 0.13635897 0.10834982 0.07924644 0.04114758 0.09819722 0.06124115 0.10432983 0.07794621 0.09225244 0.09035685 0.05055041 0.04626122 0.07153545 0.07027417 0.04387073 0.04402593 0.05588695 0.04415197 0.04677331 0.04655379 0.04280960 0.07622648 0.07124350 
0.06662080 0.04815515 0.05971660 0.08652580 0.11088844 0.08909213 0.00000000 0.08531992 0.10488174 0.09936905 0.08218812 0.09407449 0.09201264 0.20183040 0.08642133 0.07117984 0.06449790 0.06560456 0.08270222 0.04192731 0.05125581 0.08750229 0.05895426 0.10823435 0.08322806 0.08114336 0.04866160 0.12209033 0.04860953 0.13246957 0.07243054 0.04103857 0.14265401 0.05511936 0.22688644 0.10088151 0.08013190 0.07534651 0.11244948 0.12224110 0.13701099 0.33415160 0.07042665 0.05874884 0.10229716 0.09899865 0.07451075 0.04685390 0.05500758 0.13358649 0.09711218 0.08784602 0.15325852 0.05274460 0.07017284 0.08540011 0.05512476 0.11902936 0.09964311 0.06040083 0.08511650 0.04214754 0.05255431 0.09087814 0.02309492 0.07000437 0.04825329 0.09973196 0.06079966 0.04032069 0.15859200 0.07306607 0.06085616 0.02440236 0.05446272 0.07695489 0.05040333 0.03441260 0.08557031 0.03935028 0.05253746 0.05118529 0.02603117 0.09012665 0.05936379 0.10601409 0.06940621 0.14215800 0.07820792 0.07263769 0.08958016 0.05211849 0.13437533 0.07396305 0.06256456 0.08688775 0.08541518 0.12827853 0.09579003 0.06149243 0.05936348 0.04831767 0.11794490 0.04683737 0.03419387 0.08302223 0.06177242 0.07535471 0.06247076 0.07169446 0.05595166 0.10141324 0.07956875 0.07499360 0.07544219 0.06310705 0.08489619 0.09856979 0.07427200 0.09069813 0.12396160 0.07074732 0.05639275 0.11488066 0.07045051 0.04878336 0.08999663 0.09001593 0.07626697 0.05872377 0.05679668 0.10882492 0.07960736 0.04816580 0.09116650 0.09888393 0.11238147 0.06197657 0.08191303 0.07043962 0.04003052 0.07897621 0.06902109 0.08302048 0.08515016 0.07988972 0.08405937 0.09185478 0.07588277 0.08022607 0.07661841 0.07457902 0.06360396 0.09713161 0.03811722 0.05252339 0.06083349 0.04272612 0.05741466 0.09408986 0.03666437 0.10297458 0.07093407 0.05280765 0.06438657 0.05487270 0.08242634 0.07327907 0.09423356 0.07095311 0.08610070 0.06723060 0.09899890 0.10700836 0.06866085 0.08803668 0.13500065 0.03351838 0.03376759 0.04978724 0.04824276 0.06403777 0.07665779 0.08533928 0.05281348 0.06203979 0.06155023 0.06056209 0.05017095 0.02773926 0.10556326 0.09253110 0.07330890 0.05337945 0.06786873 0.05339508 0.05979187 0.06709986 0.08144056 0.06616505 0.07460824 0.07796210 0.07199235 0.07042250 0.07820676 0.07244526 0.05962641 0.07017732 0.07140552 
0.06003303 0.07977524 0.08583851 0.06668221 0.07539997 0.11100679 0.08531992 0.00000000 0.13967560 0.12802066 0.16905524 0.09768027 0.10991336 0.08629417 0.10803984 0.08864389 0.08536450 0.08134767 0.11727002 0.07600936 0.06596508 0.10839248 0.07761336 0.06160561 0.03104647 0.04800185 0.06424892 0.06986014 0.04133825 0.05545498 0.11719442 0.05825846 0.06763454 0.06188443 0.12013939 0.11954805 0.09908966 0.09444158 0.10737803 0.13919145 0.06502645 0.05399176 0.07257545 0.06287191 0.07092545 0.05817355 0.03685316 0.08144735 0.08236484 0.10485836 0.06630421 0.05614902 0.05372861 0.05673028 0.09241255 0.04561280 0.10767722 0.10747698 0.11006719 0.06812272 0.09310914 0.08223060 0.05852765 0.08296812 0.04902865 0.05057085 0.09563570 0.09117263 0.06369996 0.04509446 0.08405462 0.04888383 0.04145149 0.05222224 0.07789628 0.06706541 0.07103586 0.06529340 0.04845349 0.08730452 0.04057915 0.08483677 0.05385946 0.08003727 0.08478439 0.10062895 0.16187241 0.10017102 0.12802514 0.11784840 0.07081744 0.06061071 0.08710870 0.06891128 0.04867899 0.07443711 0.08785893 0.06856472 0.07050110 0.07868798 0.04426707 0.08739220 0.07293264 0.07480827 0.05613676 0.08214059 0.11194326 0.07289175 0.09528949 0.09023347 0.10341909 0.06316755 0.08301583 0.08198877 0.10130277 0.07880190 0.07599809 0.06951335 0.06540545 0.06436913 0.08810636 0.05616804 0.09874986 0.07736551 0.04674552 0.05888979 0.08199196 0.08074520 0.08565915 0.07502224 0.09070642 0.07625784 0.11581636 0.08560231 0.06927517 0.11719195 0.07317304 0.08075929 0.10576787 0.09169953 0.10957047 0.09024338 0.06385874 0.07851073 0.07666555 0.07992752 0.08152953 0.06294388 0.10994147 0.08665589 0.10850252 0.05791839 0.05332160 0.10154442 0.10228591 0.07425494 0.08336293 0.04655976 0.05877159 0.12207129 0.05216526 0.09430676 0.08970519 0.08098897 0.12507661 0.06288133 0.06732039 0.09458052 0.11263534 0.07523442 0.06819521 0.06516839 0.13226828 0.09908985 0.08667278 0.07298594 0.08109572 0.08647517 0.06258555 0.09755111 0.06393126 0.07595950 0.08876791 0.07108684 0.09065159 0.05156166 0.05759758 0.05693134 0.05108919 0.04639120 0.08160866 0.03052252 0.08004644 0.06274961 0.05002936 0.02883968 0.03424306 0.02969358 0.03919861 0.04703228 0.05336053 0.05003386 0.05782116 0.05332218 0.05638150 0.05348484 0.05496690 0.07794155 0.07920109 
0.11328509 0.05157736 0.06156888 0.08881546 0.07119144 0.09628425 0.10488174 0.13967560 0.00000000 0.15030239 0.17303940 0.14763955 0.15044659 0.03807302 0.08349120 0.10422999 0.04263560 0.08977887 0.10886117 0.06524997 0.07892383 0.08700595 0.05449668 0.05546118 0.05708757 0.02782869 0.07256050 0.09216930 0.06191495 0.05846644 0.05958137 0.05010016 0.08885425 0.04351521 0.04477223 0.08567592 0.06724194 0.05142323 0.15298102 0.10351008 0.04634646 0.13579438 0.10647579 0.02377350 0.05969500 0.08678435 0.06441400 0.06867382 0.07698386 0.07425321 0.07544997 0.04673357 0.10234632 0.06806422 0.12493308 0.09464281 0.05389794 0.06126410 0.09139686 0.05358890 0.06425431 0.07759833 0.07556879 0.03735516 0.04575716 0.05475480 0.07002167 0.06745984 0.09716113 0.07580997 0.07073815 0.09239654 0.02400608 0.03457175 0.04300105 0.04549585 0.04608728 0.12858561 0.07840592 0.05435256 0.09267655 0.05803681 0.04849733 0.06058848 0.05986283 0.07369234 0.15355022 0.04455424 0.05423407 0.07656213 0.09556432 0.07917569 0.07426403 0.05030190 0.06285936 0.08730323 0.10333063 0.06707584 0.08665424 0.05933963 0.08936156 0.08683330 0.13502591 0.08055293 0.03430303 0.07146928 0.05682504 0.06747827 0.11114601 0.06514661 0.10315286 0.05761122 0.08155501 0.06015252 0.06624692 0.10961403 0.07105628 0.08688551 0.15209174 0.07497863 0.08966399 0.09531951 0.10397660 0.05646788 0.10498425 0.05650082 0.09202986 0.04728131 0.04652589 0.02761359 0.06851337 0.11608903 0.06997299 0.05901574 0.08347809 0.10249446 0.05648188 0.06309178 0.06061777 0.09307827 0.09047858 0.08133559 0.08387271 0.06429969 0.08918929 0.07662938 0.04878493 0.07143210 0.05225864 0.06715804 0.06639081 0.08195924 0.06258850 0.14861940 0.07191445 0.09732308 0.10187525 0.07204505 0.12409073 0.11275467 0.08772708 0.07929905 0.06202889 0.07388320 0.11491976 0.10125839 0.05356961 0.10444041 0.11906801 0.15008311 0.04503040 0.06281618 0.06258067 0.08486227 0.08642297 0.09116786 0.09229158 0.09588435 0.07531162 0.05280916 0.07265028 0.08401445 0.08170394 0.07683134 0.08466156 0.06127484 0.08209159 0.04353611 0.06003618 0.08432029 0.06640961 0.10033890 0.09754815 0.07712851 0.11909546 0.05873294 0.07340590 0.06237632 0.09071503 0.08160269 0.05101767 0.07108902 0.06383319 0.05914871 0.05914338 0.06083093 0.05449934 0.08658480 0.09205086 
0.11734386 0.07555727 0.07135401 0.08321471 0.10972820 0.08722878 0.09936905 0.12802066 0.15030239 0.00000000 0.15939079 0.15382202 0.13868578 0.07046168 0.08785946 0.08099383 0.07240703 0.08032378 0.06577791 0.06578742 0.09818269 0.05232463 0.06318469 0.02683159 0.07365939 0.03814806 0.06146674 0.08925286 0.04937284 0.11614903 0.08741180 0.06243186 0.05338060 0.09499715 0.11426779 0.08536137 0.05538473 0.09293120 0.10898496 0.13783988 0.10798398 0.10232230 0.06742286 0.04289676 0.23394322 0.08491946 0.10852573 0.07407792 0.08318461 0.08759099 0.06230899 0.10658244 0.05605508 0.05947224 0.06785483 0.08144613 0.06761671 0.09447946 0.08746857 0.07719349 0.02013174 0.07899937 0.11341380 0.06469981 0.09005913 0.09905162 0.08151406 0.05453783 0.05148663 0.07543303 0.08758763 0.06442189 0.05310954 0.05900856 0.06893799 0.05407944 0.07076051 0.10393450 0.04927302 0.03981179 0.05354646 0.09614985 0.12593386 0.08234134 0.05398023 0.06102855 0.11200296 0.04257424 0.06626352 0.08225943 0.07944337 0.11644225 0.07832469 0.04573955 0.07163812 0.09753099 0.09564799 0.07191419 0.02753348 0.05166925 0.10229214 0.05997022 0.03025413 0.04310492 0.03908145 0.06619964 0.06236738 0.06267478 0.07857997 0.08126872 0.09057614 0.06636890 0.07512212 0.04519220 0.03937179 0.06429673 0.07002627 0.12712483 0.08485570 0.03978940 0.14502144 0.05872005 0.11051355 0.05254270 0.07539204 0.05007380 0.05190251 0.04500250 0.04172818 0.04974549 0.07591752 0.05837848 0.08952890 0.09250282 0.06006084 0.10842525 0.07818344 0.06206705 0.07637115 0.04963149 0.07184697 0.04966001 0.06322593 0.08003215 0.06582301 0.07726839 0.05369223 0.05305418 0.02171568 0.02610166 0.07105633 0.07622724 0.08655279 0.09632406 0.09472291 0.08276662 0.08808599 0.07688039 0.04907302 0.11401855 0.09344025 0.08076571 0.12998510 0.05688520 0.09870390 0.14338653 0.10423439 0.07481266 0.07261208 0.28581774 0.05006459 0.07339065 0.06694410 0.10509441 0.08020486 0.07261771 0.05962852 0.06872796 0.09663024 0.08495149 0.05731440 0.07662446 0.06123502 0.07194413 0.09806191 0.03970092 0.12139745 0.06565407 0.06597364 0.03887267 0.10694564 0.10132166 0.09666395 0.08057590 0.08975821 0.07679876 0.10150375 0.07548212 0.08667361 0.07699715 0.07168401 0.07535320 0.09439120 0.07910366 0.07257462 0.07123853 0.07535742 0.07002901 0.07464865 
0.11118128 0.09860116 0.07135562 0.08714186 0.09978397 0.09457096 0.08218812 0.16905524 0.17303940 0.15939079 0.00000000 0.11864829 0.13414678 0.04550816 0.16758893 0.11431513 0.04697793 0.05433544 0.20504282 0.11761050 0.11934335 0.16479999 0.12182557 0.02886143 0.15927492 0.03067702 0.09851412 0.13065066 0.08783329 0.07442715 0.06831252 0.09767805 0.08659886 0.06654541 0.09521141 0.06482585 0.07432851 0.09236204 0.07801662 0.27098805 0.04682387 0.08402250 0.07627470 0.00052523 0.04943030 0.08319672 0.06901382 0.09370981 0.09466812 0.10485896 0.06012288 0.03319249 0.05149439 0.07367827 0.08165132 0.07924811 0.03389314 0.06447675 0.09989509 0.08282124 0.06223489 0.07365902 0.11170901 0.06326832 0.10572079 0.06655511 0.10541698 0.06867142 0.05453210 0.09212320 0.09581492 0.06149388 0.10370251 0.04679116 0.10455998 0.06970409 0.09982566 0.09937450 0.07207522 0.11763381 0.05246533 0.08561656 0.10583211 0.05333252 0.04508914 0.06081397 0.16424324 0.05403374 0.07414349 0.07598318 0.05964788 0.07290509 0.07753143 0.08507794 0.07895129 0.04503105 0.05231225 0.09989790 0.04129897 0.09502647 0.05724373 0.10977699 0.12200632 0.04385824 0.04576022 0.06512040 0.06473456 0.05672174 0.09772776 0.05403447 0.09530960 0.04263815 0.07081593 0.11084781 0.03980054 0.11578375 0.06112190 0.05947741 0.08972158 0.04151462 0.05686042 0.05941079 0.06234577 0.04283493 0.04685163 0.10703305 0.05019646 0.05891083 0.02483524 0.01259399 0.07641585 0.06383387 0.08361256 0.02585110 0.04391063 0.10328821 0.04709481 0.06036010 0.07645492 0.07281953 0.08935339 0.07120480 0.03591316 0.05679012 0.06412728 0.06610599 0.04886982 0.04532770 0.05605276 0.07974209 0.07628778 0.05156498 0.09512495 0.16834987 0.07812805 0.06192320 0.07994409 0.02687911 0.10133402 0.11819203 0.07258341 0.12532176 0.08159734 0.06049880 0.13688946 0.11216431 0.10800633 0.09461145 0.08646569 0.08250628 0.05619512 0.07457619 0.08979300 0.15427857 0.08323874 0.04435382 0.06431804 0.07134101 0.08093112 0.05142086 0.05869951 0.07560665 0.11446688 0.07431353 0.12378009 0.05111911 0.09095932 0.05746298 0.05616964 0.11248862 0.08599950 0.11666141 0.06644683 0.08097277 0.07370870 0.04946686 0.01088123 0.00230735 0.04025375 0.06114559 0.03565478 0.03249962 0.04284158 0.03624976 0.03694074 0.03241014 0.03392849 0.07107070 0.07174878 
0.06305719 0.03528747 0.04647525 0.08250893 0.06139227 0.06675420 0.09407449 0.09768027 0.14763955 0.15382202 0.11864829 0.00000000 0.17368628 0.09135954 0.07887266 0.09251472 0.06437049 0.12287866 0.14143759 0.07738917 0.07611195 0.10391576 0.06962547 0.07975343 0.05318179 0.07042068 0.02639313 0.08207522 0.09236511 0.04794118 0.08160435 0.04174905 0.07940394 0.09673985 0.07318401 0.09383787 0.10191842 0.06800912 0.09199425 0.08667793 0.11499187 0.06521704 0.03378483 0.10309087 0.11255442 0.07930615 0.09822060 0.06448386 0.08232078 0.06070492 0.07428290 0.06075268 0.14363582 0.08987127 0.06606362 0.08222142 0.10385340 0.05683490 0.06329748 0.05720158 0.10495047 0.08898034 0.02805829 0.04938998 0.03160208 0.04857835 0.10876550 0.05757953 0.06910719 0.06693222 0.01858871 0.09219357 0.03799591 0.07048787 0.06447018 0.04730700 0.06590711 0.06283779 0.06294841 0.04017135 0.07951468 0.07623572 0.03006209 0.11400256 0.07998719 0.09533025 0.14469189 0.07865731 0.08464008 0.10754804 0.05330186 0.13258573 0.06804819 0.06994516 0.05411540 0.03913113 0.04389862 0.04727078 0.07240932 0.03387235 0.06601141 0.05834059 0.06911911 0.03537867 0.06375826 0.09144583 0.13291419 0.09165008 0.12739470 0.10878683 0.09509683 0.08186128 0.08282031 0.05353662 0.09526538 0.06267936 0.09136968 0.14136847 0.05987500 0.12731546 0.13587763 0.06465036 0.08918121 0.08033549 0.08222113 0.09846975 0.09274512 0.09968268 0.08776165 0.06714620 0.03735713 0.11673409 0.07846857 0.09983024 0.07351575 0.12017026 0.07496461 0.05714799 0.07237853 0.08561512 0.04567737 0.08134916 0.15556413 0.10143674 0.07966443 0.08708252 0.08416135 0.06993807 0.05988678 0.06860501 0.08438967 0.06021203 0.10910635 0.07131060 0.08439973 0.04114065 0.06331908 0.12258015 0.03698170 0.07840315 0.04640256 0.08863179 0.04854610 0.07897718 0.08472345 0.06622065 0.02127850 0.04011356 0.12354437 0.08904892 0.10549555 0.06857367 0.08682809 0.11182442 0.04365742 0.09148725 0.07113248 0.07755377 0.06665195 0.08241020 0.05142676 0.04001097 0.06790149 0.10286440 0.07539914 0.07997835 0.05135707 0.06365217 0.10104250 0.08998446 0.05577253 0.10662741 0.07875657 0.05750740 0.03592432 0.05794210 0.07598865 0.06289296 0.08786755 0.05245783 0.07827695 0.07417152 0.06003530 0.06278438 0.09084913 0.07986276 0.07294629 0.07064461 0.07067838 
0.07019595 0.08173567 0.06154948 0.08603191 0.05912555 0.05702903 0.09201264 0.10991336 0.15044659 0.13868578 0.13414678 0.17368628 0.00000000 0.08316797 0.08716677 0.11830350 0.06994506 0.08530152 0.07017972 0.08111208 0.08263864 0.06437100 0.09069914 0.05184889 0.06713452 0.07659566 0.04692284 0.05892865 0.05456194 0.07135616 0.04804372 0.03808720 0.07099124 0.04155169 0.08052551 0.09517528 0.09857898 0.05082154 0.05350514 0.12429967 0.06685171 0.08639785 0.08825376 0.07256764 0.09663497 0.08404554 0.06719236 0.05203611 0.05821426 0.07097909 0.05129862 0.06548040 0.09431845 0.05007903 0.08337948 0.07151110 0.06913328 0.06582408 0.06847295 0.03657197 0.12474381 0.04449319 0.06346260 0.05379050 0.04455414 0.08065948 0.06052714 0.06868696 0.04068327 0.04992574 0.08154892 0.05302842 0.08603452 0.05277021 0.05343322 0.02744959 0.04114468 0.03848175 0.04691256 0.04889573 0.05097002 0.06121531 0.04336682 0.05629766 0.15311963 0.08949792 0.15775296 0.10292446 0.09714424 0.09585929 0.07636883 0.12965806 0.07905850 0.05784843 0.05212513 0.06678857 0.09431610 0.05166827 0.04281932 0.09535876 0.05884514 0.04320556 0.06125805 0.11558688 0.06241831 0.08672222 0.13739493 0.10180387 0.13283665 0.11576339 0.08979933 0.07644503 0.08727364 0.06499827 0.08293537 0.06548406 0.09047641 0.12062747 0.10896061 0.09575413 0.11799659 0.08849662 0.07581589 0.07992356 0.06768668 0.06373143 0.09747313 0.07736118 0.06348648 0.05937403 0.06846759 0.09529399 0.09345969 0.10890418 0.07968360 0.12648206 0.09740889 0.08897567 0.07545400 0.07812164 0.07170927 0.06721666 0.10260424 0.10350535 0.10351766 0.08568014 0.07907542 0.08395887 0.10510294 0.07019652 0.10002428 0.07400265 0.05586400 0.07826461 0.10652045 0.04498096 0.10119588 0.06152977 0.08053736 0.08860737 0.06480242 0.05966501 0.07094337 0.06279256 0.05846070 0.14957966 0.05291015 0.05976650 0.13351729 0.10868576 0.09038786 0.04923436 0.10428936 0.15533068 0.06811696 0.09253707 0.13183062 0.09486094 0.08862912 0.11445570 0.03963186 0.07078581 0.07114750 0.08179258 0.06572471 0.08793547 0.06604526 0.07402447 0.06538784 0.14096503 0.04458662 0.09111481 0.08234999 0.04910434 0.03407490 0.07427774 0.05506780 0.04884563 0.07049220 0.06901915 0.04453457 0.06488245 0.04868110 0.05084461 0.05089391 0.05317545 0.05307065 0.07029725 0.07115505 
0.05684258 0.07741764 0.07313034 0.08988542 0.18426194 0.10728458 0.20183040 0.08629417 0.03807302 0.07046168 0.04550816 0.09135954 0.08316797 0.00000000 0.07040601 0.06125697 0.05984105 0.24049799 0.08207803 0.07225376 0.12004407 0.03315436 0.05918327 0.08444137 0.09784925 0.07707942 0.09107956 0.06106841 0.07185612 0.14467518 0.05429992 0.06781542 0.33529626 0.08726260 0.13986086 0.06417396 0.08009660 0.04777338 0.08047192 0.12582638 0.09237190 0.15408586 0.17253042 0.05350855 0.13509151 0.12106817 0.09729513 0.11445541 0.15928112 0.08116493 0.07353772 0.06622272 0.08716893 0.06575562 0.11101364 0.03188122 0.04720788 0.09400291 0.08705861 0.08543707 0.07497970 0.03283234 0.06553870 0.05745566 0.04024284 0.10061530 0.09745215 0.06094499 0.04575014 0.05195367 0.02589190 0.06351257 0.07658996 0.04925662 0.07172567 0.11042237 0.06366776 0.05524645 0.09843777 0.06462046 0.06461434 0.09514480 0.10656203 0.08171225 0.08435046 0.07080581 0.08817333 0.13306762 0.07958692 0.08867734 0.14541265 0.10865678 0.05417105 0.06584377 0.05736531 0.10803341 0.07619225 0.06713694 0.06015084 0.07262359 0.08927932 0.07475246 0.08825642 0.08157068 0.07564566 0.08225857 0.10196419 0.06327065 0.07493957 0.08556335 0.07157790 0.07822745 0.07509418 0.05783796 0.07548419 0.04945415 0.07406353 0.07053518 0.02262384 0.10153292 0.16037081 0.11710558 0.05334115 0.06044561 0.03946262 0.07902279 0.08658740 0.09636051 0.07672640 0.06865847 0.10391440 0.08588539 0.08772032 0.08316524 0.07604312 0.06957342 0.06538324 0.05570488 0.06355103 0.08007142 0.06615903 0.05484571 0.06861728 0.07441196 0.05467459 0.07094474 0.06605230 0.06528987 0.07195081 0.09591726 0.07810035 0.05187930 0.07328483 0.04959986 0.05054855 0.09859209 0.05283109 0.04527165 0.05121993 0.04262433 0.06824186 0.05764738 0.06576261 0.06967398 0.08408378 0.05785197 0.06320418 0.04990988 0.08881713 0.09220191 0.06677936 0.04249736 0.09050967 0.06760028 0.07158300 0.04787990 0.09683915 0.06562794 0.04293010 0.09254601 0.06032353 0.05717763 0.07001198 0.06451900 0.06426320 0.06884036 0.06696279 0.06262135 0.08678571 0.04076278 0.04451286 0.07802293 0.06096620 0.03899014 0.04765470 0.04095544 0.06036603 0.06357601 0.07047041 0.06777300 0.07840797 0.06451559 0.09115654 0.06992472 0.06628011 0.06340091 0.05935201 0.07118290 0.07311831 
0.07880330 0.07723837 0.10335792 0.08711692 0.08649892 0.11901522 0.08642133 0.10803984 0.08349120 0.08785946 0.16758893 0.07887266 0.08716677 0.07040601 0.00000000 0.13685160 0.08116838 0.10851226 0.35227432 0.07671064 0.05758227 0.09190606 0.09486210 0.03483639 0.12826213 0.09164139 0.05886411 0.14298623 0.06402479 0.05006635 0.09418157 0.08368350 0.07850311 0.08382728 0.07477782 0.05021632 0.04580283 0.08424484 0.08060928 0.10921255 0.11552593 0.08274030 0.11524640 0.05430403 0.23948065 0.07758818 0.03905928 0.14700564 0.17921859 0.06757042 0.06648379 0.03598382 0.07802103 0.07931803 0.08630980 0.07622256 0.14060946 0.07690214 0.08076326 0.09225872 0.08046836 0.04460804 0.06986477 0.09197827 0.08491006 0.10700187 0.10247077 0.06855869 0.04708554 0.06673466 0.08656606 0.05990509 0.08634552 0.04825516 0.11742843 0.06875123 0.06830933 0.08532519 0.02791782 0.07723605 0.05519234 0.08071723 0.11216401 0.06329377 0.05605667 0.09832019 0.11719799 0.03820522 0.07354457 0.08284335 0.06575130 0.05610805 0.03623434 0.04261672 0.04558814 0.06669795 0.13019796 0.07459606 0.04411900 0.06819897 0.07876947 0.05503425 0.07998801 0.05900174 0.10804146 0.08180798 0.05227040 0.07838243 0.11477763 0.07141065 0.10371330 0.05803440 0.07640652 0.10194881 0.04898207 0.08117540 0.08151096 0.09396633 0.09691661 0.04243177 0.04381299 0.10446641 0.08138486 0.06608470 0.04561167 0.06636362 0.06398290 0.06193961 0.06799253 0.03101256 0.07632198 0.06310040 0.06236231 0.03654566 0.09813804 0.08041118 0.08249064 0.07248073 0.11081618 0.06082391 0.08916526 0.06482305 0.04012835 0.07565879 0.11994576 0.07651379 0.05960084 0.04714642 0.08347218 0.06347793 0.06667580 0.06586220 0.06050875 0.08970387 0.09589003 0.06756327 0.10274797 0.03991605 0.06452564 0.10727200 0.08563640 0.08533498 0.04599622 0.03876784 0.09225810 0.07220398 0.05950323 0.07813558 0.07508328 0.08504904 0.09164494 0.03845089 0.07268920 0.16210327 0.07814849 0.05786957 0.05462251 0.07805810 0.09408394 0.08555666 0.07747287 0.08006953 0.08153114 0.08788138 0.06598760 0.03781003 0.08374262 0.06352034 0.06539889 0.07336019 0.08695582 0.08710250 0.06211103 0.06731528 0.07074437 0.05503128 0.06168306 0.07848164 0.06077107 0.06168607 0.07606500 0.05379204 0.06715102 0.05931588 0.05105611 0.06780613 0.05280884 0.07021383 0.06920256 
0.06091853 0.08298086 0.05237233 0.07079709 0.08814419 0.07797782 0.07117984 0.08864389 0.10422999 0.08099383 0.11431513 0.09251472 0.11830350 0.06125697 0.13685160 0.00000000 0.07044279 0.06564861 0.09577773 0.24016627 0.06545344 0.07821194 0.11443260 0.08259110 0.08550071 0.03588322 0.06960395 0.12528159 0.06062294 0.05684212 0.07757736 0.07498308 0.08761674 0.04086970 0.06087125 0.08797448 0.09555160 0.06065486 0.07605134 0.08798522 0.05536723 0.12112335 0.07435917 0.07236440 0.08602316 0.06333338 0.02537083 0.08087835 0.08475099 0.08234436 0.08017942 0.07884859 0.08931104 0.08489093 0.09773984 0.06326618 0.07994795 0.06229493 0.04347177 0.04995746 0.08188358 0.08424482 0.05452584 0.05062455 0.05575168 0.06712531 0.03869883 0.08272291 0.06224104 0.07878135 0.08491752 0.07960380 0.04788994 0.07158259 0.08836193 0.05593639 0.07429593 0.06671330 0.03769203 0.08076715 0.05270765 0.07542485 0.12826150 0.05108432 0.06181030 0.11174155 0.10897078 0.06334233 0.09161298 0.08008360 0.09483918 0.04173669 0.06903271 0.06322732 0.06884571 0.09478638 0.03304079 0.07642651 0.06128453 0.05144393 0.06192371 0.08319184 0.04549124 0.07085980 0.08577878 0.07655137 0.07910985 0.07112759 0.14733667 0.07991104 0.15379752 0.08825244 0.07736137 0.05595565 0.05972157 0.10527084 0.07582423 0.11163673 0.08098562 0.11153307 0.07814708 0.10317418 0.05353174 0.06178889 0.08530599 0.08189900 0.09383060 0.08227761 0.07336709 0.06484219 0.08450913 0.08709767 0.10494550 0.07519188 0.07371209 0.07177237 0.06946709 0.05055769 0.09448624 0.06397633 0.04428133 0.07865827 0.07760618 0.07695061 0.06700843 0.07779578 0.09710721 0.08153845 0.04844284 0.09390628 0.08906029 0.10015352 0.06929067 0.09270611 0.07887931 0.04857761 0.09534003 0.09622251 0.10036583 0.05577861 0.03751008 0.12168362 0.07198882 0.06058118 0.07471978 0.08373327 0.09074772 0.09760098 0.09470631 0.08375682 0.15281093 0.02690589 0.09432406 0.15486621 0.06931860 0.09192132 0.09280516 0.17262636 0.08527980 0.06629938 0.06541812 0.05518758 0.06431907 0.06931268 0.08061988 0.05518840 0.10774860 0.06473379 0.06924912 0.11529400 0.05792684 0.07315575 0.05261995 0.07354514 0.04144222 0.04226157 0.09041387 0.06230836 0.08435310 0.05918324 0.08288157 0.06969363 0.07613721 0.07682210 0.06130351 0.08332673 0.08149914 0.06620496 0.06756343 
0.04136422 0.10270123 0.12168877 0.09559740 0.10687917 0.06950193 0.06449790 0.08536450 0.04263560 0.07240703 0.04697793 0.06437049 0.06994506 0.05984105 0.08116838 0.07044279 0.00000000 0.09622456 0.14756381 0.07747406 0.16409670 0.06018957 0.09034798 0.06855500 0.12820145 0.09853425 0.11514846 0.05134030 0.04667540 0.15050506 0.07241655 0.08898690 0.07097662 0.08040046 0.13433290 0.07413974 0.13431935 0.04849153 0.08431146 0.05703568 0.11321128 0.06736885 0.09938593 0.07140869 0.09165127 0.05604827 0.06598744 0.11795171 0.03872032 0.06284736 0.07203940 0.07217481 0.08719573 0.04896678 0.10726043 0.09954723 0.09772607 0.12620587 0.06229552 0.07287059 0.06855071 0.06535467 0.09939166 0.05211832 0.07578980 0.05900338 0.09226944 0.08640403 0.08845079 0.04145882 0.12476870 0.13972199 0.07091519 0.06251872 0.03509419 0.07963574 0.09180540 0.04745206 0.08802951 0.05029021 0.11485102 0.11426685 0.08286546 0.10706475 0.08112491 0.11549853 0.08240848 0.07444025 0.10295239 0.05273013 0.05970556 0.05167501 0.08709255 0.05655005 0.05749923 0.04142551 0.03203315 0.06215270 0.05030080 0.12947908 0.02712784 0.12798748 0.08018509 0.04458792 0.11404306 0.07247319 0.13510250 0.06837896 0.09283228 0.05713062 0.07431588 0.06296008 0.07546407 0.06898891 0.07986407 0.09926614 0.07721883 0.06109954 0.04563682 0.07686270 0.05751324 0.04230412 0.05757840 0.05940692 0.03728402 0.08088078 0.02683945 0.08329717 0.08784749 0.10763585 0.06085697 0.11116856 0.09394194 0.06502516 0.05515841 0.07863440 0.07315623 0.06877217 0.07512918 0.06610239 0.05955072 0.06722717 0.07542935 0.06934677 0.04596643 0.07269413 0.07929620 0.10220838 0.10879153 0.06449099 0.08798235 0.06279690 0.03293556 0.07520295 0.05058799 0.03866615 0.09229657 0.05163894 0.08963809 0.05282863 0.07805645 0.06679192 0.07313999 0.11116014 0.06050067 0.06010949 0.04502449 0.04006216 0.07051119 0.07721453 0.06190578 0.08561104 0.11943431 0.07564497 0.08579196 0.05029539 0.13700054 0.09973640 0.07925516 0.08008208 0.31124119 0.03878677 0.11499841 0.05234953 0.07077593 0.07982094 0.07274691 0.07195976 0.11247987 0.09570202 0.08742871 0.06882101 0.06741493 0.03565700 0.06451993 0.05881180 0.07008099 0.08967859 0.05877788 0.06229094 0.07486893 0.07341778 0.06838497 0.08885177 0.08047152 0.08558897 0.07586950 0.06817940 0.06764658 
