0.00000000 0.25738927 0.26225942 0.17899703 0.19877917 0.14233738 0.15467801 0.09959915 0.20722950 0.18162167 0.15023825 0.09715052 0.09487947 0.13813640 0.12818314 0.08943796 0.09383115 0.14470864 0.14638332 0.09102779 0.18665606 0.14380095 0.17814432 0.11878430 0.18963093 0.15164888 0.18965428 0.17471727 0.17051159 0.13675815 0.17082482 0.12020569 0.15701462 0.18730773 0.15276305 0.11361554 0.12525045 0.13013824 0.10701165 0.13362557 0.12407123 0.12428640 0.13754133 0.09345742 0.06870656 0.22279713 0.11179039 0.16652305 0.10543685 0.12466227 0.07781404 0.11497699 0.12732082 0.13695510 0.17723074 0.13558417 0.13151230 0.17358267 0.12807724 0.13646149 0.10744550 0.12277639 0.14245075 0.13672245 0.16035498 0.13320599 0.15840047 0.07140457 0.10250854 0.14940064 0.10044341 0.15954235 0.13949042 0.12667064 0.14417933 0.15603475 0.14524103 0.12171583 0.17481626 0.13784530 0.23178676 0.11732494 0.12743417 0.10079605 0.14387486 0.04975391 0.09510731 0.13783350 0.11602645 0.04424389 0.09162595 0.14288854 0.14040652 0.16940974 0.12488291 0.11772032 0.17103247 0.14100001 0.15517831 0.11544325 0.14653236 0.09755622 0.18258106 0.09923758 0.12896197 0.10786216 0.05709281 0.15903884 0.07578661 0.11226893 0.10754472 0.15084747 0.12484650 0.08279864 0.07759680 0.15652712 0.13678907 0.12237521 0.13859240 0.11799410 0.11605806 0.17307424 0.09621758 0.06314237 0.13949493 0.12043052 0.11107186 0.05619020 0.07927504 0.07344324 0.09862066 0.16614343 0.10758189 0.08416320 0.07745019 0.08577131 0.05465203 0.14738369 0.10607740 0.08677057 0.13266742 0.13225794 0.11559613 0.15824650 0.14162548 0.13945763 0.10652785 0.11520959 0.11588891 0.07120671 0.02083542 0.14003240 0.08418597 0.11756901 0.10741444 0.12144560 0.12673927 0.10142587 0.13277782 0.14421113 0.23303302 0.16570889 0.13194728 0.13214004 0.16347750 0.13890075 0.19206973 0.17587344 0.08819109 0.12191540 0.12333094 0.17902004 0.11804922 0.12444876 0.18316117 0.07891034 0.09962533 0.14927861 0.13919387 0.14217705 0.19376413 0.17150626 0.13788189 0.19156431 0.36805757 0.17710861 0.46552785 0.09993335 0.11797256 0.12433668 0.17564692 0.24171803 0.17157366 0.19133152 0.17412196 0.17001989 0.15971055 0.15219300 0.12746661 0.15854417 0.11884801 0.08912426 0.08382273 0.07923762 0.09344717 0.07847887 0.09378355 0.16350811 0.17318162 
0.25738927 0.00000000 0.27420013 0.22245997 0.16745946 0.17097096 0.15188786 0.13152417 0.15323643 0.17946120 0.13869884 0.06962473 0.09624155 0.11367284 0.07811750 0.09687168 0.09677561 0.15080865 0.12028638 0.09069802 0.16451859 0.16177456 0.17093017 0.08053090 0.19570898 0.15875376 0.11015034 0.15617432 0.85544374 0.10560907 0.58959982 0.09978689 0.13988505 0.14826840 0.08925226 0.03807706 0.13342797 0.20905300 0.11305346 0.07636799 0.16046836 0.14773544 0.12857424 0.13198338 0.10142566 0.12429342 0.18338460 0.12285328 0.12440266 0.07497371 0.12610308 0.24357847 0.13864397 0.13354927 0.13330335 0.24416213 0.13527042 0.13035066 0.13306138 0.18478757 0.13684943 0.13390725 0.23148302 0.17773828 0.10714073 0.16995558 0.15093127 0.07997669 0.18297392 0.18404157 0.11910252 0.12573075 0.13823947 0.11666799 0.13905773 0.16646851 0.20792275 0.20702157 0.48038056 0.16597992 0.40628159 0.17325018 0.08298904 0.12690685 0.08551419 0.09013296 0.05137647 0.13340727 0.12624504 0.07685739 0.09810371 0.10467685 0.09186370 0.09675973 0.22088034 0.07631422 0.13758845 0.17241178 0.13013929 0.15169534 0.15136515 0.12931219 0.14898922 0.05559323 0.07910171 0.10429143 0.06487249 0.12279967 0.02647507 0.13069781 0.12310165 0.13791287 0.11500649 0.06683707 0.06685749 0.11035396 0.14225601 0.11347564 0.12614338 0.10498133 0.11752301 0.07048665 0.12062717 0.06800044 0.14612121 0.09893346 0.09664884 0.09269898 0.12737323 0.09433761 0.13182195 0.08034150 0.13833345 0.09172239 0.08088410 0.08232411 0.07758524 0.13106650 0.04764191 0.03561519 0.13952362 0.11163803 0.08643644 0.12931592 0.11863181 0.12978499 0.10167318 0.12024996 0.09755543 0.14898592 0.06036601 0.08751561 0.11640807 0.13717427 0.13461270 0.13598332 0.08402832 0.13663418 0.12243357 0.11793616 0.13018628 0.10695730 0.08868285 0.09812547 0.10001606 0.06883103 0.12957421 0.11706412 0.08857458 0.04357131 0.09208308 0.07219562 0.05457360 0.06709775 0.17133712 0.07421390 0.09515344 0.07021407 0.11032009 0.06208089 0.13816783 0.11223405 0.10867350 0.15515047 0.11562280 0.10248838 0.13518875 0.15336669 0.09794057 0.13960261 0.16884839 0.17328346 0.17185183 0.22425853 0.13353366 0.14651213 0.17694428 0.20324883 0.17221435 0.15551787 0.17281930 0.17624805 0.15962253 0.17402911 0.16644128 0.15358575 0.17223824 0.13445580 0.13043063 
0.26225942 0.27420013 0.00000000 0.27236876 0.14554854 0.08974254 0.17348070 0.12981890 0.18398403 0.18004479 0.16105222 0.08914757 0.10901771 0.10642495 0.18312015 0.09529275 0.15837460 0.22338208 0.18323959 0.23528944 0.40785741 0.11006136 0.12692155 0.16957065 0.19270258 0.22467185 0.23501862 0.47924257 0.12930472 0.21997309 0.21058283 0.13870472 0.10455413 0.08508806 0.08010380 0.10204283 0.15545483 0.12435632 0.12735429 0.12877848 0.18241942 0.12647824 0.15059702 0.12997483 0.11370687 0.10038767 0.15845477 0.17917489 0.14883298 0.12267564 0.08943853 0.11842429 0.09839703 0.11370785 0.10799064 0.11528020 0.19815891 0.11879013 0.09560021 0.08514252 0.16060704 0.16702601 0.11090408 0.11871849 0.15713107 0.13313780 0.12336628 0.09894900 0.14491370 0.12502689 0.04944663 0.09184566 0.09724964 0.10011125 0.09928778 0.06636551 0.09236727 0.14242084 0.12537773 0.14932487 0.34618245 0.33583489 0.12626361 0.30663336 0.08803852 0.08455457 0.10343892 0.10187730 0.13329658 0.08140246 0.07836417 0.09265481 0.05677827 0.13866822 0.10082192 0.11354771 0.15769104 0.13361203 0.14708186 0.22009405 0.13274942 0.10306397 0.12990706 0.16929306 0.05762188 0.10622881 0.10465943 0.13057920 0.07608444 0.13137608 0.10503615 0.09984402 0.13933749 0.12066273 0.05374110 0.16427808 0.15348902 0.07470314 0.21642781 0.14086837 0.07558654 0.10103196 0.07465372 0.09719257 0.07442317 0.14780447 0.15642316 0.11864701 0.13887151 0.08163605 0.13364865 0.10709920 0.09660067 0.15532348 0.09357407 0.10840641 0.09060451 0.04289754 0.04810012 0.07071717 0.12826959 0.10912427 0.12205698 0.13272932 0.13078504 0.13110249 0.06171825 0.11471678 0.06213534 0.14186499 0.02985793 0.09852655 0.08196722 0.13112628 0.10939577 0.05918420 0.11419639 0.08942686 0.08181458 0.10425043 0.11586903 0.08332978 0.12346051 0.13941394 0.15786853 0.14620699 0.08274493 0.06296933 0.07859730 0.15419965 0.14584809 0.07557246 0.07824227 0.13735086 0.17549891 0.09641489 0.12612574 0.14351018 0.13394492 0.13681098 0.16887741 0.11243255 0.13904389 0.13160737 0.25212246 0.17220627 0.17223870 0.11987695 0.10114115 0.16247173 0.11379754 0.22353746 0.14962377 0.15158910 0.17165113 0.16243277 0.12196485 0.20289042 0.15323375 0.16426563 0.21278430 0.16057967 0.15237345 0.16615626 0.16739392 0.18260750 0.17640128 0.13117239 0.13315487 
0.17899703 0.22245997 0.27236876 0.00000000 0.17876272 0.37315257 0.25215646 0.22060039 0.17871759 0.17564539 0.15485214 0.10440726 0.13778198 0.14756978 0.11040879 0.10986536 0.13480271 0.07723975 0.16551091 0.11494908 0.14762106 0.11020658 0.09389615 0.10846576 0.08376336 0.11198972 0.07444586 0.16732869 0.16533457 0.17963269 0.20137980 0.63191541 0.14764061 0.16790317 0.11687433 0.07152042 0.18887496 0.07814983 0.13381222 0.11661783 0.05514276 0.09788888 0.14999056 0.10936577 0.09685015 0.15439813 0.08939090 0.13339387 0.10852000 0.15904597 0.13580567 0.07212487 0.12357438 0.10679201 0.08907182 0.11047606 0.13248462 0.07752407 0.16829450 0.14735220 0.15347325 0.10863194 0.11018771 0.10852562 0.09027516 0.09708413 0.16942845 0.20047258 0.11965335 0.11073080 0.17581451 0.17052944 0.12533395 0.12470379 0.50852033 0.16591243 0.08116286 0.25861471 0.20864224 0.89531065 0.19058667 0.12947355 0.18832114 0.09263924 0.18100779 0.08985646 0.13998850 0.24705314 0.15390587 0.08663959 0.10030231 0.15925931 0.11187259 0.09060049 0.10166021 0.10079101 0.10843753 0.17511593 0.10158011 0.18249211 0.18819380 0.08267596 0.16066679 0.17495957 0.09963277 0.10510952 0.09779353 0.12375725 0.11207048 0.10341769 0.10928352 0.10968573 0.18338125 0.15176856 0.11454203 0.12086514 0.12878666 0.07918547 0.11168355 0.11670560 0.07754980 0.10180517 0.09828182 0.13508574 0.08980406 0.08158807 0.06101987 0.11924230 0.12188453 0.11721435 0.08634015 0.07607404 0.11121444 0.06005856 0.13095867 0.11769299 0.13491024 0.13693863 0.16124990 0.13255626 0.09290920 0.09287428 0.06011646 0.11876278 0.11024673 0.12101624 0.12526450 0.10039079 0.08065973 0.07838876 0.12496426 0.10789150 0.19685902 0.09680073 0.06732711 0.10335608 0.15518135 0.09800258 0.14188449 0.12867736 0.12173912 0.20748064 0.06000399 0.10210028 0.11863745 0.09489902 0.11129881 0.16902118 0.06232918 0.12542751 0.15108716 0.14087150 0.16501380 0.14907264 0.06689027 0.09661212 0.10475611 0.12400435 0.09756057 0.11983464 0.17294390 0.11428914 0.05853320 0.10630036 0.14656677 0.07777100 0.10479958 0.12367922 0.11339091 0.11537014 0.15547681 0.16250814 0.13130760 0.10522925 0.11701203 0.08530669 0.11176897 0.12605805 0.10572011 0.14730089 0.11112103 0.12363162 0.11660248 0.14464241 0.14030463 0.11727365 0.14420608 0.13051387 0.13081860 
0.19877917 0.16745946 0.14554854 0.17876272 0.00000000 0.24746580 0.30471144 0.24518860 0.27309421 0.25364849 0.19455851 0.19758157 0.15941214 0.53380068 0.13511516 0.08570566 0.15442116 0.14425644 0.13605766 0.14026772 0.12271451 0.11964616 0.07291360 0.10857951 0.11615261 0.11223099 0.18745619 0.15752990 0.11559057 0.30262839 0.16209121 0.16963767 0.21368305 0.10352233 0.12690677 0.10200725 0.15767966 0.17084155 0.10507172 0.18886584 0.15279968 0.19495805 0.09278807 0.17122322 0.13911530 0.17395661 0.15933823 0.11054384 0.14980022 0.10826928 0.12651456 0.10432130 0.11330558 0.10057222 0.14729274 0.10339765 0.16672716 0.16242966 0.16964565 0.17059385 0.10567134 0.11217969 0.11880248 0.13639293 0.20780803 0.08330937 0.13287660 0.12796402 0.13406895 0.09518190 0.12406943 0.11213829 0.15648192 0.03876315 0.09746336 0.10085104 0.11158078 0.10244042 0.04435148 0.11774324 0.07414986 0.27645439 0.14396802 0.10007975 0.12184904 0.27388854 0.09682798 0.09165119 0.08670309 0.15270453 0.09123508 0.08676304 0.11954286 0.10130187 0.08847821 0.11997471 0.15637934 0.16515837 0.10447974 0.13645615 0.19074000 0.10518843 0.13874144 0.11419035 0.11229766 0.13045415 0.08333305 0.12989556 0.08843376 0.17200222 0.15853846 0.16731073 0.13997789 0.09383891 0.13956608 0.13400349 0.13622149 0.09062948 0.10095254 0.10623344 0.09888772 0.11646556 0.17671686 0.09216656 0.12055632 0.08049613 0.15996415 0.10717110 0.10907794 0.11377690 0.07110522 0.11173429 0.10963536 0.10652630 0.14230830 0.05959233 0.10099452 0.07803971 0.12914525 0.10638509 0.16354466 0.09804829 0.13803804 0.12529876 0.09983539 0.12361845 0.12660934 0.06016697 0.12455704 0.18298416 0.13484072 0.10535813 0.14027035 0.11721756 0.18578505 0.12271744 0.14735542 0.09441094 0.14920140 0.12701156 0.10802046 0.09983419 0.09718978 0.11983668 0.16609039 0.09787185 0.16334576 0.12473170 0.11286388 0.11798179 0.18773347 0.16371232 0.11937326 0.13726075 0.10419947 0.10140327 0.08916027 0.13389962 0.16910075 0.11396868 0.09314863 0.10128206 0.13164733 0.10288758 0.16196656 0.11020882 0.17848740 0.18009021 0.15842647 0.11910172 0.14845162 0.12536599 0.13421265 0.17220981 0.11689671 0.10945659 0.11107856 0.10747750 0.11257864 0.13817124 0.13543451 0.13430689 0.14138292 0.16750786 0.13197194 0.13773341 0.13411980 0.13331190 0.12868705 
0.14233738 0.17097096 0.08974254 0.37315257 0.24746580 0.00000000 0.23191255 0.27380114 0.20155432 0.14322698 0.20087570 0.17730784 0.14411594 0.19917538 0.11571344 0.11745454 0.19744902 0.11750423 0.17194459 0.17207417 0.12914040 0.12625870 0.09824090 0.10688042 0.06403784 0.10620075 0.18354569 0.14051368 0.12203353 0.05943708 0.15644296 0.23351103 0.15151809 0.30477835 0.19766329 0.18036463 0.17272624 0.17039214 0.18950972 0.15836003 0.09433481 0.20808940 0.20955920 0.08536355 0.08773721 0.12749566 0.15041490 0.15720324 0.09634347 0.13558012 0.12810904 0.14569548 0.12525354 0.18179713 0.07467815 0.24764765 0.11609894 0.11099150 0.11418460 0.11579807 0.10213751 0.20699275 0.08205653 0.18322793 0.09384683 0.07116240 0.14619645 0.17918204 0.11901472 0.10637582 0.34174463 0.23030824 0.12736979 0.12780441 0.33921108 0.10632460 0.09111592 0.13151353 0.16908878 0.32601744 0.09196070 0.15605928 0.37029137 0.06520420 0.17907513 0.13962337 0.13177456 0.21723943 0.13315127 0.18702417 0.15759052 0.12534929 0.12903907 0.08705459 0.11443881 0.13382798 0.11173473 0.10594119 0.16474067 0.18810660 0.13614443 0.10089074 0.09823879 0.13902587 0.14565502 0.16606429 0.13490510 0.10710974 0.13658175 0.13180586 0.15531481 0.10370523 0.16194779 0.15647943 0.07432290 0.12520212 0.11552665 0.11697244 0.04367486 0.06817843 0.12256648 0.09664842 0.13517934 0.11664580 0.03411593 0.07727033 0.08985729 0.10016711 0.04224494 0.11615355 0.08622121 0.05713135 0.15084823 0.12178935 0.11982918 0.11909144 0.14011797 0.14701623 0.12394667 0.09827260 0.14687468 0.14894893 0.09108921 0.11633079 0.19013188 0.12711876 0.12514144 0.15725482 0.14745092 0.12394308 0.16597063 0.13291461 0.07677731 0.11244220 0.15758683 0.09262152 0.07332360 0.10561457 0.08857882 0.13866470 0.08002670 0.14519389 0.12844979 0.13830795 0.15800568 0.11393819 0.12111757 0.13608964 0.12213950 0.09183873 0.14697311 0.09276414 0.14574335 0.11682872 0.14088533 0.10667251 0.13087279 0.13236924 0.07603203 0.11138555 0.12197403 0.12019665 0.11744206 0.08062400 0.18306946 0.10352097 0.11933019 0.10129520 0.11730548 0.08680327 0.13455998 0.12224032 0.15118685 0.12119963 0.13849411 0.10097674 0.10786936 0.07776162 0.11431257 0.11528270 0.08661740 0.08262641 0.08989663 0.08568317 0.09167141 0.07797808 0.08904557 0.12925159 0.12212351 
0.15467801 0.15188786 0.17348070 0.25215646 0.30471144 0.23191255 0.00000000 0.27328007 0.41482495 0.25730055 0.24747398 0.14270194 0.23913665 0.36146750 0.11012503 0.10642896 0.18738470 0.23354674 0.07938071 0.08939546 0.20930430 0.14470049 0.06699481 0.11236388 0.08337000 0.10796218 0.13607316 0.15016795 0.07745110 0.14184487 0.05737376 0.10784967 0.37523551 0.08422499 0.42770499 0.20741986 0.17603438 0.16335314 0.10730165 0.20900463 0.23909292 1.06634268 0.11685282 0.13321659 0.16028009 0.16391604 0.12131542 0.07133312 0.13528129 0.13510362 0.15358814 0.07474264 0.19154373 0.06384082 0.15808642 0.12224462 0.16457579 0.11192189 0.12271457 0.12556020 0.16433297 0.10744282 0.10686777 0.12625147 0.11936285 0.13451683 0.10959644 0.09264370 0.14802895 0.07811792 0.17705995 0.13676995 0.08484808 0.08993402 0.09942326 0.08390420 0.08293979 0.05209950 0.06513842 0.07034175 0.11824820 0.14354110 0.09091583 0.21921623 0.12168612 0.20706729 0.12806029 0.20809102 0.18795116 0.11222845 0.14918904 0.08838259 0.12768156 0.11116525 0.11181938 0.08811382 0.16293514 0.08555802 0.14461954 0.10696609 0.09547381 0.08841616 0.14424253 0.13962061 0.09714185 0.12133642 0.10619229 0.13848648 0.09311291 0.14969453 0.10992301 0.15088258 0.12859557 0.13480635 0.08260692 0.12828209 0.13956592 0.16069728 0.11715429 0.16457728 0.16281575 0.13099913 0.09646483 0.15908577 0.10889253 0.11611761 0.12410809 0.18109447 0.08383897 0.06435163 0.04098967 0.11794756 0.10792202 0.17891627 0.08404813 0.09243640 0.18082639 0.15380267 0.19810904 0.16229195 0.10111683 0.11407470 0.12917048 0.14736837 0.11331929 0.14946375 0.08988877 0.10008458 0.10777108 0.09559246 0.07588183 0.16258285 0.09882207 0.12075867 0.07812579 0.11078474 0.04663097 0.09742943 0.08814513 0.15043436 0.06856843 0.16831288 0.05459029 0.08669467 0.12424800 0.11827831 0.06077711 0.11296599 0.14403196 0.17849564 0.06968648 0.10328476 0.13615047 0.16382989 0.12508247 0.09811598 0.15142597 0.05070673 0.13492047 0.06649971 0.08295877 0.07673518 0.12390242 0.08945775 0.06415819 0.11934322 0.11379136 0.13355423 0.09865120 0.06616964 0.10491475 0.10637803 0.11186879 0.09391549 0.10639428 0.08262485 0.14589196 0.09045478 0.10641442 0.10802104 0.12710496 0.14676892 0.12516534 0.10869612 0.10731289 0.12745247 0.11863968 0.13436329 0.12250713 
0.09959915 0.13152417 0.12981890 0.22060039 0.24518860 0.27380114 0.27328007 0.00000000 0.28444248 0.23645551 0.37905215 0.24994803 0.26032334 0.21772871 0.13437264 0.13161028 0.20406380 0.12633075 0.07855837 0.11176329 0.04283100 0.14412738 0.11319883 0.14969431 0.02941190 0.06327134 0.15066801 0.16528759 0.05539462 0.12969020 0.07627239 0.12455701 0.14531857 0.41329367 0.17659564 0.21704586 0.21367421 0.23229027 0.16612804 0.17868884 0.09554083 0.13151427 0.16777976 0.09287728 0.14741094 0.08690792 0.08275124 0.08840767 0.14209620 0.15691059 0.13244597 0.13243169 0.12381230 0.10820875 0.12482689 0.07535096 0.15137395 0.09324258 0.11746165 0.07789900 0.14712879 0.10475557 0.05909625 0.10293712 0.07818514 0.05163825 0.07716614 0.12722337 0.10271122 0.07507677 0.15852740 0.12066922 0.05647632 0.09171520 0.10791893 0.07642474 0.09581714 0.14103556 0.11979674 0.10767986 0.06468444 0.11447136 0.41481833 0.15759469 0.17555351 0.18867853 0.28026522 0.15574687 0.20315526 0.18298576 0.14601532 0.21021306 0.12995840 0.11221922 0.10441143 0.15802930 0.10752791 0.06607769 0.11718099 0.18087450 0.09163363 0.14103115 0.13016289 0.19497700 0.13749408 0.16600001 0.19299400 0.13409750 0.24978145 0.12638180 0.17330032 0.08293871 0.11981259 0.11079813 0.30319878 0.06753349 0.13375735 0.09688756 0.13402737 0.09816587 0.15658052 0.14025808 0.18529170 0.18527259 0.08857261 0.17273660 0.16449849 0.11800681 0.18668433 0.10968715 0.07551326 0.12439922 0.13071605 0.17046120 0.18649136 0.20789976 0.25920298 0.20200366 0.15683803 0.13979202 0.12905918 0.13639945 0.18416582 0.12984283 0.13112761 0.13317716 0.11934813 0.06832138 0.16534719 0.10043043 0.21010242 0.09431773 0.09329884 0.19843964 0.11850661 0.08114940 0.12265834 0.11016843 0.14834648 0.19052264 0.17169790 0.18691300 0.13372152 0.09477498 0.17691374 0.13937247 0.10545918 0.15461646 0.15758063 0.12636208 0.13204937 0.07407105 0.25400741 0.14764278 0.12949904 0.11399041 0.12005915 0.14085797 0.11356669 0.16452644 0.10055233 0.12294791 0.10891852 0.14173311 0.10644228 0.08511209 0.06058526 0.12955670 0.11819589 0.06227626 0.11898331 0.03760895 0.08531599 0.04758536 0.02171597 0.02141269 0.01847060 0.02300834 0.06813709 0.05432030 0.04777493 0.06068516 0.06204583 0.06710976 0.06469942 0.05996175 0.05958397 0.11635049 0.12121871 
0.20722950 0.15323643 0.18398403 0.17871759 0.27309421 0.20155432 0.41482495 0.28444248 0.00000000 0.35092655 0.32012169 0.20509823 0.33659593 0.20927757 0.17935681 0.14899173 0.16352392 0.13254607 0.16246200 0.11161956 0.14450727 0.11263765 0.10696785 0.08070245 0.08159405 0.11837509 0.07685845 0.12448544 0.09548793 0.14656916 0.07768060 0.11749045 0.16794343 0.08775719 0.14043978 0.18025972 0.19161114 0.13360491 0.18260249 0.16880283 0.11751894 0.21986963 0.16930919 0.07175626 0.09531223 0.16546773 0.10370549 0.13734750 0.10024763 0.09576883 0.16105216 0.07294078 0.15271522 0.06777138 0.16398998 0.10923627 0.10827735 0.10300754 0.09822358 0.10733630 0.12473447 0.13909965 0.11689678 0.09789132 0.10099505 0.09091853 0.19501129 0.13943663 0.11514926 0.10403877 0.10965522 0.11553046 0.12912141 0.07190016 0.07302023 0.08202253 0.09369960 0.13464513 0.08798316 0.10527823 0.10418424 0.10000948 0.10409621 0.13018732 0.12262517 0.22377175 0.20419257 0.15608593 0.20345123 0.11502299 0.16677151 0.15680835 0.12101248 0.08921887 0.08296043 0.11455110 0.18366529 0.13025498 0.14240585 0.11603382 0.12953094 0.10523185 0.16984787 0.11143036 0.09820283 0.15716503 0.19520096 0.14846797 0.16977210 0.13306848 0.14362125 0.10469763 0.11774551 0.12148461 0.13769309 0.18778916 0.15795490 0.15907791 0.18285590 0.15534320 0.15749795 0.11339350 0.13078570 0.14747933 0.14840365 0.16754009 0.08413880 0.09791475 0.11050139 0.08372817 0.10756283 0.15162475 0.15917304 0.14915093 0.11585635 0.19574670 0.10949389 0.08606741 0.11684279 0.10745212 0.09782362 0.14250801 0.12771465 0.14413417 0.14268289 0.15169529 0.09142573 0.07090372 0.11362765 0.11903812 0.07912837 0.12735636 0.09762033 0.20043505 0.10476839 0.15422426 0.10443352 0.09936705 0.13835011 0.12582827 0.14416760 0.13606591 0.08623200 0.07816580 0.16891994 0.20518643 0.10696177 0.15167081 0.25880186 0.20308354 0.11170049 0.10820891 0.18751750 0.18715262 0.12164502 0.14436979 0.12820224 0.15222573 0.11547641 0.07060146 0.10084330 0.12179693 0.10547675 0.09969254 0.10718975 0.09744260 0.09880212 0.08367114 0.10872038 0.10026176 0.10030597 0.15186189 0.15495298 0.11495141 0.12386457 0.11734683 0.09833180 0.09573409 0.13254596 0.14335148 0.08980941 0.09584606 0.09316147 0.08782250 0.08220386 0.08466686 0.08613813 0.13664221 0.15079482 
0.18162167 0.17946120 0.18004479 0.17564539 0.25364849 0.14322698 0.25730055 0.23645551 0.35092655 0.00000000 0.31707886 0.28305227 0.18310281 0.22047687 0.22259634 0.13169720 0.11151415 0.18890465 0.13358620 0.07774597 0.18493264 0.14329183 0.15391209 0.13617696 0.15029256 0.12677914 0.10143908 0.10403861 0.10003485 0.15126425 0.15599933 0.06489836 0.12325580 0.11312521 0.23684275 0.10240693 0.09538798 0.10255490 0.19142225 0.22604417 0.42207705 0.21538488 0.10082688 0.05109694 0.45914938 0.13850872 0.12409074 0.10726394 0.10991998 0.09962836 0.15842344 0.09347549 0.11806130 0.10280782 0.18820574 0.22012630 0.08329248 0.15689317 0.11665349 0.14852887 0.09075837 0.11266113 0.15496456 0.10840598 0.16304797 0.17572665 0.15849059 0.10150462 0.08179100 0.08327374 0.09249710 0.13278382 0.13823662 0.04134818 0.13342661 0.10883077 0.13002330 0.06046035 0.06375683 0.09494921 0.10250614 0.11227832 0.13724746 0.12597703 0.06315944 0.14245252 0.15864440 0.11195570 0.18884469 0.15826365 0.10980292 0.15603582 0.14716902 0.08609375 0.10495137 0.13504619 0.11529748 0.08731160 0.05584865 0.14514335 0.11464114 0.10440037 0.11172715 0.07569987 0.01660777 0.15308223 0.09808945 0.11947990 0.11423949 0.10277821 0.14226176 0.16576626 0.10395564 0.07960908 0.08118803 0.17726033 0.13517763 0.24897511 0.20647433 0.16750326 0.24713027 0.11439543 0.16629127 0.10638859 0.09784000 0.07264102 0.07836094 0.10608172 0.14623116 0.01924503 0.11136701 0.14360197 0.14486416 0.17136805 0.11488002 0.17275833 0.15025027 0.09980227 0.14040114 0.07618801 0.10175769 0.06687019 0.16113750 0.13195417 0.13160263 0.14290645 0.09067682 0.10952498 0.15532669 0.04939900 0.07993674 0.06953551 0.03722236 0.10836064 0.10631945 0.08120258 0.14446489 0.05345837 0.10334542 0.12767535 0.12565332 0.12318629 0.12040434 0.10533199 0.11788878 0.28383983 0.19719735 0.09739890 0.16614947 0.46238856 0.14635536 0.12809615 0.11384144 0.17898744 0.13415198 0.11555380 0.07403940 0.09129799 0.11125186 0.07376014 0.12272479 0.12228602 0.09632337 0.18150075 0.17520942 0.04762123 0.14378946 0.08262444 0.08770675 0.07992344 0.13030606 0.18723903 0.16602740 0.16508318 0.16849203 0.18245493 0.14588057 0.14612555 0.10825580 0.13449520 0.12662949 0.12310257 0.14615539 0.12992958 0.13074083 0.12985528 0.14581827 0.11950560 0.13055218 
0.15023825 0.13869884 0.16105222 0.15485214 0.19455851 0.20087570 0.24747398 0.37905215 0.32012169 0.31707886 0.00000000 0.33615679 0.30051968 0.22816526 0.26158197 0.15686132 0.12449287 0.18322490 0.25343959 0.11632875 0.11741611 0.16330053 0.13572315 0.07326223 0.17480740 0.06746814 0.10767079 0.15046373 0.09493162 0.14882171 0.06764630 0.16655334 0.13887984 0.13657918 0.13144824 0.20103053 0.14658744 0.18620779 0.15634343 0.31469153 0.11640587 0.15687393 0.18740959 0.10102080 0.14497051 0.18923161 0.10900447 0.12978275 0.11157308 0.09679261 0.12088649 0.04994504 0.08572093 0.11442153 0.12314924 0.12543032 0.14340555 0.09794286 0.10602352 0.10890486 0.12087025 0.09316884 0.11251111 0.07032531 0.13403586 0.08723288 0.11975395 0.08407540 0.08026461 0.09763521 0.15620680 0.08505153 0.10674062 0.08102107 0.16542277 0.09515472 0.14591298 0.18381523 0.11947907 0.17312896 0.10179276 0.17199482 0.18663495 0.12790725 0.13758280 0.16252542 0.43946430 0.12964491 0.17588668 0.10221130 0.14351497 0.17150521 0.15249046 0.09014027 0.09627878 0.09200192 0.15052721 0.14531230 0.08397292 0.15268847 0.09154457 0.15546595 0.19103650 0.11119002 0.09814024 0.21586018 0.22375904 0.13945679 0.21292131 0.11718112 0.15287865 0.08047195 0.12400778 0.12474814 0.10781550 0.12741082 0.14425175 0.19365485 0.16348598 0.18450211 0.15212129 0.12121733 0.11138303 0.16872353 0.08219146 0.13781261 0.08796489 0.11543105 0.09025989 0.07042000 0.11199376 0.10673265 0.15231899 0.09372083 0.10921980 0.16478629 0.20831627 0.13181509 0.13794041 0.14993655 0.16307608 0.09013494 0.16189119 0.12725779 0.11193272 0.14137263 0.08767674 0.07449274 0.09392550 0.11720563 0.13392380 0.05529672 0.08651178 0.18520410 0.13314069 0.09444816 0.14106689 0.08986188 0.09584996 0.14190827 0.15166258 0.18130337 0.13560064 0.12139631 0.14698686 0.15233566 0.12056961 0.15815827 0.13577532 0.14988109 0.06598201 0.10334213 0.16815718 0.19394121 0.11363549 0.11199559 0.14331616 0.16226420 0.12130809 0.08558454 0.08419835 0.11910327 0.11877259 0.15630769 0.13588313 0.07944354 0.10467650 0.08466747 0.09897351 0.09405839 0.11670539 0.15924106 0.10669524 0.11722550 0.10608681 0.08232238 0.04553524 0.04640767 0.06824102 0.10147083 0.09120613 0.06373188 0.06482645 0.08326120 0.07084508 0.07104722 0.06287364 0.11819340 0.12266618 
0.09715052 0.06962473 0.08914757 0.10440726 0.19758157 0.17730784 0.14270194 0.24994803 0.20509823 0.28305227 0.33615679 0.00000000 0.34610484 0.21475958 0.13933106 0.17294082 0.19517258 0.19502324 0.19266709 0.17832851 0.09032233 0.14871254 0.11957166 0.15297268 0.04541783 0.13796972 0.11548519 0.19747104 0.10393509 0.11146588 0.07837995 0.10532226 0.17486598 0.12752194 0.14251678 0.17677337 0.16922822 0.13705839 0.17611195 0.17312348 0.15808625 0.12544413 0.12060768 0.18343111 0.26451406 0.20727170 0.14607190 0.13333956 0.15487257 0.12589116 0.10490819 0.11249643 0.17375154 0.14985415 0.09258143 0.06663918 0.12328088 0.08345561 0.08144329 0.04095600 0.18487473 0.09312378 0.04017961 0.08850089 0.05328322 0.03902247 0.10027211 0.10401559 0.13605380 0.15048691 0.10943916 0.13798455 0.09410823 0.10322815 0.21261427 0.07768717 0.08512578 0.09808157 0.13279460 0.05504328 0.12080642 0.16184453 0.16827591 0.17293807 0.10242291 0.14851150 0.25252645 0.13845597 0.17738933 0.15158570 0.16059848 0.10477722 0.10380989 0.06471386 0.09147397 0.12875609 0.08974386 0.16743783 0.11413683 0.08845930 0.13960520 0.15489786 0.06427997 0.13135616 0.08641680 0.15304709 0.11454887 0.15352049 0.15185641 0.16211545 0.13865618 0.15722812 0.11342342 0.12856737 0.15947216 0.11438596 0.15762662 0.16151823 0.10820164 0.20533997 0.19800033 0.11152728 0.13595110 0.18365277 0.09655437 0.11787960 0.10647295 0.18501954 0.15354265 0.18730851 0.11030947 0.14793942 0.12362019 0.18174860 0.20328658 0.18225333 0.15418030 0.12537583 0.18491199 0.13183730 0.10848354 0.10947053 0.16870412 0.15629244 0.09450073 0.15527854 0.08648780 0.13663741 0.14654777 0.13520964 0.21965705 0.11131121 0.17974379 0.16604807 0.20653449 0.10551776 0.10290891 0.14817300 0.13044851 0.13299751 0.17705927 0.11205854 0.16046477 0.11105198 0.12016937 0.19794667 0.16497782 0.12292621 0.17651889 0.24688038 0.15497915 0.13113801 0.21131959 0.29900209 0.10465691 0.08125845 0.09414697 0.13070589 0.09291642 0.14388164 0.09922636 0.12751983 0.09527763 0.09017151 0.15212700 0.11503208 0.06314705 0.14052821 0.13617047 0.11592382 0.09812862 0.09637189 0.11676562 0.10014454 0.05226337 0.08659274 0.06966299 0.07560729 0.13426837 0.08357919 0.07894014 0.08318888 0.08831229 0.09802729 0.09356152 0.09231811 0.10213703 0.11144411 0.11914349 
0.09487947 0.09624155 0.10901771 0.13778198 0.15941214 0.14411594 0.23913665 0.26032334 0.33659593 0.18310281 0.30051968 0.34610484 0.00000000 0.25724907 0.20449350 0.28412429 0.29537257 0.14715344 0.09283554 0.15611952 0.17459128 0.09687360 0.12175652 0.05448840 0.10922230 0.10065542 0.10595560 0.12582053 0.08597777 0.17708005 0.09900184 0.07155681 0.11177540 0.15638824 0.09271423 0.16889900 0.18931775 0.08562992 0.10519847 0.21796306 0.18310745 0.17159553 0.14440039 0.08609384 0.13075417 0.16463068 0.08595523 0.05310957 0.12490211 0.15921219 0.14742913 0.10148961 0.12097164 0.08018930 0.19174469 0.08537768 0.07830718 0.11950168 0.05515464 0.07594180 0.14639338 0.09265752 0.10009158 0.08396937 0.08607937 0.12025339 0.09939308 0.14070350 0.06478395 0.09914685 0.14736415 0.13409466 0.09656356 0.08338107 0.10947982 0.08494843 0.07814799 0.06837157 0.09130488 0.08675717 0.11979997 0.15143683 0.14848802 0.14150430 0.20719761 0.25858573 0.23369909 0.16316198 0.19154211 0.16409654 0.10294637 0.17217251 0.11534578 0.08312454 0.04988255 0.13636652 0.14216914 0.08904419 0.11273984 0.09923386 0.08286889 0.10271656 0.12354159 0.18630050 0.15376130 0.17614181 0.32770317 0.13921815 0.28514516 0.17279823 0.14759714 0.13298433 0.12940744 0.07114185 0.12130826 0.12557388 0.14028261 0.21800384 0.19371616 0.20061532 0.22994867 0.14646179 0.18117344 0.21795923 0.12774564 0.10649346 0.12881460 0.10826840 0.11972681 0.10061940 0.08908887 0.15158282 0.13023790 0.20010582 0.12580015 0.19202494 0.22183187 0.16392799 0.17618089 0.12709867 0.12109504 0.07940764 0.12278287 0.14349210 0.09951255 0.15421647 0.13879106 0.13227773 0.13561610 0.13390376 0.12631707 0.15863076 0.10200365 0.10891205 0.10778963 0.09920685 0.09193422 0.12863189 0.10430638 0.16108158 0.11433650 0.11857029 0.13537294 0.13491159 0.11567115 0.26388775 0.09267305 0.09636173 0.25458767 0.24161821 0.10727300 0.09719308 0.29813049 0.32237797 0.10704147 0.12435873 0.21365033 0.17135023 0.08756924 0.16323235 0.14322276 0.12693633 0.11873900 0.09544193 0.11666519 0.15046680 0.10855720 0.09419783 0.08279378 0.14604480 0.07507483 0.14227956 0.08358959 0.08080831 0.04408908 0.07034763 0.06046127 0.05778306 0.09590992 0.07567785 0.05765114 0.07260377 0.06070721 0.06722641 0.06105266 0.05993452 0.06678777 0.11592509 0.12550554 
0.13813640 0.11367284 0.10642495 0.14756978 0.53380068 0.19917538 0.36146750 0.21772871 0.20927757 0.22047687 0.22816526 0.21475958 0.25724907 0.00000000 0.22816590 0.16684381 0.28645012 0.44830493 0.16505910 0.16254061 0.27634624 0.12838528 0.09558636 0.16923334 0.12140573 0.16692653 0.12701867 0.07677712 0.11882750 0.26658557 0.07916867 0.09036286 0.64149592 0.13410470 0.15550409 0.15603549 0.11450418 0.10922600 0.11004614 0.17060961 0.15747841 0.24749240 0.18711854 0.11433020 0.21943338 0.18830041 0.10370154 0.17287797 0.30542942 0.11060245 0.14628432 0.07978867 0.14184851 0.13179834 0.17583434 0.08095374 0.09659083 0.10845970 0.15677416 0.10508511 0.15596739 0.07159805 0.07627889 0.13965858 0.06478198 0.09236817 0.07860295 0.12179431 0.05352917 0.06704502 0.09972736 0.11769265 0.06611632 0.07718902 0.13249725 0.14402600 0.13977719 0.04222355 0.08159992 0.10916960 0.13941728 0.10513249 0.13360952 0.11585825 0.15475163 0.12735630 0.19118135 0.22724432 0.19105603 0.15243813 0.17669142 0.12294784 0.15537021 0.07930643 0.12683524 0.12073549 0.14939083 0.08578503 0.12802393 0.12811389 0.12791834 0.13452224 0.11844529 0.18432562 0.02376422 0.17401441 0.15539767 0.13358672 0.12120315 0.15525738 0.12056913 0.16471275 0.11866002 0.06888015 0.14059522 0.08630742 0.12782858 0.11900586 0.10483555 0.15319383 0.14867245 0.09388079 0.13629743 0.05183424 0.14242350 0.17919297 0.15615393 0.10069130 0.11379631 0.07113716 0.06709022 0.12109056 0.18889252 0.15273203 0.16687842 0.14510308 0.17492370 0.13410547 0.23050900 0.10778229 0.08219165 0.08724452 0.15852893 0.12282091 0.15196717 0.13103099 0.15490136 0.10402979 0.08957885 0.12110511 0.09872113 0.14478596 0.10439360 0.14396615 0.09241562 0.10878403 0.03691392 0.06408894 0.08053210 0.09727507 0.13327358 0.13843236 0.08278935 0.08224081 0.12081845 0.10993361 0.09234364 0.09901377 0.17654131 0.19769279 0.16234149 0.11181425 0.16931754 0.12985050 0.06788278 0.13750914 0.14358978 0.06079301 0.04789425 0.13928942 0.16184234 0.05389827 0.09879380 0.10918059 0.12684465 0.07785556 0.09010041 0.05516192 0.09069300 0.11972327 0.07812540 0.08484882 0.10684992 0.06787735 0.05799951 0.04736255 0.07697435 0.08464815 0.08446830 0.11833725 0.12168832 0.10038080 0.14651404 0.12079095 0.14781734 0.12592763 0.12344197 0.13039686 0.11903797 
0.12818314 0.07811750 0.18312015 0.11040879 0.13511516 0.11571344 0.11012503 0.13437264 0.17935681 0.22259634 0.26158197 0.13933106 0.20449350 0.22816590 0.00000000 0.63708519 0.31240758 0.27101683 0.78547189 0.14504708 0.17072021 0.09813220 0.13559713 0.08874870 0.14861316 0.11900428 0.14349665 0.15200837 0.11861738 0.21906101 0.11770880 0.09086736 0.23207849 0.14888177 0.13220401 0.06979455 0.09215029 0.12841746 0.12136809 0.18482214 0.33816911 0.12707817 0.22383511 0.12772888 0.67558333 0.13963657 0.08642034 0.39824979 0.40391565 0.15346083 0.19078094 0.07478939 0.14641014 0.13289834 0.13757072 0.18210855 0.20712722 0.08639385 0.07459809 0.13210141 0.08737282 0.09401317 0.13055694 0.10982911 0.14937035 0.15717676 0.15286747 0.12685235 0.10577692 0.10411758 0.17234995 0.12549982 0.12469505 0.10921665 0.13071789 0.12522866 0.12155644 0.12754042 0.09049117 0.18065784 0.15555358 0.09443663 0.14477654 0.12692605 0.09366531 0.16776321 0.16278145 0.06809421 0.08912040 0.12509561 0.08005332 0.13091464 0.09106339 0.13337054 0.05939931 0.10426148 0.19217483 0.07308061 0.10528976 0.09751437 0.10408183 0.09721675 0.11998206 0.12376843 0.13524179 0.14003183 0.06098214 0.13883856 0.12160309 0.15276965 0.13871922 0.07624598 0.11073437 0.11554976 0.08022347 0.13300331 0.11845387 0.13919498 0.10962423 0.10342361 0.07142593 0.09915520 0.12571977 0.11305833 0.06113296 0.08858451 0.09404772 0.08070124 0.10549569 0.06554647 0.10914143 0.08502999 0.11871751 0.12476104 0.13723411 0.09189367 0.10213373 0.12589054 0.16027398 0.13016710 0.10659232 0.07628056 0.05239299 0.13290393 0.17749845 0.13427155 0.09848659 0.07773133 0.11262315 0.05207703 0.13508730 0.10833263 0.09223253 0.11459125 0.12738619 0.10082691 0.13908538 0.11928198 0.19206783 0.15342470 0.14419065 0.09801141 0.11962779 0.06549418 0.08189069 0.11332999 0.10487892 0.13493909 0.11570287 0.16267276 0.13576499 0.05002782 0.12031564 0.25547071 0.13107464 0.09048775 0.11021469 0.13732105 0.11164484 0.09972686 0.12664954 0.08741960 0.12139913 0.09045134 0.12281069 0.07624128 0.09294972 0.10604829 0.11586675 0.15284414 0.15848023 0.14773664 0.09711077 0.10249851 0.11935754 0.10691364 0.08887418 0.14573841 0.11108849 0.11859078 0.13595918 0.10457347 0.12693001 0.10367377 0.11744187 0.11178488 0.11149730 0.12762289 0.12390262 
0.08943796 0.09687168 0.09529275 0.10986536 0.08570566 0.11745454 0.10642896 0.13161028 0.14899173 0.13169720 0.15686132 0.17294082 0.28412429 0.16684381 0.63708519 0.00000000 0.28129757 0.14281821 0.42327286 0.47492568 0.11159786 0.16679751 0.15713461 0.17978042 0.10339659 0.07637113 0.13829702 0.16703546 0.08200794 0.12080806 0.12367964 0.06658595 0.11423651 0.10624134 0.12603029 0.15534877 0.13652111 0.09070131 0.14967861 0.14204846 0.08678537 0.16015679 0.11518494 0.10406608 0.25733321 0.13446422 0.04574188 0.11761998 0.17243256 0.13198437 0.10101080 0.11221657 0.15281145 0.13449454 0.11843502 0.11612418 0.10465686 0.08826198 0.12405946 0.08912686 0.15529522 0.16137837 0.09861595 0.09007521 0.06825605 0.09118824 0.05072798 0.13729819 0.13569524 0.19638091 0.14068231 0.12101893 0.12291918 0.06068932 0.09412969 0.20267158 0.09544014 0.08033406 0.10366015 0.15577293 0.08147608 0.10013595 0.17206292 0.09440849 0.08258047 0.16614243 0.15220625 0.13536588 0.10855318 0.09208979 0.13163082 0.06724595 0.13647053 0.13421049 0.14420937 0.09911085 0.08338659 0.08686445 0.11983651 0.10313388 0.13545133 0.12872702 0.11801671 0.05786978 0.09405944 0.13595203 0.10645930 0.12764305 0.17759469 0.07774906 0.20652534 0.09956149 0.10410585 0.11410187 0.08968060 0.11389637 0.13154695 0.18545514 0.11765463 0.12933069 0.15041999 0.10841749 0.07799288 0.11131174 0.07598831 0.09421956 0.13687452 0.13496524 0.11208697 0.16935305 0.13555653 0.15675925 0.18700896 0.11997295 0.11493923 0.15757114 0.13872528 0.09433888 0.11059167 0.12909562 0.14907365 0.05491710 0.09850295 0.12634140 0.11452816 0.12665338 0.15540160 0.11727875 0.15761280 0.14186267 0.14360743 0.15050164 0.16265483 0.19214919 0.16174729 0.10786382 0.12730733 0.09752912 0.20205268 0.08976457 0.09995678 0.10315695 0.15985551 0.11871916 0.17525902 0.16580924 0.15959878 0.19224113 0.11327034 0.32619288 0.27811045 0.16479346 0.14872149 0.48908828 0.14778940 0.16933089 0.18544667 0.30129332 0.16583655 0.14135712 0.17384518 0.15779339 0.11831261 0.12392597 0.14814806 0.18462555 0.12589982 0.08440507 0.11384351 0.13707250 0.10600693 0.09086315 0.07798464 0.11780828 0.04963367 0.04360087 0.10593407 0.11754362 0.10567284 0.07617671 0.13967049 0.12476182 0.12834610 0.12427234 0.10901394 0.14753372 0.11369152 0.12689534 0.11957177 
0.09383115 0.09677561 0.15837460 0.13480271 0.15442116 0.19744902 0.18738470 0.20406380 0.16352392 0.11151415 0.12449287 0.19517258 0.29537257 0.28645012 0.31240758 0.28129757 0.00000000 0.18385183 0.22843445 0.18898705 0.36803952 0.11805730 0.13391403 0.18080472 0.12224574 0.18806523 0.18510042 0.15886664 0.12585236 0.26064111 0.11860288 0.14743737 0.03714215 0.12516134 0.08870984 0.16497597 0.11820798 0.08505288 0.12986000 0.16471955 0.09758478 0.14444747 0.15282086 0.11177154 0.16060879 0.07772972 0.06946652 0.13947208 0.15450718 0.10145772 0.08772043 0.09897798 0.15415536 0.14295552 0.09944268 0.04950717 0.15440273 0.09564916 0.06869025 0.15233892 0.11354578 0.09476011 0.08872921 0.05985659 0.08941390 0.07746222 0.05915773 0.14390963 0.18578655 0.10261835 0.16680407 0.13487986 0.12923300 0.09403648 0.10465304 0.09065487 0.12338519 0.08420848 0.06240815 0.09032563 0.16545803 0.13394429 0.14934739 0.17745641 0.17340593 0.35428368 0.13902156 0.13060731 0.15496278 0.21280692 0.10560232 0.05880359 0.08723338 0.10793370 0.10395448 0.11105819 0.08483347 0.10940118 0.07569584 0.13577568 0.12416148 0.14983415 0.11935972 0.14703219 0.16414392 0.12211871 0.41891315 0.13193190 0.22042879 0.05556252 0.12882201 0.10034947 0.12641807 0.03063286 0.12117787 0.03945630 0.11932628 0.08713754 0.09425109 0.07265267 0.10980789 0.10268684 0.16297700 0.08751560 0.13580341 0.20428231 0.08215951 0.16366796 0.10888302 0.13813695 0.16890714 0.07714012 0.16424143 0.12577562 0.12467174 0.15322757 0.16824867 0.15100252 0.17726538 0.13902227 0.08600298 0.08579214 0.10302283 0.14740982 0.08464309 0.14978044 0.21999438 0.09507969 0.11786328 0.08962217 0.13251008 0.11382025 0.11950597 0.14018151 0.09900294 0.08261079 0.11230652 0.12849247 0.16920194 0.09855543 0.05123917 0.14245229 0.14511777 0.11125672 0.12845192 0.09005112 0.02976128 0.14483446 0.13846437 0.22459792 0.09778569 0.16426626 0.24206882 0.21496862 0.11853072 0.15873084 0.39888484 0.15825645 0.08963395 0.13790642 0.59165027 0.16986174 0.07629449 0.11392234 0.16956054 0.12804031 0.09069417 0.13793906 0.13166803 0.15836921 0.12392758 0.10211497 0.07775775 0.06350405 0.08992657 0.10456929 0.06270214 0.09616104 0.09333651 0.10369494 0.13193549 0.12650214 0.11739894 0.11363368 0.13284889 0.11108887 0.13458325 0.11071949 0.11429544 
