0.00000000 0.34680237 0.12678285 0.19545678 0.11384725 0.18075333 0.11174117 0.13667981 0.11668624 0.19203502 0.09451744 0.13328600 0.09198132 0.03970448 0.04194086 0.08848272 0.14451026 0.05152912 0.07961394 0.06334039 0.17077522 0.11654472 0.14637350 0.08259779 0.14715836 0.28858515 0.18270005 0.20384520 0.20968002 0.17469439 0.13983518 0.09476636 0.15146997 0.12720706 0.07079852 0.10233637 0.15742756 0.21742467 0.22079119 0.04780566 0.02141854 0.08050311 0.06545106 0.07400371 0.05065298 0.10995344 0.08882336 0.13147235 0.14906516 0.16729293 0.07901374 0.19007843 0.13651156 0.09223924 0.14794265 0.19745340 0.08109923 0.12252142 0.62738052 0.14687014 0.24149722 0.28696065 0.09096930 0.14290609 0.15252230 0.14437403 0.09901227 0.10162966 0.06742456 0.16877633 0.01849662 0.14808786 0.17655246 0.11439085 0.07412726 0.16876434 0.13173899 0.17274362 0.05895245 0.16928968 0.19515896 0.16326821 0.07839709 0.21596641 0.20712872 0.20227431 0.13179477 0.05102707 0.17697378 0.13647353 0.12477339 0.19778201 0.17113173 0.18719101 0.19776614 0.08877932 0.12932509 0.02851999 0.18746129 0.10614039 0.08449353 0.00045190 0.17531214 0.13896069 0.12279544 0.12132570 0.17460118 0.18162497 0.17534026 0.19571186 0.14879340 0.08258613 0.20524413 0.12041635 0.20692020 0.11737951 0.15803320 0.08636692 0.12403202 0.14496562 0.11439562 0.07339176 0.13901219 0.07525276 0.15321189 0.19983750 0.15358863 0.11035112 0.09469439 0.13422411 0.22115623 0.07714372 0.19792107 0.09068271 0.08605924 0.19892339 0.18597740 0.14486323 0.14554861 0.20664271 0.13663389 0.22159761 0.18484864 0.20869481 0.20912035 0.19085147 0.20143281 0.15388315 0.17911146 0.18295855 0.17295876 0.17520111 
0.34680237 0.00000000 0.25791415 0.23278579 0.22231780 0.15180748 0.12731233 0.10215140 0.09273404 0.13562749 0.09797134 0.06257112 0.10407973 0.10153765 0.10833562 0.09300772 0.16361683 0.02197194 0.13594636 0.10869768 0.16276576 0.09705889 0.15011474 0.14208265 0.21157415 0.24231780 0.19480930 0.23112652 0.17100800 0.13942368 0.10495204 0.14577666 0.15579551 0.16399460 0.13437555 0.19384299 0.12702046 0.18315960 0.15373134 0.04913341 0.07709183 0.05251450 0.06778686 0.06754622 0.07510999 0.12200663 0.12368967 0.14500760 0.18118681 0.17038983 0.13207766 0.18298957 0.11481976 0.09188361 0.10886926 0.13218152 0.08411671 0.17877015 0.18358458 0.13780302 0.15762095 0.41593117 0.10130360 0.50627362 0.14932995 0.12381320 0.15376315 0.08128867 0.14148084 0.09977514 0.06554243 0.10031970 0.16423615 0.09706871 0.09395064 0.09119395 0.18546490 0.11637887 0.07391257 0.08504283 0.24993821 0.20226675 0.08716042 0.12521624 0.24001579 0.19010038 0.13295092 0.11561407 0.15649229 0.15941487 0.20779390 0.13765186 0.19882534 0.15545697 0.12673235 0.06796652 0.16733821 0.07498237 0.16609955 0.09083032 0.09699443 0.07603755 0.18079202 0.15130263 0.05789759 0.12835066 0.22304968 0.13999420 0.12131126 0.14341380 0.18655299 0.12420887 0.17385496 0.17856993 0.26700315 0.06169464 0.21651858 0.10826636 0.11861626 0.07445713 0.12278317 0.11100616 0.11367405 0.12347902 0.11788582 0.13082432 0.16819427 0.10485573 0.10549118 0.10663196 0.18411682 0.07076797 0.12566962 0.13031175 0.12830838 0.07343804 0.22435431 0.09728295 0.12309342 0.19832744 0.16122894 0.16366258 0.20472660 0.14933556 0.21188775 0.19405560 0.26812397 0.18923718 0.16785617 0.19603071 0.17366501 0.17648401 
0.12678285 0.25791415 0.00000000 0.21107426 0.13362180 0.12003910 0.17264357 0.16614831 0.10267296 0.13459125 0.14799560 0.08266961 0.16430030 0.21901350 0.08767249 0.13376012 0.15737217 0.10212101 0.24722497 0.13262202 0.06334133 0.13298759 0.12062360 0.28967796 0.11339226 0.24825526 0.22404653 0.13997277 0.18651410 0.15177667 0.21909296 0.13515333 0.18510989 0.12645179 0.15780131 0.13318595 0.10358597 0.11541956 0.12214004 0.17300347 0.18839435 0.14377013 0.12206609 0.14619951 0.07907718 0.11482337 0.14111460 0.12604426 0.14979645 0.11970579 0.20692773 0.17456088 0.09567288 0.10573741 0.15800511 0.20318024 0.34527765 0.22292784 0.21268847 0.22978541 0.31609042 0.23907588 0.31417258 0.24761533 0.06960833 0.11482480 0.15892070 0.12962368 0.15098980 0.06685126 0.17252250 0.12308230 0.09627818 0.12360372 0.13660016 0.21708938 0.14192888 0.17568676 0.12831433 0.14491593 0.10228823 0.11865500 0.13257319 0.09431903 0.12368016 0.09731574 0.12168784 0.17948807 0.12897658 0.16097059 0.10101000 0.05543566 0.10221871 0.12064912 0.13204741 0.12632958 0.12628874 0.17647729 0.12049629 0.10371703 0.12533352 0.14228277 0.20754090 0.15424028 0.12871801 0.15545178 0.14376113 0.12626538 0.17350702 0.18538905 0.12189435 0.22061955 0.10149913 0.16577797 0.19427204 0.11414599 0.14627793 0.17313881 0.09115523 0.12186945 0.19237628 0.12680012 0.13792415 0.11683331 0.08229042 0.19210230 0.14218712 0.09806602 0.10387920 0.13201921 0.04659790 0.11892600 0.14041737 0.11974965 0.12123121 0.05260027 0.19724968 0.08006696 0.10758374 0.19084573 0.15079481 0.10656727 0.15911425 0.12429282 0.16068909 0.10310400 0.10350922 0.09546668 0.11852374 0.12088869 0.14285844 0.12971164 
0.19545678 0.23278579 0.21107426 0.00000000 0.34254037 0.27986153 0.10748381 0.10769978 0.12832841 0.04068534 0.12269339 0.09500764 0.09367621 0.15658098 0.08073117 0.13362920 0.10656096 0.10966820 0.14289752 0.18009153 0.11265550 0.17352552 0.12021845 0.12270595 0.59074925 0.20413953 0.19649013 0.17087766 0.20888288 0.25002857 0.10185621 0.08125688 0.16738626 0.13982467 0.10432606 0.14142643 0.07824204 0.14599815 0.18139384 0.06882059 0.10608804 0.11991846 0.13637730 0.11039911 0.07339361 0.11785277 0.12264291 0.14572186 0.17983977 0.10267821 0.11222517 0.18766330 0.07787598 0.16321229 0.18595921 0.19801888 0.13395485 0.15086442 0.17722507 0.19054138 0.14278307 0.17014725 0.18086918 0.47223736 0.14593564 0.54347264 0.11278357 0.12635709 0.09276491 0.13294741 0.05637805 0.08276977 0.11371061 0.04206707 0.07519084 0.16169823 0.12053828 0.17655934 0.10406246 0.16656609 0.16057192 0.11269621 0.11595020 0.09976515 0.10270533 0.09547722 0.12668772 0.06871281 0.20955452 0.05994047 0.12918784 0.10859528 0.17558920 0.16109640 0.14746417 0.09036529 0.11009315 0.12605719 0.11103522 0.12857893 0.13040920 0.15259567 0.14408570 0.09416591 0.13608396 0.10050790 0.18517950 0.16008444 0.13396653 0.17089685 0.12210580 0.11383532 0.20779841 0.10773661 0.18749788 0.17166470 0.16984088 0.13187693 0.29182336 0.19655964 0.06578498 0.09723767 0.09038366 0.13063781 0.17288408 0.14400221 0.20110999 0.09150922 0.11576120 0.12908067 0.12605466 0.11104885 0.18793355 0.14983352 0.14196124 0.07629645 0.18758732 0.09407459 0.11050408 0.21079892 0.12821699 0.14242174 0.15233844 0.08567521 0.18030951 0.17539744 0.13745052 0.17549090 0.13738532 0.15142857 0.17123576 0.15622612 
0.11384725 0.22231780 0.13362180 0.34254037 0.00000000 0.13814439 0.13681368 0.14896309 0.10224437 0.09575020 0.14069508 0.09750560 0.14870447 0.09628289 0.10129839 0.17440864 0.07611384 0.14991959 0.12142650 0.17039500 0.11345898 0.30133997 0.14048903 0.37400532 0.16832651 0.15485220 0.10349170 0.08517092 0.17824175 0.22417122 0.22358427 0.15530919 0.20341571 0.02182521 0.10431912 0.07723570 0.06161426 0.13294924 0.15121252 0.15271531 0.09270105 0.19469873 0.18770227 0.15186595 0.15644761 0.12566139 0.14357532 0.09904794 0.07077948 0.23788358 0.19367044 0.06466474 1.08094343 0.23548884 0.09926472 0.14841623 0.24605491 0.17377935 0.12325192 0.14172419 0.09901285 0.10130575 0.38337545 0.08819610 0.32179779 0.17085423 0.12400640 0.09925096 0.16220552 0.08502011 0.14205203 0.09935370 0.08948188 0.10023071 0.09421614 0.09618757 0.12789766 0.09442571 0.17514866 0.11354828 0.07569386 0.10779092 0.17102349 0.07761814 0.16008311 0.05895491 0.11807318 0.15362255 0.14376474 0.13029471 0.16492176 0.12150415 0.11789321 0.17765690 0.06186478 0.09203250 0.09001114 0.16625590 0.12265441 0.12424246 0.08190688 0.14166284 0.03425418 0.18871069 0.07731833 0.18661639 0.12692549 0.14983458 0.12200492 0.10523037 0.26599960 0.20808730 0.08450265 0.18515678 0.12757281 0.07557721 0.21987324 0.20819477 0.07124030 0.11951666 0.09065177 0.13287306 0.07299565 0.13479690 0.10069569 0.05545653 0.15251202 0.17063650 0.08456049 0.16893735 0.18310338 0.14100354 0.06526764 0.21786466 0.18900540 0.03849223 0.06334102 0.06606351 0.06734139 0.10251134 0.11610621 0.20938817 0.15321354 0.15443111 0.15027011 0.14688195 0.16194190 0.15846264 0.13347599 0.16219895 0.16677206 0.14860279 
0.18075333 0.15180748 0.12003910 0.27986153 0.13814439 0.00000000 0.22278053 0.21756703 0.15817563 0.12451040 0.10067631 0.09458197 0.14537227 0.08591154 0.11657812 0.09031453 0.10322777 0.17300646 0.14066349 0.06259152 0.19259117 0.25148227 0.21062460 0.12908020 0.36093503 0.14572519 0.11485803 0.10884886 0.12151370 0.24325970 0.10930418 0.19415514 0.10106407 0.15345045 0.10118087 0.13217578 0.09126004 0.12421789 0.12208583 0.14511815 0.14742866 0.14389614 0.12262080 0.19700944 0.08171615 0.14966084 0.10624633 0.16656080 0.12895129 0.07778048 0.15301684 0.10367045 0.22095969 0.16312495 0.16471326 0.13695124 0.19339430 0.20141264 0.15666854 0.06574597 0.07778526 0.11970807 0.07426003 0.19402211 0.16361636 0.52199043 0.14613867 0.13604170 0.10230340 0.10513109 0.12600522 0.10229609 0.12900225 0.09907608 0.06858728 0.19160167 0.08762567 0.10122105 0.09602672 0.06784094 0.16436030 0.21850179 0.11177336 0.10647184 0.16330919 0.09797871 0.10364809 0.13306847 0.13348862 0.11870224 0.12383682 0.12290387 0.11373610 0.17994356 0.11806646 0.17365133 0.15251061 0.15739684 0.08338762 0.08721528 0.08160209 0.14767277 0.14535753 0.12014945 0.14373841 0.10169597 0.09694128 0.16961796 0.11569735 0.04887508 0.08995481 0.16959752 0.13134856 0.14090701 0.10907550 0.09328625 0.14195026 0.14010546 0.17932736 0.18183467 0.12206539 0.17317761 0.11995762 0.14385423 0.42699623 0.14849926 0.50232343 0.16611682 0.16572169 0.11116779 0.11763345 0.12961174 0.13820899 0.12116183 0.16053223 0.21008321 0.05640467 0.19760757 0.15248905 0.12107812 0.19393593 0.12832751 0.16200831 0.16150272 0.14024190 0.12298953 0.18476294 0.11506585 0.11547757 0.13099573 0.17115048 0.14632900 
0.11174117 0.12731233 0.17264357 0.10748381 0.13681368 0.22278053 0.00000000 0.17623042 0.18744767 0.14780947 0.21461049 0.13205719 0.13407118 0.12201862 0.07436414 0.08938460 0.16203916 0.15802108 0.13855597 0.20775713 0.15478008 0.19608263 0.13380521 0.13750501 0.11217266 0.08558859 0.08743021 0.13994598 0.15380878 0.08484390 0.16011921 0.15779155 0.12938630 0.08560206 0.13063726 0.14193729 0.16160110 0.10124264 0.11590956 0.21211459 0.17108542 0.15857677 0.20327366 0.14824890 0.15429186 0.18724833 0.17280781 0.13906015 0.48751496 0.41295369 0.14342658 0.09242082 0.33370800 0.12111291 0.06275792 0.19092328 0.16701461 0.08272590 0.09239720 0.13817401 0.11288003 0.13045735 0.12084572 0.09746042 0.28047689 0.13777803 0.66643519 0.12217413 0.15353741 0.07654613 0.16000165 0.24744492 0.22815608 0.09171747 0.12845692 0.23191523 0.10812952 0.10838063 0.07316146 0.15839346 0.10009086 0.18122938 0.13377302 0.11270062 0.20686428 0.09996573 0.14483470 0.20695002 0.08828133 0.10848171 0.09098558 0.12027230 0.10831107 0.11333160 0.08029026 0.13599428 0.22597626 0.11430318 0.08461791 0.14778934 0.13578941 0.19573457 0.12520618 0.14360233 0.26462344 0.12466122 0.13249088 0.06796125 0.13474030 0.12296401 0.11973996 0.12554532 0.06710526 0.13466108 0.10774624 0.21520974 0.12555067 0.18034090 0.11266414 0.12293061 0.22767941 0.18459343 0.15262872 0.10538248 0.24342694 0.17720129 0.09237580 0.14584816 0.16397313 0.17579443 0.12727219 0.12315692 0.05123231 0.11466846 0.16204055 0.07667277 0.03878262 0.01985751 0.15203987 0.09759793 0.09510638 0.10326501 0.07305950 0.15004330 0.09609824 0.13318634 0.11098431 0.11647734 0.10070794 0.08933772 0.12985538 0.12820382 
0.13667981 0.10215140 0.16614831 0.10769978 0.14896309 0.21756703 0.17623042 0.00000000 0.41471886 0.31347036 0.15396565 0.12472013 0.13318083 0.22094707 0.17148347 0.16585065 0.11762017 0.14288480 0.19541217 0.13986537 0.20564874 0.12926833 0.15712122 0.14360896 0.10728067 0.09931376 0.12894989 0.13045410 0.11348553 0.12639682 0.13218903 0.11461557 0.13548492 0.13211858 0.14553304 0.14121776 0.12117613 0.10256156 0.10772727 0.13281256 0.13206455 0.26164045 0.18039679 0.11635513 0.15341009 0.29499968 0.11536879 0.09703170 0.12095206 0.11488782 0.12557102 0.13347174 0.13278214 0.11914834 0.11286389 0.11695502 0.12425199 0.11627203 0.11097838 0.10280346 0.12055801 0.10398708 0.15066239 0.08355948 0.11523289 0.13955323 0.10662129 0.36604236 0.19237287 0.14543201 0.13026920 0.14392893 0.13219366 0.12029163 0.13939491 0.12318659 0.11185358 0.15632246 0.17737365 0.13728609 0.14234448 0.15231046 0.15889681 0.17345168 0.14551828 0.14671076 0.16507236 0.13898986 0.15681761 0.14262338 0.14886357 0.15576189 0.13127127 0.16002233 0.13456486 0.13201443 0.10565284 0.10400841 0.10312293 0.10425293 0.12604431 0.11553669 0.13249220 0.12708598 0.11094020 0.11349657 0.19691149 0.15191846 0.10023851 0.09809932 0.11708377 0.12170605 0.11501562 0.11632381 0.12033933 0.12804014 0.10809033 0.19429914 0.13970949 0.15209310 0.19888773 0.31263816 0.11440723 0.15644736 0.13745924 0.12167523 0.11748713 0.30761042 0.15835166 0.11537344 0.13999162 0.40082426 0.10745079 0.13447950 0.13865508 0.15359112 0.11975815 0.11477231 0.13849999 0.10027795 0.10378554 0.08133680 0.08533741 0.11308350 0.09248754 0.11419830 0.09866195 0.11538829 0.11010860 0.11322332 0.12895329 0.14340375 
0.11668624 0.09273404 0.10267296 0.12832841 0.10224437 0.15817563 0.18744767 0.41471886 0.00000000 0.22170074 0.27188566 0.15035679 0.13899460 0.16525363 0.13871072 0.20204020 0.16841126 0.22112437 0.16562554 0.13746057 0.14258298 0.12133995 0.10896814 0.13734764 0.15068250 0.11773771 0.08325130 0.09716177 0.10749175 0.15951921 0.12991846 0.17163872 0.09094271 0.15109452 0.09940538 0.15296206 0.15723870 0.09780208 0.12789799 0.18959470 0.24779650 0.31539714 0.20328095 0.12622881 0.17996786 0.28473306 0.18574046 0.14014598 0.26322900 0.08497584 0.14527497 0.09578217 0.12393850 0.21001839 0.18499702 0.12150402 0.11381024 0.11328662 0.09768144 0.12341381 0.14709524 0.11997687 0.13317445 0.13597373 0.13618663 0.10672747 0.17250937 0.24132988 0.15250402 0.10206252 0.23340852 0.13868063 0.11174777 0.13219966 0.14027892 0.14128664 0.09376943 0.13268534 0.17275812 0.11393550 0.11425137 0.10741514 0.16060482 0.10041713 0.09070167 0.12573742 0.16876029 0.18866588 0.13351323 0.11637206 0.15487095 0.09793940 0.10596816 0.11375522 0.12560039 0.15397058 0.09739539 0.11412289 0.09910646 0.18229402 0.14871897 0.11035543 0.09528021 0.14407156 0.10595015 0.08532497 0.06996312 0.13610427 0.17748916 0.14636724 0.09836515 0.19125133 0.14429123 0.11935134 0.14345423 0.14425579 0.12058923 0.17110460 0.14267022 0.10743732 0.17703644 0.15086444 0.09813990 0.17460627 0.19624470 0.13156222 0.18832666 0.21546985 0.12125638 0.14350404 0.12354016 0.24255895 0.16642611 0.11936456 0.12291819 0.14816000 0.16561719 0.12261733 0.18632927 0.11326106 0.15493338 0.10310824 0.08435065 0.08797069 0.08517031 0.10208521 0.08960852 0.11338641 0.10556676 0.10566123 0.11708716 0.13577313 
0.19203502 0.13562749 0.13459125 0.04068534 0.09575020 0.12451040 0.14780947 0.31347036 0.22170074 0.00000000 0.32868387 0.72920798 0.24846591 0.16309944 0.12942323 0.06315641 0.22940286 0.15975878 0.19210899 0.17456459 0.22153615 0.12219581 0.14766533 0.14249729 0.17241213 0.06743434 0.10912963 0.11901013 0.10311635 0.04495135 0.10484724 0.12195748 0.05312388 0.23351879 0.12985568 0.20560200 0.22780244 0.14497351 0.11479836 0.11378891 0.16432639 0.26502175 0.16152171 0.11002467 0.12446675 0.18693616 0.13032314 0.15340412 0.11177856 0.08067103 0.15689630 0.03806917 0.09248679 0.10772885 0.03021921 0.03801790 0.08483282 0.12308053 0.12617046 0.06082483 0.11463462 0.10103848 0.06685916 0.07079241 0.10962556 0.10360356 0.26329735 0.16409852 0.19479979 0.15067657 0.24698334 0.06456877 0.06093415 0.25850886 0.12987556 0.19167872 0.05568408 0.06647701 0.14465640 0.08173135 0.10257663 0.13513726 0.12906534 0.11613450 0.08350162 0.09242293 0.17125427 0.10347430 0.06547503 0.08694178 0.14909044 0.13500947 0.08900154 0.12080079 0.12164397 0.12418514 0.07242884 0.10006353 0.02812929 0.16041010 0.13911369 0.12885645 0.13942641 0.09117448 0.12609085 0.12312499 0.04027710 0.10156000 0.08002631 0.04238988 0.10371503 0.17889262 0.06496881 0.10561482 0.06328280 0.09521308 0.06038700 0.17885300 0.15355514 0.12570067 0.25116498 0.23074185 0.08220955 0.12860826 0.16148726 0.12901829 0.04351206 0.14611484 0.17927684 0.05397192 0.17702386 0.16868324 0.10699637 0.10490841 0.54900193 0.50324332 0.15844599 0.16512965 0.66821757 0.17967927 0.15747714 0.11532121 0.10501861 0.16892148 0.14416359 0.20547372 0.18271017 0.14239236 0.13485978 0.14853912 0.15796964 0.15286635 
0.09451744 0.09797134 0.14799560 0.12269339 0.14069508 0.10067631 0.21461049 0.15396565 0.27188566 0.32868387 0.00000000 0.32460134 0.25926551 0.41586468 0.32664774 0.25411885 0.20263199 0.32608196 0.14409210 0.11320661 0.20053344 0.08065506 0.16843501 0.15825308 0.20877834 0.05209376 0.09088023 0.10321206 0.04202032 0.09945782 0.12918246 0.15319307 0.10112554 0.13466571 0.25831180 0.13663857 0.19486068 0.11940664 0.13829541 0.19996944 0.33598105 0.29730832 0.26131827 0.22892993 0.24625658 0.12115480 0.25563850 0.16480222 0.17575519 0.16187932 0.14347558 0.13871355 0.10364093 0.22506719 0.16011399 0.14477657 0.12937104 0.05434702 0.09516879 0.05418576 0.10775688 0.04835029 0.20614410 0.15457210 0.10693750 0.11341653 0.19815656 0.13743612 0.20962298 0.12708353 0.25989138 0.08030891 0.08791298 0.15515100 0.18955625 0.14352142 0.15379354 0.11941997 0.18588893 0.14509078 0.09865352 0.05647975 0.19019095 0.02484649 0.09383268 0.09002283 0.12897441 0.16470482 0.07244442 0.14318002 0.09365566 0.09326867 0.08135560 0.07949608 0.10754442 0.18122910 0.16350880 0.16151720 0.12395502 0.17814708 0.20222530 0.11987361 0.09405391 0.06510086 0.15481028 0.21626369 0.11443139 0.11133784 0.08657469 0.08096168 0.07212837 0.12564976 0.11801052 0.13171850 0.09769298 0.15249534 0.10658121 0.09961921 0.16526283 0.11820283 0.14316051 0.16034189 0.10717850 0.17208565 0.10535573 0.09381384 0.08194342 0.13519190 0.09570384 0.15027364 0.02897007 0.15749026 0.09897687 0.17689312 0.16767715 0.17561148 0.10429366 0.11694305 0.16591050 0.15591214 0.08654955 0.09490983 0.14392153 0.10997711 0.10163232 0.08729298 0.10241574 0.16236387 0.14917796 0.12605353 0.10812583 0.11555599 
0.13328600 0.06257112 0.08266961 0.09500764 0.09750560 0.09458197 0.13205719 0.12472013 0.15035679 0.72920798 0.32460134 0.00000000 0.38551364 0.27226342 0.36114303 0.19164644 0.26091288 0.13210524 0.17050383 0.17302276 0.19193625 0.06120682 0.18098853 0.16184636 0.09289404 0.08519102 0.11301674 0.15508754 0.14894137 0.09112472 0.08304139 0.11153039 0.16501314 0.21625809 0.09710618 0.17703536 0.09050204 0.12169185 0.16284850 0.15476739 0.13830785 0.13319130 0.14218258 0.09236686 0.14286663 0.12378927 0.10919108 0.07967261 0.05931997 0.07038688 0.10197791 0.07422378 0.10455441 0.13812530 0.10677665 0.15136887 0.09340145 0.08177289 0.15513098 0.18253505 0.11968457 0.07668670 0.17298223 0.09266165 0.05848300 0.14523693 0.20883360 0.12127774 0.12325783 0.12231016 0.15443090 0.11136159 0.11572107 0.15385622 0.09987966 0.12969949 0.10505973 0.06847776 0.15665974 0.09918801 0.12629854 0.06221162 0.11532669 0.06564224 0.02981371 0.08735405 0.18853470 0.09314136 0.01541218 0.10209578 0.11008495 0.06503652 0.07706419 0.10818855 0.07635280 0.21904496 0.13358179 0.16929532 0.06710217 0.10717949 0.13747428 0.08341040 0.08865603 0.10413456 0.10329386 0.06800343 0.15303046 0.11526744 0.12658083 0.08813644 0.08260520 0.14716374 0.16305443 0.12977691 0.13584988 0.12658596 0.12476367 0.17312717 0.17698904 0.12308152 0.15614939 0.09565644 0.12583673 0.08964642 0.18740988 0.06459460 0.12514805 0.07941348 0.08292718 0.19343376 0.11912399 0.12410021 0.12581018 0.13895976 0.22732702 0.94266199 0.22282889 0.07998446 0.73178475 0.77861096 0.15667523 0.15933365 0.12388752 0.12525811 0.15689076 0.12445568 0.14460278 0.17189862 0.15495275 0.10475274 0.11465946 0.12106906 
0.09198132 0.10407973 0.16430030 0.09367621 0.14870447 0.14537227 0.13407118 0.13318083 0.13899460 0.24846591 0.25926551 0.38551364 0.00000000 0.34497298 0.47133680 0.28374888 0.31067659 0.22571498 0.18820340 0.15006538 0.17112085 0.12550396 0.19500840 0.14509722 0.10027039 0.06825457 0.20040471 0.05115583 0.15453852 0.21028248 0.17952114 0.11664780 0.15849009 0.13629844 0.13511525 0.13780765 0.15609920 0.16069858 0.17797618 0.23280697 0.22874015 0.22167979 0.18144726 0.13374831 0.14264230 0.12653305 0.10137808 0.15034020 0.06827300 0.16032881 0.22656858 0.16289149 0.11882196 0.15323994 0.17657460 0.11430558 0.15211520 0.12362798 0.09617539 0.12467416 0.17081686 0.10362429 0.15714376 0.12028175 0.11957474 0.08772870 0.16405864 0.11801838 0.15341890 0.14112183 0.11251921 0.06338136 0.06324209 0.13949751 0.12060920 0.20083530 0.08232140 0.12984711 0.15058787 0.18358581 0.06577909 0.05036323 0.15314140 0.11609375 0.09579501 0.11530404 0.11590122 0.11935631 0.15963612 0.07196246 0.11490457 0.11060545 0.10686780 0.21175403 0.16276223 0.13171175 0.14676513 0.10581105 0.16383550 0.13941426 0.16583253 0.07220350 0.15601078 0.14363775 0.25940038 0.08227547 0.09971305 0.13795172 0.13637202 0.12023031 0.21332456 0.14377284 0.18549824 0.09278410 0.21130052 0.07876516 0.13592099 0.18338649 0.10948900 0.11664866 0.17962202 0.12133909 0.10478273 0.17117479 0.13530923 0.12425015 0.08034563 0.13776665 0.12046944 0.14199998 0.10037686 0.13696492 0.12401417 0.12549420 0.21911220 0.28777469 0.15030690 0.08246045 0.26902361 0.17808932 0.10515821 0.08558659 0.09138251 0.08435481 0.05566339 0.09877168 0.09288484 0.09644687 0.10567136 0.12907589 0.10975101 0.11366842 
0.03970448 0.10153765 0.21901350 0.15658098 0.09628289 0.08591154 0.12201862 0.22094707 0.16525363 0.16309944 0.41586468 0.27226342 0.34497298 0.00000000 0.56797117 0.29677141 0.33108376 0.18650038 0.17642005 0.13006401 0.15222080 0.12556633 0.11958363 0.10737882 0.08143429 0.14263474 0.13126095 0.17026284 0.11982298 0.16795314 0.13810878 0.16777528 0.17063393 0.10666354 0.15347315 0.21333250 0.13010338 0.15030904 0.17646929 0.18136453 0.26871864 0.23178856 0.15571433 0.15210638 0.14532510 0.14762826 0.12273215 0.21528354 0.11552719 0.10116386 0.17439998 0.14039120 0.12210913 0.17125973 0.14777606 0.08692805 0.12049460 0.14401525 0.05870588 0.11865556 0.14950976 0.07471827 0.20121348 0.13320122 0.16733622 0.08584246 0.11602971 0.18489247 0.19126866 0.18443357 0.16056745 0.12025174 0.15248830 0.12460678 0.13566695 0.10247629 0.19124511 0.19857910 0.17453922 0.10321594 0.07245410 0.07878644 0.13380182 0.08919689 0.09297436 0.09337715 0.24192740 0.20099596 0.09581416 0.12962430 0.10352736 0.10284228 0.12377179 0.06775039 0.07767693 0.17673890 0.08799038 0.22845547 0.12550261 0.20025521 0.17685245 0.14439148 0.13667211 0.16871290 0.14946501 0.13506233 0.13194641 0.09750738 0.10022556 0.15293926 0.20205652 0.11296974 0.12656387 0.15836468 0.11416424 0.11767996 0.06910343 0.10775466 0.23113307 0.12942461 0.12843927 0.13718633 0.08242217 0.15525450 0.17141476 0.16251122 0.10151088 0.11834943 0.12673728 0.14425201 0.12059001 0.18555328 0.15186747 0.12815317 0.13091704 0.09676486 0.12455321 0.03761495 0.13544211 0.14338670 0.11909073 0.10460368 0.11108684 0.11198488 0.08033621 0.08957912 0.06237552 0.08468123 0.08184445 0.05771743 0.10855741 0.10910231 
0.04194086 0.10833562 0.08767249 0.08073117 0.10129839 0.11657812 0.07436414 0.17148347 0.13871072 0.12942323 0.32664774 0.36114303 0.47133680 0.56797117 0.00000000 0.88172960 0.42125727 0.22627063 0.18804200 0.17063409 0.11111337 0.12858566 0.17875337 0.21990255 0.16503058 0.12599909 0.14515281 0.10924775 0.13806554 0.12552973 0.15610953 0.17892225 0.13919923 0.22999049 0.20445680 0.17208085 0.10125538 0.24175337 0.17857576 0.28173883 0.29355745 0.18676956 0.19517712 0.11956688 0.14994891 0.14998306 0.10358269 0.15754677 0.15920186 0.11963343 0.12998073 0.11229906 0.09578182 0.16995878 0.13710230 0.09851106 0.15876537 0.10597207 0.09716723 0.11793424 0.09979002 0.08850943 0.21569050 0.14644379 0.11015241 0.14011617 0.08382560 0.16430135 0.15833578 0.06635566 0.17989471 0.09542726 0.09410384 0.11211325 0.14876239 0.07972162 0.12009129 0.09524527 0.17658564 0.10473544 0.09856296 0.06777061 0.13101723 0.10465851 0.13540347 0.08443352 0.13387311 0.11913054 0.16558073 0.14122921 0.13518356 0.07953332 0.17807381 0.06111613 0.10855578 0.10182828 0.16838775 0.18698052 0.12686387 0.16093866 0.15753938 0.20500503 0.14017121 0.16446660 0.09043959 0.09374828 0.08670196 0.11265544 0.05832211 0.14209346 0.06225453 0.11991079 0.08947700 0.12162084 0.07024204 0.12128449 0.12337234 0.14915756 0.15475282 0.09576631 0.13559457 0.17449699 0.13248585 0.12318193 0.14931213 0.12243001 0.11608634 0.12098367 0.11731445 0.13796542 0.12401916 0.12424032 0.11933024 0.13020660 0.13684668 0.12550835 0.14031132 0.10697985 0.24865499 0.11421594 0.11610481 0.08048456 0.13239592 0.08014893 0.05363742 0.08848715 0.05973782 0.08500866 0.06847209 0.05312331 0.11242744 0.10554959 
0.08848272 0.09300772 0.13376012 0.13362920 0.17440864 0.09031453 0.08938460 0.16585065 0.20204020 0.06315641 0.25411885 0.19164644 0.28374888 0.29677141 0.88172960 0.00000000 0.31616676 0.16677226 0.21652650 0.19041784 0.10077445 0.08544357 0.16995940 0.19645567 0.13216554 0.13320392 0.17935575 0.09639458 0.12431271 0.15645633 0.21290033 0.22861166 0.13816015 0.17332031 0.15967349 0.13350628 0.10712371 0.14781608 0.14040783 0.20948517 0.16955166 0.21116143 0.17558697 0.10742155 0.14792451 0.14769170 0.14877841 0.08775983 0.18804256 0.11273433 0.19416645 0.12791189 0.13642942 0.17266064 0.13723788 0.11519476 0.15214566 0.17753230 0.14534561 0.16043530 0.13716981 0.07220958 0.18000178 0.07926358 0.17057575 0.10505629 0.01198702 0.15073366 0.12492858 0.10432229 0.13808502 0.11391676 0.05030700 0.13569738 0.11093873 0.11569919 0.12786492 0.16369145 0.16462081 0.15920276 0.14063287 0.17182651 0.14278333 0.20450813 0.15838855 0.14650173 0.15064438 0.14834587 0.11777695 0.13369040 0.11113357 0.11019759 0.13948292 0.14286760 0.16812473 0.15057157 0.21865730 0.13026981 0.13663628 0.15557134 0.15352367 0.13283243 0.15423673 0.13454198 0.14983003 0.11281239 0.13579256 0.15323477 0.12090388 0.13046820 0.10067596 0.16025970 0.15607960 0.14216855 0.20255848 0.09255173 0.08277799 0.14207238 0.14731765 0.12774434 0.11788611 0.16928347 0.13785978 0.15962292 0.12938924 0.15167660 0.08118182 0.10824288 0.14869006 0.11271790 0.09986178 0.13608506 0.15466096 0.18974179 0.10443332 0.16593041 0.16100748 0.13352508 0.19833234 0.14286593 0.16186673 0.08211700 0.10892132 0.05274536 0.02605710 0.08651146 0.04091478 0.07295210 0.07182291 0.04344135 0.08632720 0.10392847 
0.14451026 0.16361683 0.15737217 0.10656096 0.07611384 0.10322777 0.16203916 0.11762017 0.16841126 0.22940286 0.20263199 0.26091288 0.31067659 0.33108376 0.42125727 0.31616676 0.00000000 0.21091827 0.24495233 0.12475243 0.22548551 0.21748548 0.16787467 0.15486667 0.09695627 0.15678036 0.18267259 0.12090706 0.15928436 0.08797780 0.10917571 0.16517194 0.11966178 0.14859975 0.16423365 0.23306269 0.14186205 0.23359197 0.15668434 0.15215046 0.14761074 0.13161006 0.15484731 0.15721876 0.10152103 0.14430340 0.05319448 0.16325767 0.10326897 0.13004862 0.16296609 0.14694108 0.13223008 0.19537730 0.16496966 0.05711000 0.10819180 0.10047684 0.15302347 0.15944305 0.20004220 0.18809836 0.11517659 0.15075938 0.11780695 0.14286119 0.11132446 0.15793542 0.13154853 0.10632042 0.12075362 0.13062563 0.06581371 0.15984870 0.11836461 0.17272768 0.16479395 0.14467558 0.16749422 0.14099163 0.14037515 0.14274425 0.10976000 0.09667913 0.12502956 0.11002357 0.13067351 0.16256910 0.13190763 0.16314946 0.15159073 0.14082042 0.16020487 0.14851086 0.16880161 0.21217870 0.12422614 0.14849803 0.14669381 0.17260767 0.16376129 0.10309284 0.14439906 0.13662834 0.05434819 0.10954781 0.16491060 0.12549344 0.12370824 0.09651756 0.21521409 0.11659270 0.17175581 0.11114004 0.14134258 0.11276832 0.13537459 0.11719575 0.14882428 0.06626784 0.10132174 0.12627473 0.11707739 0.15442949 0.08119959 0.10896254 0.13166864 0.12009554 0.13216294 0.17998410 0.15344084 0.11073065 0.17697387 0.10083881 0.15453887 0.15625302 0.16750133 0.09324235 0.24592230 0.12729144 0.15272505 0.14811681 0.13289960 0.08686374 0.09285660 0.14260850 0.09020536 0.13106561 0.10816178 0.10680445 0.10876790 0.13853670 
0.05152912 0.02197194 0.10212101 0.10966820 0.14991959 0.17300646 0.15802108 0.14288480 0.22112437 0.15975878 0.32608196 0.13210524 0.22571498 0.18650038 0.22627063 0.16677226 0.21091827 0.00000000 0.26059219 0.09703265 0.18314174 0.19225802 0.27267962 0.09822165 0.07104789 0.16241607 0.12350565 0.05228012 0.10794855 0.08114352 0.11679680 0.21493375 0.18240238 0.06462737 0.15094496 0.18626431 0.21719253 0.16433087 0.08403227 0.46540148 0.29811990 0.20069145 0.24962618 0.28514966 0.51182993 0.13934189 0.19325135 0.15791901 0.19769878 0.16141578 0.20007756 0.10772041 0.13480143 0.11844466 0.16140442 0.12707338 0.20664134 0.11673548 0.19431387 0.11490842 0.14886020 0.10699245 0.13884056 0.08104365 0.07962065 0.16463047 0.18588837 0.16064991 0.21650635 0.16965346 0.19515131 0.17991259 0.07596085 0.12709993 0.18216142 0.18640731 0.10356411 0.09756116 0.16877288 0.11214995 0.03712959 0.06892786 0.20553756 0.13882863 0.11680433 0.10776114 0.18530552 0.15703727 0.17504437 0.13072789 0.10968500 0.11759403 0.09884119 0.12488122 0.14011718 0.20296273 0.10346189 0.17253745 0.10045543 0.09687589 0.13669478 0.22543722 0.10744717 0.10044396 0.15330695 0.12323429 0.06312952 0.14832324 0.14536487 0.08088765 0.07853339 0.11450684 0.14756789 0.13391181 0.13322124 0.13882089 0.14102944 0.17700322 0.14347805 0.15180029 0.14337108 0.12699059 0.14722975 0.14315158 0.10886010 0.16476860 0.11175038 0.12953823 0.17651781 0.12625061 0.17200002 0.11587915 0.12287086 0.15517041 0.10970548 0.11020329 0.11480950 0.09566870 0.15662396 0.08305807 0.13236351 0.09807607 0.08220711 0.08466695 0.00975162 0.06877494 0.04521990 0.07833971 0.09775139 0.08404119 0.11427771 0.10821557 
0.07961394 0.13594636 0.24722497 0.14289752 0.12142650 0.14066349 0.13855597 0.19541217 0.16562554 0.19210899 0.14409210 0.17050383 0.18820340 0.17642005 0.18804200 0.21652650 0.24495233 0.26059219 0.00000000 0.26555160 0.46770432 0.21417902 0.20899937 0.19710566 0.14436892 0.10373791 0.14956994 0.18195735 0.11997309 0.08937627 0.15049873 0.19052745 0.11580265 0.20159365 0.23445042 0.16664641 0.13256812 0.15086615 0.11671152 0.16396936 0.10679410 0.12470634 0.18010236 0.11421823 0.14116214 0.15999206 0.21986095 0.13452919 0.16739121 0.05283086 0.15197048 0.11537930 0.13767543 0.07435900 0.08788014 0.12292692 0.13035279 0.14923805 0.09393916 0.11491088 0.12297207 0.06260811 0.13229999 0.07883819 0.14967869 0.07236081 0.16315146 0.17578848 0.13100814 0.12419935 0.14238414 0.05941098 0.13186597 0.12982505 0.13841594 0.19151490 0.08103497 0.05785686 0.16451452 0.11037491 0.10785329 0.12496138 0.12310846 0.07648793 0.09857218 0.11462611 0.07582549 0.17324660 0.12903393 0.11581174 0.07290009 0.08584865 0.12724945 0.07689973 0.07248516 0.12016800 0.15963763 0.14646053 0.14040327 0.18016272 0.10418498 0.17589262 0.06219237 0.06119099 0.10229337 0.14547883 0.09776301 0.09215634 0.16712975 0.13469583 0.13550307 0.16803159 0.19727329 0.12648818 0.13696644 0.16643532 0.09128240 0.13222812 0.10426862 0.21066125 0.15024352 0.13530716 0.07212231 0.08969542 0.10055957 0.12175204 0.15850946 0.13064650 0.11720590 0.12810517 0.21066324 0.18201743 0.14495526 0.13717661 0.46368686 0.14283925 0.14503734 0.40795859 0.71789986 0.09398353 0.16539986 0.14265441 0.07521462 0.08895157 0.04687815 0.07450634 0.04209065 0.07075660 0.07077689 0.08393555 0.09142578 0.12190013 
0.06334039 0.10869768 0.13262202 0.18009153 0.17039500 0.06259152 0.20775713 0.13986537 0.13746057 0.17456459 0.11320661 0.17302276 0.15006538 0.13006401 0.17063409 0.19041784 0.12475243 0.09703265 0.26555160 0.00000000 0.46295146 0.30453470 0.16509528 0.16302610 0.15540415 0.10890650 0.09106866 0.12001064 0.12957342 0.08735764 0.08871048 0.08171158 0.26423959 0.24085383 0.52373704 0.20078661 0.41881611 0.13828236 0.09590822 0.16852985 0.14179467 0.13366675 0.16163894 0.23995072 0.31128597 0.12930360 0.11496122 0.23890988 0.41334696 0.08775741 0.18327206 0.60885762 0.16082248 0.14102964 0.15887427 0.11032329 0.15242497 0.09761354 0.08298818 0.13902008 0.15071725 0.14639839 0.13344463 0.16549063 0.17910461 0.12330792 0.14848678 0.13513996 0.13536006 0.10644916 0.13895885 0.13158843 0.14737054 0.14961639 0.07597239 0.10901953 0.14206330 0.12303895 0.13335078 0.15915864 0.03375867 0.13296473 0.17746368 0.09659627 0.06988056 0.10241931 0.14800199 0.15255510 0.10791202 0.10330319 0.11203884 0.08575629 0.15255054 0.03154982 0.06312368 0.13577343 0.12506600 0.23285688 0.04643936 0.18967678 0.14727835 0.15358903 0.04745664 0.13123753 0.16282215 0.12204009 0.13636592 0.14015692 0.10553836 0.09064066 0.12342402 0.15459684 0.11209512 0.14853822 0.00726658 0.09101013 0.08384238 0.13299501 0.18332970 0.11650615 0.15716547 0.13984457 0.11998876 0.11712250 0.09240683 0.09103415 0.13657470 0.11566376 0.10812956 0.08674204 0.18535184 0.09223629 0.12949537 0.15406171 0.11715117 0.02857761 0.09575927 0.10232108 0.25894180 0.12550360 0.10977477 0.13775636 0.11969095 0.09438112 0.10412737 0.17462224 0.11138460 0.12786638 0.19443933 0.12511427 0.14254505 0.13654921 
0.17077522 0.16276576 0.06334133 0.11265550 0.11345898 0.19259117 0.15478008 0.20564874 0.14258298 0.22153615 0.20053344 0.19193625 0.17112085 0.15222080 0.11111337 0.10077445 0.22548551 0.18314174 0.46770432 0.46295146 0.00000000 0.46191075 0.38664664 0.22920909 0.24113944 0.04559970 0.11834545 0.12506512 0.12018011 0.13023154 0.15682992 0.28354343 0.28595178 0.24179504 0.17142925 0.16152163 0.19091224 0.15333218 0.15458250 0.21707902 0.20282249 0.13285720 0.10340949 0.10836452 0.17476612 0.17564586 0.12762165 0.10401299 0.12046609 0.17252992 0.01989180 0.14984890 0.13667407 0.07116153 0.04144374 0.10076891 0.10460464 0.05200460 0.16950880 0.02472223 0.12519383 0.11060954 0.09683278 0.07637310 0.05466184 0.07904173 0.09767936 0.14917205 0.11743106 0.07571826 0.16199184 0.10034560 0.10715704 0.08666475 0.13877173 0.18083384 0.04278701 0.02754298 0.12403034 0.14586127 0.08460164 0.13661419 0.19184432 0.09052663 0.09336790 0.13644512 0.06608509 0.13932763 0.11055075 0.06952808 0.14210354 0.07938787 0.11433883 0.10092608 0.11868599 0.14276706 0.06289995 0.10421758 0.12972039 0.12874657 0.07851820 0.10830113 0.08508573 0.11544254 0.13360187 0.11224795 0.16545570 0.14983315 0.11363620 0.05222373 0.13543771 0.12547024 0.13087960 0.09096882 0.11658119 0.13559989 0.07858633 0.06924622 0.23750966 0.08681547 0.14656301 0.11560343 0.10484254 0.09447713 0.06112324 0.09280761 0.06303409 0.10904654 0.08483799 0.09814062 0.26292966 0.17306824 0.12374342 0.48492652 0.16858968 0.19762076 0.10617013 0.58436723 0.21044240 0.09152663 0.08881943 0.10534594 0.12906489 0.13767026 0.11297770 0.13176272 0.17513462 0.16766958 0.19248555 0.16546286 0.16752811 0.15887872 
0.11654472 0.09705889 0.13298759 0.17352552 0.30133997 0.25148227 0.19608263 0.12926833 0.12133995 0.12219581 0.08065506 0.06120682 0.12550396 0.12556633 0.12858566 0.08544357 0.21748548 0.19225802 0.21417902 0.30453470 0.46191075 0.00000000 0.43361852 0.39561923 0.29240839 0.18717913 0.11139001 0.18166196 0.17159680 0.14513140 0.12268847 0.20845002 0.61254603 0.12550316 0.26430207 0.16291194 0.15852913 0.15863837 0.17937308 0.15544396 0.08306153 0.11456581 0.09686415 0.23009109 0.11339342 0.12550692 0.14774077 0.16148493 0.22606978 0.09030626 0.11882834 0.36272914 0.42547410 0.19126820 0.09799091 0.27785123 0.07679044 0.17258253 0.10016591 0.13637123 0.13251723 0.04013815 0.10693978 0.12317695 0.12197620 0.16738218 0.16565373 0.12058740 0.13199756 0.14460649 0.07058910 0.13176783 0.05563695 0.08831853 0.06619315 0.10785481 0.12493526 0.11739716 0.11866058 0.05495697 0.12638842 0.08411465 0.10086885 0.04657880 0.05069053 0.08396704 0.10593527 0.18930677 0.19208085 0.11529511 0.05025215 0.08659974 0.07696672 0.05973126 0.07289450 0.12509371 0.14423979 0.18776820 0.12000304 0.13031449 0.12564682 0.15159339 0.07348231 0.15355403 0.12448799 0.06101887 0.08594814 0.05871738 0.08823679 0.05912672 0.06390553 0.17165812 0.11173812 0.07890159 0.10849990 0.16810626 0.08281716 0.20515484 0.13072520 0.09521567 0.06817359 0.10003044 0.09170973 0.09888347 0.12000260 0.15128294 0.16170759 0.15235755 0.03264314 0.16521898 0.27148666 0.12326725 0.06183757 0.10164292 0.28510910 0.11439113 0.07499486 0.17215773 0.17273456 0.13798671 0.15334251 0.10694692 0.14967383 0.16240436 0.19081306 0.19108195 0.14246063 0.17453011 0.13945340 0.15081893 0.14054717 0.14443578 
0.14637350 0.15011474 0.12062360 0.12021845 0.14048903 0.21062460 0.13380521 0.15712122 0.10896814 0.14766533 0.16843501 0.18098853 0.19500840 0.11958363 0.17875337 0.16995940 0.16787467 0.27267962 0.20899937 0.16509528 0.38664664 0.43361852 0.00000000 0.26187610 0.50777553 0.24976956 0.15735068 0.18345964 0.17540403 0.22346965 0.19614270 0.19665018 0.18190382 0.17513235 0.13353138 0.16026704 0.15305969 0.13967945 0.09593856 0.16968821 0.07413389 0.14302525 0.09267816 0.19808598 0.15718805 0.15004184 0.11927075 0.10853099 0.13226798 0.07596315 0.10213479 0.16130420 0.06346101 0.07310386 0.03976650 0.12922422 0.17395056 0.09647420 0.15483078 0.14873271 0.16547721 0.11294233 0.11172956 0.09866662 0.13200268 0.13265969 0.11476374 0.13984345 0.11072061 0.08914428 0.09233146 0.11636166 0.20037932 0.11183456 0.07821255 0.11184639 0.10439062 0.13725396 0.11648681 0.12258504 0.13300353 0.11189134 0.11073643 0.11864723 0.11454928 0.05807786 0.19143980 0.16167584 0.12805480 0.12879081 0.09037340 0.18893358 0.09793483 0.14364722 0.19701299 0.17620546 0.11185293 0.16721721 0.09706257 0.10232658 0.15798303 0.10231857 0.09207601 0.09263199 0.04063671 0.11659455 0.09975526 0.10896643 0.08753903 0.07911133 0.09187798 0.14247224 0.13722491 0.15062211 0.10440439 0.15018849 0.12362197 0.02752294 0.10881401 0.12848035 0.09319682 0.10773196 0.04731911 0.09549414 0.15796360 0.17361215 0.44099967 0.12932428 0.11479711 0.35524002 0.53815052 0.07600217 0.13944415 0.13766221 0.18098214 0.15033013 0.17216103 0.23306220 0.10665976 0.09969298 0.13243055 0.13230198 0.08892966 0.09822367 0.15725978 0.12141944 0.13786458 0.13333582 0.09571718 0.13597882 0.13053304 0.13268482 
