0.00000000 0.12596330 0.12355229 0.10521732 0.09436429 0.08727170 0.09060155 0.07986860 0.07478430 0.12786864 0.06247975 0.10654536 0.09356714 0.06738719 0.06744429 0.06527234 0.09122975 0.06972851 0.05887914 0.05883245 0.05112837 0.10454069 0.03952542 0.05909826 0.10875592 0.11993044 0.11624326 0.10091253 0.12570279 0.10938381 0.06015502 0.04977657 0.11569184 0.07213326 0.12272308 0.11773459 0.12688496 0.09117763 0.09959674 0.07057094 0.07148584 0.06653848 0.06401683 0.05882303 0.06552203 0.08116468 0.08588259 0.07528107 0.10013863 0.08285166 0.07415138 0.10176251 0.09560077 0.09151783 0.05903903 0.04804057 0.07993394 0.07526478 0.22122543 0.10568846 0.11595112 0.10298536 0.07604807 0.08158359 0.08232101 0.07096317 0.07923623 0.08116468 0.08116468 0.07980738 0.07148584 0.07249002 0.10107092 0.09503386 0.06482684 0.08451199 0.07728884 0.08524931 0.06970341 0.08260708 0.08333871 0.08684371 0.07319400 0.07007007 0.08731729 0.04635092 0.07762201 0.06570515 0.07553689 0.06586246 0.06755189 0.11344710 0.09509140 0.07775371 0.09068373 0.05660473 0.08135913 0.07014002 0.08909017 0.08991498 0.08515342 0.07469651 0.09264216 0.06626560 0.08684881 0.07084140 0.08254192 0.08178698 0.08812568 0.09398418 0.07591218 0.05907906 0.07427969 0.07709685 0.11225420 0.07203213 0.07544787 0.06025476 0.07812138 0.13690321 0.07148829 0.08264272 0.07145028 0.08245163 0.09979162 0.10669625 0.08532229 0.07074876 0.07389492 0.07446570 0.10602482 0.07180777 0.09548982 0.08449550 0.06643632 0.08336496 0.09121399 0.06762913 0.11882098 0.10853435 0.08790119 0.10556225 0.10216535 0.09192876 0.09291196 0.10741205 0.08344880 0.08078524 0.10768758 0.07670868 0.06660879 0.07971317 
0.12596330 0.00000000 0.07874852 0.13989265 0.09386916 0.09592714 0.07500769 0.06721475 0.05674310 0.06390002 0.07503214 0.07859903 0.05763279 0.05829882 0.05332585 0.05708406 0.09739358 0.05877940 0.06058754 0.02925823 0.06241727 0.04232393 0.08006843 0.08010486 0.09800344 0.11946934 0.11061621 0.16535161 0.12788257 0.08719319 0.09391374 0.12411568 0.11695896 0.10133657 0.06037193 0.09174802 0.07509323 0.13112823 0.11513864 0.07226692 0.05334996 0.04543407 0.05927836 0.11828312 0.04413565 0.06825395 0.13452266 0.11271055 0.07883356 0.04920819 0.08898323 0.09937753 0.13050350 0.09011364 0.09132160 0.06555545 0.05618054 0.08922513 0.11622790 0.08056982 0.08561993 0.17752016 0.06513181 0.20102362 0.05977750 0.07984947 0.07969361 0.06825395 0.06825395 0.09497824 0.05334996 0.10008272 0.08411630 0.07496414 0.04033353 0.07376955 0.09262303 0.07449466 0.06369546 0.10183782 0.11630569 0.10258123 0.05550787 0.09442991 0.12529128 0.11892823 0.06921736 0.05991825 0.07985982 0.10642913 0.05130609 0.12972562 0.10083190 0.11636416 0.08026335 0.07023292 0.07639077 0.05889713 0.08225246 0.07208952 0.06945047 0.03699666 0.11099097 0.11912530 0.06286155 0.07457268 0.12416552 0.10301717 0.07693521 0.09292185 0.10453828 0.03859706 0.11550353 0.13697466 0.12113693 0.06906743 0.13008961 0.04275003 0.09977338 0.00894233 0.05902084 0.08137873 0.13483673 0.08978399 0.08098801 0.08061914 0.05536823 0.07778363 0.11252807 0.06236858 0.13809799 0.06806635 0.08768909 0.07694323 0.08350830 0.05081795 0.10909139 0.03665220 0.07534724 0.11452344 0.07305424 0.07159749 0.08939315 0.07636828 0.07059524 0.07616577 0.09812533 0.09749776 0.08302167 0.09102868 0.09000909 0.10365009 
0.12355229 0.07874852 0.00000000 0.11383422 0.09030341 0.09670430 0.11528610 0.10454641 0.10979798 0.12832001 0.10109091 0.05948948 0.08236532 0.08776631 0.09510678 0.09368625 0.08698858 0.10425550 0.10400127 0.07893630 0.06537321 0.04966973 0.03406240 0.17074648 0.11652621 0.09302388 0.11453155 0.09805904 0.13224836 0.11504998 0.14245906 0.07896965 0.06395930 0.11619153 0.06427515 0.07504561 0.04394863 0.10388429 0.08765238 0.08053894 0.09092886 0.07657637 0.08575483 0.05617108 0.08647230 0.08418811 0.09175607 0.05380589 0.06723382 0.05860489 0.05559521 0.06251001 0.06758473 0.06886403 0.08142005 0.06948267 0.18898918 0.06004108 0.16058165 0.09064526 0.10499438 0.15854363 0.15778207 0.06191579 0.07868996 0.04760314 0.07681806 0.08418811 0.08418811 0.08570358 0.09092886 0.06011617 0.06569447 0.08291750 0.08746337 0.07561120 0.06817654 0.07216198 0.09016572 0.08261458 0.07913170 0.05570737 0.09760361 0.03865180 0.08007121 0.03998102 0.12827132 0.06491071 0.07358911 0.08405325 0.05268367 0.10308127 0.06606705 0.07381580 0.06607382 0.10606337 0.08646502 0.08269579 0.06340507 0.06891033 0.08788923 0.10053260 0.04657360 0.07236874 0.07242441 0.05177614 0.09192435 0.10621150 0.07727371 0.07755593 0.08139003 0.12375535 0.10706464 0.05770632 0.10181877 0.07772564 0.09852347 0.11698062 0.08443238 0.08839989 0.06537653 0.08002590 0.06053996 0.07265599 0.06073147 0.13245470 0.06792663 0.08185396 0.07335031 0.08083168 0.04871090 0.09052562 0.06641598 0.05604914 0.07235548 0.07563211 0.09633385 0.09918680 0.13149151 0.11031277 0.10008319 0.06273868 0.07892363 0.06040364 0.07984917 0.08361092 0.07481701 0.08532036 0.07274339 0.08775840 0.07171763 0.08738457 
0.10521732 0.13989265 0.11383422 0.00000000 0.11471017 0.19096978 0.06456641 0.07349970 0.07262971 0.03144298 0.08572541 0.08032337 0.06348249 0.06577332 0.06305183 0.07765726 0.09336122 0.07232318 0.06190595 0.06506633 0.09760284 0.05859354 0.11849251 0.07410425 0.32714697 0.09080369 0.11213932 0.11229834 0.09986590 0.14953421 0.05104323 0.05737737 0.09751649 0.08870649 0.06381885 0.07493020 0.07913622 0.10083556 0.09040299 0.07647263 0.07303936 0.06850798 0.06583421 0.08875210 0.06964204 0.07143749 0.11586220 0.06944118 0.06455217 0.07703620 0.06300253 0.07212476 0.09602741 0.06026591 0.09367983 0.10552654 0.08880501 0.05260116 0.07904519 0.12443341 0.12169181 0.10395643 0.07936311 0.13756843 0.08077670 0.16560343 0.06019210 0.07143749 0.07143749 0.10181459 0.07303936 0.06066124 0.09932538 0.07265203 0.10079498 0.11279336 0.07883575 0.10844165 0.07757706 0.07843488 0.07669799 0.08142360 0.07101011 0.05600575 0.06875710 0.07747301 0.08036385 0.07953744 0.09856911 0.06904781 0.07262286 0.06924955 0.07587651 0.11432299 0.08208012 0.04572652 0.07321113 0.06539767 0.13046862 0.07717663 0.06207870 0.07390309 0.09468886 0.10497134 0.08947315 0.09103619 0.12553007 0.08734653 0.04841921 0.06355302 0.08307015 0.10402706 0.10446445 0.10840067 0.08170354 0.10170900 0.11193136 0.09432690 0.10352263 0.05401568 0.06186635 0.06792119 0.06938794 0.07609090 0.13653465 0.09459200 0.14137139 0.07174525 0.10409921 0.09405501 0.07769212 0.06620835 0.07707261 0.07919240 0.06103232 0.04794419 0.07202341 0.06585695 0.07056695 0.09291838 0.07460531 0.07596740 0.06987022 0.07669490 0.07293328 0.08255637 0.06870872 0.07770706 0.07537700 0.07356031 0.07379613 0.07599052 
0.09436429 0.09386916 0.09030341 0.11471017 0.00000000 0.11100747 0.09892982 0.10217970 0.10447057 0.08685370 0.09326539 0.02723356 0.07402706 0.09406181 0.09105905 0.10544910 0.07800433 0.09480462 0.09785031 0.05229032 0.06096268 0.23880564 0.14263012 0.09019044 0.04560787 0.07120015 0.05532216 0.07153460 0.13006162 0.07649447 0.08583565 0.06712368 0.08525583 0.07063617 0.07158842 0.05214541 0.05936103 0.06128885 0.10054842 0.10173676 0.08058199 0.07106946 0.08230679 0.07813293 0.08796647 0.08267760 0.05216586 0.06914132 0.04745179 0.13355823 0.07153520 0.07050908 0.40463994 0.14843484 0.09856899 0.10867782 0.10516515 0.11145017 0.05300616 0.09860097 0.08983272 0.07197534 0.07917255 0.03356658 0.12371744 0.11044570 0.10437185 0.08267760 0.08267760 0.11161368 0.08058199 0.07957828 0.11490099 0.01293574 0.10598884 0.10256410 0.08941634 0.03876237 0.08249663 0.05170485 0.10446063 0.06879390 0.07578005 0.10671762 0.09255632 0.09838982 0.07967814 0.09406286 0.09057754 0.05093087 0.09118758 0.10449416 0.13215396 0.06147986 0.06689007 0.06561197 0.07371349 0.08042760 0.09636582 0.07516597 0.07902923 0.09250487 0.09691269 0.10285712 0.09393564 0.08642074 0.08121217 0.06097799 0.08514133 0.07111020 0.09282880 0.09019790 0.04300070 0.15430951 0.04971870 0.12206583 0.09626699 0.06886389 0.07387755 0.03396570 0.05654186 0.07660820 0.05214248 0.05598637 0.09186902 0.11940800 0.07643295 0.06854719 0.05930945 0.09669920 0.06109177 0.07535552 0.06219289 0.10316416 0.10130193 0.05450482 0.02621006 0.09357589 0.04579075 0.08060406 0.06290722 0.08096531 0.07255986 0.08228261 0.09223213 0.08333965 0.08299143 0.08478157 0.09142471 0.06196335 0.06102947 0.06946801 
0.08727170 0.09592714 0.09670430 0.19096978 0.11100747 0.00000000 0.05772464 0.10100799 0.10419563 0.05879740 0.07635726 0.07475213 0.09314591 0.08170066 0.08958131 0.07977614 0.08395658 0.09313672 0.08053855 0.05212792 0.16098554 0.08431283 0.10709484 0.07408257 0.24256707 0.06686087 0.06569890 0.04948970 0.10133507 0.13286235 0.05035467 0.07758491 0.05724536 0.07856046 0.05412503 0.04565796 0.04514615 0.12065348 0.07060758 0.10337951 0.08414999 0.09421477 0.09021652 0.06695203 0.07519086 0.08098349 0.06516122 0.05920515 0.06156036 0.05834999 0.12252529 0.09874090 0.03677686 0.06169525 0.08405185 0.05844429 0.07267631 0.07421537 0.07051080 0.05989898 0.07962827 0.07082068 0.06795929 0.15408335 0.06317599 0.22882550 0.09379043 0.08098349 0.08098349 0.08992508 0.08414999 0.03976370 0.07876182 0.08668811 0.07574438 0.13218271 0.06879517 0.13414681 0.07531259 0.08980179 0.04181219 0.06418336 0.08125401 0.09635637 0.14333762 0.05038660 0.06708658 0.09651529 0.09089924 0.06941749 0.06957007 0.07459998 0.05026269 0.06796197 0.06026330 0.06021314 0.10821902 0.08869062 0.06504161 0.13527487 0.07862632 0.08024819 0.08309875 0.03532377 0.04220449 0.10995877 0.08034716 0.09092641 0.08319232 0.08529054 0.12027931 0.09654386 0.08684727 0.08582756 0.03538670 0.05228876 0.10185978 0.09370688 0.06790555 0.07040453 0.06147862 0.07763428 0.07454828 0.05384903 0.23164187 0.08275455 0.26862857 0.08015751 0.06990940 0.08974501 0.07844965 0.08783493 0.10478136 0.06038710 0.06453954 0.10238922 0.10428630 0.06278853 0.13075992 0.08004701 0.08086796 0.09888583 0.08195211 0.06435185 0.07618700 0.09459828 0.07505733 0.07656469 0.09967865 0.06475378 0.06341732 0.07240550 
0.09060155 0.07500769 0.11528610 0.06456641 0.09892982 0.05772464 0.00000000 0.11753678 0.10464388 0.10140035 0.15770417 0.07174997 0.07140668 0.10921615 0.09788214 0.08807672 0.09509566 0.09131164 0.09700346 0.11368631 0.08105941 0.10118751 0.08498780 0.08944329 0.11635448 0.07391700 0.08794652 0.06562023 0.08781602 0.07746083 0.08095179 0.09999829 0.07392334 0.07578858 0.06570754 0.07588463 0.05747572 0.09278914 0.08902674 0.07331705 0.07759132 0.07184475 0.08013363 0.08132492 0.08456989 0.08647150 0.05488796 0.11655476 0.23947339 0.05022720 0.06643722 0.10070525 0.07817157 0.10868910 0.05460021 0.08986980 0.10085195 0.05212961 0.02990569 0.05927017 0.08357425 0.09657768 0.07819999 0.06696845 0.15631227 0.05244271 0.07631470 0.08647150 0.08647150 0.06854624 0.07759132 0.05326949 0.15263273 0.08930551 0.12838423 0.03811333 0.09625110 0.08939756 0.07197628 0.10936323 0.07812676 0.08642841 0.07774546 0.08906389 0.08867681 0.02693981 0.05615530 0.17534868 0.08986028 0.11074120 0.11130100 0.08862777 0.06817328 0.09053610 0.12827592 0.07133469 0.07814428 0.07281808 0.06717650 0.06461337 0.07453949 0.10521871 0.06832387 0.08905520 0.09334731 0.10368493 0.09074458 0.09305857 0.10452749 0.06083369 0.11176435 0.08343103 0.06885722 0.06704763 0.09139637 0.12339987 0.06164373 0.07734631 0.12386587 0.09229080 0.07637907 0.08025589 0.10574173 0.07377830 0.09945487 0.06435694 0.09469199 0.08902690 0.07638933 0.04999966 0.10606644 0.07479181 0.09625980 0.06292531 0.11947261 0.06874372 0.05206697 0.11442259 0.05774596 0.04247877 0.08039824 0.05619939 0.06781448 0.06382834 0.07367819 0.06215856 0.06699022 0.07389403 0.06380638 0.07818821 0.08394161 0.07154559 
0.07986860 0.06721475 0.10454641 0.07349970 0.10217970 0.10100799 0.11753678 0.00000000 0.14898401 0.11227056 0.14230510 0.08458793 0.10119396 0.12163983 0.12090810 0.12223750 0.08710007 0.13035043 0.10920757 0.10045162 0.09361208 0.08762769 0.07824950 0.08118906 0.07175222 0.08907291 0.07730363 0.08216224 0.07041179 0.07749930 0.08004739 0.08801653 0.07709138 0.06803138 0.08965711 0.07395274 0.07357291 0.07298673 0.07455554 0.09187279 0.09593050 0.09155271 0.09095351 0.08497368 0.09195649 0.10262187 0.08531950 0.06625991 0.09592298 0.08714059 0.08016064 0.07859505 0.08015999 0.10808665 0.07435863 0.06837046 0.08809461 0.09136151 0.07718168 0.07962320 0.08059239 0.06975355 0.08185760 0.07650831 0.08539137 0.07562392 0.08130351 0.10262187 0.10262187 0.07693529 0.09593050 0.08071696 0.06750702 0.07421638 0.08692393 0.07939878 0.07573005 0.06911813 0.08763165 0.07372785 0.07138344 0.07347658 0.08871356 0.07335714 0.07119322 0.07171900 0.07840260 0.08231831 0.06797641 0.07767381 0.08017250 0.07813650 0.07764290 0.07988368 0.08712554 0.08462600 0.07806610 0.09206660 0.08525965 0.08016434 0.08950712 0.08820330 0.08014195 0.07520604 0.08490791 0.07242956 0.07359306 0.07923628 0.07418427 0.07842802 0.06314768 0.09613801 0.07229598 0.08111208 0.07747113 0.08226322 0.06648191 0.09028309 0.08697584 0.07833629 0.10045333 0.09837639 0.08169155 0.08712313 0.08117262 0.06751984 0.07095757 0.09373414 0.08414235 0.08044397 0.08242451 0.09435726 0.07698895 0.08641841 0.08864347 0.07218530 0.07579605 0.06870736 0.07516472 0.07666181 0.08558381 0.08180186 0.07820508 0.08121968 0.08107888 0.08393792 0.08014553 0.08546505 0.08607008 0.08344345 0.08551718 0.08837845 
0.07478430 0.05674310 0.10979798 0.07262971 0.10447057 0.10419563 0.10464388 0.14898401 0.00000000 0.10565639 0.15252162 0.08644179 0.11261789 0.11396085 0.13795089 0.14007042 0.10037634 0.15135638 0.10224809 0.10647660 0.08516387 0.09455551 0.07189156 0.09075682 0.07591857 0.08352706 0.06929893 0.07752701 0.07435360 0.08437903 0.08834686 0.09527318 0.07740088 0.06634971 0.09933816 0.08285289 0.06769690 0.06113061 0.06767602 0.11538299 0.12268373 0.11536368 0.11185527 0.10365964 0.11557825 0.09904468 0.07978959 0.07324431 0.08850311 0.08931054 0.09390119 0.07887768 0.07456819 0.12477057 0.06792052 0.06697786 0.09138942 0.09469110 0.07719827 0.06934655 0.07341205 0.05717361 0.08360014 0.07043319 0.07256396 0.07368935 0.07808140 0.09904468 0.09904468 0.06746961 0.12268373 0.08651509 0.06005374 0.07801276 0.10405713 0.07881370 0.07364575 0.06634836 0.09786218 0.06705678 0.05774473 0.06180879 0.10164053 0.06727312 0.05983142 0.06616057 0.07168221 0.09073018 0.05951274 0.07541018 0.08791378 0.07202765 0.06967116 0.08312145 0.07761432 0.08946907 0.07978841 0.11570030 0.09135878 0.07847234 0.11206648 0.10167625 0.06839180 0.06788927 0.08839782 0.07332332 0.07008476 0.08019999 0.06675415 0.06614441 0.06027675 0.10317579 0.06990352 0.07429657 0.06384218 0.09169789 0.06797236 0.08655288 0.08243626 0.07761855 0.09129821 0.09482671 0.07736058 0.08323335 0.08231803 0.06309911 0.06951376 0.08982685 0.07992219 0.08768756 0.07540750 0.09040226 0.06842604 0.08194111 0.08542108 0.06796944 0.06659546 0.06435233 0.06917162 0.06680987 0.07995178 0.07605694 0.07116946 0.07532183 0.07455333 0.07950302 0.07321612 0.08106670 0.08350245 0.07855067 0.08059270 0.08536189 
0.12786864 0.06390002 0.12832001 0.03144298 0.08685370 0.05879740 0.10140035 0.11227056 0.10565639 0.00000000 0.13637575 0.25233530 0.19240963 0.11474378 0.12399993 0.10756289 0.07804796 0.09988310 0.07711965 0.19646083 0.10057213 0.13715101 0.05930171 0.03251528 0.06327251 0.08971830 0.06332713 0.09052924 0.04818537 0.05120631 0.04755884 0.06500926 0.10489944 0.11970708 0.18425635 0.08599651 0.19391824 0.09564944 0.08868914 0.09656418 0.07867323 0.11646461 0.08345756 0.07004408 0.07895079 0.08498625 0.03329831 0.13234759 0.05348091 0.07794466 0.08101938 0.08019995 0.10650105 0.08186837 0.05950011 0.07744209 0.07301484 0.06073919 0.10493867 0.05695136 0.07206368 0.04652378 0.05032751 0.03776688 0.06334336 0.06260463 0.14284146 0.08498625 0.08498625 0.11965923 0.07867323 0.03484461 0.04721016 0.10185840 0.10463510 0.07207322 0.07899765 0.10797965 0.08110276 0.04931368 0.03732130 0.07925856 0.07101357 0.08095023 0.03914615 0.05964096 0.11388389 0.12010030 0.06200542 0.08410134 0.05379290 0.07837021 0.06574967 0.08714001 0.05125196 0.07674795 0.08352553 0.06985185 0.05039964 0.04049437 0.08154483 0.09251186 0.04588802 0.09209479 0.08305168 0.05818015 0.06764000 0.04970137 0.09885389 0.05528424 0.07355914 0.05161541 0.07655633 0.04380228 0.04618965 0.09442234 0.06186941 0.07936064 0.06075103 0.05599722 0.12276997 0.08323229 0.04296120 0.05365101 0.04650140 0.05479874 0.06937663 0.06981011 0.07385773 0.05585837 0.21315409 0.07420160 0.07053134 0.08539079 0.11114055 0.15259885 0.08606684 0.11966802 0.21332709 0.09933076 0.07160582 0.10490631 0.09787878 0.09117340 0.08414458 0.12343738 0.09674253 0.08948211 0.09274776 0.07058907 0.07460277 0.08426916 
0.06247975 0.07503214 0.10109091 0.08572541 0.09326539 0.07635726 0.15770417 0.14230510 0.15252162 0.13637575 0.00000000 0.07175145 0.09596566 0.13699810 0.14907046 0.12323060 0.06244449 0.13793831 0.08568950 0.14461196 0.11499437 0.07270966 0.05197900 0.06910987 0.04993680 0.05315691 0.05095024 0.07709378 0.06386930 0.05964067 0.09686789 0.09084116 0.06146282 0.07352935 0.06584172 0.08193030 0.06951827 0.06045866 0.06753689 0.11956273 0.11124285 0.13072723 0.12433067 0.10976988 0.10237946 0.09260888 0.09012333 0.12217855 0.13547597 0.10868684 0.10282979 0.05702542 0.07984187 0.09850813 0.08318913 0.06044936 0.08207504 0.07459895 0.10405043 0.06404290 0.06341319 0.06124967 0.06394354 0.05924686 0.05072821 0.06817234 0.11007808 0.09260888 0.09260888 0.06727051 0.11124285 0.07963545 0.08522447 0.07077198 0.08816338 0.07478127 0.08285165 0.05174303 0.08468816 0.07477962 0.06908987 0.04831938 0.09032708 0.11770614 0.06845162 0.05724325 0.06574961 0.16174186 0.08802705 0.09062588 0.07013881 0.06814676 0.09368051 0.09137801 0.07978795 0.10545026 0.07217889 0.10023668 0.08229417 0.06964872 0.09694275 0.08622144 0.07313553 0.08916211 0.13285606 0.10456201 0.06808980 0.07584995 0.07822608 0.07467412 0.08899953 0.07536080 0.05445474 0.07712706 0.07999146 0.13401215 0.07464371 0.08437721 0.06810359 0.10949684 0.07472810 0.08733975 0.08136860 0.07196992 0.07136792 0.10190891 0.05984413 0.07893070 0.06883675 0.07601184 0.06260507 0.07994029 0.06483448 0.10487792 0.07538360 0.11753090 0.07289957 0.08532279 0.07601906 0.06147506 0.06352807 0.06448650 0.06130217 0.06938454 0.06269343 0.07916687 0.06890756 0.06625459 0.07308303 0.06468221 0.06812458 0.07738429 
0.10654536 0.07859903 0.05948948 0.08032337 0.02723356 0.07475213 0.07174997 0.08458793 0.08644179 0.25233530 0.07175145 0.00000000 0.07242902 0.07919457 0.07645807 0.07251955 0.10709636 0.07791655 0.08993797 0.13186609 0.10811181 0.06040005 0.16718146 0.04662499 0.02825075 0.07157824 0.10644097 0.06186551 0.06842954 0.08736037 0.06741386 0.06377809 0.06213657 0.13795857 0.10911340 0.13642283 0.12669314 0.06260917 0.08801571 0.07415483 0.07825647 0.08660933 0.07689319 0.07226227 0.08038662 0.07555906 0.08836275 0.12024688 0.07547973 0.08480458 0.06463401 0.08574954 0.08971812 0.07785474 0.03717453 0.04906827 0.05700983 0.06449981 0.11044550 0.09079677 0.15838428 0.09358685 0.06331115 0.08394924 0.06020269 0.12706741 0.08871668 0.07555906 0.07555906 0.05172570 0.07825647 0.08293977 0.05847642 0.07537055 0.08785679 0.13360050 0.08017186 0.08343438 0.06959982 0.04635223 0.07501917 0.09419766 0.07854613 0.05605705 0.03695531 0.06745328 0.09084930 0.09880700 0.04011872 0.06906656 0.06483538 0.08771625 0.06220768 0.04478621 0.11654645 0.12055528 0.06752732 0.08309785 0.09460853 0.07349113 0.07438774 0.09343770 0.04437031 0.03309974 0.06078398 0.06506813 0.02035207 0.10720851 0.11275526 0.09901845 0.05188778 0.07575348 0.08593059 0.03229956 0.04968058 0.08837023 0.07152416 0.06788460 0.06848462 0.08161026 0.08514131 0.07109790 0.09823510 0.08694931 0.08023586 0.08063186 0.09337722 0.07101668 0.08064481 0.05886153 0.16508234 0.06408275 0.06250802 0.09699658 0.08166033 0.44984421 0.09889687 0.09781691 0.30381899 0.22754628 0.08349338 0.10260374 0.08701497 0.07940267 0.08668662 0.09266428 0.07167705 0.05647602 0.07344966 0.07722826 0.06698340 0.07205472 
0.09356714 0.05763279 0.08236532 0.06348249 0.07402706 0.09314591 0.07140668 0.10119396 0.11261789 0.19240963 0.09596566 0.07242902 0.00000000 0.14012364 0.15021295 0.13309532 0.06153745 0.12131545 0.08771441 0.08284765 0.12816067 0.09034307 0.05988093 0.07190753 0.10037180 0.04866756 0.07173062 0.08004074 0.07149840 0.07194306 0.07727769 0.05799689 0.07009730 0.06158693 0.07945803 0.07387906 0.11124112 0.05879700 0.09098563 0.10042248 0.09998080 0.09865281 0.10251294 0.08682388 0.10204743 0.08598702 0.10235493 0.09262693 0.07427325 0.08395559 0.11328876 0.04458549 0.08040040 0.07736819 0.05175318 0.06724252 0.08732350 0.06967746 0.07311211 0.07545568 0.08501325 0.06395990 0.06144899 0.07719152 0.07050597 0.07281518 0.11119623 0.08598702 0.08598702 0.07060194 0.09998080 0.06687931 0.06046934 0.09532874 0.15495971 0.07465182 0.05342137 0.11552042 0.11276810 0.13216735 0.07738147 0.08642349 0.10386069 0.13623056 0.05781078 0.06735760 0.09991902 0.10089403 0.14246901 0.11101634 0.08654162 0.09001676 0.08923396 0.15001493 0.06332417 0.09488163 0.16223754 0.08818991 0.07069235 0.08562624 0.09087493 0.13558132 0.06520361 0.07406748 0.08613098 0.10186676 0.06364604 0.06510106 0.05723955 0.06287005 0.07029244 0.08169605 0.06615157 0.08329445 0.06630128 0.08166954 0.06100893 0.07500123 0.09482156 0.11249767 0.07319418 0.08112327 0.05726415 0.07560625 0.08822367 0.04833213 0.11093535 0.07272227 0.05747832 0.08196210 0.05518402 0.07479388 0.08657360 0.08460983 0.07634341 0.13404409 0.05658484 0.05868333 0.11495150 0.05245567 0.07093907 0.07808742 0.07062328 0.07494261 0.06217773 0.06565886 0.07540301 0.07885296 0.09305266 0.05798178 0.06104396 0.07286401 
0.06738719 0.05829882 0.08776631 0.06577332 0.09406181 0.08170066 0.10921615 0.12163983 0.11396085 0.11474378 0.13699810 0.07919457 0.14012364 0.00000000 0.19574797 0.16171649 0.10413304 0.12301115 0.12213371 0.10124616 0.07675740 0.09275749 0.07026328 0.08081488 0.06838487 0.07138597 0.06049292 0.06227485 0.05771345 0.07162604 0.08287157 0.06169064 0.07187226 0.06084659 0.07187358 0.08954147 0.07654572 0.06051913 0.08133255 0.10823947 0.08916080 0.12325573 0.13851199 0.08202365 0.10832196 0.09561051 0.08445284 0.06918378 0.08584914 0.09056784 0.07621660 0.08154348 0.07873145 0.07821007 0.07260630 0.06756418 0.10929630 0.08410391 0.07986185 0.07327716 0.10899437 0.05503637 0.09528311 0.06407815 0.07236017 0.09254525 0.08283881 0.09561051 0.09561051 0.06985129 0.08916080 0.08617953 0.06058706 0.07304456 0.08993382 0.07544590 0.07592386 0.05824804 0.12476445 0.06136165 0.05550810 0.06377413 0.09645439 0.07647910 0.08245137 0.07767734 0.06920208 0.12634730 0.08039362 0.09452604 0.07229914 0.06955261 0.09528163 0.09743736 0.08063229 0.13839110 0.07700358 0.08430539 0.06701288 0.07687660 0.09488111 0.09109499 0.06135261 0.07972841 0.07925489 0.06959697 0.06842008 0.08283412 0.06317031 0.06946679 0.06188339 0.11324121 0.05410544 0.08378469 0.07176253 0.09345466 0.06637800 0.08150450 0.08020595 0.09511892 0.08187394 0.09131223 0.08233368 0.09157561 0.07605192 0.06586957 0.09628296 0.08532554 0.10182304 0.07588526 0.07095022 0.08584140 0.06678058 0.07650268 0.10290054 0.08785105 0.07470209 0.07120290 0.06874706 0.04504732 0.08422047 0.09835342 0.08781256 0.08856835 0.08238726 0.07995310 0.08391210 0.08781949 0.07931468 0.07291618 0.07528783 0.08210630 
0.06744429 0.05332585 0.09510678 0.06305183 0.09105905 0.08958131 0.09788214 0.12090810 0.13795089 0.12399993 0.14907046 0.07645807 0.15021295 0.19574797 0.00000000 0.17475934 0.11337076 0.14595302 0.11283071 0.10465940 0.08005320 0.10123822 0.06882406 0.08425671 0.06564492 0.06510886 0.05854542 0.05690052 0.05465974 0.07415687 0.08666992 0.06265658 0.07422972 0.06005675 0.07696867 0.09189880 0.06603912 0.05304818 0.07894030 0.12411099 0.11537419 0.13552449 0.15226003 0.09480079 0.12059188 0.09582532 0.07289874 0.06226333 0.08558998 0.08948850 0.08378752 0.08231218 0.06664246 0.09547338 0.06822309 0.05990941 0.10465661 0.09105104 0.08446470 0.06654112 0.11158547 0.05421160 0.09389459 0.06131230 0.07002056 0.09233573 0.07174163 0.09582532 0.09582532 0.06188416 0.11537419 0.09305316 0.05786629 0.07208460 0.09909775 0.06547944 0.08108493 0.06113695 0.13140106 0.05632226 0.05313283 0.05940791 0.10480571 0.07295123 0.07861994 0.07977660 0.06507460 0.13143144 0.07368765 0.08763314 0.07707903 0.06347063 0.09191073 0.09934344 0.07197349 0.14709256 0.07321337 0.10697737 0.06690849 0.07230858 0.11204457 0.09994508 0.05195509 0.07861078 0.08415031 0.06832827 0.06541084 0.08860673 0.05634615 0.06659239 0.06186600 0.11860463 0.05557894 0.08061407 0.06221390 0.09563063 0.06449580 0.08224819 0.07868650 0.09321234 0.07361009 0.09157731 0.07112319 0.08385059 0.06957651 0.05619080 0.09343494 0.08532166 0.09281096 0.07885709 0.06044426 0.08591277 0.06692447 0.07691721 0.09296571 0.08177608 0.06750328 0.05523038 0.06243054 0.04265137 0.07815991 0.09101368 0.07912005 0.08044189 0.07782766 0.07495311 0.07917726 0.08351589 0.07856767 0.07188913 0.07431125 0.08153878 
0.06527234 0.05708406 0.09368625 0.07765726 0.10544910 0.07977614 0.08807672 0.12223750 0.14007042 0.10756289 0.12323060 0.07251955 0.13309532 0.16171649 0.17475934 0.00000000 0.12264304 0.14796609 0.11749083 0.09856694 0.07972887 0.09401368 0.08287972 0.09209020 0.07521037 0.07756819 0.05975021 0.06430856 0.05930548 0.07329678 0.08923559 0.06434319 0.07012874 0.06276691 0.08271426 0.08015824 0.07621596 0.05626530 0.08009757 0.10865337 0.11675166 0.10855995 0.11229213 0.09968057 0.12429424 0.09681962 0.08257260 0.06645679 0.08780450 0.08498297 0.08856154 0.07993133 0.07562001 0.09772494 0.07430133 0.06721399 0.11535982 0.08008424 0.08114756 0.07318805 0.09180959 0.05286474 0.10235507 0.06126388 0.07843321 0.09076051 0.07593886 0.09681962 0.09681962 0.05957331 0.11675166 0.07697182 0.05667068 0.06786686 0.10362040 0.06579498 0.07849293 0.06478089 0.13774539 0.06402550 0.05287494 0.06722952 0.10772772 0.06050313 0.07534588 0.06499651 0.07495636 0.09949757 0.06350196 0.06860603 0.07772573 0.06228782 0.07483803 0.09166062 0.07852235 0.11886268 0.07838321 0.10884030 0.07082787 0.07366262 0.11528277 0.10326288 0.05831313 0.06814460 0.09052520 0.06556605 0.06595916 0.09859338 0.06170405 0.07359434 0.05801981 0.12842940 0.05781423 0.07544343 0.07042949 0.09687249 0.06205162 0.08393524 0.08067323 0.08283209 0.07748597 0.09287127 0.07925966 0.08856761 0.07523130 0.06486561 0.07427313 0.08711400 0.10093327 0.08932706 0.07010479 0.08762574 0.06692859 0.07844757 0.09739084 0.08051780 0.06148763 0.07054713 0.07022786 0.05188349 0.08220678 0.09589498 0.08489188 0.08579350 0.08193246 0.07937108 0.08344686 0.08716005 0.07940272 0.07334245 0.07570496 0.08234559 
0.09122975 0.09739358 0.08698858 0.09336122 0.07800433 0.08395658 0.09509566 0.08710007 0.10037634 0.07804796 0.06244449 0.10709636 0.06153745 0.10413304 0.11337076 0.12264304 0.00000000 0.10968842 0.10825674 0.08769673 0.05010355 0.12045115 0.09368970 0.06600045 0.08227308 0.09032190 0.07558339 0.09602055 0.08985959 0.08500390 0.07070059 0.08239441 0.08874419 0.11268941 0.07132572 0.08168086 0.07993494 0.08982313 0.07217903 0.08280307 0.09449738 0.08019482 0.07542199 0.09651771 0.09149879 0.08044711 0.05440542 0.05158894 0.08068512 0.15646081 0.07389099 0.08798638 0.06866152 0.10170520 0.08109017 0.08251908 0.09161481 0.06504786 0.06850343 0.05949989 0.05242408 0.09376320 0.12674439 0.08116145 0.05493001 0.09279540 0.11437814 0.08044711 0.08044711 0.08677420 0.09449738 0.08967513 0.08027960 0.07608316 0.08038513 0.08951452 0.12204481 0.06343882 0.09264582 0.13400856 0.10575318 0.04956909 0.07767248 0.05349432 0.09662577 0.07064122 0.11763162 0.06739213 0.09195561 0.10271898 0.09431111 0.07071346 0.08022937 0.09678557 0.11696315 0.07567240 0.08614794 0.07857931 0.07390316 0.09043359 0.09985050 0.08406137 0.12342282 0.10302587 0.06740362 0.06060775 0.06507134 0.12253202 0.08071335 0.07814992 0.12625648 0.10844103 0.06527462 0.09212689 0.06815855 0.06949467 0.12693307 0.07855099 0.11827755 0.05578653 0.07252830 0.07370511 0.11425386 0.05222296 0.07561313 0.05612371 0.11495907 0.06984648 0.06710933 0.08486750 0.05339171 0.06835101 0.06572070 0.06641979 0.09807950 0.09296721 0.10418592 0.05508111 0.08322063 0.10472594 0.09059876 0.06943283 0.08766200 0.09526501 0.06559938 0.07501918 0.07856272 0.06862577 0.06454571 0.08938235 0.09442318 0.08062466 
0.06972851 0.05877940 0.10425550 0.07232318 0.09480462 0.09313672 0.09131164 0.13035043 0.15135638 0.09988310 0.13793831 0.07791655 0.12131545 0.12301115 0.14595302 0.14796609 0.10968842 0.00000000 0.10689196 0.10068338 0.08884352 0.09910673 0.07167517 0.09139371 0.07557787 0.07517295 0.06699972 0.07008608 0.07048848 0.07874822 0.08896000 0.07970248 0.07688718 0.07648295 0.08981602 0.08393891 0.06207230 0.06107135 0.07155319 0.11766289 0.12494457 0.11764721 0.11396682 0.10610336 0.11774723 0.10128812 0.08056780 0.06687796 0.09705235 0.08159770 0.09567016 0.07756630 0.07792679 0.10802064 0.06694526 0.07062449 0.09759348 0.08266933 0.08034459 0.06901409 0.07967048 0.05896750 0.08518427 0.07093037 0.07224807 0.07879703 0.07749934 0.10128812 0.10128812 0.06584417 0.12494457 0.08780103 0.06704735 0.07431325 0.10602901 0.07615075 0.07055750 0.06914974 0.10052885 0.07087602 0.06493542 0.05671210 0.10436804 0.06879408 0.06173105 0.06471756 0.07211826 0.09339514 0.06648381 0.07372542 0.08418819 0.07871722 0.07065658 0.09141333 0.07299271 0.09176489 0.08170851 0.11790742 0.07998957 0.07670178 0.11418958 0.10395209 0.06500294 0.06980840 0.09075661 0.07360664 0.06638767 0.07969118 0.06362922 0.06013347 0.06622894 0.10959520 0.07659717 0.07718938 0.06411680 0.09428489 0.07171972 0.08766709 0.08322698 0.08337953 0.08410651 0.09711029 0.07945955 0.08403065 0.07862644 0.06026642 0.07770680 0.09148678 0.08030824 0.08437496 0.07957739 0.09206785 0.07020794 0.08264350 0.08642950 0.07323287 0.06861236 0.06622078 0.06977270 0.06108164 0.08168519 0.07570433 0.07095826 0.07504060 0.07436165 0.07908129 0.07314124 0.08091445 0.08317007 0.07852708 0.08059422 0.08531963 
0.05887914 0.06058754 0.10400127 0.06190595 0.09785031 0.08053855 0.09700346 0.10920757 0.10224809 0.07711965 0.08568950 0.08993797 0.08771441 0.12213371 0.11283071 0.11749083 0.10825674 0.10689196 0.00000000 0.09097498 0.08649885 0.08284763 0.08422839 0.08388411 0.07131568 0.08952843 0.08989442 0.06937052 0.06674208 0.07021946 0.06589800 0.12316777 0.07584361 0.07575250 0.07366631 0.11910897 0.10039965 0.05441217 0.07544669 0.08672159 0.09143144 0.08606807 0.09834594 0.08481751 0.11127306 0.09849614 0.07151770 0.06563965 0.08272566 0.07563902 0.11611623 0.08496867 0.07367812 0.07926571 0.07513134 0.07381791 0.11445814 0.06612990 0.06567029 0.06587475 0.10136518 0.07845560 0.08235793 0.08377662 0.06677663 0.09019164 0.06807736 0.09849614 0.09849614 0.07798300 0.09143144 0.07597581 0.06771929 0.07113345 0.09241379 0.07818274 0.07198213 0.07148428 0.09483858 0.08225670 0.06127293 0.06854530 0.09984835 0.08502947 0.09853429 0.07990377 0.08722723 0.09561050 0.08740245 0.07080634 0.07657748 0.07401870 0.07845880 0.08819280 0.09409402 0.08370859 0.08148142 0.08624529 0.08208725 0.08218972 0.12124943 0.09392075 0.06004801 0.07255021 0.08163077 0.12129303 0.06899892 0.07556858 0.09465505 0.07504245 0.06093361 0.09915470 0.06361889 0.11018502 0.07891949 0.09258494 0.08202944 0.08346224 0.07959132 0.08667502 0.08468965 0.09416241 0.07488811 0.07963395 0.08331316 0.06461884 0.06976537 0.08733356 0.10702429 0.06894397 0.13115595 0.08809774 0.07508271 0.07819608 0.15376927 0.08232339 0.08210038 0.09658344 0.10395356 0.07746870 0.08443407 0.08395610 0.07968200 0.07741075 0.06575204 0.07229671 0.06492040 0.07445020 0.07824573 0.07228724 0.07471945 0.08175233 
0.05883245 0.02925823 0.07893630 0.06506633 0.05229032 0.05212792 0.11368631 0.10045162 0.10647660 0.19646083 0.14461196 0.13186609 0.08284765 0.10124616 0.10465940 0.09856694 0.08769673 0.10068338 0.09097498 0.00000000 0.08967428 0.15176339 0.08735736 0.05309305 0.03444482 0.05993890 0.07548597 0.09192637 0.05334658 0.04819556 0.04675163 0.07211269 0.07925971 0.09222401 0.20677296 0.06130931 0.16480983 0.10280838 0.09373483 0.08413411 0.09387058 0.08854078 0.09788757 0.10591055 0.10208815 0.08478364 0.05244476 0.14087782 0.07520566 0.07535927 0.06498776 0.12014989 0.05284215 0.07188045 0.07435807 0.09611554 0.06823954 0.06794198 0.06922716 0.03191885 0.07506555 0.05601214 0.05277553 0.05781131 0.04607097 0.10037241 0.14788268 0.08478364 0.08478364 0.06871149 0.09387058 0.11264462 0.04820907 0.08118189 0.07333811 0.05428472 0.06591726 0.08151642 0.07817468 0.04751654 0.08271771 0.06749739 0.08684727 0.05279598 0.07998186 0.09287085 0.09550874 0.12077440 0.05715118 0.08071311 0.12851453 0.06981689 0.08237870 0.03826216 0.07457554 0.07191832 0.10893968 0.08086272 0.06433655 0.14600532 0.08817554 0.07666662 0.06727314 0.04331460 0.10070308 0.03076375 0.07115623 0.07271805 0.08837110 0.03539215 0.11870553 0.07574429 0.04006817 0.06245805 0.09159742 0.09329754 0.04504689 0.06405129 0.07621227 0.06636619 0.06782666 0.09110856 0.05882897 0.06045788 0.06852598 0.05985499 0.06591751 0.10522958 0.05951661 0.10675500 0.24170215 0.07895256 0.06454343 0.06974121 0.08337963 0.13652689 0.05121428 0.13023573 0.14957825 0.10517191 0.09719459 0.10975670 0.09646358 0.09574417 0.09157030 0.10156329 0.11426111 0.11151207 0.12616339 0.09920178 0.09232848 0.09336954 
0.05112837 0.06241727 0.06537321 0.09760284 0.06096268 0.16098554 0.08105941 0.09361208 0.08516387 0.10057213 0.11499437 0.10811181 0.12816067 0.07675740 0.08005320 0.07972887 0.05010355 0.08884352 0.08649885 0.08967428 0.00000000 0.14844155 0.11568944 0.11636377 0.05963031 0.04006472 0.09182932 0.06900699 0.06697876 0.09448935 0.09147389 0.12758406 0.11629041 0.11147634 0.08948508 0.09764847 0.05870510 0.08143825 0.05435132 0.07135250 0.08253434 0.07329217 0.08241722 0.05734944 0.07903400 0.09057531 0.10303073 0.11613308 0.08872450 0.04543556 0.05784989 0.05876708 0.05357525 0.08421346 0.07012670 0.08388435 0.12449612 0.07358922 0.07322480 0.03976412 0.08456927 0.04817589 0.06049652 0.07148110 0.06567088 0.05630143 0.06552601 0.09057531 0.09057531 0.08135363 0.08253434 0.08736509 0.05271702 0.07180799 0.09502902 0.04524338 0.07919593 0.06166930 0.07059935 0.09676593 0.13169081 0.11134130 0.07477951 0.09859385 0.04915552 0.05373810 0.09183563 0.11212459 0.07364869 0.09646957 0.07170200 0.09364552 0.05465096 0.06188444 0.06730159 0.08931244 0.08315965 0.07668448 0.12031036 0.08888504 0.08134530 0.06286539 0.14509877 0.07905505 0.08913566 0.08299056 0.08550023 0.07797601 0.11877096 0.08945951 0.05881113 0.10409662 0.07495920 0.07672562 0.04473344 0.08264676 0.06809288 0.15171145 0.12422657 0.03773835 0.11530479 0.08486751 0.07425396 0.09137490 0.12518786 0.05615595 0.07094647 0.08067063 0.06069401 0.04524572 0.12431424 0.10092767 0.11806219 0.15375649 0.07522659 0.14683090 0.07306030 0.18074396 0.05449563 0.05906335 0.11127503 0.07230936 0.07612411 0.08437726 0.07563952 0.07532813 0.09259618 0.10000151 0.10401223 0.09765699 0.10639831 0.07711898 
0.10454069 0.04232393 0.04966973 0.05859354 0.23880564 0.08431283 0.10118751 0.08762769 0.09455551 0.13715101 0.07270966 0.06040005 0.09034307 0.09275749 0.10123822 0.09401368 0.12045115 0.09910673 0.08284763 0.15176339 0.14844155 0.00000000 0.08705362 0.09346502 0.10701246 0.10063719 0.04378607 0.12597063 0.07356684 0.04745667 0.06882274 0.08888490 0.13755281 0.05161185 0.15836517 0.08582128 0.10050861 0.09724143 0.10746284 0.07884959 0.09169574 0.07769458 0.09985127 0.07253648 0.09076790 0.08104487 0.13389758 0.13373534 0.10921368 0.05296108 0.07874143 0.09097045 0.26137688 0.08878189 0.10466278 0.03995785 0.06234000 0.06089622 0.04692477 0.04770348 0.06257481 0.06087756 0.04673883 0.05183537 0.08044140 0.07665868 0.05199193 0.08104487 0.08104487 0.07884169 0.09169574 0.06514314 0.06683541 0.08392255 0.09451222 0.09660957 0.08208352 0.06511225 0.07456794 0.12582966 0.09143256 0.08640592 0.07959292 0.06861115 0.08428619 0.03481593 0.09300991 0.09413842 0.08784936 0.07596894 0.06105570 0.04300020 0.04735396 0.07293369 0.08230673 0.05870434 0.08637759 0.08357772 0.03796714 0.10935917 0.07806092 0.06670608 0.09296063 0.05003366 0.07780574 0.07482745 0.05639639 0.06973920 0.11419246 0.08883000 0.06422991 0.07608278 0.09581291 0.12584525 0.07286595 0.09644136 0.09696101 0.05972388 0.07211082 0.05293945 0.08462419 0.09010055 0.09847004 0.05905713 0.04939834 0.08955336 0.06039563 0.09943623 0.08635135 0.09182410 0.11336973 0.08187775 0.05774569 0.09168469 0.08397612 0.05670041 0.07556909 0.11264098 0.08837939 0.05871277 0.12162715 0.08686440 0.08867403 0.07634508 0.10860847 0.08506870 0.09670091 0.08731263 0.09658623 0.08776536 0.09541927 0.08797752 
0.03952542 0.08006843 0.03406240 0.11849251 0.14263012 0.10709484 0.08498780 0.07824950 0.07189156 0.05930171 0.05197900 0.16718146 0.05988093 0.07026328 0.06882406 0.08287972 0.09368970 0.07167517 0.08422839 0.08735736 0.11568944 0.08705362 0.00000000 0.09200286 0.08086000 0.06917944 0.08246979 0.09751142 0.10652615 0.09873018 0.08290937 0.08769286 0.06924148 0.11765751 0.05737252 0.05581533 0.09510074 0.10789890 0.05495439 0.06479334 0.07013330 0.07842932 0.06780094 0.05985111 0.06669447 0.08164620 0.09514961 0.12599904 0.05693964 0.06691967 0.08957802 0.04543330 0.10092424 0.06870345 0.10213005 0.15184521 0.09146847 0.07093343 0.08022128 0.07697935 0.08302715 0.12493054 0.09777477 0.10795986 0.08925885 0.13071887 0.06170692 0.08164620 0.08164620 0.06532779 0.07013330 0.09791946 0.09787154 0.02081700 0.07757315 0.09608556 0.09205954 0.08202340 0.08589355 0.03066931 0.04787316 0.06531336 0.07787942 0.06004991 0.10689128 0.07513034 0.06522603 0.08549362 0.10828149 0.04279474 0.10610351 0.12258056 0.09228840 0.06108680 0.09047274 0.09348852 0.11510097 0.08768677 0.08007948 0.08268165 0.09453058 0.09137386 0.04680812 0.10843816 0.06915006 0.05295701 0.08346699 0.07458171 0.11359393 0.13676036 0.10583128 0.10954820 0.06618854 0.07278262 0.09866557 0.09527930 0.09632968 0.06688680 0.09236706 0.06721212 0.07706467 0.07739310 0.10309825 0.04810020 0.10240583 0.08774306 0.19247115 0.06272698 0.07934735 0.15942349 0.23509795 0.07097357 0.11040757 0.05208264 0.10392044 0.14492827 0.07826800 0.10010437 0.07280121 0.14167528 0.07607511 0.05027679 0.07524462 0.06274549 0.09013196 0.07877258 0.06091944 0.06682511 0.06256743 0.07478019 0.06911870 0.07667867 
