0.00000000 0.38051329 0.13429168 0.11998736 0.20478284 0.22038427 0.17940804 0.15181078 0.12884786 0.18435101 0.15045729 0.11528068 0.10767062 0.15286904 0.12651883 0.05128565 0.13920728 0.06422348 0.11212127 0.11092169 0.07041769 0.08307932 0.20394306 0.10312655 0.15330094 0.22209455 0.14979782 0.09968278 0.05752253 0.11047663 0.17558524 0.17398542 0.09624154 0.08472368 0.11576734 0.04643302 0.04896940 0.11031894 0.12602892 0.20028036 0.18695922 0.17024261 0.20854321 0.06445287 0.13267560 0.05252583 0.05284129 0.11445570 0.15163688 0.07297907 0.08600664 0.21236956 0.14447310 0.18735968 0.08978912 0.08123909 0.06089156 0.15416759 0.08708630 0.15137663 0.10809132 0.12412530 0.17656264 0.16374888 0.08021278 0.15052847 0.09894942 0.14078647 0.11674379 0.19976953 0.18020662 0.14208763 0.26012473 0.18803149 0.12799240 0.10663398 0.12140748 0.10045555 0.12102956 0.10612277 0.13882981 0.09205341 0.10037948 0.13824890 0.14202035 0.13925760 0.12473472 0.11125653 0.11766870 0.18631071 0.12241246 0.13142614 0.11196375 0.12989913 0.09091990 0.09383064 0.13169105 
0.38051329 0.00000000 0.10712048 0.14066981 0.16331998 0.18378471 0.22814468 0.14378517 0.11200516 0.14108041 0.13578206 0.12371177 0.13550900 0.11797201 0.15656958 0.05782869 0.08920046 0.07559862 0.12428465 0.07243716 0.15279372 0.11220618 0.20592164 0.14289845 0.17398211 0.17888682 0.07554225 0.11504952 0.08856209 0.11340708 0.11257965 0.14899692 0.09848280 0.13246875 0.12643773 0.05599333 0.14669831 0.14867093 0.12189629 0.10516342 0.14132292 0.18057564 0.14946649 0.08115410 0.14774661 0.07611368 0.10027988 0.14467019 0.11709517 0.07353360 0.10469194 0.22518450 0.11499154 0.19798605 0.11113991 0.05145142 0.11522796 0.17395080 0.05491157 0.13045530 0.17033077 0.21008867 0.14287683 0.18315957 0.12565807 0.08873509 0.14515279 0.13162936 0.14121657 0.14652757 0.17339100 0.04171101 0.25450416 0.12749509 0.14679660 0.09514171 0.11992958 0.18326689 0.13914373 0.01837118 0.04832339 0.14262453 0.13877794 0.17212549 0.12604665 0.12517868 0.11612681 0.17744094 0.12921846 0.15276961 0.09279781 0.19109049 0.12983633 0.14659940 0.13555730 0.08301449 0.15979724 
0.13429168 0.10712048 0.00000000 0.30663077 0.27071607 0.10168859 0.23240267 0.15275709 0.15531956 0.12351999 0.10727008 0.13887610 0.12666572 0.10576900 0.12971868 0.19403328 0.21885932 0.10224904 0.15660739 0.13311248 0.12416443 0.08366588 0.09583981 0.09925990 0.10868152 0.11685832 0.17737597 0.12492061 0.10931024 0.12249719 0.11955081 0.18469255 0.13747926 0.07905298 0.05220350 0.11712611 0.10893294 0.13276331 0.08875240 0.10756720 0.07901985 0.08068137 0.07977535 0.13443345 0.17859076 0.13302395 0.09406984 0.12267045 0.12002867 0.10837347 0.16210438 0.05286972 0.11763740 0.12705032 0.10472689 0.05036127 0.13099156 0.08914386 0.09306592 0.11890976 0.12664092 0.13707429 0.14657766 0.10989831 0.13338582 0.15572671 0.13503128 0.13153989 0.13483550 0.11369310 0.13650378 0.18749400 0.19694299 0.21339712 0.17042099 0.09687817 0.18475019 0.14981046 0.15614035 0.17681953 0.11548685 0.10736852 0.10284709 0.08370905 0.19107999 0.10923372 0.10602240 0.13063204 0.18616324 0.16983728 0.05933041 0.10999984 0.15499972 0.14601041 0.17371573 0.13001157 0.13201667 
0.11998736 0.14066981 0.30663077 0.00000000 0.35200088 0.18661204 0.29704479 0.18422466 0.10694256 0.21192136 0.15708783 0.10781521 0.14430539 0.09523222 0.06595742 0.09139258 0.11914676 0.12050041 0.12790377 0.08788759 0.13706322 0.08910253 0.07060375 0.09931289 0.17592880 0.16261681 0.09495161 0.06089228 0.09781436 0.12457143 0.13160254 0.07991724 0.10142324 0.10172049 0.12935853 0.11798793 0.13146945 0.16205877 0.15754704 0.08287051 0.08267202 0.13295446 0.11936748 0.12770925 0.16574949 0.15491879 0.16177192 0.11655671 0.10333947 0.10677699 0.15663814 0.12690014 0.05228948 0.15853837 0.06776082 0.16131289 0.12346999 0.15996889 0.07589635 0.22832099 0.18393939 0.08093801 0.13872735 0.13996883 0.07751756 0.10616233 0.13526116 0.05217638 0.14123567 0.15821130 0.16926078 0.19252796 0.13976530 0.11377789 0.22415006 0.14014210 0.09970566 0.11603966 0.12065571 0.19476401 0.07650156 0.11593496 0.07744083 0.15890549 0.10919726 0.05454592 0.11335977 0.17216394 0.18952240 0.10089782 0.16186808 0.11934307 0.13882813 0.14555029 0.22171629 0.08191905 0.11644518 
0.20478284 0.16331998 0.27071607 0.35200088 0.00000000 0.24193380 0.12610724 0.49420276 0.43370481 0.16182072 0.18286198 0.23523110 0.09563909 0.09847006 0.17095649 0.09373154 0.21807423 0.13653437 0.11414865 0.11601231 0.11401824 0.10039328 0.07594516 0.14934394 0.14525106 0.18203157 0.13230604 0.05280819 0.09173845 0.10978251 0.06783507 0.11753816 0.08031910 0.12214990 0.08536098 0.05771169 0.05855964 0.04073259 0.07192417 0.08241226 0.16328690 0.20820629 0.13668362 0.04143678 0.10234669 0.07897035 0.06725433 0.11226417 0.15881285 0.09915752 0.07841720 0.16064889 0.08737648 0.15913609 0.10028702 0.06507775 0.06009935 0.13120002 0.12470609 0.17092486 0.17907082 0.10425437 0.20427025 0.12100740 0.10381909 0.08917900 0.08200766 0.12239512 0.05885170 0.02555809 0.10353945 0.16274335 0.18850871 0.10971762 0.19233371 0.19741580 0.18105956 0.17299663 0.11695872 0.10511384 0.10601964 0.16086752 0.19946110 0.10834646 0.10358901 0.11982162 0.14779839 0.14311972 0.08550997 0.13540856 0.07441520 0.16281501 0.09034026 0.10951188 0.08704079 0.15190251 0.14659570 
0.22038427 0.18378471 0.10168859 0.18661204 0.24193380 0.00000000 0.18801046 0.22902417 0.26495954 0.17190184 0.24212118 0.13840046 0.18122301 0.15032423 0.08040317 0.09813203 0.14129891 0.10906637 0.08987948 0.06350045 0.15511978 0.08588326 0.16253472 0.07977190 0.23576704 0.19575326 0.19575873 0.06609386 0.06259165 0.10895091 0.14290150 0.18890233 0.06500931 0.10728106 0.12428528 0.06812125 0.12881228 0.08937181 0.15521177 0.11938007 0.07257583 0.14198534 0.07509591 0.10483838 0.20780981 0.08393925 0.20633017 0.13848314 0.14327377 0.09314172 0.20354112 0.17811809 0.07698231 0.18261118 0.12491238 0.11240053 0.09635093 0.14362943 0.00000000 0.10892966 0.17737297 0.07326190 0.12634863 0.12779791 0.12254274 0.12749320 0.14151589 0.16563888 0.15767997 0.14646062 0.07844842 0.13724946 0.24250048 0.10372859 0.08602532 0.10085591 0.08721776 0.11319966 0.11219350 0.12054063 0.06647612 0.18321808 0.10152975 0.10136401 0.10598993 0.07907940 0.14405044 0.12266669 0.16291899 0.14708051 0.17875440 0.10894713 0.10396828 0.14507258 0.11379683 0.15301411 0.13939557 
0.17940804 0.22814468 0.23240267 0.29704479 0.12610724 0.18801046 0.00000000 0.15464671 0.11058482 0.24170936 0.18111360 0.08139089 0.18342866 0.17829296 0.14717045 0.06117562 0.14445727 0.08389127 0.11915455 0.10818475 0.12317278 0.09790863 0.11045695 0.17216907 0.20610461 0.13481243 0.10719661 0.08543798 0.13547887 0.13438202 0.15832598 0.17832349 0.07509454 0.07823062 0.14701802 0.03164818 0.12398428 0.03990992 0.15579669 0.15007783 0.13969561 0.16063885 0.17222609 0.09382654 0.13823018 0.08960950 0.12207417 0.11761097 0.12423028 0.10332495 0.12266308 0.14408712 0.15812683 0.15032574 0.11253560 0.13289334 0.07499776 0.13660360 0.03479528 0.09192629 0.06759311 0.17970134 0.11371735 0.14435355 0.09408774 0.11249107 0.10560818 0.10777880 0.13610782 0.10345413 0.17933187 0.11852662 0.09346920 0.11155417 0.14286536 0.15426580 0.18037241 0.16881700 0.15257832 0.10879585 0.15735633 0.07365993 0.19746627 0.10112916 0.13529121 0.11540766 0.10091791 0.09753364 0.12804192 0.11464104 0.15584294 0.06606536 0.13417242 0.12398678 0.27345245 0.19189119 0.07536120 
0.15181078 0.14378517 0.15275709 0.18422466 0.49420276 0.22902417 0.15464671 0.00000000 0.36558244 0.10527388 0.14624548 0.08917131 0.13865619 0.07917393 0.26031554 0.12526857 0.16074253 0.05201428 0.18648107 0.17238908 0.05163700 0.06439328 0.11102518 0.14871522 0.11885889 0.12380180 0.22966080 0.11255283 0.12090142 0.14090324 0.14703917 0.06080499 0.09363043 0.08408739 0.09944052 0.18190692 0.11406794 0.05083442 0.08779792 0.17313288 0.06387410 0.06634327 0.14131420 0.08570423 0.16811622 0.12707734 0.04436702 0.10769745 0.11048976 0.17447700 0.12690808 0.10368026 0.11682363 0.16304718 0.09654530 0.09600208 0.10362253 0.03295086 0.18871423 0.10299704 0.11022741 0.10935599 0.10986233 0.16020986 0.17247911 0.03827515 0.10632212 0.15042814 0.10850310 0.18291975 0.05887677 0.14968485 0.18158961 0.20631606 0.09003305 0.16862775 0.15224944 0.12254441 0.11126840 0.11220437 0.22327972 0.14560303 0.17547188 0.10083949 0.14998200 0.12886525 0.11304778 0.20162627 0.16140599 0.12987700 0.12383486 0.09387170 0.11572158 0.05917730 0.10916328 0.09150410 0.14371136 
0.12884786 0.11200516 0.15531956 0.10694256 0.43370481 0.26495954 0.11058482 0.36558244 0.00000000 0.12296781 0.15399254 0.25741882 0.27660567 0.14106594 0.22852971 0.12624972 0.16906143 0.12571951 0.12334714 0.18852746 0.10119293 0.04741174 0.16114062 0.18616568 0.08725148 0.15475850 0.14172093 0.11175595 0.07151333 0.14761430 0.13330147 0.12538252 0.09882127 0.09951962 0.12393537 0.15113534 0.08622878 0.10148660 0.07847720 0.11762217 0.09319424 0.13591627 0.10971261 0.15767243 0.14151832 0.08284667 0.13686601 0.11935512 0.14215401 0.11509558 0.11839624 0.18104050 0.20550726 0.07952334 0.04685254 0.10178510 0.10599820 0.19531398 0.15202625 0.21467003 0.14168987 0.10001116 0.11047123 0.09700072 0.13084871 0.05865788 0.06329366 0.05371972 0.12490583 0.12313603 0.10499050 0.08154835 0.14932046 0.10410351 0.10883611 0.19344967 0.14085807 0.16776028 0.13476336 0.17427569 0.18498792 0.17307826 0.08130041 0.09860781 0.05508517 0.07482316 0.08918632 0.15245809 0.05025526 0.10173792 0.09595485 0.10440823 0.10766980 0.11356366 0.13280049 0.22149749 0.10385418 
0.18435101 0.14108041 0.12351999 0.21192136 0.16182072 0.17190184 0.24170936 0.10527388 0.12296781 0.00000000 0.18393578 0.11392894 0.21464637 0.51511135 0.12465519 0.05784554 0.19561971 0.09248189 0.07964039 0.15903601 0.12225073 0.11699087 0.08880030 0.06213399 0.21764552 0.16593349 0.14837022 0.15983512 0.05040647 0.09715409 0.12380332 0.12620861 0.08339950 0.16004308 0.13766587 0.07575217 0.11877409 0.15862190 0.10916034 0.16998594 0.10986020 0.15044852 0.17812852 0.14183180 0.23023417 0.08932174 0.06114573 0.12926058 0.16150641 0.19769656 0.11651893 0.16725169 0.15622246 0.14607209 0.11497055 0.07537840 0.12040361 0.09724515 0.09621055 0.14506333 0.08889582 0.11442361 0.12153391 0.12778322 0.09712815 0.13750233 0.10252589 0.10933940 0.19379184 0.11750531 0.07589652 0.07616072 0.10833952 0.04301719 0.10536798 0.11364167 0.11855724 0.12333110 0.12470564 0.08147190 0.19296492 0.04993278 0.16599939 0.10769945 0.11436714 0.06697036 0.13425030 0.13347021 0.13373698 0.11835992 0.12215214 0.15389330 0.21970689 0.08735252 0.16809251 0.36148687 0.07573300 
0.15045729 0.13578206 0.10727008 0.15708783 0.18286198 0.24212118 0.18111360 0.14624548 0.15399254 0.18393578 0.00000000 0.14937866 0.17708103 0.19833401 0.19734561 0.08052277 0.12983273 0.08461389 0.08464899 0.09443700 0.16912420 0.15774156 0.12078140 0.13467023 0.21640818 0.19889073 0.15944124 0.06955432 0.09627797 0.10150232 0.12853500 0.14848577 0.07179783 0.15269715 0.14009054 0.05597607 0.15363854 0.06666899 0.12584184 0.15570351 0.08578081 0.12416171 0.16072569 0.09532766 0.23352983 0.12353176 0.11597883 0.13192518 0.14530652 0.09848536 0.09821492 0.15160340 0.20553552 0.13143656 0.13707366 0.10336160 0.09939294 0.10651492 0.10112920 0.12115110 0.10964087 0.10225147 0.15286169 0.11469607 0.08448966 0.19827668 0.11790352 0.07180170 0.17722472 0.11827377 0.11195986 0.09983282 0.10204409 0.09664393 0.16597211 0.09880250 0.08514735 0.12143827 0.18076543 0.21723122 0.09153903 0.13346992 0.08648971 0.08248770 0.25262877 0.08703398 0.10045715 0.09677956 0.13258250 0.11842346 0.08383310 0.06588931 0.15537018 0.10163095 0.15756646 0.15488071 0.12658409 
0.11528068 0.12371177 0.13887610 0.10781521 0.23523110 0.13840046 0.08139089 0.08917131 0.25741882 0.11392894 0.14937866 0.00000000 0.07334618 0.15640985 0.18217656 0.19738483 0.05271832 0.13154270 0.18214562 0.14997123 0.12301550 0.13512811 0.10678275 0.18683949 0.13235571 0.14104000 0.12611791 0.10826732 0.09054251 0.11341123 0.08460564 0.24326723 0.14269892 0.13382369 0.06259169 0.15970732 0.09596207 0.09313712 0.03837827 0.12047525 0.09645114 0.12403917 0.12691936 0.11370988 0.14402284 0.28350047 0.05133426 0.13117281 0.13281358 0.13366175 0.06245636 0.09275522 0.09585345 0.06829001 0.13558885 0.12784572 0.09970491 0.19360076 0.09455391 0.11286031 0.10984171 0.06476079 0.12324981 0.05729031 0.14128593 0.07824449 0.08648950 0.15290562 0.11805517 0.10178790 0.10441144 0.09541889 0.24247766 0.33163868 0.14517763 0.39364573 0.15027352 0.19721216 0.13607339 0.05535635 0.15289235 0.09404229 0.17593669 0.07531735 0.13798566 0.13385300 0.09534139 0.18805754 0.08336673 0.14994407 0.15415258 0.15920290 0.22646250 0.11047206 0.07668288 0.13671557 0.12360258 
0.10767062 0.13550900 0.12666572 0.14430539 0.09563909 0.18122301 0.18342866 0.13865619 0.27660567 0.21464637 0.17708103 0.07334618 0.00000000 0.20197911 0.15884714 0.10221645 0.16966292 0.10985181 0.07051447 0.17205870 0.11254606 0.09365789 0.12554275 0.07936961 0.12449650 0.16153676 0.20719750 0.15458389 0.09060071 0.15196445 0.11184365 0.08261084 0.14540743 0.16471494 0.13914070 0.09188203 0.08039258 0.11893218 0.12484198 0.12525678 0.11720460 0.11779151 0.20052329 0.14564885 0.13925641 0.13642795 0.05895118 0.13554656 0.19342118 0.12391420 0.18428457 0.21157851 0.24963839 0.06086406 0.07281085 0.08437525 0.09936484 0.11642796 0.08413377 0.17411132 0.12293311 0.06955870 0.20618265 0.16747646 0.15235614 0.08569312 0.10063481 0.09064396 0.13174016 0.06120206 0.13671687 0.13472739 0.13803700 0.10034107 0.08530091 0.27415066 0.15076828 0.14037342 0.12351344 0.13965586 0.19257724 0.09338994 0.09954499 0.04248765 0.10936740 0.10218771 0.17908422 0.09178181 0.12475436 0.10431554 0.11309422 0.10337956 0.15116660 0.16106128 0.18082220 0.16751518 0.17881797 
0.15286904 0.11797201 0.10576900 0.09523222 0.09847006 0.15032423 0.17829296 0.07917393 0.14106594 0.51511135 0.19833401 0.15640985 0.20197911 0.00000000 0.18783502 0.24541271 0.20097484 0.20919348 0.16453397 0.15885472 0.04206317 0.13338971 0.16880052 0.09953507 0.08972330 0.17927719 0.12810517 0.14019506 0.12273868 0.15394131 0.13448615 0.08413698 0.07706742 0.12091364 0.11880440 0.10630932 0.11943266 0.14230769 0.14751065 0.10233302 0.11285266 0.08522223 0.13585235 0.16077527 0.25560561 0.14352129 0.07237649 0.13336064 0.07551728 0.13589799 0.12751837 0.12115795 0.09205709 0.05129934 0.05037260 0.08742656 0.16136211 0.09921023 0.09641517 0.15015794 0.09567660 0.10269205 0.11136846 0.09775411 0.14441307 0.20931488 0.06813923 0.10284902 0.12934800 0.04705522 0.18110251 0.06892297 0.16501333 0.06375290 0.21256785 0.10781220 0.15846531 0.13255001 0.12764110 0.11694652 0.15910347 0.14354324 0.06930363 0.03598734 0.13319142 0.15387673 0.12612764 0.11535313 0.12037476 0.12850866 0.10580192 0.13281174 0.35033558 0.17773618 0.14202317 0.16086406 0.13199945 
0.12651883 0.15656958 0.12971868 0.06595742 0.17095649 0.08040317 0.14717045 0.26031554 0.22852971 0.12465519 0.19734561 0.18217656 0.15884714 0.18783502 0.00000000 0.18555213 0.15322015 0.28262036 0.12215406 0.12682713 0.12261554 0.14331989 0.12467841 0.08887730 0.12574231 0.08195262 0.09032280 0.08001637 0.08691521 0.07530635 0.14154172 0.08707697 0.07653433 0.08586836 0.04367075 0.05516577 0.12442969 0.07236688 0.11810242 0.10148130 0.13568353 0.05392387 0.19318339 0.14992328 0.19288644 0.20222376 0.09345756 0.12474846 0.13528497 0.08961833 0.14370618 0.06772121 0.16874345 0.10033524 0.16977240 0.15873914 0.07281579 0.08661606 0.09162680 0.04037970 0.13314265 0.05124893 0.08961461 0.10201102 0.11564577 0.16077789 0.12990498 0.18722553 0.05176622 0.09180769 0.07836945 0.12737178 0.15278778 0.10314621 0.25865477 0.19103358 0.06618963 0.28333118 0.12664802 0.16471603 0.07049009 0.06746274 0.81430599 0.08507930 0.16629435 0.06035394 0.10192664 0.04765274 0.11237727 0.09444581 0.20359885 0.12119907 0.09486774 0.09417190 0.12157208 0.12272453 0.12701157 
0.05128565 0.05782869 0.19403328 0.09139258 0.09373154 0.09813203 0.06117562 0.12526857 0.12624972 0.05784554 0.08052277 0.19738483 0.10221645 0.24541271 0.18555213 0.00000000 0.39949064 0.31055656 0.17793750 0.13770273 0.15244072 0.14165946 0.07592172 0.23794298 0.05455667 0.08469520 0.06534244 0.16314001 0.11194755 0.18342519 0.14118648 0.07790321 0.11831016 0.19111318 0.15614671 0.19283437 0.11015614 0.13127842 0.07471908 0.10189631 0.11405687 0.11354021 0.06987703 0.14796998 0.12819104 0.25999262 0.21776132 0.13547655 0.14514065 0.24607859 0.14224581 0.07700149 0.15062219 0.06686680 0.13176303 0.13783036 0.15580125 0.12092948 0.26193171 0.15626036 0.09414872 0.12309956 0.07483388 0.09257932 0.09760101 0.09557782 0.12782574 0.04933483 0.10654010 0.10402881 0.13733766 0.10898632 0.05868652 0.06206357 0.10808996 0.12497416 0.13942779 0.17044522 0.14332110 0.13609488 0.26552707 0.18403733 0.09343656 0.12492667 0.10487775 0.21537436 0.16681632 0.14540274 0.13867166 0.08300806 0.09359526 0.11416062 0.08604892 0.09123821 0.13600315 0.08591969 0.09579328 
0.13920728 0.08920046 0.21885932 0.11914676 0.21807423 0.14129891 0.14445727 0.16074253 0.16906143 0.19561971 0.12983273 0.05271832 0.16966292 0.20097484 0.15322015 0.39949064 0.00000000 0.32006070 0.30252893 0.09013822 0.15306995 0.09339709 0.09995915 0.10228199 0.14070906 0.11556510 0.03886431 0.12481029 0.13326691 0.10864624 0.13056866 0.16843557 0.12021745 0.10335848 0.14378507 0.09569067 0.11963571 0.09463336 0.15137825 0.14278334 0.10625387 0.09555815 0.09972266 0.14778021 0.15098306 0.11138956 0.13162733 0.11894664 0.19940124 0.20647419 0.14272835 0.12784046 0.06234493 0.06820378 0.08956446 0.11376615 0.12679338 0.15439570 0.12981313 0.14897536 0.09764757 0.06353298 0.19383855 0.21808098 0.13396065 0.20954704 0.11823369 0.13421965 0.14676732 0.06383045 0.13189805 0.17130767 0.11042941 0.13598224 0.05809781 0.11647338 0.12393346 0.10513849 0.12678025 0.12638000 0.08671063 0.11007577 0.11063260 0.23419056 0.13768541 0.09032404 0.15184440 0.07617761 0.19862677 0.07989680 0.09697067 0.16461161 0.13526467 0.12348198 0.08676356 0.10114930 0.13120965 
0.06422348 0.07559862 0.10224904 0.12050041 0.13653437 0.10906637 0.08389127 0.05201428 0.12571951 0.09248189 0.08461389 0.13154270 0.10985181 0.20919348 0.28262036 0.31055656 0.32006070 0.00000000 0.18341257 0.25250843 0.14925384 0.13768301 0.09907728 0.12530125 0.08313589 0.04400522 0.10814794 0.15031667 0.12325430 0.11711317 0.12287712 0.08911639 0.07892100 0.11721265 0.17193206 0.17696233 0.08549227 0.15568332 0.10465768 0.12775992 0.10082949 0.08840991 0.18178244 0.31843076 0.11756827 0.23126579 0.20182013 0.15702294 0.17444506 0.16587796 0.15286962 0.06192825 0.10014195 0.07266651 0.06934034 0.12384005 0.12501042 0.13967055 0.18480463 0.06506923 0.10678262 0.10656856 0.06726301 0.14920645 0.21964587 0.16315728 0.11401493 0.17102786 0.07526854 0.10327350 0.15987788 0.13152406 0.16090408 0.05140668 0.13355576 0.11466917 0.09703674 0.12666608 0.14316271 0.18857488 0.19030137 0.11306592 0.11505445 0.10308868 0.07178811 0.14624918 0.14123311 0.10092372 0.11400540 0.12894747 0.12850161 0.19030944 0.11698362 0.14311568 0.07547725 0.10986745 0.12040394 
0.11212127 0.12428465 0.15660739 0.12790377 0.11414865 0.08987948 0.11915455 0.18648107 0.12334714 0.07964039 0.08464899 0.18214562 0.07051447 0.16453397 0.12215406 0.17793750 0.30252893 0.18341257 0.00000000 0.26950300 0.04115712 0.19704706 0.15536206 0.10241862 0.10621495 0.10697733 0.11971960 0.08573758 0.15018217 0.10282696 0.14397035 0.10278191 0.16154230 0.16180320 0.18885690 0.20855494 0.08487432 0.17565311 0.24052021 0.09249278 0.11618648 0.08722471 0.12210468 0.24924352 0.15620281 0.09414996 0.10941285 0.12608756 0.07432421 0.15875655 0.06071193 0.13303971 0.12543344 0.15905283 0.13395826 0.15882845 0.11819478 0.18289400 0.14279640 0.10822305 0.10776589 0.10878777 0.11275117 0.17244867 0.17477069 0.19095803 0.16917619 0.07349226 0.08542519 0.11872076 0.12850203 0.07200289 0.14847323 0.14704458 0.14911358 0.12965638 0.09258334 0.19125308 0.13463610 0.21146808 0.14616539 0.08647784 0.20296768 0.11200841 0.06936256 0.15825561 0.15873144 0.13204082 0.10789652 0.14057229 0.09124001 0.14806148 0.07580441 0.08639500 0.07294860 0.09315186 0.18527379 
0.11092169 0.07243716 0.13311248 0.08788759 0.11601231 0.06350045 0.10818475 0.17238908 0.18852746 0.15903601 0.09443700 0.14997123 0.17205870 0.15885472 0.12682713 0.13770273 0.09013822 0.25250843 0.26950300 0.00000000 0.26292028 0.22926932 0.15467983 0.16307545 0.08082830 0.04366461 0.10140705 0.16897002 0.09687258 0.13001385 0.12354217 0.13906444 0.08196561 0.10598631 0.09397728 0.13730108 0.11174511 0.08187699 0.14355561 0.12342366 0.12971221 0.09518129 0.12363672 0.15336258 0.16814159 0.18130864 0.15695004 0.14129699 0.13254582 0.16864668 0.06958339 0.07370155 0.20319201 0.12068890 0.12518876 0.14684525 0.14051801 0.18694994 0.15144534 0.10105242 0.12564269 0.18204298 0.06958753 0.14609117 0.10730303 0.16932150 0.11274547 0.12969016 0.11184425 0.06044437 0.12703604 0.09395928 0.13935623 0.07125167 0.11871957 0.16749789 0.11570599 0.15656114 0.14669265 0.19475809 0.18425365 0.08568300 0.16890303 0.13881911 0.19104322 0.10714480 0.14207495 0.11484231 0.12808946 0.09221681 0.09697177 0.11410364 0.07432154 0.07849936 0.11148166 0.17703269 0.09705910 
0.07041769 0.15279372 0.12416443 0.13706322 0.11401824 0.15511978 0.12317278 0.05163700 0.10119293 0.12225073 0.16912420 0.12301550 0.11254606 0.04206317 0.12261554 0.15244072 0.15306995 0.14925384 0.04115712 0.26292028 0.00000000 0.25796966 0.16184409 0.13322199 0.06064859 0.08009024 0.07418582 0.13815260 0.14457999 0.22288959 0.07385215 0.13190333 0.29067362 0.06030897 0.11115366 0.16205386 0.11678400 0.14979451 0.08093900 0.44444301 0.13429043 0.18539669 0.11972565 0.38305816 0.14779878 0.21861655 0.29879890 0.13652024 0.15992849 0.17415612 0.10538837 0.07007056 0.12451044 0.10344452 0.09046973 0.14370500 0.16057552 0.18936263 0.11666461 0.06281312 0.15512904 0.12938197 0.08430163 0.03697565 0.11888637 0.06870552 0.08864366 0.13976209 0.15234151 0.05538685 0.20174739 0.16004829 0.13874159 0.11849301 0.16483258 0.14474101 0.07263596 0.19662288 0.13967645 0.09766413 0.15679493 0.13525604 0.10583640 0.07879424 0.10962711 0.14123500 0.16557537 0.12904134 0.09997722 0.12408862 0.08867120 0.03091645 0.05670423 0.12167021 0.12269464 0.09715904 0.06162367 
0.08307932 0.11220618 0.08366588 0.08910253 0.10039328 0.08588326 0.09790863 0.06439328 0.04741174 0.11699087 0.15774156 0.13512811 0.09365789 0.13338971 0.14331989 0.14165946 0.09339709 0.13768301 0.19704706 0.22926932 0.25796966 0.00000000 0.31027519 0.22750180 0.10472188 0.05819562 0.12741686 0.12820808 0.06477082 0.11077721 0.07316253 0.16921412 0.41621397 0.17903568 0.03310701 0.25261221 0.29885472 0.11532208 0.09157744 0.17023237 0.09105592 0.15553367 0.08410162 0.16658516 0.10643085 0.11931405 0.13433026 0.12629138 0.30090009 0.31467028 0.12614904 0.09471099 0.08117421 0.13562534 0.08258934 0.18724742 0.10911149 0.10464366 0.11811632 0.09667599 0.07865950 0.15207901 0.11756956 0.14140454 0.11155577 0.13112001 0.09272507 0.12235345 0.18768937 0.18962533 0.14389180 0.19197003 0.06979621 0.13745567 0.10680987 0.13848601 0.11731319 0.06578070 0.15362003 0.04495909 0.17496259 0.21047310 0.16574916 0.14802735 0.07860706 0.12118370 0.05485935 0.11560379 0.10510830 0.10064921 0.10374106 0.09902772 0.14702760 0.10510526 0.08100064 0.09357569 0.11223283 
0.20394306 0.20592164 0.09583981 0.07060375 0.07594516 0.16253472 0.11045695 0.11102518 0.16114062 0.08880030 0.12078140 0.10678275 0.12554275 0.16880052 0.12467841 0.07592172 0.09995915 0.09907728 0.15536206 0.15467983 0.16184409 0.31027519 0.00000000 0.22544482 0.21064057 0.26006272 0.13723689 0.17913706 0.11878565 0.13803007 0.11830468 0.14497667 0.20811518 0.09310694 0.13096118 0.15624478 0.11955898 0.10302282 0.13279800 0.19206742 0.14955178 0.18237215 0.11944092 0.17335935 0.15890161 0.14486076 0.09900084 0.12632055 0.13458278 0.19560499 0.17091086 0.23429376 0.11260455 0.18636736 0.13074783 0.08707015 0.11846656 0.08152358 0.10907274 0.09128192 0.10354899 0.13741980 0.08770043 0.11257646 0.15981270 0.10374459 0.10537904 0.09550502 0.11908824 0.10741692 0.10253726 0.16848188 0.07598212 0.07678896 0.09882611 0.20593643 0.10101687 0.16062622 0.11101147 0.08583644 0.13313894 0.07135891 0.11836259 0.17736136 0.22065864 0.12777534 0.09784230 0.14145583 0.07383039 0.09587850 0.15457170 0.08490744 0.14450022 0.14488590 0.13329478 0.13566842 0.12690017 
0.10312655 0.14289845 0.09925990 0.09931289 0.14934394 0.07977190 0.17216907 0.14871522 0.18616568 0.06213399 0.13467023 0.18683949 0.07936961 0.09953507 0.08887730 0.23794298 0.10228199 0.12530125 0.10241862 0.16307545 0.13322199 0.22750180 0.22544482 0.00000000 0.11587850 0.19448270 0.14404072 0.14064874 0.13165666 0.10477926 0.13312071 0.18003810 0.25267210 0.04523738 0.10293738 0.14247059 0.09229114 0.11450260 0.19150623 0.17327341 0.11187758 0.16821179 0.13145558 0.10073353 0.09938298 0.08214072 0.08413945 0.12753365 0.11281073 0.08559129 0.18738641 0.23010922 0.08724619 0.10080992 0.15279203 0.13853621 0.14337691 0.09991028 0.11946867 0.19831495 0.14739015 0.16727325 0.18211998 0.10096376 0.10218110 0.30275695 0.13893856 0.12022868 0.18987972 0.20431103 0.08447288 0.06554631 0.10209720 0.15750746 0.16371854 0.06590587 0.12176507 0.12653654 0.16540766 0.17717067 0.05114659 0.04785797 0.06764519 0.15867449 0.02420235 0.16256817 0.09460360 0.15262519 0.10000074 0.17119734 0.16173584 0.17124206 0.07185427 0.13557145 0.06051430 0.10181431 0.14067506 
0.15330094 0.17398211 0.10868152 0.17592880 0.14525106 0.23576704 0.20610461 0.11885889 0.08725148 0.21764552 0.21640818 0.13235571 0.12449650 0.08972330 0.12574231 0.05455667 0.14070906 0.08313589 0.10621495 0.08082830 0.06064859 0.10472188 0.21064057 0.11587850 0.00000000 0.32200007 0.16995604 0.07674625 0.09248124 0.16832533 0.12838525 0.09176407 0.11314207 0.12855024 0.14132196 0.06735671 0.09197661 0.17025529 0.17416995 0.09691926 0.10895672 0.10057555 0.10447315 0.08433611 0.11647301 0.10708245 0.10605084 0.15299238 0.08636587 0.04859840 0.14514801 0.15354061 0.17771783 0.17278139 0.16772622 0.09848703 0.09377168 0.17897257 0.03665114 0.11576323 0.13846544 0.24659254 0.16044417 0.12406099 0.14935293 0.17897870 0.19499537 0.14068783 0.13621522 0.20604399 0.10401798 0.09762179 0.08730780 0.05947376 0.11254656 0.09771531 0.12663799 0.13172998 0.15574585 0.14967547 0.10220833 0.03860680 0.11970477 0.19534111 0.09596798 0.08405326 0.09708939 0.07664469 0.14250186 0.10421109 0.16536935 0.12655763 0.17101410 0.12606600 0.14430386 0.16972882 0.12562639 
0.22209455 0.17888682 0.11685832 0.16261681 0.18203157 0.19575326 0.13481243 0.12380180 0.15475850 0.16593349 0.19889073 0.14104000 0.16153676 0.17927719 0.08195262 0.08469520 0.11556510 0.04400522 0.10697733 0.04366461 0.08009024 0.05819562 0.26006272 0.19448270 0.32200007 0.00000000 0.27944876 0.05856324 0.09089942 0.09669372 0.15662756 0.06601486 0.09375776 0.14485743 0.07925123 0.13001708 0.15943936 0.06445603 0.17251950 0.15021637 0.04586035 0.17894916 0.12579259 0.22881580 0.14781421 0.06770624 0.09533464 0.11219479 0.12446363 0.05082782 0.09384945 0.30744010 0.20137532 0.24878854 0.17909319 0.12048505 0.15019702 0.18391754 0.07282331 0.14057458 0.20580754 0.14103878 0.18912581 0.12990470 0.09571338 0.15008378 0.09819478 0.06493350 0.09393845 0.07111573 0.11901255 0.01866716 0.09386932 0.18046143 0.10086836 0.15292113 0.15283623 0.15141417 0.11843102 0.12792881 0.13743285 0.09915403 0.12015020 0.11166630 0.17205979 0.05077273 0.06562102 0.13408168 0.11702287 0.14894011 0.08899087 0.09829495 0.12207612 0.13517602 0.11191755 0.13274791 0.15134516 
0.14979782 0.07554225 0.17737597 0.09495161 0.13230604 0.19575873 0.10719661 0.22966080 0.14172093 0.14837022 0.15944124 0.12611791 0.20719750 0.12810517 0.09032280 0.06534244 0.03886431 0.10814794 0.11971960 0.10140705 0.07418582 0.12741686 0.13723689 0.14404072 0.16995604 0.27944876 0.00000000 0.17705769 0.16541859 0.23201289 0.21406546 0.18394561 0.25078006 0.22383789 0.12503976 0.17509673 0.03117971 0.17103922 0.11692621 0.15773377 0.13776467 0.19177475 0.06406598 0.13004614 0.13755067 0.09178879 0.11114693 0.11779598 0.08679446 0.20575348 0.07057882 0.16025042 0.03750520 0.10891954 0.11135636 0.19653715 0.22815284 0.09097629 0.09740233 0.09463545 0.11428379 0.14087730 0.11074555 0.16718503 0.17906851 0.06695944 0.16866930 0.11599325 0.18225121 0.13853539 0.20634836 0.13535203 0.09311499 0.14010043 0.13414719 0.12999282 0.07930497 0.09948148 0.12826254 0.13216240 0.07425312 0.10862813 0.12596172 0.08962774 0.23555634 0.13112772 0.07507163 0.16412226 0.16878693 0.18149039 0.11432187 0.18797416 0.08906791 0.14604187 0.04165826 0.06371604 0.09401263 
0.09968278 0.11504952 0.12492061 0.06089228 0.05280819 0.06609386 0.08543798 0.11255283 0.11175595 0.15983512 0.06955432 0.10826732 0.15458389 0.14019506 0.08001637 0.16314001 0.12481029 0.15031667 0.08573758 0.16897002 0.13815260 0.12820808 0.17913706 0.14064874 0.07674625 0.05856324 0.17705769 0.00000000 0.16537582 0.16347845 0.15581343 0.14065620 0.24441775 0.14834422 0.12954184 0.17209467 0.16493201 0.13300068 0.16529002 0.17432600 0.12510990 0.08661092 0.10147467 0.09310288 0.07237046 0.10703728 0.14476028 0.13803335 0.16549520 0.19352480 0.10486013 0.10942707 0.14226864 0.16118178 0.18299041 0.22396303 0.27412426 0.18231850 0.14519323 0.06214858 0.07955845 0.11255703 0.09375863 0.09970247 0.16748234 0.19025908 0.08938462 0.10168241 0.18348346 0.11411993 0.17103196 0.12813354 0.16636148 0.10871561 0.09729332 0.10335928 0.06049248 0.17114010 0.14132859 0.10336350 0.13551165 0.19571769 0.10946908 0.08193201 0.06303174 0.11975295 0.14236956 0.14424047 0.19286693 0.17733243 0.15898509 0.12610495 0.14329512 0.11986587 0.10001412 0.09309925 0.11622295 
0.05752253 0.08856209 0.10931024 0.09781436 0.09173845 0.06259165 0.13547887 0.12090142 0.07151333 0.05040647 0.09627797 0.09054251 0.09060071 0.12273868 0.08691521 0.11194755 0.13326691 0.12325430 0.15018217 0.09687258 0.14457999 0.06477082 0.11878565 0.13165666 0.09248124 0.09089942 0.16541859 0.16537582 0.00000000 0.28176863 0.19118331 0.08522275 0.25014490 0.24683229 0.15476733 0.14273363 0.09867953 0.07919816 0.15972832 0.12182411 0.26323405 0.12643330 0.11529222 0.11164171 0.10342891 0.17515799 0.09984091 0.15931687 0.08207732 0.14922285 0.14798148 0.09551663 0.12288894 0.05738901 0.22062048 0.25120411 0.18408879 0.11677343 0.17922714 0.15773285 0.10542121 0.28353949 0.26559755 0.19545441 0.17961145 0.10454477 0.13962367 0.13569875 0.17107639 0.18729539 0.12498454 0.20673771 0.12816304 0.11881214 0.06613859 0.13843395 0.08446668 0.10306856 0.15548593 0.11988773 0.12825195 0.15889661 0.14221814 0.03836014 0.11062280 0.07907276 0.08930132 0.11078464 0.18352823 0.15653967 0.13177455 0.09949579 0.15203309 0.09284085 0.09348619 0.11201288 0.14760105 
0.11047663 0.11340708 0.12249719 0.12457143 0.10978251 0.10895091 0.13438202 0.14090324 0.14761430 0.09715409 0.10150232 0.11341123 0.15196445 0.15394131 0.07530635 0.18342519 0.10864624 0.11711317 0.10282696 0.13001385 0.22288959 0.11077721 0.13803007 0.10477926 0.16832533 0.09669372 0.23201289 0.16347845 0.28176863 0.00000000 0.18193562 0.18392163 0.29251404 0.19224926 0.13861000 0.13228256 0.10602927 0.18458253 0.11444325 0.08633838 0.11530848 0.20549143 0.06927265 0.14632821 0.07753308 0.08853703 0.03888230 0.11917636 0.05578284 0.23220239 0.21056594 0.18939519 0.09079589 0.11424882 0.11683323 0.15669399 0.13320646 0.17428375 0.13867784 0.13230642 0.09846701 0.12686258 0.13136446 0.18656937 0.16992139 0.12115955 0.12312592 0.16056966 0.09302244 0.17460538 0.08760074 0.11943358 0.10931064 0.12965258 0.07293692 0.07087760 0.08301123 0.07434117 0.13224733 0.11772122 0.05451820 0.06522935 0.04950911 0.10066024 0.09236163 0.21978088 0.16622414 0.15150434 0.03426339 0.18273223 0.14749649 0.17261083 0.12064861 0.18049408 0.13755861 0.17712355 0.14126100 
0.17558524 0.11257965 0.11955081 0.13160254 0.06783507 0.14290150 0.15832598 0.14703917 0.13330147 0.12380332 0.12853500 0.08460564 0.11184365 0.13448615 0.14154172 0.14118648 0.13056866 0.12287712 0.14397035 0.12354217 0.07385215 0.07316253 0.11830468 0.13312071 0.12838525 0.15662756 0.21406546 0.15581343 0.19118331 0.18193562 0.00000000 0.24298161 0.17298879 0.18788932 0.19928505 0.15212035 0.14952365 0.19145305 0.20601630 0.14047375 0.08692986 0.09347208 0.11308266 0.08775721 0.10595991 0.14862012 0.06503567 0.12975036 0.05625962 0.11186655 0.08835306 0.12911362 0.12162388 0.09147714 0.11280918 0.12147363 0.09475523 0.17219347 0.19467908 0.08869725 0.17892844 0.07930307 0.11936027 0.12580587 0.13261125 0.14644203 0.06699050 0.29906293 0.16842117 0.12044146 0.11997969 0.09512924 0.13320337 0.09094424 0.18335710 0.16698776 0.09734790 0.06337423 0.14321622 0.12054429 0.12141687 0.05058478 0.07827139 0.13375241 0.11348142 0.08889779 0.13462178 0.18734848 0.16585582 0.11794086 0.21243902 0.09552953 0.15590831 0.17962572 0.24455838 0.11658267 0.11459367 
0.17398542 0.14899692 0.18469255 0.07991724 0.11753816 0.18890233 0.17832349 0.06080499 0.12538252 0.12620861 0.14848577 0.24326723 0.08261084 0.08413698 0.08707697 0.07790321 0.16843557 0.08911639 0.10278191 0.13906444 0.13190333 0.16921412 0.14497667 0.18003810 0.09176407 0.06601486 0.18394561 0.14065620 0.08522275 0.18392163 0.24298161 0.00000000 0.14142059 0.05540348 0.23794437 0.25320213 0.18190225 0.16643035 0.16882565 0.12854913 0.19946890 0.11173603 0.19807296 0.14576050 0.10421325 0.11786242 0.20650374 0.13372888 0.13500014 0.07387048 0.09874791 0.13054387 0.11714724 0.09862293 0.13272007 0.09057122 0.11713384 0.12007609 0.10794074 0.10855359 0.22452952 0.12181374 0.06822014 0.11678261 0.13875031 0.15217868 0.15456454 0.23200046 0.14348490 0.15840141 0.10283359 0.07612159 0.08247367 0.09965164 0.10481888 0.11183680 0.10258931 0.13900343 0.11614535 0.13213663 0.14255930 0.11374276 0.15893524 0.13177031 0.11703807 0.16408864 0.16882314 0.08717796 0.13169639 0.10098656 0.10614771 0.16263180 0.11142846 0.14218458 0.10327848 0.13195120 0.17059766 
0.09624154 0.09848280 0.13747926 0.10142324 0.08031910 0.06500931 0.07509454 0.09363043 0.09882127 0.08339950 0.07179783 0.14269892 0.14540743 0.07706742 0.07653433 0.11831016 0.12021745 0.07892100 0.16154230 0.08196561 0.29067362 0.41621397 0.20811518 0.25267210 0.11314207 0.09375776 0.25078006 0.24441775 0.25014490 0.29251404 0.17298879 0.14142059 0.00000000 0.12173871 0.17231800 0.15285594 0.26572522 0.12831913 0.12080759 0.17407071 0.16573955 0.09310694 0.08930621 0.12422593 0.07611139 0.13041841 0.13036945 0.12001901 0.13528098 0.25458037 0.04905854 0.08534509 0.18010130 0.11893288 0.13891903 0.16420634 0.12696879 0.09636134 0.17461662 0.10082327 0.10423784 0.06136592 0.09181452 0.13251681 0.12476636 0.20340318 0.15334722 0.10752994 0.15531194 0.20547858 0.18979239 0.10729617 0.10905033 0.12075439 0.12735490 0.13111111 0.11784226 0.05863292 0.12642103 0.14834650 0.10166991 0.15592876 0.04466557 0.05931602 0.15518936 0.16923792 0.16246526 0.11433478 0.10843155 0.13886138 0.11106349 0.09780497 0.09358901 0.08771310 0.06309910 0.08240481 0.07093632 
0.08472368 0.13246875 0.07905298 0.10172049 0.12214990 0.10728106 0.07823062 0.08408739 0.09951962 0.16004308 0.15269715 0.13382369 0.16471494 0.12091364 0.08586836 0.19111318 0.10335848 0.11721265 0.16180320 0.10598631 0.06030897 0.17903568 0.09310694 0.04523738 0.12855024 0.14485743 0.22383789 0.14834422 0.24683229 0.19224926 0.18788932 0.05540348 0.12173871 0.00000000 0.18097589 0.09905981 0.22061424 0.16112060 0.08880851 0.11080942 0.09080311 0.13676183 0.17539464 0.06226620 0.08652315 0.15337777 0.17436013 0.14445849 0.10303074 0.14165348 0.17172810 0.15146430 0.11162296 0.12259057 0.02621711 0.16205408 0.14167620 0.16798992 0.11832525 0.09189646 0.13139914 0.12269302 0.14886291 0.12770262 0.19539096 0.31599079 0.16430173 0.12709314 0.24259816 0.32746222 0.17988602 0.09604546 0.16950943 0.13325946 0.13779415 0.11987871 0.13808536 0.09800733 0.12070268 0.10131500 0.07484286 0.15903521 0.01957805 0.26952298 0.10386686 0.06969810 0.10621981 0.15241956 0.15530898 0.12149224 0.15333171 0.04702286 0.17502044 0.14033810 0.12997618 0.09565343 0.09448455 
0.11576734 0.12643773 0.05220350 0.12935853 0.08536098 0.12428528 0.14701802 0.09944052 0.12393537 0.13766587 0.14009054 0.06259169 0.13914070 0.11880440 0.04367075 0.15614671 0.14378507 0.17193206 0.18885690 0.09397728 0.11115366 0.03310701 0.13096118 0.10293738 0.14132196 0.07925123 0.12503976 0.12954184 0.15476733 0.13861000 0.19928505 0.23794437 0.17231800 0.18097589 0.00000000 0.11493875 0.12482164 0.25294553 0.27587500 0.20198631 0.11036015 0.13625751 0.20495929 0.12216658 0.14254641 0.10524168 0.12104572 0.12820597 0.19022163 0.11748242 0.04572856 0.11697860 0.07380959 0.14273341 0.07926695 0.18022541 0.12482932 0.16866229 0.13522785 0.19523821 0.17214462 0.22237715 0.15032117 0.12318400 0.21658858 0.13009835 0.16023275 0.09980742 0.17134347 0.13053594 0.21019085 0.14631290 0.15197112 0.09532273 0.15271625 0.07226282 0.12456407 0.08529502 0.12293848 0.14031381 0.11433952 0.08255551 0.05215991 0.11819179 0.11674343 0.10510654 0.11324183 0.16434618 0.19514585 0.19015786 0.13377451 0.17530305 0.11675639 0.11961500 0.13642367 0.12742937 0.08910519 
0.04643302 0.05599333 0.11712611 0.11798793 0.05771169 0.06812125 0.03164818 0.18190692 0.15113534 0.07575217 0.05597607 0.15970732 0.09188203 0.10630932 0.05516577 0.19283437 0.09569067 0.17696233 0.20855494 0.13730108 0.16205386 0.25261221 0.15624478 0.14247059 0.06735671 0.13001708 0.17509673 0.17209467 0.14273363 0.13228256 0.15212035 0.25320213 0.15285594 0.09905981 0.11493875 0.00000000 0.14043300 0.12301611 0.26839802 0.21718536 0.15499386 0.05347334 0.16498556 0.19302210 0.12349523 0.09369212 0.09032963 0.13943618 0.20270565 0.23243908 0.07065444 0.08901270 0.16951652 0.17799398 0.27985202 0.23123459 0.17104999 0.05233539 0.17958801 0.10149285 0.13373547 0.12744575 0.01956761 0.11918844 0.17262273 0.13971984 0.10669301 0.06451189 0.12393773 0.13359735 0.10256559 0.15604266 0.06842020 0.10315206 0.13182179 0.16713321 0.08618995 0.14351573 0.14241927 0.26411660 0.12902997 0.09102439 0.13719717 0.10801338 0.11931336 0.11567124 0.10107703 0.13433454 0.12082585 0.15567249 0.16342938 0.10802836 0.16499893 0.14535233 0.09404221 0.11334976 0.06382136 
0.04896940 0.14669831 0.10893294 0.13146945 0.05855964 0.12881228 0.12398428 0.11406794 0.08622878 0.11877409 0.15363854 0.09596207 0.08039258 0.11943266 0.12442969 0.11015614 0.11963571 0.08549227 0.08487432 0.11174511 0.11678400 0.29885472 0.11955898 0.09229114 0.09197661 0.15943936 0.03117971 0.16493201 0.09867953 0.10602927 0.14952365 0.18190225 0.26572522 0.22061424 0.12482164 0.14043300 0.00000000 0.14551112 0.10867086 0.16328870 0.23107174 0.12590395 0.11286004 0.09719012 0.13327033 0.15949152 0.31958635 0.14445487 0.24018261 0.08727771 0.13184015 0.03566112 0.13455962 0.02473107 0.10875276 0.12175815 0.18419517 0.15688503 0.14816184 0.16366579 0.05833617 0.10043996 0.11837418 0.14884396 0.12658890 0.48698040 0.18374912 0.11573206 0.20588054 0.20933687 0.19146366 0.08812914 0.07144305 0.09519110 0.08981028 0.07218089 0.12937238 0.08002398 0.15086977 0.14624340 0.20087692 0.16200704 0.09210609 0.18504488 0.11438046 0.09181909 0.18476402 0.08034933 0.11205479 0.14675777 0.17253768 0.08837533 0.09208037 0.07450602 0.09565060 0.12375661 0.13279925 
