0.00000000 0.19388751 0.06402162 0.08391607 0.09903137 0.16396781 0.16703409 0.09961528 0.10253782 0.14912173 0.12027116 0.06879662 0.10116209 0.13437461 0.10842341 0.07408383 0.08038540 0.06716113 0.12588013 0.12185399 0.06820438 0.05043367 0.10170151 0.09634358 0.08134978 0.11130174 0.10889352 0.06152488 0.08272591 0.04571089 0.10683878 0.14331603 0.07556877 0.10481379 0.13707318 0.05443560 0.07082138 0.06093894 0.05788099 0.09495619 0.06049342 0.07267796 0.12048098 0.05204978 0.12031173 0.04427694 0.11534040 0.09568469 0.09425958 0.07608960 0.05805886 0.11230129 0.09192210 0.09774489 0.07608639 0.04233504 0.09162783 0.07528191 0.08405749 0.12168778 0.07112525 0.06823133 0.11501828 0.09886750 0.06191085 0.09333991 0.10149377 0.05471870 0.08735440 0.13685419 0.08238478 0.07992304 0.19314007 0.15923604 0.04355764 0.09825916 0.14543947 0.07336938 0.09568469 0.07155972 0.11619365 0.10476223 0.06027737 0.08954200 0.12799015 0.08696631 0.11436060 0.07437231 0.09415106 0.13817277 0.10640769 0.10506526 0.06217831 0.07815641 0.05972171 0.06672503 0.10712376 
0.19388751 0.00000000 0.06478993 0.08096106 0.09957110 0.09125303 0.11595938 0.09958675 0.10442516 0.11241220 0.09110240 0.12414962 0.07581409 0.10521697 0.05272258 0.05742766 0.08222507 0.04707055 0.10444783 0.09958108 0.05845957 0.09407780 0.15433850 0.06157756 0.12861771 0.13892637 0.06557345 0.08850946 0.07212084 0.11415077 0.09510861 0.10125255 0.07882208 0.12092963 0.10833805 0.04583547 0.07293931 0.08334045 0.09868300 0.06979508 0.11026542 0.09571142 0.08794934 0.05764082 0.08535405 0.05300225 0.05618215 0.08685648 0.06606968 0.08253373 0.13613700 0.12069332 0.07565872 0.11335070 0.06705533 0.05140332 0.10057742 0.10009263 0.07534100 0.09129855 0.12089639 0.12269033 0.08704827 0.14723759 0.09818336 0.06954847 0.10881841 0.10060639 0.08473735 0.07216103 0.10529010 0.10079380 0.17307850 0.11613243 0.12119298 0.07625157 0.12891264 0.09272998 0.08685648 0.04759059 0.07462134 0.12468513 0.08099368 0.14901468 0.11361936 0.07640876 0.07323759 0.09238029 0.10735857 0.11740276 0.11097710 0.12787234 0.10794336 0.12440480 0.11137657 0.08375162 0.08172174 
0.06402162 0.06478993 0.00000000 0.08514605 0.10472254 0.06695151 0.11934173 0.13556265 0.08403668 0.09108364 0.06507049 0.13942022 0.10715809 0.07903955 0.10787683 0.11890237 0.11218460 0.12425785 0.09316846 0.13086520 0.11134036 0.06236099 0.11002144 0.08730120 0.07038563 0.08002771 0.10001239 0.08236458 0.06076618 0.04845139 0.06767300 0.11269566 0.07499900 0.07549069 0.11270747 0.11378210 0.07562118 0.06755892 0.08749304 0.11077022 0.09377855 0.09462857 0.08094051 0.12283860 0.14507722 0.14955409 0.10967735 0.10273909 0.07573453 0.08592227 0.10484319 0.06311844 0.07737157 0.11236626 0.13433691 0.09602326 0.07727010 0.06441705 0.08068442 0.08436572 0.11122108 0.10089726 0.08859410 0.08149453 0.09839969 0.08115844 0.08159374 0.09417174 0.12225311 0.07509803 0.09419620 0.08094401 0.08858038 0.10901988 0.09182187 0.17695524 0.10581222 0.13836913 0.10273909 0.12093177 0.05705275 0.10068811 0.11492852 0.08415780 0.08603639 0.10182397 0.05840456 0.07984362 0.07567773 0.07622781 0.05319844 0.07615940 0.07177162 0.08023045 0.09074834 0.08447925 0.08377108 
0.08391607 0.08096106 0.08514605 0.00000000 0.19035129 0.10759924 0.11541973 0.15818833 0.05354898 0.08769489 0.07487082 0.13363646 0.11862537 0.11468480 0.02775999 0.05866137 0.10962098 0.07911471 0.12782253 0.07197097 0.09894773 0.03860008 0.08772945 0.10297428 0.08442866 0.12476879 0.07569754 0.07252547 0.13384324 0.04919787 0.08179922 0.08100713 0.06080881 0.07846653 0.14573576 0.04406510 0.06696068 0.13995837 0.13433379 0.07952544 0.12889737 0.13195537 0.03918274 0.08734093 0.13092775 0.12746365 0.13201670 0.09185792 0.09619645 0.14371405 0.15428406 0.11320469 0.05806812 0.09123196 0.06639384 0.09540761 0.08042526 0.13457352 0.07399149 0.13158419 0.10873415 0.06889480 0.10065243 0.12305304 0.02897657 0.04245431 0.12262521 0.07169453 0.08589087 0.11463777 0.10730295 0.10969046 0.11697930 0.06896888 0.09988499 0.09719361 0.13969052 0.08403110 0.09185792 0.09368800 0.03645171 0.09251666 0.11390526 0.07492607 0.09442110 0.05952767 0.09853915 0.06292760 0.12854644 0.04126834 0.12636361 0.06703894 0.11519828 0.10770098 0.06594585 0.07296881 0.07759499 
0.09903137 0.09957110 0.10472254 0.19035129 0.00000000 0.09686639 0.14282678 0.29376202 0.16383689 0.06076049 0.12618010 0.10224439 0.09677788 0.05604973 0.11086452 0.09333269 0.13371685 0.05787020 0.10466593 0.05440376 0.03374722 0.04903134 0.07209277 0.12319312 0.08727057 0.13376262 0.10803397 0.08546081 0.11882390 0.08802702 0.07983585 0.05401253 0.08990659 0.06096198 0.02682348 0.07351336 0.07178828 0.06752827 0.09879483 0.10946478 0.09379189 0.08320720 0.07952498 0.05104064 0.07227312 0.06501594 0.06740345 0.08778362 0.06193297 0.07142836 0.05900287 0.13907208 0.10676238 0.08279950 0.11043610 0.06150513 0.07827204 0.08955413 0.08359328 0.10665030 0.10574402 0.11562089 0.18084660 0.08589453 0.12810623 0.04704374 0.11288845 0.07955870 0.05175642 0.05994596 0.07771579 0.09167864 0.10744702 0.11880313 0.10846729 0.09552826 0.09053132 0.12672012 0.08778362 0.09649938 0.13996444 0.08905428 0.15938719 0.10603518 0.07974295 0.06519255 0.08729667 0.09782147 0.10318641 0.12193292 0.10079659 0.12522768 0.09416260 0.09750014 0.08645281 0.10176976 0.10220369 
0.16396781 0.09125303 0.06695151 0.10759924 0.09686639 0.00000000 0.14368386 0.08775204 0.18703996 0.10466833 0.17080359 0.10876201 0.10801171 0.13734031 0.06561783 0.07375374 0.09238417 0.04811859 0.09696620 0.06892747 0.09069490 0.09920428 0.12574624 0.07974255 0.16248705 0.13361249 0.12019071 0.06599982 0.05913937 0.08520543 0.08984331 0.07428987 0.07770697 0.08576958 0.11199415 0.09034141 0.09582179 0.10160946 0.12545785 0.06137084 0.05323254 0.08963349 0.05136866 0.06146660 0.17750902 0.05261345 0.11267177 0.09397882 0.04360641 0.06818205 0.07908796 0.08547144 0.07336183 0.06878083 0.07927674 0.08476168 0.11886641 0.10733515 0.03696900 0.07342130 0.11204128 0.09704744 0.11617694 0.11231117 0.09740292 0.10657788 0.07396142 0.12546388 0.10403007 0.09176424 0.06792225 0.11160188 0.14259704 0.10867086 0.11559867 0.08400460 0.09629730 0.08028161 0.09397882 0.07858993 0.09048229 0.09022646 0.03434969 0.06425084 0.09279252 0.06577318 0.09189030 0.07282406 0.10155003 0.07166677 0.08055387 0.12865188 0.11763580 0.08479136 0.12650632 0.14395095 0.11418120 
0.16703409 0.11595938 0.11934173 0.11541973 0.14282678 0.14368386 0.00000000 0.10724241 0.10268342 0.12250837 0.10406465 0.10325827 0.13633226 0.12448920 0.09997149 0.08377291 0.05831518 0.04254112 0.11958498 0.14467438 0.10469581 0.05772267 0.05803762 0.09282361 0.14313611 0.12500046 0.09076726 0.06255435 0.11472009 0.10494995 0.11221388 0.13082064 0.12516369 0.07751776 0.08211514 0.06478425 0.09718526 0.07830183 0.08679969 0.08700473 0.09762272 0.10420084 0.08534541 0.06335573 0.07281631 0.05480906 0.13428884 0.09495683 0.08236005 0.04570632 0.07334372 0.10115771 0.10809745 0.08033330 0.07052423 0.07371932 0.08352985 0.11522292 0.06360629 0.06590279 0.09565852 0.12158504 0.07028432 0.09921461 0.07084363 0.11153211 0.06387781 0.08362710 0.15141499 0.06038185 0.10322031 0.06746767 0.06575951 0.08159726 0.04956447 0.08263874 0.14269055 0.10406415 0.09495683 0.12511681 0.07222014 0.05053973 0.09461818 0.09755269 0.06791183 0.09722246 0.07420035 0.12307663 0.08888227 0.09295608 0.13738668 0.07104027 0.10203760 0.05893835 0.14200567 0.09400822 0.05171858 
0.09961528 0.09958675 0.13556265 0.15818833 0.29376202 0.08775204 0.10724241 0.00000000 0.12418232 0.07627305 0.10123291 0.10268967 0.14052692 0.11154114 0.13937843 0.08225491 0.13855046 0.08981220 0.13566860 0.10801475 0.07333341 0.09886467 0.09170007 0.07625712 0.08127357 0.05628268 0.11615126 0.08506383 0.09879448 0.06932491 0.15297183 0.02730010 0.06006963 0.07949084 0.09032832 0.10270377 0.05820956 0.03878605 0.05458899 0.09304142 0.06711426 0.08423748 0.06769531 0.08553237 0.07299476 0.07720448 0.08122222 0.09289810 0.05003349 0.06347400 0.10970122 0.04650351 0.09367221 0.08578421 0.08386034 0.08808334 0.06261913 0.05163816 0.11000415 0.09786354 0.05527395 0.10004734 0.10678774 0.10533539 0.15831671 0.04178287 0.09929559 0.15350347 0.06334961 0.11485103 0.12173602 0.10059808 0.13827781 0.13875075 0.07617462 0.07944054 0.10889436 0.05104218 0.09289810 0.05088781 0.13376579 0.04876470 0.10828416 0.06791214 0.09029832 0.08053107 0.08261321 0.09685156 0.14896037 0.07613284 0.10731723 0.13759043 0.09303500 0.09965485 0.10874418 0.10023269 0.07223834 
0.10253782 0.10442516 0.08403668 0.05354898 0.16383689 0.18703996 0.10268342 0.12418232 0.00000000 0.12873480 0.12615822 0.11367136 0.14102429 0.17020327 0.11660081 0.07838998 0.09710645 0.13433875 0.07570560 0.07142232 0.14680695 0.08484214 0.09464393 0.11219225 0.06393303 0.07976630 0.12827481 0.08419963 0.04647438 0.10620769 0.09586098 0.12630144 0.06937559 0.05943219 0.14758985 0.08180837 0.10596985 0.12606296 0.07020180 0.11387092 0.10178040 0.07416281 0.10323994 0.12084654 0.11427692 0.06776862 0.08554880 0.09375729 0.06784225 0.07670051 0.05563585 0.08498924 0.13768569 0.06903023 0.09555148 0.05037307 0.08435047 0.12811052 0.08727160 0.13009459 0.12264205 0.09497533 0.08786736 0.06879909 0.11650566 0.08094531 0.09521425 0.12812712 0.11660035 0.04598758 0.06968699 0.06520826 0.10073264 0.09091521 0.07982447 0.08084377 0.06519505 0.09743101 0.09375729 0.09062199 0.10066324 0.06772371 0.09076941 0.06196589 0.06875805 0.07736819 0.06714164 0.09089619 0.09809321 0.08354348 0.05567260 0.08607884 0.07508659 0.05071298 0.09072160 0.11709861 0.09987862 
0.14912173 0.11241220 0.09108364 0.08769489 0.06076049 0.10466833 0.12250837 0.07627305 0.12873480 0.00000000 0.12939996 0.14100902 0.08604902 0.19666863 0.09578771 0.07443194 0.08966790 0.09602186 0.13586366 0.08546094 0.07432550 0.06826453 0.02303035 0.03644579 0.15399979 0.13931391 0.11563494 0.08111051 0.09507574 0.09300362 0.07858892 0.15201672 0.05108175 0.09844071 0.10877064 0.07218070 0.09955449 0.13827464 0.10225594 0.08054519 0.07865936 0.08458747 0.13556472 0.06904620 0.09242483 0.06370093 0.05435442 0.08749731 0.12239687 0.12111419 0.06345014 0.11227119 0.08507904 0.12332746 0.06530654 0.04525071 0.09983274 0.06749542 0.07278905 0.10567503 0.04614744 0.07483643 0.08195058 0.07715940 0.09684590 0.10555245 0.07472997 0.13675527 0.10237482 0.10687760 0.09733494 0.09570394 0.05722212 0.05915333 0.15526758 0.11790151 0.09354811 0.09446602 0.08749731 0.05867792 0.12918676 0.03219277 0.07755013 0.05124216 0.04462439 0.09299277 0.09781195 0.09701776 0.11809812 0.11702007 0.11513291 0.10807835 0.12785595 0.12102396 0.10436081 0.16326965 0.11889228 
0.12027116 0.09110240 0.06507049 0.07487082 0.12618010 0.17080359 0.10406465 0.10123291 0.12615822 0.12939996 0.00000000 0.09326728 0.09771054 0.12345741 0.09044607 0.07798562 0.08138025 0.07232051 0.10174836 0.05945958 0.10884174 0.08541854 0.09001580 0.09595609 0.17449063 0.10505705 0.12391362 0.05767828 0.05508135 0.07313757 0.06975717 0.08852178 0.06419712 0.14714181 0.10838128 0.06220423 0.13189298 0.04857301 0.09111566 0.11303691 0.07134479 0.09097944 0.08875355 0.04091287 0.16067132 0.09750196 0.06836069 0.09469433 0.08043548 0.07625201 0.05740936 0.07704923 0.20737304 0.09335621 0.07748140 0.05706087 0.07303721 0.08723097 0.07400338 0.06159458 0.08612030 0.08462454 0.10547474 0.07433716 0.05854319 0.19132648 0.07854591 0.06663002 0.10117506 0.12489797 0.10682918 0.06138276 0.06800602 0.08060440 0.09203025 0.05570367 0.06688606 0.07299380 0.09469433 0.12679197 0.11326086 0.11027284 0.05208343 0.06605080 0.15570477 0.07924769 0.07442160 0.09544130 0.10569768 0.07826857 0.07503171 0.09522488 0.13481776 0.10587786 0.09205837 0.12737858 0.10761157 
0.06879662 0.12414962 0.13942022 0.13363646 0.10224439 0.10876201 0.10325827 0.10268967 0.11367136 0.14100902 0.09326728 0.00000000 0.07207047 0.07165044 0.12113559 0.10339385 0.09701506 0.12208220 0.13578018 0.13758189 0.16306845 0.08081129 0.11761185 0.04660131 0.09900277 0.07104934 0.05830545 0.08016614 0.06517856 0.13865005 0.06941003 0.08077124 0.08664656 0.10454629 0.06557511 0.02934576 0.03802880 0.09346966 0.08234916 0.07192044 0.04676863 0.07750021 0.07047827 0.05077184 0.10093965 0.15393340 0.12166922 0.09782993 0.06402815 0.04304440 0.07410136 0.07626360 0.08547535 0.05050595 0.12229713 0.05999797 0.08315402 0.15787606 0.05107954 0.12531621 0.08121449 0.07880155 0.07805539 0.08199534 0.05881166 0.07330619 0.09486900 0.10493194 0.09946306 0.09741129 0.05773202 0.06198537 0.13518444 0.17553826 0.06348529 0.16857155 0.08124390 0.13279890 0.09782993 0.06931162 0.08849942 0.06265675 0.12102607 0.05319858 0.08251829 0.11655505 0.07936893 0.15478835 0.06945419 0.10822709 0.09745352 0.10163489 0.14255585 0.16806776 0.07150222 0.07292169 0.10636407 
0.10116209 0.07581409 0.10715809 0.11862537 0.09677788 0.10801171 0.13633226 0.14052692 0.14102429 0.08604902 0.09771054 0.07207047 0.00000000 0.07952280 0.15504819 0.07978707 0.09294921 0.10713271 0.08674878 0.11540987 0.07778626 0.08963842 0.09154496 0.04714571 0.09038244 0.06418325 0.08413829 0.09241405 0.06394366 0.10471995 0.12962329 0.11409833 0.12981682 0.13809737 0.17581026 0.06448556 0.08480881 0.06822185 0.14106924 0.13301190 0.06230484 0.09278932 0.11632733 0.11455386 0.06143368 0.15049970 0.07409830 0.09252125 0.11574193 0.06162018 0.11487875 0.10047532 0.10444880 0.08238249 0.06110816 0.08940043 0.09177952 0.06676100 0.06559527 0.06673024 0.11355908 0.04790119 0.11109415 0.07837618 0.07723245 0.12268225 0.09472546 0.06566795 0.07819511 0.11112071 0.11937482 0.13518478 0.08936395 0.06851007 0.02418616 0.10534041 0.08574274 0.08368437 0.09252125 0.11091828 0.09067264 0.09822703 0.11717802 0.02259630 0.08914209 0.09206106 0.05688333 0.10364137 0.07948122 0.06847738 0.09791750 0.10371514 0.10515301 0.09126138 0.11502599 0.11079876 0.10069536 
0.13437461 0.10521697 0.07903955 0.11468480 0.05604973 0.13734031 0.12448920 0.11154114 0.17020327 0.19666863 0.12345741 0.07165044 0.07952280 0.00000000 0.08655866 0.12289829 0.07672264 0.08073350 0.11356688 0.06765552 0.07908696 0.07238357 0.10981922 0.03807331 0.06677509 0.11955468 0.07986687 0.09416191 0.08821087 0.13150050 0.07725515 0.10493351 0.07513820 0.08324673 0.09560054 0.08059633 0.14007102 0.11254982 0.08504431 0.09542502 0.10477382 0.14249816 0.11595627 0.05347401 0.16618372 0.07115256 0.06367090 0.08895260 0.05970814 0.08205675 0.06570313 0.08205592 0.07818267 0.09750514 0.04607697 0.06033841 0.09904709 0.09204413 0.09102396 0.08371005 0.08789036 0.06095097 0.06183157 0.05863367 0.11034195 0.07312072 0.06178459 0.06207223 0.07535598 0.08646439 0.11860385 0.13177453 0.12287244 0.10082131 0.14433876 0.09045506 0.11711115 0.11299073 0.08895260 0.09182289 0.07302395 0.09885402 0.06085706 0.08646671 0.11817397 0.10658922 0.10592413 0.07878876 0.11132184 0.10949976 0.06872192 0.09123951 0.13930389 0.08077181 0.11056933 0.14481401 0.10557584 
0.10842341 0.05272258 0.10787683 0.02775999 0.11086452 0.06561783 0.09997149 0.13937843 0.11660081 0.09578771 0.09044607 0.12113559 0.15504819 0.08655866 0.00000000 0.12949588 0.07848389 0.15255352 0.05658877 0.11791617 0.10933524 0.09626118 0.08896125 0.07283036 0.08540187 0.07816286 0.06755134 0.08938365 0.07858439 0.04827747 0.07543891 0.02343368 0.06517728 0.05607293 0.08173658 0.06257328 0.05541847 0.11618662 0.07371078 0.06883761 0.08281794 0.05880827 0.10822187 0.09099674 0.10495080 0.14626805 0.09262365 0.09794146 0.07070463 0.09505907 0.10088688 0.07675170 0.13302848 0.10818552 0.09753919 0.13064855 0.06374254 0.07759752 0.06626040 0.05331362 0.10797255 0.04537599 0.08782929 0.05960568 0.09024494 0.05591258 0.05710298 0.13601770 0.08235617 0.08912695 0.08412234 0.09327220 0.08889845 0.11848716 0.15235598 0.11194780 0.07448793 0.15049363 0.09794146 0.12220598 0.06332515 0.07911186 0.38575554 0.05956718 0.08774480 0.14505784 0.10351263 0.12042248 0.02266847 0.09318362 0.10372767 0.10776248 0.09399959 0.07642227 0.07189696 0.12386457 0.11630812 
0.07408383 0.05742766 0.11890237 0.05866137 0.09333269 0.07375374 0.08377291 0.08225491 0.07838998 0.07443194 0.07798562 0.10339385 0.07978707 0.12289829 0.12949588 0.00000000 0.18098423 0.14581973 0.10232072 0.13594969 0.15976706 0.18600997 0.12383269 0.08253238 0.05466959 0.09901509 0.10776809 0.10630355 0.09900859 0.12060159 0.06602175 0.08211841 0.14248692 0.06530884 0.08092903 0.12667506 0.07730139 0.08690494 0.09054412 0.10818859 0.14215715 0.08808327 0.08912455 0.15785548 0.10177530 0.13383540 0.13256093 0.09778937 0.08137658 0.10845228 0.10707103 0.06404423 0.07582530 0.07851484 0.07869598 0.10244621 0.09677970 0.09189267 0.15297007 0.10547981 0.07627681 0.08286635 0.05628017 0.09510304 0.07319086 0.05401565 0.06505397 0.06309612 0.03896613 0.09543875 0.09568708 0.11343639 0.07445551 0.05804124 0.08024176 0.12294985 0.05341621 0.17488931 0.09778937 0.09845216 0.09722477 0.09079215 0.09914032 0.07998594 0.09512845 0.09704538 0.12271814 0.10837174 0.04037272 0.03044088 0.08288559 0.05610785 0.07170894 0.04743956 0.09726569 0.04836928 0.03395638 
0.08038540 0.08222507 0.11218460 0.10962098 0.13371685 0.09238417 0.05831518 0.13855046 0.09710645 0.08966790 0.08138025 0.09701506 0.09294921 0.07672264 0.07848389 0.18098423 0.00000000 0.12048795 0.29391553 0.08205051 0.11021315 0.10993131 0.06855188 0.08481903 0.05169736 0.09820581 0.09637991 0.08522737 0.10535532 0.09373965 0.07817132 0.07420486 0.12484776 0.08185540 0.10533484 0.06934831 0.11833158 0.06746077 0.13246627 0.10451606 0.15619736 0.08125269 0.12425257 0.11100117 0.10515904 0.09071514 0.09093175 0.08930711 0.16122601 0.07784954 0.08236415 0.07989100 0.06137583 0.05391181 0.08435410 0.07327064 0.08478180 0.08928538 0.09410414 0.12918709 0.05918749 0.09498259 0.11399297 0.11973238 0.07345431 0.07507992 0.08433691 0.08630836 0.08063986 0.07182382 0.08740749 0.10769509 0.09291060 0.05520276 0.07793074 0.09095929 0.10757093 0.09319106 0.08930711 0.05939603 0.04908863 0.06261420 0.06890217 0.09818439 0.11884353 0.11685868 0.07259884 0.09556306 0.11366035 0.06902650 0.09053000 0.08759624 0.13331715 0.10993670 0.09403160 0.12311978 0.09371691 
0.06716113 0.04707055 0.12425785 0.07911471 0.05787020 0.04811859 0.04254112 0.08981220 0.13433875 0.09602186 0.07232051 0.12208220 0.10713271 0.08073350 0.15255352 0.14581973 0.12048795 0.00000000 0.09965080 0.14310002 0.13460676 0.14899434 0.12651337 0.08362008 0.05144733 0.07255481 0.09953636 0.12712623 0.14244916 0.10029809 0.06920180 0.09776619 0.10570021 0.06757779 0.09317699 0.15178328 0.07717153 0.10977410 0.10837614 0.13006889 0.12855860 0.09799604 0.10639534 0.15302089 0.10017776 0.14609453 0.10124893 0.09980605 0.10798317 0.08653852 0.10332607 0.08320649 0.07765865 0.09161472 0.08082449 0.12737141 0.12267914 0.06676846 0.10521854 0.05217579 0.06454186 0.06997501 0.04308680 0.10486318 0.10552544 0.08746917 0.07218128 0.05796577 0.06705767 0.09107099 0.08300385 0.11398984 0.06897550 0.06442891 0.07145875 0.11944994 0.05986479 0.08858097 0.09980605 0.09229210 0.06165204 0.07457387 0.10008145 0.06059582 0.10724451 0.08120841 0.08530213 0.10628460 0.09700756 0.06345732 0.07473650 0.08570172 0.09642190 0.10627135 0.07688242 0.07454793 0.05096401 
0.12588013 0.10444783 0.09316846 0.12782253 0.10466593 0.09696620 0.11958498 0.13566860 0.07570560 0.13586366 0.10174836 0.13578018 0.08674878 0.11356688 0.05658877 0.10232072 0.29391553 0.09965080 0.00000000 0.11068857 0.08042010 0.08695128 0.09693028 0.07531894 0.09091508 0.09153018 0.06195450 0.07576023 0.07667231 0.05923477 0.08428860 0.09083350 0.06742007 0.06732115 0.09391490 0.11664073 0.10042912 0.12496904 0.10205878 0.11270814 0.11352907 0.14153895 0.08407913 0.06280498 0.13863360 0.07347440 0.06643911 0.09183297 0.05982581 0.06796194 0.09871446 0.09770023 0.10950816 0.13948024 0.06164947 0.11184462 0.05990637 0.10992453 0.04843674 0.07518709 0.04420019 0.10625923 0.06473188 0.07168174 0.09029778 0.06308251 0.10232835 0.06745925 0.10036569 0.11629636 0.11775400 0.10572590 0.11159678 0.10498105 0.12169585 0.06492069 0.11031549 0.11893639 0.09183297 0.07384508 0.10337588 0.11223791 0.05616857 0.06722284 0.10919528 0.13783678 0.08223908 0.10929631 0.09158709 0.08569476 0.10184103 0.07939597 0.07995367 0.05413042 0.09070432 0.05613393 0.06068927 
0.12185399 0.09958108 0.13086520 0.07197097 0.05440376 0.06892747 0.14467438 0.10801475 0.07142232 0.08546094 0.05945958 0.13758189 0.11540987 0.06765552 0.11791617 0.13594969 0.08205051 0.14310002 0.11068857 0.00000000 0.13830960 0.10416191 0.10966173 0.08249601 0.07095780 0.06037764 0.07501356 0.07167049 0.07430169 0.08711137 0.09674312 0.11264196 0.11239688 0.07023187 0.09919042 0.12702888 0.10345420 0.10718335 0.09547055 0.13152259 0.10588072 0.08098681 0.09268199 0.07953104 0.14788586 0.10692177 0.11012014 0.10094769 0.12566625 0.11801037 0.06827116 0.07290509 0.12578168 0.08300888 0.13281822 0.09673367 0.11142914 0.05441130 0.11941634 0.07888769 0.09991297 0.08301686 0.07030503 0.07106432 0.08404680 0.11253939 0.07258916 0.11771594 0.08116357 0.09146135 0.07752369 0.08056838 0.09333981 0.05933084 0.05027196 0.07086087 0.05331568 0.08328442 0.10094769 0.06474319 0.11399772 0.05830348 0.07787275 0.07157342 0.09427522 0.19158432 0.09530492 0.06792193 0.03701029 0.09421399 0.10090013 0.08315732 0.07428974 0.09449051 0.08003820 0.04792341 0.09608690 
0.06820438 0.05845957 0.11134036 0.09894773 0.03374722 0.09069490 0.10469581 0.07333341 0.14680695 0.07432550 0.10884174 0.16306845 0.07778626 0.07908696 0.10933524 0.15976706 0.11021315 0.13460676 0.08042010 0.13830960 0.00000000 0.12696328 0.12861690 0.08730551 0.05138190 0.06413708 0.09629110 0.09793251 0.09033021 0.10748050 0.07856965 0.08895885 0.11489459 0.07583483 0.12579419 0.14639045 0.07016165 0.14850232 0.07961103 0.17349119 0.11685582 0.11145461 0.13669716 0.14353476 0.12930675 0.13043584 0.16387438 0.09456102 0.06778858 0.12587235 0.06398101 0.03737216 0.10485575 0.09506218 0.04309609 0.11229214 0.08620819 0.06566865 0.14540608 0.09888526 0.10795735 0.07259775 0.07718683 0.07270840 0.10338039 0.07034727 0.05505991 0.07844608 0.10222931 0.08401306 0.08117074 0.03314108 0.09460317 0.07447197 0.11757427 0.08397356 0.04047684 0.11371552 0.09456102 0.09096857 0.11516426 0.09282031 0.09130446 0.06353925 0.07547461 0.09272200 0.14116951 0.10813534 0.05304226 0.08040622 0.06124155 0.05260227 0.05858096 0.05200316 0.12611219 0.06733122 0.05042150 
0.05043367 0.09407780 0.06236099 0.03860008 0.04903134 0.09920428 0.05772267 0.09886467 0.08484214 0.06826453 0.08541854 0.08081129 0.08963842 0.07238357 0.09626118 0.18600997 0.10993131 0.14899434 0.08695128 0.10416191 0.12696328 0.00000000 0.16436800 0.08713162 0.09479068 0.05776888 0.13255084 0.12152192 0.03123581 0.08445863 0.16130407 0.06872185 0.23918674 0.16618351 0.08921933 0.12162003 0.08724243 0.07055094 0.06318044 0.09395991 0.12603852 0.11308218 0.06793438 0.08037397 0.07340008 0.06327880 0.06782503 0.09123807 0.19922303 0.12329278 0.08396754 0.09500753 0.08093451 0.10994973 0.07105830 0.11844222 0.08084070 0.07123462 0.08414096 0.09504521 0.06033143 0.07121019 0.06802986 0.10609376 0.10453860 0.07964082 0.06772548 0.09221327 0.08773477 0.17791319 0.06995831 0.10840873 0.11136661 0.08364445 0.06933209 0.05528525 0.07133507 0.09600176 0.09123807 0.08114425 0.10274396 0.13103536 0.06336445 0.07764031 0.06975217 0.07177214 0.09579710 0.05756439 0.10558993 0.11932848 0.07085252 0.06043815 0.16074069 0.10979689 0.07305787 0.09440648 0.09779289 
0.10170151 0.15433850 0.11002144 0.08772945 0.07209277 0.12574624 0.05803762 0.09170007 0.09464393 0.02303035 0.09001580 0.11761185 0.09154496 0.10981922 0.08896125 0.12383269 0.06855188 0.12651337 0.09693028 0.10966173 0.12861690 0.16436800 0.00000000 0.14582836 0.16854634 0.11678960 0.04845444 0.13628231 0.10527305 0.11421619 0.04277896 0.07947315 0.08682088 0.09099547 0.13492362 0.09985087 0.07973285 0.05466051 0.10121722 0.13935443 0.13430261 0.09167323 0.06184363 0.13924725 0.09480943 0.10124307 0.08401607 0.08946773 0.04452342 0.12136737 0.09410991 0.14917175 0.12332768 0.09027081 0.11690267 0.10870039 0.07723835 0.08939684 0.10870791 0.04261589 0.06478719 0.08821597 0.11857459 0.09847229 0.06757141 0.07909316 0.08246403 0.09245291 0.09604826 0.10327992 0.06645955 0.07807763 0.04351336 0.08978760 0.07234789 0.11696606 0.06825697 0.11092753 0.08946773 0.12168598 0.14131204 0.08248598 0.05526518 0.13448174 0.07321538 0.10485894 0.14088967 0.07113355 0.06798957 0.05477338 0.08035138 0.07034036 0.06989957 0.10864287 0.06136794 0.08205869 0.11560723 
0.09634358 0.06157756 0.08730120 0.10297428 0.12319312 0.07974255 0.09282361 0.07625712 0.11219225 0.03644579 0.09595609 0.04660131 0.04714571 0.03807331 0.07283036 0.08253238 0.08481903 0.08362008 0.07531894 0.08249601 0.08730551 0.08713162 0.14582836 0.00000000 0.07844878 0.15463060 0.11792233 0.06631737 0.10071608 0.13983802 0.07431995 0.10072813 0.09367259 0.05351334 0.05386813 0.09620881 0.10829187 0.08337523 0.10070356 0.09417823 0.03769482 0.10283333 0.07400901 0.08836057 0.09049400 0.09632664 0.07051703 0.09448505 0.07709415 0.09954394 0.11402832 0.20256578 0.10846005 0.09438197 0.09683302 0.09106188 0.14759555 0.06686623 0.08173693 0.13207893 0.14897025 0.11468806 0.11349278 0.10192926 0.04986288 0.20135268 0.11603595 0.10328007 0.14454586 0.08778787 0.06297451 0.05678966 0.10238505 0.18859233 0.10052693 0.05946052 0.10111508 0.07642461 0.09448505 0.12942535 0.03004557 0.06176813 0.06727904 0.06454194 0.10477858 0.10505640 0.11538490 0.09808080 0.07591052 0.12164721 0.13947171 0.10788590 0.08627512 0.07701787 0.07602187 0.08418098 0.11320491 
0.08134978 0.12861771 0.07038563 0.08442866 0.08727057 0.16248705 0.14313611 0.08127357 0.06393303 0.15399979 0.17449063 0.09900277 0.09038244 0.06677509 0.08540187 0.05466959 0.05169736 0.05144733 0.09091508 0.07095780 0.05138190 0.09479068 0.16854634 0.07844878 0.00000000 0.19446815 0.15126269 0.05830535 0.06214259 0.10393517 0.06318630 0.06204494 0.07849240 0.11875090 0.09227644 0.06061629 0.09451043 0.15824092 0.09021266 0.05991217 0.07631081 0.08018493 0.08822352 0.06103936 0.10749172 0.06828133 0.08614888 0.09740509 0.11876225 0.04297016 0.07384768 0.08602340 0.11488705 0.13841338 0.13313883 0.03955215 0.05884736 0.09433888 0.07432022 0.06778178 0.11019291 0.15564242 0.09851150 0.10649539 0.10684268 0.10204254 0.20053801 0.09939472 0.09093346 0.13048394 0.09813034 0.05924872 0.04888837 0.07152962 0.07374746 0.07118373 0.06679305 0.07070675 0.09740509 0.08120838 0.09441016 0.06100350 0.07576879 0.10623772 0.04937625 0.09724518 0.08098793 0.09342356 0.10859351 0.05746688 0.09612545 0.10958251 0.13316369 0.10933964 0.09593873 0.12354833 0.10489517 
0.11130174 0.13892637 0.08002771 0.12476879 0.13376262 0.13361249 0.12500046 0.05628268 0.07976630 0.13931391 0.10505705 0.07104934 0.06418325 0.11955468 0.07816286 0.09901509 0.09820581 0.07255481 0.09153018 0.06037764 0.06413708 0.05776888 0.11678960 0.15463060 0.19446815 0.00000000 0.11281794 0.10532706 0.08302725 0.08816515 0.08990246 0.03465693 0.09636894 0.16077175 0.06045897 0.08571199 0.09932785 0.03984447 0.13647222 0.08663332 0.06664258 0.12588776 0.08804350 0.10417699 0.07262123 0.06963319 0.06497696 0.08712945 0.07220020 0.07625819 0.12104997 0.14571943 0.11266030 0.12297278 0.07494392 0.09356032 0.11491083 0.15634101 0.05418517 0.08368742 0.13159387 0.11265110 0.12884501 0.10696497 0.04831781 0.12209189 0.09887134 0.06684211 0.06371733 0.05503636 0.09376153 0.05479553 0.07209904 0.11202107 0.07604637 0.09815000 0.07982595 0.12709417 0.08712945 0.11095660 0.08829882 0.08604052 0.06908435 0.08257977 0.15687120 0.06013937 0.08042389 0.07037247 0.10712175 0.10310090 0.11633296 0.07874576 0.08075312 0.10577424 0.05023557 0.11319527 0.11505819 
0.10889352 0.06557345 0.10001239 0.07569754 0.10803397 0.12019071 0.09076726 0.11615126 0.12827481 0.11563494 0.12391362 0.05830545 0.08413829 0.07986687 0.06755134 0.10776809 0.09637991 0.09953636 0.06195450 0.07501356 0.09629110 0.13255084 0.04845444 0.11792233 0.15126269 0.11281794 0.00000000 0.10107866 0.07057037 0.12485512 0.14204174 0.08755373 0.13830435 0.14569352 0.11968819 0.09547483 0.06883672 0.10236572 0.08846897 0.13375026 0.10358942 0.13341547 0.07330742 0.12926803 0.14567652 0.07989630 0.05401810 0.08794296 0.06725588 0.09615195 0.03877044 0.10366628 0.06011335 0.06572244 0.13383158 0.12398526 0.10132833 0.08616018 0.06882779 0.07721192 0.06610377 0.07511639 0.09171948 0.09362924 0.10963880 0.06290070 0.08020614 0.11466359 0.08802835 0.04933810 0.13148739 0.06467747 0.10575339 0.10387921 0.06995709 0.06803606 0.07070737 0.10669530 0.08794296 0.13572688 0.09196586 0.06280042 0.15757867 0.11032360 0.10996627 0.11904251 0.08840580 0.13737323 0.10969951 0.13729338 0.06648667 0.07139890 0.06925411 0.06998730 0.06280584 0.07488631 0.07733991 
0.06152488 0.08850946 0.08236458 0.07252547 0.08546081 0.06599982 0.06255435 0.08506383 0.08419963 0.08111051 0.05767828 0.08016614 0.09241405 0.09416191 0.08938365 0.10630355 0.08522737 0.12712623 0.07576023 0.07167049 0.09793251 0.12152192 0.13628231 0.06631737 0.05830535 0.10532706 0.10107866 0.00000000 0.14150672 0.12435462 0.08382166 0.09318569 0.12605126 0.08219820 0.09716158 0.12863746 0.15423343 0.09994983 0.09659335 0.07969237 0.08386305 0.09054387 0.10833423 0.10973115 0.06510871 0.07976444 0.07802636 0.09728826 0.12938436 0.11814416 0.07314827 0.10165445 0.11460058 0.12749021 0.13678960 0.18580697 0.14504921 0.08854083 0.11312501 0.06678101 0.09133563 0.09595029 0.07064130 0.09297475 0.09506681 0.15433189 0.07662684 0.05779380 0.10648138 0.07345515 0.09332676 0.07617858 0.05076850 0.08790854 0.10514415 0.08631646 0.06981258 0.09923251 0.09728826 0.05900758 0.09830294 0.12451463 0.09537880 0.09235276 0.06050106 0.06428182 0.09598157 0.08505297 0.09962788 0.10925505 0.08698420 0.11162450 0.08734466 0.07693116 0.06748081 0.07155651 0.07888301 
0.08272591 0.07212084 0.06076618 0.13384324 0.11882390 0.05913937 0.11472009 0.09879448 0.04647438 0.09507574 0.05508135 0.06517856 0.06394366 0.08821087 0.07858439 0.09900859 0.10535532 0.14244916 0.07667231 0.07430169 0.09033021 0.03123581 0.10527305 0.10071608 0.06214259 0.08302725 0.07057037 0.14150672 0.00000000 0.05052913 0.08874510 0.05957971 0.13840536 0.06677151 0.15034133 0.11768163 0.11100533 0.14043965 0.08746621 0.05105323 0.09438032 0.10097632 0.04934667 0.10226214 0.08319084 0.07238792 0.10065165 0.09451657 0.12201004 0.12712293 0.09785965 0.04383428 0.10493608 0.09774903 0.18279161 0.13497294 0.10585357 0.10333610 0.06909151 0.07201563 0.12386373 0.07575876 0.16146867 0.11009237 0.15732587 0.07909916 0.12398620 0.08950806 0.13226777 0.09186798 0.08746910 0.05808358 0.08840581 0.08590567 0.15606183 0.08616101 0.07723623 0.11326705 0.09451657 0.14641139 0.06571500 0.09162288 0.13596200 0.06600257 0.09765381 0.11587403 0.08517621 0.04262292 0.09176549 0.06521669 0.06828240 0.04588332 0.11898075 0.10256238 0.08649833 0.06182257 0.10543378 
0.04571089 0.11415077 0.04845139 0.04919787 0.08802702 0.08520543 0.10494995 0.06932491 0.10620769 0.09300362 0.07313757 0.13865005 0.10471995 0.13150050 0.04827747 0.12060159 0.09373965 0.10029809 0.05923477 0.08711137 0.10748050 0.08445863 0.11421619 0.13983802 0.10393517 0.08816515 0.12485512 0.12435462 0.05052913 0.00000000 0.11992281 0.13691965 0.17609238 0.15132252 0.10494972 0.07188098 0.11194823 0.13740567 0.07310630 0.08228150 0.05826715 0.11780214 0.12172607 0.10083172 0.06124913 0.08225486 0.05810435 0.09412891 0.08963327 0.06664133 0.14269193 0.10381794 0.06328750 0.10551478 0.10482286 0.14514216 0.09585890 0.10404205 0.07727943 0.07532535 0.09206865 0.07915102 0.07199432 0.14018951 0.15838809 0.07624404 0.07723114 0.07941019 0.11818500 0.11098585 0.09369625 0.09872019 0.07560321 0.08573177 0.08189324 0.09433344 0.08694113 0.08048554 0.09412891 0.06158772 0.08078609 0.10972522 0.05877393 0.03796864 0.08027881 0.11274891 0.11711458 0.04498346 0.07977903 0.07406900 0.05513490 0.10323307 0.11668371 0.08740665 0.09134009 0.09210681 0.11713802 
0.10683878 0.09510861 0.06767300 0.08179922 0.07983585 0.08984331 0.11221388 0.15297183 0.09586098 0.07858892 0.06975717 0.06941003 0.12962329 0.07725515 0.07543891 0.06602175 0.07817132 0.06920180 0.08428860 0.09674312 0.07856965 0.16130407 0.04277896 0.07431995 0.06318630 0.08990246 0.14204174 0.08382166 0.08874510 0.11992281 0.00000000 0.18929644 0.10220480 0.09836612 0.12091940 0.04983227 0.05893278 0.13719714 0.10924696 0.11882301 0.08523363 0.10326231 0.07979981 0.07983350 0.10134126 0.09483133 0.08341300 0.09063325 0.04375490 0.10734363 0.09043212 0.10431214 0.09367813 0.06151197 0.05668729 0.05390534 0.10083421 0.09080685 0.05930449 0.04720935 0.14904816 0.04715188 0.11649334 0.13357372 0.13088257 0.13331872 0.07851943 0.14737162 0.10275624 0.08081196 0.11828657 0.08618633 0.10340078 0.09263921 0.15762052 0.12455340 0.10930649 0.06948959 0.09063325 0.07990343 0.08075652 0.04011866 0.05902258 0.12422090 0.10583091 0.10417759 0.05635860 0.11848214 0.11795750 0.08565285 0.08364178 0.09286205 0.11764190 0.10348399 0.12810675 0.09482594 0.08593740 
0.14331603 0.10125255 0.11269566 0.08100713 0.05401253 0.07428987 0.13082064 0.02730010 0.12630144 0.15201672 0.08852178 0.08077124 0.11409833 0.10493351 0.02343368 0.08211841 0.07420486 0.09776619 0.09083350 0.11264196 0.08895885 0.06872185 0.07947315 0.10072813 0.06204494 0.03465693 0.08755373 0.09318569 0.05957971 0.13691965 0.18929644 0.00000000 0.11309212 0.09613128 0.14336506 0.09897412 0.10018191 0.14217476 0.11270274 0.07351548 0.11316194 0.09328639 0.10105722 0.11423072 0.08976511 0.07433688 0.07979691 0.09437593 0.08388316 0.08712817 0.09037782 0.08383865 0.09601184 0.07291633 0.06990238 0.09145774 0.18154685 0.11412381 0.07609800 0.13194537 0.10093029 0.10553283 0.09548653 0.08727406 0.11579321 0.09534227 0.10255129 0.15657245 0.15193204 0.10029371 0.06498378 0.06640812 0.08303621 0.10568658 0.04522749 0.11458590 0.08152249 0.08932655 0.09437593 0.11523296 0.10137403 0.08092761 0.07501242 0.05389550 0.09338355 0.10393562 0.09464307 0.06417605 0.07623021 0.10833144 0.09661739 0.10008062 0.05866879 0.10498954 0.06267857 0.08293389 0.10066577 
0.07556877 0.07882208 0.07499900 0.06080881 0.08990659 0.07770697 0.12516369 0.06006963 0.06937559 0.05108175 0.06419712 0.08664656 0.12981682 0.07513820 0.06517728 0.14248692 0.12484776 0.10570021 0.06742007 0.11239688 0.11489459 0.23918674 0.08682088 0.09367259 0.07849240 0.09636894 0.13830435 0.12605126 0.13840536 0.17609238 0.10220480 0.11309212 0.00000000 0.08484862 0.11069010 0.12401973 0.15059747 0.10087313 0.08968610 0.10938356 0.10594186 0.03893105 0.06178639 0.08381348 0.07662605 0.11380877 0.11661748 0.09515006 0.08648746 0.14596634 0.02656843 0.09268246 0.12768768 0.11663638 0.10207262 0.16082982 0.12271112 0.08251000 0.09055650 0.11571207 0.09569644 0.09955539 0.07526219 0.09389348 0.09628220 0.06171332 0.09213988 0.07515791 0.09273548 0.08158676 0.06421139 0.09031287 0.06746442 0.09596959 0.07170258 0.08011221 0.05088550 0.07127451 0.09515006 0.09017682 0.08761885 0.14999685 0.10383171 0.08874606 0.08071771 0.07765391 0.08075223 0.08221923 0.07578963 0.08416865 0.06934936 0.06053451 0.09572526 0.09154256 0.07834044 0.06200728 0.07046070 
0.10481379 0.12092963 0.07549069 0.07846653 0.06096198 0.08576958 0.07751776 0.07949084 0.05943219 0.09844071 0.14714181 0.10454629 0.13809737 0.08324673 0.05607293 0.06530884 0.08185540 0.06757779 0.06732115 0.07023187 0.07583483 0.16618351 0.09099547 0.05351334 0.11875090 0.16077175 0.14569352 0.08219820 0.06677151 0.15132252 0.09836612 0.09613128 0.08484862 0.00000000 0.12781040 0.07760491 0.22890810 0.13773899 0.10466349 0.07802756 0.08528123 0.10514092 0.09214056 0.05982325 0.06641402 0.07449865 0.07652477 0.08765389 0.09318948 0.12418132 0.09687907 0.12109888 0.08955445 0.09556596 0.06665177 0.10760324 0.10522833 0.16888714 0.06744446 0.13096664 0.08495324 0.05832799 0.11250386 0.12855048 0.10593405 0.14154921 0.07868522 0.07997001 0.10367594 0.18401416 0.11813786 0.07181457 0.07942186 0.04237622 0.10332689 0.08194945 0.09518864 0.08175682 0.08765389 0.06006465 0.08051559 0.10026435 0.05179934 0.08788684 0.08483986 0.11639994 0.10536933 0.08963922 0.08880609 0.07886365 0.08862854 0.07194976 0.11361327 0.07891100 0.07464809 0.06942196 0.06705786 
0.13707318 0.10833805 0.11270747 0.14573576 0.02682348 0.11199415 0.08211514 0.09032832 0.14758985 0.10877064 0.10838128 0.06557511 0.17581026 0.09560054 0.08173658 0.08092903 0.10533484 0.09317699 0.09391490 0.09919042 0.12579419 0.08921933 0.13492362 0.05386813 0.09227644 0.06045897 0.11968819 0.09716158 0.15034133 0.10494972 0.12091940 0.14336506 0.11069010 0.12781040 0.00000000 0.06506740 0.07036147 0.14271734 0.09904051 0.09241039 0.11147443 0.07803218 0.10273298 0.06664622 0.08034488 0.08142931 0.10288543 0.09199768 0.06808414 0.11679811 0.05534644 0.06694570 0.09312951 0.06824945 0.06392605 0.07671690 0.04140743 0.03107071 0.10001701 0.09485095 0.09082617 0.08267822 0.13906288 0.12191385 0.10481485 0.06131761 0.07106930 0.10439671 0.08779199 0.09962458 0.10109540 0.11442973 0.06106040 0.04847494 0.10655717 0.09235324 0.09245888 0.07887168 0.09199768 0.09047446 0.09505116 0.09479578 0.07672116 0.10150282 0.14229732 0.08353031 0.11362781 0.10033121 0.11302924 0.10966386 0.08056746 0.08755506 0.08867236 0.07282715 0.10354130 0.09450728 0.10160066 
0.05443560 0.04583547 0.11378210 0.04406510 0.07351336 0.09034141 0.06478425 0.10270377 0.08180837 0.07218070 0.06220423 0.02934576 0.06448556 0.08059633 0.06257328 0.12667506 0.06934831 0.15178328 0.11664073 0.12702888 0.14639045 0.12162003 0.09985087 0.09620881 0.06061629 0.08571199 0.09547483 0.12863746 0.11768163 0.07188098 0.04983227 0.09897412 0.12401973 0.07760491 0.06506740 0.00000000 0.11629251 0.06941972 0.12979413 0.18228341 0.12399103 0.06261529 0.10866465 0.11887051 0.08775167 0.07671704 0.16860522 0.09669633 0.11773991 0.15259742 0.11669361 0.07088045 0.10890681 0.08149281 0.16082897 0.17866966 0.10053755 0.09312337 0.15477563 0.05546612 0.09707680 0.10017003 0.06616720 0.06410346 0.10446479 0.05507565 0.11094479 0.06034549 0.06465413 0.11685380 0.08524602 0.16905662 0.07971262 0.08924230 0.06606044 0.09529297 0.08180288 0.09527054 0.09669633 0.11682704 0.10897520 0.10864481 0.07297102 0.06102860 0.05931082 0.12214021 0.09766594 0.12245702 0.06932423 0.09568247 0.10062509 0.09557997 0.05723520 0.03901466 0.07830315 0.08086863 0.03568562 
0.07082138 0.07293931 0.07562118 0.06696068 0.07178828 0.09582179 0.09718526 0.05820956 0.10596985 0.09955449 0.13189298 0.03802880 0.08480881 0.14007102 0.05541847 0.07730139 0.11833158 0.07717153 0.10042912 0.10345420 0.07016165 0.08724243 0.07973285 0.10829187 0.09451043 0.09932785 0.06883672 0.15423343 0.11100533 0.11194823 0.05893278 0.10018191 0.15059747 0.22890810 0.07036147 0.11629251 0.00000000 0.11037098 0.11326484 0.07556109 0.16596835 0.03541351 0.02357965 0.08298331 0.10761945 0.08297706 0.09682008 0.09362822 0.15888683 0.09556459 0.04359706 0.05765481 0.10152504 0.09386471 0.11653450 0.08464410 0.12068441 0.09144354 0.09173926 0.08040645 0.05885294 0.09323046 0.08483233 0.06175859 0.10287361 0.34416313 0.06969112 0.08140804 0.12707189 0.12835655 0.09319838 0.05338241 0.07186905 0.05415132 0.11938563 0.09184250 0.06467109 0.08720148 0.09362822 0.10122131 0.08814271 0.12359601 0.06409225 0.10824457 0.06068110 0.11138642 0.12324297 0.05500295 0.07396216 0.12049287 0.07757786 0.08063653 0.10260935 0.07429104 0.07589189 0.09048018 0.10277654 
