0.00000000 0.48767059 0.35672019 0.23874711 0.35226179 0.40252065 0.25719361 0.27860137 0.38386096 0.42891491 0.24127978 0.28592687 0.29123499 0.38873039 0.27184982 0.24260172 0.31984515 0.28602680 0.17224202 0.35871419 0.28262651 0.41755583 0.27011328 0.34514589 0.26685954 0.28152248 0.54120197 0.38971710 0.25810614 0.35594318 0.27431723 0.37610660 0.25089627 0.13372724 0.26881191 0.33035085 0.30011415 0.14481205 0.17674884 0.26891115 0.32877639 0.22015393 0.32171999 0.25616595 0.33822492 0.24173048 0.26920649 0.28336037 0.22433505 0.37410900 0.25693828 0.23675172 0.33467569 0.27287061 0.21536742 0.31834948 0.42958230 0.30156176 
0.48767059 0.00000000 0.31701838 0.51136284 0.36969950 0.48385795 0.25037886 0.23975062 0.30630586 0.49262314 0.30804349 0.41115097 0.31277556 0.26255634 0.31958220 0.17792731 0.34648829 0.45795086 0.05082125 0.26808007 0.43209136 0.31433621 0.21389805 0.94968555 0.15910214 0.97645730 0.67916447 0.26567415 0.26387399 0.41277108 0.22111490 0.32095154 0.41091123 0.18023644 0.09510075 0.14642733 0.28593952 0.10872961 0.37192210 0.28155867 0.43433291 0.23879497 0.18716243 0.15975238 0.32478128 0.25619328 0.12936295 0.33558490 0.04106681 0.21937832 0.19710641 0.26703356 0.20094104 0.26600963 0.37194750 0.47651947 0.57354271 0.31752258 
0.35672019 0.31701838 0.00000000 0.56414561 0.42447706 0.42274386 0.21989199 0.12863249 0.14401470 0.10690372 0.22196681 0.53378290 0.31229590 0.27212228 0.25584161 0.23723385 0.34545612 0.24133695 0.27101507 0.09229082 0.08133921 0.32582848 0.09536309 0.30990814 0.31685359 0.36602516 0.83033469 0.32399838 0.31184305 0.34187488 0.33650451 0.31149549 0.30733550 0.25992808 0.26395295 0.35727052 0.19678773 0.47419014 0.23078381 0.25994713 0.22511447 0.22625915 0.17285321 0.17834180 0.09697203 0.06808815 0.34119467 0.16921483 0.60592112 0.34983575 0.24530834 0.24624966 0.25217311 0.99936736 0.27637337 1.26957791 0.40439506 0.28833781 
0.23874711 0.51136284 0.56414561 0.00000000 0.60383151 0.75143061 0.45044162 0.22219850 0.15608376 0.35518379 0.26124488 0.26540672 0.25399611 0.33052057 0.10669498 0.29881827 0.16937854 0.23086944 0.26077940 0.31388347 0.57859655 0.42810096 0.35688875 1.09924286 0.15651503 0.20250746 0.26805037 0.18859423 0.25468104 0.12015789 0.22120949 0.27265551 0.15022602 0.23061220 0.27790658 0.34029701 0.21975233 0.15905331 0.13763752 0.24535376 0.24390309 0.33088593 0.10672306 0.19720361 0.28644820 0.28268498 0.30003408 0.33821530 0.08167892 0.29660920 0.26632143 0.14243031 0.23756946 0.21737590 1.14389529 0.21973827 1.17379260 0.20230167 
0.35226179 0.36969950 0.42447706 0.60383151 0.00000000 0.37703566 0.38391658 0.50289095 0.45500658 0.27007445 0.22487518 0.14239959 0.04121849 0.30214983 0.20587477 0.23581208 0.26504777 0.25312545 1.64918182 0.38991643 0.19806970 0.28881381 0.70605236 0.40384013 0.59641464 0.18593406 0.17327658 0.22516213 0.26161905 0.15814077 0.15777971 0.20497566 0.04232744 0.18815581 0.24530027 0.18953631 0.21256336 0.24143912 0.27433487 0.43261371 0.18434753 0.17806397 0.19887461 0.25894341 0.29325151 0.16877538 0.22106427 0.34169500 0.28454791 0.33267128 0.36784299 0.22722946 0.53168563 0.30598857 0.23434968 0.14208915 0.28899959 0.23455141 
0.40252065 0.48385795 0.42274386 0.75143061 0.37703566 0.00000000 0.74713065 0.49794320 0.26976421 0.29815888 0.35887011 0.35334852 0.36814777 0.43620203 0.30669100 0.24564735 0.33099929 0.18987357 0.11645169 0.30401321 0.48363530 0.19133865 0.14071275 0.24237774 0.41218468 0.34462665 0.27203835 0.12889914 0.29941017 0.33464680 0.27459193 0.22201440 0.26585630 0.29077329 0.24909014 0.15763071 0.34436683 0.21526968 0.11063205 0.27509467 0.20330737 0.29075507 0.30039125 0.38157201 0.19552696 0.31570777 0.20454853 0.21714582 0.17312100 0.22459531 0.35272497 0.16891391 0.30626428 0.25360928 0.87410175 0.36403918 0.41957482 0.31353010 
0.25719361 0.25037886 0.21989199 0.45044162 0.38391658 0.74713065 0.00000000 0.35036819 0.58352829 0.43612635 0.30124243 0.20513882 0.31453600 0.34958579 0.38600466 0.40394838 0.23925453 0.24492651 0.29763116 0.21810206 0.53200699 0.33424138 0.26804860 0.12562516 0.26378177 0.24259084 0.20549677 0.08574805 0.22645475 0.31279669 0.36362288 0.27306589 0.36021668 0.39165369 0.52970498 0.25933926 0.29234628 0.18462888 0.18918013 0.23327628 0.23139914 0.26292721 0.28913765 0.13964552 0.27668204 0.17421592 0.37480294 0.31657894 0.35922918 0.34933896 0.36890089 0.77344561 0.52243425 0.33379640 0.17157925 0.12015328 0.19680853 0.30821250 
0.27860137 0.23975062 0.12863249 0.22219850 0.50289095 0.49794320 0.35036819 0.00000000 0.29518680 0.52654075 0.21751778 0.33316744 0.42551941 0.40127197 0.20889697 0.31610727 0.21037199 0.47757720 0.32795335 1.57694527 0.99516460 0.38807767 0.40196412 0.37056045 0.12150579 0.39804605 0.21142460 0.40271924 0.15445022 0.36421175 0.30853266 0.37863945 0.20864360 0.22709101 0.29883455 0.12538877 0.20204925 0.20999179 0.34454883 0.23049308 0.28691669 0.25988033 0.20407993 0.33999002 0.16225848 0.23663469 0.16816054 0.14003196 0.20633688 0.22158155 0.31190905 0.20489970 0.11483490 0.10124709 0.33661329 0.20039155 0.29329271 0.33332641 
0.38386096 0.30630586 0.14401470 0.15608376 0.45500658 0.26976421 0.58352829 0.29518680 0.00000000 0.29742904 0.62067979 0.69719597 0.33749960 0.29891714 0.39748002 0.48713330 0.31464103 0.37044297 0.37381455 0.26114512 0.25218462 0.14809502 0.25422267 0.01315158 0.11656537 0.11802126 0.37268330 0.28405314 0.18332902 0.27751356 0.35910226 0.33267461 0.38554148 0.44510832 0.36239188 0.24952065 0.34056807 0.27085191 0.40026222 0.34159522 0.36654147 0.14886218 0.26824640 0.25741430 0.07855945 0.19596373 0.25383150 0.35922681 0.20661066 0.49109288 0.50279010 0.37991359 0.34089220 0.27381289 0.35772399 0.20810947 0.16488617 0.25261770 
0.42891491 0.49262314 0.10690372 0.35518379 0.27007445 0.29815888 0.43612635 0.52654075 0.29742904 0.00000000 0.38245774 0.50845684 0.40477763 0.57502258 0.39961537 0.25678427 0.14087282 0.58573625 0.12073241 0.75086239 0.53854353 0.44604920 0.19628124 0.46622010 0.15927739 0.28798113 0.09241264 0.25324492 0.16663030 0.26779877 0.45007669 0.30935614 0.26596170 0.39618625 0.24721506 0.24807610 0.26649194 0.27032972 0.15334801 0.22947203 0.32943120 0.42331176 0.31599913 0.25055773 0.38304784 0.28453671 0.24517942 0.24300549 0.25614506 0.26073605 0.45733570 0.15886883 0.24847224 0.20132253 0.31063673 0.42411937 0.25878065 0.37307546 
0.24127978 0.30804349 0.22196681 0.26124488 0.22487518 0.35887011 0.30124243 0.21751778 0.62067979 0.38245774 0.00000000 0.80880381 0.36609486 0.30391632 0.43317523 0.73313087 0.37890238 2.23296099 0.58129972 0.25813693 0.16215347 0.28310148 0.29751149 0.11716294 0.21831946 0.12934508 0.30773770 0.26442048 0.17724732 0.12191056 0.20861348 0.22060738 0.28286799 0.25063509 0.35450705 0.24059343 0.33230486 0.16698291 0.23891190 0.26115649 0.24812616 0.30256051 0.16977516 0.24631287 0.24411614 0.06165640 0.27621960 0.33297880 0.14810541 0.20341446 0.25984558 0.41979083 0.17041691 0.08318249 0.14461304 0.18540459 0.19189888 0.33264797 
0.28592687 0.41115097 0.53378290 0.26540672 0.14239959 0.35334852 0.20513882 0.33316744 0.69719597 0.50845684 0.80880381 0.00000000 0.65543695 0.32635187 0.40276961 0.40381817 0.15436637 0.44557376 0.28496008 0.27140369 0.47464919 0.23387828 0.14503677 0.22311771 0.12189206 0.44302235 0.01875426 0.27387719 0.32177473 0.34276384 0.24790188 0.38360180 0.38720562 0.29792354 0.22902408 0.19000199 0.26590825 0.11329863 0.08960406 0.27486212 0.32056437 0.35349719 0.23456212 0.39694015 0.24837097 0.35647602 0.20049571 0.52514531 0.32106357 0.20005931 0.22701231 0.48388711 0.25119391 0.25098118 0.54403995 0.37769128 0.35172099 0.33501786 
0.29123499 0.31277556 0.31229590 0.25399611 0.04121849 0.36814777 0.31453600 0.42551941 0.33749960 0.40477763 0.36609486 0.65543695 0.00000000 0.53316499 1.19821995 0.48185818 0.26649817 0.21436302 0.28796980 0.18979101 0.27756434 0.40947527 0.31838573 0.26297418 0.31104631 0.43445007 0.26399234 0.14621308 0.39461601 0.50442398 0.44321489 0.36976801 0.37503598 0.32682377 0.20411896 0.35383942 0.46910808 0.06235248 0.33016683 0.34297544 0.14135005 0.21484000 0.14589584 0.25639603 0.30511665 0.22629814 0.33753041 0.57469794 0.21995943 0.18080973 0.32076196 0.38867105 0.15395717 0.23305930 0.23190847 0.27647695 0.37885826 0.31193558 
0.38873039 0.26255634 0.27212228 0.33052057 0.30214983 0.43620203 0.34958579 0.40127197 0.29891714 0.57502258 0.30391632 0.32635187 0.53316499 0.00000000 0.42481056 0.36872320 0.27860412 0.30682275 0.32998830 0.37915593 0.28547282 0.22142726 0.20779951 0.35497471 0.23347154 0.29255545 0.27403827 0.34851002 0.37910636 0.33996391 0.43076255 0.29746005 0.34255005 0.35375240 0.21879123 0.19958532 0.35581425 0.35904009 0.32790607 0.33848931 0.19459461 0.28268758 0.33223908 0.33492660 0.36083986 0.30594863 0.25358748 0.32938993 0.27440261 0.28746021 0.16237020 0.29725925 0.25288083 0.13174423 0.40427750 0.24074436 0.30649328 0.47246073 
0.27184982 0.31958220 0.25584161 0.10669498 0.20587477 0.30669100 0.38600466 0.20889697 0.39748002 0.39961537 0.43317523 0.40276961 1.19821995 0.42481056 0.00000000 1.10322835 0.34144622 0.22184275 0.22534089 0.24590810 0.33182660 0.17835006 0.13578641 0.20675940 0.21024081 0.29046958 0.07207457 0.54077257 0.37138441 0.42371696 0.37177304 0.43781314 0.55650030 0.34522852 0.33579066 0.26098100 0.40404871 0.23862668 0.11778045 0.21426730 0.28110358 0.35766355 0.20417152 0.24176841 0.34825958 0.14817614 0.18169445 0.37542274 0.16745765 0.30012876 0.30979678 0.25519232 0.32953812 0.19892802 0.41334799 0.32413286 0.15820746 0.36989758 
0.24260172 0.17792731 0.23723385 0.29881827 0.23581208 0.24564735 0.40394838 0.31610727 0.48713330 0.25678427 0.73313087 0.40381817 0.48185818 0.36872320 1.10322835 0.00000000 0.34443135 0.47461345 0.29527137 0.13905539 0.28056471 0.23281959 0.27337203 0.34221838 0.29980496 0.17232390 0.26337409 0.23500023 0.22172272 0.21910292 0.18413984 0.25917143 0.47157176 0.57006381 0.29693376 0.17936276 0.36170426 0.31584753 0.21856422 0.26944141 0.21155053 0.13367226 0.09196801 0.28027082 0.33286192 0.31858942 0.21630616 0.85667410 0.27957711 0.30335230 0.16368847 0.43697027 0.32871473 0.16335348 0.16041238 0.19727654 0.07370487 0.32999567 
0.31984515 0.34648829 0.34545612 0.16937854 0.26504777 0.33099929 0.23925453 0.21037199 0.31464103 0.14087282 0.37890238 0.15436637 0.26649817 0.27860412 0.34144622 0.34443135 0.00000000 0.30667939 0.45554713 0.32669290 0.31787950 0.33451671 0.23383475 0.29375740 0.36344671 0.33457278 0.36275824 0.43415920 0.12113868 0.32326201 0.35387641 0.33190993 0.29362745 0.15556640 0.33455584 0.31249316 0.22428448 0.69197531 0.23005110 0.52097763 0.33273350 0.50354186 0.27197708 0.32189939 0.38063744 0.23639586 0.64557893 0.19785843 0.36135171 0.26082776 0.19313078 0.27732983 0.18885226 0.33330795 0.22493219 0.12215517 0.23168185 0.26498084 
0.28602680 0.45795086 0.24133695 0.23086944 0.25312545 0.18987357 0.24492651 0.47757720 0.37044297 0.58573625 2.23296099 0.44557376 0.21436302 0.30682275 0.22184275 0.47461345 0.30667939 0.00000000 0.87697823 0.52634787 0.30682747 0.25953289 0.24189714 0.17793265 0.18489828 0.18864875 0.15681300 0.40219480 0.35914742 0.27031159 0.20882988 0.21979159 0.24013774 0.24751377 0.22052366 0.16458042 0.17878493 0.23114388 0.18094698 0.25375164 0.26385453 0.29553593 0.29473069 0.28531175 0.49945900 0.20073311 0.20573705 0.23164694 0.22056048 0.25403018 0.20785594 0.25677785 0.22885134 0.10989452 0.30859987 0.18499522 0.18388085 0.35614281 
0.17224202 0.05082125 0.27101507 0.26077940 1.64918182 0.11645169 0.29763116 0.32795335 0.37381455 0.12073241 0.58129972 0.28496008 0.28796980 0.32998830 0.22534089 0.29527137 0.45554713 0.87697823 0.00000000 0.68623194 0.55377529 0.28079068 0.29278873 0.15942519 1.25167917 0.08974479 0.21194974 0.20588994 0.19826520 0.19394078 0.11764961 0.19401203 0.06748466 0.19211908 0.45345744 0.15345384 0.01093934 0.55498434 0.08074946 0.43395036 0.18651231 0.17313946 0.16245868 0.22683121 0.15469310 0.09802762 0.27536465 0.08928915 0.48665628 0.41284610 0.27889472 0.17143569 0.25114512 0.33604207 0.20798341 0.17547520 0.30301134 0.32402252 
0.35871419 0.26808007 0.09229082 0.31388347 0.38991643 0.30401321 0.21810206 1.57694527 0.26114512 0.75086239 0.25813693 0.27140369 0.18979101 0.37915593 0.24590810 0.13905539 0.32669290 0.52634787 0.68623194 0.00000000 0.67310940 0.49878964 1.05067167 0.36807290 0.11682856 0.31503246 0.12992909 0.21425380 0.19306955 0.27783626 0.33260850 0.25203205 0.12470496 0.25979236 0.38993698 0.12697913 0.14813390 0.15831318 0.20042586 0.47324650 0.28665247 0.45029255 0.45559247 0.34732755 0.38369320 0.25177154 0.29368216 0.20664463 0.11520423 0.25477428 0.19085434 0.10544217 0.19747611 0.13594818 0.17584395 0.28287358 0.20097523 0.38788883 
0.28262651 0.43209136 0.08133921 0.57859655 0.19806970 0.48363530 0.53200699 0.99516460 0.25218462 0.53854353 0.16215347 0.47464919 0.27756434 0.28547282 0.33182660 0.28056471 0.31787950 0.30682747 0.55377529 0.67310940 0.00000000 0.62049626 0.36891433 0.26877321 0.32331324 0.32098385 0.23945913 0.35218208 0.30639379 0.27738384 0.21661575 0.30132672 0.29357781 0.44039184 0.14964182 0.31871239 0.31286146 0.22416866 0.09492586 0.15097046 0.27216490 0.35488573 0.17742522 0.23435534 0.08982659 0.30711884 0.29101271 0.32016719 0.28375764 0.20979083 0.32237010 0.19551677 0.36519815 0.10571391 0.44188233 0.19937689 0.26856930 0.28594880 
0.41755583 0.31433621 0.32582848 0.42810096 0.28881381 0.19133865 0.33424138 0.38807767 0.14809502 0.44604920 0.28310148 0.23387828 0.40947527 0.22142726 0.17835006 0.23281959 0.33451671 0.25953289 0.28079068 0.49878964 0.62049626 0.00000000 0.55268222 0.43012386 0.43089890 0.40048124 0.37753250 0.22665578 0.27649983 0.27607458 0.33041073 0.28462487 0.24383906 0.12758758 0.32429266 0.33212701 0.21992530 0.32142056 0.23107981 0.24078159 0.35679167 0.31647619 0.26458677 0.11701859 0.38180067 0.25352260 0.48097816 0.20546289 0.21698439 0.27909626 0.11441570 0.16434692 0.34880048 0.12557835 0.41333869 0.22180389 0.34719642 0.41260308 
0.27011328 0.21389805 0.09536309 0.35688875 0.70605236 0.14071275 0.26804860 0.40196412 0.25422267 0.19628124 0.29751149 0.14503677 0.31838573 0.20779951 0.13578641 0.27337203 0.23383475 0.24189714 0.29278873 1.05067167 0.36891433 0.55268222 0.00000000 0.52949154 0.50378701 0.27216443 0.32479764 0.20289263 0.29054998 0.20566315 0.14153011 0.24023902 0.10678117 0.19940502 0.28609767 0.15971372 0.18122550 0.35884270 0.42157807 1.37300624 0.59242538 0.61723732 0.50319132 0.28194671 0.20834921 0.20071593 0.33803802 0.25103750 0.08550112 0.20111350 0.20652596 0.14665695 0.16190277 0.16248460 0.32233030 0.17972493 0.30867237 0.24895124 
0.34514589 0.94968555 0.30990814 1.09924286 0.40384013 0.24237774 0.12562516 0.37056045 0.01315158 0.46622010 0.11716294 0.22311771 0.26297418 0.35497471 0.20675940 0.34221838 0.29375740 0.17793265 0.15942519 0.36807290 0.26877321 0.43012386 0.52949154 0.00000000 0.41628502 0.69994001 0.28197083 0.22773042 0.27630765 0.43878969 0.28425864 0.48933036 0.30423590 0.44072106 0.19591177 0.19285724 0.17584193 0.07758175 0.26262801 0.32809454 0.44551591 0.46186695 0.35544604 0.35456058 0.25499494 0.22544331 0.21203787 0.03805756 0.11036122 0.15605822 0.20326711 0.10142902 0.33025552 0.22268497 0.29441167 0.31731495 0.70589541 0.36650284 
0.26685954 0.15910214 0.31685359 0.15651503 0.59641464 0.41218468 0.26378177 0.12150579 0.11656537 0.15927739 0.21831946 0.12189206 0.31104631 0.23347154 0.21024081 0.29980496 0.36344671 0.18489828 1.25167917 0.11682856 0.32331324 0.43089890 0.50378701 0.41628502 0.00000000 0.31628693 0.33307372 0.27799939 0.06195985 0.14030830 0.23347305 0.22203836 0.11855443 0.26507311 0.33021368 0.16721314 0.22588994 1.11586908 0.22681353 0.47053737 0.48370806 0.51571058 0.15375999 0.23597021 0.21121072 0.21141431 0.37047011 0.19267721 0.79094181 0.22615362 0.19105179 0.28935553 0.26743411 0.35121243 0.22565835 0.33764269 0.31245208 0.27146215 
0.28152248 0.97645730 0.36602516 0.20250746 0.18593406 0.34462665 0.24259084 0.39804605 0.11802126 0.28798113 0.12934508 0.44302235 0.43445007 0.29255545 0.29046958 0.17232390 0.33457278 0.18864875 0.08974479 0.31503246 0.32098385 0.40048124 0.27216443 0.69994001 0.31628693 0.00000000 0.25492822 0.52499327 0.48616078 0.40405419 0.18137691 0.17384433 0.27249934 0.30893766 0.22677508 0.39786521 0.26999553 0.18556933 1.74501383 0.19570601 0.65497891 0.25954987 0.29552869 0.27471910 0.25052521 0.37565961 0.27869310 0.32069375 0.04825506 0.20984625 0.23224870 0.19279279 0.11250089 0.31443965 0.39851516 0.33401029 0.20626288 0.32968267 
0.54120197 0.67916447 0.83033469 0.26805037 0.17327658 0.27203835 0.20549677 0.21142460 0.37268330 0.09241264 0.30773770 0.01875426 0.26399234 0.27403827 0.07207457 0.26337409 0.36275824 0.15681300 0.21194974 0.12992909 0.23945913 0.37753250 0.32479764 0.28197083 0.33307372 0.25492822 0.00000000 0.86619290 0.47200156 0.37322087 0.37038303 0.15717257 0.35787744 0.19458861 0.26692682 0.57048148 0.17391996 0.73728105 0.51943151 0.20402000 0.39831770 0.13310715 0.16886377 0.23319302 0.21097970 0.47163095 0.43239886 0.26888060 0.43751205 0.31300990 0.37774677 0.28616306 0.23785871 0.12075075 0.07225692 0.41349223 0.28405269 0.26183524 
0.38971710 0.26567415 0.32399838 0.18859423 0.22516213 0.12889914 0.08574805 0.40271924 0.28405314 0.25324492 0.26442048 0.27387719 0.14621308 0.34851002 0.54077257 0.23500023 0.43415920 0.40219480 0.20588994 0.21425380 0.35218208 0.22665578 0.20289263 0.22773042 0.27799939 0.52499327 0.86619290 0.00000000 0.43564933 0.35244122 0.23953922 0.20380391 0.39667773 0.23584569 0.26781927 0.51152951 0.50409249 0.22058707 0.73948506 0.21297225 0.26049493 0.27510827 0.31924625 0.33844910 0.22373882 0.74051809 0.36612278 0.30011860 0.22105167 0.25314727 0.27951418 0.49520364 0.22664685 0.14998062 0.27986103 0.29743492 0.36561202 0.25455542 
0.25810614 0.26387399 0.31184305 0.25468104 0.26161905 0.29941017 0.22645475 0.15445022 0.18332902 0.16663030 0.17724732 0.32177473 0.39461601 0.37910636 0.37138441 0.22172272 0.12113868 0.35914742 0.19826520 0.19306955 0.30639379 0.27649983 0.29054998 0.27630765 0.06195985 0.48616078 0.47200156 0.43564933 0.00000000 0.56149987 0.97739635 0.36254788 0.56938059 0.39340970 0.26029221 0.47168174 1.57570606 0.21609173 0.23752131 0.18104221 0.25113333 0.28746029 0.26384393 0.17957184 0.34161321 0.40284605 0.22133025 0.51132441 0.10413571 0.20629370 0.19626849 0.21674756 0.21337477 0.42325985 0.30607970 0.35154840 0.17746642 0.38872157 
0.35594318 0.41277108 0.34187488 0.12015789 0.15814077 0.33464680 0.31279669 0.36421175 0.27751356 0.26779877 0.12191056 0.34276384 0.50442398 0.33996391 0.42371696 0.21910292 0.32326201 0.27031159 0.19394078 0.27783626 0.27738384 0.27607458 0.20566315 0.43878969 0.14030830 0.40405419 0.37322087 0.35244122 0.56149987 0.00000000 0.46366152 0.33592891 0.60888475 0.31428934 0.20121322 0.64952349 0.38212859 0.01627918 0.32983818 0.20972394 0.29609999 0.28580211 0.31793608 0.36816315 0.31147679 0.31947785 0.13973117 0.33150522 0.29689601 0.18935130 0.58468194 0.35492262 0.31684176 0.32428376 0.15237876 1.01701101 0.28284099 0.30543667 
0.27431723 0.22111490 0.33650451 0.22120949 0.15777971 0.27459193 0.36362288 0.30853266 0.35910226 0.45007669 0.20861348 0.24790188 0.44321489 0.43076255 0.37177304 0.18413984 0.35387641 0.20882988 0.11764961 0.33260850 0.21661575 0.33041073 0.14153011 0.28425864 0.23347305 0.18137691 0.37038303 0.23953922 0.97739635 0.46366152 0.00000000 0.57771323 0.73627810 0.41508946 0.15151299 0.62084025 0.55756958 0.28990790 0.44944372 0.27090819 0.28500799 0.44293960 0.28157309 0.28717856 0.41682242 0.33694716 0.20778579 0.58470869 0.25862631 0.17182660 0.51646155 0.30533695 0.07255856 0.28296506 0.17508807 0.35724888 0.26295393 0.32456382 
0.37610660 0.32095154 0.31149549 0.27265551 0.20497566 0.22201440 0.27306589 0.37863945 0.33267461 0.30935614 0.22060738 0.38360180 0.36976801 0.29746005 0.43781314 0.25917143 0.33190993 0.21979159 0.19401203 0.25203205 0.30132672 0.28462487 0.24023902 0.48933036 0.22203836 0.17384433 0.15717257 0.20380391 0.36254788 0.33592891 0.57771323 0.00000000 0.72640396 1.00464505 0.41414735 0.38247216 0.07471812 0.24696011 0.31636200 0.21529831 0.16895218 0.21236882 0.43256305 0.21057621 0.25411541 0.36215968 0.23954676 0.44382124 0.16894545 0.44312907 0.69205259 0.40906352 0.12672755 0.33075302 0.25616204 0.23561234 0.37968963 0.24651208 
0.25089627 0.41091123 0.30733550 0.15022602 0.04232744 0.26585630 0.36021668 0.20864360 0.38554148 0.26596170 0.28286799 0.38720562 0.37503598 0.34255005 0.55650030 0.47157176 0.29362745 0.24013774 0.06748466 0.12470496 0.29357781 0.24383906 0.10678117 0.30423590 0.11855443 0.27249934 0.35787744 0.39667773 0.56938059 0.60888475 0.73627810 0.72640396 0.00000000 0.77644330 0.32431207 0.41049139 0.37355962 0.23477707 0.22491655 0.16294380 0.32245138 0.35499966 0.26580284 0.39430800 0.35476163 0.14858959 0.23688269 0.41858161 0.15018200 0.27356268 0.43854301 0.32365799 0.29985395 0.22051108 0.44131106 0.19015232 0.25364476 0.29394399 
0.13372724 0.18023644 0.25992808 0.23061220 0.18815581 0.29077329 0.39165369 0.22709101 0.44510832 0.39618625 0.25063509 0.29792354 0.32682377 0.35375240 0.34522852 0.57006381 0.15556640 0.24751377 0.19211908 0.25979236 0.44039184 0.12758758 0.19940502 0.44072106 0.26507311 0.30893766 0.19458861 0.23584569 0.39340970 0.31428934 0.41508946 1.00464505 0.77644330 0.00000000 0.51026031 0.41953349 0.27453473 0.20763495 0.24793090 0.06738506 0.34555222 0.11362541 0.27205728 0.18066033 0.22352644 0.07328449 0.21367250 0.59495257 0.44059328 0.28218975 0.74348436 0.39250245 0.33537775 0.26329686 0.33706030 0.29278236 0.30488719 0.25920702 
0.26881191 0.09510075 0.26395295 0.27790658 0.24530027 0.24909014 0.52970498 0.29883455 0.36239188 0.24721506 0.35450705 0.22902408 0.20411896 0.21879123 0.33579066 0.29693376 0.33455584 0.22052366 0.45345744 0.38993698 0.14964182 0.32429266 0.28609767 0.19591177 0.33021368 0.22677508 0.26692682 0.26781927 0.26029221 0.20121322 0.15151299 0.41414735 0.32431207 0.51026031 0.00000000 0.48429841 0.25913761 0.40718924 0.25485773 0.28026696 0.13100045 0.13990337 0.18030615 0.34695332 0.43212283 0.24735775 0.40232129 0.36515907 0.31337280 0.57738362 0.29940175 0.52889260 0.56214496 0.31481949 0.28886639 0.26349212 0.15728062 0.21046128 
0.33035085 0.14642733 0.35727052 0.34029701 0.18953631 0.15763071 0.25933926 0.12538877 0.24952065 0.24807610 0.24059343 0.19000199 0.35383942 0.19958532 0.26098100 0.17936276 0.31249316 0.16458042 0.15345384 0.12697913 0.31871239 0.33212701 0.15971372 0.19285724 0.16721314 0.39786521 0.57048148 0.51152951 0.47168174 0.64952349 0.62084025 0.38247216 0.41049139 0.41953349 0.48429841 0.00000000 0.44714695 0.19011821 0.28613920 0.18485367 0.22281326 0.06538659 0.05620694 0.40677010 0.00000000 0.21871299 0.35385475 0.36615335 0.49395670 0.21746463 0.96804525 0.42986135 0.33743652 0.67703631 0.41362695 0.56551442 0.24544187 0.21805238 
0.30011415 0.28593952 0.19678773 0.21975233 0.21256336 0.34436683 0.29234628 0.20204925 0.34056807 0.26649194 0.33230486 0.26590825 0.46910808 0.35581425 0.40404871 0.36170426 0.22428448 0.17878493 0.01093934 0.14813390 0.31286146 0.21992530 0.18122550 0.17584193 0.22588994 0.26999553 0.17391996 0.50409249 1.57570606 0.38212859 0.55756958 0.07471812 0.37355962 0.27453473 0.25913761 0.44714695 0.00000000 0.20105363 0.30514511 0.09029888 0.27369349 0.35956751 0.31868003 0.15491174 0.35980613 1.62545218 0.42322809 0.85824776 0.16589509 0.24402237 0.23509669 0.27335186 0.10987258 0.23759438 0.22630538 0.30979322 0.30193572 0.32225499 
0.14481205 0.10872961 0.47419014 0.15905331 0.24143912 0.21526968 0.18462888 0.20999179 0.27085191 0.27032972 0.16698291 0.11329863 0.06235248 0.35904009 0.23862668 0.31584753 0.69197531 0.23114388 0.55498434 0.15831318 0.22416866 0.32142056 0.35884270 0.07758175 1.11586908 0.18556933 0.73728105 0.22058707 0.21609173 0.01627918 0.28990790 0.24696011 0.23477707 0.20763495 0.40718924 0.19011821 0.20105363 0.00000000 0.24335626 0.34808161 0.29806690 0.15252758 0.19414126 0.21403793 0.18622639 0.25079684 0.32866781 0.39330849 2.05751662 0.28680809 0.12256645 0.24547649 0.29927999 0.67791330 0.24863536 0.21147722 0.25870741 0.16617662 
0.17674884 0.37192210 0.23078381 0.13763752 0.27433487 0.11063205 0.18918013 0.34454883 0.40026222 0.15334801 0.23891190 0.08960406 0.33016683 0.32790607 0.11778045 0.21856422 0.23005110 0.18094698 0.08074946 0.20042586 0.09492586 0.23107981 0.42157807 0.26262801 0.22681353 1.74501383 0.51943151 0.73948506 0.23752131 0.32983818 0.44944372 0.31636200 0.22491655 0.24793090 0.25485773 0.28613920 0.30514511 0.24335626 0.00000000 0.41174855 0.45827759 0.41073593 0.29209542 0.54541516 0.29907959 1.52570337 0.42365575 0.10441519 0.14386373 0.26200767 0.30019881 0.16769969 0.27652892 0.23900196 0.22656244 0.29915011 0.32680237 0.20191343 
0.26891115 0.28155867 0.25994713 0.24535376 0.43261371 0.27509467 0.23327628 0.23049308 0.34159522 0.22947203 0.26115649 0.27486212 0.34297544 0.33848931 0.21426730 0.26944141 0.52097763 0.25375164 0.43395036 0.47324650 0.15097046 0.24078159 1.37300624 0.32809454 0.47053737 0.19570601 0.20402000 0.21297225 0.18104221 0.20972394 0.27090819 0.21529831 0.16294380 0.06738506 0.28026696 0.18485367 0.09029888 0.34808161 0.41174855 0.00000000 0.45448283 0.44782924 1.14372313 0.72884439 0.71948818 0.38890450 0.20462864 0.07842632 0.27334774 0.23747127 0.19085688 0.37267588 0.15671701 0.25878015 0.24804491 0.23977338 0.27208707 0.16304082 
0.32877639 0.43433291 0.22511447 0.24390309 0.18434753 0.20330737 0.23139914 0.28691669 0.36654147 0.32943120 0.24812616 0.32056437 0.14135005 0.19459461 0.28110358 0.21155053 0.33273350 0.26385453 0.18651231 0.28665247 0.27216490 0.35679167 0.59242538 0.44551591 0.48370806 0.65497891 0.39831770 0.26049493 0.25113333 0.29609999 0.28500799 0.16895218 0.32245138 0.34555222 0.13100045 0.22281326 0.27369349 0.29806690 0.45827759 0.45448283 0.00000000 0.75366961 0.81829553 0.46428173 0.69903218 0.45121853 0.13368759 0.14978828 0.19944073 0.13630693 0.20161992 0.16242189 0.22250953 0.20848423 0.27347510 0.30686399 0.25991784 0.36320497 
0.22015393 0.23879497 0.22625915 0.33088593 0.17806397 0.29075507 0.26292721 0.25988033 0.14886218 0.42331176 0.30256051 0.35349719 0.21484000 0.28268758 0.35766355 0.13367226 0.50354186 0.29553593 0.17313946 0.45029255 0.35488573 0.31647619 0.61723732 0.46186695 0.51571058 0.25954987 0.13310715 0.27510827 0.28746029 0.28580211 0.44293960 0.21236882 0.35499966 0.11362541 0.13990337 0.06538659 0.35956751 0.15252758 0.41073593 0.44782924 0.75366961 0.00000000 0.85387234 0.72285031 0.52046294 0.26217455 0.24859159 0.17559318 0.31649997 0.19305111 0.30377130 0.16421320 0.18944904 0.15725884 0.28004956 0.37098925 0.32704813 0.39887916 
0.32171999 0.18716243 0.17285321 0.10672306 0.19887461 0.30039125 0.28913765 0.20407993 0.26824640 0.31599913 0.16977516 0.23456212 0.14589584 0.33223908 0.20417152 0.09196801 0.27197708 0.29473069 0.16245868 0.45559247 0.17742522 0.26458677 0.50319132 0.35544604 0.15375999 0.29552869 0.16886377 0.31924625 0.26384393 0.31793608 0.28157309 0.43256305 0.26580284 0.27205728 0.18030615 0.05620694 0.31868003 0.19414126 0.29209542 1.14372313 0.81829553 0.85387234 0.00000000 1.01373781 0.84550709 0.27818464 0.33512961 0.26659299 0.31998666 0.29272178 0.43009194 0.28547416 0.14731985 0.22110525 0.23779360 0.37398808 0.39004342 0.30915684 
0.25616595 0.15975238 0.17834180 0.19720361 0.25894341 0.38157201 0.13964552 0.33999002 0.25741430 0.25055773 0.24631287 0.39694015 0.25639603 0.33492660 0.24176841 0.28027082 0.32189939 0.28531175 0.22683121 0.34732755 0.23435534 0.11701859 0.28194671 0.35456058 0.23597021 0.27471910 0.23319302 0.33844910 0.17957184 0.36816315 0.28717856 0.21057621 0.39430800 0.18066033 0.34695332 0.40677010 0.15491174 0.21403793 0.54541516 0.72884439 0.46428173 0.72285031 1.01373781 0.00000000 0.57419620 0.46717077 0.37496056 0.22282186 0.17536475 0.30910800 0.17374271 0.26655884 0.27011202 0.26566717 0.31317660 0.25655947 0.36446080 0.20742728 
0.33822492 0.32478128 0.09697203 0.28644820 0.29325151 0.19552696 0.27668204 0.16225848 0.07855945 0.38304784 0.24411614 0.24837097 0.30511665 0.36083986 0.34825958 0.33286192 0.38063744 0.49945900 0.15469310 0.38369320 0.08982659 0.38180067 0.20834921 0.25499494 0.21121072 0.25052521 0.21097970 0.22373882 0.34161321 0.31147679 0.41682242 0.25411541 0.35476163 0.22352644 0.43212283 0.00000000 0.35980613 0.18622639 0.29907959 0.71948818 0.69903218 0.52046294 0.84550709 0.57419620 0.00000000 0.46435736 0.43997131 0.28902788 0.11875999 0.28714353 0.20686409 0.38910103 0.30863713 0.23604125 0.41872942 0.37781254 0.36513666 0.44526803 
0.24173048 0.25619328 0.06808815 0.28268498 0.16877538 0.31570777 0.17421592 0.23663469 0.19596373 0.28453671 0.06165640 0.35647602 0.22629814 0.30594863 0.14817614 0.31858942 0.23639586 0.20073311 0.09802762 0.25177154 0.30711884 0.25352260 0.20071593 0.22544331 0.21141431 0.37565961 0.47163095 0.74051809 0.40284605 0.31947785 0.33694716 0.36215968 0.14858959 0.07328449 0.24735775 0.21871299 1.62545218 0.25079684 1.52570337 0.38890450 0.45121853 0.26217455 0.27818464 0.46717077 0.46435736 0.00000000 0.26590686 0.26071739 0.14733167 0.29614910 0.21702097 0.28199327 0.32087175 0.25734886 0.36397703 0.33176184 0.38992841 0.38344787 
0.26920649 0.12936295 0.34119467 0.30003408 0.22106427 0.20454853 0.37480294 0.16816054 0.25383150 0.24517942 0.27621960 0.20049571 0.33753041 0.25358748 0.18169445 0.21630616 0.64557893 0.20573705 0.27536465 0.29368216 0.29101271 0.48097816 0.33803802 0.21203787 0.37047011 0.27869310 0.43239886 0.36612278 0.22133025 0.13973117 0.20778579 0.23954676 0.23688269 0.21367250 0.40232129 0.35385475 0.42322809 0.32866781 0.42365575 0.20462864 0.13368759 0.24859159 0.33512961 0.37496056 0.43997131 0.26590686 0.00000000 0.30659336 0.36225942 0.71573506 0.23975922 0.23869155 0.56285152 0.51267225 0.26405310 0.21305812 0.22107501 0.22822965 
0.28336037 0.33558490 0.16921483 0.33821530 0.34169500 0.21714582 0.31657894 0.14003196 0.35922681 0.24300549 0.33297880 0.52514531 0.57469794 0.32938993 0.37542274 0.85667410 0.19785843 0.23164694 0.08928915 0.20664463 0.32016719 0.20546289 0.25103750 0.03805756 0.19267721 0.32069375 0.26888060 0.30011860 0.51132441 0.33150522 0.58470869 0.44382124 0.41858161 0.59495257 0.36515907 0.36615335 0.85824776 0.39330849 0.10441519 0.07842632 0.14978828 0.17559318 0.26659299 0.22282186 0.28902788 0.26071739 0.30659336 0.00000000 0.57686339 0.33060159 0.45944803 0.21707811 0.53302349 0.28627621 0.23890883 0.23404541 0.22487649 0.25058377 
0.22433505 0.04106681 0.60592112 0.08167892 0.28454791 0.17312100 0.35922918 0.20633688 0.20661066 0.25614506 0.14810541 0.32106357 0.21995943 0.27440261 0.16745765 0.27957711 0.36135171 0.22056048 0.48665628 0.11520423 0.28375764 0.21698439 0.08550112 0.11036122 0.79094181 0.04825506 0.43751205 0.22105167 0.10413571 0.29689601 0.25862631 0.16894545 0.15018200 0.44059328 0.31337280 0.49395670 0.16589509 2.05751662 0.14386373 0.27334774 0.19944073 0.31649997 0.31998666 0.17536475 0.11875999 0.14733167 0.36225942 0.57686339 0.00000000 0.57499931 0.20002467 0.35691076 0.19525805 1.47323563 0.02270525 0.16477810 0.14480298 0.28408387 
0.37410900 0.21937832 0.34983575 0.29660920 0.33267128 0.22459531 0.34933896 0.22158155 0.49109288 0.26073605 0.20341446 0.20005931 0.18080973 0.28746021 0.30012876 0.30335230 0.26082776 0.25403018 0.41284610 0.25477428 0.20979083 0.27909626 0.20111350 0.15605822 0.22615362 0.20984625 0.31300990 0.25314727 0.20629370 0.18935130 0.17182660 0.44312907 0.27356268 0.28218975 0.57738362 0.21746463 0.24402237 0.28680809 0.26200767 0.23747127 0.13630693 0.19305111 0.29272178 0.30910800 0.28714353 0.29614910 0.71573506 0.33060159 0.57499931 0.00000000 0.33823995 0.50240783 0.81957218 0.37700173 0.29732180 0.25970796 0.22043550 0.14254966 
0.25693828 0.19710641 0.24530834 0.26632143 0.36784299 0.35272497 0.36890089 0.31190905 0.50279010 0.45733570 0.25984558 0.22701231 0.32076196 0.16237020 0.30979678 0.16368847 0.19313078 0.20785594 0.27889472 0.19085434 0.32237010 0.11441570 0.20652596 0.20326711 0.19105179 0.23224870 0.37774677 0.27951418 0.19626849 0.58468194 0.51646155 0.69205259 0.43854301 0.74348436 0.29940175 0.96804525 0.23509669 0.12256645 0.30019881 0.19085688 0.20161992 0.30377130 0.43009194 0.17374271 0.20686409 0.21702097 0.23975922 0.45944803 0.20002467 0.33823995 0.00000000 0.82733132 0.53218526 0.40715097 0.31186423 0.48600332 0.12177635 0.27873036 
0.23675172 0.26703356 0.24624966 0.14243031 0.22722946 0.16891391 0.77344561 0.20489970 0.37991359 0.15886883 0.41979083 0.48388711 0.38867105 0.29725925 0.25519232 0.43697027 0.27732983 0.25677785 0.17143569 0.10544217 0.19551677 0.16434692 0.14665695 0.10142902 0.28935553 0.19279279 0.28616306 0.49520364 0.21674756 0.35492262 0.30533695 0.40906352 0.32365799 0.39250245 0.52889260 0.42986135 0.27335186 0.24547649 0.16769969 0.37267588 0.16242189 0.16421320 0.28547416 0.26655884 0.38910103 0.28199327 0.23869155 0.21707811 0.35691076 0.50240783 0.82733132 0.00000000 1.12615429 0.41280059 0.22227871 0.21660611 0.30221646 0.38403830 
0.33467569 0.20094104 0.25217311 0.23756946 0.53168563 0.30626428 0.52243425 0.11483490 0.34089220 0.24847224 0.17041691 0.25119391 0.15395717 0.25288083 0.32953812 0.32871473 0.18885226 0.22885134 0.25114512 0.19747611 0.36519815 0.34880048 0.16190277 0.33025552 0.26743411 0.11250089 0.23785871 0.22664685 0.21337477 0.31684176 0.07255856 0.12672755 0.29985395 0.33537775 0.56214496 0.33743652 0.10987258 0.29927999 0.27652892 0.15671701 0.22250953 0.18944904 0.14731985 0.27011202 0.30863713 0.32087175 0.56285152 0.53302349 0.19525805 0.81957218 0.53218526 1.12615429 0.00000000 0.77654931 0.37575177 0.32824742 0.22315193 0.24910739 
0.27287061 0.26600963 0.99936736 0.21737590 0.30598857 0.25360928 0.33379640 0.10124709 0.27381289 0.20132253 0.08318249 0.25098118 0.23305930 0.13174423 0.19892802 0.16335348 0.33330795 0.10989452 0.33604207 0.13594818 0.10571391 0.12557835 0.16248460 0.22268497 0.35121243 0.31443965 0.12075075 0.14998062 0.42325985 0.32428376 0.28296506 0.33075302 0.22051108 0.26329686 0.31481949 0.67703631 0.23759438 0.67791330 0.23900196 0.25878015 0.20848423 0.15725884 0.22110525 0.26566717 0.23604125 0.25734886 0.51267225 0.28627621 1.47323563 0.37700173 0.40715097 0.41280059 0.77654931 0.00000000 0.49482827 0.24724264 0.18128217 0.23660315 
0.21536742 0.37194750 0.27637337 1.14389529 0.23434968 0.87410175 0.17157925 0.33661329 0.35772399 0.31063673 0.14461304 0.54403995 0.23190847 0.40427750 0.41334799 0.16041238 0.22493219 0.30859987 0.20798341 0.17584395 0.44188233 0.41333869 0.32233030 0.29441167 0.22565835 0.39851516 0.07225692 0.27986103 0.30607970 0.15237876 0.17508807 0.25616204 0.44131106 0.33706030 0.28886639 0.41362695 0.22630538 0.24863536 0.22656244 0.24804491 0.27347510 0.28004956 0.23779360 0.31317660 0.41872942 0.36397703 0.26405310 0.23890883 0.02270525 0.29732180 0.31186423 0.22227871 0.37575177 0.49482827 0.00000000 0.49889439 0.51805920 0.31479322 
0.31834948 0.47651947 1.26957791 0.21973827 0.14208915 0.36403918 0.12015328 0.20039155 0.20810947 0.42411937 0.18540459 0.37769128 0.27647695 0.24074436 0.32413286 0.19727654 0.12215517 0.18499522 0.17547520 0.28287358 0.19937689 0.22180389 0.17972493 0.31731495 0.33764269 0.33401029 0.41349223 0.29743492 0.35154840 1.01701101 0.35724888 0.23561234 0.19015232 0.29278236 0.26349212 0.56551442 0.30979322 0.21147722 0.29915011 0.23977338 0.30686399 0.37098925 0.37398808 0.25655947 0.37781254 0.33176184 0.21305812 0.23404541 0.16477810 0.25970796 0.48600332 0.21660611 0.32824742 0.24724264 0.49889439 0.00000000 0.66804990 0.36402948 
0.42958230 0.57354271 0.40439506 1.17379260 0.28899959 0.41957482 0.19680853 0.29329271 0.16488617 0.25878065 0.19189888 0.35172099 0.37885826 0.30649328 0.15820746 0.07370487 0.23168185 0.18388085 0.30301134 0.20097523 0.26856930 0.34719642 0.30867237 0.70589541 0.31245208 0.20626288 0.28405269 0.36561202 0.17746642 0.28284099 0.26295393 0.37968963 0.25364476 0.30488719 0.15728062 0.24544187 0.30193572 0.25870741 0.32680237 0.27208707 0.25991784 0.32704813 0.39004342 0.36446080 0.36513666 0.38992841 0.22107501 0.22487649 0.14480298 0.22043550 0.12177635 0.30221646 0.22315193 0.18128217 0.51805920 0.66804990 0.00000000 0.47940916 
0.30156176 0.31752258 0.28833781 0.20230167 0.23455141 0.31353010 0.30821250 0.33332641 0.25261770 0.37307546 0.33264797 0.33501786 0.31193558 0.47246073 0.36989758 0.32999567 0.26498084 0.35614281 0.32402252 0.38788883 0.28594880 0.41260308 0.24895124 0.36650284 0.27146215 0.32968267 0.26183524 0.25455542 0.38872157 0.30543667 0.32456382 0.24651208 0.29394399 0.25920702 0.21046128 0.21805238 0.32225499 0.16617662 0.20191343 0.16304082 0.36320497 0.39887916 0.30915684 0.20742728 0.44526803 0.38344787 0.22822965 0.25058377 0.28408387 0.14254966 0.27873036 0.38403830 0.24910739 0.23660315 0.31479322 0.36402948 0.47940916 0.00000000 
