0.00000000 0.29630280 0.20414296 0.19969972 0.27498739 0.22014392 0.11607934 0.22930069 0.30159626 0.16386003 0.11191800 0.11204552 0.09393554 0.16484854 0.07757144 0.06989372 0.13159452 0.10404858 0.24443295 0.09093670 0.08545254 0.11154512 0.17136669 0.06322546 0.15273923 0.15460476 0.08270601 0.05983549 0.20910908 0.11184580 0.19077148 0.15443291 0.10692841 0.20415950 0.08722460 0.11545823 0.17056891 0.10419645 0.19701578 0.31398080 0.11268960 0.13392712 0.27273995 0.13547054 0.15556172 0.13106013 0.07546534 0.11284472 0.16125027 0.16570586 0.11070873 0.03724650 0.15490085 0.13321523 0.11905065 0.08692073 0.10528909 0.12070650 0.17124486 0.08051147 0.15071297 0.04971296 0.12771923 0.12127312 0.17148697 0.09308776 0.13330010 0.11036244 0.13178533 0.09763527 0.12260237 0.11607043 0.09208620 0.06780483 0.10319445 0.14406747 0.17991051 0.12578244 0.13847782 0.10525616 0.14431909 0.24181335 0.14167858 0.21767527 0.17149226 0.13931303 0.04838821 0.08163411 0.13745186 0.11468177 0.18582336 0.11832485 0.11660208 0.09175900 0.12490473 0.14157532 0.10825781 0.14471295 0.13239288 0.15486866 
0.29630280 0.00000000 0.35661532 0.21354056 0.11913272 0.45216762 0.07378304 0.15863947 0.25701048 0.14175380 0.11153693 0.16330348 0.13570660 0.24231012 0.11985280 0.13946068 0.09927073 0.17072127 0.13047450 0.00000000 0.15427670 0.15655731 0.10934419 0.16027174 0.17028513 0.06150239 0.13163176 0.11544677 0.15351321 0.10280397 0.15268658 0.14570788 0.19169163 0.08437121 0.17042469 0.31182926 0.21265773 0.29867025 0.10622781 0.26219285 0.21331800 0.11228087 0.18482556 0.09321909 0.17989615 0.08089906 0.23229503 0.15029100 0.15175853 0.12384093 0.09131721 0.05462542 0.13600234 0.14497152 0.11537645 0.12085344 0.12978514 0.18037011 0.12045292 0.16552294 0.11302914 0.10855703 0.07709964 0.09099132 0.09147125 0.08169440 0.12864488 0.14059270 0.13594617 0.07392260 0.04006250 0.11301459 0.08480324 0.12023906 0.08811519 0.14240884 0.16011006 0.09934034 0.05144475 0.15741262 0.15656810 0.08124583 0.13041105 0.16497548 0.13309828 0.14524438 0.18606737 0.15988041 0.11397739 0.14050632 0.08609628 0.18447052 0.12075041 0.11210322 0.14529225 0.13842415 0.12141248 0.19066482 0.12352030 0.17494772 
0.20414296 0.35661532 0.00000000 0.36047010 0.14654786 0.21617015 0.30197678 0.21920936 0.11937505 0.09476411 0.15078591 0.16803228 0.14215928 0.18754973 0.14883619 0.11920084 0.12623193 0.14130851 0.13810138 0.19458896 0.15038771 0.13136003 0.07966984 0.17916068 0.09945333 0.11077724 0.09999788 0.17304654 0.09204205 0.07004744 0.09641070 0.08778791 0.13912930 0.18567161 0.18048676 0.16640565 0.18394693 0.29446185 0.08540848 0.10198641 0.13535975 0.09265408 0.05198595 0.14793385 0.09426776 0.07677336 0.09098917 0.13577274 0.17205936 0.20885062 0.14127657 0.15771875 0.16993735 0.19832542 0.16350433 0.06669290 0.12786027 0.18367703 0.22622799 0.13455447 0.06729756 0.20680012 0.13459094 0.10049180 0.19093729 0.16726737 0.03709672 0.05420460 0.07780030 0.12927085 0.14219165 0.19879266 0.10547609 0.08812731 0.16461683 0.16433806 0.12275855 0.16145231 0.17815351 0.15689198 0.12682459 0.14369439 0.11489594 0.11902622 0.08644555 0.09238328 0.16763386 0.13458453 0.13716857 0.15324060 0.17390691 0.24768149 0.12947432 0.17805073 0.07217685 0.07924882 0.14899056 0.14103119 0.06338873 0.19558388 
0.19969972 0.21354056 0.36047010 0.00000000 0.21211316 0.15848426 0.19060554 0.25787059 0.07883484 0.08708095 0.13082750 0.21862045 0.06615791 0.14801620 0.11035033 0.18206441 0.10828116 0.18032554 0.06153817 0.08563162 0.09790328 0.08118245 0.12748024 0.15129572 0.22296578 0.16365569 0.08961902 0.24791136 0.16125997 0.05105128 0.09605777 0.08650809 0.15995671 0.08646328 0.19984321 0.15109503 0.07150642 0.31966664 0.11136461 0.16270563 0.14488016 0.07410543 0.09689571 0.21835307 0.07937147 0.13124286 0.14906216 0.14529438 0.16474725 0.15331086 0.21677371 0.16361803 0.15731427 0.11334090 0.09151983 0.10032995 0.16897374 0.10944785 0.13509319 0.14782963 0.07496708 0.07261813 0.18497227 0.11012176 0.18175949 0.05285628 0.14512298 0.24352559 0.18545194 0.14734611 0.06754038 0.16795701 0.12307738 0.08657697 0.09434131 0.10583968 0.07800648 0.21121136 0.10478587 0.11722903 0.05703004 0.10585580 0.12636833 0.11003848 0.08208566 0.15243304 0.12943094 0.19234746 0.12548015 0.21930271 0.14242612 0.14390650 0.18515805 0.08172370 0.16466261 0.07825581 0.11560879 0.20665082 0.21907719 0.04202686 
0.27498739 0.11913272 0.14654786 0.21211316 0.00000000 0.23625278 0.05584037 0.19529520 0.11338028 0.23455920 0.18048739 0.24824301 0.07672337 0.14673441 0.08215947 0.15089385 0.13881936 0.04630152 0.17007017 0.22236434 0.10014956 0.11132488 0.16016710 0.13180689 0.08042769 0.13858879 0.10610875 0.23813357 0.11494627 0.23518035 0.22605872 0.07268257 0.12078577 0.13454309 0.20683577 0.30991504 0.17246477 0.08671943 0.16611412 0.26042529 0.21928242 0.17206361 0.16318780 0.16013201 0.16141727 0.10204073 0.12041806 0.07111698 0.15503349 0.12093806 0.17291956 0.11943501 0.08452435 0.01428951 0.10821890 0.12757613 0.05000217 0.11151727 0.13169599 0.05504529 0.13761675 0.04641992 0.07372729 0.08060511 0.09955789 0.09601625 0.17573461 0.04878289 0.09476553 0.09262377 0.09740226 0.03285823 0.17258376 0.24029839 0.17254613 0.18409739 0.06468738 0.11621986 0.12248101 0.22944188 0.29756255 0.47004764 0.04272433 0.16925539 0.14102694 0.13373183 0.20405432 0.12882309 0.05066300 0.15125955 0.09936489 0.10810076 0.16175114 0.11190985 0.12927038 0.14673813 0.05319397 0.12933916 0.12759332 0.19018098 
0.22014392 0.45216762 0.21617015 0.15848426 0.23625278 0.00000000 0.36023769 0.17255545 0.21546655 0.19235882 0.16237987 0.09108988 0.20232776 0.20861670 0.22814596 0.18400859 0.04048914 0.16965339 0.05659788 0.12089411 0.15412894 0.10791127 0.15884137 0.10302495 0.12524140 0.08236024 0.14490198 0.11527109 0.07071857 0.13575383 0.00704927 0.24795350 0.16452317 0.12395549 0.19893225 0.49683689 0.11940886 0.15102218 0.17825834 0.24105322 0.12110083 0.18784168 0.23379364 0.09226401 0.20145059 0.11207923 0.07605999 0.13612867 0.17724464 0.10501597 0.09191465 0.13884941 0.12668037 0.13887426 0.14030102 0.12067099 0.18519570 0.08368439 0.02925811 0.14082488 0.06445998 0.08767328 0.06150367 0.05557292 0.04964924 0.11350483 0.14473027 0.09623475 0.10185926 0.15314042 0.10290731 0.07529270 0.15298232 0.13655353 0.14311005 0.08030114 0.07153537 0.08619307 0.14704695 0.06496097 0.18093092 0.02761146 0.20357377 0.14189055 0.16436642 0.12671576 0.08089853 0.18625671 0.09486689 0.22638882 0.16972900 0.16611719 0.20139492 0.06568693 0.08076401 0.11129710 0.11299680 0.06926569 0.07131965 0.23845165 
0.11607934 0.07378304 0.30197678 0.19060554 0.05584037 0.36023769 0.00000000 0.22389607 0.13330705 0.61404622 0.16866131 0.07188342 0.20583040 0.13991537 0.13256270 0.12277438 0.16208789 0.16507122 0.16784119 0.16734404 0.20023306 0.18776737 0.12915138 0.20919713 0.13217096 0.11616052 0.21745646 0.11293341 0.08936533 0.15129346 0.10833376 0.14707570 0.11122469 0.12512943 0.15839061 0.05519236 0.06342603 0.17383080 0.11862355 0.09245111 0.14288552 0.08560907 0.09883859 0.11086781 0.10455607 0.08269012 0.17068487 0.09161870 0.12820520 0.13505649 0.21180436 0.14617717 0.09380799 0.14084655 0.16157827 0.08270934 0.10994123 0.11048439 0.16295374 0.04921143 0.14210394 0.08247396 0.11581802 0.13818435 0.11187276 0.05316874 0.10851348 0.11621956 0.08439843 0.15862280 0.13762291 0.25697796 0.17541048 0.22242495 0.11211843 0.10382161 0.17618545 0.09420735 0.10758593 0.17539013 0.09801251 0.13302832 0.13042732 0.25927284 0.13199940 0.12430463 0.14869851 0.09218010 0.17052283 0.13105295 0.28551755 0.08173036 0.13847382 0.06880456 0.25327368 0.10454439 0.15078233 0.18438506 0.08400198 0.10836766 
0.22930069 0.15863947 0.21920936 0.25787059 0.19529520 0.17255545 0.22389607 0.00000000 0.19713657 0.11338040 0.48215499 0.40626575 0.11245795 0.14122635 0.17190348 0.09673156 0.14831672 0.13469628 0.03041412 0.14399093 0.14867460 0.12998222 0.09612823 0.18290829 0.12637766 0.08515198 0.18610339 0.11207347 0.17756051 0.19311582 0.06404453 0.12395013 0.14252645 0.12044563 0.12753652 0.10512960 0.18707034 0.11700442 0.14657467 0.18243367 0.17583692 0.13016337 0.09794720 0.11898504 0.11076627 0.10092281 0.04205039 0.22596058 0.11453544 0.12572453 0.16420453 0.04432341 0.07480559 0.15062227 0.11041399 0.15102874 0.05814646 0.14187380 0.10815772 0.27683216 0.07163319 0.06201630 0.06480747 0.06712925 0.10324242 0.21162809 0.05603130 0.11392965 0.07111835 0.10646156 0.17844053 0.02908358 0.11620730 0.13538775 0.05530095 0.18653149 0.09567691 0.09093795 0.22289689 0.26851473 0.37828752 0.17811686 0.16617192 0.13395618 0.12490183 0.15470745 0.13684871 0.10323012 0.18213071 0.15873297 0.11354678 0.15758924 0.15042442 0.13146620 0.09689605 0.22634546 0.04876274 0.14104579 0.12986074 0.16992436 
0.30159626 0.25701048 0.11937505 0.07883484 0.11338028 0.21546655 0.13330705 0.19713657 0.00000000 0.14582749 0.17654380 0.32164869 0.31976231 0.05675996 0.09547884 0.12622378 0.14358516 0.12626820 0.03929412 0.06655874 0.07797745 0.14163846 0.09969877 0.15115732 0.12862976 0.03776760 0.10573783 0.15214514 0.01451109 0.13048116 0.13423325 0.04894487 0.10062488 0.24712172 0.22895542 0.23763551 0.09050818 0.18281617 0.11929072 0.08303246 0.11087603 0.08716268 0.26050292 0.10139067 0.23220088 0.08632947 0.08397402 0.05050088 0.06700303 0.11620273 0.08806014 0.15861887 0.21807012 0.16113178 0.14343372 0.08424771 0.09694333 0.15689686 0.06935944 0.13446017 0.11954724 0.15221430 0.10425759 0.10558521 0.16985595 0.07528775 0.13919992 0.12073623 0.12380640 0.08870326 0.13067663 0.13630676 0.06665787 0.21381250 0.06216373 0.37636465 0.12294307 0.10540553 0.17899132 0.42632934 0.18478727 0.19786745 0.10666140 0.20692065 0.11954287 0.19756581 0.08145678 0.17786368 0.12605265 0.13393844 0.07198661 0.11446932 0.14046922 0.07579545 0.10108577 0.15259279 0.15858920 0.17240899 0.20585096 0.20977227 
0.16386003 0.14175380 0.09476411 0.08708095 0.23455920 0.19235882 0.61404622 0.11338040 0.14582749 0.00000000 0.24180518 0.19301403 0.17090034 0.17446680 0.07255398 0.08663564 0.15078572 0.10369343 0.26021919 0.20270895 0.09306325 0.13452199 0.08940217 0.07105106 0.02670759 0.11544144 0.12979138 0.19853547 0.10680471 0.11179038 0.18668652 0.11147795 0.17189251 0.18445058 0.14911287 0.08771747 0.06814979 0.10124185 0.13342762 0.18527165 0.12898382 0.19053828 0.14510120 0.16956445 0.13472936 0.17540714 0.22575233 0.12186050 0.10576457 0.10041752 0.11189794 0.18513138 0.12706184 0.13673489 0.16380249 0.11612631 0.10685418 0.14978888 0.16444247 0.16282982 0.15328925 0.11746444 0.15329937 0.18890264 0.10522274 0.12094424 0.20877596 0.01554886 0.11928412 0.11489076 0.20366555 0.11018111 0.10646364 0.11245342 0.26716538 0.12930004 0.06470596 0.12707569 0.02742815 0.11690292 0.01017376 0.10749414 0.21739563 0.14746775 0.11470749 0.10784743 0.10374872 0.10676117 0.05134537 0.19315751 0.23009434 0.22634905 0.17365410 0.12282343 0.11412791 0.23531546 0.11937807 0.20470237 0.06690394 0.11981316 
0.11191800 0.11153693 0.15078591 0.13082750 0.18048739 0.16237987 0.16866131 0.48215499 0.17654380 0.24180518 0.00000000 0.18773557 0.14575690 0.22393785 0.29709922 0.17235773 0.09745938 0.19769654 0.12166458 0.17612549 0.07585931 0.21185917 0.06333342 0.12112523 0.17489765 0.06623878 0.07044107 0.23036053 0.11185337 0.11190397 0.16439891 0.18584362 0.06331832 0.14168622 0.14270190 0.17379151 0.14555951 0.16855022 0.18747719 0.16325715 0.17087644 0.18295495 0.10487263 0.12155614 0.05528493 0.13480176 0.11626727 0.13762799 0.18877073 0.28626013 0.11336421 0.14543558 0.10431753 0.16237312 0.04865896 0.09435023 0.09376492 0.15180250 0.04406169 0.15345233 0.18506615 0.10279000 0.11087847 0.06782634 0.19497905 0.02030116 0.16166050 0.17924452 0.11161773 0.17856183 0.19504573 0.14330398 0.13616486 0.04482133 0.17523481 0.12752429 0.17414222 0.18396190 0.17987014 0.15232745 0.07346204 0.10587826 0.00413508 0.08668430 0.12978380 0.17099912 0.13067658 0.07918005 0.17389590 0.10556958 0.10214357 0.13195821 0.13573948 0.13777843 0.13022925 0.12608159 0.11260385 0.19798861 0.25690754 0.04218625 
0.11204552 0.16330348 0.16803228 0.21862045 0.24824301 0.09108988 0.07188342 0.40626575 0.32164869 0.19301403 0.18773557 0.00000000 0.10977624 0.08008289 0.35332203 0.39228878 0.12040997 0.10968550 0.05429125 0.18930197 0.12600794 0.10489641 0.09423065 0.12755752 0.08548995 0.04220804 0.09422967 0.05677015 0.13313949 0.09785164 0.04596770 0.17366427 0.07810011 0.09056255 0.16623821 0.09006559 0.28662260 0.10619604 0.12958393 0.16662328 0.13710118 0.11313087 0.08708288 0.09730522 0.11425911 0.10376747 0.03263601 0.09995573 0.13106408 0.08949199 0.13009552 0.08706720 0.14029223 0.16436635 0.06039475 0.09473927 0.13150600 0.08960300 0.09234324 0.16971853 0.09724346 0.10509283 0.13518199 0.18538706 0.12127772 0.06152348 0.15288940 0.03586507 0.08900388 0.14132160 0.16881714 0.12801074 0.14597991 0.13503090 0.15120408 0.37856379 0.17963002 0.13957516 0.68141551 0.35072310 0.08678211 0.18010345 0.11620197 0.14414071 0.19706082 0.11699762 0.11803620 0.09732185 0.02212562 0.09436337 0.08631117 0.09953598 0.14243134 0.08123205 0.15155935 0.18807828 0.17372060 0.14540613 0.20302966 0.10825242 
0.09393554 0.13570660 0.14215928 0.06615791 0.07672337 0.20232776 0.20583040 0.11245795 0.31976231 0.17090034 0.14575690 0.10977624 0.00000000 0.16005097 0.12467935 0.10968377 0.16087974 0.19283768 0.14471341 0.09947711 0.06342567 0.09093026 0.07657946 0.13807657 0.13384783 0.12349337 0.14242114 0.02155059 0.20175882 0.08694699 0.24745908 0.16610729 0.07484245 0.23729687 0.09809131 0.12798004 0.09189266 0.16106016 0.11624936 0.11776786 0.17871538 0.13339431 0.13184724 0.04204017 0.68913414 0.08763984 0.13415429 0.11967091 0.11791596 0.20493425 0.04950584 0.10378199 0.15002965 0.07830996 0.23276006 0.18070710 0.21208373 0.06901616 0.04422184 0.19384642 0.06483965 0.11918288 0.15979748 0.08628230 0.15015932 0.13361209 0.09430568 0.16339907 0.10071558 0.11961769 0.19473585 0.48714633 0.10235660 0.14545232 0.09401367 0.15611530 0.15075622 0.11332462 0.14471777 0.08271528 0.16575922 0.12324283 0.13372977 0.18114535 0.10096624 0.15087864 0.07181102 0.33218925 0.06179533 0.12317752 0.11337191 0.06433552 0.17414699 0.15668950 0.19665765 0.09484860 0.09533786 0.10906103 0.06376766 0.15160365 
0.16484854 0.24231012 0.18754973 0.14801620 0.14673441 0.20861670 0.13991537 0.14122635 0.05675996 0.17446680 0.22393785 0.08008289 0.16005097 0.00000000 0.20847109 0.10381454 0.11418551 0.17345784 0.11280643 0.13231007 0.11139933 0.09646102 0.12265906 0.11231505 0.15883277 0.12819467 0.06349864 0.19825239 0.15773012 0.13996211 0.18314795 0.09021310 0.08491846 0.09826263 0.16723510 0.21279663 0.11690080 0.16873214 0.21402768 0.09605175 0.10969468 0.08334192 0.10231293 0.11351625 0.21557828 0.16684176 0.21159376 0.18112664 0.09925476 0.07732700 0.17466500 0.11622349 0.09478764 0.14889810 0.07694603 0.10231244 0.16192400 0.14728890 0.15283393 0.17598208 0.01685450 0.11594131 0.07494819 0.08767977 0.11538570 0.07013455 0.12176420 0.12822135 0.17819537 0.09742270 0.21684091 0.21169488 0.16726982 0.16851293 0.13470506 0.20380201 0.09979648 0.07755879 0.07098465 0.19817233 0.10387022 0.15677135 0.25833558 0.22268675 0.05927849 0.15611150 0.12556297 0.13299435 0.12492850 0.12653340 0.13854697 0.22782158 0.16998533 0.06871140 0.15115975 0.17682515 0.16845822 0.28264351 0.11272665 0.21385612 
0.07757144 0.11985280 0.14883619 0.11035033 0.08215947 0.22814596 0.13256270 0.17190348 0.09547884 0.07255398 0.29709922 0.35332203 0.12467935 0.20847109 0.00000000 0.16733855 0.06916312 0.28811002 0.36605031 0.25682189 0.18148950 0.01858645 0.03552458 0.13137121 0.12637689 0.15334737 0.15194637 0.14965801 0.16920129 0.15984234 0.08256940 0.18141328 0.15118684 0.17395615 0.15520486 0.17077307 0.10904084 0.18992562 0.07326583 0.11801961 0.04870263 0.16885075 0.12458508 0.11002881 0.12857518 0.12000109 0.04781401 0.24483605 0.07701795 0.00584584 0.13853975 0.14108616 0.17919235 0.17018066 0.14878153 0.11431638 0.24831881 0.13757555 0.12997557 0.15762845 0.09544067 0.17078012 0.19329756 0.10150752 0.14111789 0.10143784 0.14185736 0.06970700 0.20731660 0.16224530 0.06218063 0.05316372 0.05905417 0.09660238 0.17124555 0.10377351 0.06255655 0.16635490 0.42101933 0.12081598 0.18618363 0.07407613 0.22488485 0.10326772 0.24018201 0.12256357 0.13366712 0.13542705 0.15004242 0.17380553 0.15476384 0.14734174 0.11425910 0.09353658 0.11515598 0.13403174 0.18866419 0.16823293 0.14822852 0.17242421 
0.06989372 0.13946068 0.11920084 0.18206441 0.15089385 0.18400859 0.12277438 0.09673156 0.12622378 0.08663564 0.17235773 0.39228878 0.10968377 0.10381454 0.16733855 0.00000000 0.22998401 0.22684436 0.17533444 0.19503692 0.17639511 0.12587987 0.10149225 0.07640472 0.11070405 0.16918908 0.11338243 0.05563212 0.18614319 0.13914978 0.14366728 0.08219697 0.11799029 0.12968028 0.14303909 0.04832063 0.04806749 0.14815314 0.17154001 0.13048101 0.06896663 0.08833967 0.14739032 0.12483572 0.18701635 0.12491160 0.11178749 0.07751511 0.11486132 0.10500038 0.11844882 0.09420349 0.10659965 0.09112069 0.14679631 0.16399527 0.10613917 0.13981176 0.19549094 0.19498379 0.07685682 0.10604343 0.11301882 0.09775471 0.03832101 0.08410805 0.11845880 0.08479365 0.09549536 0.09280402 0.30952129 0.57452231 0.15209962 0.09942635 0.31123942 0.43694036 0.08792064 0.15241477 0.26982944 0.15185203 0.14369508 0.12022165 0.07859777 0.19365684 0.20411091 0.10560834 0.13938998 0.15865286 0.08303813 0.15068011 0.06156831 0.16914769 0.12140527 0.15852158 0.18429472 0.07664518 0.13537401 0.15688779 0.13006755 0.12378082 
0.13159452 0.09927073 0.12623193 0.10828116 0.13881936 0.04048914 0.16208789 0.14831672 0.14358516 0.15078572 0.09745938 0.12040997 0.16087974 0.11418551 0.06916312 0.22998401 0.00000000 0.16572147 0.20315711 0.20960945 0.23542352 0.12218810 0.13585255 0.17643611 0.23130799 0.14476232 0.16641154 0.12392663 0.06245317 0.05709915 0.09032658 0.16163016 0.23002921 0.16671695 0.20047498 0.09874692 0.16620224 0.16460255 0.11462084 0.16167045 0.22339986 0.07386257 0.10854295 0.17930105 0.09927493 0.08988657 0.21596591 0.17153863 0.17266570 0.17426563 0.05081014 0.20608801 0.14639231 0.04583457 0.17910080 0.12590604 0.18708362 0.19534340 0.15176865 0.17898125 0.22007185 0.07771513 0.14509727 0.16860698 0.15064703 0.10876029 0.16681348 0.18960010 0.13560513 0.16589357 0.23596519 0.19251854 0.16025227 0.14260681 0.08501266 0.08837061 0.10079800 0.18374667 0.13116059 0.15058066 0.10241466 0.15299207 0.20753793 0.12340209 0.17951235 0.12686952 0.10365689 0.14975023 0.06353970 0.08723523 0.13793640 0.11146773 0.14350596 0.09401492 0.06954827 0.16187659 0.04679137 0.12467801 0.09317572 0.07531652 
0.10404858 0.17072127 0.14130851 0.18032554 0.04630152 0.16965339 0.16507122 0.13469628 0.12626820 0.10369343 0.19769654 0.10968550 0.19283768 0.17345784 0.28811002 0.22684436 0.16572147 0.00000000 0.59099738 0.21543264 0.22899305 0.17820968 0.07118950 0.04300985 0.07499138 0.06544236 0.15474447 0.16133407 0.05920682 0.08258473 0.10394392 0.08887261 0.11059553 0.12930334 0.16011170 0.19426669 0.17259570 0.17442538 0.09661365 0.07454850 0.15769365 0.10639696 0.09444008 0.07989974 0.09960595 0.14439269 0.20310589 0.15858089 0.19965100 0.18220244 0.15137169 0.11119463 0.11942566 0.13908316 0.09202505 0.25888283 0.17800365 0.07801771 0.13512116 0.14641028 0.07755820 0.11958701 0.10658638 0.13762374 0.13252886 0.15203219 0.12636259 0.14193140 0.22480072 0.13498931 0.13680328 0.17775146 0.09291728 0.12092556 0.10294917 0.06920190 0.09943009 0.13305041 0.10469700 0.22067975 0.09717156 0.16196300 0.11186641 0.14340781 0.15985033 0.14424108 0.03522914 0.11872806 0.14007892 0.15057747 0.24082439 0.14479317 0.10205564 0.17975570 0.17514384 0.20802539 0.11836366 0.16163189 0.13317969 0.21792186 
0.24443295 0.13047450 0.13810138 0.06153817 0.17007017 0.05659788 0.16784119 0.03041412 0.03929412 0.26021919 0.12166458 0.05429125 0.14471341 0.11280643 0.36605031 0.17533444 0.20315711 0.59099738 0.00000000 0.25211896 0.22617549 0.17368515 0.12236523 0.15912927 0.06496462 0.18385948 0.19299153 0.13722940 0.24357702 0.25452155 0.16063724 0.11871073 0.11223351 0.16700062 0.13864996 0.14917861 0.12622886 0.14047338 0.14043813 0.21095931 0.09611400 0.09888117 0.15632833 0.13444066 0.05521470 0.09505106 0.22291791 0.05932450 0.10887183 0.13364429 0.11435229 0.11440494 0.14723154 0.14402947 0.15157191 0.17051680 0.20133975 0.13390009 0.15160461 0.16693189 0.13942586 0.06899828 0.23741763 0.07173325 0.05534045 0.18329212 0.12023691 0.07082100 0.13870240 0.09735918 0.15290488 0.14256019 0.13067153 0.07175499 0.14714800 0.07026447 0.12002507 0.19152519 0.18822258 0.16700207 0.20021877 0.09610054 0.19839209 0.12743778 0.05334076 0.08941817 0.13524998 0.09858590 0.19397124 0.08417027 0.12508386 0.15708517 0.10197438 0.15960255 0.06884841 0.13428551 0.15084233 0.11428872 0.08070809 0.24390270 
0.09093670 0.00000000 0.19458896 0.08563162 0.22236434 0.12089411 0.16734404 0.14399093 0.06655874 0.20270895 0.17612549 0.18930197 0.09947711 0.13231007 0.25682189 0.19503692 0.20960945 0.21543264 0.25211896 0.00000000 0.22683338 0.15797465 0.24620997 0.17477949 0.14911916 0.18588293 0.08366720 0.13566215 0.16758060 0.08789478 0.21141663 0.17936284 0.05211116 0.13413110 0.09809816 0.14467790 0.11489733 0.12516277 0.15325477 0.09848059 0.15631594 0.12150880 0.05669828 0.14249685 0.06949745 0.07206037 0.08452267 0.07941582 0.08940848 0.14346513 0.11692793 0.16371768 0.09957636 0.17491902 0.16968604 0.20207653 0.14518774 0.17959182 0.15559347 0.16806621 0.19664779 0.11168177 0.14106379 0.19506220 0.12650951 0.12195937 0.23681023 0.18190517 0.16283540 0.12888180 0.25631515 0.11738057 0.19177947 0.13223055 0.38156921 0.08242312 0.11225096 0.13609472 0.27041460 0.12560183 0.13476625 0.10512495 0.14482034 0.09718901 0.12643599 0.14252595 0.10041567 0.09509541 0.08001861 0.15261451 0.12635596 0.05340904 0.13756389 0.12008408 0.11646285 0.11502859 0.14556114 0.09641418 0.10429443 0.10658404 
0.08545254 0.15427670 0.15038771 0.09790328 0.10014956 0.15412894 0.20023306 0.14867460 0.07797745 0.09306325 0.07585931 0.12600794 0.06342567 0.11139933 0.18148950 0.17639511 0.23542352 0.22899305 0.22617549 0.22683338 0.00000000 0.21698682 0.34004531 0.29808740 0.20439592 0.27297918 0.14494094 0.14146150 0.09582627 0.08933393 0.07165964 0.06946889 0.10295359 0.14813803 0.11442255 0.18095069 0.07770896 0.06135079 0.17167570 0.07809608 0.04812172 0.11514339 0.15590462 0.08639598 0.19108785 0.13386887 0.14275542 0.16826525 0.11402701 0.07023383 0.22683915 0.21357466 0.19440500 0.05119055 0.07289874 0.27251185 0.07356616 0.15613447 0.25047374 0.13504938 0.26598186 0.09163260 0.14153613 0.17768595 0.19193195 0.03018185 0.13356544 0.23896506 0.04908446 0.17732170 0.21487249 0.16663986 0.09556406 0.18323643 0.10968469 0.05532186 0.14719325 0.16619203 0.11959187 0.07689569 0.11827460 0.10463561 0.11197969 0.13922820 0.13012458 0.16896766 0.12654267 0.09256058 0.18914491 0.13636266 0.07672843 0.12622227 0.11981966 0.14334502 0.15839612 0.09711417 0.17604693 0.06837971 0.21546237 0.15181595 
0.11154512 0.15655731 0.13136003 0.08118245 0.11132488 0.10791127 0.18776737 0.12998222 0.14163846 0.13452199 0.21185917 0.10489641 0.09093026 0.09646102 0.01858645 0.12587987 0.12218810 0.17820968 0.17368515 0.15797465 0.21698682 0.00000000 0.26668465 0.22977060 0.19677261 0.18984171 0.19248700 0.16541434 0.19215706 0.09048527 0.07392415 0.15592825 0.12791815 0.12687885 0.14656373 0.13512185 0.06505567 0.12949008 0.15192550 0.14395134 0.11367300 0.12180395 0.06692845 0.20091106 0.23555305 0.12463752 0.12348033 0.15556693 0.06365524 0.22029930 0.18018943 0.18314128 0.12270774 0.06610425 0.10250359 0.22147194 0.18249554 0.13277431 0.12610664 0.11673385 0.28452832 0.10126578 0.13296895 0.16477720 0.11532731 0.11234399 0.16915954 0.17676793 0.20360855 0.24019225 0.13106533 0.07157278 0.18222570 0.18539356 0.18687214 0.09654979 0.15544081 0.11784686 0.09533065 0.08390005 0.09847478 0.22297961 0.18047078 0.10083879 0.09762949 0.15397908 0.21510370 0.10007043 0.07004191 0.18916884 0.11434144 0.07609213 0.11856213 0.14284965 0.20105541 0.21769753 0.06854771 0.14974838 0.12328620 0.15184911 
0.17136669 0.10934419 0.07966984 0.12748024 0.16016710 0.15884137 0.12915138 0.09612823 0.09969877 0.08940217 0.06333342 0.09423065 0.07657946 0.12265906 0.03552458 0.10149225 0.13585255 0.07118950 0.12236523 0.24620997 0.34004531 0.26668465 0.00000000 0.44359630 0.76905651 0.46369284 0.16104255 0.13787631 0.13685572 0.10521497 0.13972612 0.08894583 0.08605369 0.13967879 0.08366272 0.15339364 0.13659444 0.09569343 0.10193185 0.11049436 0.04970822 0.07346105 0.13018253 0.09747828 0.22960479 0.17943785 0.07892140 0.07806078 0.08569573 0.10913978 0.18491685 0.13019416 0.05202184 0.12260885 0.18310304 0.17932514 0.15371807 0.07675307 0.11450605 0.12798100 0.17631143 0.09495932 0.09648099 0.41073113 0.11106267 0.08374990 0.20934660 0.32270013 0.12009300 0.22224076 0.15453536 0.08414228 0.19173120 0.16088975 0.15111580 0.04463667 0.12491691 0.14283886 0.16634981 0.14119698 0.14374175 0.13102042 0.18553551 0.06220495 0.16793213 0.10368715 0.08346002 0.08460295 0.08480826 0.17373445 0.07572222 0.06944384 0.13650324 0.09375599 0.11200786 0.14814060 0.08286644 0.02049101 0.10592710 0.00886678 
0.06322546 0.16027174 0.17916068 0.15129572 0.13180689 0.10302495 0.20919713 0.18290829 0.15115732 0.07105106 0.12112523 0.12755752 0.13807657 0.11231505 0.13137121 0.07640472 0.17643611 0.04300985 0.15912927 0.17477949 0.29808740 0.22977060 0.44359630 0.00000000 0.36849464 0.34467563 0.21593906 0.16758926 0.11988161 0.26402460 0.20400691 0.11343683 0.12484076 0.14652056 0.17425663 0.11126953 0.12935098 0.10592595 0.10232811 0.06025625 0.17277827 0.11194009 0.16010197 0.09040351 0.13014825 0.15666436 0.11663381 0.09817865 0.08278055 0.14868962 0.15111409 0.14935103 0.08218108 0.08520436 0.08304271 0.10385249 0.17780920 0.09912629 0.10846572 0.17306753 0.19282727 0.10282745 0.07182552 0.24093273 0.27841975 0.17087931 0.14433217 0.32433022 0.12632922 0.31673826 0.21709914 0.12896177 0.09759355 0.07833285 0.06863179 0.07855343 0.07751144 0.15436977 0.04384827 0.11673394 0.10191813 0.14468738 0.08486642 0.15478144 0.15688865 0.15398856 0.05203545 0.13994038 0.10994737 0.09794567 0.09999728 0.11050208 0.13765918 0.09477197 0.08198497 0.12430365 0.08110695 0.04749189 0.13310554 0.09110160 
0.15273923 0.17028513 0.09945333 0.22296578 0.08042769 0.12524140 0.13217096 0.12637766 0.12862976 0.02670759 0.17489765 0.08548995 0.13384783 0.15883277 0.12637689 0.11070405 0.23130799 0.07499138 0.06496462 0.14911916 0.20439592 0.19677261 0.76905651 0.36849464 0.00000000 0.27940305 0.17294836 0.12360043 0.14222343 0.16928017 0.07220207 0.22540124 0.11225905 0.14905928 0.06408410 0.12049912 0.17452511 0.12399024 0.11022470 0.10256607 0.07076953 0.13418381 0.12733143 0.08467203 0.15136823 0.13637010 0.08379656 0.14263918 0.07451647 0.12686991 0.09934898 0.11896727 0.07345101 0.03988572 0.15342441 0.15517090 0.13271676 0.13327756 0.07852154 0.23356158 0.22836272 0.07581912 0.18709349 0.29005217 0.14933992 0.10911211 0.28445827 0.44310388 0.15133875 0.24615869 0.20639292 0.09925796 0.09162350 0.14227376 0.11805433 0.14537797 0.09150499 0.10933024 0.06392225 0.08789882 0.09058655 0.16916760 0.16623770 0.10433599 0.16032056 0.12451918 0.09280639 0.07878792 0.07929045 0.10914221 0.08672295 0.12736568 0.09841069 0.14434439 0.17271133 0.04129073 0.11125876 0.08769763 0.18075220 0.01215637 
0.15460476 0.06150239 0.11077724 0.16365569 0.13858879 0.08236024 0.11616052 0.08515198 0.03776760 0.11544144 0.06623878 0.04220804 0.12349337 0.12819467 0.15334737 0.16918908 0.14476232 0.06544236 0.18385948 0.18588293 0.27297918 0.18984171 0.46369284 0.34467563 0.27940305 0.00000000 0.23274684 0.12786677 0.23939913 0.09067438 0.04514286 0.12082179 0.13466412 0.12797910 0.13908140 0.19471675 0.06108329 0.20489710 0.08874722 0.20610659 0.10685402 0.23866571 0.09114324 0.16271261 0.05256223 0.10744691 0.18328126 0.19889620 0.11981182 0.11464790 0.17423825 0.23339816 0.14116837 0.07181359 0.19630028 0.11404221 0.07924563 0.06979997 0.17147668 0.08867109 0.29480499 0.14418167 0.09825155 0.46910633 0.27275268 0.17434168 0.17819648 0.20830183 0.14630764 0.17995304 0.26219261 0.10996973 0.11397474 0.15335482 0.09591098 0.05685159 0.14397417 0.05892399 0.10492310 0.11183022 0.05978257 0.10274082 0.08887988 0.13910788 0.11189211 0.09412257 0.13154364 0.09434171 0.08921821 0.09170683 0.09098152 0.16394803 0.15866086 0.08490093 0.08112520 0.02408882 0.06496836 0.15777513 0.16114110 0.15272010 
0.08270601 0.13163176 0.09999788 0.08961902 0.10610875 0.14490198 0.21745646 0.18610339 0.10573783 0.12979138 0.07044107 0.09422967 0.14242114 0.06349864 0.15194637 0.11338243 0.16641154 0.15474447 0.19299153 0.08366720 0.14494094 0.19248700 0.16104255 0.21593906 0.17294836 0.23274684 0.00000000 0.47001816 0.19476139 0.17280269 0.16700225 0.19330182 0.13249207 0.15574461 0.10671329 0.13143587 0.09923992 0.18545865 0.15155747 0.12644291 0.05071880 0.22778911 0.15792396 0.17073249 0.14389376 0.09243225 0.12070639 0.12092984 0.22356467 0.18294928 0.21736807 0.12637847 0.07102325 0.10646944 0.26288435 0.17433032 0.25794555 0.19812295 0.09864622 0.13336113 0.30541860 0.10911552 0.18006129 0.17555228 0.10161720 0.07766747 0.14824055 0.03212236 0.07570649 0.11404398 0.13645201 0.14718864 0.22849796 0.12233899 0.15838813 0.16455331 0.13275276 0.04883486 0.13853109 0.11591799 0.14786631 0.19930857 0.17324411 0.11429834 0.06833607 0.16088003 0.16046711 0.11221734 0.15437756 0.18954790 0.09817631 0.11273288 0.13710023 0.10939751 0.08888421 0.05010483 0.11275211 0.09686702 0.13985048 0.08830167 
0.05983549 0.11544677 0.17304654 0.24791136 0.23813357 0.11527109 0.11293341 0.11207347 0.15214514 0.19853547 0.23036053 0.05677015 0.02155059 0.19825239 0.14965801 0.05563212 0.12392663 0.16133407 0.13722940 0.13566215 0.14146150 0.16541434 0.13787631 0.16758926 0.12360043 0.12786677 0.47001816 0.00000000 0.21735474 0.24277869 0.10150193 0.22702175 0.13590645 0.19579459 0.14001167 0.12501776 0.08209696 0.20677480 0.17913799 0.06956292 0.15027628 0.16135643 0.11780205 0.14533022 0.17035146 0.16867740 0.15484381 0.12740103 0.26366368 0.08429349 0.20000197 0.15261384 0.16896510 0.09944994 0.02560478 0.14231925 0.14067645 0.18166781 0.05741011 0.15085385 0.20655674 0.10461805 0.15565852 0.19984551 0.09920650 0.15958100 0.11856219 0.14979175 0.13507203 0.10707038 0.07172726 0.09171602 0.19556208 0.01362272 0.15494732 0.10745842 0.12618674 0.16945183 0.19481119 0.08377688 0.17972991 0.10024860 0.17670226 0.12487876 0.06864827 0.17027052 0.14967792 0.08142874 0.14968302 0.07154140 0.15264369 0.14961919 0.15175965 0.18471178 0.17211084 0.08382158 0.18713623 0.13617402 0.13480923 0.16238550 
0.20910908 0.15351321 0.09204205 0.16125997 0.11494627 0.07071857 0.08936533 0.17756051 0.01451109 0.10680471 0.11185337 0.13313949 0.20175882 0.15773012 0.16920129 0.18614319 0.06245317 0.05920682 0.24357702 0.16758060 0.09582627 0.19215706 0.13685572 0.11988161 0.14222343 0.23939913 0.19476139 0.21735474 0.00000000 0.09600327 0.09207768 0.13122431 0.17503398 0.11564519 0.06227185 0.11883399 0.16305797 0.09105787 0.15224269 0.14225785 0.07729265 0.15019233 0.16791376 0.06910706 0.16493799 0.20280378 0.15552956 0.19790654 0.17024629 0.12971241 0.12423228 0.16427033 0.17382767 0.21757380 0.13780096 0.11978554 0.08191884 0.06265410 0.10146849 0.25055500 0.24823011 0.19967231 0.08066468 0.12627739 0.10478768 0.17977710 0.11761607 0.21937277 0.23386713 0.07152191 0.17187588 0.08978668 0.07579841 0.14739619 0.15560939 0.05327880 0.13009504 0.06080170 0.17580739 0.12053168 0.12657582 0.22133808 0.15073545 0.04637345 0.21850506 0.14263432 0.16079925 0.16116427 0.29000185 0.15087687 0.12840736 0.08955572 0.11650077 0.13472591 0.10799555 0.16486638 0.15097106 0.08008223 0.20656210 0.15837752 
0.11184580 0.10280397 0.07004744 0.05105128 0.23518035 0.13575383 0.15129346 0.19311582 0.13048116 0.11179038 0.11190397 0.09785164 0.08694699 0.13996211 0.15984234 0.13914978 0.05709915 0.08258473 0.25452155 0.08789478 0.08933393 0.09048527 0.10521497 0.26402460 0.16928017 0.09067438 0.17280269 0.24277869 0.09600327 0.00000000 0.12596490 0.18805200 0.27951623 0.10564325 0.17290674 0.08437667 0.08920633 0.18020354 0.15539094 0.09055618 0.13604413 0.10405379 0.10988493 0.06689347 0.22995562 0.16306955 0.13251643 0.40225423 0.13579032 0.20890834 0.16518335 0.17642871 0.10441297 0.07507619 0.12534847 0.15280163 0.08694262 0.14018508 0.11078118 0.11448117 0.18207983 0.20797181 0.08272357 0.20642465 0.15378374 0.09994845 0.17489608 0.17740922 0.13131873 0.07151556 0.09812218 0.12804243 0.14606599 0.12442729 0.07769747 0.07523763 0.14884383 0.17515908 0.16808576 0.17029044 0.11926967 0.08690026 0.19432504 0.13374472 0.11119802 0.16463960 0.12389447 0.13035997 0.15097807 0.12687867 0.15733112 0.11368138 0.13867800 0.19499660 0.17653084 0.24306785 0.17026723 0.13619650 0.12593632 0.13964638 
0.19077148 0.15268658 0.09641070 0.09605777 0.22605872 0.00704927 0.10833376 0.06404453 0.13423325 0.18668652 0.16439891 0.04596770 0.24745908 0.18314795 0.08256940 0.14366728 0.09032658 0.10394392 0.16063724 0.21141663 0.07165964 0.07392415 0.13972612 0.20400691 0.07220207 0.04514286 0.16700225 0.10150193 0.09207768 0.12596490 0.00000000 0.14365404 0.11630794 0.22406115 0.12850041 0.10326303 0.07421495 0.14539812 0.16700717 0.13241827 0.15085578 0.07412655 0.14156480 0.08420249 0.29932916 0.15826911 0.58431587 0.11028315 0.12384900 0.09822063 0.18470538 0.18950047 0.16306400 0.12998236 0.10191022 0.12678411 0.11263558 0.18270547 0.15590475 0.09606554 0.05568356 0.31917780 0.09618274 0.13450048 0.13949047 0.06457921 0.22326649 0.13310133 0.08102645 0.11198870 0.13383493 0.17802799 0.18608123 0.12060005 0.12247050 0.16912363 0.14617136 0.09793862 0.08813589 0.13278897 0.17881073 0.13837008 0.25958800 0.20438385 0.07776312 0.16070735 0.05402147 0.06178323 0.03719375 0.18874735 0.11685973 0.23359803 0.13812808 0.13184206 0.14106930 0.14605549 0.15681538 0.08951350 0.14227988 0.20040676 
0.15443291 0.14570788 0.08778791 0.08650809 0.07268257 0.24795350 0.14707570 0.12395013 0.04894487 0.11147795 0.18584362 0.17366427 0.16610729 0.09021310 0.18141328 0.08219697 0.16163016 0.08887261 0.11871073 0.17936284 0.06946889 0.15592825 0.08894583 0.11343683 0.22540124 0.12082179 0.19330182 0.22702175 0.13122431 0.18805200 0.14365404 0.00000000 0.18882910 0.14138515 0.06518583 0.10184482 0.08025039 0.18483247 0.09794316 0.03774155 0.14750190 0.03766530 0.16616871 0.18638724 0.13649793 0.17507434 0.26130773 0.25400829 0.16080876 0.19302616 0.08188138 0.13812707 0.06794468 0.03347247 0.09604898 0.18140375 0.08487057 0.11415270 0.17915325 0.11306793 0.15532640 0.24887686 0.05549794 0.18561340 0.13352825 0.15359774 0.11355445 0.13578088 0.14998343 0.24666574 0.09221090 0.12451517 0.13853597 0.16107150 0.23873775 0.13977598 0.25517107 0.18292972 0.12172081 0.12921687 0.11419429 0.17249307 0.16041788 0.12984566 0.05674247 0.17449334 0.14953439 0.14319759 0.12864514 0.09127336 0.12360657 0.07909225 0.21082524 0.15088410 0.14383967 0.20326612 0.19856257 0.24840424 0.19014669 0.06575449 
0.10692841 0.19169163 0.13912930 0.15995671 0.12078577 0.16452317 0.11122469 0.14252645 0.10062488 0.17189251 0.06331832 0.07810011 0.07484245 0.08491846 0.15118684 0.11799029 0.23002921 0.11059553 0.11223351 0.05211116 0.10295359 0.12791815 0.08605369 0.12484076 0.11225905 0.13466412 0.13249207 0.13590645 0.17503398 0.27951623 0.11630794 0.18882910 0.00000000 0.15416802 0.55758831 0.10333087 0.26653137 0.11048632 0.10900507 0.13459006 0.04830134 0.06249270 0.16732126 0.18889022 0.17314631 0.21609870 0.04598524 0.12200252 0.15525306 0.20045428 0.17458489 0.08484911 0.20910630 0.13717450 0.13230865 0.16495814 0.21537670 0.17051309 0.19360801 0.10481760 0.15158503 0.20733618 0.08236246 0.07082178 0.16309882 0.13980864 0.15614824 0.11817594 0.08582360 0.16749208 0.13899042 0.18038095 0.08253300 0.15819259 0.08484613 0.05379298 0.10787674 0.10356304 0.11140818 0.07257252 0.23490121 0.10026293 0.03893405 0.07881126 0.16451007 0.11179562 0.08193848 0.10963711 0.15259402 0.18301593 0.15384172 0.14184478 0.14527645 0.21425083 0.21215076 0.26710384 0.18225565 0.28464129 0.24434156 0.14521500 
0.20415950 0.08437121 0.18567161 0.08646328 0.13454309 0.12395549 0.12512943 0.12044563 0.24712172 0.18445058 0.14168622 0.09056255 0.23729687 0.09826263 0.17395615 0.12968028 0.16671695 0.12930334 0.16700062 0.13413110 0.14813803 0.12687885 0.13967879 0.14652056 0.14905928 0.12797910 0.15574461 0.19579459 0.11564519 0.10564325 0.22406115 0.14138515 0.15416802 0.00000000 0.15599798 0.19509970 0.13382147 0.11540951 0.14700153 0.09034170 0.18725856 0.13709484 0.47788596 0.15324500 0.14736017 0.24331369 0.17031870 0.08842282 0.14496008 0.18078502 0.05224547 0.14353757 0.12691338 0.13475364 0.12008387 0.10727580 0.07789484 0.13385860 0.11293843 0.11644103 0.13768159 0.14545656 0.11392834 0.14967306 0.13495075 0.05307733 0.13449339 0.09812289 0.13702336 0.07439424 0.18347726 0.10823474 0.05889609 0.16813221 0.08067238 0.16202070 0.13239680 0.10082567 0.12190278 0.11353263 0.11595621 0.06778453 0.15096486 0.04816333 0.12704430 0.14610633 0.14019783 0.18052176 0.19781743 0.10169123 0.16260807 0.07783725 0.13960204 0.13792487 0.22792290 0.07774766 0.12678731 0.10801176 0.13021075 0.17281694 
0.08722460 0.17042469 0.18048676 0.19984321 0.20683577 0.19893225 0.15839061 0.12753652 0.22895542 0.14911287 0.14270190 0.16623821 0.09809131 0.16723510 0.15520486 0.14303909 0.20047498 0.16011170 0.13864996 0.09809816 0.11442255 0.14656373 0.08366272 0.17425663 0.06408410 0.13908140 0.10671329 0.14001167 0.06227185 0.17290674 0.12850041 0.06518583 0.55758831 0.15599798 0.00000000 0.09816475 0.08962998 0.03418773 0.11712878 0.25849292 0.13417255 0.17564123 0.14150414 0.41793556 0.07972426 0.30985478 0.05314368 0.12236722 0.16432458 0.13148785 0.14813049 0.13977551 0.20436877 0.15193173 0.18762926 0.09369542 0.06527930 0.15912423 0.19760843 0.06575371 0.14584775 0.11769035 0.13234181 0.21766293 0.12917083 0.06839791 0.11506573 0.12050131 0.06575079 0.18904003 0.03459780 0.09131440 0.12654041 0.06455885 0.11779633 0.09535251 0.13368317 0.13533936 0.16903112 0.14442403 0.13217667 0.08064575 0.11341065 0.10143519 0.08026216 0.09462988 0.19292271 0.08277927 0.11147888 0.15262621 0.32140228 0.17717472 0.14594541 0.12316636 0.18562289 0.18796356 0.18372661 0.15511371 0.10338442 0.08965977 
0.11545823 0.31182926 0.16640565 0.15109503 0.30991504 0.49683689 0.05519236 0.10512960 0.23763551 0.08771747 0.17379151 0.09006559 0.12798004 0.21279663 0.17077307 0.04832063 0.09874692 0.19426669 0.14917861 0.14467790 0.18095069 0.13512185 0.15339364 0.11126953 0.12049912 0.19471675 0.13143587 0.12501776 0.11883399 0.08437667 0.10326303 0.10184482 0.10333087 0.19509970 0.09816475 0.00000000 0.15066282 0.17637455 0.17024063 0.31631454 0.30330431 0.22333204 0.24223002 0.08570163 0.19218663 0.12833207 0.06657108 0.13708056 0.12882136 0.14862250 0.12289512 0.13148679 0.07771973 0.10689574 0.14730283 0.14508975 0.13771180 0.25701207 0.13476227 0.08668281 0.18416895 0.06036240 0.11573468 0.15124173 0.08550684 0.10091521 0.08034598 0.09274715 0.09906872 0.16895473 0.11408223 0.10410350 0.27969535 0.10467028 0.11656592 0.17326868 0.16187061 0.10542168 0.06315539 0.15356083 0.00630786 0.13835801 0.16877387 0.31766468 0.12851148 0.13884034 0.09837759 0.06630186 0.05792298 0.11309553 0.07111541 0.08080628 0.13621209 0.10591537 0.13738937 0.10418617 0.01983727 0.14842818 0.11019572 0.17610555 
