0.00000000 0.19606848 0.07392920 0.11276558 0.24163445 0.14186071 0.10004292 0.20522523 0.15798835 0.09350911 0.11622185 0.14338413 0.14722148 0.07216101 0.07551902 0.09523012 0.13331011 0.11956194 0.13124756 0.14892865 0.15687209 0.10914473 0.10514086 0.07947505 0.13599717 0.08171135 0.09888447 0.06497325 0.13031938 0.09831124 0.10885150 0.09495894 0.10915525 0.12986941 0.08939991 0.18065535 0.13380997 0.10877904 0.17622957 0.17630283 0.12953754 0.09607472 0.13195734 0.12340802 0.09431992 0.09970577 0.05976945 0.13828571 0.15525449 0.11569578 0.05733288 0.09320552 0.13063604 0.15395424 0.08692855 0.07730546 0.12758779 0.10291337 0.15214454 0.06964975 0.18266501 0.07868684 0.10499086 0.15725551 0.10262081 0.06701239 0.13258354 0.06935532 0.12918883 0.08237745 0.06616294 0.05919255 0.05930981 0.04750346 0.08529575 0.11611655 0.13173346 0.08820548 0.12366572 0.08605618 0.10791428 0.12791733 0.09988745 0.19035685 0.14763380 0.10929163 0.07816245 0.09307527 0.08741159 0.11298923 0.14881580 0.07865479 0.11123375 0.08166469 0.08355590 0.08286253 0.05964077 0.07436543 0.08711350 0.09624178 
0.19606848 0.00000000 0.20773213 0.11107916 0.12348828 0.34275730 0.14685860 0.19155061 0.14425381 0.12650475 0.12330783 0.08030823 0.13327228 0.12459890 0.11612840 0.08775798 0.07932923 0.17279486 0.09684338 0.06741331 0.09563626 0.14133017 0.07834719 0.09341393 0.08253196 0.05168266 0.07727588 0.13239113 0.11201951 0.09935805 0.11951181 0.16037164 0.12174372 0.08808497 0.04856983 0.22436515 0.08529755 0.15887940 0.09160490 0.17332770 0.09037015 0.10131721 0.05466640 0.06519184 0.19053955 0.10214483 0.11879171 0.09385464 0.16501807 0.18753177 0.10849684 0.09883140 0.08670669 0.10626791 0.11295309 0.07995116 0.15804527 0.16862386 0.07970861 0.15051362 0.09122570 0.12949188 0.08410135 0.12450874 0.11048908 0.11493561 0.07578845 0.13013476 0.11717290 0.05793609 0.07695938 0.07233280 0.09019666 0.09472012 0.09914362 0.05423607 0.09324735 0.14703048 0.08515123 0.14460957 0.09355122 0.06785013 0.14189495 0.12487614 0.09480063 0.09595328 0.07771313 0.12149796 0.10498836 0.11044768 0.11754753 0.12892234 0.10520078 0.07346433 0.12047429 0.12044322 0.15800438 0.17711642 0.09871898 0.12196418 
0.07392920 0.20773213 0.00000000 0.25796924 0.14185996 0.14693288 0.11902710 0.19552452 0.08441340 0.11132070 0.12251477 0.10367119 0.07194292 0.23389114 0.12506855 0.05200785 0.13865221 0.08840872 0.12287380 0.10219951 0.11119072 0.09103209 0.08310497 0.12179990 0.06673592 0.08945117 0.04923692 0.14972802 0.08130873 0.04571331 0.08253906 0.09927012 0.10277022 0.13519547 0.10404812 0.15476311 0.15988511 0.18370050 0.05793226 0.13820101 0.17045590 0.08561235 0.03409084 0.10369044 0.08510220 0.03089700 0.12772915 0.12511928 0.08954791 0.12453772 0.10905867 0.08786665 0.12767285 0.17697083 0.11974862 0.12071779 0.12784445 0.15626004 0.13807022 0.13538889 0.07331804 0.16751584 0.08950833 0.06849711 0.10997930 0.13224045 0.05833954 0.01816066 0.10420270 0.13518244 0.14254165 0.10148932 0.07218249 0.10696124 0.14036945 0.16903272 0.12383388 0.11061376 0.08608207 0.12384205 0.14158890 0.11651479 0.08845152 0.13861806 0.09678292 0.12016975 0.11159895 0.05553679 0.11169082 0.09727167 0.19130771 0.24267783 0.07051807 0.12655677 0.16672031 0.06914290 0.16657577 0.12163916 0.07577306 0.18638690 
0.11276558 0.11107916 0.25796924 0.00000000 0.12072786 0.21250939 0.09294124 0.07575493 0.08380943 0.07541366 0.17631939 0.17237665 0.08312315 0.11189862 0.12875579 0.12531022 0.09259915 0.19907729 0.10411554 0.07356544 0.04642875 0.10242087 0.10668076 0.11805139 0.13219941 0.13110380 0.06727357 0.14512002 0.05080612 0.04635007 0.05644602 0.08672133 0.17840001 0.07833791 0.14744047 0.12021706 0.06274088 0.20703449 0.09738109 0.12384261 0.13573955 0.12250936 0.20062364 0.12857694 0.09875952 0.14489377 0.12487184 0.09026916 0.10300797 0.11672727 0.11429694 0.08831845 0.13251095 0.07877188 0.10119226 0.08745524 0.09609113 0.05125504 0.07194641 0.12145176 0.08643586 0.10719784 0.19157394 0.13542873 0.14110203 0.03196046 0.08917063 0.14395887 0.17345544 0.13000956 0.07407378 0.12056122 0.14044311 0.03613630 0.07585577 0.09032019 0.10608909 0.12467560 0.08023702 0.06462783 0.10635909 0.15391472 0.09733944 0.13107612 0.05827570 0.10465145 0.11208706 0.05841346 0.04789598 0.11355866 0.10635635 0.12631945 0.11268474 0.11150603 0.13894679 0.11614837 0.12699038 0.17769160 0.20665280 0.08842174 
0.24163445 0.12348828 0.14185996 0.12072786 0.00000000 0.08014329 0.04867702 0.07415800 0.15802206 0.10594165 0.18873004 0.18976276 0.11181892 0.11113248 0.12213412 0.13941336 0.10795797 0.06070947 0.14394812 0.16460707 0.09019572 0.09811643 0.14071664 0.09004221 0.15125877 0.12848703 0.07714590 0.19495194 0.07267611 0.16307446 0.09625882 0.10653629 0.06866511 0.11769134 0.10263096 0.19503711 0.16512999 0.10266737 0.14638836 0.19230062 0.09280171 0.05921301 0.09503123 0.09961832 0.11403797 0.17753398 0.05045031 0.04323114 0.06335754 0.09235004 0.06411846 0.10782720 0.07299902 0.04854640 0.15526842 0.07029003 0.11982525 0.10635853 0.11131292 0.13158007 0.10842104 0.05503872 0.10374566 0.10064941 0.09167753 0.09898526 0.06146677 0.04515663 0.10481861 0.09190696 0.08356018 0.03520316 0.17229686 0.16366130 0.09897402 0.12522833 0.06140427 0.15958603 0.16272120 0.12273209 0.13438701 0.28035739 0.09025631 0.11230025 0.07908500 0.09668081 0.22504435 0.10401831 0.09062804 0.09581396 0.06414397 0.09121399 0.09099902 0.15780317 0.18881161 0.09993674 0.11310021 0.16768794 0.06683840 0.11775588 
0.14186071 0.34275730 0.14693288 0.21250939 0.08014329 0.00000000 0.23754291 0.13425179 0.17181484 0.11140369 0.17645458 0.08630993 0.19122500 0.14187376 0.12391398 0.08543723 0.06700595 0.13052136 0.11551074 0.09665140 0.12103088 0.11288016 0.08813335 0.07065800 0.12884751 0.07422412 0.11234064 0.07310984 0.14755184 0.12071269 0.05803473 0.20198385 0.03922176 0.06660721 0.05289268 0.31409624 0.11414670 0.08278349 0.16015207 0.19586870 0.11959611 0.12265789 0.15662221 0.12770584 0.18647475 0.08653319 0.09654973 0.13486756 0.14584167 0.06304942 0.17051072 0.09967384 0.13321719 0.07583717 0.10672229 0.07349106 0.16928390 0.06103505 0.10694382 0.09092152 0.07251683 0.08547545 0.10564302 0.04545697 0.10928807 0.03061875 0.06376441 0.14581420 0.11580113 0.05198608 0.10786282 0.09818161 0.07016922 0.14769546 0.08286512 0.04019782 0.10436104 0.09164344 0.10986647 0.03041763 0.09477087 0.06018534 0.14585749 0.12731503 0.14032377 0.08568419 0.11088341 0.14306120 0.10388074 0.09858910 0.09594360 0.09925415 0.13428519 0.10149675 0.10573793 0.12961831 0.06571462 0.10074939 0.14101486 0.13259803 
0.10004292 0.14685860 0.11902710 0.09294124 0.04867702 0.23754291 0.00000000 0.11541513 0.12119999 0.22984913 0.08168408 0.09542705 0.11295163 0.14079593 0.06116326 0.17036498 0.13314548 0.14166296 0.14089527 0.12807384 0.11519461 0.15995157 0.12705763 0.16618093 0.16528945 0.09156629 0.18494718 0.16951452 0.06077120 0.09207353 0.11715644 0.10535320 0.10770653 0.11575913 0.07841730 0.13026175 0.03363065 0.14406317 0.08950299 0.07218269 0.11351856 0.12858434 0.08725366 0.07992131 0.14166059 0.11261894 0.11796284 0.11472336 0.17833175 0.08601386 0.22838347 0.09802461 0.09366736 0.05703254 0.12946079 0.06322384 0.10164787 0.13095327 0.07701018 0.06011397 0.19543867 0.12551926 0.08153739 0.12048408 0.13889102 0.03556024 0.07883314 0.16511446 0.06935365 0.11431640 0.17203742 0.13906024 0.07188890 0.13865788 0.11208199 0.09815296 0.07808379 0.06033056 0.08801440 0.09706146 0.10635646 0.08836664 0.13868274 0.09457755 0.11649992 0.13788511 0.15562639 0.10772901 0.12285275 0.11943466 0.16651210 0.09382686 0.12734345 0.05264277 0.13658676 0.10017665 0.10204102 0.12487095 0.10540916 0.07950634 
0.20522523 0.19155061 0.19552452 0.07575493 0.07415800 0.13425179 0.11541513 0.00000000 0.17036493 0.11073602 0.27347223 0.16073812 0.15706589 0.13105517 0.16703948 0.05765895 0.14221955 0.13228830 0.05949473 0.13101251 0.05481208 0.05577508 0.12374994 0.05628729 0.12310774 0.06906453 0.06787163 0.03813756 0.08324362 0.20200727 0.10687558 0.06038642 0.09244009 0.16832599 0.15904449 0.06451649 0.16427356 0.12541606 0.10451590 0.19133123 0.13352066 0.05923974 0.09357515 0.10914905 0.04669460 0.12031224 0.05757379 0.19001356 0.10720548 0.15470256 0.15757003 0.06180102 0.08763777 0.17860079 0.12967601 0.09810689 0.05843243 0.09842612 0.09452582 0.13280409 0.08082745 0.11693848 0.09826214 0.12084237 0.06544858 0.19293385 0.13428466 0.05234795 0.13014280 0.08774347 0.14283775 0.04963209 0.09727965 0.11423940 0.05933360 0.09288277 0.17566715 0.13818807 0.18242734 0.17678571 0.13046283 0.07865212 0.11235123 0.13547970 0.13024076 0.07452324 0.09374789 0.08744600 0.16212676 0.12707260 0.10030646 0.10485215 0.10358526 0.13059978 0.11573337 0.12442775 0.07396524 0.05442478 0.10968039 0.11866704 
0.15798835 0.14425381 0.08441340 0.08380943 0.15802206 0.17181484 0.12119999 0.17036493 0.00000000 0.07526969 0.08947491 0.11654999 0.30623807 0.07522891 0.15694710 0.05304689 0.11060725 0.12766263 0.11712505 0.11496814 0.05624610 0.08200804 0.08972054 0.11980880 0.05806058 0.05911223 0.09215579 0.08035681 0.05566043 0.20945838 0.14850501 0.04451851 0.07993077 0.10844294 0.11332237 0.10382859 0.07687207 0.13310467 0.12835452 0.13307967 0.15027647 0.12055461 0.13874670 0.09017630 0.24284639 0.13009474 0.07174871 0.08725633 0.10956921 0.08927237 0.06377638 0.12261960 0.13839784 0.11527595 0.06481766 0.06527797 0.08684143 0.09978849 0.11071503 0.06814001 0.11561429 0.08247848 0.10307896 0.11138031 0.17043775 0.08140672 0.09540079 0.06422165 0.16620742 0.12092920 0.09727006 0.14318886 0.08621948 0.19277391 0.13446411 0.21452948 0.04383293 0.06557738 0.13760343 0.29129612 0.11415960 0.14853761 0.07666117 0.07414688 0.04671237 0.15701331 0.11232366 0.08914918 0.08095340 0.11153856 0.07511920 0.11453753 0.15787621 0.09006815 0.10183358 0.06605537 0.14337361 0.10811546 0.11901146 0.18429753 
0.09350911 0.12650475 0.11132070 0.07541366 0.10594165 0.11140369 0.22984913 0.11073602 0.07526969 0.00000000 0.27951755 0.17924974 0.12596502 0.10266890 0.04796714 0.15033728 0.13988005 0.11461040 0.14322434 0.18090905 0.05909767 0.08405639 0.07424258 0.08265269 0.06077561 0.07875787 0.13539186 0.21956277 0.04570009 0.16492493 0.17248734 0.11293730 0.17952123 0.13409493 0.09659785 0.09162945 0.06159239 0.06065947 0.10567830 0.13422031 0.12846570 0.10036249 0.09156069 0.14409724 0.13701608 0.21625553 0.15946801 0.10900980 0.08474773 0.12658686 0.13478923 0.13021838 0.12609946 0.11028617 0.12027048 0.07559551 0.06909246 0.16740250 0.10871360 0.13090028 0.10749601 0.12066483 0.06844372 0.10455683 0.10958583 0.09139173 0.14097533 0.06193434 0.08733990 0.08666984 0.15013900 0.08391011 0.10033490 0.08665188 0.19471087 0.13916624 0.09678067 0.06273617 0.05081694 0.12637507 0.07134302 0.04540705 0.18163199 0.13649091 0.03232486 0.10434377 0.05549583 0.15090061 0.05300962 0.11340472 0.11512468 0.16613197 0.12654247 0.10530780 0.07554287 0.18582293 0.11536039 0.15069156 0.11247477 0.08867635 
0.11622185 0.12330783 0.12251477 0.17631939 0.18873004 0.17645458 0.08168408 0.27347223 0.08947491 0.27951755 0.00000000 0.17682727 0.06429189 0.14567817 0.20542770 0.13849834 0.10653096 0.18288437 0.11041419 0.17280894 0.03076990 0.05054642 0.06662427 0.08151818 0.09025282 0.08733311 0.09698628 0.10575060 0.05555714 0.06143563 0.11568228 0.17531563 0.04620190 0.10185958 0.13150162 0.09395512 0.14384019 0.13493999 0.12933581 0.13805107 0.10447090 0.16903840 0.13815128 0.06351846 0.13444465 0.11539146 0.07920163 0.12624762 0.20017908 0.17261945 0.12213447 0.06161476 0.07124293 0.07391511 0.08181561 0.12813323 0.07501398 0.11849672 0.06285314 0.12204136 0.08758464 0.15448920 0.10729536 0.04803906 0.14905353 0.05336921 0.15915471 0.06208819 0.08410458 0.09299238 0.11410601 0.07176935 0.06639104 0.06321769 0.09110562 0.15068949 0.13920637 0.08680448 0.19616269 0.10807270 0.17077865 0.08781844 0.05213786 0.10605002 0.02257811 0.11517986 0.15419090 0.10782959 0.17658452 0.12636736 0.09505537 0.10753302 0.09229655 0.15951296 0.15739147 0.07278013 0.10887381 0.11453358 0.11762034 0.05954641 
0.14338413 0.08030823 0.10367119 0.17237665 0.18976276 0.08630993 0.09542705 0.16073812 0.11654999 0.17924974 0.17682727 0.00000000 0.16035074 0.05037735 0.17156667 0.27086356 0.08994515 0.15810980 0.12607571 0.14426914 0.04361395 0.04996442 0.06879111 0.19360500 0.12815401 0.07615712 0.08433703 0.05216857 0.13047605 0.12424403 0.04437691 0.12247921 0.05035733 0.09965307 0.19008620 0.05681246 0.09609703 0.06332996 0.08262506 0.14097257 0.11414642 0.07343485 0.14103487 0.07232434 0.09561358 0.05437144 0.02592431 0.10238872 0.06013598 0.11794375 0.07743794 0.12733179 0.07344637 0.12005354 0.06323722 0.12759163 0.07235037 0.07628053 0.09054824 0.14120778 0.10556641 0.15012035 0.15320387 0.11516483 0.14971064 0.08586495 0.15026424 0.08498998 0.09224045 0.08212402 0.11385178 0.06366823 0.09949199 0.10930950 0.12015224 0.16470272 0.14100885 0.14868956 0.30526858 0.25325231 0.10985528 0.15046552 0.14233313 0.11360697 0.14426859 0.09022178 0.10341139 0.11014225 0.09814984 0.10910364 0.07218586 0.08265853 0.10317069 0.06834236 0.16146863 0.15209427 0.11661225 0.11051937 0.12136461 0.09027264 
0.14722148 0.13327228 0.07194292 0.08312315 0.11181892 0.19122500 0.11295163 0.15706589 0.30623807 0.12596502 0.06429189 0.16035074 0.00000000 0.18927374 0.07540833 0.14794260 0.13744093 0.13352400 0.12119553 0.03433977 0.05928746 0.07347658 0.11272736 0.13844967 0.16042590 0.08674793 0.10784589 0.07319549 0.14971953 0.08693272 0.17042586 0.08179815 0.10459420 0.13522203 0.02841918 0.14433132 0.06451619 0.06899831 0.09746345 0.10787833 0.14385662 0.11217305 0.04734924 0.09189786 0.33105292 0.16969062 0.14108152 0.07691006 0.04694715 0.12902593 0.05545098 0.09106616 0.08970540 0.10916762 0.17203906 0.05736928 0.19526136 0.03560291 0.06260069 0.09553767 0.04960787 0.10268862 0.14895448 0.12111010 0.10583255 0.14546556 0.17405927 0.10478053 0.09989004 0.09531250 0.12029464 0.28928449 0.06237893 0.15851306 0.10349931 0.07351375 0.05925234 0.09048595 0.04641228 0.10169947 0.08612717 0.09268227 0.15932466 0.11160378 0.10872316 0.11510207 0.10028065 0.20338451 0.10573214 0.12647714 0.08826760 0.09316208 0.11162631 0.10717101 0.08415425 0.18848406 0.10362387 0.05813149 0.12362266 0.04481862 
0.07216101 0.12459890 0.23389114 0.11189862 0.11113248 0.14187376 0.14079593 0.13105517 0.07522891 0.10266890 0.14567817 0.05037735 0.18927374 0.00000000 0.11772864 0.03966669 0.09330392 0.17074402 0.12657200 0.10324157 0.09629933 0.05196877 0.07597881 0.11232031 0.07438676 0.20075757 0.11622113 0.19380885 0.10790270 0.11033507 0.09593082 0.11403478 0.09559031 0.06463455 0.10963283 0.18958720 0.13976317 0.13495751 0.15979811 0.07304296 0.10253964 0.12895926 0.07480243 0.05790567 0.15184731 0.14102917 0.15138552 0.15735455 0.10476325 0.06651231 0.09766229 0.09815354 0.10175977 0.11015888 0.09112883 0.11659286 0.12360810 0.12024057 0.12965268 0.07709608 0.06573880 0.13704079 0.07456389 0.11992243 0.11266938 0.09858367 0.12778548 0.07344229 0.14338158 0.11319821 0.13327247 0.17383333 0.08400879 0.13418373 0.08981644 0.08647771 0.08017294 0.08622611 0.15561918 0.10285649 0.05961006 0.11912192 0.19261133 0.20454462 0.03326412 0.08465182 0.05415773 0.12083203 0.10778341 0.08755132 0.10765453 0.15875688 0.08599368 0.11899574 0.09792950 0.13585859 0.10056618 0.17357963 0.09758397 0.17078252 
0.07551902 0.11612840 0.12506855 0.12875579 0.12213412 0.12391398 0.06116326 0.16703948 0.15694710 0.04796714 0.20542770 0.17156667 0.07540833 0.11772864 0.00000000 0.13762398 0.08640256 0.14245456 0.21681836 0.16424491 0.16027440 0.11241781 0.05173678 0.06475009 0.06322118 0.17987906 0.08016685 0.09060099 0.13222820 0.12164134 0.06207404 0.12561160 0.16924840 0.10586270 0.04099123 0.06134330 0.14469827 0.15288930 0.08565967 0.10053766 0.04597693 0.17477447 0.09623175 0.08151428 0.16392638 0.17143191 0.09714035 0.16773355 0.03830253 0.12348264 0.07419982 0.11042020 0.17983641 0.19267081 0.06381150 0.12894179 0.15435514 0.15266427 0.11275275 0.15601320 0.13338101 0.09786758 0.14583276 0.07620802 0.11747970 0.09913821 0.13099158 0.07651068 0.11285447 0.12538276 0.08217940 0.12147006 0.03825940 0.07098064 0.15518383 0.06936419 0.06436234 0.12502167 0.30930453 0.14795667 0.21769754 0.06968101 0.12070602 0.09283403 0.11730271 0.11372857 0.08418688 0.07292036 0.15863336 0.15829489 0.06601796 0.05913877 0.09229748 0.08341550 0.10287283 0.08080151 0.12684356 0.14011104 0.07546872 0.14245014 
0.09523012 0.08775798 0.05200785 0.12531022 0.13941336 0.08543723 0.17036498 0.05765895 0.05304689 0.15033728 0.13849834 0.27086356 0.14794260 0.03966669 0.13762398 0.00000000 0.16129510 0.15968897 0.18104291 0.22138271 0.17393980 0.14743545 0.07757643 0.08078392 0.10855878 0.08712366 0.06851625 0.06214746 0.08139124 0.08640320 0.06888813 0.11298544 0.12560257 0.09562245 0.14804441 0.07212454 0.07671164 0.14384032 0.11984447 0.12930475 0.07868162 0.12844059 0.13170871 0.07097275 0.13876871 0.06511351 0.12402718 0.03508768 0.15651623 0.07505301 0.06077883 0.07422067 0.08503038 0.11234150 0.10890507 0.12768210 0.07449053 0.08730185 0.04443938 0.14661260 0.16983162 0.10159568 0.09991759 0.07511474 0.05085203 0.06685613 0.11902857 0.09306914 0.08328967 0.10033614 0.18799381 0.45613737 0.12143247 0.10511567 0.12955388 0.24141453 0.05200860 0.07895385 0.19714038 0.12038722 0.11839261 0.15684029 0.05047985 0.09646799 0.13502735 0.09523714 0.13546725 0.03566526 0.13697956 0.11591812 0.10537505 0.12653613 0.09592511 0.14936237 0.12938481 0.08670064 0.09732212 0.19440752 0.05466277 0.11812380 
0.13331011 0.07932923 0.13865221 0.09259915 0.10795797 0.06700595 0.13314548 0.14221955 0.11060725 0.13988005 0.10653096 0.08994515 0.13744093 0.09330392 0.08640256 0.16129510 0.00000000 0.14478242 0.18072690 0.12640549 0.19199437 0.14321688 0.07339908 0.09602221 0.12672338 0.11839905 0.17069288 0.10772091 0.16789577 0.12055778 0.11003525 0.10821608 0.16156050 0.10763190 0.11842917 0.03821011 0.11488753 0.11740648 0.09471162 0.05460173 0.11652327 0.12952579 0.11726844 0.12620656 0.09141080 0.11064164 0.10700050 0.03415147 0.10199149 0.14758354 0.10395286 0.12586098 0.09983435 0.03514560 0.06327216 0.09893221 0.09378632 0.11642287 0.08555996 0.05555417 0.16299572 0.16858219 0.04182828 0.10064547 0.09717066 0.14324560 0.09562541 0.11069080 0.07601700 0.16178461 0.13775705 0.17604109 0.11352058 0.16509598 0.10343062 0.18419512 0.05067724 0.12144596 0.10622664 0.07523689 0.05409165 0.12016542 0.13864499 0.07075493 0.17681714 0.11391527 0.11355950 0.10965246 0.10029168 0.09103230 0.09307197 0.14390838 0.15566377 0.14422831 0.04510177 0.19038753 0.07543546 0.16390029 0.06303297 0.11276172 
0.11956194 0.17279486 0.08840872 0.19907729 0.06070947 0.13052136 0.14166296 0.13228830 0.12766263 0.11461040 0.18288437 0.15810980 0.13352400 0.17074402 0.14245456 0.15968897 0.14478242 0.00000000 0.21478874 0.23134314 0.11539304 0.11594020 0.09569484 0.07835727 0.06871410 0.05211164 0.11895252 0.09056440 0.07674831 0.09246444 0.14665299 0.03802908 0.15376752 0.11622342 0.14585343 0.12198233 0.07969203 0.11566602 0.07730237 0.10591316 0.10476086 0.12542851 0.08731732 0.07259708 0.07956434 0.19923334 0.09946489 0.10643884 0.13033997 0.13142406 0.07941505 0.11394813 0.14361053 0.07365003 0.08986401 0.13087485 0.09299574 0.03338453 0.11686098 0.08768703 0.11507483 0.14773135 0.13798366 0.12292079 0.12628570 0.07786531 0.16647467 0.08506847 0.17281675 0.09194687 0.06436793 0.16289734 0.09563146 0.15493865 0.05038196 0.16786658 0.04453127 0.12274752 0.09834417 0.14856149 0.09167442 0.09808007 0.13073207 0.12079323 0.07471988 0.10825890 0.05063468 0.14493688 0.13429787 0.11361817 0.16756123 0.11014289 0.11046257 0.10542651 0.11196875 0.13508164 0.11545100 0.05658053 0.12759469 0.10072946 
0.13124756 0.09684338 0.12287380 0.10411554 0.14394812 0.11551074 0.14089527 0.05949473 0.11712505 0.14322434 0.11041419 0.12607571 0.12119553 0.12657200 0.21681836 0.18104291 0.18072690 0.21478874 0.00000000 0.16245244 0.15514020 0.05451088 0.06891138 0.09628262 0.06780726 0.10116753 0.08862702 0.05341825 0.14736460 0.14832525 0.11355020 0.11728394 0.15550454 0.08223459 0.11360221 0.19382314 0.11844252 0.10438491 0.11829101 0.07618486 0.15680875 0.10659696 0.12670218 0.17196226 0.09260385 0.05172411 0.23314354 0.09254879 0.10393821 0.13424341 0.05502408 0.11090601 0.12226072 0.09297999 0.13579230 0.11065398 0.13418538 0.08808769 0.11781079 0.13603302 0.11745421 0.07249792 0.18056413 0.09846546 0.09088711 0.11785628 0.16474251 0.06817616 0.09305361 0.06609566 0.14259020 0.16131437 0.04815096 0.10177978 0.16573961 0.07141990 0.11826519 0.12360580 0.09838428 0.10022939 0.22072841 0.15311827 0.10937265 0.07260153 0.10111919 0.08692326 0.11590755 0.07621883 0.09034842 0.14424698 0.07636761 0.10521843 0.08032835 0.15530653 0.09428167 0.09896567 0.08444325 0.08524617 0.10583025 0.11171151 
0.14892865 0.06741331 0.10219951 0.07356544 0.16460707 0.09665140 0.12807384 0.13101251 0.11496814 0.18090905 0.17280894 0.14426914 0.03433977 0.10324157 0.16424491 0.22138271 0.12640549 0.23134314 0.16245244 0.00000000 0.15154079 0.08001691 0.10294230 0.09984144 0.09137515 0.11492310 0.11176569 0.15878148 0.12106404 0.10465131 0.09879990 0.09257418 0.08507529 0.17504187 0.10411477 0.12825154 0.03106154 0.13875601 0.11773661 0.07086996 0.05806449 0.08693032 0.09857844 0.15075392 0.08102608 0.07642036 0.09250640 0.12438931 0.05360946 0.07946850 0.09334281 0.10864656 0.10536702 0.21531789 0.13504225 0.14074018 0.10660398 0.07659040 0.10324755 0.11722013 0.13565352 0.09571060 0.09587670 0.10253369 0.05481305 0.13539180 0.11642968 0.13741245 0.14106219 0.07800178 0.22295428 0.20052008 0.10251975 0.12781976 0.22095238 0.07420394 0.13211181 0.13445832 0.18699213 0.07530254 0.07700266 0.07144471 0.12152607 0.06469259 0.10200427 0.12358125 0.09901000 0.08546997 0.09080008 0.12101223 0.09897526 0.13658895 0.10211688 0.13482053 0.09315710 0.08520173 0.09817827 0.10495954 0.07506604 0.10975337 
0.15687209 0.09563626 0.11119072 0.04642875 0.09019572 0.12103088 0.11519461 0.05481208 0.05624610 0.05909767 0.03076990 0.04361395 0.05928746 0.09629933 0.16027440 0.17393980 0.19199437 0.11539304 0.15514020 0.15154079 0.00000000 0.09577141 0.17371579 0.11990340 0.14368887 0.19816156 0.08168814 0.08752921 0.07651458 0.13191380 0.14559928 0.06236341 0.12620736 0.14828611 0.14784904 0.12790335 0.12178703 0.08347403 0.15032055 0.10990359 0.07184782 0.09392327 0.12652491 0.03706985 0.09833323 0.14310243 0.11988112 0.11792114 0.07861226 0.06500562 0.11371198 0.16066077 0.18850706 0.13128428 0.16210955 0.10117728 0.13127280 0.10641206 0.13647437 0.11285471 0.15301848 0.14142228 0.13182016 0.19886724 0.21638758 0.07566845 0.11382656 0.13029298 0.08535281 0.17651509 0.17535819 0.11810090 0.07153124 0.11904473 0.08052956 0.02262795 0.10359921 0.11127838 0.10110204 0.08297403 0.09145927 0.05065713 0.13782321 0.06123098 0.10135746 0.10232495 0.07965042 0.09055123 0.13458156 0.15035980 0.14400801 0.10226259 0.12661195 0.11617179 0.12598589 0.21606581 0.10810754 0.06761813 0.08943909 0.08335947 
0.10914473 0.14133017 0.09103209 0.10242087 0.09811643 0.11288016 0.15995157 0.05577508 0.08200804 0.08405639 0.05054642 0.04996442 0.07347658 0.05196877 0.11241781 0.14743545 0.14321688 0.11594020 0.05451088 0.08001691 0.09577141 0.00000000 0.17500435 0.16716171 0.17029697 0.13310642 0.18165120 0.13771126 0.15092052 0.10703742 0.03946381 0.13856336 0.07645978 0.13520238 0.13679117 0.07952747 0.15594353 0.07305798 0.12155362 0.13696618 0.08951245 0.14058597 0.14829945 0.21908162 0.09216087 0.08394647 0.07742889 0.10085400 0.02142645 0.19783311 0.12814830 0.12517744 0.08949259 0.10020346 0.08573029 0.10238050 0.13765534 0.10464473 0.09077985 0.12161957 0.19786244 0.14364096 0.06447145 0.11182913 0.10566025 0.10793481 0.16703580 0.07789754 0.11620335 0.23312007 0.10128146 0.07635775 0.16486500 0.15541138 0.12309501 0.09799726 0.17410232 0.13685699 0.12316855 0.04851561 0.11687705 0.12215998 0.09542022 0.06752518 0.10005499 0.10593560 0.15463726 0.07630324 0.09929888 0.09945393 0.10651127 0.06504613 0.14681886 0.08027023 0.16166169 0.16454027 0.14091195 0.09435469 0.14626322 0.11127098 
0.10514086 0.07834719 0.08310497 0.10668076 0.14071664 0.08813335 0.12705763 0.12374994 0.08972054 0.07424258 0.06662427 0.06879111 0.11272736 0.07597881 0.05173678 0.07757643 0.07339908 0.09569484 0.06891138 0.10294230 0.17371579 0.17500435 0.00000000 0.22593700 0.51535914 0.21182222 0.14418229 0.12587886 0.14671393 0.11545418 0.17484995 0.11720117 0.12738542 0.15679823 0.08019033 0.18266148 0.07196486 0.10081821 0.08541062 0.08399737 0.07948269 0.06971316 0.13608423 0.06310548 0.08438157 0.13383708 0.09041732 0.08473351 0.06875703 0.12455771 0.12663041 0.11920905 0.07361402 0.09906648 0.14629700 0.09472286 0.05672637 0.05979243 0.05673616 0.12703892 0.12295741 0.08453295 0.09033986 0.20051815 0.10428938 0.08214530 0.12890525 0.26408198 0.07960198 0.16863726 0.13052127 0.08186546 0.24278729 0.06024245 0.10141803 0.05994873 0.13688053 0.12044514 0.19329465 0.05125857 0.10425821 0.10704545 0.13160580 0.08409978 0.11410703 0.09966964 0.13011753 0.13571702 0.06872043 0.09021141 0.08446788 0.08613508 0.17464331 0.05950951 0.09176713 0.07735142 0.07542306 0.07577547 0.08269148 0.07286552 
0.07947505 0.09341393 0.12179990 0.11805139 0.09004221 0.07065800 0.16618093 0.05628729 0.11980880 0.08265269 0.08151818 0.19360500 0.13844967 0.11232031 0.06475009 0.08078392 0.09602221 0.07835727 0.09628262 0.09984144 0.11990340 0.16716171 0.22593700 0.00000000 0.21734626 0.15703784 0.18603097 0.15059334 0.19304449 0.13600655 0.16417293 0.14918587 0.08968588 0.13050545 0.11330463 0.09836011 0.09376782 0.09201097 0.11842394 0.07392841 0.12676400 0.09077320 0.13104364 0.09468962 0.07668491 0.06865414 0.03944955 0.06980300 0.07334656 0.09232426 0.15132446 0.17493205 0.08948669 0.07590757 0.07010530 0.07175376 0.10252247 0.04630690 0.08709614 0.10926287 0.11927696 0.08752113 0.06385555 0.16095365 0.18141439 0.12181128 0.15208904 0.30929538 0.05693011 0.24349409 0.20016732 0.18657765 0.07784571 0.10489407 0.10221589 0.09243599 0.13589044 0.07609520 0.12190953 0.09887945 0.04632988 0.12602778 0.06634588 0.10155495 0.13316712 0.16479984 0.07684357 0.14147619 0.07270409 0.08144044 0.10098765 0.08802896 0.12137048 0.06435429 0.13857869 0.08349071 0.09907569 0.06221754 0.13731717 0.10128524 
0.13599717 0.08253196 0.06673592 0.13219941 0.15125877 0.12884751 0.16528945 0.12310774 0.05806058 0.06077561 0.09025282 0.12815401 0.16042590 0.07438676 0.06322118 0.10855878 0.12672338 0.06871410 0.06780726 0.09137515 0.14368887 0.17029697 0.51535914 0.21734626 0.00000000 0.16129042 0.10274412 0.09220085 0.10220255 0.12767317 0.10329441 0.15139941 0.11314959 0.13925616 0.11347515 0.06271916 0.09364870 0.10862865 0.08071583 0.09520071 0.09296600 0.09148817 0.15989574 0.04679146 0.13321700 0.10101915 0.07862298 0.10634103 0.07381692 0.08665343 0.10770442 0.10198410 0.05410572 0.08889658 0.14134825 0.13661383 0.09247145 0.09301394 0.04825848 0.17939877 0.16235567 0.08672216 0.10264848 0.20813008 0.13899843 0.08588935 0.17244683 0.35089521 0.06902817 0.17264318 0.16337455 0.09564818 0.11507049 0.07622634 0.09556243 0.03227968 0.13427928 0.07955177 0.07314647 0.07501852 0.11064625 0.11777519 0.10744627 0.08364503 0.08880729 0.09234470 0.06705917 0.05837581 0.07289145 0.12489188 0.07483969 0.08462779 0.14251931 0.14057036 0.12349560 0.06475359 0.10264763 0.09049145 0.12620044 0.13630695 
0.08171135 0.05168266 0.08945117 0.13110380 0.12848703 0.07422412 0.09156629 0.06906453 0.05911223 0.07875787 0.08733311 0.07615712 0.08674793 0.20075757 0.17987906 0.08712366 0.11839905 0.05211164 0.10116753 0.11492310 0.19816156 0.13310642 0.21182222 0.15703784 0.16129042 0.00000000 0.11700078 0.11050413 0.20968824 0.07770633 0.02986223 0.09034969 0.17863424 0.06182581 0.14285873 0.13034586 0.05913056 0.13445300 0.06998951 0.10318172 0.10159678 0.08698783 0.11331308 0.11016653 0.09261912 0.16240851 0.15297613 0.12425668 0.17144448 0.10543929 0.12893039 0.16084925 0.10866196 0.02855323 0.17388538 0.12880820 0.05475804 0.08498728 0.15246413 0.03991140 0.16016991 0.12257234 0.09993755 0.32072783 0.16073796 0.13772187 0.12820792 0.15205597 0.13070210 0.11811865 0.14770217 0.00697726 0.11796947 0.10529597 0.15513009 0.10008480 0.12352054 0.07285763 0.15774364 0.05029697 0.11196952 0.05047264 0.07076347 0.12642244 0.12780480 0.09166855 0.14711676 0.16403838 0.11021568 0.07751744 0.07691589 0.08041140 0.13541067 0.09170230 0.07767271 0.09126934 0.05594263 0.15378695 0.15476989 0.13521356 
0.09888447 0.07727588 0.04923692 0.06727357 0.07714590 0.11234064 0.18494718 0.06787163 0.09215579 0.13539186 0.09698628 0.08433703 0.10784589 0.11622113 0.08016685 0.06851625 0.17069288 0.11895252 0.08862702 0.11176569 0.08168814 0.18165120 0.14418229 0.18603097 0.10274412 0.11700078 0.00000000 0.36641145 0.15294681 0.18646255 0.13769445 0.14528658 0.05975925 0.11540638 0.09980510 0.07549143 0.16007339 0.11846440 0.16114526 0.13250557 0.10782639 0.10447419 0.16750510 0.07792763 0.09169515 0.11686951 0.03733463 0.10848448 0.17584296 0.14314348 0.24409874 0.08769626 0.05686657 0.08544193 0.10973661 0.12016857 0.16000633 0.11720619 0.12168376 0.11564526 0.26794077 0.10243047 0.10820728 0.17652955 0.20298534 0.06148390 0.11848999 0.06079175 0.01623666 0.09243900 0.08125946 0.12849177 0.23249568 0.09060315 0.12072641 0.08119971 0.08887436 0.14118619 0.06581118 0.08750817 0.08671058 0.14882540 0.10375409 0.12749709 0.11045363 0.08679112 0.13320959 0.11455460 0.13777561 0.08676694 0.03899570 0.10047060 0.12383510 0.07936013 0.11871594 0.05532045 0.08109799 0.09818744 0.11412479 0.04470455 
0.06497325 0.13239113 0.14972802 0.14512002 0.19495194 0.07310984 0.16951452 0.03813756 0.08035681 0.21956277 0.10575060 0.05216857 0.07319549 0.19380885 0.09060099 0.06214746 0.10772091 0.09056440 0.05341825 0.15878148 0.08752921 0.13771126 0.12587886 0.15059334 0.09220085 0.11050413 0.36641145 0.00000000 0.13418855 0.20238083 0.06754558 0.20121468 0.09644519 0.18974657 0.04644185 0.07813120 0.10985248 0.10499747 0.14761426 0.05696969 0.11093593 0.08849278 0.10213130 0.09098542 0.13803574 0.08083545 0.12118536 0.09132474 0.20132653 0.10364380 0.17325689 0.09612402 0.08291970 0.14716476 0.09028593 0.08320546 0.11602579 0.13707812 0.07044192 0.07900225 0.12362987 0.06681527 0.07441697 0.17719445 0.11121990 0.08702681 0.08556277 0.11293011 0.12724817 0.07045574 0.08075686 0.12413602 0.13937559 0.07329868 0.23702875 0.08342822 0.11389898 0.16085908 0.13193856 0.05857266 0.07642857 0.08947806 0.18641289 0.13087455 0.08893614 0.10984324 0.12288403 0.06614469 0.10202012 0.10633058 0.13592262 0.10714871 0.10649311 0.07085461 0.18127581 0.06925395 0.17800951 0.12452434 0.11638542 0.07776367 
0.13031938 0.11201951 0.08130873 0.05080612 0.07267611 0.14755184 0.06077120 0.08324362 0.05566043 0.04570009 0.05555714 0.13047605 0.14971953 0.10790270 0.13222820 0.08139124 0.16789577 0.07674831 0.14736460 0.12106404 0.07651458 0.15092052 0.14671393 0.19304449 0.10220255 0.20968824 0.15294681 0.13418855 0.00000000 0.12638626 0.17583015 0.11543856 0.10068072 0.10045526 0.10880718 0.11234644 0.11850882 0.08085810 0.11017434 0.10363045 0.16670230 0.14282427 0.11968605 0.09752805 0.03659892 0.08570518 0.13099406 0.14368383 0.08016168 0.09442930 0.06328570 0.11438050 0.16867962 0.06378541 0.11545745 0.10134834 0.12892366 0.11393344 0.10876237 0.11002343 0.12891063 0.14184701 0.13437826 0.13462621 0.09754986 0.16200502 0.10522414 0.14319159 0.15054458 0.08607812 0.10980476 0.09040946 0.06133367 0.10440757 0.15283559 0.13172199 0.10136630 0.08010138 0.07963164 0.08432277 0.12366648 0.10826248 0.12014955 0.03971855 0.18357804 0.11220771 0.13974622 0.24438685 0.12719178 0.09790428 0.11797395 0.11130700 0.10355729 0.16437017 0.07659969 0.10876450 0.08095068 0.06277096 0.13004997 0.13356621 
0.09831124 0.09935805 0.04571331 0.04635007 0.16307446 0.12071269 0.09207353 0.20200727 0.20945838 0.16492493 0.06143563 0.12424403 0.08693272 0.11033507 0.12164134 0.08640320 0.12055778 0.09246444 0.14832525 0.10465131 0.13191380 0.10703742 0.11545418 0.13600655 0.12767317 0.07770633 0.18646255 0.20238083 0.12638626 0.00000000 0.03448023 0.12157783 0.13515234 0.13779157 0.13080313 0.11618910 0.16165548 0.11809901 0.13716889 0.13212313 0.05448736 0.14964199 0.08743086 0.10537256 0.12441246 0.14200158 0.09162821 0.19729869 0.11654439 0.18408106 0.08542066 0.12914878 0.07664575 0.08095113 0.08104378 0.11453664 0.09890064 0.10115384 0.12171017 0.12072916 0.11689314 0.13736340 0.04939541 0.10313679 0.10117211 0.12529712 0.15456176 0.09963611 0.10178471 0.12601927 0.05143936 0.03689836 0.15060802 0.09110416 0.07569988 0.09348056 0.15193514 0.11239227 0.19680845 0.12908638 0.06040105 0.06451457 0.09399261 0.11345584 0.06521096 0.09047742 0.08384214 0.11394779 0.08921840 0.08355991 0.12502799 0.06484865 0.08674975 0.11635318 0.13285631 0.12324455 0.13451473 0.09279598 0.13211196 0.18363561 
0.10885150 0.11951181 0.08253906 0.05644602 0.09625882 0.05803473 0.11715644 0.10687558 0.14850501 0.17248734 0.11568228 0.04437691 0.17042586 0.09593082 0.06207404 0.06888813 0.11003525 0.14665299 0.11355020 0.09879990 0.14559928 0.03946381 0.17484995 0.16417293 0.10329441 0.02986223 0.13769445 0.06754558 0.17583015 0.03448023 0.00000000 0.13711489 0.10134290 0.11524266 0.07568757 0.12707324 0.09989802 0.15681153 0.09103882 0.13303583 0.14501625 0.10124110 0.12606763 0.04572602 0.13835875 0.12491308 0.32312291 0.06924043 0.10294390 0.05696300 0.14065257 0.13729062 0.20179227 0.14257207 0.10933207 0.11054624 0.07702479 0.17953004 0.09775391 0.13110289 0.08628661 0.23866617 0.04259899 0.12205948 0.08206939 0.09655387 0.16776113 0.08488115 0.09893982 0.07598996 0.17178119 0.11599967 0.15201440 0.12728058 0.04321043 0.12305904 0.09188502 0.15922245 0.08698656 0.14708256 0.10917900 0.15659600 0.13388180 0.14194373 0.07468054 0.10759039 0.06555232 0.03900966 0.12023194 0.12865027 0.09225199 0.28435122 0.10380031 0.05982258 0.09613664 0.07038964 0.10147657 0.02381955 0.08180347 0.14723787 
0.09495894 0.16037164 0.09927012 0.08672133 0.10653629 0.20198385 0.10535320 0.06038642 0.04451851 0.11293730 0.17531563 0.12247921 0.08179815 0.11403478 0.12561160 0.11298544 0.10821608 0.03802908 0.11728394 0.09257418 0.06236341 0.13856336 0.11720117 0.14918587 0.15139941 0.09034969 0.14528658 0.20121468 0.11543856 0.12157783 0.13711489 0.00000000 0.12786909 0.11573442 0.06651900 0.06686830 0.15111747 0.12568400 0.11550646 0.06291446 0.09753429 0.06106170 0.14826585 0.10100035 0.11929456 0.12755541 0.24096912 0.17213603 0.16647487 0.12466338 0.11015439 0.13952927 0.08258485 0.04693635 0.06144272 0.08200890 0.07385622 0.09742642 0.07152280 0.09273855 0.09792594 0.14685390 0.05775201 0.13379870 0.11810962 0.08074553 0.18703514 0.08973773 0.07641015 0.23873462 0.08632390 0.05040364 0.18484852 0.08005105 0.19966276 0.08795536 0.16322125 0.12281743 0.16287553 0.06551760 0.09384033 0.14039057 0.06486777 0.10074592 0.03865655 0.15925738 0.15323702 0.09964098 0.11941872 0.07787130 0.13109518 0.08697441 0.14975187 0.09344942 0.09468560 0.10565283 0.16353492 0.14815216 0.12763774 0.09415567 
0.10915525 0.12174372 0.10277022 0.17840001 0.06866511 0.03922176 0.10770653 0.09244009 0.07993077 0.17952123 0.04620190 0.05035733 0.10459420 0.09559031 0.16924840 0.12560257 0.16156050 0.15376752 0.15550454 0.08507529 0.12620736 0.07645978 0.12738542 0.08968588 0.11314959 0.17863424 0.05975925 0.09644519 0.10068072 0.13515234 0.10134290 0.12786909 0.00000000 0.15896275 0.33804862 0.12293027 0.19278351 0.10713042 0.09294819 0.08388034 0.13816609 0.08084621 0.10525243 0.13626129 0.17450832 0.19306859 0.10316962 0.11629378 0.07239584 0.05237349 0.14617711 0.10560401 0.18504896 0.10129222 0.12545171 0.11124013 0.17793431 0.10407017 0.06117904 0.12753085 0.07037420 0.07073408 0.09163019 0.06130316 0.12813644 0.09784656 0.09727815 0.16036071 0.11247714 0.08470186 0.15978400 0.15334744 0.05158062 0.14254883 0.02582916 0.07240001 0.09789659 0.10627284 0.04871293 0.05607932 0.19857119 0.09314921 0.00000000 0.12343713 0.15648007 0.12564420 0.08903053 0.11738133 0.14995060 0.11967045 0.06196982 0.08363499 0.12035217 0.13032680 0.09178944 0.16791642 0.14316892 0.19460379 0.18197548 0.11104363 
0.12986941 0.08808497 0.13519547 0.07833791 0.11769134 0.06660721 0.11575913 0.16832599 0.10844294 0.13409493 0.10185958 0.09965307 0.13522203 0.06463455 0.10586270 0.09562245 0.10763190 0.11622342 0.08223459 0.17504187 0.14828611 0.13520238 0.15679823 0.13050545 0.13925616 0.06182581 0.11540638 0.18974657 0.10045526 0.13779157 0.11524266 0.11573442 0.15896275 0.00000000 0.11788384 0.13004751 0.10134435 0.17130298 0.09694310 0.13679499 0.09697178 0.09651918 0.17911005 0.13561645 0.12761016 0.15260917 0.11663061 0.09629000 0.07709046 0.11265361 0.05238519 0.11227457 0.07510399 0.07761487 0.08681287 0.12215025 0.11935911 0.13276388 0.08810929 0.12975125 0.07918341 0.09116816 0.13334098 0.07665412 0.14061627 0.07836544 0.10586140 0.11427540 0.06606836 0.06282404 0.18967719 0.09315302 0.09268528 0.12090525 0.11276824 0.15230511 0.09995329 0.10419999 0.10850959 0.05287747 0.13687106 0.09017404 0.12226256 0.03299296 0.07848638 0.11190725 0.16618827 0.10643217 0.15627485 0.10396072 0.12994707 0.09404826 0.13656395 0.12309391 0.15394025 0.08000450 0.08395049 0.07905507 0.07985959 0.13391114 
0.08939991 0.04856983 0.10404812 0.14744047 0.10263096 0.05289268 0.07841730 0.15904449 0.11332237 0.09659785 0.13150162 0.19008620 0.02841918 0.10963283 0.04099123 0.14804441 0.11842917 0.14585343 0.11360221 0.10411477 0.14784904 0.13679117 0.08019033 0.11330463 0.11347515 0.14285873 0.09980510 0.04644185 0.10880718 0.13080313 0.07568757 0.06651900 0.33804862 0.11788384 0.00000000 0.07348818 0.11853911 0.01970110 0.09197089 0.09451490 0.08751830 0.16102192 0.08350036 0.26176526 0.07397575 0.16483568 0.08322122 0.19171160 0.09723823 0.14167263 0.09944912 0.11507314 0.15611586 0.10974991 0.15984341 0.12671454 0.10613885 0.17064624 0.12751741 0.14209783 0.13071433 0.05729345 0.15339658 0.17809821 0.15141763 0.12510714 0.05351987 0.10021142 0.10314009 0.10157028 0.09939138 0.09292905 0.08886152 0.14786399 0.07116939 0.11558252 0.05892257 0.10654682 0.08551415 0.12803674 0.10778208 0.10516697 0.04344353 0.11255733 0.10677635 0.12399255 0.11161251 0.14523193 0.08913992 0.10637190 0.24997635 0.12336771 0.11505636 0.10506815 0.16059370 0.11438804 0.11430554 0.10948925 0.10999417 0.11472260 
0.18065535 0.22436515 0.15476311 0.12021706 0.19503711 0.31409624 0.13026175 0.06451649 0.10382859 0.09162945 0.09395512 0.05681246 0.14433132 0.18958720 0.06134330 0.07212454 0.03821011 0.12198233 0.19382314 0.12825154 0.12790335 0.07952747 0.18266148 0.09836011 0.06271916 0.13034586 0.07549143 0.07813120 0.11234644 0.11618910 0.12707324 0.06686830 0.12293027 0.13004751 0.07348818 0.00000000 0.07590990 0.22865933 0.12847932 0.24084911 0.14291412 0.14801820 0.17078798 0.10027658 0.12747347 0.11212634 0.08478108 0.04898407 0.13852807 0.09861435 0.10239869 0.09405953 0.08186963 0.11668565 0.14465899 0.11697740 0.10297029 0.08575546 0.08204914 0.09975201 0.11553295 0.00709888 0.05139827 0.10213951 0.10330402 0.06354446 0.05705384 0.16149650 0.10720743 0.06592119 0.08582639 0.06594675 0.30044147 0.07171220 0.13847744 0.10340922 0.04278618 0.06698115 0.12025609 0.10229059 0.14617124 0.09507665 0.16404072 0.23173021 0.16110855 0.11184445 0.06389487 0.10897150 0.08443154 0.09900934 0.11871175 0.10990513 0.14826444 0.02605032 0.06342271 0.17114923 0.06280915 0.09602639 0.08530606 0.08866154 
