0.00000000 0.11252549 0.11045759 0.11218826 0.09888732 0.08783077 0.07592797 0.08834546 0.08142411 0.08347309 0.07475431 0.07375078 0.05869371 0.06838497 0.06991434 0.07521499 0.06377538 0.07759918 0.06703289 0.07918053 0.07724980 0.08130322 0.08475646 0.06142733 0.07594076 0.07530455 0.06765136 0.08033065 0.08031020 0.06886439 0.07216221 0.06737952 0.07188741 0.06524628 0.08457183 0.08425363 0.07530628 0.09825406 0.08625477 0.08158334 0.06512784 0.07164943 0.07320700 0.07260570 0.07080738 0.07264360 0.07384776 0.07360380 0.10350340 0.09022772 0.07127398 0.08081066 0.07260418 0.06358004 0.07152666 0.08854716 0.07267454 0.06449240 0.06107134 0.07313726 0.06191676 0.07158131 0.06997443 0.06536041 0.07954451 0.06825586 0.07891064 0.07544988 0.06379473 0.07159392 0.06841871 0.06527981 0.06911580 0.06994242 0.06299587 0.06283459 0.07027393 0.07610476 0.06629995 0.07654037 0.07338717 0.08273721 0.07664010 0.07358818 0.07332213 0.07050079 0.06422540 0.07836811 0.07807574 0.08666812 0.07005570 0.07435867 0.06871702 0.08307542 0.06434786 0.05937596 0.06015061 0.06625736 0.06666980 0.07476759 0.07736939 0.06597605 0.07404873 0.05627796 0.07047463 0.08070236 0.07485997 0.07864002 0.07983830 0.07214547 0.06712381 0.09078667 0.08177402 0.07664677 0.07881955 0.06987321 0.07546659 0.05986672 0.06682599 0.06307002 0.07285807 0.06986283 0.07555512 0.06107487 0.06889852 0.07157848 0.06385479 0.08019817 0.07433796 0.08192723 0.07539491 0.06575877 0.08404663 0.06698269 0.07140302 0.07869510 0.06263295 0.06753820 0.07384231 0.08552729 0.08456527 0.09928031 0.10992763 0.10463093 0.10463093 0.10463093 0.11193812 0.11084737 0.10463093 0.10463093 0.11675189 0.10463093 0.11252549 0.10463093 0.11252549 0.11463284 0.10540859 0.11084737 0.10670980 0.11946760 
0.11252549 0.00000000 0.11304811 0.11867944 0.09818726 0.07836340 0.08109651 0.08233411 0.07644668 0.07707254 0.08225585 0.08041758 0.06244606 0.07465075 0.07641107 0.08202482 0.06950600 0.07097715 0.06904592 0.08239501 0.07298892 0.07296074 0.09252881 0.06451706 0.06874612 0.08090801 0.06796038 0.08301880 0.08554240 0.07094237 0.07322689 0.07057063 0.06209862 0.06728579 0.08519774 0.07506734 0.08071697 0.10199312 0.07885881 0.08484979 0.06629779 0.06535332 0.07634935 0.07392268 0.07169992 0.07378430 0.06844995 0.06586806 0.09561533 0.09760229 0.06375912 0.07406403 0.06295813 0.06607937 0.07488609 0.09328226 0.06288722 0.06671768 0.06323000 0.07415808 0.06658153 0.07269007 0.07437827 0.06681767 0.08354011 0.07069823 0.07979046 0.06213721 0.06664196 0.07269238 0.06960820 0.06678640 0.07040400 0.07627077 0.06414373 0.06438778 0.06632987 0.07055881 0.06802149 0.07197013 0.06337584 0.07504356 0.08170529 0.07438215 0.06752099 0.07174933 0.06583164 0.07433358 0.07128058 0.07429695 0.07127101 0.06412362 0.07031642 0.07433018 0.06660635 0.06202219 0.06309305 0.06781111 0.07262337 0.06734760 0.07824899 0.06979004 0.07567961 0.05952899 0.07629852 0.07446378 0.06147963 0.06654134 0.08066586 0.07733101 0.07161808 0.08275062 0.08613852 0.07753720 0.07967361 0.07117077 0.07139882 0.06219778 0.06680071 0.06573302 0.07431259 0.07622286 0.07653250 0.06358089 0.07150845 0.07582713 0.06180141 0.08530007 0.07537030 0.08110258 0.07636258 0.06978659 0.09189453 0.06887001 0.07310678 0.06424746 0.06781767 0.07021290 0.06298583 0.09195707 0.08890838 0.08943388 0.10349335 0.10971245 0.10971245 0.10971245 0.10450909 0.11325370 0.10971245 0.10971245 0.10847988 0.10971245 0.11887253 0.10971245 0.11887253 0.10896510 0.10561584 0.11325370 0.10945252 0.11252549 
0.11045759 0.11304811 0.00000000 0.11277817 0.09864386 0.07965409 0.07680920 0.07959614 0.08297322 0.07377004 0.07542502 0.07445780 0.05908926 0.06907421 0.07056872 0.07635933 0.06455181 0.07794978 0.06709930 0.07878825 0.08038672 0.07178712 0.08575711 0.06163516 0.07581851 0.07619348 0.07851254 0.08099499 0.08120888 0.06941051 0.08163451 0.06802932 0.06434455 0.06540288 0.08466823 0.07263780 0.07592394 0.10788539 0.07315314 0.08187416 0.07802075 0.07264090 0.08374487 0.07285483 0.07114498 0.07283751 0.07465216 0.06516681 0.09416794 0.09103904 0.07245565 0.07195655 0.06358676 0.06402770 0.07209630 0.08900102 0.06234306 0.06478526 0.06107208 0.07332026 0.06254013 0.07177897 0.07045335 0.06563288 0.07994262 0.06869360 0.07905814 0.06561347 0.06410167 0.07178657 0.06864165 0.06546216 0.06933777 0.07073005 0.07666104 0.06308832 0.07960171 0.07875554 0.06654082 0.07720987 0.07136188 0.08155903 0.07679822 0.07442231 0.07361593 0.07951059 0.06437651 0.08775867 0.07650296 0.07923039 0.07023756 0.07327787 0.06885529 0.07120737 0.06466201 0.05960179 0.06048783 0.06645689 0.06723694 0.07454317 0.07752215 0.06621976 0.08422063 0.05663931 0.07110456 0.07250298 0.06253473 0.07027973 0.07997970 0.07284664 0.06703076 0.08862404 0.08198969 0.07679135 0.07896663 0.08036154 0.07668726 0.06009918 0.07602842 0.06334264 0.08294698 0.07047093 0.07569105 0.06156613 0.06897253 0.08443888 0.07656196 0.08089227 0.07450394 0.08997882 0.07555626 0.06584297 0.08511440 0.06718984 0.07163768 0.06754843 0.06368335 0.06771107 0.06268038 0.08623308 0.08483490 0.08906334 0.11128560 0.10506288 0.10506288 0.10506288 0.11192320 0.11096394 0.10506288 0.10506288 0.10643554 0.10506288 0.11304811 0.10506288 0.11304811 0.11523684 0.10541964 0.11096394 0.11838983 0.11045759 
0.11218826 0.11867944 0.11277817 0.00000000 0.10343046 0.08287327 0.08364401 0.08412106 0.07710664 0.07911169 0.08328512 0.08275254 0.06591607 0.07497637 0.07772489 0.08039166 0.06960227 0.07245877 0.06767887 0.08068242 0.07290909 0.07411460 0.09094178 0.06338760 0.07016101 0.08126786 0.06753341 0.08307543 0.08470203 0.07118508 0.07320251 0.07195492 0.06294991 0.06515369 0.08452399 0.07350621 0.07922807 0.10131336 0.08082476 0.08335926 0.06772560 0.06718629 0.07561918 0.07268008 0.07221813 0.08230362 0.07105016 0.06458955 0.09434751 0.09660276 0.06687223 0.07263226 0.06272831 0.06441917 0.07626856 0.09268093 0.06333643 0.07165359 0.06098991 0.07267066 0.06783601 0.07110116 0.07285277 0.06498866 0.08435720 0.07405324 0.07872390 0.06100594 0.06981942 0.07111427 0.06781222 0.06474104 0.06864815 0.07695944 0.06771878 0.06222203 0.06699991 0.06942924 0.06628739 0.07093262 0.06742836 0.07338346 0.08095675 0.07432393 0.06631372 0.07171742 0.06371915 0.07304150 0.07150350 0.07307293 0.06959493 0.06507446 0.06846102 0.07426258 0.07000236 0.05961214 0.06062283 0.06587145 0.07462845 0.06761185 0.07705875 0.07118943 0.07421791 0.06101925 0.07588318 0.07465312 0.06089858 0.06517453 0.07966053 0.07784811 0.07304329 0.08136497 0.08559762 0.07631711 0.07862102 0.07156065 0.06980659 0.06121087 0.06468147 0.06368114 0.07652509 0.07733372 0.07522730 0.06309295 0.06980894 0.07725763 0.06376064 0.08553025 0.07396879 0.08301760 0.07503382 0.07011744 0.09060789 0.06690121 0.07142972 0.06755498 0.06903212 0.07247739 0.06593663 0.09006422 0.08758110 0.08814680 0.10304347 0.10956785 0.10956785 0.10956785 0.10412909 0.11295747 0.10956785 0.10956785 0.10813770 0.10956785 0.11867944 0.10956785 0.11867944 0.10860063 0.10533293 0.11295747 0.10921140 0.11218826 
0.09888732 0.09818726 0.09864386 0.10343046 0.00000000 0.09634211 0.09661625 0.09036719 0.09010596 0.07822545 0.07952418 0.07310946 0.06313857 0.07853793 0.08705971 0.05905651 0.06061926 0.07330174 0.07799656 0.08467129 0.07385620 0.06698106 0.08472425 0.07236943 0.06712916 0.06794974 0.08322295 0.08470551 0.08229298 0.08106519 0.07024890 0.07808625 0.07540955 0.05980785 0.08390997 0.06142083 0.08282645 0.08259916 0.07433770 0.06941141 0.07086655 0.07446620 0.07353481 0.07134301 0.08126722 0.07087741 0.07772446 0.08076881 0.08613555 0.09444222 0.07041413 0.07763287 0.06487717 0.06630036 0.06810913 0.07915593 0.06786732 0.06117726 0.07541276 0.06775689 0.06652736 0.06587213 0.07296228 0.07176224 0.09267879 0.08595782 0.07611752 0.07611988 0.05973870 0.06603609 0.06122121 0.07220249 0.07366925 0.07603671 0.06615156 0.06819134 0.07119903 0.07991894 0.08681069 0.07638776 0.08852389 0.06714148 0.09632611 0.08025229 0.07275770 0.06667184 0.05595984 0.08817604 0.08030288 0.06562790 0.06450284 0.06647190 0.06226494 0.06399076 0.06388066 0.06563950 0.06643176 0.07925780 0.07563654 0.07795607 0.07370519 0.07514650 0.06546386 0.05820357 0.07404541 0.06477199 0.06664701 0.07734536 0.09853100 0.07648250 0.06556527 0.07501298 0.09437843 0.07245910 0.07607149 0.06059169 0.06837628 0.06568470 0.07044800 0.06708121 0.06201610 0.07908544 0.08896236 0.07117777 0.06443973 0.07080349 0.07292516 0.07325914 0.06970554 0.09930021 0.07105969 0.06795902 0.06744179 0.07254285 0.09272830 0.07122497 0.07095124 0.07713337 0.07099731 0.09410356 0.10576357 0.07565326 0.10643842 0.10273585 0.10273585 0.10273585 0.10937002 0.10937567 0.10273585 0.10273585 0.10407347 0.10273585 0.09818726 0.10273585 0.09818726 0.10483771 0.11611503 0.10937567 0.10351101 0.09888732 
0.08783077 0.07836340 0.07965409 0.08287327 0.09634211 0.00000000 0.16921854 0.14438831 0.12672828 0.10125327 0.09078938 0.04536866 0.09443474 0.12221652 0.08807338 0.06108739 0.09263249 0.09967326 0.09719404 0.06777518 0.12948678 0.10329374 0.04715088 0.08364869 0.08791759 0.09115572 0.07735163 0.10919286 0.09495364 0.09724144 0.06267488 0.02950585 0.09425385 0.07933338 0.07041808 0.04542159 0.04745525 0.05069428 0.07888582 0.06116126 0.06537890 0.07007984 0.08637282 0.08963594 0.08349946 0.05487963 0.11626693 0.06447002 0.04231810 0.04792684 0.11431364 0.07886115 0.09000845 0.08643212 0.07388333 0.04086103 0.04961753 0.09179045 0.08354665 0.04339770 0.07954694 0.04362219 0.07159318 0.06394726 0.07911998 0.10808130 0.07450732 0.09600720 0.09864340 0.05106685 0.04518457 0.04584675 0.06216683 0.05799719 0.09592267 0.05428082 0.11468455 0.07053376 0.05481236 0.11650138 0.10829880 0.08836353 0.12835377 0.08134043 0.07986508 0.08169644 0.05062776 0.05437347 0.08702233 0.05097186 0.04953062 0.06939010 0.06290155 0.10541357 0.09207923 0.05834575 0.05305634 0.08256722 0.07295494 0.05954642 0.06243308 0.06503858 0.06618616 0.05804080 0.08099625 0.08167077 0.06887555 0.08111980 0.07795270 0.09068305 0.09294014 0.05898823 0.08727014 0.04994478 0.06588639 0.11123703 0.08787866 0.05203887 0.08602953 0.07596774 0.10814292 0.08957351 0.06887270 0.07826505 0.08247178 0.08424775 0.07460552 0.05423903 0.06585270 0.07164654 0.05866404 0.08843588 0.07125326 0.05377042 0.04822188 0.05770559 0.07557434 0.08661135 0.09659368 0.09864475 0.12500538 0.11795387 0.08933105 0.08211494 0.08211494 0.08211494 0.07956630 0.08001306 0.08211494 0.08211494 0.08285426 0.08211494 0.07836340 0.08211494 0.07836340 0.08515717 0.07916601 0.08001306 0.08403554 0.08783077 
0.07592797 0.08109651 0.07680920 0.08364401 0.09661625 0.16921854 0.00000000 0.11526311 0.11597594 0.15351458 0.17559622 0.11106783 0.14074206 0.05762547 0.15096565 0.08635713 0.10356500 0.08551277 0.06078489 0.03399718 0.12400904 0.10315329 0.02543777 0.08656366 0.05808901 0.06449206 0.07991433 0.04179961 0.10847047 0.08221961 0.05644450 0.06684887 0.08416473 0.04335361 0.08227617 0.04826286 0.03359737 0.04997401 0.06587591 0.03886084 0.09991944 0.12160541 0.08936036 0.08159570 0.09628488 0.06300182 0.13043236 0.11834104 0.09340975 0.07058387 0.12004072 0.07556279 0.10420376 0.04687061 0.10167486 0.05621270 0.09966820 0.05316128 0.06797868 0.05367492 0.05846361 0.05589278 0.08633509 0.05084424 0.13932885 0.11094089 0.07040103 0.06161287 0.06913538 0.04765283 0.04403305 0.04601005 0.03839185 0.07916824 0.07991171 0.03147656 0.05677037 0.13427407 0.03625679 0.05822939 0.10904582 0.05438339 0.06075327 0.07247990 0.04487794 0.08288391 0.03983496 0.06490685 0.08636632 0.03888909 0.03378950 0.09856671 0.04214039 0.10404214 0.07340844 0.05950744 0.05122624 0.06582145 0.07580867 0.08717473 0.06258590 0.09375625 0.07723864 0.07827154 0.06201039 0.04511792 0.13192186 0.05910924 0.07963263 0.06104791 0.14266285 0.04553139 0.08921263 0.05772142 0.06107922 0.14924094 0.07581233 0.09571284 0.08198251 0.08284124 0.08941128 0.11574251 0.07050692 0.09742458 0.06494733 0.07021040 0.08939135 0.04512625 0.04915527 0.11586214 0.05189850 0.03535318 0.05441931 0.05243159 0.05894756 0.08217746 0.08033902 0.09082294 0.10270688 0.08192226 0.13886180 0.09919680 0.07865899 0.08903573 0.08903573 0.08903573 0.07766285 0.07687305 0.08903573 0.08903573 0.08033697 0.08903573 0.08109651 0.08903573 0.08109651 0.07338401 0.08268076 0.07687305 0.08055104 0.07592797 
0.08834546 0.08233411 0.07959614 0.08412106 0.09036719 0.14438831 0.11526311 0.00000000 0.11185796 0.14238561 0.16177253 0.10601048 0.11488558 0.11281120 0.06456072 0.08625886 0.09023401 0.07890996 0.12607619 0.07163485 0.10295272 0.08586991 0.04223800 0.10437036 0.08459370 0.05858395 0.08591644 0.05004885 0.06029228 0.10586688 0.06363433 0.03969147 0.11374620 0.08332151 0.07165297 0.02780544 0.02367061 0.08202446 0.06874032 0.11535687 0.11915495 0.09359316 0.10205052 0.09581773 0.09590020 0.06379455 0.06460815 0.10558261 0.06295283 0.04930895 0.11658480 0.06809162 0.06383231 0.08580379 0.06393881 0.04718674 0.11275100 0.07916870 0.07174195 0.02977989 0.10482594 0.03374559 0.07532400 0.12081231 0.08579205 0.09874042 0.05716898 0.10529670 0.08554840 0.03873742 0.03778893 0.04054964 0.03130771 0.02878749 0.10241284 0.02502160 0.05130707 0.05806580 0.06001991 0.09735357 0.11207917 0.07434419 0.08567433 0.06916345 0.09361135 0.04954341 0.06898609 0.05969706 0.08882329 0.06424932 0.03803403 0.06979506 0.04380391 0.06473574 0.10875667 0.07362038 0.05128821 0.04846604 0.07620602 0.08089258 0.04974066 0.13872940 0.08684768 0.08259916 0.08743249 0.05667935 0.10090308 0.07524750 0.07693404 0.12185107 0.08333032 0.07123567 0.06675180 0.06122071 0.07424457 0.09335252 0.07486250 0.06291324 0.06954184 0.07067052 0.09252309 0.10578087 0.05244768 0.09080133 0.10507770 0.06648419 0.11623040 0.08907585 0.05869564 0.08286604 0.04594853 0.14509753 0.07430201 0.05342357 0.06184585 0.04800565 0.12631396 0.06195419 0.09119185 0.09620117 0.09512102 0.09564457 0.08102246 0.07653162 0.07653162 0.07653162 0.08121706 0.08043781 0.07653162 0.07653162 0.08596702 0.07653162 0.08233411 0.07653162 0.08233411 0.08381790 0.07590933 0.08043781 0.07654679 0.08834546 
0.08142411 0.07644668 0.08297322 0.07710664 0.09010596 0.12672828 0.11597594 0.11185796 0.00000000 0.14766414 0.10126818 0.16863668 0.13261363 0.07796870 0.05849536 0.13235533 0.08492379 0.12566031 0.07509104 0.06656126 0.07547767 0.07865949 0.05111274 0.09863309 0.06660200 0.05223843 0.10329700 0.07417519 0.09808211 0.10524874 0.01577340 0.07074622 0.08354350 0.07705895 0.06988974 0.06901438 0.05498995 0.08359039 0.06433864 0.05618123 0.08667865 0.09747911 0.08876412 0.07371335 0.10158666 0.05702953 0.10491297 0.09032344 0.07927567 0.04024986 0.11288013 0.08127821 0.08253297 0.06684475 0.09568978 0.05607932 0.06375828 0.08874411 0.08211775 0.05484567 0.10909845 0.04623047 0.07388768 0.05554566 0.05179071 0.08165117 0.07169489 0.08950263 0.05805643 0.04686399 0.05321030 0.03472589 0.04856418 0.08108637 0.09294423 0.06357191 0.07759792 0.06366974 0.06660960 0.10553624 0.08689441 0.08608085 0.09091717 0.11332368 0.10170113 0.09488357 0.04658127 0.05347767 0.07012607 0.07540718 0.07559764 0.15298931 0.07515574 0.07986633 0.04244241 0.09941825 0.05844402 0.06337788 0.09297467 0.07405997 0.06954654 0.08662799 0.04960844 0.07234296 0.06402475 0.04776081 0.06946668 0.05110178 0.06009096 0.12056109 0.07020420 0.07263990 0.13164489 0.04692827 0.07059743 0.12172509 0.08926326 0.04508462 0.09891195 0.07816196 0.07800470 0.10702828 0.05911837 0.07241603 0.06079615 0.18738626 0.06730633 0.07559383 0.05449088 0.08560028 0.05419927 0.05277775 0.08120478 0.05157546 0.05065692 0.06028083 0.06891075 0.06884384 0.08360370 0.10994812 0.08392572 0.08894658 0.09195213 0.07936981 0.07936981 0.07936981 0.08270628 0.08265427 0.07936981 0.07936981 0.07803939 0.07936981 0.07644668 0.07936981 0.07644668 0.08574800 0.08720326 0.08265427 0.08961398 0.08142411 
0.08347309 0.07707254 0.07377004 0.07911169 0.07822545 0.10125327 0.15351458 0.14238561 0.14766414 0.00000000 0.14908836 0.12024023 0.11644769 0.20422374 0.10186653 0.11908706 0.12095623 0.10612122 0.09955329 0.06607163 0.15655422 0.10673705 0.01426696 0.09746636 0.11774285 0.05623416 0.12527456 0.05418021 0.06112308 0.12962299 0.06179126 0.03932260 0.12872901 0.08894038 0.07003486 0.07126386 0.01076051 0.06636453 0.07806538 0.07754170 0.07354532 0.08402184 0.04471256 0.07801350 0.10661958 0.07742937 0.06213825 0.07435238 0.05084105 0.07721144 0.14853120 0.07289405 0.10922102 0.04604621 0.06156133 0.05269541 0.05727501 0.05354511 0.03037648 0.04306776 0.04761476 0.04579377 0.04431822 0.06304255 0.07027726 0.07130394 0.06770389 0.11559051 0.07878362 0.03978163 0.05114989 0.02869472 0.03425470 0.08086009 0.14411145 0.05695587 0.09099637 0.03893040 0.07759177 0.09075451 0.11771085 0.06729420 0.12361717 0.11651210 0.06458394 0.10380780 0.04442971 0.03786774 0.09426257 0.04383052 0.05447709 0.09562671 0.03897708 0.05625417 0.05527849 0.04572043 0.05091324 0.07482717 0.05681908 0.07238782 0.05593074 0.02409769 0.06391785 0.06302157 0.03250144 0.04454581 0.11355092 0.06612892 0.10268104 0.14801402 0.10579374 0.06285229 0.05663131 0.06976515 0.07464893 0.12404846 0.12983054 0.07908071 0.07853640 0.05108261 0.12111793 0.06372848 0.06959983 0.06896188 0.07822599 0.09602926 0.10736640 0.08949722 0.04823223 0.11305140 0.04654791 0.18963698 0.05880803 0.04605448 0.05313573 0.08795525 0.08908952 0.04198880 0.06802597 0.09465531 0.09301817 0.09806016 0.07329799 0.08041207 0.08041207 0.08041207 0.08560893 0.07432669 0.08041207 0.08041207 0.09016058 0.08041207 0.07707254 0.08041207 0.07707254 0.07812723 0.07995163 0.07432669 0.06993346 0.08347309 
0.07475431 0.08225585 0.07542502 0.08328512 0.07952418 0.09078938 0.17559622 0.16177253 0.10126818 0.14908836 0.00000000 0.10956968 0.09282864 0.14490012 0.33032126 0.09007650 0.09749960 0.07772071 0.10835243 0.07275294 0.09288113 0.11535343 0.05629085 0.06910080 0.09734071 0.14741931 0.06504379 0.10189675 0.08940026 0.10634880 0.08194838 0.03656144 0.06714670 0.05674524 0.07019723 0.05236972 0.05725442 0.10439069 0.08790244 0.08603818 0.06342410 0.08485875 0.10138166 0.10290451 0.11911226 0.08485024 0.10931325 0.05956527 0.05057520 0.06621217 0.08612018 0.07297486 0.07204227 0.08405128 0.06153951 0.06288730 0.08327841 0.05612331 0.04507832 0.06373631 0.07204330 0.04570596 0.09849923 0.05244766 0.07842758 0.08484676 0.06427434 0.09320480 0.06012680 0.05701671 0.05266673 0.01636055 0.02018244 0.05089568 0.10149031 0.04360146 0.11582645 0.09670870 0.07969461 0.07554046 0.10165479 0.06786423 0.06970586 0.05921738 0.07694578 0.07704908 0.04942462 0.05376407 0.07813967 0.04511054 0.02831493 0.04643217 0.05083523 0.04492599 0.11733434 0.05449770 0.08051866 0.04813119 0.05953138 0.05239256 0.05168570 0.06524958 0.04610655 0.08566172 0.07268659 0.07236356 0.08863124 0.05169401 0.07563515 0.06054666 0.09283731 0.05045307 0.06351139 0.07553091 0.06328806 0.12737511 0.05209382 0.07330634 0.11334413 0.08230352 0.11256995 0.10797385 0.08375555 0.09565186 0.04798207 0.05733064 0.04559637 0.08782704 0.05028329 0.07036088 0.05373188 0.10002510 0.08798643 0.03717784 0.06588672 0.08977145 0.10117466 0.07945103 0.08623492 0.11002862 0.08210902 0.08945569 0.07702421 0.09408293 0.09408293 0.09408293 0.07664241 0.07576346 0.09408293 0.09408293 0.08064581 0.09408293 0.08225585 0.09408293 0.08225585 0.07079941 0.08447362 0.07576346 0.08096483 0.07475431 
0.07375078 0.08041758 0.07445780 0.08275254 0.07310946 0.04536866 0.11106783 0.10601048 0.16863668 0.12024023 0.10956968 0.00000000 0.13309513 0.08569899 0.18833779 0.23451652 0.08475117 0.06893757 0.07927631 0.08463633 0.07866336 0.08376478 0.07062842 0.02563195 0.08286101 0.07110059 0.09225291 0.06388505 0.12258469 0.08421725 0.06332837 0.08744637 0.08699702 0.07009335 0.06864826 0.07057991 0.06672030 0.05700271 0.08685878 0.04998797 0.03075406 0.08631105 0.07610185 0.08171963 0.05891947 0.04385108 0.07764680 0.07414383 0.07815886 0.12286140 0.08318151 0.06171335 0.04235565 0.09563588 0.10869131 0.07531901 0.03842179 0.06713444 0.06388444 0.05380481 0.04574508 0.04631982 0.04724863 0.08129238 0.12608022 0.05688690 0.06161761 0.04688532 0.12864768 0.04040405 0.05292609 0.04229060 0.02690141 0.06299901 0.04438121 0.01764851 0.06673813 0.08506891 0.06359128 0.06919150 0.07799322 0.03595227 0.06918917 0.02921357 0.03436919 0.04424157 0.05681525 0.04337743 0.06010232 0.10608610 0.03397140 0.07979835 0.07056704 0.07578951 0.06540489 0.07504426 0.10082359 0.06110181 0.04798557 0.04373279 0.06495987 0.06018041 0.06103184 0.04745066 0.04342074 0.04965966 0.10794882 0.08196899 0.06317466 0.14235579 0.09108113 0.06347888 0.08892524 0.05115962 0.07358373 0.09463635 0.11935921 0.11589040 0.10227633 0.12293539 0.08475784 0.09565992 0.05359895 0.32967541 0.15848318 0.18451057 0.12165116 0.11893922 0.05654547 0.09956606 0.07002094 0.04260564 0.08852223 0.03070584 0.10740853 0.05304744 0.11486366 0.09117082 0.07528889 0.09289878 0.09114357 0.06958233 0.08196591 0.09103300 0.09103300 0.09103300 0.07555016 0.07469585 0.09103300 0.09103300 0.07912450 0.09103300 0.08041758 0.09103300 0.08041758 0.07027735 0.08243081 0.07469585 0.07943034 0.07375078 
0.05869371 0.06244606 0.05908926 0.06591607 0.06313857 0.09443474 0.14074206 0.11488558 0.13261363 0.11644769 0.09282864 0.13309513 0.00000000 0.11601831 0.08978688 0.15191033 0.25277141 0.07415182 0.10863544 0.12724738 0.12633041 0.11085693 0.04117956 0.06972706 0.12052517 0.03434016 0.10027522 0.05235098 0.03828198 0.10769998 0.05726888 0.10405789 0.11177223 0.05437982 0.07786100 0.03736114 0.04640065 0.07055534 0.10827842 0.06124664 0.12864601 0.06209097 0.10304756 0.08512042 0.11003751 0.07752740 0.10885551 0.03223606 0.09569285 0.05301526 0.11749703 0.10175669 0.11273394 0.09840073 0.09400465 0.06307594 0.08183300 0.09723208 0.08802281 0.05111879 0.12010551 0.04522299 0.10288445 0.07978830 0.13451120 0.06109688 0.07844920 0.09497759 0.05785429 0.06050073 0.07641604 0.02769906 0.02641293 0.05168930 0.06331812 0.06110306 0.08186539 0.09318564 0.03834638 0.04709757 0.09082909 0.04832402 0.03971673 0.02649407 0.05109018 0.06162221 0.07448254 0.04053524 0.14638713 0.03828116 0.04883114 0.05496296 0.05918730 0.03446179 0.04089817 0.08890507 0.06896162 0.03003877 0.07710758 0.10536343 0.04958594 0.06814813 0.07541922 0.07424017 0.04904318 0.08355956 0.08236701 0.05109854 0.07738661 0.11498364 0.12471087 0.05804349 0.11171329 0.07184627 0.05902127 0.10321162 0.08976090 0.13129778 0.05295672 0.08876367 0.09465722 0.11679092 0.07214596 0.13446405 0.02708191 0.15462876 0.15165627 0.09342023 0.06316272 0.08096467 0.05067841 0.06388107 0.08901967 0.05528710 0.04700028 0.12247626 0.10676594 0.05941661 0.11779049 0.11657220 0.07241507 0.08884172 0.06480695 0.06883852 0.06883852 0.06883852 0.05992353 0.05970400 0.06883852 0.06883852 0.06190610 0.06883852 0.06244606 0.06883852 0.06244606 0.05696023 0.06410009 0.05970400 0.06227146 0.05869371 
0.06838497 0.07465075 0.06907421 0.07497637 0.07853793 0.12221652 0.05762547 0.11281120 0.07796870 0.20422374 0.14490012 0.08569899 0.11601831 0.00000000 0.07985514 0.10631282 0.10920617 0.32698237 0.08426861 0.08184830 0.10768593 0.17250024 0.05171401 0.17100726 0.07492837 0.07435775 0.16691178 0.10483948 0.07195283 0.10353348 0.10896481 0.06037333 0.09413138 0.09032854 0.07814913 0.05899583 0.04119451 0.06297661 0.07838517 0.04718067 0.04198018 0.08140970 0.10469102 0.05518235 0.08237850 0.06754982 0.10191696 0.06482677 0.07179155 0.05950714 0.12053030 0.06007343 0.08232623 0.09168126 0.07724279 0.05768778 0.06558718 0.07359297 0.08198422 0.05592910 0.06680566 0.04733547 0.05431996 0.07305123 0.06930419 0.06362137 0.08643593 0.06953658 0.07667770 0.05899025 0.04158065 0.09464173 0.07103363 0.07806945 0.10343706 0.06137366 0.06104180 0.11561072 0.05323297 0.04452919 0.08789696 0.05734794 0.05537652 0.03414260 0.07672528 0.09913114 0.07758096 0.05995056 0.10236804 0.04400635 0.05817597 0.00392175 0.06973834 0.01204521 0.10090734 0.03432206 0.05230760 0.08737637 0.11046990 0.10763284 0.05300025 0.07927715 0.09747089 0.05829819 0.10000798 0.07301985 0.06359293 0.08567274 0.07376703 0.06684788 0.06139381 0.06585870 0.06455066 0.07023550 0.07676280 0.08411916 0.10689398 0.05620358 0.08804878 0.07838682 0.05352609 0.05864333 0.04589299 0.05926161 0.09235351 0.11437555 0.07322368 0.06970633 0.04691136 0.10990483 0.06064918 0.07726301 0.16315200 0.07070101 0.05863710 0.08421530 0.10424720 0.08752535 0.08314388 0.05896347 0.08651782 0.07895566 0.06969773 0.08458308 0.08458308 0.08458308 0.07007913 0.06940007 0.08458308 0.08458308 0.07339582 0.08458308 0.07465075 0.08458308 0.07465075 0.06522265 0.07653674 0.06940007 0.07372849 0.06838497 
0.06991434 0.07641107 0.07056872 0.07772489 0.08705971 0.08807338 0.15096565 0.06456072 0.05849536 0.10186653 0.33032126 0.18833779 0.08978688 0.07985514 0.00000000 0.09258035 0.11193507 0.10748642 0.08460290 0.06272770 0.08973391 0.12909222 0.04866398 0.04243718 0.09481671 0.10139614 0.08970132 0.09153185 0.08421845 0.06190058 0.09322852 0.05314512 0.07927335 0.08893652 0.07471361 0.05210882 0.05406752 0.07932803 0.06903083 0.08464193 0.07380563 0.09060591 0.08536300 0.13467334 0.08807583 0.08337769 0.10327948 0.03481218 0.10260515 0.07187531 0.10292940 0.08507798 0.07441395 0.09355282 0.08375169 0.05250389 0.05611667 0.06108704 0.05652688 0.06571388 0.04154910 0.03820175 0.09361925 0.07355210 0.07400422 0.16105612 0.06976515 0.08645814 0.08225686 0.04692907 0.05747339 0.03741523 0.04396266 0.09961158 0.08559573 0.07828781 0.13411187 0.08457882 0.03873603 0.07062396 0.09091776 0.06059014 0.04948221 0.07282367 0.07408315 0.09910424 0.02526507 0.04795595 0.05593653 0.04477953 0.06283113 0.05217323 0.07895154 0.04141049 0.06066113 0.05895580 0.10422596 0.04636602 0.09178375 0.08077968 0.05410173 0.11862524 0.02546725 0.04600647 0.04468310 0.11598133 0.10657389 0.11133679 0.08120295 0.05089935 0.12049059 0.07967068 0.05020420 0.06015486 0.08286238 0.09788404 0.07445719 0.11564309 0.08685898 0.07178145 0.06712375 0.07714513 0.09471183 0.10276450 0.10111320 0.09942021 0.07810517 0.10318103 0.06006981 0.11648851 0.05446195 0.07406478 0.03902753 0.08806114 0.07591368 0.05467460 0.06118158 0.05834554 0.11917961 0.06703472 0.09075932 0.08834701 0.07360183 0.08658035 0.08658035 0.08658035 0.07145872 0.07080139 0.08658035 0.08658035 0.07499394 0.08658035 0.07641107 0.08658035 0.07641107 0.06651360 0.07809890 0.07080139 0.07531507 0.06991434 
0.07521499 0.08202482 0.07635933 0.08039166 0.05905651 0.06108739 0.08635713 0.08625886 0.13235533 0.11908706 0.09007650 0.23451652 0.15191033 0.10631282 0.09258035 0.00000000 0.05399660 0.09903825 0.12231493 0.17375745 0.05250478 0.06881484 0.11539864 0.09150552 0.08390108 0.05177955 0.08565765 0.05724192 0.12650182 0.09129102 0.08268856 0.04910208 0.07390596 0.06603468 0.06849802 0.04460733 0.09024686 0.05418309 0.05319042 0.07898589 0.04616847 0.04729725 0.05609675 0.07275517 0.06376525 0.07924242 0.09474891 0.03948104 0.08937737 0.11592051 0.07312328 0.03884280 0.04256465 0.13093827 0.07994594 0.05399352 0.08073500 0.07466424 0.07947804 0.05083227 0.05234409 0.08258848 0.11863164 0.08427129 0.11520636 0.05648742 0.07639663 0.04612010 0.04926626 0.07176191 0.07208945 0.06971120 0.04967548 0.03095327 0.06907440 0.08940542 0.08809441 0.06648686 0.10376200 0.08804594 0.10726247 0.03710405 0.04619174 0.01625703 0.03630658 0.02684888 0.06752687 0.07773197 0.10622443 0.07694290 0.08492450 0.04852118 0.07124232 0.07434947 0.09457185 0.09823331 0.06620718 0.09439944 0.07060552 0.03123164 0.06410235 0.05678731 0.04304448 0.08040023 0.04366097 0.06021774 0.13673136 0.10862004 0.06957713 0.13937350 0.14010027 0.08489528 0.16083322 0.08589087 0.05838007 0.06650651 0.06942081 0.08300835 0.07045018 0.05569449 0.10050361 0.07882602 0.09121160 0.16217351 0.07311467 0.08167156 0.10364500 0.19386316 0.07924278 0.12626207 0.06662473 0.09548418 0.05538625 0.05070277 0.07674581 0.09352603 0.04799222 0.08043724 0.10100787 0.09451911 0.06281202 0.05476927 0.06790828 0.07297740 0.07297740 0.07297740 0.06652722 0.07630939 0.07297740 0.07297740 0.07045159 0.07297740 0.08202482 0.07297740 0.08202482 0.07215146 0.06808895 0.07630939 0.07301171 0.07521499 
0.06377538 0.06950600 0.06455181 0.06960227 0.06061926 0.09263249 0.10356500 0.09023401 0.08492379 0.12095623 0.09749960 0.08475117 0.25277141 0.10920617 0.11193507 0.05399660 0.00000000 0.12831745 0.13422438 0.12170932 0.35588083 0.12334462 0.04309920 0.12215868 0.15314764 0.09135201 0.09953182 0.10767629 0.06361934 0.07026361 0.02580840 0.10146227 0.11128109 0.08233616 0.06791133 0.04206627 0.06524111 0.05632363 0.05025162 0.04762660 0.06223668 0.09433278 0.10024292 0.07922822 0.07133911 0.06443384 0.10406223 0.05992273 0.07310085 0.06057693 0.11630424 0.10785770 0.12279613 0.09681407 0.12778415 0.05691359 0.02823653 0.08974357 0.04016269 0.03607010 0.08405540 0.03730769 0.06054295 0.03810729 0.09099921 0.06285404 0.05909502 0.09822575 0.06479765 0.05259665 0.06567994 0.04885509 0.05468175 0.06903261 0.06442501 0.05909879 0.05375892 0.10331569 0.02811472 0.06270406 0.07514270 0.05881626 0.06660983 0.09962174 0.12842722 0.06901030 0.03495731 0.04578030 0.11843059 0.06338116 0.05747970 0.10349658 0.07853518 0.08267631 0.08075265 0.04882053 0.06216259 0.05264548 0.05688894 0.04494869 0.06580025 0.05728232 0.06496491 0.07226874 0.05680563 0.12483107 0.07308713 0.04040199 0.07965939 0.17281219 0.08272559 0.08206788 0.03342911 0.05814852 0.07313167 0.12096606 0.08805483 0.04957285 0.07542441 0.12709876 0.05209182 0.12945848 0.05845882 0.07857896 0.08005171 0.11979814 0.04387160 0.12709110 0.04604004 0.11759178 0.06516575 0.08220126 0.11394865 0.03952207 0.05944003 0.05237653 0.09966641 0.11354030 0.08903651 0.06595939 0.09609676 0.06998170 0.06848962 0.07830807 0.07830807 0.07830807 0.06535357 0.06487269 0.07830807 0.07830807 0.06829732 0.07830807 0.06950600 0.07830807 0.06950600 0.06104628 0.07107494 0.06487269 0.06864650 0.06377538 
0.07759918 0.07097715 0.07794978 0.07245877 0.07330174 0.09967326 0.08551277 0.07890996 0.12566031 0.10612122 0.07772071 0.06893757 0.07415182 0.32698237 0.10748642 0.09903825 0.12831745 0.00000000 0.07914244 0.08371715 0.08456164 0.27685603 0.10719907 0.11790345 0.10333575 0.06900678 0.14208091 0.09662018 0.08556335 0.05880813 0.10895487 0.04763324 0.09528205 0.06134746 0.07308426 0.05139935 0.07666838 0.08057801 0.08968473 0.07047132 0.15433824 0.17468828 0.08461688 0.07866686 0.09796594 0.06385139 0.11226293 0.08262491 0.07711811 0.06307372 0.09327820 0.09929108 0.11073045 0.12491089 0.11685370 0.05843532 0.08843674 0.04868502 0.02453141 0.05972434 0.08150765 0.05133463 0.07713271 0.08372599 0.05901110 0.10661373 0.07449412 0.09442437 0.07215774 0.03678055 0.05522228 0.03984520 0.06143107 0.04019632 0.06421849 0.04438820 0.09931456 0.08934873 0.06958546 0.02900701 0.06246755 0.02893968 0.03037209 0.03815562 0.11883830 0.06692775 0.04916971 0.04627554 0.10297452 0.04403693 0.02956463 0.07118367 0.07134205 0.05634996 0.03300932 0.08693721 0.05795660 0.08383734 0.08329139 0.06864035 0.04756110 0.04680934 0.08690868 0.07825647 0.04860409 0.02125770 0.03673395 0.07396222 0.07910609 0.10013860 0.11075075 0.06824948 0.12463369 0.06971457 0.05921971 0.07815861 0.06479771 0.07738135 0.05865266 0.05002960 0.09075169 0.08703730 0.06627763 0.08587666 0.04357495 0.10838475 0.10469122 0.09690172 0.07509604 0.10526166 0.04504865 0.12299606 0.09758574 0.10458927 0.06003132 0.05800995 0.10720743 0.07565206 0.07307284 0.09501792 0.09379171 0.06636445 0.08043886 0.06582117 0.06582117 0.06582117 0.07918225 0.07779681 0.06582117 0.06582117 0.07466910 0.06582117 0.07097715 0.06582117 0.07097715 0.08165135 0.07385392 0.07779681 0.07508849 0.07759918 
0.06703289 0.06904592 0.06709930 0.06767887 0.07799656 0.09719404 0.06078489 0.12607619 0.07509104 0.09955329 0.10835243 0.07927631 0.10863544 0.08426861 0.08460290 0.12231493 0.13422438 0.07914244 0.00000000 0.09863644 0.08876743 0.09838342 0.07306986 0.14339635 0.08965281 0.09356978 0.10212884 0.06558910 0.13193382 0.06879567 0.09354238 0.07737678 0.05368130 0.05885349 0.08865414 0.05467375 0.11373218 0.10306183 0.09734282 0.13306348 0.04699425 0.06000673 0.06849850 0.04946079 0.03677796 0.07211171 0.06583323 0.10102769 0.04620764 0.09753945 0.08140631 0.07077773 0.08246038 0.08115174 0.05148530 0.08365824 0.06328810 0.06499917 0.06138428 0.07423754 0.08801510 0.05949352 0.07284810 0.06180286 0.10687602 0.06783474 0.11665032 0.06492472 0.06680665 0.05100557 0.06214132 0.10714430 0.05847766 0.10032583 0.07120849 0.07422448 0.08072453 0.08404165 0.11556954 0.04765407 0.04948774 0.09205600 0.07795851 0.07236044 0.08004117 0.06967680 0.06374626 0.05030202 0.06400773 0.10113345 0.05885484 0.06344557 0.08895118 0.05422133 0.06681477 0.06085157 0.09248569 0.09047389 0.03385002 0.04877816 0.06872421 0.06354844 0.04502777 0.10584417 0.10212314 0.07611462 0.32018380 0.07543827 0.06525092 0.04411356 0.15177960 0.08137162 0.04068960 0.07074413 0.08000078 0.03191586 0.09028244 0.08011922 0.09187542 0.03535130 0.07640078 0.09288043 0.05840029 0.04684923 0.04163339 0.08105884 0.06102939 0.10238503 0.05833201 0.09879621 0.06107056 0.11013828 0.06717847 0.06374289 0.09786730 0.05080085 0.10466041 0.10196386 0.08213623 0.12560575 0.09835295 0.10025713 0.06657995 0.07257764 0.07257764 0.07257764 0.06752004 0.06757854 0.07257764 0.07257764 0.06881319 0.07257764 0.06904592 0.07257764 0.06904592 0.06586737 0.07003142 0.06757854 0.06911568 0.06703289 
0.07918053 0.08239501 0.07878825 0.08068242 0.08467129 0.06777518 0.03399718 0.07163485 0.06656126 0.06607163 0.07275294 0.08463633 0.12724738 0.08184830 0.06272770 0.17375745 0.12170932 0.08371715 0.09863644 0.00000000 0.08429522 0.06858815 0.22006321 0.12675116 0.08096628 0.06940389 0.07494551 0.05479404 0.10302537 0.08320309 0.11708853 0.05127278 0.09273693 0.05595218 0.07831140 0.04746286 0.17031799 0.09714854 0.09883611 0.03911474 0.11100326 0.06364728 0.04683638 0.05565664 0.06680457 0.08183949 0.05224662 0.04555252 0.04673588 0.09305456 0.07050128 0.07249941 0.05174855 0.07526500 0.06358271 0.06455233 0.09816723 0.04674796 0.05925567 0.07904073 0.01987397 0.05562853 0.06226029 0.07605645 0.10976823 0.06553940 0.06882070 0.11951349 0.08782575 0.06405321 0.06357850 0.06162971 0.05823188 0.06449148 0.05113578 0.11291815 0.09282480 0.05885982 0.08669320 0.04347966 0.03983869 0.08815501 0.04023256 0.08814144 0.08313028 0.04387041 0.07613534 0.06334148 0.10115447 0.05415849 0.05052780 0.10817685 0.06339691 0.09803573 0.04950754 0.07556861 0.09240058 0.14395390 0.05802997 0.07323679 0.07193502 0.08947227 0.07000704 0.08693064 0.08888234 0.07659551 0.21554778 0.08689058 0.07595811 0.21510089 0.06317821 0.07936874 0.13093181 0.04621715 0.06392162 0.12623295 0.10057563 0.04948264 0.06844121 0.09428319 0.05281764 0.07482640 0.06226171 0.05412954 0.07750683 0.10089681 0.04876462 0.11296929 0.09580054 0.12823447 0.06891372 0.02823065 0.02472597 0.06098208 0.09982463 0.08977479 0.04559791 0.09828765 0.07820233 0.07292310 0.07192672 0.07655997 0.07510806 0.07413633 0.07413633 0.07413633 0.08206386 0.09199635 0.07413633 0.07413633 0.07579922 0.07413633 0.08239501 0.07413633 0.08239501 0.08485415 0.08798484 0.09199635 0.07555395 0.07918053 
0.07724980 0.07298892 0.08038672 0.07290909 0.07385620 0.12948678 0.12400904 0.10295272 0.07547767 0.15655422 0.09288113 0.07866336 0.12633041 0.10768593 0.08973391 0.05250478 0.35588083 0.08456164 0.08876743 0.08429522 0.00000000 0.09578764 0.07188856 0.13266341 0.20357991 0.05551781 0.07077276 0.06791538 0.05140521 0.08800446 0.08901963 0.07631286 0.09662248 0.06664735 0.08464502 0.05115138 0.02961071 0.10357820 0.07659493 0.06016895 0.05773064 0.10735754 0.08975470 0.07176388 0.11021673 0.11905624 0.08601084 0.10618332 0.07291921 0.05552460 0.11795711 0.09451062 0.07897172 0.06061297 0.07455418 0.06944607 0.12928239 0.07671318 0.03736602 0.06189314 0.05690827 0.04777233 0.04971919 0.06240040 0.04872246 0.06891531 0.08053361 0.09456880 0.05300155 0.07881832 0.06900248 0.05712298 0.07099806 0.05050213 0.14251336 0.06643519 0.10184929 0.04132025 0.04945678 0.12680503 0.07726581 0.07457588 0.07605531 0.06802952 0.06072452 0.08945786 0.06910031 0.07758021 0.14660956 0.05383933 0.04334493 0.08123686 0.08574476 0.03391939 0.08230750 0.05940874 0.06308048 0.05757042 0.04629910 0.05021598 0.06657248 0.03660379 0.04783006 0.05371103 0.09006235 0.04680275 0.04713495 0.14087456 0.07888149 0.07403039 0.09535126 0.06610369 0.05627035 0.07194762 0.07297670 0.08905542 0.12172835 0.07649169 0.04257163 0.06818473 0.10344602 0.12490199 0.06897023 0.07097054 0.08914399 0.08598080 0.06380163 0.03865611 0.07858284 0.09686787 0.06144117 0.06291086 0.10366117 0.09707324 0.04086885 0.10743076 0.08529582 0.07370554 0.07406721 0.05713951 0.04915442 0.07628291 0.08054573 0.07188344 0.07188344 0.07188344 0.07825250 0.07819927 0.07188344 0.07188344 0.07292230 0.07188344 0.07298892 0.07188344 0.07298892 0.08201187 0.07958052 0.07819927 0.08427730 0.07724980 
0.08130322 0.07296074 0.07178712 0.07411460 0.06698106 0.10329374 0.10315329 0.08586991 0.07865949 0.10673705 0.11535343 0.08376478 0.11085693 0.17250024 0.12909222 0.06881484 0.12334462 0.27685603 0.09838342 0.06858815 0.09578764 0.00000000 0.09399847 0.08519676 0.22788942 0.18458024 0.14467094 0.08314469 0.11025887 0.08369112 0.11339132 0.05077089 0.07026623 0.08421486 0.08320417 0.04358494 0.07104142 0.07437728 0.11412485 0.08127920 0.03350303 0.08621412 0.10715581 0.04347829 0.11841466 0.06947344 0.10783987 0.03598641 0.08986487 0.04613518 0.10873227 0.08213626 0.08095435 0.05855038 0.10905644 0.04593647 0.06465236 0.07712365 0.07159985 0.08444314 0.05723241 0.05533136 0.08696691 0.05516605 0.06978969 0.11329503 0.06687110 0.07694652 0.05697997 0.05886544 0.07211507 0.04682937 0.05291806 0.09909284 0.08589521 0.05433303 0.09705880 0.07723143 0.06687355 0.12047213 0.07180812 0.09167492 0.07403029 0.02346239 0.12279441 0.10846700 0.06835223 0.04792465 0.05137671 0.07705299 0.04409114 0.04624620 0.08060669 0.06714875 0.08315141 0.07121497 0.09360234 0.04916366 0.06345339 0.06575597 0.06050554 0.02748603 0.06312967 0.04836023 0.16069696 0.10256540 0.06662469 0.11489701 0.07455580 0.03409567 0.08505223 0.08268975 0.04098809 0.07066183 0.07535019 0.07518295 0.04787595 0.08195779 0.06462901 0.09211748 0.04875159 0.09118219 0.09510022 0.08423619 0.04728069 0.10652991 0.08240188 0.06326342 0.05169771 0.06907776 0.04878743 0.06718220 0.07908487 0.07004627 0.05652626 0.04220256 0.07870347 0.03184500 0.08791503 0.07240734 0.10160115 0.11328223 0.07641587 0.06364855 0.06364855 0.06364855 0.07388256 0.07280683 0.06364855 0.06364855 0.07797513 0.06364855 0.07296074 0.06364855 0.07296074 0.07744502 0.06619411 0.07280683 0.06753677 0.08130322 
