0.00000000 0.02637108 0.03628554 0.03406386 0.02317195 0.03242001 0.03040527 0.02179366 0.03040527 0.03040527 0.03040527 0.03991491 0.02801508 0.03192824 0.03209394 0.03040527 0.02905980 0.02320265 0.02295784 0.03654283 0.02499299 0.03500297 0.02535384 0.04123786 0.03583835 0.03040527 0.03040527 0.02517040 0.02389221 0.02625406 0.02844472 0.03296741 0.04153567 0.01747373 0.02919876 0.03062279 0.02447889 0.01392995 0.03553109 0.04067032 0.04294562 0.02284946 0.02163096 0.03382543 0.02528725 0.02869444 0.03788444 0.02311817 0.02451342 0.01283102 0.01304241 0.02100928 0.03040527 0.03656666 0.01842124 0.03040527 0.01505476 0.01597027 0.02513867 0.03265226 0.02394976 0.03009675 0.02704076 0.02807740 0.02294995 0.01563251 0.03671642 0.02552906 0.03532473 0.03420612 0.03588730 0.03563215 0.02132842 0.04101960 0.03135263 0.02099407 0.02178030 0.03040527 0.02558025 0.03040527 0.03736693 0.05994710 0.03322118 0.02802639 0.03938837 0.01857436 0.02889354 0.02267606 0.02762150 0.04098713 0.03040527 0.04287888 0.05590681 0.04388781 0.03323542 0.02406058 0.02643249 0.01920005 0.02820808 0.01649291 0.03023114 0.03184870 0.02880777 0.03121013 0.02079471 0.02705041 0.03458356 0.01775657 0.02259171 0.03262226 0.04169533 0.03909106 0.04036270 0.02366219 0.03168109 0.03068375 0.03245765 0.03800082 0.02237733 0.03527961 0.02553899 0.02248484 0.03378407 0.02620628 0.02596985 0.02587879 0.02040623 0.01915788 0.02379177 0.03040527 0.02506772 0.01994594 0.02736226 0.02929903 0.03238068 0.03051136 0.02785618 0.03733520 0.02273014 0.02412052 0.01676263 0.03040527 0.03600512 0.02415527 0.02766788 0.01271653 0.02439726 0.02807740 0.02406353 0.03154770 0.02084094 0.02495484 0.03379520 0.02995937 0.03451031 0.02645603 0.01917795 0.02373834 0.02152486 0.02866621 0.02753954 0.02193107 0.02901285 0.02189284 0.04269393 0.03815551 0.01705347 0.02848861 0.05892593 0.03306916 0.01649213 0.03485896 0.04024051 0.01853959 0.02075914 0.03256331 0.01724377 0.04214346 0.03583835 
0.02637108 0.00000000 0.03915234 0.01049376 0.01683156 0.03484286 0.02717375 0.01287552 0.02717375 0.02717375 0.02717375 0.02864497 0.03892780 0.03342488 0.02875061 0.02717375 0.02113257 0.02817136 0.02188248 0.01964446 0.03188240 0.02948501 0.02875359 0.02798118 0.02580267 0.02717375 0.02717375 0.02106962 0.02144195 0.02210087 0.01881519 0.04208897 0.02852959 0.03444559 0.04052378 0.02364099 0.04588037 0.04341034 0.01745590 0.03040920 0.02387044 0.04365583 0.04046481 0.02902905 0.02132469 0.03053146 0.02874205 0.03666665 0.02905438 0.03168057 0.05009557 0.03355231 0.02717375 0.02200227 0.03889739 0.02717375 0.02975964 0.02351277 0.04487379 0.02207829 0.03132632 0.03730801 0.03725682 0.03596920 0.03180500 0.02916032 0.02125503 0.01696256 0.03265973 0.03434482 0.02919972 0.02495260 0.02989159 0.02891457 0.01579018 0.03155193 0.02113716 0.02717375 0.02601213 0.02717375 0.01863262 0.02841848 0.05660801 0.04292727 0.03167428 0.02459999 0.03355386 0.02994569 0.03704032 0.02327142 0.02717375 0.02827492 0.03012309 0.03825514 0.01500402 0.02809074 0.02234745 0.03130462 0.01936134 0.04086743 0.03339165 0.02838286 0.02369144 0.02539881 0.03534708 0.02570553 0.02780565 0.02441365 0.02476880 0.02651598 0.02809640 0.01777662 0.02068732 0.02320837 0.02878714 0.03619307 0.03056248 0.02715687 0.03137366 0.03060954 0.02492648 0.02585380 0.02964607 0.04487132 0.03439458 0.02970551 0.03272428 0.00410569 0.04798222 0.02717375 0.01269200 0.03230414 0.03411107 0.02850551 0.03196105 0.02627910 0.02807523 0.02155092 0.01831042 0.02681844 0.03068186 0.02717375 0.03082132 0.02476186 0.00343382 0.02791409 0.03385411 0.03596920 0.03849711 0.03336128 0.02113046 0.04424694 0.04244630 0.03127964 0.03211265 0.03281208 0.01962199 0.02489276 0.02715749 0.02788587 0.04254967 0.03131790 0.03391742 0.04039503 0.02965534 0.03155311 0.04864634 0.03686735 0.02815185 0.02877634 0.03234045 0.01415465 0.03082224 0.03263014 0.02444838 0.01235665 0.03196272 0.02781240 0.02580267 
0.03628554 0.03915234 0.00000000 0.02787834 0.03783605 0.04314638 0.02823542 0.01064142 0.02823542 0.02823542 0.02823542 0.04258878 0.02346325 0.03049743 0.02392561 0.02823542 0.02797671 0.02768533 0.01868175 0.02482315 0.02993358 0.02864084 0.03897290 0.03135741 0.03484366 0.02823542 0.02823542 0.02676594 0.02018311 0.02445500 0.01814577 0.01877753 0.05595870 0.02884603 0.03025123 0.02734971 0.02213819 0.03973311 0.02810339 0.02842144 0.02003949 0.02126899 0.03270285 0.04310406 0.03637621 0.04626240 0.03583508 0.05401872 0.03054630 0.03036560 0.03740005 0.04209377 0.02823542 0.02822424 0.03212593 0.02823542 0.02739425 0.02486983 0.03193829 0.02912103 0.03085964 0.02395951 0.02361003 0.01904432 0.02151876 0.02602433 0.02550830 0.03125445 0.03042901 0.02467108 0.03896470 0.01942862 0.01749701 0.03319825 0.03321670 0.03123663 0.02188474 0.02823542 0.02760009 0.02823542 0.04198515 0.04655368 0.03427142 0.03476280 0.01589248 0.02190320 0.02684332 0.03150969 0.03618556 0.02533889 0.02823542 0.02383776 0.04414076 0.02339508 0.03832897 0.03024355 0.02753674 0.02722558 0.03217410 0.03557450 0.02862776 0.03294822 0.02897034 0.02765748 0.02487100 0.02777078 0.02161425 0.01676755 0.01720281 0.01301789 0.01361408 0.02881422 0.01679504 0.03377766 0.01637233 0.02256799 0.01818975 0.02598473 0.03057100 0.02257426 0.02210030 0.02198580 0.03371961 0.02531184 0.03682729 0.04453593 0.03482743 0.03116966 0.02983380 0.02823542 0.02310048 0.04782124 0.03142198 0.03104645 0.01456409 0.02621608 0.01571955 0.01733659 0.02696491 0.03408836 0.03368938 0.02823542 0.04687487 0.03397809 0.04869311 0.01011149 0.03092418 0.01904432 0.03855410 0.02867681 0.03209426 0.03231230 0.02354908 0.02601369 0.02583928 0.03368622 0.02608850 0.01904243 0.03100969 0.05210107 0.02589113 0.03235272 0.04159630 0.04388923 0.01947347 0.01588812 0.03605763 0.02622564 0.02470305 0.02916656 0.02377117 0.03620314 0.02752500 0.02014313 0.02186318 0.03311388 0.02322395 0.03169018 0.03484366 
0.03406386 0.01049376 0.02787834 0.00000000 0.02854607 0.02134271 0.02917296 0.05839623 0.02917296 0.02917296 0.02917296 0.03688832 0.01927033 0.02511552 0.02173545 0.02917296 0.02064006 0.02418445 0.06986316 0.02289604 0.02565791 0.03006851 0.03932104 0.03826428 0.02344872 0.02917296 0.02917296 0.02355762 0.03205957 0.05339314 0.02344081 0.02339273 0.02735935 0.01775468 0.04770785 0.03130474 0.03493801 0.03102534 0.01318534 0.02901213 0.02455215 0.02067520 0.01948222 0.03547052 0.03488983 0.05003293 0.04537619 0.01161301 0.03665003 0.02536067 0.01953557 0.02744920 0.02917296 0.03259672 0.01250673 0.02917296 0.02522756 0.01565876 0.01736879 0.01973177 0.02558063 0.01979216 0.03693154 0.02430901 0.00909279 0.04206061 0.02341325 0.01251063 0.02070886 0.03619559 0.02292678 0.02908918 0.02592024 0.04283751 0.04191910 0.02628341 0.03428165 0.02917296 0.01858652 0.02917296 0.03829159 0.04035901 0.02970473 0.01802570 0.03813988 0.03713056 0.03752489 0.03728339 0.02495131 0.03947771 0.02917296 0.02795884 0.04369466 0.03062748 0.04024282 0.02766281 0.02722218 0.04096296 0.01522089 0.03056956 0.02153213 0.01521825 0.02253225 0.02953910 0.02680136 0.02332602 0.02690998 0.03818248 0.03612948 0.03501555 0.03488753 0.00733709 0.01460941 0.02184259 0.03518639 0.02489093 0.04955140 0.02141725 0.01805758 0.01414984 0.01582164 0.03204810 0.02049744 0.01816208 0.03014329 0.02124886 0.03285326 0.01697277 0.02763065 0.02917296 0.04270881 0.03489040 0.02856002 0.02935428 0.03125445 0.03150117 0.02432140 0.00879495 0.00375654 0.02669446 0.03343733 0.02917296 0.04325557 0.02553271 0.01878458 0.02389965 0.03627835 0.02430901 0.03271204 0.04185371 0.03932841 0.03351664 0.03503757 0.01561769 0.03020525 0.05154330 0.03342660 0.01929594 0.01549499 0.02270395 0.01286019 0.02511401 0.03763230 0.03175303 0.02751717 0.03274603 0.02367635 0.02977690 0.03066174 0.03004538 0.01392913 0.05264824 0.04007970 0.03124859 0.04621235 0.06281196 0.01698535 0.03884704 0.02344872 
0.02317195 0.01683156 0.03783605 0.02854607 0.00000000 0.02807623 0.03044458 0.03139555 0.03044458 0.03044458 0.03044458 0.02133622 0.02307487 0.03939342 0.02312453 0.03044458 0.02914668 0.02178276 0.03085679 0.02265069 0.02014565 0.02119123 0.03325426 0.03556586 0.02623184 0.03044458 0.03044458 0.02545012 0.02561577 0.01754773 0.01936303 0.02965705 0.02913577 0.03759834 0.03461236 0.02717135 0.03475229 0.03050901 0.03735567 0.02884857 0.02444848 0.02355629 0.03021303 0.02240819 0.01919061 0.02833878 0.02863042 0.03465040 0.03884572 0.02521458 0.01962473 0.02137392 0.03044458 0.02739567 0.02650983 0.03044458 0.03182615 0.02552583 0.03194021 0.02251479 0.02391164 0.02266834 0.01543951 0.02388311 0.03405015 0.03021330 0.02013550 0.03653581 0.01812668 0.02560074 0.02440350 0.03098739 0.03465254 0.02099336 0.03285661 0.03410306 0.02919422 0.03044458 0.03444859 0.03044458 0.04177315 0.02856344 0.02363488 0.02620099 0.02635294 0.02247856 0.02587510 0.04210395 0.02844074 0.02721500 0.03044458 0.02487640 0.03007175 0.01956074 0.05963368 0.04232369 0.03937588 0.02498365 0.03472788 0.02046167 0.02842400 0.02351247 0.02609789 0.02166955 0.04096525 0.02854844 0.02928987 0.02136652 0.04420635 0.02540122 0.03135032 0.03314662 0.01948269 0.02140669 0.05202934 0.04864463 0.03053574 0.03682898 0.01856083 0.01962515 0.01917573 0.02263668 0.04642739 0.03612335 0.02985453 0.03444107 0.03135751 0.02250110 0.02629610 0.03044458 0.02518562 0.05157624 0.05068694 0.03163703 0.02678568 0.02702001 0.03114989 0.02374199 0.02634330 0.02480596 0.05038177 0.03044458 0.02323618 0.04846527 0.02482449 0.03207401 0.02652736 0.02388311 0.01927711 0.02597624 0.01788612 0.02468505 0.03602897 0.02516497 0.02458665 0.02553655 0.01761592 0.03418665 0.02565591 0.03117085 0.04509347 0.02840705 0.02796112 0.04080046 0.01905690 0.02756946 0.02615366 0.02174199 0.02551634 0.03266793 0.02578438 0.02916739 0.03522498 0.02323508 0.02052048 0.02098798 0.03577829 0.01873503 0.02623184 
0.03242001 0.03484286 0.04314638 0.02134271 0.02807623 0.00000000 0.02834654 0.02368102 0.02834654 0.02834654 0.02834654 0.02396129 0.04968653 0.02247941 0.02930219 0.02834654 0.02329531 0.01706182 0.02437970 0.03262913 0.03477327 0.03851286 0.03061061 0.02757645 0.03009398 0.02834654 0.02834654 0.02684275 0.02936700 0.03883914 0.02196155 0.01093937 0.02619674 0.03335185 0.03083234 0.02455139 0.02209772 0.04823682 0.03292631 0.02674582 0.03221390 0.02226293 0.03722952 0.03942371 0.01869244 0.02777565 0.02654953 0.02464459 0.03088130 0.02137976 0.01706932 0.02957509 0.02834654 0.03184498 0.04522976 0.02834654 0.01901909 0.04004834 0.02227883 0.04022504 0.02552010 0.03087792 0.02810718 0.02818308 0.03059602 0.02254477 0.02631765 0.03546350 0.02472272 0.03954044 0.04409754 0.04126120 0.01877213 0.02584231 0.00780656 0.02214843 0.03891417 0.02834654 0.05142568 0.02834654 0.02340906 0.03000234 0.03825847 0.04321310 0.03452191 0.01443747 0.02154303 0.01883002 0.02515277 0.03978020 0.02834654 0.03896006 0.02335779 0.03131140 0.02687316 0.02162979 0.02643581 0.02266460 0.04209997 0.04384028 0.03461181 0.01963673 0.03358052 0.01717557 0.01984411 0.03076494 0.01858012 0.04173123 0.00788938 0.02822979 0.02334328 0.02239586 0.02895934 0.02885629 0.03308138 0.03578283 0.05412365 0.02431104 0.03042465 0.02764887 0.02218379 0.01106097 0.03337392 0.02276817 0.04182484 0.02122403 0.02979254 0.01101805 0.02572457 0.02834654 0.02504085 0.03183977 0.02982729 0.02679582 0.03143265 0.03104345 0.03124552 0.03709956 0.03297113 0.02443704 0.03262104 0.02834654 0.02960706 0.02620697 0.00936617 0.02689327 0.02070380 0.02818308 0.02900983 0.03191544 0.04103941 0.03056157 0.02081204 0.02081127 0.03974281 0.04144106 0.01728806 0.03278189 0.04412666 0.05445846 0.03203411 0.03180507 0.04026083 0.01283475 0.01354220 0.03296420 0.03329726 0.03903699 0.03345829 0.02035834 0.03915881 0.01500520 0.03664192 0.01833906 0.02133018 0.00583751 0.03896078 0.03691552 0.03009398 
0.03040527 0.02717375 0.02823542 0.02917296 0.03044458 0.02834654 0.00000000 0.02905055 0.03184791 0.03184791 0.03184791 0.03102562 0.02728694 0.03079418 0.02794203 0.03184791 0.02914675 0.02753924 0.02806586 0.02682937 0.02705924 0.02965902 0.02645209 0.02665050 0.03289257 0.03184791 0.03184791 0.02759050 0.02785947 0.02900657 0.03029947 0.02750200 0.02839409 0.02936046 0.02764155 0.02791229 0.02847666 0.02746460 0.02718904 0.02790021 0.03169497 0.02799606 0.02735299 0.02761488 0.03062353 0.02810773 0.02777167 0.02804055 0.02917251 0.02852067 0.02930841 0.03119603 0.03184791 0.02765084 0.02797126 0.03184791 0.02809025 0.02904612 0.02892279 0.02743741 0.03171028 0.02713052 0.02759416 0.03169228 0.02927804 0.02708303 0.02785081 0.03009792 0.02818535 0.02698568 0.02724560 0.02755013 0.03025877 0.03078151 0.02814993 0.03046737 0.02985914 0.03184791 0.02972925 0.03184791 0.02824241 0.02920618 0.02913241 0.02630416 0.02657008 0.02757407 0.02730578 0.02809058 0.02718747 0.02817900 0.03184791 0.02865895 0.02887686 0.02905333 0.02924947 0.03059629 0.02790003 0.02713528 0.02654258 0.02643214 0.02876308 0.02805062 0.02718091 0.02995382 0.03061227 0.02701323 0.02655094 0.02806155 0.02934800 0.02801430 0.02692479 0.02892598 0.02725051 0.02764161 0.02748545 0.02833719 0.02773223 0.02866653 0.02760375 0.02996407 0.02995190 0.02994338 0.02964042 0.02836052 0.02644945 0.02834422 0.02800676 0.02862785 0.02751206 0.03184791 0.02892606 0.02997358 0.02890519 0.02855860 0.02766482 0.02738419 0.02937544 0.02915816 0.02875788 0.03159056 0.02956949 0.03184791 0.02790616 0.03163641 0.02887772 0.02990286 0.02982060 0.03169228 0.02729892 0.02703208 0.02945247 0.02842084 0.02676209 0.02713432 0.02843912 0.02686240 0.02839127 0.02755858 0.02720224 0.02773963 0.02967635 0.02795357 0.02792689 0.02823556 0.02981871 0.02716968 0.02853985 0.03032370 0.02801741 0.02760902 0.02981403 0.02894414 0.02740803 0.02736275 0.02944545 0.02751011 0.02660816 0.02810422 0.03289257 
0.02179366 0.01287552 0.01064142 0.05839623 0.03139555 0.02368102 0.02905055 0.00000000 0.02905055 0.02905055 0.02905055 0.02642548 0.02491984 0.03922653 0.02182413 0.02905055 0.01660703 0.02062672 0.03648215 0.03932666 0.01951380 0.02062238 0.02730760 0.03730563 0.02271739 0.02905055 0.02905055 0.02381547 0.02413036 0.03214319 0.02197589 0.01683822 0.02501987 0.02602814 0.03005321 0.02808368 0.01313308 0.02333403 0.02881178 0.02071596 0.03013699 0.03206100 0.02767200 0.02423448 0.02736487 0.03417571 0.03507173 0.01226381 0.01115227 0.02579212 0.02719350 0.02785490 0.02905055 0.03029926 0.02958038 0.02905055 0.03432321 0.01702455 0.03211497 0.00986527 0.03379371 0.03201414 0.03860474 0.02913102 0.03136416 0.03112763 0.03043446 0.01347976 0.02416101 0.03094988 0.02559847 0.05078588 0.02005178 0.02842863 0.01293096 0.03586138 0.05254979 0.02905055 0.02256187 0.02905055 0.02991350 0.04016518 0.01449631 0.02528914 0.02231095 0.04578765 0.04224969 0.02042589 0.03142845 0.03604405 0.02905055 0.02679638 0.03644595 0.03256294 0.03165394 0.01824660 0.02755740 0.05642881 0.03360041 0.03582840 0.02366410 0.03854148 0.05327247 0.03272878 0.03944629 0.02381823 0.03433472 0.01534361 0.04942168 0.04494719 0.05385107 0.03197408 0.04379331 0.01197453 0.04358782 0.02922132 0.04388662 0.02529848 0.03399194 0.03311814 0.02766531 0.03194712 0.02298956 0.01013751 0.02727539 0.01300334 0.06007113 0.01268101 0.02964647 0.02905055 0.03513042 0.02445833 0.03773636 0.03943429 0.03708048 0.02564420 0.02878434 0.02301202 0.00870109 0.03255715 0.03563426 0.02905055 0.02952172 0.03227184 0.02738663 0.02302455 0.02957175 0.02913102 0.02160247 0.03771709 0.01704705 0.03304840 0.02776249 0.01588283 0.02543249 0.04425947 0.03400260 0.02186663 0.03015505 0.01641154 0.02093417 0.02641562 0.01372243 0.03699109 0.02764297 0.02621381 0.00875068 0.02204838 0.02687756 0.03126040 0.01844292 0.04378838 0.02428362 0.03998537 0.02793586 0.06261369 0.01661118 0.03394735 0.02271739 
0.03040527 0.02717375 0.02823542 0.02917296 0.03044458 0.02834654 0.03184791 0.02905055 0.00000000 0.03184791 0.03184791 0.03102562 0.02728694 0.03079418 0.02794203 0.03184791 0.02914675 0.02753924 0.02806586 0.02682937 0.02705924 0.02965902 0.02645209 0.02665050 0.03289257 0.03184791 0.03184791 0.02759050 0.02785947 0.02900657 0.03029947 0.02750200 0.02839409 0.02936046 0.02764155 0.02791229 0.02847666 0.02746460 0.02718904 0.02790021 0.03169497 0.02799606 0.02735299 0.02761488 0.03062353 0.02810773 0.02777167 0.02804055 0.02917251 0.02852067 0.02930841 0.03119603 0.03184791 0.02765084 0.02797126 0.03184791 0.02809025 0.02904612 0.02892279 0.02743741 0.03171028 0.02713052 0.02759416 0.03169228 0.02927804 0.02708303 0.02785081 0.03009792 0.02818535 0.02698568 0.02724560 0.02755013 0.03025877 0.03078151 0.02814993 0.03046737 0.02985914 0.03184791 0.02972925 0.03184791 0.02824241 0.02920618 0.02913241 0.02630416 0.02657008 0.02757407 0.02730578 0.02809058 0.02718747 0.02817900 0.03184791 0.02865895 0.02887686 0.02905333 0.02924947 0.03059629 0.02790003 0.02713528 0.02654258 0.02643214 0.02876308 0.02805062 0.02718091 0.02995382 0.03061227 0.02701323 0.02655094 0.02806155 0.02934800 0.02801430 0.02692479 0.02892598 0.02725051 0.02764161 0.02748545 0.02833719 0.02773223 0.02866653 0.02760375 0.02996407 0.02995190 0.02994338 0.02964042 0.02836052 0.02644945 0.02834422 0.02800676 0.02862785 0.02751206 0.03184791 0.02892606 0.02997358 0.02890519 0.02855860 0.02766482 0.02738419 0.02937544 0.02915816 0.02875788 0.03159056 0.02956949 0.03184791 0.02790616 0.03163641 0.02887772 0.02990286 0.02982060 0.03169228 0.02729892 0.02703208 0.02945247 0.02842084 0.02676209 0.02713432 0.02843912 0.02686240 0.02839127 0.02755858 0.02720224 0.02773963 0.02967635 0.02795357 0.02792689 0.02823556 0.02981871 0.02716968 0.02853985 0.03032370 0.02801741 0.02760902 0.02981403 0.02894414 0.02740803 0.02736275 0.02944545 0.02751011 0.02660816 0.02810422 0.03289257 
0.03040527 0.02717375 0.02823542 0.02917296 0.03044458 0.02834654 0.03184791 0.02905055 0.03184791 0.00000000 0.03184791 0.03102562 0.02728694 0.03079418 0.02794203 0.03184791 0.02914675 0.02753924 0.02806586 0.02682937 0.02705924 0.02965902 0.02645209 0.02665050 0.03289257 0.03184791 0.03184791 0.02759050 0.02785947 0.02900657 0.03029947 0.02750200 0.02839409 0.02936046 0.02764155 0.02791229 0.02847666 0.02746460 0.02718904 0.02790021 0.03169497 0.02799606 0.02735299 0.02761488 0.03062353 0.02810773 0.02777167 0.02804055 0.02917251 0.02852067 0.02930841 0.03119603 0.03184791 0.02765084 0.02797126 0.03184791 0.02809025 0.02904612 0.02892279 0.02743741 0.03171028 0.02713052 0.02759416 0.03169228 0.02927804 0.02708303 0.02785081 0.03009792 0.02818535 0.02698568 0.02724560 0.02755013 0.03025877 0.03078151 0.02814993 0.03046737 0.02985914 0.03184791 0.02972925 0.03184791 0.02824241 0.02920618 0.02913241 0.02630416 0.02657008 0.02757407 0.02730578 0.02809058 0.02718747 0.02817900 0.03184791 0.02865895 0.02887686 0.02905333 0.02924947 0.03059629 0.02790003 0.02713528 0.02654258 0.02643214 0.02876308 0.02805062 0.02718091 0.02995382 0.03061227 0.02701323 0.02655094 0.02806155 0.02934800 0.02801430 0.02692479 0.02892598 0.02725051 0.02764161 0.02748545 0.02833719 0.02773223 0.02866653 0.02760375 0.02996407 0.02995190 0.02994338 0.02964042 0.02836052 0.02644945 0.02834422 0.02800676 0.02862785 0.02751206 0.03184791 0.02892606 0.02997358 0.02890519 0.02855860 0.02766482 0.02738419 0.02937544 0.02915816 0.02875788 0.03159056 0.02956949 0.03184791 0.02790616 0.03163641 0.02887772 0.02990286 0.02982060 0.03169228 0.02729892 0.02703208 0.02945247 0.02842084 0.02676209 0.02713432 0.02843912 0.02686240 0.02839127 0.02755858 0.02720224 0.02773963 0.02967635 0.02795357 0.02792689 0.02823556 0.02981871 0.02716968 0.02853985 0.03032370 0.02801741 0.02760902 0.02981403 0.02894414 0.02740803 0.02736275 0.02944545 0.02751011 0.02660816 0.02810422 0.03289257 
0.03040527 0.02717375 0.02823542 0.02917296 0.03044458 0.02834654 0.03184791 0.02905055 0.03184791 0.03184791 0.00000000 0.03102562 0.02728694 0.03079418 0.02794203 0.03184791 0.02914675 0.02753924 0.02806586 0.02682937 0.02705924 0.02965902 0.02645209 0.02665050 0.03289257 0.03184791 0.03184791 0.02759050 0.02785947 0.02900657 0.03029947 0.02750200 0.02839409 0.02936046 0.02764155 0.02791229 0.02847666 0.02746460 0.02718904 0.02790021 0.03169497 0.02799606 0.02735299 0.02761488 0.03062353 0.02810773 0.02777167 0.02804055 0.02917251 0.02852067 0.02930841 0.03119603 0.03184791 0.02765084 0.02797126 0.03184791 0.02809025 0.02904612 0.02892279 0.02743741 0.03171028 0.02713052 0.02759416 0.03169228 0.02927804 0.02708303 0.02785081 0.03009792 0.02818535 0.02698568 0.02724560 0.02755013 0.03025877 0.03078151 0.02814993 0.03046737 0.02985914 0.03184791 0.02972925 0.03184791 0.02824241 0.02920618 0.02913241 0.02630416 0.02657008 0.02757407 0.02730578 0.02809058 0.02718747 0.02817900 0.03184791 0.02865895 0.02887686 0.02905333 0.02924947 0.03059629 0.02790003 0.02713528 0.02654258 0.02643214 0.02876308 0.02805062 0.02718091 0.02995382 0.03061227 0.02701323 0.02655094 0.02806155 0.02934800 0.02801430 0.02692479 0.02892598 0.02725051 0.02764161 0.02748545 0.02833719 0.02773223 0.02866653 0.02760375 0.02996407 0.02995190 0.02994338 0.02964042 0.02836052 0.02644945 0.02834422 0.02800676 0.02862785 0.02751206 0.03184791 0.02892606 0.02997358 0.02890519 0.02855860 0.02766482 0.02738419 0.02937544 0.02915816 0.02875788 0.03159056 0.02956949 0.03184791 0.02790616 0.03163641 0.02887772 0.02990286 0.02982060 0.03169228 0.02729892 0.02703208 0.02945247 0.02842084 0.02676209 0.02713432 0.02843912 0.02686240 0.02839127 0.02755858 0.02720224 0.02773963 0.02967635 0.02795357 0.02792689 0.02823556 0.02981871 0.02716968 0.02853985 0.03032370 0.02801741 0.02760902 0.02981403 0.02894414 0.02740803 0.02736275 0.02944545 0.02751011 0.02660816 0.02810422 0.03289257 
0.03991491 0.02864497 0.04258878 0.03688832 0.02133622 0.02396129 0.03102562 0.02642548 0.03102562 0.03102562 0.03102562 0.00000000 0.02809896 0.02245583 0.02976866 0.03102562 0.02528525 0.02873134 0.03127800 0.02588659 0.02389846 0.05165746 0.03234786 0.03783039 0.04305723 0.03102562 0.03102562 0.02571132 0.02704462 0.02798163 0.02056124 0.02899350 0.05048937 0.02641796 0.02149095 0.01757829 0.02497832 0.03779511 0.03218613 0.03065048 0.02595569 0.03434829 0.02698077 0.03640153 0.04065476 0.03565842 0.03115144 0.03303696 0.02362791 0.02605594 0.03269887 0.02338193 0.03102562 0.02620142 0.03012824 0.03102562 0.03027517 0.02810938 0.03612816 0.02679230 0.02538945 0.03250946 0.03050069 0.02541968 0.02747678 0.02882786 0.04323267 0.01853798 0.03088258 0.02466359 0.02283231 0.02342906 0.01891726 0.05181094 0.04488937 0.02083702 0.02855867 0.03102562 0.01938146 0.03102562 0.02595912 0.02415427 0.02076235 0.02251698 0.03417983 0.03483847 0.02681122 0.04755260 0.03676162 0.03686312 0.03102562 0.01931797 0.02286477 0.01677994 0.01910530 0.02320325 0.03245866 0.02960791 0.03408570 0.03084846 0.03507384 0.02250175 0.03574278 0.03700797 0.02314388 0.03069049 0.02530231 0.03582830 0.01802543 0.01824779 0.03388507 0.05113293 0.02360522 0.03185900 0.01660901 0.03369088 0.01532928 0.01752500 0.03021543 0.01693980 0.01873950 0.02511717 0.03718613 0.02912648 0.02887382 0.02675225 0.02340684 0.02968097 0.02461817 0.03102562 0.03451790 0.01876165 0.01901569 0.02043259 0.02317426 0.01530655 0.01644253 0.04093494 0.03886066 0.02556973 0.01769249 0.03102562 0.03491179 0.02529949 0.02937972 0.03827821 0.02280405 0.02541968 0.02885663 0.03259796 0.02798604 0.02060890 0.02844684 0.04003551 0.01651448 0.03119358 0.04296024 0.03074716 0.02615830 0.03069057 0.01983354 0.02917244 0.02230714 0.02631455 0.01903037 0.02217103 0.02682640 0.02144339 0.02688274 0.03633602 0.02231441 0.02358024 0.03136447 0.02456477 0.02212255 0.02774661 0.03354720 0.04357175 0.04305723 
0.02801508 0.03892780 0.02346325 0.01927033 0.02307487 0.04968653 0.02728694 0.02491984 0.02728694 0.02728694 0.02728694 0.02809896 0.00000000 0.03918528 0.03194862 0.02728694 0.02937013 0.02041434 0.04743079 0.02951692 0.04378100 0.02289688 0.02907589 0.02332027 0.02649268 0.02728694 0.02728694 0.02916112 0.03024992 0.01776324 0.02961162 0.02874578 0.01473672 0.03132006 0.01888601 0.02318044 0.03465102 0.02295748 0.03265089 0.02336467 0.03025808 0.03064250 0.04076410 0.01909023 0.03248252 0.02239170 0.02922134 0.02750320 0.02953169 0.02586787 0.03885429 0.03267148 0.02728694 0.03250108 0.04792001 0.02728694 0.02968735 0.04410027 0.03467315 0.04228077 0.03339413 0.03943750 0.03271839 0.03404700 0.03191005 0.02690422 0.03499418 0.02860867 0.03442720 0.03417522 0.03808213 0.03393075 0.02686112 0.02836471 0.03848339 0.02454139 0.03160834 0.02728694 0.03627695 0.02728694 0.01800407 0.02023140 0.03834967 0.03702263 0.02491321 0.03348640 0.03403065 0.03026701 0.02495010 0.02919115 0.02728694 0.03563633 0.01781339 0.03434056 0.02140925 0.03099034 0.03382013 0.02504666 0.03380361 0.03452030 0.03094051 0.02310428 0.02235749 0.04711912 0.02175846 0.04363639 0.02986672 0.01690533 0.02258687 0.03041137 0.03016006 0.02096473 0.01828950 0.01623409 0.03581483 0.02917449 0.02693823 0.02278750 0.02974350 0.02382829 0.02559200 0.02934431 0.02412460 0.02694837 0.02393197 0.02756870 0.03566787 0.03569296 0.03770128 0.02728694 0.03220662 0.01313863 0.02363446 0.01754946 0.03179077 0.02940400 0.03840617 0.06271542 0.02973123 0.02006461 0.01779946 0.02728694 0.02628524 0.02149155 0.02148546 0.03422097 0.01897851 0.03404700 0.03578994 0.04248820 0.01954670 0.03385302 0.02964332 0.03281126 0.02617411 0.02379588 0.02229095 0.02768372 0.04013479 0.02115812 0.03371497 0.02781409 0.02353091 0.02764174 0.02512979 0.04319278 0.03343201 0.03122355 0.02384014 0.02905685 0.01757589 0.01987765 0.02989140 0.02083237 0.02757893 0.02645222 0.02759659 0.03270905 0.02649268 
0.03192824 0.03342488 0.03049743 0.02511552 0.03939342 0.02247941 0.03079418 0.03922653 0.03079418 0.03079418 0.03079418 0.02245583 0.03918528 0.00000000 0.02362494 0.03079418 0.03608456 0.02551300 0.03133247 0.02827970 0.02470693 0.02448638 0.02499878 0.02366248 0.02726991 0.03079418 0.03079418 0.04213087 0.02453182 0.02358621 0.02057351 0.03607845 0.02126732 0.03229728 0.02153270 0.02291223 0.03402025 0.02695443 0.02608516 0.03077252 0.02488798 0.02902450 0.03567618 0.02731664 0.03500810 0.02287396 0.02610477 0.03242435 0.02416343 0.02820743 0.04600430 0.02238190 0.03079418 0.02256478 0.02838898 0.03079418 0.03983007 0.04709628 0.02979105 0.03489437 0.02453636 0.02858848 0.02378490 0.02429228 0.03725155 0.02400095 0.02338804 0.04095066 0.02671539 0.03961621 0.02296753 0.02072544 0.02972398 0.02199483 0.02860213 0.02000152 0.05410070 0.03079418 0.03008558 0.03079418 0.03940324 0.03282749 0.01603080 0.03103157 0.02229423 0.03138028 0.02249321 0.01995275 0.02752458 0.02590983 0.03079418 0.04254817 0.03185056 0.01874773 0.02728077 0.03806054 0.02410085 0.02497443 0.02327501 0.02254454 0.02665490 0.03148233 0.03475873 0.02430127 0.02326600 0.02816602 0.02677122 0.03608845 0.03145266 0.02605033 0.03203050 0.02751189 0.03354306 0.02182352 0.02937727 0.02078685 0.03248807 0.03817622 0.02838848 0.02146003 0.03319769 0.02473910 0.03612999 0.03973355 0.03112436 0.03642687 0.03571908 0.03142521 0.01963601 0.03079418 0.02833608 0.03370800 0.03892805 0.01452259 0.02492357 0.02853717 0.01892360 0.02560650 0.02816242 0.02447230 0.01733358 0.03079418 0.02884744 0.02433271 0.02734294 0.03142572 0.02305408 0.02429228 0.03356577 0.02603544 0.02443044 0.03282994 0.02865767 0.02741473 0.03187359 0.02897557 0.03779212 0.02848387 0.02796714 0.03468008 0.02487782 0.02321779 0.02708080 0.03142352 0.02142789 0.02729598 0.02591418 0.04065367 0.02148804 0.03235418 0.02593299 0.02937545 0.02021027 0.01791376 0.02159563 0.04385873 0.03104617 0.02766365 0.02726991 
0.03209394 0.02875061 0.02392561 0.02173545 0.02312453 0.02930219 0.02794203 0.02182413 0.02794203 0.02794203 0.02794203 0.02976866 0.03194862 0.02362494 0.00000000 0.02794203 0.04232690 0.02491637 0.01727234 0.03985207 0.02829662 0.02932187 0.01866014 0.03048450 0.02707340 0.02794203 0.02794203 0.03133608 0.02617943 0.02987785 0.02860384 0.03183355 0.02939938 0.02724624 0.03358280 0.03931689 0.05678550 0.03379119 0.03672018 0.03662186 0.03436026 0.03615408 0.02949342 0.03079548 0.02133911 0.01852292 0.03947611 0.02447561 0.02188316 0.02018640 0.03182518 0.01940839 0.02794203 0.03132499 0.02170553 0.02794203 0.03034535 0.02780974 0.01908331 0.03912731 0.01901897 0.02947801 0.04506079 0.01986439 0.01623720 0.02782581 0.03553693 0.02327103 0.04087247 0.03099567 0.02082592 0.02645561 0.02001513 0.04016256 0.01825150 0.01753290 0.03358269 0.02794203 0.02859683 0.02794203 0.02213596 0.03015531 0.01650718 0.03380991 0.03341733 0.01754135 0.02851093 0.01605059 0.03363114 0.03702543 0.02794203 0.04513929 0.02854309 0.02558552 0.02616373 0.02089528 0.02913698 0.02734042 0.03561478 0.04325747 0.05155409 0.03337268 0.03146906 0.03264889 0.02901770 0.03048386 0.02658608 0.02588120 0.03408359 0.03405454 0.03907668 0.01865298 0.03723802 0.03889013 0.02717295 0.02615373 0.02940724 0.02860869 0.01591693 0.01741001 0.02509228 0.02199897 0.02361914 0.01476067 0.02587945 0.02543910 0.02320698 0.03391198 0.02954138 0.02794203 0.02847299 0.01684358 0.01637215 0.02984792 0.03659544 0.03283880 0.04340409 0.03871041 0.02409757 0.01889453 0.02477830 0.02794203 0.02126093 0.03890007 0.02507199 0.02991671 0.02342627 0.01986439 0.03266254 0.02787332 0.04908359 0.03056258 0.02792610 0.02778811 0.03008433 0.02331013 0.02563637 0.03353767 0.04131992 0.03843085 0.02628984 0.02918653 0.03614430 0.03134840 0.05162928 0.02585893 0.04000619 0.03617319 0.03651602 0.02841448 0.02112476 0.02889728 0.03826768 0.02965882 0.02124457 0.02652533 0.03140844 0.03294436 0.02707340 
0.03040527 0.02717375 0.02823542 0.02917296 0.03044458 0.02834654 0.03184791 0.02905055 0.03184791 0.03184791 0.03184791 0.03102562 0.02728694 0.03079418 0.02794203 0.00000000 0.02914675 0.02753924 0.02806586 0.02682937 0.02705924 0.02965902 0.02645209 0.02665050 0.03289257 0.03184791 0.03184791 0.02759050 0.02785947 0.02900657 0.03029947 0.02750200 0.02839409 0.02936046 0.02764155 0.02791229 0.02847666 0.02746460 0.02718904 0.02790021 0.03169497 0.02799606 0.02735299 0.02761488 0.03062353 0.02810773 0.02777167 0.02804055 0.02917251 0.02852067 0.02930841 0.03119603 0.03184791 0.02765084 0.02797126 0.03184791 0.02809025 0.02904612 0.02892279 0.02743741 0.03171028 0.02713052 0.02759416 0.03169228 0.02927804 0.02708303 0.02785081 0.03009792 0.02818535 0.02698568 0.02724560 0.02755013 0.03025877 0.03078151 0.02814993 0.03046737 0.02985914 0.03184791 0.02972925 0.03184791 0.02824241 0.02920618 0.02913241 0.02630416 0.02657008 0.02757407 0.02730578 0.02809058 0.02718747 0.02817900 0.03184791 0.02865895 0.02887686 0.02905333 0.02924947 0.03059629 0.02790003 0.02713528 0.02654258 0.02643214 0.02876308 0.02805062 0.02718091 0.02995382 0.03061227 0.02701323 0.02655094 0.02806155 0.02934800 0.02801430 0.02692479 0.02892598 0.02725051 0.02764161 0.02748545 0.02833719 0.02773223 0.02866653 0.02760375 0.02996407 0.02995190 0.02994338 0.02964042 0.02836052 0.02644945 0.02834422 0.02800676 0.02862785 0.02751206 0.03184791 0.02892606 0.02997358 0.02890519 0.02855860 0.02766482 0.02738419 0.02937544 0.02915816 0.02875788 0.03159056 0.02956949 0.03184791 0.02790616 0.03163641 0.02887772 0.02990286 0.02982060 0.03169228 0.02729892 0.02703208 0.02945247 0.02842084 0.02676209 0.02713432 0.02843912 0.02686240 0.02839127 0.02755858 0.02720224 0.02773963 0.02967635 0.02795357 0.02792689 0.02823556 0.02981871 0.02716968 0.02853985 0.03032370 0.02801741 0.02760902 0.02981403 0.02894414 0.02740803 0.02736275 0.02944545 0.02751011 0.02660816 0.02810422 0.03289257 
0.02905980 0.02113257 0.02797671 0.02064006 0.02914668 0.02329531 0.02914675 0.01660703 0.02914675 0.02914675 0.02914675 0.02528525 0.02937013 0.03608456 0.04232690 0.02914675 0.00000000 0.03045906 0.01726649 0.02472582 0.03630489 0.03317818 0.04195731 0.03577502 0.02181098 0.02914675 0.02914675 0.02151962 0.04074007 0.02238869 0.04249700 0.02929342 0.03293502 0.03718101 0.02301087 0.03663552 0.07349160 0.02427916 0.02446719 0.04225320 0.02866144 0.02536221 0.02819868 0.02751627 0.02597090 0.02962494 0.03510733 0.03050146 0.02920482 0.03215745 0.02340318 0.02121800 0.02914675 0.03220222 0.01570837 0.02914675 0.02388008 0.01363787 0.00823457 0.02654442 0.03151056 0.02912672 0.03466176 0.02703717 0.04292382 0.03874817 0.01546619 0.02903845 0.03730076 0.02631119 0.02092840 0.01901593 0.03470921 0.02417665 0.02472184 0.02737408 0.00760277 0.02914675 0.02209480 0.02914675 0.02819286 0.04545356 0.02245416 0.02255229 0.03749984 0.03530325 0.03514347 0.01983423 0.02418370 0.02385311 0.02914675 0.04124550 0.03775523 0.02809299 0.02165245 0.01781338 0.02500234 0.02019925 0.02695589 0.03663471 0.05578651 0.03879459 0.02008252 0.02120516 0.03071085 0.02521336 0.02556246 0.01881828 0.04639096 0.02293690 0.02905844 0.02346974 0.03057877 0.02922413 0.02591392 0.01367587 0.03057087 0.02067896 0.01439879 0.03420987 0.02728396 0.02887192 0.03079176 0.02774238 0.00817617 0.02811544 0.02167820 0.06141204 0.02536646 0.02914675 0.03699921 0.01922960 0.02754122 0.04322055 0.03465897 0.04407068 0.02824727 0.01707683 0.02575075 0.02543334 0.01318556 0.02914675 0.02048309 0.02573496 0.02528189 0.03142505 0.03374930 0.02703717 0.03199168 0.02091744 0.05307984 0.01997257 0.02734471 0.02396459 0.03278252 0.03731908 0.02323442 0.03517451 0.04535354 0.02410431 0.02020886 0.03565255 0.03972367 0.03020813 0.05204273 0.04578545 0.03396522 0.02331437 0.03412409 0.03523661 0.01552600 0.01089648 0.03492545 0.02974728 0.02023682 0.04447073 0.02210062 0.03065596 0.02181098 
0.02320265 0.02817136 0.02768533 0.02418445 0.02178276 0.01706182 0.02753924 0.02062672 0.02753924 0.02753924 0.02753924 0.02873134 0.02041434 0.02551300 0.02491637 0.02753924 0.03045906 0.00000000 0.02856347 0.03420593 0.02789868 0.06161542 0.02722802 0.02702051 0.03965641 0.02753924 0.02753924 0.04344039 0.01516426 0.02107159 0.02387025 0.02223534 0.02521160 0.04512163 0.02676646 0.03477204 0.03819005 0.02914431 0.03131412 0.03636339 0.02580747 0.02788237 0.03244815 0.01814891 0.02557696 0.02876279 0.02520747 0.03525693 0.03232168 0.02369116 0.02182031 0.03842007 0.02753924 0.02952943 0.03588540 0.02753924 0.02294173 0.02552548 0.02505687 0.01545633 0.02785610 0.02525304 0.02526532 0.03093921 0.03937677 0.03628964 0.03481923 0.03683617 0.02230481 0.02741022 0.02632755 0.03313435 0.03041254 0.03346968 0.02145260 0.03021439 0.02267942 0.02753924 0.03201316 0.02753924 0.03042690 0.01702855 0.02672107 0.02658234 0.03511049 0.04476719 0.03017247 0.03401673 0.02032040 0.02770087 0.02753924 0.02221410 0.02000661 0.02589619 0.03282167 0.02850003 0.03704495 0.02428879 0.03234730 0.02538289 0.01946540 0.01586039 0.03763643 0.03249269 0.03541801 0.04172061 0.02564734 0.03184201 0.02327617 0.02976537 0.02177113 0.03184012 0.02629402 0.02184882 0.02267348 0.02931552 0.02030229 0.02376320 0.03673012 0.02099213 0.03142233 0.03015971 0.02309151 0.02784071 0.03204997 0.02216289 0.02161326 0.03410742 0.02960114 0.02753924 0.01819499 0.03295142 0.02845588 0.02050397 0.01999007 0.02648541 0.02573140 0.02762620 0.03445734 0.03836825 0.02548046 0.02753924 0.02915416 0.02483498 0.04435139 0.04446274 0.03211734 0.03093921 0.02542229 0.03029070 0.03617492 0.04079708 0.03713517 0.03439742 0.02655616 0.03239200 0.03515041 0.03975385 0.02846768 0.02546801 0.01665980 0.04429855 0.02824045 0.04684205 0.04055225 0.02723105 0.02582966 0.03173247 0.03630088 0.02809263 0.02538836 0.02876827 0.02870382 0.03356796 0.03084108 0.03949090 0.02982391 0.03351706 0.03965641 
0.02295784 0.02188248 0.01868175 0.06986316 0.03085679 0.02437970 0.02806586 0.03648215 0.02806586 0.02806586 0.02806586 0.03127800 0.04743079 0.03133247 0.01727234 0.02806586 0.01726649 0.02856347 0.00000000 0.01954437 0.02136103 0.02525328 0.03477883 0.02850369 0.02485717 0.02806586 0.02806586 0.02178773 0.02519876 0.03500446 0.02056777 0.01743695 0.02838536 0.02903431 0.03040771 0.02887273 0.02878930 0.03699918 0.02085950 0.03019289 0.02126065 0.02154541 0.02964489 0.02336521 0.04939860 0.02876316 0.04311759 0.01945424 0.03859299 0.02268166 0.02847354 0.02464656 0.02806586 0.02715288 0.02521127 0.02806586 0.01939897 0.03376261 0.01629420 0.02112782 0.03050081 0.02461262 0.03317136 0.04291311 0.01592690 0.02015836 0.01921209 0.03389045 0.01597280 0.02491132 0.02321982 0.02468436 0.03474330 0.02646678 0.05592129 0.03432782 0.02362034 0.02806586 0.02991877 0.02806586 0.02244286 0.02792096 0.03290517 0.02135133 0.02542464 0.03136379 0.02641260 0.03700254 0.02155930 0.01791275 0.02806586 0.03114141 0.03101275 0.02968151 0.02997574 0.04015357 0.02965214 0.04127024 0.03356885 0.02432269 0.03691939 0.01823039 0.01683510 0.03028740 0.03172228 0.02495457 0.03605510 0.03722056 0.02749267 0.02359759 0.02479290 0.02443055 0.01373687 0.02721304 0.02260413 0.02426404 0.03375312 0.01571140 0.03281221 0.03123155 0.03798956 0.04140251 0.03188562 0.02065361 0.02232929 0.02620660 0.03076684 0.02054526 0.01604667 0.02806586 0.04666661 0.02974023 0.02473092 0.02755701 0.03291923 0.03116582 0.02654281 0.02537030 0.02633808 0.02250137 0.02442889 0.02806586 0.03693859 0.02172543 0.01157720 0.04173802 0.03241567 0.04291311 0.02254757 0.02762646 0.04776397 0.05215071 0.03901294 0.02081774 0.02928117 0.03796805 0.03211688 0.03478072 0.03151046 0.02192069 0.02809455 0.02927558 0.02299314 0.03450869 0.02339367 0.02273231 0.02596074 0.02663416 0.02716028 0.03065754 0.03399252 0.04078565 0.03745153 0.03970408 0.05716789 0.05216497 0.01898212 0.03778250 0.02485717 
0.03654283 0.01964446 0.02482315 0.02289604 0.02265069 0.03262913 0.02682937 0.03932666 0.02682937 0.02682937 0.02682937 0.02588659 0.02951692 0.02827970 0.03985207 0.02682937 0.02472582 0.03420593 0.01954437 0.00000000 0.03714284 0.03779148 0.02543583 0.03277665 0.02556301 0.02682937 0.02682937 0.03495712 0.03418753 0.03962990 0.03183101 0.02342422 0.01791250 0.04233829 0.02616186 0.02588112 0.01769833 0.02658798 0.02363086 0.03080276 0.03645285 0.03332100 0.02952738 0.03042809 0.02801932 0.02167564 0.02367033 0.02309072 0.02700731 0.03291166 0.03214107 0.02907126 0.02682937 0.03113455 0.02975002 0.02682937 0.03777552 0.02513939 0.02488467 0.03251307 0.01698964 0.03181479 0.03272459 0.03534483 0.03206646 0.02651276 0.03794497 0.03520661 0.02861914 0.03137073 0.03234557 0.02688387 0.02839717 0.03256619 0.02894669 0.03105482 0.03020087 0.02682937 0.04661617 0.02682937 0.01723522 0.02150929 0.01773497 0.02583687 0.03236456 0.02565069 0.03543383 0.02715825 0.03803429 0.04554080 0.02682937 0.03103210 0.02161029 0.02479205 0.02873310 0.01695778 0.02744633 0.02622008 0.02987128 0.02607073 0.02600145 0.02930381 0.03351256 0.03506759 0.04011903 0.03468137 0.03099763 0.06240162 0.02612928 0.02729956 0.03646753 0.02300302 0.03744113 0.03632493 0.02817392 0.03116597 0.02507898 0.02732833 0.02200483 0.02763320 0.03648701 0.01957815 0.02964907 0.02304033 0.03312212 0.02394128 0.03129366 0.02774996 0.03094327 0.02682937 0.02039509 0.02246371 0.02938309 0.03912369 0.03709853 0.02667819 0.03387009 0.02432661 0.02826336 0.03215142 0.02874484 0.02682937 0.01791972 0.03523785 0.02719169 0.03881986 0.02386247 0.03534483 0.02186309 0.02368949 0.02608051 0.03045072 0.02859728 0.03418891 0.03482345 0.02546894 0.02509595 0.02582524 0.02317551 0.02001841 0.03093897 0.03453169 0.02163084 0.03386374 0.02215146 0.02439079 0.02817938 0.03507555 0.03959836 0.02831756 0.03522748 0.01230788 0.02456512 0.02102311 0.03495954 0.03159851 0.03857829 0.03487194 0.02556301 
