0.00000000 0.42377250 0.18358424 0.13547686 0.18950321 0.19476050 0.09982926 0.12724913 0.11311476 0.14496029 0.11595088 0.13259618 0.16938668 0.13376715 0.15759194 0.13624732 0.10768282 0.10750366 0.10938359 0.17236855 0.14863754 0.12981029 0.15665007 0.11929112 0.12354459 0.15057896 0.11020378 0.08106155 0.13999430 0.09512657 0.14798773 0.15088457 0.14572637 0.10881235 0.15721666 0.13626090 0.11710026 0.10632892 0.13303358 0.13355346 0.13039361 0.19253182 0.16302397 0.15451829 0.10596839 0.20823616 0.51203188 0.17291550 0.10871068 0.13056055 0.13728805 0.15469709 0.10101750 0.15979747 0.16061477 0.14538100 0.14347963 0.20261366 0.19419173 0.14709686 0.13388027 0.11061440 0.16088471 0.10153150 0.12670867 0.11779369 0.13346821 0.13868418 0.16016151 0.15118316 0.15091574 0.17533293 0.13911386 0.16527694 0.13940687 0.13407938 0.16816166 0.09487456 0.12372541 0.13851750 0.18525038 0.15456004 0.17122031 0.13228092 0.17933453 0.16065326 0.20163891 0.11337397 0.14598773 0.18520049 0.11572445 0.14042325 0.18715008 0.13927148 0.12592037 0.11115139 0.14335412 0.09925147 0.11421221 0.16794435 0.18082196 0.10083449 0.09108745 0.13998323 0.12836087 0.16873249 0.17470919 0.14405395 0.15341259 0.13715216 0.17772870 0.19729509 0.18991580 0.14236115 0.19976068 0.17109405 0.16181618 0.17511611 0.14378048 0.13384941 0.13901971 0.17161461 0.12596903 0.17189053 0.14098233 0.12768735 0.11284764 0.15610441 0.11928877 0.16331234 0.12350593 0.11369173 0.17028696 0.17615910 0.16648447 0.18762535 0.14783679 0.16718064 0.14624400 0.19565294 0.14519494 0.12672311 0.12749349 0.09663907 0.15035794 0.07610478 0.16697505 0.11327144 0.17011154 0.11743715 0.13536799 0.11191534 0.08911421 0.14282958 0.13402852 0.13077718 0.11624251 0.12514442 0.16180067 0.10362957 0.12130735 0.14623786 0.10277117 0.20325974 0.14558084 0.18742753 0.14715861 0.12782632 0.12925683 0.15122909 0.09743461 0.15886223 0.10677118 0.14240169 0.09912186 0.26960202 0.15527997 0.21562616 0.18688134 
0.42377250 0.00000000 0.38525499 0.40451353 0.21259845 0.18122143 0.11093936 0.11347856 0.09670160 0.11425836 0.09720044 0.10298314 0.15036389 0.08148185 0.11612556 0.09656403 0.11109082 0.11703131 0.09360006 0.13803967 0.15496357 0.12911521 0.13085268 0.14247011 0.11443193 0.12717279 0.09448868 0.10249314 0.15543470 0.12762819 0.14277620 0.19807341 0.09861270 0.14828034 0.14349563 0.11753385 0.11261187 0.14543651 0.21038703 0.10822051 0.09282258 0.18471157 0.18258000 0.18518761 0.17815940 0.12991283 0.21333222 0.22385192 0.16530744 0.09708961 0.10356225 0.20270857 0.12942977 0.17967559 0.12895715 0.09943959 0.11239688 0.10583226 0.13684029 0.17091262 0.10439578 0.10631185 0.15151382 0.13122465 0.17660049 0.17715647 0.21233518 0.18569774 0.17617357 0.16407055 0.18846179 0.20571740 0.11771447 0.37318056 0.21913108 0.13146422 0.14989180 0.09599052 0.17062272 0.11894619 0.12884082 0.07293980 0.10886351 0.09063815 0.13874175 0.12652154 0.14062509 0.11083367 0.13063905 0.11728298 0.09747684 0.13420989 0.14495926 0.14355453 0.10297400 0.18098509 0.18276655 0.21913917 0.14978989 0.17642763 0.17867765 0.14825496 0.17180873 0.15959377 0.15570621 0.21117683 0.12231647 0.11933209 0.10288127 0.18721611 0.12242214 0.17300865 0.18839159 0.15248098 0.18120949 0.16373098 0.13516582 0.12023545 0.09667015 0.15807740 0.07758090 0.11948548 0.09045430 0.13452431 0.17820667 0.10854245 0.09891335 0.07984285 0.14557820 0.09015152 0.12414252 0.08967979 0.18020012 0.15244817 0.17285435 0.15815297 0.12888071 0.13054445 0.21658327 0.15555296 0.12837443 0.11383026 0.13385072 0.12890833 0.17226972 0.10627584 0.20351816 0.09951927 0.15010131 0.14863491 0.19719679 0.17405641 0.14373414 0.13573968 0.12396474 0.19294034 0.11765861 0.17536867 0.15037041 0.10182602 0.12492063 0.15170100 0.18760396 0.14617409 0.08562108 0.14194761 0.10257843 0.13845982 0.16144770 0.16832945 0.15518689 0.19298336 0.18137973 0.13890795 0.14056884 0.31550648 0.15327222 0.19505023 0.17307679 
0.18358424 0.38525499 0.00000000 0.17472931 0.23012108 0.07215645 0.14415550 0.09309582 0.13425788 0.13189706 0.09357316 0.13499102 0.15797086 0.11842740 0.13185928 0.10792856 0.13235345 0.07712988 0.13038955 0.21077162 0.20815073 0.18053967 0.15805023 0.12434106 0.15545998 0.11899710 0.07720977 0.08499661 0.13869482 0.09002179 0.11254383 0.15454658 0.10641607 0.14424295 0.09228167 0.13236177 0.16553002 0.06096184 0.14779779 0.08868028 0.15430902 0.22634080 0.11993223 0.17638770 0.18567126 0.18369609 0.16667201 1.02296927 0.17872500 0.52200100 0.13358782 0.19939826 0.07570154 0.14029967 0.16637508 0.14087369 0.17247248 0.11936230 0.10029936 0.15827776 0.12628087 0.16267574 0.14036994 0.10435001 0.12051698 0.11993053 0.15896538 0.16164682 0.14774473 0.10435433 0.37170994 0.23422130 0.26852809 0.28338196 0.14411420 0.10528072 0.09334544 0.10370645 0.08636687 0.12789430 0.07391389 0.06056272 0.16450407 0.09619834 0.15834137 0.14520346 0.10053576 0.17403800 0.11045402 0.16774864 0.12995564 0.18582452 0.12602804 0.20878354 0.13275504 0.12447988 0.18674800 0.11900863 0.19050562 0.17266651 0.12891453 0.18115719 0.08533962 0.10190556 0.15178306 0.20460977 0.18587920 0.08195022 0.15404782 0.09583527 0.12593558 0.06470573 0.17994619 0.13577367 0.14501230 0.16075775 0.14439428 0.11933103 0.09188935 0.20814628 0.08424145 0.22873958 0.16098397 0.15404553 0.18188749 0.12881118 0.16508037 0.11124533 0.08726977 0.08087455 0.10968915 0.16442456 0.08188282 0.10368613 0.12080770 0.13788807 0.10201745 0.12990169 0.09811428 0.14169428 0.09967509 0.16217893 0.15194843 0.12495837 0.11922219 0.08653708 0.11567412 0.11956944 0.14992376 0.12242602 0.15772933 0.14046092 0.22837792 0.12336643 0.12595950 0.08371112 0.11365850 0.16276132 0.14241597 0.15301250 0.09128540 0.09634519 0.13449484 0.20403089 0.10133484 0.12287259 0.17384959 0.09955012 0.16616257 0.19143760 0.13394410 0.13369647 0.14386543 0.20503912 0.12248401 0.25599936 0.16769209 0.19455637 0.13005070 
0.13547686 0.40451353 0.17472931 0.00000000 0.15140307 0.18795866 0.22097610 0.19375183 0.19505128 0.19861923 0.17868145 0.19953399 0.16062836 0.13530922 0.15115255 0.16132912 0.11049015 0.12393160 0.16616813 0.14992690 0.15294217 0.11902260 0.16273450 0.14005038 0.16669024 0.14636078 0.19601099 0.18016801 0.08825520 0.11950387 0.16239133 0.10716875 0.10302369 0.14280764 0.14167335 0.15161650 0.19127040 0.11833044 0.08190741 0.11904266 0.28746098 0.10777204 0.08605883 0.21302803 0.16918905 0.17141635 0.67752234 0.15762515 0.26926582 0.24477557 0.10783317 0.15366254 0.16112570 0.13720435 0.10239725 0.15263544 0.08765712 0.20881221 0.16637957 0.10585649 0.14619095 0.14523642 0.13673824 0.18200019 0.12375737 0.10963112 0.10295614 0.11605699 0.06720602 0.10073158 0.12154153 0.07908711 0.15198112 0.18787592 0.40760531 0.13100385 0.18113298 0.13198089 0.19079851 0.13125359 0.10107815 0.13924584 0.15531562 0.12574810 0.15923366 0.16405894 0.18599912 0.04821917 0.11669747 0.08616966 0.17593917 0.08097524 0.12893645 0.15119663 0.13840465 0.20555196 0.13253358 0.13223586 0.14713669 0.16321951 0.16140856 0.16169837 0.12740446 0.24749064 0.07574815 0.10489775 0.12000292 0.06958747 0.10778944 0.14196873 0.12209866 0.16869912 0.16573353 0.07717798 0.06957340 0.12187479 0.07717198 0.17364074 0.11309238 0.14509527 0.12614703 0.12658747 0.09898568 0.15068807 0.09030172 0.12266125 0.09609574 0.12101964 0.12259898 0.08405347 0.07463066 0.14515429 0.11130568 0.16074091 0.18385842 0.10583586 0.17895806 0.10088774 0.12369662 0.16581618 0.16109270 0.15394682 0.02855600 0.13877016 0.13334488 0.09365577 0.15007808 0.15174618 0.12902342 0.17371906 0.10820771 0.09177356 0.17546794 0.13910027 0.11767669 0.16792540 0.12196547 0.15550174 0.06839596 0.10652596 0.14700964 0.15006317 0.15771553 0.14182451 0.16726479 0.19621445 0.13218082 0.06600049 0.20782027 0.17842400 0.15740939 0.29959718 0.12452128 0.19449170 0.17382611 0.12956379 0.12619859 0.16317115 0.16750952 
0.18950321 0.21259845 0.23012108 0.15140307 0.00000000 0.31095776 0.19970510 0.25779698 0.13200522 0.13325077 0.18267864 0.10206938 0.14435298 0.12001188 0.07323865 0.14905152 0.12408600 0.13449153 0.15571781 0.12274144 0.14726169 0.14720266 0.07652633 0.10694771 0.13017802 0.13882254 0.11691351 0.11358688 0.11531305 0.19550081 0.13279497 0.11633702 0.13385257 0.22764406 0.19503287 0.08261281 0.09559270 0.10383670 0.11340678 0.10661259 0.12703151 0.12393910 0.20234512 0.09240890 0.15397941 0.13807157 0.10997692 0.19217039 0.24588595 0.37365839 0.21405666 0.82672425 0.14479364 0.10532603 0.16782561 0.14452425 0.09684935 0.15625562 0.18111914 0.11409426 0.13448139 0.09263326 0.11463411 0.16774798 0.19976760 0.13884660 0.67598902 0.23599318 0.23330084 0.20228797 0.36489651 0.19398436 0.77363316 0.15271956 0.15782741 0.24104124 0.10514103 0.11733722 0.15461733 0.11495962 0.13947611 0.10712569 0.09172085 0.12249893 0.12758452 0.12486009 0.13063081 0.12897629 0.07528087 0.11648757 0.15102560 0.09839418 0.08045162 0.11948278 0.12760057 0.14129898 0.16214882 0.13185316 0.12039963 0.14164508 0.16060323 0.13992012 0.04766892 0.13500650 0.09895496 0.11237655 0.12198692 0.12715874 0.08936969 0.11889352 0.13693209 0.11393627 0.13796284 0.14225619 0.07768969 0.13353180 0.16337049 0.16977636 0.01632198 0.06336185 0.11006866 0.08349209 0.09734583 0.09799469 0.13480117 0.16810377 0.07980289 0.15513258 0.13942906 0.12472016 0.11310964 0.08822375 0.08557024 0.14708192 0.13447696 0.22050829 0.18718449 0.15803540 0.15299354 0.11305887 0.08543500 0.13712220 0.15595412 0.16357965 0.16062909 0.13023376 0.12424329 0.14813761 0.12753700 0.16780255 0.08815515 0.13835214 0.14175507 0.14202767 0.16745373 0.10838018 0.09737547 0.12142461 0.12668259 0.13561011 0.08705296 0.09385766 0.13731715 0.17641370 0.14274297 0.12049192 0.18044366 0.10320233 0.07061977 0.10135843 0.20950940 0.10410632 0.07304952 0.11014574 0.08303256 0.19171682 0.10683640 0.13553826 0.14178952 
0.19476050 0.18122143 0.07215645 0.18795866 0.31095776 0.00000000 0.20178729 0.37085670 0.13018466 0.12074534 0.15539110 0.17907952 0.09700966 0.15111704 0.12766657 0.14944267 0.12848123 0.18150446 0.09972108 0.16481960 0.08769900 0.16255099 0.13614281 0.11217507 0.15247820 0.14649860 0.22544591 0.20936417 0.09875168 0.06638829 0.11202028 0.11876092 0.12294073 0.98279623 0.14023470 0.07565360 0.50841880 0.37984610 0.12165571 0.14144890 0.31689034 0.19253155 0.11762835 0.10714100 0.21157542 0.15485316 0.11543765 0.12772753 0.35703979 0.15075390 0.18919333 0.18001418 0.13240513 0.10594639 0.16737841 0.12519681 0.11872896 0.12100315 0.12303052 0.15981188 0.12291586 0.11649892 0.01641674 0.26071957 0.14705579 0.11256298 0.17796418 0.13514654 0.14372029 0.09846747 0.24485922 0.07004008 0.16256090 0.10387965 0.10799888 0.15444873 0.15217503 0.12941472 0.32749812 0.10688566 0.03909095 0.04166859 0.04765103 0.12156144 0.15899372 0.12119848 0.09529432 0.14699892 0.15644838 0.09381369 0.14179416 0.13185867 0.10341414 0.13791112 0.09123601 0.21309043 0.08215536 0.15518347 0.16427156 0.14809716 0.08937158 0.16660675 0.13021440 0.12346209 0.16901754 0.10327435 0.09728710 0.16924685 0.09737344 0.09917210 0.14030740 0.10221654 0.12341776 0.13986585 0.10657699 0.10239734 0.12997410 0.09271622 0.03566003 0.10127027 0.12561009 0.13636992 0.11979154 0.13548309 0.08519413 0.11785157 0.08245193 0.14290345 0.14603299 0.17740016 0.09845238 0.19183091 0.07394375 0.15652403 0.22905443 0.10148232 0.16878572 0.15388805 0.16184506 0.19208558 0.15605796 0.14223552 0.15503972 0.10532254 0.17198858 0.08405543 0.17132571 0.08096632 0.09790901 0.10526729 0.17865080 0.10880049 0.11989382 0.09887773 0.21816462 0.11670718 0.10291287 0.11226726 0.10159902 0.14891933 0.08561186 0.17158344 0.21667576 0.10320087 0.12202117 0.17631869 0.16532878 0.15343996 0.20050728 0.12356862 0.14320580 0.20475460 0.14308264 0.07308904 0.13464828 0.10405378 0.14042321 0.20350047 0.14152466 
0.09982926 0.11093936 0.14415550 0.22097610 0.19970510 0.20178729 0.00000000 0.28443491 0.24002509 0.20510936 0.26593580 0.27373884 0.10834095 0.20313890 0.13490244 0.24414419 0.12673811 0.12158027 0.20193635 0.07670325 0.10178527 0.09783752 0.11969392 0.11375188 0.14532870 0.22366442 0.24052342 0.13943980 0.22872099 0.16637245 0.24812706 0.11590998 0.14698838 0.26678320 0.19267329 0.14131158 0.12613098 0.14809936 0.06844354 0.12078023 0.13445147 0.12425522 0.08930622 0.12999015 0.07606425 0.09574967 0.15165388 0.10611270 0.17297902 0.14337659 0.21441610 0.32166450 0.32662788 0.13109647 0.14535854 0.20625151 0.13637369 0.13495140 0.17215176 0.20251555 0.16750026 0.09744877 0.14206627 0.52303934 0.17430872 0.09870254 0.16305418 0.22936540 0.11784711 0.08314355 0.11450097 0.09896562 0.17625282 0.10330159 0.12373561 0.28737099 0.15918419 0.46062398 0.15960781 0.17669059 0.12695271 0.16864060 0.12831201 0.09379474 0.09057291 0.09776905 0.10768887 0.09134639 0.07566040 0.14222434 0.18162316 0.15439550 0.11288171 0.14757169 0.15485690 0.13943461 0.11854152 0.09430792 0.08979067 0.13005802 0.18427615 0.06868544 0.11360972 0.16739472 0.14316816 0.09056789 0.11964817 0.11730609 0.13118731 0.14151176 0.11289578 0.12126129 0.11911758 0.09765052 0.11251734 0.11785281 0.12704684 0.13128967 0.08368840 0.12485250 0.08859719 0.07808234 0.13923365 0.12989973 0.11454295 0.17796016 0.15672083 0.16970386 0.10028594 0.27381490 0.15788432 0.12611421 0.09167256 0.11610838 0.10115404 0.14513013 0.20971254 0.15066838 0.13960473 0.24300295 0.11290585 0.16524670 0.17060926 0.27457948 0.12997828 0.17252387 0.14016307 0.13953230 0.10979020 0.10396292 0.13467014 0.10481650 0.10487369 0.14490973 0.19868313 0.11679310 0.12068535 0.11681488 0.07985706 0.09687867 0.18337916 0.08461938 0.10855303 0.12934023 0.18498850 0.11224808 0.15602391 0.11080271 0.08747931 0.10301821 0.15818299 0.19042139 0.08329707 0.07699146 0.12041366 0.10865816 0.04567926 0.08457194 0.11666736 
0.12724913 0.11347856 0.09309582 0.19375183 0.25779698 0.37085670 0.28443491 0.00000000 0.13432003 0.13524372 0.29285449 0.23534886 0.11851304 0.19176125 0.12494186 0.15470767 0.16736050 0.14740854 0.12470385 0.09494989 0.04291706 0.16879246 0.13412405 0.08236696 0.16949770 0.12657347 0.29178596 0.11755133 0.20133351 0.21580700 0.27565385 0.14961309 0.17050452 0.93137333 0.17250716 0.11883514 0.15150935 0.28841284 0.03882995 0.15675559 0.15518610 0.09489703 0.12605762 0.13329917 0.13131176 0.15063931 0.14147986 0.11850835 0.13933080 0.18097171 0.40510754 0.62015054 0.27187802 0.13810611 0.21350042 0.23004314 0.05517139 0.25955775 0.28900723 0.14116667 0.18641665 0.21125719 0.08226132 0.16608669 0.21327911 0.09466206 0.22161595 0.23312854 0.14047496 0.10160186 0.12027893 0.13906374 0.17505946 0.13844154 0.13258550 0.13884711 0.10940910 0.19827156 0.11006526 0.10872394 0.12975615 0.09116282 0.17061354 0.08995187 0.14922743 0.09927450 0.10171234 0.10228819 0.10353838 0.11110929 0.14780002 0.08808149 0.08053229 0.15059640 0.17048707 0.12077217 0.12716521 0.08982834 0.08212047 0.10197884 0.13040390 0.15470769 0.06899524 0.09752201 0.11514086 0.15272198 0.18236714 0.09466919 0.17652431 0.06816101 0.06859478 0.11494994 0.15507135 0.12095964 0.11095133 0.14568471 0.08249860 0.09944898 0.09298490 0.10557764 0.09172004 0.11374908 0.12781536 0.15088832 0.10069876 0.16414066 0.14086318 0.20161876 0.12721788 0.17975902 0.09888472 0.18268071 0.05184921 0.10518698 0.12561516 0.13742358 0.13530107 0.16405672 0.06550168 0.12466777 0.08586439 0.12542089 0.12551737 0.20299516 0.16297880 0.18162004 0.17299653 0.11915610 0.15592797 0.10827010 0.10629240 0.16473931 0.15659579 0.05877099 0.14425182 0.09209305 0.09740924 0.14463875 0.12376033 0.15024315 0.15296383 0.12954109 0.10276463 0.11512781 0.12202520 0.08875980 0.12170519 0.13146712 0.11257255 0.05427136 0.10826415 0.09249692 0.09168866 0.09219517 0.12217279 0.08776413 0.09917832 0.13463277 0.11782409 
0.11311476 0.09670160 0.13425788 0.19505128 0.13200522 0.13018466 0.24002509 0.13432003 0.00000000 0.46455338 0.20107662 0.15870866 0.13448565 0.21276092 0.18698611 0.25682743 0.25274410 0.13487046 0.15231282 0.09172174 0.12725495 0.12496305 0.12306513 0.12309891 0.16444856 0.25091943 0.13846927 0.11007040 0.15385828 0.16195607 0.13546358 0.13402023 0.11118574 0.14686627 0.11512280 0.10023796 0.16364492 0.14579928 0.12195705 0.17077125 0.14796345 0.09841659 0.14096126 0.09934098 0.12705696 0.11935149 0.11001366 0.10362206 0.13003947 0.10585937 0.15121059 0.14298846 0.17311917 0.16677049 0.12922014 0.17654415 0.11236218 0.15544487 0.12266937 0.11507518 0.26453485 0.11218932 0.10199789 0.17583674 0.16524735 0.15473621 0.12473930 0.15105076 0.16481929 0.11410384 0.09241739 0.14264258 0.18613818 0.10925121 0.14030635 0.19117922 0.11970223 0.22903775 0.14953377 0.36277862 0.13592480 0.22895949 0.13869599 0.12863312 0.14884648 0.10833300 0.12521792 0.10782621 0.10770928 0.11373249 0.14747152 0.07333524 0.16380888 0.15114282 0.18595341 0.09134868 0.13357453 0.11283302 0.12269953 0.10996673 0.13872837 0.09962633 0.13059317 0.14700923 0.14031316 0.13034126 0.10025597 0.11186202 0.12174370 0.13462886 0.11054093 0.11454624 0.16020291 0.09472927 0.08619372 0.12324405 0.15863431 0.10218644 0.11958523 0.14531202 0.13770475 0.11102428 0.14104612 0.12460668 0.12941226 0.13301155 0.12267053 0.14552307 0.16727335 0.28366745 0.13537824 0.12864262 0.10982505 0.18297200 0.12630768 0.14713632 0.17824695 0.16369905 0.13719230 0.35505164 0.17647756 0.38314199 0.13035590 0.18679088 0.30486583 0.19898397 0.12450140 0.12904883 0.10320326 0.16288442 0.13035888 0.13515439 0.12904666 0.13187757 0.20125787 0.17048800 0.16936697 0.11696693 0.12704288 0.14989097 0.14708515 0.11715989 0.13356470 0.15600756 0.14152820 0.10437087 0.13571828 0.14740599 0.10394274 0.12110429 0.17834690 0.15100852 0.12812465 0.08520432 0.14146741 0.11466556 0.08990223 0.10259297 0.13263927 
0.14496029 0.11425836 0.13189706 0.19861923 0.13325077 0.12074534 0.20510936 0.13524372 0.46455338 0.00000000 0.23452043 0.18605724 0.12129245 0.25496220 0.19633957 0.34660274 0.27858059 0.12071820 0.13079167 0.06513708 0.15702865 0.13261406 0.14984523 0.11646579 0.13823723 0.33991560 0.16825052 0.16486116 0.17587806 0.16381965 0.14963800 0.07575531 0.12607426 0.11934006 0.11824651 0.10702788 0.15125225 0.15467749 0.13932007 0.08865033 0.13268793 0.11131333 0.12266225 0.10773179 0.06997730 0.13569892 0.13582063 0.13128091 0.16317552 0.12129431 0.17105128 0.14717679 0.18947018 0.14735979 0.15510300 0.18389294 0.13047378 0.13230067 0.14559739 0.13459953 0.21223869 0.12114541 0.15219778 0.17986285 0.11618173 0.11563249 0.16897799 0.16261158 0.11337289 0.14640315 0.15732485 0.12352628 0.13251050 0.12145923 0.12370424 0.20688230 0.14038001 0.24390147 0.11908385 0.46737849 0.13086726 0.20806968 0.17010154 0.15648802 0.11313969 0.10650086 0.12777915 0.12430784 0.09120413 0.13615096 0.12284010 0.12769076 0.14432866 0.11969547 0.17091218 0.13429397 0.10981175 0.09464095 0.12855039 0.11817848 0.13564950 0.10429601 0.11743873 0.12606870 0.15330448 0.12177012 0.09512231 0.14843509 0.13180681 0.17159402 0.12207324 0.13498049 0.10904873 0.13238739 0.08084117 0.10588125 0.15794366 0.12884716 0.11661546 0.13080026 0.16149612 0.11101684 0.14523697 0.13173824 0.12927602 0.12723039 0.15461243 0.15539723 0.13219795 0.20822810 0.11365320 0.12354071 0.13288942 0.12976866 0.12025454 0.15002005 0.12697794 0.19534959 0.12521092 0.29749496 0.11108589 0.47399134 0.13177890 0.15043495 0.19095833 0.15316179 0.12565981 0.11694153 0.10687252 0.11190972 0.15680785 0.15534412 0.13745728 0.15941823 0.14890285 0.13108546 0.10421921 0.11699275 0.13601245 0.14910863 0.11523397 0.13964888 0.12690808 0.13689418 0.13080871 0.11831698 0.14099618 0.11347960 0.10984685 0.12013864 0.18412468 0.14432232 0.08659866 0.11322200 0.13070157 0.12076722 0.10002085 0.10356109 0.14072709 
0.11595088 0.09720044 0.09357316 0.17868145 0.18267864 0.15539110 0.26593580 0.29285449 0.20107662 0.23452043 0.00000000 0.52212907 0.21011844 0.43777481 0.23339513 0.19266837 0.13826915 0.18043949 0.16115753 0.10080934 0.13241132 0.07744787 0.13911465 0.17614023 0.15997221 0.20671239 0.46917956 0.17284220 0.16413353 0.13248722 0.29921961 0.11343853 0.15667608 0.17636594 0.15486630 0.13583396 0.11917763 0.13349655 0.07946758 0.13424670 0.12251867 0.09814702 0.11032790 0.10006943 0.07001499 0.10703199 0.11691451 0.08641403 0.15584822 0.14111825 0.18534538 0.21155473 0.28012049 0.14007610 0.20136152 0.44096532 0.14546338 0.23029065 0.29556868 0.22696555 0.20409158 0.11937318 0.15229242 0.20769063 0.09334389 0.07101394 0.17418596 0.13770395 0.12334020 0.10672387 0.10850577 0.13898614 0.14605145 0.09535014 0.13973639 0.19351558 0.12972172 0.27225983 0.13353652 0.18292019 0.18645877 0.13699770 0.13016694 0.07657762 0.09043009 0.09477669 0.08303816 0.08753020 0.09775476 0.10911144 0.12969393 0.13746075 0.15189189 0.12317458 0.21943309 0.11312376 0.15071403 0.11615781 0.08606013 0.12278765 0.14357706 0.08847280 0.06476522 0.19333543 0.16487712 0.10584120 0.10428547 0.13245153 0.17428880 0.14956414 0.10952208 0.18333301 0.10903976 0.08783251 0.12049953 0.14041619 0.09466711 0.13008099 0.10956562 0.09828269 0.11171237 0.11582843 0.06387299 0.09480808 0.09056894 0.15995687 0.10804038 0.15941458 0.11078826 0.27246878 0.20204730 0.18334770 0.13565464 0.13056058 0.08971573 0.14955928 0.13213207 0.17972217 0.10438732 0.21989677 0.13226762 0.16186190 0.15957809 0.14930007 0.15768337 0.13216653 0.18140937 0.16031817 0.10875299 0.08590421 0.12594290 0.16188869 0.09820515 0.13388645 0.23978769 0.16075777 0.11356336 0.11771535 0.08099107 0.12854102 0.14914892 0.08448890 0.07891599 0.12355978 0.09693751 0.10577693 0.12121760 0.11068028 0.11101372 0.10260602 0.13347020 0.12391525 0.10573057 0.10705426 0.13418363 0.07612368 0.04261286 0.11598060 0.10322813 
0.13259618 0.10298314 0.13499102 0.19953399 0.10206938 0.17907952 0.27373884 0.23534886 0.15870866 0.18605724 0.52212907 0.00000000 0.22590696 0.44238993 0.17335053 0.17957549 0.13545604 0.14632627 0.13198565 0.11462805 0.12664481 0.10651434 0.10258563 0.13935035 0.15350062 0.17583281 0.40462650 0.17210981 0.18400249 0.14603157 0.23812265 0.11580974 0.12231573 0.13669288 0.22239372 0.15648464 0.14063136 0.10832203 0.11928916 0.10494203 0.10648295 0.12162883 0.12416995 0.10535519 0.07537025 0.12358173 0.11254856 0.14132619 0.16153913 0.16778689 0.22962656 0.29759483 0.43583890 0.13856724 0.18725553 0.32716974 0.16367267 0.15196864 0.17617236 0.13023962 0.23470009 0.12040094 0.12862522 0.17408317 0.12205934 0.14309046 0.15614628 0.09039303 0.08194395 0.10177807 0.08164440 0.10898299 0.14990110 0.17408331 0.17061743 0.18218954 0.12658620 0.21756348 0.11917302 0.17239308 0.14178034 0.12343825 0.11447577 0.10545819 0.16808827 0.12331329 0.21083918 0.13728123 0.07831274 0.14376358 0.16797371 0.12998500 0.11437670 0.21220485 0.15707002 0.13553066 0.13330084 0.14271381 0.12693130 0.14833328 0.10026524 0.09530185 0.11511153 0.11796283 0.20291414 0.10008336 0.11208549 0.12379097 0.13602156 0.14270462 0.12588643 0.12367887 0.11101338 0.17156113 0.05276167 0.08550741 0.13855248 0.09342946 0.12928181 0.10597500 0.12751610 0.09852028 0.12253287 0.14304548 0.09766804 0.14571923 0.12542116 0.12426066 0.12358719 0.20257840 0.20590057 0.11775787 0.16407527 0.12189400 0.15954253 0.07997121 0.15626316 0.14389139 0.11704534 0.12634678 0.17157053 0.15768642 0.11456947 0.18049773 0.15886932 0.12822052 0.21030147 0.20302849 0.13217352 0.10164289 0.17246700 0.14166665 0.13856182 0.11238852 0.13673218 0.10698256 0.16338572 0.09338305 0.12003056 0.09472947 0.11861400 0.14258474 0.10368607 0.18592275 0.17674552 0.14162167 0.09920900 0.13154275 0.08442155 0.14302227 0.12869388 0.09587785 0.13878649 0.08740447 0.15223309 0.09812777 0.07169975 0.08579598 0.15093278 
0.16938668 0.15036389 0.15797086 0.16062836 0.14435298 0.09700966 0.10834095 0.11851304 0.13448565 0.12129245 0.21011844 0.22590696 0.00000000 0.23340292 0.28712832 0.14073491 0.16170078 0.17341227 0.19584159 0.21506159 0.19474308 0.15236254 0.16602470 0.15873849 0.14218467 0.13874720 0.11910855 0.17940529 0.12939812 0.25345498 0.21367777 0.18331818 0.15572417 0.15556518 0.16320281 0.09109912 0.10123450 0.10189466 0.13904532 0.11656446 0.13271570 0.16647050 0.17701169 0.13999628 0.09702904 0.13623668 0.09419543 0.12051615 0.14309232 0.11780703 0.17569946 0.09299671 0.12134548 0.15921539 0.23608978 0.16401743 0.15077062 0.42184934 0.29283792 0.27517931 0.12580918 0.22496967 0.21602331 0.10976793 0.16240226 0.25804289 0.15071465 0.05717276 0.15261103 0.21136123 0.11489926 0.20228343 0.15510918 0.13271253 0.06579936 0.11342928 0.21200314 0.12530798 0.15580261 0.09530843 0.15721293 0.14570694 0.16857067 0.22025796 0.17193893 0.14123285 0.19918489 0.18817642 0.14716414 0.16963237 0.13372440 0.14081289 0.09923199 0.09307116 0.10231443 0.06784089 0.12018885 0.11822704 0.18413511 0.21485947 0.20555949 0.16659472 0.17844404 0.10209467 0.14717022 0.23466237 0.12512517 0.12544026 0.08811976 0.18067477 0.13552649 0.14700379 0.16444900 0.08176413 0.16836187 0.13950110 0.20048612 0.14689625 0.21327285 0.17907512 0.08896435 0.28379966 0.14752698 0.07981818 0.13111010 0.12728639 0.11466076 0.13604759 0.19952061 0.13692926 0.13185673 0.12369528 0.16868479 0.17214802 0.08940072 0.15565612 0.12028124 0.10204065 0.08315211 0.13227054 0.07675061 0.15012680 0.15748947 0.11220754 0.06638328 0.18168777 0.17758464 0.15687939 0.14367985 0.15493149 0.09346266 0.08457041 0.19083432 0.13541124 0.07675875 0.11774120 0.13442777 0.16043597 0.14361072 0.13053417 0.14115543 0.15978673 0.15373472 0.14136695 0.12471573 0.18518154 0.14004107 0.06257518 0.10727455 0.20265486 0.12153720 0.12848650 0.11137866 0.13816331 0.11623516 0.11606504 0.14911240 0.16298248 0.14291987 
0.13376715 0.08148185 0.11842740 0.13530922 0.12001188 0.15111704 0.20313890 0.19176125 0.21276092 0.25496220 0.43777481 0.44238993 0.23340292 0.00000000 0.26917593 0.32989843 0.21849208 0.25267798 0.15022937 0.18227591 0.16896531 0.14376304 0.13532253 0.15820012 0.17273823 0.14930597 0.39725038 0.22017533 0.23526705 0.26057941 0.23998348 0.13598835 0.18203041 0.17388270 0.13878273 0.08406973 0.10854106 0.06777584 0.16350937 0.09739163 0.10104390 0.11585481 0.09175693 0.09209047 0.08189607 0.06793339 0.09417494 0.07214649 0.10301075 0.11406446 0.13029850 0.16981844 0.17099012 0.13559113 0.13139870 0.21849843 0.15460046 0.38529291 0.23200086 0.22149848 0.23754234 0.09494366 0.12340141 0.17077350 0.16685545 0.11463080 0.09434007 0.11973162 0.08592120 0.13166865 0.09606669 0.11662617 0.14591721 0.16372696 0.12306140 0.12339473 0.17234467 0.18091936 0.14481025 0.14878853 0.12900387 0.16187307 0.13451642 0.15789763 0.11368103 0.08965942 0.13805651 0.11548926 0.14345855 0.10999223 0.14052203 0.10680372 0.16576705 0.13484540 0.19139053 0.09417201 0.14431193 0.11869444 0.12909223 0.07772534 0.11341290 0.11620202 0.10723799 0.13994118 0.15810367 0.16083538 0.07693695 0.16991799 0.15533420 0.08222391 0.09958404 0.12116396 0.10891261 0.12813382 0.05393820 0.06637469 0.07506313 0.11483324 0.07746199 0.10626364 0.17295701 0.15538640 0.12118192 0.15354428 0.13698506 0.20822906 0.09076463 0.24172639 0.07652659 0.25006983 0.16571283 0.16087458 0.21549337 0.14754917 0.16804752 0.12511524 0.13620185 0.19452721 0.12270032 0.12573169 0.15170740 0.12267832 0.12357202 0.11953007 0.15732578 0.30141093 0.18791317 0.21981567 0.08959669 0.17319009 0.18987346 0.20812081 0.13251853 0.14503040 0.17574865 0.12464228 0.16134848 0.14140339 0.11391214 0.14745334 0.13821367 0.08005782 0.08916407 0.12298022 0.17876109 0.04593911 0.11380047 0.13576857 0.06965209 0.05563502 0.14962531 0.17033407 0.04154066 0.09403454 0.11890310 0.10481284 0.04871815 0.09352947 0.14776688 
0.15759194 0.11612556 0.13185928 0.15115255 0.07323865 0.12766657 0.13490244 0.12494186 0.18698611 0.19633957 0.23339513 0.17335053 0.28712832 0.26917593 0.00000000 0.20479601 0.31053928 0.42881688 0.15577865 0.15208814 0.14904607 0.14194480 0.15251650 0.39873202 0.17676845 0.09944033 0.18819963 0.19317303 0.13936948 0.16227516 0.11028492 0.10295783 0.13077836 0.17950269 0.15607994 0.16149994 0.19946753 0.09876524 0.10317414 0.16016714 0.12640867 0.12004660 0.09982596 0.10763141 0.11470654 0.13034633 0.12761633 0.14964576 0.10448909 0.18662279 0.12420934 0.13547010 0.16097447 0.12759474 0.15902574 0.19105656 0.14355107 0.16638056 0.13599637 0.15451755 0.16762605 0.16621432 0.17336228 0.13756244 0.10833685 0.17554414 0.10924876 0.13777399 0.14078962 0.16920011 0.09779181 0.14559494 0.10195993 0.13544811 0.09241960 0.10720379 0.12571150 0.11617739 0.10714159 0.13849684 0.23651031 0.12547533 0.28274723 0.18402541 0.25911805 0.08549140 0.15401652 0.14229635 0.17774239 0.13593536 0.14783285 0.19723335 0.11009686 0.16573683 0.13461401 0.12185683 0.14059873 0.11512766 0.09620620 0.15978168 0.17300242 0.11429116 0.14652204 0.12652523 0.15735397 0.13447086 0.13876100 0.07022229 0.14754199 0.20136997 0.11443522 0.06765003 0.21901300 0.16257309 0.11737498 0.17658893 0.11701077 0.14390011 0.20562324 0.10927363 0.09525243 0.12533957 0.17793607 0.10265247 0.15100769 0.09532996 0.16661836 0.12170176 0.15908133 0.24741494 0.16349008 0.18296920 0.13157791 0.17935137 0.19391377 0.13032905 0.13568150 0.17334641 0.16948686 0.12062350 0.19897878 0.13319427 0.14515540 0.16050274 0.07463357 0.18402452 0.10270733 0.12755603 0.15168703 0.16389906 0.10740533 0.16799740 0.19257797 0.13827103 0.19337894 0.16647038 0.11561825 0.19098281 0.14302955 0.14204056 0.13219185 0.13207610 0.11812326 0.11630769 0.11133160 0.16874777 0.17822620 0.14574298 0.07159012 0.09634811 0.09021489 0.12560840 0.09407373 0.10996945 0.14614672 0.11722810 0.19486537 0.06367157 0.12970173 
0.13624732 0.09656403 0.10792856 0.16132912 0.14905152 0.14944267 0.24414419 0.15470767 0.25682743 0.34660274 0.19266837 0.17957549 0.14073491 0.32989843 0.20479601 0.00000000 0.29232657 0.22744334 0.16702593 0.14264782 0.14260495 0.14231133 0.12859407 0.14937978 0.15165713 0.26880016 0.21733900 0.18335562 0.16221445 0.15814700 0.16994670 0.10606794 0.15900973 0.14782017 0.16279967 0.10764692 0.16140574 0.09088491 0.09435521 0.11449646 0.14861964 0.10344370 0.12858310 0.10364657 0.12714678 0.11546095 0.12781213 0.12845061 0.11718742 0.12137243 0.12697575 0.14820836 0.17372310 0.11350018 0.16723867 0.18594748 0.12141333 0.14191288 0.12848594 0.11227267 0.21436169 0.10897823 0.14365330 0.21226368 0.16218091 0.12306196 0.10972286 0.15385056 0.10556096 0.12598206 0.12170063 0.09554073 0.14639863 0.14345730 0.14066782 0.15702007 0.15529111 0.15760289 0.12208757 0.27646871 0.17799933 0.15356653 0.17997719 0.13331843 0.12123126 0.10517646 0.10649396 0.09376348 0.14358715 0.13502660 0.21505177 0.14569676 0.13423937 0.14084527 0.17752582 0.13391845 0.10734058 0.15803562 0.10737149 0.13273576 0.23886450 0.09902673 0.12372476 0.14672546 0.14035134 0.11326287 0.07624785 0.19703063 0.12815389 0.14886230 0.11641764 0.13693358 0.11946627 0.10709712 0.10239038 0.11390189 0.10176442 0.11000654 0.14591564 0.16175089 0.13849376 0.13963871 0.12781336 0.17013393 0.13420926 0.12728308 0.17924332 0.16308030 0.18952310 0.16310163 0.14051079 0.11926167 0.11800107 0.13875204 0.11157158 0.13121977 0.14960528 0.20190736 0.19006953 0.17133495 0.14933485 0.22012770 0.10512032 0.18616694 0.15532933 0.31059469 0.16779184 0.12659040 0.10693208 0.10425039 0.15106893 0.13719144 0.14641383 0.13138361 0.14577632 0.16971451 0.12145558 0.10714412 0.14672624 0.12074161 0.15454882 0.10673835 0.12725798 0.14559258 0.13866361 0.11647415 0.14501322 0.15975400 0.13986407 0.13016331 0.16086255 0.14692694 0.10867570 0.12937401 0.12459990 0.12038145 0.08045955 0.09215143 0.11629211 
0.10768282 0.11109082 0.13235345 0.11049015 0.12408600 0.12848123 0.12673811 0.16736050 0.25274410 0.27858059 0.13826915 0.13545604 0.16170078 0.21849208 0.31053928 0.29232657 0.00000000 0.43002947 0.27231641 0.15180934 0.20442587 0.16616286 0.15110021 0.17470883 0.16355479 0.16468469 0.19249850 0.18238221 0.16539530 0.14519372 0.15474267 0.08180162 0.11236698 0.16021314 0.20405694 0.05108451 0.09100939 0.15325121 0.11395384 0.12378198 0.14848891 0.13222574 0.06799169 0.11189812 0.11817864 0.08959583 0.12230984 0.10641681 0.08554072 0.08943418 0.14922314 0.15275184 0.14247873 0.09926691 0.07449585 0.12006272 0.12323558 0.21071192 0.11346343 0.10454297 0.15692521 0.12373880 0.09753609 0.10750039 0.19112924 0.08599007 0.09405090 0.12672648 0.13631926 0.11205277 0.10020700 0.10114383 0.08831791 0.12966801 0.15174912 0.21788778 0.10991451 0.12733292 0.18334120 0.22476653 0.27186104 0.17611025 0.26737956 0.19491127 0.17449614 0.17032177 0.08744695 0.07951631 0.16538165 0.11641159 0.14828941 0.12865536 0.12083438 0.15221339 0.23212861 0.19798351 0.14855899 0.13985282 0.13302427 0.11983693 0.23094639 0.15425954 0.22814321 0.11087315 0.11202706 0.13076173 0.13330745 0.13830688 0.14143968 0.09170961 0.11615953 0.13627916 0.14256229 0.11823761 0.15558516 0.15637282 0.15080351 0.08802800 0.11843968 0.08175746 0.10869603 0.13468615 0.13941372 0.16544770 0.09070704 0.17718336 0.14501588 0.19908627 0.12008415 0.17019904 0.13709339 0.12290498 0.11251826 0.18083975 0.09755694 0.11722686 0.15213468 0.19906347 0.14297153 0.25915428 0.22913707 0.26662168 0.13271149 0.14906541 0.17953030 0.50978479 0.31604776 0.13689244 0.12676876 0.12812956 0.20933231 0.08577709 0.15030172 0.10473901 0.17799340 0.12773982 0.11061633 0.10350481 0.17364035 0.14988686 0.18794337 0.12871063 0.10874892 0.19806601 0.11070824 0.15030978 0.11865300 0.07920455 0.06285198 0.08748305 0.13755326 0.12525493 0.12798814 0.07658138 0.12977706 0.13062552 0.14649652 0.08268963 0.13325223 
0.10750366 0.11703131 0.07712988 0.12393160 0.13449153 0.18150446 0.12158027 0.14740854 0.13487046 0.12071820 0.18043949 0.14632627 0.17341227 0.25267798 0.42881688 0.22744334 0.43002947 0.00000000 0.34572871 0.24463141 0.22455056 0.20020180 0.20666572 0.32371117 0.15262216 0.11534913 0.22663325 0.17366066 0.19485502 0.19567602 0.11862615 0.16122918 0.13079996 0.10721718 0.16613341 0.07481720 0.12059475 0.07683025 0.23070417 0.12205247 0.16808465 0.16548826 0.24020831 0.20150521 0.16554061 0.15362571 0.10694597 0.16178635 0.09262229 0.14849793 0.09276058 0.11015280 0.13443063 0.16226659 0.14145358 0.17739761 0.10189227 0.11364434 0.19457225 0.13363827 0.10844083 0.14215219 0.17515905 0.15019317 0.10733368 0.13228387 0.09304784 0.07775348 0.11599804 0.12818002 0.12443239 0.13676533 0.09357266 0.17223943 0.08756664 0.10533015 0.11395521 0.11551733 0.12986906 0.12688181 0.09870698 0.17085116 0.14617135 0.21490866 0.17070828 0.23431158 0.17501918 0.21126144 0.17718401 0.22278482 0.13769488 0.14172432 0.09957824 0.10896307 0.10886195 0.10128431 0.15594119 0.16009755 0.16433227 0.16843330 0.14767039 0.13430737 0.09843853 0.08705023 0.11944235 0.13083910 0.13512372 0.14973529 0.16880997 0.16839381 0.15505802 0.10171116 0.14375208 0.18418388 0.17359080 0.13862589 0.18748962 0.17012570 0.14624848 0.18501097 0.12634334 0.07497128 0.12413820 0.10769153 0.14270913 0.15546301 0.13592629 0.14652621 0.12179878 0.10792323 0.14340822 0.17132680 0.06762462 0.08818120 0.17822977 0.15308107 0.14658026 0.14742689 0.15110988 0.11990798 0.10951453 0.15166443 0.11419012 0.07786858 0.13324526 0.21591989 0.16648574 0.15949537 0.14505054 0.16006517 0.11357673 0.21373441 0.16742110 0.11041929 0.17101527 0.10232576 0.14963576 0.17647340 0.21649248 0.14870374 0.09330914 0.16149862 0.11925285 0.13402527 0.10095474 0.15532788 0.15270018 0.15855354 0.11832061 0.12010461 0.14618499 0.15562791 0.15015079 0.11934418 0.12031982 0.07597258 0.16889153 0.16281624 0.16895514 
0.10938359 0.09360006 0.13038955 0.16616813 0.15571781 0.09972108 0.20193635 0.12470385 0.15231282 0.13079167 0.16115753 0.13198565 0.19584159 0.15022937 0.15577865 0.16702593 0.27231641 0.34572871 0.00000000 0.37874414 0.38373422 0.32250859 0.30489021 0.22675152 0.15585118 0.12193140 0.21195583 0.14504197 0.42370006 0.18930314 0.16060309 0.12958066 0.14303640 0.12935763 0.13216425 0.12052821 0.10203019 0.09518669 0.08719016 0.09293951 0.06628129 0.14354854 0.18074741 0.07454839 0.10715100 0.14379293 0.14804135 0.12730442 0.11002556 0.10931388 0.11097674 0.10970835 0.14571167 0.11365415 0.18183655 0.12748585 0.06303481 0.10325986 0.14503651 0.10603426 0.15049766 0.15897341 0.07085310 0.18790087 0.14366619 0.13801209 0.05856710 0.14507987 0.08510895 0.15159079 0.15512157 0.17087628 0.12464036 0.13915983 0.10751702 0.10580683 0.16246710 0.17852023 0.13430244 0.12720813 0.23959371 0.13439750 0.29263299 0.10263856 0.17761786 0.12384827 0.15371884 0.09246033 0.18105131 0.11244320 0.13621176 0.09500412 0.10380962 0.13085578 0.12953651 0.10030432 0.14525220 0.12419263 0.20095343 0.11907914 0.11538089 0.08746115 0.12373774 0.20445219 0.10110667 0.15810224 0.12055320 0.12290100 0.10869467 0.11742922 0.06006909 0.10055470 0.09470806 0.14748959 0.12632926 0.10433389 0.13042176 0.15125202 0.08148488 0.12567330 0.15937222 0.13704900 0.12760895 0.12594550 0.15578993 0.20196581 0.10480418 0.14544037 0.13049743 0.13918765 0.13335999 0.08656076 0.16779948 0.12532173 0.12886103 0.09653953 0.16725934 0.18891428 0.08048446 0.15405928 0.15104119 0.15147959 0.16496539 0.11133336 0.18319580 0.25674637 0.22930475 0.12358179 0.34208667 0.11633226 0.15113629 0.70098867 0.17044640 0.07046525 0.20077791 0.27318375 0.13904955 0.13748674 0.15117856 0.08680905 0.11919541 0.11426137 0.20531564 0.18010661 0.07828695 0.09095362 0.11273594 0.09169182 0.12491087 0.13549709 0.13417242 0.12251140 0.16195857 0.12333547 0.16188061 0.15410484 0.15129584 0.08410709 0.14190960 
0.17236855 0.13803967 0.21077162 0.14992690 0.12274144 0.16481960 0.07670325 0.09494989 0.09172174 0.06513708 0.10080934 0.11462805 0.21506159 0.18227591 0.15208814 0.14264782 0.15180934 0.24463141 0.37874414 0.00000000 0.34150696 0.21147816 0.17299570 0.21197375 0.14869007 0.09469072 0.08498627 0.18748842 0.17847118 0.10096971 0.11058930 0.16464542 0.18287209 0.16555618 0.12378532 0.22102996 0.10716304 0.10330521 0.15275691 0.19200733 0.11469563 0.13631118 0.10364441 0.16339431 0.10457566 0.14749393 0.15551014 0.14844317 0.10461217 0.12920908 0.02452945 0.09896013 0.09043031 0.15825735 0.18613455 0.12648632 0.14085349 0.11582099 0.16974132 0.15182304 0.10562163 0.11793358 0.16890793 0.10602152 0.15664392 0.18565194 0.07078150 0.08454941 0.11761006 0.16393026 0.13087386 0.14389076 0.11403038 0.16812718 0.10913157 0.13516859 0.16857109 0.11528955 0.08872220 0.07740788 0.17334837 0.12369171 0.14981953 0.16772407 0.20121925 0.22468283 0.23207158 0.16144539 0.23740422 0.13730810 0.11309279 0.10437451 0.10439535 0.10078990 0.10218813 0.09136074 0.14784437 0.18631801 0.24979692 0.15302961 0.10693178 0.17206689 0.19666101 0.11522019 0.15308737 0.17619964 0.13176307 0.16008547 0.12359669 0.16378952 0.11451304 0.18315140 0.15751901 0.15010680 0.16889379 0.10383850 0.22828291 0.11602593 0.13506332 0.10743185 0.19686899 0.17162389 0.11097690 0.15501747 0.09751337 0.17159568 0.17895962 0.12159800 0.13697571 0.11368729 0.09607874 0.15045527 0.13361380 0.20650144 0.15677943 0.14707105 0.08235245 0.08175339 0.16159997 0.06269720 0.16681676 0.10939905 0.12656051 0.15816623 0.14887045 0.38539209 0.21509626 0.15570615 0.27995466 0.16681122 0.22407358 0.31434319 0.16552275 0.14843167 0.12728997 0.19693068 0.15680075 0.13110452 0.20167639 0.11092426 0.06982287 0.13788283 0.15961059 0.15086889 0.12533702 0.19962640 0.10098103 0.13499419 0.17507076 0.14661521 0.13980149 0.13653099 0.20739534 0.15613068 0.09101898 0.16882538 0.19241051 0.16549455 0.08327545 
