0.00000000 0.36684885 0.32315911 0.14543791 0.16050767 0.16469784 0.10036995 0.13763105 0.13051926 0.13943057 0.08156481 0.18450480 0.16004609 0.10552437 0.11495532 0.12885967 0.13397010 0.10832877 0.13891141 0.07708078 0.12790989 0.11218514 0.11226983 0.13526160 0.09349306 0.13570025 0.10373624 0.12993820 0.10289277 0.14450409 0.13142625 0.10746777 0.09437582 0.13658824 0.12276173 0.15753486 0.10181669 0.13666202 0.16462373 0.16126499 0.10849111 0.12211356 0.13213719 0.09592741 0.09372826 0.10275324 0.16354300 0.11685763 0.10410596 0.10277708 0.16663650 0.08015449 0.13888321 0.09743323 0.13099966 0.11309331 0.14098204 0.11986569 0.11743542 0.09305903 0.12820874 0.13268253 0.10280035 0.11925770 0.11446312 0.14813075 0.06682657 0.09390509 0.12737744 0.11514508 0.16096710 0.08123488 0.12989999 0.07455357 0.09756194 0.13475081 0.07512496 0.12621943 0.16477182 0.11383235 0.08755023 0.14570258 0.12997186 0.12571650 0.09699305 0.08709133 0.10418137 0.13302763 0.06611125 0.10638119 0.14037348 0.12293130 0.10842678 0.11648750 0.10985319 0.08518237 0.17909002 0.14188093 0.15099351 0.09571287 0.12469664 0.15490966 0.14499243 0.09543328 0.10541035 0.18054750 0.14459605 0.19032396 0.13105502 0.19621301 0.17250192 0.15833426 0.11374154 0.11637969 0.14811207 0.17891604 0.16641467 0.12107250 0.08861321 0.11418231 0.12537633 0.11084967 0.14636142 0.15056853 0.15931639 0.10446644 0.13380705 0.14597945 0.12606928 0.11241588 0.17352462 0.10957071 0.13337175 0.12171936 0.07991732 0.15172381 0.07898689 0.17995353 0.09409758 0.10973765 0.11527860 0.09725937 0.15130683 0.10473070 0.16854486 0.17844282 0.16402711 0.16351536 0.09413991 0.11100831 0.06977789 0.20067418 0.16885644 0.18209441 0.12364192 
0.36684885 0.00000000 0.30509847 0.26441670 0.11222687 0.12789451 0.24674354 0.13822935 0.09947275 0.13161839 0.12326597 0.14373474 0.07077818 0.12776979 0.08518541 0.12455918 0.11094179 0.13202615 0.05621474 0.09563799 0.12894857 0.11868214 0.10899870 0.11390414 0.13059573 0.12051435 0.13826210 0.18224649 0.15294634 0.12631464 0.10710755 0.19089929 0.10692938 0.18851103 0.13782799 0.13403432 0.17732983 0.17025228 0.12176182 0.12608046 0.18560801 0.12510987 0.13777743 0.10483197 0.19060597 0.11890013 0.11585117 0.09265797 0.05159823 0.08377450 0.12241860 0.12411090 0.14174379 0.15005993 0.11429214 0.11036694 0.18462512 0.11765490 0.10753995 0.07224537 0.07647073 0.13015317 0.04205381 0.08872005 0.06074367 0.10126616 0.14606852 0.15517998 0.09257506 0.13719354 0.11512090 0.20572790 0.11537953 0.09387382 0.18437600 0.11728952 0.10801731 0.14087608 0.13646483 0.17882217 0.09181660 0.13551305 0.12136241 0.11945514 0.13258471 0.16434472 0.16898523 0.06971406 0.15206950 0.16260994 0.12736616 0.05272269 0.14472067 0.03527970 0.08251179 0.16514772 0.17528804 0.23918100 0.19630617 0.13726070 0.13048543 0.12078594 0.11722670 0.17469811 0.14690404 0.23361034 0.14038105 0.08761846 0.12011177 0.10940633 0.12515373 0.15245899 0.21108248 0.15881148 0.15906044 0.09668547 0.10964823 0.05276399 0.20597811 0.18692035 0.12717355 0.13420224 0.12589492 0.16810268 0.11295512 0.08383632 0.10656439 0.13300131 0.15784177 0.10967811 0.06169401 0.16612731 0.08437146 0.09452733 0.12456829 0.11810387 0.13907117 0.13745496 0.14456478 0.15586108 0.09587735 0.10604893 0.14077147 0.13259520 0.10434351 0.08031994 0.11897953 0.09224104 0.03428221 0.13053308 0.09218248 0.11708709 0.11320429 0.14206102 0.14072104 
0.32315911 0.30509847 0.00000000 0.15190758 0.22918144 0.17503377 0.19227513 0.16757143 0.13629678 0.09252908 0.10362264 0.15766048 0.15896561 0.13297256 0.09113249 0.12845193 0.08502732 0.14426264 0.17773471 0.15570455 0.12730501 0.16776605 0.13818965 0.15452873 0.13326103 0.11585644 0.13181303 0.10797037 0.07193188 0.08077081 0.16389640 0.09113655 0.09047590 0.09235131 0.15794450 0.08606428 0.11059927 0.09382299 0.14588674 0.15220420 0.08070143 0.12382536 0.09275234 0.12463429 0.13350471 0.13029457 0.12737306 0.17057372 0.08149520 0.10894318 0.18574945 0.11526725 0.07213827 0.07100178 0.12465433 0.13891355 0.11399655 0.13145052 0.11033375 0.09613369 0.12703646 0.08012398 0.06593221 0.09120351 0.07514820 0.11751568 0.17915918 0.11479895 0.18091684 0.13492235 0.09989510 0.14519039 0.09461892 0.15740612 0.08064793 0.11100838 0.13662521 0.09409490 0.12973312 0.16609253 0.11953656 0.12787412 0.06861582 0.13303526 0.10978343 0.13490024 0.05769985 0.11449800 0.14003253 0.10820918 0.08078013 0.07447974 0.15803464 0.12903712 0.26047816 0.12331026 0.36195389 0.15626383 0.13276284 0.07718125 0.09503289 0.19514258 0.07722964 0.17105146 0.05405838 0.11419301 0.09655179 0.06560269 0.19349800 0.12919465 0.11201145 0.23017737 0.22065018 0.15103995 0.19241178 0.20702898 0.31283988 0.09332647 0.17760051 0.14740363 0.19104834 0.17098114 0.15839773 0.11644691 0.08137856 0.16749151 0.14780979 0.08452735 0.11375232 0.11860629 0.12330884 0.12227214 0.08279807 0.14647678 0.14241345 0.12973853 0.14111060 0.08427913 0.11155277 0.06914524 0.08481393 0.07841495 0.11725476 0.07846799 0.11572547 0.09554255 0.11109111 0.12315350 0.10773617 0.11703562 0.14683280 0.15542848 0.08212932 0.10117231 0.13422314 
0.14543791 0.26441670 0.15190758 0.00000000 0.18932837 0.72340713 0.13879716 0.13097914 0.23213195 0.10079494 0.14293220 0.12738929 0.12120692 0.10818034 0.16767043 0.10138207 0.13257652 0.12087504 0.13827751 0.06486589 0.15041029 0.11047627 0.07643612 0.17955043 0.09513662 0.15952234 0.11176082 0.16792295 0.10521468 0.11572540 0.10759222 0.14649291 0.02867295 0.11907209 0.16053507 0.05406453 0.08408510 0.08150176 0.12015273 0.15554936 0.16603888 0.14938397 0.11192964 0.17671569 0.16226561 0.05716708 0.12710609 0.10437558 0.09832045 0.14232351 0.17039867 0.09759571 0.13291568 0.12253615 0.11115999 0.15339855 0.15409341 0.13928484 0.10089941 0.18852930 0.10455265 0.12884916 0.09704716 0.09578648 0.08499384 0.09175227 0.11715531 0.10828627 0.13083697 0.10373172 0.15562596 0.18514171 0.06962701 0.13675674 0.16742807 0.16447014 0.15165958 0.10826261 0.14361558 0.13776579 0.17687806 0.14156817 0.16182284 0.13246037 0.09997723 0.17876257 0.10684880 0.18231818 0.20060560 0.09454472 0.08428916 0.11115055 0.11491666 0.12936346 0.17137695 0.31368229 0.07264999 0.19357206 0.09141822 0.07700338 0.09459077 0.13443814 0.11011479 0.11618003 0.12687714 0.10340920 0.10085692 0.16782268 0.07083503 0.08124389 0.12415381 0.16942685 0.10422203 0.14025822 0.16464567 0.14453189 0.14615932 0.10085473 0.15878836 0.13777339 0.09879641 0.10315502 0.14066315 0.11368272 0.09840490 0.09593471 0.10370976 0.10337778 0.12239670 0.05267141 0.12266716 0.08870104 0.09628612 0.10112937 0.11219547 0.12489895 0.11859364 0.09006174 0.13398132 0.10174797 0.10485165 0.07396721 0.15110842 0.10783385 0.15582531 0.08585844 0.15909009 0.13699499 0.19227535 0.11154325 0.10380564 0.15492924 0.17644509 0.16829807 0.11393931 
0.16050767 0.11222687 0.22918144 0.18932837 0.00000000 0.14539627 0.23596082 0.14384167 0.13273669 0.14094499 0.13018431 0.17674901 0.13257605 0.09617550 0.15695987 0.10742918 0.11182697 0.13398506 0.11791316 0.13580811 0.09457453 0.07313187 0.10021119 0.10767142 0.17167368 0.09106741 0.15956676 0.12691260 0.16585313 0.11702724 0.16812451 0.17053934 0.05904159 0.11175447 0.16737541 0.12162012 0.04745647 0.14812326 0.17016291 0.09186352 0.12354018 0.11230383 0.10378966 0.17524088 0.10486218 0.16775114 0.10446828 0.12984235 0.10478470 0.12329727 0.03307999 0.08074446 0.07823443 0.14829506 0.15168090 0.13205716 0.14257379 0.13338249 0.20747572 0.11503757 0.08251305 0.15842741 0.16083223 0.12700423 0.09710990 0.12197741 0.13248873 0.14109805 0.13340289 0.04405847 0.18553488 0.15676623 0.11670834 0.13128058 0.12986669 0.09661372 0.09610719 0.11046176 0.09304604 0.13988152 0.13392265 0.13537262 0.08733864 0.12284428 0.06455693 0.09436740 0.10005149 0.14566417 0.08194494 0.09484475 0.13513300 0.15302643 0.32345468 0.09946535 0.31453741 0.17635907 0.22600093 0.10750720 0.12022213 0.11371041 0.08456454 0.11705275 0.11015841 0.15940551 0.12545166 0.09554863 0.13636354 0.13892768 0.10921602 0.04793577 0.13950334 0.15590117 0.10505724 0.17002371 0.09673051 0.18796647 0.25790527 0.15823030 0.15310044 0.17306378 0.16664465 0.10572760 0.26599264 0.13384284 0.07041862 0.13963841 0.13709679 0.09101111 0.15466921 0.11002480 0.04359823 0.07042305 0.07462135 0.09782456 0.07695164 0.12379687 0.08838557 0.15359533 0.07989209 0.09243601 0.11083101 0.16378928 0.12552263 0.08890188 0.12223416 0.06840329 0.11336335 0.12400080 0.08207241 0.16069629 0.10987800 0.35589971 0.12997434 0.17464228 0.10530873 
0.16469784 0.12789451 0.17503377 0.72340713 0.14539627 0.00000000 0.27001098 0.28687630 0.17569777 0.17086409 0.11277012 0.10874387 0.19896231 0.11450400 0.14371705 0.02860293 0.08206138 0.11675496 0.14047076 0.06243737 0.08912242 0.09879756 0.14434187 0.15908598 0.13431675 0.13093280 0.06518241 0.10114682 0.12944504 0.07726437 0.09706258 0.10597888 0.08484160 0.09072169 0.14818553 0.13227756 0.09646666 0.11224829 0.10852534 0.08933106 0.09825825 0.11784461 0.09162003 0.11236652 0.07269101 0.05731687 0.11657313 0.12820684 0.08863713 0.14119484 0.07089345 0.13411065 0.13555259 0.10429462 0.09560249 0.12734787 0.13029325 0.13193259 0.14248126 0.13416340 0.12744058 0.13857122 0.11412550 0.14317050 0.10577900 0.05718268 0.11476176 0.08195283 0.07494260 0.11666649 0.12562572 0.11571242 0.12513153 0.12988927 0.15956544 0.17904088 0.09765851 0.08787862 0.18423638 0.12673169 0.15038177 0.09431096 0.11818920 0.07810066 0.12965817 0.09354674 0.08625133 0.12627044 0.07922880 0.20414067 0.10448333 0.14472483 0.18247997 0.13343499 0.09518909 0.50499645 0.15391042 0.12739553 0.10954838 0.14005467 0.11115573 0.15569507 0.12841810 0.10708105 0.11851571 0.11076388 0.11151916 0.15207324 0.08089805 0.09191897 0.13494101 0.13863606 0.15094135 0.19172780 0.16358832 0.11034049 0.08739608 0.03145882 0.09794078 0.07173180 0.16336356 0.12133448 0.13244699 0.10436762 0.12599341 0.09486401 0.12983850 0.08984125 0.08821850 0.11785490 0.13094549 0.10390615 0.19272264 0.12437677 0.14121885 0.15238192 0.14242067 0.07747000 0.11239688 0.12526834 0.11044984 0.10042424 0.09471772 0.11334565 0.16030641 0.10960215 0.41070770 0.06334864 0.44832782 0.10739372 0.08162582 0.09079122 0.17313712 0.08849182 0.15260387 
0.10036995 0.24674354 0.19227513 0.13879716 0.23596082 0.27001098 0.00000000 0.26986823 0.31654707 0.17930439 0.14208883 0.09889979 0.20399035 0.17015011 0.08568532 0.09501066 0.14951455 0.16299741 0.08171653 0.11027695 0.11966082 0.12278947 0.14807375 0.15261375 0.14564801 0.09602822 0.14395357 0.10450595 0.08299596 0.05899282 0.14875066 0.14172536 0.15913258 0.11935621 0.13552370 0.11186792 0.13771816 0.11748816 0.18007166 0.20141270 0.15358863 0.19322650 0.13540598 0.12804265 0.06140926 0.14804565 0.10750938 0.09889879 0.07690343 0.10224033 0.07828418 0.10274682 0.14686049 0.09758601 0.07586519 0.11938338 0.10426840 0.11084555 0.07274624 0.11897900 0.08847255 0.07806088 0.11912975 0.14348236 0.06439897 0.09438166 0.04515088 0.05613706 0.13259785 0.07053214 0.09482349 0.13460172 0.13600804 0.10938122 0.11829518 0.11580392 0.12960763 0.12480012 0.11400114 0.13938878 0.14757014 0.16801879 0.20851994 0.12982161 0.13813271 0.10159911 0.12803144 0.16272141 0.08748831 0.09490665 0.52030839 0.22382920 0.60345451 0.17590600 0.08612649 0.10566757 0.12769641 0.18124601 0.06825150 0.12820914 0.05289399 0.13192334 0.10158817 0.15265004 0.12486097 0.06901673 0.14078892 0.10273361 0.09082126 0.10322570 0.11472491 0.10973311 0.11940227 0.09433014 0.16422897 0.12696865 0.11463107 0.08842288 0.13892033 0.13564695 0.10259726 0.13539564 0.26227436 0.13706049 0.11227794 0.07240563 0.10576734 0.13143581 0.11357736 0.04728399 0.18124937 0.09591417 0.10960244 0.09219296 0.07179196 0.08887083 0.11107770 0.12748907 0.08663434 0.12334854 0.14334066 0.14554215 0.18344179 0.09932625 0.11187657 0.09993537 0.09947694 0.06215976 0.06865093 0.07393710 0.16013903 0.14522980 0.17339858 0.15197383 0.14073319 
0.13763105 0.13822935 0.16757143 0.13097914 0.14384167 0.28687630 0.26986823 0.00000000 0.30654463 0.23654008 0.26105972 0.14805268 0.12591273 0.14889789 0.15543123 0.08850177 0.09109385 0.08299607 0.15122749 0.14227299 0.12271479 0.09724192 0.14811902 0.08610339 0.09635227 0.12363931 0.09668853 0.16290630 0.12821875 0.10819839 0.07750102 0.07313853 0.15651550 0.14083545 0.19119544 0.10657258 0.18630049 0.12857075 0.11375146 0.13123416 0.12918274 0.09609879 0.11833166 0.22681005 0.12130403 0.09051511 0.14672012 0.16815219 0.12318144 0.12397490 0.11940672 0.10546489 0.12827098 0.11604543 0.12345491 0.09035339 0.11174401 0.12248534 0.18075922 0.14995593 0.07737834 0.10658226 0.12682622 0.08038351 0.13309950 0.12979868 0.02393057 0.10406556 0.11848772 0.15221102 0.09413274 0.09434455 0.10685077 0.11196879 0.08831908 0.09489051 0.08072839 0.08469664 0.13651276 0.11046021 0.17307381 0.12918849 0.09463967 0.06963245 0.14115658 0.20877528 0.10419697 0.09234718 0.12493854 0.19115496 0.15750465 0.21319651 0.07567404 0.30800209 0.11945122 0.21432989 0.09811375 0.14831666 0.18228371 0.13287460 0.09989982 0.11751767 0.13125078 0.09044091 0.13271618 0.09377575 0.17986760 0.13018474 0.12797389 0.08180510 0.09874947 0.10594609 0.06421159 0.09617705 0.09127070 0.13640789 0.15249862 0.11004793 0.14189212 0.09315351 0.07548064 0.15623519 0.12097852 0.09125166 0.17756518 0.12736620 0.11497888 0.10905893 0.08297797 0.13748807 0.37349629 0.06868884 0.13974152 0.11485243 0.10734346 0.18966782 0.08132188 0.15961820 0.10521402 0.13365996 0.14052243 0.13512049 0.14148933 0.09989989 0.16908126 0.11749606 0.16041279 0.13290322 0.26938987 0.09816536 0.11514842 0.12344276 0.06534697 0.09468307 0.09090489 
0.13051926 0.09947275 0.13629678 0.23213195 0.13273669 0.17569777 0.31654707 0.30654463 0.00000000 0.47738522 0.21340227 0.23577062 0.04076562 0.14148180 0.12403087 0.13156473 0.12001075 0.17468801 0.14561624 0.08239094 0.12370963 0.10653117 0.13836928 0.14072693 0.16866567 0.05902439 0.17001460 0.12325344 0.12925408 0.06720178 0.11019822 0.21012614 0.08310971 0.17019211 0.11148397 0.09242709 0.10297540 0.11137576 0.09523944 0.16380010 0.15781583 0.13012627 0.14625935 0.21029005 0.14963261 0.15594012 0.08719771 0.11882781 0.09098230 0.11229964 0.09414408 0.17650015 0.12167011 0.13738919 0.12208998 0.12648496 0.13085389 0.13135174 0.13583391 0.16271564 0.12534996 0.12114024 0.08375402 0.13225905 0.13285010 0.08334365 0.02786812 0.11450788 0.10143502 0.10023571 0.13473280 0.09051560 0.21520685 0.18859434 0.09402926 0.07774247 0.14734194 0.11983713 0.14555297 0.10743143 0.12297485 0.14613008 0.14551165 0.12100174 0.18810763 0.14818833 0.15261293 0.18259550 0.12818952 0.12370356 0.27414692 0.14112463 0.11011973 0.06809961 0.08451110 0.06834322 0.04881746 0.08853737 0.12897765 0.15919524 0.13101601 0.08670824 0.09290036 0.13546964 0.15963877 0.14081940 0.12397163 0.16350390 0.08561441 0.05086748 0.12518438 0.14947587 0.03623989 0.11581910 0.18835933 0.08679484 0.11416096 0.11699622 0.09160598 0.23740171 0.10968470 0.09474774 0.18071819 0.12083660 0.05229663 0.18608000 0.14050298 0.12800972 0.05598878 0.10026244 0.05188593 0.07711091 0.08293969 0.08633615 0.19758003 0.08607979 0.05526215 0.09815952 0.13703058 0.12309607 0.17141870 0.17678290 0.17540310 0.07283584 0.14045760 0.10660809 0.09077229 0.03879904 0.19221900 0.08873670 0.11911829 0.06920502 0.17434607 0.16466536 0.19846881 
0.13943057 0.13161839 0.09252908 0.10079494 0.14094499 0.17086409 0.17930439 0.23654008 0.47738522 0.00000000 0.34239615 0.27379777 0.17305985 0.11676538 0.11139233 0.08531846 0.17403301 0.07463227 0.12258985 0.10412596 0.12447259 0.07470074 0.09333449 0.15399640 0.16489136 0.04628546 0.14424644 0.13750552 0.09671502 0.13519668 0.11791206 0.04693785 0.11939123 0.07690174 0.18789093 0.10763483 0.12331291 0.15330631 0.12485677 0.08052699 0.20815965 0.09769662 0.09249412 0.10322397 0.09670265 0.10874628 0.10695185 0.08713708 0.14367626 0.03816024 0.06228965 0.06950588 0.13784565 0.11299733 0.13548509 0.16942460 0.14549648 0.09098836 0.15384458 0.14662148 0.15518707 0.17204753 0.02570266 0.10432395 0.09034416 0.09332544 0.10055015 0.12720236 0.14098519 0.13276317 0.13332611 0.16998272 0.13355037 0.17534560 0.10742888 0.14000400 0.13530181 0.16159503 0.10190663 0.13430386 0.15529117 0.12310135 0.12272000 0.12634314 0.15947536 0.15260056 0.10246049 0.67399074 0.12075930 0.31639352 0.58525668 0.11689236 0.07019295 0.07290681 0.13588694 0.11214933 0.14012963 0.13951731 0.04751607 0.12404280 0.10826268 0.14089356 0.10188863 0.18044843 0.09917771 0.09528818 0.14572621 0.10339012 0.09956512 0.05017765 0.08196448 0.21893766 0.08649755 0.07201061 0.11850501 0.11866116 0.12496008 0.08183311 0.13584629 0.18381681 0.12753488 0.10222837 0.10632369 0.09549679 0.07385982 0.13763644 0.06782877 0.12977479 0.12782395 0.06376390 0.12246112 0.09407100 0.06821478 0.08894602 0.12148572 0.14092556 0.12411314 0.12466441 0.08743700 0.14637205 0.14561318 0.12612427 0.14890886 0.11353327 0.09508601 0.07991910 0.10826421 0.07645878 0.06195137 0.06321571 0.11545225 0.14278329 0.16235576 0.10376537 0.14884079 
0.08156481 0.12326597 0.10362264 0.14293220 0.13018431 0.11277012 0.14208883 0.26105972 0.21340227 0.34239615 0.00000000 0.24667957 0.35007445 0.10320896 0.11761760 0.07831349 0.08254497 0.08313146 0.14171547 0.09390914 0.11259189 0.07413361 0.12284834 0.13077882 0.06799902 0.09630889 0.14871819 0.13018529 0.08103758 0.09880774 0.12421905 0.12956294 0.11881068 0.08020678 0.09092001 0.12574230 0.13999023 0.17566519 0.15346869 0.16173291 0.15989611 0.10593839 0.10985838 0.08140052 0.18649832 0.17211225 0.17034656 0.15949793 0.11206132 0.11051180 0.10536762 0.10069266 0.08902570 0.09306163 0.09845684 0.11492291 0.12766985 0.11643825 0.11371532 0.15446735 0.08618833 0.13565601 0.07390811 0.10360528 0.10199407 0.16167671 0.13849474 0.22206393 0.07563178 0.24671365 0.10031038 0.13884792 0.10882361 0.13726892 0.08015151 0.15699491 0.14036672 0.10321903 0.10463617 0.13853569 0.14208445 0.07004303 0.12029385 0.09232475 0.08402318 0.17186727 0.15286375 0.12065476 0.46127701 0.09893690 0.09353265 0.21133609 0.12120080 0.17524562 0.16389796 0.15479734 0.13006814 0.12139961 0.18991881 0.13013805 0.07023900 0.09104046 0.12626106 0.09743116 0.11665367 0.13842696 0.15693565 0.06194474 0.10735384 0.11435584 0.12362202 0.13168411 0.09359861 0.19036795 0.17933557 0.10572219 0.09686715 0.15151966 0.11212205 0.17464725 0.06735231 0.12199514 0.17031685 0.11737853 0.06867876 0.14634631 0.07618801 0.13469477 0.13834495 0.14286058 0.22590014 0.10683015 0.20237307 0.07565486 0.12080822 0.14496360 0.18266645 0.10581925 0.13637791 0.14179590 0.07977332 0.10432397 0.18996663 0.09534093 0.12311695 0.13186587 0.12088473 0.08941500 0.22596706 0.11744083 0.13096545 0.11813687 0.12099197 0.11556917 0.05883016 
0.18450480 0.14373474 0.15766048 0.12738929 0.17674901 0.10874387 0.09889979 0.14805268 0.23577062 0.27379777 0.24667957 0.00000000 0.17327999 0.26728812 0.12159797 0.18199880 0.07749751 0.08189100 0.15308799 0.09572169 0.10969357 0.07714929 0.11629501 0.18478391 0.16857450 0.07871836 0.10790336 0.08799948 0.11992671 0.07838671 0.06807517 0.13029433 0.05178278 0.10776108 0.13632650 0.10292139 0.10610203 0.15232306 0.13006581 0.10002288 0.16686205 0.14895939 0.13257240 0.16111348 0.11234594 0.11780055 0.15479369 0.07809114 0.10750672 0.20299647 0.07188101 0.10308076 0.10647898 0.07176086 0.06868958 0.13864886 0.11865930 0.13547502 0.08878833 0.11866083 0.12871481 0.07629601 0.10306532 0.11210888 0.11566144 0.08142030 0.09179479 0.06677341 0.13688570 0.19909813 0.24845151 0.18578056 0.23386333 0.36460850 0.22361796 0.19346365 0.18214662 0.12452588 0.14861176 0.13787388 0.12318220 0.11034547 0.10967887 0.11112291 0.15623737 0.55317570 0.13556046 0.37915955 0.12680381 0.23091519 0.08473383 0.09461460 0.08090506 0.06766245 0.12363022 0.12759850 0.08785296 0.10774837 0.11290681 0.15675547 0.12571290 0.11818935 0.14596155 0.11147308 0.14857447 0.13658875 0.12895725 0.17391805 0.11993272 0.08195328 0.13123163 0.08036510 0.05783097 0.11384216 0.12910147 0.15680898 0.14481245 0.07202162 0.03124538 0.13026396 0.09806056 0.13992589 0.10418304 0.18480671 0.11107874 0.11455852 0.20192269 0.07679631 0.16101271 0.05300959 0.14716986 0.08306102 0.09674920 0.12655805 0.09535207 0.11054730 0.11608020 0.14549289 0.13690675 0.19211620 0.13628182 0.10054795 0.10138779 0.09910890 0.09446325 0.11548873 0.09965317 0.10004081 0.14020242 0.05494986 0.11295158 0.08648772 0.09185696 0.15373634 0.09864244 
0.16004609 0.07077818 0.15896561 0.12120692 0.13257605 0.19896231 0.20399035 0.12591273 0.04076562 0.17305985 0.35007445 0.17327999 0.00000000 0.13662360 0.32129372 0.10810665 0.09152539 0.08384696 0.18276318 0.11922193 0.11592094 0.17177071 0.13797994 0.06870236 0.15957581 0.06014860 0.10489484 0.14178623 0.10665064 0.12370548 0.08352044 0.13158093 0.14186588 0.05103085 0.10122260 0.02217860 0.06420905 0.06464035 0.17347378 0.12519773 0.13393547 0.13049097 0.07150278 0.09036755 0.08873378 0.19870649 0.07992732 0.17423820 0.11856770 0.19410378 0.16341217 0.12720718 0.17483184 0.08431845 0.12441429 0.14606108 0.14547307 0.06619553 0.09937044 0.05921893 0.12693238 0.11721508 0.15420127 0.08459147 0.09224701 0.22164327 0.19376783 0.47369373 0.10031196 0.07230013 0.16051319 0.12436258 0.15836270 0.10962141 0.07685785 0.08250699 0.12802455 0.08775613 0.12101301 0.16055467 0.09093840 0.07026542 0.10862438 0.16643882 0.14702179 0.13302783 0.32610350 0.10611361 0.19983972 0.09114072 0.08423571 0.14181961 0.11686233 0.09517793 0.13832544 0.12576473 0.17066190 0.14083095 0.13579407 0.10777400 0.11083540 0.12613034 0.13779159 0.15132996 0.10481040 0.10130495 0.04545040 0.11314641 0.10215185 0.07028744 0.06914239 0.16595230 0.13714933 0.08882192 0.10711131 0.10488220 0.16572995 0.09150344 0.20185767 0.13856581 0.08880364 0.08801278 0.11360930 0.17767812 0.15712240 0.22633007 0.11215409 0.15364156 0.19018770 0.18285691 0.17335014 0.10900308 0.12124843 0.10336683 0.16110202 0.07457486 0.16607632 0.09297608 0.09349627 0.08076736 0.06787468 0.08267735 0.16815974 0.12636235 0.13232079 0.12664859 0.15020446 0.13844518 0.15055869 0.14408476 0.22594144 0.09280492 0.10278054 0.11092793 0.13717842 
0.10552437 0.12776979 0.13297256 0.10818034 0.09617550 0.11450400 0.17015011 0.14889789 0.14148180 0.11676538 0.10320896 0.26728812 0.13662360 0.00000000 0.25220234 0.24612932 0.11526043 0.09438071 0.14609580 0.07420446 0.08350950 0.05619543 0.17397158 0.13689013 0.11807709 0.11530520 0.09972324 0.12050309 0.14544124 0.03250157 0.11369383 0.13336491 0.13317672 0.19380406 0.19153409 0.17074174 0.15095480 0.08405165 0.15682717 0.09431726 0.13746633 0.17702341 0.12858516 0.13088305 0.11662802 0.16441162 0.12987997 0.14575061 0.14896156 0.08404310 0.07041383 0.11990015 0.09368539 0.19634884 0.16891486 0.12908696 0.12206682 0.13803501 0.10506254 0.13437297 0.14507274 0.10334691 0.05850727 0.12374565 0.08044332 0.15749670 0.16669315 0.10779582 0.13503269 0.16309261 0.25919900 0.15959333 0.18505016 0.17071036 0.22112716 0.07210148 0.15601864 0.16088121 0.11278174 0.11249090 0.12922082 0.11242838 0.11688575 0.42825078 0.17589160 0.20859135 0.13270498 0.16993566 0.08652062 0.17350345 0.07623368 0.11092718 0.17076935 0.12019212 0.13689539 0.12068043 0.09422466 0.09564051 0.05496841 0.07184019 0.13556416 0.03166660 0.10652606 0.05946948 0.15234049 0.12128591 0.08033174 0.12762149 0.17166544 0.14678473 0.13447816 0.15596244 0.10019764 0.14149779 0.10880441 0.12356916 0.08278215 0.14366621 0.16499273 0.06913090 0.10136465 0.10194355 0.14946383 0.06940666 0.08980508 0.13985647 0.13223765 0.19748116 0.04588132 0.07626147 0.16646970 0.10134823 0.12610537 0.17636534 0.12621947 0.09494097 0.11088598 0.17129519 0.08850771 0.12930218 0.10193414 0.13335114 0.14266185 0.17812748 0.12719481 0.11686943 0.15063351 0.15347915 0.04691356 0.11189749 0.15818975 0.13806291 0.08826705 0.11492490 0.12526038 
0.11495532 0.08518541 0.09113249 0.16767043 0.15695987 0.14371705 0.08568532 0.15543123 0.12403087 0.11139233 0.11761760 0.12159797 0.32129372 0.25220234 0.00000000 0.13863567 0.19078971 0.09195629 0.09026869 0.12977916 0.16198650 0.19693353 0.12058698 0.12029748 0.11726428 0.22689381 0.20041175 0.11154180 0.10136268 0.15003813 0.14157017 0.11387791 0.11507614 0.08236645 0.08759664 0.13147033 0.10198761 0.07658578 0.06386011 0.11869251 0.10193744 0.11180377 0.09864288 0.15146169 0.13972150 0.09612001 0.08741261 0.10023144 0.17993720 0.20406594 0.13736677 0.11699093 0.16258644 0.09974104 0.10139491 0.10272937 0.15313041 0.17112794 0.12312697 0.14525078 0.13936318 0.09481245 0.20110454 0.15307137 0.17467292 0.37637519 0.18150618 0.16282913 0.11329131 0.14959144 0.18233204 0.19087434 0.09197364 0.08009737 0.14301401 0.14423763 0.04946369 0.06648917 0.13934802 0.14697996 0.15068564 0.13487568 0.16376436 0.11227748 0.24985802 0.14329025 0.32454530 0.08318424 0.14658223 0.05709270 0.12832752 0.11832294 0.09559286 0.15234262 0.04819692 0.18149881 0.16634690 0.11581693 0.15171014 0.15884708 0.07750681 0.05110804 0.09012604 0.08638370 0.16174662 0.10373533 0.11091014 0.14417018 0.15000006 0.11471735 0.12388382 0.09298026 0.11649923 0.09456024 0.11412544 0.17131530 0.08680933 0.12924453 0.15898129 0.15155792 0.07374544 0.11738687 0.11651955 0.07940087 0.09620083 0.12121168 0.03065790 0.09739313 0.14106021 0.12481897 0.18538835 0.10321277 0.11194826 0.11046269 0.13610310 0.10534295 0.10414838 0.12966408 0.10858522 0.13808566 0.14656740 0.14634723 0.13867771 0.13525193 0.13071036 0.06068797 0.10455063 0.10460560 0.19565915 0.14713581 0.11129051 0.16274258 0.09232497 0.10223951 0.06559877 
0.12885967 0.12455918 0.12845193 0.10138207 0.10742918 0.02860293 0.09501066 0.08850177 0.13156473 0.08531846 0.07831349 0.18199880 0.10810665 0.24612932 0.13863567 0.00000000 0.14023978 0.19228149 0.12002398 0.15521866 0.11911995 0.07853263 0.14281450 0.12782210 0.16008569 0.16691429 0.10170856 0.14752300 0.25795293 0.16474205 0.18932926 0.27177911 0.27001372 0.11298440 0.20719576 0.25376658 0.16234199 0.17709165 0.17199402 0.09183262 0.11658680 0.08781181 0.16674824 0.10654923 0.14253580 0.10433362 0.14713464 0.12054219 0.15513263 0.10409817 0.06168776 0.10694632 0.14144216 0.14743786 0.08807934 0.12452370 0.17496070 0.09347028 0.18378183 0.14330907 0.13050063 0.09013513 0.21978092 0.12475353 0.14499953 0.14240086 0.19061788 0.07079404 0.13112120 0.18159822 0.12469755 0.15158734 0.12687532 0.15433637 0.16826681 0.17587653 0.14447017 0.16029053 0.14646344 0.12041496 0.15447021 0.13825230 0.29683743 0.27586905 0.13303004 0.05531927 0.12024272 0.13356320 0.22863749 0.09996966 0.11130033 0.06131570 0.12361408 0.13550153 0.10454878 0.06790433 0.11723344 0.18062961 0.08207392 0.17066421 0.19975411 0.14410562 0.13466779 0.13930060 0.07986859 0.19691521 0.10692224 0.06770717 0.11631588 0.06590676 0.11342802 0.10481223 0.06066359 0.11574496 0.06583688 0.17323713 0.01554021 0.07233070 0.08916966 0.13227337 0.07862600 0.09260267 0.08565791 0.07934871 0.17903892 0.11802312 0.12489042 0.09448054 0.08817996 0.15958474 0.07128625 0.10928143 0.14969130 0.10187984 0.20451255 0.11933487 0.08004482 0.12808083 0.10418302 0.14377905 0.07150876 0.10391524 0.09145082 0.11423659 0.14371539 0.17082348 0.11776301 0.09068965 0.18707140 0.11385601 0.08947988 0.08670082 0.10616001 0.12586559 0.12785978 
0.13397010 0.11094179 0.08502732 0.13257652 0.11182697 0.08206138 0.14951455 0.09109385 0.12001075 0.17403301 0.08254497 0.07749751 0.09152539 0.11526043 0.19078971 0.14023978 0.00000000 0.13563854 0.18652331 0.20989738 0.22051962 0.11846524 0.16560050 0.08973170 0.13667938 0.12942539 0.07344087 0.13247450 0.10368360 0.16209510 0.15872953 0.09180432 0.16855953 0.14935377 0.14837992 0.16782628 0.12936268 0.14483415 0.15306906 0.09849329 0.13467992 0.11495267 0.10858588 0.11423016 0.13847463 0.08358138 0.10804599 0.10840590 0.04023460 0.25970665 0.11797364 0.19921957 0.19114699 0.13303388 0.13598433 0.16528627 0.14068102 0.22494467 0.11548444 0.21699249 0.14500797 0.11201336 0.17851337 0.50023891 0.17192262 0.30768455 0.13208235 0.05919168 0.14070088 0.15263335 0.15365315 0.13351016 0.11795937 0.15775351 0.15303476 0.14563825 0.12267715 0.15817248 0.12879586 0.05942075 0.12989393 0.14369738 0.10511586 0.14095133 0.27079557 0.13287818 0.18203440 0.15201520 0.13059299 0.12093818 0.14529884 0.15024435 0.13090993 0.05160622 0.11368395 0.04138166 0.12952616 0.14664428 0.08993035 0.16844484 0.15763394 0.07633739 0.14150453 0.12293742 0.11956673 0.08265376 0.13247523 0.18157737 0.08685651 0.14839173 0.10347138 0.13623451 0.12063246 0.11427545 0.10860243 0.15646757 0.09369481 0.08707873 0.12854431 0.16731625 0.10018628 0.13522435 0.08135536 0.16326298 0.09432483 0.16362396 0.09135156 0.11184596 0.08749697 0.12070346 0.09193713 0.07368782 0.08017418 0.09760912 0.13656601 0.08646993 0.14563027 0.11267575 0.13015156 0.11996428 0.10170321 0.16535849 0.07357802 0.12511438 0.11440003 0.13397899 0.07068748 0.10485820 0.08959261 0.06703925 0.06950947 0.13439030 0.15306384 0.09968160 0.11638153 
0.10832877 0.13202615 0.14426264 0.12087504 0.13398506 0.11675496 0.16299741 0.08299607 0.17468801 0.07463227 0.08313146 0.08189100 0.08384696 0.09438071 0.09195629 0.19228149 0.13563854 0.00000000 0.16576613 0.30897694 0.15667638 0.12912749 0.12935140 0.18113968 0.23016540 0.14958465 0.13806077 0.15791855 0.22904229 0.11980501 0.11527003 0.31884696 0.12015436 0.09422651 0.08157187 0.16128397 0.20378673 0.11076438 0.11398663 0.16549674 0.14380895 0.11596462 0.12738921 0.12700076 0.18010499 0.10279497 0.12595760 0.16211858 0.14445866 0.13194987 0.16841834 0.18883366 0.13076497 0.22724593 0.13799783 0.11046161 0.10912933 0.11431836 0.15328408 0.12407228 0.15585874 0.17439015 0.19144176 0.18650237 0.18660060 0.10363030 0.20028509 0.15216486 0.16435692 0.12874815 0.13299691 0.15287419 0.14706984 0.13825925 0.09985864 0.11646993 0.13022980 0.18353780 0.10436932 0.08619911 0.11432481 0.07110928 0.10578178 0.07513393 0.11172819 0.10194557 0.12131326 0.07528341 0.15616409 0.13341037 0.12745481 0.12102617 0.10382287 0.08721625 0.15459219 0.09497535 0.10995674 0.12678733 0.23328900 0.12271720 0.11091196 0.11291613 0.14744473 0.09336673 0.06279056 0.10906101 0.09362100 0.07604137 0.12903314 0.12271735 0.14308633 0.17936702 0.10525476 0.13383809 0.10139607 0.11128709 0.12735226 0.12664898 0.12357499 0.09512772 0.11509336 0.16040179 0.13045528 0.12265679 0.10676859 0.14861314 0.18930770 0.07880546 0.19058956 0.12288026 0.11611766 0.12944711 0.12851347 0.15418627 0.11487551 0.16203712 0.14220644 0.11915652 0.05786513 0.14073310 0.13039315 0.12066942 0.04096013 0.12551220 0.14334480 0.12863614 0.13588198 0.05413482 0.12762164 0.15749969 0.11267471 0.04981577 0.08864432 0.14138378 0.13733138 
0.13891141 0.05621474 0.17773471 0.13827751 0.11791316 0.14047076 0.08171653 0.15122749 0.14561624 0.12258985 0.14171547 0.15308799 0.18276318 0.14609580 0.09026869 0.12002398 0.18652331 0.16576613 0.00000000 0.20504760 0.22792018 0.20023880 0.10855310 0.10469608 0.08604969 0.19659738 0.11064622 0.22203982 0.09381318 0.09165988 0.13145236 0.18896042 0.11759132 0.12881385 0.07347633 0.12223703 0.08170567 0.19319124 0.09997178 0.14558869 0.09759955 0.12884308 0.16992683 0.15543634 0.10942443 0.11376902 0.14525020 0.12597209 0.12101978 0.17935410 0.11915059 0.13494462 0.17692821 0.15581295 0.13172942 0.14185547 0.14184217 0.13806120 0.16715305 0.14214975 0.10424166 0.29216482 0.14407450 0.26691915 0.08212639 0.15005496 0.11709691 0.11738749 0.17054822 0.14724086 0.10137102 0.10465248 0.08652325 0.12598591 0.14079143 0.14792275 0.17244874 0.12467108 0.14990267 0.14710749 0.14879149 0.11755392 0.10012149 0.10161658 0.09391740 0.15204026 0.13562863 0.11704141 0.10212103 0.10995961 0.16361784 0.06979795 0.09597094 0.12721847 0.11518235 0.09160860 0.11887923 0.12329969 0.12336675 0.14538001 0.08120066 0.10432235 0.13475081 0.10771547 0.06563134 0.11765167 0.13136990 0.10553877 0.13855441 0.08657295 0.18071637 0.12373686 0.13635657 0.19311721 0.13306980 0.14575232 0.09321539 0.11298340 0.16992981 0.17986112 0.10702602 0.15526389 0.14728441 0.11208126 0.12837819 0.15807693 0.13796835 0.07777611 0.10404075 0.08173863 0.14812493 0.11081959 0.11849004 0.11627876 0.14299376 0.14400634 0.14128812 0.11315955 0.15130314 0.10296556 0.13781707 0.10598695 0.10974245 0.10633502 0.13053585 0.08884339 0.09264351 0.14786658 0.12204640 0.10160672 0.14745237 0.09266201 0.11342431 0.18534588 0.15050744 
0.07708078 0.09563799 0.15570455 0.06486589 0.13580811 0.06243737 0.11027695 0.14227299 0.08239094 0.10412596 0.09390914 0.09572169 0.11922193 0.07420446 0.12977916 0.15521866 0.20989738 0.30897694 0.20504760 0.00000000 0.24539637 0.33136394 0.15911136 0.14600406 0.12664533 0.21865158 0.10461864 0.18894942 0.15540048 0.14711606 0.12667284 0.07895184 0.19019766 0.14815432 0.12612518 0.14830761 0.16310510 0.12836639 0.08135132 0.13518778 0.13382247 0.14493239 0.15049798 0.08605380 0.11936599 0.12919763 0.10134900 0.12988665 0.16273170 0.11508369 0.24894226 0.17507009 0.17271035 0.19705898 0.23163951 0.15492505 0.12782132 0.23716046 0.18049880 0.14511265 0.17412784 0.12930274 0.22459025 0.17870517 0.22545616 0.18553684 0.12089530 0.10756261 0.13623736 0.16034595 0.10233537 0.07024744 0.13120450 0.06664754 0.10209988 0.06668591 0.11025136 0.08516474 0.06620106 0.07728976 0.10280909 0.13198704 0.10374722 0.14632107 0.06229997 0.08154349 0.13834970 0.15077455 0.12870255 0.09976059 0.10451105 0.10906862 0.08866773 0.10939747 0.10981920 0.06847182 0.05937517 0.04665554 0.13309055 0.13606045 0.14261984 0.15087416 0.08650716 0.11301518 0.14390061 0.10477605 0.10958050 0.12235355 0.15618550 0.16552280 0.09409750 0.13298157 0.05421882 0.17548617 0.04654254 0.09578192 0.16795867 0.09495470 0.12714561 0.04041551 0.10548767 0.14812509 0.07883931 0.10593355 0.12633304 0.18792041 0.18297903 0.08411656 0.21509899 0.16669192 0.17681839 0.13111681 0.10935860 0.08345216 0.13762764 0.15209271 0.15541421 0.10686052 0.11420851 0.14793336 0.15797289 0.01367264 0.11241213 0.11168348 0.05517395 0.11992332 0.11954553 0.14335562 0.14395691 0.17143791 0.12470101 0.12488149 0.07791889 0.14560473 0.13969037 
0.12790989 0.12894857 0.12730501 0.15041029 0.09457453 0.08912242 0.11966082 0.12271479 0.12370963 0.12447259 0.11259189 0.10969357 0.11592094 0.08350950 0.16198650 0.11911995 0.22051962 0.15667638 0.22792018 0.24539637 0.00000000 0.24213597 0.23086528 0.12659547 0.20985541 0.10288424 0.11864088 0.13697889 0.14451333 0.08289128 0.10461805 0.13701724 0.11902679 0.12441043 0.16824398 0.11345850 0.10412506 0.13425519 0.07368453 0.13459406 0.18083358 0.10202934 0.14008663 0.10156142 0.10326619 0.12274807 0.16964825 0.12476599 0.08264120 0.10959787 0.15325390 0.10874687 0.14779102 0.18409871 0.17152877 0.12629165 0.12896821 0.14285046 0.18664691 0.18747827 0.14437259 0.29502088 0.14751439 0.15163523 0.10550608 0.13718888 0.09486487 0.09081580 0.09602904 0.07884346 0.15989167 0.03298597 0.10052210 0.13028033 0.15239808 0.12645385 0.08795337 0.14884168 0.12521014 0.09937320 0.10485348 0.13297025 0.11003341 0.09652329 0.17209323 0.10700602 0.14548174 0.10833206 0.11392087 0.13810595 0.20142083 0.10736880 0.12914606 0.12349925 0.07930438 0.11466318 0.09137723 0.10807760 0.12135113 0.09028799 0.12865181 0.09589592 0.10806088 0.16057729 0.09614122 0.18661462 0.18491903 0.09961680 0.06390468 0.10237572 0.13523682 0.07488090 0.11924152 0.08331600 0.12558888 0.13574682 0.09996625 0.15550325 0.08958055 0.18688949 0.15285384 0.08739861 0.10383071 0.16828942 0.11558305 0.21529421 0.13872663 0.13628769 0.15717520 0.21179825 0.04591307 0.13581823 0.15552392 0.17209386 0.14068751 0.18730973 0.13163656 0.14884250 0.11983850 0.12808792 0.13161996 0.14138346 0.15427516 0.10210867 0.10758372 0.14053096 0.14744035 0.18503619 0.06988300 0.17668033 0.12854030 0.12823581 0.11535047 0.13307279 0.09854748 
0.11218514 0.11868214 0.16776605 0.11047627 0.07313187 0.09879756 0.12278947 0.09724192 0.10653117 0.07470074 0.07413361 0.07714929 0.17177071 0.05619543 0.19693353 0.07853263 0.11846524 0.12912749 0.20023880 0.33136394 0.24213597 0.00000000 0.27941586 0.18337284 0.17754828 0.21979835 0.12031419 0.12006148 0.16041935 0.17378647 0.15882451 0.11096674 0.10944065 0.19978480 0.08824032 0.10445085 0.10649315 0.09740491 0.09002169 0.11704323 0.09982104 0.14012586 0.12487027 0.09345590 0.18491483 0.12906202 0.10094564 0.19116314 0.12497857 0.14050515 0.12171706 0.12211616 0.18476859 0.16351401 0.28511796 0.10875019 0.11861469 0.14103792 0.16218979 0.11445419 0.15346908 0.12982423 0.25820148 0.17863842 0.09532274 0.15941172 0.12801640 0.14468285 0.14092730 0.11883979 0.10914712 0.07492912 0.11493824 0.11276800 0.14799720 0.11606991 0.05479327 0.13972251 0.08749255 0.09202426 0.10908270 0.08069152 0.11987074 0.11501588 0.12696876 0.10567197 0.13628393 0.10064839 0.11590983 0.10450629 0.13371581 0.12182893 0.11223943 0.08150890 0.06697113 0.07745388 0.13973783 0.06224267 0.12874908 0.08855836 0.11622843 0.13058417 0.11735906 0.12900224 0.10430368 0.21270640 0.15890454 0.16977426 0.13354775 0.11517690 0.14321367 0.10716129 0.14587753 0.16072741 0.08420627 0.15805572 0.14697668 0.09172602 0.11014772 0.07533354 0.15318292 0.05873333 0.11990278 0.10012537 0.13462294 0.15159313 0.11640126 0.09892783 0.09587657 0.16838009 0.14493619 0.18316247 0.11894383 0.11500606 0.14195934 0.10646506 0.14335525 0.19162493 0.14624303 0.11535465 0.17425141 0.07832368 0.07192579 0.17626495 0.14430460 0.16468434 0.11141355 0.17941142 0.10525700 0.13597700 0.14960125 0.15622755 0.21875321 0.13882167 0.11810419 
0.11226983 0.10899870 0.13818965 0.07643612 0.10021119 0.14434187 0.14807375 0.14811902 0.13836928 0.09333449 0.12284834 0.11629501 0.13797994 0.17397158 0.12058698 0.14281450 0.16560050 0.12935140 0.10855310 0.15911136 0.23086528 0.27941586 0.00000000 0.14033423 0.23088328 0.16572862 0.13840343 0.12683079 0.09950276 0.11214798 0.13952599 0.13579003 0.10843501 0.13440818 0.11447712 0.10449425 0.13898492 0.09847862 0.10043935 0.08826577 0.10198450 0.19973041 0.12484740 0.13119670 0.14067112 0.16085125 0.11154857 0.14556935 0.08753065 0.15676944 0.12673789 0.14128932 0.18155811 0.12310685 0.15033806 0.17957333 0.10765111 0.15487834 0.13872906 0.17567042 0.15194112 0.18596990 0.17189002 0.13639819 0.12535578 0.09692847 0.12631291 0.10358697 0.13628899 0.10051409 0.10032251 0.12653765 0.12332161 0.12958290 0.14567304 0.12897688 0.10707446 0.10369560 0.11313130 0.14830839 0.16435257 0.14078485 0.13155505 0.14410422 0.17155020 0.12468507 0.12783579 0.12412114 0.13438810 0.11272505 0.07412216 0.15204030 0.11320478 0.11110476 0.14789125 0.12162493 0.10163304 0.10743940 0.09635246 0.11452116 0.10133565 0.16535017 0.12828869 0.12061332 0.14691166 0.13312701 0.12396661 0.17652532 0.10504292 0.13115167 0.12869379 0.17581629 0.11727426 0.12272685 0.16069454 0.14625702 0.11807504 0.12731783 0.12167868 0.18493198 0.15493649 0.14045431 0.08449603 0.14772527 0.08341373 0.12816978 0.09556981 0.09405250 0.17399916 0.13203363 0.12354262 0.09784403 0.11036426 0.10919276 0.13675010 0.09567507 0.12787391 0.14868648 0.11060230 0.17216564 0.20319973 0.11796124 0.10953063 0.10587551 0.12044563 0.12202903 0.13162461 0.08206571 0.06517600 0.14209685 0.15363277 0.14659282 0.08911643 0.12541469 0.08585648 
