0.00000000 0.08013378 0.08450932 0.09606289 0.02370074 0.03407908 0.06879557 0.05903131 0.04726900 0.04919172 0.05521854 0.02895779 0.05463623 0.04628552 0.08634929 0.03939416 0.04363318 0.04369855 0.06792864 0.02875114 0.02306101 0.05534267 0.01755397 0.07774388 0.04734139 0.01689009 0.07945105 0.04252358 0.04230637 0.01923831 0.04334281 0.04613477 0.02203370 0.05914737 0.04905991 0.04770889 0.06095586 0.04451786 0.04428416 0.06542687 0.03445225 0.03110845 0.04234864 0.04487237 0.05642806 0.04610978 0.01358196 0.08824156 0.01641226 0.04494311 0.06362378 0.03891013 0.04739726 0.01764623 0.04308071 0.04112188 0.07178180 0.02905155 0.07615967 0.05274750 0.08387485 0.03668598 0.04524529 0.02892133 0.03510744 0.03927915 0.06937307 0.05654752 0.04749346 0.04935823 0.05400325 0.04615696 0.05403937 0.04463920 0.04609176 0.07280749 0.04879355 0.08033895 0.06451882 0.05176049 0.08246327 0.06895384 0.03676992 0.04767649 0.05025673 0.07578133 0.02066708 0.06277312 0.04493180 0.05187932 0.02963850 0.05433980 0.05519398 0.01419540 0.05100509 0.06081432 0.06543981 0.02682063 0.04384276 0.01892887 0.03955835 0.04417834 0.07970171 0.05675711 0.03494656 0.03111508 0.03869553 0.02559981 0.00931946 0.02690348 0.03571295 0.05914066 0.05249279 0.04935711 0.03196609 0.05415724 0.04305972 0.02768542 0.05120305 0.06933953 0.05788236 0.04401858 0.03008496 0.04614446 0.04672200 0.06967255 0.02582804 0.03640785 0.03343464 0.03392953 0.02843697 0.05757487 0.03733612 0.06691633 0.03424616 0.04343285 0.04628732 0.02984852 0.03548127 0.04854044 0.06732918 0.05663730 
0.08013378 0.00000000 0.07391449 0.04294610 0.04760525 0.06313883 0.05232987 0.08390532 0.01835398 0.04631376 0.04661508 0.05602429 0.06273082 0.04175222 0.02105390 0.03167554 0.06005851 0.04693631 0.05396931 0.04276863 0.01870814 0.03582735 0.02810369 0.03239266 0.03838368 0.05748678 0.04303828 0.04870086 0.05482777 0.03275165 0.05616348 0.04421281 0.03081720 0.05135540 0.02796180 0.06780828 0.03096033 0.02730268 0.02716296 0.05508626 0.02416384 0.02978960 0.04615991 0.06354119 0.05814043 0.04012974 0.03236662 0.04765387 0.05473998 0.04171293 0.03021539 0.02139220 0.07170171 0.02989941 0.04628201 0.04433665 0.08589972 0.03513464 0.05066119 0.06320048 0.07372017 0.04837542 0.06713049 0.04744038 0.06940989 0.08878373 0.02439657 0.09371550 0.00937805 0.05735088 0.03410439 0.06168688 0.05067120 0.04919944 0.01045414 0.04800851 0.11342164 0.06255770 0.05670169 0.07629564 0.03218877 0.07050349 0.05726576 0.05593226 0.02200909 0.03310743 0.02435059 0.03956816 0.03401516 0.05365242 0.04108336 0.03227135 0.02793139 0.03660272 0.01598609 0.03070165 0.04949395 0.07785154 0.07525666 0.10601433 0.01525739 0.06538241 0.06151615 0.08453662 0.02672700 0.05458731 0.04930290 0.06051463 0.07068017 0.01000867 0.03105147 0.02710996 0.04814514 0.05635948 0.03684331 0.04721021 0.05669941 0.06440018 0.04908017 0.02892087 0.07366975 0.03585963 0.05607382 0.03405437 0.02786550 0.06730966 0.10904322 0.07711149 0.01926546 0.07124305 0.03528879 0.05514177 0.02733373 0.03313688 0.05692733 0.02137588 0.04484669 0.04773267 0.03438948 0.05484214 0.01681078 0.03572986 
0.08450932 0.07391449 0.00000000 0.12333292 0.05596093 0.03165099 0.05243363 0.05110573 0.03273808 0.06436748 0.05188588 0.05311409 0.03967892 0.06520883 0.04801855 0.03230100 0.03581756 0.01959608 0.06059922 0.06297001 0.04336551 0.04980219 0.02478522 0.02643781 0.08445505 0.03861088 0.04569138 0.03669249 0.05060750 0.03551719 0.03085746 0.02554590 0.05641946 0.03560725 0.04709597 0.04629236 0.04565721 0.03187121 0.01074565 0.05195444 0.02816548 0.06326892 0.03671134 0.04513834 0.04702361 0.03660207 0.03440971 0.02881364 0.04226181 0.04770659 0.06344855 0.10392930 0.07752430 0.05573000 0.08486566 0.04508938 0.07232961 0.04802591 0.03499487 0.05796604 0.03874276 0.06871318 0.05853851 0.06768730 0.03677159 0.06176346 0.03061280 0.04177748 0.04051694 0.03341317 0.05188510 0.07829335 0.03538168 0.05812468 0.04740190 0.06363901 0.05050143 0.07510332 0.04494121 0.03780620 0.03330567 0.03851794 0.06748360 0.02354962 0.03574725 0.05704611 0.07830804 0.05398732 0.02080943 0.06878066 0.03547913 0.04059280 0.07188361 0.04918371 0.03033185 0.04349870 0.03740414 0.04271091 0.03231977 0.03199006 0.05882002 0.05756603 0.05062568 0.04306463 0.06397658 0.02162255 0.02722768 0.04830574 0.05691445 0.02279087 0.08740401 0.03206884 0.03431661 0.04070578 0.04437254 0.03254800 0.07726275 0.03902348 0.03729960 0.03558970 0.04120650 0.02549196 0.08645696 0.06010526 0.08474438 0.07049638 0.06859967 0.02394924 0.04666572 0.04041234 0.01762230 0.01969166 0.02499175 0.03236811 0.05037196 0.05046859 0.03243476 0.04646315 0.05827943 0.02418289 0.06249180 0.04398184 
0.09606289 0.04294610 0.12333292 0.00000000 0.05605608 0.05721170 0.03533725 0.05747050 0.02141140 0.05979932 0.02474126 0.08023552 0.04747028 0.04330606 0.06211132 0.05818183 0.02816230 0.05362439 0.03861767 0.05877160 0.05496646 0.09065666 0.03952983 0.04733618 0.05339156 0.03323083 0.03442885 0.04485828 0.03473793 0.06730156 0.04107211 0.07442326 0.06284065 0.04177384 0.04301206 0.02523892 0.02640932 0.04514092 0.03758382 0.03352586 0.05539260 0.05736777 0.02618261 0.02710063 0.08395441 0.04780895 0.06153478 0.04227742 0.01838292 0.06498160 0.02407507 0.06641946 0.06603494 0.02711193 0.05454061 0.04358350 0.02578998 0.04425787 0.03604549 0.07218624 0.06977290 0.06103807 0.03400069 0.03522032 0.03948549 0.03535839 0.06025507 0.02995815 0.05377008 0.01527305 0.04959764 0.07936423 0.05522177 0.04683252 0.06156797 0.06250767 0.07379038 0.05393599 0.06814003 0.03879388 0.05599045 0.04648800 0.06463412 0.04880644 0.05122897 0.05117014 0.02548391 0.05685135 0.04948114 0.06306432 0.04364016 0.05854840 0.05434285 0.02847924 0.04829650 0.02296145 0.06521634 0.04766482 0.05462039 0.01554101 0.04016789 0.06167568 0.05759476 0.04896812 0.05001101 0.03661046 0.04032690 0.03511150 0.06063433 0.04166584 0.02779704 0.01786833 0.04676878 0.01542276 0.05125963 0.04143795 0.03488277 0.04158387 0.05449263 0.04185978 0.07907629 0.05270950 0.06681407 0.03836949 0.04521135 0.06292465 0.01152620 0.05288407 0.04432086 0.07555769 0.04367428 0.03537755 0.05792859 0.08482934 0.03757336 0.03938238 0.03394941 0.04538278 0.04177630 0.02142757 0.03314274 0.04555560 
0.02370074 0.04760525 0.05596093 0.05605608 0.00000000 0.05474189 0.05095079 0.06098224 0.06503032 0.05556206 0.07288765 0.05944859 0.05156199 0.06033113 0.03579169 0.04050711 0.04307352 0.04137112 0.02750358 0.07598728 0.09505721 0.04606654 0.04774875 0.06962963 0.07234575 0.03345382 0.03659508 0.05378574 0.03434144 0.04237414 0.03192805 0.01872855 0.01292596 0.04787864 0.03814244 0.05149949 0.06018611 0.04468269 0.07315076 0.02399361 0.05714435 0.05807643 0.06888068 0.03023827 0.04826540 0.04182337 0.04146797 0.02747009 0.03214000 0.06180504 0.04404198 0.06443884 0.04367830 0.04526004 0.02782904 0.05437699 0.08984114 0.07691728 0.04833769 0.04860047 0.02006966 0.04669206 0.05154811 0.04153486 0.04751747 0.03057491 0.04415201 0.04799927 0.04819124 0.09174011 0.08379670 0.05045322 0.06189732 0.04568778 0.09115162 0.06611753 0.02389904 0.03854599 0.07031380 0.02016651 0.02602602 0.03703411 0.03726032 0.02561333 0.04349617 0.05689269 0.05149926 0.03941343 0.03858729 0.04175617 0.07268400 0.04759486 0.07155917 0.03525368 0.06033432 0.04468774 0.03386524 0.06508785 0.07125099 0.04247102 0.07350433 0.03837125 0.04959598 0.05720884 0.02848350 0.03987790 0.01884441 0.05357870 0.08356592 0.03228955 0.06424265 0.02630583 0.03982327 0.02836725 0.01932390 0.05102189 0.03061132 0.04382952 0.06376931 0.05771802 0.05236468 0.03758375 0.05287227 0.02964626 0.06554762 0.02184472 0.03385319 0.04079863 0.08577536 0.03851475 0.04818028 0.02043905 0.03861385 0.05697861 0.02550815 0.05237319 0.05788064 0.04911339 0.06610159 0.03125228 0.04156176 0.07134290 
0.03407908 0.06313883 0.03165099 0.05721170 0.05474189 0.00000000 0.10396368 0.05183441 0.06633605 0.05956176 0.04202564 0.04158570 0.03438575 0.07980969 0.04277045 0.03132933 0.04049038 0.04792443 0.04351209 0.03466833 0.03959438 0.05853351 0.07556373 0.04877306 0.02646256 0.08327616 0.07193215 0.05328339 0.05037942 0.08840929 0.05106882 0.03884002 0.01518565 0.04331577 0.03962044 0.03422386 0.07254539 0.03993667 0.03548774 0.03456921 0.02746592 0.03911284 0.03420871 0.03505823 0.03076952 0.03994276 0.04320096 0.02749289 0.03457542 0.04209258 0.03539422 0.03056044 0.04355943 0.05227362 0.04016058 0.03905600 0.03587251 0.03114234 0.04652634 0.00910665 0.05203925 0.04044263 0.02391116 0.03985575 0.04269011 0.03148464 0.06198424 0.04039486 0.04879908 0.06571584 0.04845391 0.03933129 0.03091759 0.01440784 0.05381806 0.03276603 0.03501598 0.03480369 0.08180440 0.06775959 0.04541878 0.03320116 0.03579003 0.07042063 0.07369146 0.05300382 0.02109502 0.04262955 0.07628137 0.08267945 0.08453487 0.05097269 0.03648782 0.05401096 0.05535769 0.03154775 0.06100647 0.05527803 0.06414460 0.07544962 0.04668175 0.06065966 0.04781157 0.06232614 0.04491262 0.05777674 0.08422370 0.12555944 0.06253963 0.04854310 0.04061388 0.05885904 0.03373504 0.06413486 0.05793781 0.05510589 0.04683295 0.05922285 0.04983644 0.02557920 0.01868998 0.05563492 0.05068126 0.03407270 0.03756090 0.02026076 0.03399655 0.04777551 0.02758655 0.04643760 0.04298485 0.05197993 0.04507906 0.03004311 0.06705943 0.05862101 0.03364848 0.06831601 0.07765272 0.06215868 0.02503488 0.00143132 
0.06879557 0.05232987 0.05243363 0.03533725 0.05095079 0.10396368 0.00000000 0.03886680 0.04674510 0.06441811 0.06204049 0.04265350 0.02629635 0.03461515 0.04587190 0.03264983 0.02032428 0.08460600 0.04852377 0.04276064 0.05073190 0.05093690 0.05838972 0.04306509 0.04953933 0.06104327 0.04852364 0.05545904 0.06657473 0.05275056 0.05751039 0.07245609 0.06636849 0.06422199 0.04105478 0.06361518 0.05140766 0.00504877 0.02793244 0.08947408 0.03073393 0.02714786 0.04658220 0.07378134 0.03207376 0.05556856 0.05364160 0.03163259 0.07730188 0.03783410 0.03460362 0.04380387 0.01493366 0.04790299 0.07517397 0.01303663 0.01851051 0.04641269 0.02281638 0.04633254 0.05965943 0.02234226 0.03103447 0.03108269 0.03646109 0.03973677 0.02712444 0.05662696 0.05624237 0.02818939 0.02693720 0.01788916 0.02926167 0.01193917 0.01997278 0.05233549 0.08015821 0.04836134 0.04467961 0.07058827 0.05673029 0.03676007 0.03117389 0.06025294 0.03700188 0.04980117 0.05462434 0.04763293 0.11248226 0.06031838 0.04978199 0.04204550 0.05669922 0.02892060 0.08149416 0.06927708 0.04091722 0.04713179 0.04309594 0.05187778 0.02000696 0.04382601 0.05213450 0.02347450 0.06278122 0.05511669 0.04595670 0.06833357 0.05749548 0.02984613 0.03511642 0.01038444 0.07395538 0.02664419 0.06045923 0.03350195 0.05038287 0.06009708 0.05492319 0.05263914 0.04551613 0.05138871 0.04183865 0.04637747 0.04583639 0.03108362 0.03076058 0.04859729 0.06599407 0.06931846 0.04714655 0.05383872 0.06746035 0.03359069 0.07986103 0.04057775 0.04219566 0.05129409 0.05599907 0.04095129 0.04122341 0.10725761 
0.05903131 0.08390532 0.05110573 0.05747050 0.06098224 0.05183441 0.03886680 0.00000000 0.04462627 0.04059393 0.05883260 0.06616712 0.05315115 0.03152314 0.05589918 0.04213084 0.03683149 0.05040457 0.05619896 0.03678991 0.06126509 0.02959365 0.02777121 0.04034932 0.05279330 0.02768290 0.05314519 0.03853173 0.03712671 0.06533722 0.03841104 0.03828852 0.03998287 0.05791398 0.05211319 0.05455392 0.02779318 0.07603841 0.04374867 0.03781534 0.05374409 0.05723611 0.08885116 0.05528697 0.06827682 0.04312347 0.04501871 0.05142981 0.05490891 0.03635984 0.05457215 0.07150602 0.05700823 0.03603132 0.03413562 0.06829493 0.05219170 0.05396653 0.06646225 0.04299539 0.03782804 0.05523512 0.05456932 0.04288684 0.04967833 0.03836514 0.05719559 0.05306483 0.04276023 0.05737896 0.07236589 0.06376444 0.09442195 0.07729884 0.07632468 0.05110560 0.04915147 0.04679060 0.05383559 0.02353091 0.01763484 0.03101636 0.03700851 0.06666533 0.02471176 0.02803064 0.07408017 0.03194861 0.03995150 0.03515589 0.03563887 0.04960043 0.05240527 0.03148041 0.08714615 0.04883098 0.03732228 0.03938568 0.04876228 0.04014310 0.03877185 0.05329716 0.05063586 0.02658299 0.02912141 0.02732246 0.04810591 0.01873913 0.06100001 0.06431132 0.04098959 0.10488860 0.02352973 0.06082538 0.02883154 0.05103223 0.03228636 0.03097749 0.03005711 0.02178950 0.05176218 0.04121581 0.06616534 0.04934804 0.04670810 0.07051385 0.06148296 0.05439693 0.07350950 0.07052805 0.02915019 0.04104471 0.01733848 0.06938485 0.04871889 0.03373192 0.03508559 0.02301227 0.07496797 0.02911549 0.04442251 0.05198353 
0.04726900 0.01835398 0.03273808 0.02141140 0.06503032 0.06633605 0.04674510 0.04462627 0.00000000 0.07629850 0.04497406 0.03226219 0.04072676 0.07581081 0.05823829 0.06529339 0.05521745 0.05621469 0.03358253 0.03011239 0.05553608 0.06388303 0.05076548 0.06927446 0.03776175 0.05728119 0.03750708 0.05802197 0.03983083 0.03997116 0.04454012 0.08953296 0.04712019 0.11712659 0.02543938 0.06835953 0.05837469 0.04699114 0.03437599 0.04904069 0.05291914 0.06078669 0.02348699 0.04649790 0.03909260 0.06030882 0.06610386 0.06408439 0.02900569 0.00719602 0.02749676 0.05307572 0.04518298 0.05040020 0.01951824 0.07245010 0.05078227 0.06558762 0.04430903 0.05636015 0.02634665 0.03587340 0.04755891 0.03799266 0.03408806 0.05042184 0.01417377 0.04703423 0.06393374 0.05393190 0.07493105 0.03258829 0.05459895 0.04599110 0.05865035 0.04532409 0.04642442 0.05233234 0.03510007 0.04951192 0.02156896 0.04337811 0.03936035 0.03035653 0.06513184 0.05956290 0.05911901 0.02537019 0.04276843 0.03211157 0.03337514 0.04044856 0.02517637 0.01844150 0.05900837 0.02348837 0.04253060 0.03257440 0.04264381 0.04222225 0.06342834 0.05608986 0.04370344 0.06297573 0.09070756 0.05071623 0.05922080 0.05880063 0.04845971 0.04652357 0.03547219 0.04587259 0.07888206 0.07665236 0.04710810 0.03475499 0.04586501 0.07694415 0.10306709 0.04390343 0.08452410 0.03736528 0.05402948 0.04222400 0.02407848 0.03294025 0.02264511 0.07958483 0.03707260 0.02826749 0.03626885 0.01324208 0.02282664 0.05446460 0.06425614 0.09338833 0.08386002 0.02531130 0.02578393 0.01977196 0.05403035 0.04494308 
0.04919172 0.04631376 0.06436748 0.05979932 0.05556206 0.05956176 0.06441811 0.04059393 0.07629850 0.00000000 0.04844419 0.04767013 0.07150344 0.06273807 0.05526074 0.02043188 0.03053151 0.03469126 0.05485444 0.04013299 0.04755964 0.06698619 0.04445703 0.03848795 0.03012158 0.04570310 0.04924035 0.04392697 0.06174516 0.06278926 0.04059815 0.04586063 0.03975869 0.03988184 0.05424032 0.02857328 0.01807896 0.04735896 0.07339687 0.06146364 0.05233838 0.04228722 0.02649964 0.03318920 0.03373187 0.02494171 0.04837464 0.03704247 0.03350991 0.06283213 0.03108396 0.03580300 0.05446966 0.02182107 0.07235829 0.04029004 0.03277737 0.05734040 0.07350544 0.02768105 0.05601093 0.02671548 0.07406904 0.04573871 0.07189561 0.04151022 0.07688551 0.04536921 0.03352984 0.03893192 0.04870385 0.02913538 0.03559261 0.01350625 0.02557529 0.02361312 0.04646549 0.02579021 0.02528524 0.03530609 0.04304438 0.02003223 0.03471171 0.08037066 0.04493359 0.03943297 0.02389933 0.07130685 0.08834887 0.05144573 0.05616141 0.07106118 0.10350967 0.04493266 0.05439686 0.07361404 0.04281811 0.06190396 0.04447616 0.05433454 0.03470070 0.06519822 0.04181537 0.04026312 0.02670743 0.04613891 0.03649527 0.06073104 0.03730266 0.02603561 0.01795296 0.04483725 0.08993724 0.08023521 0.06363268 0.05887986 0.04549221 0.05782592 0.07467939 0.05804103 0.03054582 0.05196441 0.07992921 0.05638649 0.03444179 0.07602790 0.04081569 0.03910252 0.02507839 0.01900604 0.05699301 0.04280015 0.04306210 0.05369831 0.03832194 0.05512734 0.03833749 0.07589318 0.03107262 0.04739905 0.05371842 0.05252225 
0.05521854 0.04661508 0.05188588 0.02474126 0.07288765 0.04202564 0.06204049 0.05883260 0.04497406 0.04844419 0.00000000 0.05389030 0.03742816 0.08693800 0.05468696 0.02305814 0.06301821 0.06301955 0.02840819 0.04192429 0.06219825 0.02188237 0.04784052 0.04643612 0.05567143 0.05155523 0.06889755 0.04783089 0.04644540 0.04833551 0.04538940 0.04152540 0.05193832 0.04068518 0.03918634 0.02853216 0.08697984 0.07415911 0.06438683 0.06190721 0.03996150 0.02807048 0.03505517 0.06581628 0.04381398 0.03654141 0.03403406 0.03984977 0.06441124 0.01573228 0.06553095 0.04119168 0.05725476 0.03613614 0.03914397 0.04115433 0.04202912 0.04315159 0.03107637 0.04484031 0.04431978 0.05652219 0.01804271 0.05862425 0.08325776 0.07421287 0.10167889 0.02233488 0.04413899 0.04305519 0.03876210 0.01520463 0.02816431 0.02861207 0.04508569 0.07472309 0.03871320 0.05712779 0.06253917 0.04230519 0.09030825 0.03432060 0.04546507 0.05547890 0.04765754 0.03668651 0.04925427 0.03653246 0.04153553 0.03675440 0.04159517 0.06120375 0.07339144 0.04077994 0.03258236 0.07556719 0.03434039 0.07141490 0.03226496 0.06546404 0.03850755 0.05509618 0.06821627 0.03809907 0.06666932 0.05254593 0.04797894 0.04025696 0.03664570 0.03876933 0.03019261 0.02710417 0.04572886 0.06297881 0.04768161 0.06509885 0.05475504 0.02627349 0.03278739 0.03903769 0.03746744 0.01739535 0.05814362 0.04171324 0.07618608 0.06644037 0.02951708 0.04300475 0.05835803 0.08531043 0.05745273 0.04610019 0.03367102 0.08369862 0.05203374 0.04972841 0.03535800 0.05970934 0.05161070 0.04612291 0.02960601 0.05233201 
0.02895779 0.05602429 0.05311409 0.08023552 0.05944859 0.04158570 0.04265350 0.06616712 0.03226219 0.04767013 0.05389030 0.00000000 0.05795693 0.03585036 0.07159533 0.06101280 0.04893414 0.07731675 0.06163045 0.05428512 0.03838866 0.03731200 0.02860794 0.06240004 0.06345786 0.04876793 0.05499324 0.03434441 0.04649929 0.03810898 0.04368269 0.05196895 0.05218743 0.02852536 0.04957560 0.03413042 0.09481172 0.06592133 0.09332500 0.06070867 0.04976781 0.06310764 0.03518672 0.04634693 0.05609292 0.04906700 0.04135337 0.05330398 0.04616132 0.04810738 0.05028377 0.06625630 0.05545220 0.03406089 0.07266529 0.10174393 0.05989007 0.04184321 0.03520717 0.06059262 0.03830133 0.04870613 0.02810596 0.04987276 0.05574342 0.03519987 0.03621507 0.04033360 0.06756626 0.04147354 0.08583715 0.06242350 0.07641673 0.05485790 0.06020893 0.04748726 0.07538577 0.07819298 0.05086821 0.01782591 0.03571964 0.03560561 0.04339805 0.03700103 0.00498035 0.04128250 0.04666444 0.01530282 0.02625558 0.02703995 0.04821514 0.03882765 0.04123530 0.05629339 0.02968374 0.02166545 0.01427201 0.04193010 0.05848145 0.07126072 0.04372085 0.05347242 0.06357653 0.03635817 0.03503194 0.01481042 0.05814549 0.03304221 0.04440159 0.05974802 0.03695162 0.01371664 0.05333941 0.04018332 0.03720111 0.04750607 0.05494734 0.00931337 0.04834696 0.04933418 0.03399446 0.02954026 0.06687666 0.05950004 0.06131226 0.05406767 0.04481719 0.04838093 0.03737855 0.06792624 0.03869040 0.03721740 0.03580636 0.10287116 0.05400753 0.03056040 0.05500774 0.02981610 0.04720422 0.03546044 0.07153595 0.05186318 
0.05463623 0.06273082 0.03967892 0.04747028 0.05156199 0.03438575 0.02629635 0.05315115 0.04072676 0.07150344 0.03742816 0.05795693 0.00000000 0.06155946 0.03661064 0.06587531 0.03147260 0.03341375 0.05812927 0.04166734 0.03278020 0.10469599 0.02319989 0.03449592 0.05397609 0.02311042 0.04014460 0.03336643 0.06950975 0.03121494 0.04542888 0.04377564 0.05856198 0.03350342 0.03217518 0.03405244 0.04498293 0.03418752 0.05826389 0.03686237 0.05309699 0.06004712 0.04619657 0.04344998 0.04939348 0.04363923 0.04295519 0.06016595 0.07337851 0.05909710 0.05528455 0.05677169 0.04072889 0.05416319 0.02950876 0.04544156 0.04134652 0.04690930 0.04988888 0.05353496 0.04134618 0.06076877 0.05069374 0.05655611 0.03971637 0.05022680 0.05877809 0.04989111 0.04995004 0.03197089 0.06242194 0.07189587 0.04972592 0.05355400 0.08459481 0.03835097 0.05770493 0.05954073 0.03234622 0.05064819 0.04139456 0.04209167 0.03229762 0.04955472 0.02512254 0.04697630 0.02881184 0.04715966 0.04959203 0.04630478 0.02872336 0.02527757 0.04382442 0.05207359 0.03281790 0.03949829 0.05354609 0.04637869 0.06771651 0.03638542 0.06191202 0.04283628 0.03894221 0.05333750 0.04284281 0.06334634 0.04984671 0.05129385 0.04941035 0.04936142 0.04473634 0.03505408 0.05946286 0.07032662 0.03671753 0.05792092 0.04702804 0.05144678 0.03937651 0.02809425 0.04816977 0.03935092 0.05956219 0.02866923 0.04593810 0.05629273 0.03612456 0.05757104 0.03737263 0.04102098 0.03030949 0.03964808 0.04427604 0.06107383 0.07490508 0.03770118 0.03822615 0.06881098 0.03938906 0.04447637 0.04952750 0.05658258 
0.04628552 0.04175222 0.06520883 0.04330606 0.06033113 0.07980969 0.03461515 0.03152314 0.07581081 0.06273807 0.08693800 0.03585036 0.06155946 0.00000000 0.05561555 0.06424503 0.08025534 0.07308621 0.05046236 0.06212630 0.04098480 0.05442843 0.06954676 0.04967554 0.05300901 0.05902646 0.08167876 0.05272195 0.04260096 0.04649794 0.05296732 0.04640470 0.05277329 0.09393625 0.08092440 0.05859827 0.11797431 0.07171014 0.06669121 0.04397894 0.01491615 0.02382924 0.03764491 0.01166608 0.05021237 0.02527395 0.04418330 0.03115544 0.02283121 0.03664786 0.04420413 0.04377866 0.02222571 0.03029876 0.03457193 0.02732318 0.05930368 0.04754772 0.06974914 0.01809156 0.03775462 0.08687836 0.02473121 0.01699761 0.05167832 0.07171549 0.06854166 0.03025232 0.03598202 0.04090499 0.03624604 0.03784910 0.03072231 0.05069658 0.03761329 0.05721358 0.07552779 0.04734842 0.04726722 0.07970579 0.06087650 0.07189459 0.02953871 0.04650929 0.06531377 0.08246006 0.04282342 0.03645022 0.05668216 0.06162687 0.04614144 0.02858647 0.04635040 0.03271453 0.02584254 0.03591180 0.05921831 0.05074716 0.04534293 0.02225531 0.05159240 0.04945230 0.03949716 0.05948056 0.05094426 0.05686186 0.06930028 0.03938104 0.03353186 0.04551610 0.03285413 0.03440316 0.06186271 0.07938622 0.03801398 0.06478592 0.05116995 0.04610658 0.06361926 0.03837571 0.03210210 0.04281369 0.02515427 0.03574076 0.03477460 0.04885351 0.02166975 0.01147074 0.03483685 0.04272407 0.05188506 0.03221849 0.04048385 0.04136656 0.05193742 0.05027004 0.03146541 0.04285907 0.05106451 0.04713071 0.03705914 0.02933723 
0.08634929 0.02105390 0.04801855 0.06211132 0.03579169 0.04277045 0.04587190 0.05589918 0.05823829 0.05526074 0.05468696 0.07159533 0.03661064 0.05561555 0.00000000 0.04885237 0.03258663 0.05271377 0.08041170 0.04616973 0.07441983 0.03197690 0.03053081 0.07747866 0.04976895 0.02163601 0.07761834 0.02830586 0.04642874 0.02031873 0.04276248 0.07050909 0.03913035 0.04152891 0.04209157 0.05732761 0.05125814 0.06295178 0.08275496 0.02773295 0.04401086 0.07723152 0.04075080 0.02116997 0.07243591 0.02570426 0.03279997 0.07077457 0.05723835 0.06855543 0.05422087 0.06853160 0.05684712 0.03223361 0.06408170 0.04653459 0.03972407 0.02425150 0.07396533 0.04492429 0.04102444 0.06816585 0.05675630 0.06192909 0.09502196 0.03683632 0.04416679 0.05037037 0.07589967 0.06253146 0.07661866 0.07496159 0.06385357 0.05205462 0.05385937 0.05730694 0.01704385 0.03580211 0.03574418 0.02811494 0.02903366 0.06710251 0.05487783 0.02609540 0.04254968 0.04084096 0.05097546 0.06282806 0.04678559 0.03695311 0.04252589 0.06706904 0.03253603 0.05349411 0.05152197 0.03308172 0.03681010 0.06349842 0.05041972 0.05255673 0.04575711 0.05951208 0.04244275 0.02901805 0.03266786 0.02996695 0.04475280 0.03155565 0.03747752 0.07000223 0.03765054 0.07418052 0.03726801 0.02922300 0.06176543 0.05163565 0.03328262 0.04476027 0.02280638 0.03746458 0.05123150 0.04439732 0.01954206 0.02321664 0.06842039 0.04291144 0.02117113 0.03589461 0.06291164 0.03823690 0.03827800 0.05234113 0.05876962 0.06252758 0.01810416 0.03190908 0.05441691 0.04695728 0.02695485 0.04256800 0.05663617 0.06593491 
0.03939416 0.03167554 0.03230100 0.05818183 0.04050711 0.03132933 0.03264983 0.04213084 0.06529339 0.02043188 0.02305814 0.06101280 0.06587531 0.06424503 0.04885237 0.00000000 0.03594187 0.11310858 0.07097312 0.07568434 0.02691793 0.04129665 0.03240759 0.04706351 0.06149134 0.04629275 0.02865904 0.03281482 0.05279788 0.05507788 0.03417888 0.07786787 0.07953835 0.03991118 0.05900157 0.08233658 0.01945531 0.05636851 0.06264195 0.07169885 0.04402969 0.05735616 0.02399787 0.05580828 0.08641895 0.04241518 0.03357115 0.14892248 0.06691974 0.04763155 0.04429796 0.05016560 0.05890885 0.04097564 0.06043391 0.06279885 0.02856345 0.05872969 0.06722341 0.06268007 0.04398069 0.11267329 0.06933699 0.06154894 0.03489536 0.04631885 0.04022404 0.05508934 0.06906748 0.06998954 0.03713787 0.08295281 0.05897961 0.07108127 0.06440375 0.04891979 0.04542619 0.02867277 0.02751500 0.07138467 0.03698391 0.06675266 0.04613305 0.04771941 0.03122126 0.02930795 0.02737283 0.05402112 0.03156029 0.03650161 0.07060546 0.04185822 0.05823811 0.03676652 0.02928141 0.01484265 0.03151343 0.04860103 0.03374726 0.06827930 0.04405380 0.01264045 0.01342645 0.06098111 0.03385127 0.09197939 0.07838601 0.04113494 0.02864032 0.05101010 0.03867602 0.02869701 0.02374573 0.04587479 0.03024482 0.03183162 0.04075224 0.01635182 0.02331203 0.02172554 0.04042705 0.03944596 0.05421103 0.04121876 0.04869821 0.05224440 0.05278363 0.05710251 0.04140150 0.04493044 0.04553219 0.04159060 0.02019271 0.04543519 0.04759163 0.01644231 0.03384469 0.06428649 0.05678023 0.06740680 0.02414371 0.03454929 
0.04363318 0.06005851 0.03581756 0.02816230 0.04307352 0.04049038 0.02032428 0.03683149 0.05521745 0.03053151 0.06301821 0.04893414 0.03147260 0.08025534 0.03258663 0.03594187 0.00000000 0.02368085 0.05850703 0.04085403 0.05678401 0.04629984 0.04685618 0.04550310 0.08429608 0.05341667 0.05655519 0.04799897 0.03944309 0.03721569 0.06341520 0.04259769 0.03375429 0.07075603 0.02661905 0.06029680 0.04910987 0.05028688 0.05768635 0.06240280 0.03290430 0.04799217 0.03230256 0.07645981 0.04455233 0.04132004 0.05169175 0.03737299 0.05730377 0.02660003 0.04309375 0.04935725 0.06568407 0.03002694 0.03200270 0.03408748 0.04735534 0.02783324 0.05273377 0.04748395 0.06004553 0.04233868 0.06050796 0.04348033 0.06675475 0.04912688 0.05617893 0.08185393 0.06712822 0.05758007 0.04834507 0.03362091 0.04036750 0.04028323 0.03116658 0.04984742 0.07070878 0.09441317 0.06991865 0.06564588 0.05321625 0.04082689 0.06402439 0.08707313 0.04495083 0.04027100 0.04006801 0.05801674 0.02658047 0.03926652 0.05012920 0.06198975 0.04456803 0.03533058 0.08905089 0.04963502 0.03998799 0.03411388 0.05286832 0.02730608 0.04445352 0.10697611 0.04791404 0.06709220 0.05367347 0.05496426 0.04193539 0.03778608 0.04411360 0.06774469 0.02743509 0.04517218 0.04820341 0.06505418 0.04653903 0.05285083 0.04893078 0.06544394 0.03967818 0.04913796 0.02456652 0.04304180 0.03842586 0.03419414 0.02959056 0.02401759 0.05600015 0.01698690 0.03556883 0.02308075 0.04354240 0.03276931 0.03913087 0.02963206 0.02306554 0.06102961 0.02808618 0.03165829 0.04155147 0.02046750 0.04011478 0.07353872 
0.04369855 0.04693631 0.01959608 0.05362439 0.04137112 0.04792443 0.08460600 0.05040457 0.05621469 0.03469126 0.06301955 0.07731675 0.03341375 0.07308621 0.05271377 0.11310858 0.02368085 0.00000000 0.03563664 0.04361555 0.03766757 0.04003196 0.04065734 0.03929045 0.05477778 0.02631613 0.03642446 0.04553958 0.04081742 0.04742353 0.04591304 0.07754395 0.06257774 0.01386729 0.02887152 0.05463545 0.06533057 0.07920969 0.08458317 0.05590882 0.03160494 0.03301462 0.04471572 0.06044106 0.04043744 0.05504703 0.04631902 0.06485954 0.09164685 0.03101289 0.05064604 0.06694441 0.03795430 0.05794987 0.03279385 0.06559881 0.04868313 0.06778812 0.04139308 0.05288836 0.05817341 0.06835500 0.04873166 0.03960686 0.06177885 0.05488946 0.06115057 0.02976788 0.04773950 0.06747969 0.04832470 0.04768618 0.07682586 0.03666826 0.04680123 0.06479010 0.07167949 0.05212181 0.08954561 0.04501991 0.02688085 0.08548167 0.03919505 0.05431516 0.04161841 0.03497071 0.02015695 0.05888886 0.02997226 0.03007453 0.03965152 0.02472342 0.03522991 0.01648242 0.01241965 0.03750955 0.06664093 0.03019931 0.02730104 0.05679972 0.03582767 0.03501387 0.03382299 0.05454614 0.02510027 0.04459175 0.07387513 0.05840087 0.04040105 0.03878173 0.03383414 0.06372059 0.03115161 0.04731929 0.03174979 0.01678756 0.04405149 0.02241554 0.04455812 0.03974124 0.02044670 0.08004046 0.04372381 0.04593244 0.04429556 0.05382318 0.03910778 0.10518339 0.05306450 0.05128362 0.06161398 0.03427476 0.04876810 0.03581842 0.04293342 0.08134468 0.04346085 0.04471463 0.03584414 0.05797815 0.05399783 0.03021507 
0.06792864 0.05396931 0.06059922 0.03861767 0.02750358 0.04351209 0.04852377 0.05619896 0.03358253 0.05485444 0.02840819 0.06163045 0.05812927 0.05046236 0.08041170 0.07097312 0.05850703 0.03563664 0.00000000 0.04786986 0.03675672 0.03384332 0.03429214 0.07699950 0.04355687 0.04135926 0.03788822 0.02938891 0.04034545 0.05720265 0.04187697 0.04065949 0.01981643 0.05288456 0.05178262 0.03714794 0.03349137 0.07610122 0.03407944 0.03881417 0.05496832 0.06550962 0.02692700 0.01893214 0.05178818 0.05473680 0.03841986 0.06031864 0.03404782 0.07401193 0.04041069 0.06183072 0.04265071 0.05409381 0.03230595 0.02659974 0.04552432 0.06916095 0.06010329 0.05412619 0.05631728 0.06003197 0.06719014 0.06642630 0.04608951 0.06560775 0.04031630 0.05107540 0.04210302 0.06193081 0.06822471 0.04427977 0.04966385 0.07074630 0.05686459 0.05166583 0.06893292 0.09542174 0.03525473 0.07546640 0.05709700 0.05744508 0.04616635 0.03693843 0.03269699 0.06052065 0.06906035 0.06429761 0.03310491 0.04166465 0.03056367 0.06241014 0.03833522 0.05322985 0.07519016 0.05224687 0.02377360 0.02954957 0.09035837 0.04879588 0.04625851 0.04777012 0.05794367 0.06162311 0.03963290 0.04975180 0.06487562 0.02603304 0.04550248 0.02710514 0.04477761 0.06062927 0.03490648 0.06580532 0.03232022 0.04908071 0.02320800 0.02521559 0.03030929 0.03987338 0.02735850 0.03524616 0.03606579 0.06250251 0.06414537 0.07893780 0.03850999 0.05110431 0.04818980 0.05903194 0.03225702 0.04189674 0.04148218 0.01488358 0.02479059 0.04828561 0.01099144 0.04624583 0.07007247 0.02210984 0.07515057 0.05500327 
0.02875114 0.04276863 0.06297001 0.05877160 0.07598728 0.03466833 0.04276064 0.03678991 0.03011239 0.04013299 0.04192429 0.05428512 0.04166734 0.06212630 0.04616973 0.07568434 0.04085403 0.04361555 0.04786986 0.00000000 0.05027216 0.02339676 0.04273315 0.03730869 0.05889557 0.04096756 0.04234143 0.04151349 0.05000744 0.03176976 0.04962034 0.06031823 0.05046403 0.06180986 0.01889514 0.03072919 0.05881128 0.03678098 0.02650386 0.07666250 0.06286812 0.03522533 0.03181526 0.03330501 0.06776962 0.02717416 0.06451703 0.05488101 0.02987898 0.07525979 0.04336505 0.06669233 0.05453114 0.05588032 0.04248025 0.05915644 0.05375455 0.05892893 0.05530498 0.06247464 0.05686335 0.04131669 0.10503648 0.03560061 0.04252177 0.06949791 0.04971614 0.07432693 0.04667639 0.05274448 0.04009723 0.05299238 0.04322181 0.05347336 0.04900854 0.06463579 0.04309777 0.04353834 0.05809293 0.06898076 0.06387478 0.03885002 0.01240648 0.05196338 0.07071616 0.06861525 0.03619616 0.04759841 0.05710979 0.05437371 0.05744289 0.05565833 0.05743041 0.03377893 0.03646900 0.05189124 0.03007989 0.04067722 0.04714226 0.03682679 0.04229603 0.04086612 0.05005351 0.05033919 0.03191034 0.04750599 0.03926490 0.01025079 0.07346767 0.04716996 0.05903035 0.04508377 0.04476857 0.01807057 0.02820983 0.02772433 0.04261078 0.03188679 0.04231142 0.06904679 0.03830396 0.05026893 0.04756033 0.03425929 0.03655548 0.05087875 0.02936059 0.05934021 0.02387176 0.06734489 0.05024040 0.04448809 0.05451107 0.04936444 0.05064140 0.05237058 0.05939977 0.04748466 0.05497308 0.06783038 0.04266241 0.07167506 
0.02306101 0.01870814 0.04336551 0.05496646 0.09505721 0.03959438 0.05073190 0.06126509 0.05553608 0.04755964 0.06219825 0.03838866 0.03278020 0.04098480 0.07441983 0.02691793 0.05678401 0.03766757 0.03675672 0.05027216 0.00000000 0.02746000 0.03747308 0.04678119 0.04289410 0.06842074 0.04290044 0.06659964 0.04455974 0.07183976 0.03249971 0.07264952 0.05463804 0.05393265 0.02250442 0.05488146 0.05424987 0.07195057 0.05001850 0.05150284 0.03226681 0.05023321 0.03777158 0.03573495 0.04542705 0.04325239 0.04115238 0.03389952 0.04130990 0.02315089 0.05010510 0.07148627 0.08302328 0.02992200 0.03149108 0.04906826 0.04836630 0.06622744 0.05296085 0.05807760 0.04470766 0.05490384 0.03156210 0.05147632 0.07109634 0.01796532 0.01597475 0.04407673 0.03368695 0.05073086 0.06063652 0.08233385 0.04112931 0.04730360 0.06338098 0.05407236 0.04077390 0.04407593 0.06955776 0.02297404 0.01269073 0.06562980 0.06354124 0.04985199 0.06048522 0.05433392 0.05928150 0.03222008 0.04504116 0.05717572 0.06438801 0.06409352 0.07771201 0.06791612 0.06411724 0.04732183 0.03361186 0.05804956 0.04985609 0.02859376 0.06586583 0.03836203 0.04497905 0.04013916 0.04850909 0.04177484 0.05239396 0.03422010 0.07206483 0.02840087 0.05931296 0.03536707 0.07525664 0.05597904 0.03843228 0.04996315 0.05823272 0.05440147 0.06986532 0.06340629 0.04602971 0.03774792 0.05308101 0.03149926 0.06601057 0.02313516 0.04809541 0.03591960 0.06527623 0.04874803 0.07027728 0.02485688 0.03762207 0.02605730 0.02123957 0.04411909 0.05102442 0.03939138 0.03320796 0.02889714 0.04504653 0.03932810 
0.05534267 0.03582735 0.04980219 0.09065666 0.04606654 0.05853351 0.05093690 0.02959365 0.06388303 0.06698619 0.02188237 0.03731200 0.10469599 0.05442843 0.03197690 0.04129665 0.04629984 0.04003196 0.03384332 0.02339676 0.02746000 0.00000000 0.05342917 0.08046599 0.03912510 0.05893728 0.02108873 0.05611705 0.07428727 0.03304491 0.06763987 0.06707086 0.06197761 0.03215020 0.06582360 0.04026481 0.05008147 0.03265886 0.07148020 0.05181158 0.02642269 0.02481208 0.08108454 0.03050919 0.04166424 0.02703271 0.05820767 0.04441582 0.03942294 0.04085521 0.03108000 0.02992369 0.03855496 0.04817244 0.04107799 0.02982763 0.02789097 0.05430693 0.03862118 0.02891482 0.05461665 0.09106603 0.03941177 0.04469789 0.03567066 0.02842433 0.04634690 0.04678945 0.06735409 0.05052785 0.03610857 0.05181081 0.02125614 0.04999450 0.04916179 0.04885031 0.03708124 0.03371940 0.03184526 0.08629226 0.06524642 0.05029095 0.04519865 0.06226260 0.04718903 0.05473905 0.02511147 0.01826214 0.04267233 0.09507525 0.03323336 0.05478167 0.02660914 0.08465808 0.04417385 0.04216003 0.07006606 0.05515551 0.05691455 0.04248873 0.04654617 0.06421182 0.04789019 0.04961916 0.04761117 0.07510516 0.05451043 0.06475705 0.04086558 0.04325608 0.03642327 0.04370050 0.04932293 0.04247068 0.07822110 0.03341373 0.05002625 0.04541426 0.02850257 0.03789434 0.02812365 0.05391354 0.04831857 0.04201095 0.03734772 0.06655066 0.02812525 0.04577504 0.03742994 0.02490045 0.06565590 0.07065400 0.04028237 0.02735615 0.04886386 0.04871515 0.04151730 0.05082056 0.04826280 0.04580625 0.06254184 0.06113666 
0.01755397 0.02810369 0.02478522 0.03952983 0.04774875 0.07556373 0.05838972 0.02777121 0.05076548 0.04445703 0.04784052 0.02860794 0.02319989 0.06954676 0.03053081 0.03240759 0.04685618 0.04065734 0.03429214 0.04273315 0.03747308 0.05342917 0.00000000 0.07229996 0.02159618 0.07404903 0.05327762 0.06632650 0.03540374 0.03926517 0.06167141 0.03292371 0.02945572 0.03414673 0.04675226 0.02984793 0.05809215 0.03019730 0.02288173 0.04316103 0.03031115 0.04809355 0.05438416 0.03195491 0.02469945 0.03267225 0.10062221 0.02285408 0.05327086 0.06160382 0.03153505 0.03426428 0.04615254 0.06251422 0.05039980 0.03073055 0.03780466 0.06454295 0.03840563 0.02450257 0.06731170 0.05244164 0.03071389 0.04752268 0.03388000 0.04117671 0.03410481 0.03502592 0.04830002 0.05430985 0.04307452 0.02194151 0.02699525 0.00000000 0.04119920 0.03122825 0.05220080 0.04984639 0.04656453 0.05826372 0.04773112 0.06918694 0.06084214 0.05233103 0.09650382 0.04571151 0.05417428 0.06266768 0.06643237 0.07881947 0.04391006 0.05461585 0.04700515 0.06838624 0.04134588 0.05306463 0.08070450 0.06725913 0.03721379 0.06713610 0.04050332 0.06048541 0.03510299 0.02485991 0.05255396 0.04313694 0.03413836 0.05407084 0.05097187 0.07642335 0.05031793 0.04369852 0.06789893 0.03357609 0.06408684 0.06742717 0.03796966 0.05669500 0.05721220 0.05428982 0.04171624 0.08811390 0.04834919 0.03997495 0.04530963 0.03200217 0.04042278 0.03536886 0.06246366 0.03864962 0.06300102 0.07194293 0.13087992 0.03010003 0.05676803 0.04909161 0.06365709 0.04405758 0.07629374 0.06452792 0.02221576 0.01301453 
0.07774388 0.03239266 0.02643781 0.04733618 0.06962963 0.04877306 0.04306509 0.04034932 0.06927446 0.03848795 0.04643612 0.06240004 0.03449592 0.04967554 0.07747866 0.04706351 0.04550310 0.03929045 0.07699950 0.03730869 0.04678119 0.08046599 0.07229996 0.00000000 0.05042846 0.04422535 0.05120120 0.03276463 0.03860436 0.02508400 0.04392696 0.07430247 0.02636798 0.03440145 0.06290786 0.04202358 0.06581702 0.03116090 0.03457677 0.02197079 0.04934067 0.02319800 0.02583191 0.03948337 0.02829865 0.02266762 0.05951374 0.03341212 0.02390361 0.06566059 0.07233879 0.04450808 0.06617975 0.05847194 0.10762154 0.06871519 0.03115767 0.04310457 0.03930810 0.06125134 0.03353493 0.05849377 0.06640381 0.03626440 0.05142748 0.04607141 0.03315982 0.03709064 0.05089553 0.11652190 0.03995420 0.04879853 0.03425677 0.03426014 0.04129703 0.12093142 0.02387210 0.09510346 0.08389266 0.02747183 0.03192055 0.08870342 0.06027053 0.01867723 0.06724698 0.02736353 0.04800330 0.02938369 0.02948931 0.02073905 0.03653235 0.07562685 0.05292115 0.05391550 0.02303464 0.05149309 0.03184850 0.03803193 0.05766001 0.05052457 0.10035051 0.04392632 0.04176378 0.04501657 0.06719427 0.02674310 0.01178599 0.02424097 0.05720860 0.05925241 0.03143959 0.03886965 0.02944534 0.05009725 0.02700550 0.03778052 0.02483523 0.03321709 0.06184601 0.03605212 0.02109663 0.03897310 0.03148630 0.04706832 0.10542124 0.04781329 0.02778290 0.02096353 0.03554950 0.05392712 0.06054719 0.03887398 0.05135334 0.05346427 0.08137337 0.05847788 0.02871999 0.05878121 0.01441242 0.04739640 0.04934154 0.09476004 
0.04734139 0.03838368 0.08445505 0.05339156 0.07234575 0.02646256 0.04953933 0.05279330 0.03776175 0.03012158 0.05567143 0.06345786 0.05397609 0.05300901 0.04976895 0.06149134 0.08429608 0.05477778 0.04355687 0.05889557 0.04289410 0.03912510 0.02159618 0.05042846 0.00000000 0.04823810 0.04429751 0.04339694 0.03940332 0.04716112 0.04819695 0.05400504 0.07333843 0.06316467 0.02324134 0.05288511 0.08255640 0.03216066 0.06073541 0.06127846 0.01714580 0.07033151 0.03417533 0.04174085 0.02209477 0.02853447 0.04086821 0.03181698 0.05842981 0.03710894 0.02044791 0.04334570 0.06024587 0.03897251 0.03076739 0.06628301 0.08858628 0.05105915 0.04761648 0.04834475 0.02821269 0.06322011 0.05030162 0.07655496 0.06975227 0.02914643 0.03302623 0.05387136 0.05861056 0.06121305 0.04462677 0.05598629 0.05882615 0.05515979 0.05505242 0.04968256 0.03129643 0.05233534 0.04234683 0.07524288 0.07508620 0.05477144 0.01209905 0.05146807 0.02605196 0.04934570 0.04202660 0.08936624 0.03304248 0.05198187 0.03611209 0.05071923 0.09002878 0.02534352 0.04209099 0.02637965 0.04328091 0.06564912 0.07847556 0.01446563 0.05753302 0.02849059 0.02972827 0.05061343 0.04666805 0.04818629 0.06457657 0.03825481 0.06479495 0.04452149 0.02432271 0.02319157 0.04497814 0.01703793 0.03221487 0.06760729 0.05371155 0.03130132 0.05606911 0.03020246 0.06883681 0.01728065 0.04460232 0.04260777 0.08328860 0.05907097 0.05220104 0.04148378 0.03227717 0.02775912 0.03141203 0.02848781 0.05765402 0.05617278 0.05969532 0.06287194 0.02575482 0.04221953 0.05061709 0.04090977 0.06751266 0.05826237 
