0.00000000 0.18719544 0.24418640 0.19349343 0.12068781 0.12527581 0.13615476 0.16013672 0.13200784 0.14150603 0.12804772 0.13669543 0.17885132 0.13265059 0.14748782 0.13927025 0.14791467 0.14450719 0.15491492 0.11458162 0.13417552 0.12603407 0.09878402 0.14637237 0.14131181 0.10652466 0.18810615 0.08330138 0.13102103 0.16068240 0.12817431 0.13709041 0.16450440 0.14564033 0.11498164 0.16027572 0.11765633 0.13734942 0.13662291 0.17737538 0.13556464 0.11849479 0.10544706 0.15334856 0.15988061 0.12560635 0.10313670 0.14976283 0.09936039 0.13437912 0.14491152 0.14917025 0.12691127 0.11543897 0.11407470 0.12898152 0.13617159 0.13065324 0.15790041 0.12785555 0.11153845 0.13913004 0.11863698 0.11690898 0.16807862 0.14050770 0.15757640 0.15021586 0.15700941 0.13791374 0.16703504 0.14049655 0.17650472 0.19363048 0.16769672 0.15328105 0.08318401 0.15761482 0.13044145 0.13539493 0.14189091 0.17406018 0.13916195 0.10032330 0.11377853 0.11380114 0.11165532 0.18116507 0.12808339 0.11256115 0.14969678 0.14378490 0.14562317 0.10394458 0.17274728 0.16352916 0.14351389 0.15143511 0.11980175 0.13176349 0.14746124 0.12549556 0.16410437 0.16421299 0.12591749 0.12821914 0.14606093 0.14707631 0.08862860 0.13594792 0.15448240 0.13322562 0.12509606 0.14141404 0.11254525 0.16141728 0.12307144 0.09627283 0.13086556 0.09799027 0.14669954 0.13358429 0.11096950 0.11330213 0.14223953 0.16745341 0.11263874 0.16201863 0.12154649 0.12570867 0.10968484 0.15377604 0.11172142 0.13512753 0.09529634 0.11098163 0.10269768 0.11122626 0.14938997 0.18852196 0.20334482 0.18945383 
0.18719544 0.00000000 0.23194603 0.16126947 0.13007430 0.37467562 0.16731856 0.09121718 0.21211062 0.21427531 0.15868249 0.08331985 0.12190936 0.21364704 0.14660340 0.13172126 0.19025850 0.20922490 0.11669644 0.13348366 0.11224205 0.14827821 0.13609483 0.19136678 0.08619943 0.14098036 0.06232712 0.14153234 0.16805992 0.09519762 0.11913022 0.17620240 0.07125627 0.13752763 0.14631627 0.13942822 0.23852220 0.11523200 0.10831024 0.09293205 0.11109034 0.13497431 0.11902280 0.14734258 0.09386093 0.14628895 0.17706685 0.13454240 0.24522635 0.08023520 0.11618625 0.06357938 0.11759196 0.07143486 0.07927062 0.13183175 0.12745034 0.18131098 0.10246103 0.06438806 0.12873626 0.13556280 0.04213410 0.08587267 0.14137572 0.12381857 0.02848337 0.06632209 0.08144765 0.16202242 0.11435819 0.12197307 0.13862867 0.15553111 0.12048442 0.11271941 0.21365840 0.14652312 0.17623762 0.21670383 0.16668152 0.19259204 0.11507706 0.21018831 0.17215064 0.07383994 0.16249066 0.20400287 0.14795845 0.09552320 0.18295363 0.29641219 0.15735980 0.18219539 0.20212124 0.10603186 0.12392289 0.11325148 0.17487251 0.17054198 0.07358814 0.18250907 0.19407620 0.15692746 0.16763864 0.12349238 0.19372312 0.13143696 0.10744904 0.18389229 0.11964024 0.11696950 0.20197059 0.12085324 0.14809499 0.16414361 0.12690970 0.12012535 0.14170562 0.12704837 0.20991776 0.12566811 0.05977685 0.12246204 0.09515459 0.11884646 0.13154300 0.13275129 0.15134232 0.10627826 0.09838719 0.09959915 0.13718795 0.10809494 0.11201227 0.13400283 0.16220667 0.09566565 0.16530382 0.15294532 0.12801812 0.13507450 
0.24418640 0.23194603 0.00000000 0.10976108 0.26357436 0.13486568 0.13122690 0.15495405 0.19740248 0.22775427 0.09235544 0.13333835 0.16515957 0.13754699 0.09028466 0.15665091 0.14617300 0.04958354 0.14440985 0.13953213 0.09542738 0.09841712 0.18699608 0.09221113 0.15479444 0.11373450 0.12740480 0.09656171 0.11094416 0.08500816 0.04382636 0.11690733 0.11235358 0.16563780 0.11405307 0.03785246 0.32161032 0.03948921 0.10818892 0.14539698 0.10992574 0.17291574 0.12415601 0.16035497 0.07846949 0.13004466 0.11785759 0.15962633 0.12920536 0.09883399 0.14758434 0.26703334 0.10872644 0.10534344 0.11925031 0.12307333 0.15823358 0.13090312 0.10093749 0.05081066 0.12294270 0.15081456 0.12020891 0.12756830 0.14468900 0.12708838 0.15633202 0.12947341 0.18521688 0.11765063 0.11391648 0.17240231 0.15951821 0.13972349 0.12770978 0.12816803 0.05328965 0.12532821 0.09040315 0.07717841 0.08311415 0.14621924 0.19331908 0.09901783 0.10705821 0.16033836 0.12727021 0.14953280 0.15793689 0.11970198 0.14457873 0.08260547 0.23326801 0.13673337 0.11351906 0.13192685 0.11591644 0.18247750 0.10823901 0.25813852 0.15843820 0.47229253 0.14318881 0.38247051 0.23480779 0.25981564 0.15156270 0.14112767 0.07083086 0.14266113 0.15915225 0.16127775 0.15236102 0.12551032 0.12871436 0.09839408 0.08093089 0.12425810 0.11888997 0.15756122 0.08233349 0.17527630 0.07852022 0.08996126 0.10331055 0.18774637 0.14196013 0.09011468 0.20128882 0.10248113 0.19332355 0.07993472 0.08939250 0.14857157 0.07385445 0.11974808 0.13332388 0.22419269 0.09224253 0.13176900 0.21635482 0.15196678 
0.19349343 0.16126947 0.10976108 0.00000000 0.25275356 0.25048359 0.25044652 0.26559956 0.17675644 0.07581412 0.17059342 0.10697155 0.16248222 0.15679055 0.12166001 0.13517079 0.11769876 0.14751718 0.15908279 0.16492408 0.13670161 0.13516541 0.14139176 0.20887573 0.14701097 0.13873972 0.20210411 0.22098155 0.12647565 0.14201835 0.07169387 0.11639384 0.07875971 0.11732500 0.11478627 0.17241298 0.15860929 0.13431261 0.08873574 0.17430488 0.17548761 0.23752800 0.06651606 0.17272529 0.18873421 0.16792133 0.14547714 0.17445613 0.11120805 0.15887403 0.10543644 0.14726181 0.19833364 0.14596824 0.10401055 0.10833745 0.07540441 0.08020147 0.08812106 0.21450139 0.16992730 0.11997078 0.06323897 0.09805605 0.13123321 0.09921268 0.14400186 0.18323727 0.20370398 0.13404485 0.16243528 0.15428517 0.17549138 0.18166597 0.12839982 0.15380560 0.21299330 0.14804500 0.22072054 0.18501933 0.09216889 0.19349577 0.15045230 0.08666446 0.17229927 0.13670033 0.09837980 0.10362582 0.16585637 0.16081908 0.15279500 0.15243007 0.14524135 0.08006634 0.15707992 0.17948560 0.13920517 0.13303901 0.22194024 0.08873293 0.12474381 0.15621976 0.10357771 0.11382042 0.11920769 0.12293848 0.15389473 0.12239952 0.19060880 0.12077444 0.14219338 0.12326350 0.14412495 0.04614619 0.13427165 0.13972046 0.16523510 0.09772414 0.10901622 0.11865021 0.09391297 0.11119668 0.12929926 0.13245337 0.12244299 0.12713645 0.12627505 0.14125634 0.07685992 0.13083454 0.12954418 0.13863332 0.12374976 0.10469313 0.08948090 0.12153983 0.16122696 0.20179365 0.12650695 0.11296032 0.12417884 0.13891708 
0.12068781 0.13007430 0.26357436 0.25275356 0.00000000 0.13656623 0.13433163 0.37091260 0.22682538 0.15494920 0.12565709 0.18179634 0.16743290 0.12161284 0.05286804 0.21518724 0.13097363 0.13798704 0.09785458 0.16902335 0.16087574 0.11373646 0.16319158 0.12406572 0.18249962 0.09304434 0.10257729 0.13799924 0.13784863 0.13749258 0.08330908 0.12509601 0.14507896 0.19271283 0.13406506 0.11210451 0.35949958 0.18469489 0.27860588 0.13054714 0.19948541 0.17081103 0.09599060 0.18327118 0.13559169 0.13185385 0.15031514 0.12585220 0.16145938 0.16049451 0.08432116 0.12098971 0.12773019 0.14096493 0.06301667 0.13565804 0.15589548 0.07999933 0.12296722 0.12299451 0.10079577 0.12808119 0.10984333 0.12654894 0.17160376 0.07813872 0.11594366 0.16657553 0.10361868 0.13571175 0.11972362 0.10718941 0.13559927 0.12929387 0.13965441 0.11631623 0.15063999 0.11117007 0.11209304 0.03633663 0.11547262 0.12130305 0.06577772 0.08393112 0.11085668 0.20470592 0.14120550 0.15043308 0.08174911 0.13035518 0.10164181 0.15325745 0.12126945 0.11772362 0.16267137 0.13113368 0.15102842 0.15584782 0.14575762 0.21209819 0.23304992 0.29342626 0.15047225 0.22018442 0.09670296 0.19665133 0.16988038 0.12007038 0.12792176 0.15188253 0.15543854 0.10734328 0.19582878 0.06227776 0.16745698 0.14357472 0.12126803 0.16942616 0.12236401 0.11830407 0.09735018 0.11258866 0.14821829 0.15037455 0.09889406 0.07877148 0.16330710 0.13446879 0.16548681 0.11729622 0.10029111 0.15602608 0.16308348 0.15145879 0.13005293 0.16424229 0.10213791 0.13366667 0.08329878 0.14204706 0.12234822 0.17035450 
0.12527581 0.37467562 0.13486568 0.25048359 0.13656623 0.00000000 0.23474291 0.15095324 0.19467020 0.19421978 0.17523554 0.13393730 0.14489794 0.17873745 0.16205912 0.12056910 0.12857038 0.17433669 0.14305807 0.15490541 0.20516979 0.12925543 0.16092985 0.20372403 0.09318476 0.15449667 0.13964692 0.15077152 0.13539933 0.21223866 0.08293602 0.17293265 0.09841924 0.11938573 0.13948902 0.16250598 0.12065836 0.20829254 0.11254803 0.13321323 0.15506603 0.09160376 0.00282748 0.10924880 0.10550844 0.06595522 0.13679966 0.12278524 0.04582833 0.09096640 0.14596631 0.17367689 0.15129277 0.12720543 0.08613099 0.22926622 0.05340312 0.11687638 0.12819650 0.10009296 0.10893246 0.08043988 0.15766138 0.21572880 0.16461134 0.05495885 0.07136585 0.12079842 0.12593334 0.13585244 0.11758955 0.12109921 0.11786056 0.07381364 0.11830087 0.10178894 0.10477208 0.16414098 0.22673822 0.13591175 0.06252640 0.12784521 0.12256265 0.05786383 0.18689429 0.06202030 0.14262994 0.07145712 0.18481457 0.12029608 0.21754658 0.15223159 0.16089118 0.11697573 0.15267835 0.14078019 0.14925827 0.15572475 0.06563059 0.15127667 0.17215133 0.14239786 0.23008653 0.17660862 0.24428449 0.17924269 0.22891957 0.46628984 0.14871871 0.11358180 0.15283481 0.22080019 0.08141149 0.14413657 0.10394377 0.12562416 0.11714660 0.12253932 0.17523893 0.11279992 0.08227004 0.13317135 0.12883750 0.15918302 0.15014831 0.11408812 0.07734699 0.06303955 0.18705048 0.17531068 0.14988376 0.16307187 0.10188547 0.16603166 0.13576907 0.04118110 0.12536629 0.12888618 0.12789423 0.11867520 0.12603311 0.10762798 
0.13615476 0.16731856 0.13122690 0.25044652 0.13433163 0.23474291 0.00000000 0.16005491 0.13886106 0.19334558 0.27976601 0.12344473 0.15560590 0.18306726 0.11422788 0.16700658 0.15324103 0.14733091 0.09050274 0.14585824 0.09829789 0.14192584 0.14329017 0.14194997 0.23001008 0.16314964 0.11354356 0.13962138 0.25411315 0.10099627 0.09236198 0.12441801 0.14082643 0.10688345 0.14692331 0.16321994 0.12216420 0.10311752 0.15576630 0.12044873 0.08193805 0.22499313 0.15823355 0.07773138 0.16990511 0.13410991 0.13497741 0.09013473 0.18879499 0.15966182 0.08653227 0.11088971 0.17501101 0.23338540 0.08876442 0.10481904 0.06677352 0.13041188 0.11734686 0.15576703 0.12254871 0.18076817 0.08704696 0.16626206 0.13965998 0.22221649 0.07048561 0.17327666 0.12087460 0.05561228 0.14113842 0.09637673 0.07828822 0.10064194 0.12348996 0.16280079 0.15233810 0.18878143 0.22522059 0.25030992 0.22134442 0.15640750 0.14769036 0.20217474 0.14179949 0.14063885 0.16389870 0.12342914 0.14762674 0.16306696 0.17013542 0.14243706 0.10282615 0.13079209 0.30213876 0.19570401 0.14604345 0.09565391 0.12841659 0.14394938 0.14349943 0.14392438 0.16822503 0.14737828 0.10065375 0.14273687 0.11872713 0.12286940 0.09539497 0.07576655 0.09370637 0.10346576 0.16858516 0.14134687 0.16675708 0.12866528 0.14438474 0.14715920 0.14495228 0.12862051 0.17720056 0.10657578 0.16661318 0.17391649 0.17867754 0.11417444 0.13189005 0.10551354 0.11861235 0.16489196 0.13029046 0.14004494 0.09061388 0.10878093 0.09719526 0.03687791 0.16775018 0.07589743 0.10197627 0.13264156 0.10308614 0.14171296 
0.16013672 0.09121718 0.15495405 0.26559956 0.37091260 0.15095324 0.16005491 0.00000000 0.18904252 0.10217930 0.26961269 0.20639056 0.16699286 0.15531297 0.19005115 0.14741953 0.14912876 0.15121556 0.10975425 0.11092511 0.11844688 0.10117759 0.19704453 0.17926886 0.12675106 0.11526201 0.17366766 0.13401749 0.14729204 0.07664855 0.08476840 0.10005065 0.12081122 0.09647143 0.12622528 0.15110913 0.20528309 0.14351687 0.12898987 0.17564330 0.12846959 0.22566245 0.16750621 0.13838202 0.15739349 0.10572980 0.12518936 0.16595672 0.11710205 0.14391622 0.08706376 0.19117757 0.11563192 0.09721139 0.15284035 0.10565130 0.16268440 0.10125961 0.17909242 0.12075709 0.09160250 0.16654020 0.19054847 0.16563414 0.12632762 0.09191537 0.14080331 0.15708441 0.14325003 0.18552525 0.15289586 0.16888635 0.16594182 0.13060616 0.18626617 0.18982956 0.17326967 0.14889257 0.14259655 0.12338802 0.10044258 0.14343026 0.15068751 0.16241396 0.15880127 0.14906899 0.13146145 0.15806100 0.15632528 0.12287833 0.12731410 0.17762859 0.13889060 0.16011697 0.21822414 0.10823549 0.11582691 0.14265480 0.11307403 0.19288273 0.20174313 0.18026349 0.13457023 0.16497820 0.12001302 0.10132989 0.10733496 0.09217897 0.16356899 0.09251554 0.06014400 0.08903870 0.15518493 0.10586428 0.07862929 0.17281157 0.10959741 0.09194743 0.14125139 0.11983098 0.15451550 0.05435120 0.11116610 0.14735249 0.09595086 0.07211240 0.11797494 0.16050605 0.12580681 0.15865166 0.16521109 0.13917329 0.11196760 0.10911131 0.14171219 0.08430190 0.09863730 0.13900814 0.17499886 0.11736967 0.14714717 0.18426298 
0.13200784 0.21211062 0.19740248 0.17675644 0.22682538 0.19467020 0.13886106 0.18904252 0.00000000 0.17552132 0.12907061 0.12141373 0.19212463 0.23166463 0.13240818 0.15441145 0.07259828 0.09842114 0.17955896 0.14094897 0.03125191 0.12928957 0.12545488 0.07264207 0.19976992 0.17839289 0.11992981 0.11374904 0.12575030 0.29159928 0.11440271 0.19478090 0.27717359 0.35027835 0.13275651 0.12813068 0.34406130 0.17025825 0.10649755 0.13206374 0.16856530 0.13976906 0.13063799 0.09730613 0.11314005 0.06778149 0.11484088 0.12908156 0.08613184 0.14836683 0.14694266 0.17804397 0.11732651 0.12743875 0.10642878 0.19234473 0.16243146 0.08387592 0.10378860 0.10345317 0.06181661 0.09694197 0.18418967 0.12867595 0.14186447 0.13906096 0.09444697 0.07667721 0.15838747 0.04990356 0.12302151 0.18214134 0.17812759 0.12684641 0.12876537 0.12693538 0.06741581 0.07475170 0.15024006 0.14541905 0.09417273 0.09253904 0.11772760 0.10087486 0.13941218 0.16266703 0.16943369 0.14033633 0.16606298 0.11961700 0.13983617 0.12044895 0.08470326 0.09201287 0.11789237 0.07066252 0.08242317 0.13782129 0.05356258 0.17531294 0.13863922 0.12155512 0.05166364 0.21906731 0.27476315 0.13713156 0.15407744 0.19481668 0.14408196 0.18839626 0.13622025 0.16146845 0.12594217 0.22294661 0.10847073 0.11497802 0.08423881 0.18838987 0.13071607 0.09434233 0.13151905 0.15981703 0.16252692 0.15332920 0.08713238 0.12951608 0.09732666 0.11607480 0.09923100 0.13649503 0.14696662 0.14458488 0.16376145 0.20301622 0.14477150 0.17109253 0.14846805 0.13303482 0.14277486 0.14239514 0.15007579 0.15017974 
0.14150603 0.21427531 0.22775427 0.07581412 0.15494920 0.19421978 0.19334558 0.10217930 0.17552132 0.00000000 0.21205957 0.15634867 0.17021354 0.21416953 0.12990256 0.18195045 0.18747578 0.07451282 0.14483190 0.19598059 0.19510982 0.11588433 0.15910936 0.17134593 0.12954502 0.05154407 0.07263412 0.12975855 0.14170368 0.22846975 0.13446223 0.17191613 0.16245319 0.13065388 0.13864827 0.12834579 0.16120452 0.09204594 0.11110039 0.08529638 0.09659313 0.12733858 0.11364872 0.13064962 0.12291465 0.15151497 0.13727029 0.12356667 0.06462028 0.18645536 0.18746394 0.10863713 0.15327385 0.15673016 0.11644520 0.12741022 0.13773053 0.13121262 0.18259682 0.12996703 0.15428660 0.14021204 0.07665975 0.17339496 0.11717733 0.12431521 0.18862711 0.16905792 0.12067392 0.13269349 0.14173959 0.12516180 0.10919418 0.14110264 0.16742943 0.15386604 0.16859275 0.15269764 0.18608854 0.27564523 0.06909971 0.18896847 0.19973880 0.20784966 0.19400713 0.16821686 0.09208387 0.34516804 0.11415964 0.11012419 0.16162868 0.10558090 0.17329963 0.10227262 0.18030265 0.13234336 0.09183025 0.07000468 0.15489261 0.17056227 0.07300009 0.15114925 0.08542696 0.11751696 0.08029817 0.10704074 0.13194796 0.20396721 0.14419004 0.13158886 0.08704958 0.12996684 0.10364054 0.17293524 0.10931348 0.16703102 0.12075913 0.10119673 0.15710169 0.05904739 0.12814754 0.12729223 0.09351370 0.09366905 0.09395053 0.18127171 0.12926743 0.16250248 0.08549982 0.12762231 0.13846223 0.13344652 0.12063192 0.10936046 0.07998346 0.20466407 0.12926769 0.06033295 0.13111166 0.12699170 0.15654061 0.16812849 
0.12804772 0.15868249 0.09235544 0.17059342 0.12565709 0.17523554 0.27976601 0.26961269 0.12907061 0.21205957 0.00000000 0.23278701 0.20635923 0.33940638 0.21606898 0.06438410 0.11816757 0.26463882 0.19249574 0.17004997 0.17124161 0.11152575 0.13066649 0.09340854 0.19528563 0.13424240 0.08150460 0.09615409 0.12885426 0.12867660 0.11237560 0.11899061 0.16497662 0.13610960 0.13720092 0.20143619 0.16397192 0.13593276 0.18290605 0.08647444 0.11848509 0.08925878 0.21166649 0.09645100 0.15472903 0.18676712 0.11974934 0.17323265 0.04054571 0.12257143 0.11741746 0.10119020 0.13307434 0.09911045 0.12858287 0.08605232 0.14203881 0.13436501 0.13366729 0.12869816 0.15155437 0.14842050 0.08444030 0.17480600 0.12210604 0.12419678 0.11425604 0.17380117 0.09620075 0.13002153 0.16719990 0.16097223 0.07280773 0.12553204 0.11764463 0.16988716 0.25729958 0.12793462 0.19925646 0.23780163 0.15822643 0.12405472 0.11538934 0.07823087 0.21239988 0.12925560 0.07888775 0.14525054 0.19658410 0.14622403 0.16689960 0.17403322 0.11689979 0.13001639 0.07295994 0.15215188 0.12038547 0.18523954 0.10373344 0.14963108 0.15271947 0.18961203 0.12277518 0.10081563 0.07575465 0.15897098 0.16623180 0.10466151 0.20263758 0.18747793 0.17813735 0.12718154 0.10648273 0.14607187 0.09555750 0.13792205 0.17893691 0.08609274 0.12912484 0.12862289 0.13417095 0.11444898 0.14725488 0.11194580 0.15384284 0.15406700 0.13661871 0.11266531 0.12269663 0.13311085 0.08634798 0.12042536 0.17263344 0.10879784 0.14011571 0.19444065 0.14219658 0.09774252 0.11257740 0.13092021 0.10766396 0.14692886 
0.13669543 0.08331985 0.13333835 0.10697155 0.18179634 0.13393730 0.12344473 0.20639056 0.12141373 0.15634867 0.23278701 0.00000000 0.19053936 0.20151715 0.35582659 0.32171935 0.10995430 0.13021335 0.08837006 0.19822009 0.14995621 0.12510383 0.06840499 0.13129870 0.17341952 0.16587754 0.15580863 0.13382530 0.13345821 0.12027182 0.18322505 0.11263784 0.34271733 0.16412082 0.10956571 0.31962408 0.29403062 0.25186796 0.18739234 0.14523505 0.17724129 0.12602347 0.15931885 0.15356036 0.16199132 0.14140457 0.06961031 0.15377549 0.09595345 0.15477449 0.10421942 0.22596333 0.20000930 0.14059964 0.20515163 0.20536384 0.16234930 0.18221318 0.13823564 0.18080141 0.12262358 0.08703137 0.13307470 0.13000826 0.14445909 0.11842603 0.16096910 0.15715537 0.07891820 0.14141429 0.16670853 0.11521838 0.14128124 0.12490621 0.10306155 0.13274761 0.09721939 0.12536944 0.14328077 0.18480182 0.12045454 0.11706902 0.09706017 0.09762985 0.09039589 0.12144733 0.15186816 0.12731667 0.14240116 0.13046550 0.16457140 0.18680486 0.14079601 0.14351417 0.12363191 0.08561739 0.12745790 0.14085316 0.18082965 0.11835633 0.10696877 0.08845196 0.09901130 0.09643444 0.17924749 0.10085779 0.11850325 0.03073093 0.09635328 0.11631140 0.11125565 0.11382812 0.11773868 0.15876788 0.11405976 0.13945571 0.15853679 0.06798344 0.09549246 0.13904052 0.13143414 0.14909191 0.05546046 0.18610311 0.13177233 0.13745446 0.16941793 0.17203577 0.08366301 0.16277822 0.08189828 0.12265868 0.13746178 0.14701820 0.07154461 0.13980866 0.09644437 0.10362565 0.13258706 0.13345879 0.14690807 0.15082091 
0.17885132 0.12190936 0.16515957 0.16248222 0.16743290 0.14489794 0.15560590 0.16699286 0.19212463 0.17021354 0.20635923 0.19053936 0.00000000 0.18328218 0.24104792 0.16128900 0.20523352 0.06995496 0.17310792 0.28363234 0.11718264 0.24337527 0.14025422 0.14657377 0.22146308 0.18521968 0.13794018 0.11982284 0.23380413 0.13643810 0.10430034 0.07685356 0.23777154 0.11613378 0.15046212 0.20368771 0.11845296 0.05733667 0.17696850 0.11476322 0.13388070 0.05650676 0.12040392 0.09139216 0.10296950 0.13271923 0.19606027 0.13465977 0.10737794 0.09354787 0.08940824 0.12921914 0.14407183 0.07403174 0.16601147 0.17611886 0.12603609 0.12306345 0.13642684 0.10929492 0.14229664 0.20265359 0.21411902 0.11734510 0.16268484 0.13042086 0.12126662 0.18792753 0.04858751 0.16298614 0.08775162 0.11228525 0.10849434 0.14194374 0.11589228 0.06106237 0.11814016 0.22720564 0.15202550 0.10248410 0.18995859 0.11740870 0.14313058 0.15196491 0.15054166 0.12654125 0.14424182 0.10991253 0.13008860 0.11982727 0.16475192 0.17947664 0.15061351 0.13347611 0.14858786 0.11296445 0.16362257 0.14962614 0.13092658 0.13702040 0.07254093 0.17572098 0.12505933 0.14190639 0.11730383 0.17225121 0.10924901 0.09101587 0.18331099 0.09078246 0.10480708 0.11993275 0.11828026 0.15828591 0.10943204 0.10542641 0.10217543 0.15655448 0.15038660 0.14119759 0.15321556 0.11275060 0.15709987 0.14718425 0.05015969 0.11382135 0.11186127 0.12484181 0.11402362 0.09457960 0.12900284 0.12240918 0.10139879 0.06979790 0.10171681 0.15651509 0.14827645 0.15113485 0.11704082 0.13635206 0.14914731 0.16998599 
0.13265059 0.21364704 0.13754699 0.15679055 0.12161284 0.17873745 0.18306726 0.15531297 0.23166463 0.21416953 0.33940638 0.20151715 0.18328218 0.00000000 0.16598098 0.14734187 0.17036682 0.41433946 0.17613936 0.16832342 0.19985135 0.10953159 0.18035696 0.11650290 0.27576814 0.08603637 0.14305639 0.11143658 0.09201762 0.14278572 0.10598494 0.11907701 0.21387893 0.20074011 0.17379164 0.18921156 0.11214986 0.13782884 0.13818898 0.11483702 0.12068436 0.10518963 0.15853838 0.11881844 0.07797142 0.18801720 0.10260999 0.11153877 0.12120932 0.13212127 0.14777003 0.09593425 0.11646703 0.16454228 0.11804904 0.14890787 0.10531239 0.10628610 0.15878005 0.09886779 0.14295123 0.14097686 0.15081429 0.07707268 0.12595842 0.09128257 0.11971152 0.20319061 0.11629534 0.12156977 0.07302022 0.11525092 0.05617063 0.12718429 0.14029042 0.19161040 0.14159970 0.24069566 0.22174294 0.15035532 0.12398666 0.15354753 0.12940540 0.07972376 0.12610242 0.09946421 0.27108116 0.17111319 0.13371891 0.13710179 0.05861926 0.21455273 0.18355651 0.11211696 0.17229920 0.09838258 0.15947879 0.15839274 0.20792535 0.15320643 0.14646465 0.19945241 0.09533375 0.12401364 0.13626914 0.09728013 0.11771143 0.13669151 0.15838982 0.15024167 0.20076674 0.11792863 0.09303681 0.12206628 0.08964196 0.09764779 0.14757586 0.14383839 0.13797478 0.13553180 0.11366690 0.14523731 0.15563419 0.09774696 0.08705534 0.05602550 0.09815627 0.09141304 0.14909393 0.14111856 0.08908529 0.10332134 0.10455933 0.15855675 0.09367273 0.09453561 0.11568423 0.16361397 0.11109302 0.13722964 0.13152741 0.12419180 
0.14748782 0.14660340 0.09028466 0.12166001 0.05286804 0.16205912 0.11422788 0.19005115 0.13240818 0.12990256 0.21606898 0.35582659 0.24104792 0.16598098 0.00000000 0.20298400 0.15369108 0.20000896 0.29016467 0.19822641 0.07925024 0.12648717 0.05483240 0.11208916 0.12797797 0.12309710 0.09514336 0.11971497 0.10740686 0.08307668 0.11794851 0.07826339 0.12955304 0.18004667 0.10493577 0.20090802 0.12282574 0.07356046 0.16607723 0.08324824 0.11688268 0.12834164 0.08474627 0.09795517 0.18455245 0.07055611 0.13644029 0.17632824 0.14265485 0.09320632 0.16271933 0.14192856 0.19182529 0.13919437 0.16194443 0.15068583 0.12539150 0.14162223 0.17973778 0.15909106 0.14998136 0.07914576 0.13489304 0.15771225 0.19677406 0.14214281 0.12797500 0.12335812 0.11142810 0.15898068 0.16545781 0.12851636 0.16168098 0.16232830 0.13426344 0.21520333 0.15161182 0.15332211 0.12181270 0.11286634 0.20094261 0.18577611 0.14824112 0.10612670 0.14497892 0.16828656 0.13544842 0.19540030 0.19521858 0.15547168 0.06315989 0.16074412 0.14332594 0.09129758 0.10249455 0.15153117 0.18546371 0.15507276 0.15988591 0.09219314 0.17517407 0.14542185 0.06829850 0.10852569 0.09724768 0.06132479 0.14817157 0.17759184 0.10175124 0.14145285 0.18534454 0.15071358 0.16032786 0.21484138 0.11862885 0.17433746 0.16748532 0.14410087 0.09813791 0.13412681 0.12670021 0.14863948 0.09837130 0.09046483 0.12566874 0.16877855 0.09966027 0.17080882 0.16442875 0.13932441 0.15398977 0.12124469 0.08698733 0.10359791 0.16080962 0.17530480 0.17499204 0.12670035 0.18421651 0.12533839 0.14086744 0.18422350 
0.13927025 0.13172126 0.15665091 0.13517079 0.21518724 0.12056910 0.16700658 0.14741953 0.15441145 0.18195045 0.06438410 0.32171935 0.16128900 0.14734187 0.20298400 0.00000000 0.11590859 0.21661704 0.36681353 0.40001590 0.16798551 0.15942412 0.13783182 0.16716855 0.12686616 0.13585401 0.12082376 0.21046021 0.10193112 0.11502584 0.15722384 0.38124529 0.33885897 0.14886649 0.15516083 0.28085922 0.10923557 0.11098747 0.11300169 0.14892354 0.12239514 0.13061476 0.09459867 0.09948759 0.12765762 0.07269353 0.04995056 0.15372288 0.10676621 0.15463227 0.15116772 0.12593335 0.12118991 0.11232145 0.32502024 0.14837534 0.18803606 0.12191876 0.17310373 0.13023539 0.11910453 0.17296556 0.13831538 0.10010990 0.08945609 0.11208076 0.09457620 0.18631039 0.15089278 0.16255101 0.09670629 0.17052841 0.16179373 0.11393277 0.13475801 0.12851195 0.12595835 0.11916222 0.08722791 0.10927390 0.07408797 0.11544800 0.15823720 0.14595886 0.13895046 0.11118370 0.07624662 0.14198126 0.04847747 0.14111915 0.09302194 0.14134772 0.17530633 0.16033319 0.11676598 0.14658533 0.11521778 0.12797104 0.04738170 0.11578945 0.13064918 0.05544888 0.09316033 0.15821960 0.07911601 0.11969969 0.10570725 0.14684675 0.09905484 0.13095430 0.13043862 0.11776687 0.18498134 0.19252071 0.14031984 0.19428933 0.15610747 0.17228618 0.12432252 0.10975811 0.07036619 0.10719416 0.14132599 0.09631371 0.13186642 0.11682853 0.13336192 0.10373336 0.13608418 0.10031293 0.18745527 0.13887418 0.11570349 0.09826591 0.13354132 0.15985996 0.11889906 0.10524716 0.13484201 0.14671048 0.12159561 0.14985238 
0.14791467 0.19025850 0.14617300 0.11769876 0.13097363 0.12857038 0.15324103 0.14912876 0.07259828 0.18747578 0.11816757 0.10995430 0.20523352 0.17036682 0.15369108 0.11590859 0.00000000 0.13943548 0.13067543 0.12348436 0.19009370 0.22779770 0.17838712 0.14334083 0.27275937 0.13365737 0.16326968 0.12680218 0.41523469 0.16587580 0.10629162 0.09562977 0.14774269 0.13074337 0.10779023 0.14043950 0.11035275 0.10427998 0.16033356 0.10057057 0.12642574 0.12387810 0.15508209 0.04924962 0.11334856 0.08052863 0.10472844 0.14783823 0.16969560 0.19434655 0.11364647 0.16727437 0.13972242 0.15656816 0.06647874 0.10413067 0.15043465 0.11483309 0.14342334 0.11621718 0.16729598 0.09954951 0.14609768 0.13714637 0.16939955 0.19278439 0.16714858 0.15072574 0.18799349 0.11603305 0.15897083 0.14240034 0.09271353 0.08449944 0.11835546 0.08543862 0.12719876 0.18120209 0.10330506 0.10924944 0.08633307 0.09457403 0.13731974 0.18430831 0.12121020 0.21089939 0.19328537 0.16422148 0.09933806 0.13054491 0.11802635 0.15972194 0.12500963 0.15552798 0.14196799 0.21284900 0.18178471 0.13356307 0.11509059 0.11725100 0.11954380 0.15672025 0.10572883 0.13490372 0.10623634 0.19249176 0.16284480 0.15731438 0.10210779 0.10887962 0.13092513 0.15376659 0.11868412 0.16820174 0.13628652 0.14499162 0.12383523 0.16635421 0.12331820 0.12967708 0.16989072 0.13891601 0.13963678 0.13602018 0.12459026 0.13651118 0.11624608 0.14963766 0.12757692 0.08810337 0.11784416 0.13337377 0.09942109 0.10725021 0.12826088 0.08704201 0.17535523 0.10998442 0.13308436 0.12063728 0.11791797 0.15385830 
0.14450719 0.20922490 0.04958354 0.14751718 0.13798704 0.17433669 0.14733091 0.15121556 0.09842114 0.07451282 0.26463882 0.13021335 0.06995496 0.41433946 0.20000896 0.21661704 0.13943548 0.00000000 0.19953460 0.11805588 0.16857457 0.18357182 0.12123478 0.07888884 0.23626191 0.18943921 0.16060187 0.09455240 0.12454477 0.17264305 0.08592283 0.13518216 0.10696366 0.14363501 0.19890652 0.12268230 0.08837523 0.15268042 0.21522500 0.17005132 0.17946691 0.09420838 0.16075478 0.11034139 0.06860121 0.15474959 0.08446597 0.15456568 0.11429279 0.18155590 0.11514723 0.13334239 0.15493823 0.12197121 0.16799990 0.21115966 0.13421189 0.09610409 0.12498790 0.11659234 0.19399978 0.08928278 0.19030324 0.17703391 0.11118523 0.11568844 0.12238384 0.10870964 0.11317555 0.14516402 0.16515406 0.09685288 0.11451449 0.11379531 0.17331287 0.14404136 0.19280439 0.25717655 0.09967205 0.21379694 0.10645445 0.18056550 0.12434625 0.06826731 0.15905284 0.16151032 0.06510804 0.16331650 0.25752249 0.17377580 0.19679103 0.16613080 0.09956489 0.08519635 0.10872080 0.11334222 0.14257378 0.14514620 0.10133857 0.10155532 0.12718399 0.14764476 0.19954039 0.00000000 0.10967982 0.11340899 0.17945272 0.13079586 0.19079913 0.17820351 0.14419928 0.17332276 0.10206425 0.17109382 0.11064017 0.12980594 0.11438609 0.11455292 0.16802965 0.08671145 0.09414036 0.13159316 0.13941125 0.12597357 0.19935050 0.16250108 0.16379052 0.14703580 0.20239458 0.12102245 0.08311392 0.19062374 0.20964354 0.11728100 0.06831174 0.14829912 0.12445563 0.11509557 0.13207948 0.11342315 0.15083629 0.10704176 
0.15491492 0.11669644 0.14440985 0.15908279 0.09785458 0.14305807 0.09050274 0.10975425 0.17955896 0.14483190 0.19249574 0.08837006 0.17310792 0.17613936 0.29016467 0.36681353 0.13067543 0.19953460 0.00000000 0.17505048 0.14528218 0.11737425 0.16423539 0.13956318 0.06297582 0.08628123 0.14073858 0.14689672 0.17444959 0.08903419 0.09451026 0.16716136 0.13875396 0.14600846 0.18192686 0.23871122 0.15201492 0.15192350 0.15122583 0.16429496 0.13220816 0.17853201 0.10006920 0.16901659 0.10643552 0.09047196 0.21448980 0.14527862 0.10493892 0.13121982 0.16076225 0.14982385 0.17341104 0.14262817 0.16376686 0.11072858 0.14180395 0.25897027 0.34338926 0.13876036 0.11424552 0.09118036 0.10924775 0.15266565 0.11377922 0.15181456 0.13855446 0.10942174 0.16422442 0.12564307 0.17568417 0.12628464 0.17154992 0.19230283 0.13034685 0.22843774 0.17352637 0.14790193 0.14510740 0.12735192 0.22854173 0.16253185 0.15449311 0.06744097 0.11561630 0.14856973 0.12826834 0.08149293 0.21155019 0.11623850 0.10140733 0.18022490 0.18107357 0.10922419 0.14779542 0.23893559 0.13143333 0.11461056 0.15160190 0.09540325 0.17181919 0.11125329 0.14791848 0.14247578 0.16115117 0.10462060 0.24808984 0.07655308 0.10226392 0.10607430 0.07794769 0.09321070 0.11512424 0.08252548 0.14076947 0.06908432 0.03624703 0.15755680 0.13501044 0.11373492 0.08285518 0.10743502 0.14636680 0.07797483 0.16343752 0.07364197 0.14956732 0.12992198 0.18900634 0.12629261 0.11666257 0.16054483 0.17001787 0.10131934 0.05289220 0.13637057 0.12162579 0.11783814 0.12306699 0.11174806 0.17517030 0.13677276 
0.11458162 0.13348366 0.13953213 0.16492408 0.16902335 0.15490541 0.14585824 0.11092511 0.14094897 0.19598059 0.17004997 0.19822009 0.28363234 0.16832342 0.19822641 0.40001590 0.12348436 0.11805588 0.17505048 0.00000000 0.14924647 0.25648792 0.09316439 0.14149241 0.13820956 0.16688807 0.16125379 0.12086906 0.09085965 0.10918287 0.14640133 0.19650750 0.18133949 0.11417563 0.20761382 0.21023239 0.07463073 0.15443899 0.10934154 0.22562000 0.14220046 0.07274754 0.03462323 0.12245094 0.20539106 0.17674608 0.13557669 0.07906507 0.15320792 0.07156333 0.10391787 0.04412183 0.12571925 0.13846869 0.20378866 0.11360005 0.08015272 0.20777446 0.24889476 0.19378833 0.14176707 0.13785781 0.27468034 0.15405117 0.12671177 0.13693963 0.12866107 0.14103497 0.10574065 0.08276264 0.07238314 0.12499543 0.12951100 0.14650605 0.16071812 0.12519993 0.17183924 0.08054602 0.15713838 0.17797675 0.20932397 0.15815677 0.10822979 0.10997671 0.13630863 0.15956090 0.13200449 0.04726778 0.19735675 0.11837251 0.12353652 0.08585103 0.16806173 0.12295084 0.14898043 0.17272978 0.10887475 0.10452739 0.22070702 0.12962007 0.17590871 0.00918576 0.14522793 0.12374762 0.11532731 0.15254509 0.14355158 0.10129281 0.18907092 0.16172249 0.14236314 0.14731066 0.10758481 0.17062067 0.10955258 0.14516785 0.15001941 0.13484496 0.13085876 0.10638527 0.07523785 0.10946707 0.18856081 0.12578644 0.08142754 0.11166408 0.12337200 0.14663874 0.20227152 0.17430766 0.16124909 0.07269998 0.12187368 0.16647407 0.13600333 0.11670900 0.11208647 0.07860567 0.14390538 0.12717595 0.12562711 0.16204463 
0.13417552 0.11224205 0.09542738 0.13670161 0.16087574 0.20516979 0.09829789 0.11844688 0.03125191 0.19510982 0.17124161 0.14995621 0.11718264 0.19985135 0.07925024 0.16798551 0.19009370 0.16857457 0.14528218 0.14924647 0.00000000 0.11117823 0.19175880 0.16238958 0.10551526 0.13828749 0.11474754 0.14046920 0.11871954 0.13103033 0.19186907 0.13100787 0.07408943 0.14621696 0.18065432 0.14547926 0.16869777 0.14223300 0.10468673 0.11992703 0.11628156 0.14645557 0.07663696 0.19655210 0.10059603 0.18446263 0.23212834 0.16280880 0.10744653 0.09968842 0.18445185 0.11685804 0.17698677 0.09686582 0.15399234 0.18129271 0.11098053 0.18612035 0.11731348 0.19760880 0.12240514 0.16781716 0.14466099 0.18436428 0.16314165 0.15432521 0.15767074 0.18430421 0.15375641 0.21367777 0.16449003 0.26505186 0.14930396 0.13346859 0.14589124 0.16054352 0.13021008 0.12421411 0.13760949 0.13551773 0.17005769 0.12877997 0.17296577 0.15221653 0.17112880 0.16827025 0.17104275 0.11900561 0.10302773 0.14034180 0.17243357 0.22774529 0.12213691 0.09186503 0.16230398 0.17131155 0.11151674 0.15911348 0.11721275 0.12689183 0.16408869 0.15338803 0.09722014 0.08960833 0.08387418 0.12666702 0.09243987 0.23709741 0.20746655 0.13192185 0.09577908 0.10507453 0.15549786 0.11622993 0.10219149 0.08117227 0.13279857 0.12083588 0.17366320 0.20307064 0.14972320 0.11395972 0.13750305 0.14905136 0.17928730 0.10184601 0.10785543 0.17478464 0.10751120 0.14444112 0.12092194 0.09500604 0.07812042 0.07121660 0.10258056 0.15272976 0.14506349 0.19053119 0.09095458 0.10058552 0.14020099 0.12661353 
0.12603407 0.14827821 0.09841712 0.13516541 0.11373646 0.12925543 0.14192584 0.10117759 0.12928957 0.11588433 0.11152575 0.12510383 0.24337527 0.10953159 0.12648717 0.15942412 0.22779770 0.18357182 0.11737425 0.25648792 0.11117823 0.00000000 0.29215807 0.28968915 0.15134472 0.18258818 0.18070398 0.12146166 0.42195845 0.08993842 0.08813382 0.08683375 0.12601229 0.15113271 0.18424085 0.07774841 0.10595697 0.11439678 0.10346937 0.12766707 0.10036334 0.13756732 0.14376657 0.08990479 0.08869052 0.10403635 0.15895630 0.11325819 0.23515158 0.13603849 0.13334743 0.11375537 0.10501278 0.12311918 0.12687343 0.16248496 0.11223697 0.12839775 0.18163286 0.11241298 0.18533657 0.35623579 0.12310776 0.16554518 0.22306695 0.27298999 0.18822858 0.10233573 0.14683347 0.09446414 0.19050219 0.20051564 0.14058122 0.12916439 0.09443443 0.07944819 0.18886199 0.08172022 0.14916439 0.12373485 0.18644266 0.10553840 0.12030398 0.02555003 0.23588799 0.10088127 0.12817440 0.12595515 0.11165540 0.06901914 0.17952515 0.17532519 0.10847096 0.18727235 0.14201476 0.15148724 0.13387323 0.15202396 0.09405852 0.17632229 0.09127425 0.13189098 0.07613727 0.11650179 0.13617651 0.18778008 0.12421591 0.10757551 0.10325610 0.15472000 0.08624517 0.13294298 0.15763822 0.19371235 0.13923064 0.10373846 0.12666298 0.06462774 0.18494923 0.19513661 0.16768617 0.10457095 0.05878297 0.12593358 0.14501847 0.10593743 0.15034635 0.10224724 0.16345186 0.16086275 0.15856186 0.03418647 0.12117983 0.11122383 0.12060253 0.20967574 0.10625441 0.14031251 0.17617100 0.11140647 0.10006469 0.14279376 
0.09878402 0.13609483 0.18699608 0.14139176 0.16319158 0.16092985 0.14329017 0.19704453 0.12545488 0.15910936 0.13066649 0.06840499 0.14025422 0.18035696 0.05483240 0.13783182 0.17838712 0.12123478 0.16423539 0.09316439 0.19175880 0.29215807 0.00000000 0.33490794 0.16179312 0.23156533 0.15721126 0.13312775 0.11085346 0.19303891 0.12648115 0.08794884 0.11203843 0.09172473 0.11527972 0.14574076 0.15337021 0.10410257 0.12673392 0.10159722 0.11857191 0.14533753 0.17273829 0.09686852 0.06301038 0.19450535 0.12887921 0.12933172 0.10479730 0.02951312 0.14769089 0.10726018 0.11249184 0.13958291 0.11666699 0.17953139 0.09679648 0.15918203 0.16774271 0.11140531 0.21203852 0.18576886 0.14305132 0.12019296 0.10422167 0.10754543 0.20596826 0.17676495 0.36273085 0.12888641 0.26376554 0.17062876 0.14090805 0.10521019 0.14670250 0.14068911 0.15860172 0.21770541 0.24012051 0.16066742 0.21028957 0.22031806 0.16204486 0.14619734 0.15181686 0.09878458 0.06962918 0.11034035 0.12733047 0.11078571 0.14062176 0.11984969 0.18572850 0.13824786 0.12587277 0.15863586 0.19539731 0.12463068 0.12169676 0.18200118 0.05723147 0.15624071 0.09128257 0.20278110 0.12013312 0.15759368 0.15640420 0.16911790 0.17112299 0.13517669 0.09507944 0.08523646 0.14502764 0.08442884 0.09612924 0.12269053 0.18160470 0.14839215 0.11789211 0.10460753 0.15989997 0.09877056 0.07894122 0.20274853 0.07396432 0.07372610 0.15660072 0.09729550 0.19608731 0.19432735 0.08966611 0.15755751 0.20461216 0.08775068 0.11492526 0.13150191 0.14171067 0.17383522 0.11937019 0.08888011 0.07829556 0.05297341 
0.14637237 0.19136678 0.09221113 0.20887573 0.12406572 0.20372403 0.14194997 0.17926886 0.07264207 0.17134593 0.09340854 0.13129870 0.14657377 0.11650290 0.11208916 0.16716855 0.14334083 0.07888884 0.13956318 0.14149241 0.16238958 0.28968915 0.33490794 0.00000000 0.14684975 0.36011780 0.13775656 0.13055226 0.23698986 0.12649802 0.15384046 0.10958432 0.16712905 0.08338379 0.14785006 0.18604652 0.09994205 0.10549021 0.12554702 0.14252367 0.06920004 0.12801787 0.07397302 0.15950636 0.12795806 0.15898911 0.06326603 0.09409908 0.18849400 0.11605523 0.18413073 0.08761389 0.05359909 0.05383934 0.14498971 0.09980942 0.17767284 0.17207755 0.04416545 0.12537228 0.18318454 0.17622171 0.10072303 0.15205677 0.10330438 0.17845239 0.12076135 0.10621280 0.13624792 0.14608568 0.15602364 0.14504160 0.10434152 0.11103501 0.13670770 0.18253518 0.21418783 0.15915468 0.29123807 0.15213998 0.33384223 0.22415026 0.15648073 0.16327825 0.15529816 0.10698267 0.13606144 0.10308935 0.10873627 0.11094189 0.16271511 0.12323259 0.08940899 0.15684619 0.10759917 0.18309960 0.12029671 0.15939971 0.15295978 0.18032340 0.14832636 0.10531305 0.18041111 0.11677625 0.08523898 0.12407682 0.15990705 0.10817315 0.14073593 0.15561677 0.12134259 0.10523861 0.13011118 0.16170738 0.12420470 0.07066009 0.12737513 0.13765970 0.17321064 0.16664701 0.20989119 0.20386006 0.07824609 0.18340645 0.18653947 0.13278669 0.11417018 0.07350879 0.15145334 0.11725924 0.11325031 0.12934392 0.14124976 0.19849623 0.13554404 0.06441630 0.12099362 0.12669819 0.11201256 0.12102209 0.11640222 0.15124376 
0.14131181 0.08619943 0.15479444 0.14701097 0.18249962 0.09318476 0.23001008 0.12675106 0.19976992 0.12954502 0.19528563 0.17341952 0.22146308 0.27576814 0.12797797 0.12686616 0.27275937 0.23626191 0.06297582 0.13820956 0.10551526 0.15134472 0.16179312 0.14684975 0.00000000 0.21005211 0.14061541 0.15032336 0.20836264 0.17299642 0.17504002 0.21779203 0.17023477 0.19017587 0.07325823 0.07257885 0.05521555 0.09414918 0.20017890 0.10370493 0.05417693 0.10517827 0.11770389 0.12042728 0.04926994 0.09519813 0.09223662 0.12066771 0.15513555 0.13321077 0.12545736 0.13419300 0.09525447 0.12008274 0.11045641 0.17538106 0.09647781 0.07019991 0.14353454 0.12577442 0.11673933 0.08720537 0.09259605 0.12410444 0.15356588 0.15866170 0.15763906 0.14660778 0.12208722 0.09291580 0.08226324 0.11905057 0.15775860 0.16927686 0.11102004 0.13279188 0.14228027 0.24840240 0.12620809 0.25381931 0.14119499 0.14519886 0.15645161 0.23313649 0.12154930 0.12107677 0.09466049 0.22896997 0.07070622 0.13169238 0.10586698 0.20326534 0.13279499 0.13778597 0.19294162 0.17470901 0.17216423 0.15296222 0.18110663 0.10004485 0.10692958 0.15742630 0.07308005 0.21937689 0.09164186 0.13978071 0.26255388 0.11913324 0.12152312 0.17312240 0.09489258 0.10662756 0.12801342 0.07123044 0.17503789 0.13504478 0.11479824 0.12792084 0.09431962 0.17900557 0.15432747 0.17432330 0.13070023 0.19312580 0.19691475 0.11567746 0.13906165 0.10202772 0.13759255 0.09169984 0.07237425 0.05527335 0.13935460 0.12264040 0.10424639 0.13514682 0.10198348 0.09935158 0.17395982 0.19122832 0.18107612 0.15783413 
