0.00000000 0.33547260 0.31858623 0.20344675 0.24975714 0.17664612 0.20381553 0.19068130 0.16757878 0.18072990 0.20334915 0.15956015 0.17258490 0.14318922 0.12858775 0.12991705 0.11602243 0.12929949 0.12914798 0.11062062 0.14108537 0.15053121 0.12106652 0.13039145 0.15330129 0.13276362 0.13259947 0.11194179 0.21579150 0.15488144 0.12543332 0.14664967 0.11055199 0.11971199 0.13576824 0.13412878 0.14071735 0.13244974 0.14177258 0.12005400 0.12090983 0.11413450 0.14050631 0.15413692 0.11926296 0.12775676 0.10793268 0.13361072 0.09700155 0.18337231 0.14268066 0.11120209 0.11758759 0.14021751 0.11152774 0.17225934 0.13518837 0.14687080 0.16468219 0.12592486 0.11756277 0.13155529 0.12178269 0.13939953 0.14131038 0.12248344 0.11111912 0.16300628 0.15214853 0.12460608 0.16615040 0.10396534 0.13424098 0.13121915 0.15509940 0.10183868 0.11393926 0.06547747 0.11802368 0.17045648 0.13760629 0.12802765 0.09953748 0.13242221 0.10626868 0.13274219 0.13717712 0.12676190 0.14700232 0.12703992 0.16278271 0.17536772 0.16776517 0.07735829 0.08223977 0.13119949 0.12873330 0.09894671 0.11699307 0.12833640 0.11283556 0.13871833 0.11028275 0.16566412 0.13166498 0.09432534 0.11845635 0.10094304 0.09680846 0.10344875 0.15549744 0.13995545 0.11693446 0.18440136 0.12217181 0.12325817 0.08240088 0.15454998 0.11583005 0.11231559 0.11727293 0.10324842 0.10744700 0.12531533 0.12563304 0.12262657 0.14428618 0.11439861 0.14021363 0.13531688 0.13602414 0.11878131 0.10231811 0.13337423 0.12848119 0.10411718 0.12544261 0.13422068 0.09138910 0.17126917 0.10732423 0.11145885 0.17979893 0.12861200 0.15702601 0.15264318 0.13003982 0.13494081 0.14790116 0.12629863 0.11890729 0.14677084 0.09955304 0.12783312 0.14531091 0.10500969 0.11239708 0.11961216 0.15346680 0.13024692 0.13797639 0.11622142 0.15238841 0.14575153 0.15835280 0.13215502 0.14300578 0.12367534 0.12436872 0.15652140 0.11458102 0.14488539 0.06561673 0.15293933 0.07444819 0.16645617 0.14393147 0.11459169 0.12808841 0.12249478 0.17013566 0.11909181 0.09865199 0.13293272 0.12549749 0.10056194 0.12567613 0.10164116 0.14689171 0.14401112 0.13408986 0.11598111 0.13795258 0.10997900 0.13010417 0.14309809 0.13267158 0.12264778 0.14958198 0.12848911 0.14673946 0.16915556 0.19070012 0.16168324 0.14673334 0.16149251 
0.33547260 0.00000000 0.33151142 0.25155208 0.25357415 0.22804274 0.22726694 0.21889219 0.19746805 0.18437086 0.21392265 0.17626383 0.19211058 0.16988256 0.16000308 0.10568522 0.11588526 0.12102683 0.14291707 0.13091247 0.08972016 0.14919059 0.14614458 0.21189066 0.12098720 0.16597034 0.11554863 0.09123944 0.12152984 0.12776985 0.14461916 0.10446533 0.09732408 0.08674140 0.09304102 0.13213853 0.15168683 0.08002803 0.12163464 0.18192375 0.05980499 0.14419214 0.13072762 0.11846375 0.12416957 0.11268502 0.11844539 0.13041460 0.10141278 0.16556933 0.15902230 0.11818505 0.15735026 0.13564099 0.18743707 0.12318328 0.12911343 0.12138888 0.16742810 0.11281578 0.12056213 0.11920662 0.14261905 0.18297400 0.11657594 0.13574259 0.16788836 0.13102341 0.08914796 0.12617204 0.17002857 0.12882096 0.14248718 0.13583839 0.14521612 0.11110679 0.12296633 0.10540547 0.13925738 0.13125738 0.10932896 0.12194535 0.14324329 0.19493621 0.09769404 0.10029562 0.08769618 0.09608648 0.13908652 0.07876908 0.10170775 0.13182809 0.11168095 0.01810275 0.05181783 0.12919278 0.11029160 0.10519292 0.12950577 0.16471639 0.08878406 0.17704920 0.11684605 0.11155045 0.12178024 0.11688010 0.13086778 0.12716738 0.11598561 0.11385065 0.13346483 0.18279585 0.14400731 0.19135339 0.09792496 0.10623053 0.10280042 0.06955328 0.13308864 0.13339458 0.12883727 0.05922079 0.13678276 0.09657051 0.12499994 0.12524618 0.13571927 0.15483675 0.12541519 0.12158097 0.12530298 0.15154696 0.11781829 0.17151764 0.12406326 0.10105702 0.07293526 0.11450562 0.06518000 0.17786999 0.17880465 0.12802371 0.14980300 0.13718937 0.11628126 0.16011151 0.15571464 0.11346849 0.14971389 0.13967148 0.13277963 0.20303951 0.11690799 0.13286834 0.13557811 0.09097291 0.12634361 0.14273770 0.11994291 0.12530530 0.14320525 0.12345036 0.10598774 0.14031572 0.21245700 0.18813721 0.17923325 0.14521568 0.12751350 0.14770297 0.13156047 0.10775255 0.06822897 0.22142386 0.05053351 0.11486638 0.11037743 0.10836598 0.13444803 0.17008334 0.14293998 0.09822151 0.06912208 0.10247058 0.12897021 0.11120847 0.13456849 0.09928220 0.15059855 0.14085072 0.13924302 0.10429659 0.15882522 0.08593352 0.16253889 0.13046019 0.15425105 0.06191940 0.14401531 0.13381868 0.17191428 0.18924083 0.18513330 0.21652163 0.19098982 0.17717367 
0.31858623 0.33151142 0.00000000 0.36952740 0.36417555 0.26569566 0.30318577 0.25786615 0.24386041 0.27982034 0.24400181 0.21418122 0.19280535 0.19543436 0.17751652 0.17478765 0.14471869 0.14931327 0.33659392 0.15123219 0.13264621 0.14443444 0.14250461 0.18724366 0.09048991 0.18902060 0.11915282 0.13931318 0.16639880 0.16906779 0.10510901 0.08364316 0.09818778 0.10499886 0.07433450 0.12142629 0.12367801 0.05490713 0.09237229 0.16170949 0.08938067 0.12102360 0.13217003 0.12844634 0.09787876 0.13730303 0.13428640 0.20219071 0.09072039 0.17230600 0.11456878 0.08971712 0.12579863 0.16417684 0.14293200 0.09820031 0.11651161 0.10713699 0.15311797 0.13996666 0.13790553 0.05236311 0.11561664 0.14576709 0.12015183 0.13202694 0.07577787 0.14122088 0.07633575 0.11259342 0.11649306 0.14823878 0.15615056 0.10792260 0.16324486 0.11619849 0.13209688 0.07424274 0.10537506 0.16547271 0.18560480 0.14303702 0.09206832 0.14889370 0.11186957 0.11832346 0.08453068 0.09213273 0.14278566 0.10224171 0.17063439 0.14195347 0.08128173 0.01479691 0.03156171 0.14576429 0.10291607 0.07767266 0.10207129 0.15638787 0.11153990 0.17185942 0.14078059 0.13175140 0.11382502 0.09414088 0.11072518 0.09836529 0.09098519 0.10092650 0.10862016 0.17025050 0.12851629 0.15915771 0.08630778 0.07739269 0.08563706 0.07942454 0.12577651 0.12538073 0.15178228 0.04532319 0.13760093 0.06734549 0.09976774 0.07883861 0.14406223 0.12711458 0.12310943 0.14457639 0.10214168 0.18432391 0.07562491 0.13000098 0.13489692 0.11086677 0.08160796 0.12394252 0.05945924 0.17823309 0.15455699 0.12485926 0.16415764 0.14141790 0.14376049 0.18348334 0.13505079 0.11822652 0.14952768 0.10047528 0.11108816 0.17882083 0.10432365 0.10355532 0.08646786 0.10580822 0.14700309 0.12763952 0.15534814 0.16675302 0.20418515 0.13047804 0.13267455 0.19776871 0.14809797 0.08990421 0.15190296 0.05614826 0.14645146 0.22399103 0.13658741 0.11721689 0.05208662 0.17274485 0.04962542 0.18240249 0.08462965 0.13294122 0.12398021 0.09272367 0.14520198 0.09853474 0.09049616 0.08115367 0.14405457 0.08379643 0.13919433 0.10550412 0.15488244 0.15489348 0.14194572 0.11380907 0.16472516 0.08124888 0.17956916 0.13166406 0.14154934 0.04330365 0.15064419 0.09704957 0.16995775 0.16033265 0.17239842 0.20808440 0.19093275 0.16663620 
0.20344675 0.25155208 0.36952740 0.00000000 0.27988528 0.29011910 0.26037250 0.26486798 0.24870724 0.25249405 0.25468751 0.23535943 0.20415248 0.21412760 0.21128673 0.14714341 0.17744249 0.14610094 0.12945312 0.10403416 0.11754682 0.23096407 0.14111317 0.14955758 0.13148525 0.18204300 0.12898065 0.10719649 0.14572009 0.12478651 0.14263793 0.08923234 0.08558457 0.11169441 0.07357525 0.14856344 0.13194223 0.06814564 0.12039138 0.17971582 0.05744586 0.13404450 0.11414483 0.14008659 0.17369977 0.12893480 0.15453433 0.18475314 0.08335873 0.13717161 0.14870339 0.13933561 0.11893560 0.16907426 0.16175814 0.11753796 0.12909547 0.13326706 0.17406517 0.15254434 0.11581783 0.08729559 0.11535820 0.14982144 0.15695126 0.11331812 0.12237936 0.10735046 0.06792771 0.13039499 0.14255602 0.12257503 0.09462776 0.10978559 0.13659991 0.10369250 0.12270207 0.12966792 0.11616981 0.13491457 0.14768794 0.12409007 0.13711585 0.15814509 0.13766799 0.11378362 0.08127232 0.14123156 0.14779110 0.10155085 0.15755926 0.12984541 0.12080302 0.00169371 0.02757356 0.12598248 0.12572945 0.10992077 0.09998668 0.10057179 0.11703792 0.13214262 0.12097527 0.10796783 0.13120973 0.11149106 0.09173227 0.08487733 0.12483983 0.09061514 0.14082145 0.13822581 0.12423469 0.15110603 0.11093611 0.10921343 0.09456666 0.12282556 0.10839052 0.11767901 0.10274845 0.04798681 0.15845739 0.06310369 0.08832353 0.11540549 0.13949558 0.17188887 0.09951657 0.12321470 0.11364143 0.12451621 0.06334569 0.12634056 0.14805927 0.07918334 0.07921796 0.12716078 0.07383375 0.16501767 0.09448743 0.11385110 0.16871247 0.15334551 0.13759995 0.18349308 0.15929132 0.12376837 0.17653022 0.11684625 0.12662511 0.15059963 0.14285545 0.15517647 0.10916113 0.17103672 0.18666626 0.16973855 0.12823105 0.14824507 0.22872689 0.11941662 0.09908213 0.10807156 0.15815115 0.09679938 0.14620807 0.14624546 0.11306922 0.12921213 0.17040352 0.15649969 0.06148667 0.14383157 0.05539198 0.20381238 0.12407839 0.12914428 0.10410709 0.16026441 0.13818409 0.07812164 0.06507452 0.09537028 0.11447283 0.07847759 0.10176758 0.10317073 0.13348424 0.18634663 0.21742838 0.14774984 0.18224062 0.14057004 0.11577467 0.11496347 0.12225627 0.04728201 0.12604395 0.11926069 0.17116763 0.20189811 0.17126637 0.17797750 0.16337110 0.17387865 
0.24975714 0.25357415 0.36417555 0.27988528 0.00000000 0.28869855 0.31633853 0.30880447 0.29687662 0.26555504 0.28919551 0.26158996 0.22648836 0.24201784 0.17657017 0.23405424 0.18701298 0.17162868 0.20144320 0.12072379 0.11117209 0.12985336 0.20394369 0.16354268 0.15606456 0.13075886 0.09371785 0.08767491 0.13792300 0.12016227 0.11092897 0.07733775 0.09087398 0.10585895 0.09372611 0.11521928 0.10715742 0.08473821 0.07708840 0.14314324 0.05622512 0.12868147 0.15239416 0.12845609 0.10266571 0.14187801 0.13870145 0.14763423 0.12464114 0.13577882 0.13288049 0.12826121 0.10159929 0.11783273 0.12591384 0.10756238 0.12180899 0.13901092 0.13997124 0.11556901 0.14806633 0.09156540 0.11743223 0.12443022 0.11313779 0.09777127 0.10691558 0.10412262 0.08873942 0.14662131 0.14827415 0.17304437 0.12829762 0.15050258 0.12914934 0.13058023 0.16992067 0.10963806 0.08619931 0.14420364 0.14940795 0.10683064 0.15963207 0.16402963 0.07002022 0.11852952 0.12127454 0.11948163 0.15955155 0.11472768 0.16648390 0.09784797 0.11396984 0.01799115 0.03185052 0.10017624 0.11522825 0.04861028 0.15060317 0.09984384 0.13014285 0.17966245 0.11969620 0.15542273 0.15632646 0.15065878 0.14184349 0.13338417 0.17304969 0.09488242 0.15050887 0.19945015 0.10724122 0.18788240 0.12258884 0.08522509 0.11653587 0.08360553 0.08993911 0.12563210 0.09472843 0.04365370 0.14756081 0.05936334 0.14609902 0.05790448 0.17381955 0.13005902 0.08903255 0.13136333 0.16843004 0.12944117 0.08656197 0.14167455 0.18526407 0.10586206 0.05938453 0.14762882 0.13078334 0.17738540 0.09887387 0.11545851 0.14068640 0.16323162 0.14246171 0.17003230 0.22698184 0.13533119 0.11702241 0.14433881 0.11715191 0.16244324 0.10720786 0.09786260 0.08400588 0.14645953 0.14651460 0.13543630 0.13011998 0.14960997 0.18031071 0.11158187 0.07858631 0.14136904 0.18272509 0.12748244 0.12114364 0.08209262 0.16881286 0.26307817 0.11395281 0.26240152 0.04614209 0.15256674 0.04754685 0.15819080 0.13050184 0.09456156 0.14985588 0.10093111 0.09281061 0.07096168 0.04729626 0.13230411 0.05642480 0.08946765 0.11033923 0.05018524 0.12565587 0.14948416 0.13754732 0.09572498 0.14074692 0.17347541 0.12448866 0.11574505 0.09489403 0.04433635 0.19765245 0.08406655 0.11509494 0.15648065 0.15769562 0.17352174 0.15295785 0.16275691 
0.17664612 0.22804274 0.26569566 0.29011910 0.28869855 0.00000000 0.33685578 0.29754194 0.31041925 0.31406150 0.29363801 0.25709044 0.28867369 0.21071411 0.17141148 0.20406317 0.15303891 0.18910649 0.11630556 0.11666730 0.11640698 0.11801397 0.13943996 0.12594096 0.09627466 0.17100142 0.10333423 0.09130512 0.13185366 0.14204642 0.12628886 0.10283739 0.08834507 0.07814947 0.06356086 0.09516560 0.13877063 0.08059041 0.07935024 0.11550026 0.08419846 0.10137378 0.12402761 0.15275893 0.10242354 0.13559632 0.18667572 0.15351460 0.15020266 0.13155575 0.07644534 0.12819316 0.14761932 0.15671908 0.22409238 0.12309113 0.14133550 0.09942240 0.16124403 0.12444774 0.17176170 0.07658912 0.09686570 0.13441228 0.09929116 0.10659408 0.08137244 0.10742515 0.05871020 0.17122209 0.16347996 0.15644268 0.16898242 0.12703776 0.16508984 0.12845201 0.18646543 0.09376822 0.14003521 0.16471100 0.14421353 0.15334430 0.14060882 0.19159875 0.16302908 0.10819473 0.09340290 0.11056246 0.14279667 0.10069659 0.18710763 0.10747575 0.08015928 0.00198684 0.02810775 0.12196863 0.08932865 0.08635741 0.11993199 0.14866063 0.06526756 0.14623457 0.06994743 0.12709361 0.16136382 0.15894518 0.14659802 0.06271923 0.14484356 0.14417682 0.14315875 0.18788111 0.12269721 0.15312517 0.08367142 0.07673091 0.10870429 0.10795008 0.11163338 0.15828830 0.18056131 0.03299297 0.18726736 0.07015841 0.12966884 0.10963278 0.18912235 0.17436229 0.13577261 0.09216588 0.15071215 0.13783398 0.17442004 0.11439158 0.12080576 0.09106113 0.06506972 0.08926858 0.06437640 0.14712096 0.11210176 0.11249024 0.16250995 0.16749311 0.11665796 0.20263754 0.13814920 0.11265723 0.11723929 0.13670790 0.11237711 0.16830310 0.12173490 0.12303102 0.11004360 0.13163151 0.12816805 0.18261770 0.20968982 0.10720643 0.15030881 0.13300337 0.09903467 0.18140436 0.16744940 0.12022286 0.13956458 0.08921145 0.13196251 0.15113318 0.11560553 0.15708019 0.14106346 0.11397087 0.05958424 0.16699325 0.08697548 0.10465849 0.11158669 0.12676705 0.14834961 0.08596987 0.03921007 0.08738007 0.12989196 0.04655604 0.11080951 0.12957844 0.11961576 0.12151095 0.13048092 0.10948341 0.21308454 0.10765632 0.13634317 0.12024776 0.10596244 0.04794944 0.15198019 0.09458128 0.14826529 0.18062438 0.19219079 0.20532603 0.18187661 0.18249407 
0.20381553 0.22726694 0.30318577 0.26037250 0.31633853 0.33685578 0.00000000 0.37294020 0.35972368 0.32058473 0.26713210 0.35652451 0.28066495 0.22099051 0.17998453 0.27854333 0.17389343 0.14529711 0.14630638 0.24310988 0.10795836 0.14713642 0.11620738 0.14374760 0.13283183 0.17006242 0.12236868 0.09206881 0.10730758 0.13191775 0.12071445 0.12856881 0.09926651 0.08273783 0.08612235 0.12897286 0.09100704 0.09380210 0.09065993 0.15506494 0.09207797 0.09020770 0.14849552 0.14376143 0.09020960 0.11558360 0.09998833 0.11696038 0.11903293 0.16489667 0.15575599 0.12342539 0.14636138 0.12510091 0.11721543 0.06215403 0.11046011 0.12098238 0.17229118 0.10648412 0.14457852 0.07778124 0.13945094 0.11606772 0.08012097 0.09261005 0.15408832 0.10011786 0.11595657 0.11951971 0.16980659 0.14183431 0.15929148 0.14540643 0.18508658 0.14097466 0.09438407 0.12509230 0.08840519 0.15441757 0.16627457 0.13215935 0.11377943 0.14522962 0.09879015 0.11164266 0.12425074 0.10765092 0.16114706 0.12766561 0.10108320 0.10040220 0.09080657 0.00992796 0.04628750 0.17370815 0.10958097 0.09468753 0.13248244 0.13077252 0.11274747 0.17649898 0.13384930 0.07359791 0.15253539 0.12889399 0.10426351 0.08321392 0.13561876 0.13891003 0.12203398 0.16227656 0.11044992 0.13622451 0.07908415 0.08190013 0.12717213 0.06539451 0.12464855 0.19343283 0.09861967 0.07379827 0.12940148 0.06382335 0.16481467 0.14015982 0.18632338 0.24468413 0.11548117 0.10082507 0.15239372 0.18176284 0.11709267 0.15363812 0.13738279 0.07155810 0.11009609 0.11708747 0.06523955 0.17217350 0.11185073 0.13249935 0.13454359 0.13667638 0.11761887 0.18710929 0.12569167 0.12932862 0.10750805 0.12320251 0.14614404 0.14971669 0.09634952 0.07448018 0.08991593 0.16892210 0.12280333 0.13840933 0.13268305 0.09572899 0.17873986 0.14604366 0.07300582 0.15709225 0.11552964 0.10571391 0.11907511 0.09283054 0.13625305 0.09547897 0.14999929 0.23246013 0.07330923 0.09935848 0.10098239 0.15907793 0.12747274 0.14050030 0.07365241 0.08090673 0.14523587 0.10796575 0.06231801 0.13685311 0.09663910 0.08037665 0.13510159 0.05119194 0.12659350 0.12962672 0.17415087 0.13300573 0.15144635 0.10815086 0.13135229 0.16348028 0.12276562 0.06004772 0.18115014 0.10929735 0.13969819 0.15660567 0.13316140 0.17811914 0.13316150 0.13993787 
0.19068130 0.21889219 0.25786615 0.26486798 0.30880447 0.29754194 0.37294020 0.00000000 0.42679756 0.31205551 0.31221101 0.36226641 0.35146741 0.19905217 0.22499993 0.24986745 0.14318286 0.12742118 0.13682761 0.12891529 0.10513223 0.13139935 0.08670592 0.14359675 0.12954484 0.15046979 0.12038513 0.09378809 0.21339805 0.12368680 0.11518235 0.13343184 0.08960166 0.09422991 0.07521700 0.11105326 0.09409320 0.08587998 0.09827450 0.14585047 0.06708842 0.14410553 0.12119603 0.15722996 0.12638797 0.15442901 0.15718508 0.19091888 0.08527834 0.11114889 0.17529407 0.15269850 0.15675760 0.12713487 0.17937322 0.13454146 0.13645513 0.12741224 0.20364921 0.11779740 0.15306323 0.09528935 0.16369148 0.15984571 0.08193431 0.12029331 0.17040188 0.11135693 0.10386914 0.16066316 0.16377328 0.14912181 0.15605133 0.11946008 0.13051801 0.13115502 0.14885867 0.12129587 0.13594788 0.14124511 0.13908124 0.09717550 0.14824891 0.17426147 0.09590617 0.11163238 0.13648003 0.12199947 0.13021492 0.08201207 0.12291502 0.12454960 0.08665875 0.01533340 0.04566746 0.14420878 0.09270500 0.08702031 0.12605658 0.18423903 0.07769340 0.15818189 0.08309442 0.10861595 0.13870088 0.12084201 0.08526895 0.07308182 0.12075333 0.13454053 0.10562590 0.15771936 0.12525134 0.16047016 0.09975047 0.07794905 0.10018021 0.07654648 0.11512080 0.13241206 0.15848091 0.06542647 0.13334673 0.09242411 0.15058545 0.12707796 0.14978089 0.13800556 0.12135624 0.09556054 0.15018291 0.12491214 0.11830035 0.14305322 0.11667600 0.12198584 0.09562020 0.10348100 0.07527500 0.16801384 0.13495145 0.12554490 0.15988626 0.13852161 0.13293616 0.17894352 0.18821548 0.11844803 0.10369631 0.12383466 0.11061809 0.13770187 0.14844803 0.11101885 0.11337519 0.10031123 0.08950103 0.15933885 0.15445879 0.11723882 0.12101932 0.17252890 0.08225399 0.14892866 0.13586246 0.10974055 0.12022860 0.08416040 0.17842886 0.12946848 0.10686010 0.10858626 0.02232165 0.14832997 0.04701718 0.18276771 0.12333978 0.10341166 0.12090042 0.09550227 0.09898767 0.11037817 0.03045201 0.11806823 0.10393493 0.08756366 0.13432572 0.08891985 0.15367270 0.12374427 0.14258990 0.11774915 0.14497901 0.11872464 0.12996753 0.14223683 0.09414649 0.05189615 0.16877100 0.12660257 0.13832302 0.16471748 0.14150627 0.16882702 0.13537543 0.14471489 
0.16757878 0.19746805 0.24386041 0.24870724 0.29687662 0.31041925 0.35972368 0.42679756 0.00000000 0.29954465 0.31628923 0.39761452 0.34459609 0.23613885 0.22793232 0.23558990 0.15989116 0.19245610 0.16545519 0.10528046 0.10858304 0.16643708 0.13471145 0.19083060 0.13175862 0.17573496 0.12612756 0.07973671 0.15686270 0.11939533 0.10675576 0.08054128 0.09081438 0.09139135 0.06230442 0.09717657 0.10266492 0.03654883 0.07687856 0.12872279 0.04175822 0.09643394 0.11195270 0.12706330 0.09458405 0.10886694 0.11623048 0.20060048 0.14052524 0.15168039 0.15141835 0.12651308 0.17098300 0.12024185 0.10991610 0.16980782 0.10159790 0.12844940 0.14845239 0.08639489 0.14361770 0.11454998 0.12789122 0.14944989 0.11632468 0.11920620 0.10212078 0.08834085 0.08056081 0.15948041 0.13580100 0.15949421 0.17000604 0.07521562 0.14217080 0.18264958 0.09597440 0.13181477 0.11814697 0.12640895 0.16952253 0.12525151 0.14107435 0.14440750 0.11490811 0.13290676 0.15527619 0.11929610 0.14140893 0.12891035 0.16073321 0.12205546 0.10523142 0.01028257 0.04686454 0.12467953 0.11130505 0.08112164 0.14933222 0.11468927 0.13429257 0.14236732 0.14087775 0.12778684 0.16122927 0.16212245 0.09520888 0.11527666 0.18154626 0.13179830 0.13093248 0.15792916 0.11727759 0.13224802 0.09879326 0.08719138 0.13598393 0.04925070 0.09953171 0.15173689 0.14534217 0.05820056 0.12096697 0.07342848 0.16588298 0.20464666 0.18577777 0.15094427 0.11842442 0.09936171 0.13131319 0.13366453 0.10868802 0.13938590 0.12798210 0.11121040 0.11104474 0.15554676 0.10012003 0.17177053 0.12453086 0.11809522 0.12777932 0.14145302 0.09836886 0.15951436 0.16018449 0.15896097 0.14803295 0.13783940 0.14459706 0.11883774 0.12795332 0.08308068 0.06224875 0.13002797 0.06908166 0.15894936 0.12137931 0.12687329 0.11034803 0.15492059 0.09621092 0.12672703 0.15646280 0.10909315 0.12540885 0.04477285 0.16469437 0.13138861 0.09915423 0.12617200 0.08616022 0.14505622 0.06713698 0.14538021 0.12205066 0.07814739 0.09936088 0.12822508 0.12194493 0.10016740 0.04281643 0.19012625 0.15394020 0.05198623 0.10349532 0.07845673 0.13875013 0.15531958 0.17502443 0.09785454 0.14443585 0.08675008 0.12598535 0.15901670 0.09202304 0.05557400 0.17460219 0.12412455 0.15398309 0.18460382 0.13686079 0.12381912 0.15158048 0.13512893 
0.18072990 0.18437086 0.27982034 0.25249405 0.26555504 0.31406150 0.32058473 0.31205551 0.29954465 0.00000000 0.35829561 0.33644531 0.28872038 0.26331131 0.22349811 0.17839091 0.17383020 0.14716634 0.16038118 0.11473441 0.15278683 0.17698888 0.12897963 0.14920077 0.09175443 0.18448195 0.13947303 0.08815638 0.13936435 0.09105001 0.09916872 0.13009904 0.08670787 0.09612646 0.05020285 0.07474724 0.12346633 0.04175400 0.06646476 0.15278598 0.06845054 0.11270700 0.13706927 0.09849804 0.09406211 0.18520265 0.14761904 0.18962418 0.07103325 0.16159260 0.15809911 0.15133860 0.10276346 0.17765900 0.14561810 0.11436398 0.14127679 0.13057780 0.19894134 0.11527780 0.15864851 0.11526753 0.13561345 0.15375546 0.13090758 0.08767735 0.11494319 0.09992635 0.14855076 0.13349615 0.17237051 0.12590652 0.16537399 0.10639176 0.12870787 0.15999686 0.15264188 0.10010616 0.10443606 0.10820654 0.12527164 0.19570690 0.17644628 0.13697833 0.11532275 0.11936197 0.08109359 0.09040755 0.13238656 0.14373821 0.17274509 0.08207567 0.05929532 0.01551891 0.03298445 0.13046904 0.09616325 0.05892673 0.17411456 0.09132839 0.04049784 0.13102316 0.10838076 0.12052016 0.13449537 0.18602151 0.10985483 0.10025964 0.16772492 0.13536420 0.08790813 0.20751907 0.11379366 0.16723108 0.09591104 0.08757451 0.12791629 0.06807067 0.10333090 0.18179098 0.16973280 0.04855714 0.14871146 0.09026785 0.16441635 0.10188783 0.19778745 0.17484672 0.10806837 0.12388809 0.16735279 0.16751716 0.10914935 0.15545009 0.10031325 0.08540999 0.10805533 0.09933926 0.07779290 0.14347145 0.10832923 0.08565157 0.15547774 0.15389023 0.08918134 0.18157555 0.11330661 0.10623244 0.08502488 0.11798428 0.12635379 0.13714134 0.12460337 0.10180110 0.08564101 0.17785134 0.05186791 0.16505835 0.14976820 0.08138757 0.16543505 0.15739286 0.14051675 0.12566321 0.19169960 0.10761666 0.16325215 0.09488582 0.15322975 0.10153186 0.13726374 0.13623936 0.06741561 0.13157143 0.11165936 0.19801898 0.11866657 0.10746188 0.09426352 0.12584652 0.12581055 0.09424222 0.08146642 0.14441603 0.13676987 0.05655180 0.13612801 0.06559112 0.11784894 0.13857663 0.13863872 0.08722243 0.18903680 0.09825542 0.12526412 0.13846306 0.16834704 0.05117960 0.24249789 0.15130085 0.14036025 0.17138826 0.20077168 0.15233767 0.13618442 0.16439234 
0.20334915 0.21392265 0.24400181 0.25468751 0.28919551 0.29363801 0.26713210 0.31221101 0.31628923 0.35829561 0.00000000 0.35352125 0.32584412 0.22985254 0.18498664 0.20850444 0.17196583 0.16695872 0.11943350 0.08445343 0.11944690 0.16625179 0.08853496 0.17283948 0.08256483 0.15837620 0.15456015 0.11946125 0.18066879 0.11153173 0.11192275 0.14973499 0.09854800 0.09444544 0.04815546 0.08295986 0.09604523 0.05114354 0.09783639 0.10774408 0.11931261 0.11864720 0.11881368 0.15064707 0.08023072 0.11912555 0.10646379 0.15954581 0.09390645 0.18248432 0.16952104 0.12560147 0.16194572 0.13265481 0.14272932 0.08854727 0.12701435 0.13249573 0.13831609 0.08887059 0.12508131 0.11024213 0.13947227 0.13129959 0.08504317 0.12776832 0.06938520 0.12159851 0.08114080 0.17436084 0.15538640 0.21097789 0.12036055 0.13302591 0.17920537 0.15658980 0.13896210 0.13241646 0.15711666 0.18251494 0.16875743 0.13927892 0.16091938 0.12367973 0.11991908 0.14787372 0.13704171 0.08114654 0.14840937 0.11544306 0.16262758 0.13281650 0.07961664 0.02616596 0.05468325 0.09792667 0.12071873 0.10227823 0.13189577 0.14574201 0.10581662 0.18204996 0.12573574 0.10543816 0.14772773 0.14595221 0.14452094 0.09878068 0.15047180 0.12798925 0.14951619 0.13163847 0.12489780 0.12836195 0.08066330 0.10732410 0.16412323 0.12349818 0.12183950 0.14913409 0.11287096 0.06248312 0.11991725 0.08172735 0.13000353 0.12137755 0.23575934 0.17120288 0.08044981 0.13263729 0.13334738 0.17776521 0.10041812 0.19163097 0.11127087 0.06818050 0.11224499 0.11725643 0.07099271 0.12363529 0.10523607 0.09881443 0.11109222 0.14010766 0.11183796 0.17679643 0.15233756 0.15168319 0.15568007 0.12879961 0.12930343 0.14338015 0.11902911 0.10363469 0.07820710 0.13763934 0.09906694 0.15707943 0.16007319 0.07529053 0.12984051 0.16145990 0.09685618 0.09617797 0.16304770 0.11816698 0.13305161 0.10655265 0.16219560 0.13497620 0.06191426 0.21884096 0.05953919 0.09668647 0.04808850 0.17268086 0.13863779 0.08843733 0.09934794 0.07248507 0.08292355 0.10271592 0.07422058 0.16596462 0.14647233 0.09001396 0.11913911 0.09885513 0.18943110 0.15484373 0.14187980 0.15372849 0.17239935 0.10823699 0.14029722 0.13736311 0.10565173 0.05433858 0.15867402 0.13185965 0.15293186 0.11740362 0.15845545 0.15101156 0.13274839 0.14659879 
0.15956015 0.17626383 0.21418122 0.23535943 0.26158996 0.25709044 0.35652451 0.36226641 0.39761452 0.33644531 0.35352125 0.00000000 0.36880021 0.26737201 0.21653712 0.23042828 0.19738601 0.15539019 0.20080905 0.09234730 0.16034702 0.17127701 0.13758648 0.13242945 0.15111810 0.16755932 0.13741605 0.09968130 0.13847631 0.12115977 0.10399428 0.14367589 0.07825203 0.09209901 0.06182504 0.11481696 0.09062255 0.04595370 0.06934585 0.14786537 0.10344959 0.14510199 0.13498814 0.11671736 0.09085975 0.18113119 0.16508221 0.17163430 0.11845027 0.14285462 0.16426497 0.10251841 0.20114920 0.12520327 0.17454512 0.12679646 0.09565186 0.08624775 0.11734034 0.07318631 0.18588122 0.09655043 0.12780852 0.08180199 0.07815304 0.11116820 0.12870952 0.06134949 0.09203934 0.14814398 0.15401712 0.15849989 0.11925625 0.14390069 0.11890108 0.14812293 0.13177665 0.13321622 0.13938430 0.13492828 0.16490824 0.14597095 0.13362639 0.13837744 0.09808437 0.12632434 0.16876319 0.05569613 0.15666874 0.12202034 0.12498498 0.10175702 0.08940549 0.00000000 0.01345818 0.10571579 0.12428223 0.06071738 0.16436533 0.11869217 0.10273519 0.17809860 0.13351549 0.14653970 0.13951785 0.15302656 0.16129346 0.12385680 0.11749038 0.16038151 0.11669256 0.14314104 0.10877011 0.09843218 0.07806431 0.07296954 0.13507400 0.09472511 0.12768453 0.17990072 0.13932349 0.05945391 0.13315538 0.07881683 0.12586815 0.15772301 0.14813958 0.24407607 0.09342062 0.11571198 0.17624708 0.20096689 0.12796513 0.11568951 0.15984162 0.11101639 0.08454369 0.13078985 0.14843727 0.16500648 0.12440204 0.13304183 0.13406769 0.11702375 0.08015547 0.11532945 0.19338510 0.11752156 0.11767585 0.12412352 0.09504650 0.07907854 0.09362383 0.04941734 0.07604611 0.15457639 0.07553940 0.17614595 0.16964979 0.11571510 0.14531725 0.16808890 0.07775438 0.11803090 0.12088715 0.11277780 0.16234761 0.10043463 0.16161875 0.16443833 0.12641993 0.16801369 0.06488810 0.15263818 0.05260736 0.15282680 0.11761772 0.07338298 0.11620919 0.07498916 0.10994181 0.09429497 0.05380107 0.14875468 0.15411052 0.10101587 0.16601861 0.12990523 0.17783116 0.17290521 0.14028848 0.14618019 0.15228699 0.12756511 0.11588793 0.14543576 0.12175637 0.04496154 0.16246230 0.14557062 0.09775783 0.12058545 0.11614550 0.12356501 0.12016799 0.12222112 
0.17258490 0.19211058 0.19280535 0.20415248 0.22648836 0.28867369 0.28066495 0.35146741 0.34459609 0.28872038 0.32584412 0.36880021 0.00000000 0.26320748 0.22121665 0.32300268 0.15684277 0.17223894 0.13627261 0.11937803 0.16208414 0.16057253 0.12612830 0.10597868 0.13774376 0.17713659 0.10030686 0.11516354 0.12367032 0.12984116 0.14518001 0.11632537 0.09082559 0.12788363 0.09005981 0.08926403 0.09249351 0.06584823 0.09657507 0.14977063 0.14469168 0.13847487 0.12359695 0.12291864 0.12820846 0.13325996 0.14723563 0.14292849 0.07411716 0.13621417 0.09262241 0.08550583 0.15289732 0.16549994 0.11386557 0.13890924 0.10042659 0.14317894 0.14100984 0.10743316 0.14053148 0.09931370 0.17090494 0.14413200 0.11854190 0.11866237 0.14470561 0.09675565 0.13184982 0.17073132 0.19389809 0.14274629 0.13482253 0.11589414 0.08613791 0.15452077 0.13322339 0.12344792 0.10987399 0.11654089 0.14240480 0.14834191 0.16892224 0.15690833 0.09810388 0.11895678 0.13045491 0.07938418 0.10987735 0.11901442 0.16316688 0.09309294 0.08853937 0.06599244 0.06394506 0.10954818 0.12231893 0.07897007 0.15767919 0.13287324 0.12868846 0.13040091 0.12595977 0.12922821 0.15025524 0.12409737 0.15429494 0.11858022 0.11938949 0.15964697 0.14671639 0.14944318 0.14452401 0.14667374 0.09448375 0.08351204 0.15370716 0.07885882 0.09379976 0.14900350 0.13543700 0.08716207 0.15943659 0.06778034 0.18064306 0.12228823 0.16957367 0.14012190 0.13450717 0.09853505 0.18666143 0.12781570 0.10840393 0.19992799 0.13450522 0.12159728 0.11382253 0.14605007 0.07635259 0.10795276 0.17360965 0.13212189 0.13941625 0.15643381 0.06932474 0.16458639 0.17280480 0.14059956 0.09186641 0.15811132 0.11350079 0.12790871 0.14308854 0.05993930 0.05902169 0.11874599 0.09415766 0.12929489 0.09161633 0.16870378 0.11375023 0.12037312 0.10866576 0.16735520 0.14749236 0.14513195 0.11354570 0.11547354 0.13031605 0.13949258 0.07877235 0.13662610 0.07010416 0.10894124 0.07358764 0.14807690 0.11391565 0.07743802 0.09114571 0.10014067 0.10470759 0.09878243 0.10433617 0.09667885 0.12853811 0.11724786 0.12679428 0.10664581 0.17841297 0.11091173 0.18640638 0.17089681 0.16933190 0.08372854 0.13059146 0.13837791 0.12478449 0.07060523 0.17380254 0.13629669 0.13009478 0.16203700 0.13637320 0.12811488 0.14012861 0.13055913 
0.14318922 0.16988256 0.19543436 0.21412760 0.24201784 0.21071411 0.22099051 0.19905217 0.23613885 0.26331131 0.22985254 0.26737201 0.26320748 0.00000000 0.31721172 0.20040827 0.18270394 0.24537882 0.17852442 0.16078370 0.15514725 0.19579993 0.10892188 0.18162681 0.14702534 0.21634781 0.09946642 0.13187877 0.12943164 0.16730737 0.09342936 0.12562491 0.06171668 0.09770974 0.07665265 0.06427169 0.13548709 0.09329211 0.09406560 0.17808875 0.06960779 0.08782838 0.13790105 0.12368465 0.11241385 0.08078763 0.11401312 0.19137831 0.14082604 0.11823793 0.14107260 0.19215659 0.16104416 0.16688326 0.17131272 0.08463415 0.09807825 0.10387361 0.14161143 0.10287149 0.13406355 0.14664419 0.09947897 0.12590952 0.12450390 0.07080112 0.12504890 0.09032566 0.08526711 0.13590729 0.11201180 0.13980383 0.16998660 0.09510377 0.17023162 0.16559952 0.14135913 0.11478102 0.09940758 0.15608046 0.17807874 0.08016729 0.18715182 0.18198355 0.10265692 0.16347648 0.14496446 0.08391888 0.12487537 0.12922149 0.17263354 0.09440749 0.13254016 0.09876771 0.10754426 0.14031905 0.07607241 0.08681215 0.20184544 0.09780522 0.08490289 0.14422612 0.17147832 0.12749459 0.12403053 0.11417029 0.13020079 0.12220330 0.14936172 0.16978745 0.10798591 0.14285045 0.14165409 0.10580337 0.09157843 0.07280719 0.10292380 0.10034068 0.07687784 0.10665702 0.13928947 0.06883985 0.11197851 0.07952806 0.12475062 0.09662936 0.15790442 0.14544890 0.09561962 0.11473377 0.23316110 0.19128040 0.04782881 0.14035332 0.27010607 0.11292644 0.13433888 0.14912903 0.07298460 0.13935375 0.13258246 0.11139570 0.12894841 0.15568657 0.10054620 0.15436225 0.12594798 0.12805342 0.10193209 0.17608506 0.13525018 0.13491486 0.10313641 0.11847423 0.14916355 0.19562912 0.07635477 0.13046626 0.13980334 0.10157919 0.15542639 0.13345864 0.09687184 0.13528246 0.16342270 0.13944620 0.12515938 0.14045111 0.13873218 0.15680466 0.18952747 0.14806806 0.08136094 0.10918852 0.09233206 0.17664722 0.08958836 0.15233465 0.15907465 0.13813821 0.15024266 0.07544641 0.03163613 0.13137871 0.14438709 0.09225573 0.14181515 0.08755291 0.11828261 0.16010101 0.17427051 0.15530109 0.16858944 0.11120137 0.14001816 0.11888561 0.16263391 0.07862493 0.13518447 0.11497191 0.11684595 0.16201799 0.16361107 0.16946422 0.15038568 0.15502870 
0.12858775 0.16000308 0.17751652 0.21128673 0.17657017 0.17141148 0.17998453 0.22499993 0.22793232 0.22349811 0.18498664 0.21653712 0.22121665 0.31721172 0.00000000 0.40540948 0.15657030 0.30500659 0.30653285 0.12662755 0.13448690 0.16274511 0.11712062 0.15068980 0.21413753 0.20232653 0.10740637 0.14346885 0.16388337 0.11498972 0.10193870 0.12370341 0.11067161 0.07623338 0.09714788 0.04686182 0.06762888 0.07140519 0.09877472 0.18415120 0.16150260 0.08470959 0.09640983 0.10523607 0.12045834 0.13961470 0.21445625 0.20888140 0.15456634 0.11955962 0.13685343 0.14365583 0.17923417 0.04926772 0.22011033 0.11840514 0.13207415 0.11225531 0.12150903 0.08390272 0.11665335 0.12307902 0.06330560 0.07689607 0.12301870 0.09877256 0.12999578 0.05849850 0.17597574 0.11219253 0.12518686 0.14573115 0.18235591 0.12606915 0.20449035 0.13508756 0.14046147 0.18848007 0.13458913 0.19488447 0.19916089 0.14846775 0.18904197 0.17003454 0.06903479 0.17350228 0.20784987 0.08238819 0.13770062 0.19390616 0.14603698 0.10433410 0.14148273 0.12575632 0.09753506 0.10725849 0.10985894 0.11634455 0.15498665 0.09408241 0.09209006 0.16529709 0.17086931 0.16912690 0.16750363 0.17281477 0.08672757 0.15112262 0.13272448 0.14209291 0.12411067 0.06639706 0.12618560 0.15431367 0.12294200 0.10926148 0.12457423 0.13844112 0.10130995 0.12953927 0.15634448 0.10963242 0.11341901 0.10459251 0.14242377 0.12762626 0.16949052 0.17452811 0.12397565 0.12311398 0.16695735 0.12102271 0.05413827 0.18941254 0.11825335 0.12303791 0.13617504 0.13049077 0.11983089 0.11850456 0.06164022 0.11574092 0.07036803 0.13270425 0.10986346 0.13172916 0.12896983 0.08998653 0.16574118 0.14191021 0.09609739 0.05128432 0.10309464 0.08057361 0.09922195 0.15997760 0.10105399 0.15748240 0.13191308 0.05961072 0.15094331 0.23548527 0.13542697 0.11664976 0.12755624 0.14892158 0.14030073 0.20103085 0.16369837 0.21258013 0.04185428 0.12318331 0.12396056 0.15194274 0.06089823 0.12358496 0.10962131 0.12517411 0.13515586 0.11022718 0.12730972 0.08426967 0.06460744 0.10851246 0.08282199 0.10867883 0.06624241 0.11956118 0.15995083 0.18044394 0.18193868 0.12521043 0.17001842 0.15999629 0.12068645 0.09885587 0.15579137 0.07452690 0.11725376 0.15646887 0.12566786 0.12692624 0.12909732 0.10763915 0.12045756 0.09452945 
0.12991705 0.10568522 0.17478765 0.14714341 0.23405424 0.20406317 0.27854333 0.24986745 0.23558990 0.17839091 0.20850444 0.23042828 0.32300268 0.20040827 0.40540948 0.00000000 0.16713635 0.18412019 0.22732507 0.16838188 0.18079674 0.17684329 0.13290622 0.11467649 0.16109221 0.22318339 0.13978283 0.11934281 0.11920796 0.13757856 0.12124198 0.10205591 0.16090077 0.11566244 0.07655266 0.12334538 0.13422783 0.12492261 0.15097898 0.10590418 0.07500488 0.11496251 0.12574419 0.12713097 0.16382889 0.10405552 0.19151350 0.12189699 0.14528154 0.10470473 0.15647831 0.15583849 0.14635612 0.08917806 0.14442642 0.10626305 0.15621769 0.13711393 0.12623267 0.06462322 0.06731167 0.10340236 0.12254853 0.10238588 0.11232477 0.09051455 0.17025308 0.11391229 0.07127402 0.13326014 0.09355450 0.04716282 0.15666249 0.16853540 0.18112608 0.15924990 0.13485814 0.06818559 0.13005159 0.14402341 0.19389703 0.06089762 0.15736555 0.12066718 0.11011567 0.14229949 0.14538990 0.06513740 0.11949562 0.17251692 0.19609315 0.09385746 0.09732285 0.08740084 0.06908122 0.14914295 0.10030390 0.14403987 0.12898280 0.17970386 0.11276159 0.17192123 0.12666654 0.16174356 0.09831999 0.12390585 0.11237676 0.16711703 0.19551344 0.15100387 0.13771627 0.12777768 0.12672058 0.14426464 0.08846329 0.11035484 0.13980732 0.15800825 0.15360033 0.13282621 0.12792326 0.12278723 0.12474388 0.11059928 0.14240949 0.09231656 0.09118101 0.18554478 0.15325084 0.11303873 0.13961968 0.14050385 0.11960032 0.12273172 0.17084218 0.11393082 0.09303095 0.12578926 0.16556920 0.13924993 0.18089949 0.07755575 0.08774611 0.11456292 0.12695203 0.13938575 0.12558400 0.11847918 0.14945792 0.13501576 0.14576249 0.11955083 0.09726621 0.10195252 0.07075511 0.10317564 0.12490310 0.09655184 0.09281573 0.12411441 0.14703569 0.15013786 0.10804479 0.13075560 0.18706857 0.14975159 0.15259772 0.11147019 0.13707499 0.29258087 0.12897136 0.28819001 0.14814571 0.13343854 0.13625357 0.12258049 0.09602509 0.08578566 0.06350475 0.13242361 0.08296571 0.09025035 0.06803127 0.17206882 0.09842893 0.11241484 0.15484939 0.14848668 0.13610666 0.15739066 0.12175648 0.11521162 0.16322739 0.15937738 0.13260400 0.14474605 0.12700011 0.12130320 0.15509373 0.11857032 0.11336809 0.13346037 0.17344797 0.14709291 0.12921901 0.13171221 
0.11602243 0.11588526 0.14471869 0.17744249 0.18701298 0.15303891 0.17389343 0.14318286 0.15989116 0.17383020 0.17196583 0.19738601 0.15684277 0.18270394 0.15657030 0.16713635 0.00000000 0.27186927 0.21983921 0.25546932 0.21655705 0.18731700 0.17985204 0.14510709 0.12727837 0.17383040 0.09764584 0.09723920 0.10289736 0.16037565 0.10649800 0.12052424 0.14567238 0.12888825 0.10339757 0.08639560 0.12175644 0.08795025 0.12669013 0.12374736 0.14341061 0.12939519 0.10021350 0.11875796 0.21768965 0.13357816 0.15278189 0.09702236 0.17715478 0.11625276 0.14471766 0.12544559 0.15752488 0.13757912 0.13354281 0.11859569 0.11712141 0.15536719 0.07548765 0.18457748 0.15417899 0.12670728 0.11430737 0.10528048 0.08743016 0.12275737 0.11051086 0.06639417 0.15996351 0.14166423 0.20219446 0.11171640 0.16253092 0.14791846 0.12564992 0.14625558 0.12490266 0.19686500 0.08741981 0.10009657 0.15663327 0.15033158 0.15011303 0.16484939 0.10469654 0.11978036 0.11583104 0.08097727 0.09117904 0.18762648 0.09163888 0.13982298 0.13852129 0.13324164 0.11894130 0.14796539 0.15248138 0.10545740 0.09977475 0.11290849 0.09119250 0.06670124 0.17424125 0.11021037 0.15529428 0.09091158 0.12863498 0.12954300 0.12374434 0.11475134 0.11609044 0.15326593 0.09058319 0.14873284 0.17869785 0.09247725 0.12191883 0.11469363 0.14211645 0.09551099 0.08290082 0.08883296 0.20851595 0.19010170 0.15902357 0.11282571 0.12182079 0.20003385 0.09502527 0.18045159 0.21775522 0.36639423 0.15073776 0.11434554 0.44437953 0.15537590 0.14026736 0.19924123 0.21474798 0.12894221 0.11234994 0.11617391 0.13610580 0.09235123 0.13507306 0.10347064 0.10995940 0.17355154 0.10092888 0.14675849 0.14788552 0.10745192 0.11051239 0.11069623 0.15620739 0.13724543 0.12327653 0.07077496 0.15143215 0.11020590 0.12756171 0.13429228 0.11285668 0.11551489 0.13153257 0.12957094 0.12806381 0.07315285 0.14531246 0.13999665 0.12965141 0.19046114 0.15857098 0.18154888 0.12198179 0.09302894 0.18393028 0.12555082 0.17979694 0.07777570 0.05683798 0.11771408 0.14386380 0.08603106 0.13022997 0.13138053 0.10185330 0.05749342 0.10552196 0.14483156 0.10853772 0.08430183 0.13618955 0.16977206 0.13060788 0.12062808 0.14229449 0.10545145 0.12942337 0.13995981 0.07503153 0.14920180 0.08745117 0.13232000 0.15005915 0.13181931 
