0.00000000 0.08445566 0.08445566 0.08445566 0.08309724 0.08047570 0.08265268 0.08126729 0.08404956 0.08047138 0.07873539 0.08072994 0.08162300 0.07943782 0.08394758 0.08180716 0.07802870 0.08299415 0.08036488 0.08113370 0.08009078 0.07982868 0.08131190 0.08101762 0.07690513 0.07845760 0.07872170 0.08127260 0.07882715 0.07889686 0.07764375 0.07839478 0.07965554 0.08040778 0.07964101 0.07902695 0.08035775 0.08256573 0.07853527 0.07926165 0.07882378 0.07762608 0.08210641 0.08038794 0.07841709 0.07718772 0.07670275 0.07671818 0.07835577 0.08118140 0.07867772 0.08100709 0.07846256 0.08278031 0.08128483 0.07689359 0.07774827 0.07657141 0.07720524 0.07679043 0.07773254 0.07853934 0.07918379 0.08176314 0.08000794 0.08090117 0.08029839 0.08231926 0.08057112 0.08083803 0.07952638 0.07923754 0.07908923 0.08069524 0.08166303 0.08154538 0.07849126 0.07978319 0.08228131 0.08041206 0.07884618 0.08282638 0.08024044 0.07949018 0.08156984 0.08088099 0.07734761 0.07984871 0.07696767 0.07782132 0.07805522 0.08175000 0.08104477 0.08157816 0.08155198 0.08384440 0.08044555 0.08164053 0.08360769 0.08020112 0.07933938 0.08139913 0.08052041 0.07793575 0.07814579 0.08173233 0.07848062 0.08438519 0.08041657 0.08255905 0.08150075 0.08004484 0.08270354 0.08164623 0.07986418 0.07689177 0.07872921 0.07922041 0.07803354 0.07843290 0.07905937 0.07903436 0.08178239 0.07831775 0.07857139 0.08111592 0.07788436 0.07695233 0.07813783 0.07702996 0.07686598 0.07689812 0.07652073 0.08238997 0.08441809 0.07741862 0.08115702 0.07679864 0.07823063 0.07999652 0.07751318 0.07905744 0.07950476 0.08051212 0.07915458 0.07848424 0.08204927 0.07889901 0.08037272 0.07956570 0.07665707 0.08107185 0.07901543 0.08071268 0.07757090 0.07865900 0.07772257 0.07731319 0.07997371 0.07773704 0.07810536 0.08309266 0.07801289 0.07702651 0.07802860 0.08085131 0.07815011 0.07777882 0.07789788 0.07825098 0.07783603 0.07633261 0.08060374 0.07722676 0.08061097 0.07768959 0.07905100 0.08008614 0.07939993 0.08022171 0.08070361 0.08105486 0.07809869 0.08129169 0.08420590 0.08097663 0.08173804 0.08108196 0.08275279 0.07813690 0.08186897 0.08273412 0.08132605 
0.08445566 0.00000000 0.08445566 0.08445566 0.08309724 0.08047570 0.08265268 0.08126729 0.08404956 0.08047138 0.07873539 0.08072994 0.08162300 0.07943782 0.08394758 0.08180716 0.07802870 0.08299415 0.08036488 0.08113370 0.08009078 0.07982868 0.08131190 0.08101762 0.07690513 0.07845760 0.07872170 0.08127260 0.07882715 0.07889686 0.07764375 0.07839478 0.07965554 0.08040778 0.07964101 0.07902695 0.08035775 0.08256573 0.07853527 0.07926165 0.07882378 0.07762608 0.08210641 0.08038794 0.07841709 0.07718772 0.07670275 0.07671818 0.07835577 0.08118140 0.07867772 0.08100709 0.07846256 0.08278031 0.08128483 0.07689359 0.07774827 0.07657141 0.07720524 0.07679043 0.07773254 0.07853934 0.07918379 0.08176314 0.08000794 0.08090117 0.08029839 0.08231926 0.08057112 0.08083803 0.07952638 0.07923754 0.07908923 0.08069524 0.08166303 0.08154538 0.07849126 0.07978319 0.08228131 0.08041206 0.07884618 0.08282638 0.08024044 0.07949018 0.08156984 0.08088099 0.07734761 0.07984871 0.07696767 0.07782132 0.07805522 0.08175000 0.08104477 0.08157816 0.08155198 0.08384440 0.08044555 0.08164053 0.08360769 0.08020112 0.07933938 0.08139913 0.08052041 0.07793575 0.07814579 0.08173233 0.07848062 0.08438519 0.08041657 0.08255905 0.08150075 0.08004484 0.08270354 0.08164623 0.07986418 0.07689177 0.07872921 0.07922041 0.07803354 0.07843290 0.07905937 0.07903436 0.08178239 0.07831775 0.07857139 0.08111592 0.07788436 0.07695233 0.07813783 0.07702996 0.07686598 0.07689812 0.07652073 0.08238997 0.08441809 0.07741862 0.08115702 0.07679864 0.07823063 0.07999652 0.07751318 0.07905744 0.07950476 0.08051212 0.07915458 0.07848424 0.08204927 0.07889901 0.08037272 0.07956570 0.07665707 0.08107185 0.07901543 0.08071268 0.07757090 0.07865900 0.07772257 0.07731319 0.07997371 0.07773704 0.07810536 0.08309266 0.07801289 0.07702651 0.07802860 0.08085131 0.07815011 0.07777882 0.07789788 0.07825098 0.07783603 0.07633261 0.08060374 0.07722676 0.08061097 0.07768959 0.07905100 0.08008614 0.07939993 0.08022171 0.08070361 0.08105486 0.07809869 0.08129169 0.08420590 0.08097663 0.08173804 0.08108196 0.08275279 0.07813690 0.08186897 0.08273412 0.08132605 
0.08445566 0.08445566 0.00000000 0.08445566 0.08309724 0.08047570 0.08265268 0.08126729 0.08404956 0.08047138 0.07873539 0.08072994 0.08162300 0.07943782 0.08394758 0.08180716 0.07802870 0.08299415 0.08036488 0.08113370 0.08009078 0.07982868 0.08131190 0.08101762 0.07690513 0.07845760 0.07872170 0.08127260 0.07882715 0.07889686 0.07764375 0.07839478 0.07965554 0.08040778 0.07964101 0.07902695 0.08035775 0.08256573 0.07853527 0.07926165 0.07882378 0.07762608 0.08210641 0.08038794 0.07841709 0.07718772 0.07670275 0.07671818 0.07835577 0.08118140 0.07867772 0.08100709 0.07846256 0.08278031 0.08128483 0.07689359 0.07774827 0.07657141 0.07720524 0.07679043 0.07773254 0.07853934 0.07918379 0.08176314 0.08000794 0.08090117 0.08029839 0.08231926 0.08057112 0.08083803 0.07952638 0.07923754 0.07908923 0.08069524 0.08166303 0.08154538 0.07849126 0.07978319 0.08228131 0.08041206 0.07884618 0.08282638 0.08024044 0.07949018 0.08156984 0.08088099 0.07734761 0.07984871 0.07696767 0.07782132 0.07805522 0.08175000 0.08104477 0.08157816 0.08155198 0.08384440 0.08044555 0.08164053 0.08360769 0.08020112 0.07933938 0.08139913 0.08052041 0.07793575 0.07814579 0.08173233 0.07848062 0.08438519 0.08041657 0.08255905 0.08150075 0.08004484 0.08270354 0.08164623 0.07986418 0.07689177 0.07872921 0.07922041 0.07803354 0.07843290 0.07905937 0.07903436 0.08178239 0.07831775 0.07857139 0.08111592 0.07788436 0.07695233 0.07813783 0.07702996 0.07686598 0.07689812 0.07652073 0.08238997 0.08441809 0.07741862 0.08115702 0.07679864 0.07823063 0.07999652 0.07751318 0.07905744 0.07950476 0.08051212 0.07915458 0.07848424 0.08204927 0.07889901 0.08037272 0.07956570 0.07665707 0.08107185 0.07901543 0.08071268 0.07757090 0.07865900 0.07772257 0.07731319 0.07997371 0.07773704 0.07810536 0.08309266 0.07801289 0.07702651 0.07802860 0.08085131 0.07815011 0.07777882 0.07789788 0.07825098 0.07783603 0.07633261 0.08060374 0.07722676 0.08061097 0.07768959 0.07905100 0.08008614 0.07939993 0.08022171 0.08070361 0.08105486 0.07809869 0.08129169 0.08420590 0.08097663 0.08173804 0.08108196 0.08275279 0.07813690 0.08186897 0.08273412 0.08132605 
0.08445566 0.08445566 0.08445566 0.00000000 0.08309724 0.08047570 0.08265268 0.08126729 0.08404956 0.08047138 0.07873539 0.08072994 0.08162300 0.07943782 0.08394758 0.08180716 0.07802870 0.08299415 0.08036488 0.08113370 0.08009078 0.07982868 0.08131190 0.08101762 0.07690513 0.07845760 0.07872170 0.08127260 0.07882715 0.07889686 0.07764375 0.07839478 0.07965554 0.08040778 0.07964101 0.07902695 0.08035775 0.08256573 0.07853527 0.07926165 0.07882378 0.07762608 0.08210641 0.08038794 0.07841709 0.07718772 0.07670275 0.07671818 0.07835577 0.08118140 0.07867772 0.08100709 0.07846256 0.08278031 0.08128483 0.07689359 0.07774827 0.07657141 0.07720524 0.07679043 0.07773254 0.07853934 0.07918379 0.08176314 0.08000794 0.08090117 0.08029839 0.08231926 0.08057112 0.08083803 0.07952638 0.07923754 0.07908923 0.08069524 0.08166303 0.08154538 0.07849126 0.07978319 0.08228131 0.08041206 0.07884618 0.08282638 0.08024044 0.07949018 0.08156984 0.08088099 0.07734761 0.07984871 0.07696767 0.07782132 0.07805522 0.08175000 0.08104477 0.08157816 0.08155198 0.08384440 0.08044555 0.08164053 0.08360769 0.08020112 0.07933938 0.08139913 0.08052041 0.07793575 0.07814579 0.08173233 0.07848062 0.08438519 0.08041657 0.08255905 0.08150075 0.08004484 0.08270354 0.08164623 0.07986418 0.07689177 0.07872921 0.07922041 0.07803354 0.07843290 0.07905937 0.07903436 0.08178239 0.07831775 0.07857139 0.08111592 0.07788436 0.07695233 0.07813783 0.07702996 0.07686598 0.07689812 0.07652073 0.08238997 0.08441809 0.07741862 0.08115702 0.07679864 0.07823063 0.07999652 0.07751318 0.07905744 0.07950476 0.08051212 0.07915458 0.07848424 0.08204927 0.07889901 0.08037272 0.07956570 0.07665707 0.08107185 0.07901543 0.08071268 0.07757090 0.07865900 0.07772257 0.07731319 0.07997371 0.07773704 0.07810536 0.08309266 0.07801289 0.07702651 0.07802860 0.08085131 0.07815011 0.07777882 0.07789788 0.07825098 0.07783603 0.07633261 0.08060374 0.07722676 0.08061097 0.07768959 0.07905100 0.08008614 0.07939993 0.08022171 0.08070361 0.08105486 0.07809869 0.08129169 0.08420590 0.08097663 0.08173804 0.08108196 0.08275279 0.07813690 0.08186897 0.08273412 0.08132605 
0.08309724 0.08309724 0.08309724 0.08309724 0.00000000 0.12154528 0.06945301 0.08201581 0.08975558 0.08415282 0.07040339 0.07499048 0.07778863 0.10768588 0.08100685 0.07677274 0.09181295 0.08734838 0.07785801 0.07869134 0.08773386 0.07856169 0.07587463 0.08822848 0.06925902 0.08699452 0.09567739 0.07529873 0.09127296 0.08639811 0.09262829 0.08756633 0.08891673 0.07340181 0.07002541 0.10216498 0.07916105 0.08014009 0.06867837 0.07204903 0.06356417 0.07412765 0.07550357 0.08170975 0.08558060 0.08082364 0.08426173 0.07815008 0.08079255 0.08188155 0.07590988 0.06964123 0.08366601 0.07570951 0.07773833 0.07209686 0.08967661 0.07216707 0.08325393 0.08913125 0.07064445 0.06623206 0.06949563 0.09992563 0.06901202 0.07917334 0.07372594 0.08798649 0.08169391 0.07061231 0.08015480 0.10259501 0.08263266 0.08033392 0.07873874 0.07536639 0.07790652 0.07981585 0.07912383 0.07069740 0.09634467 0.10805785 0.06614065 0.07732316 0.07475058 0.07685748 0.07793795 0.08239570 0.06563525 0.07307125 0.06950106 0.08172256 0.07500079 0.07293221 0.07275825 0.08505892 0.08356106 0.07314116 0.08411958 0.07786477 0.06638450 0.07039425 0.07882733 0.08838385 0.06569699 0.07546788 0.07388908 0.08301394 0.07542828 0.08514110 0.07697634 0.06546204 0.09250801 0.07682937 0.07836339 0.08876975 0.08263248 0.07109227 0.09187126 0.07125378 0.06273654 0.08109500 0.07693866 0.08244160 0.07761662 0.07698447 0.07731128 0.07871061 0.06826921 0.07521523 0.07252444 0.08157737 0.07028288 0.07223982 0.09424094 0.07962952 0.09344299 0.07407612 0.08494919 0.06996266 0.07806909 0.08061792 0.09052273 0.07230191 0.06469329 0.07440609 0.07924238 0.09525786 0.09599417 0.09068826 0.07673793 0.08265607 0.07754661 0.07589169 0.10737674 0.06972614 0.08883312 0.06953654 0.07857373 0.08057237 0.07619255 0.09476870 0.07712339 0.08243674 0.06721093 0.08520836 0.08911709 0.07664180 0.06879828 0.09005321 0.08309688 0.07140085 0.08887343 0.07612386 0.08658764 0.07115492 0.07416265 0.06532021 0.08949515 0.07509972 0.07051047 0.06049519 0.08847825 0.08379147 0.08196142 0.06282399 0.07772757 0.06687288 0.08597477 0.08737461 0.07685953 0.09967879 0.09255725 
0.08047570 0.08047570 0.08047570 0.08047570 0.12154528 0.00000000 0.11126871 0.09388490 0.08514211 0.07658088 0.05424308 0.04393300 0.06458849 0.11576539 0.07471387 0.06677984 0.05121709 0.06283670 0.09264858 0.09096757 0.05985848 0.08647342 0.03967234 0.09562407 0.08803999 0.10453782 0.09956261 0.06474661 0.08866162 0.09988340 0.11108092 0.10656743 0.07211940 0.10814094 0.06553412 0.06332896 0.08223860 0.06114871 0.04947794 0.14086661 0.11494920 0.08826202 0.04645919 0.07959299 0.07221852 0.09184754 0.12751205 0.10548514 0.08324874 0.08179438 0.06797646 0.04675734 0.10834837 0.05678340 0.06702969 0.07273305 0.10962804 0.14073617 0.11423184 0.09039918 0.11199185 0.10132891 0.09829976 0.10102787 0.09806814 0.10571543 0.09644657 0.08270543 0.06943554 0.07415665 0.07722860 0.08343005 0.06703342 0.07255752 0.05500901 0.05693356 0.06783862 0.06324898 0.05400312 0.06125921 0.09162555 0.06029131 0.05539507 0.05839585 0.07355140 0.09767545 0.08471526 0.08215698 0.11533194 0.13428567 0.11866791 0.06557014 0.07963122 0.06268066 0.04719593 0.08111727 0.05963197 0.06658830 0.05320203 0.08086474 0.04272525 0.04337298 0.04906497 0.07021894 0.06531128 0.09770128 0.06528968 0.07560735 0.10364648 0.05501041 0.09128697 0.07223295 0.07676618 0.13060255 0.08135384 0.08339354 0.13304306 0.07251266 0.11265357 0.06799211 0.05755062 0.11757165 0.07050846 0.13003010 0.09325723 0.07879260 0.05430421 0.11039512 0.04855578 0.10691380 0.10078048 0.09785895 0.11511518 0.09319459 0.07213616 0.07158653 0.05083474 0.06945645 0.08622862 0.06179138 0.11237930 0.10498389 0.06557006 0.05521267 0.08573637 0.06958332 0.06702814 0.08657493 0.06236411 0.06305548 0.08322982 0.07114198 0.07984860 0.06166352 0.09831267 0.07548146 0.10445001 0.10935497 0.06629956 0.07249863 0.07832806 0.07176947 0.08567174 0.09559887 0.07162331 0.08894249 0.08253123 0.10282610 0.09662823 0.07718975 0.08704796 0.05793914 0.04470990 0.13963757 0.05192643 0.04898573 0.09090400 0.04450682 0.12750007 0.04489236 0.09066175 0.07431155 0.08033818 0.06460861 0.06352950 0.05405405 0.03506645 0.05698123 0.07259099 0.06140367 0.06173010 0.05867905 0.05260651 
0.08265268 0.08265268 0.08265268 0.08265268 0.06945301 0.11126871 0.00000000 0.10771703 0.11337425 0.10098554 0.18674124 0.09340566 0.07996600 0.21178812 0.09878764 0.08254799 0.10145722 0.07871624 0.09711241 0.13096100 0.07936630 0.05456115 0.06369748 0.09272436 0.07975210 0.07727480 0.09902699 0.15920136 0.05632210 0.08240357 0.05911593 0.07652796 0.05369951 0.05281985 0.06155521 0.05145364 0.08945946 0.06309992 0.05254503 0.05437814 0.11521571 0.10635137 0.08235194 0.07281744 0.06457349 0.07878987 0.02499149 0.10262633 0.05302274 0.05522028 0.05188442 0.06016401 0.05785380 0.06798547 0.06707388 0.04224660 0.08892172 0.08880934 0.05834309 0.11872269 0.11989400 0.13540743 0.09775461 0.05028075 0.06195438 0.08226786 0.04786150 0.07267975 0.08443685 0.07379640 0.08838455 0.10934708 0.10283696 0.06049835 0.07540577 0.09509343 0.15003578 0.12593349 0.09025631 0.06756997 0.05136854 0.07341612 0.04113713 0.03371866 0.09212795 0.10084657 0.08876706 0.09474020 0.07674106 0.05888806 0.08150396 0.05759369 0.08474281 0.06360757 0.08024105 0.08999336 0.09141256 0.08097513 0.08646244 0.07153199 0.10214237 0.07384211 0.07495096 0.07218558 0.09506530 0.08921676 0.13104911 0.07165077 0.09449897 0.06547404 0.05929871 0.07045516 0.07120901 0.07327481 0.07033198 0.07041804 0.05435314 0.09001424 0.07760130 0.07304504 0.07722769 0.07247225 0.09175658 0.05848800 0.04582353 0.08308949 0.08593599 0.07317167 0.05978808 0.03322991 0.03677088 0.06053347 0.05547547 0.06342591 0.06810845 0.06580605 0.08981734 0.10928669 0.07733188 0.07298742 0.08814349 0.08400147 0.05146417 0.09263420 0.05227539 0.05489222 0.06768117 0.06464462 0.10022328 0.10595955 0.08073577 0.13584406 0.07885992 0.11928566 0.10475072 0.08809962 0.07366913 0.08129575 0.14416789 0.07926451 0.05509707 0.07456569 0.05195069 0.08086799 0.05387678 0.06640644 0.07002040 0.06927657 0.09586738 0.09142103 0.05927079 0.04329107 0.06922004 0.12552274 0.07748480 0.06222964 0.13477202 0.05338854 0.08317705 0.08005848 0.07780667 0.10903242 0.09154791 0.06142084 0.07959932 0.05825137 0.07566406 0.09964649 0.07271576 0.07002108 0.10237529 0.07266002 0.09699449 
0.08126729 0.08126729 0.08126729 0.08126729 0.08201581 0.09388490 0.10771703 0.00000000 0.14510054 0.14867459 0.06815805 0.10108467 0.13400749 0.08407404 0.12075088 0.07946614 0.05508409 0.10817206 0.08691012 0.10838310 0.11417074 0.05488375 0.07291342 0.07054264 0.07742067 0.08949301 0.06561262 0.07922474 0.05725816 0.06119004 0.05730793 0.13289654 0.09896465 0.07631633 0.05167150 0.08692732 0.04140964 0.09159221 0.06337277 0.08115007 0.05445532 0.05653197 0.08517398 0.10411966 0.04540858 0.09261418 0.06042810 0.07845485 0.09918749 0.06099053 0.07138335 0.07223216 0.06321407 0.08910035 0.09013475 0.05830365 0.08155562 0.11376019 0.07653647 0.06975683 0.08631664 0.05208676 0.09061586 0.07407711 0.06765970 0.06582255 0.10509078 0.08652002 0.07359657 0.06663126 0.08058200 0.05831789 0.06560460 0.10968463 0.08361382 0.06884293 0.08108562 0.08011624 0.07681660 0.08410043 0.08886029 0.07175630 0.11828943 0.07749151 0.08282864 0.09471565 0.06419703 0.08014805 0.06296902 0.04599183 0.04257107 0.07999024 0.07190177 0.09996756 0.07550277 0.08930670 0.07914484 0.07990353 0.09572244 0.11600168 0.09174001 0.07838799 0.07790330 0.08875678 0.08728274 0.09138905 0.08200651 0.07532433 0.09679888 0.09035235 0.08529750 0.08993389 0.09923765 0.06719384 0.10302560 0.08783346 0.07040763 0.07266126 0.05562419 0.07600352 0.08147831 0.06681966 0.07191947 0.06275370 0.07142007 0.06798790 0.07570196 0.06143426 0.05096417 0.08894832 0.06443347 0.11759023 0.08012290 0.08146076 0.07490365 0.07903406 0.06966518 0.09786249 0.05056231 0.09255658 0.10096970 0.07812533 0.07264184 0.09732148 0.09054582 0.04675082 0.08154407 0.05180645 0.06749059 0.06924595 0.04639089 0.07006505 0.13315382 0.06298575 0.06399744 0.07910150 0.08104206 0.07840658 0.15587970 0.05090969 0.06889288 0.09594580 0.06156008 0.09797157 0.06440603 0.05872975 0.08814750 0.09712153 0.06315873 0.09442215 0.09341289 0.06834499 0.04805654 0.07214911 0.07172515 0.06334225 0.09044672 0.07618388 0.06417606 0.05599120 0.07358407 0.07547088 0.06009676 0.10506428 0.07951203 0.07870545 0.12519460 0.11257881 0.07727659 0.05798314 0.07060770 0.09487964 0.07838560 
0.08404956 0.08404956 0.08404956 0.08404956 0.08975558 0.08514211 0.11337425 0.14510054 0.00000000 0.13452447 0.11405614 0.11627639 0.11707251 0.11977492 0.13760356 0.10280427 0.08389030 0.11901782 0.11331539 0.09286855 0.12554936 0.07266740 0.07531278 0.07219340 0.05832751 0.08345619 0.08020418 0.06900572 0.07692462 0.09634760 0.07216644 0.07271141 0.06583134 0.06392436 0.08303484 0.07490135 0.08275684 0.08539582 0.08975079 0.07840806 0.10257612 0.07561076 0.08001667 0.08355143 0.07414685 0.06582813 0.07160977 0.07578762 0.08040691 0.07013037 0.07361586 0.07596568 0.07696566 0.08319599 0.08092063 0.06368260 0.07662774 0.07272275 0.06098199 0.06463525 0.09250873 0.06625284 0.06829278 0.07166695 0.07406131 0.07723324 0.08131345 0.08176892 0.07090692 0.09302089 0.07066440 0.07868176 0.06701649 0.08513883 0.07094208 0.08339910 0.08300047 0.07816326 0.07784426 0.07176340 0.07592023 0.08070039 0.06811426 0.08154992 0.08463781 0.07537227 0.08070597 0.06630659 0.06063241 0.06499526 0.07359850 0.08268096 0.08988285 0.08652728 0.08297419 0.08187711 0.07334337 0.07992423 0.07988181 0.07932004 0.07242491 0.07676813 0.09351178 0.07135119 0.06953655 0.07330816 0.07612677 0.09757380 0.08275757 0.09721105 0.06422335 0.08681179 0.08297044 0.07744075 0.09718442 0.07863616 0.06803620 0.08699156 0.07075523 0.07703813 0.08110253 0.07022682 0.09737853 0.06486008 0.08337474 0.07323729 0.07323060 0.06081556 0.06984036 0.06591499 0.06785531 0.07089068 0.06895287 0.07969140 0.10001049 0.06090754 0.07637009 0.07043402 0.06875544 0.08427274 0.08227990 0.07328148 0.06104854 0.07863763 0.10367976 0.06696798 0.07460186 0.08175103 0.08215328 0.07413581 0.07005903 0.07234077 0.08366505 0.06927168 0.07141994 0.06401692 0.07388095 0.06660227 0.08212582 0.06941552 0.06653137 0.07726127 0.07474287 0.08283644 0.06363937 0.07960464 0.06818698 0.09072124 0.06833428 0.06223877 0.06585688 0.06176480 0.06518943 0.07202314 0.08760740 0.07571187 0.08463046 0.08179950 0.07270418 0.07532907 0.08832335 0.07038026 0.08248091 0.09561190 0.08570240 0.06971147 0.07700553 0.07761612 0.09015716 0.07271860 0.07633006 0.10091271 0.08544835 
0.08047138 0.08047138 0.08047138 0.08047138 0.08415282 0.07658088 0.10098554 0.14867459 0.13452447 0.00000000 0.13903579 0.11420454 0.09179118 0.13717441 0.11454162 0.10542278 0.09094980 0.10588858 0.05829654 0.09915479 0.06341359 0.08382544 0.10267716 0.08831392 0.06210543 0.06341538 0.10063464 0.12794908 0.05077000 0.06935537 0.06353570 0.09267376 0.06275572 0.04371102 0.05088538 0.06157818 0.06829872 0.07281469 0.09113895 0.08604621 0.10312399 0.09123431 0.13255833 0.05529103 0.08352049 0.06168765 0.06627224 0.06989433 0.06770523 0.05731529 0.05788631 0.05601386 0.10015904 0.06388651 0.05587160 0.05904337 0.06589877 0.08893009 0.10748610 0.09385928 0.07171801 0.04548641 0.06319074 0.06007377 0.06869729 0.08808116 0.13950353 0.07157151 0.08012856 0.05876858 0.07165714 0.08074932 0.07733820 0.10346307 0.14639505 0.06213820 0.07926612 0.11226901 0.08338796 0.08025573 0.11802853 0.06991045 0.06859500 0.04958474 0.07674708 0.10936958 0.05146583 0.05637627 0.04833950 0.04702700 0.07423381 0.08624867 0.04501656 0.09533516 0.09433522 0.08028491 0.13568263 0.07960759 0.08781005 0.12003707 0.06883530 0.07805523 0.09859145 0.07833303 0.12895914 0.06605824 0.05748256 0.07889603 0.10501837 0.07721932 0.06774134 0.26817671 0.12560449 0.07364351 0.07938880 0.04337013 0.07263977 0.06800452 0.05897236 0.10025836 0.09902688 0.07239308 0.07643263 0.04332965 0.04977277 0.05069137 0.09742967 0.06587823 0.06292032 0.08499150 0.04375481 0.05280528 0.07704985 0.06802416 0.07453797 0.06115050 0.07239154 0.07848549 0.07389767 0.08426739 0.09061003 0.06366080 0.07355386 0.08407253 0.11513645 0.10636266 0.07854831 0.06154990 0.06483566 0.06892564 0.05996306 0.06520139 0.05132105 0.08010768 0.07066530 0.06440763 0.03520740 0.04286354 0.07147479 0.04864219 0.08564171 0.08554098 0.09763399 0.06863188 0.07718187 0.16252508 0.04471009 0.04889497 0.06216223 0.06848325 0.05874617 0.08133236 0.06569539 0.08790427 0.07816535 0.09236520 0.09683773 0.07412559 0.06049282 0.06246095 0.10232084 0.06574312 0.05844316 0.06826752 0.08623803 0.05202757 0.07286862 0.14722662 0.05910848 0.05901589 0.08601247 0.12023600 0.11038599 
0.07873539 0.07873539 0.07873539 0.07873539 0.07040339 0.05424308 0.18674124 0.06815805 0.11405614 0.13903579 0.00000000 0.14996283 0.10448712 0.08335369 0.08319472 0.11162483 0.08921568 0.08420657 0.07754110 0.09379049 0.06981857 0.12495679 0.08843515 0.04867235 0.06325311 0.12412383 0.06649991 0.14324010 0.11636989 0.07439404 0.08221232 0.07011657 0.05267024 0.05375957 0.06328563 0.06527984 0.05134586 0.06134657 0.04898141 0.04960955 0.07684753 0.06302592 0.07262845 0.07959561 0.06668053 0.09983677 0.08400334 0.10192480 0.10105232 0.07022549 0.09448537 0.05794865 0.05362996 0.10394221 0.06499519 0.03851453 0.06569752 0.05252372 0.05120313 0.09264646 0.10342745 0.05365781 0.05959809 0.05171688 0.06264904 0.05670619 0.05526706 0.05079168 0.09066664 0.07776207 0.04601233 0.09092317 0.09790815 0.06506932 0.07441609 0.06008439 0.08823319 0.04950426 0.06841361 0.10055509 0.05213871 0.08282353 0.07824932 0.08686313 0.10114288 0.07888291 0.10307728 0.05152500 0.06790644 0.06891371 0.05827518 0.08599194 0.14589029 0.12968906 0.11089734 0.07803377 0.09300506 0.07473501 0.08266407 0.11613560 0.12000586 0.08306587 0.06947012 0.06392979 0.13473385 0.10355216 0.09776391 0.06716601 0.10546330 0.07320503 0.07558871 0.12662969 0.09098035 0.07500661 0.06047022 0.06438937 0.07323409 0.07315431 0.07454485 0.08012434 0.09021295 0.10256399 0.05367858 0.06855272 0.04940042 0.11982063 0.04607234 0.03786061 0.05745018 0.11916650 0.06992251 0.05804440 0.07832450 0.07247765 0.06731114 0.04525103 0.09071075 0.04131522 0.07429096 0.08674666 0.09650609 0.09008158 0.14777157 0.07110781 0.05365334 0.15656477 0.06122542 0.14979062 0.07653549 0.11016732 0.07125286 0.09326836 0.05091893 0.07984759 0.08250851 0.06671462 0.05486749 0.08773154 0.04556839 0.06396848 0.07437209 0.07236641 0.14660103 0.07429083 0.04940245 0.12397771 0.05152185 0.09328635 0.10252409 0.07328040 0.08919150 0.05853650 0.05932715 0.07015618 0.06925722 0.09749808 0.06315942 0.08853823 0.09277553 0.07627802 0.06646455 0.07405055 0.10727115 0.08046870 0.06917579 0.09717784 0.05417126 0.10333805 0.05633158 0.08431750 0.06215902 0.08166950 0.08630846 
0.08072994 0.08072994 0.08072994 0.08072994 0.07499048 0.04393300 0.09340566 0.10108467 0.11627639 0.11420454 0.14996283 0.00000000 0.10503962 0.09216292 0.09511784 0.07391734 0.04813859 0.08583288 0.05321038 0.13491214 0.06013209 0.05467656 0.09485773 0.05951711 0.08933952 0.06059870 0.09440676 0.12781021 0.06363459 0.03509489 0.05981085 0.07811925 0.09544993 0.08812159 0.04739273 0.08831520 0.05863711 0.10198140 0.07491883 0.10543433 0.05800871 0.12577779 0.09957332 0.07616922 0.09629928 0.06235935 0.07631317 0.05384987 0.07030397 0.07103683 0.09173751 0.08063421 0.03184398 0.06699141 0.06179479 0.10579772 0.05599362 0.08374597 0.06355821 0.06520199 0.07991350 0.08077884 0.05156656 0.05697516 0.07794919 0.06072518 0.11489486 0.07172488 0.09979314 0.08622251 0.04919224 0.06784647 0.07969819 0.07389490 0.08651695 0.08393844 0.11696408 0.08409975 0.06150447 0.06714759 0.09043710 0.08139976 0.05825178 0.08282299 0.09800970 0.06641154 0.08180936 0.09411554 0.05989768 0.04145726 0.05056708 0.08551034 0.24909665 0.10342871 0.10664298 0.08304714 0.05623281 0.09946497 0.09945314 0.11772716 0.12344666 0.10915865 0.07745417 0.08874850 0.09740496 0.10006205 0.05864220 0.07408595 0.09635884 0.07832399 0.06521378 0.07920426 0.07794353 0.08107300 0.14059800 0.06814383 0.10193495 0.10922246 0.09362886 0.09744877 0.09023515 0.06053718 0.11621237 0.06481915 0.05361469 0.10220711 0.05344978 0.06896831 0.07919782 0.05160886 0.04026600 0.05506768 0.07900455 0.07856009 0.07253439 0.08168998 0.11272129 0.07178046 0.05420596 0.08460213 0.04263885 0.06324252 0.14564737 0.08220679 0.05727552 0.06609629 0.08230216 0.04270304 0.08673648 0.08125834 0.08582272 0.07338266 0.04926369 0.15107527 0.07586516 0.06325200 0.04784813 0.05632053 0.05933784 0.06354996 0.05884453 0.07995135 0.05976234 0.04655587 0.08855252 0.06615514 0.04922149 0.08133593 0.06859539 0.06040277 0.05410852 0.07515987 0.06391566 0.05159141 0.07425553 0.07614305 0.08670164 0.05474640 0.10740064 0.11227450 0.09204659 0.10397237 0.07181653 0.08998425 0.07329390 0.06377792 0.14306654 0.08015109 0.07247762 0.09056461 0.11276721 0.08078579 0.06920293 
0.08162300 0.08162300 0.08162300 0.08162300 0.07778863 0.06458849 0.07996600 0.13400749 0.11707251 0.09179118 0.10448712 0.10503962 0.00000000 0.09884836 0.11693265 0.07898918 0.07604848 0.10476782 0.07818684 0.07823917 0.05131111 0.10286654 0.09629456 0.07064407 0.04729878 0.05401386 0.06497984 0.13855988 0.03932134 0.08723458 0.05188986 0.04715251 0.09369006 0.10694219 0.09502991 0.09353376 0.05334227 0.08006519 0.07801863 0.07990547 0.07658071 0.04944896 0.11764102 0.07785576 0.06762467 0.07823622 0.08103466 0.05481774 0.08802246 0.05171105 0.09444965 0.11535224 0.04089706 0.09622786 0.10140751 0.06127293 0.08543683 0.08029260 0.09397162 0.05169719 0.06993332 0.08638008 0.06343610 0.09575416 0.05435172 0.08258580 0.12715176 0.08951784 0.09686544 0.06652503 0.11733127 0.08866230 0.08137173 0.10694325 0.07747430 0.06569106 0.04610015 0.07967463 0.08480077 0.07373025 0.07764431 0.07821577 0.06050043 0.06697589 0.09569569 0.09012120 0.04501767 0.05806020 0.07250697 0.04134299 0.04917180 0.06862224 0.06126528 0.08111672 0.08354906 0.12702430 0.06749965 0.10522832 0.09759819 0.06699012 0.07875162 0.09005796 0.09184338 0.05124071 0.06678441 0.07824135 0.06270833 0.08084108 0.06390336 0.07744694 0.07591148 0.08484337 0.07523091 0.08911145 0.07410087 0.07302951 0.06339431 0.08131981 0.06949513 0.06685306 0.08174933 0.08170580 0.08605860 0.04631674 0.07589967 0.09016236 0.06500876 0.07858375 0.07739285 0.06263581 0.06709022 0.08255557 0.06401288 0.07878634 0.08778795 0.11356370 0.06754908 0.06195757 0.05255967 0.06419873 0.06811011 0.06682773 0.11062419 0.09656173 0.08851429 0.09778993 0.08140469 0.06924017 0.12071361 0.05525486 0.05626871 0.08198082 0.03756479 0.07013534 0.11048925 0.05741561 0.06285622 0.07583950 0.07338840 0.04123112 0.07374138 0.13365339 0.12013750 0.10424433 0.06242638 0.07310208 0.07201100 0.04668273 0.09617452 0.09185203 0.08605146 0.06919352 0.06923960 0.06759370 0.14114090 0.08467374 0.07201465 0.11710235 0.09148448 0.08326414 0.09532051 0.09762314 0.09539565 0.08172871 0.08469183 0.05496748 0.16458924 0.08020784 0.06784472 0.08087760 0.07140516 0.08878105 0.09694102 
0.07943782 0.07943782 0.07943782 0.07943782 0.10768588 0.11576539 0.21178812 0.08407404 0.11977492 0.13717441 0.08335369 0.09216292 0.09884836 0.00000000 0.10033405 0.09693841 0.09227160 0.08917840 0.12191530 0.05326108 0.07506560 0.07867742 0.03721592 0.07348446 0.03869379 0.06373592 0.14562013 0.06287977 0.08696912 0.07869805 0.13251528 0.04871195 0.05839395 0.10605753 0.08478978 0.06414105 0.09059899 0.07448342 0.09582275 0.09612212 0.20993325 0.12599027 0.07267813 0.09800920 0.04566565 0.04537157 0.09479697 0.04821360 0.10181331 0.05004391 0.05375347 0.05810297 0.05767571 0.06553837 0.06086277 0.10639215 0.07125201 0.05582890 0.11505272 0.06630911 0.05587126 0.11564672 0.06206788 0.05979445 0.10660723 0.07878832 0.05757400 0.06618084 0.06245702 0.12738451 0.07494578 0.05769264 0.06531693 0.11759159 0.13561243 0.05516876 0.10921110 0.07796092 0.10301484 0.05917780 0.06783797 0.07820854 0.04568507 0.03479832 0.07094745 0.11193601 0.07895217 0.06215952 0.17788826 0.07418893 0.08781477 0.08733044 0.08218443 0.07683566 0.10241609 0.09236279 0.09461730 0.07196479 0.10255952 0.06163094 0.07180355 0.07602520 0.14938321 0.06648690 0.04166610 0.08257169 0.04251507 0.07161448 0.09633449 0.07970134 0.04078849 0.16744103 0.11610885 0.06173069 0.07694114 0.06649231 0.07564877 0.09012400 0.07123801 0.07237556 0.10550003 0.07574994 0.10667106 0.02895804 0.06039299 0.08534195 0.06366423 0.04431652 0.09550896 0.10576923 0.02705877 0.12381746 0.04009033 0.06222354 0.06920486 0.04179811 0.08089940 0.10735714 0.05633644 0.07334730 0.02374403 0.04634825 0.07733312 0.08569109 0.11782539 0.04570675 0.05036418 0.05561361 0.08893488 0.07220894 0.04579341 0.06652133 0.04236333 0.05624330 0.05736891 0.03990695 0.08084171 0.06449416 0.12683735 0.05129856 0.03459056 0.10698975 0.06654294 0.05433226 0.04896632 0.06815695 0.04234696 0.09615240 0.13350354 0.06076653 0.05120493 0.07624343 0.05473069 0.12044714 0.06849367 0.04844546 0.15593269 0.06298270 0.12445299 0.05603919 0.08757214 0.11649333 0.07607460 0.08511636 0.07958232 0.07289190 0.08213612 0.10108090 0.09885002 0.08280140 0.08299828 0.10250501 0.06375254 
0.08394758 0.08394758 0.08394758 0.08394758 0.08100685 0.07471387 0.09878764 0.12075088 0.13760356 0.11454162 0.08319472 0.09511784 0.11693265 0.10033405 0.00000000 0.11081046 0.10143077 0.13195698 0.10533069 0.10280733 0.09940972 0.08252306 0.09056770 0.07189985 0.06381267 0.06970761 0.06049141 0.06117227 0.07200696 0.07610054 0.06303997 0.08736067 0.07451970 0.09441491 0.10296546 0.06707444 0.08288273 0.08472277 0.08263777 0.10523325 0.11050959 0.08947392 0.08131834 0.10299945 0.06438417 0.06703655 0.05917173 0.07307210 0.06741088 0.06788247 0.07253460 0.07228347 0.07114973 0.07964707 0.07651237 0.05993755 0.06936764 0.06337442 0.06293392 0.06935475 0.06869441 0.07329362 0.06357139 0.07173432 0.07258576 0.08005522 0.07390264 0.08093859 0.08277401 0.08444099 0.09300969 0.07758689 0.07926278 0.09146376 0.09891017 0.10758772 0.06437213 0.08106975 0.07804326 0.07465901 0.08353205 0.07560377 0.07112226 0.06745011 0.07594851 0.07547912 0.07330359 0.07306065 0.05839095 0.06170467 0.06038536 0.08052678 0.07613895 0.07681012 0.08931084 0.10471692 0.07643438 0.10298989 0.08105229 0.08910039 0.08265959 0.08791959 0.07892435 0.07695384 0.08250504 0.07261879 0.06307434 0.09802638 0.07764285 0.07847665 0.09080310 0.08082415 0.09214944 0.07723020 0.07667973 0.07080965 0.07235275 0.07128156 0.07549672 0.07751581 0.08955370 0.07334410 0.09184236 0.07732030 0.07621678 0.08603090 0.07401676 0.05827960 0.06598875 0.06939116 0.06723418 0.07073973 0.07247187 0.08130099 0.10021099 0.07213739 0.07357686 0.06780537 0.08427171 0.08031036 0.08712098 0.07225062 0.06618287 0.07416930 0.09262661 0.06839805 0.07458892 0.07995660 0.08289618 0.08355144 0.07380082 0.07116955 0.06976480 0.06870980 0.06611288 0.06119221 0.07643035 0.06912876 0.08586119 0.06736673 0.08550534 0.10298649 0.08522204 0.05908056 0.07793432 0.07657882 0.07115136 0.07887390 0.07769303 0.06715954 0.07239586 0.06413575 0.06876744 0.06855382 0.07344852 0.06953066 0.07681936 0.08463371 0.07208996 0.07288346 0.08043894 0.08462325 0.08235621 0.07171765 0.08639967 0.07144698 0.08694877 0.10217119 0.08035652 0.07479575 0.10411575 0.08155750 0.08821689 
0.08180716 0.08180716 0.08180716 0.08180716 0.07677274 0.06677984 0.08254799 0.07946614 0.10280427 0.10542278 0.11162483 0.07391734 0.07898918 0.09693841 0.11081046 0.00000000 0.08117638 0.12801315 0.11079576 0.09984781 0.08027392 0.10651440 0.10027325 0.07158222 0.08550788 0.07223285 0.07327157 0.17480901 0.11011367 0.10528140 0.06021474 0.07551132 0.05732678 0.09160092 0.06971399 0.05783928 0.07587173 0.08124820 0.08689111 0.06043418 0.06343000 0.09998569 0.10811353 0.06883008 0.06072154 0.05065882 0.03754854 0.08223441 0.10849164 0.08509550 0.08565498 0.09269632 0.11921595 0.08026397 0.10413183 0.03034222 0.04585993 0.06140320 0.07566699 0.04461383 0.06890859 0.04744996 0.06908089 0.08938910 0.07625082 0.06060184 0.10017274 0.09631282 0.06051594 0.07847203 0.07399442 0.05842051 0.05922847 0.11059490 0.08817527 0.08087795 0.06743543 0.11884265 0.07349156 0.13191125 0.09382849 0.07563295 0.06839908 0.07028274 0.09848855 0.08054727 0.08419851 0.04917473 0.05633907 0.07535645 0.12132739 0.07646647 0.07829829 0.07386505 0.06605837 0.07805406 0.08955625 0.07778476 0.07104206 0.06670088 0.08917834 0.05764163 0.06186350 0.06357186 0.09085648 0.08874886 0.08721484 0.08535263 0.07646335 0.06440912 0.06095085 0.09733783 0.07435561 0.06693445 0.04631042 0.05262078 0.05576426 0.07240957 0.10696835 0.10673255 0.04504706 0.04738274 0.08279386 0.13370742 0.09115748 0.05646936 0.05886996 0.07936211 0.07859555 0.07809102 0.08661602 0.11622839 0.06199810 0.09773893 0.08688734 0.08832260 0.05196567 0.05475353 0.05296489 0.08274676 0.06552062 0.09794034 0.07317751 0.09927948 0.13247810 0.07120557 0.10385532 0.06019133 0.06617436 0.09875604 0.04834502 0.06571395 0.06549367 0.05986843 0.04444400 0.10659398 0.10026007 0.06938679 0.09669266 0.05335654 0.06256159 0.08439241 0.05421966 0.09445969 0.17801315 0.06824701 0.06171248 0.10925277 0.10525920 0.07997359 0.07880341 0.07128978 0.06037044 0.06683268 0.07563926 0.09762494 0.05687566 0.09215189 0.08130496 0.07866979 0.08117652 0.05494712 0.07657478 0.08592507 0.07977216 0.07680754 0.07376715 0.08123454 0.06456211 0.11486879 0.08074306 0.08242895 0.06212121 
0.07802870 0.07802870 0.07802870 0.07802870 0.09181295 0.05121709 0.10145722 0.05508409 0.08389030 0.09094980 0.08921568 0.04813859 0.07604848 0.09227160 0.10143077 0.08117638 0.00000000 0.11847901 0.08997367 0.06194199 0.09309409 0.04386714 0.07188487 0.07441402 0.05540097 0.10461090 0.07940115 0.05501765 0.10885218 0.10331460 0.07763537 0.06804158 0.06370685 0.11723370 0.05386560 0.09883668 0.12136917 0.07293869 0.13001163 0.08369503 0.06195359 0.07479552 0.07312994 0.12442773 0.05970520 0.14507938 0.07910658 0.03428903 0.04878289 0.05356936 0.05961674 0.06616960 0.09933298 0.07169563 0.15428586 0.05956166 0.08415379 0.03637997 0.14203384 0.11827077 0.16686543 0.09009281 0.09515420 0.10758957 0.07658875 0.12791811 0.07789286 0.10740626 0.12136456 0.13242313 0.16398132 0.06804725 0.12556593 0.04475067 0.11592981 0.08606204 0.03955958 0.02873632 0.09659004 0.05859885 0.10705466 0.06728838 0.08969771 0.11340332 0.07086313 0.06391480 0.04940192 0.12448234 0.07351816 0.04262527 0.12837218 0.13750600 0.05801157 0.09085341 0.07319692 0.07995485 0.06206820 0.08706314 0.07035731 0.06745358 0.08720345 0.06205595 0.10894098 0.11129301 0.14998526 0.07258518 0.08210495 0.06326817 0.09603575 0.04546251 0.05965062 0.04943359 0.05359457 0.07597516 0.05425089 0.09134656 0.08945239 0.12433116 0.07930674 0.05911050 0.09397834 0.05879062 0.08681079 0.08546568 0.07721755 0.11167317 0.11074677 0.10141411 0.03938385 0.03898241 0.10711586 0.07920444 0.05237251 0.06361854 0.06683336 0.08436834 0.08617094 0.08833411 0.06660991 0.07686283 0.10156509 0.08714824 0.08605541 0.05807648 0.07111595 0.14817970 0.05562494 0.08415467 0.03382282 0.12429436 0.03929050 0.06796680 0.05933665 0.10346280 0.04809675 0.10489411 0.05932125 0.06684274 0.04663250 0.11872445 0.11149943 0.06708475 0.06170994 0.03367164 0.06790225 0.08496376 0.05362500 0.09792851 0.09121456 0.05546438 0.05682534 0.06308957 0.03821093 0.11096370 0.09842858 0.03329345 0.04749856 0.05968271 0.07106580 0.08608762 0.05734857 0.04703770 0.09881239 0.07660147 0.07374026 0.05624706 0.07478424 0.06106426 0.05113264 0.08487680 0.08180819 0.05140925 0.07974809 
0.08299415 0.08299415 0.08299415 0.08299415 0.08734838 0.06283670 0.07871624 0.10817206 0.11901782 0.10588858 0.08420657 0.08583288 0.10476782 0.08917840 0.13195698 0.12801315 0.11847901 0.00000000 0.08697129 0.13421982 0.11091547 0.09281809 0.10332849 0.11037000 0.10862122 0.06344831 0.06849042 0.09119373 0.04724259 0.10304083 0.07689121 0.10010045 0.08422919 0.09369716 0.10736289 0.05239107 0.08691508 0.08413298 0.06894783 0.07758285 0.07935010 0.06875141 0.07112758 0.11128655 0.08409425 0.07389901 0.07957609 0.05529609 0.06542726 0.07096886 0.08032977 0.09135605 0.06580551 0.08798975 0.07136823 0.06429487 0.05341872 0.07353658 0.08025690 0.05903895 0.06598964 0.07722802 0.09078763 0.06252318 0.09604639 0.07304040 0.06754954 0.07119572 0.07750481 0.08049888 0.06594787 0.08914236 0.07520117 0.07037751 0.08087750 0.08781185 0.08667695 0.06610685 0.09285036 0.14996108 0.06995204 0.07091082 0.06639502 0.06372459 0.07638167 0.06808161 0.07460364 0.06536139 0.06443334 0.05764254 0.05992250 0.07987648 0.06914521 0.09123122 0.08043025 0.08323299 0.07628929 0.09483301 0.07559268 0.07207904 0.06752006 0.07342851 0.06844696 0.10850074 0.07439076 0.06977261 0.10823236 0.08491142 0.09376457 0.08809724 0.07809122 0.07703840 0.07742277 0.07495461 0.08437659 0.05550774 0.05760846 0.06878839 0.07504590 0.08743787 0.07971443 0.06854880 0.09976632 0.07489868 0.09085588 0.07451961 0.07673608 0.07443146 0.06371749 0.07103874 0.09220952 0.07014771 0.07469627 0.07617611 0.08693899 0.06809446 0.07393064 0.08669755 0.09983933 0.06012580 0.08666925 0.07836792 0.08150456 0.07072552 0.07115112 0.07520086 0.06804230 0.08105181 0.07376568 0.06123380 0.06184751 0.09794289 0.08933129 0.06860370 0.07831037 0.06887518 0.08028142 0.07119230 0.07771295 0.07627459 0.05782073 0.08468579 0.09119166 0.07249423 0.07910251 0.09125439 0.09206083 0.08019263 0.07562403 0.07925544 0.07727991 0.07378290 0.09072514 0.06057360 0.08965198 0.06054574 0.07700034 0.09080671 0.07037036 0.08103029 0.07601633 0.06924330 0.06974867 0.07374943 0.07725676 0.05370296 0.08132839 0.09257093 0.07026524 0.08308332 0.07303281 0.07563789 0.07190195 
