0.00000000 0.09328869 0.07003679 0.08013984 0.06014694 0.06594880 0.06371044 0.07429376 0.09420528 0.05004240 0.05417354 0.05551489 0.05632496 0.04621847 0.03435586 0.03902652 0.04524287 0.06583112 0.03917774 0.04342468 0.04056183 0.03006882 0.02265679 0.03315863 0.03592971 0.03454555 0.06571092 0.06141232 0.03340469 0.05371166 0.02172758 0.04780339 0.05240255 0.06603336 0.05087750 0.03607033 0.04684024 0.03757268 0.05808043 0.03405438 0.06206702 0.07532224 0.05501544 0.07023882 0.04088640 0.07274232 0.06147111 0.05460868 0.06125169 0.05413144 0.02892311 0.07109479 0.06628689 0.05254957 0.04763229 0.04958624 0.06767005 0.04240101 0.04144935 0.05722447 0.04920331 0.03358394 0.03608662 0.01726562 0.03518531 0.03622781 0.03173252 0.04811732 0.04131973 0.06635045 0.04676755 0.07562821 0.04275138 0.04701263 0.05904103 0.04922853 0.05656418 0.05141728 0.03944234 0.04910704 0.05913870 0.05607072 0.06790344 0.05742637 0.06611311 0.04656823 0.04029329 0.04605866 0.06528194 0.04923181 0.06392494 0.04007885 0.06724913 0.05447455 0.04595678 0.06329228 0.04599604 0.06730266 0.03639875 0.05741816 0.04265158 0.05253839 0.05192664 0.05168016 0.06607951 0.03329353 0.05219310 0.03852223 0.03913600 0.05524433 0.04359538 0.04101465 0.06171067 0.05012458 0.06219738 0.06899033 0.04773160 0.03865758 0.05635364 0.03944752 0.04026558 0.03574595 0.05369214 0.05339471 0.05969330 0.04067326 0.05529641 0.07525883 0.08576428 0.06321987 0.08416328 0.07876874 0.08687065 0.07841373 0.10466610 0.07608143 0.07060373 0.07736796 0.08093752 0.09237885 
0.09328869 0.00000000 0.07800851 0.09404991 0.06399502 0.09139990 0.08610684 0.06950444 0.08253235 0.07032400 0.07356053 0.06293720 0.10107614 0.05500519 0.06950597 0.05708698 0.08638104 0.06477968 0.04854343 0.05023470 0.02379510 0.04684031 0.05298315 0.05599514 0.05245857 0.03002683 0.05872785 0.06205041 0.02769306 0.06033378 0.04188411 0.05321030 0.05924480 0.06899221 0.04352493 0.03792692 0.06170243 0.04058585 0.05319119 0.05504685 0.04605569 0.03692886 0.05064381 0.07934259 0.03860351 0.05644254 0.05643131 0.06165976 0.07130003 0.04631893 0.01705861 0.04376248 0.04439404 0.04703872 0.03059623 0.05270924 0.05467021 0.02694162 0.03053753 0.06647920 0.03143693 0.04730955 0.04245759 0.03308163 0.05264801 0.04506535 0.05038625 0.03257969 0.02609169 0.05439208 0.04665516 0.07391764 0.06148742 0.03376090 0.09539779 0.07395094 0.06418797 0.07974738 0.04395484 0.05566066 0.04127135 0.06364152 0.06160365 0.03513962 0.06334180 0.03284152 0.04964439 0.07840873 0.03686989 0.03996930 0.08281292 0.03868551 0.05633081 0.03718615 0.04791418 0.06605761 0.05652004 0.06274416 0.06884906 0.04272825 0.08510090 0.04644750 0.05240910 0.05207993 0.04764658 0.03137377 0.02511851 0.04419315 0.04981495 0.02522137 0.06524911 0.04315006 0.02721355 0.05061443 0.05628123 0.05348546 0.04534490 0.04595867 0.02383909 0.05403587 0.05303268 0.03740346 0.04681643 0.04650071 0.05501131 0.06245779 0.03775861 0.05099497 0.06279908 0.05214993 0.07719347 0.07972603 0.05937344 0.04469595 0.07677666 0.05753854 0.06703926 0.07451475 0.06441939 0.06276134 
0.07003679 0.07800851 0.00000000 0.09155948 0.11391261 0.07890288 0.05877336 0.06924657 0.08258586 0.08361508 0.08264985 0.08801216 0.07758570 0.09330713 0.10354582 0.05938998 0.06721025 0.06580627 0.06656499 0.05157592 0.03252295 0.02509154 0.08209175 0.03975121 0.04371363 0.02323304 0.02724725 0.04206649 0.01684757 0.05042762 0.06541680 0.04837438 0.04161859 0.08169497 0.05605657 0.03065367 0.05285670 0.03341716 0.04953570 0.03751974 0.04804115 0.04689517 0.03188763 0.03268031 0.03381552 0.05223756 0.04879854 0.06313827 0.03154141 0.03563484 0.03805634 0.07416259 0.05757341 0.04773525 0.04906120 0.03367580 0.06320141 0.07665929 0.02565512 0.05904399 0.05922855 0.07953699 0.02888898 0.04222143 0.05898631 0.03956428 0.06711872 0.03062231 0.06786559 0.05740517 0.06332895 0.06776539 0.05206707 0.03958819 0.07484810 0.03199337 0.04113672 0.06026884 0.03434368 0.03952789 0.04611518 0.03093339 0.04659408 0.03808929 0.04981607 0.03989631 0.03360871 0.03873286 0.05637638 0.06261105 0.04368598 0.04744332 0.04205467 0.04925654 0.05448799 0.05748071 0.07836797 0.03762798 0.04657043 0.04889606 0.05818825 0.02560624 0.04636890 0.05900808 0.05252334 0.06297312 0.04132672 0.05013987 0.05248848 0.05101901 0.06288694 0.06577841 0.04849178 0.06505059 0.06788419 0.05462051 0.05403766 0.10096522 0.04729669 0.07035591 0.07264110 0.05335866 0.04125909 0.04721687 0.03771959 0.04117023 0.04829853 0.05223258 0.04782831 0.04997417 0.05804156 0.07199814 0.06628164 0.05393244 0.06614218 0.06964118 0.07530275 0.06677654 0.06660823 0.07342324 
0.08013984 0.09404991 0.09155948 0.00000000 0.09707876 0.09568474 0.07748148 0.10220388 0.10360640 0.06940301 0.06365736 0.06565444 0.07933529 0.07749190 0.08252128 0.08089668 0.05729611 0.10265419 0.08238441 0.06338604 0.07072947 0.02960880 0.05753679 0.05265376 0.08165535 0.04503980 0.06085661 0.03817196 0.03205848 0.03486557 0.07493669 0.06738947 0.04175193 0.05593578 0.04787753 0.03460359 0.04550564 0.02852851 0.02800127 0.03863945 0.04642831 0.03135119 0.05161885 0.07098129 0.06405236 0.04608311 0.05267867 0.06137540 0.05644626 0.07561434 0.06896521 0.05988228 0.05204240 0.04319672 0.05067378 0.04520393 0.05051399 0.06196646 0.02531273 0.06609020 0.05109053 0.06888938 0.05222214 0.02785080 0.05178108 0.02790018 0.04769214 0.02733528 0.07734251 0.08606609 0.05837624 0.06844317 0.06373963 0.02530378 0.07700388 0.05406830 0.03983328 0.02429626 0.03798618 0.04129587 0.03849017 0.06379399 0.05300682 0.02913998 0.06223046 0.05162179 0.05682380 0.07138299 0.04171233 0.04034833 0.04445075 0.02879639 0.03032505 0.03955624 0.04742386 0.05983393 0.04127702 0.03017736 0.04761937 0.04357363 0.03779797 0.03985053 0.05895274 0.04537352 0.08074906 0.05939408 0.05171315 0.06696478 0.07693683 0.05748405 0.05412303 0.04405346 0.02974965 0.07195826 0.05512373 0.03339419 0.02080172 0.06386605 0.02407076 0.05341219 0.03482468 0.04013910 0.05814152 0.04737997 0.06461605 0.05482267 0.03872491 0.03117967 0.03650550 0.04477662 0.04252144 0.06589475 0.05163345 0.05288961 0.06185602 0.04743088 0.05510814 0.08374302 0.07195962 0.06663468 
0.06014694 0.06399502 0.11391261 0.09707876 0.00000000 0.10785787 0.06794441 0.10348785 0.08466645 0.10933894 0.10804172 0.07899328 0.09259830 0.07268650 0.09593371 0.09805218 0.09063491 0.09391006 0.10794414 0.04601011 0.06393593 0.04441720 0.09304622 0.05534992 0.02989730 0.03406719 0.06299037 0.05146232 0.07554188 0.04250142 0.04472114 0.08451303 0.04956745 0.05990254 0.04892892 0.03887749 0.03916033 0.04969799 0.05670317 0.05345169 0.04957592 0.03517699 0.07924311 0.07370344 0.03540158 0.03978210 0.06699481 0.09076579 0.06225570 0.01621306 0.03937659 0.04551731 0.04840730 0.06545589 0.03582439 0.06341266 0.05419879 0.05964290 0.02053912 0.05536873 0.05560433 0.06064581 0.03368308 0.03714783 0.05736542 0.04833190 0.06090880 0.03672244 0.05402901 0.04984186 0.04338428 0.06089969 0.07586897 0.01049567 0.05430202 0.03837746 0.04112808 0.04536004 0.03775768 0.05834534 0.02509303 0.04078976 0.07705127 0.04183426 0.04049236 0.03274189 0.03273337 0.05071459 0.05095452 0.06334531 0.04216788 0.05539548 0.03575076 0.01522942 0.04232637 0.04526786 0.03811055 0.03944471 0.03320803 0.02029426 0.03893264 0.06029481 0.02553467 0.05491534 0.02689871 0.06393879 0.03975799 0.04626525 0.06344319 0.04287221 0.03286588 0.05237100 0.05689189 0.07154507 0.05168202 0.04461614 0.03951543 0.03820223 0.02771274 0.06504482 0.06999591 0.07022157 0.03845500 0.04900615 0.03603810 0.03206086 0.03272568 0.04386658 0.04485269 0.03449144 0.05054409 0.05135833 0.03575102 0.06575454 0.05893751 0.04503360 0.05288793 0.08150715 0.08875209 0.06383634 
0.06594880 0.09139990 0.07890288 0.09568474 0.10785787 0.00000000 0.11272660 0.06966189 0.12602846 0.05747583 0.07926634 0.06559711 0.07207059 0.06574588 0.07144248 0.06980739 0.08613170 0.07133380 0.06473336 0.05601286 0.06142096 0.03425402 0.04638772 0.07001041 0.06024309 0.04535414 0.05671950 0.05657699 0.03239276 0.06893164 0.04717446 0.05540215 0.04115038 0.05773604 0.06084674 0.05324114 0.06412754 0.06797971 0.05129206 0.04451500 0.05252294 0.03778208 0.07764078 0.08394856 0.05640545 0.06506131 0.05191068 0.04179071 0.04960079 0.05372091 0.06479543 0.02150868 0.03762763 0.05221259 0.04321453 0.08167255 0.06360277 0.05382878 0.05109951 0.07536227 0.05141118 0.08004141 0.03989623 0.05704669 0.02477475 0.03375925 0.03057197 0.00962515 0.05856196 0.07184686 0.03733876 0.07725167 0.05581421 0.04609133 0.08058355 0.04756949 0.05821867 0.04483747 0.05641491 0.03652396 0.04351871 0.04432046 0.05832571 0.05086240 0.05286023 0.03796781 0.05142240 0.04190496 0.03512641 0.02299368 0.07162387 0.04890898 0.05339204 0.03577264 0.04332235 0.03360430 0.08104964 0.05728736 0.04251563 0.04320360 0.02782339 0.05536512 0.08275715 0.09606489 0.04167284 0.04149713 0.06328002 0.04088298 0.03581318 0.05584643 0.05582166 0.05784534 0.03579249 0.03638965 0.03692908 0.01599055 0.05129001 0.05029135 0.03549677 0.08005706 0.05080825 0.02640878 0.05398154 0.04461933 0.04585023 0.03558565 0.04667805 0.05639946 0.02738631 0.02919088 0.04892520 0.05187635 0.04879371 0.05338090 0.06801375 0.06204543 0.05396671 0.06065745 0.05041994 0.06271221 
0.06371044 0.08610684 0.05877336 0.07748148 0.06794441 0.11272660 0.00000000 0.10909087 0.09214073 0.06585547 0.10228120 0.06649435 0.10965903 0.06407956 0.06524187 0.05639780 0.06170206 0.06643035 0.07224043 0.05668369 0.04069335 0.06325054 0.03361546 0.06871269 0.07283793 0.03864606 0.07588160 0.07642993 0.07110997 0.07417434 0.01777596 0.06821991 0.04722631 0.09034289 0.04506402 0.04301428 0.08750946 0.06092023 0.04997458 0.04303019 0.05301497 0.00580555 0.04858496 0.04961771 0.03262825 0.05715665 0.04857271 0.05541369 0.03630659 0.06609903 0.06164297 0.03707904 0.03468322 0.05163963 0.05270624 0.06731070 0.04332116 0.05118126 0.04821503 0.05872492 0.06670687 0.06959432 0.04630105 0.03737865 0.02551786 0.02096451 0.06083941 0.03357688 0.05525992 0.05809918 0.04741152 0.06803166 0.04301439 0.04161056 0.05851686 0.05612361 0.04844724 0.06997355 0.06773699 0.06153772 0.03908235 0.06042613 0.06597022 0.04628014 0.04147975 0.02810818 0.05094150 0.04809804 0.02616963 0.06903973 0.05696918 0.07898238 0.04941237 0.07896137 0.06018319 0.04205939 0.03203559 0.06084436 0.07020090 0.04779775 0.03752168 0.05405089 0.08478960 0.04116765 0.04890204 0.03913327 0.07375131 0.04944862 0.04503236 0.06073132 0.04332295 0.04085019 0.01415216 0.03397797 0.05176205 0.01576265 0.05674299 0.04179245 0.03539866 0.07248537 0.04903307 0.03441833 0.03229976 0.05137014 0.07866928 0.05208205 0.05292698 0.03991674 0.03740800 0.02949032 0.04628367 0.04566207 0.05171135 0.04113141 0.04865500 0.06035223 0.05009954 0.07239775 0.06764864 0.06696089 
0.07429376 0.06950444 0.06924657 0.10220388 0.10348785 0.06966189 0.10909087 0.00000000 0.09020755 0.12552205 0.08119991 0.07208549 0.08380407 0.11397519 0.08552119 0.08006107 0.05416155 0.08102479 0.09914403 0.05328730 0.06494356 0.05824668 0.06457896 0.04490649 0.07646349 0.02025897 0.06990586 0.04507563 0.06755537 0.02058381 0.02726804 0.06302895 0.08121549 0.06981913 0.05839401 0.01915424 0.02324770 0.05531749 0.07313514 0.03045685 0.05114681 0.05154708 0.05693660 0.05843764 0.04502718 0.06795554 0.04935364 0.04360308 0.07353904 0.04402007 0.05452223 0.04046809 0.05600588 0.04012920 0.03028482 0.02372826 0.08909709 0.05420404 0.03628913 0.07825308 0.02475520 0.05346413 0.03000669 0.04554917 0.02077167 0.01341039 0.03640766 0.04636950 0.07199092 0.03572109 0.06298765 0.05832758 0.04606499 0.03094304 0.04210599 0.03646338 0.04232960 0.03939552 0.05391775 0.03833414 0.02788827 0.05046692 0.04849275 0.07664043 0.06080426 0.04930986 0.03346996 0.03725749 0.04678075 0.03643266 0.03731045 0.03169424 0.04975858 0.02878975 0.04450959 0.08127971 0.03593435 0.04435039 0.04077171 0.07931405 0.07798105 0.03911961 0.05741824 0.05354511 0.04999828 0.07243438 0.02796667 0.04240323 0.05795767 0.04790949 0.04975999 0.01909859 0.03743380 0.03442348 0.04252980 0.02521638 0.06388106 0.04232643 0.04412072 0.06389847 0.03173251 0.03329214 0.03208065 0.04410779 0.07614800 0.05752441 0.05310448 0.03180522 0.07173792 0.06267392 0.06646722 0.05625264 0.04299977 0.06539417 0.06884759 0.05887282 0.07014403 0.07313851 0.09951699 0.07209541 
0.09420528 0.08253235 0.08258586 0.10360640 0.08466645 0.12602846 0.09214073 0.09020755 0.00000000 0.07614871 0.09715331 0.09818707 0.08866671 0.07103777 0.04895067 0.07696025 0.08328716 0.08181075 0.06581520 0.05776332 0.04101213 0.04424554 0.03917904 0.05806196 0.07032165 0.03337216 0.04397728 0.04969644 0.04439248 0.05309434 0.02471840 0.06294672 0.06581342 0.07250083 0.06720290 0.03627732 0.02942196 0.03339682 0.01295577 0.03352345 0.04298026 0.01831051 0.06260324 0.06066239 0.04811851 0.06009928 0.06168123 0.03619559 0.04670837 0.06633435 0.05217833 0.05767437 0.06666947 0.06726364 0.06830100 0.04940054 0.04573387 0.06686430 0.03254552 0.07230759 0.08472826 0.07686970 0.02871814 0.05014506 0.05154486 0.03836556 0.05850284 0.03965220 0.04507910 0.05682199 0.05639579 0.07414392 0.04340623 0.04706439 0.07123695 0.05998345 0.03657461 0.06971416 0.04475646 0.05024230 0.02273898 0.03667470 0.04308524 0.05683991 0.06375343 0.02767533 0.03791479 0.04467670 0.03921769 0.04730334 0.05679494 0.05910590 0.04652327 0.07637861 0.05321361 0.06661852 0.01858454 0.05970860 0.04906986 0.05247124 0.04199500 0.05336658 0.06694971 0.05855782 0.07432762 0.04293783 0.06168410 0.04528438 0.04350816 0.04774240 0.05429440 0.04416004 0.06894169 0.02172652 0.04685939 0.02005705 0.05805658 0.03561024 0.02717552 0.05822389 0.03636881 0.02426570 0.04099601 0.03075816 0.03512036 0.04081945 0.06050519 0.04561534 0.05402156 0.06822126 0.07440554 0.06854215 0.05736984 0.05208571 0.06261889 0.05527117 0.06245725 0.06171069 0.05908687 0.06429815 
0.05004240 0.07032400 0.08361508 0.06940301 0.10933894 0.05747583 0.06585547 0.12552205 0.07614871 0.00000000 0.09755310 0.10104860 0.07478357 0.08620412 0.07529061 0.08530822 0.09757804 0.08996349 0.07119150 0.04587485 0.05044053 0.05038981 0.04685118 0.07060085 0.06070109 0.07871095 0.03591718 0.05099963 0.05546922 0.02923791 0.04643306 0.04327362 0.06080251 0.05340171 0.03248988 0.06598965 0.06066734 0.01924804 0.06093506 0.04374070 0.05751387 0.00748952 0.05112244 0.04636181 0.05074680 0.06024355 0.04605168 0.05319479 0.05072984 0.06572477 0.03591036 0.02778313 0.06920405 0.07747962 0.00928096 0.05570675 0.05256155 0.04132384 0.02802379 0.05442366 0.05014280 0.05859483 0.04285085 0.06173697 0.05739224 0.05628844 0.04508724 0.06800726 0.04333679 0.06406099 0.04320642 0.03530081 0.07447926 0.00606856 0.05797192 0.03408459 0.07412177 0.03961836 0.04242957 0.02446151 0.03327048 0.06366943 0.04315220 0.03829480 0.04294991 0.05757447 0.02439315 0.05158228 0.04666355 0.04208023 0.04922766 0.04827636 0.04857044 0.07494064 0.04186137 0.05913239 0.07470792 0.05732603 0.07179326 0.04061910 0.05914128 0.06069425 0.03475799 0.04206374 0.05242039 0.08889324 0.02028781 0.02045357 0.05419494 0.07651640 0.02638762 0.04239673 0.04258701 0.05711215 0.07042875 0.01903887 0.05469974 0.07453074 0.03311333 0.04830945 0.03446021 0.04910929 0.03880497 0.03400117 0.04272438 0.04285753 0.03871572 0.04640778 0.08015878 0.06206757 0.07831620 0.06973901 0.06518966 0.04673015 0.05248918 0.06507803 0.04862598 0.07112141 0.08879833 0.07031890 
0.05417354 0.07356053 0.08264985 0.06365736 0.10804172 0.07926634 0.10228120 0.08119991 0.09715331 0.09755310 0.00000000 0.11598013 0.08638774 0.10073363 0.06570315 0.06459459 0.07876952 0.09817526 0.05597282 0.04546875 0.02808364 0.05444103 0.05492394 0.03943485 0.06463157 0.06586766 0.04412051 0.07401388 0.07388950 0.08345853 0.06030636 0.03819438 0.07614917 0.07206400 0.03670967 0.09514437 0.07192337 0.06727538 0.06145230 0.07628543 0.05549422 0.05769462 0.07909655 0.05861270 0.04525201 0.06201211 0.04897336 0.02394270 0.05571640 0.08290909 0.04101300 0.02180626 0.03911641 0.06195301 0.04527787 0.04612454 0.04189443 0.05907927 0.07500853 0.07393047 0.03468665 0.05852110 0.02282394 0.03759609 0.04174569 0.03287460 0.03758337 0.02969763 0.07660012 0.04645210 0.04322330 0.06834190 0.05089303 0.04757195 0.04935528 0.05187590 0.06276310 0.04858860 0.05964651 0.04216695 0.04009348 0.05397330 0.07220320 0.02865526 0.03738781 0.02273197 0.02605951 0.00940347 0.05820266 0.04318657 0.05521064 0.04449824 0.06450170 0.06806069 0.04816301 0.05159207 0.02693985 0.05421476 0.04148216 0.03122141 0.04937811 0.03844425 0.03919686 0.07367667 0.05809740 0.05337978 0.08939419 0.05452320 0.05852577 0.06533205 0.04985152 0.03290736 0.03248386 0.04585493 0.05089710 0.01833657 0.03934753 0.05724198 0.04023584 0.06588719 0.05303120 0.05566931 0.02029236 0.05140413 0.04612264 0.05876521 0.03522609 0.03466813 0.03945435 0.03194514 0.06734683 0.06333403 0.05102070 0.04010352 0.04297480 0.04590639 0.04956077 0.04632347 0.05703019 0.05787340 
0.05551489 0.06293720 0.08801216 0.06565444 0.07899328 0.06559711 0.06649435 0.07208549 0.09818707 0.10104860 0.11598013 0.00000000 0.08600307 0.08674986 0.06337861 0.11902483 0.11146148 0.06630573 0.06025758 0.07581699 0.03173958 0.08376115 0.07618981 0.05351694 0.04404940 0.06475850 0.08466848 0.07911496 0.05286832 0.02724507 0.06295480 0.06991917 0.04220770 0.09449138 0.03716659 0.06057478 0.07688462 0.04851807 0.04832773 0.05864791 0.04457092 0.07359999 0.02348548 0.04985684 0.07770271 0.08488462 0.04834703 0.01835399 0.09917673 0.03742639 0.06305383 0.01411919 0.04725463 0.06094080 0.03903168 0.09711768 0.05186963 0.05356652 0.05138524 0.04107333 0.05191513 0.04095975 0.02649486 0.07381201 0.03581308 0.05075088 0.03137603 0.02390591 0.04919751 0.03164810 0.04833194 0.04286852 0.04758298 0.05438878 0.06580177 0.05508112 0.05729001 0.08689304 0.04866901 0.03288124 0.05808101 0.04676919 0.03588832 0.03141941 0.04105798 0.02996208 0.03553215 0.02171576 0.02990599 0.05416849 0.05825463 0.04143666 0.02950464 0.09498097 0.04606567 0.02949404 0.04548677 0.07801612 0.05266386 0.04527690 0.06232709 0.03324801 0.04799833 0.07704081 0.06662716 0.07167445 0.01237827 0.09394089 0.04208255 0.03158630 0.02395344 0.06827165 0.02866844 0.04137644 0.06008982 0.02810648 0.08151099 0.04253905 0.04144447 0.05929273 0.05044288 0.03454437 0.03652836 0.06632807 0.03436796 0.05129336 0.03236426 0.02855038 0.04923178 0.03524807 0.04730601 0.05022601 0.07222244 0.04681940 0.04181654 0.04064102 0.04258582 0.04349824 0.05475801 0.04668926 
0.05632496 0.10107614 0.07758570 0.07933529 0.09259830 0.07207059 0.10965903 0.08380407 0.08866671 0.07478357 0.08638774 0.08600307 0.00000000 0.08353275 0.08399873 0.08348049 0.08745186 0.07188130 0.06667767 0.05358301 0.04295455 0.06934843 0.08378817 0.05349991 0.05449165 0.06753245 0.05745859 0.07050211 0.04163115 0.06203442 0.05817392 0.05870260 0.05840948 0.07083474 0.05531155 0.03461050 0.03524389 0.05476407 0.07017720 0.04904914 0.04265688 0.01934592 0.02781368 0.06026669 0.06679100 0.04491298 0.05211951 0.05740111 0.03064901 0.03557324 0.04460401 0.08280012 0.03227175 0.04732395 0.07516613 0.06221329 0.05025243 0.05368112 0.04587416 0.08028666 0.04625005 0.05196401 0.04849546 0.04740599 0.03956194 0.02438906 0.04181962 0.06205338 0.06768861 0.05882898 0.05257237 0.06276040 0.07259796 0.03183160 0.05269351 0.05548509 0.05747205 0.04146555 0.04884242 0.03169126 0.05250091 0.03814941 0.03381510 0.02630796 0.02646712 0.05864128 0.05070317 0.04859270 0.04149239 0.06560958 0.03844551 0.03755830 0.05871945 0.05399944 0.08150708 0.04228044 0.02561025 0.05667682 0.05595144 0.04805859 0.04121360 0.05838317 0.05645810 0.07811436 0.03944082 0.04590416 0.06120758 0.06405711 0.03979393 0.04559393 0.06531170 0.07222039 0.05277349 0.03240358 0.07116886 0.01981280 0.07171810 0.04249233 0.03732525 0.09279918 0.04774937 0.02604573 0.02852097 0.04938623 0.04364556 0.03523735 0.03207992 0.03266576 0.04095852 0.02970341 0.05821084 0.06247376 0.05867252 0.05114662 0.05805851 0.05956872 0.04488691 0.04812166 0.05712817 0.05210211 
0.04621847 0.05500519 0.09330713 0.07749190 0.07268650 0.06574588 0.06407956 0.11397519 0.07103777 0.08620412 0.10073363 0.08674986 0.08353275 0.00000000 0.09522645 0.12496306 0.10170503 0.06947235 0.08617747 0.07640844 0.04431258 0.05216257 0.12221582 0.05867687 0.04866915 0.08174623 0.03281198 0.08545113 0.05938872 0.08820904 0.05302094 0.04791764 0.07524546 0.07530399 0.05810097 0.04987851 0.07094695 0.04549215 0.02637934 0.06990014 0.06492250 0.04181979 0.04115082 0.06991500 0.02575428 0.05461026 0.06758079 0.07096469 0.02943940 0.04566689 0.02675096 0.05621144 0.03970383 0.03383238 0.03779071 0.05137478 0.04790790 0.03417118 0.06515026 0.07065898 0.03295276 0.04631289 0.03838110 0.07109714 0.03036668 0.03191515 0.01767879 0.04713296 0.05593829 0.04815890 0.05588037 0.05137235 0.05894826 0.06122799 0.07094284 0.05081798 0.04779194 0.04702480 0.04564034 0.04574444 0.05190997 0.06693211 0.05760895 0.05630000 0.05975942 0.04397664 0.06076545 0.05058170 0.03520347 0.03487976 0.03977434 0.03910466 0.02908698 0.02591635 0.06489776 0.03912972 0.06737997 0.05040450 0.05244418 0.05466361 0.04577312 0.03721904 0.04592572 0.04901504 0.04798710 0.03880102 0.04294129 0.03111266 0.06795301 0.04503729 0.01938588 0.03935626 0.04172365 0.05162161 0.06411156 0.01611044 0.05109670 0.05093394 0.06544188 0.04685576 0.03240226 0.04545705 0.03433475 0.05456214 0.06691985 0.04455458 0.05696789 0.04976214 0.06838785 0.02812287 0.05961541 0.05514443 0.05710491 0.04138550 0.04128966 0.04875530 0.04935492 0.05950080 0.04449611 0.05458074 
0.03435586 0.06950597 0.10354582 0.08252128 0.09593371 0.07144248 0.06524187 0.08552119 0.04895067 0.07529061 0.06570315 0.06337861 0.08399873 0.09522645 0.00000000 0.10985205 0.09537693 0.12197300 0.14556742 0.05277048 0.06684130 0.05820795 0.14750210 0.06053851 0.09039123 0.05633525 0.05257783 0.03576861 0.06942456 0.04887288 0.07710932 0.04090851 0.03678861 0.05242568 0.06499430 0.05422737 0.07536815 0.05293741 0.05732445 0.04010689 0.04194654 0.05837565 0.03634240 0.05961732 0.04138333 0.03949776 0.04319152 0.02947230 0.04393985 0.03406887 0.03923138 0.03370958 0.06276154 0.02607181 0.04121946 0.05689466 0.02821907 0.07075276 0.04098366 0.05976480 0.03556978 0.06419339 0.06217866 0.06964684 0.05680373 0.06296443 0.06464329 0.05173709 0.05277457 0.03231919 0.03637373 0.04128035 0.02522027 0.04964003 0.09380687 0.04355789 0.04364441 0.06485143 0.04526712 0.05435958 0.06184644 0.07927279 0.08491258 0.05458464 0.06937260 0.03366675 0.04445767 0.04730893 0.04657753 0.03686039 0.04257735 0.02132061 0.02567944 0.01959505 0.02070500 0.04576160 0.04313898 0.04020542 0.03222605 0.02718341 0.03610578 0.04614938 0.02943012 0.05446918 0.03300468 0.03076563 0.04708402 0.03925848 0.03237280 0.03966950 0.02790124 0.03855244 0.05504484 0.06631974 0.08664419 0.04357204 0.05093087 0.05377509 0.04675701 0.05138761 0.04374577 0.07959998 0.06002940 0.05638882 0.05056765 0.03812382 0.03762166 0.05862349 0.02246928 0.05276076 0.05957674 0.07107317 0.05609584 0.04910615 0.05841431 0.04442523 0.04594921 0.06969134 0.05145493 0.05080058 
0.03902652 0.05708698 0.05938998 0.08089668 0.09805218 0.06980739 0.05639780 0.08006107 0.07696025 0.08530822 0.06459459 0.11902483 0.08348049 0.12496306 0.10985205 0.00000000 0.13009139 0.07734145 0.11793641 0.07554158 0.08617693 0.10704475 0.09526148 0.09264876 0.06013683 0.06012588 0.05299104 0.05029767 0.06454845 0.05420814 0.06282465 0.05335604 0.07086435 0.05647382 0.06571194 0.04403008 0.04233542 0.03300811 0.06236989 0.07412269 0.04410909 0.05742141 0.05485854 0.11419114 0.03624714 0.04793637 0.04562569 0.03617604 0.04703317 0.05720238 0.03245598 0.04969283 0.03355797 0.05386338 0.04552130 0.04897938 0.02965180 0.06129981 0.04003669 0.05059198 0.03792746 0.08987427 0.02886448 0.06036803 0.03733115 0.04333157 0.04698458 0.04208542 0.05640733 0.05190874 0.08065041 0.04854896 0.03791825 0.04278599 0.06381249 0.04168651 0.04991339 0.06020623 0.04761993 0.01821563 0.02877092 0.04001731 0.05015231 0.03851418 0.05047279 0.06315954 0.02352278 0.04929894 0.03595992 0.04164578 0.05569150 0.04694695 0.04708641 0.05352864 0.04443821 0.04816972 0.05793703 0.04201057 0.04589124 0.01679400 0.04171147 0.04063978 0.06494902 0.05252154 0.03148450 0.05297827 0.07123926 0.06313547 0.03852712 0.04366749 0.05953110 0.01373290 0.02726592 0.04659403 0.03826161 0.04500931 0.06298302 0.03023776 0.03977128 0.04977235 0.04327793 0.06937980 0.04546094 0.04218269 0.04924369 0.04421025 0.06118226 0.04044835 0.03583171 0.04670284 0.04131353 0.04373826 0.05071740 0.03016334 0.03236423 0.02894952 0.04338081 0.06578853 0.06471340 0.06109382 
0.04524287 0.08638104 0.06721025 0.05729611 0.09063491 0.08613170 0.06170206 0.05416155 0.08328716 0.09757804 0.07876952 0.11146148 0.08745186 0.10170503 0.09537693 0.13009139 0.00000000 0.09868342 0.10172067 0.08870524 0.05560399 0.08663132 0.09056681 0.06370265 0.05219387 0.04941681 0.08559430 0.05805004 0.06105887 0.04971014 0.05080971 0.05724059 0.05675054 0.05607267 0.05546986 0.05035313 0.04036614 0.05513405 0.05180817 0.06287746 0.04492869 0.04620015 0.03718555 0.05760880 0.10142488 0.06599353 0.04547188 0.03400935 0.04768111 0.08843963 0.07534218 0.02524772 0.04932074 0.06431369 0.04757768 0.05247771 0.04802749 0.04389930 0.06519602 0.05424520 0.05013576 0.04648169 0.04428263 0.05015298 0.04356893 0.05124860 0.03613311 0.03429594 0.05420453 0.05375447 0.04227751 0.04802278 0.06585193 0.03335275 0.05452256 0.04391788 0.03144124 0.04324090 0.04072057 0.02672433 0.04374246 0.05169336 0.06454881 0.04425658 0.05695543 0.03697820 0.03423233 0.02590124 0.05671548 0.04385868 0.03909421 0.04299793 0.04693439 0.02578570 0.06316779 0.06254902 0.05845071 0.05201591 0.05346920 0.04055276 0.05890698 0.06274540 0.04274218 0.06732034 0.03439605 0.03683792 0.05850810 0.02518819 0.02934820 0.03904471 0.04406667 0.04827617 0.04414148 0.05518050 0.05879287 0.03190967 0.05460336 0.04612451 0.04273220 0.04970026 0.05513165 0.04370237 0.04152017 0.05907360 0.04217255 0.03481180 0.04152636 0.05161127 0.03402461 0.05075379 0.06372325 0.05371559 0.04592271 0.04140477 0.03853204 0.04532590 0.04733924 0.05289775 0.06288039 0.05768432 
0.06583112 0.06477968 0.06580627 0.10265419 0.09391006 0.07133380 0.06643035 0.08102479 0.08181075 0.08996349 0.09817526 0.06630573 0.07188130 0.06947235 0.12197300 0.07734145 0.09868342 0.00000000 0.08471239 0.05958986 0.03990791 0.05159166 0.05923915 0.04906405 0.05941869 0.05316040 0.04463352 0.04893702 0.04048323 0.06493070 0.06072064 0.05516852 0.03597502 0.05575710 0.05903962 0.07391503 0.07274560 0.06680253 0.05679954 0.04131679 0.04091065 0.04471637 0.08751116 0.06424645 0.05754449 0.05061571 0.04816578 0.04263927 0.03750995 0.05636916 0.03978623 0.03353158 0.05321186 0.05131468 0.04057137 0.05154236 0.04350229 0.05907314 0.05452845 0.06630580 0.04123755 0.04649210 0.05114877 0.03535908 0.03514965 0.05467593 0.03321384 0.04936327 0.06132715 0.05202911 0.05194309 0.07731136 0.05447640 0.04067407 0.05806003 0.06521426 0.04927725 0.06068655 0.05132874 0.04500018 0.04807669 0.03798704 0.05862018 0.04248686 0.05567058 0.04547013 0.03150993 0.03076473 0.03063186 0.06029591 0.06489688 0.04144363 0.06693111 0.05433168 0.03940140 0.04259522 0.03487483 0.06499390 0.04229431 0.04290848 0.05335261 0.07846164 0.06485898 0.05236212 0.06284820 0.04385135 0.04084452 0.06030537 0.05100545 0.05427685 0.04744504 0.03038944 0.02296455 0.06825786 0.08211946 0.04741437 0.02634797 0.03973408 0.05487885 0.05752184 0.04238382 0.02922674 0.03305039 0.06002743 0.05032382 0.05504195 0.04239720 0.04472008 0.05595429 0.04836841 0.05299308 0.07447799 0.04828475 0.05321064 0.04520121 0.04008916 0.05565794 0.07669053 0.07071051 0.06665719 
0.03917774 0.04854343 0.06656499 0.08238441 0.10794414 0.06473336 0.07224043 0.09914403 0.06581520 0.07119150 0.05597282 0.06025758 0.06667767 0.08617747 0.14556742 0.11793641 0.10172067 0.08471239 0.00000000 0.07991840 0.11203214 0.09172408 0.06640123 0.06799664 0.08645650 0.05818279 0.04585849 0.04278598 0.03712918 0.06946218 0.05473439 0.05057059 0.06446609 0.06110221 0.05901537 0.07897063 0.06395234 0.05642232 0.04967569 0.03747820 0.04993955 0.04291171 0.03839174 0.06117513 0.04698664 0.03672903 0.03948912 0.05829731 0.04496835 0.06639302 0.04330714 0.04860760 0.04735114 0.02978207 0.06162284 0.04412645 0.09078070 0.08321405 0.03302195 0.06152121 0.04557277 0.05859500 0.06513388 0.05205933 0.05134853 0.04994098 0.05897797 0.03385451 0.06824068 0.05683279 0.07170968 0.05199375 0.05285067 0.03378352 0.05872581 0.04352206 0.05780348 0.04179835 0.04982696 0.05167016 0.05173320 0.05719011 0.04818653 0.05943536 0.05312119 0.04850025 0.03715051 0.08933309 0.02740596 0.06728667 0.06108730 0.05175192 0.05319811 0.02948062 0.06496058 0.04268080 0.04952621 0.03616135 0.06455864 0.03519154 0.02994390 0.03934361 0.04939144 0.03296587 0.05285682 0.04247695 0.04530488 0.04304962 0.04907280 0.03415689 0.03372561 0.02826153 0.05172491 0.05984313 0.05047754 0.04145851 0.07499029 0.06818260 0.05885742 0.05203468 0.05066148 0.04037391 0.05051838 0.04093198 0.07053718 0.05473665 0.07015550 0.03418402 0.03980965 0.01603656 0.02846044 0.03302705 0.03144876 0.03041799 0.02176852 0.01480429 0.02940575 0.05510548 0.03997257 0.04920605 
0.04342468 0.05023470 0.05157592 0.06338604 0.04601011 0.05601286 0.05668369 0.05328730 0.05776332 0.04587485 0.04546875 0.07581699 0.05358301 0.07640844 0.05277048 0.07554158 0.08870524 0.05958986 0.07991840 0.00000000 0.08090072 0.07347883 0.08677872 0.06502752 0.06431195 0.08017150 0.04484868 0.04281717 0.06158890 0.08011878 0.07329664 0.06511675 0.07428728 0.04526396 0.09250307 0.06539365 0.06319342 0.05230512 0.05414369 0.06295756 0.05632951 0.06267916 0.04234504 0.03686648 0.04864950 0.04984593 0.06255190 0.04726926 0.06293755 0.07988918 0.07131179 0.06216581 0.04457843 0.05167592 0.06120480 0.05021532 0.04443570 0.08472833 0.07000700 0.04581015 0.04077391 0.05976024 0.03109572 0.06358273 0.04206200 0.05102065 0.07101280 0.07024321 0.06610870 0.05371619 0.07732258 0.04483258 0.04816775 0.05296280 0.02399882 0.04040470 0.03464463 0.04005571 0.06025831 0.06641154 0.03037068 0.04845301 0.02552729 0.07504378 0.04049872 0.03163832 0.06453463 0.07884784 0.03934278 0.02713746 0.04463067 0.06651605 0.04250852 0.05226588 0.07388861 0.04933869 0.05135360 0.03356053 0.06060800 0.03208108 0.06601899 0.07433800 0.04685447 0.04630963 0.06591199 0.05151048 0.02744097 0.05681347 0.06389673 0.05181386 0.05876719 0.07387459 0.07183428 0.08451613 0.06200701 0.05846792 0.04998639 0.06411232 0.04192544 0.04456689 0.05420285 0.05498605 0.05422080 0.08742886 0.06786985 0.03454856 0.04499373 0.04474589 0.01573673 0.01524094 0.04782820 0.03624907 0.04294589 0.04751381 0.05429805 0.05050252 0.03569082 0.02227821 0.02397069 0.02495262 
0.04056183 0.02379510 0.03252295 0.07072947 0.06393593 0.06142096 0.04069335 0.06494356 0.04101213 0.05044053 0.02808364 0.03173958 0.04295455 0.04431258 0.06684130 0.08617693 0.05560399 0.03990791 0.11203214 0.08090072 0.00000000 0.10733805 0.09440535 0.08806348 0.08873101 0.05237208 0.04307560 0.05250610 0.06948918 0.04292945 0.08988432 0.04983585 0.05467810 0.06663610 0.04991455 0.07077219 0.05439836 0.05431434 0.05876631 0.05977312 0.04238307 0.04538117 0.04263810 0.07602212 0.08499945 0.09226047 0.07144626 0.05724012 0.03921570 0.02224501 0.06708609 0.06768889 0.03378475 0.04434357 0.05532046 0.04271527 0.06405890 0.07252047 0.07719879 0.04321045 0.03805892 0.05120448 0.04095476 0.06322348 0.07769580 0.05354010 0.06971973 0.04699851 0.03976591 0.04582972 0.06406694 0.02487939 0.06552640 0.06055053 0.03682839 0.04976766 0.06034481 0.05546512 0.06660180 0.07379854 0.04994593 0.10859739 0.05002240 0.04310087 0.13395101 0.11436128 0.04369815 0.08173934 0.05438882 0.04003844 0.04832518 0.05389292 0.05567387 0.04610788 0.05942719 0.03323473 0.04805478 0.04026461 0.05623315 0.02970093 0.01263866 0.05991091 0.02762945 0.05120870 0.06026728 0.06129010 0.06952297 0.04500399 0.04086018 0.02654095 0.03111687 0.06341167 0.04301971 0.04727574 0.06303858 0.05489588 0.04830250 0.05124516 0.05112097 0.05441448 0.05694271 0.05994389 0.06066246 0.05753251 0.07803466 0.07865315 0.05710933 0.06335691 0.01998474 0.02689069 0.02530427 0.02291154 0.04171331 0.03484390 0.02694659 0.04959620 0.03963619 0.03854205 0.04709014 0.04302533 
0.03006882 0.04684031 0.02509154 0.02960880 0.04441720 0.03425402 0.06325054 0.05824668 0.04424554 0.05038981 0.05444103 0.08376115 0.06934843 0.05216257 0.05820795 0.10704475 0.08663132 0.05159166 0.09172408 0.07347883 0.10733805 0.00000000 0.10692561 0.09652527 0.05604333 0.05710392 0.05287759 0.03589332 0.06356553 0.05388266 0.09589845 0.06669473 0.05672468 0.05984441 0.07083201 0.04461541 0.05086030 0.05217131 0.05344046 0.10138063 0.05327617 0.08339660 0.03329991 0.08062045 0.05251540 0.03591514 0.04436136 0.06164992 0.05391294 0.05126050 0.06567986 0.03766928 0.06339306 0.08672577 0.07865221 0.06459484 0.06279224 0.03119845 0.07402977 0.02926387 0.02248975 0.04655663 0.07002471 0.06224220 0.05769071 0.06336980 0.03369087 0.03885662 0.06057167 0.04665856 0.05859408 0.04486622 0.05090319 0.06060510 0.03667389 0.03442817 0.04385024 0.06149711 0.09545914 0.05879446 0.05724289 0.05855909 0.07230753 0.06896358 0.06385160 0.06023287 0.05963138 0.07461236 0.04927593 0.06027525 0.06697433 0.06646205 0.06600935 0.06346971 0.04821286 0.05306997 0.07569054 0.06029154 0.07019818 0.02453761 0.05712910 0.06797926 0.03933139 0.04628664 0.07865286 0.04114783 0.04147991 0.03423891 0.03430078 0.03969143 0.07195950 0.03661260 0.06577848 0.04417396 0.03774781 0.06595940 0.05504705 0.06481792 0.04944488 0.02961463 0.04502723 0.05061849 0.03403515 0.05368563 0.05231549 0.06772986 0.05714318 0.04426135 0.03252748 0.04615185 0.03059451 0.02337701 0.04260322 0.02852894 0.02593683 0.02523583 0.02833427 0.03928060 0.03386328 0.03257239 
0.02265679 0.05298315 0.08209175 0.05753679 0.09304622 0.04638772 0.03361546 0.06457896 0.03917904 0.04685118 0.05492394 0.07618981 0.08378817 0.12221582 0.14750210 0.09526148 0.09056681 0.05923915 0.06640123 0.08677872 0.09440535 0.10692561 0.00000000 0.08204097 0.12427143 0.03658027 0.03941872 0.04850085 0.04351051 0.03975662 0.06062913 0.05901339 0.03438496 0.08454795 0.08328062 0.05213543 0.04861481 0.04960161 0.04816696 0.06042811 0.07369909 0.07908378 0.08142532 0.05630744 0.02229987 0.02971570 0.06951942 0.04655576 0.04167910 0.04527488 0.07100920 0.04943558 0.04444168 0.07200696 0.05553165 0.05019158 0.04935657 0.06421266 0.04019574 0.03275140 0.03606438 0.05872036 0.07281897 0.06707962 0.05035480 0.06030286 0.04778252 0.06274241 0.02250740 0.04619638 0.01261432 0.01723711 0.06082662 0.03510415 0.06737721 0.04999534 0.03725768 0.04046715 0.02402136 0.04938531 0.06396267 0.03719812 0.07662011 0.04609812 0.06338416 0.06789940 0.05490259 0.06039461 0.04589860 0.03947508 0.06881610 0.04261230 0.01863082 0.03645972 0.03627574 0.06308287 0.03872500 0.03593318 0.03292217 0.04312923 0.02943575 0.02942650 0.05413011 0.08463236 0.05790769 0.07548539 0.05085238 0.03678174 0.04638937 0.04097585 0.02443089 0.03986081 0.03941509 0.07679627 0.07071325 0.04492465 0.04252556 0.03286256 0.03243742 0.04544428 0.04184968 0.04619429 0.04671747 0.04586169 0.06431942 0.05645905 0.05543418 0.06175676 0.04192511 0.07742058 0.06319934 0.06688317 0.03900153 0.04371314 0.03433008 0.03614882 0.04005953 0.06148462 0.06215112 0.05185773 
0.03315863 0.05599514 0.03975121 0.05265376 0.05534992 0.07001041 0.06871269 0.04490649 0.05806196 0.07060085 0.03943485 0.05351694 0.05349991 0.05867687 0.06053851 0.09264876 0.06370265 0.04906405 0.06799664 0.06502752 0.08806348 0.09652527 0.08204097 0.00000000 0.06100060 0.06422601 0.05083305 0.03851766 0.08517353 0.03610053 0.06161976 0.05301189 0.07114121 0.06807237 0.06001315 0.06026590 0.07003970 0.05001823 0.08888257 0.06210215 0.06956937 0.08827916 0.10210670 0.09586851 0.10756484 0.05741902 0.06167299 0.06054507 0.06180506 0.06837445 0.04426840 0.03585415 0.05344609 0.04286617 0.03852556 0.05220818 0.03546932 0.06528213 0.04702311 0.04631312 0.04293130 0.07999612 0.06232430 0.06276070 0.04215969 0.04807155 0.02965969 0.03768291 0.03727318 0.04387119 0.03774725 0.03784993 0.08492906 0.05897337 0.05863605 0.05702209 0.06536637 0.05228897 0.05754016 0.08960375 0.07201156 0.08851320 0.07121097 0.04323741 0.03900539 0.04164654 0.03149407 0.03904980 0.04710246 0.03499265 0.03814300 0.06342007 0.05649470 0.05030578 0.07836002 0.02521545 0.03978039 0.03841415 0.07071742 0.05478752 0.04784208 0.06565080 0.07658408 0.07955804 0.03849110 0.06138532 0.03377699 0.02997917 0.06011567 0.03332945 0.04670391 0.07198171 0.04717021 0.05150742 0.05091040 0.03328761 0.03698447 0.04504359 0.04933770 0.06656519 0.05911746 0.08270983 0.04962616 0.04185868 0.06118355 0.04827162 0.03572151 0.03647627 0.04571203 0.06413872 0.04520570 0.03733689 0.02777891 0.03984602 0.03195528 0.03524951 0.02628757 0.04984647 0.03354539 0.04239647 
0.03592971 0.05245857 0.04371363 0.08165535 0.02989730 0.06024309 0.07283793 0.07646349 0.07032165 0.06070109 0.06463157 0.04404940 0.05449165 0.04866915 0.09039123 0.06013683 0.05219387 0.05941869 0.08645650 0.06431195 0.08873101 0.05604333 0.12427143 0.06100060 0.00000000 0.07647340 0.05151919 0.05294953 0.11138517 0.06676197 0.06527946 0.06012055 0.05968648 0.06646892 0.05627197 0.06619667 0.02915875 0.05703663 0.03877596 0.06457530 0.04943369 0.07240782 0.05004924 0.03318979 0.05020539 0.05765831 0.02341738 0.00669238 0.04437771 0.02553339 0.02307769 0.02250369 0.02764311 0.04763085 0.05062509 0.07503628 0.05920125 0.05167417 0.09757174 0.07287079 0.06668257 0.08038588 0.05302627 0.08308272 0.05545449 0.03297887 0.06655351 0.06168878 0.05274264 0.03708694 0.04406594 0.03611548 0.07848084 0.03812138 0.04040244 0.05343298 0.03884762 0.07000830 0.05590939 0.04860974 0.04170857 0.03507370 0.03090515 0.06392570 0.06297794 0.09670923 0.06377997 0.06931883 0.05036957 0.03510138 0.06127286 0.06341614 0.03889666 0.04974450 0.06617882 0.02837373 0.00701183 0.03977762 0.05535990 0.06183111 0.01966047 0.06493238 0.06262755 0.02748277 0.04387371 0.05452953 0.02723264 0.09879625 0.05384801 0.05155693 0.05389145 0.02313671 0.02947606 0.11636292 0.05699156 0.03521161 0.03824762 0.05471152 0.03467763 0.05984393 0.04590103 0.05935797 0.02481936 0.03357955 0.07230551 0.07339069 0.04615795 0.06429965 0.08716455 0.07103622 0.05790011 0.04207921 0.03715896 0.05032910 0.04979819 0.02692141 0.03305587 0.04774518 0.05648905 0.05063914 
