0.00000000 0.06913425 0.07199514 0.07199514 0.06897529 0.05405004 0.04601191 0.03306839 0.04493666 0.04430312 0.04788232 0.02935107 0.03071944 0.02774064 0.01823412 0.03911874 0.03848512 0.03113674 0.03899442 0.04035760 0.02855719 0.02639770 0.03461639 0.02395238 0.03679161 0.02929096 0.03151805 0.03054308 0.02914702 0.02685810 0.05598567 0.02450065 0.02522945 0.02441326 0.04567922 0.02556169 0.02900537 0.02354092 0.01902817 0.04200438 0.03660482 0.02036609 0.02752127 0.03846427 0.02312809 0.03377649 0.03569776 0.02964808 0.03853695 0.03153010 0.03135412 0.02964650 0.02249547 0.03778558 0.03860881 0.05666239 0.02937642 0.02430310 0.03860881 0.03080470 0.01980018 0.02686485 0.02665625 0.02801763 0.03861844 0.02798049 0.04200282 0.03251591 0.02360293 0.02139592 0.02777965 0.02321766 0.04296922 0.02533947 0.02747244 0.03327051 0.03069742 0.02558566 0.03812606 0.03174017 0.02427458 0.02273992 0.02683752 0.03887898 0.02466795 0.02222351 0.03265760 0.02495399 0.04255200 0.01761621 0.02219906 0.02117633 0.03956494 0.03377649 0.02367781 0.02696994 0.03211997 0.03986564 0.02875190 0.03059400 0.02053387 0.02697006 0.01911263 0.03245385 0.02993067 0.03747709 0.02237883 0.02489019 0.02065763 0.04636629 0.02681744 0.02424099 0.02612408 0.03027397 0.02755358 0.03605563 0.02587450 0.03377649 0.02004316 0.02462633 0.02883185 0.02138031 0.02769246 0.03821861 0.02410187 0.03109366 0.02476679 0.04336711 0.03356221 0.01773492 0.04931031 0.02973705 0.01899845 0.03425789 0.03069842 0.03982911 0.04652202 0.03679246 0.02743220 0.02507920 0.02533947 0.04261995 0.02587545 0.02525530 0.03295263 0.04474263 0.02723825 0.02572671 0.02983153 0.02469598 0.02417815 0.02742146 0.03000479 0.01844539 0.03090124 0.02497899 0.02351350 0.01949827 0.04261995 0.04261995 
0.06913425 0.00000000 0.07486929 0.07486929 0.07239281 0.05949859 0.05190088 0.03990992 0.02689142 0.05030131 0.03802440 0.03544154 0.03823793 0.02799894 0.02116997 0.04429683 0.04267109 0.02361958 0.04314990 0.02342175 0.02869983 0.03637401 0.01983535 0.02036774 0.02208629 0.03479931 0.03568449 0.04844650 0.02851961 0.02791909 0.05298921 0.02580395 0.02530044 0.02674736 0.03417084 0.02788469 0.03914078 0.02499984 0.03005220 0.04473447 0.02752138 0.02489425 0.03849295 0.03664534 0.02515666 0.03491596 0.02600044 0.03745783 0.03143235 0.02345003 0.03638578 0.03943273 0.02833778 0.02480283 0.04115529 0.04687120 0.01876097 0.02789105 0.04115529 0.02749164 0.02395935 0.02333651 0.02434175 0.02515158 0.03165249 0.03379200 0.03092638 0.03523714 0.03353865 0.02281707 0.02568694 0.02966472 0.02067522 0.02650684 0.02858562 0.03418950 0.02668475 0.03426768 0.02189530 0.01941744 0.03455794 0.03177002 0.01470124 0.02816345 0.02140585 0.02973604 0.03929491 0.03536329 0.02993422 0.02520046 0.02308766 0.02396962 0.02221998 0.03491596 0.02960486 0.02720596 0.03738660 0.02907738 0.04400041 0.03205959 0.02201084 0.03665912 0.01752549 0.04386384 0.04562170 0.01929591 0.02332908 0.02761698 0.02290188 0.03571930 0.03618665 0.02361942 0.03679806 0.03052349 0.02894047 0.02787043 0.02660040 0.03491596 0.02619341 0.02472965 0.02914548 0.02364912 0.03639373 0.02221727 0.03397958 0.02163590 0.02530927 0.02307963 0.03302465 0.02312861 0.03376245 0.02913102 0.03141432 0.01624545 0.03202825 0.02681664 0.02961781 0.02322124 0.03313129 0.02580894 0.02650684 0.04428487 0.02921134 0.02903498 0.03231394 0.02022376 0.01904445 0.02922361 0.03563136 0.03224667 0.02421100 0.03081600 0.03800706 0.02498899 0.03640691 0.02864603 0.03526027 0.02848354 0.04428487 0.04428487 
0.07199514 0.07486929 0.00000000 0.07742978 0.07508992 0.06305380 0.05376124 0.04262248 0.02909178 0.05226009 0.03516608 0.03765676 0.04067164 0.02473777 0.02471142 0.04595578 0.04380060 0.02426328 0.04424927 0.02207253 0.02725087 0.03357138 0.01965943 0.02103926 0.02173649 0.03739761 0.03780750 0.03970082 0.02794542 0.02749180 0.04832648 0.02638995 0.02568319 0.02785676 0.03173513 0.02655413 0.03806785 0.02564550 0.02916145 0.04794945 0.02793645 0.02421881 0.03719760 0.03446484 0.02449489 0.03514435 0.02311495 0.04003447 0.03125583 0.02199590 0.03475237 0.03839876 0.03071438 0.02498908 0.04200989 0.05120612 0.01805543 0.02935528 0.04200989 0.02415145 0.02201303 0.02278050 0.02470182 0.02132913 0.02674852 0.03622569 0.03267298 0.03665193 0.03360200 0.02322551 0.02575916 0.03095098 0.02230897 0.02701709 0.02916837 0.03445540 0.02387979 0.03633967 0.02225229 0.01972103 0.03112154 0.03079504 0.01421214 0.03074856 0.02052904 0.02959078 0.03632992 0.03370914 0.02800928 0.02221268 0.02023016 0.02293123 0.02581274 0.03514435 0.02832482 0.02738198 0.03426725 0.02979043 0.03747252 0.03250308 0.02278015 0.03513073 0.01802477 0.04174867 0.03162368 0.02105417 0.02508971 0.02890077 0.02529686 0.03334297 0.03614797 0.02393299 0.03360171 0.03116226 0.02931823 0.02876042 0.02698786 0.03514435 0.02204567 0.02512451 0.02838019 0.02517190 0.03412576 0.01963917 0.03147201 0.02677897 0.02637660 0.02996353 0.03135085 0.02180041 0.03510728 0.03077788 0.03013157 0.01893765 0.03047141 0.03081307 0.03127358 0.02219513 0.03304737 0.02715764 0.02701709 0.04610737 0.03151340 0.03155827 0.03297846 0.02197451 0.01971811 0.03158373 0.03890942 0.03648271 0.02317925 0.03328429 0.03687660 0.02212394 0.03951592 0.03115218 0.02879947 0.02400722 0.04610737 0.04610737 
0.07199514 0.07486929 0.07742978 0.00000000 0.07508992 0.06305380 0.05376124 0.04262248 0.02909178 0.05226009 0.03516608 0.03765676 0.04067164 0.02473777 0.02471142 0.04595578 0.04380060 0.02426328 0.04424927 0.02207253 0.02725087 0.03357138 0.01965943 0.02103926 0.02173649 0.03739761 0.03780750 0.03970082 0.02794542 0.02749180 0.04832648 0.02638995 0.02568319 0.02785676 0.03173513 0.02655413 0.03806785 0.02564550 0.02916145 0.04794945 0.02793645 0.02421881 0.03719760 0.03446484 0.02449489 0.03514435 0.02311495 0.04003447 0.03125583 0.02199590 0.03475237 0.03839876 0.03071438 0.02498908 0.04200989 0.05120612 0.01805543 0.02935528 0.04200989 0.02415145 0.02201303 0.02278050 0.02470182 0.02132913 0.02674852 0.03622569 0.03267298 0.03665193 0.03360200 0.02322551 0.02575916 0.03095098 0.02230897 0.02701709 0.02916837 0.03445540 0.02387979 0.03633967 0.02225229 0.01972103 0.03112154 0.03079504 0.01421214 0.03074856 0.02052904 0.02959078 0.03632992 0.03370914 0.02800928 0.02221268 0.02023016 0.02293123 0.02581274 0.03514435 0.02832482 0.02738198 0.03426725 0.02979043 0.03747252 0.03250308 0.02278015 0.03513073 0.01802477 0.04174867 0.03162368 0.02105417 0.02508971 0.02890077 0.02529686 0.03334297 0.03614797 0.02393299 0.03360171 0.03116226 0.02931823 0.02876042 0.02698786 0.03514435 0.02204567 0.02512451 0.02838019 0.02517190 0.03412576 0.01963917 0.03147201 0.02677897 0.02637660 0.02996353 0.03135085 0.02180041 0.03510728 0.03077788 0.03013157 0.01893765 0.03047141 0.03081307 0.03127358 0.02219513 0.03304737 0.02715764 0.02701709 0.04610737 0.03151340 0.03155827 0.03297846 0.02197451 0.01971811 0.03158373 0.03890942 0.03648271 0.02317925 0.03328429 0.03687660 0.02212394 0.03951592 0.03115218 0.02879947 0.02400722 0.04610737 0.04610737 
0.06897529 0.07239281 0.07508992 0.07508992 0.00000000 0.05905202 0.05023927 0.03847252 0.02619211 0.04867543 0.03135032 0.03394469 0.03629988 0.03094306 0.02923126 0.04310976 0.04137159 0.02945491 0.04192303 0.01823188 0.02511874 0.03040552 0.02170762 0.02312351 0.02346473 0.03378113 0.03492378 0.05454020 0.03306878 0.03902096 0.04303235 0.02575110 0.02554309 0.02638848 0.03416610 0.03125281 0.03397991 0.02491828 0.02368896 0.04559068 0.02322442 0.02159977 0.03281027 0.03844302 0.02424401 0.03444717 0.02392057 0.03544112 0.03106646 0.02425550 0.03123518 0.03992689 0.02692389 0.03235436 0.04046447 0.05384339 0.03383986 0.02718702 0.04046447 0.02420720 0.02052202 0.02708963 0.02724896 0.02323814 0.02858659 0.03215600 0.02798394 0.03483981 0.02782097 0.03883150 0.02387431 0.02644991 0.03430755 0.02647398 0.05014115 0.03386635 0.01861292 0.04385096 0.02158661 0.01807925 0.02767477 0.02611897 0.01782565 0.02778124 0.02905428 0.02624206 0.03396400 0.02888101 0.03208366 0.02000263 0.02097985 0.02237846 0.03176801 0.03444717 0.02628981 0.02764155 0.03148091 0.03076875 0.05166059 0.05579237 0.02175456 0.02899703 0.01817357 0.03751453 0.05419418 0.02377756 0.02446792 0.02694552 0.02225315 0.03674573 0.03109500 0.02484203 0.02986589 0.02914645 0.02865880 0.03086469 0.02681792 0.03444717 0.02136192 0.02551686 0.02824451 0.02368944 0.03019287 0.02114822 0.02810831 0.02894473 0.03430855 0.02359081 0.03365219 0.01979908 0.02999895 0.02915955 0.02446087 0.01888730 0.02602760 0.02675202 0.02927250 0.01810929 0.03038381 0.02572676 0.02647398 0.04457983 0.02900963 0.02871822 0.03236841 0.02025129 0.03000119 0.02860493 0.03464930 0.03983319 0.02294140 0.03066066 0.03383348 0.01915526 0.03586829 0.02833423 0.02644162 0.03348064 0.04457983 0.04457983 
0.05405004 0.05949859 0.06305380 0.06305380 0.05905202 0.00000000 0.06189391 0.04949957 0.03619008 0.07030002 0.03597572 0.04959601 0.04690469 0.04150219 0.02694128 0.02837287 0.03000902 0.02890440 0.03040150 0.03274612 0.02941899 0.01630857 0.03358412 0.01705173 0.02339148 0.03300820 0.05295613 0.04073017 0.01406779 0.02333997 0.03583368 0.05102714 0.04012827 0.01915624 0.03093064 0.03098058 0.02782366 0.04901863 0.01251546 0.03245580 0.01513810 0.01964120 0.04141117 0.04642694 0.03840889 0.03266024 0.02044978 0.04568706 0.02563226 0.02063770 0.03098623 0.02727440 0.03415670 0.01654220 0.03295788 0.02763065 0.04189179 0.04059389 0.03295788 0.02691511 0.03074322 0.01874956 0.04802392 0.01992484 0.02619107 0.04190141 0.02473289 0.02527508 0.01308351 0.03283278 0.02574501 0.05964226 0.02313088 0.04929035 0.02486755 0.03183436 0.03160897 0.01416824 0.02697429 0.02304047 0.02599012 0.02393134 0.02895277 0.01831475 0.02761016 0.03247211 0.02215788 0.01389405 0.02216219 0.02243736 0.02530425 0.02981793 0.03858005 0.03266024 0.02489604 0.03426688 0.03652014 0.03226278 0.04825866 0.02809404 0.02384962 0.02184488 0.03397086 0.01697464 0.02740038 0.03454103 0.03375458 0.01865131 0.04446280 0.01989833 0.01518148 0.02379066 0.01472927 0.02566259 0.02482368 0.02487811 0.04076609 0.03266024 0.04801702 0.03493453 0.03607937 0.02975293 0.04193618 0.01833431 0.02599941 0.03576330 0.03157624 0.02421996 0.03641807 0.02411382 0.02662225 0.02201145 0.00782165 0.02095919 0.02792589 0.02126383 0.02051398 0.03130692 0.01938844 0.03615688 0.04929035 0.03808801 0.01856845 0.04871436 0.02697467 0.05588531 0.02024224 0.01895541 0.04166903 0.04277954 0.02460036 0.05145355 0.03678478 0.02600405 0.04249615 0.03603691 0.04607912 0.01415447 0.03808801 0.03808801 
0.04601191 0.05190088 0.05376124 0.05376124 0.05023927 0.06189391 0.00000000 0.04891775 0.04271025 0.06778408 0.03555067 0.04766885 0.04593427 0.02591875 0.04402299 0.03444119 0.03479208 0.02168048 0.03501613 0.03915648 0.02414634 0.02067384 0.03594041 0.03850423 0.02404724 0.04236564 0.02565200 0.03880778 0.02763862 0.02208889 0.02920163 0.04466089 0.03292719 0.03112355 0.03528698 0.03779395 0.02760933 0.04697168 0.01562635 0.02004693 0.01781983 0.01902384 0.04809837 0.03709111 0.04056674 0.03262264 0.03398534 0.04749941 0.03923797 0.03339670 0.03307449 0.02999431 0.03266731 0.01415064 0.03636587 0.01860756 0.02010019 0.03565448 0.03636587 0.03552649 0.02659343 0.02241817 0.02177702 0.02275633 0.02509446 0.03936346 0.01945017 0.02946190 0.03548902 0.03452087 0.04080774 0.03732101 0.03286265 0.04092081 0.02498915 0.03178418 0.02834356 0.01584298 0.02863263 0.03165032 0.02335141 0.01807508 0.03744171 0.03690260 0.03286950 0.03668927 0.03813519 0.01646068 0.05083393 0.01990049 0.03391613 0.03787904 0.02409199 0.03262264 0.03000447 0.02992807 0.03079432 0.03980579 0.03440449 0.02838094 0.02332820 0.02670647 0.02991551 0.01671273 0.02710438 0.03292588 0.02972481 0.01958484 0.05075266 0.01872668 0.03264980 0.02754409 0.01562446 0.03625912 0.02420226 0.02471524 0.03459455 0.03262264 0.03422533 0.03329942 0.04449348 0.04030356 0.04216146 0.02512401 0.03622815 0.02235824 0.02669174 0.02312824 0.03780559 0.02584382 0.03149751 0.02141218 0.01108531 0.02405300 0.02571044 0.02681664 0.02269090 0.02525290 0.02535611 0.03195447 0.04092081 0.02682561 0.02478128 0.03299870 0.04021439 0.03509878 0.03547176 0.02695855 0.03705103 0.02524316 0.02999386 0.03499578 0.03076737 0.02350829 0.02028275 0.03055372 0.03236879 0.01824920 0.02682561 0.02682561 
0.03306839 0.03990992 0.04262248 0.04262248 0.03847252 0.04949957 0.04891775 0.00000000 0.06370660 0.05741642 0.05753093 0.05948058 0.04087758 0.03935056 0.04248871 0.05476095 0.05688985 0.01927010 0.02714966 0.02434629 0.02269080 0.02683053 0.01944621 0.02669945 0.02472335 0.02157164 0.01573326 0.03274132 0.01140726 0.02046402 0.03426091 0.04685862 0.05486334 0.02039475 0.03949024 0.03613473 0.03529604 0.04557723 0.03105647 0.04846556 0.02261747 0.02343259 0.05685875 0.04700361 0.03282331 0.03146892 0.02750952 0.03754153 0.01919533 0.02857892 0.02969853 0.02777278 0.02690651 0.01440465 0.03045229 0.03108873 0.03378105 0.03755902 0.03045229 0.02621867 0.02418005 0.02401901 0.02353534 0.02561551 0.02297557 0.03746164 0.03711449 0.02228132 0.03530209 0.04309617 0.03308843 0.03381486 0.02064138 0.04868833 0.02345785 0.03069097 0.03011063 0.02326669 0.02323428 0.02129368 0.02666779 0.02651529 0.03224200 0.03153507 0.02289164 0.03090629 0.02746208 0.01861104 0.03419647 0.05430356 0.03090044 0.03079369 0.02770904 0.03146892 0.01672450 0.03241092 0.03110307 0.02095099 0.02953884 0.02639553 0.02510215 0.02242259 0.02843231 0.03579269 0.02547465 0.03415667 0.03148142 0.05307638 0.01024371 0.04526299 0.02071461 0.05049794 0.03299793 0.01483749 0.05036315 0.01713799 0.03947739 0.03146892 0.02863614 0.04744421 0.02267761 0.03161551 0.02620482 0.02441569 0.02258204 0.04426926 0.05625099 0.03204668 0.02397104 0.03272365 0.04870723 0.02497707 0.02324147 0.02583241 0.04343387 0.03200248 0.03096182 0.03374684 0.02398200 0.03370325 0.04868833 0.02558238 0.02525701 0.03862818 0.02626954 0.03233046 0.01988912 0.02673064 0.04527189 0.00852593 0.01614918 0.04105108 0.03099642 0.01615490 0.01630291 0.02449273 0.03780900 0.03485070 0.02558238 0.02558238 
0.04493666 0.02689142 0.02909178 0.02909178 0.02619211 0.03619008 0.04271025 0.06370660 0.00000000 0.03406424 0.03452007 0.03544441 0.02986616 0.02986108 0.03913704 0.05278517 0.04027732 0.01995170 0.03096553 0.02732759 0.03410387 0.03220996 0.03182488 0.04868266 0.02844970 0.02041862 0.03171738 0.01521846 0.02450443 0.01940478 0.02700661 0.02653992 0.04293573 0.03045550 0.03876382 0.03006949 0.03498492 0.02500589 0.02884953 0.03654707 0.02567447 0.03329783 0.03377493 0.02963312 0.02289263 0.03032142 0.03652453 0.01530642 0.03951318 0.04169326 0.03086564 0.03128383 0.00733977 0.01701230 0.02222127 0.01951063 0.02641995 0.02306386 0.02222127 0.05526107 0.02969936 0.02981562 0.03767092 0.04684114 0.02949125 0.02498762 0.04433384 0.01849614 0.04288558 0.01978439 0.03780749 0.03200864 0.03524510 0.02822456 0.02542490 0.03262108 0.03280260 0.03011271 0.02759391 0.04665850 0.01654228 0.02096868 0.01767870 0.02320125 0.04156987 0.01514975 0.02714002 0.03578676 0.02781115 0.04401172 0.01843910 0.02448640 0.03847991 0.03032142 0.02528565 0.03222522 0.05826062 0.04389056 0.00948014 0.02773147 0.03213451 0.05699414 0.04743546 0.01943002 0.02861209 0.05809973 0.03273700 0.04313645 0.03748694 0.05893123 0.02366405 0.05207200 0.03069951 0.04629650 0.03952119 0.03473898 0.04184617 0.03032142 0.02908839 0.02935908 0.05297262 0.02455617 0.02786300 0.04745922 0.01031509 0.04635693 0.03804105 0.05355363 0.03274110 0.01966610 0.03021296 0.02812429 0.04076870 0.03936068 0.04632616 0.04329692 0.03033193 0.02159172 0.03088370 0.01715207 0.02822456 0.02639011 0.02416802 0.03424699 0.03089469 0.03210638 0.02788642 0.03336170 0.02639810 0.03392822 0.01957600 0.02547717 0.03468865 0.03168395 0.01899662 0.03445123 0.02024258 0.04526907 0.02639011 0.02639011 
0.04430312 0.05030131 0.05226009 0.05226009 0.04867543 0.07030002 0.06778408 0.05741642 0.03406424 0.00000000 0.03728051 0.06201150 0.05373773 0.03167422 0.03355330 0.03372608 0.03404754 0.02986161 0.03341719 0.03880652 0.02201331 0.02004708 0.02599169 0.02216927 0.02249142 0.03918931 0.03758365 0.04826847 0.02000848 0.02083502 0.03422683 0.05295007 0.04230141 0.02866167 0.03442623 0.02965775 0.03128110 0.05105165 0.02401130 0.01945675 0.02893204 0.02729960 0.04523390 0.04052728 0.04140226 0.03272654 0.02504768 0.05302208 0.02441915 0.02097031 0.03915231 0.03184158 0.04074273 0.02909392 0.03561799 0.02607818 0.01706491 0.05075559 0.03561799 0.01775864 0.02072924 0.01941380 0.02681819 0.01398946 0.02912431 0.04773964 0.02949150 0.02846846 0.01656307 0.03658051 0.02740080 0.03390108 0.03202462 0.05111894 0.02397765 0.03175948 0.03523873 0.01424842 0.01852979 0.01772166 0.02655290 0.02641690 0.03044720 0.02211618 0.02020508 0.03437885 0.02912501 0.01394960 0.03378223 0.02590525 0.02617319 0.03011782 0.02417880 0.03272654 0.02695648 0.04622201 0.03356951 0.03480652 0.04060479 0.02823797 0.02741114 0.01909364 0.03189270 0.01610032 0.02693615 0.02953851 0.03504751 0.02907685 0.03086243 0.01596651 0.01711295 0.02976566 0.01739329 0.02721172 0.02385759 0.03728436 0.04163792 0.03272654 0.02739002 0.03718578 0.03109700 0.03860311 0.03042337 0.02200904 0.02636895 0.02551934 0.03491242 0.03002374 0.03562498 0.02926839 0.03375803 0.02395123 0.01246356 0.02648100 0.03161569 0.03728398 0.01692437 0.02652205 0.02274619 0.04160928 0.05111894 0.02666523 0.02577793 0.04215897 0.02985886 0.04182635 0.02584577 0.02354008 0.04423435 0.03001354 0.01943874 0.04412631 0.03711895 0.01853445 0.03921667 0.03100823 0.04166942 0.01705325 0.02666523 0.02666523 
0.04788232 0.03802440 0.03516608 0.03516608 0.03135032 0.03597572 0.03555067 0.05753093 0.03452007 0.03728051 0.00000000 0.03251478 0.03966641 0.03780674 0.02461375 0.03340726 0.04290492 0.03721320 0.01753126 0.02781283 0.04106586 0.03613478 0.03220200 0.02511657 0.04323918 0.03327603 0.01194257 0.03039728 0.03068815 0.02527148 0.05611037 0.03565035 0.03458995 0.01806896 0.03860880 0.03302312 0.03159933 0.04348799 0.05037164 0.03738349 0.05131299 0.01688742 0.05323247 0.04936937 0.02955556 0.03039762 0.04660836 0.03293694 0.02463442 0.02599045 0.03379551 0.02780094 0.05048124 0.02804698 0.02145996 0.01300537 0.04614934 0.02347215 0.02145996 0.01271267 0.01929013 0.02414059 0.02299474 0.03653350 0.03231975 0.02662726 0.03644057 0.02727554 0.02873768 0.03424716 0.03587215 0.03378281 0.01946979 0.03763681 0.02452127 0.03220324 0.04476282 0.04507134 0.03746766 0.02924294 0.02211673 0.03665817 0.01916360 0.03186068 0.02352229 0.03407506 0.02138942 0.02594465 0.04344386 0.03960900 0.03944525 0.03517198 0.02679540 0.03039762 0.02137056 0.02285872 0.01184528 0.02940230 0.03847283 0.02494252 0.02292554 0.03094259 0.02277985 0.03537945 0.02685519 0.02316519 0.03099108 0.03319421 0.01416554 0.02637185 0.02127803 0.03487599 0.02216760 0.03591262 0.04578917 0.01728820 0.02864945 0.03039762 0.03524912 0.02764911 0.01818815 0.02740053 0.04318036 0.02833801 0.04525797 0.03177258 0.03774030 0.04543783 0.02834616 0.03035519 0.06997498 0.03650747 0.02939315 0.03498581 0.05994170 0.03759370 0.03666370 0.04991863 0.02416745 0.03663708 0.03763681 0.03238237 0.02550090 0.02993231 0.03633890 0.03723583 0.00905193 0.02958742 0.03706573 0.02063985 0.02391744 0.03296420 0.03323742 0.02075360 0.02191631 0.01779852 0.04257263 0.02618899 0.03238237 0.03238237 
0.02935107 0.03544154 0.03765676 0.03765676 0.03394469 0.04959601 0.04766885 0.05948058 0.03544441 0.06201150 0.03251478 0.00000000 0.04351050 0.02972720 0.02568111 0.05982195 0.03269531 0.03889229 0.05259027 0.03472117 0.02443585 0.01921428 0.02392380 0.03695514 0.01609169 0.03020764 0.05317227 0.02451585 0.01085009 0.02088955 0.02382042 0.05310891 0.05143584 0.03099045 0.02143594 0.03787276 0.02077049 0.04521173 0.02041175 0.04795700 0.04374712 0.01759187 0.03520218 0.03699072 0.03410968 0.03195229 0.01711846 0.04198572 0.01715777 0.02923878 0.02586921 0.01597441 0.02246748 0.02043301 0.03319323 0.03471515 0.02985242 0.06563122 0.03319323 0.02276218 0.02205470 0.03133183 0.02510352 0.02446388 0.03622368 0.03757821 0.03942902 0.02507585 0.02001825 0.02963131 0.02466814 0.03737209 0.03416414 0.04765030 0.02363146 0.03085047 0.01990283 0.03566440 0.02827178 0.01893385 0.02732251 0.02455894 0.03773838 0.02972424 0.01718515 0.02732290 0.02696670 0.03111819 0.01045930 0.03030527 0.02539188 0.02183566 0.03592814 0.03195229 0.03451213 0.06221085 0.02193373 0.04381855 0.02450292 0.02685087 0.02669814 0.01395906 0.05300551 0.01891913 0.02559521 0.03712558 0.03110879 0.02931297 0.02503926 0.03150291 0.01575735 0.06392232 0.01397866 0.01422430 0.02279885 0.03041667 0.05201575 0.03195229 0.02517972 0.05926397 0.03372383 0.04053127 0.02940053 0.01568928 0.02115127 0.04092195 0.04236709 0.03469103 0.02269878 0.03711257 0.03204055 0.02786047 0.02665024 0.02655923 0.04409512 0.05465530 0.02407891 0.04155575 0.03809620 0.03279520 0.04765030 0.02513741 0.04875114 0.03826679 0.02841557 0.03275564 0.02220480 0.02527014 0.04837424 0.02341455 0.01883486 0.04434502 0.03552563 0.01618838 0.02003784 0.02428647 0.03740516 0.02080779 0.02513741 0.02513741 
0.03071944 0.03823793 0.04067164 0.04067164 0.03629988 0.04690469 0.04593427 0.04087758 0.02986616 0.05373773 0.03966641 0.04351050 0.00000000 0.03381164 0.04068527 0.02755304 0.02836317 0.04119281 0.02859334 0.02683542 0.05016122 0.02335203 0.04034065 0.02102885 0.03219414 0.05139589 0.01896218 0.04398699 0.04181623 0.01886881 0.07524936 0.04619207 0.03825194 0.03290017 0.02805796 0.02539878 0.03966192 0.04486859 0.04812158 0.01516989 0.04526720 0.01889994 0.03582649 0.03611821 0.03254297 0.03159896 0.02976866 0.07493574 0.03051829 0.01625955 0.03264355 0.01881902 0.06845573 0.02831363 0.03250994 0.02310141 0.02352589 0.03784434 0.03250994 0.02958750 0.02632274 0.01761069 0.03640986 0.02995700 0.04093386 0.03547382 0.03001020 0.02404280 0.02791217 0.03128768 0.01837841 0.02546785 0.02910133 0.04787563 0.02350736 0.03048194 0.02432012 0.02632058 0.03088791 0.02054423 0.02278571 0.02758816 0.03311625 0.02087153 0.01982449 0.02042419 0.03245642 0.01741365 0.02285207 0.02320026 0.01316305 0.01565753 0.03308206 0.03159896 0.02523592 0.03235498 0.02773890 0.02236586 0.02815110 0.02635038 0.02737513 0.03621016 0.03026051 0.02059504 0.02506629 0.03487151 0.02570220 0.02760380 0.02834789 0.02575630 0.02755578 0.03671978 0.01777953 0.02595433 0.02196344 0.03623157 0.03887453 0.03159896 0.02203659 0.03026906 0.01522940 0.02742105 0.02854332 0.02743424 0.01726995 0.03956877 0.05377453 0.04492626 0.01243944 0.02013947 0.03315516 0.03330294 0.04776062 0.03636729 0.03785764 0.03902809 0.04219774 0.02559578 0.02501143 0.03719640 0.04787563 0.02473750 0.03302611 0.05795594 0.04115618 0.02738740 0.01123750 0.02553163 0.02397834 0.03908181 0.04421757 0.04053686 0.03097485 0.02800936 0.04489058 0.02419470 0.03735228 0.03562064 0.02473750 0.02473750 
0.02774064 0.02799894 0.02473777 0.02473777 0.03094306 0.04150219 0.02591875 0.03935056 0.02986108 0.03167422 0.03780674 0.02972720 0.03381164 0.00000000 0.02787577 0.02434662 0.04234961 0.05154794 0.02213727 0.03376319 0.04691141 0.02672596 0.01706858 0.03508478 0.01939286 0.02168686 0.02237079 0.03235084 0.03934282 0.04665201 0.03010900 0.03681819 0.02833873 0.02309010 0.02524829 0.05581431 0.03956012 0.03481711 0.03350188 0.02130120 0.02125177 0.02681165 0.02543782 0.04452316 0.03614721 0.03012036 0.02581330 0.02155376 0.02909694 0.02519508 0.01703421 0.02509799 0.02214680 0.02964571 0.02128059 0.01861720 0.05249555 0.02455028 0.02128059 0.02494467 0.02089129 0.02745341 0.05190056 0.01669281 0.02537410 0.03215127 0.01864160 0.02832213 0.04953798 0.03943642 0.03605801 0.02980672 0.03329653 0.03943538 0.03176515 0.03204209 0.02996921 0.02219810 0.02610886 0.03390674 0.03198964 0.03091198 0.08822293 0.04701184 0.05594620 0.02934661 0.04912454 0.02942191 0.02613374 0.03641662 0.02081954 0.03768874 0.04085219 0.03012036 0.03484315 0.02537422 0.04165265 0.03330413 0.03761597 0.03685073 0.04301423 0.02400225 0.01986499 0.04872741 0.03774068 0.02177302 0.06473381 0.03554871 0.02655979 0.02351973 0.02362455 0.02461394 0.02327151 0.03321503 0.04514273 0.04474758 0.03365074 0.03012036 0.04592515 0.03724680 0.03986630 0.05023386 0.03536696 0.05398876 0.04290056 0.02857250 0.03423436 0.02718174 0.02819487 0.03401849 0.03149900 0.02438928 0.03339974 0.02836886 0.02870975 0.01602637 0.04414738 0.01940533 0.02457378 0.05552207 0.03943538 0.03358078 0.02385153 0.03734067 0.02218386 0.02972040 0.01321304 0.04092035 0.02491291 0.01508691 0.01940535 0.03572943 0.03086922 0.01598554 0.01894531 0.03551567 0.03273545 0.03799073 0.03358078 0.03358078 
0.01823412 0.02116997 0.02471142 0.02471142 0.02923126 0.02694128 0.04402299 0.04248871 0.03913704 0.03355330 0.02461375 0.02568111 0.04068527 0.02787577 0.00000000 0.02341710 0.03884173 0.01878689 0.01875694 0.03147049 0.02048442 0.03343360 0.03338505 0.05368134 0.04635316 0.02590385 0.02405143 0.03103700 0.01694667 0.05490160 0.03384364 0.03653216 0.02957417 0.03360033 0.03597609 0.03261005 0.01404989 0.03449822 0.00971891 0.02147834 0.03988358 0.03839622 0.02401622 0.05537191 0.03586564 0.02949377 0.02162466 0.01994538 0.04555007 0.03118058 0.05058884 0.02705336 0.03496492 0.03294444 0.02169077 0.03470007 0.03411647 0.02638428 0.02169077 0.04360999 0.03460523 0.01298778 0.03774194 0.02051985 0.03659576 0.03367985 0.03800371 0.04144901 0.03898889 0.02903241 0.02511907 0.03248837 0.02967062 0.03928116 0.04854914 0.02953812 0.02753775 0.03077168 0.01459093 0.03036483 0.04239454 0.02760142 0.01667683 0.03487216 0.03967635 0.02499816 0.01818776 0.01045070 0.03309451 0.02723428 0.04969806 0.02322044 0.03495889 0.02949377 0.01753062 0.02852576 0.03921206 0.04238728 0.03051547 0.03519668 0.02399344 0.05237119 0.03375971 0.02159402 0.03241096 0.07705553 0.04383004 0.03793679 0.04198635 0.05123032 0.05126993 0.03434064 0.02352065 0.03573516 0.03784195 0.03034954 0.03059208 0.02949377 0.02634141 0.03406354 0.03016784 0.03132783 0.05532167 0.04145168 0.01911678 0.02822231 0.06763494 0.01849340 0.01847766 0.03083784 0.02612415 0.04965839 0.02188190 0.03775167 0.01901009 0.03268363 0.02740301 0.03167427 0.01798995 0.02594409 0.03928116 0.02577233 0.04196841 0.03411227 0.04447199 0.02675638 0.04296747 0.03007293 0.02046529 0.03152273 0.03749160 0.03245000 0.02964496 0.05107612 0.02887701 0.02727600 0.03766573 0.02490948 0.02577233 0.02577233 
0.03911874 0.04429683 0.04595578 0.04595578 0.04310976 0.02837287 0.03444119 0.05476095 0.05278517 0.03372608 0.03340726 0.05982195 0.02755304 0.02434662 0.02341710 0.00000000 0.04067800 0.02664641 0.04120531 0.02573077 0.03677467 0.04619802 0.02504515 0.03449715 0.03280848 0.02494894 0.03264149 0.01705220 0.02812316 0.02302423 0.01967114 0.02145400 0.06819128 0.03885532 0.02466974 0.04476173 0.02855602 0.02039427 0.02742952 0.06067845 0.03966591 0.02647420 0.01904950 0.02459704 0.04202599 0.03228708 0.03035972 0.04781160 0.03246811 0.04588158 0.02022963 0.02746299 0.01563970 0.02825486 0.03814465 0.02312448 0.04251463 0.02187554 0.03814465 0.02544465 0.02500982 0.02970455 0.02969887 0.05717765 0.02820907 0.03747974 0.02841442 0.03196453 0.04476226 0.01595994 0.03651420 0.03208139 0.03231025 0.02235193 0.02590589 0.03198869 0.03599691 0.04528944 0.02641226 0.03525188 0.02083634 0.02283644 0.01860091 0.02264138 0.02446611 0.01762430 0.02936311 0.04012244 0.02851702 0.04648434 0.04358748 0.02952733 0.03400439 0.03228708 0.01688804 0.02362028 0.02808723 0.02603630 0.02851432 0.02875672 0.02412605 0.02687824 0.03180679 0.02803055 0.02775195 0.03172611 0.02030450 0.05195617 0.03322665 0.02656925 0.04136889 0.03771269 0.01893251 0.03314676 0.02529806 0.02657359 0.02272079 0.03228708 0.02500408 0.03725482 0.02692234 0.01784276 0.03100589 0.03908281 0.01718966 0.03603144 0.04022060 0.03127923 0.04506977 0.01526445 0.03677385 0.03713232 0.01373555 0.03843635 0.03827937 0.05250136 0.04113789 0.03799485 0.05490657 0.03082078 0.02235193 0.02789517 0.02425617 0.02115460 0.03538448 0.02327798 0.02552063 0.04177475 0.02422690 0.02405581 0.02848862 0.02187902 0.02695652 0.03429297 0.04369836 0.03973688 0.02059178 0.01913405 0.02789517 0.02789517 
0.03848512 0.04267109 0.04380060 0.04380060 0.04137159 0.03000902 0.03479208 0.05688985 0.04027732 0.03404754 0.04290492 0.03269531 0.02836317 0.04234961 0.03884173 0.04067800 0.00000000 0.03048005 0.05328048 0.02691270 0.03014787 0.03752839 0.02071299 0.03086299 0.03554134 0.02203248 0.02506291 0.03082603 0.01839898 0.02450405 0.04658438 0.02351591 0.02225471 0.04030109 0.04116887 0.02257394 0.02027853 0.02267074 0.03889302 0.03576941 0.02865192 0.02484583 0.04221348 0.03321131 0.01970241 0.03315494 0.02417451 0.01942808 0.03323447 0.03525995 0.02277045 0.03948238 0.02442578 0.01811437 0.04816649 0.02728251 0.02790622 0.03380684 0.04816649 0.03021565 0.03153021 0.02416736 0.02290902 0.03538097 0.02012429 0.03064338 0.02323048 0.04320227 0.03979406 0.05656677 0.04069421 0.03098392 0.02066193 0.02413156 0.02706277 0.03264881 0.01646234 0.02023329 0.03737034 0.03863565 0.03276955 0.03635895 0.03010971 0.03604042 0.03122720 0.02652104 0.02139495 0.02551301 0.03680919 0.03699809 0.02353316 0.03567457 0.03388231 0.03315494 0.01827470 0.02441155 0.02495119 0.02897389 0.02494299 0.03035450 0.02680775 0.02515243 0.02286854 0.05856716 0.02944309 0.04117758 0.03835858 0.04738628 0.03382751 0.02797238 0.02355935 0.04223325 0.02071784 0.03632936 0.06132775 0.02472384 0.02416066 0.03315494 0.02252532 0.02187344 0.03136300 0.04995437 0.02953331 0.02205147 0.01923284 0.03616373 0.05325222 0.03717328 0.03860539 0.03719749 0.03697823 0.03308438 0.04028775 0.02934380 0.03805379 0.02044938 0.02374401 0.03871516 0.02247450 0.03219932 0.02413156 0.02917061 0.02494130 0.02212002 0.02955119 0.03925023 0.03505196 0.02566673 0.04003029 0.03257249 0.02758061 0.02290839 0.02049007 0.02922600 0.02430201 0.02241605 0.02143246 0.03892619 0.02917061 0.02917061 
0.03113674 0.02361958 0.02426328 0.02426328 0.02945491 0.02890440 0.02168048 0.01927010 0.01995170 0.02986161 0.03721320 0.03889229 0.04119281 0.05154794 0.01878689 0.02664641 0.03048005 0.00000000 0.03406451 0.02359204 0.05543270 0.03715758 0.04810023 0.03180562 0.04860121 0.02957169 0.03248459 0.04333935 0.06854660 0.03547121 0.04246049 0.02487880 0.01610819 0.02296727 0.02286722 0.01956890 0.03317438 0.02429903 0.04171375 0.02606896 0.03037182 0.01148130 0.02264052 0.02901357 0.02218068 0.03023262 0.01427085 0.04166326 0.04829272 0.02490561 0.03411640 0.04595366 0.03966793 0.05126240 0.02964626 0.04848660 0.04608630 0.02484530 0.02964626 0.02918499 0.02185602 0.02582759 0.02919667 0.02109722 0.02815372 0.01038202 0.03548865 0.02268938 0.01423716 0.03684110 0.03816777 0.02193754 0.02871280 0.02281225 0.03435963 0.03242642 0.01910975 0.02870553 0.02470046 0.03566867 0.03655994 0.03244902 0.04984629 0.02070158 0.02634118 0.03257892 0.03973194 0.03996094 0.04203835 0.01668436 0.03794151 0.03467123 0.00551320 0.03023262 0.03111082 0.01976338 0.01945711 0.04951387 0.02582489 0.03586249 0.02232072 0.01852879 0.03241698 0.03915045 0.03669390 0.03833236 0.02767079 0.03705226 0.05490510 0.02302932 0.03558443 0.03275536 0.01664546 0.03153413 0.03433643 0.02318511 0.01576280 0.03023262 0.03177295 0.03232565 0.03408320 0.02538391 0.04061324 0.03843119 0.03477610 0.04900510 0.04439777 0.03642906 0.05258395 0.02410532 0.05423364 0.06108225 0.03511491 0.03349811 0.02747567 0.01506501 0.04909658 0.04250423 0.00616721 0.04385406 0.02281225 0.02799810 0.03068410 0.03264266 0.06539909 0.01932545 0.01673493 0.04314654 0.01453675 0.05246855 0.03642922 0.02005676 0.01477268 0.04607287 0.04904757 0.04404964 0.02400101 0.05448725 0.02799810 0.02799810 
0.03899442 0.04314990 0.04424927 0.04424927 0.04192303 0.03040150 0.03501613 0.02714966 0.03096553 0.03341719 0.01753126 0.05259027 0.02859334 0.02213727 0.01875694 0.04120531 0.05328048 0.03406451 0.00000000 0.04790967 0.02432876 0.03813298 0.02057643 0.02949444 0.03195923 0.03541749 0.05020044 0.03089380 0.02428435 0.02427954 0.02047171 0.02405254 0.02272009 0.04697995 0.02520712 0.02320829 0.02046440 0.02321512 0.01942216 0.03609925 0.03378534 0.03194103 0.04574707 0.03306771 0.02005962 0.03334767 0.02365555 0.03350792 0.03521210 0.03089557 0.03620664 0.03278145 0.02469450 0.03837625 0.04842392 0.05265598 0.02675053 0.05219203 0.04842392 0.02819253 0.03175395 0.02071578 0.02282689 0.02023851 0.03897643 0.03401208 0.04419205 0.04355527 0.02540889 0.02548738 0.03182274 0.02504706 0.03635271 0.02475632 0.02704034 0.03277503 0.01534078 0.03598994 0.03445869 0.03130391 0.03941521 0.03413007 0.02534409 0.03345633 0.03051418 0.02680175 0.02851495 0.02271949 0.02733833 0.01800060 0.02339886 0.02014680 0.03628203 0.03334767 0.03166623 0.03908980 0.03086108 0.03438289 0.02546466 0.03051119 0.02330182 0.02340650 0.02931583 0.05805343 0.02957884 0.03528286 0.03333037 0.02631107 0.03389972 0.04096302 0.02321996 0.03435864 0.04827840 0.03791173 0.02691329 0.02915733 0.05096873 0.03334767 0.02210743 0.05022868 0.02610921 0.05127668 0.02815070 0.02182918 0.01932791 0.02808976 0.02900315 0.03401843 0.02467423 0.02948268 0.02705939 0.02270288 0.03370726 0.02245504 0.02380701 0.03515293 0.02199572 0.03376031 0.04230888 0.03412645 0.02475632 0.02923701 0.04382001 0.02281378 0.02959846 0.02392191 0.03623496 0.02513161 0.03340689 0.04893366 0.03435856 0.03651713 0.04245941 0.02773190 0.03386711 0.02298396 0.02192715 0.01934494 0.02923701 0.02923701 
0.04035760 0.02342175 0.02207253 0.02207253 0.01823188 0.03274612 0.03915648 0.02434629 0.02732759 0.03880652 0.02781283 0.03472117 0.02683542 0.03376319 0.03147049 0.02573077 0.02691270 0.02359204 0.04790967 0.00000000 0.02584683 0.07184071 0.05637536 0.05300312 0.05236160 0.03798817 0.01865269 0.03768220 0.06683948 0.02380317 0.02960830 0.03651728 0.02731760 0.01456126 0.02396152 0.03893448 0.02530673 0.03985324 0.02557961 0.01742055 0.06229570 0.03962712 0.04245672 0.03455072 0.04371626 0.03095448 0.02721237 0.01750759 0.03275583 0.03874318 0.02127168 0.02685513 0.02132416 0.04120261 0.03031949 0.04692164 0.04119687 0.04194446 0.03031949 0.01690361 0.04076520 0.03034552 0.01614159 0.06364668 0.05148473 0.02826203 0.04593610 0.03004419 0.04036503 0.03758332 0.02661749 0.02564560 0.04316348 0.03542687 0.02321966 0.02939289 0.03302511 0.02602600 0.02179505 0.02884452 0.03495881 0.02771756 0.04241291 0.03928257 0.02515497 0.03534173 0.01448818 0.02866075 0.02462986 0.01407504 0.02539941 0.03707216 0.03597894 0.03095448 0.02986260 0.04071558 0.01973547 0.04356534 0.01705754 0.02558372 0.04330824 0.04269829 0.02062597 0.04027977 0.02621295 0.02508803 0.02359797 0.02146909 0.03100400 0.02839920 0.03257473 0.02110430 0.00991969 0.02292666 0.02198837 0.03620589 0.04698944 0.03095448 0.03625958 0.03695596 0.04267474 0.03495736 0.02693011 0.03905563 0.03149570 0.02853035 0.02047916 0.02896613 0.02914001 0.02627990 0.03763201 0.03362784 0.02801159 0.04212357 0.03243425 0.02614050 0.02731123 0.03363116 0.03650488 0.05770686 0.03542687 0.03196660 0.03183887 0.02599462 0.02291354 0.03221762 0.03450147 0.02449918 0.03586286 0.02970574 0.02174534 0.03864770 0.01702264 0.02852643 0.03363158 0.03482767 0.03512116 0.01775191 0.03196660 0.03196660 
0.02855719 0.02869983 0.02725087 0.02725087 0.02511874 0.02941899 0.02414634 0.02269080 0.03410387 0.02201331 0.04106586 0.02443585 0.05016122 0.04691141 0.02048442 0.03677467 0.03014787 0.05543270 0.02432876 0.02584683 0.00000000 0.03930396 0.05012791 0.02323701 0.04634195 0.04000461 0.01412641 0.03705786 0.03328306 0.03445738 0.03976498 0.02824308 0.03149656 0.02260938 0.04380047 0.04178069 0.04012512 0.02657208 0.04995112 0.02265634 0.04316731 0.03509675 0.03000530 0.02998559 0.03846682 0.03018766 0.03603739 0.05442545 0.03502280 0.01453052 0.03314870 0.02604951 0.05608902 0.05033758 0.02624156 0.02623377 0.02065242 0.01373326 0.02624156 0.03859405 0.00843040 0.04497889 0.02820093 0.03602541 0.02887158 0.03468428 0.04007331 0.04302532 0.02916729 0.01934331 0.05756301 0.03625630 0.02197257 0.03023042 0.02909036 0.03123312 0.04317047 0.03864587 0.04169467 0.04958691 0.06022634 0.03994180 0.07828875 0.03766404 0.02439515 0.04327457 0.03042620 0.05348593 0.02852369 0.04257267 0.03616233 0.03062037 0.03168535 0.03018766 0.02220494 0.01619890 0.01574296 0.01624055 0.03873683 0.02959932 0.03548791 0.02108630 0.03126192 0.03099554 0.02920167 0.02177457 0.02226692 0.03610259 0.03813867 0.02187528 0.03562059 0.01349668 0.03192130 0.03047471 0.02948118 0.02267894 0.02030300 0.03018766 0.02564974 0.02507926 0.01089029 0.01065505 0.03971198 0.02343596 0.03981330 0.03645237 0.01649625 0.04939497 0.02430075 0.02813012 0.02778396 0.03447458 0.03190146 0.03407003 0.04568374 0.02527788 0.03431685 0.03695908 0.01258382 0.04168641 0.03023042 0.03014753 0.02512910 0.03000185 0.03060744 0.02740251 0.01227783 0.03635154 0.01028537 0.02178251 0.03285548 0.03167636 0.03666781 0.04224767 0.04460256 0.03666852 0.03460690 0.03359435 0.03014753 0.03014753 
0.02639770 0.03637401 0.03357138 0.03357138 0.03040552 0.01630857 0.02067384 0.02683053 0.03220996 0.02004708 0.03613478 0.01921428 0.02335203 0.02672596 0.03343360 0.04619802 0.03752839 0.03715758 0.03813298 0.07184071 0.03930396 0.00000000 0.07732633 0.03231649 0.06557643 0.03593306 0.02050131 0.03659606 0.04431531 0.02958584 0.03204209 0.01902250 0.02878544 0.04474103 0.01782191 0.02354110 0.04293026 0.01774868 0.05339557 0.03159196 0.03508842 0.05172314 0.06821790 0.01296444 0.03735591 0.03154098 0.04106196 0.04115507 0.03225836 0.04386849 0.03746556 0.01917342 0.03277458 0.03376431 0.03865385 0.03495284 0.01922610 0.01956562 0.03865385 0.02025723 0.04372579 0.03191977 0.01791548 0.04889952 0.02393318 0.02768182 0.04823041 0.04304690 0.03526196 0.02311073 0.03322261 0.02350943 0.02305612 0.02027219 0.02355206 0.03112540 0.04360423 0.04311938 0.02953120 0.03838376 0.03348759 0.03011480 0.01962822 0.04310327 0.03308622 0.02976572 0.02697192 0.03971047 0.02894747 0.03048832 0.03690179 0.03582445 0.03554296 0.03154098 0.02851438 0.02459650 0.01020133 0.03314543 0.02716328 0.02705217 0.04118590 0.02775468 0.03731217 0.05089696 0.03101729 0.01321164 0.01752068 0.02718406 0.04217949 0.01766549 0.05018504 0.02102963 0.01861959 0.04387283 0.02666207 0.02366265 0.02137721 0.03154098 0.03225940 0.01985972 0.02058061 0.01674497 0.02347565 0.02960875 0.04550156 0.02633988 0.02055533 0.02249479 0.03297078 0.02901818 0.03634687 0.02777843 0.03653371 0.04541943 0.03933643 0.02904758 0.02383185 0.02025187 0.03862124 0.04389594 0.02027219 0.03721824 0.04682819 0.01691274 0.02755823 0.01680854 0.00997229 0.03452048 0.01820636 0.02759023 0.02659611 0.01888647 0.01916231 0.05171477 0.03517073 0.03156843 0.03319898 0.03792849 0.03721824 0.03721824 
