0.00000000 0.07736559 0.07962352 0.07962352 0.07853917 0.05906319 0.05299832 0.03562927 0.05202146 0.04423385 0.05420260 0.03315405 0.03499887 0.02913703 0.02386906 0.04217533 0.04749639 0.03268471 0.04769405 0.04485406 0.03575245 0.03320756 0.03873994 0.02801245 0.03987740 0.03860756 0.03331011 0.03039463 0.02808484 0.02446050 0.05475432 0.02936101 0.02846063 0.02785802 0.05067661 0.02746526 0.03084811 0.02813247 0.02034245 0.03797377 0.04245495 0.02136466 0.03319505 0.04257356 0.02589503 0.03723567 0.04513201 0.02703117 0.04614215 0.03134226 0.03535828 0.03462972 0.02324683 0.04745675 0.04071546 0.05685470 0.02729561 0.02674343 0.03403248 0.03541555 0.02301837 0.03588914 0.03041663 0.03007001 0.03554110 0.02402904 0.04891671 0.04029383 0.02797821 0.02643066 0.03090630 0.03179190 0.04929010 0.02983371 0.02923373 0.03152564 0.03326707 0.03215163 0.04259242 0.03342361 0.02800511 0.02566827 0.02595308 0.04501487 0.03071649 0.02209368 0.03749397 0.03369692 0.04488378 0.02047530 0.02447977 0.02213140 0.04477205 0.03185897 0.02656384 0.03394442 0.03499607 0.04050144 0.03035214 0.03572715 0.02485917 0.03245270 0.02515024 0.03610545 0.02718149 0.04265460 0.02486145 0.02745889 0.02741561 0.05678713 0.03167239 0.02615266 0.02675570 0.03505680 0.03173295 0.03617983 0.02882034 0.03248855 0.02401740 0.02634135 0.03508020 0.02700080 0.02863006 0.04088181 0.02604362 0.03129879 0.02930163 0.04456373 0.03827304 0.02074046 0.04826372 0.03363693 0.02197254 0.03836339 0.03116716 0.04304702 0.05450351 0.03470235 0.03351301 0.02730563 0.02982244 0.04292903 0.03129353 0.03065162 0.03504591 0.04817812 0.03007953 0.02451587 0.02815054 0.03022523 0.02888213 0.03360873 0.03498763 0.02211370 0.03616774 0.02720853 0.02708410 0.02131478 0.04814485 0.04814485 
0.07736559 0.00000000 0.08022779 0.08022779 0.07971706 0.06311734 0.05714265 0.04148272 0.03304998 0.04938532 0.04601024 0.03787964 0.04113315 0.03068171 0.02489723 0.04621356 0.04925789 0.02410357 0.04937211 0.02799984 0.03249132 0.04285415 0.02242151 0.02439775 0.02554296 0.04253930 0.03707970 0.04768681 0.03335087 0.02765431 0.05485023 0.03125677 0.02986914 0.03134941 0.03779114 0.03216715 0.03992014 0.03033150 0.03320831 0.04135744 0.03239285 0.02576861 0.04357635 0.04134344 0.02968607 0.03722819 0.02995849 0.03386582 0.03821097 0.02852509 0.04286774 0.04336928 0.02815571 0.03181476 0.04211228 0.04693992 0.02280721 0.03039897 0.03676182 0.02907644 0.03002807 0.03031386 0.02916778 0.03267328 0.03361667 0.02916521 0.03629113 0.04130077 0.03776690 0.03001544 0.03004345 0.03908732 0.02533777 0.03144844 0.03093133 0.03278192 0.03098009 0.04283403 0.02663281 0.02187493 0.03755516 0.03491087 0.01816210 0.03387967 0.02511409 0.02975241 0.04437564 0.04489199 0.03295354 0.02622443 0.02303005 0.02641444 0.02629055 0.03297718 0.03305352 0.03486999 0.04046484 0.03269936 0.04487064 0.03626884 0.02548420 0.04327273 0.02129678 0.04813652 0.04144746 0.02386844 0.02819947 0.03110092 0.02863761 0.04427717 0.04012221 0.02780909 0.03705923 0.03485116 0.03328010 0.02950645 0.03079953 0.03411072 0.03229930 0.02806431 0.03500048 0.02800072 0.04021454 0.02600806 0.03637310 0.02575858 0.03106766 0.02630253 0.03885034 0.02746615 0.03424968 0.03379011 0.03336482 0.02029879 0.03196386 0.03099405 0.03694804 0.02836573 0.03965654 0.02687889 0.03149876 0.04314792 0.03324309 0.03249061 0.03494837 0.02321705 0.01937205 0.02731268 0.03289720 0.03465422 0.02845430 0.03517264 0.04205014 0.02596636 0.03980597 0.02979799 0.03747936 0.02797485 0.04724056 0.04724056 
0.07962352 0.08022779 0.00000000 0.08214348 0.08179705 0.06634646 0.05853025 0.04395397 0.03494818 0.05127130 0.04279577 0.03969641 0.04323144 0.02795822 0.02790932 0.04771633 0.04978767 0.02446328 0.04986007 0.02634259 0.03142773 0.03908637 0.02403846 0.02474308 0.02508728 0.04447397 0.03910953 0.03858156 0.03240046 0.02767711 0.05040865 0.03182437 0.03034904 0.03251466 0.03614655 0.03116288 0.03899564 0.03099488 0.03190752 0.04484880 0.03249777 0.02456032 0.04210759 0.03921654 0.02944289 0.03728159 0.02547894 0.03631752 0.03757309 0.02738285 0.04096768 0.04280524 0.02997691 0.03181028 0.04280210 0.05133508 0.02595376 0.03176543 0.03785699 0.02602675 0.02746433 0.02972654 0.02947133 0.02940139 0.02939204 0.03170728 0.03859260 0.04235429 0.03788654 0.03093818 0.03025648 0.04013135 0.02697822 0.03187072 0.03148036 0.03318081 0.02737186 0.04468527 0.02679921 0.02223989 0.03454560 0.03447586 0.01974466 0.03637309 0.02392690 0.02923358 0.04123765 0.04259820 0.03092998 0.02389986 0.02024985 0.02533792 0.03037932 0.03334032 0.03216455 0.03501502 0.03773086 0.03320986 0.03815777 0.03647785 0.02633275 0.04312890 0.02158345 0.04560265 0.03024930 0.02602097 0.03018235 0.03251327 0.03074634 0.04146089 0.04006653 0.02847047 0.03408754 0.03571150 0.03359692 0.03023739 0.03137354 0.03463679 0.02817101 0.02870041 0.03431881 0.02913866 0.03798971 0.02361922 0.03339430 0.03104402 0.03214915 0.03278725 0.03763452 0.02569174 0.03591511 0.03418642 0.03283336 0.02303539 0.03138038 0.03450995 0.03845097 0.02742920 0.03940038 0.02879130 0.03199155 0.04480591 0.03522502 0.03398976 0.03567690 0.02442790 0.01977053 0.02951012 0.03578026 0.03836940 0.02794933 0.03709791 0.04118042 0.02336958 0.04247159 0.03176416 0.03117833 0.02466449 0.04841604 0.04841604 
0.07962352 0.08022779 0.08214348 0.00000000 0.08179705 0.06634646 0.05853025 0.04395397 0.03494818 0.05127130 0.04279577 0.03969641 0.04323144 0.02795822 0.02790932 0.04771633 0.04978767 0.02446328 0.04986007 0.02634259 0.03142773 0.03908637 0.02403846 0.02474308 0.02508728 0.04447397 0.03910953 0.03858156 0.03240046 0.02767711 0.05040865 0.03182437 0.03034904 0.03251466 0.03614655 0.03116288 0.03899564 0.03099488 0.03190752 0.04484880 0.03249777 0.02456032 0.04210759 0.03921654 0.02944289 0.03728159 0.02547894 0.03631752 0.03757309 0.02738285 0.04096768 0.04280524 0.02997691 0.03181028 0.04280210 0.05133508 0.02595376 0.03176543 0.03785699 0.02602675 0.02746433 0.02972654 0.02947133 0.02940139 0.02939204 0.03170728 0.03859260 0.04235429 0.03788654 0.03093818 0.03025648 0.04013135 0.02697822 0.03187072 0.03148036 0.03318081 0.02737186 0.04468527 0.02679921 0.02223989 0.03454560 0.03447586 0.01974466 0.03637309 0.02392690 0.02923358 0.04123765 0.04259820 0.03092998 0.02389986 0.02024985 0.02533792 0.03037932 0.03334032 0.03216455 0.03501502 0.03773086 0.03320986 0.03815777 0.03647785 0.02633275 0.04312890 0.02158345 0.04560265 0.03024930 0.02602097 0.03018235 0.03251327 0.03074634 0.04146089 0.04006653 0.02847047 0.03408754 0.03571150 0.03359692 0.03023739 0.03137354 0.03463679 0.02817101 0.02870041 0.03431881 0.02913866 0.03798971 0.02361922 0.03339430 0.03104402 0.03214915 0.03278725 0.03763452 0.02569174 0.03591511 0.03418642 0.03283336 0.02303539 0.03138038 0.03450995 0.03845097 0.02742920 0.03940038 0.02879130 0.03199155 0.04480591 0.03522502 0.03398976 0.03567690 0.02442790 0.01977053 0.02951012 0.03578026 0.03836940 0.02794933 0.03709791 0.04118042 0.02336958 0.04247159 0.03176416 0.03117833 0.02466449 0.04841604 0.04841604 
0.07853917 0.07971706 0.08179705 0.08179705 0.00000000 0.06354931 0.05658192 0.04068854 0.03272772 0.04846955 0.03970951 0.03730728 0.04003182 0.03513180 0.03268605 0.04600383 0.04943946 0.03030009 0.04963865 0.02368607 0.02841004 0.03725756 0.02781861 0.02767045 0.02654860 0.04242173 0.03672356 0.05376043 0.03818772 0.04048877 0.04493474 0.03091838 0.02955156 0.03054447 0.03802764 0.03495791 0.03529933 0.02993492 0.02601420 0.04231117 0.02759943 0.02275132 0.03818736 0.04299393 0.02795176 0.03751858 0.02475092 0.03209476 0.03703173 0.02813037 0.03808419 0.04258331 0.02696215 0.03964303 0.04242394 0.05315497 0.03699156 0.02988819 0.03667383 0.02405345 0.02521819 0.03549126 0.02733470 0.02828088 0.02946749 0.02753989 0.03300832 0.04201729 0.03223653 0.04695493 0.02819621 0.03572206 0.03908364 0.03131853 0.05211170 0.03278551 0.02195101 0.05330898 0.02661513 0.02018124 0.03132544 0.02936324 0.02521438 0.03445279 0.03161388 0.02589431 0.03841563 0.03825775 0.03464559 0.02228586 0.02200688 0.02399279 0.03607496 0.03308193 0.02977409 0.03505766 0.03392475 0.03244066 0.05336004 0.05922482 0.02564984 0.03648515 0.02303915 0.04150522 0.05014542 0.02839398 0.03044965 0.03022551 0.02856082 0.04578949 0.03525334 0.02797424 0.03046304 0.03296042 0.03305012 0.03112968 0.03038767 0.03365721 0.02639207 0.02804549 0.02985744 0.02856763 0.03238319 0.02477147 0.03035997 0.03401724 0.03863542 0.02638194 0.03546372 0.02307765 0.03068964 0.03255067 0.02711824 0.02323154 0.02686070 0.03090647 0.03463105 0.02195999 0.03688094 0.02781088 0.03128802 0.04470037 0.03411804 0.03301419 0.03548860 0.02320208 0.02775880 0.02741068 0.03221376 0.03798857 0.02749476 0.03616746 0.03857395 0.02143024 0.04031906 0.03022061 0.02987312 0.02989157 0.04907522 0.04907522 
0.05906319 0.06311734 0.06634646 0.06634646 0.06354931 0.00000000 0.06739029 0.05736113 0.04325474 0.07558064 0.04093643 0.06280626 0.04587885 0.04604846 0.02977327 0.03750167 0.03412235 0.02862731 0.03437812 0.03020709 0.04014662 0.01828693 0.04403887 0.02207537 0.02892054 0.03579552 0.05069917 0.03483617 0.02495006 0.02632480 0.03588736 0.05307643 0.04384167 0.02188531 0.03359666 0.04328312 0.03320925 0.05406048 0.02264610 0.04736480 0.01142781 0.03647913 0.03844161 0.04469296 0.05121546 0.03474618 0.02137074 0.05392676 0.03088990 0.02406518 0.03255623 0.02667604 0.04855133 0.01575329 0.04561822 0.03636651 0.03519357 0.04677838 0.02945477 0.03569253 0.03142751 0.01400094 0.04255075 0.03438449 0.02637411 0.04808750 0.02766019 0.02894833 0.01733893 0.03677988 0.01994015 0.06760430 0.03556902 0.06464657 0.03300552 0.02701123 0.04374088 0.01970622 0.02832617 0.02364583 0.02646685 0.01824067 0.02384173 0.02565011 0.03276634 0.03618636 0.02484077 0.01760387 0.03092693 0.02511688 0.02363611 0.03581697 0.04347369 0.02673195 0.03142554 0.04230418 0.03633014 0.03833710 0.06210043 0.03191376 0.02300383 0.02555000 0.03601123 0.01837757 0.03293777 0.04448284 0.03637520 0.02165572 0.03969355 0.01456057 0.02115151 0.03315338 0.02089173 0.02599327 0.02777117 0.02580618 0.05177853 0.04153054 0.05340192 0.04291586 0.03664783 0.03249236 0.03467756 0.01651698 0.02596164 0.02864669 0.03828124 0.02410695 0.04753958 0.02915027 0.02937057 0.02382356 0.01410547 0.02443497 0.03251878 0.03354667 0.02583505 0.03827456 0.01749676 0.03364376 0.05271621 0.03066562 0.02835623 0.03593136 0.02537691 0.06173385 0.01767523 0.01795257 0.03713586 0.04325208 0.03133780 0.05514753 0.03429719 0.01950065 0.05220267 0.03585767 0.05811316 0.01567164 0.04026567 0.04026567 
0.05299832 0.05714265 0.05853025 0.05853025 0.05658192 0.06739029 0.00000000 0.04372881 0.03372007 0.07809754 0.04227381 0.05247014 0.04456917 0.02366898 0.04372052 0.03188529 0.04150613 0.02843131 0.04143142 0.04389514 0.03093788 0.02382694 0.04013446 0.03576201 0.03281323 0.05027267 0.06992921 0.03561668 0.03016030 0.02053547 0.04074414 0.04445039 0.03164769 0.03726251 0.03468112 0.04150798 0.03516805 0.04990901 0.01758726 0.02229598 0.02721252 0.02961394 0.04854706 0.03853320 0.04133225 0.03519099 0.03374565 0.04002299 0.04428690 0.03487507 0.04643401 0.03047960 0.03059275 0.02605117 0.03446346 0.03353555 0.01770766 0.03107646 0.02634110 0.03743139 0.03505845 0.02265995 0.02818236 0.01776518 0.03437473 0.05197593 0.02431951 0.03545661 0.03883846 0.03311393 0.03744025 0.04054394 0.04136690 0.03741656 0.02679149 0.02744105 0.04095628 0.02495492 0.02946183 0.03910691 0.03994234 0.03063465 0.03037498 0.03771256 0.04736623 0.03902750 0.02928912 0.02221197 0.07323374 0.02154851 0.02360553 0.03611486 0.01645131 0.02761490 0.03558949 0.02893747 0.04495380 0.04632749 0.03276900 0.03284546 0.02169113 0.03397446 0.02702251 0.01783760 0.02286399 0.02464118 0.03639274 0.02176370 0.04255326 0.02791386 0.03131479 0.03071551 0.02390799 0.04446005 0.02784340 0.04291693 0.03419510 0.02984277 0.04022117 0.03517969 0.05389730 0.04344123 0.04469999 0.04502130 0.03634640 0.03367939 0.02795949 0.01989588 0.05195615 0.02362197 0.03908528 0.03400144 0.01206000 0.03078851 0.03643461 0.02577339 0.03371807 0.02982618 0.03234500 0.03274261 0.04251951 0.02484437 0.02713448 0.03742336 0.04126415 0.03507037 0.03509230 0.02304041 0.03552827 0.02784341 0.04483849 0.03770759 0.03276280 0.02253997 0.02811857 0.03644382 0.03099936 0.01339415 0.03085940 0.03085940 
0.03562927 0.04148272 0.04395397 0.04395397 0.04068854 0.05736113 0.04372881 0.00000000 0.06427445 0.06079102 0.05185554 0.06673583 0.04602604 0.04547864 0.04275778 0.06743347 0.05651926 0.01887397 0.03001698 0.02367375 0.03188788 0.02800375 0.01970664 0.02782614 0.03477120 0.02168256 0.01712955 0.05899540 0.01436683 0.03366020 0.03079419 0.05340684 0.06481840 0.01849223 0.04442981 0.04056037 0.03165563 0.05040329 0.05415644 0.05337057 0.01995074 0.03318061 0.05956639 0.04370713 0.04043432 0.03420159 0.03300672 0.04795609 0.01955996 0.02710844 0.02680575 0.02796439 0.03714986 0.02399451 0.04469366 0.03340420 0.03036802 0.04972293 0.04065840 0.02710146 0.02795277 0.01665789 0.02907262 0.03410665 0.02457453 0.03700607 0.04370936 0.02510254 0.03319108 0.04203131 0.03083463 0.03198778 0.02760297 0.05647526 0.03503706 0.04284618 0.03277324 0.02428478 0.02265699 0.02319182 0.02970133 0.02235944 0.03045556 0.03493838 0.02638074 0.03374105 0.03149301 0.02251388 0.03013723 0.06148906 0.03048285 0.03947537 0.03058558 0.04350875 0.02272324 0.04137933 0.03460386 0.02944655 0.03812975 0.03056491 0.02051485 0.02207449 0.02962992 0.04589530 0.04396631 0.03881323 0.03356436 0.05025907 0.01228601 0.04639453 0.02436350 0.06401810 0.05855881 0.01995375 0.04964276 0.01353926 0.04749615 0.04258717 0.03037687 0.05421315 0.01917648 0.03400944 0.02582371 0.02189887 0.03205692 0.03523482 0.06463777 0.03056585 0.02391574 0.03353984 0.04010097 0.02232316 0.02278937 0.03154729 0.03870411 0.03504523 0.03627088 0.03001992 0.02889823 0.04023539 0.05416591 0.03762449 0.02993984 0.02984411 0.02723457 0.04231169 0.02119465 0.02087987 0.04478028 0.00967512 0.01309154 0.04675859 0.03238117 0.01865624 0.02277482 0.04204483 0.04661436 0.03223402 0.03057964 0.03057964 
0.05202146 0.03304998 0.03494818 0.03494818 0.03272772 0.04325474 0.03372007 0.06427445 0.00000000 0.02649570 0.04688633 0.04152041 0.03711212 0.03155640 0.04974974 0.05549372 0.04697658 0.02181350 0.03449384 0.03882218 0.04697564 0.03595593 0.04750424 0.06096801 0.02749238 0.02333080 0.02517785 0.01940824 0.02490913 0.02085216 0.02448755 0.03047333 0.04654805 0.02620977 0.03597204 0.04624637 0.02420442 0.02732519 0.03114611 0.03050101 0.02360274 0.04598317 0.03767811 0.03112625 0.02779890 0.03381724 0.04522981 0.02462199 0.04986918 0.04786473 0.03945843 0.03083874 0.00886214 0.02504744 0.02243612 0.01821841 0.02920643 0.03003507 0.04640318 0.06216588 0.03675863 0.03336473 0.02848387 0.05960795 0.02319902 0.01879086 0.04136228 0.02341745 0.03941612 0.02329956 0.05516875 0.04083772 0.03550646 0.03796554 0.02048618 0.04092913 0.03320466 0.03086376 0.02601202 0.04116902 0.02635680 0.03224020 0.03044302 0.02991453 0.04850269 0.02907806 0.02929975 0.03887502 0.02404708 0.03874675 0.02839041 0.02554391 0.03810839 0.04125036 0.03206360 0.04061228 0.05386663 0.05219366 0.01490518 0.03227838 0.03037860 0.05993355 0.04772712 0.02317586 0.02906850 0.07074500 0.02606608 0.04289235 0.04466556 0.04790708 0.02943600 0.05944455 0.02512607 0.03882057 0.04551629 0.02700094 0.04939855 0.02599727 0.03302117 0.02855703 0.06050752 0.02181888 0.02239388 0.04541095 0.01552937 0.04565815 0.04436545 0.05122508 0.03476764 0.03683995 0.03411834 0.03495423 0.04621904 0.05270185 0.04535685 0.05997676 0.02902611 0.02528927 0.04177254 0.02457307 0.03116444 0.03658501 0.01943517 0.03121078 0.02862241 0.03693880 0.03328923 0.03712371 0.02275409 0.04426657 0.01624301 0.02846463 0.02757592 0.04739268 0.02211369 0.03417772 0.02229476 0.05645459 0.03192158 0.03192158 
0.04423385 0.04938532 0.05127130 0.05127130 0.04846955 0.07558064 0.07809754 0.06079102 0.02649570 0.00000000 0.03947397 0.06827358 0.04963137 0.03566897 0.03829924 0.04255062 0.03509568 0.04833561 0.03434326 0.03382766 0.02849412 0.02072071 0.02153063 0.02256061 0.02896620 0.03573857 0.06787392 0.04318114 0.02505868 0.03036835 0.04175180 0.05780862 0.04604505 0.02729792 0.03433375 0.03830754 0.03565786 0.05467261 0.02445497 0.04164469 0.01969183 0.03279925 0.03865598 0.04436987 0.04807616 0.03419719 0.03108032 0.05439415 0.03225945 0.02632368 0.04198578 0.04456559 0.04839631 0.02110947 0.04983863 0.04780786 0.02311899 0.05223762 0.03388169 0.02302396 0.01812123 0.03514350 0.04504390 0.02425707 0.02549088 0.05762901 0.02792791 0.02951527 0.01311166 0.04091850 0.02288818 0.03469308 0.03793943 0.06136794 0.03859202 0.02631382 0.03466772 0.01047995 0.03162443 0.02564548 0.04187007 0.02993836 0.01471949 0.02390480 0.02619031 0.05235238 0.01900456 0.01770642 0.03631141 0.03527802 0.02919599 0.02817040 0.03073973 0.02608486 0.02494230 0.04443912 0.03318744 0.04665292 0.04833798 0.03133001 0.03362168 0.02700278 0.03651679 0.02163875 0.03757303 0.03084880 0.03284848 0.02164395 0.02624783 0.01802737 0.02274113 0.03253417 0.02299970 0.03071947 0.02634627 0.04708169 0.05080854 0.04487416 0.02697102 0.03855253 0.03286502 0.03389678 0.02471433 0.02738766 0.02494809 0.02313527 0.03949767 0.03953109 0.03193490 0.02838291 0.03009906 0.03228298 0.02636853 0.03379450 0.04149814 0.03823163 0.02529004 0.03387935 0.02496868 0.03821052 0.05645997 0.02525558 0.03099951 0.05806729 0.03592773 0.04082025 0.02608774 0.02464048 0.04463102 0.02706177 0.02888912 0.04950152 0.03748898 0.01735193 0.03708094 0.03235473 0.05170789 0.01926894 0.03060870 0.03060870 
0.05420260 0.04601024 0.04279577 0.04279577 0.03970951 0.04093643 0.04227381 0.05185554 0.04688633 0.03947397 0.00000000 0.03762981 0.05186030 0.04562599 0.02459666 0.02495629 0.04942620 0.04596846 0.02399088 0.04245398 0.03890235 0.04137685 0.03411644 0.02350175 0.03087101 0.03761838 0.02540002 0.03579443 0.02971045 0.02244317 0.05261257 0.04515810 0.03143836 0.02483453 0.05413229 0.03055571 0.03229959 0.05263698 0.04987568 0.03878734 0.05852816 0.02212419 0.06332783 0.09505283 0.03216988 0.03354172 0.05959508 0.03126268 0.04476420 0.02494984 0.04497996 0.03338242 0.04671060 0.02793503 0.02005095 0.03103950 0.04081249 0.02542310 0.02933970 0.01526793 0.02201210 0.02365833 0.03419159 0.03661409 0.03110929 0.03299050 0.03335965 0.03334373 0.02917149 0.03182501 0.04040446 0.03430758 0.02857965 0.03743297 0.03233276 0.03570032 0.06006257 0.04310807 0.03621959 0.03697822 0.03863026 0.03479048 0.01964501 0.02984838 0.03374118 0.03068474 0.02154040 0.02703546 0.04534570 0.04869376 0.03806520 0.03737025 0.03045172 0.03349118 0.02508967 0.02360188 0.01349478 0.04420193 0.03985972 0.02962231 0.02127900 0.03875635 0.02054007 0.03592120 0.02242366 0.02360277 0.03333062 0.02777126 0.01908850 0.03229113 0.02468565 0.03636998 0.02051896 0.03765725 0.05138780 0.01891332 0.03415476 0.03039203 0.04209642 0.02650703 0.01684404 0.02034634 0.04805511 0.02748486 0.04790558 0.03483383 0.04310629 0.03352792 0.03269807 0.03593990 0.05537225 0.06020921 0.02664187 0.03983768 0.07420201 0.04650901 0.03907136 0.05887045 0.02761194 0.04456144 0.04628138 0.03366056 0.02088891 0.02585997 0.04553335 0.03822067 0.01007470 0.00924857 0.02448171 0.02695936 0.02320629 0.04291071 0.04001136 0.02930480 0.03063030 0.02294460 0.04562122 0.02315012 0.03793473 0.03793473 
0.03315405 0.03787964 0.03969641 0.03969641 0.03730728 0.06280626 0.05247014 0.06673583 0.04152041 0.06827358 0.03762981 0.00000000 0.04818203 0.03519350 0.02721438 0.06180919 0.03627161 0.04117946 0.05646214 0.04184655 0.02092770 0.02093432 0.03269763 0.03914016 0.02291106 0.03623101 0.04865665 0.03034396 0.00992836 0.02193864 0.02280673 0.05568303 0.05823933 0.03636927 0.02886215 0.05079608 0.03362748 0.05224484 0.02738229 0.05636013 0.04699248 0.03783946 0.03380454 0.04145208 0.04598922 0.03393402 0.02039427 0.04452296 0.02435767 0.03211339 0.02007462 0.01581870 0.03314446 0.02350442 0.04253048 0.03762708 0.03126893 0.06971906 0.02470763 0.02468178 0.03179116 0.03145374 0.02261007 0.02112730 0.03069801 0.04430137 0.04799127 0.02853644 0.02699043 0.03853555 0.02787465 0.03343116 0.04777930 0.05420968 0.02793671 0.02661016 0.03031233 0.03790207 0.02639688 0.02598042 0.03320917 0.02225069 0.03885299 0.04048825 0.01659711 0.03402359 0.02298209 0.03211647 0.01996192 0.03169661 0.02878006 0.02615324 0.03341881 0.02619697 0.04167290 0.06671397 0.02218086 0.05067936 0.02507113 0.03080714 0.02547761 0.01467352 0.05700634 0.02077428 0.02890194 0.04117924 0.03660414 0.02383166 0.02867622 0.02552629 0.01358081 0.07186430 0.01216988 0.02094534 0.02628006 0.03901260 0.06230833 0.03888288 0.02421307 0.06061311 0.03219039 0.04133095 0.02418770 0.01335811 0.01921339 0.04768102 0.04803380 0.03789558 0.02865746 0.04481258 0.03988317 0.03464929 0.03318389 0.02607941 0.04480198 0.06181603 0.02595472 0.04605858 0.04634802 0.03278646 0.05395871 0.02560556 0.05813066 0.03722827 0.02227537 0.03262064 0.02856795 0.03151218 0.03517881 0.02432626 0.03093743 0.05081735 0.03230175 0.02010029 0.03147509 0.03107676 0.04460488 0.02111267 0.03048215 0.03048215 
0.03499887 0.04113315 0.04323144 0.04323144 0.04003182 0.04587885 0.04456917 0.04602604 0.03711212 0.04963137 0.05186030 0.04818203 0.00000000 0.03465272 0.05128532 0.02848344 0.03255538 0.04873012 0.03267459 0.02877173 0.05597987 0.02608737 0.04843446 0.01581563 0.02737530 0.05273776 0.01739868 0.05833676 0.03995813 0.02457182 0.06324791 0.05556723 0.04174118 0.03557551 0.04184745 0.02671603 0.03659075 0.05276631 0.05174176 0.02528644 0.05853156 0.01926036 0.04590343 0.04656239 0.03440177 0.03389380 0.03156018 0.07707108 0.04312248 0.02327079 0.03213333 0.02264285 0.06316353 0.03311387 0.02725655 0.02839504 0.02368760 0.04516533 0.03318297 0.03208939 0.03403816 0.01539458 0.03856975 0.02497396 0.04276128 0.03386978 0.03413471 0.02821237 0.03850157 0.02654259 0.02162443 0.02499796 0.03344749 0.04709841 0.02750335 0.04378016 0.03136289 0.02294409 0.03882632 0.02567868 0.03260338 0.02953142 0.03932577 0.02554379 0.02777701 0.02512403 0.03558018 0.01846582 0.01857691 0.02962247 0.01622070 0.01784130 0.05307744 0.04447113 0.02737227 0.03549022 0.03140592 0.02812321 0.02994395 0.03073225 0.03562675 0.05005037 0.02835880 0.01767395 0.03239944 0.03211967 0.03188312 0.04167914 0.03702802 0.02604379 0.02962975 0.04136390 0.02627056 0.02496171 0.02597845 0.02875034 0.04313014 0.02918411 0.02954949 0.03653580 0.01401318 0.02323001 0.02939879 0.03258399 0.02159763 0.03511645 0.06490383 0.04055277 0.01768947 0.02989934 0.04274708 0.02991225 0.04344996 0.04162520 0.04967117 0.03442491 0.04741905 0.02503067 0.02430464 0.04438162 0.05616747 0.03850743 0.02982996 0.04883502 0.05983243 0.03466415 0.01091084 0.01851219 0.02237725 0.03694144 0.04233216 0.04921535 0.03626458 0.02871976 0.04788744 0.03524017 0.04186427 0.03395683 0.03033234 0.03033234 
0.02913703 0.03068171 0.02795822 0.02795822 0.03513180 0.04604846 0.02366898 0.04547864 0.03155640 0.03566897 0.04562599 0.03519350 0.03465272 0.00000000 0.02434064 0.02572942 0.04491066 0.04369534 0.02727454 0.02753271 0.04997014 0.02640229 0.01874806 0.03619469 0.02667887 0.02743047 0.02256227 0.03263250 0.04457298 0.04142138 0.03461932 0.04539579 0.02992837 0.02127653 0.04246873 0.04812858 0.05282361 0.04141291 0.03591505 0.02756052 0.01991574 0.02412269 0.03018176 0.05326278 0.03718882 0.03350463 0.03180841 0.02477298 0.03878823 0.02819442 0.03009936 0.02990843 0.03211886 0.03281687 0.03115469 0.01895216 0.05952820 0.02969131 0.02849499 0.03465607 0.02949999 0.03135695 0.06329523 0.01832266 0.02900792 0.04223258 0.01944723 0.03061583 0.05103029 0.04651568 0.03706662 0.03484981 0.02639425 0.04417775 0.03609172 0.03757898 0.03877404 0.02586734 0.02780604 0.03813218 0.02921603 0.02818542 0.10103481 0.04807924 0.05982061 0.02888670 0.05373698 0.03117984 0.02325854 0.04582486 0.02088336 0.04379967 0.04630488 0.03516659 0.03442397 0.02911960 0.03542070 0.03587108 0.04054223 0.04002181 0.03977873 0.03651290 0.02565455 0.05385833 0.04161909 0.02733020 0.06914828 0.02887023 0.02349460 0.02011667 0.02634869 0.02921098 0.02622997 0.04010088 0.04774158 0.04709578 0.04053280 0.03678802 0.04857612 0.03371593 0.04218075 0.05431840 0.03418168 0.04950266 0.05086616 0.02944982 0.03997044 0.02708701 0.04231837 0.03749733 0.02949279 0.02797702 0.04715021 0.03569545 0.03130489 0.02268625 0.03920881 0.02598360 0.02935317 0.06056438 0.04634193 0.04299122 0.02778415 0.04670519 0.01894953 0.03895831 0.00921049 0.03786025 0.02522604 0.02375989 0.02123309 0.04221002 0.04012886 0.02387158 0.02316871 0.04342701 0.03708219 0.04220484 0.03543325 0.03543325 
0.02386906 0.02489723 0.02790932 0.02790932 0.03268605 0.02977327 0.04372052 0.04275778 0.04974974 0.03829924 0.02459666 0.02721438 0.05128532 0.02434064 0.00000000 0.03170184 0.03569326 0.03125992 0.02338605 0.03743561 0.02794032 0.04103563 0.03929953 0.05774177 0.04338673 0.02926047 0.02832261 0.03831919 0.01468631 0.05417588 0.05247720 0.04425838 0.03460892 0.02500445 0.03311693 0.03190243 0.01463504 0.04005832 0.01191842 0.03053425 0.04612865 0.04876726 0.01999269 0.06561228 0.03725301 0.03223708 0.02695363 0.02397649 0.05279179 0.03890368 0.05192253 0.03101599 0.03653041 0.03752702 0.02809909 0.03410991 0.02617352 0.02753012 0.02360258 0.04128566 0.02332426 0.01426676 0.04786132 0.03772633 0.03955261 0.02912480 0.03984521 0.04415181 0.03591278 0.02330072 0.03086936 0.02466399 0.03664505 0.04200129 0.04226980 0.02946811 0.02924420 0.04449448 0.03293587 0.03147500 0.04566251 0.04006563 0.01715300 0.04115812 0.04186106 0.02790221 0.01722326 0.02245728 0.03294942 0.02852074 0.04890940 0.02548369 0.03301000 0.03008779 0.02359250 0.02549167 0.04286277 0.03728594 0.03404439 0.03792675 0.04744876 0.05920953 0.03578309 0.01940952 0.02843193 0.07621266 0.03945391 0.03750325 0.05765793 0.07274567 0.04935390 0.03459461 0.04051238 0.04329079 0.03435208 0.03832265 0.03556955 0.03421817 0.02993074 0.02893709 0.02778931 0.04022671 0.05794064 0.04233426 0.01798588 0.03528188 0.07155839 0.03321627 0.01420510 0.03488007 0.01910885 0.04645672 0.02194611 0.03544661 0.01594001 0.03132387 0.05209858 0.02605471 0.03310203 0.03545868 0.04527736 0.02473549 0.04322331 0.04143841 0.06380596 0.02158822 0.04053927 0.04808362 0.04670666 0.03236969 0.03807452 0.03935010 0.04424873 0.04983687 0.03282355 0.02543831 0.04104380 0.02901925 0.02978968 0.02978968 
0.04217533 0.04621356 0.04771633 0.04771633 0.04600383 0.03750167 0.03188529 0.06743347 0.05549372 0.04255062 0.02495629 0.06180919 0.02848344 0.02572942 0.03170184 0.00000000 0.04466689 0.03102107 0.04501507 0.03102705 0.04026485 0.04690354 0.02883565 0.03435671 0.04196425 0.02456630 0.02539729 0.02160607 0.03454100 0.04698359 0.02391777 0.02450211 0.08837700 0.03218901 0.02938221 0.04481258 0.02497410 0.02238198 0.03444275 0.05433151 0.02844890 0.03339887 0.02298402 0.02598539 0.04630590 0.03527739 0.02542497 0.05811843 0.02370038 0.03736036 0.02114624 0.02311374 0.03237624 0.02679030 0.05633099 0.02339395 0.04064288 0.04272723 0.05787032 0.02813268 0.03405743 0.01923600 0.03248837 0.05275135 0.03666457 0.03463849 0.03600855 0.03516232 0.04856164 0.02981469 0.03975544 0.03065014 0.03704430 0.03176729 0.04255492 0.05096662 0.04222060 0.03552638 0.02633423 0.02843017 0.02352453 0.02290167 0.02533632 0.01612002 0.02598955 0.02432756 0.03267152 0.04048765 0.02972137 0.04490199 0.04328779 0.03121094 0.03586995 0.05155119 0.02787591 0.02940432 0.02591874 0.02862591 0.02839008 0.03235806 0.02228175 0.03471461 0.02953760 0.04652183 0.05663961 0.03534242 0.01651914 0.05447677 0.03619890 0.03034158 0.04514977 0.04765002 0.02165234 0.03411624 0.02667238 0.02745983 0.03113683 0.04827826 0.02238972 0.04823739 0.02175052 0.02640884 0.03007513 0.03883165 0.03744974 0.03128710 0.05707653 0.02827763 0.04726105 0.01485381 0.04050317 0.02908114 0.02394073 0.04409771 0.03152879 0.04255583 0.04772716 0.03614631 0.06847527 0.03648676 0.02524840 0.04650985 0.03287207 0.02748238 0.04979067 0.03169895 0.02120376 0.04215953 0.01832775 0.01831001 0.02364852 0.02397916 0.02775773 0.03683341 0.04317892 0.04364651 0.03247516 0.02218754 0.02952369 0.02952369 
0.04749639 0.04925789 0.04978767 0.04978767 0.04943946 0.03412235 0.04150613 0.05651926 0.04697658 0.03509568 0.04942620 0.03627161 0.03255538 0.04491066 0.03569326 0.04466689 0.00000000 0.03113387 0.06189984 0.03050093 0.03799629 0.04561369 0.02499667 0.03546858 0.03728449 0.02778024 0.02943220 0.03847853 0.02421565 0.02353209 0.04661500 0.02841782 0.02528653 0.04638479 0.04572034 0.02498647 0.02442108 0.02747851 0.04103020 0.03484716 0.03283991 0.02898305 0.04673394 0.03863418 0.02267393 0.03710545 0.02390669 0.02433556 0.03501256 0.03934408 0.02745139 0.04258432 0.02442011 0.02083354 0.05087086 0.02688825 0.03690306 0.03579781 0.04500514 0.03357106 0.03526088 0.03180902 0.02485069 0.03881108 0.02212313 0.03838735 0.02591568 0.05141510 0.04407674 0.06585341 0.04527477 0.03926425 0.02392099 0.02842733 0.02969153 0.03202613 0.01823520 0.02359472 0.03727330 0.04295424 0.03915925 0.04325211 0.02939437 0.04048479 0.03301332 0.03050057 0.02244996 0.02629348 0.04097446 0.03566756 0.02555580 0.03401224 0.03747500 0.03239571 0.01918570 0.03101172 0.02972966 0.03171760 0.03293329 0.03582172 0.03103442 0.02834292 0.02698834 0.06309034 0.02757519 0.04668919 0.04454977 0.04993533 0.04111692 0.03051015 0.02759385 0.04316636 0.02436665 0.03703411 0.06859386 0.02642946 0.02672867 0.03220680 0.02509357 0.02288564 0.03704283 0.05170396 0.03322212 0.02384616 0.02040818 0.03897362 0.05802672 0.03750831 0.04019793 0.04295815 0.03942831 0.04011626 0.04574180 0.03312987 0.04281636 0.02371549 0.02823503 0.04071758 0.02721762 0.03380133 0.02885653 0.02900003 0.02554489 0.02681886 0.03042822 0.04220780 0.03837370 0.02389848 0.03840057 0.03617214 0.03192721 0.02625733 0.02569890 0.03378274 0.02821840 0.02500016 0.02410335 0.03947789 0.03323806 0.03323806 
0.03268471 0.02410357 0.02446328 0.02446328 0.03030009 0.02862731 0.02843131 0.01887397 0.02181350 0.04833561 0.04596846 0.04117946 0.04873012 0.04369534 0.03125992 0.03102107 0.03113387 0.00000000 0.03511823 0.03067735 0.06283449 0.03879088 0.04489569 0.04272404 0.05379548 0.02918822 0.04092920 0.04665063 0.07157457 0.03822855 0.04415428 0.02670055 0.02415872 0.03198734 0.02592949 0.02630345 0.04198477 0.02392061 0.03985933 0.03484502 0.03447536 0.01889578 0.02673743 0.02649314 0.02169004 0.03612507 0.01803834 0.04187530 0.05048660 0.02033674 0.03161041 0.05216753 0.03380647 0.05078416 0.03890020 0.05364711 0.03792270 0.02273756 0.04166509 0.03734278 0.02236437 0.04442909 0.04227041 0.02591752 0.04128877 0.02455754 0.02968455 0.02294999 0.01531443 0.03814305 0.03677460 0.02410027 0.03610532 0.02809917 0.03896656 0.03595659 0.01748570 0.02840250 0.03984244 0.04290216 0.04446073 0.04599288 0.04497823 0.02162848 0.02944932 0.06475401 0.03980495 0.04295582 0.03557419 0.02667123 0.03140649 0.02598228 0.01061319 0.03251420 0.02837531 0.01223572 0.02561167 0.04194925 0.02940916 0.03612849 0.03456983 0.02643871 0.03103774 0.03361057 0.03446666 0.03357819 0.02228838 0.04050152 0.07498539 0.02509633 0.04740362 0.02610745 0.01909933 0.03014942 0.03539996 0.03953968 0.02092588 0.03991284 0.02879425 0.04500236 0.04570424 0.03070151 0.05358439 0.04327340 0.03079339 0.04035185 0.04481107 0.04078070 0.05820843 0.02866766 0.06489136 0.06944784 0.03286179 0.04603083 0.03432663 0.02019569 0.05769030 0.03426796 0.01410502 0.03979043 0.02527889 0.02640880 0.03468590 0.03439297 0.07196490 0.01705037 0.03550442 0.05826648 0.02815374 0.05313700 0.03258393 0.02351368 0.03412498 0.05220386 0.03998097 0.04303263 0.02907856 0.04811630 0.02931637 0.02931637 
0.04769405 0.04937211 0.04986007 0.04986007 0.04963865 0.03437812 0.04143142 0.03001698 0.03449384 0.03434326 0.02399088 0.05646214 0.03267459 0.02727454 0.02338605 0.04501507 0.06189984 0.03511823 0.00000000 0.05136756 0.03202245 0.04599303 0.02458611 0.03265849 0.03329521 0.04257741 0.05650905 0.03847149 0.02354888 0.02357301 0.02258792 0.02896289 0.02599600 0.05405413 0.03089382 0.02610463 0.02458088 0.02800364 0.02182747 0.03504656 0.04087125 0.03528864 0.04846227 0.03910865 0.02337645 0.03684806 0.02401374 0.03488443 0.03710286 0.03590617 0.03888610 0.03540844 0.02457839 0.04499109 0.05079811 0.05131442 0.03601015 0.05478509 0.04496223 0.02830135 0.03660253 0.02057913 0.02513878 0.02784028 0.04083382 0.04029316 0.04547292 0.05143200 0.03029119 0.03362878 0.03521843 0.02876096 0.04174109 0.02911597 0.02966971 0.03191828 0.01705376 0.04492051 0.03485689 0.03385452 0.04640513 0.03912183 0.03130840 0.03850406 0.03164157 0.03104226 0.03375322 0.02430478 0.03069604 0.02104934 0.02576182 0.02358416 0.04058154 0.03226629 0.03479028 0.03933867 0.03464953 0.03432128 0.03365089 0.03567383 0.02784653 0.02774229 0.03249858 0.06361458 0.02762758 0.04130558 0.03798756 0.02622627 0.04138867 0.04876488 0.02755869 0.03778866 0.04749259 0.04156018 0.03197511 0.02884911 0.05404685 0.03226762 0.02503453 0.04834775 0.02733771 0.05266963 0.03181330 0.02428393 0.02053301 0.03447785 0.03394299 0.03570382 0.02923093 0.03514330 0.03203843 0.02550264 0.03987128 0.02523971 0.02308709 0.04053574 0.02217714 0.03586012 0.04869537 0.03583662 0.02939798 0.02902316 0.04926224 0.02828942 0.03050755 0.02585931 0.03715019 0.02419872 0.02975591 0.05157544 0.03782409 0.04146317 0.04037913 0.03168353 0.03858552 0.02580759 0.02501189 0.02087187 0.03326460 0.03326460 
0.04485406 0.02799984 0.02634259 0.02634259 0.02368607 0.03020709 0.04389514 0.02367375 0.03882218 0.03382766 0.04245398 0.04184655 0.02877173 0.02753271 0.03743561 0.03102705 0.03050093 0.03067735 0.05136756 0.00000000 0.03707055 0.07727349 0.06323454 0.04262512 0.06104576 0.04030433 0.02947019 0.04110318 0.06579291 0.02741334 0.04815206 0.02874524 0.02222377 0.01812457 0.01517981 0.01983704 0.02975608 0.03647887 0.02782988 0.04407338 0.08494848 0.05872642 0.03911240 0.04899126 0.04253503 0.03420543 0.02644188 0.02225209 0.03562269 0.04699299 0.02620131 0.02108369 0.02429919 0.04913290 0.03952735 0.02584330 0.03566832 0.03526724 0.03238043 0.02670778 0.04172751 0.03493558 0.01276000 0.07105553 0.04644567 0.03732571 0.04935268 0.03318620 0.04169612 0.04176152 0.02926768 0.03249755 0.04791869 0.04026575 0.03123364 0.02673147 0.03393821 0.03794030 0.03413461 0.02503726 0.02303492 0.02718092 0.05521498 0.04377355 0.02661200 0.03373044 0.01813310 0.03759507 0.03036580 0.01473683 0.03508714 0.03795510 0.03894323 0.02553154 0.03704861 0.03606307 0.02197861 0.04780850 0.02540260 0.03094241 0.05055038 0.05468960 0.03282012 0.03496331 0.02880956 0.03566865 0.03139154 0.01655117 0.03181290 0.02654781 0.04767466 0.02939756 0.01213764 0.02528886 0.02610834 0.05557633 0.04860597 0.04011416 0.04504450 0.03015526 0.04776897 0.04579272 0.03149213 0.04678939 0.03787808 0.05165978 0.02821755 0.02597157 0.02475451 0.02732128 0.05612325 0.05104153 0.03166465 0.03350432 0.03861390 0.03033043 0.02646247 0.04159875 0.04158295 0.05193353 0.02938566 0.02298576 0.03829849 0.01654752 0.02490510 0.03359313 0.04657627 0.03376207 0.03473007 0.03389431 0.03887666 0.03309341 0.01691405 0.03349190 0.03603450 0.01755085 0.03558829 0.02731088 0.03448498 0.03448498 
0.03575245 0.03249132 0.03142773 0.03142773 0.02841004 0.04014662 0.03093788 0.03188788 0.04697564 0.02849412 0.03890235 0.02092770 0.05597987 0.04997014 0.02794032 0.04026485 0.03799629 0.06283449 0.03202245 0.03707055 0.00000000 0.04585644 0.04838706 0.03004335 0.04286784 0.04105537 0.01600794 0.03919778 0.04099733 0.03828848 0.03516223 0.03139426 0.03639908 0.02074542 0.05180877 0.03634492 0.03634833 0.02803048 0.05426525 0.02338773 0.04740458 0.04692594 0.04264249 0.02850135 0.04293219 0.03749998 0.03740060 0.06665669 0.03730293 0.01628296 0.03308614 0.02440607 0.05659252 0.05129342 0.02457385 0.03178211 0.02453666 0.02246121 0.02846314 0.05483846 0.01664689 0.04884165 0.02804104 0.05096558 0.02928065 0.02826250 0.04118922 0.04933758 0.03210754 0.02460654 0.06859769 0.04987022 0.02077531 0.04148685 0.02195166 0.04307161 0.04957602 0.04284721 0.04497614 0.04473521 0.05559036 0.03511588 0.06804879 0.04700854 0.02290000 0.04592393 0.03279003 0.06308239 0.02237035 0.03426310 0.04164762 0.03281095 0.03237884 0.04331163 0.02803852 0.02874587 0.01588986 0.01800072 0.05276557 0.03332853 0.03504482 0.03339954 0.02787549 0.03840979 0.03452597 0.03690385 0.02498189 0.04151241 0.04925361 0.01970736 0.04592452 0.01678142 0.00853444 0.03078342 0.03492568 0.02592079 0.02791073 0.02690643 0.03174443 0.02764732 0.01627537 0.02542067 0.03954238 0.03102564 0.04781537 0.02591533 0.02490666 0.03992341 0.02501647 0.03503465 0.02910526 0.04285715 0.02918108 0.03293496 0.04087809 0.03011552 0.04955702 0.03887889 0.02382665 0.03941292 0.03225955 0.03928077 0.02596355 0.01907473 0.03922107 0.03719751 0.01948606 0.03786779 0.01776518 0.02924865 0.04328060 0.03305644 0.02185499 0.03780292 0.04748165 0.04167246 0.04041100 0.03970397 0.03037606 0.03037606 
0.03320756 0.04285415 0.03908637 0.03908637 0.03725756 0.01828693 0.02382694 0.02800375 0.03595593 0.02072071 0.04137685 0.02093432 0.02608737 0.02640229 0.04103563 0.04690354 0.04561369 0.03879088 0.04599303 0.07727349 0.04585644 0.00000000 0.07277250 0.03694588 0.06552823 0.03571853 0.02332956 0.04528561 0.05092046 0.02696721 0.03071480 0.02345962 0.02925622 0.05286287 0.02022892 0.02551723 0.04498775 0.02149774 0.05723291 0.02377324 0.03875169 0.05940819 0.07377362 0.01897093 0.04163674 0.03902151 0.04768178 0.04074836 0.03804260 0.04862831 0.04292928 0.02032951 0.03302289 0.04182656 0.03751987 0.03415697 0.02285055 0.01966450 0.02880619 0.02357378 0.04841352 0.04066314 0.01776709 0.05730623 0.02526240 0.03751471 0.05350119 0.05154603 0.03904670 0.02666542 0.03784168 0.02619681 0.02946993 0.02457438 0.02414761 0.02659325 0.04976303 0.05688739 0.03416192 0.04092525 0.03965076 0.03492909 0.01882067 0.05096611 0.03701046 0.02896483 0.03174369 0.05093998 0.03142013 0.02579745 0.03754057 0.03962020 0.03633378 0.02663424 0.03214361 0.03166318 0.01384058 0.03728700 0.03294686 0.03206365 0.04636727 0.03748304 0.04037309 0.05646958 0.02305499 0.01772776 0.02018123 0.02754674 0.05187135 0.02961817 0.05412383 0.02219341 0.01905896 0.04572098 0.03206762 0.02344380 0.02371716 0.02814308 0.03866219 0.02105062 0.02669462 0.02208464 0.02959176 0.03230312 0.04973641 0.03259552 0.02447641 0.02571804 0.03610067 0.03599846 0.03678879 0.03494957 0.03627433 0.04674370 0.03521949 0.03530463 0.02869723 0.02651616 0.04502679 0.04883138 0.02404814 0.03377522 0.05051679 0.02046762 0.03462677 0.01725465 0.01246471 0.02867788 0.02419033 0.03150015 0.02935741 0.02381918 0.02396946 0.05649811 0.04219668 0.03217131 0.03544531 0.03569962 0.04353244 0.04353244 
