0.00000000 0.46745563 0.35416849 0.29437869 0.24640895 0.25381464 0.28448269 0.32623706 0.27235824 0.28636668 0.25018645 0.27865487 0.29653328 0.24073045 0.23547831 0.24540446 0.23623636 0.25980618 0.25669705 0.26792207 0.33238172 0.26752996 0.24262311 0.23243545 0.20633918 0.23632865 0.21864506 0.20302711 0.24330219 0.27311649 0.24345173 0.17835096 0.22646587 0.24252148 0.24896535 0.22202205 0.20770159 0.26296442 0.30594560 0.22223664 0.24999938 0.26089324 0.25203645 0.27218702 0.24068822 0.24358970 0.25982813 0.22091803 0.26537408 0.21419262 0.19976143 0.25773924 0.25229131 0.19488428 0.19768562 0.26810404 0.23941074 0.26512751 0.25235472 0.26766748 0.24568092 0.22020339 0.22857307 0.24286531 0.25492214 0.23940451 0.25119140 0.28444514 0.27231702 0.24676955 0.25272547 0.26556940 0.23715160 0.27168018 0.22909544 0.24204326 0.25116215 0.24994416 0.22033894 0.25658620 0.20540045 0.18813160 0.26849373 0.24062584 0.27496759 0.19682024 0.21117977 0.24963008 0.21973527 0.23243226 0.25095217 0.29032946 0.27327456 0.30837581 0.27488863 0.29085588 0.24976981 0.26981465 0.22096691 0.26059643 0.21897255 0.22373753 0.20738812 0.27846628 0.26221171 0.22910637 0.27118474 0.19533556 0.25659845 0.26601306 0.24233848 0.26721591 0.25225183 0.25011866 0.23297891 0.28238541 0.28900093 0.20722881 0.19784978 0.18744348 0.26212428 0.27880033 0.21985100 0.27347698 0.28270782 0.24829488 0.32887377 0.30307514 0.23603398 0.25436768 0.23583023 0.25150230 0.25940588 0.26412627 0.26176957 0.22871018 0.26212583 
0.46745563 0.00000000 0.53557241 0.39560849 0.40684849 0.29185348 0.31310609 0.33237418 0.41789200 0.23868278 0.28469106 0.31300121 0.32182815 0.23236251 0.28820844 0.23527944 0.21584634 0.28374649 0.26784871 0.25160795 0.22410499 0.28468581 0.28390064 0.22017990 0.23716338 0.21554479 0.33300062 0.31027265 0.17760201 0.21401887 0.18266780 0.21970804 0.22771430 0.20014397 0.23078940 0.16929816 0.43763997 0.34491010 0.29042685 0.27129172 0.22867325 0.18569338 0.28628658 0.21257321 0.26576727 0.29240931 0.33479803 0.20112364 0.19070793 0.18557662 0.13161540 0.21350224 0.20621641 0.15525863 0.17665888 0.22515055 0.24216615 0.31756794 0.21156241 0.22761773 0.25529921 0.17236315 0.27386374 0.19243551 0.21474886 0.24726428 0.24491461 0.26314655 0.32153170 0.22936536 0.29166134 0.26746051 0.21231468 0.21683320 0.26916604 0.32794764 0.29155462 0.33129296 0.23501671 0.21870932 0.25226420 0.24606689 0.24515039 0.18573264 0.28193138 0.25992457 0.28824613 0.15872391 0.23330979 0.20810260 0.19353577 0.25017264 0.31767354 0.28190611 0.28860555 0.23539263 0.22972672 0.19989602 0.27187795 0.28048258 0.28258275 0.22517580 0.21522835 0.22934697 0.24849196 0.28523469 0.29386083 0.21365875 0.19117221 0.21674623 0.18762408 0.27050936 0.26429903 0.22671406 0.20663812 0.27184300 0.21726981 0.17679068 0.25342417 0.20862745 0.22583119 0.21147717 0.28081007 0.27259318 0.27196969 0.22080841 0.26740206 0.29011212 0.20561984 0.26132670 0.20447756 0.21721910 0.19964451 0.27728726 0.25215147 0.19884020 0.22909824 
0.35416849 0.53557241 0.00000000 0.69942159 0.57586765 0.35072320 0.41844087 0.30392390 0.38113649 0.31506938 0.24623714 0.27358958 0.22216298 0.31091712 0.23208211 0.25962026 0.23104901 0.20751009 0.27222882 0.21985780 0.18368777 0.14722878 0.18920866 0.16466414 0.19673124 0.18166464 0.20084569 0.28897602 0.23168002 0.20793508 0.22860911 0.24600808 0.25144739 0.16192120 0.18391434 0.22982231 0.26688939 0.48910586 0.22672890 0.34151762 0.23520250 0.16737127 0.33857233 0.61225876 0.26294418 0.26259135 0.40248363 0.12351259 0.26147405 0.17647649 0.22730344 0.25543057 0.17813510 0.26702870 0.14715905 0.26081803 0.20361792 0.23131360 0.21929492 0.29332472 0.32844870 0.25514822 0.18447036 0.16192365 0.19014043 0.28311673 0.30316971 0.22997612 0.29784696 0.28434235 0.19197002 0.34493509 0.24257782 0.25978026 0.29520607 0.24668784 0.24496209 0.23388373 0.28347604 0.24205288 0.35028221 0.26579929 0.53957352 0.21990126 0.52244688 0.18288759 0.21719220 0.20996073 0.22275765 0.25011220 0.20204414 0.14829911 0.21470425 0.20720332 0.20491925 0.19030621 0.31990077 0.27291987 0.17319518 0.27503050 0.25013955 0.09166788 0.22965910 0.20674074 0.20977875 0.18894710 0.19574483 0.24919198 0.30034143 0.18482591 0.22013430 0.23268968 0.27847516 0.12150170 0.25635380 0.22819770 0.16489716 0.23080442 0.22745467 0.23264487 0.32330931 0.31656201 0.18156169 0.21295770 0.19666038 0.22017637 0.19752597 0.21059129 0.23314525 0.25609960 0.22917638 0.22026368 0.19791818 0.23104196 0.35546208 0.25808655 0.26435059 
0.29437869 0.39560849 0.69942159 0.00000000 0.57196654 0.74111523 0.47890104 0.38039649 0.23225768 0.26267423 0.32063189 0.27681815 0.16451693 0.24258854 0.20570344 0.25902048 0.26667806 0.15225188 0.30719148 0.17659512 0.37768587 0.25176653 0.19992657 0.47041254 0.26123129 0.40124737 0.40781301 0.22543828 0.33646103 0.40472940 0.22599971 0.48259466 0.25837871 0.36188911 0.41227441 0.28209052 0.61208992 0.36238676 0.30993209 0.30691448 0.32875107 0.34526968 0.23667363 0.22863885 0.18093871 0.14875748 0.28754823 0.36931788 0.13660264 0.34620053 0.46468019 0.18888033 0.11847940 0.21872043 0.21259947 0.39850402 0.18563832 0.17693561 0.18052190 0.16267560 0.09486870 0.16637423 0.19779826 0.19746835 0.23433159 0.18030708 0.18816370 0.08944335 0.24769554 0.18308558 0.20993244 0.18658839 0.30982494 0.19263867 0.26333776 0.32640328 0.39800523 0.24693647 0.21700367 0.24412010 0.37057306 0.49100512 0.27862749 0.39226666 0.19226717 0.18751461 0.22637096 0.15245688 0.20576312 0.02857539 0.13862063 0.25142447 0.21648368 0.14975730 0.18164662 0.21990340 0.18984156 0.30279971 0.27308955 0.24370081 0.27559373 0.34397553 0.30899385 0.26385189 0.27998431 0.16983756 0.15389602 0.23237052 0.24089572 0.13232262 0.15314977 0.19692266 0.14657969 0.25357020 0.18361502 0.04297415 0.19969277 0.24314141 0.18747316 0.22137151 0.15699659 0.31527232 0.30893662 0.11387090 0.15396235 0.26225832 0.15400616 0.14842413 0.21444278 0.30945650 0.12641391 0.17837768 0.11971869 0.13950662 0.17062867 0.28195289 0.20980089 
0.24640895 0.40684849 0.57586765 0.57196654 0.00000000 0.69349511 0.47323909 0.38263214 0.27032374 0.32305481 0.23271281 0.35050626 0.31535275 0.26915650 0.26060795 0.23718474 0.33446500 0.20497906 0.26371314 0.21398180 0.17876658 0.26995938 0.27464274 0.27047827 0.24185009 0.18207744 0.31848625 0.17351172 0.27140405 0.25405731 0.24672753 0.29671058 0.37308030 0.18744907 0.60935428 0.32466324 0.36458165 0.44549107 0.35541589 0.28734143 0.28259657 0.29490956 0.21305214 0.53335954 0.15435556 0.22364327 0.72981169 0.50884530 0.33143849 0.32147146 0.55319417 0.09810747 0.22721550 0.22416094 0.27045677 0.12014548 0.20107433 0.19072959 0.20292304 0.23518917 0.12668481 0.21814869 0.15868129 0.22244898 0.29891803 0.32255761 0.23768144 0.19684599 0.28909055 0.27178379 0.17770191 0.19446708 0.24334124 0.07201795 0.19101158 0.24656687 0.27633655 0.24459979 0.26781327 0.25477115 0.23153793 0.30609375 0.18076479 0.31705800 0.44149058 0.29486592 0.41408540 0.27101448 0.24873218 0.15608424 0.23191329 0.18351675 0.20970437 0.19360215 0.16595875 0.11477747 0.23005630 0.14986655 0.26916252 0.16289437 0.18991117 0.19786088 0.20380639 0.16420204 0.20351650 0.30683650 0.21040165 0.20215218 0.21696779 0.06774400 0.11553835 0.16721996 0.15123571 0.17408763 0.09486776 0.12001648 0.17448274 0.27152565 0.17503720 0.30272726 0.17942319 0.13818651 0.26892257 0.19582453 0.16149660 0.25563647 0.20977151 0.15188488 0.06289369 0.22880477 0.14536386 0.21636350 0.24371778 0.20805871 0.26029050 0.23964838 0.27825408 
0.25381464 0.29185348 0.35072320 0.74111523 0.69349511 0.00000000 0.40034701 0.44405642 0.35332977 0.26000482 0.26761492 0.27136264 0.20916029 0.26937989 0.19316284 0.08994904 0.17670318 0.11994467 0.13750943 0.14446702 0.16907417 0.31119763 0.17202823 0.45469274 0.26915459 0.33234260 0.29208450 0.24999551 0.26016215 0.19374191 0.38585677 0.45416225 0.94922832 0.38827823 0.76787177 0.26320744 0.71547512 0.33401081 0.36416298 0.26139969 0.17415985 0.25829428 0.34029099 0.20750849 0.09194210 0.08836597 0.31741459 0.29529360 0.10646872 0.25754281 0.32422653 0.25455342 0.14603798 0.26671331 0.18718891 0.25732099 0.12003097 0.17443792 0.11298589 0.15353724 0.28030668 0.27753711 0.21613795 0.20562242 0.24141037 0.17110120 0.16019364 0.24820434 0.18954217 0.30723644 0.15082125 0.17986653 0.29642359 0.09514083 0.36752500 0.16152869 0.24581519 0.26034006 0.04540409 0.31195951 0.26911303 0.56634324 0.31929218 0.71232993 0.25498861 0.77073435 0.29129689 0.26283769 0.43443163 0.25003447 0.19760773 0.16866128 0.11519770 0.19071439 0.15723034 0.10323386 0.26585171 0.13276191 0.23397858 0.29386000 0.30983864 0.40300018 0.39434414 0.23571693 0.22364999 0.26764683 0.17151993 0.32847075 0.18145870 0.15909368 0.10790663 0.15859851 0.13299778 0.24754795 0.15291775 0.17755924 0.18408036 0.11411982 0.21619605 0.23865163 0.29348916 0.28418878 0.34440203 0.18765759 0.03862530 0.39811848 0.34632540 0.03897683 0.08366404 0.11818939 0.00000000 0.12153333 0.16246299 0.10764247 0.09897344 0.07787641 0.22309334 
0.28448269 0.31310609 0.41844087 0.47890104 0.47323909 0.40034701 0.00000000 0.45772949 0.98377826 0.36669140 0.41004690 0.25611902 0.42489429 0.31648538 0.16051761 0.24519986 0.22678808 0.14145889 0.16238323 0.26059347 0.20692522 0.51091648 0.21356864 0.23852523 0.09147636 0.20745428 0.26248191 0.30265103 0.10936937 0.17394336 0.27901430 0.28195065 0.37387258 0.32184812 0.26424789 0.33503896 0.29195500 0.29083848 0.23717883 0.18743371 0.21201474 0.37442489 0.20377955 0.29617804 0.17526607 0.24394035 0.21907785 1.31829887 0.24394420 0.17733903 0.32025957 1.24123675 0.20526017 0.27266194 0.27111231 0.29878982 0.09739215 0.29097417 0.10711206 0.48216819 0.33111122 0.42226920 0.27197962 0.15129380 0.30726589 0.20991695 0.13620994 0.18650004 0.17387210 0.20760854 0.23770012 0.26986727 0.30333807 0.16784624 0.11731995 0.22252571 0.32022175 0.17959581 0.17833136 0.15857586 0.17757279 0.13489240 0.29219872 0.22547370 0.28646488 0.15882027 0.17354320 0.28874534 1.09752599 0.16662424 0.20953943 0.24716951 0.23570440 0.19774762 0.13748837 0.16049353 0.09806898 0.20378457 0.23225284 0.15320452 0.20982306 0.17418801 0.19257838 0.22830514 0.12956565 0.16612429 0.17520268 0.24615347 0.07365905 0.08945180 0.12728435 0.08756458 0.14946249 0.11223459 0.16433109 0.13870465 0.18429750 0.13170655 0.16618569 0.23694973 0.19779075 0.08679968 0.34361465 0.07147907 0.22805692 0.21389594 0.12532745 0.12356242 0.21642780 0.18815784 0.26063414 0.22263567 0.20554188 0.27200218 0.21104769 0.22231004 0.22953370 
0.32623706 0.33237418 0.30392390 0.38039649 0.38263214 0.44405642 0.45772949 0.00000000 0.31479667 0.98042203 0.36846073 0.20386368 0.15600242 0.21701182 0.24884582 0.21972946 0.17534721 0.23819286 0.35430104 0.19985166 0.15795808 0.18804463 0.21475130 0.17852278 0.21246798 0.13784506 0.14748518 0.21416111 0.18203203 0.33462461 0.22963108 0.24946770 0.79151385 0.23374588 0.28371995 0.35284480 0.34041150 0.23647795 0.26409270 0.17375889 0.16714816 0.22954319 0.24820933 0.17243283 0.15222842 0.20678495 0.27830248 0.30013983 0.16909319 0.24470860 0.29928854 0.28393201 0.13112720 0.33357044 0.41549640 0.37769035 0.22199005 0.17022518 0.15566429 0.13997063 0.17058321 0.27327223 0.14487635 0.26083102 0.29671556 0.31740687 0.21771381 0.21381547 0.40687013 0.46790863 0.41220087 0.18123782 0.22366806 0.21551631 0.33178545 0.16325686 0.17614379 0.08557345 0.33704755 0.24321762 0.17386820 0.32824544 0.21951755 0.40322182 0.19952407 0.27518013 0.14125531 0.39300277 0.21118846 0.21123421 0.20177960 0.23203271 0.22038928 0.14537666 0.23626818 0.28436328 0.34967798 0.21560086 0.26091058 0.08566603 0.01978803 0.19304527 0.34473970 0.24893774 0.25967812 0.14127634 0.27408448 0.13760852 0.20665567 0.21894651 0.27900247 0.28670194 0.16352418 0.43602429 0.23984823 0.18592063 0.25568648 0.15788230 0.21136083 0.24849966 0.34391354 0.25272167 0.25361350 0.13437025 0.19886187 0.45972016 0.18277088 0.29448572 0.16314864 0.45399216 0.27358533 0.17286488 0.29604669 0.15307911 0.17527112 0.23361568 0.29516092 
0.27235824 0.41789200 0.38113649 0.23225768 0.27032374 0.35332977 0.98377826 0.31479667 0.00000000 0.64399712 0.73528740 0.28331349 0.35059528 0.28146418 0.36049240 0.32655157 0.33381082 0.22603515 0.12933303 0.39659741 0.32296253 0.28386836 0.21389335 0.31886688 0.19721315 0.25031657 0.24939469 0.17408134 0.21742998 0.22624986 0.33015635 0.22396459 0.39635365 0.24125432 0.44261297 0.25671981 0.25219172 0.20036872 0.28165755 0.23619212 0.16885817 0.25368433 0.17705401 0.20102590 0.15863569 0.14638113 0.26315761 0.34856322 0.24008121 0.21294792 0.32617773 0.83551963 0.14289635 0.30290330 0.22837986 0.47118456 0.28205441 0.53468414 0.29219464 0.32910612 0.19739376 0.22226275 0.28672323 0.21702990 0.22925578 0.15606519 0.25532002 0.20464436 0.27130718 0.18387104 0.17263765 0.16830214 0.16961284 0.14795554 0.23483127 0.24898096 0.19468770 0.17031641 0.20363567 0.15847192 0.14105424 0.12639806 0.15106047 0.22097390 0.16924434 0.21936724 0.20727789 0.31123286 0.33337263 0.14608797 0.31047072 0.18748015 0.15162904 0.17854912 0.21560254 0.25517355 0.34396799 0.24747872 0.19362067 0.15310560 0.17432687 0.26053669 0.27558329 0.25070011 0.23460426 0.46402615 0.13337813 0.55619706 0.19113199 0.16095235 0.19353759 0.12154591 0.19782670 0.20441728 0.16841283 0.12571546 0.21950994 0.17166911 0.36461303 0.25231246 0.16631243 0.14146950 0.26204025 0.20806487 0.17638088 0.21794115 0.16285194 0.03298576 0.16810164 0.21876259 0.23753063 0.13319608 0.21529438 0.20555786 0.24487033 0.24372249 0.25142053 
0.28636668 0.23868278 0.31506938 0.26267423 0.32305481 0.26000482 0.36669140 0.98042203 0.64399712 0.00000000 0.57692983 0.82775755 0.45466038 0.29009827 0.40675570 0.20460012 0.46856254 0.32406060 0.61973894 0.25357071 0.23887757 0.17661110 0.15510148 0.07668270 0.22881778 0.23263077 0.13749501 0.33077391 0.21056342 0.24158656 0.31198076 0.12596322 0.23237809 0.18399847 0.30409024 0.11504964 0.14132170 0.15619719 0.20920631 0.19292899 0.16427451 0.09346100 0.17649426 0.16020986 0.22546468 0.28654289 0.06610443 0.33874394 0.22233876 0.25442367 0.18240362 0.26763635 0.26887274 0.18164172 0.14727910 0.04330964 0.22942274 0.22520399 0.21230460 0.24061502 0.17331560 0.23549725 0.23088343 0.22251402 0.20988261 0.37292376 0.35226766 0.23185275 0.20431217 0.31959560 0.21961791 0.23736174 0.25384454 0.31847465 0.11911865 0.27453473 0.22837913 0.19531148 0.28218051 0.29134679 0.21937160 0.22511200 0.12981874 0.05749880 0.19848097 0.26372105 0.27134939 1.10536219 0.26197249 0.61493003 0.23154101 0.13461828 0.24396579 0.25670149 0.14944872 0.28209912 0.25908602 0.18376324 0.22021114 0.21501024 0.12438446 0.15068224 0.18544667 0.16336718 0.15811954 0.15989680 0.18364933 0.24678460 0.21019756 0.25658377 0.59858193 0.24980604 0.20715586 0.26867533 0.31815502 0.23342905 0.12724890 0.18700466 0.17272573 0.18933628 0.18985769 0.21640658 0.20763942 0.21939612 0.29365216 0.14792079 0.20853347 0.21564151 0.22486197 0.49019594 0.32268004 0.25025729 0.26641825 0.33070240 0.20939413 0.15120969 0.26470027 
0.25018645 0.28469106 0.24623714 0.32063189 0.23271281 0.26761492 0.41004690 0.36846073 0.73528740 0.57692983 0.00000000 1.20061902 1.02554636 0.75626811 0.43374044 0.38221579 0.54489375 1.98556038 0.45567309 0.32164796 0.18028834 0.13611970 0.23211409 0.08405803 0.34958093 0.29305302 0.25863050 0.18598155 0.16944965 0.14551073 0.33302883 0.12926046 0.18657041 0.16867835 0.21785088 0.22358697 0.16645658 0.25513695 0.22806686 0.25661760 0.26849888 0.17104296 0.14983945 0.15892857 0.14082445 0.21856298 0.14989936 0.27415613 0.21247362 0.19301372 0.16599265 0.22474620 0.17701042 0.17304271 0.22793718 0.16425411 0.23360484 0.23803659 0.13240321 0.21159337 0.26870851 0.16780742 0.32960082 0.17230949 0.17376743 0.14835841 0.11815137 0.19628680 0.25817960 0.14607661 0.18966020 0.13771743 0.22521263 0.20729682 0.25293015 0.13558653 0.18510353 0.24467907 0.20293474 0.21568953 0.16547928 0.22904942 0.10970849 0.20586978 0.14183372 0.26065676 0.25363857 0.27312883 0.17290690 0.41428738 0.46942651 0.23658833 0.33483473 0.48161247 0.34992652 0.23424952 0.21094242 0.28526343 0.26718250 0.05288313 0.17705387 0.08846368 0.16784596 0.16637653 0.08474685 0.21889496 0.26178836 0.96195327 0.10422582 0.16973308 0.19077668 0.13812749 0.18122435 0.16048155 0.17044649 0.25301178 0.18302500 0.18538806 0.23830800 0.14279288 0.13451473 0.13769668 0.18465085 0.10164473 0.11820731 0.16816740 0.25924274 0.12934490 0.09326263 0.18664680 0.23007288 0.18766753 0.19842558 0.18011874 0.21872940 0.22278843 0.24718686 
0.27865487 0.31300121 0.27358958 0.27681815 0.35050626 0.27136264 0.25611902 0.20386368 0.28331349 0.82775755 1.20061902 0.00000000 0.97611245 0.73381898 0.50010502 0.50152027 0.57233260 0.50866570 0.26563027 0.19478039 0.09944081 0.15477113 0.17250797 0.11897961 0.26075100 0.26758598 0.24194187 0.20184954 0.15743561 0.12985104 0.13220573 0.09304561 0.21417406 0.18264784 0.10720953 0.17431877 0.12256414 0.15213546 0.26657070 0.26899669 0.38362049 0.23094086 0.34527844 0.14317872 0.31159625 0.28972239 0.17174757 0.18302740 0.29113474 0.21307101 0.17181504 0.21332123 0.24437526 0.25334794 0.23735076 0.08539866 0.25725067 0.15181671 0.33077175 0.21715760 0.32984427 0.21329766 0.23661336 0.27586709 0.22005125 0.20243759 0.28060919 0.33267238 0.23842907 0.27821328 0.18231815 0.25698982 0.21565394 0.17369749 0.15483733 0.18372482 0.10598941 0.21505050 0.20658947 0.21574325 0.16338309 0.08275721 0.16655134 0.05419232 0.17895356 0.22544250 0.20963582 0.18232214 0.15141308 0.71420244 0.33685408 0.60754002 0.36035868 0.37026750 0.19780172 0.31387287 0.27565567 0.31944563 0.27867775 0.15793445 0.21006542 0.13241824 0.15516073 0.19678829 0.23735517 0.24022925 0.25364849 0.25315381 0.15122953 0.31370497 0.39890103 0.33862613 0.36223961 0.18330246 0.24541416 0.30094847 0.17624759 0.12920291 0.23054255 0.03657239 0.17744623 0.23170051 0.10731890 0.14925924 0.25469674 0.16740711 0.19432030 0.22195227 0.18054121 0.24111055 0.31124752 0.31181440 0.23866095 0.28871211 0.23736197 0.24376714 0.25199982 
0.29653328 0.32182815 0.22216298 0.16451693 0.31535275 0.20916029 0.42489429 0.15600242 0.35059528 0.45466038 1.02554636 0.97611245 0.00000000 0.76868514 0.64360896 0.74484026 0.45950024 0.93906396 0.19866102 0.17725225 0.15472276 0.05486690 0.11821609 0.09434622 0.23131145 0.20174889 0.24555052 0.29022860 0.23434530 0.17761430 0.24289984 0.09492991 0.24284507 0.20126794 0.07816904 0.24710962 0.05693821 0.16335563 0.25479824 0.22547764 0.24304068 0.20881783 0.21338067 0.09579312 0.21384564 0.29760839 0.16875678 0.09972603 0.26133806 0.22771755 0.21315746 0.15189871 0.31641140 0.25649487 0.28264061 0.13703522 0.22974787 0.21239505 0.33800929 0.23637450 0.28194938 0.27329502 0.21184607 0.32449466 0.28828456 0.24575540 0.25615290 0.24223115 0.20110230 0.30655890 0.20120949 0.22244515 0.23362398 0.21975844 0.22970282 0.20317181 0.23414390 0.17996018 0.21856626 0.26001547 0.21295498 0.10232554 0.22700653 0.12601285 0.13983192 0.17433600 0.20258992 0.22954816 0.21870020 0.36754461 0.24302097 0.35562294 0.38550703 0.32574108 0.28877891 0.28778032 0.24528636 0.43143966 0.22476416 0.27937809 0.15896126 0.16115519 0.15998837 0.25770242 0.21390541 0.15492611 0.26613686 0.18726916 0.17583264 0.35154253 0.27850281 0.35304595 0.29042863 0.21286925 0.30773054 0.26196120 0.15368323 0.16536595 0.14250364 0.23127785 0.19389869 0.18222271 0.12777727 0.14097613 0.17177976 0.20273671 0.19341753 0.28431637 0.14931067 0.19275600 0.25099889 0.37557272 0.24922620 0.29767110 0.27914060 0.30108006 0.23007174 
0.24073045 0.23236251 0.31091712 0.24258854 0.26915650 0.26937989 0.31648538 0.21701182 0.28146418 0.29009827 0.75626811 0.73381898 0.76868514 0.00000000 0.87784087 0.58631654 0.43712553 0.46823048 0.31466033 0.25609938 0.26953339 0.04455554 0.15785168 0.12992996 0.21581082 0.22463814 0.23079544 0.18878563 0.28112815 0.21495438 0.19385650 0.04538457 0.12368351 0.16423892 0.15506977 0.24414242 0.15275870 0.21701976 0.19824198 0.23894048 0.28488579 0.22814511 0.23824118 0.19515379 0.33771075 0.29684257 0.13113522 0.23751129 0.27327727 0.31339786 0.24083146 0.29112365 0.33447290 0.22716136 0.30069437 0.19567125 0.22384483 0.16681003 0.30873014 0.28671835 0.29010184 0.25935342 0.21838165 0.27101474 0.30723107 0.27207737 0.21995321 0.27500146 0.19956791 0.20599051 0.17081410 0.27541536 0.20639265 0.20017950 0.15952225 0.26466047 0.16622003 0.21788933 0.26701402 0.26265927 0.17202142 0.16552635 0.20253697 0.08784592 0.23581811 0.05991739 0.19058318 0.24544915 0.27521559 0.34010707 0.33828263 0.23260628 0.36628167 0.37278229 0.27832396 0.34784197 0.27653620 0.32386086 0.22797893 0.22806204 0.24401265 0.17377395 0.05625089 0.14069160 0.23926195 0.12420590 0.18868696 0.36351543 0.18603285 0.33484133 0.30678736 0.43814918 0.29994158 0.16354821 0.22122966 0.36070937 0.10020334 0.15892093 0.19779132 0.11085251 0.21265960 0.22704354 0.15019451 0.26927516 0.25114180 0.12433177 0.14126027 0.25057794 0.20690264 0.28378835 0.29141003 0.31938058 0.27429214 0.18061358 0.35144821 0.36227326 0.20150778 
0.23547831 0.28820844 0.23208211 0.20570344 0.26060795 0.19316284 0.16051761 0.24884582 0.36049240 0.40675570 0.43374044 0.50010502 0.64360896 0.87784087 0.00000000 0.86743059 0.55623450 0.48789591 0.27067991 0.26172974 0.25779149 0.22894164 0.11194456 0.12296504 0.15413250 0.19273168 0.30223382 0.30834642 0.35169181 0.19873849 0.25261745 0.04678929 0.14076686 0.15122514 0.17246163 0.26519694 0.11736857 0.16964877 0.27526790 0.32969438 0.28996332 0.35888477 0.15761915 0.21770266 0.28788692 0.27985707 0.14953717 0.24392296 0.26410382 0.29548788 0.16502262 0.07924587 0.32646283 0.29749601 0.25938463 0.17225517 0.28552994 0.15362169 0.26520633 0.18220510 0.34564625 0.23231338 0.20181771 0.33940365 0.18772254 0.24107548 0.27697743 0.18909652 0.23398578 0.30751646 0.17094346 0.24290261 0.17019575 0.21670461 0.27883272 0.23366998 0.22368056 0.15624511 0.20941535 0.17577833 0.26329818 0.14225150 0.33616869 0.19600589 0.17232841 0.17802371 0.23194546 0.13023805 0.10680472 0.29733132 0.28404324 0.22022487 0.28779443 0.27491443 0.28950978 0.29621504 0.20648452 0.34839576 0.15876145 0.13285947 0.21793599 0.14248281 0.23682629 0.14403164 0.27391625 0.19794623 0.23070875 0.29352452 0.22705345 0.41612806 0.60397013 0.29797447 0.23999212 0.15026371 0.20977482 0.25770486 0.26576237 0.27379453 0.15988199 0.21117078 0.18857666 0.11326177 0.22745688 0.23247348 0.24426016 0.17870712 0.25958106 0.24087547 0.24039098 0.16140054 0.30961911 0.30898120 0.29403856 0.30798380 0.35143429 0.35100362 0.27702868 
0.24540446 0.23527944 0.25962026 0.25902048 0.23718474 0.08994904 0.24519986 0.21972946 0.32655157 0.20460012 0.38221579 0.50152027 0.74484026 0.58631654 0.86743059 0.00000000 0.62245825 0.60588394 0.23036007 0.22168972 0.27520905 0.15532355 0.27908285 0.07430858 0.13572905 0.17194577 0.18851057 0.19297753 0.27194298 0.19333005 0.23894138 0.08525730 0.16732327 0.16952832 0.11899853 0.23656441 0.10079905 0.16309841 0.37271999 0.29731669 0.37787444 0.25474014 0.25118990 0.16836961 0.21986297 0.30850003 0.18480874 0.14557968 0.20808687 0.29086129 0.26889242 0.16756449 0.31461279 0.25965105 0.30200024 0.23328736 0.17939625 0.15168847 0.35415059 0.30864371 0.28006567 0.24158243 0.14028023 0.26203555 0.27007348 0.26561629 0.28469441 0.28983704 0.31573503 0.16447180 0.23163718 0.20823562 0.16279475 0.19845101 0.18945871 0.16917734 0.17783143 0.21248259 0.30224354 0.17569537 0.21864598 0.14071599 0.19783817 0.08983383 0.19856420 0.10790259 0.22721014 0.13337142 0.22324260 0.28419759 0.18377706 0.24778206 0.20138539 0.21330205 0.34484506 0.35342285 0.42652682 0.27842135 0.26479160 0.29268159 0.20734143 0.18940426 0.12729588 0.14458230 0.26646119 0.19375183 0.30129315 0.14529408 0.26893220 0.51130072 0.36040443 0.49405506 0.35151000 0.18892062 0.28588418 0.30260099 0.16382748 0.18946551 0.18156875 0.15741705 0.23121952 0.16710523 0.21159972 0.17354901 0.21234242 0.17014362 0.24787229 0.37303781 0.23177533 0.21019043 0.25551035 0.42586654 0.37006204 0.41014224 0.32325510 0.34615453 0.21853402 
0.23623636 0.21584634 0.23104901 0.26667806 0.33446500 0.17670318 0.22678808 0.17534721 0.33381082 0.46856254 0.54489375 0.57233260 0.45950024 0.43712553 0.55623450 0.62245825 0.00000000 0.56329215 0.32159765 0.22522124 0.15081247 0.14855870 0.26274814 0.11144846 0.14115498 0.16959321 0.17029966 0.17794410 0.18039415 0.19498121 0.18509283 0.24378455 0.25188549 0.14595498 0.29331281 0.24094439 0.12234216 0.24607286 0.27250814 0.26109302 0.25973248 0.27263567 0.30631899 0.28852761 0.23359743 0.36004384 0.24920573 0.22157331 0.26584869 0.26420950 0.10500310 0.28727785 0.25906332 0.14940128 0.19159280 0.24254178 0.17188412 0.23315647 0.26706925 0.22503709 0.29855408 0.25248232 0.18061950 0.28451833 0.28705343 0.29216946 0.28850477 0.23945720 0.26102603 0.21747772 0.23381865 0.24391825 0.24601885 0.21984253 0.20904234 0.19992627 0.23703684 0.27051619 0.23696612 0.19977147 0.21812759 0.11540144 0.21241985 0.18603797 0.21555691 0.21253639 0.26314981 0.30200196 0.23836806 0.40908686 0.15131159 0.20699240 0.25546732 0.24604801 0.34767931 0.26606099 0.27493989 0.28900796 0.25492182 0.18586774 0.19043673 0.18820633 0.15451349 0.20376094 0.24261393 0.19016252 0.26125113 0.25818399 0.21714386 0.25400916 0.41298973 0.35728662 0.20611696 0.18398125 0.24333421 0.32513291 0.23080931 0.21880920 0.24213526 0.16803826 0.31329767 0.18913271 0.15611699 0.24256138 0.27083429 0.20743345 0.22013495 0.24590632 0.25076425 0.36147590 0.33458979 0.28268859 0.26083771 0.38039711 0.28434489 0.25008916 0.19792983 
0.25980618 0.28374649 0.20751009 0.15225188 0.20497906 0.11994467 0.14145889 0.23819286 0.22603515 0.32406060 1.98556038 0.50866570 0.93906396 0.46823048 0.48789591 0.60588394 0.56329215 0.00000000 0.60030582 0.46062940 0.37084132 0.21390001 0.20926791 0.15700792 0.19582176 0.28511991 0.16360928 0.20729622 0.27842595 0.05532659 0.23932889 0.16007464 0.21052578 0.21990228 0.23690084 0.25131530 0.14330828 0.17772965 0.23841898 0.16469227 0.25801692 0.29103575 0.26092047 0.14588318 0.24010763 0.20570378 0.24633478 0.18549157 0.15919354 0.30031302 0.19952069 0.17787941 0.20745654 0.25439322 0.23194864 0.12566491 0.16894268 0.20962049 0.08382216 0.25685391 0.27906480 0.18350009 0.26112167 0.28825563 0.22233640 0.14712801 0.25929376 0.30945151 0.29241873 0.12440579 0.12347171 0.07859789 0.13613371 0.08279753 0.09567547 0.12773309 0.15918243 0.25184763 0.19415298 0.19202068 0.09452619 0.09800664 0.07591908 0.15514487 0.14425734 0.05974401 0.19577501 0.29075806 0.19821432 0.35288510 0.21210513 0.23656238 0.25732864 0.34889436 0.24287348 0.32698706 0.12496213 0.28693415 0.17268486 0.11723283 0.15945685 0.04088385 0.19013177 0.07504688 0.25472726 0.11541656 0.34094804 0.74560155 0.23595865 1.66168825 0.25021316 0.44178185 0.47594764 0.25657414 0.20910744 0.21650489 0.15225436 0.14034480 0.30277975 0.23058318 0.28777518 0.08334295 0.18031640 0.17789261 0.18806683 0.15501191 0.20021441 0.13565713 0.21290750 0.21766536 0.36683279 0.24259504 0.23238879 0.27782972 0.24577953 0.27786595 0.24673250 
0.25669705 0.26784871 0.27222882 0.30719148 0.26371314 0.13750943 0.16238323 0.35430104 0.12933303 0.61973894 0.45567309 0.26563027 0.19866102 0.31466033 0.27067991 0.23036007 0.32159765 0.60030582 0.00000000 0.52424290 0.36360661 0.39745849 0.28249348 0.26976614 0.20448249 0.25148652 0.34156446 0.21217938 0.12641490 0.12550764 0.24247002 0.23826894 0.56763908 0.50515312 0.29182337 0.29872623 0.23254866 0.23276467 0.27420050 0.18919801 0.24547015 0.29473617 0.14031748 0.28298493 0.12967258 0.27883136 0.12310667 0.18672643 0.27453299 0.26411678 0.23550189 0.18556095 0.16398574 0.28033593 0.20504238 0.19933577 0.22887627 0.27936620 0.23148151 0.19602375 0.25347508 0.26926255 0.23381960 0.17265933 0.24559735 0.21616995 0.21458249 0.26177132 0.30782720 0.24167858 0.15831389 0.35066948 0.15455019 0.12709772 0.23394739 0.23933995 0.22025045 0.17449524 0.24021041 0.31714575 0.12260740 0.10032823 0.16693327 0.19360163 0.19512236 0.20874073 0.16111773 0.21297338 0.20932096 0.27533760 0.17660569 0.08834233 0.18839197 0.24998628 0.15541189 0.24603355 0.20826806 0.16627181 0.26520756 0.22355209 0.35870285 0.23384358 0.14046484 0.32109134 0.13140961 0.24503255 0.18604864 0.32922596 0.24988244 0.37065259 0.55749132 0.19158652 0.19383928 0.45909702 0.31046434 0.21321249 0.35380996 0.13452083 0.24155643 0.29446998 0.22793381 0.22256096 0.20563513 0.38867349 0.20156993 0.27562076 0.48428503 0.22172446 0.31185620 0.26232150 0.47384059 0.19417599 0.29876650 0.29684740 0.24286761 0.33917375 0.26118030 
0.26792207 0.25160795 0.21985780 0.17659512 0.21398180 0.14446702 0.26059347 0.19985166 0.39659741 0.25357071 0.32164796 0.19478039 0.17725225 0.25609938 0.26172974 0.22168972 0.22522124 0.46062940 0.52424290 0.00000000 0.34057843 0.40641894 0.39924923 0.22795563 0.29323626 0.22520394 0.27305714 0.28866597 0.29068735 0.27351848 0.31052663 0.25823161 0.30658074 0.18960915 0.21328804 0.21558690 0.18579524 0.32086755 0.22413851 0.25980640 0.25461690 0.14929420 0.19867894 0.35245053 0.21204485 0.22562546 0.19940198 0.26981746 0.19955558 0.25023257 0.26103952 0.26424067 0.24355077 0.23251111 0.22285453 0.37624404 0.28327249 0.61127344 0.19717266 0.30251320 0.25726431 0.14659896 0.23208706 0.25157765 0.28914627 0.21852109 0.19704267 0.32013623 0.17874510 0.21326759 0.09837049 0.22051794 0.17973766 0.18608756 0.13853048 0.20104878 0.12556279 0.22414652 0.24910380 0.19669814 0.28554137 0.14831041 0.17939995 0.19017398 0.27292050 0.26886931 0.22730817 0.28302483 0.34900558 0.17984765 0.25527898 0.19155169 0.21225106 0.29191376 0.36572557 0.21411501 0.38247973 0.32826379 0.30141901 0.26700381 0.19474528 0.25101894 0.20566451 0.19471965 0.29032362 1.20620959 0.20012463 1.10367120 0.33471489 0.21950180 0.16925554 0.22485290 0.20441892 0.26889365 0.19697493 0.14745666 0.16359586 0.25350883 0.22149403 0.18406523 0.22742070 0.09724337 0.21261434 0.15100353 0.16614032 0.25348225 0.24017980 0.11684164 0.23326310 0.20520420 0.15656471 0.21742767 0.23969372 0.18786966 0.18579459 0.19457220 0.26905721 
0.33238172 0.22410499 0.18368777 0.37768587 0.17876658 0.16907417 0.20692522 0.15795808 0.32296253 0.23887757 0.18028834 0.09944081 0.15472276 0.26953339 0.25779149 0.27520905 0.15081247 0.37084132 0.36360661 0.34057843 0.00000000 0.48508142 0.44403141 0.30796443 0.12280412 0.21154687 0.26418618 0.18353866 0.25141916 0.20568542 0.52716016 0.35626602 0.42738881 0.19770923 0.28540962 0.16591368 0.09352409 0.17111857 0.28591153 0.19992859 0.13405281 0.19510661 0.16072647 0.16729868 0.14478372 0.13523315 0.16720293 0.15557453 0.18886958 0.19526260 0.17416382 0.28785126 0.16902684 0.26824372 0.20915991 0.24184588 0.25251867 0.26568325 0.16143527 0.19720055 0.35723376 0.13503359 0.09884947 0.23741095 0.26509070 0.21120065 0.17345683 0.18505012 0.20953574 0.17282128 0.25355412 0.20034960 0.24293752 0.23097668 0.18132362 0.14797008 0.28607468 0.23970460 0.18070997 0.31367805 0.10079466 0.25824533 0.20402356 0.22357365 0.16414023 0.29095677 0.20550934 0.20119271 0.15724811 0.12371500 0.21280557 0.17779232 0.18263137 0.14201357 0.17945133 0.22567887 0.22264081 0.09275253 0.12876975 0.29588836 0.22007742 0.22610758 0.26363572 0.27856104 0.24894206 0.27381534 0.58746145 0.35401817 1.40984637 0.31944962 0.19381373 0.22691788 0.25939778 0.55936400 0.29793063 0.23558788 0.73165717 0.45212879 0.74196682 0.25186039 0.29484849 0.33280060 0.36661761 0.37102576 0.23898241 0.35813500 0.40157015 0.27632104 0.18739869 0.27966290 0.23838542 0.19141091 0.27360658 0.20208612 0.18554298 0.25666406 0.26052985 
0.26752996 0.28468581 0.14722878 0.25176653 0.26995938 0.31119763 0.51091648 0.18804463 0.28386836 0.17661110 0.13611970 0.15477113 0.05486690 0.04455554 0.22894164 0.15532355 0.14855870 0.21390001 0.39745849 0.40641894 0.48508142 0.00000000 0.43033738 0.70495445 0.37883823 0.39300108 0.34817761 0.40810387 0.22587882 0.31756474 0.28436226 0.50773396 0.36194183 0.59072815 0.39776127 0.28794197 0.52962195 0.27301771 0.21080921 0.18049222 0.18208157 0.21307840 0.19821010 0.30352347 0.22307804 0.11572473 0.22134008 0.51163185 0.07309816 0.21621096 0.32551534 0.20423945 0.30734310 0.22401503 0.31215021 0.65001969 0.23943267 0.33408360 0.12283059 0.27075093 0.08761187 0.07876808 0.24348080 0.20540781 0.20972867 0.15844285 0.20206548 0.11375428 0.19473720 0.25769592 0.29462855 0.14726286 0.25892241 0.21530345 0.32607379 0.16744061 0.39787503 0.36157433 0.25598328 0.26586739 0.16339203 0.28175820 0.23285630 0.36605775 0.14256830 0.24118611 0.33025768 0.14073681 0.18399280 0.14133426 0.15604972 0.13994336 0.10305276 0.08061654 0.13497328 0.15126365 0.18942900 0.14727470 0.27577333 0.34184793 0.35466678 0.46882068 1.02070502 0.27021746 0.21808209 0.90150769 0.25385335 0.23151287 0.21096012 0.07337550 0.03397740 0.09104055 0.09939494 0.34760200 0.18511065 0.06752999 0.34051950 0.22961031 0.31602371 0.40751017 0.14472008 0.36676315 0.21124024 0.23560715 0.20127576 0.32760764 0.23357924 0.15540826 0.13018311 0.27456216 0.21439032 0.18507269 0.17782117 0.19986088 0.19348024 0.15530984 0.21330351 
0.24262311 0.28390064 0.18920866 0.19992657 0.27464274 0.17202823 0.21356864 0.21475130 0.21389335 0.15510148 0.23211409 0.17250797 0.11821609 0.15785168 0.11194456 0.27908285 0.26274814 0.20926791 0.28249348 0.39924923 0.44403141 0.43033738 0.00000000 0.44305306 0.55821186 0.23609472 0.28404456 0.39423478 0.89966344 0.53799079 0.75404904 0.34041322 0.28500471 0.28868262 0.23902493 0.18951243 0.17339025 0.23760974 0.20330938 0.20748055 0.21358216 0.16809694 0.22894419 0.16732715 0.14175905 0.19791471 0.26273044 0.17075603 0.14428554 0.22259495 0.21057046 0.23612622 0.15218831 0.28074209 0.24381398 0.22783509 0.13128008 0.20813764 0.21720315 0.26740334 0.17171321 0.24705859 0.22782516 0.23199823 0.13813758 0.19385964 0.17678095 0.27310470 0.21537016 0.11850746 0.10618075 0.24409025 0.14392048 0.15333048 0.12117309 0.26324226 0.23122260 0.26457486 0.21595146 0.19640146 0.24914686 0.25919695 0.19568645 0.16709526 0.13145215 0.10099414 0.19987123 0.21924905 0.25773699 0.16073058 0.16897013 0.22764040 0.14131878 0.14471157 0.16204426 0.27971676 0.23468438 0.15014038 0.15602455 0.26563377 0.21930069 0.20406076 0.39334174 1.30883588 1.98960127 0.22007355 0.67279777 0.21100918 0.15629500 0.12316321 0.20361112 0.20000530 0.19340788 0.23121342 0.15046496 0.21810872 0.36512375 0.30852563 0.24378400 0.27146163 0.21056033 0.22725228 0.34372664 0.20316128 0.22552395 0.29131156 0.22654897 0.15144103 0.20550024 0.25828859 0.21859366 0.21577299 0.20926239 0.18690786 0.25715041 0.25201933 0.22759964 
0.23243545 0.22017990 0.16466414 0.47041254 0.27047827 0.45469274 0.23852523 0.17852278 0.31886688 0.07668270 0.08405803 0.11897961 0.09434622 0.12992996 0.12296504 0.07430858 0.11144846 0.15700792 0.26976614 0.22795563 0.30796443 0.70495445 0.44305306 0.00000000 0.75231488 0.57619634 0.55169081 0.60071112 0.62082091 0.35477076 0.44326379 1.04048856 0.45871085 0.22752234 0.43092503 0.18374773 0.63524388 0.34788805 0.18671656 0.18294157 0.19459506 0.18716033 0.18651239 0.28668074 0.19406295 0.08084790 0.33572212 0.21402273 0.28052323 0.32845438 0.15531765 0.41008732 0.21804349 0.12985257 0.21612597 0.47044985 0.20372481 0.37563471 0.10981464 0.22962310 0.09458281 0.11294243 0.08444068 0.11286743 0.10394578 0.22428655 0.27159534 0.24890276 0.19843343 0.13109646 0.22789020 0.15925350 0.24835287 0.30083087 0.39510875 0.15072584 0.41281286 0.30262589 0.20730704 0.23226150 0.19941586 0.56301157 0.27725182 0.50874239 0.24684947 0.38023601 0.21953171 0.18708333 0.14034180 0.10896524 0.22217145 0.09466168 0.07867338 0.14836636 0.24415358 0.23309601 0.20952443 0.21874658 0.29449810 0.34846673 0.30806570 0.41175499 0.60761350 0.50018593 0.19198947 0.34089785 0.12741321 0.19200659 0.33919474 0.07283197 0.14384791 0.03957594 0.12873539 0.43227369 0.15408988 0.08365498 0.19870010 0.24474941 0.27329400 0.45440207 0.23543530 0.32220563 0.27324324 0.11540514 0.14034249 0.20219358 0.18211781 0.16045462 0.15919573 0.15589924 0.07875774 0.01719510 0.18397057 0.13368542 0.15716320 0.19896441 0.18582443 
0.20633918 0.23716338 0.19673124 0.26123129 0.24185009 0.26915459 0.09147636 0.21246798 0.19721315 0.22881778 0.34958093 0.26075100 0.23131145 0.21581082 0.15413250 0.13572905 0.14115498 0.19582176 0.20448249 0.29323626 0.12280412 0.37883823 0.55821186 0.75231488 0.00000000 0.72925853 0.60529086 0.49260051 0.58995307 0.40786822 0.27989246 0.42195475 0.39564441 0.12187736 0.27386105 0.17708309 0.32927883 0.12370086 0.24114610 0.28499447 0.30114310 0.20709114 0.18097200 0.18370714 0.20836437 0.25044275 0.26058491 0.19055398 0.19533133 0.19514439 0.26596342 0.23245890 0.14783645 0.22707350 0.25534875 0.16916358 0.31348541 0.29716616 0.24946285 0.17414189 0.30655647 0.17561631 0.16756699 0.19186772 0.24284496 0.24052896 0.10943167 0.08888109 0.27855092 0.26557193 0.25064933 0.19670609 0.26909879 0.22963305 0.23520141 0.26643761 0.29632347 0.22939865 0.23934638 0.35162602 0.22301642 0.16883296 0.31257018 0.27922587 0.23143755 0.34875669 0.10191517 0.16518217 0.16994793 0.16939080 0.37292119 0.23699626 0.19473182 0.18529411 0.22872959 0.29272595 0.27519316 0.19766565 0.26156216 0.33194244 0.40041207 0.50347877 0.48475302 0.75961078 0.39114450 0.35837883 0.23297815 0.31784351 0.16903161 0.10613867 0.30268312 0.11630697 0.23620684 0.17918516 0.13841259 0.26498063 0.15421423 0.21469799 0.22689045 0.24003231 0.20159838 0.26574116 0.32185202 0.18123240 0.32967084 0.25976547 0.33794103 0.24776485 0.21859667 0.22807469 0.22244746 0.25207283 0.18545228 0.25547082 0.24095645 0.23193942 0.21981180 
0.23632865 0.21554479 0.18166464 0.40124737 0.18207744 0.33234260 0.20745428 0.13784506 0.25031657 0.23263077 0.29305302 0.26758598 0.20174889 0.22463814 0.19273168 0.17194577 0.16959321 0.28511991 0.25148652 0.22520394 0.21154687 0.39300108 0.23609472 0.57619634 0.72925853 0.00000000 0.55558194 0.45816241 0.51247012 0.36928436 0.07750131 0.42707166 0.20967153 0.24516217 0.23456618 0.20310704 0.46644352 0.14378439 0.36578081 0.36867973 0.14967427 0.19921547 0.15101410 0.19881773 0.24422590 0.09580285 0.27145521 0.25764571 0.13797718 0.10259890 0.17670557 0.13807489 0.17855526 0.14545959 0.25818303 0.26902944 0.24153468 0.16121968 0.25905530 0.09865152 0.19128346 0.22918933 0.26196749 0.28056873 0.26012052 0.22918852 0.29368901 0.20471980 0.20997422 0.23382992 0.35457389 0.28611872 0.37035805 0.28033339 0.34607305 0.28895286 0.31972548 0.27989219 0.26697630 0.31459017 0.27644572 0.45841749 0.17114311 0.36691727 0.17557851 0.29574953 0.20304249 0.26356575 0.20924837 0.11877532 0.18100781 0.27690290 0.24428591 0.19259748 0.30684343 0.26650011 0.27332653 0.25604720 0.28043128 0.30787680 0.39171838 0.33308479 0.43114764 0.46521619 0.32141587 0.15421050 0.15698009 0.33347133 0.21782229 0.22350750 0.26577931 0.25671046 0.20070089 0.23325475 0.26460480 0.24521098 0.19723038 0.20505307 0.23662286 0.33762893 0.21561046 0.25133526 0.25683796 0.16844005 0.34703786 0.28929846 0.21507841 0.27272617 0.32929102 0.14907892 0.22739600 0.30417546 0.20259835 0.21855335 0.21848358 0.17010134 0.20766564 
