0.00000000 0.06143058 0.05607003 0.04581282 0.03581400 0.03232117 0.04581601 0.03773239 0.04072272 0.06356480 0.05177660 0.05004269 0.04100721 0.05095783 0.04695826 0.05553733 0.05536064 0.05026274 0.05421774 0.02966156 0.05091255 0.04987508 0.04762552 0.04143645 0.04536385 0.04899160 0.05282306 0.04128383 0.04668132 0.04645430 0.03916424 0.04959974 0.05126806 0.04623330 0.02934832 0.04021916 0.04610365 0.05276532 0.03070240 0.03325881 0.04400055 0.03263208 0.04687437 0.04912786 0.04397769 0.03476703 0.04111904 0.02625361 0.04496989 0.03494064 0.04021916 0.04379669 0.04371845 0.04021916 0.04021916 0.03310911 0.05073587 0.02321988 0.04835574 0.03810066 0.03954428 0.04471359 0.04623445 0.05395172 0.05456251 0.04889057 0.04517793 0.03570099 0.03990748 0.04068121 0.03166951 0.04644213 0.03895995 0.04012856 0.04052709 0.04919571 0.04211382 0.03831434 0.03601687 0.04338047 0.03388890 0.04056400 0.04726766 0.03244720 0.04216882 0.03681179 0.04311858 0.03739252 0.03513776 0.03062358 0.04637335 0.04414702 0.03909707 0.04297425 0.04230734 0.04884054 0.03907375 0.03910603 0.03890170 0.03766149 0.04059605 0.03989421 0.04076540 0.03480274 0.05063293 0.03527865 0.03933181 0.02728219 0.04263917 0.02830004 0.04148186 0.03764614 0.02735248 0.02799740 0.02873063 0.04690549 0.04526751 0.03723293 0.04143341 0.03228841 0.03502602 0.03608591 0.05041190 0.04017394 0.04599257 0.03853506 0.04077329 0.03824959 0.03558949 0.04728292 0.05211090 0.05120875 0.05233489 0.05401219 0.06017518 0.05320479 0.04909300 
0.06143058 0.00000000 0.08511942 0.04873652 0.04479406 0.03663275 0.05074467 0.02590892 0.03401763 0.03608722 0.05903711 0.05568984 0.04854933 0.06497722 0.04211330 0.05074685 0.03889866 0.04668565 0.04334270 0.02717292 0.04409226 0.05429247 0.04693906 0.04622069 0.04788463 0.04171666 0.03763075 0.02752844 0.02535984 0.03311086 0.03391191 0.04216392 0.04830019 0.03464331 0.04040791 0.03257962 0.06360820 0.03072962 0.01156269 0.05285226 0.03589577 0.02226459 0.03058223 0.05039865 0.05016570 0.06350550 0.02726401 0.04896279 0.03084221 0.02883689 0.03257962 0.02623604 0.02792491 0.03257962 0.03257962 0.04914759 0.03233073 0.04233229 0.04031771 0.04509170 0.03078451 0.04287703 0.02227366 0.03274958 0.04339828 0.02919803 0.04616927 0.03535951 0.02178734 0.03431776 0.00927483 0.03057671 0.04153304 0.04006832 0.05851520 0.04492833 0.04540326 0.03252851 0.07236469 0.04921440 0.04506333 0.05604364 0.05774685 0.04322817 0.02897976 0.06544777 0.05771776 0.03397824 0.04404876 0.03686042 0.04285188 0.03288610 0.03303277 0.02929871 0.05426092 0.03163315 0.05711994 0.05571381 0.06136075 0.05224697 0.03854568 0.05810878 0.05207996 0.04375539 0.04760013 0.05909311 0.03667437 0.04249901 0.04331198 0.02867729 0.04138078 0.04663801 0.05199151 0.01407269 0.03131682 0.04060238 0.03424782 0.03519833 0.03412892 0.05329721 0.06359274 0.04855355 0.03490924 0.05847569 0.05368468 0.05390120 0.04848932 0.06572335 0.07426992 0.06050282 0.02434496 0.04092341 0.05113400 0.04032251 0.04523927 0.04714996 0.04380197 
0.05607003 0.08511942 0.00000000 0.05881067 0.05512588 0.03070909 0.02556545 0.02981040 0.04023665 0.03668529 0.05358601 0.05591618 0.05236280 0.06295833 0.03793211 0.05761559 0.04109247 0.03136480 0.01955232 0.05350052 0.04668482 0.04387962 0.04098776 0.04724234 0.05957275 0.05220378 0.06027613 0.02481905 0.02511414 0.03715766 0.04111619 0.02622573 0.04131175 0.01514635 0.04326203 0.04850152 0.05509195 0.02034847 0.02448415 0.04318579 0.03657275 0.04948110 0.04648349 0.02822461 0.05164523 0.03286578 0.01993107 0.03511575 0.04531936 0.04619509 0.04850152 0.04843320 0.03294093 0.04850152 0.04850152 0.05906760 0.04058355 0.03707802 0.03387664 0.03783837 0.04968551 0.03697350 0.02226952 0.03274559 0.04327317 0.05293550 0.05960784 0.04950607 0.06077777 0.04295097 0.01729110 0.05156488 0.03277380 0.04410665 0.05085034 0.04854702 0.03909324 0.03934705 0.03213260 0.05142738 0.04190456 0.03896663 0.05075752 0.03561322 0.04226036 0.03834387 0.04658182 0.02724986 0.03913821 0.04952352 0.05409956 0.03949415 0.04485421 0.05547014 0.03352873 0.04011092 0.03730456 0.03838743 0.03443279 0.04311108 0.04543960 0.05191111 0.04650489 0.02503173 0.04525237 0.04315350 0.04622032 0.06597184 0.03365173 0.05703498 0.03571400 0.05129499 0.03877852 0.01801056 0.01929010 0.04535487 0.02518878 0.02341717 0.04984632 0.04216855 0.05133011 0.03225087 0.03838196 0.04573701 0.05660977 0.05280372 0.03743076 0.06275412 0.07374750 0.06534581 0.04438203 0.05626727 0.04580870 0.04254179 0.04897222 0.04528640 0.04239681 
0.04581282 0.04873652 0.05881067 0.00000000 0.04963989 0.06679251 0.03396036 0.05855865 0.06162275 0.02212923 0.05035397 0.05035773 0.03293599 0.03045641 0.03235623 0.02794456 0.04193213 0.02360927 0.00371751 0.04618635 0.03908705 0.06453412 0.03670553 0.06382040 0.03358135 0.05545828 0.03748867 0.04871273 0.03328299 0.04357568 0.04878820 0.04160969 0.06247754 0.05091175 0.07612526 0.04173476 0.06954945 0.04710965 0.05095743 0.04724315 0.06023077 0.04300139 0.02977392 0.04091239 0.02467571 0.01593961 0.06390248 0.01944345 0.03416206 0.06041827 0.04173476 0.02795329 0.01386579 0.04173476 0.04173476 0.06024978 0.03028260 0.04958900 0.02954787 0.02751470 0.04682234 0.04796038 0.03527200 0.04953385 0.03705372 0.03870040 0.04259646 0.01931514 0.05663507 0.06258168 0.05021139 0.03362755 0.04374680 0.03994257 0.04789501 0.04238004 0.08810466 0.04215687 0.05686143 0.03675825 0.04161092 0.06780878 0.03036999 0.07676661 0.04845453 0.05221672 0.05540957 0.03031425 0.04554250 0.02864353 0.03996695 0.03921008 0.03778202 0.04634860 0.01908219 0.03445996 0.03378440 0.03970346 0.05098898 0.06387456 0.03144956 0.07634608 0.06330816 0.07062428 0.04820140 0.05283852 0.03692482 0.05875163 0.03093376 0.02673092 0.03814940 0.00602543 0.03821353 0.07693928 0.03652854 0.01545337 0.02898975 0.05416779 0.04546233 0.06536543 0.03843442 0.03068208 0.04565192 0.02419085 0.02453541 0.04939922 0.04146591 0.02361623 0.03692953 0.02958992 0.04410137 0.03825135 0.04716094 0.04601313 0.03615189 0.03976046 0.03956197 
0.03581400 0.04479406 0.05512588 0.04963989 0.00000000 0.08332731 0.06849300 0.04449991 0.03952661 0.05684181 0.04786033 0.02889897 0.06142054 0.04249246 0.03260293 0.03377158 0.05312502 0.02720621 0.02612096 0.05128539 0.03807867 0.03520470 0.03996298 0.03457895 0.03860389 0.04178565 0.03744258 0.05208380 0.02631793 0.05060388 0.06082253 0.05760982 0.02759458 0.06499292 0.06531192 0.04010875 0.06975475 0.03956710 0.04156876 0.04760247 0.02996065 0.05466426 0.03741481 0.01798621 0.02618691 0.03775333 0.06887859 0.09399761 0.04272525 0.06130524 0.04010875 0.06888529 0.01779694 0.04010875 0.04010875 0.05674503 0.03416278 0.03281511 0.04298372 0.03950527 0.05798796 0.01909604 0.03232322 0.05530265 0.02893190 0.04037828 0.02499227 0.01006285 0.02820454 0.05500805 0.08086493 0.03468783 0.05437163 0.04036496 0.03996144 0.03840328 0.06594043 0.04754893 0.04944520 0.03204970 0.04849464 0.04856671 0.01768064 0.04001444 0.06013024 0.07196479 0.05667022 0.04191392 0.06440677 0.05033304 0.02681190 0.04132297 0.04770602 0.02666054 0.03236608 0.02943050 0.01277808 0.05309634 0.03306241 0.02859905 0.05772776 0.05719377 0.03360306 0.04892059 0.03638011 0.03436790 0.03751878 0.02408607 0.02585898 0.05505713 0.00950944 0.06831961 0.03430555 0.03095528 0.06434608 0.05124356 0.04547164 0.06507884 0.05963269 0.05335769 0.02786959 0.02717379 0.04029734 0.03674308 0.02917982 0.03070683 0.02817123 0.03136678 0.04810379 0.02770343 0.04773592 0.03642049 0.04229672 0.04396092 0.04541217 0.04091676 0.03958850 
0.03232117 0.03663275 0.03070909 0.06679251 0.08332731 0.00000000 0.06139860 0.04593441 0.04126654 0.07163832 0.03393685 0.03626552 0.03832581 0.00806179 0.02280594 0.01235394 0.02532010 0.06560379 0.03890888 0.03303822 0.01562108 0.05293230 0.06089657 0.05697333 0.04324648 0.06520687 0.03044452 0.04476549 0.04818934 0.03853722 0.05096140 0.05838225 0.06184144 0.06123833 0.09187704 0.04972618 0.05440592 0.06337617 0.05250290 0.04015696 0.03735387 0.04854581 0.04668331 0.03152795 0.03121412 0.02720771 0.03874192 0.06204854 0.01340275 0.04202087 0.04972618 0.03381004 0.03960963 0.04972618 0.04972618 0.03839957 0.02443263 0.03354288 0.04135151 0.03239193 0.05566989 0.05309878 0.04383284 0.05150400 0.05615071 0.03491692 0.03175353 0.03814014 0.02628601 0.05213320 0.05001355 0.01915459 0.04961057 0.05248816 0.06286904 0.04038705 0.04964868 0.07235239 0.05470636 0.04154429 0.06356750 0.05574720 0.03263179 0.06771177 0.05305533 0.06683759 0.08363912 0.04377156 0.05886308 0.03822960 0.06782442 0.05439588 0.02773579 0.04277314 0.03227384 0.02682247 0.01432951 0.03407372 0.02750818 0.06019699 0.03620577 0.03118845 0.02980351 0.04632433 0.01652849 0.04347516 0.02120375 0.03155065 0.01611490 0.06553227 0.05608335 0.02177137 0.02754873 0.05755303 0.04535136 0.02674138 0.03395281 0.03918570 0.02260053 0.04240176 0.05177334 0.03999913 0.05129049 0.02895872 0.06356516 0.02805224 0.04020587 0.04559401 0.05363026 0.02284750 0.04184742 0.02655108 0.03910002 0.03906868 0.02828154 0.03903555 0.03752669 
0.04581601 0.05074467 0.02556545 0.03396036 0.06849300 0.06139860 0.00000000 0.04542391 0.05193765 0.06622513 0.04073212 0.04345454 0.03854335 0.04046621 0.02009596 0.02177163 0.03127036 0.01523919 0.02960642 0.03387187 0.04350134 0.01139200 0.05895263 0.07559862 0.03333649 0.04414413 0.06361142 0.03823367 0.04412525 0.05410052 0.07755479 0.02532564 0.06807475 0.06437732 0.02240464 0.03996702 0.03981521 0.09433383 0.05466734 0.04560473 0.01992819 0.01760286 0.04985928 0.05513868 0.04819677 0.07625622 0.04423655 0.05348501 0.06065167 0.02543877 0.03996702 0.08970212 0.03474160 0.03996702 0.03996702 0.03780385 0.04004247 0.02882758 0.04266278 0.06986333 0.03826934 0.06848156 0.03982493 0.04270651 0.03715850 0.01947823 0.03032818 0.03183734 0.03423841 0.05649708 0.04351953 0.02217246 0.03466075 0.05034202 0.05516326 0.03674378 0.03869394 0.01715372 0.04179953 0.05780890 0.03030367 0.03648999 0.06208986 0.03400978 0.02447989 0.01835851 0.03506094 0.07143758 0.05449908 0.05375082 0.05594586 0.04685462 0.03858538 0.04704858 0.05327384 0.03262241 0.02180648 0.03870804 0.03462018 0.05045149 0.03482858 0.04908165 0.02970957 0.01339665 0.05162653 0.04975745 0.03149766 0.09951737 0.05989739 0.07273884 0.03686751 0.03361957 0.02620584 0.02257103 0.03731329 0.02717942 0.06094419 0.04666874 0.03474423 0.07654533 0.02470430 0.04096182 0.04007839 0.02809747 0.04034086 0.04675916 0.05269974 0.04906164 0.03582575 0.03194323 0.04764704 0.03926210 0.03992054 0.04759574 0.03887296 0.04104896 0.04246126 
0.03773239 0.02590892 0.02981040 0.05855865 0.04449991 0.04593441 0.04542391 0.00000000 0.02474012 0.02144161 0.03779112 0.07544504 0.03823058 0.04822864 0.04063930 0.02331481 0.04248169 0.04471913 0.04651908 0.04123203 0.06742346 0.04109005 0.04224056 0.03405447 0.04352247 0.03804055 0.04719362 0.05103346 0.05091248 0.04499999 0.06896884 0.03448318 0.06388611 0.06072578 0.03052039 0.04927965 0.06516716 0.07918876 0.02955625 0.04236833 0.02246875 0.04966065 0.01479838 0.02775304 0.03890157 0.02608452 0.01989755 0.04828515 0.04768974 0.03243721 0.04927965 0.04573067 0.04062179 0.04927965 0.04927965 0.02039891 0.02438975 0.03041845 0.06145762 0.06142621 0.04199619 0.03815449 0.06067632 0.04223943 0.03672423 0.02677280 0.03560012 0.03951417 0.04257031 0.03265290 0.06335263 0.03208368 0.03307805 0.02453868 0.03684484 0.01614258 0.04721297 0.05145928 0.05285982 0.04847686 0.04742579 0.04694214 0.02243779 0.06451742 0.04313186 0.04744636 0.05211374 0.05488805 0.02899947 0.05233049 0.03731325 0.06684175 0.03136051 0.05011260 0.04734347 0.05167213 0.01945342 0.04699584 0.05321505 0.08833025 0.05114371 0.05926961 0.02928360 0.06595183 0.01746318 0.05302031 0.04638476 0.01692673 0.01090238 0.03849585 0.05178924 0.03748960 0.05953385 0.04346214 0.04131771 0.05715445 0.04434861 0.04964632 0.05065955 0.04566426 0.04956340 0.04444162 0.06270215 0.04146002 0.04129707 0.04232068 0.03769338 0.04158405 0.07033764 0.03565661 0.04868171 0.01866754 0.04343870 0.03138167 0.03674840 0.04194852 0.03995518 
0.04072272 0.03401763 0.04023665 0.06162275 0.03952661 0.04126654 0.05193765 0.02474012 0.00000000 0.06112263 0.04857864 0.06005900 0.02909189 0.03341734 0.02979183 0.04079247 0.04072107 0.03292647 0.01931011 0.07676232 0.03896800 0.04653193 0.07261571 0.02479193 0.04082349 0.02429921 0.03517789 0.05225864 0.04673936 0.04565615 0.05366359 0.03820322 0.05653489 0.03407849 0.04523684 0.03664516 0.03069953 0.03883189 0.04587495 0.04563940 0.02815476 0.06210951 0.01726401 0.04145619 0.04466790 0.01749263 0.03808488 0.08286399 0.05865644 0.06712722 0.03664516 0.06414954 0.04377702 0.03664516 0.03664516 0.09473127 0.04393000 0.03053131 0.03119969 0.06530853 0.03759573 0.03742940 0.08428000 0.05057487 0.04491240 0.03132133 0.02737375 0.06460599 0.03297253 0.02560067 0.06755414 0.03462871 0.04091981 0.04103368 0.03212555 0.03484011 0.05655449 0.07650551 0.03626679 0.02853347 0.01284856 0.03394949 0.02213632 0.03446539 0.04638176 0.02135248 0.02963267 0.03816569 0.05484158 0.04485150 0.06065966 0.03949373 0.02530397 0.07865091 0.05817706 0.05248618 0.06658564 0.06225319 0.06834706 0.06574636 0.04285388 0.06101010 0.06839124 0.03654553 0.02747784 0.10816955 0.03351617 0.02897767 0.03464338 0.03791164 0.03471274 0.00657734 0.03500717 0.03282220 0.02976469 0.04215300 0.09259168 0.05416298 0.03988914 0.05762184 0.02236025 0.03104641 0.04155164 0.03498414 0.01769431 0.02450270 0.02910090 0.01903524 0.03486647 0.03070131 0.04332296 0.03282446 0.03703130 0.03557735 0.03589206 0.03962437 0.04269587 
0.06356480 0.03608722 0.03668529 0.02212923 0.05684181 0.07163832 0.06622513 0.02144161 0.06112263 0.00000000 0.03965949 0.05653709 0.05135328 0.06634703 0.02961090 0.04356385 0.03831755 0.03467005 0.06991198 0.01394073 0.03169093 0.04291842 0.03099103 0.01658329 0.05184760 0.03492866 0.04135388 0.04119745 0.04154614 0.05763975 0.04681908 0.02605114 0.01783357 0.04012452 0.02327448 0.04010756 0.01054085 0.06373611 0.03940556 0.04222291 0.03324870 0.04921187 0.03953550 0.04334244 0.02655937 0.05305620 0.01235306 0.02151207 0.05550987 0.03665372 0.04010756 0.02698527 0.02836044 0.04010756 0.04010756 0.04096341 0.06895337 0.06142826 0.05311333 0.05464943 0.02392911 0.06402371 0.07034173 0.03108730 0.04683062 0.03190641 0.04681504 0.04436255 0.04172720 0.03130073 0.05198439 0.04629053 0.02342700 0.04048987 0.02742295 0.05424386 0.03494129 0.02958446 0.03019269 0.03070601 0.03075727 0.03219520 0.04023731 0.00439207 0.05560619 0.07102426 0.06883599 0.04564046 0.04551742 0.09048649 0.07033737 0.05041629 0.05304542 0.07177682 0.06590605 0.07471783 0.04803574 0.03148068 0.08061743 0.03150417 0.06449440 0.02546535 0.04620464 0.02825254 0.03327883 0.06011519 0.02852400 0.02046703 0.03468014 0.04462487 0.07420053 0.06943320 0.05456305 0.06072140 0.03986164 0.04334444 0.05087571 0.01825489 0.05212851 0.02091675 0.06454682 0.04225653 0.04595886 0.04339732 0.03246055 0.01233609 0.02960388 0.04105027 0.03530583 0.03957264 0.06177754 0.05499018 0.04306740 0.05549434 0.04418298 0.03951334 0.04098216 
0.05177660 0.05903711 0.05358601 0.05035397 0.04786033 0.03393685 0.04073212 0.03779112 0.04857864 0.03965949 0.00000000 0.05829524 0.02722887 0.03143982 0.07090222 0.04759857 0.04999348 0.08878273 0.07610112 0.05631006 0.04213084 0.05978546 0.03685041 0.02565440 0.04927690 0.02835731 0.01692866 0.02813575 0.02012487 0.04259188 0.05856833 0.03937649 0.01720731 0.02884615 0.04394884 0.05116421 0.04572383 0.03933401 0.01407178 0.03356357 0.03740259 0.06556920 0.01291304 0.04204072 0.03409843 0.02997707 0.04451034 0.05029324 0.04786614 0.05462408 0.05116421 0.02546669 0.07637761 0.05116421 0.05116421 0.04955629 0.02290846 0.03757682 0.04446879 0.02393493 0.03464867 0.03605973 0.04990181 0.04838789 0.04138127 0.04066534 0.03059603 0.04079070 0.06435828 0.06123034 0.02483443 0.06609911 0.04109228 0.04933571 0.02347387 0.03772550 0.05730382 0.03562365 0.04585934 0.04021119 0.03767163 0.05628625 0.04133237 0.04923700 0.03735761 0.04434169 0.01681096 0.03711157 0.02932781 0.04443062 0.03130256 0.04550376 0.05267015 0.05323618 0.04703938 0.03973945 0.05179400 0.04194823 0.05450173 0.04088084 0.03522328 0.04320556 0.05467340 0.05409596 0.04528697 0.05390766 0.03126133 0.07565912 0.04475549 0.05017879 0.05481466 0.05156406 0.04380797 0.02793504 0.04934277 0.04861687 0.02738865 0.03994903 0.04452860 0.04696112 0.04116943 0.05254116 0.02936465 0.03776525 0.04332819 0.03379472 0.05236299 0.03808658 0.03340205 0.04136402 0.05013956 0.06408483 0.04410029 0.03862117 0.04137185 0.04178922 0.03820397 
0.05004269 0.05568984 0.05591618 0.05035773 0.02889897 0.03626552 0.04345454 0.07544504 0.06005900 0.05653709 0.05829524 0.00000000 0.05106635 0.06218598 0.03713422 0.05829297 0.04693941 0.06839176 0.03125539 0.03125014 0.04040402 0.05154879 0.03851988 0.03700466 0.03912605 0.04113035 0.02402658 0.05499994 0.03709485 0.05804948 0.05558018 0.04360451 0.04167726 0.02977990 0.02230329 0.04951050 0.03936672 0.05310043 0.04334760 0.03479523 0.04756887 0.04656665 0.04158366 0.06126658 0.08030322 0.06339302 0.03174409 0.02470217 0.03547734 0.04081447 0.04951050 0.02584159 0.04468640 0.04951050 0.04951050 0.01102860 0.03419474 0.04074893 0.04440989 0.03898487 0.07079420 0.05954173 0.07049018 0.04243622 0.04075602 0.01908378 0.04182526 0.03863374 0.04292936 0.04032571 0.03246081 0.05847914 0.05216865 0.03743218 0.02498415 0.02173377 0.04250242 0.03700300 0.03556911 0.05524393 0.02635587 0.04880305 0.05260864 0.01929813 0.03257941 0.02454889 0.02190252 0.03183793 0.02838696 0.06290295 0.03422355 0.05647397 0.07204727 0.05360637 0.04066846 0.04707826 0.05009881 0.04527797 0.05966249 0.04085507 0.05594511 0.04725154 0.02274101 0.03974847 0.05424388 0.03927330 0.04360229 0.03522854 0.05005773 0.05560727 0.03921176 0.04996092 0.03954378 0.02503702 0.05112909 0.06236819 0.03517722 0.03797182 0.04774470 0.04159238 0.03410059 0.04008287 0.02354411 0.05519196 0.03328303 0.02828080 0.04999185 0.05372714 0.03146194 0.02725661 0.04891294 0.04821109 0.04314695 0.04486903 0.04393534 0.04260822 0.04293859 
0.04100721 0.04854933 0.05236280 0.03293599 0.06142054 0.03832581 0.03854335 0.03823058 0.02909189 0.05135328 0.02722887 0.05106635 0.00000000 0.06235403 0.02931005 0.02886039 0.02018990 0.04966340 0.12076303 0.05006095 0.08483295 0.03973167 0.04845799 0.04122575 0.02675815 0.04591482 0.03181226 0.04536805 0.04015002 0.04096327 0.05662859 0.03453701 0.03424398 0.05429831 0.03244097 0.03884171 0.04543719 0.03531917 0.04609055 0.05868689 0.04459380 0.02904276 0.05452137 0.05072589 0.04864510 0.06378904 0.01596701 0.04253299 0.05156666 0.02138181 0.03884171 0.06181309 0.05479443 0.03884171 0.03884171 0.02178945 0.05388815 0.02884129 0.04086639 0.04639779 0.05692084 0.05502009 0.03521113 0.03183008 0.05335988 0.02233080 0.04026142 0.05880021 0.01517928 0.05201750 0.04200589 0.03279774 0.03128303 0.01362536 0.03657024 0.02746253 0.05663040 0.03311619 0.04205020 0.04334035 0.02589553 0.04547340 0.02435932 0.03921907 0.03155339 0.04008774 0.06217159 0.05645633 0.02840137 0.03083735 0.03514657 0.05829958 0.05337780 0.05546972 0.04094206 0.04727424 0.05596108 0.03934158 0.04046881 0.04158046 0.05613207 0.02530433 0.03181724 0.03600462 0.06775327 0.03436082 0.06711667 0.02379315 0.05001318 0.06339317 0.05806828 0.05090163 0.05879911 0.02404973 0.06813704 0.06644501 0.05127080 0.07139447 0.04310873 0.06560596 0.04730853 0.03137867 0.02310280 0.05851462 0.03956821 0.02560966 0.02636060 0.03901273 0.03312160 0.03793073 0.03836153 0.03621900 0.04057215 0.04695744 0.04097297 0.04324995 0.04457232 
0.05095783 0.06497722 0.06295833 0.03045641 0.04249246 0.00806179 0.04046621 0.04822864 0.03341734 0.06634703 0.03143982 0.06218598 0.06235403 0.00000000 0.04180651 0.04572379 0.04691167 0.03860519 0.05769330 0.04169131 0.02230210 0.02659201 0.04117076 0.03150967 0.02959687 0.05183592 0.03045726 0.06142459 0.05636419 0.04638213 0.06718725 0.02674382 0.03245158 0.05990184 0.03313380 0.04779634 0.04572815 0.02986516 0.03432639 0.03296053 0.03169723 0.00713529 0.05432876 0.04351440 0.03299167 0.06451233 0.03609557 0.05282333 0.02615089 0.01729051 0.04779634 0.03512599 0.06517231 0.04779634 0.04779634 0.03753191 0.05456689 0.04061660 0.05164511 0.05021976 0.02368017 0.04870481 0.04100009 0.03755212 0.03312232 0.03569534 0.03747973 0.04816635 0.04826308 0.02137549 0.06819995 0.06555705 0.03832785 0.04291464 0.03556083 0.03410272 0.02930443 0.03341696 0.04192148 0.04610227 0.01513181 0.02984296 0.03590284 0.03146212 0.05427460 0.02709359 0.08373863 0.02480340 0.03726980 0.05571935 0.05518820 0.04639740 0.03553857 0.04728698 0.06052710 0.05151232 0.06396606 0.04796151 0.03797448 0.02939388 0.05551904 0.03229267 0.04928092 0.03668595 0.04944664 0.05385348 0.04871153 0.04089784 0.04052229 0.03438279 0.05872747 0.05026612 0.04542217 0.02573138 0.05910672 0.06831912 0.04747702 0.04153645 0.04872247 0.05665768 0.05911736 0.03817476 0.02820643 0.03307650 0.02962429 0.04118566 0.04000104 0.04703515 0.05102150 0.04294260 0.01937416 0.04048267 0.05136732 0.04355817 0.04842113 0.04970966 0.04544911 
0.04695826 0.04211330 0.03793211 0.03235623 0.03260293 0.02280594 0.02009596 0.04063930 0.02979183 0.02961090 0.07090222 0.03713422 0.02931005 0.04180651 0.00000000 0.05554090 0.04747156 0.03537650 0.04604412 0.01466778 0.03585871 0.04071217 0.03322348 0.03346680 0.02124828 0.02219499 0.06792103 0.05489864 0.06805281 0.04819813 0.05323677 0.02845144 0.03921251 0.05381013 0.02570509 0.05560485 0.04329296 0.02838964 0.03570002 0.04363403 0.04990907 0.03180038 0.05646956 0.06924222 0.02251968 0.06197913 0.02947023 0.02358928 0.07905573 0.03180628 0.05560485 0.05928545 0.06253519 0.05560485 0.05560485 0.03210996 0.03539841 0.06949123 0.06342844 0.03856132 0.06103924 0.04636822 0.05877885 0.04575509 0.04825138 0.03721400 0.04372181 0.05550981 0.03619700 0.03930744 0.05168431 0.04138365 0.05292534 0.07592528 0.03225338 0.05611102 0.04911845 0.03312933 0.03460914 0.03137488 0.05230051 0.01984908 0.05063159 0.01707129 0.09246243 0.05168527 0.02415283 0.04930133 0.07400422 0.03458247 0.05121839 0.03450015 0.05202119 0.03799731 0.05529814 0.04175805 0.03977798 0.06478854 0.04166127 0.01322212 0.03727365 0.02203247 0.04503637 0.03169411 0.04012573 0.04209000 0.07238842 0.02501260 0.01339900 0.04256132 0.06398611 0.07308009 0.06970163 0.02050371 0.03397213 0.07188294 0.02584656 0.00572019 0.04788751 0.02454197 0.03145372 0.03032079 0.02636994 0.05546746 0.03594098 0.02459964 0.05044431 0.05142226 0.07790125 0.02774341 0.03114519 0.05597288 0.04268218 0.03870120 0.03576146 0.04541069 0.03843475 
0.05553733 0.05074685 0.05761559 0.02794456 0.03377158 0.01235394 0.02177163 0.02331481 0.04079247 0.04356385 0.04759857 0.05829297 0.02886039 0.04572379 0.05554090 0.00000000 0.09767731 0.04881770 0.05701325 0.04900048 0.04248322 0.03366256 0.03982284 0.04196091 0.05667638 0.05250497 0.02872742 0.02844566 0.04485181 0.05579317 0.00000000 0.04531340 0.04192422 0.03631517 0.04064296 0.03129604 0.03260679 0.04516629 0.03496650 0.05582972 0.04645030 0.02205448 0.04539437 0.04895349 0.03872187 0.04836931 0.05221255 0.02518371 0.04903579 0.02940598 0.03129604 0.03538685 0.04065108 0.03129604 0.03129604 0.04378337 0.05595235 0.04941044 0.05658799 0.04505119 0.02573683 0.01097989 0.02909583 0.04875794 0.07046289 0.07334314 0.05665024 0.03089410 0.04177552 0.05497241 0.04422413 0.04766484 0.03809519 0.06340070 0.02988019 0.05843956 0.04842460 0.03492182 0.05072093 0.05232877 0.04154033 0.03687741 0.06038619 0.02456563 0.03207293 0.03909859 0.02159344 0.04466769 0.03254095 0.04182342 0.03329334 0.04588682 0.04542848 0.05298786 0.04872729 0.05606820 0.04510026 0.04684524 0.03046249 0.03800394 0.04409418 0.05251140 0.03433897 0.03637929 0.04750604 0.04098086 0.04678122 0.02762757 0.02425848 0.06046548 0.03706539 0.05006611 0.06634267 0.04218966 0.02492121 0.05346064 0.02992075 0.02654919 0.03677982 0.02799798 0.05258339 0.03177473 0.04908992 0.04274715 0.05363368 0.04350583 0.02056164 0.05427218 0.04834111 0.05383550 0.04535326 0.04185831 0.05020279 0.05763979 0.06037036 0.05058297 0.04641621 
0.05536064 0.03889866 0.04109247 0.04193213 0.05312502 0.02532010 0.03127036 0.04248169 0.04072107 0.03831755 0.04999348 0.04693941 0.02018990 0.04691167 0.04747156 0.09767731 0.00000000 0.05549135 0.02974179 0.05906168 0.04242846 0.02547848 0.03515380 0.03087498 0.05425685 0.06445082 0.02473196 0.03395013 0.04003145 0.04326418 0.01311027 0.04180578 0.02682827 0.03100658 0.05270203 0.05954351 0.04319937 0.04352268 0.03076637 0.03641356 0.02892573 0.01620377 0.04599227 0.03700374 0.04103443 0.03732625 0.02914216 0.01560642 0.03444119 0.02313348 0.05954351 0.04014070 0.05009246 0.05954351 0.05954351 0.02977017 0.05881095 0.05728585 0.04276534 0.05112018 0.03801735 0.01439258 0.03082927 0.06045462 0.05743422 0.07908961 0.06165739 0.03783826 0.04738020 0.04554523 0.05078282 0.04578922 0.04361701 0.05133045 0.03098953 0.03956289 0.04316713 0.03502932 0.04350190 0.04683615 0.04408658 0.04453706 0.03819560 0.02426853 0.04179809 0.04477736 0.03873996 0.04949579 0.03762238 0.04697030 0.03707101 0.04214737 0.02892311 0.04157007 0.05159026 0.05073679 0.03880513 0.04987717 0.03691833 0.04984737 0.03956912 0.05800796 0.03523378 0.03781936 0.04589422 0.03457522 0.05180368 0.03012362 0.03931500 0.04306758 0.03714147 0.04672976 0.05107404 0.04918727 0.03051714 0.03399516 0.04390134 0.03343609 0.03198841 0.04034377 0.02800501 0.03141054 0.04824085 0.03734158 0.05064223 0.04932198 0.02914404 0.04607199 0.03642963 0.05644781 0.04814500 0.04768928 0.05921022 0.06506472 0.06633973 0.05778287 0.04892660 
0.05026274 0.04668565 0.03136480 0.02360927 0.02720621 0.06560379 0.01523919 0.04471913 0.03292647 0.03467005 0.08878273 0.06839176 0.04966340 0.03860519 0.03537650 0.04881770 0.05549135 0.00000000 0.04181632 0.04708621 0.06065710 0.03831505 0.02267480 0.05606181 0.06147408 0.05608724 0.04514304 0.03093238 0.02979350 0.04078778 0.05982387 0.04982529 0.06182697 0.04510939 0.03603513 0.03936013 0.03056763 0.03882368 0.03187317 0.04408448 0.04683653 0.02111278 0.06434248 0.04360730 0.03793358 0.03604810 0.03275360 0.03826723 0.03161969 0.02361496 0.03936013 0.04879365 0.04334401 0.03936013 0.03936013 0.01624906 0.05765108 0.06135733 0.03903803 0.01923297 0.03862755 0.03282663 0.04552002 0.04989595 0.04243795 0.03962485 0.06586736 0.05270726 0.02907364 0.04628294 0.03528741 0.05064658 0.06872156 0.05657389 0.03100242 0.03614647 0.02553346 0.05264468 0.04363332 0.04731520 0.04116500 0.03789878 0.03597235 0.05878823 0.04217004 0.07870679 0.03019826 0.05119170 0.02310300 0.06161956 0.04776237 0.02459075 0.03038335 0.01940576 0.04317251 0.06659207 0.03811282 0.02187030 0.04412136 0.04536793 0.03947369 0.02558751 0.04619843 0.02784116 0.06198696 0.01109400 0.04770213 0.04784203 0.04775199 0.06621943 0.03703312 0.06883228 0.07312630 0.02214891 0.03231681 0.05589323 0.04306431 0.04064142 0.05362295 0.04067819 0.05091585 0.03717795 0.03525918 0.04951361 0.05802928 0.03433845 0.05279131 0.05768196 0.04594289 0.03874132 0.05013172 0.04451028 0.04652031 0.03857227 0.04148726 0.04354409 0.04496211 
0.05421774 0.04334270 0.01955232 0.00371751 0.02612096 0.03890888 0.02960642 0.04651908 0.01931011 0.06991198 0.07610112 0.03125539 0.12076303 0.05769330 0.04604412 0.05701325 0.02974179 0.04181632 0.00000000 0.00515794 0.04602544 0.03126120 0.02441085 0.03677402 0.05745421 0.03329567 0.06722739 0.02795388 0.05721781 0.03973610 0.02683685 0.02752167 0.04737160 0.01641243 0.01523631 0.03728216 0.03630587 0.02428900 0.02954418 0.02909684 0.05197614 0.05074601 0.03911075 0.07572952 0.05289306 0.04158876 0.01833068 0.02283734 0.05174697 0.03117038 0.03728216 0.02883208 0.07197910 0.03728216 0.03728216 0.03827444 0.02686217 0.05089565 0.05273372 0.01718731 0.07156202 0.04446886 0.04551032 0.04686538 0.05675297 0.04148492 0.05999274 0.04134545 0.04910500 0.04591523 0.03734018 0.04000154 0.04833956 0.05556656 0.01523086 0.04514385 0.04289956 0.03586004 0.07023450 0.05197453 0.03928924 0.04430658 0.03770508 0.03268587 0.03925398 0.04350102 0.05754833 0.02599120 0.01559729 0.04594675 0.02471841 0.05586134 0.07124679 0.04850491 0.04363109 0.06677645 0.04869970 0.02462793 0.05133694 0.03317690 0.06876555 0.03105695 0.05199158 0.04094562 0.04582704 0.05500233 0.05146746 0.01649938 0.07087719 0.04558493 0.06349320 0.07654552 0.03026058 0.02432980 0.03941858 0.06482609 0.04880729 0.05996870 0.06131740 0.04533343 0.06457052 0.03334426 0.03027102 0.05567509 0.02047041 0.04247763 0.02982300 0.04569765 0.04627210 0.01818823 0.05093587 0.06074652 0.04197609 0.04879054 0.04770135 0.03882610 0.04565522 
0.02966156 0.02717292 0.05350052 0.04618635 0.05128539 0.03303822 0.03387187 0.04123203 0.07676232 0.01394073 0.05631006 0.03125014 0.05006095 0.04169131 0.01466778 0.04900048 0.05906168 0.04708621 0.00515794 0.00000000 0.05656857 0.06161961 0.03578398 0.03913885 0.05054348 0.04310271 0.02341842 0.04191415 0.03116955 0.04143158 0.03345953 0.05448248 0.03544270 0.02805528 0.04265296 0.03299527 0.06044015 0.03495761 0.02528648 0.03446798 0.03880761 0.06977373 0.03935649 0.04363622 0.02898745 0.03282897 0.06006309 0.03914440 0.01123345 0.07871680 0.03299527 0.07942169 0.05422726 0.03299527 0.03299527 0.04880393 0.04357231 0.06498831 0.04505763 0.03640410 0.04318760 0.04549289 0.02706897 0.04210647 0.05696859 0.06262080 0.07176243 0.03504424 0.04211768 0.02246966 0.05528820 0.02799245 0.05875731 0.06732994 0.02568392 0.04696860 0.04823761 0.05233279 0.03519305 0.02691568 0.02812520 0.07065775 0.04526255 0.03932145 0.03532534 0.04344086 0.03663937 0.05677069 0.06966440 0.03188142 0.04944401 0.02761028 0.04958378 0.02723183 0.05586144 0.03081644 0.05127794 0.03989371 0.02689974 0.07170509 0.03988341 0.07028678 0.03773807 0.01770600 0.03267625 0.03806006 0.04418718 0.06964814 0.04668256 0.01975544 0.03030223 0.03409263 0.05224489 0.03341952 0.04797278 0.02810808 0.04058111 0.06558898 0.05146894 0.04210288 0.03490435 0.03436781 0.05775944 0.03822487 0.05070723 0.04891263 0.03729943 0.04370049 0.05122006 0.06480700 0.05055134 0.05349905 0.03378853 0.03383733 0.02860747 0.03145472 0.03938069 
0.05091255 0.04409226 0.04668482 0.03908705 0.03807867 0.01562108 0.04350134 0.06742346 0.03896800 0.03169093 0.04213084 0.04040402 0.08483295 0.02230210 0.03585871 0.04248322 0.04242846 0.06065710 0.04602544 0.05656857 0.00000000 0.06315744 0.05712404 0.03532414 0.04498742 0.01680633 0.02632542 0.03185559 0.02802992 0.05194442 0.06965229 0.06665224 0.04435040 0.02471602 0.02148814 0.05198052 0.04161778 0.05282277 0.03434972 0.07448712 0.05237825 0.03176299 0.04553448 0.04348573 0.03540097 0.02919219 0.02239449 0.01803909 0.05408249 0.04438818 0.05198052 0.02661392 0.05052151 0.05198052 0.05198052 0.03024952 0.03533669 0.03915597 0.03100352 0.04539751 0.03999725 0.02803237 0.06794332 0.04179232 0.03988838 0.04459937 0.02554954 0.08550703 0.02169655 0.03668370 0.01466132 0.03630518 0.03942895 0.04472937 0.02538632 0.04718590 0.04115887 0.04978829 0.03956139 0.03861526 0.03681639 0.03259486 0.05265837 0.05496074 0.03079833 0.04134186 0.02762088 0.01492559 0.04957633 0.02738618 0.05095589 0.04564829 0.03342687 0.01819761 0.02488390 0.03904297 0.03776485 0.05920309 0.03532046 0.04482649 0.04490475 0.03941376 0.02475907 0.05251516 0.02046215 0.05100711 0.06667681 0.04787777 0.13049365 0.05366091 0.01955034 0.03841995 0.04789194 0.02527791 0.06179944 0.04283485 0.06066273 0.09441369 0.04107493 0.03891904 0.02594903 0.05331139 0.05557804 0.04526204 0.03344660 0.04100419 0.04702296 0.03726553 0.04253203 0.06801327 0.05208022 0.03175353 0.05778058 0.04051222 0.04435089 0.04226191 0.03903097 
0.04987508 0.05429247 0.04387962 0.06453412 0.03520470 0.05293230 0.01139200 0.04109005 0.04653193 0.04291842 0.05978546 0.05154879 0.03973167 0.02659201 0.04071217 0.03366256 0.02547848 0.03831505 0.03126120 0.06161961 0.06315744 0.00000000 0.02840509 0.05085765 0.02582906 0.05072832 0.02186773 0.03570850 0.02291313 0.04320776 0.02801276 0.05715993 0.06793162 0.03255320 0.03573744 0.04177243 0.04909690 0.06063187 0.03081957 0.02894927 0.06871213 0.03789448 0.05068330 0.03476369 0.06485154 0.05090527 0.03187095 0.06440236 0.03961731 0.03106482 0.04177243 0.03723390 0.02542924 0.04177243 0.04177243 0.03278264 0.01916411 0.04574026 0.02654558 0.02734905 0.04938358 0.05185870 0.04514672 0.04798248 0.03866408 0.03412779 0.03095170 0.03710443 0.03413349 0.08321543 0.04256856 0.00778825 0.01931994 0.02269138 0.04466154 0.03850824 0.05208485 0.06897486 0.04916704 0.05043005 0.07389742 0.09614491 0.04818641 0.04779477 0.07839610 0.06218741 0.05799620 0.04478081 0.06305910 0.04782782 0.04099495 0.03726138 0.03915303 0.02579141 0.02799301 0.03702679 0.04250774 0.00310857 0.06060547 0.04058014 0.05426659 0.01885479 0.08800354 0.06818217 0.01279704 0.03632176 0.02715124 0.02588545 0.04025625 0.01739639 0.03759620 0.05720358 0.03855289 0.05312794 0.02250381 0.04126884 0.04574073 0.04599268 0.04524640 0.05738845 0.02670665 0.04633026 0.04535905 0.04509398 0.05946655 0.06511584 0.05436510 0.02005264 0.03853202 0.05396755 0.05465086 0.04475941 0.04637634 0.03513155 0.04831302 0.04048959 0.04639317 
0.04762552 0.04693906 0.04098776 0.03670553 0.03996298 0.06089657 0.05895263 0.04224056 0.07261571 0.03099103 0.03685041 0.03851988 0.04845799 0.04117076 0.03322348 0.03982284 0.03515380 0.02267480 0.02441085 0.03578398 0.05712404 0.02840509 0.00000000 0.04503651 0.06721886 0.04069155 0.05464578 0.03905783 0.04497746 0.05042252 0.04377354 0.05101405 0.04186491 0.03615006 0.05570657 0.04126085 0.01372167 0.01891969 0.05329119 0.03805159 0.06067745 0.02482178 0.04782278 0.02355713 0.07437744 0.03585858 0.02575097 0.05592692 0.03906244 0.02894236 0.04126085 0.05018974 0.06959388 0.04126085 0.04126085 0.06260050 0.04714569 0.03760757 0.07666518 0.03594804 0.04500533 0.03432294 0.07263405 0.05126637 0.03633856 0.03397418 0.02826180 0.03749148 0.02805394 0.02353601 0.03566972 0.05426068 0.02843855 0.04718291 0.03596497 0.04177512 0.03412702 0.03864717 0.03885732 0.03554103 0.03661742 0.03036644 0.04060124 0.04193617 0.05003340 0.03512306 0.04985339 0.05687389 0.02809164 0.02897690 0.05884543 0.04386458 0.04795840 0.04250058 0.06375531 0.03305752 0.02890225 0.06128418 0.06392879 0.05151110 0.06110014 0.05945534 0.06182670 0.04830504 0.05841459 0.07666134 0.02708298 0.03689732 0.04922126 0.03331062 0.06257893 0.03256228 0.07289324 0.02135419 0.01909917 0.05605994 0.05570685 0.02693480 0.06038033 0.04343835 0.06268339 0.04980479 0.05094826 0.03665639 0.02957022 0.04524449 0.04442642 0.02497845 0.04179803 0.03925959 0.04539139 0.02966503 0.04392933 0.03883131 0.03411680 0.03863756 0.03913693 
0.04143645 0.04622069 0.04724234 0.06382040 0.03457895 0.05697333 0.07559862 0.03405447 0.02479193 0.01658329 0.02565440 0.03700466 0.04122575 0.03150967 0.03346680 0.04196091 0.03087498 0.05606181 0.03677402 0.03913885 0.03532414 0.05085765 0.04503651 0.00000000 0.04989029 0.07170827 0.08120905 0.05586038 0.04022898 0.03473344 0.05157039 0.05414346 0.05577828 0.06189888 0.08022640 0.03258067 0.05175355 0.05345876 0.05971803 0.06537963 0.05545642 0.04153559 0.06630958 0.01552132 0.06508674 0.03391758 0.03690592 0.04200532 0.02136001 0.04785839 0.03258067 0.03421649 0.02755196 0.03258067 0.03258067 0.04116379 0.02772244 0.02388742 0.01708855 0.02508719 0.03130336 0.04750875 0.02103604 0.04744032 0.04168651 0.04753988 0.04932276 0.04524671 0.07655420 0.04102458 0.03483126 0.02833639 0.05580307 0.04366831 0.06441223 0.04965147 0.04527964 0.05013838 0.04766732 0.05626697 0.06968357 0.05355919 0.04390487 0.05825629 0.04402639 0.04692791 0.03941584 0.03316290 0.03107347 0.02850688 0.03583352 0.03248046 0.03349815 0.05033379 0.02441485 0.04511695 0.04447874 0.03592662 0.05194678 0.03387759 0.04111127 0.04130541 0.07060557 0.04451197 0.04716142 0.01538206 0.02394722 0.05328191 0.03235245 0.04569530 0.04780212 0.01986680 0.04596337 0.05745091 0.04530804 0.01497994 0.02845260 0.03680419 0.05409993 0.04455768 0.05363086 0.05140747 0.05180964 0.05916315 0.05438045 0.04431935 0.06327041 0.06666530 0.04055251 0.04228847 0.02588842 0.04978676 0.03538684 0.03326049 0.03635831 0.03836350 0.04016395 
0.04536385 0.04788463 0.05957275 0.03358135 0.03860389 0.04324648 0.03333649 0.04352247 0.04082349 0.05184760 0.04927690 0.03912605 0.02675815 0.02959687 0.02124828 0.05667638 0.05425685 0.06147408 0.05745421 0.05054348 0.04498742 0.02582906 0.06721886 0.04989029 0.00000000 0.05690995 0.04278219 0.04775227 0.04392038 0.06060413 0.01767174 0.04651989 0.03692503 0.02514228 0.03712913 0.04244366 0.04910474 0.05182557 0.03628416 0.04393201 0.02776472 0.05022740 0.03783361 0.06660981 0.03731905 0.03382712 0.04417584 0.05276416 0.02834047 0.04896762 0.04244366 0.02400272 0.05325311 0.04244366 0.04244366 0.03861433 0.03935691 0.02542995 0.05244369 0.06709901 0.04071240 0.03204222 0.03741249 0.04761280 0.04008005 0.04636795 0.05319214 0.04205470 0.04444617 0.05765003 0.04624686 0.03969147 0.02701043 0.05636081 0.04105279 0.04364410 0.03908162 0.04725650 0.02909661 0.03764814 0.03598533 0.05985608 0.06309325 0.05500297 0.04234720 0.06168518 0.03428988 0.04923525 0.03523024 0.01955033 0.07599096 0.06108750 0.03684466 0.02994302 0.03301583 0.03569392 0.02519311 0.03425332 0.04084844 0.03909390 0.03932281 0.03435586 0.05459070 0.05217484 0.05910083 0.01766411 0.05036185 0.03777588 0.06329929 0.04904646 0.03705195 0.03428696 0.05642765 0.05105865 0.02744125 0.03359451 0.03855653 0.05272134 0.06019874 0.02739038 0.03787734 0.04390723 0.04080462 0.02635955 0.08252589 0.05785676 0.03927700 0.04813306 0.05619548 0.04729572 0.03134382 0.03074418 0.04055194 0.04373687 0.04107571 0.04560768 0.03993660 
0.04899160 0.04171666 0.05220378 0.05545828 0.04178565 0.06520687 0.04414413 0.03804055 0.02429921 0.03492866 0.02835731 0.04113035 0.04591482 0.05183592 0.02219499 0.05250497 0.06445082 0.05608724 0.03329567 0.04310271 0.01680633 0.05072832 0.04069155 0.07170827 0.05690995 0.00000000 0.04458346 0.03699333 0.05013290 0.02739602 0.02779843 0.04470238 0.04619656 0.05513961 0.04808398 0.02860122 0.05887197 0.04325387 0.07911947 0.06051847 0.03952900 0.02498072 0.04855146 0.03286858 0.05804518 0.05181301 0.03236881 0.04654344 0.03742663 0.03508663 0.02860122 0.01623268 0.02632379 0.02860122 0.02860122 0.04441530 0.03168668 0.06045155 0.03119289 0.03542126 0.04232316 0.04302868 0.04218352 0.05204793 0.03968498 0.05167750 0.06107886 0.05647647 0.03429218 0.05637204 0.04552405 0.05884059 0.03541210 0.02957634 0.04385777 0.04862974 0.04530385 0.06534305 0.05577828 0.06468708 0.05155115 0.03598939 0.06032555 0.03202215 0.04274473 0.06126047 0.03744644 0.02973612 0.04605076 0.03625541 0.04426071 0.04192707 0.03451678 0.03547689 0.04027414 0.02413972 0.05506415 0.05489142 0.03497936 0.04542808 0.05006171 0.05425257 0.04896034 0.04001579 0.01496995 0.05344099 0.02657704 0.05006733 0.01987788 0.02954447 0.06685361 0.02985097 0.05802279 0.04584495 0.03799051 0.02812084 0.03577581 0.03502023 0.04788752 0.05085432 0.05118208 0.03708234 0.04578805 0.05568148 0.04107523 0.06339616 0.03263938 0.04485399 0.04267159 0.05002278 0.00782575 0.02856569 0.04227582 0.03942715 0.03490081 0.03785230 0.04133727 
