0.00000000 0.56727207 0.49750979 0.59351968 0.33287696 0.34321740 0.33773609 0.48301323 0.29424693 0.53703317 0.41069278 0.36255914 0.29524699 0.46095389 0.40965632 0.40485065 0.40890824 0.46569337 0.54503585 0.35783095 0.44671092 0.10227367 0.30417282 0.51863254 0.52125509 0.45409836 0.50853620 0.38639230 0.42474631 0.42496195 0.22387137 0.36256871 0.49441641 0.37750032 0.41691805 0.43866378 0.50086380 0.40449984 0.44454681 0.39318594 0.28211664 0.32838952 0.16980606 0.30095653 0.40937840 0.25970624 0.38057855 0.36432278 0.40879386 0.47865239 0.50243664 0.33018521 0.43146967 0.43007943 0.35656404 0.44565606 0.33300227 0.47842416 0.64413969 0.59998326 0.64968784 
0.56727207 0.00000000 0.65795700 0.45045966 0.60670213 0.54949828 0.32486959 0.41071912 0.65340701 0.27415523 0.45310882 0.31808255 0.46907250 0.39550068 0.44401157 0.20669257 0.25905701 0.47305330 0.43840328 0.30239802 0.56026265 0.40917576 0.46773440 0.45040110 0.57689957 0.45484514 0.30844589 0.35568103 0.47894985 0.36779395 0.25069947 0.41350395 0.36531525 0.26609619 0.26634331 0.33287380 0.42679992 0.35354610 0.32612248 0.39452128 0.47816920 0.33929369 0.28629498 0.41933588 0.27702538 0.36930402 0.31063315 0.29838207 0.33527355 0.47992188 0.33486865 0.36975349 0.52625849 0.43471507 0.49183382 0.58476534 0.36053716 0.47820311 0.46642572 0.57964503 0.55117715 
0.49750979 0.65795700 0.00000000 0.53136877 0.39795209 0.55522539 0.64915357 0.53779293 0.38917874 0.45611647 0.43621628 0.42514229 0.28821825 0.54007732 0.46782884 0.20585851 0.34836954 0.50639566 0.45864070 0.39687469 0.29719569 0.56363128 0.42057633 0.63488199 0.49424177 0.45945976 0.52686364 0.50791734 0.61766504 0.26867057 0.37208012 0.36162419 0.37990289 0.15448227 0.42996232 0.49823414 0.39051117 0.21228498 0.48148300 0.28991366 0.27266453 0.34822408 0.17686307 0.27307932 0.27447541 0.39335895 0.33550852 0.46699617 0.39959098 0.52655378 0.36759914 0.30936376 0.47061345 0.63362089 0.40294697 0.44509738 0.51316736 0.44224655 0.51026084 0.46045449 0.51277404 
0.59351968 0.45045966 0.53136877 0.00000000 0.48798849 0.54727677 0.66657408 0.64498419 0.33261016 0.43586219 0.53196446 0.29999743 0.28798505 0.44814217 0.57770678 0.32585732 0.33801030 0.46788475 0.42942098 0.38405306 0.32031063 0.48695259 0.37475193 0.44285940 0.51117306 0.49911424 0.46467128 0.37895061 0.37371748 0.31177608 0.36466589 0.44670878 0.45211578 0.44341225 0.33158976 0.57549523 0.42582640 0.24100657 0.43643531 0.25249159 0.28568600 0.29258881 0.50431244 0.47030686 0.32539997 0.32455996 0.34726364 0.36113078 0.47349171 0.39992838 0.31907771 0.40400948 0.38937199 0.48263020 0.46232977 0.49148816 0.44319829 0.42611260 0.49228898 0.42163293 0.48375742 
0.33287696 0.60670213 0.39795209 0.48798849 0.00000000 0.60767819 0.45540885 0.59304402 0.54017228 0.41149042 0.32223687 0.57131406 0.38225759 0.37118120 0.50077725 0.37930455 0.54606613 0.51421794 0.38979221 0.23126151 0.41280077 0.48131383 0.37749604 0.38319519 0.22423572 0.49255675 0.51364715 0.33922999 0.36868482 0.33530010 0.41975764 0.47124751 0.25654841 0.45475864 0.50637245 0.40704329 0.38652259 0.42283223 0.30003087 0.36015358 0.39965408 0.25300380 0.40664771 0.34703729 0.38101216 0.38217279 0.29442736 0.40800110 0.26911449 0.30383436 0.38975209 0.60966418 0.62186093 0.46992140 0.36080098 0.66715658 0.52872262 0.41764541 0.60063801 0.41738778 0.42172668 
0.34321740 0.54949828 0.55522539 0.54727677 0.60767819 0.00000000 0.39602934 0.54661969 0.42896918 0.57008775 0.37940758 0.40440809 0.40566541 0.48938019 0.53470958 0.41300215 0.48194723 0.57287453 0.28040519 0.41953905 0.40320878 0.46471457 0.54650465 0.41411913 0.44906728 0.43786933 0.35181156 0.36824493 0.26533196 0.44530576 0.42845153 0.40285596 0.38560319 0.32927085 0.37859897 0.37186266 0.38725611 0.31226447 0.47754739 0.37431774 0.35376800 0.27841898 0.33178688 0.27453148 0.25813440 0.37238723 0.29257076 0.45760946 0.33164727 0.33926558 0.37755197 0.53577690 0.47038525 0.41099235 0.39932968 0.51000083 0.48911537 0.35246559 0.39814147 0.44122013 0.38628397 
0.33773609 0.32486959 0.64915357 0.66657408 0.45540885 0.39602934 0.00000000 0.65494030 0.42942083 0.37386838 0.55285582 0.41231986 0.43259725 0.92229492 0.53334010 0.37750522 0.36734848 0.51771610 0.31062843 0.26307361 0.27064704 0.45733871 0.51437570 0.45460427 0.48426346 0.43073152 0.49428760 0.48594612 0.54153121 0.26838857 0.32313787 0.40644925 0.43389543 0.24091129 0.25537012 0.54450529 0.51915935 0.36929208 0.52890107 0.39658374 0.35301246 0.31803824 0.32983820 0.30641078 0.26408508 0.31797884 0.24910955 0.31732530 0.25558749 0.40308993 0.38869722 0.45048245 0.37979121 0.62254483 0.45883109 0.38209271 0.46404336 0.46264223 0.48307391 0.41628222 0.49371111 
0.48301323 0.41071912 0.53779293 0.64498419 0.59304402 0.54661969 0.65494030 0.00000000 0.37516636 0.43914814 0.42077412 0.42907765 0.52546904 0.54327171 0.56919735 0.30473805 0.36777315 0.37633509 0.39935940 0.34366419 0.20427491 0.31289101 0.45308452 0.52067246 0.42707768 0.53380760 0.54262370 0.58676599 0.45527272 0.27919481 0.36274603 0.43475199 0.48680105 0.39067703 0.36179705 0.55057675 0.39253629 0.34321361 0.53010542 0.39096250 0.29130026 0.27116443 0.27257992 0.24337373 0.27431970 0.28029063 0.19544859 0.30129500 0.21590736 0.40210851 0.38963232 0.45429942 0.54655562 0.55945355 0.52168276 0.46406878 0.45403513 0.46111174 0.50050275 0.50139043 0.55181440 
0.29424693 0.65340701 0.38917874 0.33261016 0.54017228 0.42896918 0.42942083 0.37516636 0.00000000 0.37997820 0.47883824 0.46298588 0.46942013 0.51773731 0.34682022 0.54166873 0.42769101 0.38797294 0.29846262 0.36935541 0.50164266 0.44525294 0.36294084 0.42468861 0.41205277 0.39703510 0.29738784 0.34699477 0.33701518 0.38684012 0.36114046 0.28103547 0.32720478 0.40165978 0.35859396 0.38202572 0.40587662 0.45790063 0.45525998 0.39281571 0.45076487 0.41006162 0.30264734 0.37678552 0.39341877 0.39956358 0.36919710 0.39780378 0.33841578 0.39809389 0.43798450 0.50853311 0.40766468 0.40077687 0.34471487 0.82065031 0.47398131 0.36788301 0.35402381 0.33125814 0.33416259 
0.53703317 0.27415523 0.45611647 0.43586219 0.41149042 0.57008775 0.37386838 0.43914814 0.37997820 0.00000000 1.00089490 0.66233162 0.73593058 0.43309694 0.39684474 0.29502843 0.34182177 0.46326398 0.36219628 0.35563447 0.29143582 0.37757035 0.34683346 0.48970731 0.46836805 0.40216649 0.37547943 0.48372357 0.26220057 0.37575596 0.35116573 0.32730369 0.47816770 0.30964299 0.29717932 0.42812070 0.36012606 0.39878825 0.51109033 0.24338093 0.28056155 0.45494290 0.40124537 0.31832498 0.35685936 0.31030982 0.29326367 0.47067097 0.28721082 0.36032716 0.47604992 0.63769747 0.36570304 0.32879911 0.88844416 0.40797042 0.35883530 0.43844330 0.53760188 0.44918976 0.47566654 
0.41069278 0.45310882 0.43621628 0.53196446 0.32223687 0.37940758 0.55285582 0.42077412 0.47883824 1.00089490 0.00000000 0.66269742 0.38413433 0.75339679 0.71221905 0.40780250 0.29737332 0.53833377 0.40332889 0.25939314 0.23049232 0.30437969 0.41731892 0.63247027 0.53753289 0.44915660 0.41890946 0.41921901 0.34730700 0.45217871 0.33310792 0.36667977 0.38700141 0.24681044 0.29838333 0.42309160 0.44092347 0.36097695 0.37934876 0.32440760 0.35049781 0.29057784 0.30940423 0.24751310 0.38809351 0.28674060 0.36670817 0.27132219 0.11553159 0.50993517 0.44518994 0.34804952 0.44346295 0.55527126 0.49475067 0.39033552 0.51361976 0.43316267 0.41778826 0.49663421 0.39789150 
0.36255914 0.31808255 0.42514229 0.29999743 0.57131406 0.40440809 0.41231986 0.42907765 0.46298588 0.66233162 0.66269742 0.00000000 0.56665172 0.24670372 0.38487320 0.68306332 0.45640307 0.43897283 0.39989091 0.39776758 0.42659626 0.27333457 0.32107994 0.28743842 0.30392667 0.45211262 0.26516967 0.27231731 0.32609598 0.44787053 0.42241584 0.60332006 0.59958476 0.35045241 0.26358820 0.33334406 0.24971044 0.29582172 0.55234980 0.55119395 0.55439088 0.30755019 0.46314261 0.66080569 0.51719049 0.32327692 0.49471887 0.72847934 0.37531990 0.45334198 0.32333774 0.53994673 0.35027854 0.38502868 0.39790514 0.42048990 0.42749714 0.33174951 0.23510678 0.27560375 0.30264818 
0.29524699 0.46907250 0.28821825 0.28798505 0.38225759 0.40566541 0.43259725 0.52546904 0.46942013 0.73593058 0.38413433 0.56665172 0.00000000 0.41122471 0.32773730 0.42091717 0.39438749 0.31499670 0.42113616 0.32309848 0.41375815 0.37896624 0.25249971 0.29798254 0.29883474 0.37545720 0.36819674 0.48042081 0.40847079 0.30040096 0.30399397 0.54585882 0.43799222 0.41142199 0.38814970 0.40767661 0.25139542 0.49483724 0.35480704 0.39937277 0.41967831 0.52852046 0.40589836 0.40573666 0.32050630 0.51007194 0.29951558 0.69113576 0.50542611 0.32260347 0.75250153 0.50473358 0.32847980 0.48669054 1.24435894 0.35871245 0.29509101 0.34363579 0.29359971 0.26232472 0.22985578 
0.46095389 0.39550068 0.54007732 0.44814217 0.37118120 0.48938019 0.92229492 0.54327171 0.51773731 0.43309694 0.75339679 0.24670372 0.41122471 0.00000000 0.54484973 0.40852755 0.36369246 1.35825530 0.44208475 0.34933839 0.29223879 0.41044930 0.44958968 0.37112409 0.45025495 0.50804958 0.44496631 0.42321091 0.38092826 0.47144337 0.31608510 0.34487376 0.31484494 0.16840538 0.29384935 0.32081082 0.41099096 0.35992101 0.39529787 0.42547734 0.39546649 0.29833960 0.33833102 0.25417562 0.36691812 0.36564396 0.31589609 0.43750174 0.43135288 0.42377167 0.27565690 0.16150869 0.25465004 0.38590569 0.30015431 0.28247333 0.43233984 0.49119389 0.51019126 0.42167469 0.49634144 
0.40965632 0.44401157 0.46782884 0.57770678 0.50077725 0.53470958 0.53334010 0.56919735 0.34682022 0.39684474 0.71221905 0.38487320 0.32773730 0.54484973 0.00000000 0.25574337 0.29969199 0.63482636 0.97092840 0.40108878 0.40469765 0.44282571 0.51477980 0.48656950 0.37996333 0.49526605 0.43343671 0.48320455 0.48796110 0.35619758 0.27905147 0.23572181 0.41356264 0.48429945 0.22006611 0.32569700 1.00103600 0.89060937 0.51972345 0.21928741 0.28217931 0.24698044 0.29974352 0.24374931 0.28920802 0.24587926 0.28842316 0.22204844 0.21103455 0.37392954 0.41060587 0.34638552 0.51209291 0.38575483 0.38959893 0.37514719 0.51587828 0.42445764 0.37853971 0.42764697 0.43703385 
0.40485065 0.20669257 0.20585851 0.32585732 0.37930455 0.41300215 0.37750522 0.30473805 0.54166873 0.29502843 0.40780250 0.68306332 0.42091717 0.40852755 0.25574337 0.00000000 0.48031199 0.37470502 0.31437367 0.43271744 0.29763827 0.50984452 0.28665704 0.37149858 0.34342775 0.36682880 0.38221300 0.30858065 0.23669447 0.42771983 0.45576321 0.34565403 0.32278350 0.27286645 0.31124354 0.34612169 0.39448221 0.62425878 0.39659199 0.63051908 0.53476679 0.40393603 0.49916770 0.55568842 0.33778547 0.42743016 0.41916968 0.96350080 0.39133214 0.38016434 0.27226297 0.92479220 0.46446561 0.45595618 0.52239415 0.33994531 0.56328036 0.36524951 0.33677892 0.40966585 0.35893470 
0.40890824 0.25905701 0.34836954 0.33801030 0.54606613 0.48194723 0.36734848 0.36777315 0.42769101 0.34182177 0.29737332 0.45640307 0.39438749 0.36369246 0.29969199 0.48031199 0.00000000 0.30715912 0.42694803 0.41016339 0.48920074 0.63619507 0.40912279 0.43518051 0.42997858 0.44830401 0.49903660 0.38295397 0.33388976 0.55615814 0.31438769 0.37831255 0.32553019 0.28993077 0.21634867 0.30152606 0.36427861 0.35554958 0.51883779 0.39216921 0.44930411 0.27708658 0.52332008 0.33019161 0.39873265 0.46933842 0.36131953 0.35090011 0.41763159 0.43884528 0.33384299 0.68488883 0.63510689 0.33797342 0.56583670 0.84995231 0.38384110 0.45404760 0.41031249 0.38284094 0.41398095 
0.46569337 0.47305330 0.50639566 0.46788475 0.51421794 0.57287453 0.51771610 0.37633509 0.38797294 0.46326398 0.53833377 0.43897283 0.31499670 1.35825530 0.63482636 0.37470502 0.30715912 0.00000000 0.56875470 0.30562560 0.24726302 0.55414041 0.65772138 0.77481750 0.28749332 0.44260585 0.48447543 0.61213586 0.28704441 0.34315505 0.20578800 0.39464582 0.45233435 0.35953292 0.37276450 0.44129591 0.48369769 0.36591053 0.42442203 0.21979145 0.24037696 0.36370025 0.23598126 0.35376513 0.24956527 0.31716165 0.32147010 0.29748258 0.29036512 0.56321011 0.39842535 0.45771455 0.64364962 0.55033153 0.40886500 0.23646243 0.33565102 0.41706758 0.40563610 0.33127766 0.37670487 
0.54503585 0.43840328 0.45864070 0.42942098 0.38979221 0.28040519 0.31062843 0.39935940 0.29846262 0.36219628 0.40332889 0.39989091 0.42113616 0.44208475 0.97092840 0.31437367 0.42694803 0.56875470 0.00000000 0.30800431 0.60091077 0.37335106 0.50735697 0.44769698 0.42618341 0.62796627 0.42521826 0.31832373 1.19686853 0.22829763 0.22399775 0.30049040 0.50174852 0.80377122 0.45055322 0.27222826 1.22843964 0.46141147 0.38703402 0.32737097 0.23753423 0.24372200 0.33205054 0.36649967 0.34053639 0.46665478 0.31383924 0.30842348 0.27968254 0.39351102 0.28749399 0.28753296 0.38140085 0.32133783 0.27370344 0.39590754 0.39405059 0.38263256 0.33085310 0.44104648 0.38001325 
0.35783095 0.30239802 0.39687469 0.38405306 0.23126151 0.41953905 0.26307361 0.34366419 0.36935541 0.35563447 0.25939314 0.39776758 0.32309848 0.34933839 0.40108878 0.43271744 0.41016339 0.30562560 0.30800431 0.00000000 0.49866441 0.46924065 0.29111574 0.14050083 0.28750532 0.19567754 0.23176332 0.34023188 0.39482027 0.80302965 0.65868351 0.57317155 0.34620822 0.84274444 0.48973804 0.32059861 0.32684695 0.31265187 0.51733861 0.50538371 0.52133263 0.80605106 0.42713923 0.48683158 0.33594606 0.48512377 0.48198571 0.35254600 1.39397132 0.40007138 0.41983166 0.47350686 0.47599457 0.42300485 0.34720186 0.25504785 0.35418487 0.35311688 0.25361403 0.39449985 0.21788689 
0.44671092 0.56026265 0.29719569 0.32031063 0.41280077 0.40320878 0.27064704 0.20427491 0.50164266 0.29143582 0.23049232 0.42659626 0.41375815 0.29223879 0.40469765 0.29763827 0.48920074 0.24726302 0.60091077 0.49866441 0.00000000 0.74835594 0.46181985 0.34242524 0.34008498 0.39227084 0.36028508 0.32058784 0.53212334 0.31461866 0.43328245 0.45657129 0.43120687 0.53611237 0.58101025 0.43826223 0.31161716 0.43089089 0.24692006 0.61832090 0.45475325 0.56265826 0.22821604 0.30442592 0.48001070 0.48443285 0.41175549 0.52848639 0.72852818 0.41553392 0.47630155 0.37963778 0.55702108 0.35811777 0.23614357 0.45498985 0.51972939 0.48505653 0.36123566 0.24125571 0.40904961 
0.10227367 0.40917576 0.56363128 0.48695259 0.48131383 0.46471457 0.45733871 0.31289101 0.44525294 0.37757035 0.30437969 0.27333457 0.37896624 0.41044930 0.44282571 0.50984452 0.63619507 0.55414041 0.37335106 0.46924065 0.74835594 0.00000000 0.91412522 0.20843837 0.35069163 0.17661394 0.54302186 0.55739884 0.39934980 0.64126240 0.39801801 0.46859719 0.39103343 0.54789091 0.38101837 0.41561885 0.31331122 0.30794798 0.38086344 0.48659198 0.35677245 0.44848077 0.55095368 0.46607722 0.53092229 0.61510019 0.36918854 0.45223979 0.44581178 0.27481637 0.41417434 0.43146047 0.43788537 0.48992488 0.39818435 0.55851120 0.40594661 0.29765934 0.06621460 0.02483284 0.00000000 
0.30417282 0.46773440 0.42057633 0.37475193 0.37749604 0.54650465 0.51437570 0.45308452 0.36294084 0.34683346 0.41731892 0.32107994 0.25249971 0.44958968 0.51477980 0.28665704 0.40912279 0.65772138 0.50735697 0.29111574 0.46181985 0.91412522 0.00000000 0.76620442 0.89463777 0.37673341 0.40237947 0.44603440 0.44719361 0.25719173 0.30644751 0.48383657 0.45723246 0.42335893 0.33321155 0.55308449 0.42223236 0.26181510 0.47771321 0.38320608 0.30408254 0.45641855 0.34881684 0.43525938 0.53008579 0.41607591 0.41362172 0.48800976 0.20689209 0.34275821 0.36839477 0.24017860 0.40051116 0.35008611 0.26788342 0.36194518 0.39776396 0.39553932 0.24871104 0.31063737 0.41900120 
0.51863254 0.45040110 0.63488199 0.44285940 0.38319519 0.41411913 0.45460427 0.52067246 0.42468861 0.48970731 0.63247027 0.28743842 0.29798254 0.37112409 0.48656950 0.37149858 0.43518051 0.77481750 0.44769698 0.14050083 0.34242524 0.20843837 0.76620442 0.00000000 0.94818330 0.66357922 0.57124661 0.41975844 0.52607679 0.45483196 0.22249580 0.23057678 0.42378573 0.32622420 0.41636041 0.53465930 0.45440249 0.44779622 0.51670942 0.33089239 0.33258136 0.28033901 0.18740275 0.27141990 0.34493860 0.20735812 0.30906796 0.37401055 0.25554483 0.35378244 0.41070779 0.30500142 0.40443557 0.32977277 0.41638545 0.31487600 0.31528584 0.43686356 0.57331222 0.59789415 0.50285544 
0.52125509 0.57689957 0.49424177 0.51117306 0.22423572 0.44906728 0.48426346 0.42707768 0.41205277 0.46836805 0.53753289 0.30392667 0.29883474 0.45025495 0.37996333 0.34342775 0.42997858 0.28749332 0.42618341 0.28750532 0.34008498 0.35069163 0.89463777 0.94818330 0.00000000 1.29279271 0.70978036 0.43530352 0.58160269 0.17466048 0.27997510 0.30187685 0.28845064 0.48800943 0.41603922 0.41473083 0.36602825 0.31486931 0.45361402 0.26775103 0.41095341 0.23824191 0.16541122 0.24621898 0.38018808 0.22602927 0.31948350 0.19060238 0.25804022 0.36159081 0.33864228 0.44649673 0.44030202 0.38632567 0.29764781 0.35246454 0.39510778 0.44992722 0.48586426 0.44920117 0.51968004 
0.45409836 0.45484514 0.45945976 0.49911424 0.49255675 0.43786933 0.43073152 0.53380760 0.39703510 0.40216649 0.44915660 0.45211262 0.37545720 0.50804958 0.49526605 0.36682880 0.44830401 0.44260585 0.62796627 0.19567754 0.39227084 0.17661394 0.37673341 0.66357922 1.29279271 0.00000000 0.91582064 0.53712806 0.63607055 0.21472123 0.17305241 0.24400230 0.47421922 0.44143391 0.33868004 0.45625545 0.54864066 0.31608404 0.55090819 0.29832220 0.36624717 0.21817176 0.04303862 0.21192476 0.31018013 0.21904005 0.31563512 0.21609492 0.30447739 0.46494513 0.31689077 0.37747662 0.32405817 0.38848718 0.32202486 0.40118160 0.46263344 0.44947002 0.51310895 0.48756301 0.46590413 
0.50853620 0.30844589 0.52686364 0.46467128 0.51364715 0.35181156 0.49428760 0.54262370 0.29738784 0.37547943 0.41890946 0.26516967 0.36819674 0.44496631 0.43343671 0.38221300 0.49903660 0.48447543 0.42521826 0.23176332 0.36028508 0.54302186 0.40237947 0.57124661 0.70978036 0.91582064 0.00000000 0.58652635 0.63239458 0.42731537 0.22432387 0.36048256 0.47400114 0.34126517 0.43742404 0.55281767 0.59338143 0.39332779 0.37910702 0.31083299 0.30075293 0.22220921 0.27200222 0.27212149 0.20090992 0.38181564 0.32821380 0.31011783 0.37029712 0.39534050 0.44711987 0.34554947 0.31370495 0.62748895 0.54532644 0.33113903 0.42753001 0.48333946 0.45917277 0.43115566 0.48418368 
0.38639230 0.35568103 0.50791734 0.37895061 0.33922999 0.36824493 0.48594612 0.58676599 0.34699477 0.48372357 0.41921901 0.27231731 0.48042081 0.42321091 0.48320455 0.30858065 0.38295397 0.61213586 0.31832373 0.34023188 0.32058784 0.55739884 0.44603440 0.41975844 0.43530352 0.53712806 0.58652635 0.00000000 0.71743139 0.37517051 0.31111474 0.49170842 0.34323349 0.29289531 0.31891763 0.41206842 0.45178331 0.32478121 0.44393632 0.40044342 0.48504417 0.54376698 0.47894953 0.36113676 0.34270235 0.51729223 0.26602371 0.43333712 0.32895032 0.49337080 0.56765445 0.41512397 0.38315710 0.42606273 0.43388040 0.33541751 0.38442346 0.41308379 0.42487122 0.51921615 0.49134713 
0.42474631 0.47894985 0.61766504 0.37371748 0.36868482 0.26533196 0.54153121 0.45527272 0.33701518 0.26220057 0.34730700 0.32609598 0.40847079 0.38092826 0.48796110 0.23669447 0.33388976 0.28704441 1.19686853 0.39482027 0.53212334 0.39934980 0.44719361 0.52607679 0.58160269 0.63607055 0.63239458 0.71743139 0.00000000 0.46386633 0.29882003 0.45337520 0.76326219 0.47003662 0.38041332 0.42772366 1.00725765 0.45426811 0.29269317 0.27493850 0.32029618 0.35049235 0.14173607 0.21947947 0.39626342 0.29582057 0.33529022 0.28150264 0.29264835 0.37263289 0.52411629 0.28247399 0.41491999 0.39875924 0.36744152 0.49131429 0.28273876 0.39968275 0.40277455 0.35485113 0.34531231 
0.42496195 0.36779395 0.26867057 0.31177608 0.33530010 0.44530576 0.26838857 0.27919481 0.38684012 0.37575596 0.45217871 0.44787053 0.30040096 0.47144337 0.35619758 0.42771983 0.55615814 0.34315505 0.22829763 0.80302965 0.31461866 0.64126240 0.25719173 0.45483196 0.17466048 0.21472123 0.42731537 0.37517051 0.46386633 0.00000000 0.64665553 0.42844171 0.50921513 0.55197832 0.50064476 0.44510325 0.42386469 0.30104134 0.28479489 0.51457059 0.59478961 0.58505042 0.53346040 0.47154214 0.45707010 0.41783185 0.41874558 0.49215246 0.55570330 0.39826549 0.66226850 0.35033348 0.35957059 0.31578263 0.37993351 0.40891841 0.28503241 0.40777672 0.36232780 0.28906301 0.30981935 
0.22387137 0.25069947 0.37208012 0.36466589 0.41975764 0.42845153 0.32313787 0.36274603 0.36114046 0.35116573 0.33310792 0.42241584 0.30399397 0.31608510 0.27905147 0.45576321 0.31438769 0.20578800 0.22399775 0.65868351 0.43328245 0.39801801 0.30644751 0.22249580 0.27997510 0.17305241 0.22432387 0.31111474 0.29882003 0.64665553 0.00000000 0.33131597 0.23975423 0.49875940 0.80053613 0.41968121 0.29306269 0.51690994 0.50785232 0.46513656 0.51824342 0.73612405 0.84374666 0.80675992 0.39252525 0.93895116 0.95773225 0.44753337 0.69029374 0.47575154 0.52246986 0.28610373 0.34161841 0.37654696 0.30171588 0.24721540 0.53365383 0.32422861 0.24569178 0.29724754 0.26489414 
0.36256871 0.41350395 0.36162419 0.44670878 0.47124751 0.40285596 0.40644925 0.43475199 0.28103547 0.32730369 0.36667977 0.60332006 0.54585882 0.34487376 0.23572181 0.34565403 0.37831255 0.39464582 0.30049040 0.57317155 0.45657129 0.46859719 0.48383657 0.23057678 0.30187685 0.24400230 0.36048256 0.49170842 0.45337520 0.42844171 0.33131597 0.00000000 0.51884890 0.43505327 0.59910097 1.06337167 0.30362681 0.47867094 0.25414583 0.43363116 0.66846759 1.00550169 0.58317577 0.63464101 0.56483589 0.47875559 0.36674705 0.34806958 0.32515670 0.23479542 0.46985393 0.42541272 0.41039382 0.34501383 0.39109757 0.31998790 0.40365270 0.34425610 0.31528397 0.30113016 0.29315815 
0.49441641 0.36531525 0.37990289 0.45211578 0.25654841 0.38560319 0.43389543 0.48680105 0.32720478 0.47816770 0.38700141 0.59958476 0.43799222 0.31484494 0.41356264 0.32278350 0.32553019 0.45233435 0.50174852 0.34620822 0.43120687 0.39103343 0.45723246 0.42378573 0.28845064 0.47421922 0.47400114 0.34323349 0.76326219 0.50921513 0.23975423 0.51884890 0.00000000 0.60761738 0.46113657 0.61469985 0.49405600 0.48204978 0.40450090 0.45378181 0.29393473 0.52318394 0.47674977 0.30309805 0.46014232 0.35216162 0.29798770 0.41332730 0.25761221 0.39746257 0.37495800 0.39910223 0.37050995 0.41308662 0.48497833 0.48519114 0.31398889 0.34450553 0.43779415 0.30633448 0.34827104 
0.37750032 0.26609619 0.15448227 0.44341225 0.45475864 0.32927085 0.24091129 0.39067703 0.40165978 0.30964299 0.24681044 0.35045241 0.41142199 0.16840538 0.48429945 0.27286645 0.28993077 0.35953292 0.80377122 0.84274444 0.53611237 0.54789091 0.42335893 0.32622420 0.48800943 0.44143391 0.34126517 0.29289531 0.47003662 0.55197832 0.49875940 0.43505327 0.60761738 0.00000000 0.50484981 0.22531727 0.39723185 0.58704663 0.43941147 0.41426395 0.51443691 0.42208420 0.39647573 0.36236306 0.36769137 0.44991915 0.43736378 0.54386857 0.67428506 0.36279204 0.32929241 0.29037134 0.56425103 0.30009293 0.37079054 0.29809094 0.32045065 0.40077889 0.52615549 0.42886227 0.41777359 
0.41691805 0.26634331 0.42996232 0.33158976 0.50637245 0.37859897 0.25537012 0.36179705 0.35859396 0.29717932 0.29838333 0.26358820 0.38814970 0.29384935 0.22006611 0.31124354 0.21634867 0.37276450 0.45055322 0.48973804 0.58101025 0.38101837 0.33321155 0.41636041 0.41603922 0.33868004 0.43742404 0.31891763 0.38041332 0.50064476 0.80053613 0.59910097 0.46113657 0.50484981 0.00000000 0.42841663 0.26767026 0.44383191 0.43928136 0.27949664 0.44811528 0.79222849 0.70495880 0.62547177 0.50395238 0.46401870 0.43980076 0.37968126 0.18961036 0.57063885 0.32450287 0.47014058 0.42771698 0.39823688 0.44421400 0.38450651 0.47084456 0.36202796 0.34217845 0.42591236 0.32907210 
0.43866378 0.33287380 0.49823414 0.57549523 0.40704329 0.37186266 0.54450529 0.55057675 0.38202572 0.42812070 0.42309160 0.33334406 0.40767661 0.32081082 0.32569700 0.34612169 0.30152606 0.44129591 0.27222826 0.32059861 0.43826223 0.41561885 0.55308449 0.53465930 0.41473083 0.45625545 0.55281767 0.41206842 0.42772366 0.44510325 0.41968121 1.06337167 0.61469985 0.22531727 0.42841663 0.00000000 0.49818263 0.33765654 0.59829534 0.31666568 0.36836322 0.35126441 0.35288511 0.30108860 0.41319786 0.31528850 0.33989449 0.36305047 0.38876144 0.45549443 0.29739286 0.23888623 0.41626735 0.54294952 0.42482096 0.34755947 0.56505360 0.41629803 0.45089190 0.49824215 0.45291249 
0.50086380 0.42679992 0.39051117 0.42582640 0.38652259 0.38725611 0.51915935 0.39253629 0.40587662 0.36012606 0.44092347 0.24971044 0.25139542 0.41099096 1.00103600 0.39448221 0.36427861 0.48369769 1.22843964 0.32684695 0.31161716 0.31331122 0.42223236 0.45440249 0.36602825 0.54864066 0.59338143 0.45178331 1.00725765 0.42386469 0.29306269 0.30362681 0.49405600 0.39723185 0.26767026 0.49818263 0.00000000 0.47863791 0.49689373 0.29584992 0.36390813 0.19308589 0.44501332 0.34884059 0.41262859 0.34683298 0.36841317 0.43283338 0.26738396 0.41834550 0.39376928 0.27461175 0.32628996 0.41376031 0.28583409 0.26816265 0.60360807 0.38703623 0.45567770 0.43157056 0.49026877 
0.40449984 0.35354610 0.21228498 0.24100657 0.42283223 0.31226447 0.36929208 0.34321361 0.45790063 0.39878825 0.36097695 0.29582172 0.49483724 0.35992101 0.89060937 0.62425878 0.35554958 0.36591053 0.46141147 0.31265187 0.43089089 0.30794798 0.26181510 0.44779622 0.31486931 0.31608404 0.39332779 0.32478121 0.45426811 0.30104134 0.51690994 0.47867094 0.48204978 0.58704663 0.44383191 0.33765654 0.47863791 0.00000000 0.54909351 0.58898263 0.36636178 0.45354310 0.31841768 0.38894378 0.93229296 0.54977018 0.41753610 0.34708703 0.48321122 0.42037059 0.70524036 0.32918459 0.34050515 0.45330620 0.37430867 0.35164192 0.29130648 0.39603092 0.36549736 0.40268011 0.41587498 
0.44454681 0.32612248 0.48148300 0.43643531 0.30003087 0.47754739 0.52890107 0.53010542 0.45525998 0.51109033 0.37934876 0.55234980 0.35480704 0.39529787 0.51972345 0.39659199 0.51883779 0.42442203 0.38703402 0.51733861 0.24692006 0.38086344 0.47771321 0.51670942 0.45361402 0.55090819 0.37910702 0.44393632 0.29269317 0.28479489 0.50785232 0.25414583 0.40450090 0.43941147 0.43928136 0.59829534 0.49689373 0.54909351 0.00000000 0.31595737 0.35126570 0.30586229 0.29567381 0.27443122 0.44658074 0.37258074 0.44292906 0.32254510 0.40458082 0.28328101 0.48182091 0.25857885 0.32785471 0.48714449 0.33949013 0.31086832 0.31367579 0.43296154 0.59931793 0.51449398 0.54691289 
0.39318594 0.39452128 0.28991366 0.25249159 0.36015358 0.37431774 0.39658374 0.39096250 0.39281571 0.24338093 0.32440760 0.55119395 0.39937277 0.42547734 0.21928741 0.63051908 0.39216921 0.21979145 0.32737097 0.50538371 0.61832090 0.48659198 0.38320608 0.33089239 0.26775103 0.29832220 0.31083299 0.40044342 0.27493850 0.51457059 0.46513656 0.43363116 0.45378181 0.41426395 0.27949664 0.31666568 0.29584992 0.58898263 0.31595737 0.00000000 0.47617231 0.48063290 0.54240729 0.48709985 1.22862322 0.38954917 0.59412737 0.40650411 0.42415900 0.37275090 0.39463649 0.22543127 0.38937673 0.43469443 0.53032477 0.35288798 0.51914197 0.40103902 0.51017827 0.46516749 0.45070193 
0.28211664 0.47816920 0.27266453 0.28568600 0.39965408 0.35376800 0.35301246 0.29130026 0.45076487 0.28056155 0.35049781 0.55439088 0.41967831 0.39546649 0.28217931 0.53476679 0.44930411 0.24037696 0.23753423 0.52133263 0.45475325 0.35677245 0.30408254 0.33258136 0.41095341 0.36624717 0.30075293 0.48504417 0.32029618 0.59478961 0.51824342 0.66846759 0.29393473 0.51443691 0.44811528 0.36836322 0.36390813 0.36636178 0.35126570 0.47617231 0.00000000 0.56835862 0.64293266 0.48388091 0.49234515 0.52305377 0.62626223 0.41449676 0.45684140 0.38614917 0.39740707 0.45243868 0.42008355 0.33609100 0.26579365 0.30564550 0.43117833 0.36124911 0.49441312 0.52023827 0.42248944 
0.32838952 0.33929369 0.34822408 0.29258881 0.25300380 0.27841898 0.31803824 0.27116443 0.41006162 0.45494290 0.29057784 0.30755019 0.52852046 0.29833960 0.24698044 0.40393603 0.27708658 0.36370025 0.24372200 0.80605106 0.56265826 0.44848077 0.45641855 0.28033901 0.23824191 0.21817176 0.22220921 0.54376698 0.35049235 0.58505042 0.73612405 1.00550169 0.52318394 0.42208420 0.79222849 0.35126441 0.19308589 0.45354310 0.30586229 0.48063290 0.56835862 0.00000000 0.78467530 0.62413257 0.51728476 0.60491412 0.58012297 0.42856292 0.57892743 0.41786046 0.41289934 0.43642159 0.29499018 0.34030508 0.40528448 0.34270341 0.44627999 0.40961005 0.20063818 0.28523281 0.20312744 
0.16980606 0.28629498 0.17686307 0.50431244 0.40664771 0.33178688 0.32983820 0.27257992 0.30264734 0.40124537 0.30940423 0.46314261 0.40589836 0.33833102 0.29974352 0.49916770 0.52332008 0.23598126 0.33205054 0.42713923 0.22821604 0.55095368 0.34881684 0.18740275 0.16541122 0.04303862 0.27200222 0.47894953 0.14173607 0.53346040 0.84374666 0.58317577 0.47674977 0.39647573 0.70495880 0.35288511 0.44501332 0.31841768 0.29567381 0.54240729 0.64293266 0.78467530 0.00000000 0.91759328 0.34246717 1.08427156 0.90232675 0.44893992 0.60228424 0.55453967 0.48380075 0.58045139 0.31691014 0.50015192 0.42394770 0.48686277 0.32964741 0.31304243 0.10803124 0.10547679 0.12387973 
0.30095653 0.41933588 0.27307932 0.47030686 0.34703729 0.27453148 0.30641078 0.24337373 0.37678552 0.31832498 0.24751310 0.66080569 0.40573666 0.25417562 0.24374931 0.55568842 0.33019161 0.35376513 0.36649967 0.48683158 0.30442592 0.46607722 0.43525938 0.27141990 0.24621898 0.21192476 0.27212149 0.36113676 0.21947947 0.47154214 0.80675992 0.63464101 0.30309805 0.36236306 0.62547177 0.30108860 0.34884059 0.38894378 0.27443122 0.48709985 0.48388091 0.62413257 0.91759328 0.00000000 0.45694435 0.62742008 1.28455761 0.74329750 0.55334368 0.44537143 0.52616834 0.45657704 0.39522900 0.29290360 0.36566805 0.36869757 0.36752599 0.39416951 0.18121165 0.19125149 0.17000562 
0.40937840 0.27702538 0.27447541 0.32539997 0.38101216 0.25813440 0.26408508 0.27431970 0.39341877 0.35685936 0.38809351 0.51719049 0.32050630 0.36691812 0.28920802 0.33778547 0.39873265 0.24956527 0.34053639 0.33594606 0.48001070 0.53092229 0.53008579 0.34493860 0.38018808 0.31018013 0.20090992 0.34270235 0.39626342 0.45707010 0.39252525 0.56483589 0.46014232 0.36769137 0.50395238 0.41319786 0.41262859 0.93229296 0.44658074 1.22862322 0.49234515 0.51728476 0.34246717 0.45694435 0.00000000 0.42356649 0.38992746 0.30333775 0.47510816 0.32935855 0.33251557 0.35525660 0.47158039 0.32026184 0.44865369 0.38158684 0.45028035 0.42041315 0.34309121 0.37242270 0.63282339 
0.25970624 0.36930402 0.39335895 0.32455996 0.38217279 0.37238723 0.31797884 0.28029063 0.39956358 0.31030982 0.28674060 0.32327692 0.51007194 0.36564396 0.24587926 0.42743016 0.46933842 0.31716165 0.46665478 0.48512377 0.48443285 0.61510019 0.41607591 0.20735812 0.22602927 0.21904005 0.38181564 0.51729223 0.29582057 0.41783185 0.93895116 0.47875559 0.35216162 0.44991915 0.46401870 0.31528850 0.34683298 0.54977018 0.37258074 0.38954917 0.52305377 0.60491412 1.08427156 0.62742008 0.42356649 0.00000000 0.62244212 0.46185654 0.57395212 0.54323948 0.24950135 0.36808663 0.41267279 0.35142067 0.32749816 0.25425389 0.34243378 0.39135274 0.27103081 0.23286964 0.25529970 
0.38057855 0.31063315 0.33550852 0.34726364 0.29442736 0.29257076 0.24910955 0.19544859 0.36919710 0.29326367 0.36670817 0.49471887 0.29951558 0.31589609 0.28842316 0.41916968 0.36131953 0.32147010 0.31383924 0.48198571 0.41175549 0.36918854 0.41362172 0.30906796 0.31948350 0.31563512 0.32821380 0.26602371 0.33529022 0.41874558 0.95773225 0.36674705 0.29798770 0.43736378 0.43980076 0.33989449 0.36841317 0.41753610 0.44292906 0.59412737 0.62626223 0.58012297 0.90232675 1.28455761 0.38992746 0.62244212 0.00000000 0.59251037 0.46150382 0.38954875 0.33045877 0.36803062 0.35859871 0.25939710 0.38852059 0.30640775 0.39525757 0.46427927 0.32792055 0.34138973 0.35171428 
0.36432278 0.29838207 0.46699617 0.36113078 0.40800110 0.45760946 0.31732530 0.30129500 0.39780378 0.47067097 0.27132219 0.72847934 0.69113576 0.43750174 0.22204844 0.96350080 0.35090011 0.29748258 0.30842348 0.35254600 0.52848639 0.45223979 0.48800976 0.37401055 0.19060238 0.21609492 0.31011783 0.43333712 0.28150264 0.49215246 0.44753337 0.34806958 0.41332730 0.54386857 0.37968126 0.36305047 0.43283338 0.34708703 0.32254510 0.40650411 0.41449676 0.42856292 0.44893992 0.74329750 0.30333775 0.46185654 0.59251037 0.00000000 0.37195791 0.39569381 0.45705340 0.77089712 0.30151898 0.31229859 0.42699915 0.37678918 0.35372037 0.35630735 0.37922083 0.39300585 0.36306689 
0.40879386 0.33527355 0.39959098 0.47349171 0.26911449 0.33164727 0.25558749 0.21590736 0.33841578 0.28721082 0.11553159 0.37531990 0.50542611 0.43135288 0.21103455 0.39133214 0.41763159 0.29036512 0.27968254 1.39397132 0.72852818 0.44581178 0.20689209 0.25554483 0.25804022 0.30447739 0.37029712 0.32895032 0.29264835 0.55570330 0.69029374 0.32515670 0.25761221 0.67428506 0.18961036 0.38876144 0.26738396 0.48321122 0.40458082 0.42415900 0.45684140 0.57892743 0.60228424 0.55334368 0.47510816 0.57395212 0.46150382 0.37195791 0.00000000 1.02378535 0.37617033 0.61900139 0.55093563 0.30928536 0.36796383 0.60944621 0.30351860 0.32894270 0.22602404 0.41863212 0.26478485 
0.47865239 0.47992188 0.52655378 0.39992838 0.30383436 0.33926558 0.40308993 0.40210851 0.39809389 0.36032716 0.50993517 0.45334198 0.32260347 0.42377167 0.37392954 0.38016434 0.43884528 0.56321011 0.39351102 0.40007138 0.41553392 0.27481637 0.34275821 0.35378244 0.36159081 0.46494513 0.39534050 0.49337080 0.37263289 0.39826549 0.47575154 0.23479542 0.39746257 0.36279204 0.57063885 0.45549443 0.41834550 0.42037059 0.28328101 0.37275090 0.38614917 0.41786046 0.55453967 0.44537143 0.32935855 0.54323948 0.38954875 0.39569381 1.02378535 0.00000000 0.57520040 0.41786753 0.38365709 0.56995150 0.36297895 0.40460886 0.38573264 0.40851110 0.41361116 0.59661260 0.44300898 
0.50243664 0.33486865 0.36759914 0.31907771 0.38975209 0.37755197 0.38869722 0.38963232 0.43798450 0.47604992 0.44518994 0.32333774 0.75250153 0.27565690 0.41060587 0.27226297 0.33384299 0.39842535 0.28749399 0.41983166 0.47630155 0.41417434 0.36839477 0.41070779 0.33864228 0.31689077 0.44711987 0.56765445 0.52411629 0.66226850 0.52246986 0.46985393 0.37495800 0.32929241 0.32450287 0.29739286 0.39376928 0.70524036 0.48182091 0.39463649 0.39740707 0.41289934 0.48380075 0.52616834 0.33251557 0.24950135 0.33045877 0.45705340 0.37617033 0.57520040 0.00000000 0.58597127 0.30691401 0.57921372 0.59064736 0.47893766 0.39645935 0.33051621 0.43749558 0.38994590 0.47111762 
0.33018521 0.36975349 0.30936376 0.40400948 0.60966418 0.53577690 0.45048245 0.45429942 0.50853311 0.63769747 0.34804952 0.53994673 0.50473358 0.16150869 0.34638552 0.92479220 0.68488883 0.45771455 0.28753296 0.47350686 0.37963778 0.43146047 0.24017860 0.30500142 0.44649673 0.37747662 0.34554947 0.41512397 0.28247399 0.35033348 0.28610373 0.42541272 0.39910223 0.29037134 0.47014058 0.23888623 0.27461175 0.32918459 0.25857885 0.22543127 0.45243868 0.43642159 0.58045139 0.45657704 0.35525660 0.36808663 0.36803062 0.77089712 0.61900139 0.41786753 0.58597127 0.00000000 0.48809616 0.38276358 0.44539887 0.43615338 0.41910429 0.35324602 0.26392553 0.34905973 0.36357897 
0.43146967 0.52625849 0.47061345 0.38937199 0.62186093 0.47038525 0.37979121 0.54655562 0.40766468 0.36570304 0.44346295 0.35027854 0.32847980 0.25465004 0.51209291 0.46446561 0.63510689 0.64364962 0.38140085 0.47599457 0.55702108 0.43788537 0.40051116 0.40443557 0.44030202 0.32405817 0.31370495 0.38315710 0.41491999 0.35957059 0.34161841 0.41039382 0.37050995 0.56425103 0.42771698 0.41626735 0.32628996 0.34050515 0.32785471 0.38937673 0.42008355 0.29499018 0.31691014 0.39522900 0.47158039 0.41267279 0.35859871 0.30151898 0.55093563 0.38365709 0.30691401 0.48809616 0.00000000 0.39564518 0.44344090 0.52579097 0.63235347 0.37186706 0.25065364 0.34138608 0.32112294 
0.43007943 0.43471507 0.63362089 0.48263020 0.46992140 0.41099235 0.62254483 0.55945355 0.40077687 0.32879911 0.55527126 0.38502868 0.48669054 0.38590569 0.38575483 0.45595618 0.33797342 0.55033153 0.32133783 0.42300485 0.35811777 0.48992488 0.35008611 0.32977277 0.38632567 0.38848718 0.62748895 0.42606273 0.39875924 0.31578263 0.37654696 0.34501383 0.41308662 0.30009293 0.39823688 0.54294952 0.41376031 0.45330620 0.48714449 0.43469443 0.33609100 0.34030508 0.50015192 0.29290360 0.32026184 0.35142067 0.25939710 0.31229859 0.30928536 0.56995150 0.57921372 0.38276358 0.39564518 0.00000000 0.51461876 0.43311736 0.50880084 0.42317437 0.45781432 0.47349451 0.56191458 
0.35656404 0.49183382 0.40294697 0.46232977 0.36080098 0.39932968 0.45883109 0.52168276 0.34471487 0.88844416 0.49475067 0.39790514 1.24435894 0.30015431 0.38959893 0.52239415 0.56583670 0.40886500 0.27370344 0.34720186 0.23614357 0.39818435 0.26788342 0.41638545 0.29764781 0.32202486 0.54532644 0.43388040 0.36744152 0.37993351 0.30171588 0.39109757 0.48497833 0.37079054 0.44421400 0.42482096 0.28583409 0.37430867 0.33949013 0.53032477 0.26579365 0.40528448 0.42394770 0.36566805 0.44865369 0.32749816 0.38852059 0.42699915 0.36796383 0.36297895 0.59064736 0.44539887 0.44344090 0.51461876 0.00000000 0.39125121 0.30528108 0.47042701 0.39979079 0.26724379 0.36197071 
0.44565606 0.58476534 0.44509738 0.49148816 0.66715658 0.51000083 0.38209271 0.46406878 0.82065031 0.40797042 0.39033552 0.42048990 0.35871245 0.28247333 0.37514719 0.33994531 0.84995231 0.23646243 0.39590754 0.25504785 0.45498985 0.55851120 0.36194518 0.31487600 0.35246454 0.40118160 0.33113903 0.33541751 0.49131429 0.40891841 0.24721540 0.31998790 0.48519114 0.29809094 0.38450651 0.34755947 0.26816265 0.35164192 0.31086832 0.35288798 0.30564550 0.34270341 0.48686277 0.36869757 0.38158684 0.25425389 0.30640775 0.37678918 0.60944621 0.40460886 0.47893766 0.43615338 0.52579097 0.43311736 0.39125121 0.00000000 0.57687172 0.38325316 0.37875221 0.47084130 0.34122670 
0.33300227 0.36053716 0.51316736 0.44319829 0.52872262 0.48911537 0.46404336 0.45403513 0.47398131 0.35883530 0.51361976 0.42749714 0.29509101 0.43233984 0.51587828 0.56328036 0.38384110 0.33565102 0.39405059 0.35418487 0.51972939 0.40594661 0.39776396 0.31528584 0.39510778 0.46263344 0.42753001 0.38442346 0.28273876 0.28503241 0.53365383 0.40365270 0.31398889 0.32045065 0.47084456 0.56505360 0.60360807 0.29130648 0.31367579 0.51914197 0.43117833 0.44627999 0.32964741 0.36752599 0.45028035 0.34243378 0.39525757 0.35372037 0.30351860 0.38573264 0.39645935 0.41910429 0.63235347 0.50880084 0.30528108 0.57687172 0.00000000 0.46761471 0.37840454 0.33479949 0.37087062 
0.47842416 0.47820311 0.44224655 0.42611260 0.41764541 0.35246559 0.46264223 0.46111174 0.36788301 0.43844330 0.43316267 0.33174951 0.34363579 0.49119389 0.42445764 0.36524951 0.45404760 0.41706758 0.38263256 0.35311688 0.48505653 0.29765934 0.39553932 0.43686356 0.44992722 0.44947002 0.48333946 0.41308379 0.39968275 0.40777672 0.32422861 0.34425610 0.34450553 0.40077889 0.36202796 0.41629803 0.38703623 0.39603092 0.43296154 0.40103902 0.36124911 0.40961005 0.31304243 0.39416951 0.42041315 0.39135274 0.46427927 0.35630735 0.32894270 0.40851110 0.33051621 0.35324602 0.37186706 0.42317437 0.47042701 0.38325316 0.46761471 0.00000000 0.44677009 0.50207503 0.39766371 
0.64413969 0.46642572 0.51026084 0.49228898 0.60063801 0.39814147 0.48307391 0.50050275 0.35402381 0.53760188 0.41778826 0.23510678 0.29359971 0.51019126 0.37853971 0.33677892 0.41031249 0.40563610 0.33085310 0.25361403 0.36123566 0.06621460 0.24871104 0.57331222 0.48586426 0.51310895 0.45917277 0.42487122 0.40277455 0.36232780 0.24569178 0.31528397 0.43779415 0.52615549 0.34217845 0.45089190 0.45567770 0.36549736 0.59931793 0.51017827 0.49441312 0.20063818 0.10803124 0.18121165 0.34309121 0.27103081 0.32792055 0.37922083 0.22602404 0.41361116 0.43749558 0.26392553 0.25065364 0.45781432 0.39979079 0.37875221 0.37840454 0.44677009 0.00000000 1.10174117 1.03647478 
