0.00000000 0.52848605 0.52181148 0.60222748 0.33968030 0.36794889 0.32276481 0.43164610 0.31452972 0.54973493 0.42651856 0.33481599 0.34835341 0.45628911 0.38691783 0.43721932 0.35551072 0.44327532 0.47983473 0.40647394 0.36844910 0.13513649 0.25888657 0.47631569 0.45999147 0.37568590 0.53638503 0.40474063 0.34074289 0.51167833 0.31762709 0.34081437 0.43009232 0.38214240 0.43573040 0.46700337 0.53475081 0.37784199 0.39494128 0.33469063 0.29986137 0.34770223 0.19031778 0.34261131 0.42710277 0.23671341 0.39015636 0.38153105 0.32986970 0.53632108 0.46987025 0.30460977 0.48609704 0.42460753 0.32185166 0.42540682 0.38050463 0.46524281 0.70437357 0.62172490 0.64088746 
0.52848605 0.00000000 0.62325865 0.45523777 0.57028858 0.51468823 0.37243458 0.36761776 0.64585544 0.27876108 0.43230109 0.31378600 0.45598005 0.46659452 0.43958544 0.20147697 0.28570264 0.49223223 0.48540886 0.33339304 0.57823508 0.43043994 0.47374141 0.47272479 0.55755613 0.41154063 0.38293833 0.39271669 0.50685672 0.28601371 0.26688746 0.37423554 0.37247387 0.22617455 0.28012410 0.29848608 0.35660426 0.36382649 0.26425345 0.37322528 0.38930452 0.33950005 0.24893915 0.46077434 0.24473831 0.36826610 0.33682981 0.27430196 0.26074299 0.44032410 0.39025188 0.36824701 0.57018772 0.53184167 0.47937077 0.46444747 0.41249930 0.49123859 0.49393005 0.55734860 0.56162538 
0.52181148 0.62325865 0.00000000 0.53082311 0.51131915 0.54133285 0.65067605 0.52475025 0.45005360 0.44543273 0.44839061 0.40038319 0.26920355 0.54694392 0.51929474 0.19310257 0.36025390 0.64699009 0.59291108 0.32920140 0.28284489 0.54974517 0.43689325 0.64603706 0.49190388 0.43557201 0.48672948 0.45436695 0.57998234 0.24671377 0.37185177 0.43550612 0.38706240 0.12940622 0.34993957 0.48052428 0.41207079 0.21974212 0.49575816 0.33280027 0.36231645 0.32469967 0.18722275 0.26804158 0.29692457 0.34981005 0.30594660 0.40154018 0.38971872 0.44575336 0.37605154 0.32063502 0.34533355 0.63351173 0.40583320 0.46525098 0.40507469 0.43075992 0.48799789 0.49059612 0.47050163 
0.60222748 0.45523777 0.53082311 0.00000000 0.51747441 0.50028953 0.62150650 0.70806991 0.39337742 0.38026191 0.57167551 0.25088328 0.23862034 0.40330769 0.55366258 0.26847846 0.28843074 0.42633402 0.45412717 0.37915262 0.31282413 0.44144493 0.40349900 0.56211487 0.56003564 0.50675150 0.45302968 0.44738739 0.45663718 0.35669785 0.39783222 0.36169863 0.45340119 0.45201516 0.29481519 0.53720808 0.46469461 0.18873458 0.43718412 0.26929175 0.26471629 0.27302411 0.51821801 0.42877848 0.38092830 0.32357280 0.33399259 0.35376296 0.41399680 0.40331912 0.38809180 0.36816184 0.34506045 0.42362850 0.43761345 0.41958803 0.45979547 0.44745504 0.49558907 0.43883149 0.50901100 
0.33968030 0.57028858 0.51131915 0.51747441 0.00000000 0.69641804 0.50023268 0.57042859 0.47833601 0.44111446 0.38136133 0.57519530 0.36123691 0.33600380 0.42742047 0.32243074 0.50119267 0.55375544 0.36262681 0.24269408 0.47559970 0.48083183 0.30987649 0.35620349 0.28107777 0.52012793 0.51860824 0.33928363 0.40988126 0.30739540 0.37740340 0.46405520 0.28856883 0.36938257 0.44580259 0.43234883 0.37690710 0.38977283 0.27761842 0.37584524 0.40115602 0.31195612 0.37447614 0.33983126 0.37445034 0.34862233 0.25679531 0.45041450 0.28639649 0.33780280 0.31397550 0.47782338 0.55040251 0.48338132 0.45586672 0.68330663 0.62034662 0.41100388 0.53353621 0.44431306 0.40797039 
0.36794889 0.51468823 0.54133285 0.50028953 0.69641804 0.00000000 0.36891459 0.61202806 0.43676310 0.60287019 0.39028984 0.44195502 0.39643326 0.49864441 0.44848863 0.29631845 0.58858767 0.53662346 0.26980985 0.35643629 0.44450467 0.42688082 0.59188414 0.40598948 0.50195802 0.42435716 0.33955052 0.36410046 0.29149129 0.43437398 0.42743338 0.46960151 0.35732302 0.33066543 0.35460270 0.41030867 0.40100892 0.29485785 0.43740387 0.35497372 0.34038971 0.27961634 0.31436169 0.32888253 0.29199837 0.37212856 0.28466329 0.47362675 0.33295762 0.31419079 0.40663177 0.49087218 0.38667944 0.31752733 0.42582260 0.46209906 0.56300826 0.35893798 0.35502318 0.39864628 0.37586497 
0.32276481 0.37243458 0.65067605 0.62150650 0.50023268 0.36891459 0.00000000 0.63788978 0.46036109 0.38347170 0.58193850 0.35591931 0.37230007 0.87898640 0.49370786 0.39179091 0.34173900 0.59362135 0.33756514 0.27546127 0.32895154 0.45311426 0.48252765 0.50895938 0.54225091 0.44680582 0.50731116 0.52869037 0.51609289 0.29626233 0.33022043 0.37279396 0.48845270 0.23184356 0.25441173 0.60150306 0.48806716 0.32770161 0.49739432 0.32452707 0.35803230 0.28834984 0.31149419 0.29418752 0.29670461 0.30189540 0.27103972 0.36018020 0.19225494 0.39573759 0.43599655 0.42389988 0.36365337 0.57737549 0.44387301 0.33190074 0.45744505 0.43720986 0.42769300 0.38694986 0.51096426 
0.43164610 0.36761776 0.52475025 0.70806991 0.57042859 0.61202806 0.63788978 0.00000000 0.42754522 0.36694141 0.49905997 0.53521681 0.46163278 0.50323709 0.53145267 0.32712446 0.36511764 0.32018156 0.36226240 0.33350253 0.20403346 0.32988702 0.51407030 0.56411908 0.47668447 0.51339564 0.48140955 0.56495808 0.47842344 0.35433261 0.35196427 0.50813546 0.51547810 0.39852668 0.32961006 0.45055827 0.39480082 0.33258945 0.53174137 0.36437059 0.36317916 0.19977525 0.25113275 0.23339726 0.28945002 0.24420582 0.23832927 0.35048219 0.20927685 0.36305083 0.37266627 0.53092907 0.43784811 0.50633414 0.54814913 0.44261993 0.36017548 0.44935129 0.53848748 0.55695754 0.51359021 
0.31452972 0.64585544 0.45005360 0.39337742 0.47833601 0.43676310 0.46036109 0.42754522 0.00000000 0.43861430 0.51503165 0.44282025 0.42640011 0.52832893 0.31962519 0.59311329 0.48736189 0.39442239 0.27424101 0.35796059 0.47775089 0.38518887 0.42103801 0.42765486 0.36519284 0.41958920 0.25081992 0.34301363 0.31383229 0.35906571 0.38067458 0.34395102 0.32859895 0.45141098 0.34753790 0.37096207 0.32773084 0.44459231 0.46095794 0.41882681 0.40679359 0.35691482 0.33239278 0.34698396 0.32666830 0.39666471 0.40072915 0.38009823 0.33475040 0.37884747 0.41561870 0.58926965 0.41641956 0.39073197 0.31129895 0.77577690 0.47178060 0.32475674 0.32445405 0.28220311 0.27694162 
0.54973493 0.27876108 0.44543273 0.38026191 0.44111446 0.60287019 0.38347170 0.36694141 0.43861430 0.00000000 1.09536083 0.63268543 0.81564654 0.43086894 0.34223880 0.34329614 0.31583743 0.38283209 0.36174976 0.32805328 0.33527789 0.34911722 0.38289272 0.34223278 0.51728280 0.45576980 0.38314571 0.42700997 0.31166116 0.34882373 0.36574601 0.39166730 0.41445575 0.29940487 0.28917936 0.41319980 0.32926097 0.40164577 0.58025975 0.25397993 0.24656648 0.52650350 0.36294492 0.32396164 0.26183796 0.32888522 0.24105124 0.52175769 0.23348838 0.34587272 0.42974511 0.63567212 0.34995389 0.28991359 0.90207312 0.42608693 0.41843917 0.43521915 0.46067386 0.43453895 0.50516645 
0.42651856 0.43230109 0.44839061 0.57167551 0.38136133 0.39028984 0.58193850 0.49905997 0.51503165 1.09536083 0.00000000 0.63260675 0.36655101 0.71379381 0.69312392 0.42253599 0.31405835 0.50721146 0.36426930 0.24648468 0.24726413 0.30033075 0.42580167 0.52928266 0.47355981 0.48428171 0.41989742 0.40325153 0.40877900 0.40983680 0.29577348 0.37262942 0.37746785 0.26540468 0.31231817 0.41445655 0.38308356 0.33009262 0.39011112 0.36609759 0.34179505 0.21553421 0.22469092 0.24977856 0.35872804 0.25943503 0.36808024 0.22883324 0.12418491 0.47398493 0.53114760 0.36437658 0.46198468 0.54890610 0.45911141 0.35643739 0.46581665 0.44291042 0.38554201 0.53499489 0.45770621 
0.33481599 0.31378600 0.40038319 0.25088328 0.57519530 0.44195502 0.35591931 0.53521681 0.44282025 0.63268543 0.63260675 0.00000000 0.56684132 0.32361242 0.36812154 0.75960877 0.41260701 0.38077858 0.43315137 0.37696044 0.39304860 0.26728107 0.32481995 0.30538106 0.28318372 0.43085158 0.28087257 0.23894169 0.29408955 0.51364050 0.39090475 0.54453743 0.52898693 0.40484483 0.27909497 0.30367885 0.22919335 0.31340261 0.51662484 0.48794546 0.54575939 0.30361009 0.48835016 0.63225828 0.53198140 0.32204930 0.54178920 0.72754138 0.44457439 0.31367284 0.31890175 0.63483593 0.40267665 0.34959382 0.39663231 0.42174569 0.43205884 0.34776674 0.27336305 0.24750595 0.29106107 
0.34835341 0.45598005 0.26920355 0.23862034 0.36123691 0.39643326 0.37230007 0.46163278 0.42640011 0.81564654 0.36655101 0.56684132 0.00000000 0.37411459 0.36731737 0.47579231 0.36120108 0.33474801 0.47230284 0.29510751 0.48305405 0.39998779 0.25219730 0.34012642 0.30089549 0.32128566 0.33828365 0.48383296 0.37685687 0.30030143 0.32787918 0.55025163 0.38827154 0.34213827 0.39592972 0.40073892 0.23901972 0.48559824 0.35416401 0.42852991 0.42607394 0.52692898 0.39695522 0.41418098 0.29282023 0.48291013 0.27093484 0.71259191 0.48265988 0.31772635 0.86606801 0.52567130 0.28705311 0.47907815 1.28459650 0.33602364 0.31969475 0.30123162 0.26680983 0.24974462 0.18700747 
0.45628911 0.46659452 0.54694392 0.40330769 0.33600380 0.49864441 0.87898640 0.50323709 0.52832893 0.43086894 0.71379381 0.32361242 0.37411459 0.00000000 0.55636760 0.33171008 0.32057744 1.49663132 0.45439340 0.31609722 0.29565968 0.40826796 0.35721799 0.33517618 0.46793165 0.46293160 0.56045497 0.36575124 0.43396988 0.43442093 0.29338187 0.30591791 0.33156945 0.17461643 0.24347949 0.34089398 0.43859258 0.36257453 0.32527625 0.41672089 0.37511804 0.31730244 0.30202810 0.30849111 0.38538375 0.33775603 0.29848287 0.40922288 0.40007692 0.38993707 0.27371133 0.15594641 0.32243405 0.35379785 0.32226072 0.27723174 0.49105782 0.47865636 0.56750429 0.39276524 0.52524638 
0.38691783 0.43958544 0.51929474 0.55366258 0.42742047 0.44848863 0.49370786 0.53145267 0.31962519 0.34223880 0.69312392 0.36812154 0.36731737 0.55636760 0.00000000 0.30273557 0.32718783 0.65122439 1.14898421 0.38252582 0.35793050 0.42365170 0.51346520 0.55609665 0.39405982 0.57320224 0.53702806 0.50965409 0.45255877 0.31878547 0.21337394 0.24297990 0.38332128 0.48211626 0.30451856 0.35606450 1.10455515 0.99885452 0.58287631 0.26839974 0.31776045 0.22549612 0.31572159 0.21405090 0.25180660 0.28124810 0.23095117 0.17267311 0.20928334 0.36830074 0.32022959 0.29271220 0.45260036 0.36497690 0.32648790 0.29626227 0.45391624 0.41214510 0.34610755 0.48164310 0.37339579 
0.43721932 0.20147697 0.19310257 0.26847846 0.32243074 0.29631845 0.39179091 0.32712446 0.59311329 0.34329614 0.42253599 0.75960877 0.47579231 0.33171008 0.30273557 0.00000000 0.51508337 0.32857335 0.33942363 0.45239946 0.38091882 0.43501257 0.28935991 0.37103747 0.37105488 0.30422489 0.42819476 0.29821720 0.20323498 0.47731787 0.38249291 0.30338047 0.31709400 0.33445359 0.28944971 0.37508722 0.38719449 0.65810269 0.41647116 0.57706894 0.45159750 0.35016101 0.43834658 0.55228864 0.33033869 0.42975261 0.35845003 0.88926982 0.38378659 0.35361692 0.25675182 0.96668518 0.46800577 0.44806781 0.51084183 0.36607347 0.54777314 0.40272012 0.33622286 0.43006864 0.37485240 
0.35551072 0.28570264 0.36025390 0.28843074 0.50119267 0.58858767 0.34173900 0.36511764 0.48736189 0.31583743 0.31405835 0.41260701 0.36120108 0.32057744 0.32718783 0.51508337 0.00000000 0.30850608 0.41758910 0.40262772 0.47166257 0.61742281 0.47038627 0.46404813 0.42240984 0.41705467 0.46785735 0.40670452 0.33048773 0.53384245 0.33579423 0.34572893 0.29246156 0.23097020 0.21012834 0.24978622 0.29361067 0.39104787 0.46985790 0.32297427 0.41803211 0.33346962 0.54562047 0.36177262 0.42085933 0.52952138 0.38239611 0.31934845 0.41843046 0.42134531 0.34611975 0.68641635 0.70480284 0.32094232 0.54143285 0.86783713 0.38318870 0.48693275 0.34335946 0.37944214 0.40333818 
0.44327532 0.49223223 0.64699009 0.42633402 0.55375544 0.53662346 0.59362135 0.32018156 0.39442239 0.38283209 0.50721146 0.38077858 0.33474801 1.49663132 0.65122439 0.32857335 0.30850608 0.00000000 0.50589468 0.29344326 0.26558067 0.60654338 0.72054854 0.82376731 0.31917128 0.44541008 0.48430502 0.58311818 0.31136840 0.32111253 0.20050599 0.39538103 0.44843503 0.35341067 0.33979304 0.39014151 0.42430805 0.37615701 0.43920869 0.25482448 0.21779248 0.31811265 0.20584266 0.31836402 0.21069989 0.28582239 0.30964754 0.32284703 0.29692438 0.53336657 0.38859308 0.46425393 0.61613046 0.54574871 0.43792881 0.23721702 0.28737435 0.43280481 0.36800765 0.34809553 0.36988021 
0.47983473 0.48540886 0.59291108 0.45412717 0.36262681 0.26980985 0.33756514 0.36226240 0.27424101 0.36174976 0.36426930 0.43315137 0.47230284 0.45439340 1.14898421 0.33942363 0.41758910 0.50589468 0.00000000 0.31714808 0.51685370 0.34913816 0.50647329 0.49915047 0.38507478 0.60341142 0.46087325 0.28532389 1.17268458 0.18282657 0.22448033 0.25400724 0.38948514 0.84015320 0.42189235 0.22644274 1.36416119 0.49082556 0.34312926 0.35432938 0.23038842 0.31269958 0.35034783 0.32931142 0.29543415 0.44305128 0.27302695 0.29705352 0.32381780 0.37066719 0.30712722 0.31086371 0.41286713 0.34621141 0.23989769 0.38194913 0.33381819 0.34977430 0.30185302 0.39875132 0.38975946 
0.40647394 0.33339304 0.32920140 0.37915262 0.24269408 0.35643629 0.27546127 0.33350253 0.35796059 0.32805328 0.24648468 0.37696044 0.29510751 0.31609722 0.38252582 0.45239946 0.40262772 0.29344326 0.31714808 0.00000000 0.51332868 0.43339728 0.31378280 0.17129772 0.24602701 0.21730738 0.27066613 0.32735310 0.42455880 0.89027299 0.74930667 0.55573104 0.28303969 0.84537254 0.49471203 0.33513767 0.29684266 0.31010786 0.46150654 0.48974733 0.51450790 0.76528824 0.42824319 0.48504118 0.32106745 0.46911215 0.48450543 0.31891511 1.48202210 0.44641457 0.45426479 0.44030726 0.44791943 0.38195650 0.29360007 0.25258167 0.32296965 0.30790605 0.28724788 0.41420586 0.21065091 
0.36844910 0.57823508 0.28284489 0.31282413 0.47559970 0.44450467 0.32895154 0.20403346 0.47775089 0.33527789 0.24726413 0.39304860 0.48305405 0.29565968 0.35793050 0.38091882 0.47166257 0.26558067 0.51685370 0.51332868 0.00000000 0.77778691 0.44044121 0.40225911 0.30040700 0.35927042 0.30941223 0.29113689 0.52019137 0.35487386 0.42403420 0.46429933 0.49489413 0.44996608 0.63546802 0.39554520 0.22930204 0.40604782 0.19293017 0.59034277 0.43087018 0.53782885 0.27019757 0.24659438 0.50688906 0.46039884 0.39064879 0.49918538 0.74786298 0.41545834 0.47857940 0.38644943 0.60876903 0.35748472 0.22468305 0.45332302 0.51769246 0.47961902 0.34869558 0.25915686 0.36746680 
0.13513649 0.43043994 0.54974517 0.44144493 0.48083183 0.42688082 0.45311426 0.32988702 0.38518887 0.34911722 0.30033075 0.26728107 0.39998779 0.40826796 0.42365170 0.43501257 0.61742281 0.60654338 0.34913816 0.43339728 0.77778691 0.00000000 1.05643472 0.25025341 0.29184495 0.17010295 0.56228053 0.57115557 0.42244350 0.63626759 0.38366512 0.46944142 0.42122940 0.50301383 0.39130876 0.41303622 0.33666768 0.28557550 0.35370445 0.43062894 0.36727851 0.47814551 0.53676250 0.47410606 0.54708243 0.58730187 0.44170976 0.45477263 0.43271586 0.26078201 0.36563443 0.42681310 0.45060143 0.47880472 0.41315137 0.51597971 0.36536710 0.29219349 0.03569344 0.01688684 0.00000000 
0.25888657 0.47374141 0.43689325 0.40349900 0.30987649 0.59188414 0.48252765 0.51407030 0.42103801 0.38289272 0.42580167 0.32481995 0.25219730 0.35721799 0.51346520 0.28935991 0.47038627 0.72054854 0.50647329 0.31378280 0.44044121 1.05643472 0.00000000 0.78416386 0.79413607 0.40640756 0.40326126 0.45192274 0.39888142 0.22466753 0.26721121 0.44633443 0.49778662 0.39490252 0.32706134 0.54151152 0.47910217 0.24352174 0.44616682 0.43189734 0.28959214 0.43057858 0.30986102 0.38268881 0.46553544 0.38131681 0.39020384 0.40685746 0.19987803 0.42369640 0.41490699 0.23151555 0.43002323 0.32664219 0.30105597 0.40582159 0.38363841 0.38632322 0.25642912 0.24125760 0.33201438 
0.47631569 0.47272479 0.64603706 0.56211487 0.35620349 0.40598948 0.50895938 0.56411908 0.42765486 0.34223278 0.52928266 0.30538106 0.34012642 0.33517618 0.55609665 0.37103747 0.46404813 0.82376731 0.49915047 0.17129772 0.40225911 0.25025341 0.78416386 0.00000000 0.94360244 0.72070428 0.55642914 0.42906475 0.57707481 0.49330647 0.20286173 0.25228732 0.37112531 0.25841681 0.39909198 0.52634871 0.43734417 0.38828018 0.49929468 0.21069647 0.26627948 0.26657189 0.14617230 0.22495544 0.28864820 0.20214076 0.28879310 0.34913720 0.21714565 0.35108140 0.38363849 0.32955307 0.54154607 0.48057486 0.36404275 0.24393888 0.29053685 0.41604965 0.60927451 0.53630450 0.52698378 
0.45999147 0.55755613 0.49190388 0.56003564 0.28107777 0.50195802 0.54225091 0.47668447 0.36519284 0.51728280 0.47355981 0.28318372 0.30089549 0.46793165 0.39405982 0.37105488 0.42240984 0.31917128 0.38507478 0.24602701 0.30040700 0.29184495 0.79413607 0.94360244 0.00000000 1.39434212 0.65764269 0.54634949 0.62704553 0.25923553 0.23974763 0.31194292 0.27556923 0.38921410 0.38338096 0.50586085 0.35248543 0.37530131 0.40172901 0.26844374 0.34307431 0.20232935 0.13964161 0.19110933 0.34469200 0.19904416 0.31630926 0.15274372 0.25348047 0.36915906 0.31392426 0.42633148 0.46533165 0.38800490 0.30938618 0.30800871 0.49929872 0.43222673 0.48737089 0.45309696 0.50283824 
0.37568590 0.41154063 0.43557201 0.50675150 0.52012793 0.42435716 0.44680582 0.51339564 0.41958920 0.45576980 0.48428171 0.43085158 0.32128566 0.46293160 0.57320224 0.30422489 0.41705467 0.44541008 0.60341142 0.21730738 0.35927042 0.17010295 0.40640756 0.72070428 1.39434212 0.00000000 0.98807801 0.56548502 0.67125429 0.20903531 0.17676730 0.25555490 0.50162267 0.40034440 0.36821982 0.45130219 0.61899205 0.32622290 0.50076191 0.31147224 0.30873088 0.20627685 0.02687120 0.19688198 0.28195931 0.22887499 0.24458991 0.21490549 0.17955771 0.48289412 0.29166466 0.44113726 0.30358249 0.45115257 0.29602644 0.40522926 0.46742992 0.39982812 0.53819282 0.46490404 0.42281440 
0.53638503 0.38293833 0.48672948 0.45302968 0.51860824 0.33955052 0.50731116 0.48140955 0.25081992 0.38314571 0.41989742 0.28087257 0.33828365 0.56045497 0.53702806 0.42819476 0.46785735 0.48430502 0.46087325 0.27066613 0.30941223 0.56228053 0.40326126 0.55642914 0.65764269 0.98807801 0.00000000 0.62161356 0.55197355 0.37796699 0.20759987 0.28954111 0.54081173 0.27054402 0.42458079 0.51679467 0.55184595 0.35707481 0.31831334 0.28033418 0.34924590 0.18516241 0.27190734 0.24964566 0.17703961 0.38190315 0.35869091 0.29356623 0.41231525 0.45465913 0.47070911 0.26469131 0.32541493 0.59977558 0.49678154 0.26891577 0.48499059 0.49812120 0.51150696 0.42405852 0.46531091 
0.40474063 0.39271669 0.45436695 0.44738739 0.33928363 0.36410046 0.52869037 0.56495808 0.34301363 0.42700997 0.40325153 0.23894169 0.48383296 0.36575124 0.50965409 0.29821720 0.40670452 0.58311818 0.28532389 0.32735310 0.29113689 0.57115557 0.45192274 0.42906475 0.54634949 0.56548502 0.62161356 0.00000000 0.78754481 0.42998900 0.31942338 0.46430577 0.35230675 0.34861461 0.34784039 0.43461385 0.41524603 0.35991679 0.42600325 0.33425192 0.42146591 0.54596880 0.40022340 0.36702977 0.32114108 0.42624048 0.23837665 0.36246064 0.29432220 0.50416012 0.63892955 0.30469079 0.31528919 0.37912568 0.42196878 0.47082297 0.40428992 0.44094943 0.40630126 0.51886676 0.52111873 
0.34074289 0.50685672 0.57998234 0.45663718 0.40988126 0.29149129 0.51609289 0.47842344 0.31383229 0.31166116 0.40877900 0.29408955 0.37685687 0.43396988 0.45255877 0.20323498 0.33048773 0.31136840 1.17268458 0.42455880 0.52019137 0.42244350 0.39888142 0.57707481 0.62704553 0.67125429 0.55197355 0.78754481 0.00000000 0.44428486 0.24430640 0.44950580 0.80882455 0.57650238 0.30839408 0.48086793 0.97516860 0.41651653 0.27496513 0.22465159 0.32663470 0.31587592 0.16899183 0.18306857 0.46209198 0.31452409 0.25112121 0.25644020 0.25599996 0.41858573 0.53623761 0.24422600 0.44674841 0.38052543 0.29436666 0.45436585 0.31434895 0.39265943 0.36316668 0.35063589 0.32671390 
0.51167833 0.28601371 0.24671377 0.35669785 0.30739540 0.43437398 0.29626233 0.35433261 0.35906571 0.34882373 0.40983680 0.51364050 0.30030143 0.43442093 0.31878547 0.47731787 0.53384245 0.32111253 0.18282657 0.89027299 0.35487386 0.63626759 0.22466753 0.49330647 0.25923553 0.20903531 0.37796699 0.42998900 0.44428486 0.00000000 0.69387185 0.35931173 0.48772945 0.51009018 0.38526723 0.43711009 0.42669844 0.35240610 0.20706343 0.55187544 0.57650456 0.58409267 0.51486307 0.45234385 0.52481158 0.40996549 0.42235300 0.47185090 0.53999870 0.37273591 0.61000173 0.40864890 0.33872077 0.29699641 0.37667776 0.44121980 0.26893392 0.45723837 0.29776359 0.28484777 0.23881388 
0.31762709 0.26688746 0.37185177 0.39783222 0.37740340 0.42743338 0.33022043 0.35196427 0.38067458 0.36574601 0.29577348 0.39090475 0.32787918 0.29338187 0.21337394 0.38249291 0.33579423 0.20050599 0.22448033 0.74930667 0.42403420 0.38366512 0.26721121 0.20286173 0.23974763 0.17676730 0.20759987 0.31942338 0.24430640 0.69387185 0.00000000 0.32028945 0.27990950 0.44533332 0.82754052 0.38453702 0.27346027 0.45031502 0.50715838 0.47370845 0.53231124 0.69953169 0.86093889 0.81703318 0.38738532 0.99188946 0.96423523 0.41230440 0.66768404 0.47914249 0.55759412 0.26323032 0.36226987 0.37764329 0.27860522 0.25980534 0.49031679 0.29979063 0.26572137 0.27725870 0.31562470 
0.34081437 0.37423554 0.43550612 0.36169863 0.46405520 0.46960151 0.37279396 0.50813546 0.34395102 0.39166730 0.37262942 0.54453743 0.55025163 0.30591791 0.24297990 0.30338047 0.34572893 0.39538103 0.25400724 0.55573104 0.46429933 0.46944142 0.44633443 0.25228732 0.31194292 0.25555490 0.28954111 0.46430577 0.44950580 0.35931173 0.32028945 0.00000000 0.49212176 0.44354047 0.57646798 1.13075335 0.27550935 0.49438074 0.26974755 0.42087838 0.59941477 1.07016896 0.56218511 0.69219657 0.50850906 0.46190393 0.38923516 0.38766537 0.26490141 0.28213570 0.42236755 0.49838679 0.43076808 0.31018142 0.40870665 0.36260781 0.35369250 0.34137409 0.33504006 0.31179727 0.27283609 
0.43009232 0.37247387 0.38706240 0.45340119 0.28856883 0.35732302 0.48845270 0.51547810 0.32859895 0.41445575 0.37746785 0.52898693 0.38827154 0.33156945 0.38332128 0.31709400 0.29246156 0.44843503 0.38948514 0.28303969 0.49489413 0.42122940 0.49778662 0.37112531 0.27556923 0.50162267 0.54081173 0.35230675 0.80882455 0.48772945 0.27990950 0.49212176 0.00000000 0.55593064 0.45710898 0.66734851 0.46417450 0.44665933 0.46434330 0.45254166 0.34823357 0.50492954 0.41340768 0.28661006 0.46263348 0.42441011 0.31048818 0.43432640 0.31230648 0.41430924 0.35744078 0.33792130 0.36992271 0.42820132 0.50241307 0.46938649 0.33825220 0.34809535 0.32852803 0.29796275 0.33999978 
0.38214240 0.22617455 0.12940622 0.45201516 0.36938257 0.33066543 0.23184356 0.39852668 0.45141098 0.29940487 0.26540468 0.40484483 0.34213827 0.17461643 0.48211626 0.33445359 0.23097020 0.35341067 0.84015320 0.84537254 0.44996608 0.50301383 0.39490252 0.25841681 0.38921410 0.40034440 0.27054402 0.34861461 0.57650238 0.51009018 0.44533332 0.44354047 0.55593064 0.00000000 0.60250882 0.22336141 0.49760517 0.56798907 0.44587333 0.36035800 0.50260051 0.55827942 0.43169678 0.35260165 0.45857027 0.44578851 0.43915794 0.54113741 0.75838433 0.33615249 0.29043418 0.26650510 0.36674450 0.23683290 0.36870476 0.31575808 0.35683176 0.38548942 0.60905131 0.39530732 0.47689537 
0.43573040 0.28012410 0.34993957 0.29481519 0.44580259 0.35460270 0.25441173 0.32961006 0.34753790 0.28917936 0.31231817 0.27909497 0.39592972 0.24347949 0.30451856 0.28944971 0.21012834 0.33979304 0.42189235 0.49471203 0.63546802 0.39130876 0.32706134 0.39909198 0.38338096 0.36821982 0.42458079 0.34784039 0.30839408 0.38526723 0.82754052 0.57646798 0.45710898 0.60250882 0.00000000 0.43853753 0.28259647 0.43761457 0.34326415 0.36237229 0.46024362 0.69894560 0.59758375 0.74641869 0.53279595 0.48413510 0.46307739 0.35315618 0.23203518 0.54221667 0.35703586 0.46072281 0.32611009 0.37083295 0.46977894 0.31697292 0.50778801 0.37937691 0.35743496 0.48558129 0.38275687 
0.46700337 0.29848608 0.48052428 0.53720808 0.43234883 0.41030867 0.60150306 0.45055827 0.37096207 0.41319980 0.41445655 0.30367885 0.40073892 0.34089398 0.35606450 0.37508722 0.24978622 0.39014151 0.22644274 0.33513767 0.39554520 0.41303622 0.54151152 0.52634871 0.50586085 0.45130219 0.51679467 0.43461385 0.48086793 0.43711009 0.38453702 1.13075335 0.66734851 0.22336141 0.43853753 0.00000000 0.49394658 0.33273859 0.63410904 0.30636107 0.36003235 0.35831574 0.32559539 0.27421313 0.41420652 0.32173584 0.26343754 0.34172040 0.42601469 0.43597031 0.27566380 0.22350438 0.40516923 0.57507367 0.39011079 0.35655473 0.55031330 0.39433439 0.47742041 0.49108914 0.47399894 
0.53475081 0.35660426 0.41207079 0.46469461 0.37690710 0.40100892 0.48806716 0.39480082 0.32773084 0.32926097 0.38308356 0.22919335 0.23901972 0.43859258 1.10455515 0.38719449 0.29361067 0.42430805 1.36416119 0.29684266 0.22930204 0.33666768 0.47910217 0.43734417 0.35248543 0.61899205 0.55184595 0.41524603 0.97516860 0.42669844 0.27346027 0.27550935 0.46417450 0.49760517 0.28259647 0.49394658 0.00000000 0.50200929 0.52026113 0.25556650 0.34202523 0.18534748 0.49222682 0.27771855 0.42866219 0.36641259 0.40560609 0.35889660 0.28673042 0.42578031 0.35113041 0.25461663 0.33797434 0.45962900 0.28450216 0.37840559 0.53592907 0.37885478 0.44248896 0.42485838 0.48731163 
0.37784199 0.36382649 0.21974212 0.18873458 0.38977283 0.29485785 0.32770161 0.33258945 0.44459231 0.40164577 0.33009262 0.31340261 0.48559824 0.36257453 0.99885452 0.65810269 0.39104787 0.37615701 0.49082556 0.31010786 0.40604782 0.28557550 0.24352174 0.38828018 0.37530131 0.32622290 0.35707481 0.35991679 0.41651653 0.35240610 0.45031502 0.49438074 0.44665933 0.56798907 0.43761457 0.33273859 0.50200929 0.00000000 0.61042520 0.64989519 0.35649346 0.48991399 0.27481718 0.36765189 0.96798062 0.51996617 0.33981363 0.37930067 0.57296929 0.36873442 0.59003897 0.35803462 0.37845077 0.42190289 0.38077332 0.34788796 0.26066239 0.42324053 0.35522934 0.38858867 0.37464556 
0.39494128 0.26425345 0.49575816 0.43718412 0.27761842 0.43740387 0.49739432 0.53174137 0.46095794 0.58025975 0.39011112 0.51662484 0.35416401 0.32527625 0.58287631 0.41647116 0.46985790 0.43920869 0.34312926 0.46150654 0.19293017 0.35370445 0.44616682 0.49929468 0.40172901 0.50076191 0.31831334 0.42600325 0.27496513 0.20706343 0.50715838 0.26974755 0.46434330 0.44587333 0.34326415 0.63410904 0.52026113 0.61042520 0.00000000 0.33184614 0.41934116 0.28901366 0.30680712 0.24841173 0.48879939 0.37246041 0.51242339 0.30343108 0.34088787 0.28059958 0.55487010 0.20051920 0.39235958 0.57443743 0.34693931 0.31784938 0.35407269 0.45507603 0.59625909 0.53570912 0.55547363 
0.33469063 0.37322528 0.33280027 0.26929175 0.37584524 0.35497372 0.32452707 0.36437059 0.41882681 0.25397993 0.36609759 0.48794546 0.42852991 0.41672089 0.26839974 0.57706894 0.32297427 0.25482448 0.35432938 0.48974733 0.59034277 0.43062894 0.43189734 0.21069647 0.26844374 0.31147224 0.28033418 0.33425192 0.22465159 0.55187544 0.47370845 0.42087838 0.45254166 0.36035800 0.36237229 0.30636107 0.25556650 0.64989519 0.33184614 0.00000000 0.55319415 0.47214502 0.61793320 0.54358277 1.16907354 0.38145759 0.50114344 0.44482316 0.50610190 0.36698045 0.43509793 0.17275139 0.37635608 0.48396900 0.50461944 0.34410107 0.48852210 0.43659124 0.47809095 0.39150637 0.48005272 
0.29986137 0.38930452 0.36231645 0.26471629 0.40115602 0.34038971 0.35803230 0.36317916 0.40679359 0.24656648 0.34179505 0.54575939 0.42607394 0.37511804 0.31776045 0.45159750 0.41803211 0.21779248 0.23038842 0.51450790 0.43087018 0.36727851 0.28959214 0.26627948 0.34307431 0.30873088 0.34924590 0.42146591 0.32663470 0.57650456 0.53231124 0.59941477 0.34823357 0.50260051 0.46024362 0.36003235 0.34202523 0.35649346 0.41934116 0.55319415 0.00000000 0.59477036 0.63349987 0.55078643 0.46761503 0.51690897 0.68835444 0.40026301 0.44577554 0.33843471 0.36757195 0.45041738 0.44849048 0.34756062 0.27933829 0.28105617 0.41470656 0.39463485 0.48930155 0.48088193 0.47689744 
0.34770223 0.33950005 0.32469967 0.27302411 0.31195612 0.27961634 0.28834984 0.19977525 0.35691482 0.52650350 0.21553421 0.30361009 0.52692898 0.31730244 0.22549612 0.35016101 0.33346962 0.31811265 0.31269958 0.76528824 0.53782885 0.47814551 0.43057858 0.26657189 0.20232935 0.20627685 0.18516241 0.54596880 0.31587592 0.58409267 0.69953169 1.07016896 0.50492954 0.55827942 0.69894560 0.35831574 0.18534748 0.48991399 0.28901366 0.47214502 0.59477036 0.00000000 0.87677167 0.65782948 0.51377483 0.56143748 0.53893123 0.43896434 0.54899226 0.38390859 0.35758401 0.55514156 0.31847914 0.33262862 0.44124160 0.26593483 0.44068823 0.41699931 0.19693822 0.31531998 0.19555958 
0.19031778 0.24893915 0.18722275 0.51821801 0.37447614 0.31436169 0.31149419 0.25113275 0.33239278 0.36294492 0.22469092 0.48835016 0.39695522 0.30202810 0.31572159 0.43834658 0.54562047 0.20584266 0.35034783 0.42824319 0.27019757 0.53676250 0.30986102 0.14617230 0.13964161 0.02687120 0.27190734 0.40022340 0.16899183 0.51486307 0.86093889 0.56218511 0.41340768 0.43169678 0.59758375 0.32559539 0.49222682 0.27481718 0.30680712 0.61793320 0.63349987 0.87677167 0.00000000 0.92848553 0.30969093 1.15152912 0.99447007 0.50844308 0.60349451 0.59674693 0.39764760 0.58357667 0.33260215 0.53452458 0.40401199 0.51574034 0.28214922 0.30249348 0.11121145 0.09843886 0.12211381 
0.34261131 0.46077434 0.26804158 0.42877848 0.33983126 0.32888253 0.29418752 0.23339726 0.34698396 0.32396164 0.24977856 0.63225828 0.41418098 0.30849111 0.21405090 0.55228864 0.36177262 0.31836402 0.32931142 0.48504118 0.24659438 0.47410606 0.38268881 0.22495544 0.19110933 0.19688198 0.24964566 0.36702977 0.18306857 0.45234385 0.81703318 0.69219657 0.28661006 0.35260165 0.74641869 0.27421313 0.27771855 0.36765189 0.24841173 0.54358277 0.55078643 0.65782948 0.92848553 0.00000000 0.44661407 0.59732676 1.38310399 0.77069599 0.53950163 0.50801610 0.53757508 0.43113793 0.34484336 0.26009616 0.35183434 0.35127236 0.31163269 0.37011431 0.17429997 0.19033686 0.15605981 
0.42710277 0.24473831 0.29692457 0.38092830 0.37445034 0.29199837 0.29670461 0.28945002 0.32666830 0.26183796 0.35872804 0.53198140 0.29282023 0.38538375 0.25180660 0.33033869 0.42085933 0.21069989 0.29543415 0.32106745 0.50688906 0.54708243 0.46553544 0.28864820 0.34469200 0.28195931 0.17703961 0.32114108 0.46209198 0.52481158 0.38738532 0.50850906 0.46263348 0.45857027 0.53279595 0.41420652 0.42866219 0.96798062 0.48879939 1.16907354 0.46761503 0.51377483 0.30969093 0.44661407 0.00000000 0.42613774 0.40112106 0.36863775 0.46646864 0.26972872 0.29492902 0.38141548 0.44749365 0.37087341 0.48319589 0.37476149 0.41035702 0.40487647 0.36409425 0.30435233 0.65880173 
0.23671341 0.36826610 0.34981005 0.32357280 0.34862233 0.37212856 0.30189540 0.24420582 0.39666471 0.32888522 0.25943503 0.32204930 0.48291013 0.33775603 0.28124810 0.42975261 0.52952138 0.28582239 0.44305128 0.46911215 0.46039884 0.58730187 0.38131681 0.20214076 0.19904416 0.22887499 0.38190315 0.42624048 0.31452409 0.40996549 0.99188946 0.46190393 0.42441011 0.44578851 0.48413510 0.32173584 0.36641259 0.51996617 0.37246041 0.38145759 0.51690897 0.56143748 1.15152912 0.59732676 0.42613774 0.00000000 0.72580749 0.45350749 0.53488235 0.57421171 0.25389494 0.33330882 0.39987122 0.36091238 0.29541950 0.28782580 0.29565826 0.38487295 0.32166633 0.25193164 0.23888302 
0.39015636 0.33682981 0.30594660 0.33399259 0.25679531 0.28466329 0.27103972 0.23832927 0.40072915 0.24105124 0.36808024 0.54178920 0.27093484 0.29848287 0.23095117 0.35845003 0.38239611 0.30964754 0.27302695 0.48450543 0.39064879 0.44170976 0.39020384 0.28879310 0.31630926 0.24458991 0.35869091 0.23837665 0.25112121 0.42235300 0.96423523 0.38923516 0.31048818 0.43915794 0.46307739 0.26343754 0.40560609 0.33981363 0.51242339 0.50114344 0.68835444 0.53893123 0.99447007 1.38310399 0.40112106 0.72580749 0.00000000 0.57036322 0.40578527 0.42924941 0.28906815 0.33271620 0.33082678 0.24465338 0.41842301 0.31105224 0.39766397 0.42849258 0.31323303 0.33842675 0.34612955 
0.38153105 0.27430196 0.40154018 0.35376296 0.45041450 0.47362675 0.36018020 0.35048219 0.38009823 0.52175769 0.22883324 0.72754138 0.71259191 0.40922288 0.17267311 0.88926982 0.31934845 0.32284703 0.29705352 0.31891511 0.49918538 0.45477263 0.40685746 0.34913720 0.15274372 0.21490549 0.29356623 0.36246064 0.25644020 0.47185090 0.41230440 0.38766537 0.43432640 0.54113741 0.35315618 0.34172040 0.35889660 0.37930067 0.30343108 0.44482316 0.40026301 0.43896434 0.50844308 0.77069599 0.36863775 0.45350749 0.57036322 0.00000000 0.42477271 0.39110094 0.44061729 0.79866505 0.37716485 0.32509219 0.42827079 0.38333249 0.32170606 0.36804035 0.33092121 0.43019899 0.35330587 
0.32986970 0.26074299 0.38971872 0.41399680 0.28639649 0.33295762 0.19225494 0.20927685 0.33475040 0.23348838 0.12418491 0.44457439 0.48265988 0.40007692 0.20928334 0.38378659 0.41843046 0.29692438 0.32381780 1.48202210 0.74786298 0.43271586 0.19987803 0.21714565 0.25348047 0.17955771 0.41231525 0.29432220 0.25599996 0.53999870 0.66768404 0.26490141 0.31230648 0.75838433 0.23203518 0.42601469 0.28673042 0.57296929 0.34088787 0.50610190 0.44577554 0.54899226 0.60349451 0.53950163 0.46646864 0.53488235 0.40578527 0.42477271 0.00000000 1.05084354 0.39304637 0.63568453 0.51321644 0.30795942 0.33315511 0.60338677 0.26760370 0.28032309 0.31703664 0.44478685 0.28110744 
0.53632108 0.44032410 0.44575336 0.40331912 0.33780280 0.31419079 0.39573759 0.36305083 0.37884747 0.34587272 0.47398493 0.31367284 0.31772635 0.38993707 0.36830074 0.35361692 0.42134531 0.53336657 0.37066719 0.44641457 0.41545834 0.26078201 0.42369640 0.35108140 0.36915906 0.48289412 0.45465913 0.50416012 0.41858573 0.37273591 0.47914249 0.28213570 0.41430924 0.33615249 0.54221667 0.43597031 0.42578031 0.36873442 0.28059958 0.36698045 0.33843471 0.38390859 0.59674693 0.50801610 0.26972872 0.57421171 0.42924941 0.39110094 1.05084354 0.00000000 0.62920406 0.39065833 0.41271536 0.59698908 0.31534758 0.42699850 0.36574885 0.42262968 0.38051650 0.64242690 0.41222662 
0.46987025 0.39025188 0.37605154 0.38809180 0.31397550 0.40663177 0.43599655 0.37266627 0.41561870 0.42974511 0.53114760 0.31890175 0.86606801 0.27371133 0.32022959 0.25675182 0.34611975 0.38859308 0.30712722 0.45426479 0.47857940 0.36563443 0.41490699 0.38363849 0.31392426 0.29166466 0.47070911 0.63892955 0.53623761 0.61000173 0.55759412 0.42236755 0.35744078 0.29043418 0.35703586 0.27566380 0.35113041 0.59003897 0.55487010 0.43509793 0.36757195 0.35758401 0.39764760 0.53757508 0.29492902 0.25389494 0.28906815 0.44061729 0.39304637 0.62920406 0.00000000 0.62812487 0.27388360 0.55775598 0.60352690 0.56059507 0.42155822 0.31874992 0.40180355 0.35814239 0.39112947 
0.30460977 0.36824701 0.32063502 0.36816184 0.47782338 0.49087218 0.42389988 0.53092907 0.58926965 0.63567212 0.36437658 0.63483593 0.52567130 0.15594641 0.29271220 0.96668518 0.68641635 0.46425393 0.31086371 0.44030726 0.38644943 0.42681310 0.23151555 0.32955307 0.42633148 0.44113726 0.26469131 0.30469079 0.24422600 0.40864890 0.26323032 0.49838679 0.33792130 0.26650510 0.46072281 0.22350438 0.25461663 0.35803462 0.20051920 0.17275139 0.45041738 0.55514156 0.58357667 0.43113793 0.38141548 0.33330882 0.33271620 0.79866505 0.63568453 0.39065833 0.62812487 0.00000000 0.50969434 0.34938764 0.45570813 0.45991710 0.36628381 0.36245060 0.26406229 0.31343202 0.35675178 
0.48609704 0.57018772 0.34533355 0.34506045 0.55040251 0.38667944 0.36365337 0.43784811 0.41641956 0.34995389 0.46198468 0.40267665 0.28705311 0.32243405 0.45260036 0.46800577 0.70480284 0.61613046 0.41286713 0.44791943 0.60876903 0.45060143 0.43002323 0.54154607 0.46533165 0.30358249 0.32541493 0.31528919 0.44674841 0.33872077 0.36226987 0.43076808 0.36992271 0.36674450 0.32611009 0.40516923 0.33797434 0.37845077 0.39235958 0.37635608 0.44849048 0.31847914 0.33260215 0.34484336 0.44749365 0.39987122 0.33082678 0.37716485 0.51321644 0.41271536 0.27388360 0.50969434 0.00000000 0.33554654 0.44078964 0.52271117 0.68629685 0.33210323 0.27992686 0.33032917 0.38477253 
0.42460753 0.53184167 0.63351173 0.42362850 0.48338132 0.31752733 0.57737549 0.50633414 0.39073197 0.28991359 0.54890610 0.34959382 0.47907815 0.35379785 0.36497690 0.44806781 0.32094232 0.54574871 0.34621141 0.38195650 0.35748472 0.47880472 0.32664219 0.48057486 0.38800490 0.45115257 0.59977558 0.37912568 0.38052543 0.29699641 0.37764329 0.31018142 0.42820132 0.23683290 0.37083295 0.57507367 0.45962900 0.42190289 0.57443743 0.48396900 0.34756062 0.33262862 0.53452458 0.26009616 0.37087341 0.36091238 0.24465338 0.32509219 0.30795942 0.59698908 0.55775598 0.34938764 0.33554654 0.00000000 0.49749946 0.47174101 0.55577379 0.41283630 0.45675485 0.47599858 0.53510673 
0.32185166 0.47937077 0.40583320 0.43761345 0.45586672 0.42582260 0.44387301 0.54814913 0.31129895 0.90207312 0.45911141 0.39663231 1.28459650 0.32226072 0.32648790 0.51084183 0.54143285 0.43792881 0.23989769 0.29360007 0.22468305 0.41315137 0.30105597 0.36404275 0.30938618 0.29602644 0.49678154 0.42196878 0.29436666 0.37667776 0.27860522 0.40870665 0.50241307 0.36870476 0.46977894 0.39011079 0.28450216 0.38077332 0.34693931 0.50461944 0.27933829 0.44124160 0.40401199 0.35183434 0.48319589 0.29541950 0.41842301 0.42827079 0.33315511 0.31534758 0.60352690 0.45570813 0.44078964 0.49749946 0.00000000 0.47720908 0.32463525 0.45114842 0.42396199 0.20563785 0.33414532 
0.42540682 0.46444747 0.46525098 0.41958803 0.68330663 0.46209906 0.33190074 0.44261993 0.77577690 0.42608693 0.35643739 0.42174569 0.33602364 0.27723174 0.29626227 0.36607347 0.86783713 0.23721702 0.38194913 0.25258167 0.45332302 0.51597971 0.40582159 0.24393888 0.30800871 0.40522926 0.26891577 0.47082297 0.45436585 0.44121980 0.25980534 0.36260781 0.46938649 0.31575808 0.31697292 0.35655473 0.37840559 0.34788796 0.31784938 0.34410107 0.28105617 0.26593483 0.51574034 0.35127236 0.37476149 0.28782580 0.31105224 0.38333249 0.60338677 0.42699850 0.56059507 0.45991710 0.52271117 0.47174101 0.47720908 0.00000000 0.59579231 0.36252273 0.35244305 0.45313742 0.33330065 
0.38050463 0.41249930 0.40507469 0.45979547 0.62034662 0.56300826 0.45744505 0.36017548 0.47178060 0.41843917 0.46581665 0.43205884 0.31969475 0.49105782 0.45391624 0.54777314 0.38318870 0.28737435 0.33381819 0.32296965 0.51769246 0.36536710 0.38363841 0.29053685 0.49929872 0.46742992 0.48499059 0.40428992 0.31434895 0.26893392 0.49031679 0.35369250 0.33825220 0.35683176 0.50778801 0.55031330 0.53592907 0.26066239 0.35407269 0.48852210 0.41470656 0.44068823 0.28214922 0.31163269 0.41035702 0.29565826 0.39766397 0.32170606 0.26760370 0.36574885 0.42155822 0.36628381 0.68629685 0.55577379 0.32463525 0.59579231 0.00000000 0.43436383 0.38326848 0.36063352 0.38979418 
0.46524281 0.49123859 0.43075992 0.44745504 0.41100388 0.35893798 0.43720986 0.44935129 0.32475674 0.43521915 0.44291042 0.34776674 0.30123162 0.47865636 0.41214510 0.40272012 0.48693275 0.43280481 0.34977430 0.30790605 0.47961902 0.29219349 0.38632322 0.41604965 0.43222673 0.39982812 0.49812120 0.44094943 0.39265943 0.45723837 0.29979063 0.34137409 0.34809535 0.38548942 0.37937691 0.39433439 0.37885478 0.42324053 0.45507603 0.43659124 0.39463485 0.41699931 0.30249348 0.37011431 0.40487647 0.38487295 0.42849258 0.36804035 0.28032309 0.42262968 0.31874992 0.36245060 0.33210323 0.41283630 0.45114842 0.36252273 0.43436383 0.00000000 0.47194891 0.52827215 0.39433699 
0.70437357 0.49393005 0.48799789 0.49558907 0.53353621 0.35502318 0.42769300 0.53848748 0.32445405 0.46067386 0.38554201 0.27336305 0.26680983 0.56750429 0.34610755 0.33622286 0.34335946 0.36800765 0.30185302 0.28724788 0.34869558 0.03569344 0.25642912 0.60927451 0.48737089 0.53819282 0.51150696 0.40630126 0.36316668 0.29776359 0.26572137 0.33504006 0.32852803 0.60905131 0.35743496 0.47742041 0.44248896 0.35522934 0.59625909 0.47809095 0.48930155 0.19693822 0.11121145 0.17429997 0.36409425 0.32166633 0.31323303 0.33092121 0.31703664 0.38051650 0.40180355 0.26406229 0.27992686 0.45675485 0.42396199 0.35244305 0.38326848 0.47194891 0.00000000 1.13235240 1.06620951 
