0.00000000 0.15288999 0.13594430 0.12661848 0.13798264 0.13116989 0.13066927 0.12641251 0.12799028 0.13755164 0.11841600 0.11755251 0.11979350 0.12998074 0.12737057 0.12211796 0.12042190 0.12566102 0.13902170 0.12567744 0.10355422 0.10166408 0.14415228 0.12078824 0.10732029 0.11976421 0.12982923 0.12376141 0.11797826 0.13479870 0.12209891 0.11679813 0.11768007 0.10278245 0.15321163 0.11329622 0.17975458 0.12368172 0.11369132 0.10896286 0.13543973 0.13145665 0.14323214 0.13942609 0.10542989 0.12575147 0.10170893 0.12090409 0.12461322 0.12356378 0.11473390 0.11053564 0.11614937 0.11052098 0.14205914 0.10981271 0.12005596 0.10909504 0.10850057 0.10791370 0.14510258 0.11829584 0.11086293 0.11771109 0.12000772 0.15246158 0.13315094 0.11560421 0.13032296 0.12276977 
0.15288999 0.00000000 0.20428932 0.17343919 0.15455079 0.15404966 0.14927111 0.10052791 0.15237171 0.13836750 0.13945571 0.12439019 0.10951988 0.12896279 0.12395083 0.14196166 0.16904704 0.13275086 0.12172279 0.12104769 0.07061755 0.12276743 0.14859525 0.14832124 0.12992999 0.11503322 0.11178195 0.17844736 0.10483939 0.14241093 0.12938221 0.14505405 0.13693866 0.08054288 0.13216274 0.11419255 0.11288045 0.12381059 0.08752037 0.05960123 0.12619771 0.06322231 0.13150448 0.11571671 0.07438583 0.14999975 0.10764603 0.11464674 0.15218260 0.12196599 0.14720151 0.13337796 0.15200126 0.09526397 0.13885465 0.12902187 0.08187423 0.13867933 0.07767028 0.11574268 0.11099438 0.11706796 0.11096747 0.11270181 0.13181273 0.09907085 0.11576383 0.12985904 0.11764317 0.14971855 
0.13594430 0.20428932 0.00000000 0.19390877 0.16620199 0.15021170 0.12742153 0.10125619 0.21165708 0.15374632 0.14449341 0.13948446 0.12035095 0.08508046 0.16697017 0.13556948 0.20805891 0.13767638 0.13782367 0.12476598 0.11492803 0.13228249 0.10594467 0.10179895 0.12627578 0.12519085 0.14344608 0.12726929 0.11437944 0.09616183 0.19368254 0.14935723 0.10199431 0.16907481 0.12695898 0.11552807 0.11249439 0.08110238 0.08203964 0.11477808 0.07802737 0.08648869 0.13030816 0.13016970 0.10649478 0.15203716 0.08400590 0.08407802 0.10037540 0.11990303 0.08839364 0.08178476 0.09576334 0.07248042 0.12458714 0.10440295 0.12245899 0.12854049 0.10462172 0.22335213 0.12463301 0.18346835 0.09632018 0.09409740 0.08308463 0.15071901 0.08346836 0.17538056 0.09394765 0.14436642 
0.12661848 0.17343919 0.19390877 0.00000000 0.23881997 0.18675404 0.12022889 0.12651257 0.18258641 0.11366359 0.19828715 0.18115212 0.13543041 0.11978184 0.10049557 0.08929650 0.10898661 0.17313966 0.11365029 0.13633439 0.09742734 0.12302994 0.16396495 0.12528266 0.14055161 0.04679276 0.10453652 0.12571839 0.11550883 0.10976605 0.12704988 0.12834423 0.12911418 0.06164783 0.15367767 0.11470166 0.11968519 0.06080949 0.11151584 0.09509243 0.12761930 0.13797099 0.13111709 0.09509990 0.08224200 0.14399518 0.05555794 0.13642328 0.11142391 0.11603093 0.15420388 0.11884570 0.09807460 0.09002569 0.11356683 0.09547942 0.12377352 0.16459806 0.17466084 0.11480152 0.17045859 0.17705612 0.13378702 0.10312337 0.16824768 0.14461892 0.09745445 0.13219267 0.21249441 0.12034108 
0.13798264 0.15455079 0.16620199 0.23881997 0.00000000 0.15901055 0.15710431 0.19500226 0.09898387 0.12784378 0.18437413 0.17543643 0.12775218 0.10806235 0.12196970 0.17536348 0.12338996 0.16740881 0.07197620 0.13705635 0.11158409 0.10862860 0.15813728 0.10021983 0.11856695 0.14904726 0.13061977 0.12070126 0.08784372 0.12473588 0.16956654 0.08551376 0.11577573 0.11948654 0.06962456 0.11411246 0.08801478 0.13770911 0.07436551 0.05639810 0.14300071 0.12176594 0.08068934 0.17717855 0.09634562 0.11906012 0.04381616 0.09452884 0.20137495 0.13709361 0.15163965 0.13569168 0.14689914 0.07721728 0.09726060 0.15639350 0.07703419 0.07478617 0.07798863 0.09231501 0.12545702 0.09062994 0.13859864 0.07737856 0.16196510 0.22676365 0.16714785 0.13108212 0.19263382 0.15844606 
0.13116989 0.15404966 0.15021170 0.18675404 0.15901055 0.00000000 0.11962134 0.12282536 0.12108211 0.14202035 0.26904632 0.16707596 0.11322268 0.12368389 0.15210346 0.12289813 0.09674586 0.19894252 0.11186450 0.18721502 0.08186469 0.12995253 0.13985023 0.17433829 0.10264805 0.10066192 0.18900715 0.14509618 0.19802301 0.21855598 0.17520991 0.13215949 0.12880470 0.10725709 0.10141068 0.09328989 0.13146399 0.10005815 0.11374783 0.09404541 0.08687023 0.15759735 0.12440344 0.14460613 0.08103670 0.13866814 0.08172202 0.14392223 0.14100972 0.14730234 0.07483302 0.08166985 0.14520439 0.13065106 0.11999809 0.14771875 0.07303407 0.08319337 0.13897778 0.11428679 0.08353193 0.14445408 0.08732735 0.04978274 0.11336703 0.12949493 0.08865321 0.10258892 0.15628287 0.19054253 
0.13066927 0.14927111 0.12742153 0.12022889 0.15710431 0.11962134 0.00000000 0.15854951 0.14547729 0.15019134 0.10773188 0.09171589 0.16096307 0.18472645 0.23068512 0.29634281 0.15749271 0.17147703 0.17288164 0.12773020 0.21144464 0.13189907 0.14647064 0.14827178 0.14693211 0.11639578 0.13430668 0.16075061 0.10407776 0.13431244 0.20360547 0.23124186 0.09056392 0.10627128 0.10133843 0.10999353 0.08613640 0.16894080 0.06130594 0.09885703 0.08881080 0.12477810 0.11214172 0.12824071 0.04787977 0.12051337 0.09388360 0.11891215 0.11889574 0.11313137 0.09636381 0.15431523 0.14466941 0.11228563 0.11716671 0.11835696 0.08829081 0.15818912 0.11666707 0.10562094 0.08507099 0.11322126 0.12576711 0.08316087 0.08841513 0.10847245 0.17330992 0.11854279 0.14456429 0.08418823 
0.12641251 0.10052791 0.10125619 0.12651257 0.19500226 0.12282536 0.15854951 0.00000000 0.15463397 0.19419540 0.18793205 0.17411477 0.23113408 0.12655546 0.17103129 0.16700578 0.10450350 0.11900026 0.14980638 0.11936094 0.14404894 0.13398259 0.09325706 0.10552003 0.11972497 0.16709526 0.13781691 0.14502715 0.12676555 0.15135984 0.18753980 0.10664708 0.10992404 0.11379979 0.10542512 0.10105863 0.11140961 0.12575998 0.10780040 0.12714542 0.09367248 0.10334206 0.13250805 0.10870612 0.11152990 0.13593998 0.08408594 0.10780674 0.09252129 0.11088381 0.11460459 0.13224466 0.11620178 0.13087449 0.09335401 0.10680034 0.11578803 0.09410737 0.10236500 0.09607289 0.09653898 0.11171113 0.11883539 0.10174949 0.09489132 0.10376383 0.09482892 0.10019629 0.12032236 0.11436176 
0.12799028 0.15237171 0.21165708 0.18258641 0.09898387 0.12108211 0.14547729 0.15463397 0.00000000 0.15507265 0.15236242 0.11464759 0.14723647 0.16004220 0.25401329 0.16143205 0.15679585 0.19094057 0.23214321 0.14468852 0.12762493 0.08229369 0.06743532 0.13428250 0.12616697 0.11035468 0.18828599 0.13559462 0.18086118 0.08246667 0.19512631 0.17116768 0.08987334 0.06956644 0.10770319 0.10474140 0.11148827 0.17735886 0.18893972 0.05935580 0.11587524 0.12782889 0.12372647 0.17152148 0.06500777 0.12038903 0.13045937 0.07259335 0.09907152 0.10722330 0.12504603 0.06658907 0.13463267 0.12198556 0.07919894 0.09301404 0.08955192 0.09303092 0.05779087 0.11947575 0.10420519 0.05587626 0.13162491 0.10342712 0.10724074 0.02807728 0.15074077 0.16714389 0.15555793 0.12282618 
0.13755164 0.13836750 0.15374632 0.11366359 0.12784378 0.14202035 0.15019134 0.19419540 0.15507265 0.00000000 0.13894846 0.14760657 0.18117822 0.16329877 0.22680529 0.12716081 0.11081073 0.12778302 0.15556849 0.14044704 0.11931161 0.10702743 0.07344507 0.15085316 0.14861615 0.10890130 0.10877670 0.11074067 0.16153182 0.09340013 0.16272609 0.08320126 0.21370339 0.09479272 0.08058780 0.10037243 0.11488367 0.22672853 0.08216210 0.14139620 0.08785069 0.13817464 0.11442427 0.23726600 0.05087861 0.15697445 0.10133757 0.12203431 0.12598064 0.11803075 0.12513407 0.10708041 0.11946609 0.14238017 0.11867863 0.10477926 0.07247967 0.07803984 0.08409251 0.14706255 0.09398314 0.17449185 0.10469002 0.13137022 0.10892892 0.11264857 0.12893668 0.09306698 0.10908080 0.14888402 
0.11841600 0.13945571 0.14449341 0.19828715 0.18437413 0.26904632 0.10773188 0.18793205 0.15236242 0.13894846 0.00000000 0.14109883 0.15976126 0.14660504 0.22703542 0.06835319 0.08787085 0.18119988 0.14730491 0.19211357 0.14944828 0.12516279 0.09322645 0.15468517 0.12557195 0.07251018 0.20083070 0.16948287 0.16249864 0.10888582 0.27408467 0.19393114 0.09881115 0.07899708 0.14279687 0.07730301 0.07935283 0.08167221 0.08778055 0.07905424 0.15290925 0.16526645 0.09570819 0.13717698 0.10572013 0.08406544 0.08469597 0.08109424 0.07067738 0.16973307 0.15310427 0.09724834 0.23809538 0.09811341 0.10048334 0.11269782 0.09193748 0.12066696 0.10291869 0.07741129 0.08548655 0.08119230 0.10171093 0.18418064 0.09301364 0.10936506 0.08726799 0.13049540 0.11244792 0.07621144 
0.11755251 0.12439019 0.13948446 0.18115212 0.17543643 0.16707596 0.09171589 0.17411477 0.11464759 0.14760657 0.14109883 0.00000000 0.11556702 0.15489079 0.12577689 0.12578377 0.04859891 0.19941661 0.12382799 0.13342437 0.12678287 0.04230299 0.17683702 0.08833432 0.16679298 0.13515212 0.25974548 0.20579042 0.09295757 0.11942162 0.21276007 0.15297407 0.16723863 0.15330057 0.10436242 0.07831017 0.07655523 0.13101733 0.11079774 0.16613761 0.14080812 0.11006606 0.15442144 0.10065864 0.09369354 0.06517743 0.11364103 0.11223574 0.13691958 0.14771328 0.12664621 0.06857030 0.10736941 0.10412026 0.11343856 0.08940239 0.06796079 0.08934572 0.14142984 0.10267662 0.12565573 0.11948623 0.13235927 0.14810287 0.12101454 0.10470930 0.14414445 0.13561613 0.15994645 0.06741411 
0.11979350 0.10951988 0.12035095 0.13543041 0.12775218 0.11322268 0.16096307 0.23113408 0.14723647 0.18117822 0.15976126 0.11556702 0.00000000 0.16660116 0.14426704 0.26282471 0.12548160 0.12752831 0.14320089 0.12018598 0.11657199 0.09880689 0.09518559 0.13471619 0.15792262 0.15372464 0.11848199 0.12953260 0.13210896 0.20507402 0.13764560 0.11118188 0.14418264 0.10848654 0.13768314 0.16452273 0.09300979 0.12641577 0.13172499 0.20757998 0.06659938 0.11568389 0.15979640 0.09454451 0.10197356 0.11304588 0.07645828 0.12042060 0.08281334 0.15071146 0.12360422 0.08043315 0.11081311 0.12151923 0.07086603 0.13223097 0.09814006 0.07000351 0.08880400 0.12868011 0.08173769 0.11286315 0.10706127 0.08888531 0.08338638 0.07886082 0.12214071 0.10106355 0.10014166 0.12370928 
0.12998074 0.12896279 0.08508046 0.11978184 0.10806235 0.12368389 0.18472645 0.12655546 0.16004220 0.16329877 0.14660504 0.15489079 0.16660116 0.00000000 0.20851239 0.13907523 0.10592826 0.13045412 0.11478209 0.16667370 0.14109631 0.12811000 0.13254147 0.20870646 0.12212904 0.15190218 0.24444294 0.17630125 0.16740685 0.11472331 0.16163258 0.17749941 0.13325121 0.22988857 0.09061494 0.07554575 0.11555257 0.16258324 0.07263568 0.07994500 0.10112662 0.09284358 0.10174647 0.09547161 0.11687458 0.09156307 0.09275650 0.13645934 0.17729484 0.14043933 0.13198652 0.14510460 0.13004288 0.14970358 0.10352759 0.13184630 0.10999862 0.12541605 0.04761463 0.05834960 0.09813975 0.19582038 0.11113343 0.12013188 0.11409886 0.09436909 0.14960096 0.11974252 0.08698615 0.09089659 
0.12737057 0.12395083 0.16697017 0.10049557 0.12196970 0.15210346 0.23068512 0.17103129 0.25401329 0.22680529 0.22703542 0.12577689 0.14426704 0.20851239 0.00000000 0.17520690 0.17244506 0.16862476 0.14192229 0.12969814 0.16512498 0.13309801 0.09658187 0.11628004 0.08235364 0.16282367 0.11253670 0.14514596 0.12112682 0.15720201 0.14198532 0.12728730 0.06170694 0.13476801 0.08965749 0.10146211 0.09594128 0.13666534 0.14318889 0.06913139 0.11383837 0.07544156 0.10899227 0.22890427 0.02750704 0.13895290 0.06870206 0.07414579 0.15055380 0.17363578 0.11141840 0.08665165 0.11394836 0.13212705 0.08355685 0.13408818 0.10005853 0.19340376 0.07734367 0.08776025 0.09808648 0.07484395 0.13455454 0.07612443 0.17702646 0.16286879 0.08939633 0.13997775 0.18929165 0.05064199 
0.12211796 0.14196166 0.13556948 0.08929650 0.17536348 0.12289813 0.29634281 0.16700578 0.16143205 0.12716081 0.06835319 0.12578377 0.26282471 0.13907523 0.17520690 0.00000000 0.20294178 0.21005553 0.21727773 0.20494930 0.09208340 0.17367993 0.20180184 0.13861416 0.16088025 0.13369104 0.14385527 0.16372195 0.08149030 0.17562604 0.08372515 0.14170153 0.07092652 0.12011110 0.07712422 0.08023647 0.07863135 0.08900851 0.14441720 0.07384751 0.06665045 0.06272294 0.20088023 0.11502292 0.08478777 0.10857758 0.05767582 0.11837050 0.05888222 0.07526040 0.19280593 0.10213229 0.10315504 0.11471718 0.05546304 0.08449477 0.08415305 0.12451053 0.07028998 0.10523238 0.08539013 0.10816839 0.13115834 0.10440964 0.11428055 0.07891189 0.17318475 0.17351487 0.07483831 0.14364434 
0.12042190 0.16904704 0.20805891 0.10898661 0.12338996 0.09674586 0.15749271 0.10450350 0.15679585 0.11081073 0.08787085 0.04859891 0.12548160 0.10592826 0.17244506 0.20294178 0.00000000 0.10493804 0.18665204 0.12954844 0.23662441 0.13649587 0.19348587 0.07614762 0.07234233 0.10774055 0.20938916 0.15745713 0.15783197 0.14618185 0.10390133 0.14854975 0.09016986 0.17027603 0.07854938 0.09032180 0.07398790 0.09866042 0.14526862 0.14946454 0.10731915 0.09488566 0.14595316 0.09350654 0.11614314 0.09593012 0.15971748 0.17835349 0.23534400 0.08426206 0.09680282 0.15819525 0.00000000 0.06618822 0.07316537 0.13870938 0.08030034 0.15140461 0.12820939 0.04774605 0.10012256 0.10009334 0.07582966 0.16010483 0.09702290 0.19563053 0.16856159 0.16612353 0.18321152 0.16132533 
0.12566102 0.13275086 0.13767638 0.17313966 0.16740881 0.19894252 0.17147703 0.11900026 0.19094057 0.12778302 0.18119988 0.19941661 0.12752831 0.13045412 0.16862476 0.21005553 0.10493804 0.00000000 0.12622337 0.23078421 0.08780568 0.13382557 0.10912640 0.21429962 0.16517883 0.16113000 0.09099219 0.19430741 0.12711843 0.16600813 0.18675029 0.12025533 0.07001320 0.09955633 0.05119035 0.09142626 0.08245974 0.12301112 0.13353127 0.10525008 0.11299518 0.09789142 0.05380207 0.22260821 0.06717528 0.12421309 0.10220019 0.04871466 0.12379772 0.10527394 0.09336306 0.06180411 0.12757694 0.12189779 0.11113039 0.05260764 0.08205906 0.15959640 0.12501594 0.11596269 0.05298478 0.13834238 0.10724775 0.15270934 0.13290568 0.15921859 0.14107690 0.10171819 0.13988664 0.24878720 
0.13902170 0.12172279 0.13782367 0.11365029 0.07197620 0.11186450 0.17288164 0.14980638 0.23214321 0.15556849 0.14730491 0.12382799 0.14320089 0.11478209 0.14192229 0.21727773 0.18665204 0.12622337 0.00000000 0.18363459 0.12532262 0.21720527 0.17092726 0.20128883 0.12731479 0.15221939 0.10087433 0.15890572 0.15029080 0.18521173 0.14326695 0.20328451 0.07762166 0.08678279 0.08583004 0.10393010 0.08121312 0.18634399 0.09885133 0.03514319 0.10211033 0.09149993 0.09213861 0.15187412 0.09578746 0.19656418 0.08163434 0.04608287 0.10780192 0.10217411 0.08740599 0.09398890 0.17869521 0.10055037 0.14122466 0.11392500 0.07474787 0.11688396 0.09649526 0.18944934 0.08257108 0.13513075 0.10880821 0.03961784 0.17752465 0.16459760 0.19299864 0.10081101 0.15883445 0.11857002 
0.12567744 0.12104769 0.12476598 0.13633439 0.13705635 0.18721502 0.12773020 0.11936094 0.14468852 0.14044704 0.19211357 0.13342437 0.12018598 0.16667370 0.12969814 0.20494930 0.12954844 0.23078421 0.18363459 0.00000000 0.17481241 0.32881059 0.11503103 0.16756551 0.21090294 0.11509174 0.13908014 0.10355994 0.11470156 0.14357446 0.08635489 0.09705158 0.09934744 0.11242515 0.13231872 0.10607012 0.07280287 0.15538121 0.10447794 0.09789969 0.06920308 0.10063760 0.05373592 0.10332381 0.10848269 0.08204966 0.14592503 0.09474289 0.11171452 0.10895081 0.12266399 0.16640794 0.10836903 0.15871344 0.09544783 0.06534398 0.05851935 0.07253674 0.11613050 0.12644879 0.13169291 0.20463836 0.12427564 0.13795164 0.15432289 0.15735677 0.17042451 0.09395225 0.11561873 0.06723231 
0.10355422 0.07061755 0.11492803 0.09742734 0.11158409 0.08186469 0.21144464 0.14404894 0.12762493 0.11931161 0.14944828 0.12678287 0.11657199 0.14109631 0.16512498 0.09208340 0.23662441 0.08780568 0.12532262 0.17481241 0.00000000 0.25672646 0.17550543 0.17821142 0.16767303 0.13620598 0.13013938 0.13656985 0.18442244 0.11559754 0.11101434 0.09259471 0.12448759 0.16127870 0.10991838 0.10622539 0.10201652 0.14897568 0.13439703 0.14154806 0.09602759 0.15306988 0.06290259 0.11566304 0.17687577 0.12916320 0.14839900 0.14870501 0.14575593 0.08457953 0.13424552 0.07081204 0.20105280 0.08231069 0.07616005 0.11807103 0.11056505 0.08850711 0.11260384 0.10413432 0.07863445 0.06180590 0.14203516 0.16218032 0.11105379 0.07426682 0.09180543 0.18991076 0.09330967 0.17080009 
0.10166408 0.12276743 0.13228249 0.12302994 0.10862860 0.12995253 0.13189907 0.13398259 0.08229369 0.10702743 0.12516279 0.04230299 0.09880689 0.12811000 0.13309801 0.17367993 0.13649587 0.13382557 0.21720527 0.32881059 0.25672646 0.00000000 0.20383916 0.21622366 0.18224179 0.15554740 0.15570681 0.07080574 0.11396960 0.18131736 0.13848035 0.10579603 0.23950343 0.11157864 0.08574619 0.08534951 0.04932912 0.09536821 0.09798230 0.09232114 0.07500070 0.10835267 0.13290537 0.10444881 0.14781695 0.08753912 0.19511982 0.13818715 0.07033531 0.11805706 0.18114542 0.10528462 0.12576133 0.09922268 0.07699103 0.11908066 0.05948379 0.15426989 0.07542918 0.09664323 0.04602516 0.15670858 0.09834537 0.17292440 0.23321285 0.06153826 0.13292375 0.15655522 0.07650174 0.13554096 
0.14415228 0.14859525 0.10594467 0.16396495 0.15813728 0.13985023 0.14647064 0.09325706 0.06743532 0.07344507 0.09322645 0.17683702 0.09518559 0.13254147 0.09658187 0.20180184 0.19348587 0.10912640 0.17092726 0.11503103 0.17550543 0.20383916 0.00000000 0.14273320 0.09086863 0.19197267 0.12138887 0.10907767 0.10867149 0.14913001 0.06515509 0.15127987 0.17432374 0.19890396 0.11652693 0.06832371 0.10929200 0.13803257 0.12533539 0.09521084 0.10712065 0.09602994 0.09301564 0.20052651 0.19731334 0.12365802 0.10259463 0.16681377 0.14259776 0.07228357 0.16964289 0.09840110 0.07989496 0.10372292 0.09686355 0.07653630 0.09221098 0.14168917 0.08364637 0.09206531 0.15559546 0.19619402 0.07428610 0.13596120 0.16016982 0.09976052 0.15848241 0.15475794 0.08329918 0.14752497 
0.12078824 0.14832124 0.10179895 0.12528266 0.10021983 0.17433829 0.14827178 0.10552003 0.13428250 0.15085316 0.15468517 0.08833432 0.13471619 0.20870646 0.11628004 0.13861416 0.07614762 0.21429962 0.20128883 0.16756551 0.17821142 0.21622366 0.14273320 0.00000000 0.12514702 0.16835838 0.12994043 0.12836976 0.11630877 0.10502494 0.15033997 0.11007597 0.14149773 0.11268683 0.08872022 0.10300415 0.06703358 0.11515327 0.11262766 0.14260366 0.16849702 0.07648496 0.10935941 0.04831603 0.14770550 0.15028870 0.14334396 0.16759576 0.12033583 0.10170871 0.13034934 0.21015978 0.16264983 0.10234174 0.09986512 0.09547453 0.06040857 0.11205091 0.12354872 0.17647939 0.13415585 0.12314694 0.09144308 0.13283602 0.11729469 0.07382801 0.12291249 0.10596771 0.15241246 0.17787412 
0.10732029 0.12992999 0.12627578 0.14055161 0.11856695 0.10264805 0.14693211 0.11972497 0.12616697 0.14861615 0.12557195 0.16679298 0.15792262 0.12212904 0.08235364 0.16088025 0.07234233 0.16517883 0.12731479 0.21090294 0.16767303 0.18224179 0.09086863 0.12514702 0.00000000 0.16988659 0.13949385 0.21370774 0.17737173 0.17941397 0.15726353 0.11807119 0.13914411 0.10303165 0.14587462 0.08401493 0.07030145 0.14537584 0.07295072 0.10394459 0.05811305 0.12703267 0.07126945 0.12117865 0.13245955 0.16859948 0.12874370 0.09144962 0.15686808 0.14588971 0.09651716 0.10264107 0.12365063 0.16619639 0.08646014 0.09470025 0.08058402 0.13841779 0.10734144 0.15459302 0.10325388 0.14129858 0.19021384 0.16494889 0.17986576 0.09602039 0.15353955 0.17428038 0.09833010 0.11585030 
0.11976421 0.11503322 0.12519085 0.04679276 0.14904726 0.10066192 0.11639578 0.16709526 0.11035468 0.10890130 0.07251018 0.13515212 0.15372464 0.15190218 0.16282367 0.13369104 0.10774055 0.16113000 0.15221939 0.11509174 0.13620598 0.15554740 0.19197267 0.16835838 0.16988659 0.00000000 0.12984992 0.15605774 0.12909635 0.15674929 0.14745577 0.20799328 0.11474734 0.09993466 0.08053476 0.10761632 0.09496059 0.12865854 0.16390291 0.07505826 0.16868563 0.08916715 0.06134629 0.11730245 0.13165359 0.14110587 0.19703600 0.26173158 0.14831785 0.14184656 0.09851310 0.11098384 0.16850300 0.19004410 0.10318511 0.07454444 0.09806518 0.11322803 0.05956331 0.19280734 0.11363160 0.11036296 0.17114735 0.14402913 0.15435266 0.13923832 0.07489825 0.08089513 0.11316810 0.14404299 
0.12982923 0.11178195 0.14344608 0.10453652 0.13061977 0.18900715 0.13430668 0.13781691 0.18828599 0.10877670 0.20083070 0.25974548 0.11848199 0.24444294 0.11253670 0.14385527 0.20938916 0.09099219 0.10087433 0.13908014 0.13013938 0.15570681 0.12138887 0.12994043 0.13949385 0.12984992 0.00000000 0.08636726 0.14095430 0.14894285 0.19097141 0.10525275 0.07326832 0.25102856 0.10999319 0.08402352 0.09140802 0.08293214 0.11622938 0.13154816 0.09462341 0.13237012 0.18149183 0.11780213 0.12643623 0.06729358 0.08142544 0.09062891 0.07605828 0.10820480 0.14111475 0.09825669 0.08714215 0.12806051 0.08270670 0.13910532 0.10485660 0.09272600 0.20120920 0.13373967 0.07663872 0.06819652 0.08510324 0.13060279 0.17027977 0.13810321 0.13128679 0.17039635 0.10060388 0.05797004 
0.12376141 0.17844736 0.12726929 0.12571839 0.12070126 0.14509618 0.16075061 0.14502715 0.13559462 0.11074067 0.16948287 0.20579042 0.12953260 0.17630125 0.14514596 0.16372195 0.15745713 0.19430741 0.15890572 0.10355994 0.13656985 0.07080574 0.10907767 0.12836976 0.21370774 0.15605774 0.08636726 0.00000000 0.20024806 0.11476715 0.15998096 0.16729179 0.10630172 0.21857279 0.09023631 0.13410085 0.11005581 0.18096622 0.13125252 0.08072894 0.20772906 0.06337224 0.11226730 0.22274910 0.09852929 0.26237063 0.10646295 0.09774994 0.08536247 0.12570101 0.06338308 0.01951320 0.17079273 0.11625497 0.14642460 0.07618564 0.10424377 0.07701977 0.09958630 0.08380703 0.09326034 0.05371603 0.12306836 0.13651658 0.13278851 0.09857434 0.14527516 0.08610544 0.13443297 0.10042426 
0.11797826 0.10483939 0.11437944 0.11550883 0.08784372 0.19802301 0.10407776 0.12676555 0.18086118 0.16153182 0.16249864 0.09295757 0.13210896 0.16740685 0.12112682 0.08149030 0.15783197 0.12711843 0.15029080 0.11470156 0.18442244 0.11396960 0.10867149 0.11630877 0.17737173 0.12909635 0.14095430 0.20024806 0.00000000 0.08596216 0.09779242 0.13052312 0.16926851 0.16042727 0.09919408 0.12537793 0.06638338 0.18875066 0.09508839 0.11198382 0.10838532 0.08785369 0.07598478 0.17596408 0.13502009 0.15075692 0.13644766 0.13603171 0.11590008 0.22339639 0.12921921 0.21405116 0.13586256 0.26111184 0.09144160 0.12322182 0.12986790 0.07512092 0.13275619 0.10698380 0.11644404 0.08406303 0.13007963 0.10081276 0.14194891 0.15082701 0.14775345 0.08502664 0.13385732 0.08254466 
0.13479870 0.14241093 0.09616183 0.10976605 0.12473588 0.21855598 0.13431244 0.15135984 0.08246667 0.09340013 0.10888582 0.11942162 0.20507402 0.11472331 0.15720201 0.17562604 0.14618185 0.16600813 0.18521173 0.14357446 0.11559754 0.18131736 0.14913001 0.10502494 0.17941397 0.15674929 0.14894285 0.11476715 0.08596216 0.00000000 0.13974765 0.14682047 0.12851751 0.11827483 0.10959536 0.20885725 0.14284691 0.10301906 0.05431689 0.11266292 0.09303330 0.14289292 0.22284903 0.09832725 0.12421922 0.08734149 0.07272442 0.11381341 0.14172976 0.14292126 0.15727220 0.06178608 0.08148871 0.10441536 0.09550798 0.15400925 0.12988469 0.13830665 0.13486945 0.11203152 0.09038875 0.19646607 0.10976008 0.06801610 0.07109159 0.06080330 0.09037608 0.07497458 0.08153309 0.14199609 
0.12209891 0.12938221 0.19368254 0.12704988 0.16956654 0.17520991 0.20360547 0.18753980 0.19512631 0.16272609 0.27408467 0.21276007 0.13764560 0.16163258 0.14198532 0.08372515 0.10390133 0.18675029 0.14326695 0.08635489 0.11101434 0.13848035 0.06515509 0.15033997 0.15726353 0.14745577 0.19097141 0.15998096 0.09779242 0.13974765 0.00000000 0.11622554 0.14524850 0.08934256 0.11032190 0.07914611 0.08589085 0.10727312 0.13894306 0.06818025 0.07547649 0.14345067 0.10165499 0.12752810 0.08696446 0.12614494 0.10901509 0.11075633 0.15007356 0.11301908 0.11732442 0.07136767 0.12475831 0.14631665 0.08773557 0.12459456 0.11381719 0.09067869 0.13737142 0.08141526 0.09850247 0.09806656 0.10328471 0.17614483 0.08581491 0.07329863 0.12340506 0.19058565 0.16662876 0.11540289 
0.11679813 0.14505405 0.14935723 0.12834423 0.08551376 0.13215949 0.23124186 0.10664708 0.17116768 0.08320126 0.19393114 0.15297407 0.11118188 0.17749941 0.12728730 0.14170153 0.14854975 0.12025533 0.20328451 0.09705158 0.09259471 0.10579603 0.15127987 0.11007597 0.11807119 0.20799328 0.10525275 0.16729179 0.13052312 0.14682047 0.11622554 0.00000000 0.13937873 0.16402114 0.07854710 0.09809698 0.07290445 0.11892680 0.12797768 0.07907421 0.12458434 0.10624056 0.05811739 0.15400843 0.14400822 0.16866342 0.11105241 0.16199966 0.24062046 0.16761124 0.17924759 0.05289987 0.15191132 0.05818028 0.08508666 0.10124966 0.08636354 0.08853733 0.09001790 0.19102407 0.09639564 0.03917534 0.12165706 0.15240970 0.18491582 0.15627805 0.19698431 0.12460778 0.12411874 0.13339020 
0.11768007 0.13693866 0.10199431 0.12911418 0.11577573 0.12880470 0.09056392 0.10992404 0.08987334 0.21370339 0.09881115 0.16723863 0.14418264 0.13325121 0.06170694 0.07092652 0.09016986 0.07001320 0.07762166 0.09934744 0.12448759 0.23950343 0.17432374 0.14149773 0.13914411 0.11474734 0.07326832 0.10630172 0.16926851 0.12851751 0.14524850 0.13937873 0.00000000 0.19367830 0.11929714 0.14660760 0.10188211 0.13524319 0.10186461 0.23496613 0.10299080 0.14438372 0.09254034 0.13707361 0.21934691 0.17677084 0.15531363 0.18630221 0.18689557 0.19726560 0.19708173 0.10964544 0.16610374 0.14216030 0.09752552 0.16800407 0.10599747 0.18949717 0.09137092 0.08546342 0.12906452 0.01937702 0.15497773 0.14252201 0.08512953 0.05159736 0.10179555 0.08905946 0.06351776 0.08772962 
0.10278245 0.08054288 0.16907481 0.06164783 0.11948654 0.10725709 0.10627128 0.11379979 0.06956644 0.09479272 0.07899708 0.15330057 0.10848654 0.22988857 0.13476801 0.12011110 0.17027603 0.09955633 0.08678279 0.11242515 0.16127870 0.11157864 0.19890396 0.11268683 0.10303165 0.09993466 0.25102856 0.21857279 0.16042727 0.11827483 0.08934256 0.16402114 0.19367830 0.00000000 0.09069346 0.10603222 0.08896083 0.17056824 0.26541881 0.17199378 0.17390473 0.10207309 0.07749301 0.18328922 0.12972616 0.11012651 0.09567026 0.11986626 0.12333853 0.12442247 0.12991258 0.08310747 0.07354198 0.15513764 0.11788694 0.15483655 0.10024765 0.16437685 0.08527368 0.22647939 0.08724786 0.10152304 0.16345175 0.11296304 0.15621260 0.12435963 0.12416030 0.09922304 0.11277991 0.06891032 
0.15321163 0.13216274 0.12695898 0.15367767 0.06962456 0.10141068 0.10133843 0.10542512 0.10770319 0.08058780 0.14279687 0.10436242 0.13768314 0.09061494 0.08965749 0.07712422 0.07854938 0.05119035 0.08583004 0.13231872 0.10991838 0.08574619 0.11652693 0.08872022 0.14587462 0.08053476 0.10999319 0.09023631 0.09919408 0.10959536 0.11032190 0.07854710 0.11929714 0.09069346 0.00000000 0.21907453 0.22447024 0.13207666 0.13886339 0.15429176 0.15153426 0.19696137 0.22975980 0.09373380 0.10093257 0.27271899 0.11817204 0.11564135 0.09035997 0.12345909 0.05136097 0.16226482 0.09766658 0.21859069 0.18821909 0.17042342 0.18931341 0.12847867 0.19589861 0.10607384 0.17828499 0.11662607 0.13470752 0.12788572 0.11427495 0.07890702 0.13326205 0.10146331 0.18623133 0.08787779 
0.11329622 0.11419255 0.11552807 0.11470166 0.11411246 0.09328989 0.10999353 0.10105863 0.10474140 0.10037243 0.07730301 0.07831017 0.16452273 0.07554575 0.10146211 0.08023647 0.09032180 0.09142626 0.10393010 0.10607012 0.10622539 0.08534951 0.06832371 0.10300415 0.08401493 0.10761632 0.08402352 0.13410085 0.12537793 0.20885725 0.07914611 0.09809698 0.14660760 0.10603222 0.21907453 0.00000000 0.22888952 0.15308204 0.15937551 0.25279822 0.17426050 0.19935776 0.18658614 0.12503185 0.10820496 0.10556640 0.12208753 0.09107530 0.10898967 0.13043307 0.12409033 0.15412686 0.14884267 0.19479513 0.18690688 0.13458848 0.19834373 0.15758775 0.18295922 0.16632627 0.15434557 0.14944683 0.08666602 0.07964675 0.12638823 0.12717295 0.10171261 0.06393066 0.07900923 0.10016046 
0.17975458 0.11288045 0.11249439 0.11968519 0.08801478 0.13146399 0.08613640 0.11140961 0.11148827 0.11488367 0.07935283 0.07655523 0.09300979 0.11555257 0.09594128 0.07863135 0.07398790 0.08245974 0.08121312 0.07280287 0.10201652 0.04932912 0.10929200 0.06703358 0.07030145 0.09496059 0.09140802 0.11005581 0.06638338 0.14284691 0.08589085 0.07290445 0.10188211 0.08896083 0.22447024 0.22888952 0.00000000 0.13432935 0.14821874 0.21454593 0.22562463 0.16981694 0.23378263 0.12627484 0.12413569 0.11560520 0.13227517 0.14385609 0.08012061 0.13633373 0.09234931 0.15295038 0.15477235 0.14683455 0.23342394 0.14117661 0.23599900 0.17905885 0.19736244 0.12591263 0.22370022 0.17280852 0.12154320 0.12652051 0.07601225 0.16019023 0.08838126 0.06852053 0.09790850 0.11996341 
0.12368172 0.12381059 0.08110238 0.06080949 0.13770911 0.10005815 0.16894080 0.12575998 0.17735886 0.22672853 0.08167221 0.13101733 0.12641577 0.16258324 0.13666534 0.08900851 0.09866042 0.12301112 0.18634399 0.15538121 0.14897568 0.09536821 0.13803257 0.11515327 0.14537584 0.12865854 0.08293214 0.18096622 0.18875066 0.10301906 0.10727312 0.11892680 0.13524319 0.17056824 0.13207666 0.15308204 0.13432935 0.00000000 0.12997625 0.20468099 0.10222774 0.10658697 0.15020916 0.09839188 0.17618933 0.12578204 0.13058474 0.10394818 0.11901423 0.09734693 0.17066715 0.14975146 0.20245892 0.12119193 0.12346244 0.09691875 0.12031628 0.09741506 0.12604733 0.06996276 0.15576947 0.16559022 0.09765912 0.18080013 0.17354377 0.05443517 0.12334993 0.12045590 0.10905180 0.08985072 
0.11369132 0.08752037 0.08203964 0.11151584 0.07436551 0.11374783 0.06130594 0.10780040 0.18893972 0.08216210 0.08778055 0.11079774 0.13172499 0.07263568 0.14318889 0.14441720 0.14526862 0.13353127 0.09885133 0.10447794 0.13439703 0.09798230 0.12533539 0.11262766 0.07295072 0.16390291 0.11622938 0.13125252 0.09508839 0.05431689 0.13894306 0.12797768 0.10186461 0.26541881 0.13886339 0.15937551 0.14821874 0.12997625 0.00000000 0.13309231 0.22053077 0.19041775 0.13549888 0.15371620 0.14595188 0.14641723 0.09114001 0.15278663 0.11943987 0.19652833 0.17160828 0.15283541 0.13850071 0.15504867 0.12104173 0.14509432 0.14543109 0.14432347 0.15808590 0.05729891 0.14493336 0.08596013 0.15865945 0.16789216 0.14612278 0.12512961 0.16324131 0.06741796 0.06176994 0.11164371 
0.10896286 0.05960123 0.11477808 0.09509243 0.05639810 0.09404541 0.09885703 0.12714542 0.05935580 0.14139620 0.07905424 0.16613761 0.20757998 0.07994500 0.06913139 0.07384751 0.14946454 0.10525008 0.03514319 0.09789969 0.14154806 0.09232114 0.09521084 0.14260366 0.10394459 0.07505826 0.13154816 0.08072894 0.11198382 0.11266292 0.06818025 0.07907421 0.23496613 0.17199378 0.15429176 0.25279822 0.21454593 0.20468099 0.13309231 0.00000000 0.13885927 0.15157563 0.14913257 0.12452586 0.19412920 0.11232181 0.15410870 0.09381864 0.06920861 0.15357188 0.10171041 0.11653428 0.11442179 0.13836257 0.13870788 0.11032652 0.19136113 0.13297142 0.19145602 0.18807295 0.16792944 0.12061135 0.14061721 0.24177533 0.09542579 0.13457397 0.10462435 0.11335819 0.10597280 0.11707657 
0.13543973 0.12619771 0.07802737 0.12761930 0.14300071 0.08687023 0.08881080 0.09367248 0.11587524 0.08785069 0.15290925 0.14080812 0.06659938 0.10112662 0.11383837 0.06665045 0.10731915 0.11299518 0.10211033 0.06920308 0.09602759 0.07500070 0.10712065 0.16849702 0.05811305 0.16868563 0.09462341 0.20772906 0.10838532 0.09303330 0.07547649 0.12458434 0.10299080 0.17390473 0.15153426 0.17426050 0.22562463 0.10222774 0.22053077 0.13885927 0.00000000 0.14486253 0.18593816 0.16710257 0.15862585 0.12542170 0.14514970 0.10633195 0.14267535 0.12638435 0.15745488 0.07155065 0.11223470 0.14756807 0.18200502 0.10261993 0.15719673 0.13671708 0.12347926 0.09115926 0.21610881 0.08328153 0.22094342 0.11558804 0.18403664 0.11942152 0.07057264 0.15580759 0.10922923 0.13783686 
0.13145665 0.06322231 0.08648869 0.13797099 0.12176594 0.15759735 0.12477810 0.10334206 0.12782889 0.13817464 0.16526645 0.11006606 0.11568389 0.09284358 0.07544156 0.06272294 0.09488566 0.09789142 0.09149993 0.10063760 0.15306988 0.10835267 0.09602994 0.07648496 0.12703267 0.08916715 0.13237012 0.06337224 0.08785369 0.14289292 0.14345067 0.10624056 0.14438372 0.10207309 0.19696137 0.19935776 0.16981694 0.10658697 0.19041775 0.15157563 0.14486253 0.00000000 0.11073845 0.13715391 0.09868744 0.10430763 0.15907101 0.12401909 0.10044319 0.17578311 0.12846825 0.22108112 0.13045967 0.20648958 0.13512041 0.27043070 0.10585288 0.13709227 0.14071575 0.15816933 0.13609583 0.12557299 0.11557637 0.12294909 0.08630607 0.09720658 0.17402519 0.15333145 0.08710045 0.13645336 
0.14323214 0.13150448 0.13030816 0.13111709 0.08068934 0.12440344 0.11214172 0.13250805 0.12372647 0.11442427 0.09570819 0.15442144 0.15979640 0.10174647 0.10899227 0.20088023 0.14595316 0.05380207 0.09213861 0.05373592 0.06290259 0.13290537 0.09301564 0.10935941 0.07126945 0.06134629 0.18149183 0.11226730 0.07598478 0.22284903 0.10165499 0.05811739 0.09254034 0.07749301 0.22975980 0.18658614 0.23378263 0.15020916 0.13549888 0.14913257 0.18593816 0.11073845 0.00000000 0.08218612 0.11735325 0.16797460 0.09773905 0.16304730 0.19254856 0.14481915 0.06125458 0.11817236 0.14025788 0.10574786 0.25638526 0.14267052 0.17842463 0.10896822 0.15719356 0.11636565 0.17104519 0.09112299 0.08836671 0.11653394 0.15423674 0.15105847 0.06104570 0.10307521 0.11656452 0.10612994 
0.13942609 0.11571671 0.13016970 0.09509990 0.17717855 0.14460613 0.12824071 0.10870612 0.17152148 0.23726600 0.13717698 0.10065864 0.09454451 0.09547161 0.22890427 0.11502292 0.09350654 0.22260821 0.15187412 0.10332381 0.11566304 0.10444881 0.20052651 0.04831603 0.12117865 0.11730245 0.11780213 0.22274910 0.17596408 0.09832725 0.12752810 0.15400843 0.13707361 0.18328922 0.09373380 0.12503185 0.12627484 0.09839188 0.15371620 0.12452586 0.16710257 0.13715391 0.08218612 0.00000000 0.07095645 0.09566883 0.09584663 0.09048469 0.10767797 0.11203294 0.10774650 0.10955996 0.12462840 0.13137340 0.13376948 0.11383425 0.09090039 0.11982210 0.12052158 0.15040552 0.13128667 0.12078532 0.11841597 0.13742876 0.21278708 0.17726938 0.15020941 0.13659740 0.10326581 0.09740025 
0.10542989 0.07438583 0.10649478 0.08224200 0.09634562 0.08103670 0.04787977 0.11152990 0.06500777 0.05087861 0.10572013 0.09369354 0.10197356 0.11687458 0.02750704 0.08478777 0.11614314 0.06717528 0.09578746 0.10848269 0.17687577 0.14781695 0.19731334 0.14770550 0.13245955 0.13165359 0.12643623 0.09852929 0.13502009 0.12421922 0.08696446 0.14400822 0.21934691 0.12972616 0.10093257 0.10820496 0.12413569 0.17618933 0.14595188 0.19412920 0.15862585 0.09868744 0.11735325 0.07095645 0.00000000 0.14216676 0.38231865 0.25181867 0.10518235 0.19641221 0.21543441 0.20406444 0.14121618 0.15073953 0.07740183 0.13392295 0.14052661 0.09312043 0.17411384 0.11840609 0.06759342 0.09096803 0.19945179 0.17368482 0.13865735 0.12402048 0.14150542 0.17162494 0.12738985 0.14608665 
0.12575147 0.14999975 0.15203716 0.14399518 0.11906012 0.13866814 0.12051337 0.13593998 0.12038903 0.15697445 0.08406544 0.06517743 0.11304588 0.09156307 0.13895290 0.10857758 0.09593012 0.12421309 0.19656418 0.08204966 0.12916320 0.08753912 0.12365802 0.15028870 0.16859948 0.14110587 0.06729358 0.26237063 0.15075692 0.08734149 0.12614494 0.16866342 0.17677084 0.11012651 0.27271899 0.10556640 0.11560520 0.12578204 0.14641723 0.11232181 0.12542170 0.10430763 0.16797460 0.09566883 0.14216676 0.00000000 0.17106034 0.21284075 0.25998854 0.13864571 0.11355291 0.11600158 0.14646297 0.06963377 0.13374412 0.09137728 0.11945835 0.09518454 0.12325198 0.10664425 0.17365726 0.08517712 0.12775716 0.10471970 0.07138862 0.09248720 0.09319209 0.12558002 0.15988066 0.15357645 
0.10170893 0.10764603 0.08400590 0.05555794 0.04381616 0.08172202 0.09388360 0.08408594 0.13045937 0.10133757 0.08469597 0.11364103 0.07645828 0.09275650 0.06870206 0.05767582 0.15971748 0.10220019 0.08163434 0.14592503 0.14839900 0.19511982 0.10259463 0.14334396 0.12874370 0.19703600 0.08142544 0.10646295 0.13644766 0.07272442 0.10901509 0.11105241 0.15531363 0.09567026 0.11817204 0.12208753 0.13227517 0.13058474 0.09114001 0.15410870 0.14514970 0.15907101 0.09773905 0.09584663 0.38231865 0.17106034 0.00000000 0.25596857 0.17975387 0.12613663 0.21195123 0.17636421 0.11549375 0.12225558 0.08029934 0.15048871 0.16581567 0.13008609 0.19355932 0.13330664 0.07799332 0.14593596 0.26971786 0.19455032 0.10265253 0.09130321 0.16853991 0.11750916 0.13389747 0.13348106 
0.12090409 0.11464674 0.08407802 0.13642328 0.09452884 0.14392223 0.11891215 0.10780674 0.07259335 0.12203431 0.08109424 0.11223574 0.12042060 0.13645934 0.07414579 0.11837050 0.17835349 0.04871466 0.04608287 0.09474289 0.14870501 0.13818715 0.16681377 0.16759576 0.09144962 0.26173158 0.09062891 0.09774994 0.13603171 0.11381341 0.11075633 0.16199966 0.18630221 0.11986626 0.11564135 0.09107530 0.14385609 0.10394818 0.15278663 0.09381864 0.10633195 0.12401909 0.16304730 0.09048469 0.25181867 0.21284075 0.25596857 0.00000000 0.12064754 0.14354774 0.19489214 0.11518820 0.11663806 0.07124124 0.11111136 0.10376695 0.13166499 0.15911314 0.13509782 0.14534978 0.12346318 0.06202084 0.13751229 0.12867884 0.08772434 0.08387869 0.15655970 0.16356865 0.11996344 0.20743328 
0.12461322 0.15218260 0.10037540 0.11142391 0.20137495 0.14100972 0.11889574 0.09252129 0.09907152 0.12598064 0.07067738 0.13691958 0.08281334 0.17729484 0.15055380 0.05888222 0.23534400 0.12379772 0.10780192 0.11171452 0.14575593 0.07033531 0.14259776 0.12033583 0.15686808 0.14831785 0.07605828 0.08536247 0.11590008 0.14172976 0.15007356 0.24062046 0.18689557 0.12333853 0.09035997 0.10898967 0.08012061 0.11901423 0.11943987 0.06920861 0.14267535 0.10044319 0.19254856 0.10767797 0.10518235 0.25998854 0.17975387 0.12064754 0.00000000 0.13925159 0.13567927 0.09185898 0.08831027 0.11648974 0.15494103 0.13936276 0.09934789 0.18434358 0.06932523 0.03304863 0.10087194 0.14730782 0.19283056 0.14120556 0.14291292 0.16772231 0.13228079 0.13487369 0.21066426 0.09370714 
0.12356378 0.12196599 0.11990303 0.11603093 0.13709361 0.14730234 0.11313137 0.11088381 0.10722330 0.11803075 0.16973307 0.14771328 0.15071146 0.14043933 0.17363578 0.07526040 0.08426206 0.10527394 0.10217411 0.10895081 0.08457953 0.11805706 0.07228357 0.10170871 0.14588971 0.14184656 0.10820480 0.12570101 0.22339639 0.14292126 0.11301908 0.16761124 0.19726560 0.12442247 0.12345909 0.13043307 0.13633373 0.09734693 0.19652833 0.15357188 0.12638435 0.17578311 0.14481915 0.11203294 0.19641221 0.13864571 0.12613663 0.14354774 0.13925159 0.00000000 0.21188694 0.10259439 0.18702849 0.12970833 0.14353795 0.15276008 0.10478408 0.10356399 0.09994837 0.07189891 0.14776128 0.16441063 0.15527277 0.14979833 0.10746634 0.06460606 0.12310254 0.11338645 0.09296500 0.10336037 
0.11473390 0.14720151 0.08839364 0.15420388 0.15163965 0.07483302 0.09636381 0.11460459 0.12504603 0.12513407 0.15310427 0.12664621 0.12360422 0.13198652 0.11141840 0.19280593 0.09680282 0.09336306 0.08740599 0.12266399 0.13424552 0.18114542 0.16964289 0.13034934 0.09651716 0.09851310 0.14111475 0.06338308 0.12921921 0.15727220 0.11732442 0.17924759 0.19708173 0.12991258 0.05136097 0.12409033 0.09234931 0.17066715 0.17160828 0.10171041 0.15745488 0.12846825 0.06125458 0.10774650 0.21543441 0.11355291 0.21195123 0.19489214 0.13567927 0.21188694 0.00000000 0.15797656 0.16256294 0.11063168 0.11216709 0.10316554 0.08737837 0.11655665 0.09160822 0.10133677 0.12775428 0.14935394 0.09154388 0.17623374 0.15709977 0.12911678 0.13718374 0.18682627 0.08319812 0.16553167 
