0.00000000 0.14352922 0.11905412 0.12177580 0.11693970 0.11889434 0.11950126 0.11300997 0.11595295 0.12665479 0.09730032 0.11594187 0.10615428 0.11848397 0.10582829 0.11518826 0.11097941 0.11744503 0.11809067 0.11654396 0.09757543 0.09953239 0.13550881 0.11612661 0.10104630 0.10910222 0.12942475 0.11438278 0.10593806 0.12340899 0.11190354 0.11242493 0.09797200 0.08790491 0.13939162 0.09774310 0.16559924 0.10221900 0.09618562 0.09378606 0.12383180 0.12098785 0.12842836 0.12860259 0.09816737 0.11135026 0.09825628 0.11175049 0.10605258 0.10832535 0.10326576 0.10451299 0.09912838 0.10206274 0.12751230 0.09631647 0.10665051 0.09820237 0.09472922 0.09506412 0.13000407 0.11016532 0.10249131 0.10656263 0.11108081 0.13576593 0.12790689 0.10765361 0.12820263 0.11557226 
0.14352922 0.00000000 0.18420270 0.14294449 0.13750802 0.13793013 0.13128439 0.08810398 0.14382167 0.11814047 0.11826851 0.10505995 0.09907614 0.11725750 0.12923369 0.15413492 0.14937181 0.10519581 0.12383609 0.09554302 0.06259195 0.11099750 0.14900174 0.14675510 0.11838072 0.10599853 0.08770308 0.15873787 0.10089357 0.13887004 0.11010509 0.13485830 0.13641551 0.07546974 0.12452815 0.10209745 0.10319199 0.12333192 0.06747370 0.04937989 0.11477446 0.05591122 0.11629406 0.10009161 0.06273201 0.13808898 0.10356102 0.11942950 0.13506457 0.10681707 0.13262766 0.11520226 0.13802966 0.08583352 0.12928250 0.12732491 0.07326824 0.13910079 0.07591224 0.11466327 0.10148551 0.10675097 0.07506032 0.10244687 0.10684452 0.09034780 0.11274452 0.13463703 0.08266465 0.13024051 
0.11905412 0.18420270 0.00000000 0.17494739 0.15368402 0.12383498 0.12728415 0.08920698 0.21507433 0.12396187 0.12105337 0.10909868 0.11882788 0.06520724 0.16252338 0.08394718 0.20260997 0.13257921 0.11347645 0.12051828 0.09350280 0.11942743 0.12309480 0.08756493 0.11690049 0.12942977 0.07247046 0.11225173 0.12053408 0.08032567 0.18744440 0.11168299 0.07446808 0.15817022 0.12393048 0.10793655 0.10408249 0.04900271 0.10735199 0.07687962 0.06569208 0.07998199 0.12663112 0.14273731 0.08611834 0.11871060 0.08412507 0.05697875 0.08993944 0.10423866 0.08645665 0.07508297 0.05540824 0.07407068 0.11662373 0.09884139 0.10868085 0.14010405 0.07620966 0.20764770 0.11877270 0.16454376 0.06487821 0.10219906 0.11813712 0.13387673 0.09952629 0.18165738 0.09233958 0.13891415 
0.12177580 0.14294449 0.17494739 0.00000000 0.21634728 0.19560388 0.13739473 0.11646775 0.17346109 0.10699914 0.17969279 0.16217569 0.10728276 0.11424875 0.10706299 0.08615224 0.12436886 0.16650592 0.09870889 0.11001636 0.07670294 0.08920547 0.13282289 0.12169716 0.10331958 0.08024824 0.10137837 0.09539537 0.10403599 0.10714727 0.12783521 0.11804900 0.09406292 0.08004587 0.12434737 0.09978413 0.10262150 0.05445815 0.14196516 0.09128490 0.11274702 0.11751941 0.12414118 0.05862719 0.05424164 0.10863760 0.04983618 0.06717685 0.13550731 0.12585611 0.13109752 0.10617111 0.06261178 0.06492677 0.10121075 0.07975131 0.11500395 0.14319030 0.16239679 0.12504839 0.15899808 0.17096140 0.11142198 0.09733977 0.11891526 0.17399301 0.11558685 0.12102212 0.14824991 0.13352944 
0.11693970 0.13750802 0.15368402 0.21634728 0.00000000 0.17248537 0.17511372 0.18037943 0.07357440 0.13573182 0.18139224 0.15918765 0.10320283 0.09618875 0.10850955 0.12469570 0.10847053 0.16557287 0.06278352 0.12349297 0.10616867 0.10090132 0.09604773 0.09054495 0.10251104 0.15215909 0.12353646 0.11410498 0.10357671 0.13287055 0.17283196 0.06580467 0.10530819 0.10565010 0.05460166 0.10771690 0.07081983 0.11359749 0.07004390 0.04224944 0.11533556 0.13920387 0.06702124 0.14745241 0.07223166 0.10513834 0.03656086 0.08633698 0.17564919 0.17699674 0.10669467 0.13248593 0.14101238 0.08082956 0.08313472 0.16305352 0.06144447 0.07830491 0.06658593 0.09523736 0.09755022 0.07616230 0.10287038 0.07562998 0.12917917 0.21901941 0.13232734 0.14796043 0.16983284 0.13101527 
0.11889434 0.13793013 0.12383498 0.19560388 0.17248537 0.00000000 0.13935601 0.11337794 0.10271121 0.14761346 0.26897898 0.16256507 0.10253812 0.12400179 0.15062208 0.12660384 0.10400705 0.15439456 0.10344776 0.12172614 0.08544744 0.08693619 0.07928864 0.11324239 0.10699638 0.09140430 0.12723705 0.11277141 0.18518007 0.16021888 0.11405156 0.13531114 0.15174791 0.07828059 0.08758584 0.08406271 0.13809210 0.09673923 0.10428135 0.05872589 0.09589778 0.13424239 0.09804690 0.10483899 0.06964578 0.15136876 0.04305763 0.12265551 0.12391139 0.13574909 0.09133418 0.06322680 0.14039720 0.14585562 0.12458954 0.12942333 0.07235358 0.12050435 0.09791693 0.10349366 0.08682726 0.14135274 0.06898461 0.07621926 0.08498111 0.11332100 0.06525071 0.11104241 0.18665170 0.18668550 
0.11950126 0.13128439 0.12728415 0.13739473 0.17511372 0.13935601 0.00000000 0.15631134 0.13433742 0.14349293 0.11878706 0.11265771 0.12890178 0.17437637 0.22366326 0.28925972 0.13758684 0.13774414 0.16210838 0.12653504 0.18818898 0.10452884 0.12119308 0.13976376 0.13078962 0.08327913 0.12264669 0.13042429 0.10951948 0.12860050 0.19437334 0.17473479 0.09694905 0.08824495 0.08606195 0.10562716 0.07874734 0.14555269 0.05769150 0.08735085 0.08502520 0.11940231 0.11490312 0.06007367 0.03341118 0.13868860 0.08609763 0.08574152 0.08439093 0.13515729 0.09464670 0.13961136 0.12323785 0.08607285 0.11637022 0.09652269 0.09019306 0.09243638 0.07389765 0.07609929 0.09948403 0.12992416 0.10816834 0.06005233 0.08548635 0.09974970 0.16860043 0.08239514 0.09671644 0.08551116 
0.11300997 0.08810398 0.08920698 0.11646775 0.18037943 0.11337794 0.15631134 0.00000000 0.13644647 0.18267113 0.16835920 0.15858256 0.21273653 0.11831334 0.16369126 0.15413722 0.09552126 0.11350921 0.14722362 0.11779491 0.13276030 0.13198411 0.09161581 0.10378825 0.11397230 0.16276918 0.12875458 0.13369784 0.11250545 0.13548609 0.17302759 0.10096173 0.10002871 0.09602201 0.08893853 0.08457181 0.09583483 0.11567620 0.09039848 0.10893090 0.08453635 0.08807419 0.11408444 0.09262795 0.10384585 0.12108307 0.08511733 0.09860171 0.08051712 0.10192489 0.10059592 0.11605754 0.09791185 0.11064877 0.07781349 0.09590929 0.10084240 0.08599383 0.08863518 0.08666133 0.08060390 0.09596799 0.11647662 0.09464443 0.08388436 0.09491432 0.08867097 0.08498393 0.10586676 0.10379476 
0.11595295 0.14382167 0.21507433 0.17346109 0.07357440 0.10271121 0.13433742 0.13644647 0.00000000 0.13458571 0.15652716 0.13190900 0.10421069 0.09388271 0.23766838 0.11769639 0.09841733 0.16974996 0.21474386 0.15391459 0.10712625 0.07811376 0.11855718 0.09769087 0.10837875 0.12822587 0.13469688 0.13252771 0.15684837 0.05461765 0.15382706 0.13134991 0.10504292 0.07954250 0.10714098 0.10031306 0.09880264 0.24191237 0.18220947 0.05237568 0.10238786 0.11174442 0.11920396 0.16642562 0.04885424 0.13153387 0.09646713 0.08007771 0.08908581 0.08838957 0.12010265 0.07203950 0.12086603 0.10585642 0.07139462 0.07471484 0.07748193 0.09468495 0.05887889 0.10889725 0.08711242 0.03468920 0.10305366 0.09340488 0.09983499 0.05831130 0.10939626 0.15801756 0.13649831 0.11439068 
0.12665479 0.11814047 0.12396187 0.10699914 0.13573182 0.14761346 0.14349293 0.18267113 0.13458571 0.00000000 0.12225563 0.16176520 0.14353933 0.13234569 0.19858064 0.11367196 0.09555909 0.10131839 0.15461160 0.10808591 0.08903598 0.12755827 0.09021414 0.15903832 0.09836027 0.08290297 0.11533140 0.09703041 0.19140397 0.08612272 0.14413161 0.10635061 0.19959319 0.07187278 0.07174642 0.09233293 0.10642696 0.17607293 0.07276120 0.12910824 0.05581677 0.13869538 0.10856526 0.17721851 0.03946591 0.14901212 0.08307658 0.10730585 0.13792509 0.14430793 0.09326615 0.11389822 0.10323445 0.13188189 0.09947904 0.09294756 0.06255005 0.07824274 0.07545776 0.12590840 0.08623820 0.13864359 0.09027212 0.08964166 0.08088907 0.07688200 0.14738229 0.11942462 0.11187813 0.13567616 
0.09730032 0.11826851 0.12105337 0.17969279 0.18139224 0.26897898 0.11878706 0.16835920 0.15652716 0.12225563 0.00000000 0.12324780 0.12976258 0.13990235 0.23380158 0.06942832 0.08231730 0.17387451 0.14864650 0.17995468 0.11672285 0.10858373 0.10714644 0.11917235 0.15280423 0.08480734 0.14099554 0.14764086 0.11971158 0.09863567 0.22190955 0.17818572 0.08123839 0.06747606 0.12628820 0.07438609 0.06447718 0.10361687 0.08843172 0.06956863 0.11890512 0.14304528 0.07689837 0.14236504 0.08970737 0.05638287 0.07499428 0.09839926 0.07206492 0.15993897 0.10740140 0.09056582 0.23223652 0.07010444 0.07662224 0.09432310 0.08496163 0.13544553 0.07444357 0.10326707 0.08146492 0.06550680 0.08648213 0.16017238 0.10579775 0.09648695 0.07697101 0.10540182 0.12472548 0.06400243 
0.11594187 0.10505995 0.10909868 0.16217569 0.15918765 0.16256507 0.11265771 0.15858256 0.13190900 0.16176520 0.12324780 0.00000000 0.11896219 0.11399775 0.12616549 0.09392465 0.05682875 0.19201767 0.12162878 0.12101897 0.13174586 0.06325809 0.16590362 0.07585754 0.14061787 0.10952090 0.16252680 0.15807856 0.09518159 0.10165131 0.16412233 0.13737704 0.16006511 0.16012703 0.08485180 0.06671375 0.06642252 0.13025291 0.10740841 0.13864019 0.12923331 0.10190121 0.13192284 0.08823492 0.07665537 0.08427787 0.06419899 0.09509047 0.16078507 0.14925157 0.13433186 0.05252552 0.08919377 0.08851789 0.09489418 0.08382428 0.06193633 0.09933312 0.07864313 0.07924931 0.11052970 0.11048070 0.13185389 0.13779072 0.15789711 0.08410892 0.13163433 0.13840421 0.12170694 0.07464730 
0.10615428 0.09907614 0.11882788 0.10728276 0.10320283 0.10253812 0.12890178 0.21273653 0.10421069 0.14353933 0.12976258 0.11896219 0.00000000 0.14595655 0.14961936 0.21144770 0.13600843 0.11449593 0.12492143 0.10251562 0.09701083 0.09099997 0.10009529 0.11847426 0.11559406 0.14605760 0.08208917 0.12364319 0.11093271 0.19293832 0.13016916 0.11830235 0.14915922 0.09782265 0.12444638 0.15114258 0.08028071 0.09195582 0.09786520 0.19656099 0.06018159 0.10042308 0.14699239 0.09766095 0.10955042 0.10841549 0.05769107 0.12923199 0.09031560 0.13088081 0.09037439 0.08948598 0.10463510 0.11496815 0.05662159 0.12595943 0.08716858 0.06724278 0.07120676 0.12177809 0.06590730 0.12733493 0.10766282 0.09742441 0.08297388 0.09425022 0.11511317 0.10276613 0.09680556 0.11007759 
0.11848397 0.11725750 0.06520724 0.11424875 0.09618875 0.12400179 0.17437637 0.11831334 0.09388271 0.13234569 0.13990235 0.11399775 0.14595655 0.00000000 0.17285603 0.12209858 0.10455508 0.13424901 0.10344400 0.13244177 0.15478132 0.13896164 0.13602164 0.19756637 0.11837687 0.17345561 0.26561228 0.16015257 0.12348004 0.11709888 0.12079005 0.17188113 0.14603398 0.20508456 0.06849674 0.05648838 0.10519777 0.11079697 0.07837953 0.09550976 0.07130905 0.08227563 0.10040708 0.08933438 0.10527546 0.09646298 0.09988301 0.11200114 0.16000306 0.12454277 0.13219699 0.07878940 0.10859509 0.11975236 0.09867038 0.10523481 0.11494838 0.14222893 0.04142225 0.07296375 0.09984367 0.12353533 0.10381106 0.13186029 0.13386713 0.09140785 0.11486490 0.08360883 0.08331406 0.06908861 
0.10582829 0.12923369 0.16252338 0.10706299 0.10850955 0.15062208 0.22366326 0.16369126 0.23766838 0.19858064 0.23380158 0.12616549 0.14961936 0.17285603 0.00000000 0.12789386 0.14255066 0.14860229 0.12258037 0.13762026 0.14058184 0.09256490 0.11120473 0.11605649 0.08165871 0.15957442 0.14971546 0.13403128 0.10568138 0.14722621 0.15069530 0.11630888 0.06404704 0.12505217 0.08904117 0.10012303 0.09470357 0.09652881 0.13569021 0.05756072 0.11281649 0.07947922 0.09808009 0.21266952 0.04393064 0.12253775 0.03305009 0.10657071 0.06907493 0.17419356 0.09518759 0.10384360 0.09323119 0.10141978 0.07602260 0.10939718 0.10280471 0.09764891 0.07240667 0.10289393 0.10049983 0.06428918 0.11888721 0.06923546 0.12892346 0.11477298 0.09123240 0.11864549 0.12614427 0.03042515 
0.11518826 0.15413492 0.08394718 0.08615224 0.12469570 0.12660384 0.28925972 0.15413722 0.11769639 0.11367196 0.06942832 0.09392465 0.21144770 0.12209858 0.12789386 0.00000000 0.18624792 0.11208485 0.20522939 0.19357947 0.07576205 0.10277805 0.14423251 0.13393932 0.10989195 0.09900863 0.18919314 0.13492380 0.07606489 0.22585046 0.10367039 0.12119181 0.05987741 0.10288521 0.07986764 0.07565978 0.07139333 0.09079819 0.16938965 0.06244238 0.07052335 0.06202309 0.18813215 0.05837848 0.09415876 0.10579868 0.03769181 0.10629549 0.08116923 0.07270868 0.18579744 0.09858875 0.07060032 0.09248969 0.05188521 0.06382386 0.08314407 0.09446509 0.17249909 0.09243331 0.07771852 0.11140862 0.12118515 0.12069239 0.11501025 0.10494182 0.14259447 0.13210316 0.04745941 0.15368682 
0.11097941 0.14937181 0.20260997 0.12436886 0.10847053 0.10400705 0.13758684 0.09552126 0.09841733 0.09555909 0.08231730 0.05682875 0.13600843 0.10455508 0.14255066 0.18624792 0.00000000 0.06600138 0.16464368 0.10762363 0.24068281 0.14379546 0.15479860 0.07840713 0.08165847 0.08598247 0.19413280 0.15317127 0.15854161 0.12313955 0.11254913 0.08671964 0.09317421 0.15236237 0.08262002 0.08710182 0.06499815 0.10608828 0.15529945 0.11840335 0.06362779 0.09462853 0.13137501 0.09867601 0.13499520 0.08297863 0.15719809 0.20007462 0.14712593 0.11985011 0.09091381 0.13898175 0.00000000 0.07263036 0.06446744 0.11030683 0.07163094 0.08427083 0.12975727 0.04319651 0.09221089 0.09518456 0.07053709 0.13124471 0.10765296 0.17087197 0.14224283 0.15135665 0.12380950 0.12908493 
0.11744503 0.10519581 0.13257921 0.16650592 0.16557287 0.15439456 0.13774414 0.11350921 0.16974996 0.10131839 0.17387451 0.19201767 0.11449593 0.13424901 0.14860229 0.11208485 0.06600138 0.00000000 0.09799426 0.16168149 0.11607636 0.11254005 0.08885101 0.18081322 0.14168920 0.17253960 0.06792934 0.20125085 0.12864116 0.15809969 0.20737052 0.12095692 0.10814068 0.10829175 0.04967489 0.06907268 0.07555651 0.11150542 0.13477441 0.10934819 0.11023284 0.09617530 0.04686467 0.17422165 0.07939646 0.13002569 0.06575394 0.04434316 0.12197904 0.11575912 0.11449197 0.06038490 0.13674785 0.11788217 0.11389365 0.03023345 0.08021627 0.12022432 0.09542974 0.06848778 0.05506915 0.13919840 0.08637998 0.13395471 0.09383683 0.07680629 0.10567205 0.11104162 0.19103653 0.22262569 
0.11809067 0.12383609 0.11347645 0.09870889 0.06278352 0.10344776 0.16210838 0.14722362 0.21474386 0.15461160 0.14864650 0.12162878 0.12492143 0.10344400 0.12258037 0.20522939 0.16464368 0.09799426 0.00000000 0.12571405 0.12228171 0.15801386 0.10769855 0.17932617 0.09276238 0.11325440 0.07311178 0.14219965 0.15043860 0.14296923 0.16453379 0.19644022 0.04989065 0.09561062 0.09001601 0.11370021 0.07702340 0.13218297 0.07764236 0.03793920 0.12321596 0.09096432 0.11477445 0.13744359 0.09507190 0.20043779 0.05462702 0.04055051 0.10903456 0.10837608 0.07827556 0.09848796 0.15907595 0.13329393 0.13316670 0.10756271 0.07064865 0.09241244 0.08301161 0.21118065 0.08487138 0.09211530 0.10937371 0.04792653 0.13454243 0.12816646 0.10729249 0.09729241 0.15277023 0.12674750 
0.11654396 0.09554302 0.12051828 0.11001636 0.12349297 0.12172614 0.12653504 0.11779491 0.15391459 0.10808591 0.17995468 0.12101897 0.10251562 0.13244177 0.13762026 0.19357947 0.10762363 0.16168149 0.12571405 0.00000000 0.17153381 0.31424521 0.09687523 0.15630172 0.20073351 0.10882111 0.08341838 0.11840496 0.12740153 0.10812446 0.09324559 0.09703922 0.08984429 0.09476656 0.13953876 0.09707944 0.06598608 0.14353427 0.07889457 0.05916191 0.05132568 0.08991560 0.05277822 0.10030527 0.12604599 0.09724476 0.12308269 0.12333191 0.11454112 0.11217012 0.11478940 0.18208527 0.11018027 0.12820612 0.09100701 0.07241240 0.05837685 0.07896447 0.07465887 0.10711383 0.12600017 0.15324529 0.10950685 0.12958780 0.10753819 0.12514055 0.17414445 0.10990164 0.07996856 0.06976360 
0.09757543 0.06259195 0.09350280 0.07670294 0.10616867 0.08544744 0.18818898 0.13276030 0.10712625 0.08903598 0.11672285 0.13174586 0.09701083 0.15478132 0.14058184 0.07576205 0.24068281 0.11607636 0.12228171 0.17153381 0.00000000 0.16785991 0.14140985 0.12744655 0.13964657 0.17624849 0.12636082 0.12785155 0.20273796 0.08599138 0.09732385 0.09074650 0.07218970 0.17508099 0.11389072 0.08445010 0.09288785 0.14076145 0.13631549 0.12755324 0.11227391 0.12611819 0.05188877 0.11216391 0.15279772 0.10764726 0.09725859 0.18328259 0.12017565 0.07742492 0.08287079 0.10223889 0.14331028 0.09079077 0.06950348 0.11635913 0.10380393 0.07597842 0.12586570 0.08332562 0.06758739 0.06468433 0.11116627 0.12355418 0.10652550 0.13068464 0.10577709 0.11073434 0.09940737 0.12574056 
0.09953239 0.11099750 0.11942743 0.08920547 0.10090132 0.08693619 0.10452884 0.13198411 0.07811376 0.12755827 0.10858373 0.06325809 0.09099997 0.13896164 0.09256490 0.10277805 0.14379546 0.11254005 0.15801386 0.31424521 0.16785991 0.00000000 0.15933046 0.15571800 0.14875537 0.11335442 0.10906935 0.07449306 0.11549874 0.18532298 0.12382398 0.10119099 0.15667597 0.12980627 0.08595907 0.08177793 0.05527945 0.08990319 0.09651515 0.08480629 0.08804787 0.12245807 0.12279603 0.10222924 0.11607093 0.10446754 0.15408269 0.12433768 0.08412175 0.07144151 0.16458930 0.13227301 0.10933996 0.10915635 0.09171710 0.13069647 0.05638711 0.12912527 0.08188418 0.10127895 0.06465595 0.16904329 0.08523848 0.13324975 0.16545267 0.08809664 0.15223747 0.15381322 0.05953628 0.11875493 
0.13550881 0.14900174 0.12309480 0.13282289 0.09604773 0.07928864 0.12119308 0.09161581 0.11855718 0.09021414 0.10714644 0.16590362 0.10009529 0.13602164 0.11120473 0.14423251 0.15479860 0.08885101 0.10769855 0.09687523 0.14140985 0.15933046 0.00000000 0.15197812 0.10397388 0.16947692 0.10674060 0.12259895 0.09098276 0.12825978 0.07237728 0.09803602 0.09575184 0.13855924 0.10515724 0.06902456 0.11931220 0.14333351 0.11291205 0.09168017 0.11798804 0.09059325 0.09322104 0.16185516 0.14501835 0.17278768 0.06284817 0.17203949 0.12425355 0.07284145 0.15243088 0.10178160 0.08482030 0.04865461 0.11406090 0.08094961 0.09751891 0.09622841 0.05804177 0.07769472 0.16539921 0.15518647 0.09107657 0.16419572 0.12440599 0.09297623 0.13682709 0.11431559 0.06666240 0.19482172 
0.11612661 0.14675510 0.08756493 0.12169716 0.09054495 0.11324239 0.13976376 0.10378825 0.09769087 0.15903832 0.11917235 0.07585754 0.11847426 0.19756637 0.11605649 0.13393932 0.07840713 0.18081322 0.17932617 0.15630172 0.12744655 0.15571800 0.15197812 0.00000000 0.09551481 0.15889366 0.07929566 0.12963709 0.12287018 0.06902034 0.15390452 0.09171409 0.16328233 0.10513155 0.07955644 0.11023190 0.06707214 0.12191739 0.11256094 0.17506736 0.14379049 0.07482124 0.11016786 0.07021414 0.13491560 0.13163419 0.11415282 0.12778548 0.10242544 0.12497941 0.10388868 0.19959153 0.18088044 0.12905048 0.09508925 0.08944974 0.06261513 0.07680596 0.10908358 0.13342281 0.12782793 0.11282414 0.06300904 0.11361549 0.10266766 0.05483172 0.11588709 0.08943460 0.08445223 0.15593427 
0.10104630 0.11838072 0.11690049 0.10331958 0.10251104 0.10699638 0.13078962 0.11397230 0.10837875 0.09836027 0.15280423 0.14061787 0.11559406 0.11837687 0.08165871 0.10989195 0.08165847 0.14168920 0.09276238 0.20073351 0.13964657 0.14875537 0.10397388 0.09551481 0.00000000 0.16350942 0.10885289 0.21534866 0.17780094 0.16501672 0.16815691 0.11134575 0.12117886 0.08248528 0.14952201 0.09265354 0.06275577 0.13585037 0.06428300 0.09134153 0.04753920 0.13547656 0.06976312 0.12563101 0.11297265 0.15387584 0.09697859 0.07608067 0.14181484 0.11019788 0.08902298 0.13255067 0.10446265 0.14511747 0.08046368 0.11169353 0.07621556 0.15724372 0.13672895 0.12318356 0.09983036 0.11862015 0.12799401 0.10424691 0.17155618 0.11742830 0.11995840 0.16546789 0.10111111 0.06649202 
0.10910222 0.10599853 0.12942977 0.08024824 0.15215909 0.09140430 0.08327913 0.16276918 0.12822587 0.08290297 0.08480734 0.10952090 0.14605760 0.17345561 0.15957442 0.09900863 0.08598247 0.17253960 0.11325440 0.10882111 0.17624849 0.11335442 0.16947692 0.15889366 0.16350942 0.00000000 0.14743150 0.16210678 0.13939142 0.13546328 0.14884274 0.13799569 0.13355893 0.08290647 0.07050768 0.09578855 0.08805615 0.09889409 0.13416455 0.07479502 0.15815632 0.08514602 0.06656573 0.12373238 0.12303366 0.12755556 0.16319540 0.18929619 0.14645459 0.09509250 0.10302647 0.07770972 0.16663382 0.16137159 0.10847655 0.07061821 0.09373182 0.03605330 0.03831152 0.11332124 0.10355474 0.11515631 0.15514715 0.11009786 0.12106467 0.12026641 0.08334140 0.09331887 0.10714098 0.11985460 
0.12942475 0.08770308 0.07247046 0.10137837 0.12353646 0.12723705 0.12264669 0.12875458 0.13469688 0.11533140 0.14099554 0.16252680 0.08208917 0.26561228 0.14971546 0.18919314 0.19413280 0.06792934 0.07311178 0.08341838 0.12636082 0.10906935 0.10674060 0.07929566 0.10885289 0.14743150 0.00000000 0.06803280 0.14161709 0.08328513 0.15013937 0.14063076 0.08665975 0.23771557 0.10550798 0.07386339 0.08753738 0.09878151 0.10843849 0.11591697 0.10696482 0.11852772 0.18941927 0.06912221 0.12432229 0.08370145 0.07905525 0.11515464 0.06283902 0.11015892 0.14922845 0.09088400 0.08814573 0.11800159 0.08565168 0.12726752 0.10235417 0.06999998 0.16068048 0.11771892 0.07172572 0.07500211 0.10786734 0.09964949 0.15645418 0.11413038 0.11598117 0.16043553 0.12497548 0.07231300 
0.11438278 0.15873787 0.11225173 0.09539537 0.11410498 0.11277141 0.13042429 0.13369784 0.13252771 0.09703041 0.14764086 0.15807856 0.12364319 0.16015257 0.13403128 0.13492380 0.15317127 0.20125085 0.14219965 0.11840496 0.12785155 0.07449306 0.12259895 0.12963709 0.21534866 0.16210678 0.06803280 0.00000000 0.15857276 0.06892481 0.14668936 0.16719142 0.12155509 0.19502415 0.08598875 0.11686190 0.09689736 0.15145136 0.11071551 0.06844678 0.23189510 0.06226077 0.09894543 0.14876528 0.08559528 0.17076552 0.07556829 0.04670613 0.08079958 0.15256214 0.06084529 0.05558711 0.14514460 0.11805144 0.13831581 0.06098992 0.09021321 0.07897864 0.04876023 0.11842866 0.08705752 0.07183536 0.11869697 0.14582006 0.13823443 0.10116285 0.11567200 0.07792304 0.11545009 0.08373191 
0.10593806 0.10089357 0.12053408 0.10403599 0.10357671 0.18518007 0.10951948 0.11250545 0.15684837 0.19140397 0.11971158 0.09518159 0.11093271 0.12348004 0.10568138 0.07606489 0.15854161 0.12864116 0.15043860 0.12740153 0.20273796 0.11549874 0.09098276 0.12287018 0.17780094 0.13939142 0.14161709 0.15857276 0.00000000 0.08776645 0.10826762 0.13910426 0.13530519 0.11483296 0.08598311 0.10430006 0.05968486 0.16688974 0.08840997 0.07561657 0.08717604 0.06744950 0.08355987 0.16909448 0.08248847 0.14177790 0.09185156 0.09112250 0.10657973 0.15645113 0.10420517 0.17810261 0.11087811 0.20199104 0.08682321 0.12654806 0.13255163 0.08868401 0.13622637 0.11826773 0.10261257 0.06549106 0.08816901 0.09844249 0.14117427 0.12877514 0.14102356 0.06222614 0.15661414 0.07836776 
0.12340899 0.13887004 0.08032567 0.10714727 0.13287055 0.16021888 0.12860050 0.13548609 0.05461765 0.08612272 0.09863567 0.10165131 0.19293832 0.11709888 0.14722621 0.22585046 0.12313955 0.15809969 0.14296923 0.10812446 0.08599138 0.18532298 0.12825978 0.06902034 0.16501672 0.13546328 0.08328513 0.06892481 0.08776645 0.00000000 0.11434853 0.11683867 0.08838466 0.10381629 0.10290973 0.19531845 0.13145873 0.12123919 0.04534583 0.10106420 0.07764303 0.13462916 0.19933173 0.07340123 0.12794112 0.07018996 0.07252228 0.10405997 0.13132273 0.14968585 0.17772160 0.06324328 0.08085854 0.11296957 0.08689302 0.13049858 0.12058734 0.11588678 0.09243077 0.12906208 0.07785934 0.18957941 0.08755357 0.06994779 0.09584092 0.06940278 0.08697186 0.08525580 0.08355713 0.11941192 
0.11190354 0.11010509 0.18744440 0.12783521 0.17283196 0.11405156 0.19437334 0.17302759 0.15382706 0.14413161 0.22190955 0.16412233 0.13016916 0.12079005 0.15069530 0.10367039 0.11254913 0.20737052 0.16453379 0.09324559 0.09732385 0.12382398 0.07237728 0.15390452 0.16815691 0.14884274 0.15013937 0.14668936 0.10826762 0.11434853 0.00000000 0.12517769 0.12188587 0.08185335 0.10178686 0.06792724 0.07275138 0.07015973 0.11558974 0.07715952 0.06238195 0.12360277 0.07641362 0.13837597 0.06628255 0.06973126 0.07941912 0.11682705 0.11141760 0.10147642 0.10609539 0.05931223 0.08974223 0.15079824 0.08905911 0.11156178 0.09987232 0.10225684 0.10787980 0.09024874 0.07127990 0.07706688 0.11139657 0.16094503 0.10379850 0.08335376 0.11931233 0.14022218 0.14824359 0.12329742 
0.11242493 0.13485830 0.11168299 0.11804900 0.06580467 0.13531114 0.17473479 0.10096173 0.13134991 0.10635061 0.17818572 0.13737704 0.11830235 0.17188113 0.11630888 0.12119181 0.08671964 0.12095692 0.19644022 0.09703922 0.09074650 0.10119099 0.09803602 0.09171409 0.11134575 0.13799569 0.14063076 0.16719142 0.13910426 0.11683867 0.12517769 0.00000000 0.10910410 0.13492498 0.08119340 0.08836645 0.06384551 0.11968001 0.13216348 0.11058520 0.09895660 0.10991553 0.04479794 0.11484208 0.12816569 0.15694178 0.10371495 0.11395225 0.17049548 0.15294386 0.15827681 0.06270057 0.13817399 0.07045995 0.07499541 0.09443827 0.07516363 0.08967329 0.06745335 0.17120899 0.08598372 0.08134331 0.13441981 0.13462372 0.15904944 0.12636553 0.19703504 0.11907067 0.12243001 0.10922374 
0.09797200 0.13641551 0.07446808 0.09406292 0.10530819 0.15174791 0.09694905 0.10002871 0.10504292 0.19959319 0.08123839 0.16006511 0.14915922 0.14603398 0.06404704 0.05987741 0.09317421 0.10814068 0.04989065 0.08984429 0.07218970 0.15667597 0.09575184 0.16328233 0.12117886 0.13355893 0.08665975 0.12155509 0.13530519 0.08838466 0.12188587 0.10910410 0.00000000 0.20526786 0.10209110 0.14288145 0.09091776 0.12766700 0.10238700 0.22906951 0.12839590 0.13052542 0.06699539 0.11547417 0.14522378 0.19244526 0.12236060 0.14421904 0.20385527 0.14694640 0.16615618 0.06468909 0.12382171 0.10778955 0.09655935 0.13034581 0.09524749 0.14614994 0.11284922 0.11103626 0.09713094 0.03265258 0.13053789 0.14148115 0.07568611 0.07626785 0.11044840 0.09176246 0.05265559 0.11016848 
0.08790491 0.07546974 0.15817022 0.08004587 0.10565010 0.07828059 0.08824495 0.09602201 0.07954250 0.07187278 0.06747606 0.16012703 0.09782265 0.20508456 0.12505217 0.10288521 0.15236237 0.10829175 0.09561062 0.09476656 0.17508099 0.12980627 0.13855924 0.10513155 0.08248528 0.08290647 0.23771557 0.19502415 0.11483296 0.10381629 0.08185335 0.13492498 0.20526786 0.00000000 0.07599511 0.07844922 0.07471323 0.18261433 0.21201508 0.14508576 0.14163873 0.09472815 0.07083496 0.17944823 0.14211574 0.10045346 0.12349715 0.12811538 0.11186876 0.15563067 0.13366009 0.07406805 0.06810806 0.12240919 0.10671412 0.12089902 0.08987742 0.07992138 0.13872204 0.10042856 0.07772025 0.08542118 0.14942691 0.10934166 0.16786678 0.12824413 0.10653272 0.08413527 0.12067502 0.08084913 
0.13939162 0.12452815 0.12393048 0.12434737 0.05460166 0.08758584 0.08606195 0.08893853 0.10714098 0.07174642 0.12628820 0.08485180 0.12444638 0.06849674 0.08904117 0.07986764 0.08262002 0.04967489 0.09001601 0.13953876 0.11389072 0.08595907 0.10515724 0.07955644 0.14952201 0.07050768 0.10550798 0.08598875 0.08598311 0.10290973 0.10178686 0.08119340 0.10209110 0.07599511 0.00000000 0.17463292 0.20059632 0.11222734 0.11575550 0.13276679 0.12908385 0.17259279 0.20346395 0.08009833 0.10317749 0.26384348 0.15165265 0.08649538 0.08531017 0.11235736 0.06199875 0.14386182 0.08228189 0.16208587 0.16310866 0.15800776 0.15665343 0.12562752 0.19500828 0.09863655 0.15329259 0.10837172 0.12689562 0.12262227 0.10571461 0.05646096 0.10921501 0.10014155 0.18194345 0.07710227 
0.09774310 0.10209745 0.10793655 0.09978413 0.10771690 0.08406271 0.10562716 0.08457181 0.10031306 0.09233293 0.07438609 0.06671375 0.15114258 0.05648838 0.10012303 0.07565978 0.08710182 0.06907268 0.11370021 0.09707944 0.08445010 0.08177793 0.06902456 0.11023190 0.09265354 0.09578855 0.07386339 0.11686190 0.10430006 0.19531845 0.06792724 0.08836645 0.14288145 0.07844922 0.17463292 0.00000000 0.20959979 0.13500958 0.13265977 0.21923832 0.14885659 0.17205355 0.16103394 0.12794992 0.11350294 0.07512419 0.15693117 0.09807598 0.09896730 0.10751791 0.13820214 0.13016332 0.12625999 0.15898204 0.16202005 0.12096941 0.17255867 0.16974351 0.17915893 0.15869226 0.13219261 0.14836303 0.07727798 0.07750470 0.10950602 0.11511757 0.09270822 0.05830794 0.07130268 0.08150451 
0.16559924 0.10319199 0.10408249 0.10262150 0.07081983 0.13809210 0.07874734 0.09583483 0.09880264 0.10642696 0.06447718 0.06642252 0.08028071 0.10519777 0.09470357 0.07139333 0.06499815 0.07555651 0.07702340 0.06598608 0.09288785 0.05527945 0.11931220 0.06707214 0.06275577 0.08805615 0.08753738 0.09689736 0.05968486 0.13145873 0.07275138 0.06384551 0.09091776 0.07471323 0.20059632 0.20959979 0.00000000 0.12500371 0.13105783 0.19351183 0.19709192 0.14339482 0.21979100 0.12291043 0.13056979 0.09965593 0.15269629 0.13078710 0.07022710 0.11712097 0.07925437 0.13646772 0.12526545 0.12003714 0.21531610 0.11638254 0.20732818 0.18309004 0.19214874 0.10421160 0.20053462 0.15735922 0.11955689 0.11668848 0.05712826 0.14922884 0.06783616 0.04943382 0.09284284 0.11392091 
0.10221900 0.12333192 0.04900271 0.05445815 0.11359749 0.09673923 0.14555269 0.11567620 0.24191237 0.17607293 0.10361687 0.13025291 0.09195582 0.11079697 0.09652881 0.09079819 0.10608828 0.11150542 0.13218297 0.14353427 0.14076145 0.08990319 0.14333351 0.12191739 0.13585037 0.09889409 0.09878151 0.15145136 0.16688974 0.12123919 0.07015973 0.11968001 0.12766700 0.18261433 0.11222734 0.13500958 0.12500371 0.00000000 0.13818339 0.18651929 0.05782139 0.09912400 0.12456001 0.12040239 0.15183238 0.09385176 0.11609060 0.10628454 0.11444025 0.07089250 0.15021628 0.08677727 0.19885915 0.15130329 0.11415159 0.11171523 0.11482003 0.09210863 0.10307140 0.06760280 0.13966344 0.13131228 0.09564820 0.14285428 0.12754497 0.06826499 0.12154209 0.07177644 0.10285076 0.11805751 
0.09618562 0.06747370 0.10735199 0.14196516 0.07004390 0.10428135 0.05769150 0.09039848 0.18220947 0.07276120 0.08843172 0.10740841 0.09786520 0.07837953 0.13569021 0.16938965 0.15529945 0.13477441 0.07764236 0.07889457 0.13631549 0.09651515 0.11291205 0.11256094 0.06428300 0.13416455 0.10843849 0.11071551 0.08840997 0.04534583 0.11558974 0.13216348 0.10238700 0.21201508 0.11575550 0.13265977 0.13105783 0.13818339 0.00000000 0.12136463 0.18314787 0.16920845 0.11825798 0.13290233 0.13497227 0.12531934 0.11642752 0.12088588 0.11444436 0.13149101 0.15483966 0.13954636 0.16522029 0.12345650 0.09750783 0.13849276 0.12517737 0.13824252 0.15658228 0.06705862 0.11806235 0.08572354 0.13893585 0.14498210 0.13098022 0.11205921 0.12918644 0.06574164 0.07027566 0.06259042 
0.09378606 0.04937989 0.07687962 0.09128490 0.04224944 0.05872589 0.08735085 0.10893090 0.05237568 0.12910824 0.06956863 0.13864019 0.19656099 0.09550976 0.05756072 0.06244238 0.11840335 0.10934819 0.03793920 0.05916191 0.12755324 0.08480629 0.09168017 0.17506736 0.09134153 0.07479502 0.11591697 0.06844678 0.07561657 0.10106420 0.07715952 0.11058520 0.22906951 0.14508576 0.13276679 0.21923832 0.19351183 0.18651929 0.12136463 0.00000000 0.15491429 0.12771125 0.11699335 0.08955370 0.19935296 0.10530159 0.15936076 0.09874876 0.04920777 0.14009778 0.09947484 0.11013031 0.09536866 0.15254530 0.12228526 0.10142254 0.16810250 0.13280549 0.17366408 0.17806950 0.14701020 0.09847175 0.10719657 0.26259818 0.09099561 0.10504722 0.08950866 0.09103373 0.10864101 0.10696521 
0.12383180 0.11477446 0.06569208 0.11274702 0.11533556 0.09589778 0.08502520 0.08453635 0.10238786 0.05581677 0.11890512 0.12923331 0.06018159 0.07130905 0.11281649 0.07052335 0.06362779 0.11023284 0.12321596 0.05132568 0.11227391 0.08804787 0.11798804 0.14379049 0.04753920 0.15815632 0.10696482 0.23189510 0.08717604 0.07764303 0.06238195 0.09895660 0.12839590 0.14163873 0.12908385 0.14885659 0.19709192 0.05782139 0.18314787 0.15491429 0.00000000 0.11437727 0.15896635 0.18441727 0.16015584 0.10581772 0.14488010 0.10478143 0.13147974 0.08932198 0.13589163 0.06937333 0.11851387 0.13286376 0.15986694 0.08545898 0.13442104 0.15610242 0.10124321 0.06425437 0.18261004 0.08680297 0.23313881 0.09472034 0.14118944 0.13125890 0.08071119 0.13896507 0.10494822 0.11305464 
0.12098785 0.05591122 0.07998199 0.11751941 0.13920387 0.13424239 0.11940231 0.08807419 0.11174442 0.13869538 0.14304528 0.10190121 0.10042308 0.08227563 0.07947922 0.06202309 0.09462853 0.09617530 0.09096432 0.08991560 0.12611819 0.12245807 0.09059325 0.07482124 0.13547656 0.08514602 0.11852772 0.06226077 0.06744950 0.13462916 0.12360277 0.10991553 0.13052542 0.09472815 0.17259279 0.17205355 0.14339482 0.09912400 0.16920845 0.12771125 0.11437727 0.00000000 0.08339330 0.11575586 0.08027917 0.10179044 0.17714232 0.11439243 0.09258968 0.13358557 0.14211095 0.18424130 0.12690965 0.18593164 0.11319694 0.25931197 0.08628504 0.15524681 0.13752274 0.13378183 0.10882661 0.12964598 0.09818397 0.11835075 0.07925181 0.09241578 0.14563263 0.11584774 0.08075408 0.11251706 
0.12842836 0.11629406 0.12663112 0.12414118 0.06702124 0.09804690 0.11490312 0.11408444 0.11920396 0.10856526 0.07689837 0.13192284 0.14699239 0.10040708 0.09808009 0.18813215 0.13137501 0.04686467 0.11477445 0.05277822 0.05188877 0.12279603 0.09322104 0.11016786 0.06976312 0.06656573 0.18941927 0.09894543 0.08355987 0.19933173 0.07641362 0.04479794 0.06699539 0.07083496 0.20346395 0.16103394 0.21979100 0.12456001 0.11825798 0.11699335 0.15896635 0.08339330 0.00000000 0.08208340 0.12789283 0.13400447 0.11725303 0.16165606 0.17715128 0.13277579 0.06414961 0.09795640 0.14167226 0.08652869 0.22477605 0.13701594 0.15662877 0.11168882 0.13716467 0.10705000 0.14534641 0.08374961 0.07533761 0.10618364 0.14182369 0.15930146 0.04360376 0.07968015 0.09962082 0.08798321 
0.12860259 0.10009161 0.14273731 0.05862719 0.14745241 0.10483899 0.06007367 0.09262795 0.16642562 0.17721851 0.14236504 0.08823492 0.09766095 0.08933438 0.21266952 0.05837848 0.09867601 0.17422165 0.13744359 0.10030527 0.11216391 0.10222924 0.16185516 0.07021414 0.12563101 0.12373238 0.06912221 0.14876528 0.16909448 0.07340123 0.13837597 0.11484208 0.11547417 0.17944823 0.08009833 0.12794992 0.12291043 0.12040239 0.13290233 0.08955370 0.18441727 0.11575586 0.08208340 0.00000000 0.06149293 0.09916585 0.07575478 0.10363267 0.07122521 0.11581509 0.10493805 0.12866567 0.13330682 0.14872937 0.14180842 0.09414986 0.08553659 0.10901011 0.07571189 0.15319238 0.12113847 0.15148255 0.09737066 0.13442600 0.16992237 0.14225801 0.13916079 0.12862631 0.10586378 0.11006133 
0.09816737 0.06273201 0.08611834 0.05424164 0.07223166 0.06964578 0.03341118 0.10384585 0.04885424 0.03946591 0.08970737 0.07665537 0.10955042 0.10527546 0.04393064 0.09415876 0.13499520 0.07939646 0.09507190 0.12604599 0.15279772 0.11607093 0.14501835 0.13491560 0.11297265 0.12303366 0.12432229 0.08559528 0.08248847 0.12794112 0.06628255 0.12816569 0.14522378 0.14211574 0.10317749 0.11350294 0.13056979 0.15183238 0.13497227 0.19935296 0.16015584 0.08027917 0.12789283 0.06149293 0.00000000 0.12193152 0.32467578 0.21784084 0.07368536 0.15855624 0.17651222 0.19061213 0.09955362 0.12705267 0.09086773 0.12472688 0.14539679 0.09325357 0.14403551 0.12230051 0.07029576 0.08961140 0.17970682 0.15086309 0.14168929 0.13434184 0.13911241 0.14985768 0.12531742 0.11430734 
0.11135026 0.13808898 0.11871060 0.10863760 0.10513834 0.15136876 0.13868860 0.12108307 0.13153387 0.14901212 0.05638287 0.08427787 0.10841549 0.09646298 0.12253775 0.10579868 0.08297863 0.13002569 0.20043779 0.09724476 0.10764726 0.10446754 0.17278768 0.13163419 0.15387584 0.12755556 0.08370145 0.17076552 0.14177790 0.07018996 0.06973126 0.15694178 0.19244526 0.10045346 0.26384348 0.07512419 0.09965593 0.09385176 0.12531934 0.10530159 0.10581772 0.10179044 0.13400447 0.09916585 0.12193152 0.00000000 0.15431640 0.17575663 0.18062315 0.11152011 0.09370518 0.10938783 0.12012443 0.06632247 0.10618231 0.08533186 0.10369238 0.11618932 0.12530412 0.10081752 0.13975541 0.10344769 0.12873750 0.10130364 0.07080808 0.07417259 0.09394885 0.13030031 0.14063788 0.11419742 
0.09825628 0.10356102 0.08412507 0.04983618 0.03656086 0.04305763 0.08609763 0.08511733 0.09646713 0.08307658 0.07499428 0.06419899 0.05769107 0.09988301 0.03305009 0.03769181 0.15719809 0.06575394 0.05462702 0.12308269 0.09725859 0.15408269 0.06284817 0.11415282 0.09697859 0.16319540 0.07905525 0.07556829 0.09185156 0.07252228 0.07941912 0.10371495 0.12236060 0.12349715 0.15165265 0.15693117 0.15269629 0.11609060 0.11642752 0.15936076 0.14488010 0.17714232 0.11725303 0.07575478 0.32467578 0.15431640 0.00000000 0.20691757 0.13600983 0.10081495 0.19866767 0.18079867 0.08942974 0.10632786 0.10559505 0.15156683 0.17578535 0.16069050 0.18511631 0.15077211 0.09682334 0.11056182 0.25258604 0.18185319 0.08959746 0.04857313 0.16475598 0.09343733 0.11336674 0.11857757 
0.11175049 0.11942950 0.05697875 0.06717685 0.08633698 0.12265551 0.08574152 0.09860171 0.08007771 0.10730585 0.09839926 0.09509047 0.12923199 0.11200114 0.10657071 0.10629549 0.20007462 0.04434316 0.04055051 0.12333191 0.18328259 0.12433768 0.17203949 0.12778548 0.07608067 0.18929619 0.11515464 0.04670613 0.09112250 0.10405997 0.11682705 0.11395225 0.14421904 0.12811538 0.08649538 0.09807598 0.13078710 0.10628454 0.12088588 0.09874876 0.10478143 0.11439243 0.16165606 0.10363267 0.21784084 0.17575663 0.20691757 0.00000000 0.12258844 0.08850131 0.19021971 0.07269204 0.09188929 0.08887088 0.10441384 0.09291421 0.12305185 0.08132527 0.10976930 0.10312380 0.10266371 0.09914361 0.12103998 0.17642300 0.11356401 0.06835705 0.14506520 0.16121682 0.11582381 0.19808350 
0.10605258 0.13506457 0.08993944 0.13550731 0.17564919 0.12391139 0.08439093 0.08051712 0.08908581 0.13792509 0.07206492 0.16078507 0.09031560 0.16000306 0.06907493 0.08116923 0.14712593 0.12197904 0.10903456 0.11454112 0.12017565 0.08412175 0.12425355 0.10242544 0.14181484 0.14645459 0.06283902 0.08079958 0.10657973 0.13132273 0.11141760 0.17049548 0.20385527 0.11186876 0.08531017 0.09896730 0.07022710 0.11444025 0.11444436 0.04920777 0.13147974 0.09258968 0.17715128 0.07122521 0.07368536 0.18062315 0.13600983 0.12258844 0.00000000 0.16202397 0.13466523 0.09146359 0.06585931 0.13787761 0.12032363 0.09875350 0.08824565 0.12742998 0.08091591 0.06370047 0.09229008 0.17642189 0.17905636 0.12788818 0.14095780 0.15857040 0.13475733 0.14356057 0.20268835 0.08523602 
0.10832535 0.10681707 0.10423866 0.12585611 0.17699674 0.13574909 0.13515729 0.10192489 0.08838957 0.14430793 0.15993897 0.14925157 0.13088081 0.12454277 0.17419356 0.07270868 0.11985011 0.11575912 0.10837608 0.11217012 0.07742492 0.07144151 0.07284145 0.12497941 0.11019788 0.09509250 0.11015892 0.15256214 0.15645113 0.14968585 0.10147642 0.15294386 0.14694640 0.15563067 0.11235736 0.10751791 0.11712097 0.07089250 0.13149101 0.14009778 0.08932198 0.13358557 0.13277579 0.11581509 0.15855624 0.11152011 0.10081495 0.08850131 0.16202397 0.00000000 0.13987900 0.08289331 0.18697689 0.12954823 0.12206644 0.13394733 0.08936645 0.12761500 0.08580639 0.04890009 0.12231552 0.12018945 0.15549135 0.11085594 0.10121809 0.06454289 0.14005594 0.12029153 0.08653443 0.08669255 
0.10326576 0.13262766 0.08645665 0.13109752 0.10669467 0.09133418 0.09464670 0.10059592 0.12010265 0.09326615 0.10740140 0.13433186 0.09037439 0.13219699 0.09518759 0.18579744 0.09091381 0.11449197 0.07827556 0.11478940 0.08287079 0.16458930 0.15243088 0.10388868 0.08902298 0.10302647 0.14922845 0.06084529 0.10420517 0.17772160 0.10609539 0.15827681 0.16615618 0.13366009 0.06199875 0.13820214 0.07925437 0.15021628 0.15483966 0.09947484 0.13589163 0.14211095 0.06414961 0.10493805 0.17651222 0.09370518 0.19866767 0.19021971 0.13466523 0.13987900 0.00000000 0.13006026 0.12006849 0.08514416 0.09561611 0.13213416 0.07651142 0.10241941 0.08143649 0.09658648 0.09826789 0.11815213 0.10881889 0.15896362 0.15890935 0.10395672 0.15730733 0.15303142 0.08247312 0.15562747 
