0.00000000 0.08872127 0.08872127 0.08872127 0.08872127 0.08872127 0.08623958 0.07348074 0.07796241 0.06657671 0.06316782 0.06553158 0.05922568 0.06338155 0.06630935 0.05827243 0.06364736 0.06469115 0.06730135 0.06257353 0.06649728 0.07079175 0.06061540 0.06606138 0.06336937 0.06248394 0.06578984 0.06360434 0.07976929 0.06582969 0.06476580 0.06611948 0.06625609 0.06870509 0.06796906 0.05814615 0.06953038 0.06040614 0.06568211 0.06938023 0.06190490 0.07072568 0.07485501 0.06758292 0.06949959 0.06528306 0.07033653 0.06872951 0.07111000 0.06278643 0.06825632 0.07164548 0.07479550 0.07898822 0.07450444 0.07597833 0.06946613 0.07751198 0.07843693 0.06943037 0.06963212 0.06529404 0.06202163 0.06723482 0.06649069 0.06441723 0.06933986 0.06666767 0.06670117 0.07080710 0.06205204 0.07011454 0.06811163 0.07013846 0.06606636 0.06037875 0.05948493 0.06461943 0.06250307 0.06356326 0.06528195 0.06214164 0.07025375 0.06731966 0.06858524 0.06115393 0.06452962 0.06949730 0.07159432 0.07339212 0.08405185 0.07863616 0.06948617 0.07125885 0.06217852 0.06859948 0.06165388 0.07117034 0.07266775 0.07258870 0.06204821 0.06423836 0.06496595 0.05932758 0.05830888 0.05894993 0.06202827 0.06740780 0.06565858 0.06281250 0.06184516 0.06530866 0.07226417 0.07073063 0.05896364 0.07111974 0.06721278 0.06786958 0.06576944 0.06932769 0.06021840 0.07180455 0.07234806 0.07794915 0.06125437 0.06896381 0.05886433 0.06821333 0.06390069 0.07140426 0.07473839 0.06892978 0.06865344 0.05938179 0.06511388 0.05999424 0.06931592 0.06128586 0.06403659 0.06981668 0.06670544 0.06654968 0.06264917 0.06635966 0.06490633 0.06896762 0.06355234 0.06978393 0.06141790 0.06132938 0.06164341 0.06017092 0.06407655 0.06633158 0.06179312 0.06748116 0.06235648 0.06217590 0.06176270 0.06683633 0.07206793 0.06865411 0.05968147 0.07085965 0.06825893 0.06966777 0.06171079 0.07244466 0.06712720 0.06647506 0.06223324 0.06196396 0.06245122 0.06339582 0.06252025 0.06759283 0.06029832 0.07305057 0.07271152 0.06904449 0.07830745 0.07771742 0.07801632 0.08189451 0.08283288 0.07856937 0.07485141 0.07922017 0.08358142 0.08872127 
0.08872127 0.00000000 0.08872127 0.08872127 0.08872127 0.08872127 0.08623958 0.07348074 0.07796241 0.06657671 0.06316782 0.06553158 0.05922568 0.06338155 0.06630935 0.05827243 0.06364736 0.06469115 0.06730135 0.06257353 0.06649728 0.07079175 0.06061540 0.06606138 0.06336937 0.06248394 0.06578984 0.06360434 0.07976929 0.06582969 0.06476580 0.06611948 0.06625609 0.06870509 0.06796906 0.05814615 0.06953038 0.06040614 0.06568211 0.06938023 0.06190490 0.07072568 0.07485501 0.06758292 0.06949959 0.06528306 0.07033653 0.06872951 0.07111000 0.06278643 0.06825632 0.07164548 0.07479550 0.07898822 0.07450444 0.07597833 0.06946613 0.07751198 0.07843693 0.06943037 0.06963212 0.06529404 0.06202163 0.06723482 0.06649069 0.06441723 0.06933986 0.06666767 0.06670117 0.07080710 0.06205204 0.07011454 0.06811163 0.07013846 0.06606636 0.06037875 0.05948493 0.06461943 0.06250307 0.06356326 0.06528195 0.06214164 0.07025375 0.06731966 0.06858524 0.06115393 0.06452962 0.06949730 0.07159432 0.07339212 0.08405185 0.07863616 0.06948617 0.07125885 0.06217852 0.06859948 0.06165388 0.07117034 0.07266775 0.07258870 0.06204821 0.06423836 0.06496595 0.05932758 0.05830888 0.05894993 0.06202827 0.06740780 0.06565858 0.06281250 0.06184516 0.06530866 0.07226417 0.07073063 0.05896364 0.07111974 0.06721278 0.06786958 0.06576944 0.06932769 0.06021840 0.07180455 0.07234806 0.07794915 0.06125437 0.06896381 0.05886433 0.06821333 0.06390069 0.07140426 0.07473839 0.06892978 0.06865344 0.05938179 0.06511388 0.05999424 0.06931592 0.06128586 0.06403659 0.06981668 0.06670544 0.06654968 0.06264917 0.06635966 0.06490633 0.06896762 0.06355234 0.06978393 0.06141790 0.06132938 0.06164341 0.06017092 0.06407655 0.06633158 0.06179312 0.06748116 0.06235648 0.06217590 0.06176270 0.06683633 0.07206793 0.06865411 0.05968147 0.07085965 0.06825893 0.06966777 0.06171079 0.07244466 0.06712720 0.06647506 0.06223324 0.06196396 0.06245122 0.06339582 0.06252025 0.06759283 0.06029832 0.07305057 0.07271152 0.06904449 0.07830745 0.07771742 0.07801632 0.08189451 0.08283288 0.07856937 0.07485141 0.07922017 0.08358142 0.08872127 
0.08872127 0.08872127 0.00000000 0.08872127 0.08872127 0.08872127 0.08623958 0.07348074 0.07796241 0.06657671 0.06316782 0.06553158 0.05922568 0.06338155 0.06630935 0.05827243 0.06364736 0.06469115 0.06730135 0.06257353 0.06649728 0.07079175 0.06061540 0.06606138 0.06336937 0.06248394 0.06578984 0.06360434 0.07976929 0.06582969 0.06476580 0.06611948 0.06625609 0.06870509 0.06796906 0.05814615 0.06953038 0.06040614 0.06568211 0.06938023 0.06190490 0.07072568 0.07485501 0.06758292 0.06949959 0.06528306 0.07033653 0.06872951 0.07111000 0.06278643 0.06825632 0.07164548 0.07479550 0.07898822 0.07450444 0.07597833 0.06946613 0.07751198 0.07843693 0.06943037 0.06963212 0.06529404 0.06202163 0.06723482 0.06649069 0.06441723 0.06933986 0.06666767 0.06670117 0.07080710 0.06205204 0.07011454 0.06811163 0.07013846 0.06606636 0.06037875 0.05948493 0.06461943 0.06250307 0.06356326 0.06528195 0.06214164 0.07025375 0.06731966 0.06858524 0.06115393 0.06452962 0.06949730 0.07159432 0.07339212 0.08405185 0.07863616 0.06948617 0.07125885 0.06217852 0.06859948 0.06165388 0.07117034 0.07266775 0.07258870 0.06204821 0.06423836 0.06496595 0.05932758 0.05830888 0.05894993 0.06202827 0.06740780 0.06565858 0.06281250 0.06184516 0.06530866 0.07226417 0.07073063 0.05896364 0.07111974 0.06721278 0.06786958 0.06576944 0.06932769 0.06021840 0.07180455 0.07234806 0.07794915 0.06125437 0.06896381 0.05886433 0.06821333 0.06390069 0.07140426 0.07473839 0.06892978 0.06865344 0.05938179 0.06511388 0.05999424 0.06931592 0.06128586 0.06403659 0.06981668 0.06670544 0.06654968 0.06264917 0.06635966 0.06490633 0.06896762 0.06355234 0.06978393 0.06141790 0.06132938 0.06164341 0.06017092 0.06407655 0.06633158 0.06179312 0.06748116 0.06235648 0.06217590 0.06176270 0.06683633 0.07206793 0.06865411 0.05968147 0.07085965 0.06825893 0.06966777 0.06171079 0.07244466 0.06712720 0.06647506 0.06223324 0.06196396 0.06245122 0.06339582 0.06252025 0.06759283 0.06029832 0.07305057 0.07271152 0.06904449 0.07830745 0.07771742 0.07801632 0.08189451 0.08283288 0.07856937 0.07485141 0.07922017 0.08358142 0.08872127 
0.08872127 0.08872127 0.08872127 0.00000000 0.08872127 0.08872127 0.08623958 0.07348074 0.07796241 0.06657671 0.06316782 0.06553158 0.05922568 0.06338155 0.06630935 0.05827243 0.06364736 0.06469115 0.06730135 0.06257353 0.06649728 0.07079175 0.06061540 0.06606138 0.06336937 0.06248394 0.06578984 0.06360434 0.07976929 0.06582969 0.06476580 0.06611948 0.06625609 0.06870509 0.06796906 0.05814615 0.06953038 0.06040614 0.06568211 0.06938023 0.06190490 0.07072568 0.07485501 0.06758292 0.06949959 0.06528306 0.07033653 0.06872951 0.07111000 0.06278643 0.06825632 0.07164548 0.07479550 0.07898822 0.07450444 0.07597833 0.06946613 0.07751198 0.07843693 0.06943037 0.06963212 0.06529404 0.06202163 0.06723482 0.06649069 0.06441723 0.06933986 0.06666767 0.06670117 0.07080710 0.06205204 0.07011454 0.06811163 0.07013846 0.06606636 0.06037875 0.05948493 0.06461943 0.06250307 0.06356326 0.06528195 0.06214164 0.07025375 0.06731966 0.06858524 0.06115393 0.06452962 0.06949730 0.07159432 0.07339212 0.08405185 0.07863616 0.06948617 0.07125885 0.06217852 0.06859948 0.06165388 0.07117034 0.07266775 0.07258870 0.06204821 0.06423836 0.06496595 0.05932758 0.05830888 0.05894993 0.06202827 0.06740780 0.06565858 0.06281250 0.06184516 0.06530866 0.07226417 0.07073063 0.05896364 0.07111974 0.06721278 0.06786958 0.06576944 0.06932769 0.06021840 0.07180455 0.07234806 0.07794915 0.06125437 0.06896381 0.05886433 0.06821333 0.06390069 0.07140426 0.07473839 0.06892978 0.06865344 0.05938179 0.06511388 0.05999424 0.06931592 0.06128586 0.06403659 0.06981668 0.06670544 0.06654968 0.06264917 0.06635966 0.06490633 0.06896762 0.06355234 0.06978393 0.06141790 0.06132938 0.06164341 0.06017092 0.06407655 0.06633158 0.06179312 0.06748116 0.06235648 0.06217590 0.06176270 0.06683633 0.07206793 0.06865411 0.05968147 0.07085965 0.06825893 0.06966777 0.06171079 0.07244466 0.06712720 0.06647506 0.06223324 0.06196396 0.06245122 0.06339582 0.06252025 0.06759283 0.06029832 0.07305057 0.07271152 0.06904449 0.07830745 0.07771742 0.07801632 0.08189451 0.08283288 0.07856937 0.07485141 0.07922017 0.08358142 0.08872127 
0.08872127 0.08872127 0.08872127 0.08872127 0.00000000 0.08872127 0.08623958 0.07348074 0.07796241 0.06657671 0.06316782 0.06553158 0.05922568 0.06338155 0.06630935 0.05827243 0.06364736 0.06469115 0.06730135 0.06257353 0.06649728 0.07079175 0.06061540 0.06606138 0.06336937 0.06248394 0.06578984 0.06360434 0.07976929 0.06582969 0.06476580 0.06611948 0.06625609 0.06870509 0.06796906 0.05814615 0.06953038 0.06040614 0.06568211 0.06938023 0.06190490 0.07072568 0.07485501 0.06758292 0.06949959 0.06528306 0.07033653 0.06872951 0.07111000 0.06278643 0.06825632 0.07164548 0.07479550 0.07898822 0.07450444 0.07597833 0.06946613 0.07751198 0.07843693 0.06943037 0.06963212 0.06529404 0.06202163 0.06723482 0.06649069 0.06441723 0.06933986 0.06666767 0.06670117 0.07080710 0.06205204 0.07011454 0.06811163 0.07013846 0.06606636 0.06037875 0.05948493 0.06461943 0.06250307 0.06356326 0.06528195 0.06214164 0.07025375 0.06731966 0.06858524 0.06115393 0.06452962 0.06949730 0.07159432 0.07339212 0.08405185 0.07863616 0.06948617 0.07125885 0.06217852 0.06859948 0.06165388 0.07117034 0.07266775 0.07258870 0.06204821 0.06423836 0.06496595 0.05932758 0.05830888 0.05894993 0.06202827 0.06740780 0.06565858 0.06281250 0.06184516 0.06530866 0.07226417 0.07073063 0.05896364 0.07111974 0.06721278 0.06786958 0.06576944 0.06932769 0.06021840 0.07180455 0.07234806 0.07794915 0.06125437 0.06896381 0.05886433 0.06821333 0.06390069 0.07140426 0.07473839 0.06892978 0.06865344 0.05938179 0.06511388 0.05999424 0.06931592 0.06128586 0.06403659 0.06981668 0.06670544 0.06654968 0.06264917 0.06635966 0.06490633 0.06896762 0.06355234 0.06978393 0.06141790 0.06132938 0.06164341 0.06017092 0.06407655 0.06633158 0.06179312 0.06748116 0.06235648 0.06217590 0.06176270 0.06683633 0.07206793 0.06865411 0.05968147 0.07085965 0.06825893 0.06966777 0.06171079 0.07244466 0.06712720 0.06647506 0.06223324 0.06196396 0.06245122 0.06339582 0.06252025 0.06759283 0.06029832 0.07305057 0.07271152 0.06904449 0.07830745 0.07771742 0.07801632 0.08189451 0.08283288 0.07856937 0.07485141 0.07922017 0.08358142 0.08872127 
0.08872127 0.08872127 0.08872127 0.08872127 0.08872127 0.00000000 0.08623958 0.07348074 0.07796241 0.06657671 0.06316782 0.06553158 0.05922568 0.06338155 0.06630935 0.05827243 0.06364736 0.06469115 0.06730135 0.06257353 0.06649728 0.07079175 0.06061540 0.06606138 0.06336937 0.06248394 0.06578984 0.06360434 0.07976929 0.06582969 0.06476580 0.06611948 0.06625609 0.06870509 0.06796906 0.05814615 0.06953038 0.06040614 0.06568211 0.06938023 0.06190490 0.07072568 0.07485501 0.06758292 0.06949959 0.06528306 0.07033653 0.06872951 0.07111000 0.06278643 0.06825632 0.07164548 0.07479550 0.07898822 0.07450444 0.07597833 0.06946613 0.07751198 0.07843693 0.06943037 0.06963212 0.06529404 0.06202163 0.06723482 0.06649069 0.06441723 0.06933986 0.06666767 0.06670117 0.07080710 0.06205204 0.07011454 0.06811163 0.07013846 0.06606636 0.06037875 0.05948493 0.06461943 0.06250307 0.06356326 0.06528195 0.06214164 0.07025375 0.06731966 0.06858524 0.06115393 0.06452962 0.06949730 0.07159432 0.07339212 0.08405185 0.07863616 0.06948617 0.07125885 0.06217852 0.06859948 0.06165388 0.07117034 0.07266775 0.07258870 0.06204821 0.06423836 0.06496595 0.05932758 0.05830888 0.05894993 0.06202827 0.06740780 0.06565858 0.06281250 0.06184516 0.06530866 0.07226417 0.07073063 0.05896364 0.07111974 0.06721278 0.06786958 0.06576944 0.06932769 0.06021840 0.07180455 0.07234806 0.07794915 0.06125437 0.06896381 0.05886433 0.06821333 0.06390069 0.07140426 0.07473839 0.06892978 0.06865344 0.05938179 0.06511388 0.05999424 0.06931592 0.06128586 0.06403659 0.06981668 0.06670544 0.06654968 0.06264917 0.06635966 0.06490633 0.06896762 0.06355234 0.06978393 0.06141790 0.06132938 0.06164341 0.06017092 0.06407655 0.06633158 0.06179312 0.06748116 0.06235648 0.06217590 0.06176270 0.06683633 0.07206793 0.06865411 0.05968147 0.07085965 0.06825893 0.06966777 0.06171079 0.07244466 0.06712720 0.06647506 0.06223324 0.06196396 0.06245122 0.06339582 0.06252025 0.06759283 0.06029832 0.07305057 0.07271152 0.06904449 0.07830745 0.07771742 0.07801632 0.08189451 0.08283288 0.07856937 0.07485141 0.07922017 0.08358142 0.08872127 
0.08623958 0.08623958 0.08623958 0.08623958 0.08623958 0.08623958 0.00000000 0.10425785 0.10142117 0.06589828 0.05580270 0.06354985 0.05138333 0.05804024 0.06671901 0.04451765 0.05785376 0.06230116 0.07896085 0.06621807 0.07099191 0.06615900 0.05013505 0.06830514 0.05523128 0.08619235 0.06520928 0.06323296 0.07238004 0.06619955 0.06165664 0.06294150 0.07681042 0.06684064 0.06118302 0.04955734 0.06703445 0.05403994 0.06520726 0.07872973 0.06145242 0.07083641 0.08752872 0.06582430 0.05322282 0.08054893 0.07037560 0.07738483 0.07116020 0.06134153 0.06850141 0.07620246 0.08252287 0.10751238 0.09409912 0.09129706 0.08073180 0.09832932 0.08774570 0.07340970 0.09115207 0.06147309 0.05490381 0.05786970 0.05803461 0.06514138 0.06373862 0.06103324 0.09981265 0.06683199 0.08498863 0.06490101 0.08376941 0.06861535 0.07047573 0.06040770 0.05249166 0.06422749 0.05868724 0.08235777 0.05965522 0.06261275 0.07556927 0.06713611 0.06463869 0.05468943 0.06116043 0.05940474 0.06713690 0.06088302 0.08027577 0.08795869 0.07975849 0.06811426 0.05165018 0.06902826 0.05472823 0.06718917 0.07029594 0.07006688 0.05649032 0.05834342 0.05433167 0.04650582 0.05251604 0.04374305 0.06451354 0.07911490 0.07673723 0.06623750 0.05924354 0.06272228 0.09465724 0.07752924 0.05732837 0.06715944 0.05910183 0.06043885 0.05624875 0.06298505 0.04902996 0.07888261 0.07327083 0.08622649 0.05192703 0.06661132 0.04489928 0.07596226 0.05247905 0.06527769 0.07488685 0.06576298 0.07072014 0.04159264 0.04842950 0.07678730 0.08361639 0.05374478 0.05789823 0.07572038 0.06725714 0.06896034 0.05689664 0.06009184 0.06518676 0.06978918 0.05893041 0.07085209 0.04200543 0.06092501 0.06090749 0.05379517 0.06445324 0.07032320 0.06281205 0.07536575 0.05853453 0.05469429 0.06417125 0.05866143 0.06893090 0.06159479 0.05003554 0.06632691 0.06098662 0.06456114 0.05017546 0.06979836 0.05796115 0.05886628 0.05062852 0.05893519 0.05343246 0.04978374 0.05459906 0.06611177 0.04909411 0.07706761 0.07468843 0.07007304 0.08997002 0.08823635 0.09574758 0.09418478 0.09462578 0.09266821 0.09810296 0.09721609 0.07976026 0.08623958 
0.07348074 0.07348074 0.07348074 0.07348074 0.07348074 0.07348074 0.10425785 0.00000000 0.11285958 0.07746319 0.06854735 0.07157835 0.05545142 0.06446974 0.07012602 0.04594177 0.06423091 0.06660350 0.09378653 0.07157809 0.07744932 0.06075153 0.04807585 0.06349525 0.06362049 0.07717384 0.05461402 0.07874821 0.07417918 0.06448472 0.06525360 0.06872413 0.07375076 0.04762259 0.04960908 0.04956235 0.07081075 0.04497523 0.05816744 0.06282449 0.06229409 0.05916704 0.07934355 0.05536629 0.04627355 0.08901234 0.08233659 0.07924462 0.07547963 0.07521556 0.07643523 0.08603054 0.09270000 0.09764430 0.09088344 0.09455777 0.11053087 0.09855911 0.08222765 0.07426450 0.09216622 0.06534414 0.06635005 0.05071412 0.05373405 0.06045594 0.05811290 0.06534639 0.08846057 0.06588600 0.06832595 0.06693555 0.07473333 0.07309083 0.07841739 0.04285708 0.04639350 0.05636125 0.05261246 0.06357763 0.06893538 0.06906931 0.08721283 0.05579162 0.06585883 0.06285320 0.06103927 0.04922338 0.06756089 0.05199560 0.06700817 0.09886271 0.09620475 0.08199905 0.05918871 0.06159533 0.05492292 0.08960863 0.06696048 0.06648437 0.06366652 0.05657479 0.06850088 0.05236174 0.06055070 0.04469637 0.07628633 0.06112542 0.06675964 0.06225155 0.06511550 0.07443641 0.09243430 0.07947301 0.08150254 0.06270417 0.05147988 0.05999233 0.05462892 0.05629259 0.05068461 0.09704694 0.07520517 0.09080539 0.04790408 0.06906098 0.04973912 0.06079952 0.04504666 0.06110212 0.07366137 0.06300704 0.05559079 0.04504773 0.05585400 0.06801415 0.06566170 0.05150003 0.05695695 0.05954821 0.08367973 0.05563548 0.06150347 0.05881931 0.05145487 0.05782397 0.06014084 0.06181877 0.05019861 0.06951653 0.08901300 0.06356387 0.05680279 0.05598614 0.07604582 0.07324108 0.05478308 0.05040937 0.08667596 0.05322397 0.06479986 0.05441430 0.05376970 0.06110206 0.06074731 0.05907366 0.05127965 0.06621799 0.04794934 0.06879808 0.04793711 0.06171017 0.05856900 0.04627539 0.05600425 0.06281876 0.05552059 0.09212518 0.07329123 0.08294824 0.08958645 0.10888855 0.09245473 0.08748217 0.09286480 0.08753319 0.10099157 0.10994589 0.08778807 0.07348074 
0.07796241 0.07796241 0.07796241 0.07796241 0.07796241 0.07796241 0.10142117 0.11285958 0.00000000 0.15605115 0.09310027 0.09069188 0.04308280 0.06267663 0.08702213 0.03652866 0.07390228 0.06564864 0.05679884 0.06506310 0.05655426 0.05969148 0.03777116 0.07561736 0.06081877 0.05204993 0.06355000 0.05088104 0.05324014 0.05231749 0.07355730 0.09601417 0.05676293 0.04058369 0.04922435 0.07047377 0.06354776 0.08282473 0.05212183 0.04773016 0.04206943 0.07691456 0.08295591 0.03700001 0.05959216 0.08846274 0.07861267 0.08432530 0.09769776 0.10496671 0.08015939 0.08462439 0.11397861 0.10108122 0.10453757 0.09534497 0.08998041 0.09426658 0.10047413 0.08088318 0.07753536 0.07504765 0.07713468 0.04750509 0.04788110 0.04832316 0.06289891 0.06025593 0.05640210 0.07325414 0.04488319 0.07256441 0.04316196 0.03695692 0.03859586 0.03949323 0.07067347 0.07577878 0.05245748 0.06393116 0.06564797 0.05649468 0.06443353 0.06760722 0.07107896 0.08209889 0.07999588 0.05721773 0.05299211 0.09961328 0.06634333 0.08821637 0.07684973 0.06010301 0.06378018 0.06440675 0.05201594 0.06259223 0.07481964 0.06571522 0.04708864 0.03866234 0.07103095 0.05986181 0.10908862 0.05378913 0.08808177 0.07138941 0.06313775 0.04680341 0.07671736 0.11392624 0.08796685 0.05913593 0.05021141 0.06148749 0.04666700 0.06405096 0.06219197 0.06020453 0.05410702 0.10390578 0.09635888 0.14012182 0.05414028 0.05139281 0.03624699 0.07346680 0.04476100 0.07975012 0.07259659 0.08117780 0.03364752 0.04699698 0.05487235 0.04173861 0.07161567 0.05329896 0.05869939 0.06497611 0.07062048 0.05698226 0.07553332 0.05992521 0.05510106 0.06299386 0.04387380 0.06301671 0.07154224 0.05278531 0.07464893 0.04616821 0.05414187 0.04730578 0.07295618 0.05611931 0.05253846 0.06515169 0.04468375 0.06758092 0.06314079 0.05218596 0.04229325 0.06222360 0.05842102 0.06173608 0.05731864 0.06536742 0.03670347 0.06558842 0.05184539 0.05500762 0.05518734 0.04123688 0.08082768 0.06746712 0.05182127 0.09239786 0.07182932 0.08658699 0.09970347 0.08044871 0.09573217 0.09555915 0.08689580 0.10380064 0.08727784 0.08760804 0.10625188 0.07796241 
0.06657671 0.06657671 0.06657671 0.06657671 0.06657671 0.06657671 0.06589828 0.07746319 0.15605115 0.00000000 0.09824778 0.05757143 0.09001935 0.07223688 0.05878349 0.04375819 0.06625770 0.05956309 0.05743663 0.06390494 0.05456100 0.08774015 0.02928263 0.05847201 0.08273616 0.05629930 0.12026623 0.06005187 0.04235807 0.08177962 0.08152316 0.10513455 0.08246357 0.06113795 0.06362156 0.10191928 0.06756779 0.08428015 0.07079149 0.10457647 0.06081505 0.05235502 0.08000008 0.09134787 0.08308334 0.06175410 0.07793620 0.06285974 0.04731295 0.05748534 0.07993483 0.07415685 0.06945702 0.06592382 0.06844099 0.06273396 0.05277870 0.09447969 0.07350908 0.09404047 0.09700193 0.07621685 0.08636102 0.05967657 0.08462333 0.05524439 0.10151303 0.08374152 0.05164600 0.07462854 0.04123062 0.07423579 0.09010320 0.04381301 0.07536294 0.05817229 0.11170225 0.09256590 0.04167295 0.06281637 0.06778883 0.06405056 0.05373612 0.05634764 0.05937967 0.05733394 0.07183258 0.07598610 0.05121115 0.08283515 0.05708679 0.08216982 0.06536028 0.04745875 0.06293486 0.07894820 0.09229467 0.05124187 0.07399754 0.06225485 0.06511695 0.05253119 0.06122825 0.06416735 0.07083762 0.07189358 0.08826099 0.03211541 0.06557236 0.06832831 0.06086930 0.08986132 0.06807322 0.07546716 0.06877618 0.07495715 0.08643463 0.07159276 0.07506235 0.08135674 0.08268642 0.07317458 0.07234427 0.07512668 0.05756048 0.04900907 0.05973445 0.05946755 0.05696743 0.08102632 0.06936988 0.08126193 0.07712362 0.05749251 0.05137871 0.05701682 0.06907353 0.04649714 0.07553087 0.04344868 0.07350451 0.06577382 0.04755873 0.07762772 0.06659358 0.04162089 0.05158352 0.04908474 0.08264627 0.07306722 0.05237243 0.07760817 0.07081797 0.04827874 0.06088399 0.05833364 0.05826414 0.05773963 0.02425610 0.04670946 0.09577749 0.06734504 0.04601617 0.05138138 0.07212382 0.05765118 0.08976713 0.05601872 0.08659497 0.09454263 0.06118198 0.08041213 0.05613136 0.03669778 0.06821056 0.03629721 0.05973829 0.07817243 0.06006676 0.06743440 0.06203029 0.06253626 0.06928687 0.09627161 0.09616146 0.07917643 0.06833369 0.07239552 0.07503014 0.06657671 
0.06316782 0.06316782 0.06316782 0.06316782 0.06316782 0.06316782 0.05580270 0.06854735 0.09310027 0.09824778 0.00000000 0.06410526 0.09029465 0.06040809 0.05993031 0.07746832 0.09215769 0.08138254 0.04628399 0.06991643 0.05945337 0.05826481 0.06750770 0.07498642 0.09074499 0.09261602 0.07398889 0.07629716 0.09130926 0.09526520 0.06596157 0.08006145 0.04990560 0.05850899 0.06218950 0.12008740 0.07908991 0.04518012 0.07871621 0.03357689 0.04358697 0.07137294 0.08704448 0.11119920 0.08466677 0.11073482 0.13199565 0.11829636 0.06361007 0.10248547 0.08221254 0.07701684 0.08881243 0.04996266 0.06314200 0.05419792 0.05902698 0.04870003 0.07315602 0.07422122 0.07869195 0.06799207 0.04780146 0.04458491 0.10039699 0.04656637 0.06499034 0.05757169 0.06083713 0.09621890 0.04750964 0.06122870 0.16460469 0.04299387 0.05941339 0.09096379 0.07341321 0.05153631 0.07369689 0.04970070 0.07068080 0.03619153 0.04391418 0.07006270 0.12532128 0.04239536 0.06787581 0.05851414 0.05925445 0.06094346 0.05365159 0.03919684 0.04691209 0.06080613 0.05421236 0.06597723 0.04501479 0.06319928 0.08093879 0.05250957 0.10277341 0.08177041 0.07512812 0.06122200 0.06945717 0.10495762 0.07832693 0.07191397 0.06507985 0.07281210 0.08905693 0.08516531 0.06370489 0.04395015 0.08164819 0.05548572 0.05870522 0.07943616 0.07388157 0.06598039 0.07499694 0.07562266 0.05147861 0.05803057 0.06181720 0.08921473 0.07848328 0.07486585 0.07467188 0.08216101 0.06241575 0.09916270 0.05685540 0.08446050 0.05762685 0.06291643 0.07538610 0.07222273 0.07898226 0.04024314 0.04147814 0.05430719 0.07285965 0.07231431 0.06839757 0.06428852 0.10449574 0.05743247 0.07907323 0.06741437 0.04447158 0.06164981 0.06837775 0.10447803 0.08645127 0.05881971 0.06563414 0.04727850 0.03331557 0.10906945 0.05369725 0.05919507 0.06499632 0.07002338 0.06460255 0.04250502 0.06159921 0.05468931 0.04749804 0.05235125 0.05701153 0.06194037 0.09679194 0.07929762 0.06293258 0.06589863 0.07697942 0.05704057 0.07269486 0.06795511 0.04027458 0.05650940 0.04065945 0.06877230 0.06536005 0.06659574 0.04274951 0.05701886 0.04529078 0.06316782 
0.06553158 0.06553158 0.06553158 0.06553158 0.06553158 0.06553158 0.06354985 0.07157835 0.09069188 0.05757143 0.06410526 0.00000000 0.08395605 0.04136884 0.09722078 0.07815167 0.07060364 0.05665705 0.07129551 0.04098839 0.04283489 0.06136550 0.05332568 0.08642355 0.03717596 0.08844162 0.06156529 0.06047301 0.01908912 0.08331327 0.04212492 0.06515018 0.06421653 0.03544289 0.04837666 0.10163029 0.03934302 0.08357670 0.05232908 0.09161948 0.03920173 0.06265786 0.16390667 0.05971407 0.06680709 0.09234365 0.07275215 0.04230832 0.06209189 0.05946026 0.06706447 0.08109273 0.10465739 0.08783165 0.08736581 0.10111032 0.06168641 0.08442206 0.11210671 0.10115397 0.09418388 0.05635068 0.04486030 0.03736877 0.07635446 0.09319943 0.06352177 0.07986616 0.04148129 0.06361041 0.05553521 0.06126892 0.25976845 0.13164798 0.08500428 0.05665185 0.06322561 0.04205059 0.12214784 0.09883986 0.07176999 0.06848733 0.05000704 0.03077763 0.03983968 0.04834290 0.06921476 0.07655843 0.06971648 0.06138322 0.06692166 0.06147390 0.07833979 0.06516645 0.11865273 0.05794328 0.10628203 0.04746390 0.07585217 0.05643811 0.09807004 0.05993524 0.08730267 0.07371674 0.05346932 0.10058147 0.06863680 0.05890712 0.05833464 0.03399903 0.06983899 0.07466845 0.08439055 0.07825724 0.07900940 0.04254237 0.07722263 0.05739308 0.07400907 0.06967493 0.06209651 0.09103208 0.08386003 0.07929445 0.06748044 0.10455976 0.02780562 0.05152728 0.05446978 0.02894741 0.06282857 0.08965683 0.06936544 0.03750053 0.06283977 0.02475678 0.05959759 0.04162441 0.03475719 0.04606298 0.05868774 0.07154602 0.06508332 0.08020936 0.03736596 0.05588143 0.02014007 0.02781979 0.07077233 0.07197877 0.10426258 0.04306193 0.06605775 0.07754549 0.06973331 0.04262033 0.04129077 0.10090110 0.04351704 0.12241895 0.06466882 0.07650828 0.05398729 0.06310841 0.04849735 0.06055419 0.04437835 0.06837060 0.07172149 0.05431562 0.11971032 0.06885024 0.09461705 0.07424130 0.06319738 0.08588703 0.09603843 0.08863585 0.06161374 0.06300513 0.06534374 0.05750507 0.06479177 0.06995293 0.09778884 0.08297434 0.06826307 0.08520002 0.06375442 0.06553158 
0.05922568 0.05922568 0.05922568 0.05922568 0.05922568 0.05922568 0.05138333 0.05545142 0.04308280 0.09001935 0.09029465 0.08395605 0.00000000 0.05281819 0.05622580 0.10059913 0.10174499 0.04503257 0.04442918 0.08984389 0.04433693 0.05380556 0.06869221 0.06515736 0.07377276 0.07089137 0.06936719 0.04881275 0.06347976 0.10670060 0.10001703 0.07156536 0.05930616 0.06176143 0.04879481 0.10753598 0.07439190 0.10726995 0.11031560 0.07034127 0.08812560 0.09364708 0.08274854 0.08223491 0.05992878 0.08347005 0.06805004 0.05809322 0.07680579 0.06313958 0.05230773 0.06409034 0.05022569 0.04621334 0.04213022 0.03825236 0.06482532 0.05535196 0.05318109 0.03792264 0.04320686 0.10891599 0.08726708 0.09116303 0.06135789 0.04783631 0.07173331 0.04985548 0.05011693 0.05833514 0.04808659 0.06170079 0.11285852 0.09126935 0.11553102 0.03235229 0.11390720 0.07735536 0.07431609 0.10200133 0.04045194 0.05080619 0.05382982 0.06056808 0.08359123 0.07360795 0.05870289 0.07830839 0.09034519 0.08530448 0.06127521 0.04736707 0.06885752 0.08503694 0.06932039 0.03966861 0.05218930 0.09421503 0.07231866 0.06885070 0.06640887 0.08005938 0.09039583 0.10831088 0.08171926 0.09995788 0.10013586 0.06939793 0.07032305 0.09110805 0.07444197 0.06957440 0.05196984 0.05172248 0.05443369 0.07826757 0.06144125 0.04808472 0.05082772 0.05088424 0.08402646 0.06610730 0.07494009 0.05905905 0.09004548 0.07748734 0.05825901 0.07410800 0.05821779 0.10168372 0.06086152 0.03848843 0.10087240 0.10259953 0.04139147 0.07766951 0.06544218 0.12922799 0.10579987 0.04779010 0.06117199 0.06838549 0.10456792 0.09817156 0.10706388 0.10756733 0.06719220 0.08461366 0.07926988 0.08227018 0.06423964 0.08529954 0.09054795 0.05486532 0.04049659 0.06420238 0.05008872 0.04352430 0.07613652 0.06363755 0.06042403 0.04726246 0.05110272 0.07529268 0.04816998 0.05379021 0.10060908 0.06531719 0.07140555 0.07294684 0.06879585 0.09557260 0.04927794 0.10428443 0.07613093 0.06617534 0.07689883 0.05162261 0.08836351 0.05086864 0.05514173 0.05127654 0.05153667 0.04146632 0.03647581 0.04964357 0.04441918 0.02572251 0.03375165 0.05922568 
0.06338155 0.06338155 0.06338155 0.06338155 0.06338155 0.06338155 0.05804024 0.06446974 0.06267663 0.07223688 0.06040809 0.04136884 0.05281819 0.00000000 0.08986630 0.15790932 0.04765483 0.07613254 0.04565119 0.16920996 0.08130848 0.06389934 0.05826482 0.09761169 0.10053078 0.05985481 0.03312344 0.05239379 0.03143564 0.05237221 0.02722045 0.07386872 0.05111584 0.06024967 0.08746672 0.04544379 0.04050640 0.06897415 0.07239777 0.08093878 0.04839281 0.05999621 0.06947516 0.09348349 0.12905831 0.02337249 0.07151300 0.04506329 0.04460511 0.08817830 0.04902031 0.04812266 0.05280506 0.05414370 0.04981015 0.07432211 0.16005029 0.05181826 0.03307552 0.03851135 0.05121945 0.06027862 0.19091162 0.17040462 0.08652839 0.07019336 0.06511722 0.07518506 0.07801711 0.05748900 0.07830295 0.04731150 0.05034322 0.08144688 0.05372120 0.06280647 0.08540437 0.06761754 0.05700979 0.03092676 0.05568517 0.09696326 0.07800951 0.09541771 0.07635341 0.05962942 0.05299137 0.05784254 0.08933182 0.07639358 0.07443549 0.05872798 0.05747893 0.04065886 0.05263600 0.05927242 0.05841068 0.05635261 0.07956880 0.07426304 0.06954759 0.05088807 0.06876671 0.06108320 0.06623548 0.09357536 0.06578289 0.04918350 0.07959276 0.09625277 0.08760957 0.06307217 0.07287650 0.05010201 0.05013833 0.05515591 0.07943881 0.11522963 0.10107936 0.12949307 0.06445518 0.06842584 0.10907644 0.04760736 0.09640995 0.10341361 0.13899856 0.04749297 0.06642929 0.07990927 0.07514137 0.04747661 0.04872197 0.08575372 0.04140044 0.05688411 0.07793340 0.05905181 0.09090981 0.04048182 0.04748832 0.04580502 0.06367386 0.06773744 0.06824080 0.06818237 0.07112376 0.06518915 0.10035938 0.04313588 0.10113341 0.10881860 0.09225353 0.03815766 0.08383259 0.04897017 0.10599640 0.08354806 0.07865976 0.06995802 0.06160990 0.12583482 0.03023813 0.06370766 0.06478954 0.06891301 0.10703371 0.06411334 0.09997467 0.11121494 0.07781511 0.07756915 0.05850723 0.08713317 0.04109695 0.04774561 0.03775240 0.03624502 0.05423261 0.03864336 0.04065856 0.03454575 0.04127170 0.03534617 0.04677155 0.04566041 0.05640396 0.05432793 0.04392128 0.06338155 
0.06630935 0.06630935 0.06630935 0.06630935 0.06630935 0.06630935 0.06671901 0.07012602 0.08702213 0.05878349 0.05993031 0.09722078 0.05622580 0.08986630 0.00000000 0.08901232 0.08166256 0.11453932 0.18988111 0.05247300 0.24036685 0.06535083 0.05995128 0.10641816 0.07207078 0.03834390 0.09230670 0.08617032 0.06639728 0.02553480 0.06632404 0.07402102 0.01763076 0.05992348 0.02941256 0.09124722 0.03735566 0.05637440 0.06822215 0.03325685 0.04644941 0.07047772 0.05097088 0.08718057 0.07180509 0.06684813 0.08574578 0.04679114 0.07713908 0.04301425 0.05423854 0.07347018 0.06914787 0.06695168 0.08325109 0.05931296 0.06603200 0.07826629 0.05701168 0.03874986 0.07324782 0.05350513 0.03726423 0.05944642 0.06136238 0.10850830 0.03072259 0.04600811 0.08198337 0.05382594 0.10170586 0.04969973 0.07969074 0.16276038 0.06336681 0.12155217 0.10838022 0.05134019 0.03113797 0.04460037 0.04419618 0.10256565 0.04546155 0.05047128 0.10027849 0.04788810 0.07648974 0.07472961 0.07832232 0.06257824 0.07773068 0.06372709 0.06576661 0.06823561 0.08374328 0.08740255 0.06426060 0.02282796 0.07787596 0.05733992 0.04454899 0.10792072 0.06877719 0.06929837 0.04918435 0.05590024 0.02060807 0.05066267 0.03043015 0.07805200 0.05565574 0.07199521 0.06350887 0.07302071 0.04520335 0.06277034 0.04774165 0.08474617 0.06194041 0.05077708 0.05695514 0.05699869 0.06250752 0.05381145 0.11640363 0.05599215 0.12148365 0.09017007 0.10245509 0.05317768 0.06693820 0.05426103 0.05727677 0.07769601 0.08210893 0.08961979 0.05517467 0.04555184 0.05234504 0.04535441 0.05681334 0.08632427 0.07573142 0.05734620 0.04948244 0.07623313 0.09041130 0.06754649 0.05897602 0.05198945 0.08508784 0.10296251 0.05909015 0.04879645 0.06058913 0.08038760 0.10396992 0.05006481 0.05585704 0.09637256 0.06589688 0.05830722 0.06586258 0.05926980 0.06169124 0.06607695 0.06111449 0.07159581 0.06792565 0.06296956 0.05182459 0.08982445 0.04968480 0.11096021 0.09765282 0.09566494 0.05619226 0.07634044 0.07113244 0.08145198 0.05861565 0.05413353 0.07579770 0.10015536 0.05101371 0.05046928 0.07370526 0.06528325 0.07029442 0.06630935 
0.05827243 0.05827243 0.05827243 0.05827243 0.05827243 0.05827243 0.04451765 0.04594177 0.03652866 0.04375819 0.07746832 0.07815167 0.10059913 0.15790932 0.08901232 0.00000000 0.10915020 0.08629376 0.06182667 0.05086537 0.07389896 0.05477935 0.04438947 0.08270028 0.08955305 0.08595500 0.08432704 0.07557797 0.04837801 0.06525456 0.07817714 0.08846348 0.07112529 0.05107746 0.07391930 0.09751949 0.03790980 0.10692288 0.07759683 0.07773624 0.08740784 0.09636418 0.04119963 0.02975548 0.05826343 0.06617579 0.06321251 0.03042248 0.03703684 0.07432809 0.06594421 0.06931810 0.04352355 0.03516376 0.03389531 0.04320096 0.08144648 0.04307335 0.07259436 0.04245232 0.06415218 0.10004261 0.11180005 0.06817851 0.03932803 0.08022092 0.07823375 0.04781929 0.04387369 0.06048750 0.06655120 0.05428520 0.08406553 0.08190051 0.07467076 0.07398933 0.06574911 0.03845175 0.08638600 0.05000395 0.05830862 0.06987988 0.03355531 0.09219223 0.06637794 0.06642796 0.04876345 0.08687392 0.06445690 0.04893162 0.06340451 0.05430951 0.03917551 0.06171312 0.08147764 0.07198427 0.08778057 0.07579788 0.05441766 0.06194199 0.07578536 0.10226012 0.05506315 0.09474153 0.07435972 0.06714321 0.07593499 0.05032911 0.07548095 0.06873757 0.06155980 0.08168330 0.05428379 0.09102598 0.04872877 0.06280542 0.06131694 0.06461238 0.05415027 0.07366372 0.08687423 0.10338673 0.13139862 0.05721564 0.08841455 0.05872307 0.06891702 0.07608885 0.07672170 0.09305413 0.05983225 0.11325303 0.10621582 0.09872623 0.05655587 0.08550470 0.09480817 0.10926156 0.07405405 0.06226714 0.06883347 0.09843831 0.09217183 0.07570387 0.09402956 0.12219647 0.08898692 0.07460074 0.05891828 0.05301660 0.10182030 0.06081063 0.12880943 0.03648707 0.06427362 0.06861259 0.14948454 0.07418398 0.10199061 0.06738357 0.05498869 0.06987710 0.06311111 0.07132946 0.05012972 0.04679204 0.06939999 0.07961190 0.07243043 0.09457331 0.06914755 0.05186744 0.08016968 0.08687531 0.10062148 0.05997158 0.08158586 0.06913723 0.04309073 0.05383803 0.04567733 0.03369739 0.04344117 0.04583730 0.05361626 0.04356182 0.02461078 0.04031890 0.03965632 0.05827243 
0.06364736 0.06364736 0.06364736 0.06364736 0.06364736 0.06364736 0.05785376 0.06423091 0.07390228 0.06625770 0.09215769 0.07060364 0.10174499 0.04765483 0.08166256 0.10915020 0.00000000 0.18281514 0.09119726 0.07320039 0.06373913 0.05918955 0.16269950 0.07212367 0.06123161 0.08353854 0.07566729 0.07671201 0.04452010 0.05846749 0.07060165 0.07728320 0.08505199 0.09601664 0.05169287 0.04620081 0.07938743 0.07117681 0.04526218 0.04080312 0.05507533 0.04740069 0.03103854 0.06278660 0.07626364 0.10420734 0.05276038 0.11017580 0.05253670 0.05628894 0.07738988 0.07545149 0.06755884 0.05848629 0.05763150 0.06826719 0.08146972 0.04568906 0.05544091 0.07474628 0.04107276 0.07242788 0.07929414 0.04975133 0.04667260 0.07623872 0.04620506 0.05871746 0.07625009 0.05311856 0.05460151 0.05971494 0.06987548 0.12526370 0.04257110 0.06679188 0.05997117 0.07175629 0.06206599 0.07878741 0.04769012 0.03901772 0.03933995 0.08892647 0.06968568 0.05741973 0.05956414 0.06246762 0.07162708 0.06529484 0.06580262 0.05082070 0.04983249 0.08002576 0.04451530 0.06013132 0.03470999 0.03838142 0.06174099 0.05534503 0.07601949 0.05456186 0.06217524 0.05417342 0.05999591 0.07869255 0.03850015 0.06511860 0.07119537 0.07002249 0.08266469 0.07663164 0.04623387 0.04794705 0.06668622 0.07302896 0.07452164 0.05897758 0.05571895 0.07545141 0.12719948 0.07723655 0.09875538 0.07191871 0.10351519 0.04118305 0.08914583 0.03907373 0.06180287 0.04478518 0.05960834 0.10006416 0.05676749 0.12099340 0.08170727 0.08265050 0.03705798 0.07073093 0.09320433 0.06894232 0.04612817 0.07067942 0.07407667 0.05713578 0.09492301 0.12475393 0.06498878 0.05430932 0.06964809 0.07196575 0.09851836 0.07775646 0.06226922 0.03446306 0.09988607 0.10064051 0.08799831 0.10380253 0.09085939 0.09858566 0.06399041 0.07121645 0.07250202 0.07499109 0.05519793 0.05290724 0.03866628 0.06593984 0.05805012 0.06907581 0.08271591 0.10325600 0.08346634 0.07115758 0.13208661 0.10693602 0.13193087 0.05755071 0.05466365 0.08079398 0.05703080 0.04616484 0.04450902 0.05723265 0.03427089 0.03674132 0.06967109 0.06444607 0.05729077 0.06364736 
0.06469115 0.06469115 0.06469115 0.06469115 0.06469115 0.06469115 0.06230116 0.06660350 0.06564864 0.05956309 0.08138254 0.05665705 0.04503257 0.07613254 0.11453932 0.08629376 0.18281514 0.00000000 0.05951359 0.07250036 0.13702822 0.06965955 0.05841118 0.05112564 0.06772115 0.09830664 0.04558890 0.06787585 0.04061840 0.06632971 0.06112202 0.04749174 0.05202858 0.05797188 0.06021723 0.07775280 0.05153753 0.05867786 0.07242484 0.03631301 0.04533163 0.03019902 0.03117581 0.04396553 0.05703806 0.07293308 0.07324020 0.05842560 0.04883915 0.07915081 0.07634801 0.06241139 0.05823027 0.06157081 0.06196641 0.06751868 0.09685239 0.05010023 0.07127806 0.05480321 0.09120739 0.06201880 0.02246960 0.06809440 0.06688504 0.13522846 0.09329709 0.05374449 0.13918002 0.04251948 0.11289264 0.07825284 0.04471013 0.06029009 0.05024388 0.07579223 0.05749312 0.06975247 0.07403569 0.07114128 0.05529211 0.05571354 0.05394944 0.09294861 0.14158964 0.04721442 0.05516230 0.06763198 0.07536446 0.04049113 0.06664679 0.07167245 0.08334181 0.05738579 0.05505302 0.09433832 0.06574149 0.05480804 0.05568268 0.06603325 0.04302226 0.04546731 0.07770985 0.09993746 0.04486733 0.04716175 0.02960470 0.07425348 0.05454264 0.05023356 0.06461120 0.07702029 0.05981722 0.04042219 0.09149579 0.05078949 0.07564662 0.09460049 0.08265854 0.07024664 0.13843664 0.07645736 0.07786963 0.07361859 0.04426831 0.04962847 0.09514035 0.10024762 0.06176791 0.05660887 0.07079601 0.05003384 0.05543680 0.04567993 0.05994280 0.08211208 0.03896644 0.04342757 0.11454719 0.06147928 0.02405407 0.04203650 0.05301710 0.09140132 0.05455980 0.07057135 0.09970985 0.04516581 0.04158500 0.07929708 0.09527863 0.10216617 0.08012247 0.05838048 0.08086425 0.05900712 0.08408978 0.06526584 0.04913510 0.11002806 0.06721969 0.09905722 0.07564943 0.08074322 0.09541067 0.08721649 0.03321574 0.07449458 0.10375845 0.14189664 0.07817353 0.06143914 0.04382696 0.05161722 0.13408551 0.17226353 0.08616024 0.08016079 0.04766800 0.05397857 0.06564896 0.05244706 0.04269872 0.04241564 0.04809730 0.05022799 0.06635901 0.05304602 0.05116267 0.06469115 
0.06730135 0.06730135 0.06730135 0.06730135 0.06730135 0.06730135 0.07896085 0.09378653 0.05679884 0.05743663 0.04628399 0.07129551 0.04442918 0.04565119 0.18988111 0.06182667 0.09119726 0.05951359 0.00000000 0.09680701 0.24517688 0.10239601 0.08314536 0.07405234 0.06501537 0.09393662 0.11072263 0.08149276 0.08495337 0.07384998 0.05598975 0.04604867 0.05600728 0.05545973 0.06450492 0.08412468 0.05807456 0.03107890 0.06141457 0.04643132 0.06067436 0.04610323 0.07754231 0.07795713 0.08720124 0.07101696 0.07733369 0.06342174 0.06877528 0.04674925 0.06548414 0.06487024 0.06764427 0.07953639 0.08109845 0.08251218 0.08121800 0.07353214 0.06584615 0.05115206 0.06112935 0.06026754 0.05303573 0.06671559 0.05509631 0.05480654 0.06791181 0.04779303 0.07231362 0.06778280 0.05113746 0.05731669 0.05098559 0.13699764 0.07821705 0.08972978 0.04586379 0.07389195 0.08720445 0.09730894 0.04931454 0.08280266 0.09291335 0.05417802 0.14009911 0.07055191 0.04122174 0.05696535 0.06951782 0.04762941 0.07726223 0.08308384 0.07691280 0.09905218 0.06686405 0.05875317 0.01982906 0.03690580 0.06401420 0.06170490 0.03180609 0.03358116 0.02098017 0.06460379 0.07998944 0.05114671 0.05808833 0.05588588 0.05121543 0.05035074 0.03709339 0.05249623 0.07686179 0.06959378 0.08994201 0.08442874 0.07664299 0.08623140 0.08748574 0.07043504 0.08008635 0.10110905 0.03764746 0.06811432 0.01496252 0.07027636 0.04945415 0.06582777 0.09880606 0.03994903 0.07182114 0.05770835 0.04181184 0.04960509 0.04572076 0.04419251 0.09505336 0.05552803 0.08637916 0.04478644 0.05674922 0.03805748 0.08773926 0.08408361 0.05105259 0.08645970 0.04779373 0.07278424 0.03533742 0.04590414 0.08689490 0.04411657 0.03768416 0.08000757 0.06376754 0.07910521 0.05954362 0.06801303 0.05835845 0.06188609 0.08768835 0.09331119 0.06115621 0.05578665 0.08968245 0.12386738 0.04576577 0.06525888 0.09993962 0.08866643 0.05177971 0.07647592 0.05923044 0.08970837 0.10738501 0.05600101 0.06756568 0.04115244 0.06956145 0.07937022 0.07670895 0.06682091 0.07677370 0.06595257 0.07846816 0.05521114 0.08447435 0.07290344 0.07315371 0.06730135 
