0.00000000 0.15509738 0.15509738 0.15145282 0.15295776 0.15241851 0.14869820 0.13730215 0.14056206 0.13274586 0.12720600 0.12771828 0.12345288 0.12762120 0.12561857 0.12115081 0.12459779 0.12911194 0.12808195 0.12501187 0.12629978 0.13609796 0.12336249 0.12893198 0.12525685 0.12469831 0.13061319 0.12693999 0.14411780 0.12841738 0.12789481 0.12553972 0.12391617 0.13308271 0.13339774 0.12207309 0.13271141 0.12517408 0.12663091 0.13277257 0.12616493 0.13421721 0.13377141 0.13127718 0.12865840 0.12693493 0.13052071 0.13097837 0.13279187 0.12579740 0.13096512 0.13443804 0.13628600 0.13931126 0.13570048 0.13824887 0.13355604 0.14077674 0.14401542 0.13461739 0.13262320 0.12901539 0.12613897 0.12680936 0.13133506 0.12657456 0.13565217 0.13162461 0.13426690 0.13523767 0.12596813 0.13823293 0.13271619 0.13165735 0.12846889 0.12300898 0.12177761 0.13062776 0.12768155 0.12702650 0.12923030 0.12566164 0.13311136 0.12943207 0.12376709 0.12664038 0.12360465 0.13040763 0.13404867 0.13294928 0.13471856 0.13214248 0.12770598 0.12760182 0.12765224 0.12977366 0.12568349 0.13357572 0.13655214 0.13457718 0.12494993 0.12647431 0.12654102 0.12119954 0.12100998 0.12273231 0.12360978 0.12625022 0.12662087 0.12378092 0.12644643 0.12763926 0.12773192 0.12506107 0.12172054 0.13749960 0.13234663 0.13630287 0.13118980 0.13643855 0.12448486 0.13428161 0.13674705 0.13831749 0.12630439 0.13384855 0.12241820 0.12342214 0.12828559 0.12601154 0.13953172 0.12792757 0.13055851 0.12091359 0.13174502 0.12284209 0.13708592 0.12395526 0.12728906 0.13101980 0.12865272 0.12612841 0.12848293 0.12907300 0.12533640 0.13008037 0.12907973 0.13280325 0.12282013 0.12376335 0.12476091 0.12416705 0.12883333 0.12616652 0.12450451 0.13251066 0.12686475 0.12598903 0.13246091 0.13238624 0.13850735 0.13673527 0.12199409 0.13586697 0.13677348 0.13321392 0.12497423 0.13828176 0.12891124 0.13284133 0.12597609 0.12548811 0.12786936 0.12705044 0.12663447 0.12524672 0.12550716 0.13285952 0.13315548 0.13088907 0.13535632 0.14169955 0.13826526 0.14451979 0.14904040 0.14084467 0.13920878 0.14339240 0.14531275 0.15439481 
0.15509738 0.00000000 0.15509738 0.15145282 0.15295776 0.15241851 0.14869820 0.13730215 0.14056206 0.13274586 0.12720600 0.12771828 0.12345288 0.12762120 0.12561857 0.12115081 0.12459779 0.12911194 0.12808195 0.12501187 0.12629978 0.13609796 0.12336249 0.12893198 0.12525685 0.12469831 0.13061319 0.12693999 0.14411780 0.12841738 0.12789481 0.12553972 0.12391617 0.13308271 0.13339774 0.12207309 0.13271141 0.12517408 0.12663091 0.13277257 0.12616493 0.13421721 0.13377141 0.13127718 0.12865840 0.12693493 0.13052071 0.13097837 0.13279187 0.12579740 0.13096512 0.13443804 0.13628600 0.13931126 0.13570048 0.13824887 0.13355604 0.14077674 0.14401542 0.13461739 0.13262320 0.12901539 0.12613897 0.12680936 0.13133506 0.12657456 0.13565217 0.13162461 0.13426690 0.13523767 0.12596813 0.13823293 0.13271619 0.13165735 0.12846889 0.12300898 0.12177761 0.13062776 0.12768155 0.12702650 0.12923030 0.12566164 0.13311136 0.12943207 0.12376709 0.12664038 0.12360465 0.13040763 0.13404867 0.13294928 0.13471856 0.13214248 0.12770598 0.12760182 0.12765224 0.12977366 0.12568349 0.13357572 0.13655214 0.13457718 0.12494993 0.12647431 0.12654102 0.12119954 0.12100998 0.12273231 0.12360978 0.12625022 0.12662087 0.12378092 0.12644643 0.12763926 0.12773192 0.12506107 0.12172054 0.13749960 0.13234663 0.13630287 0.13118980 0.13643855 0.12448486 0.13428161 0.13674705 0.13831749 0.12630439 0.13384855 0.12241820 0.12342214 0.12828559 0.12601154 0.13953172 0.12792757 0.13055851 0.12091359 0.13174502 0.12284209 0.13708592 0.12395526 0.12728906 0.13101980 0.12865272 0.12612841 0.12848293 0.12907300 0.12533640 0.13008037 0.12907973 0.13280325 0.12282013 0.12376335 0.12476091 0.12416705 0.12883333 0.12616652 0.12450451 0.13251066 0.12686475 0.12598903 0.13246091 0.13238624 0.13850735 0.13673527 0.12199409 0.13586697 0.13677348 0.13321392 0.12497423 0.13828176 0.12891124 0.13284133 0.12597609 0.12548811 0.12786936 0.12705044 0.12663447 0.12524672 0.12550716 0.13285952 0.13315548 0.13088907 0.13535632 0.14169955 0.13826526 0.14451979 0.14904040 0.14084467 0.13920878 0.14339240 0.14531275 0.15439481 
0.15509738 0.15509738 0.00000000 0.15145282 0.15295776 0.15241851 0.14869820 0.13730215 0.14056206 0.13274586 0.12720600 0.12771828 0.12345288 0.12762120 0.12561857 0.12115081 0.12459779 0.12911194 0.12808195 0.12501187 0.12629978 0.13609796 0.12336249 0.12893198 0.12525685 0.12469831 0.13061319 0.12693999 0.14411780 0.12841738 0.12789481 0.12553972 0.12391617 0.13308271 0.13339774 0.12207309 0.13271141 0.12517408 0.12663091 0.13277257 0.12616493 0.13421721 0.13377141 0.13127718 0.12865840 0.12693493 0.13052071 0.13097837 0.13279187 0.12579740 0.13096512 0.13443804 0.13628600 0.13931126 0.13570048 0.13824887 0.13355604 0.14077674 0.14401542 0.13461739 0.13262320 0.12901539 0.12613897 0.12680936 0.13133506 0.12657456 0.13565217 0.13162461 0.13426690 0.13523767 0.12596813 0.13823293 0.13271619 0.13165735 0.12846889 0.12300898 0.12177761 0.13062776 0.12768155 0.12702650 0.12923030 0.12566164 0.13311136 0.12943207 0.12376709 0.12664038 0.12360465 0.13040763 0.13404867 0.13294928 0.13471856 0.13214248 0.12770598 0.12760182 0.12765224 0.12977366 0.12568349 0.13357572 0.13655214 0.13457718 0.12494993 0.12647431 0.12654102 0.12119954 0.12100998 0.12273231 0.12360978 0.12625022 0.12662087 0.12378092 0.12644643 0.12763926 0.12773192 0.12506107 0.12172054 0.13749960 0.13234663 0.13630287 0.13118980 0.13643855 0.12448486 0.13428161 0.13674705 0.13831749 0.12630439 0.13384855 0.12241820 0.12342214 0.12828559 0.12601154 0.13953172 0.12792757 0.13055851 0.12091359 0.13174502 0.12284209 0.13708592 0.12395526 0.12728906 0.13101980 0.12865272 0.12612841 0.12848293 0.12907300 0.12533640 0.13008037 0.12907973 0.13280325 0.12282013 0.12376335 0.12476091 0.12416705 0.12883333 0.12616652 0.12450451 0.13251066 0.12686475 0.12598903 0.13246091 0.13238624 0.13850735 0.13673527 0.12199409 0.13586697 0.13677348 0.13321392 0.12497423 0.13828176 0.12891124 0.13284133 0.12597609 0.12548811 0.12786936 0.12705044 0.12663447 0.12524672 0.12550716 0.13285952 0.13315548 0.13088907 0.13535632 0.14169955 0.13826526 0.14451979 0.14904040 0.14084467 0.13920878 0.14339240 0.14531275 0.15439481 
0.15145282 0.15145282 0.15145282 0.00000000 0.18234987 0.17806028 0.19667087 0.15545334 0.13952209 0.15314249 0.12460527 0.12525622 0.12029874 0.11769873 0.11705452 0.11613380 0.10880837 0.12537173 0.12812312 0.11159190 0.13382783 0.12797200 0.11148770 0.12651352 0.11515432 0.11319380 0.12355984 0.13218678 0.12971786 0.11822312 0.13514994 0.12023243 0.12351747 0.12113951 0.12818149 0.11650421 0.13159193 0.13502251 0.14739769 0.11425128 0.13302308 0.14229267 0.15245277 0.12473549 0.11737051 0.11689915 0.13625890 0.13487828 0.12794974 0.12309316 0.13157907 0.14042574 0.14168451 0.14574711 0.16307412 0.16855534 0.13394254 0.14033430 0.14456849 0.14949732 0.15092338 0.12926747 0.12217798 0.12355292 0.11885029 0.11923666 0.12666578 0.13502985 0.12474176 0.13351238 0.11915991 0.13206691 0.14228865 0.13234656 0.12165502 0.11490118 0.12148861 0.14223769 0.12300795 0.13944415 0.13260655 0.12371022 0.14718955 0.12382458 0.12449783 0.13517712 0.11336475 0.11671757 0.13191603 0.13130802 0.15985756 0.14644160 0.13411013 0.12958673 0.12761568 0.13263737 0.13020571 0.14639501 0.12853579 0.15125867 0.13074972 0.12532212 0.13664290 0.10861044 0.11751126 0.10968453 0.12288782 0.13598811 0.13557176 0.13014136 0.13412994 0.12240550 0.13025276 0.11504955 0.11298932 0.13046846 0.12024718 0.12822889 0.11817951 0.12825039 0.11949937 0.14063462 0.12857052 0.14118017 0.12509046 0.11008019 0.11076931 0.11501183 0.11520148 0.12739895 0.13454715 0.14035066 0.12097343 0.11975357 0.14044776 0.11733107 0.11500864 0.13087166 0.12193835 0.12300347 0.11984850 0.14674877 0.11504909 0.11634727 0.11689391 0.12733147 0.12169265 0.12214607 0.11890963 0.11512177 0.12228876 0.12873962 0.12791259 0.12275814 0.12075112 0.13505696 0.13311492 0.12535402 0.12676469 0.13211231 0.14398851 0.13965249 0.10783462 0.13802050 0.14030740 0.14746540 0.11904918 0.13527293 0.12419053 0.14232179 0.11937924 0.11887797 0.12037951 0.11777032 0.11878110 0.10919418 0.13079924 0.13663526 0.12888270 0.12891145 0.14174320 0.14702314 0.15274958 0.15732884 0.15509954 0.14796730 0.16596913 0.15603660 0.16515565 0.15019464 
0.15295776 0.15295776 0.15295776 0.18234987 0.00000000 0.18548501 0.18282097 0.16119527 0.15160011 0.16290184 0.12571990 0.13682128 0.11633691 0.11384200 0.11136777 0.10860864 0.11601952 0.12068290 0.12954734 0.11141673 0.12570890 0.12685010 0.10789938 0.12108992 0.12169598 0.11415453 0.12551444 0.12599446 0.14058845 0.11256646 0.12006706 0.11702228 0.11886454 0.13227547 0.13636824 0.11580373 0.13334421 0.13683278 0.15195817 0.12374855 0.13359401 0.14167844 0.15143669 0.12645119 0.12085961 0.12427387 0.13212078 0.12694864 0.13159175 0.12514827 0.12492159 0.13434410 0.13704064 0.15137458 0.16028432 0.16748970 0.13905133 0.14783145 0.15296135 0.16196652 0.14366803 0.12883995 0.12154102 0.12672478 0.11638736 0.11802638 0.12572246 0.13699774 0.12308404 0.13204886 0.12093823 0.13177081 0.14340102 0.13142380 0.11863817 0.11241648 0.12244249 0.14583381 0.12984463 0.12999100 0.12921196 0.12285196 0.13527687 0.11508469 0.11558991 0.13319402 0.12149609 0.11344497 0.13344903 0.13640410 0.15455766 0.13517936 0.13075818 0.12791337 0.12789135 0.13601260 0.13461784 0.14915825 0.12782583 0.15135410 0.11737952 0.13164368 0.12332267 0.11132948 0.10742656 0.10456572 0.11687836 0.12779290 0.13449382 0.12412431 0.13264748 0.12291563 0.13154223 0.11778991 0.10914460 0.12997377 0.11849579 0.12744244 0.11605739 0.12751886 0.11831992 0.14364846 0.13579358 0.13102568 0.11717376 0.11393598 0.10587239 0.10826866 0.11200811 0.12173542 0.13459125 0.12700796 0.12150438 0.11250145 0.15482686 0.11495236 0.12609491 0.13050859 0.12692380 0.12492270 0.11829526 0.14542526 0.11125100 0.11628410 0.12024295 0.12725551 0.12650996 0.12845101 0.11879490 0.11938546 0.12328817 0.12204611 0.13323833 0.13366619 0.12103157 0.14643884 0.13404570 0.13112617 0.13091243 0.14224548 0.14691350 0.14220931 0.10631882 0.14036277 0.14285679 0.15521681 0.11563989 0.13898025 0.11861866 0.13173413 0.12139042 0.11798763 0.12141318 0.12068245 0.11883584 0.11803716 0.13218925 0.13370081 0.12782714 0.12540734 0.14011974 0.15068761 0.15627850 0.16166901 0.15407276 0.15578664 0.16122552 0.15698259 0.16604823 0.15164588 
0.15241851 0.15241851 0.15241851 0.17806028 0.18548501 0.00000000 0.19559621 0.17599050 0.16832076 0.16508210 0.13221088 0.13810178 0.12106889 0.11204094 0.11855778 0.10585148 0.11195072 0.12185824 0.12252386 0.11793497 0.12131193 0.12482804 0.11215314 0.11970423 0.12512211 0.12418926 0.12606859 0.13042654 0.14073694 0.12577714 0.14670107 0.11108366 0.11396912 0.12341485 0.13179255 0.12681511 0.13557571 0.12828753 0.14130419 0.12008741 0.13376015 0.12710187 0.13785270 0.12312381 0.11773922 0.12517864 0.13382067 0.11895922 0.12247386 0.12066818 0.11497888 0.12664996 0.13332021 0.14440320 0.15302300 0.15951267 0.14104045 0.13945221 0.14611985 0.15564476 0.14530895 0.13912541 0.11546199 0.11357073 0.11218881 0.11061719 0.12366321 0.13217856 0.13006299 0.14157735 0.12498454 0.14184859 0.13567010 0.12285649 0.12518971 0.11260011 0.11928723 0.14760747 0.13555954 0.12626186 0.12829135 0.12701089 0.12565098 0.10783710 0.12346150 0.13199147 0.11997681 0.12221332 0.13623277 0.13197474 0.13880687 0.12726643 0.11834049 0.12709154 0.13051762 0.12491541 0.12672768 0.15166300 0.12659177 0.14916362 0.12910993 0.14088257 0.11911221 0.11576980 0.11573490 0.10769031 0.12026355 0.11424959 0.13539070 0.12643299 0.13473672 0.11698240 0.12789184 0.12407779 0.10998807 0.12899889 0.11541966 0.13541031 0.12282175 0.12620729 0.11387158 0.14176378 0.13582267 0.15422788 0.12467753 0.12809927 0.10305344 0.11760592 0.12445345 0.11534411 0.13478849 0.11813609 0.12590567 0.11170401 0.14135070 0.12282568 0.13180146 0.14368731 0.11938849 0.13059019 0.12774724 0.13911590 0.12465521 0.11113228 0.12977680 0.13305348 0.12904925 0.13265801 0.12279615 0.11826889 0.12676489 0.12646021 0.14029435 0.12359463 0.12427044 0.13705625 0.12879867 0.12101887 0.14358488 0.13595866 0.14836400 0.14260518 0.11185379 0.14034980 0.14869439 0.15788599 0.12195973 0.13896070 0.11969531 0.13249558 0.11746445 0.11828253 0.14261585 0.11965869 0.11865934 0.12376001 0.12192046 0.12051021 0.11971381 0.12419484 0.13559151 0.14560241 0.15508224 0.15805861 0.15405444 0.15045037 0.15788759 0.15550037 0.16661334 0.15080839 
0.14869820 0.14869820 0.14869820 0.19667087 0.18282097 0.19559621 0.00000000 0.24120508 0.20170831 0.18812959 0.13781618 0.12322517 0.13620722 0.09493647 0.11176475 0.10640764 0.10403796 0.13036976 0.12779833 0.13565688 0.13215753 0.11695718 0.09930490 0.12970784 0.12889457 0.14063447 0.12570068 0.12594323 0.13161496 0.12649260 0.10884226 0.12696594 0.12587379 0.11425040 0.13466897 0.12470535 0.13322781 0.14862909 0.14510106 0.13552759 0.13333300 0.13920906 0.15518095 0.11278452 0.10995506 0.13631530 0.13911352 0.15431367 0.11643570 0.10999299 0.13264095 0.12433703 0.13862789 0.15416871 0.15727095 0.16090212 0.13398782 0.14009713 0.13335565 0.14794748 0.15792160 0.13730952 0.09740309 0.11563263 0.10045551 0.12326841 0.13540926 0.12211529 0.16472681 0.14245695 0.13179558 0.13502759 0.14512895 0.13559245 0.12621842 0.13400523 0.11644526 0.14771505 0.13910193 0.13285548 0.13513874 0.11249750 0.12327560 0.11706508 0.13247107 0.13674807 0.12958250 0.10871900 0.12815423 0.14058070 0.16800845 0.13771727 0.12728692 0.11060856 0.11288913 0.11960430 0.13916737 0.13830802 0.11911223 0.13801041 0.11555209 0.12482586 0.11621893 0.11783114 0.13324146 0.12992043 0.11538461 0.14484447 0.13683185 0.11378159 0.11710184 0.12476109 0.15057670 0.12395186 0.10666944 0.12213650 0.10330099 0.12587577 0.10371836 0.11819104 0.11169623 0.13043915 0.12899389 0.15880544 0.12083244 0.13086307 0.10889649 0.12559742 0.12920633 0.12022777 0.13084849 0.11202715 0.12007683 0.11423000 0.12752420 0.13748905 0.13171450 0.11885485 0.12138290 0.12866458 0.12867836 0.15723073 0.11126022 0.10925727 0.14969967 0.14156775 0.12677612 0.13402038 0.10986998 0.11818424 0.12682227 0.12294526 0.13543654 0.10872010 0.11330599 0.13331914 0.13341660 0.12461877 0.13072866 0.12361389 0.13938077 0.13113127 0.10469261 0.12883135 0.13728068 0.14667506 0.11044757 0.13265460 0.13029253 0.12657603 0.10958458 0.11745624 0.11204109 0.10464500 0.11397226 0.11490162 0.11939189 0.10569742 0.09410378 0.10649265 0.13238621 0.14841472 0.15539815 0.16301640 0.15713974 0.14990713 0.17303114 0.16213174 0.15150925 0.14627163 
0.13730215 0.13730215 0.13730215 0.15545334 0.16119527 0.17599050 0.24120508 0.00000000 0.29452013 0.27016625 0.15688584 0.13263525 0.13707270 0.11455947 0.14949591 0.13696026 0.11486955 0.10836539 0.14629585 0.14251385 0.12690928 0.10911512 0.08704964 0.13423385 0.11916574 0.15899174 0.12760946 0.11147796 0.11487330 0.12776421 0.09708400 0.12678900 0.15409521 0.12513542 0.11955259 0.11770186 0.14282473 0.13060389 0.15661558 0.14823626 0.14632880 0.10271954 0.13769039 0.11656790 0.10523594 0.16610478 0.13350271 0.12228373 0.13360116 0.13607722 0.13743386 0.11663273 0.12929371 0.13809858 0.16177760 0.15087549 0.16100750 0.14366044 0.13434933 0.13552419 0.15669177 0.13034084 0.09356348 0.13259334 0.09012563 0.09743402 0.13089653 0.14363369 0.16038472 0.12960149 0.11507004 0.13478190 0.12329180 0.11999009 0.13993843 0.10345308 0.12392533 0.12434531 0.13893469 0.11353189 0.11899974 0.12934623 0.12842030 0.11122871 0.13827698 0.13710865 0.13441597 0.12140126 0.17957776 0.11615697 0.16112352 0.16604018 0.17065630 0.12577159 0.09587140 0.13278637 0.12231249 0.14654464 0.12056640 0.13886412 0.14870630 0.12207792 0.11715268 0.11105413 0.11906769 0.12745359 0.11521127 0.14614781 0.16043350 0.14536067 0.12308832 0.12854133 0.12393357 0.12308487 0.11010340 0.11455828 0.08838961 0.12312761 0.10001912 0.10803031 0.10535712 0.13585386 0.14776665 0.15294424 0.12142539 0.10877052 0.08616995 0.10984818 0.12621768 0.14596479 0.12759806 0.13147216 0.12077347 0.09703271 0.16025296 0.15273640 0.12369101 0.10079242 0.11282156 0.11158973 0.10222208 0.12473177 0.12169183 0.11377091 0.13373792 0.12114678 0.12496004 0.13074051 0.12281254 0.14327194 0.15290270 0.11394871 0.13610952 0.12919482 0.13871160 0.10743575 0.10446090 0.10995531 0.13567685 0.11698921 0.13019660 0.11896050 0.10620206 0.13322848 0.13096989 0.14205701 0.09965039 0.12164628 0.11616173 0.12096503 0.10879215 0.11612959 0.11126839 0.14346969 0.12602702 0.09626428 0.11188864 0.11052526 0.09537087 0.11157408 0.14537031 0.16829716 0.15009713 0.15427093 0.15019586 0.15316359 0.15728694 0.17519638 0.14932470 0.13321125 
0.14056206 0.14056206 0.14056206 0.13952209 0.15160011 0.16832076 0.20170831 0.29452013 0.00000000 0.37283429 0.26900628 0.15302904 0.12141051 0.14152791 0.15486946 0.10703360 0.12099696 0.13677425 0.12151195 0.12946564 0.10780340 0.09867722 0.09802679 0.13460263 0.13808054 0.11406822 0.13933842 0.13289966 0.13992216 0.17877403 0.09625199 0.13047320 0.12503086 0.10143731 0.11324501 0.15010942 0.12035241 0.13028232 0.10907219 0.09754425 0.08979757 0.11792820 0.14459714 0.08747422 0.09689987 0.15174336 0.15124736 0.12166010 0.11820795 0.21116606 0.15209009 0.11486185 0.13243327 0.18100994 0.15410641 0.14544317 0.17785156 0.16293636 0.15625433 0.14915413 0.12439239 0.12486767 0.11038931 0.11485460 0.08494812 0.10562545 0.10159253 0.10806455 0.12131714 0.13333167 0.08959703 0.13882726 0.18187230 0.12166832 0.12880783 0.08817207 0.09256266 0.10093319 0.14747702 0.12932434 0.11762170 0.12361466 0.08127603 0.10483088 0.10957504 0.12213344 0.23193169 0.12618625 0.14782689 0.16238601 0.16390204 0.13952003 0.11823022 0.10967104 0.12216199 0.11510655 0.13772071 0.15109550 0.12090180 0.13378627 0.15368712 0.08410507 0.12988372 0.12982618 0.15426539 0.14705632 0.11979592 0.13389945 0.13062499 0.10195918 0.13065160 0.19060046 0.14537880 0.12726174 0.13494729 0.10510792 0.10167735 0.12587208 0.09705291 0.10508657 0.12392884 0.12282997 0.15668704 0.20217148 0.11719131 0.08868093 0.11095296 0.10472225 0.08376329 0.14189041 0.11842717 0.15231406 0.09368402 0.09420130 0.09497096 0.10513122 0.12406036 0.11936203 0.12500126 0.12422478 0.13514834 0.11289528 0.15239002 0.12911366 0.10999574 0.10890900 0.09595762 0.12960700 0.13848129 0.10837052 0.13009316 0.11255508 0.13482215 0.10033802 0.12297075 0.10752267 0.09364871 0.12044575 0.09655676 0.09147987 0.11571066 0.10325944 0.09980222 0.11465146 0.12267372 0.15527737 0.11147538 0.10947819 0.14779193 0.14703382 0.11436402 0.12212889 0.08969338 0.10165718 0.11755377 0.10568231 0.13372771 0.12935234 0.13509845 0.12288156 0.15513637 0.14517471 0.14758384 0.16034208 0.20654663 0.17185685 0.18402838 0.18200981 0.19475919 0.13641484 
0.13274586 0.13274586 0.13274586 0.15314249 0.16290184 0.16508210 0.18812959 0.27016625 0.37283429 0.00000000 0.34279456 0.14031923 0.21182195 0.11427085 0.10284391 0.10607921 0.15559480 0.11404769 0.12876180 0.12929866 0.11725330 0.14042097 0.12609650 0.10233109 0.14182133 0.12671644 0.16379027 0.09225905 0.11308159 0.11929756 0.10021546 0.12994720 0.12852371 0.10263968 0.11439218 0.17525527 0.11638353 0.15327338 0.16117161 0.12150025 0.11851149 0.12097334 0.12530736 0.13380817 0.10839467 0.14758923 0.15821014 0.08546369 0.09223873 0.10771175 0.14702621 0.10385728 0.12152131 0.11501081 0.12529668 0.13042426 0.16529359 0.13035280 0.13221552 0.18429307 0.18305918 0.14265600 0.13901202 0.16558311 0.11212817 0.13411322 0.15748006 0.13737370 0.11012951 0.13593593 0.06833871 0.13765698 0.19553841 0.11576632 0.14481277 0.09663097 0.13952718 0.09594098 0.10409754 0.16185512 0.17251404 0.11103277 0.12950978 0.12914483 0.13189380 0.12655376 0.15706595 0.13544610 0.20905304 0.20201308 0.12145847 0.14859102 0.13086883 0.10699605 0.08599756 0.10924358 0.13080334 0.08838545 0.12924733 0.14971650 0.13196864 0.12373996 0.09594695 0.11273199 0.10699019 0.13781338 0.14466395 0.08482746 0.15035121 0.15860033 0.13229723 0.16039732 0.12247069 0.11349286 0.12300865 0.11108122 0.12062613 0.13878172 0.09802390 0.14084535 0.11294325 0.10157712 0.11626117 0.14586646 0.08875227 0.11278074 0.12644149 0.09876481 0.10922163 0.10565006 0.11439144 0.10776507 0.17163073 0.10631803 0.14352699 0.11882061 0.09183943 0.11853432 0.13311582 0.12129416 0.12251083 0.17924269 0.09051072 0.14573639 0.11926281 0.15128838 0.11551905 0.12582442 0.11457606 0.12424619 0.10883349 0.14159127 0.10843492 0.09999212 0.10945583 0.09268131 0.09348231 0.12749067 0.09732886 0.10856509 0.15874694 0.13142033 0.12044246 0.10866038 0.14585674 0.12093234 0.10937468 0.12487852 0.11207777 0.17581047 0.10757260 0.12252809 0.11616239 0.11721474 0.11883990 0.08507786 0.10803347 0.15570130 0.08596086 0.14810290 0.10187179 0.13783357 0.14613134 0.16753335 0.13698620 0.15862867 0.16160973 0.16116363 0.17085260 0.12599646 
0.12720600 0.12720600 0.12720600 0.12460527 0.12571990 0.13221088 0.13781618 0.15688584 0.26900628 0.34279456 0.00000000 0.18513388 0.18314831 0.12732671 0.15604304 0.12080266 0.14691701 0.15933316 0.14419160 0.15836412 0.13373184 0.12038752 0.12057525 0.09505096 0.14336929 0.09047328 0.13720972 0.13325692 0.11796487 0.20064002 0.15987287 0.11294808 0.10897912 0.10249497 0.15007782 0.19173210 0.10255575 0.15684574 0.15704502 0.08556591 0.10794275 0.15036346 0.19065129 0.15345748 0.13722507 0.31198784 0.25711688 0.13964946 0.12630526 0.21760520 0.11304516 0.11447832 0.12003483 0.11290913 0.10286422 0.09854565 0.13407358 0.08442878 0.14932076 0.15571236 0.15080384 0.21026955 0.10933768 0.09098952 0.13355645 0.12999642 0.12467167 0.07596477 0.10884811 0.11058115 0.08907838 0.11382691 0.23869153 0.08598744 0.11331131 0.17060676 0.09662925 0.13934175 0.12756479 0.13583973 0.11355278 0.11652278 0.10220888 0.09072675 0.15919441 0.11302341 0.16243168 0.22423343 0.15681720 0.14623212 0.17699986 0.07395586 0.11812711 0.10820939 0.09544833 0.20897310 0.08409668 0.14635763 0.14229291 0.15624283 0.13189065 0.14563771 0.12036169 0.09499955 0.10828637 0.10473049 0.15849234 0.16424508 0.17485624 0.09432977 0.12157564 0.16920376 0.15035556 0.10859714 0.13175758 0.12160630 0.11995351 0.12796321 0.11624503 0.11804939 0.13417112 0.14201650 0.21365615 0.11393043 0.09847998 0.14355162 0.11990389 0.12077344 0.15465538 0.13284635 0.10738164 0.09368437 0.13033595 0.17714944 0.14066156 0.13179580 0.10935284 0.08545183 0.07977148 0.11771431 0.14291971 0.11390844 0.12108054 0.13137746 0.09962861 0.11400625 0.11276592 0.12828452 0.12070730 0.15471494 0.11679719 0.07800330 0.10949140 0.15959590 0.10545653 0.15207937 0.17401532 0.05754168 0.08698588 0.15987242 0.11234801 0.11747835 0.10199688 0.11262289 0.12641814 0.08609798 0.08947033 0.14721940 0.08107371 0.07170180 0.09413445 0.19037855 0.10620918 0.07590124 0.12491765 0.11774115 0.11617700 0.14534218 0.14006001 0.16015741 0.13111620 0.12185165 0.10984256 0.12458635 0.12875823 0.12100126 0.12872206 0.11338842 0.11388987 0.11834326 
0.12771828 0.12771828 0.12771828 0.12525622 0.13682128 0.13810178 0.12322517 0.13263525 0.15302904 0.14031923 0.18513388 0.00000000 0.29644683 0.17884825 0.20755085 0.22161794 0.16097278 0.07875580 0.10518040 0.07521440 0.09713750 0.12456280 0.10293298 0.16511411 0.10214263 0.13453236 0.10758265 0.11294863 0.05537514 0.10747273 0.11192741 0.07356071 0.10117775 0.10063575 0.15386005 0.14578320 0.09393562 0.11918659 0.27385674 0.23467028 0.09502688 0.14325526 0.47656998 0.15738834 0.16038648 0.23700104 0.20926410 0.10278888 0.14476988 0.11610575 0.13103388 0.11604726 0.14339324 0.13339269 0.16200441 0.14345224 0.13876757 0.13760762 0.16938371 0.17358986 0.15551490 0.12280549 0.11539579 0.12586232 0.14358537 0.12597340 0.10181468 0.12017323 0.10632923 0.13034616 0.13306317 0.11199704 0.64263113 0.24262557 0.32112912 0.17097104 0.17697273 0.10037141 0.23113664 0.08692111 0.11170415 0.04752709 0.10543403 0.06461595 0.09964345 0.14600950 0.10355063 0.13125817 0.13479416 0.13201094 0.12638482 0.10588351 0.10850259 0.11517777 0.10670211 0.07950447 0.07124983 0.07615211 0.15372919 0.12229810 0.10771732 0.08615145 0.09302228 0.12934251 0.11714869 0.14207710 0.13593421 0.09666272 0.14001447 0.07337534 0.15512948 0.15706912 0.08838099 0.10878561 0.17979410 0.11473128 0.09134484 0.09115311 0.11203012 0.11914727 0.09754245 0.16204205 0.17573528 0.08779132 0.08483368 0.15330168 0.10810970 0.13497972 0.12029446 0.11543120 0.11887934 0.14951123 0.14880921 0.09884339 0.11560450 0.07369463 0.14314634 0.09760686 0.07615540 0.11403357 0.11384924 0.11367235 0.10029474 0.10409057 0.10630324 0.11801562 0.04455855 0.10717834 0.11294645 0.11942554 0.14039204 0.13307736 0.13189826 0.08810121 0.12625502 0.12467040 0.16017413 0.10086415 0.06724910 0.18728670 0.10329423 0.12853259 0.08680566 0.08971396 0.09639414 0.11951848 0.10819102 0.11267604 0.09052363 0.12106671 0.13434953 0.12724187 0.11754321 0.12932386 0.14194072 0.18698003 0.15850249 0.14941545 0.13847558 0.14027415 0.13243340 0.10674186 0.14791577 0.12793958 0.16812303 0.14536307 0.13105967 0.13019385 0.13880816 0.11867982 
0.12345288 0.12345288 0.12345288 0.12029874 0.11633691 0.12106889 0.13620722 0.13707270 0.12141051 0.21182195 0.18314831 0.29644683 0.00000000 0.25020746 0.21480480 0.29152060 0.12514646 0.13225368 0.16229012 0.19066069 0.12019028 0.12490938 0.12674245 0.17517770 0.14760862 0.14041529 0.25254153 0.09856539 0.08976293 0.15634590 0.18897859 0.12012239 0.04970702 0.15735676 0.17568914 0.16056917 0.13786862 0.14349598 0.15732351 0.12003627 0.08811642 0.13643200 0.20703327 0.17234287 0.08822348 0.17529770 0.22639944 0.09065285 0.14742086 0.18014129 0.13974872 0.14240816 0.09653317 0.08189194 0.13108062 0.09821926 0.14039053 0.14236235 0.11974133 0.12067400 0.09579515 0.20123352 0.14560266 0.14782573 0.11069224 0.08159625 0.11493493 0.09256562 0.12445689 0.17263561 0.09630744 0.11682536 0.16390497 0.25623107 0.08802636 0.08819795 0.14541291 0.10405878 0.14212100 0.10400663 0.10886599 0.09852150 0.12444955 0.06915401 0.10993528 0.14308056 0.08842694 0.16847841 0.14432789 0.16102207 0.11943272 0.12291060 0.13228462 0.11118740 0.13745795 0.15176359 0.08140930 0.08155949 0.12711487 0.09745745 0.14589630 0.08459807 0.16348841 0.16589073 0.10714685 0.10759993 0.17575022 0.12458293 0.12161831 0.13077792 0.11236384 0.13210738 0.12745865 0.14512182 0.12613575 0.12090015 0.10478512 0.10060943 0.12955589 0.09971728 0.14911403 0.11297224 0.10798017 0.15937417 0.10501434 0.12606125 0.08429590 0.13642887 0.18504721 0.16679497 0.11687322 0.17534131 0.13172807 0.15878043 0.17643503 0.16709178 0.09938640 0.09513538 0.13467343 0.05566251 0.12230608 0.09577558 0.17000655 0.14563364 0.16692388 0.18531843 0.13526614 0.18235680 0.11342110 0.19879361 0.11610905 0.13909157 0.16089350 0.11642977 0.12977153 0.16003518 0.14889696 0.09110016 0.10247666 0.15342437 0.10801630 0.10281933 0.09926346 0.14320063 0.10054556 0.08726829 0.14933345 0.10501608 0.16409373 0.04844640 0.10144617 0.13908898 0.07347563 0.11851820 0.20242356 0.14545320 0.13679980 0.14443631 0.11876716 0.13541855 0.09866593 0.10541645 0.10439749 0.09156522 0.09262650 0.13270296 0.13608305 0.09159069 0.08118875 0.11256928 
0.12762120 0.12762120 0.12762120 0.11769873 0.11384200 0.11204094 0.09493647 0.11455947 0.14152791 0.11427085 0.12732671 0.17884825 0.25020746 0.00000000 0.30748033 0.41919475 0.14941322 0.17793288 0.11569862 0.15768827 0.12039081 0.12226747 0.12800212 0.16733568 0.19661651 0.11493935 0.09431561 0.08770193 0.09096429 0.07514812 0.10335161 0.11197976 0.12316322 0.11930775 0.17289041 0.08637639 0.14315962 0.05137839 0.08357248 0.19783065 0.09375762 0.11200249 0.12409399 0.14733934 0.16887431 0.14230135 0.22079634 0.16830840 0.07018346 0.18204884 0.21159094 0.09988280 0.10916918 0.11189308 0.12211055 0.13138444 0.35679807 0.09739798 0.14167268 0.10791250 0.10537723 0.12028065 0.56272931 0.27476018 0.18258652 0.08891156 0.12724625 0.17865230 0.14993757 0.13001574 0.12504377 0.10484150 0.13635610 0.16290190 0.10636043 0.09511249 0.07106769 0.10139814 0.08263450 0.05253000 0.14602036 0.11991938 0.08939694 0.17809867 0.11228506 0.06822606 0.12695108 0.14673332 0.12837000 0.13522731 0.18305218 0.12238437 0.11258738 0.13905707 0.08104298 0.09863968 0.07001975 0.10591014 0.10698753 0.11065222 0.05536605 0.12787785 0.11903836 0.14182714 0.13443236 0.14602461 0.14471275 0.10227172 0.08569848 0.07578943 0.10705166 0.14797946 0.09911615 0.09500051 0.11858678 0.14699706 0.12020709 0.20051872 0.21248125 0.22974175 0.13243223 0.13338697 0.15010493 0.11023947 0.15217956 0.10737211 0.10514311 0.13938574 0.14095215 0.08323074 0.15188043 0.12001242 0.11021703 0.13397720 0.15947947 0.11554513 0.06206611 0.11984685 0.11421007 0.06540860 0.14361524 0.09885238 0.07064779 0.15321013 0.12924787 0.09993036 0.13149458 0.14575877 0.14717531 0.14265444 0.18958321 0.13793495 0.08492299 0.08005139 0.11342353 0.13076102 0.17842576 0.10877672 0.11853569 0.16667238 0.12563045 0.22032691 0.12392256 0.10028417 0.13803208 0.10349501 0.18139699 0.10350286 0.21433715 0.11336249 0.10378416 0.14034567 0.10456122 0.10645278 0.08996689 0.07222280 0.09887634 0.14348909 0.10044344 0.15041835 0.09570688 0.12741039 0.09078493 0.10673738 0.11281473 0.12397574 0.13301018 0.09521918 0.11096855 0.11882943 
0.12561857 0.12561857 0.12561857 0.11705452 0.11136777 0.11855778 0.11176475 0.14949591 0.15486946 0.10284391 0.15604304 0.20755085 0.21480480 0.30748033 0.00000000 0.19816509 0.20722011 0.30803850 0.52059019 0.14097855 0.67562017 0.11968458 0.21478670 0.23367966 0.11320523 0.14059170 0.16294444 0.11891790 0.20130493 0.10223297 0.16238717 0.14260554 0.07661894 0.11424790 0.04668522 0.13645702 0.06219768 0.04076609 0.15694794 0.10022549 0.10819450 0.09191628 0.15823875 0.10466133 0.11049330 0.13349961 0.14406159 0.10604335 0.12544766 0.16378223 0.11299637 0.08949220 0.09994571 0.08491093 0.11483312 0.10231988 0.13177305 0.07667555 0.09707311 0.08662340 0.09282761 0.09283119 0.09534810 0.12530555 0.09995247 0.09230454 0.11640735 0.06303374 0.10284940 0.12575133 0.22273640 0.10728612 0.16864168 0.54186993 0.15100686 0.26183030 0.15388264 0.11610231 0.07925138 0.16263970 0.10046686 0.13025793 0.11988622 0.11749589 0.21928708 0.12469490 0.17948264 0.10880187 0.16206687 0.10300910 0.16502795 0.17149686 0.11671809 0.13754229 0.12387467 0.12019638 0.15368014 0.09129504 0.12745311 0.11693224 0.12397050 0.09012129 0.12964576 0.12600495 0.08319570 0.10254777 0.09311363 0.10376747 0.10739513 0.14417130 0.10204763 0.13123628 0.11043840 0.07414346 0.16575696 0.14996607 0.15711340 0.12359151 0.15386700 0.11104384 0.15959386 0.08818032 0.08862488 0.12377004 0.17945025 0.08625628 0.09620838 0.15325543 0.17619973 0.06138497 0.13932681 0.10136323 0.11112127 0.08274401 0.17545925 0.06356102 0.12686722 0.04506081 0.08499345 0.10232459 0.12489091 0.06815129 0.08952418 0.15240711 0.07277886 0.09862769 0.09649239 0.09909015 0.09325442 0.16447320 0.15975597 0.15388229 0.13249942 0.12106464 0.08154524 0.12798013 0.17709702 0.06415435 0.09070557 0.17340388 0.11517529 0.10244751 0.12393595 0.12056997 0.10321496 0.14454304 0.18879113 0.14712968 0.05825194 0.16771421 0.12491248 0.12576542 0.09081816 0.16225000 0.20403230 0.10697684 0.09590083 0.14725145 0.12931020 0.18231156 0.07865325 0.09795903 0.12524358 0.13088266 0.08682678 0.08590791 0.08273298 0.09655522 0.11553276 0.11801246 
0.12115081 0.12115081 0.12115081 0.11613380 0.10860864 0.10585148 0.10640764 0.13696026 0.10703360 0.10607921 0.12080266 0.22161794 0.29152060 0.41919475 0.19816509 0.00000000 0.26536602 0.22718743 0.18865450 0.11346860 0.08307665 0.13267586 0.20163241 0.16306258 0.11109672 0.07113481 0.10938370 0.13752552 0.12434164 0.16370468 0.10172147 0.09910418 0.11200255 0.09986272 0.14630375 0.13741017 0.07351834 0.13831327 0.09359251 0.10824122 0.13145286 0.14430566 0.11576956 0.17029053 0.13968697 0.12350703 0.11091640 0.10011978 0.10083218 0.16349469 0.10998794 0.13337308 0.11529360 0.09935631 0.09206307 0.07607746 0.12217048 0.12968880 0.11843354 0.10383315 0.10407178 0.17224396 0.15916107 0.14852865 0.11337942 0.12794662 0.10686966 0.07387986 0.07316186 0.12149409 0.16509723 0.12306199 0.17619494 0.19588902 0.11154817 0.07927488 0.12687426 0.08878528 0.10405427 0.14530152 0.09906154 0.10971366 0.10917028 0.18546515 0.15084763 0.13810307 0.14518554 0.17676391 0.14692695 0.15535912 0.09878177 0.08804346 0.11634656 0.17590727 0.12017830 0.11248141 0.11140500 0.04547503 0.11874856 0.12358794 0.11316956 0.11397780 0.10497718 0.13315327 0.17639656 0.12427489 0.11713998 0.11545339 0.12236626 0.10972836 0.11509420 0.12596594 0.10103634 0.16524116 0.16739338 0.13501616 0.14338830 0.11567122 0.11931621 0.13334228 0.28673206 0.41818687 0.12976291 0.12730976 0.20545726 0.13177885 0.11129140 0.18106600 0.09538991 0.17909611 0.13124035 0.13122345 0.13689360 0.20138359 0.10250529 0.15963432 0.13688945 0.22125050 0.07768097 0.08216142 0.10118743 0.11741862 0.15081574 0.18206059 0.10011370 0.13714155 0.12420428 0.06410817 0.11601875 0.17453344 0.12863403 0.08250391 0.19493795 0.10686320 0.14355863 0.11827646 0.20892535 0.13462402 0.12888839 0.13502017 0.13214176 0.11452253 0.14879065 0.14156213 0.11438297 0.17061335 0.20254173 0.16718367 0.11040644 0.16470275 0.11016335 0.12767349 0.19976752 0.17725215 0.17889366 0.14785233 0.12756045 0.10978367 0.13101984 0.08394511 0.09520955 0.09729357 0.10163969 0.07762170 0.07697579 0.09472754 0.08193098 0.10341904 0.10404944 0.10998436 
0.12459779 0.12459779 0.12459779 0.10880837 0.11601952 0.11195072 0.10403796 0.11486955 0.12099696 0.15559480 0.14691701 0.16097278 0.12514646 0.14941322 0.20722011 0.26536602 0.00000000 0.36341171 0.13480332 0.10768736 0.08747735 0.12429164 0.36272744 0.23823270 0.06542808 0.15698070 0.12385413 0.10080579 0.11727086 0.12156638 0.13473224 0.12657104 0.11175487 0.10028119 0.11477926 0.10275558 0.15899930 0.10953537 0.09310470 0.02474969 0.13155121 0.08837712 0.05541562 0.10761773 0.12758848 0.09812274 0.10294116 0.14830376 0.10529828 0.13248259 0.12375572 0.13024732 0.12894471 0.10219207 0.09420642 0.10844226 0.10221680 0.09842202 0.12072875 0.12578067 0.07806687 0.15241447 0.14604990 0.08543305 0.11119568 0.13620363 0.08008746 0.08167014 0.13587187 0.12707540 0.18397070 0.15073422 0.12106001 0.22499995 0.11878556 0.09733007 0.17761205 0.13076541 0.08657950 0.10880504 0.11802477 0.13283562 0.09752583 0.19478010 0.12292576 0.08442795 0.11707074 0.10558342 0.07599378 0.11428565 0.07842359 0.11621799 0.08525773 0.16123221 0.08486041 0.09179222 0.10595057 0.12633166 0.09983775 0.12950702 0.16895825 0.08402089 0.09544343 0.07634670 0.11173044 0.15457961 0.15045168 0.12475896 0.15716992 0.15204618 0.12519061 0.16450536 0.09703298 0.06075720 0.23059232 0.16744769 0.10938636 0.14205974 0.12469287 0.13979333 0.32307837 0.06108066 0.22608531 0.12763406 0.28534830 0.09662650 0.22526786 0.13514826 0.17691660 0.12569212 0.12541415 0.08723271 0.11438032 0.14719439 0.10633484 0.14292529 0.12381346 0.10266970 0.13632025 0.15834790 0.15465029 0.10054808 0.11535915 0.14618288 0.19844716 0.11113632 0.11671631 0.20336959 0.11549800 0.09567368 0.12193998 0.09541024 0.12111019 0.10683724 0.18138872 0.13733015 0.22749276 0.16201413 0.15917974 0.16046958 0.13099004 0.11518872 0.10092503 0.11000420 0.14730544 0.12262439 0.10227916 0.09543977 0.09753249 0.33414787 0.17609369 0.25901729 0.22338662 0.19248839 0.22197476 0.20067578 0.26351271 0.14392970 0.14659979 0.18246586 0.10726580 0.09047678 0.08326852 0.08038690 0.08325503 0.07467295 0.12557506 0.08805889 0.09512703 0.11149622 
0.12911194 0.12911194 0.12911194 0.12537173 0.12068290 0.12185824 0.13036976 0.10836539 0.13677425 0.11404769 0.15933316 0.07875580 0.13225368 0.17793288 0.30803850 0.22718743 0.36341171 0.00000000 0.21149398 0.16480959 0.26572897 0.18363286 0.07140528 0.14887898 0.09040725 0.23259957 0.06993579 0.08444001 0.13167594 0.07914763 0.18539296 0.08700075 0.15194008 0.15286140 0.13496919 0.14504887 0.10079109 0.09084385 0.11254392 0.06093563 0.09498381 0.09485544 0.09519825 0.08591118 0.05996738 0.14455128 0.17162822 0.18385775 0.11451903 0.09556529 0.17848559 0.13700882 0.14126214 0.13845208 0.12425570 0.13029311 0.15582150 0.11269944 0.11908080 0.11626721 0.15599827 0.11554985 0.06234615 0.16853675 0.21286182 0.13112198 0.12599884 0.07387099 0.15840255 0.12202350 0.18355824 0.14858447 0.14026296 0.12984910 0.07523615 0.04910118 0.08399620 0.09210167 0.11095119 0.21132527 0.08498758 0.12873457 0.13022016 0.18883260 0.19753230 0.14451083 0.14788433 0.13587923 0.09705893 0.07798082 0.07400335 0.14349655 0.19068597 0.11805752 0.16477969 0.10729451 0.07980623 0.06769896 0.12915051 0.14187305 0.06016808 0.06899877 0.15988952 0.13296499 0.12642388 0.10618080 0.05582535 0.17137380 0.08699615 0.09704972 0.10483590 0.14730708 0.15867583 0.12232440 0.19441321 0.13919457 0.12201141 0.14764656 0.12650193 0.15511100 0.14491493 0.17355420 0.18486570 0.09422775 0.13974313 0.13297930 0.15343267 0.16209234 0.16855329 0.15537814 0.13962162 0.09040192 0.07373205 0.08204904 0.10760584 0.12957881 0.10498555 0.13297794 0.16596585 0.11149806 0.09276669 0.09809376 0.05515324 0.15121920 0.08997946 0.09185344 0.07549918 0.10310866 0.09121842 0.10136253 0.09952569 0.12496390 0.10479988 0.12581601 0.14313452 0.09340822 0.30321543 0.08212109 0.08072074 0.17680477 0.12458354 0.14913356 0.23043142 0.10527130 0.13991340 0.14819503 0.11455623 0.14341655 0.12025399 0.14502072 0.17086893 0.11722287 0.11013384 0.16134260 0.20661797 0.24463712 0.20408992 0.11355731 0.14716068 0.13451743 0.15232492 0.14310535 0.12440314 0.10472939 0.10791160 0.11363680 0.13414822 0.14440989 0.12585089 0.12272558 
0.12808195 0.12808195 0.12808195 0.12812312 0.12954734 0.12252386 0.12779833 0.14629585 0.12151195 0.12876180 0.14419160 0.10518040 0.16229012 0.11569862 0.52059019 0.18865450 0.13480332 0.21149398 0.00000000 0.35177855 0.91620669 0.17589528 0.15379223 0.17379282 0.13079420 0.11667963 0.19211762 0.15033480 0.11751648 0.11565332 0.09814478 0.14634255 0.12234374 0.11618416 0.13671751 0.10596383 0.12629883 0.08715231 0.07555473 0.08322881 0.09632630 0.12244797 0.13314343 0.12605192 0.12100863 0.16948310 0.16733099 0.11975083 0.12273794 0.13162155 0.11194542 0.13863096 0.17108763 0.15069901 0.13650307 0.13043150 0.11439489 0.14007425 0.15077236 0.08429806 0.08871320 0.10715321 0.11678382 0.16995534 0.08120116 0.12315125 0.12797319 0.10537654 0.12503134 0.08525392 0.12207375 0.09538699 0.14222466 0.33190937 0.20621566 0.16539940 0.13091279 0.13563066 0.14718066 0.11660150 0.08678291 0.07706678 0.13778836 0.11015963 0.15761627 0.16642516 0.15332713 0.12879959 0.07403030 0.07985922 0.16152758 0.16052561 0.13461361 0.14399334 0.12219291 0.12588719 0.06858081 0.08711418 0.11575394 0.10459089 0.09870660 0.12349591 0.11955008 0.07590479 0.15508131 0.12713709 0.16858745 0.12388710 0.12043054 0.14724655 0.09053949 0.14826465 0.15642289 0.23893027 0.08835620 0.11322649 0.11582495 0.12853795 0.10741815 0.11705136 0.10205224 0.15688987 0.10752382 0.14792111 0.10631366 0.10851916 0.10226562 0.09384598 0.18539340 0.07552460 0.12609360 0.10276687 0.08727231 0.09064272 0.09446341 0.15035346 0.12134395 0.06120255 0.09609846 0.07973643 0.11666656 0.08480835 0.10520308 0.13711399 0.06414185 0.08748024 0.06982138 0.14523839 0.10820348 0.17131219 0.12691349 0.05871363 0.09545622 0.15217248 0.07159920 0.05930707 0.08349356 0.13881319 0.06132756 0.15096139 0.13252846 0.14013912 0.11336479 0.14553576 0.11724401 0.12369700 0.09440969 0.10871434 0.14427054 0.17950954 0.15463348 0.14052517 0.08169904 0.11955384 0.09477496 0.06740562 0.10231822 0.15741734 0.11353918 0.18738775 0.12384292 0.13841282 0.12381938 0.14278012 0.15409950 0.11575638 0.14990574 0.16127593 0.15007030 0.12032676 
