0.00000000 0.18124027 0.15851912 0.12758041 0.13284510 0.14081940 0.12870898 0.12376118 0.13457734 0.14199765 0.14294710 0.12962652 0.11549672 0.16320865 0.13241501 0.15046047 0.12893301 0.13308781 0.12940705 0.12081301 0.12641358 0.12160250 0.12357362 0.13725890 0.13094762 0.12751568 0.13025569 0.13756095 0.12993418 0.14049829 0.13132385 0.11897716 0.13306990 0.15493787 0.13152596 0.11656965 0.12974103 0.13437755 0.11945606 0.12884995 0.13706991 0.13135435 0.14114852 0.15091075 0.13441074 0.13458475 0.13467602 0.12766012 0.11872216 0.12403675 0.10728763 0.12046072 0.13239816 0.11349976 0.13046410 0.15108750 0.12472844 0.12627201 0.12954887 0.14537037 0.13608453 0.13235031 0.12524748 0.12644637 0.14236165 0.13291318 0.14681875 0.14465135 0.13338155 0.13214054 0.13039867 0.12342067 0.11462789 0.12580686 0.13195498 0.12525637 0.14786953 0.13445241 0.12991220 0.12716195 0.13822555 0.11793733 0.13646764 0.12913337 0.11713121 0.13785091 0.12306270 0.11983949 0.12523862 0.12956924 0.11799739 0.13512978 0.14704579 0.12611080 0.14005313 0.14727397 0.13758507 0.12802510 0.11422948 0.11867482 0.16140789 0.17388859 0.13483837 0.14958684 0.12462673 0.13835625 0.13613353 0.12355470 0.12612065 0.13100858 0.14172311 0.13739330 0.12659317 0.13226179 0.12112528 0.13284163 0.11579599 0.14345181 0.13970769 0.15656603 0.13085478 0.13885980 0.16468614 0.14995352 0.14528787 0.14034956 0.13866059 0.12668923 0.11981051 0.13563879 0.11835575 0.14147032 0.14669998 0.12208246 0.13087464 0.13463720 0.13187033 0.11742411 0.11939787 0.10982192 
0.18124027 0.00000000 0.22396477 0.16296657 0.12885965 0.09702559 0.13598605 0.16693151 0.14022574 0.14586123 0.15670673 0.11937786 0.09767402 0.14819156 0.13672936 0.11121271 0.12119671 0.13826270 0.09813988 0.11253629 0.12950049 0.10590663 0.12960904 0.15047054 0.15481783 0.13171603 0.12606727 0.12809870 0.16917737 0.15080770 0.11923457 0.14932081 0.12029424 0.12951696 0.11260761 0.16210756 0.12442105 0.10379359 0.10903338 0.12809415 0.20163365 0.13749562 0.12962344 0.13504465 0.17880232 0.12316114 0.10693347 0.15324502 0.11471498 0.14152793 0.18503053 0.13772262 0.10984675 0.11123560 0.13409348 0.14927834 0.17018856 0.08815219 0.10112972 0.12055006 0.10609813 0.13435665 0.12509378 0.12456179 0.13359510 0.11614506 0.11949599 0.12492732 0.10892058 0.13289214 0.13969413 0.12428470 0.15143146 0.11194478 0.14894696 0.13469360 0.11205514 0.11388028 0.13643537 0.13731807 0.12058506 0.12400829 0.19716246 0.13076584 0.14812816 0.13911559 0.13805980 0.09762925 0.15100898 0.13601519 0.17235604 0.13421794 0.11359499 0.11191134 0.14040423 0.15997982 0.13574606 0.14383687 0.12810056 0.13910630 0.12914069 0.14159733 0.14525207 0.14525002 0.12709507 0.15134530 0.13466932 0.11602732 0.10152531 0.14803429 0.12582279 0.16842354 0.14503901 0.12941460 0.12596300 0.13317736 0.12323456 0.14283047 0.13898884 0.08765422 0.11163274 0.10266606 0.16610142 0.15380117 0.08807213 0.10716765 0.15774454 0.10938830 0.14467918 0.16224180 0.10088599 0.08965458 0.13617889 0.15786188 0.12728429 0.13641915 0.14538622 0.15203128 0.16073838 0.10344322 
0.15851912 0.22396477 0.00000000 0.19421136 0.25847316 0.19400977 0.20843991 0.11946041 0.12102214 0.10817483 0.08000514 0.14587061 0.11079173 0.13834264 0.09846910 0.16133244 0.10110568 0.08380872 0.12515778 0.10421316 0.06379742 0.10614872 0.05591837 0.17929266 0.15214347 0.10716251 0.12820677 0.14736730 0.10847983 0.19816292 0.10369579 0.08675342 0.16455196 0.11858260 0.12906249 0.16152966 0.13446125 0.10782954 0.15987747 0.16865851 0.18603991 0.14608265 0.09767028 0.08747266 0.15910545 0.06731510 0.12909689 0.16762057 0.13457506 0.10961796 0.16601036 0.14317173 0.17554304 0.14472922 0.11879033 0.13132415 0.11159776 0.06612914 0.12572382 0.15844363 0.12143393 0.15380120 0.11304255 0.19757685 0.07056497 0.15397361 0.10640117 0.14296468 0.11381012 0.10938553 0.05159556 0.13331106 0.12750284 0.19556568 0.14292444 0.14478026 0.20284322 0.22197801 0.16774863 0.29034945 0.11422162 0.19000233 0.18114252 0.16194453 0.12743173 0.09339029 0.10694928 0.06778455 0.14160318 0.11200882 0.17463441 0.08016976 0.12006951 0.13816936 0.10440659 0.10094026 0.10089038 0.17641109 0.09340895 0.17704331 0.11721696 0.13166445 0.10604665 0.16113560 0.17650675 0.09957326 0.11527067 0.13065127 0.10873365 0.15310234 0.12408801 0.12441351 0.16531024 0.10771809 0.18126687 0.10003139 0.05266689 0.05304732 0.14148996 0.15397530 0.12682469 0.14868152 0.11350601 0.12456663 0.10393370 0.16327182 0.14056859 0.07755702 0.11920264 0.17417244 0.17240185 0.17657491 0.16090565 0.12793824 0.11574908 0.19479444 0.20596678 0.17778012 0.11873239 0.13571044 
0.12758041 0.16296657 0.19421136 0.00000000 0.27408442 0.28612518 0.20542640 0.16937707 0.10036860 0.09648092 0.09242305 0.11854825 0.17085423 0.13407609 0.09319339 0.11938342 0.09676349 0.12870127 0.14168049 0.11806717 0.13007912 0.09643183 0.09226189 0.06771448 0.13381155 0.12288048 0.09337865 0.12802112 0.13822003 0.13492079 0.10824615 0.15223041 0.18969639 0.08214749 0.14228534 0.19934529 0.19787725 0.10890986 0.10047666 0.38260272 0.14927880 0.12645103 0.09287473 0.11218872 0.21714168 0.14323260 0.17443307 0.16006891 0.14058913 0.14496608 0.05628162 0.18604630 0.09108674 0.11482074 0.06348726 0.13655785 0.15130375 0.10982134 0.12291252 0.12485673 0.12794507 0.14905438 0.14455742 0.13393673 0.12014594 0.11286561 0.10715439 0.16622109 0.14000247 0.11643980 0.17799677 0.14863289 0.17703302 0.14543912 0.17346304 0.05792788 0.07536239 0.14482122 0.09799438 0.15919089 0.24897389 0.13282582 0.15051536 0.14982629 0.13235531 0.14889844 0.07126501 0.11422071 0.05767476 0.12964894 0.14037772 0.14759372 0.14986102 0.07249088 0.06930786 0.11069740 0.17894792 0.08985917 0.09575111 0.15191405 0.15175063 0.15457132 0.08486212 0.17041851 0.10573961 0.09751949 0.15294279 0.11999503 0.09124040 0.17965335 0.13616488 0.14811390 0.13222232 0.06412089 0.13339882 0.13395172 0.14472908 0.14946376 0.13426537 0.15478654 0.14066493 0.15184139 0.14986104 0.13204971 0.17506430 0.14112052 0.18918470 0.09302619 0.15729751 0.13498939 0.12717282 0.09155505 0.07815332 0.18021542 0.13147064 0.09338357 0.13262099 0.12648266 0.18080552 0.12982867 
0.13284510 0.12885965 0.25847316 0.27408442 0.00000000 0.27728337 0.23547702 0.21022723 0.12910359 0.10083487 0.18379273 0.07182368 0.14900564 0.09831028 0.14587195 0.11772582 0.10555257 0.06780057 0.10004496 0.18462179 0.10519681 0.01239620 0.10426207 0.06307898 0.16588575 0.11286452 0.14785214 0.16067906 0.09725661 0.10771388 0.08479310 0.07970255 0.13188579 0.05754965 0.09845837 0.12581927 0.13096795 0.07032788 0.10948683 0.17047065 0.07559516 0.12627426 0.05762378 0.10936656 0.22291988 0.13258075 0.09145610 0.11482741 0.11596205 0.12222831 0.13123060 0.11359092 0.17102937 0.16868780 0.16739978 0.13101000 0.13655089 0.12091614 0.17801069 0.10455706 0.11210763 0.21036567 0.05267745 0.09986896 0.15869815 0.12548539 0.10800206 0.09239658 0.15162033 0.10794484 0.06447918 0.13325855 0.14245907 0.15131181 0.09191768 0.16657576 0.10837325 0.53811699 0.13421569 0.59103836 0.13821732 0.24300441 0.09713116 0.09496213 0.16706388 0.19308520 0.07628480 0.09469034 0.12677849 0.08380951 0.13492639 0.11946165 0.10274665 0.10080848 0.07558139 0.18249497 0.13447654 0.22848712 0.09672636 0.12383732 0.11962903 0.13731267 0.12191594 0.16653052 0.20354279 0.13230871 0.15941037 0.12389211 0.11297488 0.08692937 0.12090740 0.09355216 0.17750317 0.11813096 0.11385323 0.01957909 0.07818785 0.16298936 0.08233401 0.15512225 0.21933830 0.12878655 0.15607630 0.13313363 0.18179438 0.09949435 0.17451499 0.06094974 0.14930549 0.11146877 0.07998724 0.11114216 0.10555147 0.19935819 0.18387765 0.15601626 0.12817652 0.15776503 0.19584484 0.13965021 
0.14081940 0.09702559 0.19400977 0.28612518 0.27728337 0.00000000 0.20003695 0.35408317 0.30006659 0.10978743 0.16433943 0.16486683 0.19188156 0.12070681 0.05713302 0.13890721 0.13474339 0.13565149 0.14722430 0.08873885 0.14953647 0.06716974 0.12721348 0.08637278 0.12763937 0.10643145 0.11940613 0.14806327 0.20877108 0.10869014 0.08821463 0.29147110 0.23152342 0.14161123 0.09544832 0.35235782 0.16989228 0.12060466 0.11864655 0.14714540 0.11053930 0.12344753 0.16416402 0.10423706 0.11101131 0.16436365 0.10940414 0.12672832 0.13422554 0.15575384 0.13674987 0.10829381 0.17010161 0.08419868 0.12844285 0.12968911 0.15901649 0.10624121 0.10157267 0.08713145 0.16609729 0.09028918 0.10449980 0.14212770 0.06271204 0.13022114 0.04094461 0.12732285 0.05820470 0.07298418 0.14122743 0.13906906 0.19458822 0.21402257 0.12612796 0.24408918 0.25247888 0.10416926 0.17422732 0.11986982 0.26281175 0.09876840 0.09265218 0.08214893 0.12947763 0.11119210 0.10407744 0.13661475 0.06840709 0.11937136 0.13460660 0.14988996 0.07256172 0.16281431 0.12234175 0.11890202 0.08666476 0.13069414 0.09594901 0.14237293 0.11753531 0.14910172 0.12211137 0.10045815 0.13572945 0.15493231 0.11538742 0.15669718 0.11078871 0.04562959 0.11507527 0.13829685 0.12416859 0.10066908 0.17420231 0.11472055 0.19573804 0.10880948 0.14810837 0.11978931 0.14025198 0.16945766 0.10984731 0.11696995 0.15149253 0.16288569 0.11387781 0.09419938 0.07912488 0.12768728 0.09751471 0.09176915 0.15311459 0.10545917 0.13504784 0.12919926 0.13331388 0.11995541 0.13569403 0.21120360 
0.12870898 0.13598605 0.20843991 0.20542640 0.23547702 0.20003695 0.00000000 0.28478409 0.30232018 0.12363745 0.16171800 0.08142634 0.13921853 0.00544033 0.05754496 0.09710326 0.10718559 0.05804563 0.18532827 0.04011564 0.10426063 0.02135664 0.11426942 0.06776768 0.15609539 0.10949513 0.11931196 0.12186061 0.03418592 0.10369168 0.05172774 0.07336396 0.10776575 0.08405456 0.08452731 0.23125108 0.09955302 0.11928200 0.12595292 0.18253763 0.10253175 0.12932193 0.15577036 0.14447170 0.10121116 0.15787594 0.21779349 0.16428076 0.11758576 0.12136593 0.16336212 0.18739759 0.10050563 0.10428851 0.14032409 0.12648744 0.11011422 0.19198355 0.06516557 0.16541605 0.10539998 0.08121692 0.16023608 0.15297890 0.09943417 0.12788208 0.11621989 0.09280249 0.13540810 0.09765046 0.13326131 0.17664905 0.11321511 0.15527745 0.15113948 0.67747245 0.17556133 0.53003545 0.13576693 0.08534951 0.07222228 0.11902995 0.11408321 0.15305204 0.11087207 0.15130287 0.14586051 0.11302799 0.09104624 0.08556908 0.12205123 0.06850715 0.07478419 0.09008408 0.10776013 0.17460164 0.11886116 0.18512950 0.25602141 0.38428055 0.11049617 0.12995949 0.16527030 0.12836310 0.17833995 0.16393840 0.29829828 0.20902086 0.13558932 0.02140757 0.11376647 0.10069364 0.16508726 0.15293991 0.10562288 0.02969779 0.12737926 0.05668681 0.12162450 0.15867879 0.15388725 0.15116067 0.12337250 0.10975628 0.17732363 0.03692497 0.16375666 0.15048096 0.13544865 0.08866315 0.12230004 0.12487629 0.14612118 0.08541028 0.11802766 0.13905295 0.16468331 0.08693012 0.08651725 0.16414279 
0.12376118 0.16693151 0.11946041 0.16937707 0.21022723 0.35408317 0.28478409 0.00000000 0.12590328 0.13228624 0.26502496 0.10906104 0.17868116 0.18076228 0.16988641 0.14876270 0.07421840 0.12083384 0.12444920 0.08870904 0.20834164 0.09940026 0.20504786 0.06753216 0.14852195 0.16234045 0.11883536 0.06465364 0.27355320 0.12738914 0.10409709 0.26651959 0.22180258 0.15552031 0.12771492 0.07280030 0.05814421 0.10023854 0.15260851 0.12665229 0.15767702 0.19413863 0.08617411 0.13318970 0.11236705 0.14669590 0.11946857 0.14958063 0.19993377 0.13432045 0.12158183 0.10243902 0.12408564 0.09348870 0.09346743 0.13882068 0.09809443 0.13903865 0.16524645 0.12652224 0.07907506 0.11693253 0.05790154 0.07337203 0.06764169 0.12636017 0.14593122 0.12228714 0.04787834 0.17257479 0.23467275 0.08385582 0.14951907 0.11673056 0.15912942 0.20158866 0.26858694 0.11478465 0.26956124 0.09165121 0.23955608 0.10770708 0.17982915 0.19310906 0.17022380 0.12330698 0.10392232 0.11213556 0.08368795 0.13102681 0.10168971 0.11786840 0.12948735 0.16141234 0.17855063 0.05001305 0.19810077 0.11944055 0.19163949 0.07928312 0.13626433 0.13837866 0.12050368 0.02756860 0.14384781 0.15221595 0.10940857 0.10143033 0.16373838 0.13907248 0.12615441 0.10907003 0.13052963 0.11898386 0.09920168 0.10713277 0.19071369 0.16312641 0.10266558 0.11896277 0.13355201 0.12092306 0.15529871 0.11081526 0.13208360 0.12667417 0.09862031 0.15721544 0.14346802 0.10813864 0.09451811 0.16707348 0.15960453 0.07635583 0.08369929 0.14789932 0.15793308 0.09747487 0.07194561 0.10412653 
0.13457734 0.14022574 0.12102214 0.10036860 0.12910359 0.30006659 0.30232018 0.12590328 0.00000000 0.18166946 0.19884517 0.17737665 0.12397964 0.22539334 0.13770307 0.15308794 0.18325496 0.13932388 0.21423613 0.09184512 0.07249737 0.10749376 0.04515757 0.10457935 0.13827414 0.14727624 0.12100016 0.08984259 0.06755546 0.12049336 0.11154271 0.14876736 0.15653046 0.07767652 0.14129890 0.33392617 0.08837269 0.13229349 0.42820285 0.16231205 0.15859398 0.13092334 0.16116142 0.14834262 0.11234874 0.14248502 0.18749418 0.10289628 0.08762197 0.14535948 0.17174629 0.11111642 0.14356323 0.14402922 0.10999845 0.12404079 0.17814907 0.08879494 0.07636026 0.12049096 0.06910383 0.13951691 0.10230464 0.16677502 0.11647296 0.07823474 0.05425326 0.15765206 0.14177375 0.13976304 0.19042094 0.17193378 0.22454076 0.29903177 0.14358818 0.52414704 0.22474984 0.13765617 0.16333195 0.10986192 0.10374248 0.12074144 0.09894019 0.11621599 0.02617856 0.12226416 0.10144458 0.20212448 0.11780157 0.05613500 0.12047690 0.15374980 0.12391080 0.11472107 0.10709931 0.12780151 0.14769956 0.10655934 0.06665484 0.10623493 0.13677386 0.11936892 0.18480810 0.11762447 0.10557808 0.13586451 0.10958003 0.15968558 0.14530013 0.05446699 0.13182594 0.07895580 0.10815657 0.15366232 0.14496895 0.09729869 0.12482154 0.11241720 0.14089942 0.15442305 0.11336781 0.09627006 0.14405601 0.11686554 0.15220720 0.10942510 0.10750964 0.06553274 0.11320130 0.03743123 0.08419003 0.15293521 0.18188683 0.13968917 0.16129646 0.10180889 0.16829554 0.09674520 0.06017543 0.11045047 
0.14199765 0.14586123 0.10817483 0.09648092 0.10083487 0.10978743 0.12363745 0.13228624 0.18166946 0.00000000 0.32485103 0.11568869 0.16825221 0.17870527 0.19560195 0.17196124 0.11420835 0.18035169 0.16139964 0.17328363 0.46605471 0.12331173 0.07947992 0.16356136 0.10411293 0.12317665 0.15998556 0.11538288 0.37843912 0.11950687 0.04717729 0.18186102 0.15880842 0.10162735 0.18405084 0.13146808 0.13141790 0.07407957 0.19145764 0.13391561 0.11038651 0.16766099 0.13788176 0.15665347 0.10422271 0.10572302 0.13118163 0.09550365 0.13409899 0.13952338 0.17040798 0.14258925 0.13895670 0.12833123 0.16454646 0.11970195 0.14158104 0.12900453 0.10626851 0.09146144 0.10144226 0.15768435 0.12507040 0.14489072 0.14725839 0.08246237 0.08574088 0.11399946 0.12237968 0.11332595 0.26332088 0.11215402 0.09640095 0.19963961 0.21247102 0.19510945 0.31795246 0.10292389 0.20533636 0.10475077 0.10941415 0.11707586 0.11679085 0.05812339 0.06284763 0.07170869 0.16917690 0.10448267 0.15472394 0.12556368 0.13268577 0.08784192 0.12897602 0.08353281 0.08677800 0.08733893 0.11379279 0.17379952 0.08447638 0.13634099 0.17315413 0.13245558 0.21055719 0.12059344 0.14553765 0.13037388 0.19212422 0.15872384 0.12813611 0.17348966 0.15395748 0.09236679 0.17125789 0.12673685 0.09189592 0.11850714 0.08317223 0.11284056 0.10244478 0.09632139 0.05785234 0.08186511 0.12826241 0.12412611 0.15936625 0.08644884 0.09280173 0.11443744 0.12853933 0.08461369 0.11224163 0.09403544 0.13703359 0.07952880 0.07423059 0.10826875 0.08140400 0.13469034 0.11008439 0.12102780 
0.14294710 0.15670673 0.08000514 0.09242305 0.18379273 0.16433943 0.16171800 0.26502496 0.19884517 0.32485103 0.00000000 0.26172112 0.27859613 0.50811733 0.24049858 0.09449048 0.13351329 0.22668229 0.15271623 0.11633690 0.19865121 0.18827640 0.13562513 0.10110866 0.20330840 0.14780921 0.13336431 0.28179686 0.24893161 0.21228796 0.20820013 0.30310696 0.18616646 0.16920750 0.15664551 0.08506408 0.07371625 0.12009094 0.10030448 0.11632353 0.09899208 0.07711436 0.13574555 0.08213576 0.11243060 0.10540796 0.14871238 0.05807846 0.14634885 0.05895359 0.08024036 0.12375043 0.13850714 0.10659519 0.12737009 0.13033127 0.12719798 0.19267582 0.08475416 0.12756787 0.14713814 0.15102003 0.16147472 0.07916952 0.11360858 0.07809769 0.09131459 0.11915492 0.10752540 0.14956529 0.05392315 0.17060756 0.19968296 0.12638997 0.13230568 0.13494918 0.19979436 0.09664128 0.15572855 0.13369266 0.08467191 0.11792071 0.08202694 0.07621117 0.19063967 0.16954157 0.12344284 0.13935287 0.12859870 0.12754430 0.12075515 0.10036934 0.15753614 0.10470173 0.09858588 0.10587190 0.09474013 0.09704304 0.14748787 0.09483798 0.13038231 0.10804851 0.12406274 0.10371315 0.10102886 0.11578848 0.12099647 0.11231420 0.13207669 0.06646195 0.07801057 0.11984389 0.04361467 0.14510195 0.18410646 0.10658057 0.16785160 0.10954205 0.12534605 0.12905177 0.09728199 0.10528437 0.13669697 0.15866717 0.13680954 0.14734021 0.10474859 0.10125049 0.13985540 0.16573175 0.08578989 0.10051183 0.10428028 0.13601774 0.08766705 0.11812000 0.07821980 0.09775906 0.11182511 0.07925803 
0.12962652 0.11937786 0.14587061 0.11854825 0.07182368 0.16486683 0.08142634 0.10906104 0.17737665 0.11568869 0.26172112 0.00000000 0.28132010 0.31228445 0.36883385 0.20121722 0.26856156 0.24353069 0.09742324 0.17836023 0.15303966 0.23419760 0.19832915 0.24789311 0.15148055 0.17965726 0.14889855 0.17722516 0.17442009 0.08983005 0.23711615 0.13118121 0.09825250 0.16504554 0.25353222 0.19710769 0.09920929 0.14343655 0.09713152 0.12068301 0.11293089 0.10249222 0.13553951 0.14679018 0.04643240 0.14047183 0.10491653 0.11676916 0.09235450 0.19626552 0.11054623 0.11792605 0.11403037 0.10387412 0.15038867 0.13821026 0.13208350 0.19817642 0.13806353 0.15536366 0.08314240 0.09891151 0.19628996 0.10913632 0.20526807 0.12015908 0.16332687 0.11228856 0.09422622 0.10905241 0.09973556 0.09636870 0.33866472 0.23942585 0.12654028 0.09750181 0.10770303 0.08528650 0.12819287 0.09546818 0.19816389 0.10520357 0.16524669 0.07355479 0.12509883 0.11326961 0.11539765 0.10397629 0.18471044 0.20802426 0.11003107 0.11122092 0.12600321 0.02626423 0.15443587 0.05653951 0.11923888 0.07580788 0.14064697 0.14333509 0.15016106 0.14443317 0.10659435 0.09561289 0.10616590 0.13175327 0.08407140 0.05210107 0.12616946 0.11238326 0.14584409 0.11146823 0.06785892 0.17372781 0.14740428 0.16358698 0.06587296 0.16231451 0.12452980 0.05700294 0.14855013 0.14462299 0.13326425 0.13467328 0.06902472 0.12559326 0.14287220 0.18146430 0.06134581 0.09732165 0.06338081 0.09097611 0.12346217 0.04767400 0.09586324 0.12142995 0.08991504 0.05789241 0.16828517 0.08081459 
0.11549672 0.09767402 0.11079173 0.17085423 0.14900564 0.19188156 0.13921853 0.17868116 0.12397964 0.16825221 0.27859613 0.28132010 0.00000000 0.39141425 0.14894042 0.11511419 0.15118605 0.21940912 0.10549202 0.14190925 0.24072271 0.28644870 0.12349080 0.24688533 0.26201156 0.14769800 0.12076133 0.40658412 0.19714095 0.21581610 0.21624107 0.26675237 0.11808069 0.14434197 0.25505951 0.09633603 0.09787111 0.14082735 0.13192282 0.11478439 0.06072796 0.07466456 0.11292850 0.10729105 0.11143387 0.17481617 0.12113452 0.13147922 0.13792883 0.09004646 0.10897737 0.06508648 0.10156214 0.15575426 0.18931989 0.13477347 0.13562855 0.12022516 0.15015889 0.11756436 0.12579825 0.16542995 0.07231858 0.14645843 0.13499950 0.08116037 0.14619275 0.07904649 0.04302290 0.16656266 0.10849287 0.06563245 0.16477589 0.14639337 0.15185362 0.10568551 0.16946442 0.14130441 0.14578766 0.08378590 0.17244672 0.10470103 0.11768763 0.13938186 0.06643042 0.14537305 0.09132926 0.11627427 0.08917897 0.16229075 0.14666965 0.09994300 0.16654057 0.14849723 0.18594099 0.12091404 0.10232843 0.08024298 0.08488410 0.10842106 0.13169805 0.12892021 0.14517153 0.06297065 0.08700936 0.10704970 0.07086829 0.09242805 0.09435723 0.09606664 0.07357362 0.16742796 0.06776680 0.17743851 0.14487441 0.16392825 0.23308133 0.11221617 0.15776498 0.09901473 0.08000387 0.10300202 0.10808220 0.13429951 0.06251233 0.17505056 0.14110029 0.08174169 0.08914977 0.09149228 0.14333835 0.14666916 0.18404626 0.08071456 0.15000988 0.08221878 0.07136715 0.09757630 0.14931964 0.07621606 
0.16320865 0.14819156 0.13834264 0.13407609 0.09831028 0.12070681 0.00544033 0.18076228 0.22539334 0.17870527 0.50811733 0.31228445 0.39141425 0.00000000 0.19312036 0.13307094 0.25550192 0.24714281 0.18226102 0.08922364 0.10101182 0.22668543 0.17293123 0.11434869 0.27756830 0.11639391 0.13821586 0.34601968 0.30751899 0.17326026 0.17883688 0.21014740 0.08811807 0.21037600 0.17938787 0.09085909 0.12048155 0.21472125 0.23590665 0.11491731 0.11220992 0.13997012 0.19709018 0.16812273 0.08007410 0.21155136 0.11221449 0.12250400 0.12112273 0.06612793 0.06282948 0.07861537 0.06664337 0.06168491 0.16235515 0.14006764 0.16686330 0.19650465 0.16531071 0.13132401 0.10523420 0.08343264 0.08873750 0.09229463 0.15540538 0.08682368 0.10215226 0.11831069 0.13683875 0.11229299 0.05348888 0.15985191 0.15904808 0.21337051 0.10060211 0.08803920 0.09748115 0.03654925 0.14889730 0.03933531 0.07717627 0.06393866 0.13430815 0.10117627 0.10738830 0.12717576 0.09853818 0.06615225 0.17109205 0.12138333 0.14620013 0.14183565 0.10035868 0.14999352 0.12564582 0.18620633 0.06013898 0.07675856 0.16126933 0.07740519 0.13515922 0.12823955 0.09969458 0.11765537 0.07592504 0.12008606 0.06772291 0.09842091 0.09773418 0.08028334 0.11484514 0.14097822 0.13441617 0.17071406 0.16726052 0.09782899 0.16206758 0.11572300 0.17203642 0.11143241 0.10722369 0.05113519 0.12402089 0.16079764 0.13970933 0.11141052 0.11480417 0.14774902 0.07900052 0.07337795 0.10824862 0.09860560 0.06282633 0.08467664 0.09119848 0.11043195 0.08546505 0.09842173 0.07581648 0.07791473 
0.13241501 0.13672936 0.09846910 0.09319339 0.14587195 0.05713302 0.05754496 0.16988641 0.13770307 0.19560195 0.24049858 0.36883385 0.14894042 0.19312036 0.00000000 0.13771495 0.42891272 0.17348506 0.30517514 0.23544193 0.21338938 0.24882377 0.23111904 0.16557220 0.32620160 0.14290869 0.20420648 0.15709248 0.24537315 0.12609460 0.14245269 0.13077246 0.18558256 0.21666650 0.19456386 0.10532592 0.08040508 0.17222421 0.19467994 0.05401040 0.14430106 0.12286216 0.15863687 0.13968152 0.08034354 0.15496968 0.03778776 0.03953117 0.16830952 0.13669710 0.10812362 0.09945912 0.07671462 0.11588736 0.12585118 0.14642760 0.19708810 0.09748505 0.15123402 0.11921946 0.04754066 0.14189026 0.12525314 0.06326630 0.16106334 0.13783516 0.18677431 0.04885356 0.08643990 0.12707399 0.08402482 0.17140883 0.35995225 0.25037433 0.14797687 0.04122657 0.16738053 0.12744578 0.15214601 0.07398658 0.11516407 0.10192630 0.07814975 0.11941280 0.11219885 0.13106178 0.14416638 0.06883785 0.13694066 0.13997621 0.12186306 0.10346830 0.12164195 0.12353967 0.20414852 0.10252356 0.09303158 0.11901867 0.08818996 0.13082859 0.13823750 0.12068931 0.12336812 0.10153356 0.08452287 0.11796554 0.06996434 0.11902152 0.04818184 0.15382563 0.05306026 0.14759097 0.08178899 0.20434367 0.17648844 0.13233581 0.20561830 0.12957361 0.12879601 0.06888077 0.10611444 0.08597267 0.09305281 0.11561392 0.10566116 0.05977809 0.12515512 0.13295504 0.13339938 0.09709796 0.09054059 0.14059732 0.00437102 0.04145107 0.12946401 0.13537184 0.11581305 0.11376313 0.13976494 0.04541057 
0.15046047 0.11121271 0.16133244 0.11938342 0.11772582 0.13890721 0.09710326 0.14876270 0.15308794 0.17196124 0.09449048 0.20121722 0.11511419 0.13307094 0.13771495 0.00000000 0.18823069 0.37664304 0.14610188 0.30028339 0.15860190 0.29331638 0.16411925 0.23249589 0.13894950 0.29843339 0.15960791 0.10077871 0.14450419 0.11525222 0.17532907 0.12276787 0.11002364 0.13943286 0.09951188 0.17283062 0.10540277 0.11204741 0.09544867 0.13559896 0.12980911 0.13049029 0.09418188 0.08112963 0.07352765 0.12457941 0.14325439 0.13243972 0.11496741 0.13976970 0.10249436 0.13258457 0.10262839 0.14113120 0.14255386 0.13091705 0.10058805 0.08942990 0.15450475 0.16850559 0.16457870 0.11791979 0.15458000 0.12563178 0.13840522 0.14546236 0.23262366 0.16668749 0.13462804 0.23057215 0.16936716 0.14584474 0.11931045 0.13042514 0.11286821 0.09899793 0.07064483 0.14044117 0.12917240 0.11171474 0.09247537 0.09920306 0.10574997 0.11391497 0.07413067 0.13601957 0.15862355 0.11827806 0.08922806 0.16698013 0.15040837 0.11350669 0.09364781 0.11324551 0.11385032 0.08248322 0.07263270 0.08770347 0.07595098 0.10712678 0.13077705 0.12897391 0.07723296 0.11998901 0.10708453 0.10014900 0.11186266 0.15461543 0.13075248 0.16337502 0.14468906 0.10143156 0.11624114 0.10560733 0.18169065 0.11242651 0.18433913 0.18637775 0.16032690 0.08253988 0.13289346 0.10205756 0.10333536 0.11138958 0.14092642 0.10145792 0.11608968 0.12951929 0.09533300 0.20514748 0.14007892 0.15720973 0.10470723 0.11547542 0.14003829 0.13562564 0.08858862 0.06538691 0.14586448 0.07138598 
0.12893301 0.12119671 0.10110568 0.09676349 0.10555257 0.13474339 0.10718559 0.07421840 0.18325496 0.11420835 0.13351329 0.26856156 0.15118605 0.25550192 0.42891272 0.18823069 0.00000000 0.19037726 0.18238669 0.18218048 0.13062494 0.14906520 0.15680217 0.16719038 0.13559970 0.12770208 0.15535219 0.14167449 0.17572756 0.19187893 0.21093089 0.19388733 0.13699602 0.10746716 0.19560337 0.12171147 0.03916642 0.12344407 0.10681968 0.09149335 0.20070127 0.07741916 0.13465908 0.10524526 0.08701464 0.13702578 0.13057074 0.12348027 0.16829679 0.23042382 0.10232131 0.13184139 0.12710575 0.13830993 0.09379632 0.13792760 0.13170316 0.14566230 0.21476248 0.23742422 0.13390750 0.17273287 0.17679624 0.13805995 0.17107825 0.16866152 0.09250790 0.07473102 0.17528527 0.21757500 0.13931363 0.15962002 0.13625592 0.11763486 0.12508678 0.09739418 0.05605441 0.11112657 0.10905025 0.08820636 0.00580076 0.07078484 0.14479333 0.14464904 0.10995640 0.10929541 0.14953679 0.10809710 0.16096427 0.11902410 0.18704149 0.15308781 0.09441441 0.17898996 0.11175100 0.12694504 0.15520381 0.11809443 0.06728932 0.12962889 0.11991296 0.12441811 0.09417082 0.11591038 0.15550506 0.10852247 0.12814537 0.16842888 0.19975240 0.13711522 0.14097643 0.11964830 0.10257219 0.12777092 0.11706924 0.13607102 0.11381256 0.20394391 0.12367034 0.11657094 0.16355348 0.10948975 0.09606912 0.12273835 0.13609237 0.17410226 0.15966924 0.13992661 0.12190356 0.13777294 0.04926091 0.14752713 0.09328929 0.11933381 0.19445605 0.06438999 0.13857990 0.11673674 0.12146598 0.09745543 
0.13308781 0.13826270 0.08380872 0.12870127 0.06780057 0.13565149 0.05804563 0.12083384 0.13932388 0.18035169 0.22668229 0.24353069 0.21940912 0.24714281 0.17348506 0.37664304 0.19037726 0.00000000 0.11846437 0.32986207 0.15150830 0.31251514 0.31618335 0.16369695 0.16823457 0.27431005 0.15485144 0.13901231 0.22415814 0.11674004 0.15201066 0.19019111 0.12201622 0.15943275 0.16829119 0.09341248 0.13324447 0.12348028 0.14693350 0.11536044 0.14239850 0.15270346 0.13379575 0.12342551 0.10984195 0.20870208 0.09050830 0.08910369 0.08408874 0.17022105 0.08704222 0.10299425 0.10676706 0.11239742 0.11079305 0.13146617 0.23957376 0.07533518 0.42308266 0.18529598 0.15861780 0.09353362 0.08452022 0.16073395 0.20593257 0.08724655 0.14040915 0.16480530 0.11078538 0.17305717 0.12681310 0.13721397 0.21274461 0.10428732 0.08079375 0.12196924 0.07231907 0.05682193 0.14957413 0.08827808 0.09176778 0.08382323 0.10674147 0.07199930 0.13182196 0.09843215 0.11273127 0.07558667 0.12443549 0.11106630 0.15328383 0.10433393 0.11572598 0.01463141 0.15449520 0.10130363 0.16138827 0.08780291 0.13791066 0.07393035 0.10268787 0.13118051 0.11286991 0.09597933 0.03581343 0.12113427 0.07653670 0.11333148 0.12412403 0.13065849 0.13038138 0.12853389 0.15859398 0.25320668 0.16369756 0.19520494 0.14366268 0.17520267 0.13374169 0.09068154 0.10544376 0.08651449 0.10379108 0.15129448 0.03710676 0.13441457 0.10296942 0.09709939 0.10404622 0.11283576 0.11849614 0.16112890 0.09099526 0.08504070 0.10140658 0.10461895 0.12950220 0.14532592 0.11837874 0.03739349 
0.12940705 0.09813988 0.12515778 0.14168049 0.10004496 0.14722430 0.18532827 0.12444920 0.21423613 0.16139964 0.15271623 0.09742324 0.10549202 0.18226102 0.30517514 0.14610188 0.18238669 0.11846437 0.00000000 0.21763260 0.17896468 0.19108064 0.12443401 0.14059238 0.19494053 0.12123756 0.11792281 0.15420007 0.12778370 0.09753135 0.14517228 0.21672819 0.15629932 0.08177430 0.18500435 0.09103853 0.09696455 0.17376356 0.11700166 0.16426735 0.15833344 0.11173890 0.10868148 0.13723258 0.04548675 0.11306108 0.24723138 0.11289541 0.09744586 0.21927380 0.12484141 0.20256330 0.19351007 0.10242099 0.14575781 0.13140805 0.11678200 0.10566470 0.10827473 0.09952414 0.09377762 0.08441338 0.17047451 0.13370549 0.12843410 0.12985917 0.11891829 0.14805351 0.08617553 0.17300384 0.17545022 0.16337991 0.20498576 0.21376839 0.13881596 0.12373281 0.16449163 0.13564417 0.13382616 0.09398920 0.06992921 0.09678454 0.15110637 0.18306602 0.09111425 0.19381346 0.13821726 0.13675135 0.11347674 0.15739358 0.08190077 0.08520857 0.10172809 0.13709677 0.12494199 0.14553030 0.18561311 0.16594964 0.12720015 0.14183384 0.14031675 0.15762824 0.12131463 0.13643600 0.04156236 0.10187833 0.18456164 0.10024501 0.08999749 0.13429093 0.14750623 0.11179750 0.13833828 0.06456700 0.09123989 0.12285107 0.08148836 0.18107040 0.10741056 0.20514768 0.13839898 0.12974989 0.14757121 0.13162526 0.09307107 0.13297296 0.09357655 0.19110328 0.06300685 0.17549131 0.14354086 0.12810273 0.06537779 0.11564473 0.14139856 0.12762124 0.14576872 0.09491226 0.07417058 0.08460852 
0.12081301 0.11253629 0.10421316 0.11806717 0.18462179 0.08873885 0.04011564 0.08870904 0.09184512 0.17328363 0.11633690 0.17836023 0.14190925 0.08922364 0.23544193 0.30028339 0.18218048 0.32986207 0.21763260 0.00000000 0.29169857 0.44044398 0.38347737 0.17043490 0.22637119 0.21899367 0.14320387 0.13386645 0.09464155 0.09780505 0.11879757 0.16932321 0.12832188 0.09152728 0.18940293 0.08519582 0.07138151 0.14149849 0.18746171 0.13796177 0.11939400 0.05937953 0.13857875 0.06118868 0.18334545 0.19604622 0.12596544 0.14640815 0.11169244 0.14295791 0.08618751 0.10502550 0.09996987 0.09118006 0.08836337 0.12803866 0.17868606 0.14604497 0.26822029 0.10021638 0.14024973 0.13364116 0.20416027 0.12779148 0.16873981 0.11246401 0.21075408 0.13871010 0.13859137 0.37163653 0.09057749 0.24870444 0.13705410 0.19287997 0.12652440 0.12607163 0.07484135 0.03816792 0.12718674 0.12831039 0.08943121 0.04883870 0.08854536 0.11704658 0.07456252 0.08739556 0.08648525 0.11818651 0.17215092 0.15256862 0.06611730 0.10725198 0.10527229 0.09536433 0.05582967 0.13474450 0.14700314 0.11666879 0.10135056 0.08091313 0.11647621 0.11747968 0.05002206 0.06448422 0.06342213 0.10568307 0.14825376 0.09192618 0.10672569 0.18666925 0.09749738 0.10553815 0.11956208 0.07807395 0.07348251 0.18390175 0.23445748 0.12662303 0.17596702 0.14500078 0.15463154 0.08368310 0.13691145 0.15178976 0.08824881 0.17799945 0.08717255 0.13014034 0.11382464 0.14912516 0.13533434 0.11127805 0.06523156 0.13270024 0.15911906 0.19671215 0.08606405 0.05940409 0.09648304 0.05791867 
0.12641358 0.12950049 0.06379742 0.13007912 0.10519681 0.14953647 0.10426063 0.20834164 0.07249737 0.46605471 0.19865121 0.15303966 0.24072271 0.10101182 0.21338938 0.15860190 0.13062494 0.15150830 0.17896468 0.29169857 0.00000000 0.25289029 0.24240932 0.17416195 0.23414756 0.33831246 0.11588750 0.06065473 0.63393923 0.10523389 0.16408736 0.08414190 0.13230527 0.14194018 0.16671858 0.17442129 0.14254059 0.11627464 0.12422462 0.14392322 0.07184507 0.09884122 0.07957264 0.14780214 0.08575557 0.12752939 0.14579746 0.12616109 0.14088832 0.11863389 0.08752304 0.09435677 0.09071246 0.13827708 0.08073661 0.14031253 0.14651507 0.07155590 0.17220548 0.10787262 0.10982031 0.07020667 0.16799697 0.07227332 0.06198384 0.11810261 0.17174626 0.13663413 0.15265621 0.25283281 0.23474336 0.21967656 0.21205441 0.11283426 0.15838445 0.10794940 0.17526770 0.01421542 0.10623443 0.12753040 0.08082664 0.11791664 0.07749383 0.10167252 0.09049079 0.09347345 0.08407475 0.14081217 0.14931788 0.06603058 0.13731671 0.10606725 0.04650428 0.13565181 0.07087903 0.07485973 0.18557295 0.08490512 0.12122535 0.13197769 0.12152034 0.12059340 0.10627069 0.06397723 0.13240292 0.13422521 0.08811365 0.07228141 0.15143906 0.23036114 0.17568296 0.11342130 0.08913667 0.09570905 0.12311892 0.04503676 0.12860175 0.16392735 0.10130030 0.08198168 0.05146473 0.06488136 0.11346108 0.13703653 0.15843377 0.11104585 0.13280675 0.11785122 0.12152152 0.10550711 0.18077805 0.18423729 0.08489919 0.09237995 0.21542819 0.12913325 0.06512584 0.12047051 0.08268660 0.10923435 
0.12160250 0.10590663 0.10614872 0.09643183 0.01239620 0.06716974 0.02135664 0.09940026 0.10749376 0.12331173 0.18827640 0.23419760 0.28644870 0.22668543 0.24882377 0.29331638 0.14906520 0.31251514 0.19108064 0.44044398 0.25289029 0.00000000 0.51473365 0.46313460 0.34772334 0.19785273 0.24339091 0.17068736 0.18725435 0.07250333 0.30000775 0.20388041 0.16097709 0.20032233 0.21632335 0.11890075 0.05319757 0.16555425 0.11779079 0.10014086 0.18023190 0.07682761 0.11494262 0.06404213 0.09481616 0.12012402 0.09553864 0.08252581 0.12409390 0.13446872 0.09554407 0.10506242 0.08150511 0.07095252 0.08146282 0.12649356 0.11035639 0.12780977 0.32953752 0.18406638 0.16767646 0.04455590 0.22141648 0.06877899 0.14799786 0.07420806 0.27081188 0.10188331 0.14487140 0.23237531 0.16284036 0.09395951 0.19983449 0.13662964 0.10607702 0.07210935 0.14458602 0.04560665 0.06167805 0.04963688 0.15594913 0.08192690 0.10397815 0.07798220 0.09872798 0.09332455 0.15091709 0.07847881 0.05700303 0.14030232 0.12362587 0.09301209 0.11895255 0.07716840 0.21583018 0.09909167 0.14729022 0.08117712 0.08187319 0.13265442 0.10985128 0.11679251 0.05044694 0.10572691 0.03513808 0.14955486 0.11302854 0.12139034 0.13420853 0.06787026 0.12509549 0.14747826 0.05204846 0.11127799 0.13265445 0.13044367 0.13511928 0.16353849 0.13721198 0.10176920 0.07954945 0.07751855 0.09963668 0.13420693 0.07615705 0.10381574 0.16358440 0.18222358 0.12108623 0.10377442 0.09249187 0.15665361 0.07502264 0.06728992 0.12135960 0.08624498 0.05914409 0.06754325 0.06464064 0.03691733 
0.12357362 0.12960904 0.05591837 0.09226189 0.10426207 0.12721348 0.11426942 0.20504786 0.04515757 0.07947992 0.13562513 0.19832915 0.12349080 0.17293123 0.23111904 0.16411925 0.15680217 0.31618335 0.12443401 0.38347737 0.24240932 0.51473365 0.00000000 0.28725185 0.30992597 0.17068130 0.23265203 0.15896965 0.20932744 0.16335929 0.33523017 0.13926136 0.13641982 0.33832741 0.21516926 0.16981921 0.14497303 0.13898505 0.11758354 0.05309467 0.09273969 0.15051319 0.09115239 0.06857437 0.10851088 0.08800999 0.07371572 0.06965939 0.15932262 0.14860522 0.05108045 0.10405400 0.08932087 0.15310648 0.13669332 0.13462893 0.12583043 0.20549927 0.25142920 0.22308578 0.11750369 0.08834804 0.22829116 0.10616027 0.17635699 0.08306026 0.22352921 0.13895915 0.11167812 0.17784387 0.16360657 0.11172798 0.10375767 0.12999175 0.12096791 0.10378119 0.10419466 0.02824364 0.11972599 0.12583234 0.11360907 0.09062360 0.18677059 0.09695468 0.08785940 0.11184534 0.13903935 0.09555638 0.13765291 0.12820061 0.15536812 0.11429222 0.09464850 0.05677235 0.17175326 0.09273120 0.14818758 0.08191166 0.14429223 0.06953696 0.12186334 0.13164435 0.08339323 0.10328574 0.05775962 0.10659191 0.08956869 0.10132155 0.08087813 0.11643393 0.09065234 0.17967448 0.06154779 0.14813977 0.10903076 0.20080995 0.14154120 0.12807808 0.15203377 0.02077271 0.09602110 0.04299010 0.10982241 0.11420920 0.12354156 0.12779991 0.06081624 0.16375023 0.16436069 0.04347809 0.12205789 0.13629452 0.10300643 0.09972145 0.12548481 0.13562879 0.05549243 0.08744165 0.11217824 0.05223540 
0.13725890 0.15047054 0.17929266 0.06771448 0.06307898 0.08637278 0.06776768 0.06753216 0.10457935 0.16356136 0.10110866 0.24789311 0.24688533 0.11434869 0.16557220 0.23249589 0.16719038 0.16369695 0.14059238 0.17043490 0.17416195 0.46313460 0.28725185 0.00000000 0.21754184 0.20333551 0.22813374 0.31982733 0.11452766 0.09452547 0.29956923 0.18355634 0.12175474 0.22688919 0.20658763 0.17766262 0.16647441 0.16593633 0.13792462 0.07318473 0.09480579 0.12461870 0.10189662 0.12712803 0.10269086 0.19669358 0.10382128 0.13654881 0.08844622 0.10178478 0.09346876 0.16814878 0.10721141 0.11445911 0.11100416 0.14207624 0.10737372 0.13866860 0.23535666 0.22226162 0.12396313 0.11281107 0.23796802 0.13497786 0.16375814 0.08814799 0.21114049 0.11952154 0.16390741 0.17400654 0.08889279 0.08349574 0.20280652 0.19406005 0.09769701 0.09431867 0.16857400 0.05639741 0.15481977 0.09732774 0.07902352 0.07257221 0.10589052 0.07899417 0.08550859 0.09636780 0.19265899 0.11848123 0.12854417 0.12715866 0.11779737 0.11257652 0.10143068 0.04595112 0.16156619 0.13117928 0.09738146 0.06097542 0.09414202 0.05943624 0.14507392 0.14515623 0.08199911 0.08749736 0.08639204 0.12120890 0.09072526 0.10724963 0.12263835 0.09924278 0.13689096 0.16687266 0.15722571 0.12744640 0.09589238 0.16943610 0.13879930 0.12002821 0.12793588 0.05969392 0.09071090 0.08608324 0.10855579 0.14333550 0.11759433 0.08939428 0.16612878 0.15175229 0.14359943 0.10913215 0.16099647 0.16081077 0.09158004 0.11193708 0.14193268 0.10717930 0.09805199 0.11404324 0.11919584 0.09005136 
0.13094762 0.15481783 0.15214347 0.13381155 0.16588575 0.12763937 0.15609539 0.14852195 0.13827414 0.10411293 0.20330840 0.15148055 0.26201156 0.27756830 0.32620160 0.13894950 0.13559970 0.16823457 0.19494053 0.22637119 0.23414756 0.34772334 0.30992597 0.21754184 0.00000000 0.14228524 0.12326576 0.50497928 0.25563940 0.08846058 0.19562887 0.24204014 0.10787082 0.16425285 0.17086028 0.14156086 0.04142863 0.17117890 0.14759804 0.08109266 0.09444803 0.11377681 0.11321906 0.14087997 0.08761683 0.11702944 0.12927958 0.16734062 0.14506501 0.10585906 0.14020016 0.14930203 0.13098665 0.09010319 0.10876950 0.12262850 0.10948420 0.14143968 0.13660979 0.13145147 0.09522412 0.09249804 0.21801897 0.10593444 0.16561565 0.12144365 0.14116440 0.08141411 0.03134026 0.18197093 0.09902666 0.14740791 0.16503673 0.18900778 0.11698795 0.11837310 0.15638230 0.12666253 0.13277676 0.10938036 0.07303195 0.11237451 0.10506372 0.13051464 0.08103759 0.08386149 0.07736443 0.10899877 0.13016862 0.08474053 0.10742667 0.14561226 0.04604193 0.09338465 0.15410308 0.05653337 0.14831027 0.06532367 0.13087994 0.12133067 0.12193937 0.12864313 0.07014115 0.12594701 0.10760604 0.11827011 0.11424280 0.08452835 0.09764034 0.06952037 0.12853295 0.14271078 0.11932486 0.22956294 0.12310077 0.18318472 0.15072303 0.10682626 0.09838961 0.11341477 0.12078699 0.12259393 0.10078373 0.10505872 0.10104389 0.08234653 0.16287288 0.14997636 0.15260954 0.08681372 0.10334543 0.17363637 0.09559579 0.04684572 0.10803829 0.11876851 0.13710739 0.08411720 0.17577464 0.06388006 
