0.00000000 0.04382750 0.03923269 0.03975056 0.03695807 0.03336235 0.02078064 0.02170462 0.03675743 0.02438793 0.03047338 0.02875659 0.02098637 0.03572945 0.02438278 0.03434960 0.04328265 0.02961212 0.03629158 0.02959034 0.01944514 0.02347692 0.02887345 0.02551367 0.03140270 0.02744942 0.03146917 0.02727111 0.02592441 0.03566065 0.02823679 0.03343963 0.02075245 0.02955215 0.03137590 0.02968898 0.02628879 0.04857541 0.04351688 0.05817662 0.04210082 0.04428294 0.04476676 0.03896800 0.03561469 0.02872582 0.03243359 0.04769843 0.05486086 0.03582587 0.04244079 0.04236808 0.03683682 0.03736879 0.03392914 0.03399099 0.03779974 0.02912303 0.02307784 0.03105596 0.02275079 0.02289015 0.02932101 0.03490601 0.02350789 0.03707178 0.02235728 0.03668150 0.03498374 0.03160040 0.03394366 0.02468883 0.02550287 0.02728284 0.02631769 0.02562544 0.02528127 0.03443855 0.03244980 0.02413973 0.02818495 0.02326896 0.02938623 0.02921007 0.03040516 0.03438894 0.02780591 0.02473097 0.03091817 0.03255085 0.03239843 0.03257265 0.02584738 0.02735460 0.03016006 0.02298827 0.02318704 0.03409795 0.02862321 0.03802228 0.03747416 0.02975637 0.02597846 0.01996778 0.03358092 0.01812594 0.03179362 0.03701537 0.04037238 0.02493890 0.02681958 0.02078281 0.02246327 0.02943589 0.02933102 0.02798879 0.02886113 0.03162697 0.03199365 0.02900070 0.01997764 0.02457644 0.02303501 0.02766493 0.02756755 0.02438565 0.01898390 0.03003663 0.02749829 0.02680296 0.02789355 0.03457028 0.02713209 0.03339265 0.02956695 0.03016700 0.02648283 0.03737215 0.04141437 0.01685126 0.02411085 0.02607411 0.03141801 0.02430137 0.02755284 0.02162477 0.02479881 0.02582954 0.03665494 0.04110128 0.02797270 0.03699017 0.03757529 0.03227526 0.02970757 0.03447488 0.02810644 0.02851774 0.02720959 0.03198481 0.02994017 0.04930540 
0.04382750 0.00000000 0.04833068 0.05240519 0.02844565 0.02362419 0.02548776 0.03392488 0.02769459 0.01293957 0.01830072 0.01396433 0.02777862 0.04130217 0.03384724 0.04068255 0.02706691 0.02756038 0.03029287 0.03938121 0.02152804 0.01575567 0.02645754 0.02440828 0.03118206 0.02059362 0.03220794 0.05779687 0.02884403 0.03230462 0.03340387 0.02289523 0.02396713 0.02272242 0.02598538 0.03226139 0.01170301 0.02532025 0.02747443 0.04674961 0.04676542 0.04091220 0.05099086 0.03879490 0.04625556 0.02660459 0.05605274 0.03085650 0.03457891 0.03458372 0.02648761 0.03181730 0.03723846 0.03553691 0.02562112 0.01880506 0.03790101 0.02816605 0.03902503 0.03348992 0.04339765 0.02524874 0.04485867 0.02850902 0.03839355 0.02226690 0.02728097 0.02967515 0.03426619 0.04309832 0.02160783 0.03596484 0.04160153 0.02939870 0.03508043 0.04033360 0.03681496 0.02156822 0.02418968 0.03072783 0.02435638 0.04061769 0.04535255 0.03775499 0.02757611 0.03822843 0.03866721 0.01661352 0.04307003 0.04252483 0.03152036 0.02970891 0.03735664 0.01400325 0.01625526 0.02583074 0.02064301 0.03587707 0.02587624 0.02817103 0.02716756 0.00960259 0.02489768 0.03051905 0.01870114 0.01142417 0.03989830 0.01522501 0.04719447 0.01986270 0.01814340 0.01538863 0.03090939 0.01438644 0.04267719 0.03639241 0.01936498 0.01033373 0.04319594 0.02483424 0.04039447 0.04229360 0.02432421 0.02362971 0.03493900 0.03536375 0.03471313 0.03199404 0.01071192 0.01516553 0.04886011 0.03866481 0.03051901 0.02639380 0.04778093 0.01847967 0.02716967 0.02934400 0.01646523 0.02806139 0.00158218 0.00327895 0.01409188 0.02563672 0.01007708 0.02296861 0.03145098 0.01432756 0.03611806 0.04555853 0.03552982 0.02974440 0.05564777 0.05012558 0.04138728 0.03607604 0.05168317 0.04527257 0.04826939 0.04708683 0.04432835 0.04983781 
0.03923269 0.04833068 0.00000000 0.03552931 0.03292045 0.04265320 0.03513829 0.02064127 0.03981811 0.03875450 0.02665812 0.02355386 0.02605877 0.02781414 0.01661728 0.02615722 0.02186521 0.02587733 0.02388195 0.03364249 0.01084931 0.02777329 0.02805979 0.03912699 0.04462731 0.02320558 0.02796862 0.02137040 0.02818193 0.03366258 0.06053916 0.03113320 0.03232734 0.03183638 0.03884913 0.03137925 0.01544749 0.02274833 0.02417820 0.03479566 0.03300540 0.03735304 0.02654768 0.03256807 0.04801882 0.02829856 0.03593885 0.03691623 0.03757390 0.02998929 0.01543420 0.03205760 0.03398609 0.02673811 0.02659204 0.03397619 0.04077883 0.02510376 0.02185021 0.01924829 0.02584683 0.02376834 0.02993865 0.01493064 0.02280580 0.03120705 0.03363363 0.02736001 0.03937269 0.05212004 0.02165516 0.03604176 0.03230341 0.04109349 0.02739074 0.03897841 0.02899518 0.03948792 0.03186606 0.03175349 0.03856248 0.03460445 0.03339190 0.03567745 0.03840608 0.03127019 0.04525156 0.03643084 0.03825758 0.03378776 0.02915773 0.01755993 0.02604105 0.02522197 0.02694594 0.02957584 0.03202958 0.03472866 0.01989388 0.02629655 0.04807726 0.03341265 0.02414347 0.02936235 0.03552531 0.02043184 0.03877491 0.02138589 0.03115651 0.02657968 0.02928385 0.03775361 0.01807472 0.02906875 0.02087505 0.01963659 0.03797855 0.02372736 0.04656078 0.01950286 0.02296299 0.03339864 0.03271238 0.03476717 0.03489223 0.03914177 0.01954438 0.02486407 0.02163400 0.02001208 0.03574779 0.02015124 0.02248461 0.01362545 0.05094436 0.02945688 0.01809790 0.03004756 0.01338464 0.02597441 0.02095596 0.03015577 0.03104628 0.03084653 0.02096182 0.02044977 0.02701677 0.02584164 0.03749468 0.02316717 0.03430700 0.04213159 0.02168201 0.02670127 0.03523769 0.04600578 0.05448526 0.05475961 0.05770113 0.04513761 0.04314812 0.04021922 
0.03975056 0.05240519 0.03552931 0.00000000 0.04623955 0.04167533 0.02305157 0.04014259 0.02676597 0.02245073 0.03462263 0.03056893 0.01847581 0.03194921 0.03285023 0.04312478 0.03262364 0.04162215 0.02787583 0.04091998 0.01831174 0.02462144 0.01610338 0.03678326 0.02800179 0.04198423 0.02270098 0.03842333 0.03688055 0.03029814 0.02558623 0.01854713 0.03374441 0.03477341 0.02535848 0.03179829 0.04057147 0.02451838 0.02167546 0.02721987 0.02587715 0.03524746 0.01676864 0.02962283 0.04075028 0.05601338 0.04164046 0.03342134 0.01816579 0.02300414 0.02734768 0.02171001 0.02497164 0.02568218 0.03740818 0.03709589 0.03587603 0.03195344 0.04268701 0.04368657 0.02237020 0.04329494 0.02508832 0.04528325 0.03801132 0.01764127 0.02943436 0.03435603 0.02208153 0.02604410 0.02534928 0.03063436 0.03385091 0.03912057 0.01818175 0.04891189 0.02166800 0.03291843 0.03671995 0.02418697 0.03980973 0.03204288 0.03491597 0.04262383 0.03484210 0.02710808 0.03182009 0.03242957 0.03276620 0.02717169 0.02230373 0.03850440 0.03176104 0.03196312 0.01948885 0.02877999 0.03406968 0.02247572 0.01970357 0.02513041 0.03657616 0.02500856 0.03129447 0.04714978 0.03633700 0.03025932 0.03705614 0.02955235 0.04854292 0.03015444 0.01703646 0.03310936 0.02964355 0.02127670 0.03148018 0.03033976 0.03939583 0.02318408 0.02995648 0.03246740 0.05345831 0.02443440 0.05049985 0.03211247 0.03551179 0.03185639 0.02435037 0.03142821 0.00843187 0.02371723 0.03174262 0.03977352 0.03201496 0.02704173 0.03165111 0.02654925 0.04617060 0.02342322 0.01639260 0.01271400 0.02082124 0.03211448 0.02696829 0.03661874 0.03404859 0.03172745 0.03916315 0.02249840 0.02827371 0.02639512 0.03532605 0.03480099 0.04151056 0.01665391 0.02714290 0.02745048 0.02993485 0.03536294 0.02792596 0.03205378 0.03424468 0.03530574 
0.03695807 0.02844565 0.03292045 0.04623955 0.00000000 0.03556534 0.01984383 0.03403219 0.04062560 0.02634115 0.02183905 0.01873428 0.01613237 0.02864378 0.02221177 0.04132612 0.03001210 0.03799923 0.03753801 0.03990824 0.02121554 0.04630678 0.02997515 0.02711139 0.04524728 0.02608101 0.03573735 0.03229462 0.03110077 0.02975668 0.02757622 0.02936211 0.04815037 0.03972788 0.02834289 0.05108812 0.02157152 0.02406620 0.02676381 0.02768563 0.03304571 0.02473160 0.04600039 0.03347218 0.04696613 0.03152753 0.03474203 0.03714108 0.03036083 0.04233568 0.03469005 0.02046201 0.03499084 0.03698003 0.02339340 0.03555231 0.03320313 0.02271074 0.01991259 0.03720269 0.02812782 0.05476143 0.03185475 0.04906617 0.04173140 0.02842579 0.04759294 0.03615999 0.04127143 0.04243227 0.02747656 0.04642343 0.03389091 0.02890507 0.03503266 0.03474290 0.03863694 0.01699891 0.04581543 0.03561530 0.03586979 0.04223792 0.04457330 0.03977449 0.03398109 0.02992736 0.02947464 0.02619681 0.03273131 0.04690541 0.02356044 0.03902301 0.03426012 0.03482160 0.01959914 0.02671080 0.01550880 0.04017179 0.02771300 0.03492999 0.01042649 0.01064568 0.02100271 0.01752287 0.02029396 0.01662939 0.03160103 0.03544057 0.03659077 0.01981568 0.02545133 0.04708542 0.04017341 0.01609133 0.02312900 0.02240204 0.03479828 0.02065876 0.03675367 0.02740033 0.03948654 0.01916821 0.03181388 0.03239056 0.02171131 0.03001957 0.02797916 0.03232920 0.02931816 0.03381538 0.03458176 0.04464316 0.01976952 0.02364996 0.02675746 0.02348595 0.04167341 0.02847498 0.02366389 0.04277641 0.02608898 0.02330274 0.02691295 0.02983393 0.03388636 0.02149808 0.02752028 0.02283485 0.01804725 0.01314310 0.03467075 0.02393723 0.01524745 0.02756941 0.02728942 0.02085114 0.03583428 0.03575466 0.04120830 0.04030070 0.03557157 0.03649733 
0.03336235 0.02362419 0.04265320 0.04167533 0.03556534 0.00000000 0.03480745 0.03598847 0.04066219 0.02412286 0.03081091 0.02532913 0.02596985 0.02696922 0.02663798 0.02161854 0.02975851 0.02746802 0.01366876 0.03024119 0.02736195 0.03682086 0.02400849 0.02664236 0.02927584 0.04693629 0.02905670 0.03728636 0.03159724 0.02941449 0.03569893 0.04398767 0.02334282 0.02603289 0.03334274 0.02665619 0.02536005 0.03691565 0.02857573 0.02439159 0.03217371 0.04048860 0.03584660 0.02935793 0.02943082 0.03837643 0.03919346 0.02128900 0.02660911 0.03784045 0.01889274 0.03512684 0.02946234 0.02469246 0.04255411 0.03887679 0.02967980 0.03574408 0.02838342 0.02819990 0.04635966 0.04570802 0.02955251 0.03467088 0.02723016 0.02943624 0.03391094 0.03923353 0.03495420 0.03649670 0.03483779 0.03183492 0.02846121 0.02691050 0.03226063 0.02920610 0.03181083 0.02457587 0.02550441 0.02860057 0.02780437 0.02656194 0.01907836 0.04253431 0.03776197 0.03670134 0.03092223 0.04032893 0.02344712 0.02249074 0.03207508 0.03928993 0.04171834 0.03738293 0.02377731 0.03164906 0.05042274 0.03257845 0.02630765 0.02949374 0.04754508 0.01856100 0.04043640 0.03728001 0.02070220 0.03764776 0.03517342 0.03392188 0.01941013 0.03620355 0.03218387 0.02311373 0.03007085 0.02700381 0.02568498 0.02244612 0.02012131 0.03227377 0.01538656 0.02213147 0.02211264 0.02360649 0.04945069 0.02697250 0.02324141 0.02542722 0.02056767 0.01929312 0.03438486 0.02715293 0.02634747 0.04066975 0.02957226 0.04195564 0.01928758 0.03433140 0.02084273 0.02938295 0.03892094 0.05785404 0.02425796 0.03020980 0.02061174 0.02703655 0.03563292 0.02623585 0.03683442 0.02064534 0.03222468 0.03090595 0.02687032 0.04727500 0.02922870 0.03119289 0.02086018 0.02469300 0.03522434 0.05432360 0.05702876 0.03437532 0.04341056 0.02500870 
0.02078064 0.02548776 0.03513829 0.02305157 0.01984383 0.03480745 0.00000000 0.04157483 0.03412679 0.05709385 0.03266412 0.01973552 0.03390350 0.01281322 0.01438579 0.02057219 0.01789294 0.02372977 0.02927286 0.02529731 0.03653900 0.01631234 0.02421614 0.02342633 0.01642164 0.02433016 0.03803589 0.03534469 0.05896882 0.03154124 0.04070124 0.02957440 0.02610248 0.04613839 0.03455254 0.03057238 0.03887280 0.03158429 0.03259275 0.02515169 0.02952981 0.02947339 0.02643535 0.03161880 0.01387349 0.02954521 0.01427254 0.02685800 0.01903788 0.02836951 0.01953315 0.03539958 0.02459775 0.03325965 0.02572045 0.03734927 0.02967623 0.02893614 0.01586342 0.01697439 0.02009492 0.03522262 0.04271374 0.03699531 0.02686848 0.03691523 0.01232285 0.02123789 0.03029414 0.02845687 0.03655206 0.04078697 0.01899150 0.02752701 0.03587135 0.02841821 0.03115487 0.04995627 0.02088597 0.02597012 0.03475197 0.02691821 0.03219917 0.03349363 0.03156686 0.02107292 0.02766818 0.04545357 0.02739704 0.03285736 0.02172881 0.03436699 0.03058664 0.04990391 0.05826562 0.03271692 0.03162433 0.01881557 0.04267111 0.03397723 0.03500785 0.05064375 0.02450621 0.01999307 0.05491120 0.04289815 0.02915818 0.04703854 0.02482761 0.03878706 0.03798584 0.03012882 0.02500486 0.03582988 0.03118333 0.03246115 0.03648899 0.02829053 0.01250307 0.03644909 0.03757071 0.04480489 0.03006449 0.01364503 0.01645301 0.04155886 0.02482263 0.01330927 0.05472382 0.02890117 0.01923071 0.01993989 0.03688936 0.02645841 0.04199886 0.04335424 0.03136468 0.04599665 0.04407465 0.02551603 0.05298314 0.04222663 0.03625903 0.04355125 0.03264519 0.05698693 0.02192677 0.05719118 0.02592561 0.03084128 0.01673723 0.03602345 0.02437680 0.03015801 0.04372411 0.03504729 0.01393457 0.03648964 0.01949758 0.01687450 0.02472556 0.02453678 
0.02170462 0.03392488 0.02064127 0.04014259 0.03403219 0.03598847 0.04157483 0.00000000 0.04275534 0.04416482 0.02417471 0.04609305 0.04736988 0.03043534 0.04784762 0.04477771 0.02711730 0.03845017 0.02106594 0.03723987 0.03310294 0.03883138 0.02730060 0.03211281 0.02857839 0.03112868 0.05915415 0.03647392 0.04412632 0.02904907 0.03164917 0.03954740 0.02762967 0.02687551 0.04495633 0.03367270 0.03805411 0.03191371 0.02080796 0.02154243 0.02375089 0.02517311 0.02790577 0.01526941 0.03008333 0.03642830 0.04364787 0.02610155 0.02365546 0.03289086 0.03594538 0.03119293 0.01823898 0.02413932 0.02852512 0.03215467 0.02947288 0.03249049 0.04011790 0.05370210 0.02825902 0.03464716 0.02683003 0.04454263 0.04293053 0.03073049 0.03622690 0.04201575 0.02762175 0.02925073 0.03250406 0.02356156 0.02893638 0.01621584 0.02860415 0.02790722 0.03234037 0.02301040 0.02649674 0.03257456 0.02051538 0.01797856 0.03352796 0.03379651 0.02830510 0.01906864 0.02601609 0.02845209 0.02476526 0.04107603 0.03360545 0.03158861 0.03616071 0.02313771 0.02521030 0.02045054 0.02719157 0.02336809 0.02956733 0.02478934 0.02501972 0.03232795 0.02575975 0.04736434 0.01993987 0.01948534 0.04108608 0.03455370 0.04300867 0.02910878 0.02127482 0.01831135 0.04239847 0.03827406 0.02879293 0.02718477 0.01572416 0.02998597 0.01957234 0.03153596 0.02567959 0.02055332 0.03816217 0.03881879 0.02951155 0.03790890 0.03533483 0.03885345 0.04311899 0.03231089 0.03678428 0.02927761 0.02873447 0.04142120 0.03333519 0.02850238 0.02572753 0.02316604 0.02929923 0.03240006 0.03717849 0.03325317 0.02091257 0.03269261 0.04697624 0.02936798 0.04765473 0.02417349 0.03081997 0.02736213 0.03323152 0.02089060 0.02398832 0.01865996 0.05084338 0.01671933 0.02516002 0.05410107 0.02432968 0.03209564 0.02798158 0.02047869 
0.03675743 0.02769459 0.03981811 0.02676597 0.04062560 0.04066219 0.03412679 0.04275534 0.00000000 0.03680000 0.02611438 0.02752723 0.04289401 0.02616164 0.03593978 0.03770928 0.04492282 0.03410468 0.03113222 0.03396419 0.03141422 0.02749465 0.02091482 0.03555426 0.04192872 0.02870184 0.03841777 0.04478312 0.03694223 0.02800479 0.03600193 0.02880082 0.04708594 0.03232312 0.02684020 0.04462207 0.02699569 0.02724555 0.03053683 0.03622165 0.02829138 0.02702320 0.03277399 0.03808599 0.03333329 0.02872286 0.02524618 0.02903257 0.04076034 0.02906444 0.03117563 0.02878447 0.03919902 0.02690615 0.02615428 0.03430473 0.03726267 0.03409022 0.04153263 0.04447871 0.03201653 0.03397872 0.03010830 0.02343858 0.03510157 0.02921631 0.04565428 0.02881754 0.04761740 0.04373504 0.02303627 0.03410304 0.02528271 0.02313899 0.04169085 0.02837029 0.02426131 0.02781252 0.02348620 0.03957483 0.02197604 0.04154822 0.03154110 0.03162279 0.03316424 0.02477186 0.02839837 0.04217510 0.01923546 0.03905550 0.04521938 0.02543100 0.03272001 0.03126477 0.01967224 0.02601349 0.03261746 0.02091161 0.03061368 0.03655004 0.02379771 0.01443160 0.02904494 0.03095681 0.03549106 0.02433358 0.02321828 0.02828507 0.02744080 0.02637946 0.02845546 0.03021681 0.03040705 0.01948749 0.02453421 0.01561854 0.03013263 0.04186426 0.01682404 0.02704262 0.02520007 0.02415486 0.03228816 0.04048075 0.01883695 0.03834516 0.02999428 0.02189764 0.03149948 0.02215417 0.02680886 0.03104007 0.01883934 0.03600926 0.02099068 0.01873944 0.03470809 0.03372055 0.03774710 0.05078854 0.03900243 0.03117619 0.03137832 0.02918841 0.04077304 0.02829406 0.03174544 0.02622672 0.02448684 0.01998594 0.04518170 0.03469809 0.03033511 0.03684135 0.01774478 0.02734496 0.02602654 0.04180089 0.03429280 0.03009235 0.04138220 0.03551433 
0.02438793 0.01293957 0.03875450 0.02245073 0.02634115 0.02412286 0.05709385 0.04416482 0.03680000 0.00000000 0.03198998 0.03946816 0.03067228 0.01882069 0.02069791 0.01783050 0.02892242 0.02415438 0.03372660 0.02454229 0.04762502 0.01659064 0.02182345 0.02744246 0.04021914 0.02857180 0.03896102 0.03173988 0.02981887 0.02936575 0.04593670 0.04118263 0.02789056 0.04840063 0.04097025 0.03811814 0.04659138 0.03213103 0.02285181 0.01996223 0.02616589 0.02728093 0.02172424 0.03471083 0.02572720 0.01607715 0.01593029 0.03723921 0.04641176 0.02741730 0.03142495 0.03074685 0.02023765 0.03310673 0.02825938 0.04558198 0.02771605 0.03769106 0.02967509 0.02527874 0.01910354 0.05446683 0.03085612 0.02716358 0.01933301 0.05890439 0.02055090 0.02198557 0.03694087 0.04046018 0.04032892 0.02028596 0.01578934 0.02729326 0.01981315 0.02868145 0.02165166 0.04641735 0.03254873 0.02667186 0.02623094 0.02500722 0.02704254 0.03317032 0.02802084 0.03355993 0.04709034 0.03759038 0.03023785 0.02266371 0.03885400 0.03485748 0.02295974 0.03899700 0.04377170 0.02657973 0.04501078 0.03481457 0.04016234 0.02622029 0.06515716 0.04506510 0.01490276 0.05929762 0.03112539 0.03908446 0.02707186 0.03112769 0.01775461 0.03249502 0.04926774 0.02756548 0.02645667 0.04564104 0.02427069 0.02953552 0.02774629 0.03930209 0.02948743 0.02140051 0.02721745 0.03446584 0.02082014 0.01621203 0.02485999 0.03851379 0.03405151 0.02182931 0.04300836 0.04128528 0.02166353 0.02444014 0.04270548 0.02542644 0.02549355 0.03708047 0.02953902 0.03043751 0.03594700 0.02148072 0.03959166 0.03359262 0.03078478 0.03052105 0.02873126 0.04134030 0.02824033 0.05054196 0.03912996 0.02982511 0.01732442 0.04504280 0.02222452 0.02056991 0.04387366 0.02993195 0.01614393 0.03475965 0.01783536 0.01933727 0.02138190 0.02192251 
0.03047338 0.01830072 0.02665812 0.03462263 0.02183905 0.03081091 0.03266412 0.02417471 0.02611438 0.03198998 0.00000000 0.03623008 0.01966136 0.03862925 0.02389317 0.02371841 0.02980902 0.02559056 0.03118660 0.02559472 0.03678847 0.03122751 0.04359610 0.03878471 0.04427031 0.05290761 0.03425984 0.02206612 0.02827131 0.03295192 0.02473959 0.04179684 0.03626253 0.03266244 0.03866898 0.03061879 0.04278161 0.04180448 0.04698669 0.02576090 0.02685591 0.02633291 0.02375184 0.02512162 0.01836676 0.02658486 0.01826121 0.02931171 0.02308090 0.01479246 0.03218789 0.02188844 0.03553005 0.03458138 0.03033835 0.02844029 0.03695703 0.04019135 0.02488726 0.02704154 0.03068973 0.03820134 0.03006442 0.02666470 0.03254749 0.02111378 0.03330555 0.03060267 0.03632187 0.01698416 0.02356772 0.02809766 0.03340057 0.03445656 0.02918211 0.02837305 0.02197939 0.02747764 0.03254105 0.02962499 0.02973769 0.02329868 0.02527176 0.02472393 0.02755875 0.04005868 0.01808632 0.01993420 0.02283347 0.02364963 0.02985883 0.03221986 0.02782525 0.02713128 0.03675519 0.04278665 0.03172746 0.02522944 0.02114715 0.02824838 0.03226123 0.03648613 0.02796254 0.03299163 0.05050181 0.03809400 0.02907902 0.02898427 0.01800911 0.03557119 0.04442964 0.04199253 0.04170769 0.05056854 0.03276607 0.02855101 0.03830967 0.02636619 0.02858838 0.04304041 0.01983927 0.02852284 0.02713053 0.04782178 0.04600485 0.03123738 0.02953886 0.03065925 0.02210835 0.04302117 0.02605661 0.02260910 0.03250297 0.02584187 0.02030420 0.03746394 0.03196084 0.02446990 0.04314920 0.02515980 0.04430062 0.03599427 0.04125521 0.03182122 0.03345653 0.04507078 0.02890534 0.02737354 0.03985350 0.04474629 0.02966058 0.04016112 0.02704719 0.02469234 0.03343812 0.03296637 0.01926035 0.02370592 0.02052496 0.01936383 0.02296010 0.02827556 
0.02875659 0.01396433 0.02355386 0.03056893 0.01873428 0.02532913 0.01973552 0.04609305 0.02752723 0.03946816 0.03623008 0.00000000 0.02510213 0.02180310 0.01921966 0.03280118 0.03949352 0.02144047 0.02515981 0.02176705 0.02721244 0.02809887 0.03375478 0.05511219 0.02289131 0.03045433 0.02783023 0.02248132 0.02890465 0.03164489 0.02444571 0.02939604 0.02869246 0.02971384 0.04113608 0.02072777 0.03642513 0.03762811 0.03420795 0.02232078 0.02348201 0.02304181 0.02116058 0.02336599 0.01254483 0.03696185 0.04898583 0.03351127 0.06006123 0.04459161 0.03837004 0.02961576 0.02809762 0.02709560 0.02201857 0.02917858 0.02955923 0.02831780 0.04429129 0.03301849 0.03097640 0.02936836 0.01979521 0.03462520 0.04621440 0.03707649 0.04723503 0.04360092 0.02842403 0.02038399 0.03002975 0.01861893 0.04220163 0.02160601 0.04246858 0.05141631 0.03451647 0.02480832 0.02791091 0.04552850 0.02032105 0.01281743 0.01403633 0.02692729 0.01959044 0.02533287 0.02598987 0.04340644 0.01780081 0.02828996 0.04498998 0.03077045 0.03119391 0.03029666 0.04062259 0.02419874 0.01937690 0.02084409 0.01751506 0.03505840 0.03536279 0.03642120 0.02726478 0.01545127 0.02225330 0.02768506 0.03386527 0.04426807 0.04210816 0.02774920 0.03898364 0.04495781 0.06123157 0.06324738 0.02557825 0.02154278 0.02368778 0.04527819 0.03143892 0.04861090 0.01771987 0.02475176 0.04479512 0.04625691 0.04232481 0.03129278 0.03585068 0.05440222 0.03615626 0.03004554 0.03584896 0.02250565 0.04152139 0.04387161 0.02697202 0.02989450 0.02711393 0.02335473 0.03959015 0.04140910 0.02844886 0.03675063 0.02126523 0.03871931 0.05666584 0.02975873 0.02972939 0.04072264 0.02550789 0.02017626 0.02142143 0.02705758 0.01781955 0.02079125 0.02608215 0.03162670 0.01860351 0.02154864 0.01581796 0.01430832 0.01984702 0.02488707 
0.02098637 0.02777862 0.02605877 0.01847581 0.01613237 0.02596985 0.03390350 0.04736988 0.04289401 0.03067228 0.01966136 0.02510213 0.00000000 0.03563436 0.09908782 0.03864276 0.04012760 0.03243562 0.02995404 0.03183266 0.04016538 0.03546807 0.03483530 0.03421056 0.03674709 0.03296477 0.06070833 0.03208392 0.05308663 0.02979039 0.03436731 0.02481401 0.03637639 0.03230050 0.02978133 0.03096999 0.03047233 0.02753172 0.02192727 0.02558332 0.02380499 0.02859668 0.02694181 0.04094388 0.02462795 0.03433374 0.03607766 0.02045148 0.02781329 0.02790327 0.03365849 0.03084782 0.02943154 0.02116025 0.02152396 0.03416746 0.01780639 0.04764242 0.03898807 0.04472082 0.03977238 0.01761020 0.05740525 0.03114439 0.02415527 0.04052938 0.03377117 0.03876449 0.04035808 0.02081118 0.02574982 0.03401053 0.01878005 0.03585589 0.03810278 0.03667385 0.02999625 0.01267345 0.01631663 0.04202745 0.01740038 0.02510329 0.03398916 0.04429090 0.02774972 0.02878611 0.03130390 0.03523122 0.00892189 0.03457298 0.02881889 0.03798735 0.03023068 0.01826746 0.02200122 0.02243193 0.01525954 0.04839171 0.03867587 0.02215415 0.02938213 0.03665169 0.01997513 0.02434822 0.02358430 0.03235043 0.04588446 0.04670368 0.02838348 0.04323144 0.02533250 0.03222225 0.02672012 0.02137217 0.02919505 0.02033864 0.03669141 0.02587821 0.02689229 0.02697439 0.03535208 0.03614845 0.02862611 0.02278431 0.02738095 0.04253066 0.03828896 0.03177406 0.03402470 0.01722773 0.03521701 0.02332548 0.03774973 0.02352665 0.03383705 0.03016032 0.03577763 0.01945746 0.02618118 0.04616455 0.02295169 0.02426371 0.02661487 0.03179663 0.03756623 0.02910313 0.02646756 0.02384138 0.03336775 0.02263175 0.02033626 0.02881047 0.04082570 0.02358019 0.02205198 0.03110592 0.03445734 0.04453381 0.03132408 0.03918149 0.05383902 0.02472013 
0.03572945 0.04130217 0.02781414 0.03194921 0.02864378 0.02696922 0.01281322 0.03043534 0.02616164 0.01882069 0.03862925 0.02180310 0.03563436 0.00000000 0.04754366 0.04045470 0.01904911 0.03342128 0.02247021 0.04620261 0.03925461 0.04835748 0.04301984 0.03727838 0.02983104 0.02957485 0.01608341 0.00781713 0.01330932 0.02968080 0.01727652 0.04124529 0.04206338 0.02649705 0.02754707 0.03653803 0.03327733 0.02030465 0.02388005 0.03829394 0.03386887 0.03367226 0.03814611 0.03497020 0.03708766 0.03267440 0.04135562 0.02379340 0.03715731 0.04721698 0.04813122 0.03007957 0.03780934 0.03841064 0.02840851 0.02559310 0.05293719 0.01160569 0.01539547 0.03445511 0.03571583 0.02840358 0.02398647 0.03232376 0.04924222 0.03280981 0.02141223 0.03583754 0.03384900 0.02200120 0.03850900 0.04778676 0.03639828 0.02990725 0.02007827 0.02307889 0.04388290 0.02158305 0.03601461 0.03477658 0.03823677 0.03320063 0.03714918 0.03197963 0.03969167 0.01891455 0.02174399 0.01687354 0.01982780 0.03349586 0.02657947 0.03134497 0.03105176 0.02506529 0.01197341 0.04329506 0.01242534 0.03050903 0.02399228 0.03961521 0.01963709 0.02211690 0.02511442 0.03790758 0.03070317 0.01591768 0.02427562 0.03312479 0.03744068 0.02156069 0.03213562 0.03928954 0.04601441 0.01751649 0.03388575 0.02630321 0.02116540 0.01938418 0.02862240 0.02989891 0.03930634 0.02531939 0.05279165 0.03048273 0.04950385 0.02753531 0.03346746 0.02161591 0.03287507 0.03438167 0.03649876 0.02775859 0.03497551 0.03903638 0.02879345 0.02202888 0.02870008 0.01426436 0.02864046 0.03638113 0.03831918 0.02275368 0.03035322 0.04472885 0.04327344 0.03010858 0.03869979 0.02444335 0.03052599 0.02443238 0.04074916 0.02949167 0.03129894 0.02695993 0.02894765 0.02602616 0.03142655 0.02508135 0.04297396 0.04171450 0.03461211 0.04877052 
0.02438278 0.03384724 0.01661728 0.03285023 0.02221177 0.02663798 0.01438579 0.04784762 0.03593978 0.02069791 0.02389317 0.01921966 0.09908782 0.04754366 0.00000000 0.03798595 0.03844145 0.04084138 0.03619994 0.03157925 0.02217956 0.02354361 0.02515378 0.02072711 0.02648901 0.02437269 0.07051437 0.04648365 0.03998562 0.02964650 0.02785240 0.03795748 0.04836691 0.02787480 0.03373256 0.03487572 0.02358522 0.02736264 0.02629654 0.03189321 0.02509305 0.03040926 0.02107455 0.03385103 0.03143948 0.03656514 0.03785744 0.02664508 0.02961777 0.01852285 0.01980155 0.02169688 0.02789429 0.02328138 0.01887761 0.03077800 0.03095529 0.04695518 0.04334802 0.05103965 0.03099420 0.03307323 0.05464191 0.03500483 0.02827698 0.04258306 0.03185805 0.03540746 0.02592026 0.03222174 0.03459301 0.03026542 0.03719298 0.03395979 0.02861180 0.04132418 0.04271844 0.01511411 0.02104831 0.04933226 0.03079566 0.03879694 0.04976027 0.03066351 0.03074833 0.03457499 0.03263483 0.02762592 0.03344586 0.02071608 0.03473464 0.02219243 0.02368540 0.02841520 0.02982634 0.05098931 0.02644854 0.03703874 0.04195276 0.03690994 0.02795349 0.02095627 0.02793634 0.03773596 0.02477553 0.04178490 0.03052304 0.04230180 0.03441629 0.02416901 0.01658805 0.02970528 0.02447592 0.02709363 0.02609558 0.02667477 0.02770951 0.03362816 0.03337303 0.02877284 0.03522216 0.02796674 0.02798858 0.02949898 0.03055526 0.03570393 0.03392617 0.02556779 0.02013554 0.01722250 0.02863868 0.01569607 0.02779131 0.03344286 0.03197935 0.02264152 0.02199503 0.02533029 0.02072471 0.03716211 0.03034394 0.02133452 0.01916385 0.02307644 0.02659414 0.02427328 0.03714687 0.01846258 0.02663430 0.02054372 0.04539502 0.02607024 0.02907673 0.02496674 0.02842761 0.03394337 0.04238790 0.03979284 0.03555661 0.03489530 0.04555425 0.02618699 
0.03434960 0.04068255 0.02615722 0.04312478 0.04132612 0.02161854 0.02057219 0.04477771 0.03770928 0.01783050 0.02371841 0.03280118 0.03864276 0.04045470 0.03798595 0.00000000 0.03677139 0.03695600 0.03666458 0.03004010 0.03752200 0.05327639 0.03117448 0.03563820 0.02150072 0.02690053 0.02398933 0.02918342 0.04399655 0.02882408 0.01488048 0.03192665 0.04195141 0.02663584 0.02705984 0.04185094 0.03289046 0.02597919 0.03408677 0.03610647 0.02619340 0.02740040 0.02814869 0.03314572 0.03382672 0.04160690 0.04206505 0.02167634 0.02942367 0.03699414 0.03089173 0.02950667 0.03349122 0.02722230 0.03501536 0.02415181 0.04901821 0.01893999 0.03552945 0.04033230 0.04100604 0.04061408 0.02086049 0.02901668 0.04352799 0.02153807 0.03827673 0.05007816 0.02580309 0.02983683 0.02164699 0.04583927 0.03714190 0.02294162 0.03269746 0.04243504 0.04232089 0.02709035 0.02848187 0.04099450 0.04301063 0.03436709 0.03538561 0.03072729 0.03398440 0.03121506 0.02537976 0.03368195 0.03083057 0.03484707 0.02075267 0.02306841 0.03946696 0.02019111 0.01533237 0.01713414 0.02027004 0.03599596 0.03379191 0.03692237 0.02252427 0.02221680 0.03333041 0.04267198 0.01910477 0.01766199 0.03789671 0.03487105 0.03334399 0.02921902 0.02021735 0.03255421 0.04108937 0.01365709 0.03204499 0.02576085 0.01587771 0.02395763 0.02697915 0.03191510 0.03827637 0.02518763 0.04784744 0.03970220 0.03198893 0.03855718 0.04109495 0.03432218 0.03197256 0.02293875 0.04557980 0.04429339 0.02325225 0.03036105 0.02741533 0.02084793 0.04254213 0.03835946 0.01819838 0.02098955 0.03623650 0.02098614 0.03229042 0.03264233 0.03478725 0.03101513 0.03207069 0.02601872 0.02427929 0.01348184 0.04501216 0.01242747 0.02922902 0.03541288 0.02421686 0.02352108 0.03280525 0.02503942 0.02597275 0.03164039 0.03020690 0.03472452 
0.04328265 0.02706691 0.02186521 0.03262364 0.03001210 0.02975851 0.01789294 0.02711730 0.04492282 0.02892242 0.02980902 0.03949352 0.04012760 0.01904911 0.03844145 0.03677139 0.00000000 0.02451418 0.03490500 0.02824930 0.03325004 0.03347688 0.02606882 0.03015870 0.04171326 0.01849297 0.04861126 0.03616673 0.03524203 0.03001463 0.03262659 0.04083449 0.05401653 0.04655391 0.03245641 0.02584244 0.03347795 0.03705393 0.03668166 0.03754275 0.03445361 0.03041815 0.03494496 0.04590822 0.02957547 0.02490458 0.03566852 0.03261073 0.03616571 0.03151966 0.04164215 0.02904689 0.03332746 0.03220486 0.03131847 0.05367958 0.01625266 0.03234413 0.02376017 0.02719638 0.02721930 0.03796581 0.02470443 0.03263627 0.02929229 0.04300225 0.02554644 0.03591638 0.02344902 0.01458952 0.03896785 0.02199472 0.03107408 0.04923694 0.02145384 0.02010564 0.02125778 0.02694949 0.02465930 0.01602673 0.02520489 0.03201985 0.02996081 0.04727226 0.02765770 0.01500385 0.04291843 0.02593528 0.02376679 0.03101036 0.03206096 0.05045883 0.02222588 0.02865683 0.03142188 0.03394186 0.03910547 0.01989746 0.04040633 0.04018030 0.03918845 0.03431465 0.03281705 0.04504145 0.01823847 0.01750786 0.04044058 0.04430168 0.02880527 0.02814413 0.02609484 0.03249766 0.02569119 0.03303327 0.02945861 0.01727661 0.03318785 0.05221632 0.02075180 0.02512886 0.02704870 0.03843905 0.02244468 0.04012002 0.03232213 0.03148753 0.02999265 0.03892657 0.02694755 0.02014132 0.02274287 0.01971901 0.03798527 0.02286980 0.04092628 0.02469602 0.02913220 0.04819955 0.02754795 0.02308790 0.02010787 0.02162698 0.01651851 0.02508399 0.03448129 0.02705159 0.02729395 0.04151095 0.03854170 0.03853726 0.03532496 0.04382426 0.03227764 0.02192360 0.02351604 0.04597269 0.01627232 0.02401639 0.02142021 0.02401667 0.02668479 0.03392907 
0.02961212 0.02756038 0.02587733 0.04162215 0.03799923 0.02746802 0.02372977 0.03845017 0.03410468 0.02415438 0.02559056 0.02144047 0.03243562 0.03342128 0.04084138 0.03695600 0.02451418 0.00000000 0.03812138 0.06164516 0.03256345 0.03364941 0.02188741 0.03699958 0.03748423 0.04574107 0.02204531 0.03066460 0.03707665 0.03330563 0.01937094 0.04298082 0.03840394 0.03299795 0.02118783 0.02579177 0.02584493 0.01851884 0.01766522 0.02460358 0.02579053 0.02517000 0.02645093 0.02482843 0.04397347 0.02681140 0.04029969 0.04143140 0.02007747 0.03288744 0.02758922 0.01992472 0.03682390 0.03492162 0.03476555 0.03581191 0.03546407 0.02026228 0.03220891 0.03519189 0.03118928 0.03326992 0.02195381 0.03901448 0.03609680 0.01902049 0.03760178 0.03001396 0.04360323 0.03352154 0.02910768 0.02925748 0.03977630 0.02759917 0.02829807 0.04576380 0.02355798 0.03444992 0.03977631 0.03287502 0.02824111 0.02701625 0.03261373 0.02286794 0.03166934 0.03533971 0.02362440 0.03041920 0.03572608 0.03136546 0.03126657 0.02298895 0.03546176 0.02836815 0.02376669 0.03485252 0.01846960 0.03563696 0.01838385 0.03630585 0.02673567 0.02329174 0.02326063 0.04347463 0.02450870 0.04204905 0.02909584 0.03022325 0.04035223 0.02645762 0.03037853 0.04531911 0.02519063 0.02406239 0.02534547 0.04593104 0.04466154 0.02523054 0.03528787 0.02806286 0.05129658 0.03102071 0.03046606 0.02358633 0.02269777 0.02377005 0.03003275 0.04399115 0.02013897 0.02876335 0.03922357 0.02567827 0.02064653 0.02801955 0.02668734 0.02582565 0.03224143 0.02814885 0.03037797 0.02524301 0.02036700 0.02324024 0.02581373 0.03532415 0.02217450 0.02811353 0.02775694 0.03308617 0.02735165 0.02824173 0.04412284 0.02649892 0.03633090 0.03063797 0.03479482 0.02580794 0.02498824 0.03159376 0.02961783 0.04486124 0.02538092 0.02742025 
0.03629158 0.03029287 0.02388195 0.02787583 0.03753801 0.01366876 0.02927286 0.02106594 0.03113222 0.03372660 0.03118660 0.02515981 0.02995404 0.02247021 0.03619994 0.03666458 0.03490500 0.03812138 0.00000000 0.03991867 0.03254969 0.03357654 0.03701056 0.04000422 0.05861571 0.03840644 0.03536713 0.03247625 0.03563384 0.02908757 0.03168251 0.03507680 0.02034598 0.04376216 0.02777150 0.02954342 0.02684532 0.03110318 0.03220534 0.02830375 0.02170690 0.02931752 0.03150074 0.02439932 0.03776355 0.02419740 0.02986991 0.03713344 0.03648492 0.01679588 0.04266654 0.02759817 0.02589127 0.02714698 0.02798724 0.04094370 0.01682033 0.04870837 0.03017261 0.02645539 0.02980877 0.03584814 0.03427231 0.06616626 0.02181011 0.03576583 0.03746809 0.03403679 0.03667407 0.02450502 0.03697700 0.02743919 0.03263969 0.03752113 0.02037961 0.02871986 0.02255290 0.04043242 0.03022825 0.04756039 0.02403054 0.03319099 0.02259859 0.02596350 0.02600843 0.03428305 0.04019535 0.02713411 0.04067333 0.03422112 0.02876343 0.03727358 0.02544703 0.03011283 0.03178777 0.02411867 0.02479076 0.02913272 0.03420184 0.03367809 0.01587578 0.02637579 0.04321307 0.03376469 0.05079594 0.03137631 0.03499505 0.02741345 0.02684497 0.02484314 0.03014442 0.02513178 0.02590703 0.02254983 0.03161142 0.01918511 0.05599164 0.01328438 0.04768946 0.02769144 0.03208863 0.03189354 0.03188779 0.02758838 0.01224013 0.03647287 0.03420504 0.02587757 0.03412363 0.02758338 0.02960029 0.04798601 0.03874113 0.03357144 0.02381698 0.03287646 0.02633887 0.03525981 0.02872956 0.02108212 0.04417517 0.04331782 0.04188697 0.03242150 0.02841482 0.02535845 0.04296404 0.03463629 0.02016577 0.03823340 0.03591487 0.02912951 0.02660483 0.03080222 0.02031887 0.03486107 0.02539473 0.01990263 0.02444080 0.03505533 0.02681251 0.02072617 
0.02959034 0.03938121 0.03364249 0.04091998 0.03990824 0.03024119 0.02529731 0.03723987 0.03396419 0.02454229 0.02559472 0.02176705 0.03183266 0.04620261 0.03157925 0.03004010 0.02824930 0.06164516 0.03991867 0.00000000 0.03365477 0.04072423 0.02148559 0.04428463 0.04587554 0.04419472 0.02447829 0.02117668 0.02376133 0.03321971 0.02651049 0.04465810 0.04503728 0.04565256 0.02848286 0.03202403 0.02622480 0.01888562 0.01802462 0.02466317 0.02583486 0.02520526 0.02342235 0.02430842 0.01698568 0.02489893 0.01644698 0.01497390 0.01856105 0.01177580 0.02829053 0.02016015 0.03646303 0.03448348 0.03419988 0.03468500 0.02953788 0.02897015 0.02709802 0.03396324 0.03508141 0.03316543 0.02252623 0.04260724 0.03403978 0.02804554 0.02142002 0.03713616 0.03305232 0.01462028 0.03386919 0.03529089 0.03893457 0.03897144 0.03128905 0.03666962 0.02327943 0.02588040 0.03459369 0.02589146 0.01783091 0.01450173 0.01265111 0.02849469 0.03586347 0.02746776 0.03674133 0.04001246 0.03170261 0.04260395 0.03014978 0.03986920 0.03210959 0.03085761 0.02347425 0.02484494 0.03226123 0.03085925 0.02143247 0.02731676 0.03484921 0.02353329 0.02403007 0.05906103 0.03789902 0.04083533 0.02886843 0.03230108 0.04070601 0.04304462 0.03057451 0.03588830 0.02425374 0.02504345 0.02719850 0.03880094 0.03567327 0.02486578 0.04037040 0.02430393 0.03682093 0.03352186 0.03791016 0.02135099 0.02005360 0.03061927 0.03346124 0.03714479 0.02069699 0.02820876 0.03288559 0.03077027 0.04043714 0.02842383 0.02722088 0.02660793 0.02997199 0.02977819 0.03100227 0.04322545 0.02277315 0.03992310 0.03916810 0.03056942 0.02233554 0.02783859 0.03701978 0.03282813 0.02834378 0.02944774 0.04656699 0.03309818 0.03776825 0.03157382 0.04633058 0.02748812 0.01847098 0.02328259 0.01917099 0.01783749 0.02153277 0.02747528 
0.01944514 0.02152804 0.01084931 0.01831174 0.02121554 0.02736195 0.03653900 0.03310294 0.03141422 0.04762502 0.03678847 0.02721244 0.04016538 0.03925461 0.02217956 0.03752200 0.03325004 0.03256345 0.03254969 0.03365477 0.00000000 0.05790400 0.02884389 0.03563266 0.02527231 0.04544643 0.01669851 0.03327587 0.02975872 0.02987821 0.03772158 0.04329121 0.04518208 0.04395643 0.02865769 0.02898358 0.04834030 0.01834091 0.02509376 0.01464016 0.02297766 0.02781762 0.02151238 0.03654587 0.02353734 0.02799021 0.02121442 0.02840353 0.02358901 0.02387240 0.02800263 0.03481115 0.02038761 0.03202517 0.02835740 0.02559005 0.02303887 0.04296995 0.04259469 0.01219728 0.01853938 0.02277857 0.02826366 0.04553795 0.02535066 0.02409379 0.02271008 0.02937343 0.02836940 0.02439565 0.04473399 0.03410827 0.03338588 0.03154577 0.02347162 0.02120943 0.03011643 0.03195972 0.03219838 0.02399177 0.01906724 0.03826134 0.03054099 0.02077228 0.02952997 0.03683109 0.02965289 0.03056889 0.03405502 0.02991928 0.03371667 0.02602906 0.03175532 0.03365480 0.03534156 0.03632963 0.02801657 0.02158467 0.03136104 0.03006454 0.03504677 0.04610290 0.01043464 0.03256857 0.03587315 0.04039509 0.02446203 0.01775459 0.02653560 0.03437046 0.03685439 0.04404075 0.01747711 0.03820691 0.04235872 0.03801716 0.03935311 0.02616763 0.04222892 0.02560859 0.02236020 0.02795153 0.01632811 0.02220539 0.01822530 0.01886216 0.02677807 0.02710077 0.05204800 0.05988014 0.02814131 0.02696737 0.04307735 0.03558710 0.02258263 0.04512649 0.03354242 0.03351749 0.03310913 0.03183158 0.04783454 0.03396048 0.03731565 0.02996908 0.03108044 0.05189017 0.03633854 0.02490722 0.02631705 0.04103847 0.02325834 0.03035531 0.03848942 0.04959889 0.02915410 0.04405610 0.05068584 0.02762542 0.02997499 0.03734689 0.05359187 0.01890807 
0.02347692 0.01575567 0.02777329 0.02462144 0.04630678 0.03682086 0.01631234 0.03883138 0.02749465 0.01659064 0.03122751 0.02809887 0.03546807 0.04835748 0.02354361 0.05327639 0.03347688 0.03364941 0.03357654 0.04072423 0.05790400 0.00000000 0.03469858 0.05415302 0.02366780 0.05607591 0.01967269 0.02605835 0.03337622 0.02975750 0.02808725 0.03434705 0.02366016 0.03264301 0.01620697 0.03854328 0.02595198 0.02795444 0.03050484 0.01904343 0.02513858 0.02763275 0.04713306 0.02151338 0.03012909 0.03270440 0.03148894 0.03004989 0.01807066 0.03927255 0.03459751 0.03572041 0.02716152 0.03254669 0.04045292 0.03705807 0.04029496 0.02900838 0.03145536 0.02146387 0.02815866 0.03926409 0.02527192 0.03719268 0.02074112 0.02772087 0.03331695 0.02222969 0.03616740 0.02108974 0.02928418 0.03615232 0.02643809 0.02327431 0.03650473 0.03392804 0.03116570 0.02222508 0.03620850 0.02602372 0.03644099 0.03678063 0.03099954 0.03324221 0.02781595 0.03074094 0.01433832 0.03866466 0.03183909 0.03245934 0.04088666 0.02925457 0.02487015 0.01923943 0.02453380 0.02844059 0.02032513 0.02527776 0.03672699 0.02251963 0.02740339 0.03725872 0.03137785 0.01813005 0.06003571 0.03303178 0.03759481 0.04439401 0.03675284 0.03288631 0.01791583 0.04742226 0.03040672 0.02874223 0.03062132 0.03261951 0.03995240 0.03327206 0.04045905 0.04794909 0.02436250 0.03070350 0.04703431 0.02013980 0.03324610 0.03581078 0.03237747 0.03309303 0.03664264 0.03394131 0.04753275 0.01818364 0.02159820 0.03367334 0.02927140 0.03588526 0.03445418 0.02780106 0.02559201 0.02890742 0.03474233 0.04349048 0.07567557 0.02775304 0.04105916 0.02603726 0.02735964 0.02538845 0.02277288 0.01641605 0.02715082 0.02811948 0.02032865 0.01247981 0.02879924 0.01633936 0.01940454 0.03153316 0.03163617 0.04308250 0.03213203 0.02211293 
