0.00000000 0.09069569 0.08124260 0.06173421 0.04636425 0.04303344 0.03720394 0.07506780 0.03785908 0.04417546 0.03237123 0.05815397 0.06503889 0.03455597 0.03632714 0.03538285 0.02764294 0.04445715 0.03105325 0.04735209 0.05218906 0.03467905 0.02906665 0.03554423 0.02874863 0.05204226 0.05775185 0.03662062 0.03376782 0.03996103 0.02864092 0.04088892 0.02425651 0.03998670 0.05516244 0.04055776 0.03015072 0.05080580 0.03206280 0.04623631 0.04092971 0.03658600 0.02573976 0.03191022 0.02242891 0.04641550 0.02282070 0.02612949 0.05012089 0.04538311 0.02935266 0.01824873 0.01458357 0.02445166 0.02143498 0.02712250 0.02815094 0.02468287 0.03320065 0.04645193 0.04724143 0.04016339 0.01789338 0.02045561 0.02534721 0.02935439 0.02510977 0.03446973 0.01497017 0.03853510 0.02459888 0.06130109 0.02137596 0.03262843 0.02628097 0.02505200 0.02592899 0.03686640 0.02862999 0.02621722 0.00916456 0.03343904 0.01438640 0.03951656 0.02409580 0.03626014 0.02664474 0.02420635 0.04529257 0.05200117 0.02626951 0.03720305 0.03698708 0.03327031 0.02210325 0.04016339 0.03132186 0.04528736 0.03488140 0.03369343 0.03889338 0.03371383 0.02449216 0.02005115 0.01895847 0.03313941 0.03827335 0.02174140 0.01471682 0.04810328 0.06889665 0.03349128 0.06577540 0.01531599 0.02895835 0.01673362 0.01579857 0.02255943 0.04063402 0.02009063 0.02521483 0.01453292 0.02134734 0.02179076 0.02506757 0.03126567 0.03359559 0.03495051 0.04683487 0.05224776 0.02389463 0.03600862 0.05300621 
0.09069569 0.00000000 0.04800058 0.07561749 0.04611118 0.03507592 0.02877041 0.04798560 0.03541951 0.05178251 0.04493976 0.04346785 0.03111023 0.03688787 0.02554617 0.05794537 0.02937052 0.05133749 0.04332335 0.02257986 0.04022600 0.03520386 0.04143518 0.03096408 0.05037221 0.01863198 0.04108644 0.03342607 0.02766372 0.03073929 0.03313839 0.02920828 0.02984061 0.03459402 0.04619897 0.04225619 0.03490453 0.04750880 0.04924958 0.04008793 0.03343181 0.03006413 0.02371029 0.04485886 0.03806325 0.04379791 0.02277928 0.02057698 0.02870508 0.06105509 0.03447301 0.03496653 0.01669980 0.01975041 0.02703039 0.05188428 0.04445699 0.04827275 0.05120591 0.02321927 0.02925016 0.02266508 0.02194565 0.03068407 0.02903258 0.03344740 0.01610432 0.00961754 0.03904432 0.05270000 0.03266421 0.03647322 0.02109495 0.02484924 0.02905725 0.02788423 0.02203691 0.03617212 0.01113176 0.03128414 0.03507355 0.02040160 0.03146864 0.01260282 0.02584401 0.03727118 0.02889401 0.02875501 0.04397946 0.03513936 0.04475167 0.01264982 0.02039098 0.04080907 0.02875534 0.02266508 0.02800085 0.01985289 0.03029963 0.02036503 0.02124520 0.04722441 0.02679094 0.04343204 0.02964374 0.02807448 0.03467178 0.03528604 0.02084146 0.04639677 0.04761251 0.03143028 0.04483349 0.02682656 0.04241030 0.04683577 0.02295959 0.03504419 0.03604846 0.03224763 0.05115648 0.02036485 0.04540391 0.05739387 0.04830991 0.03756355 0.02811625 0.02202263 0.06542217 0.05670838 0.02157109 0.06165105 0.05874230 
0.08124260 0.04800058 0.00000000 0.01892348 0.03321304 0.03394877 0.03232438 0.04308416 0.03973224 0.02444800 0.03981586 0.04264878 0.04863088 0.02276814 0.04098491 0.04050842 0.02045923 0.04143368 0.03118648 0.04047693 0.02435655 0.06585063 0.04424595 0.04174674 0.03321213 0.04211090 0.05797204 0.05147214 0.05318235 0.04356468 0.03684604 0.02498791 0.01825331 0.02771251 0.02665682 0.02951035 0.03109942 0.03609634 0.02406809 0.02940757 0.01773447 0.02096093 0.03785690 0.03422675 0.02492051 0.02516155 0.03132755 0.04135458 0.05474731 0.03263155 0.03901339 0.02333867 0.04475108 0.03791209 0.02197678 0.03755405 0.03064109 0.02899612 0.01946543 0.04636298 0.03589541 0.04571450 0.01841580 0.01299158 0.06808628 0.03841307 0.02662619 0.02575387 0.04008957 0.02823797 0.04209286 0.03111075 0.03624931 0.05389073 0.02813268 0.03725818 0.01700847 0.02801628 0.02105819 0.03544188 0.03943371 0.03159288 0.05764337 0.03066251 0.04708533 0.03135160 0.02643009 0.02945255 0.02927900 0.05321045 0.04199495 0.04642983 0.03163806 0.02243480 0.04149350 0.04571450 0.02831275 0.04551189 0.03190904 0.03798689 0.04381119 0.02570799 0.01730496 0.02146679 0.04263266 0.03351500 0.03565696 0.02449277 0.02235195 0.05292330 0.07243652 0.02925455 0.03124301 0.01697494 0.02453070 0.03274012 0.02439423 0.01888994 0.03414986 0.03873545 0.05056225 0.02776479 0.03767996 0.04236329 0.03344964 0.03805951 0.03774197 0.03091900 0.02277524 0.04340328 0.02612160 0.03599167 0.03804208 
0.06173421 0.07561749 0.01892348 0.00000000 0.03888793 0.04576530 0.05794126 0.03960036 0.06959736 0.05745205 0.04973393 0.05661926 0.04630787 0.06605554 0.04230189 0.03838563 0.04723638 0.06535621 0.03038904 0.03220783 0.04423978 0.03537769 0.02723236 0.02600371 0.06232330 0.02631450 0.04923744 0.02937033 0.03032816 0.02745114 0.03779203 0.04268942 0.02842165 0.03995872 0.02563834 0.04105196 0.03639401 0.04017053 0.03813183 0.04103946 0.03224594 0.03278231 0.01928002 0.06533596 0.01732180 0.03329297 0.02982149 0.03408144 0.02319031 0.02552041 0.03046408 0.02792481 0.03670586 0.02399079 0.02958356 0.02599496 0.03426719 0.03343752 0.05176558 0.01586831 0.03691273 0.02169753 0.04515506 0.03242384 0.02956363 0.03232675 0.01867436 0.01700993 0.01839660 0.03793309 0.02939609 0.04094194 0.04542774 0.01926394 0.03220685 0.02554942 0.02809294 0.05708986 0.02042063 0.02134576 0.03990635 0.03706777 0.02687412 0.02252250 0.04318121 0.03931593 0.04363639 0.03614515 0.02305075 0.02321774 0.05362144 0.01972875 0.02503822 0.02382391 0.04695514 0.02169753 0.06399648 0.01578132 0.06902619 0.01695563 0.01965616 0.03765866 0.03885577 0.04549908 0.02450431 0.02166044 0.03423911 0.05300115 0.01898966 0.03264031 0.01985764 0.01628457 0.02961775 0.02041735 0.04827709 0.04909022 0.03482467 0.04174355 0.03235553 0.01720689 0.02723771 0.04157363 0.02405817 0.03063802 0.05043404 0.04371519 0.03715946 0.01699352 0.03167150 0.03975536 0.02111948 0.03990984 0.03923355 
0.04636425 0.04611118 0.03321304 0.03888793 0.00000000 0.05567502 0.02794050 0.03691570 0.03362302 0.04535419 0.06813646 0.04816889 0.02498673 0.04329337 0.03392106 0.07220578 0.03547183 0.05530597 0.04518892 0.02682276 0.04497275 0.04134205 0.04806071 0.07182058 0.03717573 0.03033161 0.03944458 0.05268843 0.02403408 0.03241886 0.03346324 0.02448980 0.01684316 0.02774067 0.03784851 0.04256845 0.03966357 0.05099398 0.05151619 0.03680463 0.05272746 0.02876377 0.02797657 0.02653696 0.05261496 0.04984486 0.02897772 0.02627806 0.03105596 0.03672976 0.05405760 0.02122220 0.02883977 0.03304902 0.05936700 0.03683067 0.04002790 0.03476416 0.03818060 0.01887035 0.02370647 0.02424068 0.02531879 0.02545843 0.05663667 0.03346830 0.02320008 0.01170650 0.02066189 0.04647676 0.01646603 0.04617538 0.04561079 0.01544446 0.02729185 0.02294063 0.02270555 0.05792281 0.02842320 0.05526420 0.03271676 0.01614159 0.02523050 0.02726153 0.07399048 0.03530027 0.03080025 0.03204139 0.05601512 0.03530864 0.04761295 0.01938031 0.02129910 0.05031154 0.02151971 0.02424068 0.03939014 0.01812450 0.02008787 0.01491188 0.02205979 0.03863243 0.02857459 0.03264847 0.03701069 0.02273743 0.03288466 0.03304311 0.03454720 0.02497713 0.02343836 0.03432216 0.01511013 0.04796607 0.03379868 0.03548285 0.02789454 0.03802711 0.01962387 0.03351987 0.05764525 0.03506531 0.02473471 0.02407301 0.02045722 0.03632367 0.02961438 0.02145491 0.02872560 0.03707783 0.05562065 0.03582915 0.06549450 
0.04303344 0.03507592 0.03394877 0.04576530 0.05567502 0.00000000 0.04788627 0.03396578 0.02833886 0.04619500 0.02932298 0.05887726 0.05634432 0.04098613 0.07994634 0.04006030 0.03909147 0.05311658 0.04192338 0.03830125 0.03381679 0.03816801 0.02724426 0.06034257 0.03141877 0.04968913 0.02951485 0.02386759 0.05152284 0.02579757 0.02780526 0.04691404 0.03580759 0.02955303 0.05052873 0.03863532 0.04997072 0.05113118 0.05282362 0.04109298 0.03776561 0.02525728 0.01206013 0.01771066 0.04817807 0.03442267 0.02560956 0.03411733 0.05274334 0.03111210 0.04223173 0.02775508 0.02950308 0.05166112 0.04567372 0.02207934 0.03449696 0.06241751 0.03556405 0.01064548 0.01199462 0.01720390 0.04834613 0.02899719 0.01674360 0.02421083 0.01945232 0.02327094 0.03703172 0.04949197 0.03734219 0.03868034 0.02220421 0.03068217 0.02377383 0.04205444 0.01399437 0.02348077 0.02297102 0.06675128 0.03532651 0.02412284 0.03317723 0.04201759 0.03563779 0.04009422 0.02446427 0.04834454 0.05003672 0.03193779 0.04156684 0.01803260 0.02816383 0.06692046 0.04171380 0.01720390 0.03607092 0.01085793 0.03084000 0.00683241 0.01605394 0.03213718 0.03204115 0.03126625 0.02960990 0.01486724 0.03394948 0.03279566 0.02405914 0.04265141 0.01651544 0.03065451 0.01869933 0.03529371 0.03905195 0.03997906 0.02373488 0.04152929 0.05205035 0.04379546 0.02284086 0.04688585 0.03106279 0.02616170 0.01005766 0.03423351 0.03756507 0.02039323 0.05109335 0.04344958 0.03573267 0.04674489 0.03681458 
0.03720394 0.02877041 0.03232438 0.05794126 0.02794050 0.04788627 0.00000000 0.03598405 0.03222818 0.08433130 0.03169410 0.02262078 0.04354079 0.04257947 0.02740189 0.05733029 0.05306705 0.03461628 0.09179635 0.05771128 0.02708257 0.04747742 0.03071384 0.07277641 0.03317792 0.04842214 0.02775659 0.04667593 0.04094128 0.04892573 0.02323943 0.02420675 0.03246414 0.05569089 0.03614863 0.03931918 0.01784446 0.05325230 0.03214081 0.04106418 0.03306031 0.03635982 0.02194635 0.02082671 0.02651052 0.07269794 0.01274805 0.03219426 0.06780268 0.00962259 0.02401868 0.02467932 0.02418124 0.01777875 0.02928253 0.06102907 0.06772372 0.04862229 0.05174417 0.02857397 0.04932217 0.02771527 0.01240896 0.02697382 0.02194495 0.02565252 0.02022087 0.04019340 0.01886857 0.03249378 0.02525678 0.03094006 0.01245420 0.02016358 0.01751970 0.01808287 0.03165565 0.08526146 0.03261199 0.03828344 0.05978713 0.02512591 0.01429310 0.03116519 0.01673552 0.05043291 0.01373931 0.03556917 0.04358695 0.03417973 0.06317907 0.03093213 0.03980922 0.03099994 0.02494793 0.02771527 0.03564255 0.02876835 0.02192587 0.02809655 0.02623596 0.02408856 0.04352212 0.02901805 0.01880623 0.02365113 0.03589293 0.02326883 0.01803721 0.02120174 0.02348072 0.03183891 0.01249207 0.01695255 0.04926232 0.03255812 0.01136186 0.03360505 0.01200172 0.02427338 0.03777222 0.05288783 0.05279721 0.05606828 0.04813638 0.04080355 0.03093303 0.02907551 0.03584117 0.01916478 0.06578672 0.03745123 0.02603986 
0.07506780 0.04798560 0.04308416 0.03960036 0.03691570 0.03396578 0.03598405 0.00000000 0.04632550 0.05103317 0.05553686 0.02243855 0.02587913 0.03358840 0.03615583 0.03897923 0.03996056 0.05877173 0.04208237 0.03295318 0.03783770 0.03230255 0.04917504 0.03049335 0.02667618 0.03622117 0.05120174 0.03416445 0.02432636 0.03276040 0.04749467 0.04026830 0.05176608 0.04585237 0.04399706 0.04475945 0.03850241 0.03350735 0.03791126 0.04053320 0.03733627 0.02473081 0.02703815 0.03881407 0.01963425 0.02465504 0.02459161 0.01433881 0.02724427 0.03197461 0.03775133 0.01978103 0.02525180 0.02271190 0.04084957 0.03988814 0.02028506 0.02491065 0.02883917 0.03646852 0.03830389 0.03902952 0.03584384 0.03264972 0.02768529 0.04279859 0.01850043 0.01663870 0.03486231 0.03142138 0.03505266 0.02874839 0.03904412 0.02277911 0.02802400 0.04053437 0.02307865 0.01760866 0.04666079 0.05351281 0.03771984 0.02565449 0.05271431 0.03120707 0.04084948 0.02702990 0.05491095 0.04799873 0.03835991 0.03965406 0.02893376 0.02974052 0.02531439 0.05092162 0.01511284 0.03902952 0.02132481 0.03534211 0.02512178 0.02826372 0.03691493 0.03827329 0.03504399 0.04029132 0.05554367 0.03557749 0.03346649 0.03221259 0.02792199 0.02947578 0.05570759 0.02835364 0.05960344 0.03887276 0.03655376 0.03892356 0.05235121 0.04341916 0.03035497 0.02455606 0.04581038 0.01031447 0.04004778 0.01204170 0.01520854 0.03984269 0.04763904 0.02877260 0.05189838 0.03370054 0.03039040 0.01947329 0.03280218 
0.03785908 0.03541951 0.03973224 0.06959736 0.03362302 0.02833886 0.03222818 0.04632550 0.00000000 0.02719288 0.02579437 0.04265854 0.02962315 0.07141645 0.04935020 0.06251277 0.02953506 0.05367445 0.03309525 0.02848856 0.04910359 0.02747636 0.04331213 0.02026185 0.06450793 0.03059155 0.03622572 0.02219733 0.02531172 0.03836748 0.03271303 0.05606605 0.04670422 0.04724346 0.04507390 0.03935396 0.04677421 0.01269697 0.02898128 0.05286830 0.02556575 0.03062049 0.02133086 0.03873051 0.02596945 0.02877005 0.02065277 0.03277337 0.03556814 0.03261777 0.00632855 0.03052025 0.04730877 0.02891728 0.04719474 0.02153299 0.03985944 0.02165711 0.02501069 0.02570683 0.02014775 0.02942882 0.03224882 0.03191713 0.02630289 0.03602484 0.02248487 0.01290028 0.02241756 0.03460814 0.04436236 0.04292814 0.04696605 0.02799160 0.03217535 0.03720097 0.02172163 0.04265006 0.03781921 0.02480629 0.04457184 0.04448116 0.02728242 0.02674901 0.05860547 0.03414410 0.02911585 0.02940181 0.03520604 0.02850048 0.04933389 0.02267295 0.02203807 0.02640315 0.04547300 0.02942882 0.07187454 0.02448075 0.06707551 0.01854515 0.02742630 0.03366167 0.02344881 0.04256092 0.04550538 0.02695403 0.03345347 0.02852491 0.02312056 0.05036454 0.02934427 0.03206213 0.03109335 0.04029337 0.02920618 0.04672245 0.03035566 0.03190695 0.04287489 0.02847942 0.03090257 0.07274294 0.02017101 0.04509902 0.03210710 0.05454821 0.04027204 0.03441320 0.04024926 0.04508783 0.02071105 0.04834022 0.03161254 
0.04417546 0.05178251 0.02444800 0.05745205 0.04535419 0.04619500 0.08433130 0.05103317 0.02719288 0.00000000 0.04040152 0.03455869 0.05306932 0.04217798 0.02896404 0.03964096 0.05126787 0.05607288 0.07132138 0.03311149 0.03395477 0.03492876 0.02622220 0.05523245 0.03022497 0.02013057 0.04860326 0.06499379 0.04187970 0.02847557 0.04684895 0.04940879 0.05295393 0.04703247 0.03298411 0.05233858 0.02567584 0.03996030 0.03648392 0.03618102 0.03671722 0.03187242 0.03590535 0.02125931 0.03121039 0.03170019 0.03776218 0.02560972 0.03031330 0.01970576 0.03158027 0.01854526 0.03177554 0.03044211 0.04132450 0.04736179 0.02621040 0.04100161 0.03919012 0.03374815 0.03258645 0.03709271 0.05091158 0.03922423 0.01920698 0.04287632 0.02935037 0.01388490 0.02259427 0.05249978 0.01741558 0.02177114 0.02664126 0.03227265 0.04021166 0.02119732 0.02418441 0.03963962 0.01656726 0.04941814 0.05271092 0.03201396 0.02256909 0.01562456 0.04353929 0.04293584 0.01719872 0.04347766 0.04226740 0.01686214 0.04284334 0.02776468 0.02497335 0.02027348 0.01753869 0.03709271 0.01785619 0.03322800 0.01839816 0.02800382 0.03433416 0.02959007 0.03440286 0.03050032 0.03630097 0.03654176 0.03302063 0.02614048 0.04682392 0.04880744 0.02502322 0.01324135 0.02384540 0.02523850 0.02454882 0.02930604 0.03767322 0.03777193 0.02700803 0.02205053 0.04972012 0.02555034 0.05043371 0.03019975 0.03559979 0.03880886 0.03929805 0.03233693 0.05056513 0.03679126 0.06472635 0.01631287 0.03357350 
0.03237123 0.04493976 0.03981586 0.04973393 0.06813646 0.02932298 0.03169410 0.05553686 0.02579437 0.04040152 0.00000000 0.03285374 0.01702093 0.02288493 0.02318464 0.06858989 0.06621577 0.04157294 0.04830573 0.05483375 0.05649028 0.04005570 0.02883067 0.04417295 0.03484776 0.04574289 0.03190798 0.02038443 0.03951777 0.03403509 0.02396900 0.01318299 0.04325145 0.02275242 0.03389913 0.06180938 0.03960139 0.04372875 0.03517399 0.02131798 0.05893051 0.06488921 0.02011844 0.04966576 0.04698587 0.03728877 0.03280887 0.02363588 0.02851678 0.05183395 0.06512716 0.02233308 0.02662739 0.02021224 0.02104711 0.03124648 0.05347386 0.04516340 0.03268895 0.02844763 0.02282890 0.02664738 0.01103523 0.00987669 0.04830515 0.02412928 0.03159844 0.04073173 0.04192650 0.03574844 0.03082239 0.01649719 0.03206691 0.02131916 0.03060410 0.02322945 0.03172279 0.02212962 0.03445248 0.03050721 0.03437205 0.02196937 0.01967039 0.03028720 0.02233513 0.07773823 0.03660461 0.02499583 0.04260490 0.05034026 0.05206757 0.02965767 0.03809611 0.05306304 0.02237612 0.02664738 0.00974357 0.02714777 0.01212108 0.02679658 0.02543921 0.01369151 0.04408145 0.02520363 0.01943365 0.02236588 0.03607887 0.02646886 0.04279525 0.02552044 0.05072724 0.02797406 0.02236666 0.02823747 0.03178852 0.02854203 0.01699798 0.03393986 0.03095291 0.05591333 0.05291970 0.03295064 0.06568284 0.03653445 0.02931822 0.04780696 0.03135620 0.02667893 0.03872348 0.05028361 0.05458889 0.02313573 0.03407816 
0.05815397 0.04346785 0.04264878 0.05661926 0.04816889 0.05887726 0.02262078 0.02243855 0.04265854 0.03455869 0.03285374 0.00000000 0.09062243 0.05079684 0.02064871 0.03845064 0.04407003 0.03401218 0.02796013 0.03824259 0.04330968 0.05214191 0.04472014 0.05060276 0.03611665 0.04790039 0.03473521 0.02945843 0.04860009 0.04461285 0.02427800 0.02294587 0.02205272 0.02050118 0.04723082 0.02518821 0.02767705 0.02848186 0.04009794 0.03560540 0.02901675 0.03012064 0.03062011 0.03424754 0.03002458 0.04323143 0.02486739 0.03784585 0.06923792 0.04860486 0.04054719 0.02435475 0.03257382 0.05228237 0.05645426 0.04125388 0.03422509 0.03147572 0.05588745 0.01750157 0.01339073 0.01900850 0.03157586 0.01479787 0.02639946 0.02645714 0.04422265 0.02075563 0.03045591 0.03430297 0.03572762 0.06170951 0.06917154 0.03599510 0.02088987 0.02477978 0.02512755 0.03040787 0.01545067 0.04949569 0.05435184 0.02151942 0.03196290 0.04062870 0.02828366 0.02108952 0.03398198 0.02265579 0.01813449 0.02109106 0.04739206 0.01884943 0.02855341 0.04310304 0.03238590 0.01900850 0.03978559 0.01464268 0.05877530 0.01246060 0.01920351 0.06266206 0.02055766 0.06373774 0.02467855 0.01382760 0.03414048 0.04187085 0.05527907 0.04457445 0.01298760 0.03832762 0.03022195 0.02735218 0.02947139 0.03478583 0.01493862 0.03266454 0.03971943 0.02450283 0.02521689 0.05459021 0.03556098 0.02252319 0.03291990 0.02392351 0.03044707 0.01499115 0.02333072 0.06298353 0.05015951 0.04053587 0.04409458 
0.06503889 0.03111023 0.04863088 0.04630787 0.02498673 0.05634432 0.04354079 0.02587913 0.02962315 0.05306932 0.01702093 0.09062243 0.00000000 0.02445343 0.03637095 0.02876229 0.02906977 0.06321587 0.03929905 0.03632742 0.03794390 0.03053384 0.01427780 0.07199106 0.02419676 0.04622006 0.03836471 0.03808348 0.04370243 0.04327077 0.04447931 0.02883998 0.05083681 0.01263557 0.03975302 0.03713592 0.01296318 0.03888825 0.04416521 0.03284168 0.01810557 0.06557176 0.01985611 0.03010414 0.02836350 0.01564866 0.02366011 0.03339733 0.07761260 0.03772094 0.05836130 0.02458746 0.02289171 0.04264506 0.04204290 0.02694676 0.03904187 0.03598094 0.04793597 0.03429845 0.01074045 0.03634001 0.04415050 0.01659751 0.02589673 0.03517189 0.02199929 0.01967179 0.03248784 0.03758849 0.02467327 0.02623447 0.03862268 0.04083736 0.03246117 0.03399688 0.01845702 0.05585569 0.02949157 0.05243050 0.05111651 0.04252938 0.03404432 0.03921832 0.05554555 0.02664424 0.03239227 0.03404739 0.03282893 0.03032881 0.06912544 0.02867226 0.02671498 0.02603906 0.03041800 0.03634001 0.01949404 0.03323400 0.02088308 0.02135563 0.03425967 0.03987107 0.02587685 0.02904015 0.05221216 0.02673300 0.03401693 0.04696139 0.05336635 0.03315214 0.04035039 0.02289790 0.02849265 0.01392520 0.02233836 0.04592513 0.02959413 0.03730117 0.04655383 0.02680533 0.04356905 0.01155130 0.00799535 0.03741433 0.02615118 0.02300705 0.05341827 0.02193783 0.01821894 0.05187299 0.05024687 0.03850396 0.02223514 
0.03455597 0.03688787 0.02276814 0.06605554 0.04329337 0.04098613 0.04257947 0.03358840 0.07141645 0.04217798 0.02288493 0.05079684 0.02445343 0.00000000 0.06178474 0.08201442 0.04504827 0.03930733 0.03410325 0.04053463 0.04269982 0.04376166 0.04647254 0.02740013 0.04140249 0.03626313 0.04069392 0.02128893 0.02944112 0.05960811 0.02815217 0.05032214 0.03212052 0.05200874 0.07372615 0.03359708 0.03008584 0.01833123 0.02764559 0.05341424 0.02551825 0.02472487 0.02496321 0.02490731 0.01996935 0.04195060 0.05157886 0.04661433 0.02030784 0.02942128 0.02276676 0.04167799 0.04930950 0.03963658 0.07157659 0.02036100 0.02394776 0.03055386 0.01535632 0.02422225 0.02307295 0.02342325 0.02961152 0.05224505 0.02616421 0.03613861 0.02640383 0.02313055 0.02247147 0.04341253 0.02424122 0.06000700 0.04936084 0.02093731 0.03169120 0.03301404 0.03453782 0.05105945 0.01127337 0.03473564 0.04767716 0.03902579 0.02413401 0.02797781 0.03610051 0.03292607 0.03211474 0.02225203 0.06383264 0.02376374 0.04006511 0.02201878 0.02962054 0.02591905 0.04356090 0.02342325 0.07488706 0.02088533 0.08663060 0.02581149 0.02416008 0.02406646 0.03236303 0.04870008 0.01749135 0.03082529 0.03413157 0.02458955 0.02117046 0.06429647 0.02884158 0.01488766 0.01784838 0.03769104 0.03287053 0.04017739 0.02156632 0.04084087 0.03507135 0.02271909 0.02685940 0.02752861 0.04124045 0.03858352 0.03961325 0.03457850 0.02386215 0.02481409 0.01860321 0.02469306 0.02283491 0.01864167 0.02971177 
0.03632714 0.02554617 0.04098491 0.04230189 0.03392106 0.07994634 0.02740189 0.03615583 0.04935020 0.02896404 0.02318464 0.02064871 0.03637095 0.06178474 0.00000000 0.05524298 0.04205927 0.02614152 0.03523684 0.04332147 0.03375009 0.03678553 0.03444494 0.02118047 0.02274629 0.03810515 0.04090810 0.02733147 0.04116692 0.07488706 0.04678049 0.04443268 0.02261184 0.02580954 0.03457157 0.01474928 0.02488730 0.02507596 0.01811575 0.03536881 0.05012017 0.04288898 0.04437379 0.04412588 0.00764651 0.03488638 0.02385782 0.03920290 0.02368647 0.01540460 0.02646602 0.03670483 0.03776527 0.03400209 0.05425969 0.02564340 0.01439106 0.01300224 0.03642535 0.04509784 0.04325209 0.04667721 0.03264832 0.03630978 0.02823381 0.05207632 0.03118326 0.02476694 0.03736745 0.06520483 0.04614076 0.04286481 0.03492806 0.04015266 0.03017481 0.05658248 0.03581687 0.01884686 0.02635851 0.03018345 0.01792538 0.04265095 0.06154610 0.02924623 0.05971194 0.01852257 0.02442185 0.05689956 0.05480860 0.02749678 0.02987254 0.03687954 0.03174494 0.02795664 0.05219753 0.04667721 0.04458208 0.04507941 0.02990114 0.04513222 0.04394224 0.01906207 0.03439747 0.02695687 0.03143275 0.04988759 0.03431845 0.01313783 0.02732829 0.02575136 0.04463912 0.02711564 0.02209062 0.02435808 0.03957219 0.03486205 0.03349483 0.04257253 0.05482116 0.02815220 0.02110523 0.03909272 0.01771434 0.04610083 0.02743158 0.02667277 0.04406182 0.03434041 0.01893829 0.04737305 0.02052625 0.02290470 0.02585812 
0.03538285 0.05794537 0.04050842 0.03838563 0.07220578 0.04006030 0.05733029 0.03897923 0.06251277 0.03964096 0.06858989 0.03845064 0.02876229 0.08201442 0.05524298 0.00000000 0.04061898 0.02481975 0.06043459 0.03127338 0.04640645 0.02692760 0.02879661 0.02232986 0.03310779 0.03700734 0.03048931 0.01632909 0.02064948 0.04932746 0.03924549 0.02706995 0.02199195 0.03682186 0.04111469 0.04073747 0.03171667 0.02839804 0.02732334 0.04534249 0.02470656 0.02057705 0.03174003 0.03713709 0.01395061 0.04952231 0.03669598 0.02821209 0.03014209 0.03245078 0.03031007 0.03119686 0.05305929 0.03321523 0.08016581 0.03866439 0.05542539 0.04300060 0.02392048 0.02708889 0.01941074 0.02731115 0.01514013 0.01769041 0.02541737 0.03648343 0.03715632 0.01608312 0.02509746 0.04296724 0.01100828 0.05131992 0.02212238 0.03295975 0.02223581 0.03022424 0.02677975 0.05986198 0.01573882 0.03486069 0.02483176 0.03891096 0.02066295 0.03249664 0.05433183 0.04588552 0.01784759 0.02325101 0.02724718 0.03802448 0.02541501 0.03455953 0.02409724 0.04499626 0.03446120 0.02731115 0.05557806 0.02472203 0.03789368 0.02987581 0.02590490 0.04765309 0.03448496 0.04159272 0.02895942 0.03135084 0.03345941 0.02470429 0.03543037 0.03258448 0.03405540 0.04706371 0.01803422 0.03514044 0.03596042 0.03579872 0.01089737 0.04357082 0.01621642 0.03133940 0.04491697 0.03615781 0.01331520 0.04776261 0.06095065 0.04434309 0.04334518 0.03060016 0.03231695 0.06226473 0.03818604 0.02872800 0.02821682 
0.02764294 0.02937052 0.02045923 0.04723638 0.03547183 0.03909147 0.05306705 0.03996056 0.02953506 0.05126787 0.06621577 0.04407003 0.02906977 0.04504827 0.04205927 0.04061898 0.00000000 0.03039218 0.04707513 0.06021281 0.02972062 0.02633941 0.04973273 0.04909558 0.04895895 0.05073053 0.01889336 0.01997852 0.04662706 0.04966219 0.05578077 0.02093614 0.04105435 0.02051860 0.03779787 0.02978288 0.03944692 0.02531501 0.04055364 0.02710338 0.02075871 0.02487035 0.03550947 0.02923280 0.03273981 0.02674626 0.04516982 0.03020184 0.03014845 0.03215750 0.04361842 0.03585100 0.04548980 0.01194232 0.01563245 0.03460366 0.02981096 0.02711800 0.03613553 0.02768727 0.03148887 0.03037477 0.02421438 0.04490135 0.03795808 0.04081631 0.05187984 0.04099915 0.02575278 0.02639846 0.01441801 0.01476167 0.02733715 0.03247619 0.05556625 0.03473329 0.05220809 0.03323776 0.02630365 0.03814548 0.04201285 0.03346331 0.03279419 0.03436072 0.03105139 0.01617885 0.05185250 0.04087751 0.02812939 0.03952392 0.02635516 0.03410424 0.04312528 0.04044771 0.01902444 0.03037477 0.02550929 0.03085181 0.03986778 0.04619822 0.02731249 0.03462152 0.06872110 0.03444552 0.03724052 0.03733590 0.03612590 0.03533167 0.03865109 0.02906095 0.03099265 0.02616119 0.02869130 0.04872252 0.03327332 0.03092272 0.03852013 0.06089544 0.02743556 0.02404218 0.02621457 0.03123254 0.02767199 0.03264286 0.03432871 0.02807831 0.04483401 0.02924134 0.02009205 0.04518951 0.03257001 0.02809015 0.01792621 
0.04445715 0.05133749 0.04143368 0.06535621 0.05530597 0.05311658 0.03461628 0.05877173 0.05367445 0.05607288 0.04157294 0.03401218 0.06321587 0.03930733 0.02614152 0.02481975 0.03039218 0.00000000 0.04038329 0.02867757 0.02365120 0.06457226 0.04136057 0.04596409 0.06059243 0.02040768 0.05463408 0.07165866 0.02098770 0.02900947 0.02644018 0.03555124 0.04239227 0.04419510 0.03506963 0.04490393 0.04082023 0.04215242 0.05357048 0.02740386 0.03657185 0.05807945 0.01617154 0.03749974 0.05550884 0.02381012 0.01967077 0.01974420 0.02855463 0.04236596 0.03403029 0.02638284 0.01915330 0.02440304 0.04698098 0.03855514 0.03808394 0.03542444 0.03303435 0.01000003 0.03550647 0.01752771 0.04280848 0.04066565 0.04927619 0.02950628 0.01902666 0.01513256 0.03304972 0.05787203 0.02628756 0.03459606 0.03300448 0.02199527 0.03468906 0.03758648 0.02640566 0.04658489 0.05524747 0.03294574 0.03330528 0.03452039 0.02047853 0.01791066 0.02175180 0.05286728 0.02458324 0.04418206 0.03748777 0.03581925 0.05959483 0.01560980 0.02167220 0.01986705 0.03972163 0.01752771 0.01584321 0.00981523 0.01055145 0.01184194 0.01565822 0.05038937 0.02953946 0.03417050 0.01942642 0.01720316 0.03314148 0.03828327 0.04050851 0.01782847 0.02739444 0.02934315 0.03679850 0.03705883 0.03761881 0.05864964 0.04362798 0.03148791 0.04209747 0.03778878 0.02667243 0.03122448 0.03833530 0.04243248 0.01801072 0.04340787 0.02459620 0.02990400 0.04139245 0.04304050 0.02875339 0.04052451 0.04934240 
0.03105325 0.04332335 0.03118648 0.03038904 0.04518892 0.04192338 0.09179635 0.04208237 0.03309525 0.07132138 0.04830573 0.02796013 0.03929905 0.03410325 0.03523684 0.06043459 0.04707513 0.04038329 0.00000000 0.02827855 0.03896644 0.07477913 0.03449893 0.05204703 0.03701325 0.02532494 0.04107031 0.04800652 0.03675398 0.03520675 0.03500697 0.03419170 0.03271216 0.04112095 0.02409157 0.04110666 0.02778067 0.03919803 0.03662107 0.03800275 0.01105133 0.04366790 0.02469870 0.00935253 0.03014000 0.04604633 0.02019589 0.01588431 0.03410073 0.02062821 0.01843886 0.05293288 0.03325189 0.03006562 0.03323633 0.02529234 0.04861286 0.05278079 0.04758107 0.01757274 0.02424755 0.01891479 0.05714679 0.04035394 0.02458966 0.03030862 0.03445342 0.01264418 0.04631232 0.03885311 0.03649935 0.02291570 0.04376737 0.02743650 0.04088900 0.03594342 0.02348820 0.04363349 0.02894530 0.02404058 0.04902064 0.02300561 0.03767744 0.02182163 0.03050033 0.04918495 0.02466677 0.03931089 0.04853276 0.02876588 0.03531634 0.03317087 0.02180918 0.05025746 0.03692368 0.01891479 0.03885154 0.01481364 0.02326232 0.02083268 0.01764515 0.01900934 0.03340897 0.03119043 0.02693430 0.02271347 0.03309579 0.03258256 0.03401477 0.02627477 0.02706502 0.03553007 0.00186934 0.02347446 0.04298388 0.04162109 0.04737485 0.04020232 0.03817703 0.04774264 0.04525606 0.04509491 0.03045093 0.06394955 0.03597111 0.03079959 0.02834661 0.03801862 0.04695648 0.03657800 0.06535924 0.04702321 0.03448034 
0.04735209 0.02257986 0.04047693 0.03220783 0.02682276 0.03830125 0.05771128 0.03295318 0.02848856 0.03311149 0.05483375 0.03824259 0.03632742 0.04053463 0.04332147 0.03127338 0.06021281 0.02867757 0.02827855 0.00000000 0.03399061 0.03543366 0.04719705 0.04116635 0.03509634 0.06764947 0.02869843 0.03583641 0.06109325 0.05258019 0.02917151 0.02972675 0.04046252 0.03126537 0.03280427 0.03013367 0.02898754 0.02536557 0.02842016 0.02899058 0.03105530 0.03134842 0.04037730 0.02981532 0.02903320 0.04004426 0.03000046 0.03948608 0.03268012 0.02424099 0.03823557 0.02997165 0.03458055 0.02476627 0.02237306 0.03201607 0.03217394 0.02721629 0.03534701 0.04678736 0.03475643 0.04338367 0.03346871 0.02882002 0.03071101 0.02897321 0.03875670 0.05678931 0.03272215 0.01847145 0.02595627 0.02619121 0.02487155 0.03339432 0.03146059 0.02451098 0.05064343 0.03813147 0.04515229 0.03059214 0.03195022 0.03633111 0.03548692 0.04619937 0.03117433 0.02817108 0.03757655 0.03350204 0.03032758 0.04989853 0.03111147 0.04616122 0.05182334 0.03642414 0.03155843 0.04338367 0.01950789 0.04894786 0.03384817 0.05313439 0.04145406 0.02916182 0.04874877 0.03309527 0.03044256 0.04028534 0.03880207 0.02662290 0.02445480 0.02745570 0.03891409 0.03158348 0.03687756 0.03511994 0.03228066 0.02776609 0.03294804 0.02845635 0.03235883 0.03209810 0.03130697 0.02356804 0.03695310 0.02418358 0.04071043 0.02692295 0.02767685 0.02586333 0.01887457 0.02827563 0.03175423 0.03790087 0.02594537 
0.05218906 0.04022600 0.02435655 0.04423978 0.04497275 0.03381679 0.02708257 0.03783770 0.04910359 0.03395477 0.05649028 0.04330968 0.03794390 0.04269982 0.03375009 0.04640645 0.02972062 0.02365120 0.03896644 0.03399061 0.00000000 0.05484807 0.03045006 0.06873203 0.04752384 0.02789111 0.05390744 0.02925767 0.03272596 0.01348722 0.04208339 0.04492179 0.03779340 0.06497384 0.04885656 0.04735179 0.03066367 0.03137530 0.04335197 0.04140131 0.04472391 0.05374384 0.02228986 0.01770477 0.06021672 0.03365895 0.01916968 0.01967434 0.03095445 0.03448636 0.03908584 0.03681911 0.03312820 0.04519337 0.01677086 0.03373819 0.02511480 0.02643651 0.02634783 0.03538223 0.01994121 0.03465704 0.03212238 0.03586501 0.01777586 0.03491096 0.01645957 0.02903026 0.02673979 0.02954495 0.03397707 0.03582759 0.05281980 0.02547763 0.03975957 0.02761975 0.02455777 0.05566155 0.03850172 0.02932089 0.05596496 0.03734384 0.03329694 0.02431838 0.02485325 0.03379157 0.03008251 0.01193051 0.04764569 0.02330937 0.02909371 0.02676111 0.02471884 0.02125584 0.04314757 0.03465704 0.06283907 0.03408344 0.06348833 0.02356323 0.03932918 0.06432397 0.02747241 0.01684837 0.02976627 0.02789614 0.03305503 0.03783525 0.06031715 0.02451533 0.02427824 0.03309055 0.02812111 0.01047613 0.03330192 0.02328537 0.02824039 0.03033059 0.05057945 0.06119921 0.04099627 0.04761734 0.04647025 0.03636253 0.02432641 0.04591158 0.03025752 0.02436868 0.03788575 0.03307873 0.02260233 0.02119231 0.03581424 
0.03467905 0.03520386 0.06585063 0.03537769 0.04134205 0.03816801 0.04747742 0.03230255 0.02747636 0.03492876 0.04005570 0.05214191 0.03053384 0.04376166 0.03678553 0.02692760 0.02633941 0.06457226 0.07477913 0.03543366 0.05484807 0.00000000 0.03566062 0.08870285 0.04900597 0.04452618 0.05633798 0.05093411 0.03354720 0.05330575 0.02153063 0.04364104 0.03876266 0.04054139 0.03129482 0.02116841 0.01128713 0.02988971 0.03055561 0.04979466 0.05517882 0.03779080 0.02759543 0.03679768 0.03304101 0.02205260 0.01808715 0.02627292 0.03109966 0.03841638 0.02772555 0.03742991 0.01653011 0.02372614 0.01340320 0.02884796 0.03707276 0.04184625 0.04077056 0.04384364 0.02772278 0.03119186 0.04921345 0.05259609 0.04700855 0.02948357 0.03020748 0.02687708 0.03162569 0.02529312 0.02726039 0.02371148 0.04330373 0.02416571 0.02974968 0.02503326 0.02114220 0.02359707 0.03102416 0.03137955 0.03064566 0.02444733 0.02149006 0.03922884 0.01952664 0.04234880 0.02593703 0.02288071 0.07082540 0.02755227 0.03146415 0.02612658 0.02729452 0.02618968 0.04219821 0.03119186 0.04376086 0.04621733 0.03601653 0.02441195 0.04327037 0.06133558 0.01617713 0.01672647 0.02774440 0.03260566 0.03336356 0.02599663 0.02973439 0.05242143 0.02231309 0.03945368 0.03409104 0.02651371 0.02531119 0.03929815 0.00991967 0.02914630 0.03305326 0.05440640 0.04201293 0.01611907 0.04036425 0.07219936 0.02615911 0.02685280 0.03355738 0.03622432 0.03331593 0.02963620 0.04048057 0.04403156 0.03866701 
0.02906665 0.04143518 0.04424595 0.02723236 0.04806071 0.02724426 0.03071384 0.04917504 0.04331213 0.02622220 0.02883067 0.04472014 0.01427780 0.04647254 0.03444494 0.02879661 0.04973273 0.04136057 0.03449893 0.04719705 0.03045006 0.03566062 0.00000000 0.04788757 0.05943608 0.03757311 0.03883244 0.05336186 0.04447618 0.03940705 0.03326518 0.03851870 0.02327752 0.03018552 0.04604438 0.03250987 0.04333428 0.04362974 0.03815451 0.05408669 0.03663322 0.03419620 0.02774950 0.02836729 0.02705911 0.03227514 0.02444011 0.03892393 0.04395651 0.03449019 0.04239455 0.03182560 0.04727039 0.02323670 0.02540779 0.04200944 0.03350492 0.03841594 0.04281445 0.01962760 0.04542743 0.02748426 0.02898436 0.03755638 0.04324007 0.04238676 0.02697216 0.03030256 0.02927977 0.02833497 0.01606442 0.01830420 0.02212583 0.03237838 0.02576696 0.02807158 0.04615716 0.04157513 0.03081672 0.04141648 0.05038505 0.02586958 0.03709448 0.03177686 0.04321492 0.03536421 0.02830661 0.03117986 0.03355108 0.03549202 0.03801493 0.03159733 0.04121727 0.04221073 0.01682962 0.02748426 0.02876271 0.02836254 0.02583396 0.03992429 0.02484670 0.01336752 0.03786338 0.05082925 0.04037439 0.03005128 0.03539063 0.02229105 0.04169583 0.03097837 0.04859507 0.02674226 0.03228474 0.06260522 0.04043214 0.04206489 0.04393599 0.04173802 0.03651308 0.04112818 0.02098175 0.03127641 0.02160336 0.03566210 0.03650026 0.02099731 0.02201507 0.03122807 0.03144352 0.03196629 0.03735615 0.03305231 0.03079393 
0.03554423 0.03096408 0.04174674 0.02600371 0.07182058 0.06034257 0.07277641 0.03049335 0.02026185 0.05523245 0.04417295 0.05060276 0.07199106 0.02740013 0.02118047 0.02232986 0.04909558 0.04596409 0.05204703 0.04116635 0.06873203 0.08870285 0.04788757 0.00000000 0.04702978 0.04269445 0.01413794 0.07691138 0.03850176 0.02934982 0.04871627 0.03118653 0.03598650 0.03053720 0.05929782 0.03437660 0.03500641 0.04939605 0.04752052 0.04155941 0.05640274 0.08374212 0.02604620 0.00975613 0.06146713 0.06105679 0.04000536 0.03123183 0.05118845 0.02545718 0.05154934 0.01319685 0.01963336 0.02734470 0.03333695 0.02625006 0.03602584 0.03713349 0.03357172 0.01591367 0.03951216 0.02666122 0.02375219 0.06152673 0.02463041 0.03160899 0.02155912 0.03171669 0.01586171 0.00855636 0.02142016 0.04498003 0.01317292 0.02943308 0.03684779 0.02579935 0.03279162 0.04631914 0.02586518 0.03541245 0.02977258 0.00335123 0.01218215 0.03186941 0.06417650 0.03669400 0.01210199 0.03267114 0.06104329 0.03232495 0.01515694 0.02626497 0.03285706 0.04096302 0.01991043 0.02666122 0.03071968 0.01694823 0.00658200 0.02295698 0.02691532 0.04214073 0.04271143 0.02877085 0.03450138 0.00967788 0.03393818 0.03828279 0.04220197 0.03838773 0.02913041 0.03157919 0.03863539 0.02111661 0.03981519 0.01301596 0.00381715 0.04758399 0.01408652 0.00618179 0.06103421 0.03951335 0.02158942 0.04196050 0.02259725 0.03401560 0.02719370 0.03038537 0.04464064 0.02216201 0.05124671 0.00031618 0.03805037 
0.02874863 0.05037221 0.03321213 0.06232330 0.03717573 0.03141877 0.03317792 0.02667618 0.06450793 0.03022497 0.03484776 0.03611665 0.02419676 0.04140249 0.02274629 0.03310779 0.04895895 0.06059243 0.03701325 0.03509634 0.04752384 0.04900597 0.05943608 0.04702978 0.00000000 0.02923926 0.03329445 0.03200519 0.02282036 0.02423861 0.03308225 0.03904442 0.04442741 0.05586783 0.03530619 0.05190049 0.03946556 0.03290825 0.04133305 0.03393427 0.05336987 0.03141865 0.03365245 0.01167423 0.02699601 0.04419531 0.01807773 0.02865374 0.02322843 0.03213740 0.03635159 0.04550534 0.03083468 0.03352010 0.02218577 0.03281663 0.03473835 0.03482636 0.03185548 0.03037099 0.02875508 0.02312096 0.02597431 0.03086946 0.02957805 0.03308520 0.02488747 0.03280607 0.02280450 0.03790799 0.03329283 0.02279730 0.02813084 0.01987161 0.04216650 0.02761064 0.03531994 0.05142431 0.02402246 0.02815327 0.04342586 0.03966717 0.02113387 0.02142400 0.01929125 0.03898336 0.02074664 0.06040627 0.04920887 0.04396709 0.03439987 0.02320566 0.02222868 0.01842592 0.04341169 0.02312096 0.06477878 0.02886643 0.04323312 0.03165171 0.03427278 0.05699386 0.03654163 0.03294033 0.03020025 0.03268384 0.03252279 0.03094884 0.02431765 0.02706352 0.04325265 0.03911702 0.04838821 0.03276762 0.02661439 0.04367199 0.02889260 0.03501401 0.04928592 0.03549417 0.04181034 0.06865106 0.03359348 0.06718363 0.04023546 0.03459444 0.02435105 0.02178504 0.02826793 0.03397466 0.02525375 0.05613682 0.03353675 
0.05204226 0.01863198 0.04211090 0.02631450 0.03033161 0.04968913 0.04842214 0.03622117 0.03059155 0.02013057 0.04574289 0.04790039 0.04622006 0.03626313 0.03810515 0.03700734 0.05073053 0.02040768 0.02532494 0.06764947 0.02789111 0.04452618 0.03757311 0.04269445 0.02923926 0.00000000 0.03500065 0.02316887 0.05435823 0.04440656 0.02771967 0.03355459 0.03887746 0.03126269 0.03561709 0.02912871 0.02600392 0.02381612 0.02850814 0.03230376 0.03364319 0.02820012 0.03018179 0.03316070 0.03428105 0.03351609 0.03013721 0.05078738 0.03918970 0.03328558 0.04456096 0.02828267 0.04029378 0.03723664 0.03426813 0.03015389 0.03026720 0.03025340 0.03832948 0.03781465 0.02480271 0.03703930 0.02995631 0.02276117 0.02726232 0.02701721 0.05172125 0.04999468 0.03831607 0.02591977 0.03021067 0.02215979 0.01947133 0.03852459 0.02262798 0.03254025 0.04251750 0.02849453 0.04567215 0.04148633 0.03131527 0.04280667 0.03981027 0.06683321 0.03233501 0.02944637 0.03830755 0.02501538 0.02785313 0.04501265 0.03311511 0.04046813 0.04768838 0.04051612 0.05197829 0.03703930 0.03037429 0.04053201 0.04739985 0.04202655 0.03477133 0.04870593 0.04014031 0.03740742 0.02964354 0.03043422 0.03735132 0.03527124 0.03023195 0.03399686 0.02815561 0.04119956 0.03576083 0.04164385 0.02616000 0.02480247 0.03514229 0.04150157 0.02495835 0.02567118 0.02999004 0.03393719 0.03291234 0.02054830 0.04036082 0.01969142 0.03860872 0.03137458 0.01716303 0.02453724 0.02441599 0.03122621 0.01770262 
0.05775185 0.04108644 0.05797204 0.04923744 0.03944458 0.02951485 0.02775659 0.05120174 0.03622572 0.04860326 0.03190798 0.03473521 0.03836471 0.04069392 0.04090810 0.03048931 0.01889336 0.05463408 0.04107031 0.02869843 0.05390744 0.05633798 0.03883244 0.01413794 0.03329445 0.03500065 0.00000000 0.03425476 0.02186176 0.04539327 0.02014601 0.03565594 0.03277508 0.05409225 0.03298814 0.05817971 0.04101211 0.04398813 0.04187944 0.04708357 0.03423464 0.03087886 0.02291656 0.02427217 0.02500400 0.02621803 0.01712071 0.01976391 0.02745069 0.04807958 0.02841669 0.02257080 0.02687200 0.02472018 0.04598473 0.01964059 0.05781528 0.04587300 0.04844987 0.02059469 0.03097118 0.02437282 0.03103196 0.04102881 0.04165962 0.03058709 0.02040980 0.01928589 0.01973337 0.05140800 0.04766479 0.04936584 0.02774795 0.02127563 0.04500644 0.02113571 0.02367861 0.04267717 0.01832909 0.05638181 0.03814663 0.01435960 0.04136413 0.03506426 0.02737084 0.05665387 0.01547390 0.02925709 0.02905282 0.04396143 0.03962585 0.01991558 0.02778770 0.04660096 0.04439493 0.02437282 0.02039452 0.02518170 0.03205569 0.02507382 0.02364269 0.01897437 0.01655273 0.02637523 0.03411628 0.01905537 0.03326883 0.02791747 0.02785420 0.04277943 0.03847889 0.04848893 0.04563120 0.02629539 0.03606808 0.03107871 0.03601979 0.02801146 0.03864345 0.07274675 0.04004937 0.04460881 0.04798967 0.04686265 0.05629718 0.05039565 0.02092082 0.04515131 0.05798205 0.05007240 0.03656671 0.01739624 0.02508213 
