0.00000000 0.17761979 0.12720857 0.09635037 0.08486442 0.10432909 0.08422314 0.10207888 0.08847277 0.10238255 0.06564467 0.10405985 0.07915518 0.06505072 0.09369183 0.08390809 0.08493150 0.06331769 0.09514390 0.10462767 0.07174877 0.06395091 0.10714243 0.08239609 0.10284162 0.10269467 0.10836742 0.14164954 0.10495514 0.10990836 0.04720948 0.09107746 0.06887667 0.07747240 0.09231736 0.11963897 0.07215599 0.10890844 0.08862672 0.11105647 0.12066997 0.10058825 0.11180959 0.08250778 0.06477996 0.09262164 0.09434600 0.06307978 0.09503344 0.09769966 0.08386683 0.09272677 0.06030740 0.11983487 0.12257728 0.06434834 0.10287422 0.05720783 0.05060945 0.08288519 0.06786363 0.07127789 0.04388002 0.14028698 0.10449861 0.06897659 0.08357090 0.09934255 0.10958937 0.13838317 0.07564291 0.09684565 0.12533441 0.11092085 0.07250653 0.12126940 0.11605636 0.05112385 0.05964410 0.08109063 0.09018756 0.07112446 0.07753903 0.09059653 0.04318170 0.10786454 0.08663217 0.09850614 0.04960842 0.08573200 0.12760467 0.09652965 0.10120737 0.04917705 0.08650555 0.05954580 0.06030470 0.13171725 0.05120022 0.08157654 0.04862784 0.06953873 0.06416545 0.08209557 0.05405813 0.14411850 0.07372374 0.06565298 0.10476328 0.07255291 0.10912318 0.07537727 0.09512609 0.08913213 0.05423985 0.07438154 0.10714602 0.07472620 0.09260761 0.10150394 0.04846811 0.04030974 0.06028536 0.11616388 0.07322857 0.06879640 0.08943941 0.08728889 0.08393030 0.09521951 0.08188065 0.10810808 0.12435339 
0.17761979 0.00000000 0.13781031 0.14567066 0.14689445 0.12227024 0.04866337 0.09081539 0.09412411 0.11171706 0.12031158 0.09009447 0.08267363 0.09661005 0.11381876 0.07654940 0.08173434 0.08040586 0.10414990 0.05345205 0.08774928 0.09777601 0.07173165 0.03544043 0.10648546 0.06620258 0.08356304 0.08971281 0.09822831 0.09759522 0.10678906 0.09413795 0.10784789 0.06996052 0.10446377 0.10403112 0.08906055 0.09546278 0.09614223 0.13037716 0.11239923 0.11408198 0.12329489 0.07978965 0.12354441 0.08579496 0.06790955 0.09226010 0.11060837 0.11129636 0.09484188 0.11316282 0.05360620 0.09181776 0.10552314 0.09398623 0.05995461 0.08912011 0.11720572 0.05269622 0.06906479 0.06027519 0.10167871 0.04582699 0.06920819 0.08073716 0.05491101 0.05537557 0.06881349 0.12054295 0.09983845 0.09525498 0.09608813 0.07769110 0.05453269 0.18071921 0.07209949 0.08022604 0.09112028 0.10428533 0.08766965 0.10891713 0.09239769 0.08768998 0.06326227 0.09569096 0.07186085 0.10719133 0.04675677 0.04311335 0.12496149 0.08659804 0.08758978 0.06169822 0.06693809 0.08178604 0.05916451 0.03988554 0.06901287 0.08196976 0.09955218 0.11961711 0.07382068 0.09257224 0.05690881 0.09194478 0.04184602 0.08847143 0.08109132 0.11116721 0.04474906 0.10585322 0.08034480 0.08065136 0.10391277 0.08107621 0.04506453 0.08654419 0.08177393 0.12446804 0.10763811 0.03639046 0.07603120 0.08119701 0.08807218 0.07678696 0.05809288 0.08638454 0.09649176 0.14156849 0.08767803 0.11469847 0.14349774 
0.12720857 0.13781031 0.00000000 0.12261465 0.12568468 0.11140410 0.09998903 0.07551241 0.13639563 0.12749826 0.09547061 0.07742136 0.14593669 0.06236915 0.08491031 0.09582365 0.07775672 0.10403539 0.11645501 0.10412086 0.08277926 0.08977524 0.07761972 0.02579094 0.06905043 0.06418828 0.03129945 0.06112210 0.05977488 0.08640734 0.07669832 0.08246082 0.08054476 0.09491436 0.06751838 0.07811705 0.08642742 0.05808466 0.05139307 0.09619608 0.10721751 0.08367270 0.13871647 0.06582640 0.09762982 0.07586724 0.06598870 0.08415202 0.10102709 0.08299647 0.03297047 0.08631690 0.06840499 0.10571837 0.07695173 0.06053377 0.12796143 0.05769440 0.07060590 0.09105131 0.09164534 0.11739666 0.10068621 0.05669541 0.08550248 0.09014606 0.10356693 0.09025149 0.10114136 0.10136233 0.07724635 0.08277495 0.07434088 0.08386183 0.07613630 0.11426959 0.07541426 0.09155303 0.08679548 0.07587489 0.10036263 0.09939136 0.12793144 0.06834307 0.09508856 0.04918663 0.06042414 0.12401851 0.09025342 0.16397335 0.11529285 0.08620988 0.04308651 0.04602829 0.05041509 0.17888991 0.06004902 0.07908224 0.07347387 0.10305988 0.12351266 0.05642768 0.09115241 0.05475603 0.12329511 0.10395694 0.05945500 0.03983026 0.07195891 0.07925912 0.12075568 0.13921755 0.10683953 0.08224140 0.06892469 0.10895638 0.10854264 0.12744804 0.11024791 0.07856119 0.12633932 0.03120372 0.06794791 0.09947144 0.09548814 0.07696133 0.11629010 0.14436008 0.12686817 0.09633926 0.07126103 0.05645326 0.10659848 
0.09635037 0.14567066 0.12261465 0.00000000 0.13063116 0.29734268 0.13543553 0.12716616 0.15759484 0.14368016 0.03855352 0.07276136 0.08152424 0.08396928 0.03080328 0.15717356 0.09111805 0.08291827 0.06931776 0.07550844 0.04404906 0.03170527 0.09668423 0.11526845 0.11064442 0.07798293 0.07507724 0.12238675 0.08748048 0.30539828 0.09491190 0.10851120 0.09365225 0.07945902 0.07796811 0.12435973 0.05719263 0.08342987 0.06313754 0.09869673 0.09377545 0.05307473 0.09339222 0.07533380 0.11463404 0.09782954 0.07943481 0.09249615 0.02942960 0.08698982 0.08585650 0.08628059 0.08493703 0.11781328 0.07775320 0.08584458 0.13399776 0.16097352 0.06181257 0.07930431 0.05402834 0.09922255 0.09372546 0.05434174 0.07196610 0.07490241 0.02567967 0.05185114 0.08895854 0.10137557 0.07714480 0.08039464 0.09795599 0.05263100 0.03812434 0.08783511 0.06791994 0.05725570 0.07835527 0.11832149 0.09420168 0.07212040 0.03915515 0.06788269 0.10285883 0.11846338 0.10025042 0.06382099 0.03905736 0.03536003 0.10508961 0.07182781 0.08470214 0.15246322 0.09808704 0.10873606 0.07880594 0.14468630 0.08182071 0.16390137 0.07581015 0.06959459 0.06537880 0.11577888 0.07641951 0.13384641 0.11784678 0.06591996 0.05262353 0.05475397 0.13544397 0.06773348 0.10780858 0.06988034 0.10480025 0.05691907 0.04068862 0.08473108 0.08200178 0.07132653 0.07949434 0.07047171 0.09494285 0.07564121 0.05888375 0.07435122 0.05867805 0.11048841 0.09751230 0.09308348 0.06149112 0.06686878 0.11839834 
0.08486442 0.14689445 0.12568468 0.13063116 0.00000000 0.07956693 0.10152059 0.11441772 0.19309291 0.10768860 0.05276979 0.13244679 0.09737302 0.07266064 0.06375421 0.03893705 0.05768614 0.06419312 0.13234980 0.04523957 0.09413251 0.05547122 0.06782618 0.06073783 0.05264395 0.06751721 0.09511180 0.16800919 0.08337675 0.08507786 0.09193356 0.08233852 0.06430872 0.09115082 0.08547210 0.10229511 0.10711565 0.10621768 0.10801599 0.08239196 0.09826457 0.13417224 0.08025757 0.09582209 0.09297623 0.11173196 0.06632282 0.11946604 0.11785563 0.08733852 0.09076561 0.12545047 0.13880688 0.09463826 0.12879864 0.05672737 0.09865612 0.09141586 0.15515705 0.04261954 0.05402008 0.10589813 0.06372108 0.06563560 0.06706272 0.05859385 0.06482284 0.04244830 0.11347795 0.09297313 0.08225243 0.11146518 0.07170656 0.06494574 0.08942796 0.04960499 0.09219208 0.15126366 0.09069669 0.11118008 0.07274028 0.09238032 0.05469939 0.03990850 0.06834502 0.09033170 0.07028872 0.16807064 0.10723809 0.08911794 0.14499576 0.10565754 0.05718180 0.06534582 0.08606961 0.07796577 0.12980510 0.05154118 0.12720063 0.07458081 0.09369645 0.04291930 0.09101463 0.08553503 0.14451728 0.07145101 0.15193013 0.08576473 0.11199826 0.06695514 0.08742764 0.08887724 0.06077033 0.04746201 0.12669133 0.03705934 0.06595541 0.08846407 0.07651026 0.05393903 0.13570739 0.04309597 0.06149090 0.08413166 0.09122952 0.08896010 0.08886464 0.07569956 0.10539929 0.13992684 0.09305599 0.09330916 0.11044882 
0.10432909 0.12227024 0.11140410 0.29734268 0.07956693 0.00000000 0.14495812 0.12284383 0.18873274 0.10093529 0.12584062 0.08411266 0.08101908 0.04423218 0.07286098 0.13465591 0.10743116 0.09304384 0.07134063 0.09999365 0.09587369 0.07987393 0.10899152 0.05568955 0.09757462 0.07481953 0.07977433 0.05549250 0.07229833 0.09772228 0.04396252 0.16852016 0.09958011 0.15463622 0.09409144 0.11292158 0.03378285 0.10051005 0.09320377 0.12216780 0.09442061 0.07597773 0.07939711 0.08568626 0.09421870 0.15775179 0.07462400 0.11904423 0.11668286 0.06573263 0.08126259 0.06481126 0.10397608 0.12051196 0.06372360 0.08805554 0.12372568 0.08529296 0.05291257 0.08615016 0.04165889 0.06620964 0.09382224 0.07345721 0.09324684 0.07682117 0.05615542 0.11696306 0.08238742 0.08285493 0.10645171 0.07530626 0.09902975 0.03393505 0.06948986 0.07620754 0.03138906 0.11484129 0.03381291 0.11041158 0.03907982 0.07854722 0.01923355 0.05575304 0.09508291 0.04539597 0.06604458 0.05862452 0.07206493 0.06905671 0.11569933 0.12868507 0.04021181 0.12197536 0.09007867 0.07307960 0.11350458 0.04738879 0.04747599 0.10818919 0.05046342 0.06298962 0.08566504 0.19364135 0.06782340 0.07483391 0.09046238 0.07150103 0.05057876 0.07278200 0.09816621 0.04000038 0.09094859 0.10715422 0.07601598 0.04787906 0.07774516 0.05829506 0.13380474 0.08170442 0.08819487 0.12612453 0.16981727 0.08583465 0.10355428 0.06241093 0.09056397 0.05969744 0.09616139 0.11735869 0.09878250 0.17864050 0.07824826 
0.08422314 0.04866337 0.09998903 0.13543553 0.10152059 0.14495812 0.00000000 0.07035016 0.05337289 0.08349915 0.15328404 0.13227947 0.03925978 0.16637094 0.06740003 0.09209767 0.08940577 0.13563545 0.14260172 0.10960580 0.10796097 0.20878206 0.09140238 0.12341763 0.04665020 0.07756302 0.12292520 0.14018084 0.06320547 0.09675376 0.09851081 0.05259707 0.06681908 0.04392800 0.05587102 0.09337699 0.09420214 0.04465633 0.11348956 0.04715012 0.04780079 0.05412334 0.05884730 0.06465375 0.07816283 0.10285284 0.09413449 0.08872526 0.09193114 0.09787537 0.05578168 0.06422709 0.06575235 0.10045658 0.08370938 0.04735121 0.09637609 0.04968969 0.11478875 0.04962122 0.11277864 0.07688670 0.09617028 0.12845666 0.08787671 0.16877043 0.11475805 0.13674855 0.04788037 0.08961825 0.07785109 0.09518955 0.02998210 0.11871857 0.04993736 0.08352720 0.10082128 0.14657987 0.14607336 0.05194741 0.12429779 0.10642581 0.12302931 0.07895812 0.08020304 0.05567812 0.06084338 0.07783823 0.15048780 0.12550395 0.09057413 0.10488425 0.08529772 0.06299438 0.10691395 0.06211771 0.12357465 0.08274513 0.09269480 0.11222477 0.14272711 0.15964312 0.14757554 0.08953123 0.03594364 0.07091937 0.09202391 0.06768260 0.12406482 0.06902256 0.10031472 0.08558441 0.07663505 0.07806487 0.02232694 0.08842225 0.06344854 0.09399672 0.07635902 0.04901096 0.04832235 0.06091227 0.12134347 0.14666296 0.08567829 0.05240343 0.10966375 0.01743248 0.07733658 0.07436777 0.12144753 0.02353296 0.05262520 
0.10207888 0.09081539 0.07551241 0.12716616 0.11441772 0.12284383 0.07035016 0.00000000 0.15504588 0.09197672 0.10005822 0.25823440 0.12598208 0.08561155 0.09531787 0.09600010 0.07761463 0.11615053 0.05511108 0.05081355 0.06457543 0.08950583 0.07741245 0.12023334 0.11993217 0.06768722 0.13041397 0.08831000 0.09739124 0.09946073 0.09360263 0.09118004 0.08973852 0.08466789 0.08122120 0.14044907 0.08766455 0.07508207 0.10462697 0.09347496 0.11050827 0.09938293 0.08052221 0.09029859 0.11836145 0.05711572 0.07505904 0.11044388 0.11715291 0.05991536 0.08490829 0.10045836 0.07774071 0.08137800 0.02825164 0.07304394 0.05144608 0.04278444 0.14531199 0.09124165 0.09755162 0.05633441 0.12389304 0.11501495 0.07259529 0.06797726 0.10272616 0.04713568 0.10360558 0.13519881 0.11538517 0.10751400 0.08728277 0.09392102 0.07649491 0.07205237 0.04097730 0.06077440 0.08916251 0.09709954 0.08757037 0.04571614 0.05025266 0.05870445 0.07815400 0.06880535 0.15556670 0.07889469 0.07628454 0.08131498 0.07552109 0.07505423 0.06181087 0.11621164 0.06119154 0.08422361 0.08382687 0.06250137 0.05140858 0.11403165 0.09716126 0.04209037 0.07368801 0.15511985 0.28306658 0.12505269 0.06909163 0.10024491 0.05637871 0.04704003 0.08970036 0.08943442 0.06624250 0.08820119 0.04484645 0.10566522 0.08226919 0.07415496 0.08751770 0.09221857 0.08562538 0.02498560 0.08670639 0.10144121 0.07092241 0.15595919 0.07160857 0.09966395 0.09064116 0.10404703 0.10096269 0.10556059 0.08299543 
0.08847277 0.09412411 0.13639563 0.15759484 0.19309291 0.18873274 0.05337289 0.15504588 0.00000000 0.16469076 0.09512554 0.15333951 0.17535699 0.06664419 0.07079511 0.11115384 0.13660291 0.14775140 0.08270041 0.04822405 0.12879321 0.08000716 0.10951236 0.03752081 0.14556049 0.06309649 0.10207402 0.12622701 0.07860989 0.11642686 0.07967504 0.11901984 0.08408024 0.05792512 0.09340796 0.11865071 0.11161139 0.11102158 0.09096591 0.10244407 0.07370169 0.08145073 0.08065893 0.11578099 0.10530851 0.08779859 0.06940894 0.09755983 0.06798542 0.09047838 0.10558573 0.09555944 0.09730694 0.08097834 0.08329154 0.09827244 0.08174571 0.04183359 0.01689004 0.03677295 0.06999203 0.07840260 0.09895529 0.04530834 0.04772175 0.04973294 0.06027365 0.09953356 0.07737535 0.13876806 0.12425249 0.06297118 0.12358976 0.04791842 0.12661055 0.10878558 0.08898497 0.14247703 0.08740437 0.09131385 0.05339817 0.05572221 0.08177065 0.09336533 0.05679511 0.11423624 0.04637995 0.07350956 0.10021002 0.06542784 0.06654198 0.05520682 0.04589454 0.09908629 0.05900898 0.08009356 0.11830795 0.06257898 0.06217235 0.07039601 0.13145446 0.16684567 0.05366003 0.11978772 0.07038327 0.07565193 0.11538415 0.06832127 0.08293617 0.08252044 0.07582423 0.09337725 0.08902215 0.04718940 0.11531346 0.10828887 0.06771688 0.02440027 0.09447991 0.10510699 0.03657515 0.08988160 0.06201385 0.09434467 0.10927930 0.12447625 0.06209369 0.11196008 0.12257690 0.05582208 0.07443439 0.05480274 0.08335219 
0.10238255 0.11171706 0.12749826 0.14368016 0.10768860 0.10093529 0.08349915 0.09197672 0.16469076 0.00000000 0.10911759 0.08541961 0.23247578 0.16589386 0.06588112 0.08496095 0.06781216 0.09798592 0.09735650 0.08117234 0.11415940 0.07221310 0.09553646 0.05703900 0.11421899 0.10029041 0.07567970 0.10731016 0.06499621 0.07698107 0.05980015 0.09388716 0.15776102 0.10398059 0.07562084 0.15373802 0.13808472 0.08686115 0.09251760 0.09888626 0.10108345 0.07890083 0.10795992 0.09090682 0.07124045 0.06088314 0.10851236 0.06740748 0.11336713 0.05127376 0.09741812 0.12398867 0.09118044 0.07687294 0.08524850 0.08539672 0.11095007 0.07531894 0.09613695 0.05212536 0.08702415 0.04307925 0.11595119 0.08213278 0.15633649 0.05190876 0.10241430 0.08875358 0.07809702 0.09819986 0.07708296 0.04605159 0.07690611 0.09076215 0.09459643 0.08345179 0.08558337 0.06935571 0.06030100 0.15160454 0.13949883 0.08095101 0.03216561 0.05984079 0.12788327 0.06517391 0.07471215 0.09546959 0.13176911 0.06344717 0.16086525 0.05655715 0.07782115 0.10627439 0.07169306 0.04877358 0.12074836 0.03718158 0.07527359 0.06249556 0.13022726 0.12234668 0.08786219 0.07652089 0.13925283 0.11385497 0.07430054 0.05151819 0.07244997 0.10402318 0.15141471 0.08323452 0.06996873 0.03482597 0.10075188 0.03096984 0.09061998 0.02239737 0.08042203 0.08151630 0.08097741 0.04690374 0.14655682 0.07204450 0.06572483 0.07696757 0.06642981 0.06211696 0.07596706 0.07707985 0.06956952 0.08122395 0.09959447 
0.06564467 0.12031158 0.09547061 0.03855352 0.05276979 0.12584062 0.15328404 0.10005822 0.09512554 0.10911759 0.00000000 0.11228298 0.08003766 0.11759088 0.15941116 0.11931401 0.06263681 0.08853714 0.10097622 0.10813777 0.08929612 0.12936729 0.10124753 0.09101058 0.06752522 0.11556597 0.03176480 0.04710737 0.11572744 0.09326900 0.04671224 0.06269684 0.09333194 0.07800495 0.04569652 0.07488902 0.07377746 0.07528869 0.02693701 0.04502686 0.08622047 0.06449672 0.08201229 0.09435950 0.11481185 0.08706458 0.06343307 0.06346341 0.11990663 0.11547271 0.05764454 0.09276539 0.08754528 0.03775512 0.16477445 0.07821222 0.06153017 0.09433965 0.09362958 0.08595963 0.04426073 0.05480490 0.09927316 0.11062804 0.09086342 0.10563908 0.14440407 0.07956687 0.07537334 0.08428891 0.08116491 0.08677625 0.13273162 0.11127281 0.09990229 0.10537860 0.12803699 0.06613540 0.09363961 0.06252017 0.06431446 0.06677681 0.04853376 0.08324525 0.13016993 0.10135138 0.13752014 0.05566594 0.07869546 0.13648421 0.13011919 0.12182893 0.10950269 0.08620926 0.09001935 0.05118120 0.11532156 0.04773468 0.09765635 0.05169534 0.06274140 0.13369697 0.07786989 0.05951735 0.10728514 0.24148378 0.11569134 0.09990978 0.04141205 0.07333501 0.12748205 0.09332245 0.10695244 0.07616823 0.07790716 0.09137304 0.11709200 0.12155309 0.09044392 0.12391317 0.07392967 0.11078383 0.10135177 0.04015388 0.06091282 0.06657492 0.06276501 0.06925024 0.06763493 0.05595321 0.06304702 0.08552884 0.08606187 
0.10405985 0.09009447 0.07742136 0.07276136 0.13244679 0.08411266 0.13227947 0.25823440 0.15333951 0.08541961 0.11228298 0.00000000 0.12542521 0.13264387 0.12975180 0.15147549 0.08743977 0.12688708 0.11127578 0.09597855 0.06662957 0.10583123 0.05203017 0.07324173 0.07447020 0.09798432 0.12341715 0.03727059 0.08701204 0.07490416 0.05969571 0.07406594 0.09607590 0.09682409 0.15530913 0.03324812 0.06344784 0.05253647 0.07861792 0.10579730 0.08565887 0.11803919 0.08695480 0.09770936 0.10477577 0.08338451 0.07499739 0.09895195 0.09187269 0.13203346 0.10657083 0.08655481 0.06863421 0.08466970 0.08493113 0.07851157 0.06533586 0.09898355 0.10562245 0.06800444 0.09810850 0.12675630 0.09266470 0.06039269 0.03810959 0.06721747 0.07444992 0.12762540 0.10160097 0.09173616 0.08558432 0.09704790 0.11296908 0.07589990 0.05900674 0.10621002 0.05564333 0.09766755 0.07453110 0.10566918 0.07578833 0.07185442 0.06161173 0.04029023 0.03903737 0.08128528 0.05347524 0.04720140 0.12840200 0.08899559 0.07663614 0.06421901 0.06465066 0.11107622 0.07613129 0.10060228 0.09299578 0.11125189 0.04663820 0.11104157 0.05727585 0.09757275 0.13196511 0.10313583 0.07099728 0.12731166 0.20275059 0.08222000 0.09720194 0.07678426 0.09749561 0.08164798 0.06641858 0.06261267 0.11194171 0.09543691 0.04535114 0.05600623 0.09612530 0.13431830 0.10288813 0.06737429 0.10720263 0.08939811 0.06546152 0.06983036 0.08314330 0.08413408 0.10250344 0.06634419 0.07149066 0.10101188 0.08427631 
0.07915518 0.08267363 0.14593669 0.08152424 0.09737302 0.08101908 0.03925978 0.12598208 0.17535699 0.23247578 0.08003766 0.12542521 0.00000000 0.10243089 0.09810701 0.10110071 0.14431488 0.12295280 0.10085804 0.08041352 0.07552990 0.04933339 0.04921616 0.05554346 0.07582920 0.11873071 0.11362531 0.07902565 0.11491951 0.08826266 0.11859678 0.15701554 0.14045108 0.07915165 0.13411332 0.14341705 0.06137297 0.09254206 0.08177507 0.09567425 0.08961941 0.14414076 0.08259286 0.07411676 0.09540872 0.03935389 0.00066046 0.09104762 0.12713709 0.10712005 0.12321042 0.11555829 0.11198435 0.10058904 0.08728449 0.04137945 0.12134232 0.12493432 0.11552311 0.09952676 0.10618306 0.07454004 0.08532238 0.09645482 0.11756487 0.06027614 0.10255384 0.11399748 0.06423722 0.08611626 0.07861873 0.06045856 0.05023631 0.12834547 0.07287313 0.06417477 0.07364197 0.07256000 0.04924850 0.10137322 0.09278859 0.03947425 0.05230302 0.08026172 0.08563201 0.12393053 0.04898542 0.06874078 0.05682483 0.10004705 0.08986822 0.08886121 0.06662798 0.10692064 0.08304519 0.05921781 0.04546499 0.08850056 0.07597857 0.09956663 0.09951183 0.03615167 0.03448361 0.08905211 0.09875345 0.03923693 0.05775214 0.07142938 0.06184767 0.08369458 0.10589635 0.08887981 0.08709635 0.03024471 0.07120220 0.09872942 0.10504391 0.07334896 0.08819686 0.10085713 0.13465826 0.01608992 0.09595004 0.11526528 0.10198897 0.12365963 0.12428141 0.10812085 0.09040139 0.09309328 0.08589677 0.07440402 0.11399011 
0.06505072 0.09661005 0.06236915 0.08396928 0.07266064 0.04423218 0.16637094 0.08561155 0.06664419 0.16589386 0.11759088 0.13264387 0.10243089 0.00000000 0.12448172 0.11050657 0.12622625 0.08318703 0.16482349 0.14813615 0.06787883 0.06473433 0.11211823 0.11668355 0.06720889 0.05752395 0.09127484 0.07414558 0.04606171 0.09750571 0.04996452 0.10024621 0.05342420 0.07503439 0.08192525 0.10157827 0.15324999 0.02649599 0.12125461 0.10234213 0.07261922 0.09376899 0.11504497 0.09914129 0.06425693 0.07462161 0.06185011 0.08427971 0.07808337 0.09031047 0.05297562 0.10239046 0.07059055 0.11103360 0.12346226 0.07830556 0.10275977 0.10701065 0.06257118 0.10059926 0.08740795 0.04293926 0.14486622 0.13288373 0.04196147 0.10836069 0.06780592 0.11446563 0.08670127 0.07670014 0.08162731 0.12754005 0.08650115 0.08672571 0.09187569 0.11481643 0.22064872 0.06272068 0.09522757 0.08919040 0.07151975 0.06897328 0.08589560 0.10757519 0.11164807 0.06584107 0.09763044 0.02702402 0.05428820 0.10116911 0.09685332 0.04890011 0.07491977 0.02802413 0.07629079 0.08945227 0.11019545 0.09776444 0.16088997 0.11299579 0.11201154 0.04345750 0.07983339 0.08742068 0.12434108 0.07940995 0.10768945 0.10603027 0.10808514 0.11689410 0.08599582 0.09379800 0.08987020 0.06019021 0.05473193 0.12660351 0.05625932 0.07076153 0.04020459 0.07743171 0.04482804 0.07578536 0.14284743 0.07702492 0.08808654 0.06037737 0.05458770 0.09123860 0.07770486 0.07675460 0.08681972 0.08717231 0.09004260 
0.09369183 0.11381876 0.08491031 0.03080328 0.06375421 0.07286098 0.06740003 0.09531787 0.07079511 0.06588112 0.15941116 0.12975180 0.09810701 0.12448172 0.00000000 0.16354956 0.12919237 0.05792059 0.10156510 0.13230186 0.07662168 0.11667642 0.07654511 0.09957528 0.05259818 0.01422893 0.03735449 0.10499415 0.07411190 0.06235520 0.08864551 0.06996935 0.05398458 0.04888882 0.10356317 0.09916439 0.08802874 0.05965598 0.08530355 0.07292052 0.10744807 0.12138288 0.10980689 0.07689158 0.06223282 0.08146587 0.07014948 0.03482563 0.09450477 0.09431719 0.04662555 0.06243085 0.10773339 0.07418028 0.08391770 0.05839795 0.03537489 0.07364101 0.14229617 0.08578496 0.09310331 0.10301703 0.05254973 0.05908287 0.07882042 0.11356641 0.11414998 0.06699466 0.12775091 0.11153455 0.08405538 0.11163756 0.10219751 0.11771080 0.12814760 0.07325870 0.14433602 0.09250474 0.08809303 0.08177009 0.05048673 0.11680221 0.09782510 0.06803613 0.12475334 0.12397481 0.07482877 0.07631189 0.12082976 0.08074211 0.07441424 0.10826926 0.07193465 0.10298381 0.09105478 0.10189242 0.04058343 0.09555634 0.14599044 0.08440885 0.07052741 0.06519609 0.12582550 0.09578627 0.08581321 0.09343672 0.08578619 0.15221057 0.12234959 0.14020742 0.08999840 0.10236352 0.05614906 0.09510087 0.05511995 0.09200892 0.07854107 0.11272432 0.13378548 0.08344872 0.02747344 0.10898733 0.09283564 0.06884231 0.11139407 0.12650891 0.04704411 0.09173575 0.10329551 0.09685047 0.12470842 0.09162728 0.08118624 
0.08390809 0.07654940 0.09582365 0.15717356 0.03893705 0.13465591 0.09209767 0.09600010 0.11115384 0.08496095 0.11931401 0.15147549 0.10110071 0.11050657 0.16354956 0.00000000 0.16887557 0.09610542 0.05522483 0.08387263 0.10151669 0.06483154 0.06789750 0.10038370 0.13369416 0.06498202 0.07656023 0.08389626 0.01745613 0.08835390 0.08222373 0.07834290 0.07415451 0.11007307 0.07261156 0.10326218 0.07575301 0.11371140 0.06570044 0.11732018 0.07764940 0.13067097 0.07086243 0.11464923 0.09953859 0.07533128 0.05259130 0.12030472 0.09316299 0.08710120 0.08686501 0.09979360 0.07589689 0.12146051 0.10159593 0.07730867 0.05170291 0.05808316 0.10750126 0.07793092 0.05645316 0.03687134 0.06524744 0.06666382 0.07253578 0.10463666 0.04558033 0.07596731 0.05738969 0.10095435 0.12298593 0.16587695 0.10274999 0.09120951 0.11336830 0.04581624 0.11593973 0.06894260 0.05737413 0.16014969 0.06054892 0.07916018 0.08329549 0.09823662 0.09256883 0.05334198 0.12364477 0.06963560 0.08851515 0.09123319 0.09847856 0.12613816 0.07485644 0.06761294 0.05486239 0.10760684 0.10523864 0.06287722 0.14505687 0.02953032 0.09993915 0.09466882 0.12619860 0.08713130 0.07234150 0.10103960 0.12148340 0.12945384 0.10439533 0.14045812 0.08732602 0.11757948 0.11748908 0.06408216 0.07383602 0.11192219 0.07834335 0.06703637 0.09414282 0.07451536 0.08597126 0.08511732 0.10960335 0.10475096 0.09526621 0.05346326 0.07277814 0.05164741 0.07233957 0.11235399 0.06104722 0.11456895 0.08583652 
0.08493150 0.08173434 0.07775672 0.09111805 0.05768614 0.10743116 0.08940577 0.07761463 0.13660291 0.06781216 0.06263681 0.08743977 0.14431488 0.12622625 0.12919237 0.16887557 0.00000000 0.13422397 0.13794766 0.06808042 0.09707879 0.09114194 0.08373865 0.08521569 0.06244321 0.06932974 0.06127950 0.10139379 0.12946323 0.06136913 0.09931024 0.06885121 0.06850877 0.08024302 0.10658484 0.09738319 0.13934207 0.09365787 0.10240312 0.08748562 0.12727807 0.09038107 0.08243647 0.10531064 0.01972777 0.09851733 0.06930372 0.08661028 0.10001891 0.04764755 0.10664168 0.01452936 0.07370183 0.08838747 0.09746824 0.13075500 0.05601525 0.08099008 0.09080597 0.17030639 0.07220465 0.03932405 0.03130769 0.11702361 0.08000566 0.11580569 0.12587040 0.09782384 0.09987857 0.11673563 0.03976256 0.11751769 0.09118481 0.14735233 0.04568932 0.06841408 0.13906415 0.10788192 0.06858372 0.03109770 0.05395822 0.04869603 0.09619668 0.07502466 0.08200947 0.12512007 0.06989144 0.15402249 0.04508974 0.14508447 0.07623771 0.10121410 0.10123601 0.10042971 0.12384800 0.06135696 0.08020840 0.09162733 0.06873849 0.09338271 0.14280268 0.12327617 0.11800508 0.11016316 0.12004388 0.02028326 0.04022745 0.10075207 0.12094850 0.11426807 0.10511025 0.08691322 0.05670763 0.09431396 0.08271470 0.05986486 0.09647849 0.09443603 0.02850827 0.09529455 0.11953427 0.08630507 0.09038317 0.09589825 0.08679305 0.09343109 0.06552127 0.08644057 0.14442658 0.04547234 0.05502667 0.07410268 0.05845009 
0.06331769 0.08040586 0.10403539 0.08291827 0.06419312 0.09304384 0.13563545 0.11615053 0.14775140 0.09798592 0.08853714 0.12688708 0.12295280 0.08318703 0.05792059 0.09610542 0.13422397 0.00000000 0.17599186 0.18038110 0.07181312 0.11528302 0.10020732 0.09152222 0.15253682 0.11172175 0.11483521 0.10942523 0.11654569 0.10397431 0.09139732 0.08708426 0.07855737 0.08762519 0.06561956 0.11950211 0.10839083 0.12750590 0.11902461 0.09269786 0.07666231 0.12250386 0.04822528 0.09966091 0.11423965 0.06937735 0.10743499 0.05296328 0.05312564 0.06586795 0.07343906 0.04470298 0.10562946 0.09164927 0.10655284 0.12719750 0.10802624 0.07130211 0.10950446 0.05374483 0.06842200 0.07500176 0.06654898 0.09717666 0.16196258 0.11269221 0.04561967 0.05817618 0.08476758 0.12415953 0.10587825 0.07077431 0.07541275 0.08428705 0.11029586 0.07043803 0.09352627 0.15479429 0.06663896 0.07611946 0.03135516 0.12038373 0.04156207 0.06366998 0.03434518 0.10132002 0.10395902 0.06702817 0.08415958 0.05362481 0.08698619 0.11623441 0.08583426 0.06094726 0.13195176 0.07568483 0.06628616 0.06933540 0.07844010 0.05930410 0.08209694 0.04227681 0.05930310 0.15196996 0.09512255 0.06907472 0.08846596 0.11416219 0.09202226 0.11257001 0.11895572 0.07330901 0.06464237 0.04641739 0.09082348 0.06334814 0.07946438 0.02002235 0.06824094 0.07216177 0.07435052 0.06133952 0.10272558 0.12240769 0.05854266 0.10570740 0.07474122 0.05712458 0.12046016 0.08699268 0.09826576 0.10551643 0.12678776 
0.09514390 0.10414990 0.11645501 0.06931776 0.13234980 0.07134063 0.14260172 0.05511108 0.08270041 0.09735650 0.10097622 0.11127578 0.10085804 0.16482349 0.10156510 0.05522483 0.13794766 0.17599186 0.00000000 0.23062997 0.14679097 0.16172141 0.09348459 0.11305796 0.10955933 0.11570626 0.07228101 0.09114126 0.13344672 0.05909603 0.10480473 0.08124163 0.13512386 0.08091618 0.09171113 0.12071090 0.12844429 0.10466712 0.13358980 0.15169457 0.13162064 0.11845154 0.08168586 0.06545256 0.09563527 0.10024495 0.09825415 0.04071199 0.09838512 0.09270656 0.01387091 0.10959834 0.12799715 0.11683281 0.06880793 0.08840966 0.05761895 0.05236400 0.08098799 0.07795521 0.09458371 0.06287036 0.09145199 0.17908186 0.08653383 0.13865875 0.07992625 0.05425860 0.10116606 0.10539798 0.11048655 0.03758951 0.04863534 0.10036909 0.11773110 0.20336574 0.08128352 0.13882470 0.03731146 0.05902633 0.11890809 0.14529610 0.08395519 0.11059273 0.08589627 0.06817087 0.05112628 0.00000000 0.05574327 0.06217107 0.06018307 0.05307367 0.08407163 0.11197001 0.07261215 0.12443119 0.04992642 0.05769773 0.07111506 0.03295309 0.09242286 0.14610022 0.07390204 0.04665206 0.06941654 0.06351815 0.05337306 0.08215697 0.07456986 0.10129841 0.04667310 0.09531020 0.10296987 0.04836048 0.08806373 0.07277225 0.11987975 0.04535787 0.04816021 0.06682042 0.08030322 0.01445568 0.05537198 0.08255823 0.04392960 0.07603722 0.05273162 0.08808383 0.05654299 0.08898963 0.08252169 0.06512183 0.08674444 
0.10462767 0.05345205 0.10412086 0.07550844 0.04523957 0.09999365 0.10960580 0.05081355 0.04822405 0.08117234 0.10813777 0.09597855 0.08041352 0.14813615 0.13230186 0.08387263 0.06808042 0.18038110 0.23062997 0.00000000 0.17051071 0.30425927 0.09033789 0.12702449 0.06937326 0.21637943 0.08025534 0.09731181 0.13868931 0.04142993 0.06744120 0.03263022 0.11123305 0.09866765 0.10782994 0.10589598 0.05965311 0.11233374 0.10943122 0.08391888 0.08277019 0.07935070 0.07912304 0.07520121 0.08296996 0.15268420 0.08672575 0.06468545 0.11116673 0.04094092 0.04405912 0.05149752 0.09175651 0.03256175 0.05551756 0.08152044 0.07807652 0.06703369 0.09162301 0.03923372 0.08781193 0.08380045 0.04954615 0.15311953 0.11261598 0.08071757 0.10784769 0.12009198 0.09393592 0.16253094 0.13975145 0.08275587 0.07640624 0.07997335 0.08304177 0.06223919 0.09188302 0.09572065 0.05096740 0.06655778 0.05006984 0.07147257 0.11251796 0.07794669 0.09007020 0.06352607 0.04583318 0.11466808 0.10400273 0.06242923 0.11646458 0.06185073 0.10958729 0.07426453 0.07565823 0.05500083 0.04562461 0.11751110 0.06154753 0.04281419 0.07800530 0.09730947 0.07263748 0.08190809 0.13804829 0.07996042 0.08879515 0.06127102 0.07533261 0.13254230 0.10325340 0.11916938 0.10595313 0.08114263 0.07999441 0.10367721 0.14796542 0.04385541 0.09682298 0.06999599 0.07459123 0.07851662 0.03451703 0.07286198 0.12135852 0.05474034 0.11019106 0.05216271 0.08546255 0.07609102 0.09542638 0.08380111 0.05869604 
0.07174877 0.08774928 0.08277926 0.04404906 0.09413251 0.09587369 0.10796097 0.06457543 0.12879321 0.11415940 0.08929612 0.06662957 0.07552990 0.06787883 0.07662168 0.10151669 0.09707879 0.07181312 0.14679097 0.17051071 0.00000000 0.25191366 0.08682359 0.11416981 0.10019410 0.15070953 0.15511741 0.15002342 0.09065024 0.06001976 0.07203990 0.12431458 0.12798107 0.14089443 0.09166250 0.11206688 0.09069246 0.07195011 0.10583197 0.06073663 0.10399956 0.09077843 0.10708801 0.06376890 0.11751068 0.10657377 0.04255422 0.09114479 0.07335557 0.08158933 0.05147077 0.05245945 0.10880585 0.12738631 0.08430316 0.09746917 0.08805135 0.04430986 0.08152913 0.08366194 0.17150575 0.05412135 0.12262198 0.05211984 0.09498174 0.11033261 0.06220370 0.09706786 0.07855859 0.06763318 0.07732099 0.08465044 0.11675734 0.01306202 0.04482324 0.05778868 0.07428180 0.11290551 0.11695424 0.06364273 0.07236896 0.08324062 0.06984655 0.07545447 0.08932344 0.09845350 0.10518364 0.06895780 0.01871876 0.06016492 0.02430725 0.05468325 0.03670718 0.06286424 0.11901044 0.09906899 0.04646615 0.07266436 0.11963629 0.08292657 0.12019428 0.11582774 0.07532089 0.02659784 0.09905010 0.04762967 0.04757569 0.12055987 0.07525462 0.07494886 0.10234671 0.14987792 0.11652110 0.06197169 0.07139687 0.05030179 0.06232915 0.06181771 0.12007990 0.10099738 0.09666164 0.13682944 0.11892427 0.06505100 0.09465833 0.10405904 0.07911953 0.09615436 0.08799500 0.14467200 0.09327022 0.11856668 0.13478207 
0.06395091 0.09777601 0.08977524 0.03170527 0.05547122 0.07987393 0.20878206 0.08950583 0.08000716 0.07221310 0.12936729 0.10583123 0.04933339 0.06473433 0.11667642 0.06483154 0.09114194 0.11528302 0.16172141 0.30425927 0.25191366 0.00000000 0.07997855 0.09788124 0.15958695 0.18678418 0.10903562 0.13697551 0.12133485 0.08653679 0.03364011 0.14144979 0.09468077 0.11080671 0.09845322 0.08538217 0.10006800 0.01871605 0.05198738 0.09644509 0.09136948 0.11976767 0.06270080 0.13457173 0.09687645 0.09326095 0.06527764 0.04683159 0.05905196 0.07082966 0.13286992 0.09258038 0.06533029 0.08001252 0.00786222 0.07186926 0.05520680 0.08004225 0.09096263 0.09548316 0.10056675 0.03390047 0.09464309 0.07971745 0.10444341 0.12370514 0.08147200 0.06562949 0.05467615 0.08678279 0.07991027 0.07432425 0.06824288 0.07608830 0.08534050 0.05076568 0.06699022 0.03940861 0.13002879 0.07655681 0.07844020 0.11413876 0.10457154 0.06090079 0.09959468 0.04027248 0.08309562 0.12332452 0.07458014 0.06484917 0.08873243 0.05935063 0.07095419 0.09341741 0.09166760 0.06497784 0.07908034 0.05308131 0.08314187 0.09954238 0.10052933 0.13755810 0.12158662 0.08313252 0.09870815 0.04520024 0.10917836 0.05423920 0.11701115 0.11906582 0.13814729 0.08817138 0.06729122 0.06010827 0.06533352 0.09285936 0.11165482 0.05020391 0.08313453 0.07918790 0.10597419 0.07516998 0.02912616 0.07466713 0.09035025 0.07158801 0.10743848 0.09844260 0.08169035 0.08573763 0.11779815 0.06811509 0.08391193 
0.10714243 0.07173165 0.07761972 0.09668423 0.06782618 0.10899152 0.09140238 0.07741245 0.10951236 0.09553646 0.10124753 0.05203017 0.04921616 0.11211823 0.07654511 0.06789750 0.08373865 0.10020732 0.09348459 0.09033789 0.08682359 0.07997855 0.00000000 0.15827035 0.18575578 0.13731691 0.05395040 0.08481239 0.09548590 0.11960872 0.11464890 0.16126411 0.08463573 0.29871157 0.09193071 0.05597652 0.06471406 0.09772471 0.12968698 0.07144652 0.07783076 0.07873074 0.08878530 0.06773187 0.05285259 0.12397136 0.05432233 0.11929704 0.11916515 0.05542196 0.10207051 0.10466095 0.11326573 0.05664660 0.10515204 0.08829065 0.12911791 0.12099058 0.14383684 0.15163160 0.15885875 0.10806522 0.07329161 0.03378280 0.06556597 0.05427881 0.07322315 0.12102884 0.09400373 0.09508545 0.06813222 0.06727058 0.08300733 0.09490442 0.12045922 0.05161934 0.10357404 0.15412526 0.09918311 0.12536126 0.08201688 0.05428612 0.08936277 0.07603693 0.08311809 0.05092702 0.11178136 0.03506166 0.07228284 0.06645366 0.11954749 0.05440592 0.08836530 0.09963400 0.15617404 0.10085611 0.09583188 0.11708703 0.05576715 0.09389996 0.05895026 0.11118557 0.10196492 0.09245480 0.09106105 0.02877326 0.06736769 0.03814297 0.06231991 0.08238103 0.05457485 0.07193146 0.04819003 0.10299777 0.08726584 0.08536882 0.05170381 0.05338223 0.08101860 0.09753111 0.09200685 0.09250717 0.09554984 0.05886814 0.07568726 0.08251107 0.11171426 0.07751126 0.05441857 0.07390755 0.09835730 0.08998120 0.05074608 
0.08239609 0.03544043 0.02579094 0.11526845 0.06073783 0.05568955 0.12341763 0.12023334 0.03752081 0.05703900 0.09101058 0.07324173 0.05554346 0.11668355 0.09957528 0.10038370 0.08521569 0.09152222 0.11305796 0.12702449 0.11416981 0.09788124 0.15827035 0.00000000 0.07796568 0.14712671 0.15951631 0.20017751 0.13284221 0.10431130 0.13738303 0.05436915 0.05919513 0.11281989 0.06137445 0.06925643 0.07821639 0.05310790 0.06730165 0.08474332 0.09128830 0.09084346 0.06688003 0.08999257 0.10321505 0.09252136 0.09030479 0.04603375 0.09287124 0.09461674 0.05803986 0.09145121 0.07203406 0.06948587 0.05461397 0.07740706 0.06878063 0.04812337 0.08134636 0.15984678 0.13375520 0.15464273 0.11108276 0.09264214 0.09096101 0.07448295 0.07232337 0.10054557 0.11647700 0.06977377 0.04477969 0.08435555 0.08775510 0.10001354 0.06333510 0.09425694 0.12695338 0.09411081 0.05570624 0.06840142 0.16721722 0.03409435 0.06072137 0.13867303 0.05965824 0.09637115 0.05409258 0.11089729 0.06275537 0.10068193 0.10897474 0.08301580 0.14035967 0.14376859 0.18416497 0.11055299 0.13045410 0.12768894 0.08604675 0.08976954 0.11718401 0.12070741 0.07066596 0.06695990 0.09540803 0.05436394 0.11917924 0.05685988 0.09149834 0.09738209 0.11555625 0.07098120 0.07993469 0.07967929 0.08940050 0.03907882 0.05128499 0.09865782 0.07684464 0.06358479 0.14258612 0.06092619 0.07884528 0.05550503 0.08894771 0.05098807 0.05413604 0.07291366 0.08488200 0.10532997 0.07317661 0.04348510 0.09394784 
0.10284162 0.10648546 0.06905043 0.11064442 0.05264395 0.09757462 0.04665020 0.11993217 0.14556049 0.11421899 0.06752522 0.07447020 0.07582920 0.06720889 0.05259818 0.13369416 0.06244321 0.15253682 0.10955933 0.06937326 0.10019410 0.15958695 0.18575578 0.07796568 0.00000000 0.14755066 0.29521364 0.15748114 0.22367090 0.16887331 0.09662379 0.13548696 0.07988319 0.09368866 0.04024925 0.09036735 0.10278496 0.10613295 0.05745622 0.08387354 0.07963288 0.09429438 0.09133292 0.05870323 0.08063748 0.08996032 0.06694737 0.03800222 0.13417655 0.07338512 0.10588871 0.10082407 0.10366479 0.10659497 0.06216631 0.08274452 0.15323996 0.03618088 0.06426053 0.08042767 0.08818622 0.06516283 0.06697222 0.05333009 0.09576013 0.05515836 0.07969779 0.11229321 0.08878601 0.09852947 0.13136034 0.09163163 0.08590394 0.10029633 0.10998341 0.07554115 0.05045601 0.09042973 0.09153260 0.11404957 0.08689808 0.06199500 0.11561191 0.03478118 0.06664416 0.09972156 0.06975875 0.07968418 0.12788971 0.05323778 0.11134609 0.09873109 0.04779018 0.04684446 0.13215319 0.09016427 0.08764527 0.07926381 0.07697817 0.09303205 0.06210916 0.12147438 0.08292284 0.06473606 0.03885866 0.07859175 0.09962798 0.12199713 0.08425459 0.06439353 0.07053409 0.06891627 0.06961155 0.08349770 0.05260648 0.07634732 0.07853152 0.07582042 0.07082450 0.12097969 0.05553131 0.06907115 0.11036597 0.07861253 0.08654695 0.07000368 0.05470944 0.10661167 0.08384442 0.08938420 0.04669761 0.08758562 0.08901862 
0.10269467 0.06620258 0.06418828 0.07798293 0.06751721 0.07481953 0.07756302 0.06768722 0.06309649 0.10029041 0.11556597 0.09798432 0.11873071 0.05752395 0.01422893 0.06498202 0.06932974 0.11172175 0.11570626 0.21637943 0.15070953 0.18678418 0.13731691 0.14712671 0.14755066 0.00000000 0.16099967 0.12986383 0.16329370 0.11452040 0.09428465 0.11824929 0.09522597 0.10854415 0.09374768 0.08147159 0.03686439 0.18143592 0.08117851 0.08592613 0.06387475 0.03567932 0.05552132 0.07842039 0.06606210 0.10127217 0.08478578 0.13555624 0.08076698 0.04195174 0.08813320 0.10945730 0.12434061 0.08099144 0.08905932 0.05386711 0.11324852 0.10578686 0.10410021 0.12439926 0.10404940 0.13036157 0.09984231 0.04903716 0.09255801 0.11622744 0.09403267 0.04284168 0.08004988 0.10444390 0.10295248 0.08478119 0.08860472 0.07486734 0.08716987 0.05552426 0.09084166 0.03608829 0.07156235 0.12530767 0.07246943 0.09878994 0.07507859 0.08764274 0.10663380 0.08453648 0.13333701 0.11914163 0.13093138 0.12459446 0.13106159 0.08535805 0.10060051 0.07923880 0.09982691 0.09118560 0.10002700 0.07217852 0.08702746 0.09110646 0.08418283 0.09746547 0.11006768 0.05752060 0.13170808 0.06295203 0.10166902 0.08567368 0.09299604 0.03153655 0.06029273 0.04269407 0.08644777 0.05001792 0.03445749 0.08330998 0.11396474 0.10131054 0.03999539 0.08197820 0.06632239 0.14103338 0.04888583 0.10918251 0.08437179 0.05816148 0.05225117 0.05810127 0.07162590 0.04036035 0.04296019 0.01966269 0.06904619 
0.10836742 0.08356304 0.03129945 0.07507724 0.09511180 0.07977433 0.12292520 0.13041397 0.10207402 0.07567970 0.03176480 0.12341715 0.11362531 0.09127484 0.03735449 0.07656023 0.06127950 0.11483521 0.07228101 0.08025534 0.15511741 0.10903562 0.05395040 0.15951631 0.29521364 0.16099967 0.00000000 0.13814678 0.11287552 0.09684309 0.06486240 0.13177776 0.10283982 0.07404360 0.10325947 0.06393093 0.06470208 0.09140331 0.10407775 0.12270067 0.04662813 0.07561425 0.07466222 0.09972800 0.09397362 0.07284802 0.11639013 0.06849754 0.06689143 0.12690460 0.17108980 0.06705206 0.09969623 0.09399237 0.07620447 0.03879627 0.13167286 0.12434432 0.12534974 0.06228386 0.05646148 0.07381244 0.07638141 0.06693554 0.08016591 0.09528157 0.07796732 0.07686668 0.09451336 0.09173573 0.13437576 0.07284319 0.05367278 0.07784970 0.10566712 0.06376217 0.04487052 0.07123573 0.11235073 0.10409190 0.06542505 0.03470818 0.07221272 0.04938565 0.08405247 0.08432655 0.16363622 0.14270669 0.06663419 0.07231931 0.10136440 0.10049320 0.06876400 0.06264030 0.09928237 0.08774538 0.13111405 0.07251308 0.09998289 0.10278496 0.08262960 0.12607139 0.06524995 0.05518674 0.07508109 0.05158822 0.07764246 0.08826171 0.06507051 0.05799380 0.08895495 0.10418298 0.06286405 0.08462439 0.15067302 0.04414390 0.05481467 0.09272327 0.12090125 0.07852530 0.10719911 0.07683458 0.08042003 0.10592912 0.10517909 0.07332784 0.10542330 0.07577776 0.10360027 0.10367065 0.07389353 0.08005637 0.07216545 
