0.00000000 0.19571240 0.08984083 0.23174406 0.20555027 0.15185460 0.24122985 0.19200816 0.11797652 0.26255949 0.20081036 0.11911412 0.17430056 0.25475815 0.25453130 0.19660763 0.13349868 0.20036918 0.05822352 0.31121765 0.19153238 0.17358549 0.30891762 0.11972424 0.19948208 0.32210557 0.48657077 0.09210910 0.11206202 0.24274201 0.16243922 0.14697334 0.18159851 0.27675291 0.01195982 0.25974860 0.17044158 0.15392752 0.20854290 0.15992862 0.11136832 0.39767007 0.19314878 0.12367924 0.18370345 0.20889869 0.11064410 0.08434965 0.20556260 0.16522516 0.08525098 0.02916991 0.18946270 0.19070067 0.29709200 0.12672821 0.27508297 0.21305285 0.12057072 0.15526998 0.20559238 
0.19571240 0.00000000 0.28837685 0.45312920 0.20334922 0.36308513 0.19212849 0.19849483 0.22640034 0.13785077 0.16801896 0.22172000 0.13495219 0.10808591 0.14598759 0.28524250 0.18281560 0.22210424 0.35062270 0.15814120 0.10278611 0.29391472 0.12041014 0.19970092 0.17421052 0.09794515 0.18047267 0.33875016 0.08919731 0.18922939 0.11895971 0.33468260 0.11144029 0.17004347 0.25455313 0.14337614 0.13377804 0.14450549 0.13760244 0.14769540 0.19287093 0.06371458 0.09500062 0.20373779 0.20005758 0.14975738 0.10941064 0.17631967 0.16444363 0.11961705 0.07151956 0.15179670 0.12099734 0.16970299 0.13291827 0.12531050 0.13219802 0.07936752 0.16309067 0.15679669 0.19429169 
0.08984083 0.28837685 0.00000000 0.23449537 0.18984857 0.16323125 0.16932410 0.18551457 0.22922141 0.15235710 0.18872276 0.13683014 0.20021891 0.21506444 0.12474525 0.20771280 0.15272739 0.14836977 0.17017206 0.14657303 0.14096779 0.15546499 0.18393999 0.16877701 0.21563358 0.23047199 0.19958589 0.18475563 0.18359867 0.14069819 0.16016098 0.21633302 0.14706822 0.17612000 0.19271192 0.13914314 0.15215333 0.16352440 0.12918008 0.19485797 0.17829187 0.13434766 0.21197440 0.21439974 0.13827955 0.20051774 0.16807518 0.09657359 0.15647340 0.17920478 0.16482848 0.23104264 0.17047102 0.18470684 0.17821676 0.28810798 0.25920539 0.12793052 0.13157216 0.14147829 0.17939364 
0.23174406 0.45312920 0.23449537 0.00000000 0.21388999 0.31278527 0.16796970 0.16414820 0.20951114 0.11342426 0.10602068 0.17225189 0.15685976 0.09945547 0.13889457 0.16437047 0.19842019 0.18232315 0.22838753 0.15803290 0.12256471 0.32349395 0.13567315 0.31095114 0.18421164 0.18605449 0.32391229 0.20907823 0.25778813 0.34096005 0.19309220 0.24638277 0.16928188 0.25073514 0.20169256 0.10940579 0.21512371 0.21093509 0.26408478 0.08018504 0.10568746 0.17161854 0.13843283 0.15570555 0.23952534 0.20013375 0.09709218 0.18670691 0.22956021 0.22225675 0.23121986 0.13664873 0.12783542 0.21494921 0.03941455 0.10767387 0.13061727 0.16308629 0.17716961 0.07920811 0.19731621 
0.20555027 0.20334922 0.18984857 0.21388999 0.00000000 0.10396758 0.31590726 0.20909397 0.22143522 0.19766014 0.29155487 0.19032152 0.15132190 0.30368706 0.18329468 0.15109739 0.27752191 0.17682124 0.18269057 0.23355435 0.20693076 0.15103128 0.19977670 0.13114437 0.13264473 0.22291838 0.20884388 0.18238053 0.14496394 0.27755557 0.15714786 0.23402170 0.10218828 0.23256295 0.08798712 0.22657386 0.23371313 0.17567605 0.23889409 0.17554984 0.21570451 0.24778634 0.18711774 0.17847894 0.14173105 0.15277778 0.08646369 0.19920975 0.04413235 0.27211343 0.17683431 0.11497335 0.26240782 0.17777463 0.26059841 0.14372874 0.20822533 0.15312277 0.13986878 0.26057181 0.13021080 
0.15185460 0.36308513 0.16323125 0.31278527 0.10396758 0.00000000 0.20762037 0.15181992 0.17802733 0.16570823 0.23933047 0.14949544 0.27108457 0.12975257 0.14175705 0.09075331 0.17900318 0.12223792 0.15045161 0.16593486 0.16186171 0.16161130 0.13853129 0.29988990 0.20216609 0.15420172 0.20675236 0.25879268 0.26666339 0.28001737 0.42342733 0.31057707 0.24337201 0.09040677 0.21809185 0.14170837 0.09760248 0.12148155 0.20534926 0.15490647 0.17129416 0.12915602 0.19863919 0.19461221 0.13363749 0.36924235 0.36499308 0.14010252 0.16407989 0.24199470 0.17524793 0.13240629 0.15716992 0.09274852 0.05299671 0.21650494 0.13957292 0.13737010 0.12834279 0.13101520 0.24979973 
0.24122985 0.19212849 0.16932410 0.16796970 0.31590726 0.20762037 0.00000000 0.20541199 0.25507045 0.26202389 0.24717304 0.28373540 0.19023563 0.23644833 0.22337985 0.13478227 0.30063443 0.14692606 0.10942879 0.13474813 0.17010785 0.23620005 0.05804166 0.23036345 0.09696619 0.17102079 0.23781645 0.15529353 0.16720342 0.15615650 0.19199471 0.17313713 0.20694161 0.20085955 0.21389805 0.10640162 0.16967348 0.30088800 0.24511824 0.17911474 0.22182648 0.12034774 0.19784976 0.16291008 0.16156186 0.19724097 0.24994943 0.27755000 0.21906932 0.21003703 0.18203126 0.06698266 0.20657189 0.19912011 0.10907351 0.26488546 0.16049876 0.27099587 0.07985378 0.13332010 0.14441047 
0.19200816 0.19849483 0.18551457 0.16414820 0.20909397 0.15181992 0.20541199 0.00000000 0.27953354 0.28484919 0.21852527 0.16592230 0.18415256 0.25763016 0.27807257 0.13966528 0.19226337 0.18288024 0.13365996 0.14522122 0.17536449 0.15716549 0.15276823 0.10668947 0.19894630 0.22702737 0.18671297 0.14493998 0.20452847 0.22718695 0.19256903 0.12888602 0.20673416 0.10517646 0.07569090 0.22277433 0.06353944 0.29825691 0.29368004 0.19681261 0.10429867 0.15708456 0.28648799 0.14842364 0.06820299 0.45689739 0.19414032 0.18572918 0.14650406 0.09791991 0.26046383 0.26186193 0.24919212 0.23038790 0.20393303 0.20043749 0.24023677 0.21080954 0.18292963 0.14841585 0.15975742 
0.11797652 0.22640034 0.22922141 0.20951114 0.22143522 0.17802733 0.25507045 0.27953354 0.00000000 0.25723807 0.23304508 0.27130901 0.15922140 0.17324962 0.23965649 0.16305627 0.22020390 0.22792156 0.26885547 0.34135312 0.13714376 0.13913456 0.15144119 0.15730078 0.12845926 0.16415640 0.14162434 0.14902482 0.15729271 0.17949716 0.21073836 0.12460772 0.21116302 0.11843004 0.13322175 0.16918775 0.18892810 0.22807065 0.22639621 0.27918657 0.18160044 0.19967236 0.14634166 0.13146870 0.15496074 0.21488662 0.17586235 0.23693946 0.12106827 0.18714771 0.24907184 0.14724027 0.20597120 0.29133466 0.13290021 0.16578741 0.14544160 0.18510594 0.12798260 0.15650358 0.20432576 
0.26255949 0.13785077 0.15235710 0.11342426 0.19766014 0.16570823 0.26202389 0.28484919 0.25723807 0.00000000 0.28888157 0.22336697 0.13311473 0.37232625 0.16570765 0.13773285 0.14882777 0.25509218 0.13034728 0.21828214 0.25704956 0.13862420 0.15552356 0.21434508 0.25046269 0.09065743 0.09750436 0.21307352 0.27138340 0.17680934 0.19163919 0.08609297 0.16491693 0.11033956 0.17147170 0.11520831 0.17871047 0.29497840 0.14388685 0.22609189 0.17833906 0.12508625 0.19030773 0.12061752 0.15934467 0.14351862 0.16066876 0.12349286 0.18407412 0.27466019 0.33197641 0.04676384 0.09250178 0.31886929 0.24420333 0.25581999 0.26125214 0.24149767 0.16292252 0.15937530 0.22735613 
0.20081036 0.16801896 0.18872276 0.10602068 0.29155487 0.23933047 0.24717304 0.21852527 0.23304508 0.28888157 0.00000000 0.58806613 0.12689656 0.13872767 0.20523546 0.20523285 0.17775477 0.16488044 0.14504042 0.18282561 0.17694344 0.17138665 0.21089332 0.16249549 0.22072420 0.19404630 0.10533439 0.19774933 0.18804662 0.13810636 0.20517977 0.09891409 0.02630571 0.28241183 0.15011910 0.09332059 0.24306329 0.19669453 0.24884174 0.11831567 0.13074546 0.13154578 0.28792401 0.15875460 0.13353852 0.06433579 0.13062396 0.18985648 0.22583991 0.15925257 0.20513828 0.22777227 0.16659195 0.05842783 0.13085171 0.23239877 0.25562445 0.20728612 0.12859186 0.23283849 0.17617992 
0.11911412 0.22172000 0.13683014 0.17225189 0.19032152 0.14949544 0.28373540 0.16592230 0.27130901 0.22336697 0.58806613 0.00000000 0.34002418 0.28161918 0.20935240 0.30198276 0.21792157 0.09090510 0.19486004 0.20369574 0.19316792 0.22226829 0.18215576 0.10324854 0.18974412 0.21633470 0.07568089 0.17906930 0.14229421 0.16484697 0.23747425 0.15761164 0.19108305 0.20081923 0.07934887 0.15747085 0.31020603 0.23725178 0.13440264 0.15243207 0.16295549 0.09899761 0.15124956 0.19368836 0.13486391 0.13659683 0.20015715 0.14332830 0.16159147 0.21940866 0.22169081 0.09315146 0.15610707 0.26214733 0.24714487 0.14696640 0.14303927 0.12941473 0.18004683 0.16056821 0.07375499 
0.17430056 0.13495219 0.20021891 0.15685976 0.15132190 0.27108457 0.19023563 0.18415256 0.15922140 0.13311473 0.12689656 0.34002418 0.00000000 0.32244199 0.20298149 0.23918468 0.23597583 0.05586189 0.08328887 0.16505367 0.18165962 0.14085294 0.16217430 0.21331390 0.24811897 0.27799179 0.30823697 0.18623630 0.22018058 0.06488838 0.13450790 0.19484442 0.11485913 0.15226912 0.07442993 0.18910527 0.03247415 0.05248510 0.20541769 0.23787652 0.15849151 0.22098768 0.13223693 0.13084934 0.13757626 0.19853591 0.17149500 0.27426642 0.21859661 0.32838915 0.27238770 0.12537261 0.16970469 0.30840881 0.48851640 0.19627750 0.22326919 0.31589295 0.14038667 0.15728083 0.30839204 
0.25475815 0.10808591 0.21506444 0.09945547 0.30368706 0.12975257 0.23644833 0.25763016 0.17324962 0.37232625 0.13872767 0.28161918 0.32244199 0.00000000 0.38158087 0.21054743 0.25248130 0.25337329 0.13930634 0.14945498 0.07755135 0.16397244 0.14113682 0.17972573 0.16462307 0.17308648 0.14197754 0.18896928 0.12802216 0.14226766 0.12082738 0.11153864 0.09966857 0.16358313 0.08816837 0.17936612 0.12148913 0.22648646 0.10980964 0.30653397 0.29499647 0.31628864 0.23186976 0.20138098 0.03955420 0.09793398 0.19479659 0.17132452 0.13880567 0.20516435 0.26740381 0.07603510 0.15579069 0.24978864 0.15947282 0.18740667 0.18887355 0.28711763 0.15525997 0.30295641 0.20721162 
0.25453130 0.14598759 0.12474525 0.13889457 0.18329468 0.14175705 0.22337985 0.27807257 0.23965649 0.16570765 0.20523546 0.20935240 0.20298149 0.38158087 0.00000000 0.19978443 0.24958486 0.29722446 0.17828929 0.17898088 0.15003504 0.12942327 0.16214227 0.18413631 0.12842297 0.23850335 0.25241987 0.19135756 0.14151529 0.13225226 0.17162422 0.10065538 0.20557643 0.15502895 0.17055910 0.24789733 0.13772603 0.22107245 0.28146392 0.17688110 0.32832178 0.24867621 0.14754767 0.15197915 0.24442446 0.18122743 0.11028132 0.13677784 0.14522645 0.18547649 0.25998597 0.09580498 0.16443700 0.22713157 0.13954384 0.15977072 0.35165443 0.12309239 0.13901536 0.14232058 0.31141739 
0.19660763 0.28524250 0.20771280 0.16437047 0.15109739 0.09075331 0.13478227 0.13966528 0.16305627 0.13773285 0.20523285 0.30198276 0.23918468 0.21054743 0.19978443 0.00000000 0.19245467 0.08196091 0.22704077 0.17194814 0.29184661 0.10269435 0.19118021 0.16063743 0.09161085 0.16255796 0.21410066 0.14865115 0.10966283 0.16935351 0.25179763 0.17569412 0.11451570 0.12244604 0.13248336 0.16750127 0.32296568 0.17284283 0.27618989 0.17347262 0.10087404 0.06978621 0.24644308 0.17304070 0.19887181 0.13979988 0.17710106 0.10492150 0.13140759 0.27665855 0.25930025 0.10628811 0.13846023 0.18011033 0.54315045 0.15389608 0.14616870 0.32819123 0.30670192 0.09927950 0.17531290 
0.13349868 0.18281560 0.15272739 0.19842019 0.27752191 0.17900318 0.30063443 0.19226337 0.22020390 0.14882777 0.17775477 0.21792157 0.23597583 0.25248130 0.24958486 0.19245467 0.00000000 0.29796512 0.17078493 0.22060117 0.20362719 0.17773469 0.20822280 0.23595233 0.17775766 0.28232647 0.22071754 0.16537782 0.19673316 0.12289029 0.20628245 0.22425049 0.13655098 0.28206545 0.04309401 0.25035113 0.22499788 0.24185666 0.17700764 0.32620477 0.08991089 0.25564320 0.08150406 0.16001855 0.09843188 0.10500144 0.12493996 0.16612812 0.10988906 0.22450717 0.20098696 0.10232361 0.16907269 0.22222872 0.12712872 0.17610597 0.20410193 0.30590389 0.11824617 0.19105595 0.21230335 
0.20036918 0.22210424 0.14836977 0.18232315 0.17682124 0.12223792 0.14692606 0.18288024 0.22792156 0.25509218 0.16488044 0.09090510 0.05586189 0.25337329 0.29722446 0.08196091 0.29796512 0.00000000 0.17809076 0.17416058 0.19899601 0.29710953 0.22017182 0.10698867 0.21782322 0.27993146 0.18098304 0.17830351 0.25126500 0.23551863 0.15156166 0.07090374 0.19162794 0.12290715 0.18452032 0.41274280 0.18562667 0.24213229 0.16323915 0.18454148 0.18525358 0.30779899 0.13479942 0.16988603 0.13753430 0.19188167 0.22787028 0.26327264 0.09257824 0.22245276 0.16410308 0.19906213 0.20381626 0.00419213 0.12716899 0.25548213 0.17121741 0.14187469 0.39475782 0.18962310 0.13646457 
0.05822352 0.35062270 0.17017206 0.22838753 0.18269057 0.15045161 0.10942879 0.13365996 0.26885547 0.13034728 0.14504042 0.19486004 0.08328887 0.13930634 0.17828929 0.22704077 0.17078493 0.17809076 0.00000000 0.15202056 0.16394770 0.38222941 0.17590172 0.08983631 0.11573094 0.10729680 0.08655918 0.12495451 0.21457164 0.24354016 0.09037024 0.34312696 0.28253047 0.08977463 0.49602236 0.10424518 0.22763381 0.11724967 0.14383465 0.11376596 0.17278108 0.12384139 0.15552633 0.20115919 0.36300386 0.07591065 0.13310469 0.18000452 0.12061926 0.15054042 0.21288342 0.40310985 0.10158506 0.15716718 0.11248675 0.20360664 0.23000623 0.12237533 0.27065391 0.57356201 0.06730967 
0.31121765 0.15814120 0.14657303 0.15803290 0.23355435 0.16593486 0.13474813 0.14522122 0.34135312 0.21828214 0.18282561 0.20369574 0.16505367 0.14945498 0.17898088 0.17194814 0.22060117 0.17416058 0.15202056 0.00000000 0.20407512 0.18295306 0.17760990 0.22058774 0.30046902 0.22959560 0.24450986 0.17673408 0.14717511 0.21981472 0.28888314 0.27702225 0.07682047 0.41175154 0.23830596 0.32000737 0.13495558 0.15092329 0.16387800 0.08071497 0.17184395 0.32235478 0.17572472 0.18352197 0.16787949 0.07825380 0.14635324 0.21770265 0.21864199 0.12705117 0.07253875 0.18992596 0.20213687 0.12486777 0.12787541 0.17910470 0.14302201 0.11093724 0.20006924 0.23445077 0.23610140 
0.19153238 0.10278611 0.14096779 0.12256471 0.20693076 0.16186171 0.17010785 0.17536449 0.13714376 0.25704956 0.17694344 0.19316792 0.18165962 0.07755135 0.15003504 0.29184661 0.20362719 0.19899601 0.16394770 0.20407512 0.00000000 0.18068309 0.21603909 0.22665009 0.18515715 0.21570674 0.14138311 0.08593073 0.19095756 0.11782174 0.26376067 0.22193565 0.32650630 0.26582150 0.14728134 0.18117742 0.11943701 0.22030319 0.26871724 0.16801422 0.19367327 0.17341222 0.12743623 0.16336224 0.15151927 0.11672856 0.12999096 0.12873661 0.24234807 0.22953383 0.12432380 0.23297371 0.30071021 0.19023795 0.13138442 0.32619959 0.21602035 0.20082136 0.12492397 0.36176009 0.18550203 
0.17358549 0.29391472 0.15546499 0.32349395 0.15103128 0.16161130 0.23620005 0.15716549 0.13913456 0.13862420 0.17138665 0.22226829 0.14085294 0.16397244 0.12942327 0.10269435 0.17773469 0.29710953 0.38222941 0.18295306 0.18068309 0.00000000 0.23533110 0.29975271 0.20734109 0.12194809 0.23645093 0.10804692 0.23250419 0.33402101 0.22101923 0.31145142 0.25343337 0.18130641 0.19749363 0.17793254 0.20022520 0.05907456 0.17744099 0.22547886 0.13342663 0.11845589 0.25217331 0.21279995 0.13695621 0.17679005 0.12084809 0.19554308 0.14103084 0.13985823 0.27352141 0.18901128 0.12080249 0.09259008 0.13626951 0.08154936 0.15566990 0.06447172 0.13928439 0.19969377 0.10785123 
0.30891762 0.12041014 0.18393999 0.13567315 0.19977670 0.13853129 0.05804166 0.15276823 0.15144119 0.15552356 0.21089332 0.18215576 0.16217430 0.14113682 0.16214227 0.19118021 0.20822280 0.22017182 0.17590172 0.17760990 0.21603909 0.23533110 0.00000000 0.20299885 0.16868857 0.17470369 0.21444227 0.08437897 0.23869534 0.22092962 0.29388021 0.27951743 0.28441489 0.32736031 0.15534916 0.20118877 0.20944733 0.20197604 0.15040017 0.09833978 0.26727109 0.19145697 0.21507473 0.19991524 0.14707419 0.14867829 0.12312468 0.37170733 0.20212807 0.12387394 0.15243372 0.15336026 0.26202049 0.15733904 0.24121313 0.15726967 0.16426811 0.15963745 0.28327902 0.14414393 0.19275608 
0.11972424 0.19970092 0.16877701 0.31095114 0.13114437 0.29988990 0.23036345 0.10668947 0.15730078 0.21434508 0.16249549 0.10324854 0.21331390 0.17972573 0.18413631 0.16063743 0.23595233 0.10698867 0.08983631 0.22058774 0.22665009 0.29975271 0.20299885 0.00000000 0.39803067 0.24681786 0.21928399 0.15695777 0.33918450 0.19546779 0.50776439 0.24919835 0.13562511 0.15409825 0.08968112 0.12774708 0.21092571 0.26584132 0.10821220 0.22864176 0.16692507 0.15282581 0.17456234 0.22677500 0.15393407 0.08687532 0.15567999 0.10498093 0.14553924 0.04414257 0.23816312 0.25740874 0.22164204 0.16953185 0.16281485 0.07422426 0.11284129 0.08812828 0.18988973 0.15274876 0.21430302 
0.19948208 0.17421052 0.21563358 0.18421164 0.13264473 0.20216609 0.09696619 0.19894630 0.12845926 0.25046269 0.22072420 0.18974412 0.24811897 0.16462307 0.12842297 0.09161085 0.17775766 0.21782322 0.11573094 0.30046902 0.18515715 0.20734109 0.16868857 0.39803067 0.00000000 0.30945977 0.35501117 0.29682572 0.29483574 0.22434729 0.13694199 0.19796830 0.23985853 0.23191987 0.18467371 0.16690634 0.17430579 0.13892385 0.11150507 0.19747241 0.07566326 0.30710995 0.21232980 0.16611697 0.22801765 0.13896126 0.17240989 0.20285526 0.17404122 0.17743856 0.11508356 0.18065248 0.21217694 0.12539548 0.25684787 0.07685557 0.14007848 0.08713020 0.18458127 0.12196963 0.15105417 
0.32210557 0.09794515 0.23047199 0.18605449 0.22291838 0.15420172 0.17102079 0.22702737 0.16415640 0.09065743 0.19404630 0.21633470 0.27799179 0.17308648 0.23850335 0.16255796 0.28232647 0.27993146 0.10729680 0.22959560 0.21570674 0.12194809 0.17470369 0.24681786 0.30945977 0.00000000 0.18178548 0.26429039 0.31317676 0.19313923 0.18573557 0.01828199 0.10938785 0.20897941 0.16835967 0.14924364 0.18794455 0.23820653 0.19956365 0.21511849 0.26126129 0.36156125 0.19620256 0.19603134 0.20062546 0.15045097 0.08911815 0.28442091 0.11893859 0.18526612 0.16317397 0.10899033 0.21128274 0.15463018 0.12731838 0.08896510 0.18249977 0.19315046 0.14076688 0.17535971 0.12183519 
0.48657077 0.18047267 0.19958589 0.32391229 0.20884388 0.20675236 0.23781645 0.18671297 0.14162434 0.09750436 0.10533439 0.07568089 0.30823697 0.14197754 0.25241987 0.21410066 0.22071754 0.18098304 0.08655918 0.24450986 0.14138311 0.23645093 0.21444227 0.21928399 0.35501117 0.18178548 0.00000000 0.23781330 0.28160360 0.27000744 0.22886895 0.12460440 0.10596203 0.31489294 0.12184126 0.20614980 0.12015847 0.08045899 0.17462814 0.35054367 0.22268744 0.12049549 0.26163650 0.18514140 0.17535215 0.17491171 0.05686896 0.18891758 0.21231977 0.07750413 0.11360327 0.10527454 0.06774750 0.23865820 0.26103114 0.21587186 0.25615994 0.14168118 0.09689343 0.14680791 0.19242114 
0.09210910 0.33875016 0.18475563 0.20907823 0.18238053 0.25879268 0.15529353 0.14493998 0.14902482 0.21307352 0.19774933 0.17906930 0.18623630 0.18896928 0.19135756 0.14865115 0.16537782 0.17830351 0.12495451 0.17673408 0.08593073 0.10804692 0.08437897 0.15695777 0.29682572 0.26429039 0.23781330 0.00000000 0.15529637 0.26292161 0.17731986 0.15063334 0.16212570 0.30356549 0.14037134 0.18030021 0.10894753 0.13521312 0.16807103 0.18166528 0.24786966 0.19565503 0.18013676 0.20237177 0.18167593 0.14961083 0.13145121 0.14776153 0.16517757 0.14519052 0.10238414 0.13388129 0.19715379 0.18300713 0.16070266 0.20154550 0.11413603 0.18824413 0.22821465 0.14731301 0.19938838 
0.11206202 0.08919731 0.18359867 0.25778813 0.14496394 0.26666339 0.16720342 0.20452847 0.15729271 0.27138340 0.18804662 0.14229421 0.22018058 0.12802216 0.14151529 0.10966283 0.19673316 0.25126500 0.21457164 0.14717511 0.19095756 0.23250419 0.23869534 0.33918450 0.29483574 0.31317676 0.28160360 0.15529637 0.00000000 0.28840536 0.09163935 0.14739382 0.23839621 0.11477387 0.24576584 0.15723114 0.14195910 0.27632244 0.18648035 0.18193649 0.13984185 0.13779511 0.10010449 0.18794319 0.18860941 0.05385300 0.20713962 0.15063901 0.24246630 0.14166501 0.24169755 0.15889072 0.24920119 0.29978795 0.18586349 0.26472490 0.11456436 0.11255221 0.21338327 0.16336036 0.17365204 
0.24274201 0.18922939 0.14069819 0.34096005 0.27755557 0.28001737 0.15615650 0.22718695 0.17949716 0.17680934 0.13810636 0.16484697 0.06488838 0.14226766 0.13225226 0.16935351 0.12289029 0.23551863 0.24354016 0.21981472 0.11782174 0.33402101 0.22092962 0.19546779 0.22434729 0.19313923 0.27000744 0.26292161 0.28840536 0.00000000 0.33101639 0.31564057 0.26912573 0.13413669 0.18324519 0.13430359 0.12385141 0.15601100 0.17230786 0.16164203 0.09601766 0.19219908 0.14919556 0.17559759 0.13932315 0.17964297 0.17271537 0.28157531 0.05585337 0.18943818 0.11671137 0.10549475 0.27225850 0.20054126 0.19536510 0.11574313 0.23190438 0.20168275 0.24466085 0.07572106 0.18477565 
0.16243922 0.11895971 0.16016098 0.19309220 0.15714786 0.42342733 0.19199471 0.19256903 0.21073836 0.19163919 0.20517977 0.23747425 0.13450790 0.12082738 0.17162422 0.25179763 0.20628245 0.15156166 0.09037024 0.28888314 0.26376067 0.22101923 0.29388021 0.50776439 0.13694199 0.18573557 0.22886895 0.17731986 0.09163935 0.33101639 0.00000000 0.29367861 0.26576602 0.14438219 0.19230334 0.11793413 0.13057243 0.15389667 0.17760210 0.26078180 0.26683952 0.11943362 0.23296834 0.16133685 0.12329172 0.12886903 0.14665170 0.29011235 0.12016221 0.17330208 0.16274783 0.21435200 0.20968015 0.08580479 0.13582906 0.19839461 0.13779846 0.13214063 0.14250009 0.10382687 0.10990692 
0.14697334 0.33468260 0.21633302 0.24638277 0.23402170 0.31057707 0.17313713 0.12888602 0.12460772 0.08609297 0.09891409 0.15761164 0.19484442 0.11153864 0.10065538 0.17569412 0.22425049 0.07090374 0.34312696 0.27702225 0.22193565 0.31145142 0.27951743 0.24919835 0.19796830 0.01828199 0.12460440 0.15063334 0.14739382 0.31564057 0.29367861 0.00000000 0.18907606 0.17960103 0.31303060 0.23059649 0.24049346 0.08470513 0.14909204 0.06577080 0.14071920 0.17624221 0.17100408 0.21427261 0.28926790 0.18354282 0.17440460 0.07405777 0.28969269 0.08945452 0.11020623 0.19670860 0.10019518 0.08716500 0.31433241 0.07681390 0.00000000 0.10309720 0.18156217 0.17320021 0.27894468 
0.18159851 0.11144029 0.14706822 0.16928188 0.10218828 0.24337201 0.20694161 0.20673416 0.21116302 0.16491693 0.02630571 0.19108305 0.11485913 0.09966857 0.20557643 0.11451570 0.13655098 0.19162794 0.28253047 0.07682047 0.32650630 0.25343337 0.28441489 0.13562511 0.23985853 0.10938785 0.10596203 0.16212570 0.23839621 0.26912573 0.26576602 0.18907606 0.00000000 0.09116760 0.22613692 0.19239431 0.18642111 0.23585525 0.14500941 0.10763486 0.26462321 0.16489129 0.26660564 0.19263868 0.16920076 0.32485023 0.52026777 0.04194479 0.17027179 0.14775056 0.14490110 0.37777505 0.17936336 0.01296401 0.15937134 0.19235584 0.10830757 0.12412998 0.13457012 0.19308207 0.16015400 
0.27675291 0.17004347 0.17612000 0.25073514 0.23256295 0.09040677 0.20085955 0.10517646 0.11843004 0.11033956 0.28241183 0.20081923 0.15226912 0.16358313 0.15502895 0.12244604 0.28206545 0.12290715 0.08977463 0.41175154 0.26582150 0.18130641 0.32736031 0.15409825 0.23191987 0.20897941 0.31489294 0.30356549 0.11477387 0.13413669 0.14438219 0.17960103 0.09116760 0.00000000 0.12346802 0.30001872 0.14082993 0.10839102 0.17025124 0.18020136 0.11649871 0.25755277 0.12429935 0.17596334 0.15668684 0.22282539 0.14300170 0.10066055 0.24241731 0.21322289 0.11503626 0.12898623 0.13430243 0.14275664 0.11146827 0.08754958 0.31118314 0.12541946 0.18760900 0.29895168 0.10648929 
0.01195982 0.25455313 0.19271192 0.20169256 0.08798712 0.21809185 0.21389805 0.07569090 0.13322175 0.17147170 0.15011910 0.07934887 0.07442993 0.08816837 0.17055910 0.13248336 0.04309401 0.18452032 0.49602236 0.23830596 0.14728134 0.19749363 0.15534916 0.08968112 0.18467371 0.16835967 0.12184126 0.14037134 0.24576584 0.18324519 0.19230334 0.31303060 0.22613692 0.12346802 0.00000000 0.18213904 0.26270604 0.20995237 0.20408114 0.13006784 0.19019138 0.09889602 0.20177190 0.21585250 0.59872633 0.04609924 0.18799477 0.09638073 0.24527817 0.15353673 0.20914208 0.27388160 0.21764109 0.08316806 0.23478737 0.30954527 0.17989269 0.11745317 0.21116150 0.25480667 0.10420370 
0.25974860 0.14337614 0.13914314 0.10940579 0.22657386 0.14170837 0.10640162 0.22277433 0.16918775 0.11520831 0.09332059 0.15747085 0.18910527 0.17936612 0.24789733 0.16750127 0.25035113 0.41274280 0.10424518 0.32000737 0.18117742 0.17793254 0.20118877 0.12774708 0.16690634 0.14924364 0.20614980 0.18030021 0.15723114 0.13430359 0.11793413 0.23059649 0.19239431 0.30001872 0.18213904 0.00000000 0.19550684 0.21876276 0.16618283 0.27936368 0.19490753 0.39834991 0.22134527 0.17683140 0.18868632 0.14845079 0.15305412 0.16544685 0.25104626 0.24010607 0.10890595 0.09684214 0.13929907 0.16289475 0.17477143 0.12910658 0.34584829 0.26718991 0.20002585 0.20471787 0.21642236 
0.17044158 0.13377804 0.15215333 0.21512371 0.23371313 0.09760248 0.16967348 0.06353944 0.18892810 0.17871047 0.24306329 0.31020603 0.03247415 0.12148913 0.13772603 0.32296568 0.22499788 0.18562667 0.22763381 0.13495558 0.11943701 0.20022520 0.20944733 0.21092571 0.17430579 0.18794455 0.12015847 0.10894753 0.14195910 0.12385141 0.13057243 0.24049346 0.18642111 0.14082993 0.26270604 0.19550684 0.00000000 0.23592123 0.35773899 0.16659258 0.30607762 0.10792398 0.29559505 0.19087418 0.28639156 0.15155325 0.15683651 0.12713581 0.19578052 0.11001755 0.10507476 0.26782336 0.16939110 0.15509946 0.22589196 0.22494950 0.14425075 0.24219601 0.20253305 0.15470590 0.13561226 
0.15392752 0.14450549 0.16352440 0.21093509 0.17567605 0.12148155 0.30088800 0.29825691 0.22807065 0.29497840 0.19669453 0.23725178 0.05248510 0.22648646 0.22107245 0.17284283 0.24185666 0.24213229 0.11724967 0.15092329 0.22030319 0.05907456 0.20197604 0.26584132 0.13892385 0.23820653 0.08045899 0.13521312 0.27632244 0.15601100 0.15389667 0.08470513 0.23585525 0.10839102 0.20995237 0.21876276 0.23592123 0.00000000 0.25421308 0.20725934 0.18134904 0.15277259 0.17962617 0.18235977 0.25040111 0.18675114 0.20543730 0.09645524 0.09823305 0.16270700 0.08542154 0.08720588 0.20218157 0.31301638 0.19002684 0.17251486 0.15385163 0.33718360 0.11048127 0.19993875 0.21371314 
0.20854290 0.13760244 0.12918008 0.26408478 0.23889409 0.20534926 0.24511824 0.29368004 0.22639621 0.14388685 0.24884174 0.13440264 0.20541769 0.10980964 0.28146392 0.27618989 0.17700764 0.16323915 0.14383465 0.16387800 0.26871724 0.17744099 0.15040017 0.10821220 0.11150507 0.19956365 0.17462814 0.16807103 0.18648035 0.17230786 0.17760210 0.14909204 0.14500941 0.17025124 0.20408114 0.16618283 0.35773899 0.25421308 0.00000000 0.24534322 0.42939724 0.11798337 0.12515986 0.19164478 0.29749808 0.16188161 0.21161335 0.15167823 0.18294891 0.17095634 0.12624965 0.18062472 0.16527471 0.17685070 0.20768392 0.16712564 0.08527274 0.15792168 0.10041906 0.21424472 0.15287696 
0.15992862 0.14769540 0.19485797 0.08018504 0.17554984 0.15490647 0.17911474 0.19681261 0.27918657 0.22609189 0.11831567 0.15243207 0.23787652 0.30653397 0.17688110 0.17347262 0.32620477 0.18454148 0.11376596 0.08071497 0.16801422 0.22547886 0.09833978 0.22864176 0.19747241 0.21511849 0.35054367 0.18166528 0.18193649 0.16164203 0.26078180 0.06577080 0.10763486 0.18020136 0.13006784 0.27936368 0.16659258 0.20725934 0.24534322 0.00000000 0.23818862 0.23093080 0.17084287 0.18272311 0.05459625 0.13476720 0.09313556 0.24531653 0.25863156 0.26573116 0.13723224 0.19656094 0.30271468 0.23642279 0.14394651 0.08326905 0.13684981 0.17343862 0.16740706 0.22468439 0.17412818 
0.11136832 0.19287093 0.17829187 0.10568746 0.21570451 0.17129416 0.22182648 0.10429867 0.18160044 0.17833906 0.13074546 0.16295549 0.15849151 0.29499647 0.32832178 0.10087404 0.08991089 0.18525358 0.17278108 0.17184395 0.19367327 0.13342663 0.26727109 0.16692507 0.07566326 0.26126129 0.22268744 0.24786966 0.13984185 0.09601766 0.26683952 0.14071920 0.26462321 0.11649871 0.19019138 0.19490753 0.30607762 0.18134904 0.42939724 0.23818862 0.00000000 0.31420533 0.19867950 0.19656039 0.15496328 0.20192791 0.06760737 0.27514365 0.10948762 0.23537316 0.19788125 0.31341651 0.14379593 0.26662935 0.17551257 0.13282142 0.13820282 0.19861049 0.15891690 0.09013095 0.18480161 
0.39767007 0.06371458 0.13434766 0.17161854 0.24778634 0.12915602 0.12034774 0.15708456 0.19967236 0.12508625 0.13154578 0.09899761 0.22098768 0.31628864 0.24867621 0.06978621 0.25564320 0.30779899 0.12384139 0.32235478 0.17341222 0.11845589 0.19145697 0.15282581 0.30710995 0.36156125 0.12049549 0.19565503 0.13779511 0.19219908 0.11943362 0.17624221 0.16489129 0.25755277 0.09889602 0.39834991 0.10792398 0.15277259 0.11798337 0.23093080 0.31420533 0.00000000 0.12455001 0.16901050 0.17670473 0.10777796 0.13013951 0.28759411 0.16004188 0.29316569 0.14486976 0.15217699 0.17849144 0.21878825 0.25994782 0.17586324 0.28196970 0.18964764 0.11031808 0.15930502 0.27430562 
0.19314878 0.09500062 0.21197440 0.13843283 0.18711774 0.19863919 0.19784976 0.28648799 0.14634166 0.19030773 0.28792401 0.15124956 0.13223693 0.23186976 0.14754767 0.24644308 0.08150406 0.13479942 0.15552633 0.17572472 0.12743623 0.25217331 0.21507473 0.17456234 0.21232980 0.19620256 0.26163650 0.18013676 0.10010449 0.14919556 0.23296834 0.17100408 0.26660564 0.12429935 0.20177190 0.22134527 0.29559505 0.17962617 0.12515986 0.17084287 0.19867950 0.12455001 0.00000000 0.22685927 0.18999230 0.33985490 0.15992830 0.10785436 0.09307124 0.06955242 0.17656959 0.14927417 0.22060402 0.16053981 0.20597583 0.21439370 0.19292640 0.25753388 0.29639416 0.17469988 0.23228572 
0.12367924 0.20373779 0.21439974 0.15570555 0.17847894 0.19461221 0.16291008 0.14842364 0.13146870 0.12061752 0.15875460 0.19368836 0.13084934 0.20138098 0.15197915 0.17304070 0.16001855 0.16988603 0.20115919 0.18352197 0.16336224 0.21279995 0.19991524 0.22677500 0.16611697 0.19603134 0.18514140 0.20237177 0.18794319 0.17559759 0.16133685 0.21427261 0.19263868 0.17596334 0.21585250 0.17683140 0.19087418 0.18235977 0.19164478 0.18272311 0.19656039 0.16901050 0.22685927 0.00000000 0.18465479 0.16871847 0.21762447 0.18711592 0.15460007 0.15627929 0.19696224 0.21301959 0.15800174 0.13167143 0.13507060 0.17533150 0.15186817 0.11886307 0.20041230 0.13963799 0.13322692 
0.18370345 0.20005758 0.13827955 0.23952534 0.14173105 0.13363749 0.16156186 0.06820299 0.15496074 0.15934467 0.13353852 0.13486391 0.13757626 0.03955420 0.24442446 0.19887181 0.09843188 0.13753430 0.36300386 0.16787949 0.15151927 0.13695621 0.14707419 0.15393407 0.22801765 0.20062546 0.17535215 0.18167593 0.18860941 0.13932315 0.12329172 0.28926790 0.16920076 0.15668684 0.59872633 0.18868632 0.28639156 0.25040111 0.29749808 0.05459625 0.15496328 0.17670473 0.18999230 0.18465479 0.00000000 0.26277857 0.25937560 0.19277221 0.28496758 0.03716301 0.29665450 0.21785666 0.12307048 0.17709546 0.21660096 0.21605910 0.13494248 0.12455939 0.19606068 0.21773490 0.07873934 
0.20889869 0.14975738 0.20051774 0.20013375 0.15277778 0.36924235 0.19724097 0.45689739 0.21488662 0.14351862 0.06433579 0.13659683 0.19853591 0.09793398 0.18122743 0.13979988 0.10500144 0.19188167 0.07591065 0.07825380 0.11672856 0.17679005 0.14867829 0.08687532 0.13896126 0.15045097 0.17491171 0.14961083 0.05385300 0.17964297 0.12886903 0.18354282 0.32485023 0.22282539 0.04609924 0.14845079 0.15155325 0.18675114 0.16188161 0.13476720 0.20192791 0.10777796 0.33985490 0.16871847 0.26277857 0.00000000 0.69100615 0.35473369 0.49108059 0.10418810 0.15563283 0.19158492 0.12556617 0.21038262 0.18735067 0.13545391 0.15579825 0.21897597 0.17208992 0.11028387 0.11147695 
0.11064410 0.10941064 0.16807518 0.09709218 0.08646369 0.36499308 0.24994943 0.19414032 0.17586235 0.16066876 0.13062396 0.20015715 0.17149500 0.19479659 0.11028132 0.17710106 0.12493996 0.22787028 0.13310469 0.14635324 0.12999096 0.12084809 0.12312468 0.15567999 0.17240989 0.08911815 0.05686896 0.13145121 0.20713962 0.17271537 0.14665170 0.17440460 0.52026777 0.14300170 0.18799477 0.15305412 0.15683651 0.20543730 0.21161335 0.09313556 0.06760737 0.13013951 0.15992830 0.21762447 0.25937560 0.69100615 0.00000000 0.18893645 0.21888245 0.24823285 0.10261433 0.30467427 0.27075285 0.15613004 0.04326842 0.25636035 0.18635008 0.24960420 0.21481026 0.13740454 0.12347987 
0.08434965 0.17631967 0.09657359 0.18670691 0.19920975 0.14010252 0.27755000 0.18572918 0.23693946 0.12349286 0.18985648 0.14332830 0.27426642 0.17132452 0.13677784 0.10492150 0.16612812 0.26327264 0.18000452 0.21770265 0.12873661 0.19554308 0.37170733 0.10498093 0.20285526 0.28442091 0.18891758 0.14776153 0.15063901 0.28157531 0.29011235 0.07405777 0.04194479 0.10066055 0.09638073 0.16544685 0.12713581 0.09645524 0.15167823 0.24531653 0.27514365 0.28759411 0.10785436 0.18711592 0.19277221 0.35473369 0.18893645 0.00000000 0.27446926 0.30744017 0.20949588 0.15478766 0.25704944 0.15137921 0.11116091 0.08158354 0.25150543 0.40069084 0.24314815 0.16271183 0.22525131 
0.20556260 0.16444363 0.15647340 0.22956021 0.04413235 0.16407989 0.21906932 0.14650406 0.12106827 0.18407412 0.22583991 0.16159147 0.21859661 0.13880567 0.14522645 0.13140759 0.10988906 0.09257824 0.12061926 0.21864199 0.24234807 0.14103084 0.20212807 0.14553924 0.17404122 0.11893859 0.21231977 0.16517757 0.24246630 0.05585337 0.12016221 0.28969269 0.17027179 0.24241731 0.24527817 0.25104626 0.19578052 0.09823305 0.18294891 0.25863156 0.10948762 0.16004188 0.09307124 0.15460007 0.28496758 0.49108059 0.21888245 0.27446926 0.00000000 0.24210929 0.42715048 0.29259059 0.20345980 0.15286082 0.07781052 0.23467835 0.25683942 0.24114303 0.22014371 0.17020178 0.20504127 
0.16522516 0.11961705 0.17920478 0.22225675 0.27211343 0.24199470 0.21003703 0.09791991 0.18714771 0.27466019 0.15925257 0.21940866 0.32838915 0.20516435 0.18547649 0.27665855 0.22450717 0.22245276 0.15054042 0.12705117 0.22953383 0.13985823 0.12387394 0.04414257 0.17743856 0.18526612 0.07750413 0.14519052 0.14166501 0.18943818 0.17330208 0.08945452 0.14775056 0.21322289 0.15353673 0.24010607 0.11001755 0.16270700 0.17095634 0.26573116 0.23537316 0.29316569 0.06955242 0.15627929 0.03716301 0.10418810 0.24823285 0.30744017 0.24210929 0.00000000 0.13425268 0.16910800 0.14339554 0.49468836 0.19903131 0.19983211 0.30469697 0.35408433 0.08881585 0.18285528 0.22808272 
0.08525098 0.07151956 0.16482848 0.23121986 0.17683431 0.17524793 0.18203126 0.26046383 0.24907184 0.33197641 0.20513828 0.22169081 0.27238770 0.26740381 0.25998597 0.25930025 0.20098696 0.16410308 0.21288342 0.07253875 0.12432380 0.27352141 0.15243372 0.23816312 0.11508356 0.16317397 0.11360327 0.10238414 0.24169755 0.11671137 0.16274783 0.11020623 0.14490110 0.11503626 0.20914208 0.10890595 0.10507476 0.08542154 0.12624965 0.13723224 0.19788125 0.14486976 0.17656959 0.19696224 0.29665450 0.15563283 0.10261433 0.20949588 0.42715048 0.13425268 0.00000000 0.41005126 0.13961741 0.23255176 0.30294455 0.16730919 0.15573507 0.09815702 0.17571060 0.20705401 0.06387846 
0.02916991 0.15179670 0.23104264 0.13664873 0.11497335 0.13240629 0.06698266 0.26186193 0.14724027 0.04676384 0.22777227 0.09315146 0.12537261 0.07603510 0.09580498 0.10628811 0.10232361 0.19906213 0.40310985 0.18992596 0.23297371 0.18901128 0.15336026 0.25740874 0.18065248 0.10899033 0.10527454 0.13388129 0.15889072 0.10549475 0.21435200 0.19670860 0.37777505 0.12898623 0.27388160 0.09684214 0.26782336 0.08720588 0.18062472 0.19656094 0.31341651 0.15217699 0.14927417 0.21301959 0.21785666 0.19158492 0.30467427 0.15478766 0.29259059 0.16910800 0.41005126 0.00000000 0.24688968 0.13539196 0.19227446 0.37840645 0.13719973 0.24762964 0.21327266 0.11767331 0.12114242 
0.18946270 0.12099734 0.17047102 0.12783542 0.26240782 0.15716992 0.20657189 0.24919212 0.20597120 0.09250178 0.16659195 0.15610707 0.16970469 0.15579069 0.16443700 0.13846023 0.16907269 0.20381626 0.10158506 0.20213687 0.30071021 0.12080249 0.26202049 0.22164204 0.21217694 0.21128274 0.06774750 0.19715379 0.24920119 0.27225850 0.20968015 0.10019518 0.17936336 0.13430243 0.21764109 0.13929907 0.16939110 0.20218157 0.16527471 0.30271468 0.14379593 0.17849144 0.22060402 0.15800174 0.12307048 0.12556617 0.27075285 0.25704944 0.20345980 0.14339554 0.13961741 0.24688968 0.00000000 0.09925955 0.16095798 0.21918459 0.29484194 0.24325393 0.08244007 0.23003964 0.25543119 
0.19070067 0.16970299 0.18470684 0.21494921 0.17777463 0.09274852 0.19912011 0.23038790 0.29133466 0.31886929 0.05842783 0.26214733 0.30840881 0.24978864 0.22713157 0.18011033 0.22222872 0.00419213 0.15716718 0.12486777 0.19023795 0.09259008 0.15733904 0.16953185 0.12539548 0.15463018 0.23865820 0.18300713 0.29978795 0.20054126 0.08580479 0.08716500 0.01296401 0.14275664 0.08316806 0.16289475 0.15509946 0.31301638 0.17685070 0.23642279 0.26662935 0.21878825 0.16053981 0.13167143 0.17709546 0.21038262 0.15613004 0.15137921 0.15286082 0.49468836 0.23255176 0.13539196 0.09925955 0.00000000 0.25199631 0.15106699 0.29976891 0.22980130 0.25540990 0.14049922 0.30968345 
0.29709200 0.13291827 0.17821676 0.03941455 0.26059841 0.05299671 0.10907351 0.20393303 0.13290021 0.24420333 0.13085171 0.24714487 0.48851640 0.15947282 0.13954384 0.54315045 0.12712872 0.12716899 0.11248675 0.12787541 0.13138442 0.13626951 0.24121313 0.16281485 0.25684787 0.12731838 0.26103114 0.16070266 0.18586349 0.19536510 0.13582906 0.31433241 0.15937134 0.11146827 0.23478737 0.17477143 0.22589196 0.19002684 0.20768392 0.14394651 0.17551257 0.25994782 0.20597583 0.13507060 0.21660096 0.18735067 0.04326842 0.11116091 0.07781052 0.19903131 0.30294455 0.19227446 0.16095798 0.25199631 0.00000000 0.19699285 0.05751678 0.25959420 0.36583907 0.22182044 0.18776579 
0.12672821 0.12531050 0.28810798 0.10767387 0.14372874 0.21650494 0.26488546 0.20043749 0.16578741 0.25581999 0.23239877 0.14696640 0.19627750 0.18740667 0.15977072 0.15389608 0.17610597 0.25548213 0.20360664 0.17910470 0.32619959 0.08154936 0.15726967 0.07422426 0.07685557 0.08896510 0.21587186 0.20154550 0.26472490 0.11574313 0.19839461 0.07681390 0.19235584 0.08754958 0.30954527 0.12910658 0.22494950 0.17251486 0.16712564 0.08326905 0.13282142 0.17586324 0.21439370 0.17533150 0.21605910 0.13545391 0.25636035 0.08158354 0.23467835 0.19983211 0.16730919 0.37840645 0.21918459 0.15106699 0.19699285 0.00000000 0.25236315 0.04789305 0.29019151 0.45932052 0.16646548 
0.27508297 0.13219802 0.25920539 0.13061727 0.20822533 0.13957292 0.16049876 0.24023677 0.14544160 0.26125214 0.25562445 0.14303927 0.22326919 0.18887355 0.35165443 0.14616870 0.20410193 0.17121741 0.23000623 0.14302201 0.21602035 0.15566990 0.16426811 0.11284129 0.14007848 0.18249977 0.25615994 0.11413603 0.11456436 0.23190438 0.13779846 0.00000000 0.10830757 0.31118314 0.17989269 0.34584829 0.14425075 0.15385163 0.08527274 0.13684981 0.13820282 0.28196970 0.19292640 0.15186817 0.13494248 0.15579825 0.18635008 0.25150543 0.25683942 0.30469697 0.15573507 0.13719973 0.29484194 0.29976891 0.05751678 0.25236315 0.00000000 0.16911760 0.13472781 0.18972636 0.37728341 
0.21305285 0.07936752 0.12793052 0.16308629 0.15312277 0.13737010 0.27099587 0.21080954 0.18510594 0.24149767 0.20728612 0.12941473 0.31589295 0.28711763 0.12309239 0.32819123 0.30590389 0.14187469 0.12237533 0.11093724 0.20082136 0.06447172 0.15963745 0.08812828 0.08713020 0.19315046 0.14168118 0.18824413 0.11255221 0.20168275 0.13214063 0.10309720 0.12412998 0.12541946 0.11745317 0.26718991 0.24219601 0.33718360 0.15792168 0.17343862 0.19861049 0.18964764 0.25753388 0.11886307 0.12455939 0.21897597 0.24960420 0.40069084 0.24114303 0.35408433 0.09815702 0.24762964 0.24325393 0.22980130 0.25959420 0.04789305 0.16911760 0.00000000 0.40333183 0.23481118 0.23602642 
0.12057072 0.16309067 0.13157216 0.17716961 0.13986878 0.12834279 0.07985378 0.18292963 0.12798260 0.16292252 0.12859186 0.18004683 0.14038667 0.15525997 0.13901536 0.30670192 0.11824617 0.39475782 0.27065391 0.20006924 0.12492397 0.13928439 0.28327902 0.18988973 0.18458127 0.14076688 0.09689343 0.22821465 0.21338327 0.24466085 0.14250009 0.18156217 0.13457012 0.18760900 0.21116150 0.20002585 0.20253305 0.11048127 0.10041906 0.16740706 0.15891690 0.11031808 0.29639416 0.20041230 0.19606068 0.17208992 0.21481026 0.24314815 0.22014371 0.08881585 0.17571060 0.21327266 0.08244007 0.25540990 0.36583907 0.29019151 0.13472781 0.40333183 0.00000000 0.26627712 0.15904545 
