0.00000000 0.12377231 0.11420453 0.09206985 0.13035865 0.07495988 0.14235911 0.07621261 0.11212915 0.04858964 0.12035044 0.09841980 0.09696355 0.08569940 0.13628045 0.09712766 0.11555307 0.07536716 0.10921267 0.12322637 0.08708283 0.16320864 0.12799341 0.09048534 0.09810918 0.11769056 0.05187162 0.11479946 0.08921051 0.15301738 0.08561331 0.13295047 0.13879877 0.10195320 0.10082403 0.06492056 0.10015543 0.15157149 0.07971556 0.13562371 0.08923429 0.08642183 0.09790791 0.05156590 0.03426419 0.05142929 0.05144436 0.09036395 0.06303692 0.09126385 0.07000069 0.09097032 0.06438789 0.08197784 0.05470105 0.09408286 0.08567603 0.10761064 0.07911049 0.07292120 0.14618664 0.08451296 0.06625892 0.09751432 0.03422003 0.13748930 0.07750975 0.14548099 0.14372453 0.05090622 0.10826183 0.03100373 0.11185942 0.04463236 0.15248648 0.08217700 0.10486891 0.12441128 0.10432981 0.07518704 0.10542687 0.07770488 0.08405837 0.04393983 0.06743626 0.11700728 0.12012472 0.10840469 0.08718435 0.14588962 0.12548103 0.04780751 0.07466187 0.08039218 0.09681892 0.09102028 0.07967736 0.06368488 0.11283392 0.10188359 0.04129604 0.05579940 0.09778195 0.11279805 0.04605488 0.06901278 0.14301338 0.13019503 0.08183890 0.10045489 0.06453835 0.09564851 0.09730122 0.11395887 0.07410040 0.06185792 0.07941965 0.09707882 0.09332580 0.09406468 0.11671375 0.16582078 0.11541832 0.03379630 0.11116785 0.06666797 0.11713632 0.12950284 0.08164371 0.11946508 0.07887721 0.11187610 0.06452525 0.10644346 0.08025438 0.02257812 0.05107235 0.09591730 0.09079192 0.11755071 0.06113363 0.10317968 0.08757395 0.08461846 0.10368207 0.13628529 0.08014488 0.11234224 0.06884073 0.08481352 0.08917655 0.12969882 0.08740936 0.10092704 0.10125987 0.10035216 0.07657313 0.07823623 0.07559188 0.11254433 0.09849499 0.11700362 0.16186578 0.17042241 0.09480445 
0.12377231 0.00000000 0.13845966 0.16719559 0.13659401 0.06688939 0.10487024 0.06820197 0.06094895 0.09657204 0.13621253 0.11526596 0.17054223 0.14111855 0.11621144 0.09359382 0.08008669 0.10798970 0.08906523 0.10398942 0.09469761 0.10240675 0.11299428 0.16771423 0.12155667 0.09228490 0.08472638 0.13960095 0.11628303 0.11062210 0.00883105 0.09349628 0.16959587 0.08518785 0.11183406 0.05256298 0.09962396 0.16034662 0.07900616 0.05915091 0.05696318 0.10746122 0.09131714 0.12466090 0.09535521 0.09606204 0.08094683 0.10769559 0.04565038 0.07469281 0.08975787 0.08056738 0.06587471 0.08537718 0.10069332 0.09984453 0.13230531 0.09351031 0.08133555 0.07510325 0.04790928 0.11102032 0.06977735 0.08904936 0.13474741 0.15549751 0.08862159 0.13927394 0.07194839 0.07666727 0.09012392 0.02674610 0.15124319 0.10892469 0.13598539 0.12850072 0.06099038 0.09081200 0.08252434 0.08628273 0.13310467 0.09883825 0.10058766 0.07110832 0.10992159 0.05402639 0.11978093 0.08477468 0.06748512 0.12092415 0.07499938 0.06478347 0.08335418 0.08373424 0.10409709 0.03495908 0.06911255 0.12987951 0.10826817 0.06820268 0.07416266 0.07234921 0.11518905 0.09953462 0.11596987 0.11198514 0.08094941 0.05490643 0.05900452 0.11078993 0.06613048 0.11845128 0.08024975 0.10140268 0.13560578 0.09921661 0.05065077 0.12203831 0.10722678 0.11702295 0.10350628 0.09675741 0.08164670 0.08898586 0.09740593 0.09876236 0.09974182 0.08798308 0.10770670 0.11368949 0.09504162 0.09357311 0.11984286 0.06583508 0.07044247 0.06396124 0.08508937 0.14475597 0.09030989 0.08864083 0.04233284 0.07881447 0.06605988 0.08398457 0.08442398 0.08840304 0.14247455 0.08733056 0.11315303 0.08860979 0.05074000 0.05883902 0.04721359 0.05259744 0.08125622 0.08558173 0.05366558 0.07845865 0.09721224 0.10699682 0.09515588 0.11142695 0.12171961 0.13155960 0.09589160 
0.11420453 0.13845966 0.00000000 0.13626376 0.19508939 0.11601512 0.09375209 0.15396226 0.11705572 0.11433808 0.10380001 0.01727753 0.06843117 0.13338120 0.05077151 0.08138290 0.11989627 0.13488182 0.09724452 0.11457843 0.12994420 0.12838770 0.06315157 0.08044227 0.07447058 0.11213107 0.14169761 0.11160197 0.08136930 0.09560979 0.06442631 0.08382343 0.07983027 0.08250303 0.07388272 0.03213330 0.07164367 0.07210317 0.10463247 0.06272314 0.08691176 0.05897738 0.13142159 0.08075991 0.13136193 0.10162774 0.11337586 0.09536616 0.06401448 0.09738533 0.07568852 0.11773333 0.07517951 0.10618323 0.09343642 0.05185088 0.13204748 0.06577714 0.12100995 0.12233178 0.10891523 0.13490356 0.14076753 0.06990140 0.08006528 0.09740388 0.11177981 0.06640623 0.05774719 0.06955991 0.10062607 0.05920283 0.08628884 0.10546324 0.07598530 0.13139511 0.03943014 0.09771712 0.11282266 0.09102224 0.04871128 0.07770651 0.10617891 0.09856363 0.05043979 0.15642674 0.07838169 0.05039904 0.10755555 0.07463488 0.14058599 0.09914897 0.14669921 0.11590723 0.11574204 0.07216279 0.14864313 0.14248751 0.08387626 0.08619571 0.07512980 0.12864110 0.05164276 0.13111408 0.03965602 0.11726761 0.05483496 0.06639090 0.09980999 0.06962748 0.03141912 0.08825117 0.15131023 0.06466933 0.10092765 0.06304639 0.15063893 0.11375505 0.07531438 0.08295901 0.08965347 0.12080150 0.04447302 0.08766131 0.11523663 0.11123908 0.08782682 0.10356301 0.13566376 0.12504620 0.08002978 0.14546293 0.08494850 0.10961466 0.08092954 0.10169302 0.05407257 0.11009274 0.11830568 0.11021203 0.08460136 0.08013353 0.09426253 0.06697003 0.09215651 0.05811672 0.07463594 0.05778762 0.10345074 0.08269968 0.12963118 0.05727677 0.11922460 0.13302049 0.12688989 0.04970656 0.14859240 0.10276099 0.05357508 0.14531308 0.11336244 0.07587289 0.11041233 0.10750360 0.09518547 
0.09206985 0.16719559 0.13626376 0.00000000 0.17789463 0.10339374 0.09476990 0.11955139 0.11284911 0.15006147 0.10086214 0.07877817 0.09337187 0.13812299 0.15635320 0.10551256 0.12997684 0.12810314 0.11267574 0.12295946 0.10177517 0.08687007 0.09041611 0.13960303 0.11646096 0.07529861 0.09201001 0.11007382 0.10561511 0.08866657 0.09465257 0.09142500 0.07726427 0.10468649 0.08900466 0.07270671 0.07985388 0.12328507 0.04847228 0.07528507 0.10154937 0.11485050 0.07267672 0.10868159 0.14444344 0.10367477 0.10479064 0.07167575 0.07975196 0.08552055 0.08796664 0.07525926 0.08449591 0.08097208 0.08100715 0.11781031 0.08492385 0.08795302 0.08653284 0.14070852 0.06606185 0.09561734 0.04983548 0.06746741 0.12450062 0.10659057 0.15771465 0.12241820 0.10523619 0.08725496 0.08656954 0.10144923 0.07216606 0.11540096 0.11562688 0.05077060 0.07103097 0.09460526 0.09276243 0.09715260 0.09539901 0.09747128 0.06480682 0.09107174 0.10080930 0.08319319 0.10196107 0.10020411 0.06510438 0.08903229 0.12203488 0.04044067 0.09447094 0.08099651 0.10839464 0.05754919 0.06350870 0.06022161 0.13353126 0.10860968 0.12927132 0.05851129 0.07112521 0.08623619 0.08494947 0.14642797 0.06616187 0.12239508 0.11939572 0.09218371 0.13060554 0.06077660 0.10139975 0.07736431 0.08266540 0.08354851 0.11585560 0.07763666 0.11871081 0.09508851 0.11852063 0.08130101 0.06012114 0.11567360 0.08477960 0.12044333 0.08602682 0.07407853 0.05590277 0.09897229 0.05976896 0.06768725 0.11152296 0.04986063 0.08561480 0.09825976 0.12081390 0.07661739 0.08500873 0.09846175 0.10166067 0.09777001 0.08611921 0.14940533 0.09364004 0.05906644 0.05651426 0.05852287 0.06258819 0.08875704 0.08363521 0.10450939 0.06932482 0.10361801 0.09480177 0.08383255 0.08940825 0.09248502 0.09483270 0.09481196 0.06158751 0.08110864 0.07605802 0.06475881 0.09673767 
0.13035865 0.13659401 0.19508939 0.17789463 0.00000000 0.09560151 0.14409902 0.08089771 0.11411732 0.13624204 0.10752224 0.13973972 0.08823804 0.06689590 0.07458561 0.07043074 0.13087411 0.08747767 0.10942133 0.07341194 0.07080528 0.13510801 0.10754079 0.08417521 0.09229085 0.13211471 0.08974683 0.13386265 0.11333282 0.06735123 0.07130423 0.08346433 0.11836073 0.05492664 0.09252746 0.06027453 0.11337503 0.15520811 0.09608273 0.14918030 0.13474013 0.09623210 0.10777911 0.09042468 0.11295939 0.11283369 0.07562775 0.09226787 0.09130725 0.06710624 0.13501037 0.07606375 0.10356662 0.07122578 0.10249866 0.11867839 0.17775713 0.06106592 0.09376908 0.18840468 0.08668108 0.06217626 0.09360158 0.08972165 0.07105644 0.06987867 0.07250884 0.11521488 0.11776818 0.04438678 0.11165226 0.06566731 0.10970120 0.07505477 0.07640112 0.09779503 0.06038015 0.06514293 0.12409566 0.04926687 0.09999328 0.10844765 0.05130877 0.09309463 0.08990738 0.07835127 0.08968354 0.07416615 0.09767074 0.07260767 0.09483095 0.11634772 0.08205899 0.06825479 0.13247529 0.08707575 0.08831921 0.08155649 0.09154835 0.08156907 0.06720114 0.14859009 0.08126645 0.14556331 0.12578181 0.12778737 0.11943473 0.07259682 0.04134686 0.11230457 0.13724240 0.07628669 0.08074949 0.12902767 0.13076722 0.09090406 0.07919247 0.06233228 0.09522195 0.10854241 0.05874313 0.06220293 0.05550776 0.09060345 0.06283248 0.07431184 0.12218722 0.14548663 0.10769098 0.11895402 0.09314923 0.07308069 0.04423441 0.07376126 0.06521575 0.10662047 0.05964952 0.12535510 0.13024441 0.09554468 0.05161055 0.08609175 0.08444594 0.11100480 0.08753655 0.11250627 0.06702819 0.09582841 0.05227701 0.06354759 0.08603396 0.08673714 0.08163711 0.09337361 0.05961623 0.08523794 0.06465906 0.10174547 0.14297684 0.09501254 0.09226036 0.11029482 0.12294077 0.08866239 0.09275077 
0.07495988 0.06688939 0.11601512 0.10339374 0.09560151 0.00000000 0.12444579 0.12598286 0.12790021 0.22008628 0.12914849 0.15247481 0.37005924 0.12507276 0.01772339 0.07638678 0.05327730 0.07905725 0.07986214 0.11616882 0.11390180 0.05470792 0.06686937 0.13253428 0.06802087 0.06093977 0.10708440 0.08366617 0.01495208 0.06345271 0.11680362 0.04107914 0.08502417 0.01780377 0.07553087 0.09506075 0.06613647 0.08847428 0.15686856 0.01838305 0.09200585 0.10466389 0.05146721 0.08646436 0.08072662 0.09683896 0.09255248 0.08208518 0.09478241 0.12381400 0.08225776 0.10244479 0.11110164 0.10755064 0.06841500 0.07879086 0.09156214 0.09522719 0.08123350 0.07569260 0.13238888 0.05783407 0.08945846 0.14412194 0.17420909 0.06974040 0.09021183 0.04980578 0.05291299 0.11788332 0.09483801 0.08510437 0.04490009 0.09058841 0.13776275 0.12500115 0.08365343 0.04843114 0.10935861 0.11665565 0.09832364 0.13523018 0.11814931 0.10424614 0.08714310 0.09329376 0.07403487 0.07222591 0.06132500 0.09282365 0.12588070 0.11028952 0.09578713 0.15868972 0.25067170 0.14020790 0.15134839 0.09279471 0.15959011 0.08240207 0.10958006 0.15104659 0.07626265 0.07818841 0.16422404 0.09433915 0.05592855 0.09224021 0.10965608 0.05195775 0.03963659 0.10644406 0.05216467 0.10157349 0.10923197 0.10780168 0.12757904 0.08486484 0.07799426 0.06441558 0.05833013 0.16032735 0.09738421 0.13846563 0.08675222 0.11877906 0.03720224 0.05578608 0.11959876 0.09435880 0.12111230 0.07038879 0.08206915 0.10256460 0.12210043 0.08635322 0.11670090 0.09310759 0.05490875 0.06351579 0.08110465 0.07219563 0.05953738 0.10109827 0.07246244 0.07859457 0.09020437 0.12130316 0.11726731 0.11033368 0.13368141 0.12371281 0.07975621 0.07648286 0.06668565 0.05689120 0.08629329 0.06134204 0.10347070 0.06908564 0.07987759 0.09473770 0.06736099 0.07866748 0.09296797 
0.14235911 0.10487024 0.09375209 0.09476990 0.14409902 0.12444579 0.00000000 0.25201247 0.35731776 0.23987895 0.12792291 0.14110387 0.12024368 0.11576301 0.10206053 0.08475784 0.14472489 0.06217390 0.11815474 0.10064985 0.11950173 0.07419811 0.12353421 0.09160064 0.10354881 0.11466960 0.11379517 0.09564074 0.02866740 0.06963268 0.06190953 0.08190911 0.13267878 0.10703050 0.09811220 0.09116658 0.10657723 0.09494809 0.11919141 0.09642827 0.07673566 0.13050789 0.08824875 0.04393584 0.09826936 0.06704333 0.07781121 0.11757341 0.11323145 0.05102364 0.06757983 0.06247726 0.06525514 0.10090548 0.04988717 0.11697575 0.13062735 0.08279602 0.12299948 0.14984794 0.11420567 0.06253478 0.11579406 0.17323672 0.07475872 0.15999614 0.10162302 0.07679360 0.08835833 0.04648671 0.08671921 0.09258796 0.07888399 0.08623590 0.12614965 0.05997321 0.08600222 0.12635159 0.09240321 0.06555948 0.07672456 0.07086296 0.09223039 0.07622539 0.08496927 0.09689243 0.08844524 0.08113922 0.04371393 0.06031665 0.10954121 0.09902057 0.09661228 0.12640903 0.07679579 0.07892550 0.09376583 0.10655069 0.11715122 0.16239314 0.08464361 0.09685933 0.09947230 0.09102867 0.05642992 0.05415903 0.07401021 0.10581686 0.05967133 0.09554462 0.06886705 0.07438495 0.12457906 0.07220397 0.07399525 0.08543826 0.09025463 0.07149700 0.08982510 0.11940727 0.08077062 0.09583476 0.07085810 0.10615971 0.05025379 0.07148199 0.08717275 0.07564408 0.06497739 0.06197771 0.12858195 0.13220230 0.13129364 0.11047227 0.10439499 0.08594794 0.07268145 0.07411310 0.07792751 0.09764632 0.07013313 0.08965399 0.07913568 0.06591961 0.08203858 0.09121357 0.07564752 0.07866010 0.06344010 0.06049994 0.06484310 0.09541280 0.08606165 0.14502419 0.09615332 0.07821309 0.12938130 0.06784213 0.07016662 0.09080309 0.09155086 0.09806303 0.08761385 0.09376011 0.09257527 
0.07621261 0.06820197 0.15396226 0.11955139 0.08089771 0.12598286 0.25201247 0.00000000 0.29744343 0.07742289 0.12980983 0.06531181 0.15899149 0.12035195 0.08649341 0.09544270 0.03211048 0.04674786 0.07351419 0.12731670 0.09829477 0.11432603 0.08649578 0.04884567 0.11039415 0.12690322 0.16773037 0.05177874 0.03141821 0.05022350 0.10083188 0.10207691 0.08627163 0.09061719 0.07280143 0.06253396 0.05608493 0.07941633 0.06933292 0.04893229 0.07674383 0.08806846 0.10218353 0.08560776 0.08471367 0.11934869 0.07007397 0.10291615 0.11620019 0.13180700 0.09618825 0.11338512 0.11170303 0.13687110 0.09357299 0.04222141 0.15024322 0.12728369 0.11475370 0.11247646 0.07073682 0.07787850 0.12790967 0.11723539 0.05601534 0.16418790 0.08619068 0.03620086 0.04935311 0.06907240 0.10042926 0.11684688 0.03719733 0.08502346 0.10229649 0.09654766 0.01227975 0.12089206 0.04638073 0.08051849 0.04919343 0.09955925 0.10552799 0.08203656 0.08274107 0.17578379 0.13161638 0.05985211 0.07603190 0.09125693 0.07641068 0.08141677 0.09417942 0.14163432 0.03556350 0.15022849 0.12214111 0.18936493 0.12433295 0.12666956 0.11537592 0.14637662 0.09388042 0.10638211 0.11937882 0.04497469 0.05949872 0.07204233 0.08347467 0.07843178 0.03443993 0.09036631 0.07539754 0.08456210 0.03495668 0.08740178 0.06039056 0.09787821 0.08708693 0.08037832 0.08871085 0.07691382 0.07285031 0.09857630 0.08402613 0.12413813 0.13512061 0.10201108 0.11539550 0.10952988 0.15541455 0.14039863 0.08223529 0.14730192 0.08203340 0.11253492 0.09541597 0.06830532 0.09446163 0.06295745 0.01960171 0.09146610 0.09412721 0.08760500 0.08572413 0.05563396 0.01698615 0.16470790 0.07416216 0.12267916 0.12688121 0.07232779 0.10283344 0.19338447 0.13407547 0.07651684 0.17377123 0.08422163 0.07096867 0.09901695 0.10638516 0.08765777 0.08456399 0.11113413 0.09162096 
0.11212915 0.06094895 0.11705572 0.11284911 0.11411732 0.12790021 0.35731776 0.29744343 0.00000000 0.15704029 0.09019672 0.16573558 0.08801175 0.13733052 0.08639030 0.08165798 0.03690826 0.06968104 0.06686844 0.01366561 0.14256725 0.07312431 0.09316263 0.06306345 0.07804403 0.06790679 0.10602005 0.05309276 0.02699439 0.06066478 0.10067622 0.07818279 0.08398719 0.12644355 0.06160997 0.06906601 0.05050972 0.08837668 0.15079264 0.04906067 0.06629241 0.08550144 0.10376540 0.08184788 0.13664986 0.09924642 0.15349305 0.14850204 0.13086678 0.10068980 0.08037579 0.06514491 0.09364985 0.16167338 0.08768426 0.06403630 0.08866977 0.10791802 0.08455118 0.16991369 0.10802420 0.12944185 0.12837509 0.11046765 0.09258481 0.05042925 0.07408455 0.06786301 0.02227203 0.08820005 0.11945149 0.08610781 0.04316602 0.12068377 0.08417657 0.07837909 0.03378051 0.05223335 0.05539330 0.07299934 0.05479815 0.11303960 0.10847376 0.08900549 0.09564311 0.04829809 0.10713442 0.13428655 0.07322960 0.03650325 0.06528856 0.09483716 0.12187068 0.12133021 0.08625967 0.08907422 0.14295599 0.13290007 0.09651107 0.16407856 0.06201043 0.21813662 0.11397967 0.12801511 0.09879017 0.09135257 0.03692946 0.07181832 0.13781200 0.10008691 0.06845968 0.04282692 0.10013293 0.06602011 0.05696362 0.11022568 0.09349493 0.12096433 0.11695703 0.10097533 0.08173703 0.10901583 0.08680283 0.10963108 0.07979660 0.08209999 0.09755979 0.09166787 0.08049731 0.17345703 0.10241083 0.16480142 0.10949077 0.16988090 0.10548661 0.11783667 0.08508076 0.06047088 0.06398250 0.05824796 0.06561054 0.06747348 0.03817254 0.03661813 0.04809646 0.08099280 0.07443925 0.09725139 0.11471202 0.08997229 0.10946155 0.04891196 0.08008209 0.09985261 0.11845027 0.05399186 0.12616382 0.09698544 0.05333695 0.10472810 0.11909556 0.15625903 0.11705294 0.10966616 0.09294758 
0.04858964 0.09657204 0.11433808 0.15006147 0.13624204 0.22008628 0.23987895 0.07742289 0.15704029 0.00000000 0.10982066 0.10324028 0.12991286 0.11375618 0.11808296 0.10049265 0.08335089 0.12926165 0.08033702 0.08699718 0.11079546 0.02843557 0.06581442 0.14347399 0.04904744 0.07578679 0.06556423 0.18616158 0.07734987 0.02973000 0.08114854 0.12600100 0.08570751 0.08313111 0.10788049 0.13648893 0.06113550 0.10007828 0.07652345 0.10086544 0.08737922 0.13114408 0.07318571 0.08617841 0.09133576 0.14662650 0.09297176 0.12455413 0.10376145 0.05030558 0.07128363 0.05551947 0.11443630 0.03834529 0.11530885 0.11210268 0.08312098 0.10102556 0.10763715 0.15615220 0.05301717 0.06484796 0.07390518 0.07274778 0.49806715 0.10092061 0.12300223 0.03720124 0.01116088 0.12959525 0.05776312 0.10871059 0.07625871 0.10998449 0.08299381 0.07710326 0.09654399 0.11474141 0.15519998 0.07628188 0.09093990 0.08663143 0.06302986 0.08996345 0.09780870 0.09441198 0.07890197 0.08398144 0.05162969 0.03559244 0.09333405 0.09536367 0.08737567 0.12312465 0.14753353 0.11584104 0.09621655 0.07093237 0.14493127 0.12040218 0.14568363 0.06685086 0.06315845 0.04021800 0.14849437 0.10116585 0.08629047 0.08059873 0.10437585 0.10343146 0.12734993 0.08312750 0.08801251 0.10199061 0.09419129 0.06020067 0.06094906 0.07313868 0.11282936 0.11216238 0.07837561 0.07959893 0.11999377 0.09774461 0.06916083 0.09478471 0.03074932 0.05054894 0.05700938 0.07996729 0.07798610 0.09718354 0.07217387 0.08196982 0.13182467 0.10151012 0.14041894 0.11715477 0.08640208 0.08324970 0.05480175 0.08031855 0.10862314 0.07033388 0.10329086 0.06837473 0.10385503 0.03585536 0.07573751 0.06576114 0.06910327 0.12092257 0.06459082 0.07818214 0.08272915 0.08977432 0.09910825 0.09169449 0.08818765 0.06144519 0.07237070 0.07061715 0.09850074 0.08207270 0.09353106 
0.12035044 0.13621253 0.10380001 0.10086214 0.10752224 0.12914849 0.12792291 0.12980983 0.09019672 0.10982066 0.00000000 0.28289870 0.11100482 0.09223117 0.09142645 0.09601700 0.09770074 0.08436783 0.09919883 0.06427875 0.11870749 0.06846313 0.10086369 0.07696978 0.09807833 0.09499748 0.10147428 0.05792577 0.10566229 0.06742393 0.05327153 0.08119750 0.11698898 0.07631641 0.08228256 0.10485186 0.06490528 0.07039052 0.08481570 0.10341816 0.09118372 0.05788716 0.12955594 0.04312205 0.12819669 0.05753555 0.08033650 0.10875469 0.13634863 0.08481061 0.13005863 0.10002953 0.04998748 0.16249666 0.09108111 0.08127045 0.11804127 0.15597637 0.10253710 0.11562220 0.11506455 0.16574226 0.20117282 0.13902488 0.06356318 0.07774195 0.09842830 0.09385001 0.11943963 0.02629721 0.16749943 0.09766953 0.05033341 0.09357491 0.09413119 0.11137381 0.07367468 0.09305738 0.07201049 0.04730633 0.05225042 0.10377433 0.09294630 0.04254871 0.09080045 0.08745888 0.10433696 0.06983260 0.06879633 0.09991781 0.10270216 0.05666047 0.11887875 0.09227647 0.08350295 0.09803323 0.09855718 0.10423133 0.09764892 0.09606180 0.09201251 0.21409021 0.12890459 0.11268554 0.08390343 0.08523688 0.05685397 0.11011446 0.08202756 0.04195273 0.08804990 0.05613890 0.10315637 0.07956402 0.06327880 0.07981966 0.09166517 0.13698055 0.05596312 0.09194038 0.06662215 0.08938251 0.07141624 0.09457570 0.10862130 0.06297103 0.09048472 0.07875104 0.13689838 0.08592314 0.11447386 0.05328869 0.10322466 0.10648874 0.06753075 0.10274361 0.06784738 0.03826120 0.11625455 0.07995008 0.07386342 0.09941526 0.07045223 0.07013659 0.11017768 0.04788779 0.10686301 0.08032163 0.10609828 0.07447841 0.11900683 0.08712157 0.09757323 0.09298311 0.13928671 0.08605181 0.14944334 0.07535945 0.08395678 0.14386255 0.13005013 0.10639918 0.11844498 0.12304527 0.09219735 
0.09841980 0.11526596 0.01727753 0.07877817 0.13973972 0.15247481 0.14110387 0.06531181 0.16573558 0.10324028 0.28289870 0.00000000 0.18362584 0.19077917 0.10447612 0.11986204 0.08309974 0.10149492 0.11660501 0.07063850 0.08477352 0.09107529 0.10251495 0.10919626 0.08214728 0.08661778 0.10803089 0.06826585 0.10607277 0.06038559 0.08951533 0.09423374 0.06368306 0.06039301 0.11662564 0.07123536 0.07969235 0.18653986 0.06357520 0.10324066 0.14164780 0.10133319 0.08959236 0.05974812 0.03983047 0.15787950 0.12897972 0.05385908 0.16937154 0.03096897 0.07426670 0.06674439 0.11757495 0.07289406 0.09226311 0.07898605 0.11621674 0.05847211 0.08549776 0.10661724 0.04321698 0.11266083 0.13511558 0.16046012 0.09566153 0.11071505 0.07816263 0.10234510 0.11061688 0.09568999 0.06443277 0.09207738 0.05949828 0.11627873 0.05239604 0.10320430 0.05669145 0.05495774 0.10571409 0.05866274 0.10604643 0.09434919 0.09297035 0.08191837 0.05333395 0.05865875 0.05438499 0.08226942 0.07551709 0.11074440 0.07143228 0.09426971 0.08202893 0.09817249 0.16105254 0.08199082 0.07312755 0.08718594 0.11298820 0.12395284 0.09995436 0.08604474 0.16148249 0.04991844 0.14413912 0.09050584 0.10671024 0.09517742 0.07429722 0.05675675 0.11478516 0.12625863 0.04751128 0.15242473 0.07358090 0.09066358 0.05386001 0.04664018 0.07215989 0.10249720 0.06925138 0.06788754 0.10551447 0.10077003 0.11323054 0.09957801 0.10683144 0.11439032 0.07198613 0.08082675 0.10327036 0.06848537 0.10490112 0.11625211 0.12697983 0.11503008 0.07979139 0.09225511 0.10832464 0.09305490 0.11331591 0.09765458 0.04620391 0.09275837 0.09135559 0.03224587 0.06528834 0.09050594 0.12021699 0.07999103 0.07829455 0.03824038 0.08504764 0.10684555 0.10201937 0.06754371 0.07450820 0.06693204 0.25984746 0.15901342 0.09440459 0.09014872 0.05501013 0.09778020 0.09356926 
0.09696355 0.17054223 0.06843117 0.09337187 0.08823804 0.37005924 0.12024368 0.15899149 0.08801175 0.12991286 0.11100482 0.18362584 0.00000000 0.11757272 0.15338814 0.13824225 0.07642675 0.07329011 0.14727463 0.06883070 0.09650839 0.13283746 0.14764410 0.13294638 0.10317290 0.10021444 0.06276362 0.07689521 0.10673576 0.12841191 0.05469372 0.08467722 0.09834979 0.08381909 0.08114574 0.07080735 0.08140950 0.12773154 0.09989345 0.06043134 0.09636922 0.10671917 0.05947305 0.07779743 0.06439361 0.06168661 0.05988040 0.06466896 0.05845539 0.07522359 0.05792422 0.07439177 0.09686852 0.07399873 0.10637818 0.09324558 0.10548523 0.05115732 0.16540814 0.07841062 0.11067759 0.09083847 0.07190068 0.10644365 0.12979002 0.10288853 0.11667926 0.10042604 0.11363552 0.09091944 0.10014906 0.09927107 0.07169928 0.04295027 0.11876789 0.09542223 0.13369265 0.09542175 0.08124046 0.06659616 0.03848581 0.08705727 0.07829899 0.07150413 0.07722103 0.07900490 0.09314432 0.08546876 0.10414893 0.11787119 0.11794427 0.11113420 0.06419525 0.07468161 0.12471897 0.25340950 0.06277802 0.09608227 0.08613867 0.09766622 0.16176434 0.03792200 0.07264857 0.14182590 0.10442110 0.09670506 0.06186080 0.13581334 0.08628957 0.12922635 0.08550261 0.06421196 0.11413004 0.04966724 0.10898709 0.11085224 0.09272024 0.07769396 0.11874105 0.09420028 0.07734559 0.10330073 0.08805059 0.07120926 0.12597440 0.09185258 0.14278473 0.11249520 0.08903254 0.05693679 0.06924810 0.05355479 0.06864839 0.08687162 0.05514939 0.04918726 0.05014648 0.10498670 0.11767794 0.09258454 0.13932887 0.08852895 0.07901953 0.07854795 0.07056421 0.10107887 0.06815540 0.09680565 0.02478903 0.06235095 0.04720406 0.09621046 0.08875690 0.08506903 0.10405297 0.06106293 0.07331246 0.06695122 0.06961511 0.07843353 0.07034724 0.07746245 0.11074825 0.09996621 0.09869156 
0.08569940 0.14111855 0.13338120 0.13812299 0.06689590 0.12507276 0.11576301 0.12035195 0.13733052 0.11375618 0.09223117 0.19077917 0.11757272 0.00000000 0.15858847 0.11911506 0.10664685 0.10806886 0.14823557 0.08226160 0.08541183 0.07668814 0.10140159 0.15022409 0.09407928 0.12930218 0.11071506 0.12128690 0.08104831 0.09141370 0.08876341 0.11888303 0.08190864 0.04677832 0.08744369 0.09996683 0.13207826 0.12449087 0.06356213 0.13805822 0.13807410 0.06921935 0.06246433 0.12065517 0.07009895 0.09444852 0.10179630 0.11990527 0.11418775 0.09046613 0.08705138 0.05179623 0.13489780 0.06058464 0.10276022 0.10687530 0.05774662 0.09338504 0.04882046 0.11834355 0.04628563 0.07769457 0.07273361 0.21477449 0.09530585 0.05106531 0.09027291 0.05294908 0.09086221 0.10271642 0.09483517 0.13589498 0.11770041 0.08130632 0.07662889 0.13562795 0.13445596 0.09090276 0.08715813 0.08901466 0.08024364 0.05923535 0.09890549 0.09247549 0.06769111 0.05357396 0.06384387 0.07742663 0.06586130 0.10693088 0.09376293 0.03061663 0.07333515 0.06484155 0.10011456 0.14354512 0.09322650 0.05807669 0.11582867 0.08966023 0.07305941 0.06958470 0.09344341 0.09208752 0.18259058 0.12436144 0.19112983 0.07852567 0.06859133 0.10030871 0.06377371 0.14176305 0.05493614 0.07213191 0.10962306 0.08511762 0.05023537 0.07799942 0.09341653 0.04833098 0.07791583 0.08204071 0.10879825 0.08865216 0.08582767 0.06895451 0.07532922 0.09804462 0.07140450 0.05980800 0.12123840 0.12287664 0.07571626 0.05571175 0.06406856 0.09536690 0.11637367 0.08464029 0.07120518 0.14254887 0.13674078 0.09355388 0.11071586 0.07840501 0.08153865 0.11859481 0.04940916 0.06042243 0.05064440 0.04706026 0.08181922 0.06877523 0.06789818 0.09088234 0.11580723 0.23607458 0.03925728 0.08285168 0.11567450 0.08067984 0.06146787 0.12872502 0.06434919 0.06309823 0.09527834 
0.13628045 0.11621144 0.05077151 0.15635320 0.07458561 0.01772339 0.10206053 0.08649341 0.08639030 0.11808296 0.09142645 0.10447612 0.15338814 0.15858847 0.00000000 0.14861539 0.18763259 0.12890150 0.10130222 0.10864047 0.06540269 0.14583041 0.09127431 0.11744995 0.08941790 0.10033797 0.04043831 0.08558521 0.16042812 0.09098227 0.07131287 0.07897853 0.10473795 0.08422534 0.11322616 0.08650950 0.10560452 0.14435021 0.11268687 0.13902819 0.07059086 0.11762692 0.07653945 0.09693525 0.08279541 0.12941820 0.10178862 0.05436632 0.05153418 0.08561695 0.07900970 0.07090741 0.16904503 0.04804147 0.09383468 0.08212184 0.07710180 0.07565673 0.07066544 0.07863684 0.06385985 0.12040703 0.06276860 0.06796389 0.14200018 0.17051417 0.17413738 0.16734772 0.17262966 0.07316209 0.03955948 0.05653786 0.10104354 0.10075731 0.07921357 0.08495515 0.08089587 0.13247128 0.06545077 0.07072057 0.08087411 0.09046711 0.08442165 0.07121799 0.06584107 0.06690467 0.08768504 0.09056656 0.06607495 0.08401535 0.13640985 0.07181372 0.05681528 0.05222705 0.06537776 0.10202208 0.04474099 0.03413394 0.07601514 0.06294990 0.11542273 0.08561327 0.11428428 0.31821892 0.08274225 0.05977434 0.10019998 0.10363204 0.09041514 0.07194067 0.14181951 0.07095699 0.08655297 0.04945002 0.05627296 0.09618047 0.07198724 0.05284377 0.08577654 0.10032432 0.07000952 0.11774692 0.11719727 0.06725837 0.10874314 0.08975389 0.10229992 0.10003223 0.11001349 0.08551327 0.11183189 0.01429712 0.15576324 0.09276356 0.02561251 0.12421197 0.05268171 0.15943330 0.15177252 0.12004476 0.10383810 0.10429995 0.11510735 0.11415886 0.13037792 0.09156017 0.06973144 0.10595103 0.09438067 0.06629001 0.11319701 0.08486236 0.09875541 0.06370585 0.07587016 0.08700204 0.04438855 0.02817781 0.10049847 0.15533248 0.07183268 0.07461297 0.07866407 0.09988416 0.09625901 
0.09712766 0.09359382 0.08138290 0.10551256 0.07043074 0.07638678 0.08475784 0.09544270 0.08165798 0.10049265 0.09601700 0.11986204 0.13824225 0.11911506 0.14861539 0.00000000 0.13776926 0.14533784 0.17426793 0.14273270 0.09105884 0.09862038 0.09478948 0.09288987 0.08382863 0.07877478 0.07415432 0.09238366 0.08408412 0.11178492 0.12160176 0.11456890 0.07971286 0.07561552 0.12152132 0.09953382 0.08799106 0.09502037 0.12781142 0.09890884 0.08825437 0.08826788 0.09473576 0.09843552 0.11134109 0.10434709 0.08570737 0.08040844 0.09158175 0.08564123 0.10219979 0.10031887 0.10119286 0.09936189 0.08077772 0.08569213 0.09848840 0.10526752 0.07407142 0.07898980 0.09974692 0.08198323 0.11508542 0.09560759 0.08803189 0.09464147 0.08466669 0.08472930 0.08003996 0.07243129 0.07998736 0.10180643 0.08733489 0.08480497 0.09098917 0.08660673 0.10286443 0.08320085 0.09256205 0.09653608 0.07581192 0.08565942 0.08734978 0.08206250 0.10106525 0.09483941 0.08599341 0.09482200 0.08258545 0.07502848 0.08044488 0.09427005 0.09369803 0.09876273 0.08039295 0.09050670 0.07927590 0.08444890 0.08426241 0.08986103 0.12123614 0.09011572 0.07941286 0.09687083 0.09029735 0.07764493 0.09520582 0.12555876 0.08224382 0.07822905 0.09738717 0.10157882 0.10999166 0.10243758 0.09893016 0.10545614 0.09602135 0.07104023 0.08201032 0.10228729 0.11069086 0.09308065 0.09382813 0.08689855 0.09610513 0.08747584 0.09408396 0.08803777 0.08473059 0.10431618 0.09275151 0.09933095 0.08531205 0.07658916 0.08667881 0.08008092 0.10043780 0.11003460 0.10615684 0.10525112 0.08278488 0.14012960 0.09896577 0.11169369 0.10394613 0.10362747 0.07555561 0.09053914 0.09146010 0.10865004 0.07777062 0.09527781 0.06840287 0.07510806 0.07386225 0.08570100 0.06203463 0.09807006 0.07427615 0.08030621 0.07686660 0.08505144 0.07751841 0.09352357 0.10197978 
0.11555307 0.08008669 0.11989627 0.12997684 0.13087411 0.05327730 0.14472489 0.03211048 0.03690826 0.08335089 0.09770074 0.08309974 0.07642675 0.10664685 0.18763259 0.13776926 0.00000000 0.25591589 0.15596470 0.08568083 0.11196346 0.12415290 0.12027500 0.14170343 0.08649406 0.07899384 0.06396706 0.09724683 0.15332177 0.19150947 0.10282936 0.10916468 0.08122655 0.06386813 0.10849443 0.06112964 0.09361622 0.12782616 0.08449351 0.10475750 0.02622892 0.08368489 0.05599601 0.06815337 0.07641343 0.13883830 0.03717602 0.02592728 0.12752494 0.03484776 0.14228746 0.03280729 0.04139320 0.06533926 0.08295842 0.07271785 0.09408387 0.04044233 0.06013685 0.08123310 0.04610998 0.05566592 0.04626193 0.07456788 0.07034043 0.10791925 0.10633193 0.14625600 0.08665429 0.18273649 0.11884071 0.11852374 0.12389660 0.13154318 0.13115438 0.10570929 0.16920645 0.07961401 0.06115840 0.12428855 0.08666457 0.05219708 0.08504933 0.11114367 0.13109846 0.09450287 0.06826677 0.11971476 0.11078272 0.10360457 0.06997956 0.08323528 0.06390637 0.06154915 0.12285933 0.07617477 0.04907072 0.03673898 0.07932589 0.04748784 0.11372334 0.09220535 0.06283142 0.08560578 0.03907174 0.12452474 0.14523211 0.19221108 0.09992270 0.16244141 0.18629729 0.09623793 0.06555229 0.08761085 0.06007505 0.12346724 0.09433642 0.09391107 0.09720065 0.07645608 0.07319227 0.06294232 0.12654098 0.09515554 0.06528519 0.12283486 0.08512140 0.07472170 0.11109953 0.10469404 0.07316878 0.10277836 0.13605286 0.02606279 0.07892578 0.03947587 0.05770072 0.13540600 0.09844274 0.15839896 0.13186499 0.11337972 0.14302339 0.13414287 0.15321194 0.10537801 0.09972109 0.08758044 0.10453323 0.04004730 0.13608609 0.09112641 0.07416575 0.05837282 0.10612961 0.11077088 0.06950897 0.06800465 0.07072930 0.08448402 0.05909139 0.08887626 0.06513959 0.07269304 0.09470415 
0.07536716 0.10798970 0.13488182 0.12810314 0.08747767 0.07905725 0.06217390 0.04674786 0.06968104 0.12926165 0.08436783 0.10149492 0.07329011 0.10806886 0.12890150 0.14533784 0.25591589 0.00000000 0.14130010 0.19777417 0.12631070 0.06487956 0.11184746 0.15887773 0.11543898 0.10618835 0.10169986 0.13937138 0.11265783 0.09635304 0.12112375 0.08030261 0.05833023 0.09365625 0.10368229 0.14455967 0.06933789 0.07186735 0.09099557 0.11345537 0.11819542 0.11205847 0.07816569 0.11729029 0.10762807 0.08081315 0.09334731 0.08970613 0.07884585 0.04061835 0.10759814 0.04107550 0.06601903 0.07657815 0.09039502 0.08335519 0.04549022 0.09123178 0.08207961 0.04903596 0.07892003 0.04677061 0.09151087 0.07780650 0.11367852 0.12257334 0.10806405 0.07808837 0.06230318 0.21377682 0.10397455 0.11099621 0.35449285 0.12867180 0.10661096 0.13548726 0.17160495 0.09213614 0.07126952 0.10158177 0.06472084 0.04575152 0.10769128 0.14763645 0.10207330 0.02342852 0.04908744 0.09765447 0.07613887 0.05890325 0.06453688 0.07182854 0.09534350 0.05515679 0.08301852 0.12907063 0.06115636 0.06661677 0.09579718 0.06918577 0.10431669 0.07642253 0.11489732 0.07942050 0.12985257 0.13275070 0.08078024 0.13706990 0.11657302 0.15093487 0.07200680 0.17275897 0.10839055 0.11817366 0.05211286 0.09659648 0.08173278 0.04430031 0.08220649 0.05329443 0.07667981 0.01819131 0.06322157 0.11592879 0.06754981 0.08926646 0.09652580 0.03952727 0.08313221 0.12927149 0.07697367 0.08682225 0.05342915 0.06006548 0.14686540 0.09712273 0.16383955 0.05594198 0.07754836 0.11663600 0.10273356 0.09591310 0.13305724 0.10934552 0.09671310 0.13910416 0.13315975 0.07592835 0.10845086 0.10399409 0.06711382 0.08043529 0.08455727 0.02918473 0.07931590 0.06839662 0.09563182 0.08146216 0.07349502 0.08643059 0.03213973 0.05387313 0.04614585 0.02566410 0.09400105 
0.10921267 0.08906523 0.09724452 0.11267574 0.10942133 0.07986214 0.11815474 0.07351419 0.06686844 0.08033702 0.09919883 0.11660501 0.14727463 0.14823557 0.10130222 0.17426793 0.15596470 0.14130010 0.00000000 0.13357723 0.10157531 0.08600865 0.10164926 0.11514870 0.08648615 0.08747999 0.09333976 0.09955384 0.11062383 0.10995635 0.07380856 0.09153918 0.09051663 0.07716970 0.08813460 0.10411576 0.08655576 0.09799307 0.09215804 0.10885063 0.07687307 0.08736357 0.09624994 0.08750584 0.08590732 0.07726200 0.07122506 0.07464413 0.09146575 0.08223094 0.10374457 0.07261674 0.09836378 0.08259738 0.08386520 0.13338329 0.08655967 0.09860001 0.07619438 0.10094941 0.07917128 0.08301523 0.08795647 0.09958014 0.06930319 0.07427461 0.07744347 0.07812844 0.13988753 0.09009849 0.14077468 0.09670925 0.12908836 0.13608563 0.12045737 0.07753365 0.11999744 0.13022156 0.08715358 0.10386353 0.08859858 0.08479604 0.10604661 0.11128401 0.09575782 0.06824659 0.07271762 0.11665301 0.09171881 0.11514395 0.10294814 0.06771644 0.08089634 0.08967436 0.08168192 0.11003949 0.08550061 0.06078673 0.08969360 0.10120388 0.06980303 0.10068382 0.07315053 0.07308462 0.07810036 0.07095557 0.10697687 0.19037682 0.06250968 0.10844317 0.09838642 0.12004079 0.10557663 0.07378195 0.10843260 0.09474554 0.09846575 0.10123328 0.07149230 0.07364061 0.09912035 0.06737501 0.07864499 0.10180335 0.08109594 0.10033336 0.10759869 0.08341186 0.07182404 0.10496619 0.09850156 0.09425889 0.08840957 0.06078298 0.09136424 0.10837927 0.07860793 0.08529160 0.08209342 0.10297604 0.08678189 0.10497876 0.07504124 0.13598642 0.11600908 0.07857672 0.08366700 0.09104237 0.10784688 0.10185487 0.08783905 0.08272646 0.06922742 0.08274871 0.07208532 0.11348407 0.05592132 0.05004609 0.10623721 0.05763511 0.07432090 0.06514095 0.06231639 0.07625912 0.10100819 
0.12322637 0.10398942 0.11457843 0.12295946 0.07341194 0.11616882 0.10064985 0.12731670 0.01366561 0.08699718 0.06427875 0.07063850 0.06883070 0.08226160 0.10864047 0.14273270 0.08568083 0.19777417 0.13357723 0.00000000 0.19371704 0.12148371 0.21643849 0.21470115 0.16860042 0.13205150 0.13678887 0.16366000 0.10304521 0.08365604 0.21191510 0.15569973 0.14630052 0.07268204 0.14002135 0.16924488 0.15058625 0.07128274 0.08520845 0.08460402 0.08320804 0.11602819 0.10876990 0.09323281 0.07415904 0.08709279 0.07392245 0.09819639 0.05945149 0.03296414 0.04307808 0.05369566 0.09548173 0.03685339 0.09318602 0.10732029 0.06060159 0.10872707 0.07004366 0.03134892 0.10473392 0.09439987 0.01615507 0.08196370 0.09823056 0.10992138 0.11754720 0.09091171 0.12242392 0.06387782 0.12516074 0.13960212 0.12536835 0.07178273 0.12282764 0.05404168 0.14671030 0.08408530 0.08306503 0.12594026 0.12928761 0.09823921 0.09716309 0.09311289 0.07661899 0.06223265 0.06928037 0.11808198 0.14596957 0.06168231 0.11256539 0.05854090 0.05640681 0.03157500 0.08167464 0.03691272 0.03486816 0.00018196 0.04940716 0.05089567 0.11643472 0.07506848 0.10745753 0.02383315 0.05851366 0.07885857 0.14384039 0.10911448 0.09493062 0.06955866 0.09693445 0.06263410 0.11315197 0.08935320 0.12935369 0.11616168 0.05151664 0.04482797 0.11672207 0.09245471 0.14533489 0.12074944 0.06063986 0.10060570 0.08615263 0.08711046 0.03556735 0.05321583 0.05217608 0.09674105 0.12764829 0.07417773 0.07077238 0.10247117 0.05655455 0.05585792 0.06063407 0.10637264 0.09673772 0.09666363 0.10876252 0.12992077 0.09999925 0.16622721 0.05804536 0.08162346 0.13150814 0.12227544 0.12934755 0.08764833 0.11901217 0.14062786 0.06093589 0.04160582 0.04425401 0.24626104 0.00000000 0.05040130 0.02923302 0.07711808 0.09400633 0.08483657 0.08232419 0.09330020 0.09572678 
0.08708283 0.09469761 0.12994420 0.10177517 0.07080528 0.11390180 0.11950173 0.09829477 0.14256725 0.11079546 0.11870749 0.08477352 0.09650839 0.08541183 0.06540269 0.09105884 0.11196346 0.12631070 0.10157531 0.19371704 0.00000000 0.13124393 0.08303618 0.11296382 0.14250541 0.07128323 0.12541858 0.11448233 0.06464465 0.09900059 0.06970664 0.11326403 0.07774876 0.03615089 0.09034371 0.10141653 0.08281176 0.07649313 0.12314105 0.14114598 0.13383002 0.09677088 0.09884848 0.08688112 0.09592754 0.07645611 0.07784246 0.05172199 0.11505285 0.04382700 0.07153993 0.05549684 0.08059695 0.04720940 0.15868783 0.08520661 0.09361119 0.06577105 0.12924878 0.08574897 0.09778634 0.07521135 0.06979012 0.07345040 0.10191927 0.10906597 0.10931162 0.09157031 0.11874786 0.09680926 0.07384069 0.12255756 0.18576448 0.13396167 0.05776124 0.07541103 0.28186956 0.11267937 0.10586067 0.08003594 0.07582424 0.11732936 0.10648126 0.09922787 0.11739774 0.05840685 0.09827001 0.09505779 0.10614282 0.08794740 0.07452973 0.06795351 0.09364901 0.13256182 0.05433746 0.05540232 0.10286133 0.04640642 0.06085459 0.05669526 0.12269512 0.09047018 0.10837476 0.09018361 0.09278749 0.06928160 0.19083941 0.12143671 0.10278061 0.05921105 0.07171402 0.12620846 0.08555728 0.06866101 0.05288785 0.09751341 0.10102834 0.08756197 0.08058629 0.06423799 0.10501764 0.09078278 0.09875129 0.09402438 0.08165010 0.10314993 0.07759891 0.07338812 0.08706392 0.09823914 0.11865709 0.10253156 0.09356814 0.08604279 0.09044478 0.07861272 0.10765239 0.07989360 0.12016766 0.10312939 0.15676482 0.08511146 0.05223006 0.10574678 0.03403173 0.11489939 0.11546966 0.11188657 0.09051602 0.05300524 0.06341002 0.08730650 0.08526391 0.08052944 0.09563740 0.19104057 0.13890594 0.06547535 0.09058716 0.08381115 0.11919706 0.08618605 0.10341628 0.08263448 0.09240654 
0.16320864 0.10240675 0.12838770 0.08687007 0.13510801 0.05470792 0.07419811 0.11432603 0.07312431 0.02843557 0.06846313 0.09107529 0.13283746 0.07668814 0.14583041 0.09862038 0.12415290 0.06487956 0.08600865 0.12148371 0.13124393 0.00000000 0.13885314 0.10060758 0.31016408 0.28168840 0.10452932 0.09706788 0.10777703 0.12159604 0.12012609 0.24936860 0.08437241 0.14130265 0.09928563 0.10552446 0.09330541 0.10275503 0.13035653 0.10843088 0.09446005 0.09141513 0.12112341 0.08124441 0.05661215 0.05236240 0.07858440 0.09210845 0.06581208 0.07766283 0.12674836 0.09116100 0.10440934 0.10014753 0.12001221 0.12220311 0.09663604 0.06759749 0.06324076 0.09566644 0.07020482 0.09543627 0.10620047 0.12431549 0.09951286 0.07344103 0.06147197 0.13406543 0.07577256 0.06512888 0.11402120 0.06907184 0.08517648 0.07997976 0.12107362 0.05366240 0.09717743 0.10124904 0.09776321 0.08981224 0.05843695 0.11214383 0.07996805 0.08271076 0.10094151 0.05528320 0.11026839 0.09139528 0.07281260 0.08377527 0.09587347 0.08607227 0.10172621 0.05443038 0.03753722 0.10318334 0.10793851 0.08779301 0.08214772 0.05277966 0.06755028 0.14068511 0.08121494 0.09248680 0.08409415 0.06941019 0.11908330 0.05646952 0.10430235 0.10803307 0.10876955 0.11798001 0.07837587 0.07076511 0.10607514 0.09545552 0.13276495 0.07523313 0.07770191 0.10165321 0.09624600 0.11137068 0.10188323 0.05932631 0.08126595 0.10582272 0.08814896 0.07090498 0.06946869 0.11849988 0.08032059 0.08415504 0.03743468 0.10785039 0.09373914 0.07180667 0.07103426 0.10174694 0.10011177 0.13111626 0.10924076 0.10622557 0.11057293 0.12186982 0.06145372 0.07397845 0.09725877 0.09576796 0.10135583 0.12069499 0.11081815 0.09168307 0.05945987 0.05202540 0.11855718 0.06887520 0.11295228 0.10881668 0.04614717 0.05104049 0.07229662 0.08842098 0.10052986 0.10181444 0.09225097 
