0.00000000 0.01099983 0.02726792 0.03606796 0.03010851 0.01826663 0.02220709 0.01704673 0.01909083 0.01527309 0.02239341 0.01426536 0.04200964 0.02121239 0.02121239 0.02121239 0.01688530 0.01688530 0.01426536 0.01688530 0.03093995 0.01426536 0.01806477 0.01380066 0.01391850 0.02340081 0.01542883 0.00957847 0.01053000 0.01688530 0.02121239 0.02754777 0.00924240 0.02200204 0.02121239 0.01527309 0.02121239 0.01542883 0.01693699 0.03639923 0.01269028 0.03431522 0.01692533 0.01426536 0.02121239 0.01527309 0.02121239 0.02769900 0.04600917 0.01541589 0.02121239 0.01098956 0.02121239 0.00940143 0.03467423 0.01198572 0.01875101 0.03838731 0.02121239 0.01466916 0.05319885 0.01577849 0.01194753 0.01426536 0.02121239 0.00929220 0.02121239 0.01383550 0.01903125 0.01542883 0.01353822 0.01688530 0.01107753 0.01426536 0.02743982 0.02758322 0.01688530 0.01731143 0.01426536 0.02648921 0.02009957 0.03479419 0.01942256 0.01426536 0.01579203 0.01273039 0.03570630 0.01740748 0.01427497 0.02681284 0.02686616 0.01726049 0.02173287 0.02698679 0.02121239 0.02840981 0.02687370 0.01853808 0.03838130 0.01836607 0.02121239 0.01536504 0.00850624 0.01629074 0.01527309 0.01304536 0.01426536 0.01542883 0.02121239 0.03762416 0.01527309 0.02179758 0.02976814 0.03271250 0.01166979 0.01531646 0.02505393 0.02485825 0.01989062 0.01362086 0.00580265 0.02332865 0.01426536 0.02121239 0.02701603 0.02121239 0.01857168 0.01404898 0.02652437 0.02898377 0.01426536 0.02327820 0.01732750 0.02659754 0.02230736 0.01688530 0.01594323 0.01527309 0.02121239 0.01688530 0.01352586 0.02121239 0.02121239 0.01426536 0.01298206 0.01834320 0.01607398 0.03604235 0.02928336 0.03825039 0.02300976 0.05300800 0.05125508 0.02203529 0.02264648 0.01834320 0.03198691 0.04640779 0.02903998 0.03099688 0.01846337 0.02145300 0.01834320 0.02567993 0.01924394 
0.01099983 0.00000000 0.02330684 0.02948695 0.02298822 0.05270781 0.01382785 0.01596301 0.02153168 0.02521041 0.01216736 0.02012034 0.02480433 0.01907037 0.01907037 0.01907037 0.01719861 0.01719861 0.02012034 0.01719861 0.01523604 0.02012034 0.01944090 0.02311200 0.03475104 0.01328946 0.01916774 0.02984075 0.03567610 0.01719861 0.01907037 0.02365369 0.00845092 0.03220738 0.01907037 0.02521041 0.01907037 0.01916774 0.04010923 0.01868546 0.04266074 0.01237184 0.02043564 0.02012034 0.01907037 0.02521041 0.01907037 0.02166365 0.02045027 0.01843391 0.01907037 0.01503056 0.01907037 0.01859878 0.02160423 0.03944112 0.02463093 0.01681361 0.01907037 0.01833770 0.02515907 0.04023837 0.02483048 0.02012034 0.01907037 0.04193313 0.01907037 0.03077302 0.02052386 0.01916774 0.03008526 0.01719861 0.02887569 0.02012034 0.01313081 0.01592831 0.01719861 0.02281188 0.02012034 0.01490048 0.02430589 0.02240253 0.03116518 0.02012034 0.01916353 0.01905949 0.02283795 0.02332356 0.01851592 0.02437096 0.01330696 0.02870275 0.02640761 0.01840817 0.01907037 0.01737381 0.02095665 0.01444697 0.00795028 0.02128740 0.01907037 0.01441786 0.01463506 0.01812186 0.02521041 0.01766420 0.02012034 0.01916774 0.01907037 0.01380779 0.02521041 0.01785178 0.02125681 0.01676166 0.03370740 0.02110959 0.00943606 0.01200679 0.02852870 0.03936426 0.05202898 0.02868348 0.02012034 0.01907037 0.01011058 0.01907037 0.02862483 0.01416007 0.01997828 0.01346649 0.02012034 0.01214781 0.03018662 0.01007347 0.01903938 0.01719861 0.03073316 0.02521041 0.01907037 0.01719861 0.02481699 0.01907037 0.01907037 0.02012034 0.03005834 0.01720643 0.03071294 0.01315487 0.01856481 0.01996494 0.03220018 0.01102236 0.00684904 0.02577781 0.01894659 0.01720643 0.00589065 0.02878725 0.01514542 0.01499918 0.03201839 0.01917663 0.01720643 0.01653206 0.02075410 
0.02726792 0.02330684 0.00000000 0.03921668 0.03336163 0.03127751 0.01978780 0.03529149 0.02858457 0.01502152 0.02644766 0.01284440 0.01904292 0.01768043 0.01768043 0.01768043 0.01123902 0.01123902 0.01284440 0.01123902 0.02688285 0.01284440 0.04973059 0.01955147 0.01876881 0.03255210 0.01909652 0.01818919 0.01966749 0.01123902 0.01768043 0.02477385 0.02602687 0.03252621 0.01768043 0.01502152 0.01768043 0.01909652 0.02786961 0.02259168 0.01894913 0.02038116 0.01979748 0.01284440 0.01768043 0.01502152 0.01768043 0.03230086 0.02524399 0.02107359 0.01768043 0.02405268 0.01768043 0.02182837 0.02895131 0.02158406 0.02772725 0.01569867 0.01768043 0.02081222 0.01919462 0.02527715 0.02478683 0.01284440 0.01768043 0.02412685 0.01768043 0.02086719 0.01991180 0.01909652 0.02628623 0.01123902 0.01112279 0.01284440 0.00939911 0.03217730 0.01123902 0.02356134 0.01284440 0.03471557 0.03503443 0.02852472 0.02941902 0.01284440 0.01148345 0.01796959 0.02871631 0.01479803 0.01261385 0.02373396 0.02467859 0.02035841 0.03008273 0.02108048 0.01768043 0.02522663 0.02592471 0.02685622 0.02113901 0.01350315 0.01768043 0.02664505 0.02352270 0.02965835 0.01502152 0.01346916 0.01284440 0.01909652 0.01768043 0.01305336 0.01502152 0.02668378 0.03694080 0.01844807 0.01993201 0.01203239 0.02733782 0.02231585 0.03150319 0.03914012 0.02299819 0.03071283 0.01284440 0.01768043 0.01496037 0.01768043 0.02589959 0.03051694 0.02804170 0.02297042 0.01284440 0.02119113 0.02486231 0.02665148 0.03059324 0.01123902 0.02829569 0.01502152 0.01768043 0.01123902 0.01610037 0.01768043 0.01768043 0.01284440 0.02164460 0.01157333 0.03240097 0.02107751 0.03346877 0.02700711 0.03171109 0.01505781 0.02632977 0.02706093 0.02189709 0.01157333 0.01900272 0.02600796 0.01138974 0.03085820 0.03405517 0.02501176 0.01157333 0.02949301 0.01928122 
0.03606796 0.02948695 0.03921668 0.00000000 0.05088671 0.02890885 0.01705159 0.01793390 0.02702663 0.01594816 0.01275928 0.01300267 0.01817984 0.02333831 0.02333831 0.02333831 0.01491081 0.01491081 0.01300267 0.01491081 0.01983077 0.01300267 0.01976452 0.01603609 0.01882249 0.02924184 0.01606095 0.02577294 0.03199830 0.01491081 0.02333831 0.02551437 0.04255802 0.02731513 0.02333831 0.01594816 0.02333831 0.01606095 0.01855027 0.01340084 0.02334301 0.01452115 0.01475635 0.01300267 0.02333831 0.01594816 0.02333831 0.02712513 0.02615308 0.01787187 0.02333831 0.03414003 0.02333831 0.01555307 0.02566876 0.03769190 0.01865928 0.02157902 0.02333831 0.04068160 0.02333320 0.03043584 0.01583526 0.01300267 0.02333831 0.01717957 0.02333831 0.02859103 0.02266584 0.01606095 0.03516252 0.01491081 0.01282889 0.01300267 0.01400849 0.03147430 0.01491081 0.02443782 0.01300267 0.02237389 0.02197156 0.01699396 0.02008903 0.01300267 0.01473468 0.01612515 0.02728746 0.01760270 0.01414658 0.02269296 0.01956993 0.01883155 0.01998856 0.01477146 0.02333831 0.01783022 0.02383322 0.01858976 0.03172843 0.02361948 0.02333831 0.02152147 0.01193721 0.01811806 0.01594816 0.02926809 0.01300267 0.01606095 0.02333831 0.01219344 0.01594816 0.01588786 0.01550530 0.03650904 0.01398098 0.01522170 0.02076933 0.01953210 0.02441687 0.03137729 0.02082548 0.02368973 0.01300267 0.02333831 0.01187717 0.02333831 0.02263149 0.01805864 0.02689765 0.01270481 0.01300267 0.01472807 0.02023440 0.02363041 0.02816803 0.01491081 0.01788530 0.01594816 0.02333831 0.01491081 0.01647745 0.02333831 0.02333831 0.01300267 0.01565505 0.01601411 0.01843608 0.01795595 0.01659179 0.02590018 0.03740550 0.01567483 0.03988667 0.02157330 0.02575779 0.01601411 0.01830384 0.01362340 0.01566357 0.03497968 0.03466468 0.01842120 0.01601411 0.02291720 0.02231459 
0.03010851 0.02298822 0.03336163 0.05088671 0.00000000 0.03851640 0.01559483 0.01466051 0.03677774 0.02436645 0.01452871 0.02300268 0.01948670 0.02014712 0.02014712 0.02014712 0.01969824 0.01969824 0.02300268 0.01969824 0.01998687 0.02300268 0.02000249 0.02274275 0.02595250 0.02801251 0.02434755 0.02595714 0.02909049 0.01969824 0.02014712 0.00673374 0.02171001 0.01946987 0.02014712 0.02436645 0.02014712 0.02434755 0.01616822 0.01750780 0.01523628 0.01673758 0.01582798 0.02300268 0.02014712 0.02436645 0.02014712 0.03130756 0.02968358 0.01743324 0.02014712 0.03923444 0.02014712 0.01338688 0.02282116 0.03780669 0.01634237 0.01981726 0.02014712 0.04530063 0.01294563 0.03494536 0.01534836 0.02300268 0.02014712 0.03383396 0.02014712 0.01842774 0.01871374 0.02434755 0.02649499 0.01969824 0.01991544 0.02300268 0.01590815 0.02993560 0.01969824 0.02858070 0.02300268 0.01329147 0.02123836 0.00711555 0.01848813 0.02300268 0.01839320 0.02693489 0.01999781 0.02318472 0.02918861 0.02044420 0.01916983 0.01616440 0.01746308 0.02758378 0.02014712 0.02143508 0.03065718 0.00454650 0.02228690 0.02838198 0.02014712 0.01175197 0.01663334 0.01531479 0.02436645 0.01816183 0.02300268 0.02434755 0.02014712 0.01527675 0.02436645 0.01098615 0.01286449 0.02658276 0.01330338 0.01741803 0.02296275 0.01548885 0.01850290 0.03512697 0.01755763 0.01891662 0.02300268 0.02014712 0.00746279 0.02014712 0.02153797 0.02656622 0.02114866 0.02311401 0.02300268 0.00866109 0.01682863 0.01899136 0.01575643 0.01969824 0.01612163 0.02436645 0.02014712 0.01969824 0.02276517 0.02014712 0.02014712 0.02300268 0.01539551 0.01987999 0.02793850 0.02931827 0.00870281 0.01726391 0.03877495 0.00903495 0.02722576 0.02243485 0.01636466 0.01987999 0.00979995 0.00490016 0.01337366 0.02524874 0.02511841 0.01051316 0.01987999 0.01910114 0.01930328 
0.01826663 0.05270781 0.03127751 0.02890885 0.03851640 0.00000000 0.01141582 0.03004270 0.04393291 0.01273430 0.02587350 0.01013553 0.05849295 0.02169003 0.02169003 0.02169003 0.01314838 0.01314838 0.01013553 0.01314838 0.00985360 0.01013553 0.02559583 0.01350833 0.02019481 0.01962150 0.01271460 0.04324435 0.02832391 0.01314838 0.02169003 0.00390256 0.02801806 0.02170282 0.02169003 0.01273430 0.02169003 0.01271460 0.02336340 0.01868784 0.02991613 0.02974546 0.01501473 0.01013553 0.02169003 0.01273430 0.02169003 0.03503171 0.01524548 0.00570512 0.02169003 0.02385089 0.02169003 0.01429392 0.03939188 0.02404131 0.03247635 0.00547294 0.02169003 0.01637038 0.01613340 0.03197500 0.02544989 0.01013553 0.02169003 0.03002175 0.02169003 0.02561925 0.02027104 0.01271460 0.02792580 0.01314838 0.01610796 0.01013553 0.01256132 0.00839860 0.01314838 0.00175467 0.01013553 0.02547442 0.01995503 0.02544832 0.02689506 0.01013553 0.01410752 0.04168087 0.01756916 0.01395444 0.01476557 0.03005508 0.02689585 0.02768233 0.03268724 0.02266724 0.02169003 0.03521382 0.02959257 0.02561611 0.01386383 0.01346655 0.02169003 0.00688738 0.01691723 0.03273384 0.01273430 0.00524080 0.01013553 0.01271460 0.02169003 0.01656176 0.01273430 0.01822885 0.02281725 0.03553007 0.01735144 0.01566024 0.02463361 0.00926681 0.04879200 0.06005773 0.04349680 0.05335242 0.01013553 0.02169003 0.02418093 0.02169003 0.02621811 0.01160737 0.02029843 0.02638769 0.01013553 0.01398495 0.02097000 0.01066933 0.03481152 0.01314838 0.02003371 0.01273430 0.02169003 0.01314838 0.01498184 0.02169003 0.02169003 0.01013553 0.00251623 0.01394853 0.01105768 0.01640258 0.01594232 0.02185683 0.06661214 0.03363247 0.01575021 0.04152626 0.00493434 0.01394853 0.01176493 0.03141871 0.01345656 0.02445616 0.04385727 0.01262152 0.01394853 0.02533844 0.02019986 
0.02220709 0.01382785 0.01978780 0.01705159 0.01559483 0.01141582 0.00000000 0.02481647 0.02026873 0.02488931 0.01792925 0.02400850 0.03290335 0.01951399 0.01951399 0.01951399 0.02208459 0.02208459 0.02400850 0.02208459 0.02792823 0.02400850 0.01846538 0.02253218 0.02423627 0.01359110 0.02441139 0.02158434 0.00945573 0.02208459 0.01951399 0.02410685 0.02839101 0.01540441 0.01951399 0.02488931 0.01951399 0.02441139 0.01407432 0.03501685 0.02856469 0.02694019 0.01470334 0.02400850 0.01951399 0.02488931 0.01951399 0.01878332 0.02351303 0.02035162 0.01951399 0.02034494 0.01951399 0.01684913 0.00857677 0.00832241 0.02302879 0.02280434 0.01951399 0.01644173 0.03753050 0.02158967 0.02201816 0.02400850 0.01951399 0.01160358 0.01951399 0.01115673 0.01764719 0.02441139 0.02012832 0.02208459 0.02109507 0.02400850 0.01833581 0.01802822 0.02208459 0.01377675 0.02400850 0.00706563 0.02447132 0.02326917 0.03014687 0.02400850 0.02076425 0.01437919 0.02541851 0.02323448 0.02170994 0.01337935 0.01389913 0.01492168 0.02148131 0.03450014 0.01951399 0.03567394 0.02492666 0.02503639 0.03449585 0.02937125 0.01951399 0.02673740 0.01775816 0.01405267 0.02488931 0.01223542 0.02400850 0.02441139 0.01951399 0.02240907 0.02488931 0.02010997 0.01369616 0.02687705 0.01695676 0.02018262 0.02605800 0.02083573 0.01646635 0.00738938 0.01349563 0.01965324 0.02400850 0.01951399 0.03323395 0.01951399 0.02736760 0.02424402 0.01758677 0.04828140 0.02400850 0.02143206 0.01506385 0.01929474 0.01181021 0.02208459 0.03801897 0.02488931 0.01951399 0.02208459 0.02373728 0.01951399 0.01951399 0.02400850 0.01751143 0.02128172 0.00622463 0.01402418 0.03904801 0.03331389 0.01834316 0.01465171 0.01321929 0.02223515 0.01846241 0.02128172 0.03963960 0.00728674 0.01585915 0.01667467 0.02312650 0.01486978 0.02128172 0.04461716 0.01834039 
0.01704673 0.01596301 0.03529149 0.01793390 0.01466051 0.03004270 0.02481647 0.00000000 0.02991607 0.01053441 0.05111795 0.01884157 0.02161442 0.02014022 0.02014022 0.02014022 0.01497461 0.01497461 0.01884157 0.01497461 0.02029063 0.01884157 0.05173506 0.02733530 0.01242796 0.04255918 0.02935551 0.01687889 0.01390858 0.01497461 0.02014022 0.02640175 0.04710703 0.02897828 0.02014022 0.01053441 0.02014022 0.02935551 0.01464251 0.00857612 0.01163670 0.03008366 0.03763950 0.01884157 0.02014022 0.01053441 0.02014022 0.02943811 0.02115255 0.04259831 0.02014022 0.02792860 0.02014022 0.02121710 0.01678955 0.01054123 0.01768588 0.01807161 0.02014022 0.01900649 0.01742469 0.01898533 0.03279645 0.01884157 0.02014022 0.00683477 0.02014022 0.01612778 0.01755215 0.02935551 0.01221341 0.01497461 0.02700768 0.01884157 0.01160934 0.03890006 0.01497461 0.03046128 0.01884157 0.02679806 0.03941086 0.01586332 0.02205804 0.01884157 0.01396039 0.02019804 0.03679688 0.01059475 0.01308931 0.02194667 0.02507521 0.04027543 0.02712456 0.02753574 0.02014022 0.03025260 0.02452236 0.03057961 0.02571102 0.01726227 0.02014022 0.02160205 0.01358882 0.01333928 0.01053441 0.01806893 0.01884157 0.02935551 0.02014022 0.01387333 0.01053441 0.01371325 0.02628110 0.03389252 0.00980886 0.01425398 0.02572580 0.02926006 0.03138874 0.01819920 0.01759248 0.02663117 0.01884157 0.02014022 0.02805498 0.02014022 0.02621452 0.02414938 0.02627953 0.02234261 0.01884157 0.01974293 0.01524243 0.01968240 0.02050970 0.01497461 0.01096294 0.01053441 0.02014022 0.01497461 0.01256050 0.02014022 0.02014022 0.01884157 0.00910252 0.01537499 0.01057520 0.01366018 0.00933389 0.01757828 0.02519622 0.01208490 0.01490340 0.03248105 0.02059846 0.01537499 0.02802701 0.01991743 0.01182273 0.03015052 0.03751633 0.02306514 0.01537499 0.03170883 0.01839007 
0.01909083 0.02153168 0.02858457 0.02702663 0.03677774 0.04393291 0.02026873 0.02991607 0.00000000 0.01176350 0.03305966 0.01071927 0.00030172 0.02009489 0.02009489 0.02009489 0.01509913 0.01509913 0.01071927 0.01509913 0.01539047 0.01071927 0.03052453 0.01219793 0.02121292 0.04538519 0.01231236 0.01395382 0.00990073 0.01509913 0.02009489 0.02124217 0.02402162 0.02304003 0.02009489 0.01176350 0.02009489 0.01231236 0.03066089 0.01916835 0.01719770 0.02380033 0.02316430 0.01071927 0.02009489 0.01176350 0.02009489 0.03622147 0.02124977 0.02808157 0.02009489 0.01507941 0.02009489 0.01536666 0.02031037 0.01520316 0.02623294 0.01504439 0.02009489 0.02519949 0.00562225 0.01993363 0.02625045 0.01071927 0.02009489 0.01610560 0.02009489 0.00357213 0.02113497 0.01231236 0.01921505 0.01509913 0.01870718 0.01071927 0.01427333 0.02391451 0.01509913 0.01974007 0.01071927 0.01544505 0.02848059 0.02968888 0.03963034 0.01071927 0.01439812 0.03849537 0.03895582 0.01251200 0.01220663 0.02614644 0.02688506 0.02882297 0.02556795 0.02390109 0.02009489 0.02892642 0.04112029 0.03543896 0.02140274 0.01629394 0.02009489 0.03077591 0.01289094 0.02673926 0.01176350 0.04259363 0.01071927 0.01231236 0.02009489 0.00997298 0.01176350 0.02303141 0.02980378 0.04594852 0.02218295 0.01351780 0.02404337 0.01798168 0.03699662 0.03080492 0.01857674 0.03300626 0.01071927 0.02009489 0.02989453 0.02009489 0.00917166 0.02327049 0.02990153 0.02231169 0.01071927 0.03599021 0.02470645 0.01899363 0.01981062 0.01509913 0.02782182 0.01176350 0.02009489 0.01509913 0.01107055 0.02009489 0.02009489 0.01071927 0.02028050 0.01483263 0.02317692 0.03302299 0.02918232 0.03133799 0.05411027 0.00458479 0.00345065 0.02996882 0.03085080 0.01483263 0.04008817 0.01627117 0.01266456 0.03093244 0.03129383 0.03367434 0.01483263 0.03578989 0.01983073 
0.01527309 0.02521041 0.01502152 0.01594816 0.02436645 0.01273430 0.02488931 0.01053441 0.01176350 0.00000000 0.01144592 0.03179459 0.01240319 0.02188807 0.02188807 0.02188807 0.02703796 0.02703796 0.03179459 0.02703796 0.01755479 0.03179459 0.01251567 0.01675389 0.02916619 0.01182102 0.01684656 0.02229513 0.01875555 0.02703796 0.02188807 0.01318365 0.00970531 0.01811535 0.02188807 0.03846336 0.02188807 0.01684656 0.01619566 0.03398611 0.02109597 0.01289710 0.02529263 0.03179459 0.02188807 0.03846336 0.02188807 0.01652085 0.02679033 0.02567961 0.02188807 0.01629478 0.02188807 0.02663734 0.00975892 0.01528545 0.01379938 0.02116668 0.02188807 0.02881203 0.02496780 0.01424608 0.01551013 0.03179459 0.02188807 0.01724594 0.02188807 0.01511461 0.02121176 0.01684656 0.01384589 0.02703796 0.03055089 0.03179459 0.02542875 0.01778991 0.02703796 0.02043868 0.03179459 0.01243865 0.01368717 0.01463640 0.01598676 0.03179459 0.02673532 0.01877408 0.00665239 0.03500700 0.03233228 0.02003738 0.02472806 0.01650553 0.01964006 0.01976342 0.02188807 0.01192662 0.02094390 0.02066462 0.01684004 0.03083309 0.02188807 0.01478828 0.02861741 0.01565817 0.03846336 0.01975880 0.03179459 0.01684656 0.02188807 0.02774067 0.03846336 0.02083716 0.01359449 0.02199020 0.02351660 0.02655038 0.01623602 0.02069930 0.02794685 0.01284837 0.02416297 0.01025406 0.03179459 0.02188807 0.02416566 0.02188807 0.01309380 0.02022915 0.01837174 0.01090008 0.03179459 0.02069152 0.01861206 0.01682727 0.01862671 0.02703796 0.01564153 0.03846336 0.02188807 0.02703796 0.03745049 0.02188807 0.02188807 0.03179459 0.02680260 0.02625169 0.01457143 0.01560885 0.01501515 0.01240549 0.00932764 0.01803148 0.01497311 0.01146649 0.01461175 0.02625169 0.01677996 0.01244133 0.02333701 0.00787814 0.01072617 0.01708944 0.02625169 0.00502007 0.02197017 
0.02239341 0.01216736 0.02644766 0.01275928 0.01452871 0.02587350 0.01792925 0.05111795 0.03305966 0.01144592 0.00000000 0.01871846 0.01179807 0.01992109 0.01992109 0.01992109 0.01497414 0.01497414 0.01871846 0.01497414 0.01602905 0.01871846 0.03677966 0.02691382 0.01744947 0.02339522 0.02882872 0.02051669 0.01375118 0.01497414 0.01992109 0.00876614 0.03444046 0.01599599 0.01992109 0.01144592 0.01992109 0.02882872 0.01664719 0.01242255 0.01454507 0.03525849 0.01898280 0.01871846 0.01992109 0.01144592 0.01992109 0.03139223 0.01999872 0.03184509 0.01992109 0.02172493 0.01992109 0.01810397 0.02101165 0.01263000 0.01493585 0.02951631 0.01992109 0.02000897 0.01683033 0.01835767 0.03382928 0.01871846 0.01992109 0.01157438 0.01992109 0.01921283 0.01751746 0.02882872 0.00951937 0.01497414 0.02323274 0.01871846 0.02408412 0.02186962 0.01497414 0.02206949 0.01871846 0.03393072 0.04302148 0.01654870 0.04001507 0.01871846 0.01410634 0.02070965 0.03867727 0.01148288 0.01344293 0.02374978 0.03273227 0.03911656 0.02295126 0.03277409 0.01992109 0.01550354 0.02644550 0.03152091 0.02821464 0.02120900 0.01992109 0.02697674 0.01433137 0.01435193 0.01144592 0.01935035 0.01871846 0.02882872 0.01992109 0.02975031 0.01144592 0.01960694 0.02492000 0.03785971 0.01105567 0.01451142 0.01740584 0.01941031 0.03714247 0.01734248 0.02338268 0.02431684 0.01871846 0.01992109 0.02154632 0.01992109 0.02949807 0.01693584 0.03044567 0.02261188 0.01871846 0.01974202 0.01643585 0.02297567 0.02912120 0.01497414 0.01244202 0.01144592 0.01992109 0.01497414 0.01378823 0.01992109 0.01992109 0.01871846 0.01253087 0.01527022 0.01630149 0.01065856 0.01613269 0.03784445 0.02000626 0.01711635 0.02459530 0.03958411 0.02537714 0.01527022 0.01331612 0.01054175 0.02583231 0.03695888 0.03321185 0.03083219 0.01527022 0.03249699 0.01837844 
0.01426536 0.02012034 0.01284440 0.01300267 0.02300268 0.01013553 0.02400850 0.01884157 0.01071927 0.03179459 0.01871846 0.00000000 0.00905592 0.02122174 0.02122174 0.02122174 0.03294371 0.03294371 0.03525414 0.03294371 0.01978281 0.03525414 0.00883951 0.03137710 0.02954225 0.01128670 0.03265874 0.02149764 0.02131058 0.03294371 0.02122174 0.01134507 0.00540791 0.01024441 0.02122174 0.03179459 0.02122174 0.03265874 0.01342141 0.02570384 0.02370820 0.02266193 0.02577655 0.03525414 0.02122174 0.03179459 0.02122174 0.01208195 0.01728865 0.02648630 0.02122174 0.01816053 0.02122174 0.02584762 0.00641693 0.01675208 0.01565250 0.01968065 0.02122174 0.01911626 0.02216494 0.01429234 0.01946051 0.03525414 0.02122174 0.01893597 0.02122174 0.01633458 0.01981388 0.03265874 0.01476952 0.03294371 0.03341625 0.03525414 0.03064118 0.01183859 0.03294371 0.01867466 0.03525414 0.00978003 0.01301058 0.01567120 0.01175026 0.03525414 0.03238881 0.02157270 0.01206864 0.02977113 0.03274718 0.01156942 0.01511584 0.01382358 0.01464195 0.01269133 0.02122174 0.00833637 0.01224023 0.01167275 0.01797544 0.03377037 0.02122174 0.01568761 0.03066248 0.01280315 0.03179459 0.02280079 0.03525414 0.03265874 0.02122174 0.02912927 0.03179459 0.02428492 0.00964633 0.02083431 0.02803514 0.03185699 0.01705819 0.01531396 0.01882223 0.01381039 0.02461905 0.00930803 0.03525414 0.02122174 0.02144997 0.02122174 0.01506814 0.01824078 0.01545589 0.00786805 0.03525414 0.01884825 0.01653491 0.01797470 0.01876067 0.03294371 0.01273861 0.03179459 0.02122174 0.03294371 0.03065849 0.02122174 0.02122174 0.03525414 0.02407113 0.03118103 0.01436719 0.01575671 0.01495844 0.01097415 0.00654824 0.01945518 0.01489458 0.00965059 0.01454648 0.03118103 0.01744587 0.01111235 0.02678988 0.00437111 0.00842758 0.01785253 0.03118103 0.00000000 0.02051414 
0.04200964 0.02480433 0.01904292 0.01817984 0.01948670 0.05849295 0.03290335 0.02161442 0.00030172 0.01240319 0.01179807 0.00905592 0.00000000 0.02215019 0.02215019 0.02215019 0.01186007 0.01186007 0.00905592 0.01186007 0.02265589 0.00905592 0.02546187 0.01261883 0.01268721 0.02037034 0.01252381 0.02607434 0.03011854 0.01186007 0.02215019 0.02292691 0.02825466 0.02832041 0.02215019 0.01240319 0.02215019 0.01252381 0.01741489 0.02857500 0.02032257 0.02414412 0.01065145 0.00905592 0.02215019 0.01240319 0.02215019 0.02510872 0.03659020 0.00898060 0.02215019 0.03488038 0.02215019 0.01961624 0.02320328 0.02310162 0.02523562 0.01812114 0.02215019 0.01643058 0.03989777 0.02779036 0.02345521 0.00905592 0.02215019 0.01783264 0.02215019 0.03673265 0.02069437 0.01252381 0.03113788 0.01186007 0.01087322 0.00905592 0.01773984 0.01499342 0.01186007 0.00835917 0.00905592 0.03226170 0.01580852 0.03191117 0.01968124 0.00905592 0.01194344 0.02107326 0.03271658 0.01397518 0.01194189 0.02764868 0.02595894 0.02003000 0.01806781 0.04075619 0.02215019 0.05292921 0.01860464 0.02084357 0.00904486 0.01000583 0.02215019 0.01522616 0.01009870 0.01719470 0.01240319 0.02037734 0.00905592 0.01252381 0.02215019 0.03066139 0.01240319 0.00669784 0.02959954 0.02598586 0.01236333 0.01298878 0.03300307 0.01851394 0.01407790 0.02870978 0.02122500 0.05911288 0.00905592 0.02215019 0.03991936 0.02215019 0.05041201 0.01841888 0.02141170 0.06445479 0.00905592 0.02664047 0.01845550 0.02319905 0.01099658 0.01186007 0.01656567 0.01240319 0.02215019 0.01186007 0.01352742 0.02215019 0.02215019 0.00905592 0.01751346 0.01286608 0.02195777 0.03306109 0.02134659 0.01720230 0.02523729 0.05420365 0.02154007 0.03157852 0.00948542 0.01286608 0.03482436 0.04187897 0.01924898 0.03100747 0.03705993 0.01400198 0.01286608 0.02792822 0.02066010 
0.02121239 0.01907037 0.01768043 0.02333831 0.02014712 0.02169003 0.01951399 0.02014022 0.02009489 0.02188807 0.01992109 0.02122174 0.02215019 0.00000000 0.02423831 0.02423831 0.02146090 0.02146090 0.02122174 0.02146090 0.01943818 0.02122174 0.02229837 0.02248950 0.02070639 0.01854734 0.02190609 0.01893284 0.01999781 0.02146090 0.02423831 0.02160971 0.02146646 0.01848388 0.02423831 0.02188807 0.02423831 0.02190609 0.02277755 0.02135980 0.02129986 0.02050615 0.01970733 0.02122174 0.02423831 0.02188807 0.02423831 0.01823908 0.01998056 0.01965210 0.02423831 0.01942122 0.02423831 0.01989870 0.02069082 0.01899678 0.02039541 0.01867149 0.02423831 0.02034464 0.01926916 0.02021868 0.02102672 0.02122174 0.02423831 0.02008578 0.02423831 0.01899724 0.02489015 0.02190609 0.01858306 0.02146090 0.02112701 0.02122174 0.02150573 0.01865003 0.02146090 0.01842354 0.02122174 0.02222410 0.01897278 0.01891637 0.01840048 0.02122174 0.02174160 0.01973201 0.01802211 0.02314592 0.02159701 0.01801318 0.02007988 0.02284519 0.01813854 0.01916234 0.02423831 0.02215959 0.01921034 0.01918989 0.02107135 0.02113292 0.02423831 0.01908341 0.02050652 0.02254707 0.02188807 0.02015103 0.02122174 0.02190609 0.02423831 0.02040837 0.02188807 0.02031916 0.01880297 0.01877473 0.02080520 0.02166190 0.01932131 0.01938265 0.01984508 0.01995369 0.01941471 0.01834015 0.02122174 0.02423831 0.01910924 0.02423831 0.01953865 0.01837104 0.01920860 0.02082178 0.02122174 0.01850379 0.02372787 0.01982072 0.02082658 0.02146090 0.02270088 0.02188807 0.02423831 0.02146090 0.02223248 0.02423831 0.02423831 0.02122174 0.01984783 0.02259139 0.02055829 0.02076684 0.02039207 0.02004893 0.01957943 0.02096894 0.02040362 0.02014018 0.02028400 0.02259139 0.02085986 0.01995686 0.02205396 0.01925510 0.01987860 0.02057649 0.02259139 0.01859264 0.02465624 
0.02121239 0.01907037 0.01768043 0.02333831 0.02014712 0.02169003 0.01951399 0.02014022 0.02009489 0.02188807 0.01992109 0.02122174 0.02215019 0.02423831 0.00000000 0.02423831 0.02146090 0.02146090 0.02122174 0.02146090 0.01943818 0.02122174 0.02229837 0.02248950 0.02070639 0.01854734 0.02190609 0.01893284 0.01999781 0.02146090 0.02423831 0.02160971 0.02146646 0.01848388 0.02423831 0.02188807 0.02423831 0.02190609 0.02277755 0.02135980 0.02129986 0.02050615 0.01970733 0.02122174 0.02423831 0.02188807 0.02423831 0.01823908 0.01998056 0.01965210 0.02423831 0.01942122 0.02423831 0.01989870 0.02069082 0.01899678 0.02039541 0.01867149 0.02423831 0.02034464 0.01926916 0.02021868 0.02102672 0.02122174 0.02423831 0.02008578 0.02423831 0.01899724 0.02489015 0.02190609 0.01858306 0.02146090 0.02112701 0.02122174 0.02150573 0.01865003 0.02146090 0.01842354 0.02122174 0.02222410 0.01897278 0.01891637 0.01840048 0.02122174 0.02174160 0.01973201 0.01802211 0.02314592 0.02159701 0.01801318 0.02007988 0.02284519 0.01813854 0.01916234 0.02423831 0.02215959 0.01921034 0.01918989 0.02107135 0.02113292 0.02423831 0.01908341 0.02050652 0.02254707 0.02188807 0.02015103 0.02122174 0.02190609 0.02423831 0.02040837 0.02188807 0.02031916 0.01880297 0.01877473 0.02080520 0.02166190 0.01932131 0.01938265 0.01984508 0.01995369 0.01941471 0.01834015 0.02122174 0.02423831 0.01910924 0.02423831 0.01953865 0.01837104 0.01920860 0.02082178 0.02122174 0.01850379 0.02372787 0.01982072 0.02082658 0.02146090 0.02270088 0.02188807 0.02423831 0.02146090 0.02223248 0.02423831 0.02423831 0.02122174 0.01984783 0.02259139 0.02055829 0.02076684 0.02039207 0.02004893 0.01957943 0.02096894 0.02040362 0.02014018 0.02028400 0.02259139 0.02085986 0.01995686 0.02205396 0.01925510 0.01987860 0.02057649 0.02259139 0.01859264 0.02465624 
0.02121239 0.01907037 0.01768043 0.02333831 0.02014712 0.02169003 0.01951399 0.02014022 0.02009489 0.02188807 0.01992109 0.02122174 0.02215019 0.02423831 0.02423831 0.00000000 0.02146090 0.02146090 0.02122174 0.02146090 0.01943818 0.02122174 0.02229837 0.02248950 0.02070639 0.01854734 0.02190609 0.01893284 0.01999781 0.02146090 0.02423831 0.02160971 0.02146646 0.01848388 0.02423831 0.02188807 0.02423831 0.02190609 0.02277755 0.02135980 0.02129986 0.02050615 0.01970733 0.02122174 0.02423831 0.02188807 0.02423831 0.01823908 0.01998056 0.01965210 0.02423831 0.01942122 0.02423831 0.01989870 0.02069082 0.01899678 0.02039541 0.01867149 0.02423831 0.02034464 0.01926916 0.02021868 0.02102672 0.02122174 0.02423831 0.02008578 0.02423831 0.01899724 0.02489015 0.02190609 0.01858306 0.02146090 0.02112701 0.02122174 0.02150573 0.01865003 0.02146090 0.01842354 0.02122174 0.02222410 0.01897278 0.01891637 0.01840048 0.02122174 0.02174160 0.01973201 0.01802211 0.02314592 0.02159701 0.01801318 0.02007988 0.02284519 0.01813854 0.01916234 0.02423831 0.02215959 0.01921034 0.01918989 0.02107135 0.02113292 0.02423831 0.01908341 0.02050652 0.02254707 0.02188807 0.02015103 0.02122174 0.02190609 0.02423831 0.02040837 0.02188807 0.02031916 0.01880297 0.01877473 0.02080520 0.02166190 0.01932131 0.01938265 0.01984508 0.01995369 0.01941471 0.01834015 0.02122174 0.02423831 0.01910924 0.02423831 0.01953865 0.01837104 0.01920860 0.02082178 0.02122174 0.01850379 0.02372787 0.01982072 0.02082658 0.02146090 0.02270088 0.02188807 0.02423831 0.02146090 0.02223248 0.02423831 0.02423831 0.02122174 0.01984783 0.02259139 0.02055829 0.02076684 0.02039207 0.02004893 0.01957943 0.02096894 0.02040362 0.02014018 0.02028400 0.02259139 0.02085986 0.01995686 0.02205396 0.01925510 0.01987860 0.02057649 0.02259139 0.01859264 0.02465624 
0.01688530 0.01719861 0.01123902 0.01491081 0.01969824 0.01314838 0.02208459 0.01497461 0.01509913 0.02703796 0.01497414 0.03294371 0.01186007 0.02146090 0.02146090 0.02146090 0.00000000 0.03556296 0.03294371 0.03556296 0.02421607 0.03294371 0.01142885 0.02652751 0.02698924 0.01629126 0.02790886 0.02023166 0.02546758 0.03556296 0.02146090 0.01447709 0.00883119 0.00685869 0.02146090 0.02703796 0.02146090 0.02790886 0.01497615 0.02121192 0.02625324 0.01852036 0.02424504 0.03294371 0.02146090 0.02703796 0.02146090 0.00979198 0.01285112 0.02505756 0.02146090 0.02299350 0.02146090 0.02370651 0.01029374 0.02163225 0.00973852 0.01839602 0.02146090 0.01506344 0.01997516 0.01824892 0.01262564 0.03294371 0.02146090 0.02240851 0.02146090 0.02123991 0.02042048 0.02790886 0.02000917 0.03556296 0.03123942 0.03294371 0.03359901 0.00892643 0.03556296 0.01754529 0.03294371 0.01316259 0.00960458 0.02071042 0.00926527 0.03294371 0.03504204 0.02579785 0.01262246 0.02665324 0.03228428 0.01226035 0.01050830 0.01529263 0.01291104 0.00899542 0.02146090 0.01138570 0.00885408 0.00659542 0.02147167 0.03146266 0.02146090 0.02042403 0.02863271 0.01443319 0.02703796 0.02685540 0.03294371 0.02790886 0.02146090 0.02711614 0.02703796 0.02807065 0.00514894 0.01954805 0.03128518 0.03419933 0.01445929 0.01218658 0.01512702 0.00924555 0.02274495 0.01450382 0.03294371 0.02146090 0.01942270 0.02146090 0.01232237 0.01697398 0.01210861 0.01151135 0.03294371 0.01752252 0.01753695 0.02193266 0.01454819 0.03556296 0.01441921 0.02703796 0.02146090 0.03556296 0.02527566 0.02146090 0.02146090 0.03294371 0.02437805 0.03329102 0.01768025 0.01891582 0.01812383 0.01457490 0.01046073 0.02261236 0.01828499 0.01338433 0.01813373 0.03329102 0.02054052 0.01467924 0.02892379 0.00840164 0.01220590 0.02087160 0.03329102 0.00400516 0.02107070 
0.01688530 0.01719861 0.01123902 0.01491081 0.01969824 0.01314838 0.02208459 0.01497461 0.01509913 0.02703796 0.01497414 0.03294371 0.01186007 0.02146090 0.02146090 0.02146090 0.03556296 0.00000000 0.03294371 0.03556296 0.02421607 0.03294371 0.01142885 0.02652751 0.02698924 0.01629126 0.02790886 0.02023166 0.02546758 0.03556296 0.02146090 0.01447709 0.00883119 0.00685869 0.02146090 0.02703796 0.02146090 0.02790886 0.01497615 0.02121192 0.02625324 0.01852036 0.02424504 0.03294371 0.02146090 0.02703796 0.02146090 0.00979198 0.01285112 0.02505756 0.02146090 0.02299350 0.02146090 0.02370651 0.01029374 0.02163225 0.00973852 0.01839602 0.02146090 0.01506344 0.01997516 0.01824892 0.01262564 0.03294371 0.02146090 0.02240851 0.02146090 0.02123991 0.02042048 0.02790886 0.02000917 0.03556296 0.03123942 0.03294371 0.03359901 0.00892643 0.03556296 0.01754529 0.03294371 0.01316259 0.00960458 0.02071042 0.00926527 0.03294371 0.03504204 0.02579785 0.01262246 0.02665324 0.03228428 0.01226035 0.01050830 0.01529263 0.01291104 0.00899542 0.02146090 0.01138570 0.00885408 0.00659542 0.02147167 0.03146266 0.02146090 0.02042403 0.02863271 0.01443319 0.02703796 0.02685540 0.03294371 0.02790886 0.02146090 0.02711614 0.02703796 0.02807065 0.00514894 0.01954805 0.03128518 0.03419933 0.01445929 0.01218658 0.01512702 0.00924555 0.02274495 0.01450382 0.03294371 0.02146090 0.01942270 0.02146090 0.01232237 0.01697398 0.01210861 0.01151135 0.03294371 0.01752252 0.01753695 0.02193266 0.01454819 0.03556296 0.01441921 0.02703796 0.02146090 0.03556296 0.02527566 0.02146090 0.02146090 0.03294371 0.02437805 0.03329102 0.01768025 0.01891582 0.01812383 0.01457490 0.01046073 0.02261236 0.01828499 0.01338433 0.01813373 0.03329102 0.02054052 0.01467924 0.02892379 0.00840164 0.01220590 0.02087160 0.03329102 0.00400516 0.02107070 
0.01426536 0.02012034 0.01284440 0.01300267 0.02300268 0.01013553 0.02400850 0.01884157 0.01071927 0.03179459 0.01871846 0.03525414 0.00905592 0.02122174 0.02122174 0.02122174 0.03294371 0.03294371 0.00000000 0.03294371 0.01978281 0.03525414 0.00883951 0.03137710 0.02954225 0.01128670 0.03265874 0.02149764 0.02131058 0.03294371 0.02122174 0.01134507 0.00540791 0.01024441 0.02122174 0.03179459 0.02122174 0.03265874 0.01342141 0.02570384 0.02370820 0.02266193 0.02577655 0.03525414 0.02122174 0.03179459 0.02122174 0.01208195 0.01728865 0.02648630 0.02122174 0.01816053 0.02122174 0.02584762 0.00641693 0.01675208 0.01565250 0.01968065 0.02122174 0.01911626 0.02216494 0.01429234 0.01946051 0.03525414 0.02122174 0.01893597 0.02122174 0.01633458 0.01981388 0.03265874 0.01476952 0.03294371 0.03341625 0.03525414 0.03064118 0.01183859 0.03294371 0.01867466 0.03525414 0.00978003 0.01301058 0.01567120 0.01175026 0.03525414 0.03238881 0.02157270 0.01206864 0.02977113 0.03274718 0.01156942 0.01511584 0.01382358 0.01464195 0.01269133 0.02122174 0.00833637 0.01224023 0.01167275 0.01797544 0.03377037 0.02122174 0.01568761 0.03066248 0.01280315 0.03179459 0.02280079 0.03525414 0.03265874 0.02122174 0.02912927 0.03179459 0.02428492 0.00964633 0.02083431 0.02803514 0.03185699 0.01705819 0.01531396 0.01882223 0.01381039 0.02461905 0.00930803 0.03525414 0.02122174 0.02144997 0.02122174 0.01506814 0.01824078 0.01545589 0.00786805 0.03525414 0.01884825 0.01653491 0.01797470 0.01876067 0.03294371 0.01273861 0.03179459 0.02122174 0.03294371 0.03065849 0.02122174 0.02122174 0.03525414 0.02407113 0.03118103 0.01436719 0.01575671 0.01495844 0.01097415 0.00654824 0.01945518 0.01489458 0.00965059 0.01454648 0.03118103 0.01744587 0.01111235 0.02678988 0.00437111 0.00842758 0.01785253 0.03118103 0.00000000 0.02051414 
0.01688530 0.01719861 0.01123902 0.01491081 0.01969824 0.01314838 0.02208459 0.01497461 0.01509913 0.02703796 0.01497414 0.03294371 0.01186007 0.02146090 0.02146090 0.02146090 0.03556296 0.03556296 0.03294371 0.00000000 0.02421607 0.03294371 0.01142885 0.02652751 0.02698924 0.01629126 0.02790886 0.02023166 0.02546758 0.03556296 0.02146090 0.01447709 0.00883119 0.00685869 0.02146090 0.02703796 0.02146090 0.02790886 0.01497615 0.02121192 0.02625324 0.01852036 0.02424504 0.03294371 0.02146090 0.02703796 0.02146090 0.00979198 0.01285112 0.02505756 0.02146090 0.02299350 0.02146090 0.02370651 0.01029374 0.02163225 0.00973852 0.01839602 0.02146090 0.01506344 0.01997516 0.01824892 0.01262564 0.03294371 0.02146090 0.02240851 0.02146090 0.02123991 0.02042048 0.02790886 0.02000917 0.03556296 0.03123942 0.03294371 0.03359901 0.00892643 0.03556296 0.01754529 0.03294371 0.01316259 0.00960458 0.02071042 0.00926527 0.03294371 0.03504204 0.02579785 0.01262246 0.02665324 0.03228428 0.01226035 0.01050830 0.01529263 0.01291104 0.00899542 0.02146090 0.01138570 0.00885408 0.00659542 0.02147167 0.03146266 0.02146090 0.02042403 0.02863271 0.01443319 0.02703796 0.02685540 0.03294371 0.02790886 0.02146090 0.02711614 0.02703796 0.02807065 0.00514894 0.01954805 0.03128518 0.03419933 0.01445929 0.01218658 0.01512702 0.00924555 0.02274495 0.01450382 0.03294371 0.02146090 0.01942270 0.02146090 0.01232237 0.01697398 0.01210861 0.01151135 0.03294371 0.01752252 0.01753695 0.02193266 0.01454819 0.03556296 0.01441921 0.02703796 0.02146090 0.03556296 0.02527566 0.02146090 0.02146090 0.03294371 0.02437805 0.03329102 0.01768025 0.01891582 0.01812383 0.01457490 0.01046073 0.02261236 0.01828499 0.01338433 0.01813373 0.03329102 0.02054052 0.01467924 0.02892379 0.00840164 0.01220590 0.02087160 0.03329102 0.00400516 0.02107070 
0.03093995 0.01523604 0.02688285 0.01983077 0.01998687 0.00985360 0.02792823 0.02029063 0.01539047 0.01755479 0.01602905 0.01978281 0.02265589 0.01943818 0.01943818 0.01943818 0.02421607 0.02421607 0.01978281 0.02421607 0.00000000 0.01978281 0.02703600 0.01707746 0.02097068 0.02748500 0.01829980 0.02864602 0.01117577 0.02421607 0.01943818 0.04525404 0.03063353 0.02690219 0.01943818 0.01755479 0.01943818 0.01829980 0.01792796 0.02005454 0.01766625 0.01688757 0.01406591 0.01978281 0.01943818 0.01755479 0.01943818 0.01538828 0.03515545 0.00919665 0.01943818 0.01100389 0.01943818 0.01695442 0.01351170 0.01464691 0.01269069 0.03108627 0.01943818 0.01159690 0.03003657 0.01874019 0.00600494 0.01978281 0.01943818 0.01638994 0.01943818 0.02848577 0.01917975 0.01829980 0.02676174 0.02421607 0.01761400 0.01978281 0.02978791 0.03409642 0.02421607 0.03013220 0.01978281 0.02299744 0.01821216 0.03942035 0.01737724 0.01978281 0.02336132 0.01732024 0.00717899 0.01816765 0.02180685 0.03301883 0.03049183 0.01749433 0.01557325 0.02993851 0.01943818 0.02824019 0.01641822 0.01074332 0.01654750 0.01815887 0.01943818 0.03137973 0.01568090 0.01764556 0.01755479 0.01572242 0.01978281 0.01829980 0.01943818 0.03079418 0.01755479 0.02115768 0.03544398 0.02158036 0.02631918 0.02287842 0.05272006 0.03762201 0.00959628 0.01130508 0.00868974 0.02879385 0.01978281 0.01943818 0.01693057 0.01943818 0.02998109 0.01905027 0.01789059 0.03889698 0.01978281 0.00805032 0.01732766 0.03502388 0.00499613 0.02421607 0.02608966 0.01755479 0.01943818 0.02421607 0.01636779 0.01943818 0.01943818 0.01978281 0.00927383 0.02312174 0.01227560 0.03910354 0.01538503 0.01087779 0.01508150 0.03556237 0.01019204 0.00814117 0.04339337 0.02312174 0.02208308 0.02165229 0.02926647 0.02477958 0.04626754 0.01567265 0.02312174 0.02870672 0.01913821 
0.01426536 0.02012034 0.01284440 0.01300267 0.02300268 0.01013553 0.02400850 0.01884157 0.01071927 0.03179459 0.01871846 0.03525414 0.00905592 0.02122174 0.02122174 0.02122174 0.03294371 0.03294371 0.03525414 0.03294371 0.01978281 0.00000000 0.00883951 0.03137710 0.02954225 0.01128670 0.03265874 0.02149764 0.02131058 0.03294371 0.02122174 0.01134507 0.00540791 0.01024441 0.02122174 0.03179459 0.02122174 0.03265874 0.01342141 0.02570384 0.02370820 0.02266193 0.02577655 0.03525414 0.02122174 0.03179459 0.02122174 0.01208195 0.01728865 0.02648630 0.02122174 0.01816053 0.02122174 0.02584762 0.00641693 0.01675208 0.01565250 0.01968065 0.02122174 0.01911626 0.02216494 0.01429234 0.01946051 0.03525414 0.02122174 0.01893597 0.02122174 0.01633458 0.01981388 0.03265874 0.01476952 0.03294371 0.03341625 0.03525414 0.03064118 0.01183859 0.03294371 0.01867466 0.03525414 0.00978003 0.01301058 0.01567120 0.01175026 0.03525414 0.03238881 0.02157270 0.01206864 0.02977113 0.03274718 0.01156942 0.01511584 0.01382358 0.01464195 0.01269133 0.02122174 0.00833637 0.01224023 0.01167275 0.01797544 0.03377037 0.02122174 0.01568761 0.03066248 0.01280315 0.03179459 0.02280079 0.03525414 0.03265874 0.02122174 0.02912927 0.03179459 0.02428492 0.00964633 0.02083431 0.02803514 0.03185699 0.01705819 0.01531396 0.01882223 0.01381039 0.02461905 0.00930803 0.03525414 0.02122174 0.02144997 0.02122174 0.01506814 0.01824078 0.01545589 0.00786805 0.03525414 0.01884825 0.01653491 0.01797470 0.01876067 0.03294371 0.01273861 0.03179459 0.02122174 0.03294371 0.03065849 0.02122174 0.02122174 0.03525414 0.02407113 0.03118103 0.01436719 0.01575671 0.01495844 0.01097415 0.00654824 0.01945518 0.01489458 0.00965059 0.01454648 0.03118103 0.01744587 0.01111235 0.02678988 0.00437111 0.00842758 0.01785253 0.03118103 0.00000000 0.02051414 
