0.00000000 0.09068437 0.09477703 0.07159413 0.07585884 0.05937952 0.08200361 0.06864507 0.07609599 0.06820933 0.08341095 0.06712970 0.08228065 0.08058743 0.05205185 0.06227903 0.06914027 0.07973440 0.07158554 0.06319098 0.06677577 0.05478982 0.06447874 0.05108332 0.07361507 0.08566833 0.05168181 0.06459552 0.05675108 0.05901086 0.05721743 0.05715463 0.04952026 0.04969496 0.06942569 0.06214502 0.06323559 0.04646394 0.07110213 0.05976985 0.07506563 0.06698832 0.05157289 0.06321055 0.07032796 0.05132473 0.04695346 0.04025704 0.03682072 0.05593607 0.05772929 0.05113090 0.05145523 0.05953941 0.04699688 0.04448675 0.05691342 0.06950777 0.03928919 0.05842839 0.04277392 0.06118443 0.05273406 0.04982430 0.08578204 0.03350280 0.06035735 0.06522696 0.06203543 0.06555487 0.05380018 0.04699407 0.07142131 0.04449328 0.03466958 0.04164857 0.07266610 0.06573450 0.06044256 0.06185900 0.06929554 0.06221789 0.06127128 0.07435033 0.05724754 0.05781661 0.05489316 0.05520166 0.04777757 0.04753682 0.04768070 0.05823938 0.04017863 0.04997884 0.08008605 0.06561418 0.07646774 0.04967113 0.05210916 0.04028338 0.04678670 0.06051491 0.05943960 0.04241750 0.04198492 0.04317620 0.08380909 0.05612290 0.05283895 0.04214161 0.04862320 0.05036246 0.06659581 0.06058256 0.03871024 0.05584719 0.05825432 0.04791216 0.05842967 0.06766816 0.08116040 0.03941857 0.03728728 0.04121523 0.04192557 0.04237412 0.05487954 0.05979112 0.03849140 0.04766110 0.06321766 0.06870564 0.07098558 0.08293330 0.07661105 0.07024713 0.08689353 0.06769435 0.08592918 0.07208434 0.07806009 0.06477405 0.06694508 0.09097225 0.10191307 0.10947444 0.10460830 
0.09068437 0.00000000 0.08806101 0.04398669 0.08349309 0.03860845 0.08432127 0.06137009 0.06233169 0.06993563 0.09025463 0.05449911 0.06283972 0.06825859 0.02914674 0.04162282 0.05672185 0.07587036 0.05429296 0.04254576 0.05134281 0.04166537 0.05649974 0.05027827 0.06096720 0.07958161 0.05305717 0.06282119 0.06728568 0.04953836 0.06625214 0.06456538 0.05060956 0.03778078 0.06531763 0.06954626 0.03905542 0.03618025 0.07299071 0.08062482 0.08376807 0.08244151 0.06029098 0.06071427 0.07499497 0.04319445 0.04675844 0.02622982 0.03290758 0.06029103 0.07421707 0.05361472 0.04681268 0.07459941 0.02703657 0.06390501 0.03691765 0.06805542 0.03238744 0.03919199 0.03032579 0.06006610 0.05088454 0.07012554 0.07750538 0.01630929 0.05613748 0.04909975 0.09100596 0.05462291 0.06399798 0.03389779 0.05623825 0.05716072 0.03192098 0.03566274 0.05570693 0.06449794 0.05774061 0.05508946 0.08151978 0.07292948 0.06977256 0.08135507 0.04536531 0.07573816 0.06631604 0.04461936 0.06241740 0.03607679 0.04256744 0.06920530 0.04971295 0.04748429 0.05474695 0.06412662 0.05362376 0.07427479 0.06317613 0.03507577 0.03263742 0.06979275 0.05494842 0.05149223 0.02846730 0.05938430 0.06450681 0.06519880 0.06888555 0.04941291 0.05088749 0.04228976 0.06650684 0.07419431 0.03078685 0.05738883 0.06606520 0.04896291 0.06117382 0.06652893 0.08193627 0.04550712 0.05189594 0.05885868 0.04982166 0.05692693 0.04935724 0.06500180 0.03371618 0.04962670 0.07022940 0.08156729 0.08382991 0.10459923 0.10337562 0.09128022 0.08022152 0.09046018 0.09912405 0.09905731 0.11256697 0.06643820 0.06967175 0.11102562 0.11389466 0.09634096 0.10248799 
0.09477703 0.08806101 0.00000000 0.08449779 0.06714152 0.08757491 0.07029445 0.06073673 0.07154928 0.05762553 0.06268257 0.06268205 0.07393354 0.09103554 0.05699164 0.06631982 0.05845150 0.07372477 0.07207909 0.06317952 0.07659059 0.05636478 0.07568701 0.06185411 0.05567730 0.06946334 0.06444586 0.06363721 0.07740516 0.04616878 0.06591342 0.06090247 0.07061232 0.07961036 0.04839558 0.06342016 0.06443025 0.06965012 0.05639039 0.05042697 0.07457639 0.07119627 0.04596956 0.05937269 0.06565489 0.05387487 0.07397396 0.05259186 0.04464473 0.05050362 0.06086700 0.04268896 0.05861681 0.05967531 0.06379282 0.05843970 0.05973546 0.06045171 0.04729662 0.05465495 0.05508351 0.05601908 0.06668504 0.06646765 0.06597546 0.04839621 0.04571894 0.06665793 0.07831433 0.09398128 0.06055888 0.05711283 0.05280149 0.04979854 0.04951447 0.06058530 0.06895105 0.06341406 0.06624685 0.05272608 0.06708266 0.04781574 0.06408106 0.06576931 0.03488185 0.04474852 0.05779584 0.04997043 0.04456514 0.04626762 0.04589388 0.05629177 0.06131942 0.06389427 0.06920349 0.07203921 0.05323530 0.06317363 0.04482990 0.05065499 0.05323574 0.04805363 0.05165788 0.04125675 0.08092947 0.05891875 0.06221243 0.04570652 0.04495957 0.03473269 0.04966984 0.06160673 0.05005717 0.05792706 0.04069884 0.04895029 0.05964600 0.04907342 0.04666960 0.04810112 0.07168617 0.04406286 0.03505075 0.04930410 0.05207297 0.05215558 0.05387095 0.04630311 0.06321696 0.05106411 0.07338547 0.06393822 0.06463221 0.07719544 0.07506233 0.07805958 0.08301767 0.07252505 0.07183464 0.07529110 0.06998241 0.07997044 0.07871043 0.06670514 0.07558463 0.08403897 0.07860412 
0.07159413 0.04398669 0.08449779 0.00000000 0.06925896 0.09887458 0.06231351 0.07032707 0.06277569 0.05085120 0.08270948 0.07426638 0.07210549 0.05754348 0.07112891 0.07802762 0.06385806 0.08672880 0.07601883 0.07861077 0.08095603 0.06606229 0.05826459 0.07239754 0.04618781 0.05014234 0.06100698 0.05676290 0.03142375 0.06491028 0.06219986 0.04796492 0.07978093 0.10352937 0.07423819 0.06629706 0.07385796 0.03168372 0.06404889 0.05469440 0.02783091 0.03443937 0.07801275 0.04772080 0.04117486 0.03807561 0.04637662 0.07407018 0.09162619 0.07969625 0.07912604 0.06614198 0.05236302 0.05115549 0.05184684 0.10788131 0.09787793 0.07850743 0.06946974 0.08808661 0.08498615 0.05598129 0.05687144 0.04216992 0.07727037 0.09930727 0.08477490 0.06177921 0.05647050 0.09253850 0.07797062 0.08264848 0.05997769 0.04300339 0.05211986 0.05500589 0.03993790 0.05777285 0.04809476 0.05852388 0.08578218 0.03420510 0.05805888 0.05878837 0.05750657 0.07412924 0.04819015 0.05352409 0.07262795 0.09306585 0.08919855 0.06547013 0.04968393 0.07763694 0.06656226 0.04521048 0.07309896 0.06201620 0.07042234 0.05983591 0.03715662 0.03390730 0.06687883 0.06298126 0.08231130 0.07618238 0.05359733 0.04687521 0.06895217 0.08351021 0.06246184 0.07949923 0.03514769 0.06002663 0.09415880 0.07870231 0.02622044 0.04765014 0.09811061 0.05943497 0.06147624 0.05087313 0.06836939 0.06930225 0.08124278 0.07438095 0.07160390 0.06399006 0.09512205 0.06511686 0.04174533 0.03952992 0.03828074 0.03141617 0.03171140 0.03268704 0.03144168 0.02712077 0.03350553 0.03006373 0.02172770 0.03983872 0.03671600 0.03155315 0.03531906 0.05304006 0.06045142 
0.07585884 0.08349309 0.06714152 0.06925896 0.00000000 0.09787783 0.05340763 0.06131124 0.07061654 0.05571495 0.05477089 0.05859058 0.04944525 0.05966224 0.07025747 0.05546111 0.07560190 0.06298791 0.05205913 0.04713549 0.06096168 0.06313209 0.03668125 0.06127865 0.05692737 0.08094371 0.03709228 0.07447082 0.09283383 0.04839290 0.04035224 0.04394680 0.02767832 0.05580040 0.06858986 0.09747617 0.06475671 0.08435928 0.04419651 0.07219467 0.10016679 0.08489335 0.05264493 0.06857995 0.05886021 0.04424662 0.05515981 0.08306820 0.06271345 0.07262571 0.06593650 0.05316976 0.04309628 0.04132843 0.03918166 0.09598759 0.04967787 0.08977802 0.06385739 0.05831924 0.04370987 0.05370953 0.06899450 0.05995539 0.05751749 0.04621512 0.07438889 0.06678450 0.07672241 0.04804253 0.05397438 0.06228447 0.03939648 0.07396086 0.06227139 0.05577022 0.02941368 0.06230598 0.06721946 0.07781002 0.06233248 0.06698221 0.05438776 0.07235645 0.02836316 0.05269687 0.07793466 0.10478391 0.05311996 0.04101048 0.05916509 0.04920332 0.05799468 0.03674562 0.05340986 0.06482192 0.07941780 0.08730134 0.04938429 0.03941692 0.04526025 0.04376733 0.05378255 0.04965497 0.03105427 0.04996696 0.06599804 0.08222295 0.04879622 0.09540180 0.05694544 0.05187806 0.03968153 0.07712156 0.07120416 0.07389072 0.07476024 0.03751984 0.04142791 0.06193272 0.06102506 0.10629645 0.05829686 0.05435744 0.03464117 0.07114721 0.02514813 0.07908861 0.00963180 0.05360862 0.06058325 0.06566001 0.07939499 0.08281494 0.08215896 0.06239820 0.07963674 0.07507337 0.07119530 0.07156444 0.07925965 0.06010062 0.08603436 0.07525078 0.07448068 0.06404837 0.06154607 
0.05937952 0.03860845 0.08757491 0.09887458 0.09787783 0.00000000 0.04133979 0.06403798 0.06322166 0.06889922 0.05849010 0.06680737 0.08709426 0.05687758 0.08642189 0.04466426 0.06097319 0.05772230 0.10399869 0.05041275 0.04335191 0.04411234 0.08539575 0.02855777 0.04847515 0.03061738 0.04623930 0.05453780 0.08876446 0.09474411 0.07918204 0.06714028 0.05947451 0.07818926 0.06117962 0.09340312 0.09019844 0.10565006 0.06339796 0.06384700 0.04096297 0.04998310 0.08682395 0.06155976 0.05121394 0.06053516 0.06712980 0.05836592 0.06323843 0.05609884 0.08770525 0.06978992 0.06556639 0.05460418 0.06735056 0.06014312 0.08970185 0.06371221 0.07763822 0.04996244 0.06355928 0.04288723 0.05342984 0.06484616 0.06653785 0.06836613 0.04103627 0.06467350 0.03493934 0.08607126 0.08182051 0.05842611 0.08505967 0.09097119 0.07023307 0.08841751 0.06087210 0.05210381 0.06635745 0.06590081 0.07766421 0.04656623 0.05196291 0.04675473 0.05120540 0.07017288 0.05561407 0.06057525 0.05821770 0.07857150 0.07016470 0.05536624 0.05903165 0.06006960 0.06710146 0.05967320 0.08383795 0.02548465 0.06066487 0.05570702 0.07551838 0.07404571 0.04677143 0.06662410 0.06823793 0.04494838 0.07268814 0.05020550 0.02584540 0.05744512 0.04799644 0.06729039 0.09053359 0.04809735 0.06868318 0.05276721 0.04626172 0.07433051 0.05414959 0.06038473 0.05669468 0.06564079 0.07890306 0.05877689 0.05479580 0.06345277 0.06635268 0.06767998 0.07344276 0.05557343 0.05546911 0.05036973 0.05428429 0.04939791 0.06362834 0.05654985 0.06610545 0.05493559 0.04338843 0.04262410 0.05450499 0.05495623 0.05442962 0.04066237 0.04806475 0.04139500 0.04348308 
0.08200361 0.08432127 0.07029445 0.06231351 0.05340763 0.04133979 0.00000000 0.07062666 0.06577028 0.07939070 0.05642040 0.07142002 0.06058043 0.07817621 0.05645854 0.05475607 0.05472021 0.08142631 0.04974760 0.05526051 0.05782530 0.04124416 0.03098892 0.07376700 0.04444487 0.05320730 0.06632102 0.06235874 0.06333739 0.07225119 0.06217806 0.04437327 0.07330369 0.07577328 0.07781155 0.04782871 0.10260136 0.05302017 0.06001963 0.06950740 0.07157924 0.05052908 0.07035847 0.05859905 0.06484271 0.03205087 0.05509224 0.06467829 0.04562635 0.04105923 0.07020789 0.04819667 0.09798232 0.07855804 0.06526870 0.05587003 0.03466525 0.04765639 0.05110443 0.03616821 0.06954771 0.05099849 0.08790481 0.06882396 0.06225999 0.06861351 0.07958352 0.07348175 0.05144323 0.05419582 0.08652697 0.06789284 0.06581643 0.07090547 0.09058036 0.06752142 0.06607225 0.05917983 0.06777465 0.05163728 0.09119411 0.07086443 0.04058796 0.05753122 0.08386952 0.05625229 0.08178392 0.04208924 0.02917863 0.06132105 0.05199947 0.05877014 0.04861560 0.06545482 0.09944033 0.02346436 0.04446212 0.06758589 0.05218124 0.04522601 0.06525493 0.06638813 0.07007322 0.08215878 0.08072164 0.06714025 0.05226671 0.05764586 0.06268724 0.04967260 0.08004594 0.04277352 0.03417226 0.05529186 0.07235410 0.02558804 0.06489491 0.09877625 0.06983221 0.04885930 0.05780048 0.04187673 0.06159381 0.05306898 0.07403115 0.02673861 0.06212546 0.05392695 0.06643561 0.04526221 0.07849660 0.08029539 0.06817609 0.07256910 0.06437664 0.06627408 0.06754562 0.06579800 0.06543681 0.06163067 0.06694983 0.06385395 0.07607793 0.06724352 0.06648953 0.05879722 0.06542177 
0.06864507 0.06137009 0.06073673 0.07032707 0.06131124 0.06403798 0.07062666 0.00000000 0.05578702 0.06835820 0.05763413 0.07857475 0.07382973 0.05465899 0.05836633 0.06499309 0.05933503 0.04778893 0.06771488 0.04652349 0.07069666 0.05516200 0.07058129 0.03991830 0.04633514 0.04191184 0.07337735 0.06519080 0.06061700 0.04398234 0.06596508 0.09483051 0.09057636 0.05125876 0.05095077 0.03758972 0.07135191 0.07339838 0.05760058 0.08485000 0.05498270 0.06137002 0.06472069 0.04912016 0.05680075 0.05262008 0.05240837 0.06707644 0.08994913 0.06557440 0.05300116 0.04807387 0.07189419 0.05474366 0.06604614 0.03417135 0.08558256 0.05231045 0.08281013 0.04987576 0.04361123 0.06427931 0.07989762 0.04711497 0.05348681 0.06534057 0.06257459 0.04660952 0.04562987 0.05801261 0.04951454 0.06890031 0.07080795 0.07842078 0.07127740 0.07700075 0.04200510 0.05139342 0.07761017 0.05540762 0.05743823 0.05273349 0.07515041 0.07722782 0.06538716 0.04992747 0.06466688 0.07283814 0.08601826 0.07062731 0.05705034 0.06631637 0.08028983 0.09644351 0.09682235 0.04333145 0.04624132 0.06125504 0.08699162 0.05909825 0.07422882 0.04726100 0.06155285 0.06132705 0.04642499 0.07757573 0.04240974 0.05472592 0.06290470 0.05582821 0.06903556 0.05645978 0.06840965 0.04827833 0.07620758 0.07889981 0.04391697 0.05765296 0.08486987 0.06614041 0.05005981 0.06010271 0.08335996 0.05039229 0.09582033 0.05706058 0.05651300 0.06326013 0.08410547 0.06403810 0.07197180 0.06519743 0.05261393 0.05429696 0.04824180 0.04709319 0.08783749 0.05684049 0.06625798 0.04722523 0.06583056 0.05628917 0.06006038 0.05078391 0.06277523 0.05571248 0.04851690 
0.07609599 0.06233169 0.07154928 0.06277569 0.07061654 0.06322166 0.06577028 0.05578702 0.00000000 0.06665367 0.05431150 0.06064703 0.07685657 0.07024499 0.03717317 0.04810725 0.05907309 0.07320134 0.07979562 0.07108005 0.06454297 0.05945842 0.06039670 0.08222747 0.07228888 0.10747077 0.06933555 0.08527950 0.06437960 0.03794239 0.07484625 0.04910262 0.07495864 0.06679123 0.09972586 0.04842842 0.07799376 0.09245900 0.07286838 0.05025175 0.07527668 0.05445872 0.06260142 0.08378157 0.07920951 0.06015833 0.05292400 0.04928272 0.03291557 0.02728788 0.03839233 0.04974600 0.04254875 0.08275675 0.04971050 0.04174871 0.05034963 0.06044627 0.05002990 0.06572036 0.04609792 0.06111954 0.04330418 0.10972725 0.09528821 0.05111992 0.05753003 0.05279078 0.05764053 0.06467786 0.06034372 0.05455119 0.05397318 0.04591364 0.05187508 0.03540158 0.06036263 0.06831451 0.04771721 0.06525767 0.06839710 0.05847698 0.07387174 0.07630011 0.04884799 0.05116570 0.03761449 0.05545902 0.05579628 0.10649328 0.05302315 0.05986936 0.04554308 0.05678540 0.05631647 0.08066086 0.06462775 0.04220073 0.03157346 0.03656119 0.06313058 0.03695086 0.05606823 0.05576879 0.03979289 0.06693974 0.05329628 0.05697678 0.04706999 0.04510418 0.04194961 0.04563212 0.06169014 0.05530853 0.04262389 0.04447719 0.06237002 0.04512393 0.06072139 0.06184330 0.08155030 0.04629686 0.04607627 0.03258253 0.06005905 0.05989790 0.03994707 0.05342149 0.03892420 0.03974135 0.06827721 0.06397150 0.08151471 0.09610489 0.08397529 0.07089327 0.07251039 0.07912369 0.08151912 0.07741313 0.07687555 0.07986078 0.07268754 0.09233578 0.07535301 0.07228743 0.07607814 
0.06820933 0.06993563 0.05762553 0.05085120 0.05571495 0.06889922 0.07939070 0.06835820 0.06665367 0.00000000 0.05984903 0.06402350 0.03933753 0.04708534 0.03459396 0.06791919 0.06782735 0.04837626 0.07439902 0.09812771 0.07080547 0.05260879 0.05740717 0.04925177 0.05350251 0.05075538 0.05268322 0.06522729 0.03850649 0.08343992 0.09452165 0.07230504 0.06531769 0.05725826 0.07204164 0.06868476 0.06566853 0.07247001 0.04615513 0.06195328 0.05206225 0.08538172 0.08601488 0.06367163 0.04377216 0.04611801 0.05477043 0.06207934 0.05474001 0.06690872 0.06618473 0.09764238 0.05858789 0.06327058 0.06760450 0.04421688 0.08145300 0.06599229 0.07879906 0.07489808 0.07947711 0.06613634 0.06521316 0.03677676 0.06611483 0.05915982 0.04977592 0.07794663 0.08071897 0.04731372 0.04051375 0.08382027 0.05030945 0.07666213 0.05816015 0.07168687 0.05768063 0.05623886 0.05771769 0.09684350 0.07467351 0.06528933 0.06868038 0.06887129 0.05442028 0.05024280 0.04475197 0.08111435 0.06336368 0.05445541 0.05797255 0.05599888 0.10114502 0.10170536 0.06778592 0.08940564 0.07623801 0.04240072 0.04840567 0.05504112 0.06109915 0.06542368 0.05705781 0.04310120 0.06800824 0.06220360 0.03668174 0.06351779 0.06033400 0.06728071 0.05950346 0.05919126 0.06748304 0.06664995 0.04383456 0.06125271 0.07214476 0.08275753 0.05279232 0.05684988 0.07257099 0.03052806 0.04606151 0.06709349 0.08283719 0.02412364 0.05893900 0.05748802 0.05535766 0.05078921 0.05353748 0.06368190 0.05919847 0.05663595 0.07082265 0.05151548 0.05116283 0.06299278 0.05889844 0.04989144 0.04861227 0.05647634 0.06048394 0.05344671 0.06610989 0.06129188 0.06869247 
0.08341095 0.09025463 0.06268257 0.08270948 0.05477089 0.05849010 0.05642040 0.05763413 0.05431150 0.05984903 0.00000000 0.08739613 0.05487327 0.10442763 0.04777216 0.05942933 0.07170623 0.09275146 0.05628340 0.05494264 0.05242550 0.08210030 0.07705654 0.06727695 0.06007680 0.07969524 0.11777762 0.05864695 0.03778826 0.04482350 0.03814773 0.04965967 0.03483889 0.04439742 0.04727359 0.05558082 0.03327775 0.03235126 0.04973864 0.05183491 0.05290097 0.04770739 0.04557652 0.05747632 0.09520740 0.04455671 0.07983951 0.04578809 0.05053870 0.06241546 0.05410509 0.05595568 0.04400674 0.04137833 0.04541962 0.05661786 0.06231818 0.05725560 0.04683536 0.05107000 0.05314350 0.07606445 0.07287763 0.11017654 0.06003320 0.05359528 0.04125601 0.09247453 0.04953713 0.05540142 0.07207689 0.04886860 0.05490473 0.03389967 0.04441113 0.06124080 0.07480936 0.06673732 0.05708706 0.04025488 0.06945366 0.05322426 0.08081387 0.04905305 0.08100462 0.05152961 0.07844214 0.07392332 0.08163785 0.13274306 0.06676687 0.03292499 0.03740184 0.06468246 0.04301507 0.11174913 0.07318046 0.04689361 0.03099291 0.03183518 0.04798100 0.07264105 0.07774803 0.04770595 0.06545476 0.05175212 0.03677341 0.05436056 0.06792555 0.05046738 0.06130541 0.05337928 0.08858765 0.05422338 0.04636284 0.05987549 0.05614491 0.03992551 0.05095590 0.07289102 0.06453650 0.07207193 0.04795822 0.07378663 0.06664874 0.09333105 0.06461300 0.07005140 0.05702514 0.06284780 0.04005580 0.06063670 0.05341785 0.07775565 0.06501996 0.06365148 0.05557365 0.06361118 0.06877704 0.08358789 0.06651055 0.04972833 0.05103069 0.08353005 0.08528144 0.07181791 0.07757265 
0.06712970 0.05449911 0.06268205 0.07426638 0.05859058 0.06680737 0.07142002 0.07857475 0.06064703 0.06402350 0.08739613 0.00000000 0.05907220 0.09181890 0.06437249 0.07813971 0.07338291 0.08336102 0.06534423 0.05816657 0.07658470 0.11787760 0.06504966 0.04655507 0.05629905 0.05571607 0.06572276 0.05495882 0.05924434 0.08245689 0.05119375 0.05132927 0.06148564 0.05163664 0.05861840 0.03500562 0.06621713 0.03880855 0.06926715 0.06126838 0.04842058 0.04658350 0.04511423 0.06925694 0.05663218 0.08536473 0.04588675 0.05342792 0.07169074 0.06780909 0.07000340 0.05354390 0.05266068 0.04802312 0.07166822 0.05758194 0.04666072 0.06247414 0.09298924 0.03644195 0.06896433 0.04293619 0.07690204 0.08213962 0.05561046 0.06080999 0.07301184 0.05277291 0.04690213 0.08211018 0.03316495 0.04684560 0.05170669 0.05529075 0.06936685 0.08608777 0.02548972 0.05934934 0.03844819 0.04964688 0.03928497 0.08952508 0.06391194 0.03687080 0.10719780 0.05301614 0.03481126 0.07432834 0.02825595 0.06665261 0.07553562 0.04196721 0.04730912 0.04512024 0.04734893 0.03334820 0.13870972 0.06064781 0.10122316 0.06400685 0.06281930 0.04583377 0.05558792 0.09979003 0.08554148 0.02764482 0.06451849 0.04407040 0.08225219 0.06802934 0.08478663 0.04860549 0.04571331 0.07833175 0.07300180 0.05827680 0.02830884 0.07284306 0.03878987 0.06092206 0.05894665 0.07686638 0.08155616 0.07228131 0.06575635 0.10424180 0.04654001 0.08080192 0.09261363 0.07174366 0.04856032 0.05034510 0.06653626 0.04113144 0.05263983 0.03681840 0.08983464 0.05978094 0.06144061 0.03360408 0.03516536 0.04037404 0.07891331 0.05609781 0.06495509 0.06170907 0.06473845 
0.08228065 0.06283972 0.07393354 0.07210549 0.04944525 0.08709426 0.06058043 0.07382973 0.07685657 0.03933753 0.05487327 0.05907220 0.00000000 0.08367292 0.07218257 0.13566685 0.03059791 0.05755428 0.12642851 0.07350178 0.05619242 0.03078750 0.08185039 0.04792080 0.05565211 0.05520914 0.04027818 0.06898481 0.03431201 0.04209897 0.06675264 0.08165985 0.07645750 0.06432024 0.06530022 0.05432108 0.04152089 0.08062652 0.06026079 0.05056956 0.05783592 0.05283040 0.07558706 0.05436073 0.06976009 0.04580244 0.06491212 0.07685977 0.07358618 0.02318693 0.09166510 0.04812669 0.02100037 0.05166489 0.05057581 0.05531835 0.06522548 0.03038738 0.06664858 0.06036372 0.06535072 0.03268059 0.06436328 0.08604742 0.07678947 0.08599435 0.05432826 0.05106522 0.04509451 0.05195929 0.04400816 0.08260429 0.09099775 0.06832770 0.06812355 0.06904427 0.09944788 0.05748454 0.05662930 0.05034804 0.05052929 0.11815525 0.05577509 0.04678594 0.10637837 0.04794979 0.05544670 0.08600506 0.07534748 0.07811703 0.07147311 0.08375382 0.04569150 0.03275163 0.04250177 0.08730878 0.06068429 0.05043543 0.04983792 0.08363050 0.08308115 0.08588813 0.05946797 0.08517047 0.06771725 0.07969145 0.06137793 0.03250348 0.08016218 0.04527580 0.06472127 0.08027158 0.04943764 0.07292095 0.06519115 0.05275540 0.01990479 0.09032876 0.02501096 0.04582434 0.07855142 0.07421249 0.06663236 0.04444726 0.03693639 0.04688388 0.05952634 0.05266067 0.04236219 0.06197612 0.05875360 0.05925037 0.05879425 0.07105543 0.04718264 0.05173754 0.05451640 0.04883079 0.07580316 0.04489578 0.04204381 0.06016605 0.04177217 0.06799026 0.05859317 0.06493780 0.07022127 
0.08058743 0.06825859 0.09103554 0.05754348 0.05966224 0.05687758 0.07817621 0.05465899 0.07024499 0.04708534 0.10442763 0.09181890 0.08367292 0.00000000 0.05900327 0.05931249 0.08316890 0.10714653 0.05802786 0.07916056 0.05467416 0.09222938 0.09808924 0.06990801 0.09648054 0.10671490 0.08170002 0.06259394 0.06262103 0.04213155 0.05788747 0.04639221 0.03925381 0.05317093 0.04635981 0.03659589 0.04691277 0.04745503 0.04757365 0.06936459 0.06919591 0.05858298 0.04745749 0.06249581 0.08139041 0.05393378 0.03634351 0.06485780 0.05122854 0.05203471 0.04895839 0.06500782 0.04447575 0.04506974 0.05748976 0.05121671 0.05727844 0.05139617 0.04193761 0.04857184 0.06006363 0.05995179 0.09923228 0.05186446 0.06435250 0.05159664 0.08170806 0.10752929 0.05736703 0.05108223 0.04985109 0.09204921 0.04270219 0.05779798 0.04741195 0.05982435 0.06320191 0.07066750 0.07027118 0.03748657 0.05595766 0.06752088 0.04838734 0.04754424 0.06240306 0.06131550 0.07150181 0.06785911 0.05517920 0.10055031 0.07720537 0.05215038 0.03231410 0.04491791 0.05095983 0.06231204 0.04461424 0.07083913 0.04446808 0.06784052 0.05287406 0.05902409 0.06042308 0.04682235 0.08486652 0.05296908 0.06413938 0.05056574 0.06482573 0.04748044 0.05232116 0.06386843 0.04076301 0.05909306 0.05233281 0.06112426 0.06222287 0.07248947 0.04297985 0.04884008 0.05638093 0.04888584 0.05219112 0.04704951 0.05080574 0.07417190 0.05626149 0.06737383 0.04775592 0.06103218 0.05276262 0.04893388 0.05214209 0.05716898 0.05818716 0.05849528 0.05571975 0.06661755 0.06196000 0.05523209 0.05795222 0.05472568 0.05635393 0.06696380 0.07123026 0.07245745 0.08540404 
0.05205185 0.02914674 0.05699164 0.07112891 0.07025747 0.08642189 0.05645854 0.05836633 0.03717317 0.03459396 0.04777216 0.06437249 0.07218257 0.05900327 0.00000000 0.06150649 0.13569121 0.07047936 0.08192979 0.04970259 0.04444162 0.08544230 0.06842835 0.08167155 0.06698783 0.04054479 0.06759704 0.05244830 0.05008150 0.07216966 0.04259452 0.06213196 0.03798560 0.06457329 0.04577588 0.06543495 0.07703565 0.07723100 0.05298829 0.06163014 0.04991047 0.06136858 0.05917283 0.05161589 0.04334843 0.08148399 0.07869297 0.10021492 0.07317430 0.06887603 0.05733927 0.05476282 0.07054865 0.06247941 0.07130720 0.05247287 0.04506425 0.05891395 0.08439661 0.08289082 0.07375869 0.07460548 0.08544128 0.07965698 0.04919911 0.07562287 0.15325180 0.05828354 0.05017928 0.10299255 0.09077543 0.11557426 0.07481301 0.10710769 0.10988645 0.12834866 0.05823612 0.05681673 0.06195506 0.05217846 0.05350252 0.04615331 0.05297671 0.04977836 0.08014902 0.06276934 0.06037312 0.05560320 0.09580477 0.05244489 0.08531615 0.08425207 0.05720033 0.04428533 0.06675913 0.02860933 0.06684508 0.08078573 0.09367882 0.07164321 0.07207225 0.03679458 0.07921676 0.05756006 0.09263723 0.03852678 0.05583406 0.05387394 0.05054409 0.06333489 0.11279413 0.05616065 0.03842752 0.05973757 0.08170554 0.09266653 0.07031227 0.08260645 0.07644213 0.06370647 0.05400022 0.08707218 0.05932496 0.03967858 0.07029088 0.06162878 0.04425961 0.07080406 0.07383574 0.05857531 0.04051203 0.03113696 0.03347911 0.01084860 0.01535614 0.02647455 0.03067264 0.01626293 0.01399535 0.02627816 0.01770053 0.02917229 0.04735489 0.01011808 0.02019750 0.04649731 0.03838640 
0.06227903 0.04162282 0.06631982 0.07802762 0.05546111 0.04466426 0.05475607 0.06499309 0.04810725 0.06791919 0.05942933 0.07813971 0.13566685 0.05931249 0.06150649 0.00000000 0.08653266 0.09474401 0.08942696 0.13288603 0.09801900 0.06720976 0.03121267 0.14588179 0.06001053 0.06311597 0.07821810 0.07274163 0.07546808 0.06860808 0.04849781 0.08536359 0.07050134 0.05958631 0.05344270 0.06590731 0.08235382 0.05209110 0.06208874 0.06033312 0.05203420 0.04298384 0.05093792 0.05331313 0.05425545 0.05921495 0.07277382 0.06509865 0.10906422 0.05820391 0.07711593 0.03142229 0.04197482 0.05647481 0.05561608 0.05372368 0.07468609 0.03503602 0.06070188 0.05910367 0.08518458 0.02655066 0.07254526 0.03321449 0.05328535 0.06916834 0.05215819 0.07345870 0.07048482 0.04215958 0.08523804 0.07583042 0.11167827 0.05912480 0.08738771 0.08755915 0.03780861 0.05996217 0.06535853 0.09613355 0.04834508 0.06527065 0.04716552 0.04656487 0.07389539 0.06809779 0.06995468 0.07099311 0.06851517 0.06843171 0.06086113 0.05015751 0.05443730 0.02266329 0.04579948 0.08833823 0.05673842 0.05766620 0.05093447 0.08277344 0.07512726 0.06285612 0.07541959 0.08882057 0.06339919 0.06715468 0.08080870 0.05058570 0.07731699 0.04173043 0.04233045 0.07618482 0.06840110 0.05936361 0.09071011 0.06360715 0.03796100 0.07239764 0.04907065 0.08388662 0.05998176 0.15184711 0.05863803 0.04222311 0.04893703 0.03981199 0.06973857 0.05840527 0.09121895 0.04092691 0.05532351 0.04036171 0.03372965 0.02168698 0.03105034 0.03560879 0.02188058 0.01907192 0.02224650 0.02628401 0.02338485 0.03007740 0.03956357 0.03102338 0.04804634 0.04665576 0.05749104 
0.06914027 0.05672185 0.05845150 0.06385806 0.07560190 0.06097319 0.05472021 0.05933503 0.05907309 0.06782735 0.07170623 0.07338291 0.03059791 0.08316890 0.13569121 0.08653266 0.00000000 0.10534691 0.03886651 0.02184313 0.06337351 0.05817093 0.06178768 0.03460126 0.08281063 0.07496843 0.09543721 0.07637434 0.07549291 0.07181369 0.07305553 0.05618651 0.03954129 0.04740111 0.06126521 0.05736509 0.05480770 0.06190634 0.08091703 0.04018484 0.05101652 0.04060678 0.07624703 0.05394169 0.05232589 0.10563986 0.07858725 0.06438812 0.05871640 0.04358429 0.05398239 0.07158925 0.05016114 0.05260462 0.03432338 0.05419372 0.05814919 0.03359821 0.06110445 0.04643475 0.06692840 0.05829966 0.02486293 0.05283023 0.05575670 0.07201725 0.07255707 0.03605579 0.08907060 0.21077367 0.09757329 0.12080918 0.05908256 0.08791381 0.08737007 0.07705223 0.01651721 0.06146580 0.03948459 0.04046930 0.02649628 0.03786989 0.06023938 0.03324627 0.07864451 0.03594390 0.05112653 0.06140974 0.08334074 0.07231492 0.09901831 0.05149949 0.05450703 0.02928767 0.07381541 0.03461014 0.06045393 0.06462085 0.08598017 0.05488747 0.07294364 0.03634497 0.06563666 0.06406779 0.06787288 0.06482547 0.05214623 0.05507024 0.05178062 0.09086822 0.09752131 0.07687740 0.05337501 0.05544728 0.09085935 0.08079768 0.04603029 0.03748597 0.10834728 0.05821479 0.04552763 0.02498674 0.05646911 0.06997365 0.04563022 0.06618743 0.08006963 0.05635267 0.09430503 0.06710822 0.04615980 0.04862231 0.04523836 0.03860701 0.03469836 0.04483948 0.04494925 0.04182598 0.04327816 0.04322314 0.03980202 0.04377096 0.04822894 0.05600200 0.06457648 0.06643382 0.07147308 
0.07973440 0.07587036 0.07372477 0.08672880 0.06298791 0.05772230 0.08142631 0.04778893 0.07320134 0.04837626 0.09275146 0.08336102 0.05755428 0.10714653 0.07047936 0.09474401 0.10534691 0.00000000 0.06113078 0.06523141 0.06169533 0.08768749 0.07598326 0.05168668 0.09911296 0.10088356 0.04835882 0.06278257 0.07158329 0.05593673 0.05543082 0.04333085 0.04089165 0.04630028 0.05761978 0.04861797 0.06038996 0.05810910 0.05970861 0.04583340 0.07208817 0.05260201 0.05780317 0.06244248 0.05844708 0.06023916 0.04745210 0.04775343 0.05255302 0.06099864 0.04901622 0.06875767 0.05533555 0.05600759 0.04934164 0.06387415 0.04334112 0.05046106 0.06762410 0.05405405 0.08527445 0.04137414 0.05159824 0.04338644 0.06504638 0.04741651 0.08207579 0.04837573 0.06549966 0.04727277 0.07480640 0.06793987 0.04942568 0.05341836 0.04232260 0.06259487 0.06748903 0.06899955 0.05498709 0.06058659 0.09205330 0.06662742 0.05423268 0.06886291 0.04682208 0.07057373 0.04398345 0.06640970 0.04668147 0.06998890 0.04222332 0.06122665 0.06934141 0.05574327 0.04838881 0.04975190 0.04545067 0.03903559 0.05199574 0.04694797 0.06605177 0.04361680 0.06156653 0.04946201 0.04716521 0.06092732 0.05486214 0.05459662 0.06573104 0.04878097 0.04209983 0.07745918 0.07161167 0.06038722 0.05131691 0.07200992 0.07885947 0.05180753 0.04500052 0.04770270 0.06006897 0.03550654 0.04530571 0.05799757 0.04409740 0.05190011 0.05505124 0.06120251 0.06442670 0.05475006 0.05583749 0.05783543 0.06021977 0.06846672 0.06537152 0.06766632 0.07797455 0.07654174 0.06934907 0.06243075 0.06363757 0.06154071 0.06190755 0.06662643 0.07759486 0.07806097 0.06842189 
0.07158554 0.05429296 0.07207909 0.07601883 0.05205913 0.10399869 0.04974760 0.06771488 0.07979562 0.07439902 0.05628340 0.06534423 0.12642851 0.05802786 0.08192979 0.08942696 0.03886651 0.06113078 0.00000000 0.11132442 0.06185895 0.05060155 0.06431161 0.11209260 0.06977355 0.05834469 0.05338993 0.05682791 0.04876884 0.04036968 0.05022127 0.03931112 0.06635534 0.09903789 0.08047021 0.04369002 0.03452939 0.06738828 0.08327795 0.03813123 0.03743112 0.03368837 0.07974848 0.05546214 0.05671997 0.04839093 0.05148832 0.07232835 0.05788519 0.05969340 0.06787345 0.04951495 0.05766229 0.07454697 0.05425728 0.05037615 0.06591296 0.03689485 0.06109550 0.07441915 0.09715344 0.06270720 0.05447060 0.04916692 0.08743165 0.05722081 0.05619383 0.06457506 0.06950322 0.05071482 0.03480973 0.06337553 0.04612571 0.04121706 0.05856066 0.03981301 0.04065503 0.06173779 0.04393231 0.05994314 0.06235614 0.09354022 0.06711476 0.06037100 0.06289451 0.05867237 0.07039241 0.06345348 0.06971446 0.08074753 0.05811938 0.06033679 0.04715316 0.04693524 0.05198521 0.06203384 0.06009207 0.06084779 0.04003207 0.06173404 0.07032165 0.04468625 0.07718041 0.08063195 0.04674579 0.07783547 0.06058731 0.03486648 0.04767724 0.06540053 0.08290965 0.05891305 0.03526161 0.07427909 0.06241898 0.04484538 0.06527207 0.15263521 0.07767290 0.05372194 0.08209957 0.06322621 0.07530443 0.04797187 0.05998129 0.05312694 0.05357149 0.05419703 0.06188676 0.06026819 0.04127571 0.04312518 0.04631219 0.07327883 0.05553062 0.05937391 0.04919920 0.05770517 0.06859559 0.04404102 0.05533982 0.06095587 0.05794918 0.04828521 0.05161019 0.06163790 0.06375751 
0.06319098 0.04254576 0.06317952 0.07861077 0.04713549 0.05041275 0.05526051 0.04652349 0.07108005 0.09812771 0.05494264 0.05816657 0.07350178 0.07916056 0.04970259 0.13288603 0.02184313 0.06523141 0.11132442 0.00000000 0.10426669 0.10694778 0.05549475 0.08848372 0.07177177 0.09274435 0.09002952 0.06091863 0.07545103 0.06706297 0.04682450 0.01923276 0.06549142 0.05972125 0.08006437 0.06383718 0.05979705 0.07599427 0.07438997 0.02756298 0.04500275 0.03894994 0.08080231 0.05968313 0.03397737 0.09356708 0.04578418 0.07522208 0.09062157 0.05960108 0.05712045 0.05567416 0.04812154 0.04480855 0.08139683 0.04619809 0.06540211 0.05405254 0.07605736 0.06288758 0.03782286 0.03979078 0.03709716 0.05306357 0.06067089 0.06151946 0.06082212 0.06183500 0.07562013 0.07910894 0.05410275 0.11493422 0.06987589 0.07004603 0.06499389 0.07446725 0.06883213 0.06348296 0.06416141 0.05538532 0.07081206 0.11122964 0.04848293 0.04376652 0.07308038 0.06512947 0.05563598 0.03315373 0.06348913 0.09082018 0.07147261 0.05435764 0.04217901 0.04969429 0.06583094 0.05509856 0.06025433 0.05952529 0.05510436 0.06231775 0.03140370 0.08385960 0.05738403 0.07963317 0.07670145 0.05819235 0.06388235 0.05876137 0.05459845 0.08758699 0.08577301 0.07145465 0.03203879 0.05876625 0.06651241 0.08477690 0.03065261 0.04041438 0.06227801 0.08507968 0.06081647 0.06492639 0.04127183 0.07686012 0.04687303 0.04084353 0.06148008 0.05107595 0.07454312 0.06487239 0.06108700 0.05749216 0.05955337 0.03780704 0.03573926 0.04550541 0.04736381 0.04910380 0.04365557 0.04443784 0.03673267 0.04280839 0.05189245 0.03271843 0.04324649 0.04396122 0.05302299 
0.06677577 0.05134281 0.07659059 0.08095603 0.06096168 0.04335191 0.05782530 0.07069666 0.06454297 0.07080547 0.05242550 0.07658470 0.05619242 0.05467416 0.04444162 0.09801900 0.06337351 0.06169533 0.06185895 0.10426669 0.00000000 0.17402482 0.06111658 0.08106149 0.06561553 0.06274158 0.07163016 0.05937493 0.06282709 0.03875249 0.03456867 0.05381959 0.06061045 0.05282989 0.06149735 0.04372989 0.06251266 0.05172047 0.04297925 0.06039180 0.06017123 0.06525582 0.05979977 0.05528032 0.06227193 0.05290267 0.06717721 0.06377211 0.06636679 0.03105279 0.07646418 0.05303957 0.05414186 0.07202789 0.04700283 0.04446137 0.06625497 0.04901426 0.07920970 0.03507353 0.04714524 0.05871591 0.03723086 0.09175961 0.05906013 0.05198838 0.06513390 0.03774001 0.10440455 0.07725030 0.07257761 0.08152987 0.09092361 0.07238030 0.06284303 0.09500995 0.02146512 0.05703176 0.08919443 0.05938475 0.07510383 0.08061936 0.05511075 0.04076469 0.05388279 0.06021701 0.03959405 0.06483078 0.04101921 0.05933777 0.05821618 0.02509456 0.05528970 0.07289838 0.05928245 0.06624810 0.07335527 0.04123911 0.05458510 0.06390015 0.05413817 0.09271394 0.05639729 0.06444277 0.05293143 0.07026812 0.07356189 0.04014702 0.03342210 0.09530251 0.06191586 0.08260641 0.06483448 0.07980511 0.09994080 0.06715643 0.04855587 0.07262102 0.07068165 0.06470391 0.06053226 0.06908822 0.04651553 0.05789113 0.04993293 0.02777262 0.05402597 0.06763622 0.02756542 0.06148956 0.06338044 0.05684236 0.05963875 0.05888990 0.06654409 0.05953804 0.06921645 0.05426751 0.04477010 0.06966136 0.05508139 0.06921078 0.07864825 0.07073321 0.07024270 0.05775489 0.07164504 
0.05478982 0.04166537 0.05636478 0.06606229 0.06313209 0.04411234 0.04124416 0.05516200 0.05945842 0.05260879 0.08210030 0.11787760 0.03078750 0.09222938 0.08544230 0.06720976 0.05817093 0.08768749 0.05060155 0.10694778 0.17402482 0.00000000 0.08109320 0.07275030 0.06781444 0.08008000 0.09081284 0.05928907 0.06714343 0.04590714 0.00996693 0.04899774 0.07482683 0.07297845 0.07232380 0.06641968 0.05101079 0.02645405 0.05996284 0.04984867 0.04191673 0.06927752 0.07271905 0.05858932 0.03834167 0.05595430 0.08927683 0.10830863 0.07575843 0.03989477 0.05529887 0.07998608 0.05137532 0.07467064 0.05784699 0.07881730 0.03222378 0.06367479 0.06908232 0.06198759 0.06129972 0.05522603 0.03793235 0.06932826 0.05725183 0.08250233 0.08151131 0.05836770 0.08112573 0.07177185 0.05615207 0.09310566 0.08294961 0.04913362 0.05110574 0.07612926 0.03258692 0.06373792 0.08466712 0.07764726 0.04233467 0.04769248 0.05743083 0.05740519 0.06630462 0.05345280 0.03211696 0.06884391 0.04899223 0.07699272 0.05741306 0.04685108 0.09764385 0.05221468 0.05810736 0.02902642 0.07850544 0.06287427 0.11236496 0.10963878 0.07544927 0.05102601 0.07229874 0.07214494 0.04087343 0.06480404 0.09823865 0.04067354 0.04284500 0.09613259 0.14287315 0.10954912 0.05723994 0.05984101 0.08655308 0.03491201 0.02794850 0.08092563 0.04966350 0.07571060 0.04292629 0.06472249 0.03732625 0.05692263 0.05025791 0.06411020 0.04909616 0.06846988 0.06093010 0.07831532 0.05808801 0.03761307 0.03368128 0.01893970 0.02395914 0.02950965 0.03546934 0.03091614 0.02699692 0.03193049 0.03102295 0.03490275 0.04285450 0.03267213 0.03482329 0.04687363 0.05075319 
0.06447874 0.05649974 0.07568701 0.05826459 0.03668125 0.08539575 0.03098892 0.07058129 0.06039670 0.05740717 0.07705654 0.06504966 0.08185039 0.09808924 0.06842835 0.03121267 0.06178768 0.07598326 0.06431161 0.05549475 0.06111658 0.08109320 0.00000000 0.07701550 0.06632599 0.09546650 0.08107002 0.05943285 0.03810904 0.07148045 0.03755920 0.05085926 0.06201084 0.04642156 0.07547355 0.03895661 0.05412962 0.08267368 0.03929081 0.03248393 0.06728775 0.05798851 0.03983907 0.08173853 0.04888458 0.05837910 0.08092754 0.09034341 0.05985559 0.06353075 0.05126895 0.07716394 0.04320913 0.05948925 0.05089189 0.04185320 0.04126840 0.06773309 0.04781394 0.08838385 0.07129577 0.06148197 0.08522289 0.02821449 0.06071560 0.07119107 0.05422592 0.08245544 0.08224418 0.07682726 0.04663417 0.05788698 0.04806819 0.07352495 0.07014267 0.06095581 0.07343516 0.06770873 0.08143141 0.06981608 0.05539623 0.08321261 0.08663024 0.08224143 0.07640319 0.06451570 0.05125396 0.08456332 0.07930546 0.08002001 0.07308926 0.05641566 0.07341324 0.06378557 0.06257923 0.06544178 0.03821330 0.04098008 0.03659237 0.04345989 0.05010686 0.04135046 0.05668471 0.05722676 0.09084798 0.08795375 0.04399206 0.05692905 0.04872539 0.05436652 0.08741463 0.06755780 0.04635834 0.05559576 0.06553120 0.05357912 0.04433209 0.06885445 0.04575583 0.05463275 0.05328221 0.06794510 0.04761708 0.04607508 0.05870939 0.05728880 0.05489481 0.03791916 0.05141238 0.04565101 0.03693446 0.05778361 0.05730152 0.04237371 0.04932589 0.06099551 0.05002484 0.06229322 0.07180189 0.06481545 0.07289418 0.05685061 0.06382734 0.06405549 0.05187758 0.05793175 0.06056847 
0.05108332 0.05027827 0.06185411 0.07239754 0.06127865 0.02855777 0.07376700 0.03991830 0.08222747 0.04925177 0.06727695 0.04655507 0.04792080 0.06990801 0.08167155 0.14588179 0.03460126 0.05168668 0.11209260 0.08848372 0.08106149 0.07275030 0.07701550 0.00000000 0.05643939 0.05620504 0.06000251 0.06113131 0.08261669 0.05346716 0.05397175 0.04076677 0.04670723 0.09435806 0.05604646 0.05787074 0.04253540 0.03113706 0.06204599 0.05315669 0.06250038 0.04628601 0.07135677 0.07088617 0.07334330 0.05071387 0.07289688 0.03884713 0.03317700 0.04492708 0.03808272 0.04852105 0.04680300 0.04662734 0.05590760 0.03898256 0.06038778 0.05575341 0.05814911 0.07576586 0.04935792 0.06139644 0.14081819 0.09160156 0.06273235 0.05461756 0.04878087 0.06811293 0.07456229 0.04350351 0.04930932 0.05711500 0.06044567 0.06996092 0.07909310 0.05019891 0.04124728 0.06393613 0.05560916 0.05086584 0.08567303 0.03878625 0.07233396 0.09211568 0.07543740 0.06906269 0.05350085 0.05708574 0.08114838 0.09827769 0.06926334 0.05108429 0.05332988 0.04829420 0.01826050 0.02719559 0.05334000 0.06458430 0.05198405 0.06779537 0.04665481 0.04901440 0.09110147 0.06098032 0.10270374 0.05262765 0.05779318 0.05268625 0.04572195 0.07005966 0.05116773 0.04580329 0.06745518 0.05132022 0.05374020 0.06717397 0.09136465 0.05375696 0.05796942 0.06291263 0.07655028 0.12041862 0.08557704 0.04840797 0.05251164 0.07035380 0.06375588 0.04085159 0.09010117 0.05634303 0.06668322 0.05769018 0.05089615 0.06151086 0.05245243 0.06847209 0.06105579 0.06594468 0.07940404 0.06366252 0.06699292 0.06878154 0.07329112 0.06172341 0.04453352 0.04907681 0.05005754 
