0.00000000 0.20978885 0.16783447 0.10818274 0.15777724 0.11580917 0.16130933 0.14875078 0.13338402 0.13286343 0.17073252 0.12736638 0.13619168 0.15704290 0.09429067 0.12577151 0.10624184 0.13739828 0.12660849 0.12326592 0.12932916 0.10509055 0.11194592 0.11499284 0.13636209 0.16242493 0.09917654 0.13120373 0.15111727 0.10462445 0.12297793 0.12775508 0.12714394 0.10716981 0.12174890 0.12584867 0.09816689 0.10928520 0.14792912 0.13054715 0.16570668 0.16009324 0.11859248 0.12487984 0.14224609 0.12727795 0.11204486 0.09270968 0.11088844 0.10845745 0.11587976 0.09368048 0.12466560 0.12854610 0.10794663 0.13390365 0.10745636 0.12365624 0.08747956 0.11614897 0.11039599 0.13645010 0.11148210 0.12818125 0.15806513 0.07384456 0.11444543 0.13468011 0.15145655 0.12817318 0.11868564 0.08168137 0.11949890 0.08659994 0.09706994 0.10244706 0.14049119 0.17094422 0.12856503 0.11909774 0.13959301 0.13793304 0.13423493 0.13691415 0.11004982 0.13471843 0.13477892 0.09988438 0.13664142 0.13061097 0.09173367 0.12828161 0.14037047 0.11246138 0.13600177 0.14055896 0.12528454 0.12893960 0.11310527 0.10069660 0.11529334 0.12691527 0.13823776 0.10461893 0.11068846 0.11386395 0.15070253 0.13417476 0.11791251 0.09894321 0.11286838 0.12492373 0.12005297 0.16041571 0.09685238 0.14145804 0.12174783 0.11452231 0.11019056 0.12287663 0.13813581 0.09206685 0.12199086 0.11274225 0.09647958 0.12485704 0.12089100 0.13583792 0.08315410 0.11771147 0.15720135 0.18259061 0.15819929 0.19387330 0.17761787 0.18008354 0.16524504 0.18720043 0.20082885 0.18562702 0.18704261 0.15958002 0.15691946 0.19778750 0.20781251 0.21615699 0.18390406 
0.20978885 0.00000000 0.18632562 0.07698720 0.18923517 0.08816317 0.18688569 0.11988697 0.11030772 0.13945228 0.16563265 0.09923980 0.13930131 0.14277342 0.07780444 0.08090131 0.06904659 0.18533219 0.11549731 0.11062688 0.13338930 0.09251853 0.11117124 0.12240928 0.12128879 0.15946826 0.09634055 0.14697497 0.12830918 0.10939350 0.15246092 0.14517348 0.11544641 0.11833142 0.12682629 0.12096108 0.08385371 0.13017784 0.12203187 0.14646273 0.23007659 0.18722983 0.10277820 0.12054641 0.15476670 0.13184962 0.10448683 0.05835459 0.06559270 0.10415499 0.11140289 0.08525584 0.12001150 0.15290187 0.12264424 0.12119745 0.09661558 0.12381903 0.07573722 0.11638364 0.10039914 0.12392232 0.11759952 0.12492289 0.17925840 0.04030600 0.10848350 0.13288102 0.18181208 0.11743341 0.10354698 0.05609770 0.11691962 0.06116575 0.06936197 0.08629796 0.14387717 0.18166159 0.12711391 0.08739734 0.13633273 0.09802044 0.16313820 0.15668501 0.08964723 0.14340564 0.12771470 0.10258521 0.10703415 0.13953894 0.08463522 0.11885145 0.13016528 0.09917426 0.09208778 0.12835101 0.10796974 0.13042243 0.13755093 0.05879423 0.08086606 0.16341398 0.15599139 0.11077665 0.11708147 0.12518269 0.13955279 0.14572396 0.13063836 0.11744475 0.11339267 0.11697367 0.15206698 0.16239111 0.08907791 0.12666105 0.13664186 0.13239349 0.13098804 0.12829048 0.12423127 0.06835401 0.12971534 0.12443897 0.11472127 0.13829871 0.11804244 0.14048807 0.06572225 0.10594153 0.19299707 0.18456029 0.19047290 0.23296452 0.21980737 0.22203202 0.17761206 0.18376351 0.20216849 0.21447697 0.22298393 0.16825765 0.18089452 0.23674710 0.22905349 0.21893954 0.18134041 
0.16783447 0.18632562 0.00000000 0.11338570 0.17077856 0.15687663 0.15428019 0.12241834 0.13252812 0.09363140 0.11683196 0.09428116 0.14069212 0.14869823 0.08811787 0.11230413 0.06067005 0.14958330 0.13419492 0.17431211 0.13477681 0.10095394 0.15172768 0.11420469 0.11701426 0.13823807 0.14570839 0.14205494 0.17578787 0.06827752 0.13459029 0.13642969 0.16885151 0.14571997 0.14279021 0.11192380 0.16088870 0.15844153 0.15879403 0.12299580 0.15490703 0.15513216 0.10703964 0.15236279 0.12446370 0.11770741 0.16035246 0.10341222 0.12703660 0.11889025 0.11996621 0.05594093 0.09619623 0.17042924 0.10940638 0.13111026 0.11787280 0.11542508 0.11618191 0.11842389 0.08491775 0.08762643 0.17302625 0.10189343 0.20183017 0.10313754 0.11584885 0.14529629 0.20190686 0.16912540 0.09538695 0.09824393 0.10259648 0.11377169 0.10404420 0.10149452 0.20415486 0.18860658 0.12221283 0.08214413 0.16002055 0.14456521 0.13224006 0.12510046 0.07847590 0.08367249 0.12803731 0.07944544 0.07568139 0.11909273 0.09311596 0.13333339 0.09071880 0.12095826 0.13771734 0.17463889 0.12464623 0.09529693 0.17237509 0.09592451 0.09449967 0.14927596 0.11115066 0.10213217 0.12387713 0.09897576 0.12850463 0.23819067 0.11816358 0.07073232 0.11267357 0.07493122 0.11055785 0.16131597 0.09214232 0.10955390 0.19779145 0.10493119 0.09301935 0.09505291 0.11932003 0.09277418 0.08466288 0.13153693 0.11407533 0.15722428 0.09376966 0.12737875 0.10033505 0.08938664 0.18022019 0.16348416 0.20041949 0.21263978 0.18455297 0.20850675 0.17819804 0.16732934 0.17676165 0.18975572 0.18021963 0.17876209 0.14578338 0.17323671 0.17332060 0.15107131 0.15239318 
0.10818274 0.07698720 0.11338570 0.00000000 0.21691503 0.28462071 0.17005005 0.12307498 0.12981335 0.09830824 0.13244123 0.17961398 0.08524914 0.13817139 0.13024862 0.22968996 0.13037891 0.11957408 0.11639825 0.19689682 0.04194317 0.10068955 0.21602110 0.18771327 0.08592964 0.11414417 0.12889328 0.11111137 0.13492742 0.17486371 0.14865918 0.12404144 0.11759248 0.20996478 0.22151329 0.11894209 0.11579011 0.11297383 0.13985549 0.10664344 0.06772672 0.09049672 0.14943866 0.13547847 0.06646438 0.11095361 0.11533731 0.23535457 0.19637717 0.11643252 0.18336530 0.16759595 0.08008064 0.10642432 0.13960938 0.12881930 0.18912958 0.15094754 0.18550179 0.11787809 0.06251818 0.11392528 0.09895795 0.24758812 0.10527190 0.13415691 0.11203857 0.13348261 0.08872348 0.16885206 0.16052633 0.15987799 0.10632596 0.15638704 0.12789824 0.11050789 0.15866503 0.08371054 0.12378408 0.14334833 0.17177428 0.06816681 0.09695652 0.14935258 0.09364699 0.16642455 0.12014305 0.19756903 0.14038118 0.10470951 0.24837068 0.12214077 0.22136135 0.11587384 0.17363999 0.16767607 0.36177049 0.11249725 0.32090865 0.20882231 0.10274999 0.13944028 0.10123082 0.11217557 0.07492254 0.16640224 0.17271064 0.12348089 0.11069054 0.19913917 0.12541141 0.15204744 0.19545527 0.13160886 0.14077211 0.14838143 0.15228941 0.15071549 0.13907534 0.14605602 0.09445944 0.09645560 0.12740757 0.16419803 0.13085504 0.16521230 0.20005464 0.18262196 0.17279336 0.11287295 0.08638963 0.05223288 0.06425089 0.04821908 0.05382194 0.04082759 0.06298183 0.04501413 0.04428377 0.06686681 0.04725518 0.06482229 0.07209057 0.05625970 0.07885325 0.08726604 0.12516047 
0.15777724 0.18923517 0.17077856 0.21691503 0.00000000 0.23182886 0.12572977 0.08539774 0.19365901 0.17288824 0.08818210 0.12398728 0.08891356 0.13832344 0.10249767 0.08789386 0.26124809 0.14780601 0.10700566 0.11801807 0.06687453 0.11370589 0.09008811 0.11534012 0.08182087 0.13589335 0.13311039 0.12347788 0.15035002 0.17187624 0.14113672 0.11956380 0.15435337 0.12136621 0.25839454 0.28626835 0.26082355 0.21690790 0.13759369 0.19980751 0.19534840 0.18000079 0.12204025 0.12864640 0.20590704 0.13174497 0.15521748 0.08889273 0.13915644 0.08135434 0.14038774 0.12615454 0.14127850 0.08057411 0.09742717 0.11121968 0.11423875 0.05517704 0.09638676 0.08211731 0.07967296 0.09037060 0.09920584 0.15407227 0.11317389 0.14815550 0.11081934 0.12326868 0.10989449 0.19567142 0.19818540 0.13568991 0.09118801 0.10879144 0.17963183 0.16871936 0.06178672 0.13267591 0.21026734 0.15121477 0.11096929 0.10624038 0.16916480 0.08922263 0.05868350 0.07470919 0.14803930 0.18747327 0.07234921 0.11515788 0.11026696 0.14908116 0.09080890 0.12450644 0.11139957 0.11260748 0.04790358 0.24114652 0.15150878 0.14561989 0.11596126 0.09920016 0.10348104 0.13616950 0.10427748 0.16982453 0.13408644 0.14758899 0.09570412 0.12880685 0.12767211 0.10752803 0.03345803 0.12752951 0.08639979 0.08115731 0.16357597 0.10930983 0.13405619 0.10754390 0.14591841 0.13793300 0.06169423 0.11106012 0.12337000 0.09410526 0.08395290 0.07132597 0.10320035 0.04929832 0.13123406 0.15594240 0.11783516 0.17651004 0.16042254 0.15919156 0.17002468 0.15038111 0.17325884 0.19125475 0.17960651 0.15983121 0.14015604 0.16630186 0.16241240 0.17052838 0.12655653 
0.11580917 0.08816317 0.15687663 0.28462071 0.23182886 0.00000000 0.22154049 0.13702117 0.12858026 0.15627021 0.10773573 0.17025867 0.08577128 0.13621338 0.22273542 0.09608617 0.17109415 0.09913834 0.15876808 0.10088159 0.11354764 0.06298705 0.15753991 0.10318246 0.08135346 0.08030864 0.11769181 0.10297695 0.01764440 0.11689860 0.15805009 0.25878588 0.22719129 0.12099088 0.20480203 0.13162231 0.15011767 0.15965123 0.12315820 0.12169416 0.13379453 0.07965385 0.11832965 0.10490143 0.12800839 0.17490755 0.15585552 0.18116533 0.18438277 0.13710232 0.12207782 0.09886375 0.16446587 0.14834190 0.14025555 0.13510888 0.21493331 0.15393571 0.12602926 0.07612499 0.10701073 0.13227778 0.05977235 0.11832277 0.09736172 0.12717726 0.14909730 0.12274986 0.05891077 0.11717801 0.16277242 0.12821373 0.17867489 0.20128950 0.13628060 0.10057886 0.15852812 0.10969988 0.14237350 0.08024122 0.14486117 0.12172037 0.12363791 0.04339961 0.12783036 0.11586721 0.09532954 0.09086479 0.12171146 0.08650689 0.16195439 0.15473545 0.17666763 0.11902242 0.44767291 0.16547486 0.38305142 0.21423503 0.10236622 0.20826017 0.12551923 0.11123157 0.09222748 0.17190044 0.08914189 0.10337852 0.16071146 0.11577155 0.10011286 0.09268734 0.13159616 0.14049558 0.15769235 0.10800088 0.13656774 0.16644139 0.06667182 0.11297308 0.14576192 0.10082225 0.12261873 0.08264756 0.14673144 0.18036222 0.16836323 0.09399616 0.15584702 0.12192491 0.10104313 0.14320185 0.16165695 0.10744215 0.10937141 0.08155570 0.12610499 0.12679571 0.15062975 0.13262207 0.11562976 0.15966833 0.10351921 0.11081176 0.11554483 0.10747305 0.09890749 0.10105249 0.10340204 
0.16130933 0.18688569 0.15428019 0.17005005 0.12572977 0.22154049 0.00000000 0.13458898 0.13159793 0.10017238 0.10338413 0.11626278 0.08755038 0.10726613 0.08984312 0.17140934 0.08157222 0.07472189 0.14474495 0.10104920 0.12952426 0.05524726 0.09517763 0.16126853 0.08756358 0.10624871 0.20885873 0.12279962 0.13275101 0.21848167 0.10808032 0.17029152 0.15763199 0.09927279 0.18438433 0.12090745 0.21975543 0.11729148 0.18821610 0.19183773 0.15867211 0.13265785 0.13614282 0.12311780 0.09510075 0.14001684 0.10976378 0.13423123 0.07574204 0.08696244 0.13917461 0.07504727 0.14012500 0.08226622 0.18712751 0.17017889 0.09133375 0.07613032 0.18851246 0.10578959 0.20138565 0.18908287 0.15249478 0.17677028 0.15748737 0.16587980 0.22105681 0.14043484 0.10295347 0.09207019 0.13935983 0.14362217 0.16114369 0.17123909 0.13203108 0.07249380 0.28183055 0.11847813 0.17696272 0.11472700 0.15675744 0.04547641 0.11545938 0.06524940 0.12338267 0.11461184 0.10531717 0.12527053 0.10461898 0.12569614 0.06647664 0.17038303 0.09394380 0.12572781 0.14804461 0.11925336 0.18565418 0.35981938 0.11908634 0.14134593 0.19696879 0.14856150 0.10803180 0.09666603 0.18008797 0.12630692 0.13423659 0.16129220 0.10892424 0.17595539 0.10440679 0.05287527 0.07922761 0.11256375 0.12878192 0.14103082 0.11442682 0.07617965 0.11136518 0.08421086 0.10363150 0.07242162 0.16763665 0.11473710 0.10080118 0.16114240 0.10751330 0.11942938 0.13498310 0.05951442 0.11467055 0.15428795 0.14294732 0.15163389 0.15086478 0.20155876 0.13468301 0.14270974 0.14542385 0.12583359 0.11564446 0.14929531 0.14957784 0.15185808 0.12289982 0.13311659 0.13439407 
0.14875078 0.11988697 0.12241834 0.12307498 0.08539774 0.13702117 0.13458898 0.00000000 0.25967218 0.18447343 0.14565754 0.19199322 0.16249244 0.11755838 0.12192333 0.13318280 0.17792463 0.14031876 0.11661293 0.10371945 0.12392741 0.09742106 0.13048613 0.07797623 0.13410445 0.10194660 0.13641802 0.10572713 0.15586444 0.14186696 0.11474756 0.12772328 0.14767139 0.14864559 0.21262835 0.21152725 0.13172595 0.06234556 0.22709495 0.13300321 0.07535872 0.16577711 0.14556304 0.11027498 0.12631471 0.15625596 0.09880444 0.12458508 0.15174421 0.13808515 0.14241130 0.10620779 0.11992320 0.09111205 0.13093904 0.18176313 0.15767105 0.18432670 0.14619305 0.06440773 0.04497136 0.04920951 0.05739321 0.20106815 0.11278967 0.12669887 0.08192694 0.07022980 0.14568427 0.07868607 0.22099747 0.14328724 0.22539553 0.19507322 0.12909224 0.14559530 0.08578122 0.09983885 0.06862456 0.06788464 0.11975170 0.09956642 0.14373693 0.17867339 0.15867094 0.20906051 0.09263775 0.06556732 0.10687474 0.15223697 0.12997582 0.15800338 0.43992476 0.14543371 0.44530264 0.07022310 0.15437496 0.10168584 0.14617656 0.12665399 0.09008032 0.06461832 0.09013218 0.13302394 0.10938860 0.11062832 0.09071989 0.07984911 0.14101898 0.16964515 0.23605268 0.13132038 0.13578774 0.10220645 0.16660824 0.19288568 0.11123900 0.10180381 0.15410384 0.17306018 0.11314525 0.13289533 0.12303737 0.10842224 0.19352876 0.19239680 0.14723078 0.12828805 0.13472596 0.11817039 0.10579860 0.15593633 0.10400267 0.12868194 0.13688894 0.09414250 0.10414391 0.14797566 0.12223728 0.10962646 0.10969726 0.15347030 0.11187028 0.12039097 0.12853886 0.12043349 0.10707560 
0.13338402 0.11030772 0.13252812 0.12981335 0.19365901 0.12858026 0.13159793 0.25967218 0.00000000 0.13120702 0.27455515 0.10351164 0.18908380 0.12017077 0.10707088 0.07206730 0.11681764 0.10308861 0.11908109 0.14782983 0.11836745 0.17791944 0.10669904 0.11069043 0.12861666 0.15636229 0.18791754 0.12225266 0.40242846 0.10531284 0.13808541 0.14925260 0.15333576 0.10025222 0.18480446 0.11823321 0.14135870 0.13472743 0.12316751 0.12347299 0.16519420 0.12372507 0.11552037 0.13763275 0.13543719 0.15221749 0.11912679 0.06521478 0.08441333 0.18237127 0.15624875 0.07479320 0.13482213 0.14536097 0.09980772 0.14982852 0.08655593 0.12239760 0.06258001 0.15673498 0.16165803 0.09100955 0.15154496 0.20857851 0.11539551 0.07675740 0.13700268 0.11380791 0.15261948 0.11517159 0.08752891 0.10567913 0.18515279 0.09758967 0.10193855 0.07652658 0.17074911 0.10646513 0.15095485 0.13666365 0.18617464 0.09086606 0.12199877 0.11755076 0.09252293 0.19502224 0.09329923 0.12392193 0.10181388 0.15609485 0.11232549 0.10519327 0.13885428 0.21383390 0.08701415 0.21724255 0.14615466 0.13669844 0.07224912 0.08977781 0.11236859 0.11896620 0.13292528 0.07231768 0.10997221 0.18967971 0.10752463 0.09985241 0.13742966 0.16438503 0.10194914 0.09720765 0.12420473 0.10767878 0.10946257 0.07387695 0.11144918 0.07308108 0.12691879 0.12037459 0.20508147 0.09058762 0.15662035 0.08399771 0.08378529 0.13658569 0.18060955 0.11028597 0.11988224 0.13209455 0.12730164 0.17715534 0.14109855 0.15754745 0.14202135 0.14396130 0.14034517 0.14376545 0.14979800 0.15852783 0.12079193 0.10580228 0.12805292 0.12497156 0.11791080 0.12276591 0.15163199 
0.13286343 0.13945228 0.09363140 0.09830824 0.17288824 0.15627021 0.10017238 0.18447343 0.13120702 0.00000000 0.13509211 0.27850641 0.21950123 0.07996380 0.12948550 0.12386842 0.15267247 0.07782423 0.11264746 0.12335809 0.13862709 0.13436468 0.14445586 0.11218198 0.07789930 0.10403137 0.08900337 0.12815256 0.17325258 0.21855949 0.16680748 0.17329985 0.14167589 0.16341784 0.13488261 0.19221634 0.15408024 0.07649153 0.14866530 0.11666745 0.10073424 0.18597566 0.21174564 0.10225512 0.06562438 0.16209646 0.17116959 0.09418122 0.14158935 0.11802712 0.10725369 0.10073641 0.27656466 0.13566285 0.16286279 0.09760346 0.14340604 0.15113832 0.10598107 0.12390580 0.09519044 0.07792251 0.08505708 0.09333013 0.12799232 0.08252268 0.14004905 0.12554906 0.10696086 0.08972105 0.12044339 0.07564947 0.13226680 0.18983638 0.20782375 0.16311718 0.12064267 0.10790083 0.21856888 0.18552851 0.02925790 0.11485912 0.10113756 0.10620809 0.14131608 0.16126193 0.15385270 0.13005714 0.15517197 0.13027028 0.29089773 0.19795929 0.32838324 0.12485575 0.12258524 0.13238655 0.18316277 0.12253170 0.14465694 0.13999030 0.15628977 0.16055997 0.10284049 0.16400487 0.10095999 0.11244462 0.05417369 0.05109976 0.15457411 0.16403495 0.10339245 0.13425357 0.10239437 0.09784710 0.16466900 0.15752907 0.09478699 0.03731510 0.13634082 0.12766227 0.10117120 0.07161092 0.14033251 0.09340627 0.12350904 0.10093281 0.14502879 0.12287870 0.16629037 0.10466464 0.11569101 0.13046174 0.16206852 0.14011910 0.15653682 0.14674628 0.12524426 0.15967725 0.14136568 0.11427344 0.13112446 0.13283496 0.13337014 0.13316309 0.16403129 0.12559942 0.13583875 
0.17073252 0.16563265 0.11683196 0.13244123 0.08818210 0.10773573 0.10338413 0.14565754 0.27455515 0.13509211 0.00000000 0.08870966 0.07516191 0.21164749 0.12600917 0.09411480 0.13276819 0.12521674 0.16040218 0.13560859 0.08557228 0.17576201 0.19473905 0.24410328 0.14754741 0.18326258 0.30411355 0.14651096 0.08522405 0.14098332 0.08919174 0.08499781 0.09948971 0.16201735 0.11899999 0.10802599 0.10717067 0.08443131 0.10972968 0.13397506 0.12135425 0.12213257 0.13899754 0.12715696 0.15262098 0.07390148 0.16420956 0.11710810 0.08977346 0.13862635 0.10443116 0.14229809 0.17944066 0.06837322 0.13418256 0.14186000 0.18077251 0.07639427 0.11156857 0.11836619 0.06839772 0.11380913 0.11548526 0.11055753 0.13941604 0.04785344 0.09288221 0.13486312 0.10081473 0.11664137 0.08744911 0.12443052 0.12233929 0.10860706 0.11645034 0.11681097 0.08247927 0.14334297 0.20648564 0.13414206 0.12994800 0.05201856 0.17510653 0.09685717 0.13171995 0.16189146 0.09326743 0.29910627 0.18586380 0.28553812 0.13929844 0.10586447 0.08689876 0.36704662 0.16051080 0.16429037 0.14571847 0.10854064 0.12271506 0.15206517 0.13575006 0.10912287 0.10633442 0.09054732 0.11967453 0.07503084 0.11965075 0.08651419 0.13691536 0.11006819 0.07035252 0.11582712 0.16198931 0.09338096 0.09457386 0.10184041 0.11400905 0.10924132 0.10547361 0.10186269 0.10372828 0.12143332 0.09596022 0.15526209 0.06043812 0.23520658 0.10818531 0.09506572 0.07727724 0.12580895 0.17706221 0.11245948 0.15082771 0.14752718 0.12354807 0.14976654 0.17896253 0.16921424 0.15026566 0.17173673 0.13485690 0.11213399 0.11859702 0.15823277 0.16004138 0.16272337 0.15529348 
0.12736638 0.09923980 0.09428116 0.17961398 0.12398728 0.17025867 0.11626278 0.19199322 0.10351164 0.27850641 0.08870966 0.00000000 0.07605522 0.26483918 0.13756126 0.11636973 0.05356131 0.08463477 0.13140786 0.12715646 0.14013350 0.13838171 0.09603718 0.09589505 0.09132010 0.10708919 0.12225976 0.09897865 0.10002432 0.28649866 0.16291332 0.11061214 0.12225909 0.16241972 0.13431662 0.17423683 0.20063681 0.20980769 0.06669151 0.12007358 0.16784445 0.09965963 0.10200446 0.11276290 0.13265655 0.11035194 0.15422446 0.09641433 0.15602893 0.18515195 0.20909222 0.06560911 0.16980860 0.13605735 0.12431577 0.12458048 0.13441622 0.18342338 0.13325966 0.04871814 0.18398555 0.08320670 0.13495338 0.17600560 0.11017982 0.14155340 0.11003472 0.10224898 0.20668099 0.06540221 0.10180509 0.14177145 0.11012059 0.16190488 0.18539894 0.32361925 0.17860755 0.10778714 0.10537179 0.10475888 0.10422700 0.14025789 0.10032579 0.10418753 0.16197315 0.09332501 0.09314698 0.10679941 0.07838164 0.09765746 0.15497059 0.10201650 0.11540623 0.16448823 0.23428651 0.11220830 0.13411551 0.20062528 0.16591530 0.14539143 0.15691704 0.07355828 0.12778894 0.10576253 0.10245354 0.03670454 0.16585665 0.13367579 0.14631255 0.13641929 0.21501851 0.11199347 0.07059553 0.11968498 0.09289200 0.07449713 0.13186842 0.12408573 0.17345887 0.15266498 0.13131778 0.16428458 0.17542634 0.17255379 0.06846063 0.11897631 0.21845481 0.13475170 0.19724971 0.19045654 0.13689769 0.13333219 0.14153995 0.12221501 0.10363443 0.13279457 0.10275041 0.12714375 0.10208432 0.10830734 0.09004385 0.11730278 0.16488179 0.12843014 0.13346181 0.11668417 0.12818213 
0.13619168 0.13930131 0.14069212 0.08524914 0.08891356 0.08577128 0.08755038 0.16249244 0.18908380 0.21950123 0.07516191 0.07605522 0.00000000 0.17566736 0.10167422 0.92217161 0.09919064 0.08415475 0.17332714 0.15716313 0.14948987 0.09982083 0.17556985 0.07584759 0.12672333 0.09865508 0.09100188 0.11370576 0.14552004 0.11908462 0.16065000 0.15036662 0.16042099 0.15423262 0.13673764 0.17436685 0.11418718 0.11540656 0.09596082 0.13123994 0.07820568 0.12035842 0.11201102 0.11911076 0.11006208 0.10040846 0.12729559 0.09034928 0.15276233 0.08408015 0.14744931 0.12525579 0.14923289 0.12375081 0.14539354 0.11074104 0.08511411 0.07449415 0.12019517 0.14411657 0.05990994 0.11508583 0.14737948 0.17997942 0.12285540 0.18494826 0.21500955 0.13727668 0.09927145 0.12651949 0.13442863 0.14388114 0.10688707 0.16325434 0.15401117 0.16910176 0.17429343 0.09900382 0.09838032 0.13133953 0.11724811 0.09750401 0.11134382 0.14925825 0.12401072 0.11941520 0.11633869 0.14416216 0.12309608 0.25785811 0.22022630 0.14045443 0.19719331 0.20418566 0.18386728 0.12225289 0.13234771 0.08723465 0.12571332 0.09167881 0.15180943 0.13485293 0.10748053 0.19289283 0.09001712 0.11671816 0.09543581 0.11421031 0.13056620 0.09879741 0.16192351 0.12687629 0.12857365 0.16545982 0.17311361 0.10026279 0.07011493 0.07380698 0.20287898 0.10095939 0.11069900 0.19243477 0.06603490 0.13954176 0.14493002 0.08327537 0.12279757 0.12196203 0.08229482 0.16440920 0.15856328 0.13550635 0.13212968 0.14113101 0.09955284 0.12205594 0.11037753 0.13817585 0.15596458 0.11860422 0.11610214 0.08578931 0.10832644 0.12278598 0.11703334 0.10985016 0.13807136 
0.15704290 0.14277342 0.14869823 0.13817139 0.13832344 0.13621338 0.10726613 0.11755838 0.12017077 0.07996380 0.21164749 0.26483918 0.17566736 0.00000000 0.18439136 0.18144296 0.17330147 0.20640621 0.12723677 0.13869182 0.15044373 0.14925423 0.13622388 0.13347703 0.17060315 0.23480166 0.15427554 0.20612430 0.11656056 0.12110515 0.17813786 0.13177759 0.09335510 0.10863552 0.09115889 0.08214067 0.12028450 0.09702593 0.10122911 0.08680631 0.10391021 0.09958721 0.11748679 0.12407638 0.17456167 0.10401526 0.11471862 0.13484182 0.15193803 0.14209903 0.09142361 0.13069581 0.11974101 0.09207454 0.09834617 0.09891125 0.11887444 0.13979391 0.11718998 0.11028596 0.19049150 0.09708090 0.16390547 0.14520790 0.16740327 0.18951548 0.18531119 0.18923296 0.13279462 0.12277961 0.10905056 0.20906833 0.10172524 0.09161962 0.11359580 0.20554779 0.19412534 0.14562627 0.13095334 0.15193815 0.13794570 0.10814100 0.10213776 0.09778342 0.09018267 0.11323987 0.08570831 0.11760189 0.10672836 0.19847769 0.13689933 0.10007709 0.10622120 0.11454669 0.11830540 0.13539707 0.15190400 0.19589772 0.10848599 0.13959132 0.07882928 0.13719115 0.12859606 0.11201534 0.14145144 0.15294512 0.12516107 0.14071759 0.10249490 0.09609751 0.10344122 0.10809225 0.08995020 0.12262781 0.10914715 0.11839355 0.10655389 0.14223903 0.12662519 0.10640257 0.11274933 0.15721916 0.08775334 0.10778488 0.16885256 0.11259418 0.15276968 0.10665534 0.10331523 0.10360935 0.09663873 0.10869275 0.09846654 0.12726382 0.10845118 0.14082713 0.11525429 0.11738841 0.12472193 0.12783910 0.12277180 0.12502507 0.12044415 0.11535093 0.13289979 0.14706034 0.15927763 
0.09429067 0.07780444 0.08811787 0.13024862 0.10249767 0.22273542 0.08984312 0.12192333 0.10707088 0.12948550 0.12600917 0.13756126 0.10167422 0.18439136 0.00000000 0.19359515 0.72776947 0.16717276 0.20286899 0.17118343 0.18803787 0.12200530 0.15080768 0.15049746 0.14755724 0.11552779 0.09353769 0.11425830 0.08091078 0.19805143 0.19010967 0.13526414 0.12996512 0.18623510 0.08009208 0.09796068 0.14509574 0.11183258 0.13487386 0.10062802 0.09277474 0.09585946 0.12420216 0.12329346 0.10470383 0.14485931 0.17241290 0.12096579 0.11146412 0.09030858 0.14019832 0.15680447 0.11194104 0.11969252 0.11855427 0.15498892 0.11641249 0.20771320 0.08997876 0.14544112 0.19107458 0.16813629 0.17950727 0.10962820 0.11231588 0.15385545 0.49823593 0.11628208 0.10218811 0.34850584 0.20717645 0.27887060 0.17662509 0.16025020 0.18309827 0.54989559 0.16180042 0.16179254 0.16177382 0.12295930 0.11186301 0.13744224 0.10537113 0.09259837 0.13561303 0.14109968 0.10093481 0.11351990 0.10737717 0.12111421 0.13147637 0.07730290 0.09813903 0.15683288 0.12685480 0.10244495 0.12759708 0.11747382 0.13482044 0.14966381 0.15306272 0.14717154 0.13512270 0.04798478 0.16837555 0.09469652 0.13015015 0.07387445 0.10447926 0.10226858 0.20518497 0.12667985 0.16340136 0.12652364 0.11622010 0.11249214 0.14211868 0.14793617 0.14701606 0.09756238 0.14588138 0.19663803 0.15007514 0.12724547 0.12521948 0.14761079 0.04567220 0.03757172 0.12819973 0.09922938 0.06482819 0.07034654 0.08387473 0.03427064 0.02476515 0.04733028 0.03979605 0.06019794 0.01774410 0.03430701 0.05016954 0.06841420 0.07365708 0.02874865 0.04964055 0.08459862 0.10638915 
0.12577151 0.08090131 0.11230413 0.22968996 0.08789386 0.09608617 0.17140934 0.13318280 0.07206730 0.12386842 0.09411480 0.11636973 0.92217161 0.18144296 0.19359515 0.00000000 0.14529342 0.15974875 0.43426912 0.37898256 0.28183794 0.19419258 0.12395675 0.18338806 0.16398376 0.17429998 0.10484896 0.17644697 0.04268380 0.15003861 0.16364431 0.15001700 0.10054623 0.11008825 0.13979388 0.18354911 0.05746388 0.12897099 0.15676626 0.07324623 0.05587014 0.09222463 0.17555266 0.09496999 0.08162010 0.08538739 0.10900492 0.14932281 0.08898137 0.22667792 0.13201742 0.16415320 0.09101744 0.08406814 0.12010857 0.10957233 0.19200346 0.09297171 0.14865295 0.11324342 0.10899355 0.17047074 0.11845335 0.11265828 0.11055914 0.11968899 0.18122641 0.16848162 0.06883927 0.10544696 0.07034383 0.12338837 0.21187472 0.14721759 0.12440126 0.24919461 0.06033402 0.10517373 0.10779849 0.17892337 0.12743606 0.11087174 0.09009653 0.06797772 0.19882579 0.07996420 0.09989689 0.14180549 0.16546084 0.14596711 0.08765727 0.17880282 0.11460738 0.09569949 0.14816614 0.07076202 0.11885551 0.08598760 0.13183745 0.10966121 0.13819304 0.13080022 0.15564911 0.12318532 0.12044628 0.19555220 0.15083814 0.08085110 0.18650992 0.12099223 0.13157743 0.06409190 0.13485349 0.17348699 0.17377749 0.02975843 0.12417812 0.23858574 0.14941512 0.15264808 0.15510682 0.11148110 0.07692886 0.13285120 0.13641182 0.10699287 0.08103972 0.13244415 0.12537566 0.20297426 0.12169964 0.11018878 0.10240226 0.06057805 0.03923815 0.05115941 0.04614582 0.04681930 0.05232931 0.05654516 0.05967638 0.07273550 0.09360852 0.07648694 0.08303444 0.10156396 0.12300627 
0.10624184 0.06904659 0.06067005 0.13037891 0.26124809 0.17109415 0.08157222 0.17792463 0.11681764 0.15267247 0.13276819 0.05356131 0.09919064 0.17330147 0.72776947 0.14529342 0.00000000 0.23298188 0.14759231 0.12222231 0.31673774 0.25214692 0.18271518 0.18779860 0.13260227 0.12026711 0.13413308 0.13511455 0.08482203 0.09270117 0.11275273 0.13182047 0.12042714 0.11142281 0.14129393 0.15931026 0.06380585 0.10721922 0.10437434 0.09762421 0.06260371 0.12001518 0.15006895 0.09192029 0.09826781 0.11392985 0.08720696 0.19170474 0.12785602 0.06815775 0.03891713 0.10439553 0.04178475 0.12109057 0.11878779 0.05655377 0.17672275 0.12810051 0.15924509 0.10985078 0.12086989 0.16648165 0.09559122 0.10005009 0.10255372 0.21989441 0.20099603 0.07586154 0.13057443 0.85135183 0.16603034 0.14861111 0.11901475 0.16538697 0.14169900 0.17189304 0.12694861 0.11807767 0.10953867 0.23499134 0.12804773 0.07159639 0.09419094 0.04804162 0.07719934 0.10449563 0.07765428 0.13388560 0.13182891 0.13727593 0.15277615 0.09629614 0.14550881 0.08733844 0.07935575 0.10418081 0.16616309 0.09335568 0.15527635 0.16609200 0.16642176 0.17582037 0.18477186 0.09602206 0.11075540 0.04808208 0.08914240 0.10623437 0.10456877 0.22890008 0.32283356 0.15178175 0.09031415 0.14322690 0.26819153 0.08641606 0.14586628 0.13384658 0.15725194 0.13671835 0.14808017 0.11949594 0.13349951 0.15784808 0.19976518 0.11431856 0.10046345 0.11113693 0.13495692 0.17076609 0.08066760 0.09306109 0.07724948 0.03848770 0.03280014 0.05424729 0.04797452 0.04444902 0.03126729 0.05759063 0.05895669 0.06894424 0.08095403 0.06410471 0.08708093 0.09442135 0.13298003 
0.13739828 0.18533219 0.14958330 0.11957408 0.14780601 0.09913834 0.07472189 0.14031876 0.10308861 0.07782423 0.12521674 0.08463477 0.08415475 0.20640621 0.16717276 0.15974875 0.23298188 0.00000000 0.15941212 0.13740536 0.09766402 0.19774295 0.15955705 0.13546223 0.18943257 0.22477558 0.12727083 0.18336839 0.21215416 0.11853884 0.13400021 0.10335330 0.07113459 0.07658611 0.14081786 0.07494458 0.15647116 0.11777485 0.08384486 0.09615428 0.18916794 0.13240501 0.12650062 0.13865056 0.20296309 0.16328705 0.13170360 0.14343571 0.08889263 0.10395347 0.09768705 0.06632082 0.07550580 0.15284833 0.10149714 0.08991011 0.10751709 0.08342429 0.14014253 0.17397199 0.16219968 0.10052748 0.16895030 0.13887030 0.23317995 0.16242695 0.16285243 0.15118288 0.16356569 0.16384911 0.22324657 0.12681246 0.13963535 0.08094339 0.08113314 0.14606432 0.14659796 0.25644872 0.10397892 0.13457422 0.09512452 0.10698290 0.13203243 0.08415043 0.09932395 0.08635631 0.08841922 0.16792800 0.09851888 0.20368560 0.12617316 0.18399260 0.07432389 0.10377289 0.11798152 0.12465221 0.07665160 0.07896009 0.14322491 0.09758966 0.11637177 0.12052257 0.21649357 0.09648375 0.14529046 0.07719873 0.12522958 0.17360144 0.07624386 0.12957176 0.14448160 0.11510634 0.14181242 0.23147309 0.15005180 0.12668956 0.13120404 0.19731177 0.08956592 0.11891086 0.13811648 0.08087608 0.12706587 0.09429844 0.13502123 0.10255734 0.09739663 0.14618583 0.11434063 0.10472304 0.13329025 0.12972803 0.11988051 0.15978091 0.12714022 0.15117901 0.11423081 0.12298992 0.11757600 0.11668944 0.11495794 0.11650740 0.11427754 0.11207368 0.12664008 0.13202771 0.13726093 
0.12660849 0.11549731 0.13419492 0.11639825 0.10700566 0.15876808 0.14474495 0.11661293 0.11908109 0.11264746 0.16040218 0.13140786 0.17332714 0.12723677 0.20286899 0.43426912 0.14759231 0.15941212 0.00000000 0.57907080 0.15403361 0.16472757 0.15235647 0.20017147 0.17785427 0.15791142 0.11575695 0.12773240 0.20236293 0.08097912 0.19413389 0.09505179 0.09840375 0.15184368 0.15285789 0.12533094 0.04146323 0.11599115 0.16734729 0.13918067 0.10349925 0.09043774 0.17762212 0.13312585 0.11072285 0.12124642 0.15972287 0.12934204 0.12378103 0.12224286 0.13591081 0.08068189 0.13945866 0.17408489 0.11867763 0.10584350 0.14185558 0.11464264 0.11145342 0.18351255 0.10917536 0.10007699 0.09879008 0.10032258 0.17228768 0.13854355 0.12530787 0.12906235 0.16213178 0.15358166 0.11938377 0.13541980 0.12916782 0.10104893 0.12827882 0.08193517 0.14273836 0.14264846 0.06669852 0.14709749 0.08356209 0.11312903 0.12309245 0.11013992 0.10313162 0.14168228 0.13140344 0.14146064 0.15190571 0.19943773 0.12637756 0.16276690 0.10969667 0.12341969 0.10605046 0.16523196 0.07634726 0.10314119 0.10687747 0.11637134 0.14496276 0.16496018 0.13865354 0.12495883 0.14414141 0.13413537 0.10713553 0.09779396 0.16291465 0.11835857 0.11137264 0.09741626 0.07790818 0.14767684 0.11512326 0.12990184 0.16598621 0.30629730 0.09812628 0.14093701 0.11670819 0.14797663 0.12183746 0.07783414 0.08847563 0.09157039 0.10145216 0.09811381 0.14722449 0.10106341 0.06741900 0.06569123 0.10829982 0.09677668 0.12050054 0.10763537 0.09632783 0.11124779 0.09468126 0.09224936 0.08490546 0.14204320 0.12591316 0.10424422 0.10811950 0.11455763 0.12458681 
0.12326592 0.11062688 0.17431211 0.19689682 0.11801807 0.10088159 0.10104920 0.10371945 0.14782983 0.12335809 0.13560859 0.12715646 0.15716313 0.13869182 0.17118343 0.37898256 0.12222231 0.13740536 0.57907080 0.00000000 0.25493447 0.23725618 0.14240031 0.09764688 0.15893949 0.16910130 0.17950102 0.12227800 0.08229821 0.11497647 0.15120599 0.13095672 0.15398627 0.18365936 0.20157296 0.07302173 0.06893686 0.11755278 0.12030000 0.12640494 0.09582947 0.08938987 0.13448568 0.14828133 0.10672812 0.07334458 0.13859028 0.15203981 0.10973796 0.09646403 0.15515704 0.13259855 0.14309856 0.12372587 0.19178807 0.10592098 0.10084931 0.10147931 0.14257181 0.15440667 0.09323634 0.06823284 0.07612378 0.07147549 0.12779297 0.12080565 0.11884287 0.12099507 0.08937313 0.16057581 0.15140710 0.13125783 0.10002362 0.11137313 0.13318071 0.13989653 0.12569514 0.14803694 0.03147565 0.16055679 0.11228599 0.22961586 0.11844615 0.08046882 0.16804420 0.14041799 0.10587042 0.14798860 0.06665980 0.15133213 0.14902638 0.15409608 0.15199687 0.11925604 0.09728773 0.19070410 0.06806739 0.07209460 0.07916735 0.13446885 0.06288445 0.10533584 0.10018365 0.12709957 0.12314071 0.13201528 0.16987606 0.10825677 0.13928340 0.13095263 0.11614139 0.11583145 0.10141942 0.15200092 0.15043700 0.15355714 0.11963919 0.12072182 0.16434380 0.11066018 0.13788839 0.17112109 0.12095690 0.14998769 0.08547704 0.13630446 0.17032688 0.07613890 0.13656322 0.14375197 0.09826481 0.11179414 0.16944763 0.11498299 0.12431040 0.11670575 0.10272846 0.13501519 0.12591172 0.14475916 0.10630625 0.14627304 0.14690597 0.12265078 0.12825174 0.10664118 0.11350524 
0.12932916 0.13338930 0.13477681 0.04194317 0.06687453 0.11354764 0.12952426 0.12392741 0.11836745 0.13862709 0.08557228 0.14013350 0.14948987 0.15044373 0.18803787 0.28183794 0.31673774 0.09766402 0.15403361 0.25493447 0.00000000 0.54647977 0.16535516 0.03998961 0.11265962 0.12138144 0.09055923 0.11144573 0.12708778 0.20090151 0.10598890 0.11065074 0.15163197 0.09437402 0.13511290 0.12398762 0.09359933 0.11980716 0.09918521 0.14999328 0.13585799 0.20446345 0.11480361 0.11948030 0.09705175 0.11723614 0.09990269 0.09943484 0.11887986 0.08717636 0.16387290 0.12406201 0.16806801 0.10300978 0.15406104 0.12652155 0.14289885 0.16444758 0.09881909 0.12285358 0.12987003 0.12851459 0.18046214 0.14322711 0.10730038 0.05933601 0.20179497 0.10416245 0.21407704 0.19930359 0.11894955 0.15971440 0.11084165 0.18050230 0.15413161 0.11377408 0.09914246 0.10643104 0.05093035 0.12621414 0.08009736 0.11146220 0.10842349 0.12757627 0.12324242 0.12645073 0.13656704 0.13877017 0.10156283 0.11539273 0.12824159 0.12045412 0.16502366 0.10835383 0.16704946 0.10055078 0.12564182 0.13643621 0.10668237 0.10307104 0.11594559 0.08286888 0.14073723 0.11910420 0.07895289 0.12429926 0.16269806 0.17979786 0.09298333 0.14442104 0.25425663 0.17070941 0.17283193 0.09918802 0.18584240 0.18736395 0.10443979 0.15192751 0.11948246 0.11431843 0.12077523 0.20803465 0.11613913 0.18491014 0.12204149 0.07198594 0.19033091 0.14075336 0.07154754 0.09779940 0.15280197 0.13080537 0.10863482 0.12361406 0.11143756 0.09883017 0.13763921 0.11444133 0.12103397 0.12624036 0.13257633 0.11942002 0.13727004 0.11887635 0.12620647 0.10987269 0.13839456 
0.10509055 0.09251853 0.10095394 0.10068955 0.11370589 0.06298705 0.05524726 0.09742106 0.17791944 0.13436468 0.17576201 0.13838171 0.09982083 0.14925423 0.12200530 0.19419258 0.25214692 0.19774295 0.16472757 0.23725618 0.54647977 0.00000000 0.22188968 0.20830795 0.21581669 0.17072635 0.13081317 0.15586710 0.10475610 0.15537182 0.10328856 0.10246355 0.16828884 0.11612547 0.11045134 0.10485908 0.13065550 0.09110462 0.17920794 0.12563871 0.08701736 0.06401099 0.07949775 0.12472333 0.15702872 0.12598265 0.14816144 0.04957771 0.13904431 0.11686212 0.19744088 0.13197206 0.11931732 0.05928292 0.15014686 0.14183299 0.10321067 0.14277585 0.11278328 0.07693011 0.16262057 0.10102391 0.17363941 0.11568830 0.15976397 0.16044035 0.10427848 0.13743547 0.13149507 0.17702884 0.08011211 0.14825852 0.07354070 0.12424107 0.14211852 0.11508533 0.18009647 0.14518946 0.12441286 0.20532183 0.04366254 0.16985668 0.11141434 0.11741423 0.13176734 0.08170031 0.13066083 0.13194865 0.11253208 0.16866703 0.19856682 0.08144415 0.14173550 0.14472908 0.06416488 0.08073480 0.09642245 0.12814216 0.03758873 0.19399400 0.04140564 0.11386247 0.09941582 0.13504508 0.09355249 0.12547555 0.17087852 0.13902370 0.07467263 0.17234032 0.32785559 0.14554161 0.09018335 0.22552631 0.19007113 0.07845335 0.24139319 0.24419764 0.11098601 0.12438802 0.20346922 0.12942297 0.05576623 0.10122951 0.22107331 0.10566694 0.16182811 0.15613071 0.14435288 0.11305090 0.14986080 0.12935495 0.12924552 0.07476069 0.07263320 0.07803320 0.10830016 0.07819784 0.07315969 0.07625794 0.06981842 0.08667573 0.09544757 0.06482390 0.09066977 0.12796047 0.12179308 
0.11194592 0.11117124 0.15172768 0.21602110 0.09008811 0.15753991 0.09517763 0.13048613 0.10669904 0.14445586 0.19473905 0.09603718 0.17556985 0.13622388 0.15080768 0.12395675 0.18271518 0.15955705 0.15235647 0.14240031 0.16535516 0.22188968 0.00000000 0.22741875 0.15385113 0.22564182 0.18325718 0.14312384 0.14343636 0.08503722 0.09702076 0.08350693 0.11824837 0.13874329 0.13101149 0.09478645 0.07512528 0.10690645 0.10972853 0.09820771 0.11753690 0.10262915 0.13779785 0.11835221 0.09000075 0.13620190 0.12757694 0.17572080 0.15335077 0.14059745 0.08179475 0.11784219 0.07613705 0.17654664 0.11518104 0.10267157 0.12434787 0.08643120 0.20235245 0.09242001 0.10423585 0.17568578 0.20049172 0.12892717 0.16766491 0.09472099 0.16198604 0.13020547 0.19488483 0.15392045 0.09377228 0.18271297 0.09867615 0.14443671 0.18289213 0.17784399 0.11595174 0.15225490 0.16124865 0.16385613 0.12888645 0.10751624 0.09753384 0.13217984 0.12265282 0.11027205 0.09614172 0.13516575 0.12685384 0.20167217 0.16900047 0.10198706 0.08985906 0.11204084 0.10684026 0.14263511 0.12126363 0.14431343 0.12611659 0.08731126 0.09909187 0.13747743 0.13404939 0.10514352 0.14822421 0.17499536 0.13597760 0.11695556 0.10436383 0.11947910 0.14962102 0.10342252 0.13207926 0.11966606 0.25994869 0.12672770 0.12986068 0.09043032 0.13870869 0.11190881 0.13034417 0.13526219 0.11413024 0.12668852 0.11206220 0.17455740 0.13328506 0.10402064 0.12220999 0.14343686 0.10979756 0.12425088 0.13053929 0.09862879 0.10259017 0.10838650 0.08845631 0.12160384 0.10852762 0.12575525 0.12195104 0.12120479 0.13406972 0.10916722 0.09367877 0.10643755 0.12669295 
0.11499284 0.12240928 0.11420469 0.18771327 0.11534012 0.10318246 0.16126853 0.07797623 0.11069043 0.11218198 0.24410328 0.09589505 0.07584759 0.13347703 0.15049746 0.18338806 0.18779860 0.13546223 0.20017147 0.09764688 0.03998961 0.20830795 0.22741875 0.00000000 0.17695653 0.12788489 0.15813689 0.13022175 0.16715599 0.12020174 0.12207196 0.08599124 0.15509488 0.12448639 0.12585824 0.10308364 0.12627648 0.13385826 0.14322430 0.11233718 0.15496696 0.17278416 0.13351578 0.14047571 0.12394829 0.19345112 0.12374919 0.13967527 0.06407072 0.22471155 0.09742673 0.08985947 0.10570194 0.05034835 0.07894011 0.14792273 0.12514788 0.04592296 0.10471830 0.13394801 0.15763431 0.11646094 0.30278300 0.14653689 0.14628703 0.11816825 0.14862468 0.13718392 0.15589994 0.15836566 0.11626546 0.11747785 0.10147138 0.09201547 0.15344639 0.12069561 0.04918703 0.12556482 0.13536694 0.11297592 0.15179352 0.12682244 0.12301274 0.09020570 0.13560358 0.18988756 0.08292221 0.14568041 0.12062796 0.23010850 0.11216090 0.09166599 0.15055224 0.05163526 0.07082061 0.11071487 0.08867551 0.11841806 0.11610309 0.17962962 0.13951055 0.04628379 0.12672648 0.12546334 0.14781337 0.06189555 0.13072190 0.14161480 0.11974451 0.15481855 0.13214696 0.08134778 0.09244709 0.22985351 0.17236261 0.12320595 0.14865050 0.19073619 0.39239296 0.11227975 0.14106299 0.44174603 0.14578462 0.12188481 0.07747371 0.11860767 0.05868146 0.24293767 0.11616688 0.05625390 0.11502991 0.11452694 0.09959321 0.10849924 0.17586212 0.11735187 0.11184940 0.11412794 0.14506278 0.10721623 0.11303273 0.11608701 0.15266230 0.12685363 0.10289734 0.12241683 0.11304609 
