0.00000000 0.09375063 0.08867471 0.10207223 0.07633344 0.09319958 0.03994265 0.06517840 0.05519487 0.07024922 0.04401326 0.06154353 0.06958200 0.04669048 0.04020661 0.05015698 0.04960986 0.04897581 0.04275407 0.07289376 0.04423779 0.02951240 0.03880986 0.06147900 0.03952463 0.03522346 0.05157246 0.06788767 0.06805934 0.04554235 0.04252872 0.04651251 0.03094283 0.06534311 0.03812155 0.06425603 0.05142379 0.03866710 0.06950256 0.05089569 0.06526778 0.04828406 0.06394320 0.05386707 0.04123765 0.04819081 0.04994432 0.04186068 0.05432512 0.05589569 0.05929187 0.05146227 0.04441437 0.04964858 0.04140398 0.06827884 0.02443276 0.03446908 0.03946964 0.05223581 0.07268804 0.06008550 0.06522123 0.04898972 0.04658705 0.04001644 0.04329697 0.03562257 0.06388702 0.06562746 0.04759935 0.04117991 0.05182187 0.05808829 0.06030825 0.04116443 0.03064767 0.07495246 0.04174359 0.04713438 0.05043672 0.04553171 0.06071073 0.06025562 0.03956725 0.04299972 0.05416452 0.05987139 0.06096380 0.06286513 0.04610546 0.03433968 0.05219282 0.03894237 0.05174022 0.05395648 0.05452517 0.02698032 0.02748385 0.06353528 0.05146538 0.04391981 0.04665511 0.04752470 0.07224271 0.04595929 0.04398539 0.04545622 0.04375673 0.04211297 0.03435208 0.05487514 0.04099911 0.03706493 0.05406537 0.03150850 0.05128597 0.06342571 0.03206173 0.03097733 0.03771131 0.04451218 0.03635841 0.06074276 0.03757518 0.06538453 0.04852102 0.05477395 0.04605428 0.05635838 0.03656310 0.06502165 0.06387585 0.04949283 0.04336519 0.04720006 0.04502157 0.04907699 0.05165812 0.04638645 0.05759078 0.05516379 0.05609727 0.05596432 0.03291423 0.04279708 0.04066933 0.06598782 0.06797891 0.05848776 0.04447126 0.04089954 0.06415902 0.04399581 0.05906477 0.08238512 0.05924141 0.05254310 0.06441862 0.05566410 0.08333079 0.06901689 0.06334589 0.05941305 0.05123749 0.08589927 0.06836853 0.04400465 0.05382981 0.06485675 0.06127020 0.06269939 0.03450003 0.03815864 0.05218106 0.06007093 
0.09375063 0.00000000 0.07811818 0.04556349 0.05371398 0.05619991 0.06701556 0.05246448 0.05747382 0.06942956 0.04797804 0.07765243 0.06682750 0.05935088 0.06663709 0.07483083 0.04988271 0.04899073 0.06101331 0.05848253 0.03196423 0.02394995 0.04720689 0.06197593 0.06448294 0.04347699 0.03405408 0.04429974 0.05820794 0.08886723 0.04108621 0.04498274 0.04232120 0.04725864 0.04387679 0.04110642 0.05903975 0.04981304 0.06392908 0.06468693 0.05228154 0.05238029 0.04948712 0.06352268 0.06896408 0.04184827 0.06430825 0.04713028 0.06109733 0.05603751 0.03942085 0.03686732 0.02999922 0.04935078 0.04423537 0.05724137 0.04215564 0.05631075 0.04787241 0.05013803 0.05876058 0.05740393 0.06378088 0.05919739 0.04295274 0.05819686 0.06041328 0.04243755 0.04907454 0.07820830 0.07618815 0.03199178 0.04986882 0.05631299 0.06212458 0.04666349 0.05242138 0.05886681 0.04181984 0.05497722 0.04938703 0.05168552 0.06159145 0.05812413 0.04376996 0.05537589 0.06149078 0.04516435 0.06650591 0.05966460 0.03919195 0.04195753 0.05380271 0.04990604 0.04511649 0.04759507 0.03914776 0.03479059 0.02969637 0.03727692 0.04725605 0.04235320 0.05190219 0.07706121 0.04609972 0.04184874 0.03858879 0.04042387 0.03717840 0.03283652 0.04655916 0.05476890 0.04139280 0.03037797 0.05250487 0.04737896 0.03815762 0.05359403 0.06256432 0.07000038 0.03787725 0.05561519 0.04471423 0.05654345 0.04919062 0.06072490 0.08770382 0.04747494 0.04704780 0.04969490 0.03894946 0.05165222 0.05898427 0.07073108 0.03725872 0.04805098 0.03629311 0.05403757 0.04447536 0.04117693 0.04061274 0.03931082 0.05133010 0.05445021 0.04806999 0.04807547 0.04256905 0.05294567 0.04816139 0.06769063 0.05750869 0.05818163 0.05365138 0.05039151 0.06532540 0.05256565 0.05888766 0.04361013 0.06788579 0.05550638 0.05668489 0.07000899 0.05331156 0.06032038 0.04243017 0.07916792 0.05420257 0.05130384 0.04979779 0.05919742 0.06020617 0.06366707 0.03170777 0.03055145 0.05259643 0.06104927 
0.08867471 0.07811818 0.00000000 0.09799977 0.09616819 0.10879946 0.07909433 0.09937828 0.08177640 0.08429119 0.07872285 0.08442929 0.07467823 0.05016321 0.06867460 0.06345715 0.06621904 0.06526443 0.05422248 0.06520849 0.04403862 0.07196646 0.04569361 0.06835023 0.03939440 0.06158870 0.05222855 0.04764631 0.02580037 0.07670264 0.06056540 0.04003984 0.04577080 0.05630324 0.07252092 0.05832501 0.04345214 0.08366424 0.07319027 0.04618876 0.06420917 0.05208162 0.07006137 0.04113041 0.02082048 0.02953306 0.04278655 0.04470592 0.03966789 0.05364637 0.05157209 0.06412637 0.07971100 0.02518768 0.03167625 0.11719955 0.07259069 0.04226742 0.04139096 0.04255466 0.07336368 0.04563986 0.06504812 0.04903173 0.08035722 0.02137020 0.03493820 0.07264145 0.04864483 0.03840481 0.03468326 0.01639683 0.03794398 0.05583468 0.06726180 0.01276578 0.03951195 0.04031580 0.05000804 0.06649740 0.04872718 0.06460935 0.02618150 0.05118207 0.04274579 0.03690435 0.04800132 0.07896532 0.03881938 0.05311348 0.10285075 0.04928519 0.07247715 0.04121218 0.05959453 0.06101662 0.08054397 0.04519772 0.03085501 0.03104691 0.04317931 0.05579298 0.04507430 0.01183635 0.06186257 0.03588374 0.03274415 0.03613829 0.03078820 0.05458999 0.04953024 0.05447905 0.03104824 0.02178815 0.03247002 0.04964186 0.03728603 0.07302970 0.05905345 0.02022775 0.02926217 0.02298173 0.05411035 0.05024972 0.05075361 0.05195004 0.04204801 0.05465811 0.03772101 0.04408487 0.03890385 0.07661864 0.04504787 0.03367300 0.05097045 0.03444597 0.05073002 0.05398348 0.03155629 0.03417856 0.03389533 0.06773834 0.05198667 0.05171262 0.03305745 0.03454206 0.04480803 0.03195949 0.05468428 0.04423260 0.05321353 0.01870430 0.04698591 0.08130400 0.05971964 0.04425163 0.06649022 0.05806883 0.06296441 0.04029390 0.03885908 0.07311152 0.05918639 0.03988229 0.05260862 0.09519039 0.06389148 0.03911334 0.02656065 0.10462182 0.07876769 0.04158855 0.04528540 0.04650904 0.04745719 0.05779198 
0.10207223 0.04556349 0.09799977 0.00000000 0.06203504 0.08210256 0.04005141 0.08909277 0.05693619 0.06243990 0.03983706 0.07713082 0.07507544 0.05229935 0.05624301 0.06802214 0.05908970 0.05829147 0.05188831 0.04989543 0.05235594 0.05204430 0.06092912 0.10856897 0.04463371 0.03686782 0.04497294 0.13737001 0.06750783 0.02803563 0.11352818 0.08885482 0.03887082 0.05519967 0.06825563 0.06317069 0.03867629 0.03754001 0.04385457 0.02987805 0.04483076 0.05230292 0.05111175 0.04852863 0.08433332 0.03534557 0.03007246 0.03833899 0.05342333 0.05445799 0.03549178 0.04070633 0.06173791 0.02818906 0.04606021 0.06708458 0.02214935 0.03770954 0.04439661 0.04457312 0.06164806 0.05583922 0.05304657 0.03837122 0.04219856 0.05895980 0.06325667 0.02828321 0.03511749 0.05665945 0.06260720 0.05125388 0.06145118 0.04667078 0.03782106 0.02492775 0.02634213 0.04115472 0.03888971 0.04032988 0.03441452 0.04012619 0.03839622 0.05928255 0.04762162 0.04480884 0.07338594 0.04739447 0.02999220 0.03239835 0.03259092 0.04092297 0.04912068 0.04820296 0.05421337 0.05716661 0.05293735 0.07605150 0.04432784 0.06693708 0.08408671 0.06629567 0.04729967 0.01317107 0.09174719 0.03545478 0.03235840 0.03594565 0.03164971 0.03093630 0.07316038 0.06473455 0.03331326 0.07541521 0.04008791 0.06569203 0.04007895 0.07129842 0.07432709 0.07770275 0.03827631 0.05789487 0.03587308 0.03753216 0.03687666 0.05674691 0.07674297 0.06065495 0.03738847 0.06590254 0.05273302 0.05564681 0.07331080 0.02802833 0.04816501 0.03083779 0.05407045 0.02022969 0.07034081 0.05962588 0.02403032 0.06508535 0.07043439 0.06095526 0.02584471 0.04699138 0.03139497 0.07746442 0.04696753 0.07369419 0.02999503 0.06032243 0.04553306 0.07445432 0.05740409 0.02688339 0.03900007 0.04050604 0.06979522 0.04405857 0.11338076 0.07771473 0.07448752 0.05386971 0.05093398 0.02700724 0.04628400 0.05114772 0.08159776 0.03020735 0.06434340 0.04592307 0.04880850 0.04562924 0.03672778 0.04873389 
0.07633344 0.05371398 0.09616819 0.06203504 0.00000000 0.06801436 0.06221487 0.05638445 0.08408734 0.07279033 0.05536540 0.07179507 0.03897447 0.06356521 0.04450979 0.06367668 0.07262977 0.07206076 0.05408610 0.05264203 0.04829761 0.02530579 0.04011211 0.06159548 0.03507113 0.04848679 0.07187503 0.04371303 0.01027520 0.05141241 0.07532108 0.03417548 0.06110232 0.04025939 0.06096996 0.07088155 0.08216440 0.03384692 0.03489496 0.04778588 0.05128828 0.05761252 0.11384058 0.09092432 0.03074625 0.04246660 0.04517400 0.04961201 0.08974669 0.05394797 0.03013403 0.07427365 0.02855589 0.03085085 0.06020841 0.06778652 0.01955618 0.04168195 0.06727076 0.03321676 0.06557850 0.05070965 0.03242512 0.05884946 0.05943116 0.01924627 0.05187428 0.04113799 0.03431864 0.02191187 0.04757817 0.03118448 0.05855401 0.05541185 0.07466210 0.07349409 0.04994860 0.08471419 0.04387426 0.05256944 0.03294173 0.03368926 0.04076821 0.02565558 0.05240569 0.07628639 0.07211557 0.06513032 0.06837735 0.04605681 0.02435252 0.06478824 0.04758672 0.01491044 0.03219142 0.07439971 0.05212469 0.04802201 0.04698706 0.04619463 0.06528151 0.04959785 0.05921404 0.03163855 0.03193317 0.04200381 0.04073409 0.04396448 0.04102327 0.06242906 0.05824963 0.04513355 0.03893402 0.04394850 0.03829063 0.05074111 0.08091423 0.04919769 0.04541569 0.03193479 0.06530551 0.05679537 0.06643814 0.05981577 0.02001308 0.04265642 0.04933207 0.06939651 0.05978544 0.03582815 0.06855142 0.06669484 0.03637365 0.07079668 0.04176845 0.02534421 0.05987649 0.07289861 0.06836459 0.07318095 0.08133385 0.05514431 0.05259709 0.04154189 0.04102696 0.00618476 0.06867797 0.06743579 0.06587426 0.03236604 0.05588748 0.05051570 0.03643142 0.02909076 0.03381454 0.05525859 0.08845780 0.02937668 0.02801377 0.04591404 0.07791780 0.06284878 0.05132925 0.03456417 0.07724798 0.10043672 0.05531460 0.04687824 0.06169446 0.06161111 0.04775946 0.08492947 0.01997406 0.05019394 0.05545037 0.06195653 
0.09319958 0.05619991 0.10879946 0.08210256 0.06801436 0.00000000 0.07106832 0.06028336 0.11089695 0.07810740 0.07491424 0.09332579 0.09443669 0.07108927 0.08168602 0.05062359 0.03967478 0.03809319 0.02930424 0.06480811 0.05055308 0.06671065 0.04714550 0.06114072 0.05707662 0.07043136 0.04466604 0.04010393 0.07793317 0.06174643 0.06590480 0.06478592 0.07025053 0.06829323 0.06566212 0.05442141 0.06498806 0.04996153 0.05261493 0.05159653 0.03637032 0.03823578 0.05414803 0.03544097 0.07894471 0.02844893 0.02868515 0.03850932 0.05347679 0.04773998 0.01061490 0.05298224 0.03428207 0.01760931 0.06082998 0.02782322 0.06612816 0.04231678 0.04912386 0.06840862 0.07438277 0.08649834 0.09256303 0.07616469 0.06807130 0.04551244 0.04651913 0.05600241 0.03815032 0.03856815 0.06172658 0.02001662 0.05281460 0.05768149 0.04158848 0.03881567 0.02796950 0.05106745 0.04373057 0.03333940 0.05284486 0.03063996 0.04758408 0.05177174 0.06204275 0.04909836 0.05811314 0.05150876 0.05021367 0.04416782 0.04849487 0.03874606 0.08839217 0.04608914 0.07684951 0.06739312 0.05828730 0.06184763 0.06681425 0.06587651 0.05312848 0.04710687 0.07078991 0.05187554 0.03012249 0.02001117 0.01435531 0.01874692 0.01201898 0.02201469 0.04550840 0.04218442 0.02919857 0.03718177 0.04607275 0.05444236 0.04574617 0.07275648 0.06534104 0.03994051 0.05650856 0.07213752 0.05624577 0.08868660 0.06040549 0.05324274 0.03105211 0.02420162 0.04657833 0.03505677 0.01686930 0.02973144 0.05582580 0.06351839 0.03293727 0.04287336 0.05117853 0.05337936 0.02817822 0.05386943 0.05770121 0.03003914 0.04050606 0.04492122 0.05195665 0.03681285 0.05262934 0.04131857 0.04895128 0.03878686 0.03443636 0.02536312 0.03934324 0.07879944 0.08171772 0.07671152 0.08682865 0.07112213 0.05097200 0.02087299 0.05210671 0.07245080 0.05693081 0.05691832 0.06729599 0.08347307 0.05562827 0.07087566 0.04827710 0.03521257 0.07845525 0.06505612 0.05333808 0.04511431 0.04105392 0.05524220 
0.03994265 0.06701556 0.07909433 0.04005141 0.06221487 0.07106832 0.00000000 0.10051850 0.07637540 0.08289645 0.06557238 0.06430290 0.06233155 0.05987737 0.04358948 0.04915810 0.06494173 0.06572676 0.08077462 0.04890204 0.04650349 0.03996588 0.08683941 0.04277642 0.04201478 0.06754962 0.07626782 0.06115705 0.04661515 0.09444026 0.06967184 0.06529485 0.07949212 0.05691094 0.05638191 0.05087436 0.05842815 0.05917965 0.06537426 0.03858754 0.06132581 0.05601396 0.04275979 0.06523536 0.04370287 0.05739923 0.04785191 0.05945701 0.05323925 0.05783784 0.04489165 0.04378521 0.04515327 0.03917336 0.05674440 0.05334095 0.08414037 0.05755009 0.03796769 0.07594460 0.07856570 0.06407687 0.04509019 0.04096473 0.05674733 0.05013670 0.03630548 0.04046488 0.03552226 0.02870453 0.02136014 0.04991209 0.05604692 0.03912944 0.05604735 0.03874629 0.03602887 0.05107443 0.07464970 0.05924964 0.04738047 0.04030551 0.05688851 0.02945140 0.04281537 0.08335227 0.03163482 0.02826387 0.02707038 0.05157788 0.04470134 0.03469128 0.04862659 0.05525148 0.04130014 0.06023243 0.04843043 0.05039926 0.04832934 0.05345575 0.04410006 0.03409822 0.06258746 0.03642302 0.08049165 0.05834636 0.05978635 0.06204995 0.06254563 0.06188917 0.07519540 0.05083379 0.05895419 0.05997767 0.04884578 0.03510296 0.10126486 0.04082397 0.03728943 0.05378500 0.05473658 0.02792262 0.08387919 0.05639959 0.08381986 0.06137063 0.05099342 0.03497837 0.05390092 0.01877453 0.05148207 0.03156566 0.01939321 0.05546721 0.05847106 0.05260116 0.03894350 0.06303624 0.04271003 0.03936841 0.06530849 0.03505515 0.03613881 0.05254247 0.04649408 0.03917912 0.05124305 0.04606409 0.03950984 0.03649755 0.03629800 0.05512711 0.03597248 0.05472252 0.04271745 0.06829778 0.04386786 0.05462936 0.05063831 0.02799006 0.03997389 0.05298147 0.03534470 0.05750167 0.06892894 0.05117160 0.03357863 0.02934291 0.02605356 0.05200873 0.05420114 0.04782542 0.05359618 0.06387308 0.04690797 0.05091687 
0.06517840 0.05246448 0.09937828 0.08909277 0.05638445 0.06028336 0.10051850 0.00000000 0.06669308 0.05985121 0.08942667 0.10390858 0.04684148 0.07178218 0.04564559 0.04579587 0.06889926 0.06870128 0.06789819 0.09450538 0.04642338 0.05377584 0.13927729 0.11907090 0.04582501 0.04261611 0.08106473 0.04127593 0.03891489 0.08758946 0.08181312 0.05930840 0.09777400 0.03918383 0.03307768 0.04166952 0.08563129 0.07065694 0.05908811 0.04275205 0.04529454 0.03923083 0.03252742 0.04617206 0.05126462 0.04360138 0.03879489 0.08278654 0.04628073 0.05580372 0.05262064 0.05474455 0.06581125 0.03993449 0.03096857 0.06539663 0.06567217 0.09397748 0.00198686 0.05403774 0.08294268 0.05167717 0.07799897 0.03084170 0.02779222 0.01828570 0.04615032 0.03904131 0.01127135 0.05808916 0.03735932 0.05445933 0.03863989 0.04031040 0.02780707 0.03262314 0.03336448 0.03624531 0.04693861 0.04724258 0.03657686 0.01997051 0.07558249 0.05099064 0.02568373 0.07002645 0.05461442 0.04149477 0.06661209 0.04150326 0.04531279 0.05004707 0.03797016 0.03450321 0.04098933 0.02764706 0.02939025 0.04732042 0.02858802 0.03419999 0.03778498 0.06539478 0.05220433 0.03814566 0.07151692 0.04686984 0.04579875 0.04874209 0.04618273 0.07314120 0.07012681 0.03134455 0.08400644 0.04994633 0.03439019 0.03406755 0.05082805 0.05587703 0.03904338 0.04775649 0.09515295 0.07742722 0.07625992 0.04609647 0.04253231 0.04856900 0.05423595 0.03461073 0.07178145 0.09334382 0.04472981 0.05227930 0.05488689 0.04592332 0.05439492 0.02828274 0.05872430 0.04039693 0.06690614 0.04109279 0.05940524 0.04625491 0.03835302 0.05887421 0.04793721 0.04182786 0.05021804 0.04719581 0.03269433 0.02895247 0.03762169 0.05262982 0.01259225 0.04827403 0.06760258 0.08210046 0.04357775 0.04295977 0.04959613 0.05869057 0.05404498 0.04783848 0.05285219 0.03861055 0.05235433 0.04051821 0.04527338 0.03476449 0.03996706 0.05512271 0.06395446 0.05481038 0.03822458 0.05020075 0.03962095 0.04899075 
0.05519487 0.05747382 0.08177640 0.05693619 0.08408734 0.11089695 0.07637540 0.06669308 0.00000000 0.05778671 0.05986504 0.09247745 0.09160763 0.05859020 0.09529348 0.07408194 0.03495944 0.03340129 0.02412919 0.09050455 0.02680982 0.06341204 0.04672292 0.06911251 0.05531461 0.06696970 0.06864996 0.06535139 0.05958436 0.05485819 0.06089596 0.05943300 0.04828564 0.05718989 0.04189408 0.05757557 0.04863158 0.03967294 0.03559371 0.03583671 0.04049403 0.05661956 0.04880450 0.06794681 0.03809324 0.02829874 0.07025008 0.02134265 0.06362275 0.04788590 0.07315637 0.06442187 0.04988293 0.03269532 0.10222098 0.01775650 0.05795459 0.01914026 0.04747858 0.05727526 0.05470481 0.04788698 0.04658118 0.07226783 0.03165148 0.04253890 0.07138008 0.02476458 0.06118695 0.08797859 0.02637806 0.02671371 0.03201360 0.06584475 0.06937078 0.06000218 0.05615234 0.06047331 0.09078543 0.03245465 0.03918978 0.03039973 0.05577312 0.06040388 0.03823310 0.11501713 0.06303700 0.07331653 0.05249994 0.04038687 0.05547436 0.04337996 0.06211774 0.03658169 0.04969305 0.04359265 0.06124876 0.02950499 0.03391651 0.05301424 0.04313597 0.02046334 0.04600913 0.02912360 0.04032472 0.01972526 0.01426714 0.01870375 0.01200210 0.02515829 0.07480263 0.07531072 0.01540704 0.03917680 0.07505347 0.09433498 0.05137894 0.05471716 0.09157137 0.08626608 0.04434804 0.02123063 0.05202536 0.03930040 0.02375627 0.06247179 0.05038023 0.02445124 0.06024795 0.06262109 0.04721173 0.02928685 0.04203167 0.06522472 0.09767639 0.05570577 0.04483663 0.04570568 0.07490486 0.07971970 0.04434515 0.04482810 0.04551366 0.03809265 0.07416714 0.04268281 0.03582692 0.05172395 0.03532808 0.03869818 0.05363790 0.04709275 0.04143239 0.09602391 0.08115483 0.02362380 0.04966660 0.03009532 0.07275871 0.07038268 0.03086308 0.04954321 0.07511867 0.04559664 0.04848835 0.07478377 0.04708740 0.05384619 0.05439486 0.04472054 0.06604362 0.08209068 0.07582209 0.04529314 0.03222607 0.04871147 
0.07024922 0.06942956 0.08429119 0.06243990 0.07279033 0.07810740 0.08289645 0.05985121 0.05778671 0.00000000 0.04782015 0.06657237 0.10152532 0.06801154 0.08676658 0.07079665 0.03873562 0.03698067 0.03765786 0.04399427 0.03269807 0.04134635 0.04215785 0.07656933 0.06284648 0.04100524 0.06003676 0.06100082 0.07147064 0.04293845 0.04816875 0.06289727 0.08372901 0.05452663 0.06377285 0.05613648 0.05166114 0.07537921 0.06013881 0.06505761 0.04806947 0.05499730 0.06145577 0.08694171 0.08832219 0.04087212 0.05883232 0.03181186 0.06251876 0.04730673 0.03678382 0.04661404 0.05899584 0.02520580 0.03988490 0.07794179 0.01629946 0.01424567 0.04990625 0.06232110 0.06231103 0.04897382 0.05852255 0.09092923 0.06309120 0.05055029 0.08020070 0.03932289 0.04241316 0.07744407 0.08217327 0.01820281 0.09532554 0.05099924 0.05038740 0.03508221 0.07443831 0.04617549 0.06651938 0.08639431 0.04572788 0.03076346 0.07222121 0.06434238 0.05746329 0.05310183 0.06215965 0.03967098 0.05004083 0.07736308 0.06850064 0.03450771 0.04334795 0.07003157 0.04183755 0.05896075 0.04913153 0.04982556 0.07225633 0.07978981 0.06712187 0.04481561 0.03502856 0.07210773 0.02575045 0.01706641 0.01110300 0.01569840 0.00849060 0.02477479 0.03968373 0.04534703 0.02508838 0.03663061 0.06468116 0.05374138 0.03332950 0.03497480 0.07176234 0.03967131 0.03146170 0.07513162 0.06729079 0.05721685 0.05791522 0.01307167 0.05480486 0.02054675 0.05236089 0.04104044 0.03441339 0.03424027 0.03920001 0.06840610 0.04634660 0.06543406 0.05281777 0.04449730 0.02906553 0.04269172 0.06090066 0.04475187 0.04926947 0.04304475 0.06879180 0.06600858 0.03093355 0.04619752 0.08293115 0.03799741 0.04748596 0.06259602 0.04754108 0.03789744 0.03669514 0.04279647 0.04791515 0.04482358 0.05459058 0.01172076 0.04889497 0.06865950 0.04214987 0.06512684 0.05343297 0.06705292 0.02511831 0.07008799 0.09189253 0.05348617 0.07544550 0.05412877 0.05774846 0.06056442 0.03737621 0.05275455 
0.04401326 0.04797804 0.07872285 0.03983706 0.05536540 0.07491424 0.06557238 0.08942667 0.05986504 0.04782015 0.00000000 0.06412948 0.04041526 0.12564286 0.06462189 0.06972746 0.08360718 0.08397182 0.10807017 0.05102649 0.05926099 0.07641045 0.04697098 0.04991696 0.05381781 0.12677730 0.04880869 0.04147742 0.04157240 0.03922215 0.06421968 0.05785013 0.07227150 0.04026306 0.04648901 0.05582095 0.04291385 0.09058679 0.07849316 0.05092068 0.07208999 0.05202491 0.04251766 0.05657604 0.02410671 0.05508544 0.04125555 0.06360995 0.02140898 0.05687988 0.03407396 0.09909180 0.07550366 0.09208144 0.02965770 0.04446234 0.06299389 0.07598187 0.02399272 0.05197256 0.03591961 0.04290621 0.06220754 0.09452737 0.05665958 0.06845041 0.03497094 0.06691079 0.04142799 0.01408364 0.03008412 0.04944857 0.03575060 0.03753320 0.02812751 0.03360605 0.02647818 0.03107439 0.02742110 0.04683629 0.01829958 0.11070742 0.04442395 0.04329733 0.03827317 0.03310218 0.02314383 0.02362057 0.06173990 0.04411453 0.02554291 0.06285846 0.05267978 0.04099203 0.05336780 0.05589507 0.04312206 0.04400337 0.04894351 0.03387605 0.04508800 0.05962731 0.04092442 0.09367133 0.07639343 0.05637433 0.05837857 0.06080123 0.06044174 0.04484461 0.10358432 0.06428960 0.05821415 0.03646482 0.03681961 0.04245876 0.05152095 0.04337555 0.07452601 0.05550630 0.04703171 0.05363286 0.04367851 0.03610207 0.04691677 0.06715714 0.04911908 0.04638442 0.05053456 0.04929076 0.05837755 0.05566581 0.05514609 0.03826924 0.03761592 0.04056226 0.07410322 0.03958482 0.03843206 0.03360434 0.02369207 0.07422831 0.04791195 0.03463440 0.04775642 0.05885201 0.05511994 0.03680629 0.03630908 0.04000116 0.05951450 0.03428478 0.05895101 0.02892062 0.03284471 0.05332306 0.04118280 0.05834780 0.03480037 0.04689062 0.05099868 0.04729982 0.05148642 0.06253806 0.04897213 0.05662817 0.07388497 0.03438857 0.06048825 0.05995529 0.03543433 0.06655961 0.03754534 0.05126056 0.04700939 0.05086168 
0.06154353 0.07765243 0.08442929 0.07713082 0.07179507 0.09332579 0.06430290 0.10390858 0.09247745 0.06657237 0.06412948 0.00000000 0.07145866 0.05978744 0.04960128 0.06177700 0.04864398 0.04741451 0.03658106 0.04836164 0.07219081 0.04299301 0.11725958 0.08310593 0.05037268 0.03336725 0.06729591 0.07469508 0.03456240 0.05425178 0.05989880 0.06598699 0.05662412 0.04533020 0.05910681 0.04772501 0.02494347 0.02275017 0.05430759 0.04818208 0.01804579 0.04970340 0.03799951 0.05580723 0.06295430 0.03731501 0.04216508 0.05435001 0.04984379 0.05097261 0.02738566 0.06255105 0.06719302 0.04199598 0.05435099 0.08514511 0.09344842 0.03908870 0.05809934 0.04579367 0.08300575 0.07369658 0.08258433 0.05833432 0.06819289 0.03419665 0.06959273 0.04565198 0.04841997 0.04259090 0.03202190 0.01893743 0.05263231 0.04968368 0.06586572 0.02378208 0.04306253 0.04279606 0.03477924 0.02179489 0.08043921 0.03198004 0.05292041 0.04054138 0.04969710 0.06455695 0.03277180 0.05605980 0.02433083 0.02747148 0.05122149 0.02811321 0.04487937 0.04450886 0.03911464 0.06581544 0.06003592 0.04496350 0.04687822 0.04142125 0.06715046 0.08322174 0.04981946 0.08667291 0.05540616 0.02744512 0.02339394 0.02753165 0.02170736 0.03792824 0.03196211 0.07307002 0.03281795 0.05871403 0.05288793 0.05137626 0.02739248 0.05260995 0.05902598 0.05324113 0.04712228 0.09464298 0.02595098 0.02836611 0.03274395 0.06072699 0.02922141 0.02494413 0.03002301 0.05921450 0.05713894 0.06336084 0.04743582 0.05322263 0.04687964 0.04397760 0.03827714 0.01976706 0.05583723 0.03645453 0.05348806 0.04584508 0.05185726 0.03980705 0.05738293 0.04191295 0.03191365 0.03639103 0.05316132 0.05027789 0.04895495 0.04170959 0.06192107 0.03702309 0.08255053 0.04161658 0.12952391 0.05122556 0.08032851 0.05743503 0.07268188 0.08219273 0.09276122 0.04577943 0.09264666 0.04891528 0.05081892 0.07291463 0.09498261 0.04824052 0.05384179 0.06302325 0.03538576 0.03320474 0.03485523 0.04899432 
0.06958200 0.06682750 0.07467823 0.07507544 0.03897447 0.09443669 0.06233155 0.04684148 0.09160763 0.10152532 0.04041526 0.07145866 0.00000000 0.08123130 0.08874595 0.06906142 0.03449333 0.03283044 0.03238158 0.05745445 0.04325941 0.08755627 0.08483328 0.05419634 0.02031849 0.03877421 0.06731798 0.04889980 0.03889379 0.05683643 0.05034093 0.05160219 0.06710082 0.06310548 0.04429380 0.04530749 0.06271168 0.03210413 0.05358685 0.03560906 0.05419149 0.04681941 0.07080466 0.04115168 0.05817181 0.03345572 0.03316339 0.03584971 0.02808641 0.04731127 0.04898266 0.06077867 0.04445903 0.04754020 0.03639628 0.05357829 0.07533752 0.03982927 0.06744041 0.07146698 0.06302731 0.04944407 0.06279224 0.06597744 0.07395997 0.04723668 0.07208473 0.04640782 0.05046767 0.07404515 0.05739282 0.02056347 0.06863324 0.03051609 0.03711673 0.04284620 0.07281555 0.07350632 0.03576812 0.07647587 0.06865132 0.02903823 0.05561059 0.05567980 0.05822780 0.07760095 0.05540580 0.06041401 0.04160401 0.06710119 0.08135368 0.08014351 0.04786765 0.07817855 0.06026424 0.05181765 0.08739023 0.04041929 0.07083452 0.06198635 0.06838047 0.03074631 0.06233769 0.02474390 0.01673559 0.01708956 0.01160600 0.01635649 0.00927869 0.01686588 0.05215763 0.05527703 0.02436907 0.05811447 0.06719598 0.05096416 0.04348724 0.05471447 0.05063105 0.06082929 0.04691951 0.07132693 0.04172685 0.05759150 0.01759005 0.03929457 0.03179662 0.02647559 0.03306879 0.04582446 0.03662068 0.05676899 0.05235681 0.07378645 0.03918513 0.02131021 0.05806441 0.06403584 0.05482543 0.05945297 0.06874917 0.05083938 0.06829570 0.05015688 0.08099201 0.04223429 0.05916501 0.05531818 0.06604203 0.05392850 0.06406081 0.04160729 0.03669083 0.05165440 0.04194789 0.04035083 0.04635558 0.04955780 0.06790117 0.04602281 0.04674699 0.06683283 0.06502799 0.02742924 0.08011872 0.05247313 0.04023970 0.05482062 0.05343563 0.06350088 0.05167908 0.08843443 0.06591378 0.06226315 0.03066448 0.04741220 
0.04669048 0.05935088 0.05016321 0.05229935 0.06356521 0.07108927 0.05987737 0.07178218 0.05859020 0.06801154 0.12564286 0.05978744 0.08123130 0.00000000 0.08082031 0.08934168 0.05573373 0.05519541 0.05185200 0.05969655 0.04147803 0.04521849 0.09149286 0.06971268 0.07821715 0.08282459 0.08815443 0.11524722 0.03986511 0.05053930 0.04897855 0.04360236 0.04486368 0.04918112 0.04511529 0.06061949 0.07877688 0.03894889 0.03823604 0.01925782 0.04242133 0.02431984 0.08309638 0.03529697 0.02005776 0.04164125 0.03942947 0.03360293 0.01735253 0.05336951 0.06427572 0.07973831 0.12803512 0.03148804 0.02583810 0.09764188 0.01963405 0.02590109 0.02791602 0.02861039 0.05647444 0.05867568 0.04673479 0.07920410 0.09522160 0.08698911 0.06612182 0.04030748 0.05684296 0.05649238 0.02638271 0.03610790 0.04643977 0.07406918 0.06529233 0.04739443 0.02807504 0.06098666 0.04136906 0.02901546 0.07772992 0.07313377 0.01513740 0.05222494 0.03284380 0.05185339 0.05513771 0.06086923 0.05836451 0.05236778 0.02354284 0.04589778 0.10290290 0.04097841 0.08372971 0.04606513 0.07103418 0.03204837 0.03893769 0.03573460 0.05300329 0.08615977 0.02937747 0.07787011 0.01449348 0.03815167 0.03674514 0.04061945 0.03778121 0.03013212 0.04121622 0.02719547 0.05075318 0.08030700 0.08421686 0.04636732 0.03494502 0.03814862 0.09114875 0.05983882 0.09454418 0.05184678 0.03052881 0.02663552 0.03891887 0.05155355 0.04226631 0.02811756 0.05075053 0.07567986 0.05149112 0.02908678 0.02855020 0.05052228 0.05141458 0.06748151 0.02180730 0.02971023 0.04573794 0.01674930 0.05036998 0.07195266 0.07043695 0.04782906 0.06215414 0.04866065 0.06219952 0.04099638 0.05639681 0.04778699 0.00992476 0.07435180 0.04736927 0.02960717 0.03499008 0.04408823 0.06478764 0.04212802 0.07013558 0.03732580 0.04025109 0.05857188 0.05676604 0.04455284 0.09310238 0.04128566 0.03465867 0.07245165 0.05524849 0.04138984 0.01172548 0.08013559 0.07178088 0.06427271 0.03897195 0.04921651 
0.04020661 0.06663709 0.06867460 0.05624301 0.04450979 0.08168602 0.04358948 0.04564559 0.09529348 0.08676658 0.06462189 0.04960128 0.08874595 0.08082031 0.00000000 0.07316847 0.04752422 0.04601642 0.02879047 0.04692866 0.04070829 0.04902057 0.06311594 0.07595128 0.06960371 0.03949673 0.03402612 0.07329229 0.03615626 0.06243887 0.06305450 0.06441617 0.06826341 0.07065944 0.04729317 0.05863459 0.03350714 0.03565270 0.04872119 0.03631357 0.06601330 0.05367631 0.05319087 0.06564489 0.07726793 0.02529898 0.02911703 0.03141449 0.05300368 0.04795279 0.02084358 0.06817345 0.05209919 0.03934921 0.09119188 0.05698129 0.05507865 0.05473222 0.05262360 0.04370258 0.03176369 0.03308966 0.05178109 0.05387086 0.07314085 0.03843009 0.07945994 0.05734097 0.05594721 0.03351338 0.03817748 0.00995461 0.08580176 0.04792003 0.02279994 0.02128611 0.05546972 0.04481052 0.05533293 0.06383005 0.14892559 0.10537741 0.02729654 0.07996949 0.10277363 0.09938021 0.05597833 0.05265040 0.06321685 0.05304253 0.02494633 0.05053788 0.05937394 0.05852062 0.04660667 0.05862227 0.08097978 0.04529634 0.05724353 0.05895639 0.04442021 0.03350171 0.05026977 0.09358150 0.04303115 0.02010043 0.01551613 0.02024152 0.01373267 0.03123607 0.04221660 0.05896837 0.01913562 0.05185569 0.03254250 0.05031117 0.04473032 0.05438806 0.05341856 0.05913394 0.01975607 0.07200326 0.05220040 0.03303739 0.04880520 0.04007724 0.06055225 0.03943629 0.05374675 0.04066704 0.01810394 0.02764172 0.04778021 0.06662196 0.03166564 0.05744676 0.03903093 0.07515768 0.02901131 0.06043885 0.06092862 0.05298033 0.08790658 0.05220070 0.07289102 0.03175950 0.05315662 0.03825813 0.02696890 0.05750792 0.06076580 0.03325515 0.05479707 0.05632900 0.06195474 0.03977887 0.04577742 0.04111546 0.06181573 0.03553856 0.03723576 0.08591502 0.04987311 0.09091234 0.05577643 0.05690359 0.07573680 0.08447635 0.04933623 0.02886800 0.07811127 0.07090961 0.07653828 0.05520839 0.04216218 0.05568448 
0.05015698 0.07483083 0.06345715 0.06802214 0.06367668 0.05062359 0.04915810 0.04579587 0.07408194 0.07079665 0.06972746 0.06177700 0.06906142 0.08934168 0.07316847 0.00000000 0.03919983 0.03773127 0.04261477 0.11696872 0.06109228 0.12448270 0.05388156 0.04957947 0.06493414 0.04180154 0.01507738 0.07124727 0.04655448 0.05264441 0.05731004 0.03398316 0.05449936 0.05063331 0.06729305 0.02890584 0.05933763 0.02366285 0.04985788 0.05592858 0.06099967 0.08182676 0.08337486 0.04166906 0.05399346 0.04369071 0.07917514 0.03260490 0.04007222 0.04780307 0.05676307 0.06517707 0.07033118 0.06393562 0.04320532 0.04897337 0.04218376 0.04434374 0.04226422 0.06814799 0.05371913 0.04436248 0.05940396 0.08537960 0.05630833 0.05966517 0.07472671 0.02405954 0.04614500 0.11623822 0.05262735 0.02561033 0.04347898 0.02018329 0.06582770 0.03308894 0.04969392 0.07675243 0.05853017 0.06632004 0.04034680 0.05050970 0.04401937 0.03014991 0.06476050 0.07480056 0.03217894 0.06674405 0.02328917 0.06641242 0.02832610 0.04636510 0.05249500 0.05293609 0.05633579 0.04371677 0.05439121 0.05639803 0.04680069 0.03185116 0.04585699 0.02691099 0.05333655 0.08812743 0.08694065 0.02000397 0.01473687 0.01918118 0.01309315 0.02142857 0.06438695 0.08063459 0.02590708 0.04502404 0.06232132 0.06566866 0.02529567 0.05086966 0.06321952 0.03457803 0.05461670 0.04841233 0.03851177 0.05759735 0.02357145 0.03459778 0.02929564 0.02058480 0.01736292 0.06746402 0.04990857 0.06514518 0.05417159 0.05368301 0.06706835 0.06888833 0.06404252 0.03751763 0.06623096 0.04364008 0.06435895 0.06105874 0.06776116 0.06258940 0.08617723 0.04433814 0.04939226 0.03080556 0.04207292 0.05341076 0.06015837 0.01992841 0.04923012 0.02756630 0.05197721 0.07116923 0.02204385 0.03765316 0.11824589 0.06762161 0.06380814 0.04007836 0.05205526 0.10337684 0.05565389 0.04292915 0.06944351 0.03694211 0.05907947 0.04689210 0.02255815 0.06378430 0.08691826 0.05592353 0.03825549 0.05269901 
0.04960986 0.04988271 0.06621904 0.05908970 0.07262977 0.03967478 0.06494173 0.06889926 0.03495944 0.03873562 0.08360718 0.04864398 0.03449333 0.05573373 0.04752422 0.03919983 0.00000000 0.15630802 0.12281621 0.04102228 0.09829832 0.06653495 0.07373481 0.04552974 0.09154332 0.09519928 0.06673134 0.04601605 0.04778301 0.04829787 0.05590739 0.04783253 0.05412080 0.04307159 0.04055957 0.03616444 0.04668375 0.04813360 0.05375849 0.04681975 0.03571279 0.03850486 0.04110908 0.04453208 0.04260864 0.08365737 0.07246444 0.06899723 0.06651717 0.05946186 0.06592856 0.04813480 0.05255177 0.05582627 0.04404896 0.06142853 0.06549317 0.06431982 0.04628879 0.05753729 0.04393975 0.05184287 0.03419707 0.02600439 0.03988118 0.05261335 0.03396238 0.05019247 0.05278474 0.04490123 0.04222458 0.08419928 0.03946494 0.04329648 0.04747177 0.04803064 0.03664335 0.04511981 0.04876118 0.04303235 0.03812673 0.04724811 0.05352196 0.03315597 0.04391931 0.03918111 0.04646233 0.05615269 0.05662269 0.03639510 0.03839274 0.04622982 0.04316380 0.05026520 0.05159506 0.03891468 0.04395537 0.04185154 0.04887429 0.04492233 0.03864600 0.04519600 0.05687660 0.04753990 0.05544349 0.07058771 0.08435077 0.08649857 0.08742602 0.07647587 0.03891953 0.04206421 0.08086063 0.05967837 0.04218319 0.04467894 0.06784979 0.03857378 0.03634017 0.04985266 0.06226579 0.05441866 0.05583703 0.06479342 0.07185822 0.06250985 0.04819618 0.08569227 0.04972833 0.04081083 0.06749807 0.05715540 0.03900340 0.03316430 0.05927796 0.04999048 0.03823355 0.02681074 0.04620336 0.06027126 0.04212719 0.04305087 0.03995424 0.04496738 0.03911286 0.05001391 0.05660272 0.05683553 0.03357707 0.03377882 0.04700566 0.05055056 0.03489189 0.04760506 0.05254973 0.07731173 0.04649007 0.03833666 0.03428736 0.05784760 0.04895797 0.03303828 0.02286637 0.05424447 0.02716307 0.07522714 0.04468586 0.04668983 0.03172499 0.07025229 0.03919940 0.02843693 0.02581213 0.05882343 0.07377609 0.07393589 
0.04897581 0.04899073 0.06526443 0.05829147 0.07206076 0.03809319 0.06572676 0.06870128 0.03340129 0.03698067 0.08397182 0.04741451 0.03283044 0.05519541 0.04601642 0.03773127 0.15630802 0.00000000 0.12114405 0.04014348 0.10165004 0.06795960 0.07207287 0.04523848 0.08952521 0.09734878 0.06419229 0.04436116 0.04961711 0.04597909 0.05449667 0.04723616 0.05406201 0.04323507 0.03874625 0.03678222 0.04966134 0.05035184 0.05142007 0.04704938 0.03578477 0.04487304 0.03862732 0.04414824 0.04254908 0.08105264 0.06998572 0.07678265 0.06340944 0.05986529 0.06880360 0.04739673 0.05335793 0.06271029 0.04326660 0.05958820 0.06731580 0.06547296 0.04312382 0.05806322 0.04811342 0.04798849 0.03340472 0.02793823 0.03787158 0.04898170 0.03067380 0.05050830 0.05485427 0.05169130 0.04640693 0.08899079 0.03973451 0.04428443 0.04355744 0.04720250 0.03751075 0.04719252 0.04513268 0.04698128 0.03720319 0.04378187 0.05139699 0.03456469 0.04448076 0.03806036 0.04813773 0.05713613 0.05712100 0.03651035 0.03633906 0.04843638 0.04280361 0.04938181 0.05079109 0.03958755 0.04297870 0.04673241 0.04765265 0.04637401 0.03726327 0.04938751 0.05337733 0.04548866 0.05626151 0.07835407 0.08476232 0.08698050 0.09062310 0.07671383 0.04102317 0.04144973 0.08307669 0.05666566 0.04144470 0.04313366 0.06888489 0.03952932 0.03422174 0.04970677 0.06362997 0.05735086 0.05533675 0.06168056 0.06904372 0.06578826 0.05289774 0.08776215 0.05803389 0.04353902 0.06738151 0.05723028 0.03820350 0.03399983 0.06024653 0.05286004 0.03768737 0.02503439 0.04467354 0.05988096 0.04169480 0.04025649 0.03900223 0.04512324 0.03729447 0.05023298 0.05661913 0.05771260 0.03560088 0.03491498 0.04467053 0.04815692 0.03227107 0.04596836 0.05153593 0.07712995 0.04660960 0.03720857 0.03312233 0.05785812 0.04758471 0.03145294 0.02137230 0.05379708 0.02563135 0.07529514 0.04393848 0.04577141 0.03049389 0.06986176 0.03836042 0.02688164 0.02430585 0.05783775 0.07342414 0.07367826 
0.04275407 0.06101331 0.05422248 0.05188831 0.05408610 0.02930424 0.08077462 0.06789819 0.02412919 0.03765786 0.10807017 0.03658106 0.03238158 0.05185200 0.02879047 0.04261477 0.12281621 0.12114405 0.00000000 0.06044129 0.08823214 0.05477929 0.06205969 0.07329880 0.08786003 0.08644086 0.07408643 0.05114961 0.04653142 0.07678894 0.05490520 0.03700974 0.06826782 0.04754094 0.04086046 0.04867583 0.06222715 0.05648194 0.05329146 0.04027998 0.05116246 0.03883492 0.03793569 0.05210324 0.03051776 0.07739667 0.08652905 0.05370664 0.05379790 0.06061226 0.05580781 0.04396580 0.03929141 0.04659667 0.04546001 0.05180862 0.06698664 0.06407019 0.06020258 0.06490364 0.06360589 0.03887047 0.03733280 0.02904313 0.04014686 0.05794495 0.03360166 0.03613167 0.05598477 0.06426016 0.04400846 0.06895634 0.04085718 0.05063414 0.07334356 0.06812235 0.03437309 0.04958806 0.06865393 0.04218838 0.03062053 0.07615951 0.04437954 0.02947558 0.02951311 0.04387985 0.03159812 0.05516865 0.04101657 0.04492452 0.04175634 0.06426446 0.04459150 0.05274248 0.04406973 0.04543482 0.04013569 0.04406805 0.04436853 0.02382581 0.03414445 0.06376027 0.05557281 0.05553050 0.05473709 0.06122145 0.09566413 0.09353835 0.08651653 0.07292629 0.06422029 0.03601647 0.07102587 0.04746197 0.02831774 0.05084550 0.06018301 0.04448250 0.04996984 0.06082075 0.06446111 0.03769455 0.05959707 0.06216078 0.08306233 0.05472907 0.06050104 0.06234635 0.05325230 0.04164340 0.05454056 0.05832455 0.04974690 0.04259543 0.04201860 0.06258589 0.03845690 0.03993141 0.05241197 0.03524572 0.04657528 0.04443949 0.03609357 0.05540547 0.03618439 0.05442274 0.04664573 0.04839372 0.04955881 0.05638798 0.03293214 0.05502632 0.03603162 0.03323289 0.03969132 0.06686787 0.05183593 0.04322553 0.05175384 0.09494120 0.06153974 0.01788030 0.02986788 0.05293575 0.03234379 0.06305540 0.05803959 0.04392199 0.03462645 0.06438647 0.03093037 0.02297962 0.02241679 0.03684777 0.04907183 0.05234632 
0.07289376 0.05848253 0.06520849 0.04989543 0.05264203 0.06480811 0.04890204 0.09450538 0.09050455 0.04399427 0.05102649 0.04836164 0.05745445 0.05969655 0.04692866 0.11696872 0.04102228 0.04014348 0.06044129 0.00000000 0.05607066 0.05487103 0.08942384 0.06275437 0.06149993 0.05820563 0.05122131 0.03701089 0.05567255 0.06151775 0.04599962 0.05910177 0.02476504 0.04641785 0.04492970 0.02715122 0.04981363 0.03462790 0.04406087 0.05111562 0.06617758 0.02965833 0.05419705 0.05515500 0.06799780 0.02837135 0.03808917 0.04493517 0.05906279 0.04728956 0.06944416 0.05288058 0.04718927 0.04905439 0.06568305 0.04871586 0.04342894 0.03822993 0.08092001 0.04385921 0.05825945 0.05184954 0.06757847 0.04269937 0.04211053 0.02884543 0.06048224 0.04480402 0.08047377 0.04119609 0.06065093 0.02494578 0.04236174 0.04761801 0.04954062 0.05560677 0.06849086 0.04757263 0.08196983 0.03609448 0.05449400 0.03136394 0.02731747 0.05576469 0.05725478 0.06808677 0.08197253 0.07255954 0.03644452 0.05403220 0.05504729 0.04561164 0.07209348 0.04511664 0.04158665 0.05421054 0.04474534 0.05675913 0.04293274 0.06397278 0.05812252 0.03800726 0.05368688 0.02017056 0.07896536 0.03348170 0.05675796 0.05620000 0.05276867 0.03562362 0.05478492 0.05371246 0.03423221 0.07672546 0.04347130 0.07605338 0.02363282 0.04185509 0.04413273 0.07112668 0.07667477 0.05911132 0.05254544 0.02496814 0.03025683 0.03558567 0.05727833 0.04564996 0.05825032 0.05688673 0.04542448 0.05625878 0.06941448 0.07521591 0.03128332 0.05334561 0.03818535 0.04216787 0.06519614 0.04248504 0.06666188 0.02691808 0.06179939 0.04378401 0.03429956 0.06135727 0.06260346 0.04076150 0.07352793 0.04718611 0.05670394 0.06461939 0.03240850 0.05385783 0.09351353 0.06469603 0.07685912 0.04079698 0.11246014 0.04598337 0.03845200 0.05441833 0.06457896 0.05014674 0.10104497 0.05323661 0.03652836 0.04071682 0.05963677 0.03464246 0.04577690 0.04592980 0.09502423 0.04238713 0.04527803 0.04996455 
