0.00000000 0.11262763 0.08280803 0.06080139 0.06202787 0.05324061 0.05888204 0.08425363 0.07006338 0.09505128 0.08011885 0.05200962 0.06227577 0.05777583 0.05983082 0.07393290 0.06315380 0.05167185 0.04725753 0.06975956 0.06602761 0.07404728 0.05092382 0.07461821 0.08978316 0.07604089 0.06836598 0.08956243 0.05606806 0.04405093 0.05473032 0.05142639 0.05209967 0.07799903 0.05025796 0.04940355 0.06761877 0.06903708 0.05324883 0.05755769 0.07301325 0.03385229 0.06857773 0.04284136 0.05890548 0.06293424 0.07956292 0.06226764 0.10337787 0.04043509 0.05734158 0.05630380 0.06122333 0.04622900 0.06076900 0.07705223 0.05897940 0.08724904 0.06779345 0.06430387 0.09545881 0.06451138 0.07298464 0.05026219 0.11370634 0.05852490 0.04561903 0.09613697 0.07688378 0.07386322 0.04605065 0.07324824 0.08233044 0.06087468 0.05744332 0.06174210 0.06917230 0.04145118 0.05640913 0.13522818 0.07496743 0.06586750 0.04295711 0.05480932 0.06425741 0.08983573 0.05210743 0.07592197 
0.11262763 0.00000000 0.11388516 0.08127112 0.11230510 0.05872415 0.05702974 0.06014958 0.08341475 0.04996373 0.08779608 0.08161043 0.03721474 0.05805347 0.04815950 0.05482009 0.10340764 0.03005687 0.07993481 0.09033267 0.06578479 0.08181102 0.03515460 0.10049379 0.06345825 0.04281612 0.09683768 0.06394147 0.04322829 0.09313934 0.08731586 0.05483163 0.03574682 0.07011800 0.00695638 0.05138824 0.05257263 0.07801591 0.13472596 0.03115726 0.06893805 0.05054217 0.06406545 0.05418012 0.07312502 0.03914022 0.07317961 0.08607751 0.06608649 0.06734021 0.02263603 0.06565209 0.05300679 0.05213081 0.04570259 0.03624868 0.06144214 0.07385709 0.04926270 0.07835277 0.09028895 0.07772458 0.07841041 0.07349456 0.07518658 0.06894658 0.08405900 0.05749084 0.07156998 0.08913828 0.04271234 0.06366407 0.07005656 0.06490403 0.04928636 0.05915340 0.08450097 0.06889387 0.02255027 0.11566251 0.10554218 0.08253938 0.06741891 0.08941248 0.07032920 0.04068614 0.05537063 0.07139282 
0.08280803 0.11388516 0.00000000 0.07319135 0.07880308 0.06682787 0.10059072 0.10865742 0.06538593 0.06350254 0.05455430 0.05835935 0.06401755 0.05208554 0.09304076 0.05930063 0.02988564 0.09522605 0.06254344 0.08874219 0.06959122 0.04791708 0.06899323 0.04228632 0.08517362 0.06273247 0.04102932 0.04868788 0.08046118 0.04603941 0.02540821 0.05873263 0.05963288 0.07300200 0.07300383 0.07984764 0.02989993 0.09154434 0.07326014 0.08384728 0.06147933 0.05131818 0.05181909 0.03058350 0.06310297 0.06656681 0.05449631 0.05131298 0.07496524 0.07157089 0.06955177 0.08197231 0.10415534 0.13034516 0.04069480 0.06176995 0.03573760 0.05652692 0.08191814 0.10724207 0.08370586 0.05445212 0.06374581 0.06594234 0.08500996 0.10361747 0.08172641 0.04871307 0.06589178 0.05583202 0.06565960 0.09345787 0.09348781 0.07346433 0.04906675 0.05781763 0.05904639 0.04077172 0.08952864 0.07467138 0.06740267 0.03767281 0.06477677 0.08393046 0.05989327 0.04708908 0.04911725 0.07546962 
0.06080139 0.08127112 0.07319135 0.00000000 0.04972562 0.13485281 0.06676078 0.07939779 0.02817882 0.12755443 0.06528521 0.06534988 0.07214031 0.06745446 0.12034757 0.06964113 0.07542354 0.06479313 0.06435213 0.08506867 0.06174524 0.08680294 0.07483076 0.04718243 0.05856577 0.04241560 0.09234963 0.04140290 0.06920794 0.07751957 0.08615015 0.06285251 0.07654283 0.06013228 0.10127411 0.06777550 0.06720371 0.06139072 0.06802099 0.05859537 0.05841055 0.16034013 0.09975725 0.06809417 0.07851461 0.07997334 0.12112612 0.11247065 0.06140777 0.06926835 0.04889102 0.10173943 0.01004669 0.06890021 0.04661073 0.02347297 0.04551382 0.07846307 0.05115572 0.06034167 0.05746401 0.02484209 0.03607121 0.07232553 0.04763491 0.06526841 0.01952776 0.07469569 0.06918739 0.03299565 0.06930209 0.10452897 0.06248420 0.05553723 0.06113717 0.05635417 0.06897967 0.06397797 0.08153694 0.06815988 0.07835259 0.05988812 0.06082831 0.07038921 0.07880812 0.06739765 0.06721572 0.05874946 
0.06202787 0.11230510 0.07880308 0.04972562 0.00000000 0.09221329 0.05137021 0.04764395 0.07057391 0.08935518 0.01621486 0.04027095 0.07317299 0.10762252 0.05816826 0.09048821 0.08756491 0.04538002 0.05614243 0.04244905 0.04462619 0.03997978 0.07378271 0.09739699 0.07438855 0.08519148 0.05919850 0.07974824 0.09352010 0.04581273 0.12752848 0.04811208 0.14974034 0.08642015 0.10834154 0.07759845 0.04321588 0.11888124 0.06649842 0.03485781 0.07284772 0.04244134 0.08448799 0.09245709 0.09482971 0.07119859 0.03655022 0.04294637 0.07127853 0.01681973 0.08156845 0.03827523 0.05682735 0.12332519 0.10152157 0.05966766 0.02781602 0.10406886 0.05583040 0.07413396 0.07757475 0.07190167 0.01579429 0.05039112 0.07576349 0.03634161 0.07138059 0.03938187 0.06100869 0.05068428 0.08381209 0.05119901 0.01434087 0.06692198 0.05978695 0.03550719 0.08398647 0.03554378 0.10803542 0.05982184 0.07267618 0.06947908 0.18236664 0.04748598 0.07270242 0.04047885 0.08689507 0.05884811 
0.05324061 0.05872415 0.06682787 0.13485281 0.09221329 0.00000000 0.08028069 0.04698659 0.11753862 0.09749027 0.04257459 0.05854397 0.06006810 0.06323524 0.09143728 0.07888593 0.08438396 0.07424673 0.08541847 0.08446722 0.03809131 0.07982983 0.02730345 0.06537550 0.07405686 0.03179302 0.06666620 0.09099433 0.10955553 0.05765699 0.09348413 0.05364232 0.02350287 0.05060399 0.08364428 0.11215004 0.05724407 0.06465164 0.10885926 0.08476709 0.07034002 0.03009229 0.06055659 0.07974887 0.08968702 0.06313857 0.06029994 0.07273295 0.04234358 0.05226904 0.06600212 0.02507114 0.05391808 0.09734688 0.11378659 0.04595726 0.06492725 0.10002331 0.05789818 0.04335445 0.05166129 0.05643448 0.04562990 0.05950990 0.12347029 0.08135758 0.06450251 0.06965538 0.05663563 0.06671354 0.04050640 0.06887088 0.10180748 0.08021280 0.02917941 0.03180120 0.07134733 0.04388533 0.04431114 0.05496932 0.08327982 0.06063044 0.02862342 0.05458399 0.06379117 0.07218973 0.08076271 0.05180865 
0.05888204 0.05702974 0.10059072 0.06676078 0.05137021 0.08028069 0.00000000 0.10834215 0.08803991 0.11465722 0.05414608 0.05834299 0.06619973 0.10678868 0.05616655 0.07110369 0.06707907 0.05342653 0.04896241 0.10314746 0.05746859 0.05710496 0.04954043 0.03905887 0.03886331 0.02454689 0.04894692 0.12610443 0.06608115 0.10083357 0.06157604 0.06803183 0.07332507 0.08058739 0.03678000 0.03620593 0.12760714 0.09831059 0.06360229 0.05079437 0.10741280 0.08157524 0.04326792 0.06305539 0.05218670 0.06440093 0.09016109 0.05714206 0.02535667 0.05882576 0.09828943 0.15228461 0.06686733 0.04339935 0.08157859 0.13128147 0.06162519 0.05023757 0.05514646 0.08076230 0.07256598 0.06850048 0.05293873 0.03860806 0.05571525 0.06205573 0.01884124 0.08834132 0.06026570 0.06838180 0.04254448 0.08384097 0.13323924 0.06070223 0.09458229 0.12819168 0.09305768 0.04298444 0.07463631 0.05148606 0.03608585 0.08275754 0.02979190 0.05297335 0.05460693 0.07403680 0.05187844 0.07503803 
0.08425363 0.06014958 0.10865742 0.07939779 0.04764395 0.04698659 0.10834215 0.00000000 0.04048820 0.06413295 0.07700379 0.08617260 0.06877172 0.11169175 0.07172590 0.03441519 0.04089403 0.07735037 0.09927335 0.10246850 0.09140650 0.07642848 0.07941138 0.05502622 0.09971626 0.06492761 0.08654992 0.08364410 0.07081036 0.07387590 0.04750289 0.07737741 0.04078887 0.05186011 0.05001518 0.06427275 0.05388995 0.03733217 0.06707506 0.04104091 0.16665379 0.03283799 0.03467802 0.03343960 0.04183937 0.07031942 0.06319905 0.08300516 0.06019731 0.03433881 0.05715135 0.14347130 0.08120222 0.06610189 0.07741025 0.06797245 0.07737577 0.10735101 0.06526244 0.09419772 0.03185772 0.05062886 0.05571230 0.10712768 0.05553709 0.02766234 0.06875427 0.07570814 0.12438671 0.06246272 0.03971427 0.04382114 0.01054800 0.09017582 0.11351536 0.14891374 0.03939234 0.02699917 0.09151631 0.06903784 0.00317719 0.08527734 0.01850758 0.03894302 0.06092075 0.05987331 0.08106056 0.08396086 
0.07006338 0.08341475 0.06538593 0.02817882 0.07057391 0.11753862 0.08803991 0.04048820 0.00000000 0.09783604 0.09629164 0.05329306 0.04320214 0.05685495 0.03277936 0.06344608 0.04939072 0.05525574 0.04383250 0.05444790 0.06568232 0.06225479 0.06441270 0.06969415 0.09434170 0.02639954 0.05464330 0.09617531 0.05661432 0.04624303 0.07197928 0.06408203 0.05236201 0.06911760 0.06437936 0.06499510 0.08092989 0.04487729 0.13039910 0.05596186 0.06057484 0.06166637 0.04721018 0.10320760 0.07335098 0.04281120 0.08557759 0.10379435 0.04746433 0.05064454 0.06590420 0.08111464 0.07162969 0.06393464 0.09239010 0.05967730 0.04484004 0.04950969 0.04692558 0.04377626 0.05808548 0.08430269 0.09842506 0.07424364 0.04440174 0.05919200 0.04258551 0.11523794 0.07964064 0.27676678 0.11023865 0.08371992 0.05675481 0.07975707 0.08413715 0.09503890 0.07931033 0.05008249 0.06859907 0.06655806 0.04964132 0.02437053 0.03567554 0.05875718 0.08909176 0.08064209 0.09030348 0.05107702 
0.09505128 0.04996373 0.06350254 0.12755443 0.08935518 0.09749027 0.11465722 0.06413295 0.09783604 0.00000000 0.04745552 0.07997786 0.07434236 0.02975737 0.07319520 0.06369400 0.09585002 0.05249123 0.03763000 0.05419274 0.04928662 0.06697240 0.08498190 0.03575793 0.06903735 0.08610649 0.05982901 0.07691121 0.03554369 0.07855465 0.01545250 0.06224120 0.04126095 0.09342977 0.07156504 0.07897014 0.07493009 0.03920438 0.06736071 0.09475450 0.06376429 0.10100558 0.08798187 0.06473764 0.10840533 0.08265114 0.13052183 0.06712312 0.06799193 0.01107100 0.05037283 0.08694898 0.04204246 0.04752227 0.05119955 0.06243770 0.04525324 0.06711963 0.05215385 0.08739841 0.05610316 0.01614797 0.09799413 0.07040543 0.14064137 0.01420487 0.06023954 0.08220943 0.10156482 0.06444375 0.04843532 0.04995307 0.06132772 0.09769923 0.07564112 0.09214417 0.03336432 0.03019955 0.06399101 0.06524195 0.06861208 0.09642390 0.05238455 0.06354782 0.07227409 0.06312676 0.07374861 0.07756125 
0.08011885 0.08779608 0.05455430 0.06528521 0.01621486 0.04257459 0.05414608 0.07700379 0.09629164 0.04745552 0.00000000 0.06109846 0.05539464 0.06389457 0.02246808 0.09837567 0.07342671 0.06474606 0.04725884 0.06683999 0.10181223 0.06453370 0.08489392 0.08781425 0.09541965 0.08751066 0.04690928 0.04040689 0.06084562 0.08411381 0.06666152 0.07176464 0.05393397 0.05440573 0.05350333 0.05085426 0.06636606 0.09151687 0.07724437 0.06094410 0.05944771 0.05213425 0.08144117 0.08198555 0.04452661 0.04845973 0.14009726 0.05204605 0.09013587 0.18260156 0.08678277 0.07351392 0.02475743 0.03487817 0.09540017 0.05889272 0.07488189 0.06432080 0.07911076 0.06245482 0.12284779 0.02351089 0.08977699 0.04219964 0.09480320 0.07884660 0.09187650 0.07437136 0.09109670 0.09004853 0.05417516 0.03411749 0.07771440 0.04485796 0.06254769 0.08855174 0.07990085 0.04019879 0.03427882 0.06340753 0.05745331 0.05940302 0.10789639 0.05001302 0.03379737 0.03607360 0.04421225 0.05691512 
0.05200962 0.08161043 0.05835935 0.06534988 0.04027095 0.05854397 0.05834299 0.08617260 0.05329306 0.07997786 0.06109846 0.00000000 0.08347053 0.09822358 0.07832367 0.07178645 0.06024845 0.05126272 0.07118916 0.04661439 0.06085545 0.10489157 0.08027806 0.04132190 0.06697407 0.09814298 0.09287337 0.06589829 0.04385986 0.06382116 0.07128997 0.06300458 0.07671304 0.10342070 0.08934312 0.06882852 0.09002510 0.10394221 0.10953073 0.05824492 0.03918163 0.09353162 0.07820052 0.10032197 0.08764233 0.05925576 0.04768556 0.11226494 0.05270644 0.04702238 0.08726353 0.08672557 0.03537965 0.06849914 0.05036204 0.09115031 0.05451921 0.03209886 0.07995342 0.04317711 0.05076179 0.06843512 0.07813676 0.04867394 0.06534716 0.07894101 0.05952424 0.07922107 0.04068527 0.04714480 0.04818421 0.04130147 0.10803439 0.03953396 0.04624366 0.07688451 0.08572173 0.08588149 0.07649592 0.05940366 0.07475796 0.14325697 0.05928034 0.03444947 0.06838414 0.07449762 0.05312089 0.05776613 
0.06227577 0.03721474 0.06401755 0.07214031 0.07317299 0.06006810 0.06619973 0.06877172 0.04320214 0.07434236 0.05539464 0.08347053 0.00000000 0.08531273 0.08085926 0.10054269 0.06148934 0.04569271 0.08426393 0.05151200 0.05329438 0.07445413 0.05580841 0.04947217 0.07287485 0.06620288 0.05476943 0.04300116 0.06562802 0.10022424 0.04689550 0.04493549 0.08515059 0.06409777 0.08269579 0.09264398 0.08269827 0.07675929 0.04422614 0.10322927 0.05502621 0.09202149 0.09108839 0.05997792 0.06654915 0.11934396 0.08546901 0.06671797 0.12209832 0.06323155 0.05506495 0.05371223 0.06584919 0.07945227 0.03816312 0.06226685 0.04935253 0.05336017 0.06570794 0.04607884 0.04422144 0.05564612 0.04011847 0.05617445 0.06029204 0.06277181 0.06371260 0.05127390 0.06403017 0.04001519 0.04333021 0.06311182 0.05799482 0.05373912 0.04617459 0.07048001 0.06929089 0.06448296 0.10117075 0.06207284 0.04812761 0.07002830 0.07030390 0.04875928 0.07799301 0.08113205 0.10334365 0.10507355 
0.05777583 0.05805347 0.05208554 0.06745446 0.10762252 0.06323524 0.10678868 0.11169175 0.05685495 0.02975737 0.06389457 0.09822358 0.08531273 0.00000000 0.10440802 0.06793446 0.07740317 0.09061696 0.08206585 0.09278937 0.06653419 0.07484358 0.06373805 0.09773787 0.08441841 0.03919305 0.09125116 0.13135088 0.05631478 0.07518124 0.07721722 0.08516189 0.09371329 0.06821264 0.05712838 0.07512577 0.14290355 0.06160282 0.06356165 0.05945757 0.07396289 0.06307197 0.03718245 0.06116190 0.05090347 0.05346330 0.03895489 0.08310701 0.06491522 0.05717219 0.04756532 0.07912610 0.11841635 0.08287903 0.08878289 0.06556357 0.07659334 0.05019913 0.06515047 0.04917306 0.02817455 0.05280469 0.06276017 0.03804729 0.04205126 0.06433635 0.04422864 0.05996428 0.05192192 0.08077315 0.05451432 0.05560067 0.06302973 0.06770985 0.11329115 0.10946433 0.05485280 0.05294884 0.08988488 0.07064897 0.04583400 0.05912848 0.05896242 0.07382133 0.03943669 0.04186918 0.07708553 0.06662925 
0.05983082 0.04815950 0.09304076 0.12034757 0.05816826 0.09143728 0.05616655 0.07172590 0.03277936 0.07319520 0.02246808 0.07832367 0.08085926 0.10440802 0.00000000 0.10645705 0.09758560 0.06753707 0.02778160 0.05176840 0.05956277 0.05554031 0.08270536 0.09710883 0.06865785 0.06791486 0.07620730 0.04038865 0.09548222 0.10480364 0.05229129 0.07443199 0.02056406 0.05438020 0.06896603 0.07303667 0.04977090 0.04627851 0.05703311 0.08893447 0.11098399 0.06063692 0.07494083 0.04933002 0.05462310 0.08589584 0.04741286 0.03244915 0.09634771 0.07424853 0.04706695 0.11199470 0.00943385 0.03484954 0.07405775 0.11740509 0.04633045 0.09489978 0.07008854 0.05567832 0.08665870 0.03263970 0.04607263 0.10094496 0.07986908 0.07954269 0.15159750 0.07073945 0.08192176 0.05801718 0.02946332 0.05171214 0.10457575 0.08474770 0.09390806 0.10778345 0.06134162 0.12359700 0.04381670 0.05371682 0.06329338 0.03773062 0.03217252 0.05769886 0.06959240 0.05519848 0.04771683 0.08576526 
0.07393290 0.05482009 0.05930063 0.06964113 0.09048821 0.07888593 0.07110369 0.03441519 0.06344608 0.06369400 0.09837567 0.07178645 0.10054269 0.06793446 0.10645705 0.00000000 0.06498959 0.12091773 0.06384428 0.12494641 0.05148968 0.05230389 0.06774693 0.07403897 0.04237018 0.09527896 0.09278832 0.05348831 0.09804018 0.06489370 0.07272821 0.06601594 0.09559089 0.06453814 0.06836502 0.03254454 0.05291180 0.05402960 0.05208243 0.06652407 0.04714776 0.12254780 0.08089548 0.04483035 0.10926009 0.06011858 0.07673019 0.07173706 0.08879432 0.09056389 0.04237869 0.04923659 0.05695339 0.04256615 0.08345027 0.03125183 0.07190518 0.06108848 0.05247662 0.07093677 0.12402333 0.03413433 0.05360972 0.05976165 0.04379513 0.06732386 0.08174387 0.07210573 0.07027379 0.08720986 0.09710127 0.04628353 0.06516107 0.04418404 0.03157625 0.03045358 0.05186100 0.05222464 0.05287208 0.05409470 0.07524571 0.10821000 0.12671721 0.04760288 0.04955714 0.08548838 0.06774298 0.06053141 
0.06315380 0.10340764 0.02988564 0.07542354 0.08756491 0.08438396 0.06707907 0.04089403 0.04939072 0.09585002 0.07342671 0.06024845 0.06148934 0.07740317 0.09758560 0.06498959 0.00000000 0.05349427 0.10391102 0.06769002 0.07025844 0.05505346 0.07868012 0.05533693 0.05059210 0.05477364 0.10168592 0.07020074 0.04670094 0.05830403 0.08463740 0.05974089 0.10280340 0.05458164 0.05531393 0.10279944 0.06352355 0.05667436 0.03777010 0.05723442 0.07454612 0.05162625 0.08127086 0.09271235 0.04000027 0.06390822 0.08419452 0.11153917 0.08399768 0.05763205 0.05757818 0.06342845 0.06392455 0.10152206 0.08436005 0.09043186 0.06854647 0.10869280 0.05786289 0.08753063 0.08143578 0.04942334 0.08808120 0.12830301 0.06986811 0.05481153 0.04456198 0.07831319 0.05834426 0.06062918 0.07671921 0.04584683 0.05964165 0.07847211 0.04933111 0.06125975 0.07749783 0.03838530 0.08574891 0.06404175 0.04416805 0.04938454 0.03582667 0.06655663 0.10162328 0.05232596 0.07977717 0.05759935 
0.05167185 0.03005687 0.09522605 0.06479313 0.04538002 0.07424673 0.05342653 0.07735037 0.05525574 0.05249123 0.06474606 0.05126272 0.04569271 0.09061696 0.06753707 0.12091773 0.05349427 0.00000000 0.09895570 0.08930139 0.07398368 0.01626850 0.15221339 0.06614878 0.07268968 0.07465362 0.06196719 0.08177089 0.04124051 0.06802874 0.06140778 0.11393182 0.11826061 0.03842743 0.05783555 0.03705198 0.05142102 0.08166905 0.09949349 0.04176299 0.09826103 0.09862936 0.07516037 0.05050360 0.04953745 0.04412701 0.07753961 0.05317604 0.03740778 0.07304535 0.06768120 0.05465089 0.11299669 0.05143030 0.05082862 0.05420354 0.10843880 0.05037241 0.05263141 0.04598679 0.07704389 0.06440333 0.08424708 0.04343988 0.05201616 0.04569863 0.09534326 0.11044088 0.15306374 0.05588506 0.09514753 0.04651820 0.03648676 0.04333648 0.07623728 0.05548571 0.05428516 0.06730957 0.05158168 0.04778815 0.08679952 0.04638526 0.05004323 0.07212622 0.06798746 0.06262989 0.06331499 0.05286469 
0.04725753 0.07993481 0.06254344 0.06435213 0.05614243 0.08541847 0.04896241 0.09927335 0.04383250 0.03763000 0.04725884 0.07118916 0.08426393 0.08206585 0.02778160 0.06384428 0.10391102 0.09895570 0.00000000 0.12275517 0.09066538 0.07984911 0.07669636 0.10193978 0.03219172 0.08279914 0.10686433 0.05947562 0.08190135 0.09961176 0.11601335 0.06716051 0.05130901 0.07625456 0.05077292 0.04468477 0.07574229 0.08311270 0.05412324 0.04678044 0.08975644 0.05695119 0.05622256 0.05593360 0.05867587 0.04951943 0.03754834 0.05297925 0.04821521 0.11156051 0.03538180 0.07102463 0.04309920 0.04696507 0.05639315 0.09426633 0.13241233 0.07226130 0.07274701 0.03994936 0.10333522 0.04531586 0.08207149 0.06468607 0.07879905 0.08949986 0.06394632 0.07802160 0.04713455 0.08187551 0.07323423 0.05751691 0.08436516 0.04806834 0.07298150 0.06138357 0.07851105 0.08382197 0.06619598 0.07179279 0.04625001 0.07558150 0.05229722 0.06096905 0.05950867 0.10111912 0.04243439 0.05972577 
0.06975956 0.09033267 0.08874219 0.08506867 0.04244905 0.08446722 0.10314746 0.10246850 0.05444790 0.05419274 0.06683999 0.04661439 0.05151200 0.09278937 0.05176840 0.12494641 0.06769002 0.08930139 0.12275517 0.00000000 0.04765394 0.04206312 0.07164407 0.09182932 0.03699194 0.05218011 0.12087059 0.06233446 0.08802656 0.06116470 0.11015771 0.03650032 0.09364108 0.08880151 0.07506340 0.05222502 0.03500179 0.01399787 0.05911659 0.05582179 0.04680966 0.07940906 0.04570296 0.09686864 0.06828031 0.05212794 0.09454285 0.05209854 0.04878632 0.07080707 0.04235185 0.05390638 0.08195582 0.08650112 0.01992335 0.05272985 0.04812518 0.07614312 0.06312126 0.05193771 0.08855202 0.06892826 0.12856141 0.07165015 0.03581413 0.07412200 0.05571682 0.07282563 0.02366510 0.01851954 0.03913742 0.04682784 0.05925812 0.07351245 0.03555438 0.06396530 0.07908383 0.06971826 0.07507238 0.05546826 0.07020388 0.03973675 0.15333661 0.11566526 0.10118071 0.08818150 0.11982200 0.07125476 
0.06602761 0.06578479 0.06959122 0.06174524 0.04462619 0.03809131 0.05746859 0.09140650 0.06568232 0.04928662 0.10181223 0.06085545 0.05329438 0.06653419 0.05956277 0.05148968 0.07025844 0.07398368 0.09066538 0.04765394 0.00000000 0.05236973 0.12086334 0.09443890 0.05837106 0.08920797 0.08200402 0.06525455 0.05958545 0.07614271 0.06865158 0.08211188 0.08026324 0.05586939 0.05072931 0.02876067 0.06239586 0.05092871 0.07296629 0.04536129 0.07998257 0.05956374 0.05423562 0.05400752 0.06485038 0.05352311 0.08614841 0.06000735 0.04334671 0.07336115 0.06920893 0.08194571 0.04060277 0.02811764 0.09108050 0.06555519 0.15814499 0.07166684 0.05866295 0.08126407 0.05693040 0.08809953 0.04928991 0.06354123 0.07196446 0.04213786 0.07603978 0.05481641 0.10100144 0.08038751 0.07598581 0.06480462 0.06029068 0.06614153 0.07314640 0.08980510 0.04851170 0.06027236 0.07263446 0.05476282 0.04390767 0.07861783 0.05419860 0.05228780 0.08093812 0.05647574 0.05392791 0.07869630 
0.07404728 0.08181102 0.04791708 0.08680294 0.03997978 0.07982983 0.05710496 0.07642848 0.06225479 0.06697240 0.06453370 0.10489157 0.07445413 0.07484358 0.05554031 0.05230389 0.05505346 0.01626850 0.07984911 0.04206312 0.05236973 0.00000000 0.05145621 0.06971831 0.08304730 0.04752230 0.14616477 0.06720889 0.05559260 0.07188505 0.10606371 0.03058961 0.04312263 0.14231852 0.04152646 0.07329763 0.07497625 0.09765938 0.05983282 0.07118324 0.12509903 0.08155383 0.04105387 0.08049753 0.07991658 0.08526118 0.09290978 0.08893719 0.11079967 0.02121931 0.06838051 0.05880500 0.07434191 0.02439369 0.04598672 0.05383415 0.05359080 0.05609911 0.08409463 0.07305854 0.04096011 0.05838797 0.06901826 0.08459242 0.05085061 0.06639090 0.04900171 0.08915365 0.05126090 0.04997409 0.10187634 0.07494713 0.09497839 0.02878014 0.02632790 0.03739513 0.07372149 0.09362190 0.08142494 0.08559332 0.11570209 0.15572106 0.05504039 0.05858574 0.04256659 0.07812273 0.04845258 0.06755844 
0.05092382 0.03515460 0.06899323 0.07483076 0.07378271 0.02730345 0.04954043 0.07941138 0.06441270 0.08498190 0.08489392 0.08027806 0.05580841 0.06373805 0.08270536 0.06774693 0.07868012 0.15221339 0.07669636 0.07164407 0.12086334 0.05145621 0.00000000 0.07361432 0.04304081 0.11467034 0.11062839 0.10118559 0.06801788 0.07221764 0.05778063 0.09199015 0.06831063 0.06287903 0.07315556 0.04646596 0.04940676 0.06219754 0.10567534 0.03987097 0.05705030 0.05840452 0.06301763 0.03576151 0.04016273 0.04477522 0.09149047 0.06432900 0.04753900 0.04915299 0.07490132 0.08527911 0.04935086 0.03483523 0.08829203 0.11748627 0.11709498 0.03421340 0.05117106 0.05558376 0.05328373 0.04929297 0.04648850 0.06631181 0.07532359 0.08554193 0.08390289 0.05169827 0.09002732 0.05683858 0.08046893 0.04264835 0.03936461 0.03056902 0.13620814 0.09734574 0.06612632 0.04894718 0.04815001 0.04598730 0.02398298 0.04820356 0.04697151 0.04744814 0.06303406 0.07444857 0.11340148 0.05344958 
0.07461821 0.10049379 0.04228632 0.04718243 0.09739699 0.06537550 0.03905887 0.05502622 0.06969415 0.03575793 0.08781425 0.04132190 0.04947217 0.09773787 0.09710883 0.07403897 0.05533693 0.06614878 0.10193978 0.09182932 0.09443890 0.06971831 0.07361432 0.00000000 0.06511774 0.10666571 0.16903001 0.11023795 0.06410566 0.05092786 0.03654992 0.04766927 0.09779393 0.03780658 0.04301971 0.07203000 0.06988828 0.04966457 0.12305651 0.03652524 0.06172346 0.04552048 0.06137401 0.03428981 0.10233900 0.05025253 0.08455424 0.03537702 0.08329889 0.05621590 0.02582759 0.06390680 0.04459756 0.05268723 0.20766854 0.11533872 0.06165208 0.05520657 0.07213987 0.05172559 0.04406851 0.10498126 0.03478371 0.03557259 0.08814545 0.13220000 0.04640942 0.06558670 0.05201457 0.04491296 0.05835944 0.03834152 0.05403300 0.10292435 0.07600496 0.09338185 0.04776095 0.04745353 0.06194148 0.08741284 0.03276378 0.02632478 0.06187277 0.06753973 0.09242134 0.05119754 0.06371120 0.05659816 
0.08978316 0.06345825 0.08517362 0.05856577 0.07438855 0.07405686 0.03886331 0.09971626 0.09434170 0.06903735 0.09541965 0.06697407 0.07287485 0.08441841 0.06865785 0.04237018 0.05059210 0.07268968 0.03219172 0.03699194 0.05837106 0.08304730 0.04304081 0.06511774 0.00000000 0.08816837 0.03377529 0.08353709 0.13146725 0.05049516 0.07482655 0.05956548 0.05189197 0.06931110 0.08893282 0.17465284 0.12188584 0.08836592 0.03731693 0.11137833 0.06061637 0.05206092 0.06238105 0.07723156 0.07860168 0.07773213 0.06748221 0.05201081 0.03194429 0.04235235 0.06505308 0.05745358 0.06037291 0.08789665 0.08636528 0.05384179 0.07526376 0.11797195 0.04944544 0.04618874 0.05958632 0.02037034 0.09558020 0.05727616 0.04864347 0.05344415 0.05519771 0.04847518 0.05059577 0.09045147 0.05935969 0.07288114 0.06215461 0.08218845 0.04381001 0.09079980 0.05106587 0.07301357 0.07876250 0.07772681 0.11519515 0.03084501 0.06066151 0.05218296 0.05667356 0.06141542 0.09954954 0.07581736 
0.07604089 0.04281612 0.06273247 0.04241560 0.08519148 0.03179302 0.02454689 0.06492761 0.02639954 0.08610649 0.08751066 0.09814298 0.06620288 0.03919305 0.06791486 0.09527896 0.05477364 0.07465362 0.08279914 0.05218011 0.08920797 0.04752230 0.11467034 0.10666571 0.08816837 0.00000000 0.05930629 0.05798081 0.07528462 0.05384342 0.04458336 0.07469746 0.07852549 0.04648994 0.04437448 0.10332690 0.08670893 0.01872193 0.03948489 0.08194784 0.03056709 0.08555781 0.08843457 0.06868710 0.15242462 0.05299811 0.07623297 0.08305503 0.06762661 0.08053089 0.07887093 0.02700188 0.06173164 0.05267207 0.14770088 0.11707486 0.10412308 0.05887684 0.08832640 0.07747189 0.05190514 0.03862598 0.03382689 0.07453544 0.10271301 0.11308675 0.02146060 0.07283266 0.09048090 0.01627064 0.05925229 0.06282717 0.03902370 0.05046578 0.08288378 0.09380152 0.05174973 0.09167976 0.06794108 0.08830462 0.03103612 0.06930094 0.07000928 0.06995351 0.07184095 0.06055846 0.07263948 0.05374602 
0.06836598 0.09683768 0.04102932 0.09234963 0.05919850 0.06666620 0.04894692 0.08654992 0.05464330 0.05982901 0.04690928 0.09287337 0.05476943 0.09125116 0.07620730 0.09278832 0.10168592 0.06196719 0.10686433 0.12087059 0.08200402 0.14616477 0.11062839 0.16903001 0.03377529 0.05930629 0.00000000 0.06166186 0.07601293 0.14375090 0.04707171 0.04779203 0.09213448 0.07133427 0.03808668 0.06598150 0.08295475 0.05175365 0.12328989 0.08074823 0.05008795 0.08556573 0.00917352 0.07228632 0.06538944 0.06494551 0.07522180 0.04800236 0.03272797 0.03259957 0.02717288 0.02746194 0.09426989 0.08068057 0.05960896 0.12465655 0.04659555 0.06095093 0.05477859 0.07021113 0.06881505 0.08070768 0.05645725 0.02137684 0.04246429 0.07947440 0.08574803 0.10379436 0.04915798 0.05445546 0.03119213 0.02189916 0.09576345 0.04878669 0.07810153 0.07830964 0.07301720 0.02537325 0.04119507 0.09004515 0.03586485 0.06848732 0.07732239 0.08461997 0.05066288 0.07070327 0.03237015 0.05644663 
0.08956243 0.06394147 0.04868788 0.04140290 0.07974824 0.09099433 0.12610443 0.08364410 0.09617531 0.07691121 0.04040689 0.06589829 0.04300116 0.13135088 0.04038865 0.05348831 0.07020074 0.08177089 0.05947562 0.06233446 0.06525455 0.06720889 0.10118559 0.11023795 0.08353709 0.05798081 0.06166186 0.00000000 0.06227686 0.06327222 0.04260507 0.06857783 0.05249193 0.07394883 0.03263962 0.07743253 0.10358588 0.06874715 0.10457969 0.03650133 0.04162533 0.06679394 0.03813364 0.06657496 0.05077588 0.04505348 0.03455524 0.04121793 0.03699581 0.04479034 0.06711799 0.04930877 0.07636625 0.06399663 0.10294890 0.09242525 0.08580233 0.09041480 0.05257157 0.09824155 0.03708140 0.07950210 0.07543978 0.04817755 0.06345243 0.06337796 0.03172538 0.05038741 0.04624257 0.06879292 0.06052586 0.06222333 0.08086603 0.03911588 0.13067995 0.07324496 0.07629862 0.06491129 0.03457974 0.11562623 0.08250636 0.04494531 0.04321622 0.05793996 0.07029421 0.10107679 0.06137970 0.05472881 
0.05606806 0.04322829 0.08046118 0.06920794 0.09352010 0.10955553 0.06608115 0.07081036 0.05661432 0.03554369 0.06084562 0.04385986 0.06562802 0.05631478 0.09548222 0.09804018 0.04670094 0.04124051 0.08190135 0.08802656 0.05958545 0.05559260 0.06801788 0.06410566 0.13146725 0.07528462 0.07601293 0.06227686 0.00000000 0.05241705 0.11859803 0.06345168 0.10218678 0.09593282 0.05910330 0.07815462 0.04818878 0.09458600 0.06584047 0.07965799 0.11175129 0.06794301 0.04127563 0.06856345 0.07228414 0.07139481 0.05812476 0.02629700 0.05708548 0.08871486 0.08758650 0.06575051 0.04697320 0.03950469 0.06983896 0.10609298 0.05120819 0.09157115 0.05519834 0.07581685 0.11360901 0.03630662 0.09835424 0.07874339 0.04760110 0.05474043 0.06852755 0.08957437 0.05469081 0.06720911 0.07324764 0.05089645 0.13365107 0.05638333 0.04974048 0.06845806 0.07186547 0.07521180 0.04725009 0.04839776 0.05299865 0.05981932 0.07415216 0.07394016 0.04703687 0.06296097 0.04493587 0.07207939 
0.04405093 0.09313934 0.04603941 0.07751957 0.04581273 0.05765699 0.10083357 0.07387590 0.04624303 0.07855465 0.08411381 0.06382116 0.10022424 0.07518124 0.10480364 0.06489370 0.05830403 0.06802874 0.09961176 0.06116470 0.07614271 0.07188505 0.07221764 0.05092786 0.05049516 0.05384342 0.14375090 0.06327222 0.05241705 0.00000000 0.10977685 0.10396104 0.06630685 0.06372175 0.06276065 0.06076572 0.07163308 0.10162844 0.09639199 0.05187560 0.07379906 0.06954652 0.04968332 0.03350824 0.04305463 0.06742157 0.05333174 0.01616657 0.13366335 0.08522855 0.04323272 0.13841379 0.10805000 0.03273444 0.07233901 0.05254634 0.05297315 0.07102611 0.08537690 0.07221620 0.05500599 0.04499283 0.03962618 0.08650034 0.04127318 0.10505916 0.02924881 0.07153025 0.05532956 0.03693555 0.04109283 0.02654868 0.06805805 0.06489258 0.09418236 0.13361571 0.07930410 0.04701949 0.07137554 0.06742248 0.05694841 0.05438668 0.04746385 0.08034700 0.06090474 0.07176745 0.05557786 0.06495204 
0.05473032 0.08731586 0.02540821 0.08615015 0.12752848 0.09348413 0.06157604 0.04750289 0.07197928 0.01545250 0.06666152 0.07128997 0.04689550 0.07721722 0.05229129 0.07272821 0.08463740 0.06140778 0.11601335 0.11015771 0.06865158 0.10606371 0.05778063 0.03654992 0.07482655 0.04458336 0.04707171 0.04260507 0.11859803 0.10977685 0.00000000 0.06170560 0.08286713 0.05112021 0.04453967 0.03438454 0.05625100 0.06784826 0.09632323 0.06338369 0.04839530 0.08858247 0.06056749 0.06632489 0.02546193 0.05703068 0.05879323 0.05986708 0.08926298 0.03905426 0.08524364 0.05929349 0.08997968 0.07500219 0.07620436 0.05355264 0.05214776 0.12745699 0.06027239 0.06479534 0.02425974 0.08752987 0.03589842 0.12799796 0.06985139 0.04075309 0.09348583 0.08370458 0.06461647 0.07446952 0.06092843 0.09441215 0.06354712 0.11360531 0.07608171 0.04408979 0.04799617 0.08754253 0.04159159 0.07340303 0.11073085 0.07723463 0.11259030 0.05719644 0.06802048 0.04366706 0.03942144 0.07894361 
0.05142639 0.05483163 0.05873263 0.06285251 0.04811208 0.05364232 0.06803183 0.07737741 0.06408203 0.06224120 0.07176464 0.06300458 0.04493549 0.08516189 0.07443199 0.06601594 0.05974089 0.11393182 0.06716051 0.03650032 0.08211188 0.03058961 0.09199015 0.04766927 0.05956548 0.07469746 0.04779203 0.06857783 0.06345168 0.10396104 0.06170560 0.00000000 0.04701604 0.03161692 0.07077044 0.04887535 0.07596816 0.07227467 0.12410948 0.08026420 0.07081739 0.07567634 0.11860430 0.05955737 0.08058647 0.04494947 0.09093727 0.04186790 0.04461694 0.08870023 0.11030997 0.06864315 0.07383213 0.04188920 0.07824920 0.05244063 0.09109783 0.06048982 0.05295898 0.05074529 0.07457767 0.07163858 0.03582319 0.08488667 0.08310641 0.07562418 0.10322541 0.07769080 0.07236105 0.05819989 0.09305833 0.04162990 0.03181642 0.04758795 0.09951738 0.08444907 0.03824104 0.07627087 0.09463025 0.04773371 0.03691453 0.06183027 0.05861024 0.08519990 0.07514569 0.05672745 0.05269476 0.05463834 
0.05209967 0.03574682 0.05963288 0.07654283 0.14974034 0.02350287 0.07332507 0.04078887 0.05236201 0.04126095 0.05393397 0.07671304 0.08515059 0.09371329 0.02056406 0.09559089 0.10280340 0.11826061 0.05130901 0.09364108 0.08026324 0.04312263 0.06831063 0.09779393 0.05189197 0.07852549 0.09213448 0.05249193 0.10218678 0.06630685 0.08286713 0.04701604 0.00000000 0.07203477 0.05053215 0.04071018 0.08326956 0.05333356 0.07208201 0.05121735 0.04982321 0.09246296 0.04910102 0.05561538 0.07102077 0.06638948 0.07543430 0.07505680 0.07218636 0.04640965 0.08284286 0.04886446 0.04920061 0.10367486 0.09727597 0.03846473 0.05111712 0.05139412 0.08771000 0.05162954 0.07304101 0.07036704 0.06580870 0.06841899 0.06671953 0.02773575 0.08423742 0.13172412 0.06138493 0.04291098 0.09740889 0.07527896 0.06859350 0.04854756 0.06873406 0.05082542 0.06132033 0.03095663 0.07045500 0.06630787 0.03355778 0.06194024 0.22330674 0.04520694 0.07233652 0.07509738 0.04991805 0.06338281 
0.07799903 0.07011800 0.07300200 0.06013228 0.08642015 0.05060399 0.08058739 0.05186011 0.06911760 0.09342977 0.05440573 0.10342070 0.06409777 0.06821264 0.05438020 0.06453814 0.05458164 0.03842743 0.07625456 0.08880151 0.05586939 0.14231852 0.06287903 0.03780658 0.06931110 0.04648994 0.07133427 0.07394883 0.09593282 0.06372175 0.05112021 0.03161692 0.07203477 0.00000000 0.08282528 0.04232665 0.13027982 0.07434344 0.05832121 0.06902802 0.04851911 0.09134878 0.06339030 0.08210437 0.10010186 0.06902117 0.09879368 0.06278615 0.05698271 0.02391607 0.07427193 0.03624231 0.05833563 0.05987576 0.05840074 0.08242392 0.05141231 0.05704616 0.07167093 0.07507378 0.05871732 0.07142447 0.05361443 0.07695576 0.03982584 0.09378673 0.08269464 0.06068537 0.09482837 0.06427074 0.07664679 0.08308185 0.06936429 0.09180832 0.05675171 0.06130058 0.06849567 0.11092229 0.05175827 0.07138695 0.07514801 0.10446121 0.06324323 0.05183496 0.05571261 0.07158735 0.08722390 0.06180677 
0.05025796 0.00695638 0.07300383 0.10127411 0.10834154 0.08364428 0.03678000 0.05001518 0.06437936 0.07156504 0.05350333 0.08934312 0.08269579 0.05712838 0.06896603 0.06836502 0.05531393 0.05783555 0.05077292 0.07506340 0.05072931 0.04152646 0.07315556 0.04301971 0.08893282 0.04437448 0.03808668 0.03263962 0.05910330 0.06276065 0.04453967 0.07077044 0.05053215 0.08282528 0.00000000 0.18075945 0.03218226 0.04933410 0.05307535 0.05408049 0.05856062 0.11699546 0.08782947 0.02679661 0.09634478 0.07582576 0.03710072 0.05019558 0.06240757 0.02922237 0.15082744 0.06785707 0.08065688 0.16637201 0.04510826 0.04442553 0.03771478 0.05744499 0.10352254 0.03454923 0.08963777 0.08894295 0.01725452 0.03456131 0.09252490 0.07154042 0.06992350 0.06379975 0.09549770 0.05308881 0.08708066 0.08906468 0.04241231 0.06040373 0.08852830 0.06037404 0.05048351 0.08173561 0.14246663 0.04145700 0.05340623 0.05273351 0.06069252 0.05835203 0.09478899 0.10861899 0.09835609 0.05513488 
0.04940355 0.05138824 0.07984764 0.06777550 0.07759845 0.11215004 0.03620593 0.06427275 0.06499510 0.07897014 0.05085426 0.06882852 0.09264398 0.07512577 0.07303667 0.03254454 0.10279944 0.03705198 0.04468477 0.05222502 0.02876067 0.07329763 0.04646596 0.07203000 0.17465284 0.10332690 0.06598150 0.07743253 0.07815462 0.06076572 0.03438454 0.04887535 0.04071018 0.04232665 0.18075945 0.00000000 0.07429377 0.05904912 0.02672311 0.12688399 0.06529695 0.07692550 0.10518988 0.07886123 0.13208149 0.08530318 0.05653855 0.04215120 0.04091737 0.06570555 0.09049360 0.04437396 0.17047453 0.16081513 0.05598637 0.03501222 0.07769934 0.03320150 0.07844859 0.05757059 0.05248073 0.04085118 0.07668117 0.06247861 0.04986613 0.08626588 0.04540477 0.01238117 0.03531338 0.03104630 0.02353673 0.03300820 0.05663517 0.03671102 0.04394429 0.07784185 0.04365702 0.06628764 0.09485027 0.04595100 0.08086324 0.05084309 0.06130286 0.04636192 0.07754529 0.10036899 0.10557120 0.08457342 
0.06761877 0.05257263 0.02989993 0.06720371 0.04321588 0.05724407 0.12760714 0.05388995 0.08092989 0.07493009 0.06636606 0.09002510 0.08269827 0.14290355 0.04977090 0.05291180 0.06352355 0.05142102 0.07574229 0.03500179 0.06239586 0.07497625 0.04940676 0.06988828 0.12188584 0.08670893 0.08295475 0.10358588 0.04818878 0.07163308 0.05625100 0.07596816 0.08326956 0.13027982 0.03218226 0.07429377 0.00000000 0.06596270 0.04749570 0.04242306 0.05482292 0.02903535 0.08976528 0.06712356 0.07940149 0.06161435 0.07555071 0.08288313 0.06643104 0.06643147 0.07569330 0.06398924 0.07252938 0.01899803 0.11272034 0.09742062 0.04969413 0.08259510 0.07932429 0.05192923 0.04120774 0.08666605 0.04498332 0.05491010 0.05959259 0.04239280 0.06204106 0.06344649 0.08756428 0.06831186 0.08302034 0.04011618 0.03776355 0.09426521 0.07729770 0.10282480 0.09155078 0.10328978 0.06401537 0.07408543 0.09410840 0.03676685 0.07136118 0.04171254 0.06331954 0.06627341 0.08054167 0.06715937 
0.06903708 0.07801591 0.09154434 0.06139072 0.11888124 0.06465164 0.09831059 0.03733217 0.04487729 0.03920438 0.09151687 0.10394221 0.07675929 0.06160282 0.04627851 0.05402960 0.05667436 0.08166905 0.08311270 0.01399787 0.05092871 0.09765938 0.06219754 0.04966457 0.08836592 0.01872193 0.05175365 0.06874715 0.09458600 0.10162844 0.06784826 0.07227467 0.05333356 0.07434344 0.04933410 0.05904912 0.06596270 0.00000000 0.07348784 0.08193541 0.10593093 0.05872891 0.16082585 0.08831967 0.08204515 0.05990895 0.11096577 0.08362233 0.04842375 0.09164606 0.12225838 0.01192347 0.03951805 0.06409363 0.04795292 0.03462467 0.06354939 0.09887695 0.05445876 0.01894288 0.09576340 0.05536229 0.07385709 0.05377892 0.06069246 0.05198602 0.04817300 0.07107047 0.06626532 0.04382800 0.14210614 0.06464136 0.05318694 0.03802959 0.06950048 0.02616356 0.09192753 0.05919585 0.03563684 0.05572113 0.10888027 0.10437817 0.06311698 0.07705235 0.07527117 0.07074296 0.03602622 0.05732141 
0.05324883 0.13472596 0.07326014 0.06802099 0.06649842 0.10885926 0.06360229 0.06707506 0.13039910 0.06736071 0.07724437 0.10953073 0.04422614 0.06356165 0.05703311 0.05208243 0.03777010 0.09949349 0.05412324 0.05911659 0.07296629 0.05983282 0.10567534 0.12305651 0.03731693 0.03948489 0.12328989 0.10457969 0.06584047 0.09639199 0.09632323 0.12410948 0.07208201 0.05832121 0.05307535 0.02672311 0.04749570 0.07348784 0.00000000 0.06122450 0.07322979 0.06614887 0.04066522 0.03604486 0.11104030 0.04507039 0.03894100 0.04417866 0.03789960 0.06188145 0.05190976 0.07658232 0.08864280 0.02203559 0.06559843 0.04308160 0.06515048 0.09679952 0.05353443 0.07223217 0.02101866 0.04625804 0.04546569 0.06481772 0.06321906 0.03563137 0.05836142 0.06342786 0.07703353 0.12038032 0.07136687 0.06549797 0.06826484 0.06552877 0.12407229 0.10724827 0.04266519 0.05381306 0.04732117 0.04935586 0.03454647 0.04561396 0.02218345 0.08759261 0.06883306 0.06479041 0.06093164 0.05351250 
0.05755769 0.03115726 0.08384728 0.05859537 0.03485781 0.08476709 0.05079437 0.04104091 0.05596186 0.09475450 0.06094410 0.05824492 0.10322927 0.05945757 0.08893447 0.06652407 0.05723442 0.04176299 0.04678044 0.05582179 0.04536129 0.07118324 0.03987097 0.03652524 0.11137833 0.08194784 0.08074823 0.03650133 0.07965799 0.05187560 0.06338369 0.08026420 0.05121735 0.06902802 0.05408049 0.12688399 0.04242306 0.08193541 0.06122450 0.00000000 0.07593857 0.08805684 0.06994536 0.07478624 0.05979109 0.14144613 0.08326858 0.10477819 0.10140579 0.04649084 0.03500090 0.05314123 0.08695628 0.11429885 0.04213111 0.07062132 0.06208582 0.06810055 0.06098303 0.04835421 0.05870620 0.06448749 0.09902348 0.05937949 0.07169583 0.07829656 0.09731047 0.03615192 0.05614671 0.04129569 0.06466378 0.04916419 0.05991547 0.05664321 0.03829053 0.04100103 0.06445443 0.04088374 0.07843028 0.05547927 0.06740772 0.11181335 0.04950946 0.07682129 0.06656404 0.07177387 0.07850748 0.09269970 
0.07301325 0.06893805 0.06147933 0.05841055 0.07284772 0.07034002 0.10741280 0.16665379 0.06057484 0.06376429 0.05944771 0.03918163 0.05502621 0.07396289 0.11098399 0.04714776 0.07454612 0.09826103 0.08975644 0.04680966 0.07998257 0.12509903 0.05705030 0.06172346 0.06061637 0.03056709 0.05008795 0.04162533 0.11175129 0.07379906 0.04839530 0.07081739 0.04982321 0.04851911 0.05856062 0.06529695 0.05482292 0.10593093 0.07322979 0.07593857 0.00000000 0.07642778 0.05331828 0.14662557 0.08410840 0.07758062 0.06190752 0.06676793 0.12484344 0.06601731 0.02569458 0.10830962 0.07208767 0.01665148 0.06565459 0.06864967 0.07499867 0.05882881 0.06630129 0.05017744 0.07532403 0.05721475 0.04293796 0.13291101 0.02897410 0.05430500 0.13457857 0.05281778 0.04146584 0.06545165 0.12981641 0.06912250 0.06673846 0.05000549 0.04793340 0.05989557 0.05480453 0.01341875 0.09701593 0.05873589 0.07537220 0.04086587 0.06279303 0.08751683 0.01713222 0.04311672 0.04076217 0.05010783 
