0.00000000 0.05386698 0.05407346 0.03371554 0.02538075 0.03997435 0.03199776 0.05396470 0.03824290 0.02944645 0.03645602 0.04219642 0.04302177 0.02857193 0.03335842 0.03852082 0.03824683 0.03513464 0.02510982 0.04608332 0.03270212 0.04134360 0.03094931 0.02679348 0.04001009 0.03812521 0.03222155 0.03030221 0.02698266 0.01984856 0.02874512 0.02653589 0.04401551 0.05030979 0.03177545 0.03892349 0.03522639 0.03926969 0.03475810 0.03489469 0.03990243 0.04643798 0.03757270 0.03010559 0.03728983 0.03489469 0.03931740 0.04298713 0.03636736 0.03159195 0.03801131 0.02616264 0.05159327 0.03210054 0.02958508 0.04175758 0.04031595 0.05126530 0.04302177 0.03250961 0.04705335 0.04099079 0.04411301 0.02964991 0.05010074 0.03908422 0.02492223 0.05228834 0.03348690 0.04092676 0.03363237 0.04790780 0.03978415 0.04613329 0.02739449 0.03921390 0.04074906 0.03459864 0.03070397 0.05541169 0.03925394 0.02321533 0.02162547 0.02742044 0.02270719 0.05229445 0.04376193 0.04376193 
0.05386698 0.00000000 0.04787200 0.01339894 0.04292164 0.05857192 0.03825567 0.03287707 0.04488861 0.04000618 0.03929276 0.03477759 0.04051819 0.02660084 0.03896140 0.03181264 0.04773704 0.03125495 0.03791566 0.05336927 0.02685460 0.05212709 0.01203887 0.04421922 0.04602874 0.04523817 0.03439913 0.05283543 0.03725669 0.02975199 0.03538728 0.00783104 0.03479769 0.05673810 0.01259915 0.04568846 0.03600483 0.03564810 0.04413270 0.02464062 0.02023279 0.02850852 0.01948690 0.03808445 0.03799660 0.02464062 0.03826805 0.03636624 0.04132755 0.03432658 0.01934359 0.03128344 0.04358508 0.04178668 0.04023892 0.04506311 0.04485755 0.03984249 0.04051819 0.04292842 0.04801131 0.04173551 0.05101747 0.03327765 0.04250035 0.04942462 0.03614422 0.04344778 0.04114632 0.05029974 0.01427143 0.03479478 0.04431609 0.04489427 0.01919101 0.03906802 0.04123403 0.02436108 0.01790529 0.05937916 0.04110576 0.03698284 0.03787500 0.03731733 0.03508061 0.04146088 0.04283345 0.04283345 
0.05407346 0.04787200 0.00000000 0.05153009 0.04576272 0.04697051 0.02704648 0.03651382 0.03342602 0.04131910 0.03770902 0.04175186 0.03673236 0.04003653 0.04043364 0.03035206 0.02770791 0.03975364 0.03627529 0.03251507 0.03614002 0.03189407 0.03946577 0.03120951 0.04770347 0.03611112 0.03702418 0.03494379 0.03994117 0.05003306 0.03015055 0.03504538 0.03846712 0.04554377 0.05782598 0.06083344 0.03315033 0.04298614 0.04214804 0.03277953 0.01731080 0.04579979 0.00954772 0.02322235 0.05516153 0.03277953 0.04313941 0.04371773 0.03656583 0.02826974 0.02904873 0.02818865 0.06080641 0.05486805 0.03173490 0.02727224 0.02023123 0.04066735 0.03673236 0.03912366 0.05948382 0.03393714 0.04068679 0.03890814 0.05420269 0.04900126 0.02704780 0.02032376 0.03646707 0.02450922 0.03170052 0.03747066 0.01829510 0.04318209 0.03390110 0.04744893 0.03763642 0.01264766 0.05579109 0.05136830 0.04120074 0.01317583 0.03554655 0.05005728 0.02434262 0.04776559 0.04028696 0.04028696 
0.03371554 0.01339894 0.05153009 0.00000000 0.02577285 0.05345398 0.02722864 0.04730194 0.03103461 0.06136464 0.03314135 0.03004835 0.03704775 0.04852620 0.03760631 0.04587975 0.05750874 0.04995216 0.03985362 0.03249819 0.03949008 0.03103349 0.05321042 0.02638311 0.03904486 0.01145646 0.04668627 0.03521935 0.04677785 0.04267236 0.03882328 0.05150781 0.03260558 0.03138652 0.07066658 0.02892288 0.03991908 0.01894863 0.04539734 0.04927820 0.06440222 0.06275490 0.03217796 0.02611506 0.04644978 0.04927820 0.05046300 0.07455006 0.02970332 0.03370092 0.04245149 0.02290374 0.03558814 0.03507980 0.03240789 0.03414442 0.02032441 0.04635813 0.03704775 0.02337690 0.05091144 0.03552356 0.02843068 0.03683294 0.03357245 0.02950032 0.03927019 0.02135195 0.03638711 0.02167473 0.05053872 0.04605851 0.02331854 0.03676868 0.03992225 0.04023789 0.02653976 0.03979614 0.05419288 0.02299919 0.04065173 0.03295351 0.01760237 0.03673110 0.03610215 0.02508460 0.02843386 0.02843386 
0.02538075 0.04292164 0.04576272 0.02577285 0.00000000 0.05345890 0.03238086 0.03503446 0.05561067 0.02878096 0.02743399 0.03792958 0.03670565 0.02639588 0.03520690 0.03704248 0.02718431 0.02112932 0.03171391 0.05543762 0.02926753 0.04282203 0.03087198 0.04403042 0.03820015 0.03432466 0.03734478 0.03840172 0.04932263 0.02820473 0.04949117 0.03937168 0.04602313 0.03196936 0.05219216 0.02093818 0.01513632 0.05446611 0.04390613 0.03998589 0.02569779 0.03369713 0.02880025 0.03321879 0.03593747 0.03998589 0.02374103 0.03401053 0.05669393 0.04225478 0.03269565 0.03133962 0.02870907 0.07754485 0.06016609 0.03090660 0.00937578 0.03801785 0.03670565 0.04683126 0.03292481 0.04121278 0.03160851 0.07284978 0.03807170 0.05596465 0.03384782 0.02364700 0.05498968 0.03942287 0.02842547 0.03248028 0.03854030 0.03432671 0.03660780 0.02745374 0.04874669 0.03021800 0.04694934 0.04155098 0.05149156 0.02794613 0.04469310 0.04784296 0.04350997 0.04312476 0.03129223 0.03129223 
0.03997435 0.05857192 0.04697051 0.05345398 0.05345890 0.00000000 0.06499467 0.02147401 0.06708488 0.06666360 0.02884885 0.02755005 0.03940125 0.03831013 0.03434148 0.02176359 0.07530200 0.02958227 0.03067671 0.04483512 0.02679727 0.02964034 0.03025642 0.01858729 0.05510681 0.02808902 0.03532626 0.04184939 0.04294624 0.05156688 0.03845084 0.03614386 0.00452197 0.04707974 0.04695020 0.02869484 0.03416345 0.04439357 0.04555713 0.02999140 0.03223666 0.03852722 0.02041311 0.04831134 0.03091784 0.02999140 0.03408887 0.07408862 0.02641569 0.02008438 0.02383741 0.01492847 0.02964126 0.01280203 0.04119687 0.02898597 0.01059005 0.04970333 0.03940125 0.04002805 0.04383282 0.03007593 0.04536925 0.02977722 0.03793807 0.04369982 0.00909272 0.02102456 0.06921839 0.04140028 0.01442630 0.04943743 0.04082355 0.04272829 0.03870370 0.06053442 0.05884604 0.02707483 0.03357916 0.03414770 0.06172680 0.02034290 0.03936389 0.02212334 0.02930372 0.02182621 0.04537976 0.04537976 
0.03199776 0.03825567 0.02704648 0.02722864 0.03238086 0.06499467 0.00000000 0.03950880 0.04055421 0.03873514 0.01544087 0.04458867 0.03486100 0.04462317 0.05386241 0.03323874 0.03727162 0.03754912 0.03156825 0.03678392 0.02701965 0.03201309 0.03034471 0.04678449 0.02501449 0.04220411 0.02573166 0.04676385 0.02646817 0.03267941 0.04050338 0.04406105 0.01725009 0.04235755 0.04404022 0.05055989 0.04632899 0.03911360 0.05098510 0.04325440 0.02049220 0.03260124 0.05983402 0.03866284 0.03493216 0.04325440 0.02517616 0.03877118 0.03295115 0.02418415 0.02295120 0.04970257 0.03956017 0.02576690 0.03498228 0.03049270 0.04157977 0.04110899 0.03486100 0.04158349 0.02191699 0.04127493 0.02755369 0.02687203 0.04280206 0.04893308 0.03315452 0.03927771 0.04339643 0.04195535 0.03286453 0.04686017 0.05333621 0.04111664 0.06133669 0.05700242 0.05184947 0.03395312 0.03612983 0.02748281 0.03948631 0.05816111 0.03656156 0.03031664 0.04359953 0.03912730 0.04887509 0.04887509 
0.05396470 0.03287707 0.03651382 0.04730194 0.03503446 0.02147401 0.03950880 0.00000000 0.03121133 0.03720912 0.04478589 0.07073360 0.03559729 0.03918775 0.02807004 0.04789579 0.04457578 0.04257391 0.03107354 0.02871349 0.03752609 0.04473530 0.04150577 0.03155719 0.02611564 0.04488757 0.03986121 0.02440098 0.02055780 0.06232870 0.03658494 0.05025164 0.04635594 0.03526520 0.04281802 0.03149648 0.04473308 0.03392418 0.05831218 0.03395463 0.04125173 0.03461575 0.04304481 0.02351576 0.05007102 0.03395463 0.03604287 0.05561440 0.03041190 0.03243870 0.04879100 0.01727977 0.05188984 0.04157831 0.03861516 0.02744419 0.04343831 0.04466019 0.03559729 0.04975127 0.03190520 0.02005288 0.02613834 0.03984212 0.03604536 0.03925215 0.02720071 0.05184258 0.04279881 0.04799298 0.03549457 0.05662566 0.03283709 0.03600338 0.04892474 0.04932359 0.03598253 0.02436260 0.03884058 0.03686219 0.01690930 0.04529686 0.01956617 0.02772711 0.04406994 0.03048926 0.03148955 0.03148955 
0.03824290 0.04488861 0.03342602 0.03103461 0.05561067 0.06708488 0.04055421 0.03121133 0.00000000 0.04090526 0.04459625 0.03045968 0.03449930 0.03577641 0.02355920 0.02617848 0.03829596 0.02399941 0.03041230 0.04689757 0.03022825 0.03366741 0.02687214 0.03533350 0.03889986 0.04101523 0.03210271 0.03456692 0.03345837 0.03971034 0.02823517 0.03809373 0.03288859 0.03678409 0.03709000 0.03903761 0.03464120 0.05511550 0.04081066 0.03229333 0.03323700 0.03899350 0.04608024 0.04299665 0.04311718 0.03229333 0.03559410 0.03129360 0.04755026 0.03244764 0.03118584 0.03765824 0.03042659 0.04750782 0.05126062 0.02377305 0.05181129 0.03227693 0.03449930 0.04090301 0.05602102 0.04552663 0.03956566 0.04147197 0.03754835 0.04534069 0.02583808 0.04310396 0.05483826 0.05653848 0.02855694 0.03380535 0.03917128 0.04454558 0.03689310 0.04109858 0.04308003 0.04905813 0.05034032 0.03407752 0.05566019 0.03103628 0.03899871 0.02802417 0.04040562 0.02009609 0.03550095 0.03550095 
0.02944645 0.04000618 0.04131910 0.06136464 0.02878096 0.06666360 0.03873514 0.03720912 0.04090526 0.00000000 0.03672605 0.03262189 0.03577857 0.03885880 0.03967842 0.03322851 0.05543471 0.02233318 0.04346145 0.04545448 0.02261324 0.02786521 0.03413763 0.01976877 0.02936708 0.02867224 0.03002877 0.05636892 0.02215237 0.04618085 0.02811477 0.03596518 0.01902385 0.04176922 0.05365753 0.03562597 0.03864849 0.03961543 0.03362802 0.05110797 0.04416962 0.04167345 0.03246344 0.04860692 0.03698326 0.05110797 0.04499050 0.06389025 0.02335509 0.02169167 0.03293135 0.01972775 0.04281657 0.04426085 0.03369813 0.03715038 0.03083223 0.05098881 0.03577857 0.04112011 0.02961774 0.03593009 0.03514594 0.02447591 0.04180479 0.05658427 0.02868310 0.03905140 0.05971074 0.03915901 0.04159141 0.05423775 0.03863633 0.05676004 0.03165695 0.03550957 0.03728562 0.03016650 0.05972804 0.02926767 0.02641785 0.03306482 0.03763338 0.02920346 0.04429225 0.02910941 0.03523651 0.03523651 
0.03645602 0.03929276 0.03770902 0.03314135 0.02743399 0.02884885 0.01544087 0.04478589 0.04459625 0.03672605 0.00000000 0.03912738 0.03727867 0.03943638 0.02577051 0.03397128 0.02599377 0.04331622 0.02762903 0.03614167 0.05669324 0.03035605 0.04437153 0.02855609 0.04250973 0.02707058 0.03408944 0.03277319 0.03771950 0.03359284 0.04010476 0.04357195 0.04962452 0.04430312 0.02934663 0.02612157 0.04593535 0.01459936 0.02948641 0.03071899 0.04091121 0.02334532 0.04708369 0.04822707 0.03407376 0.03071899 0.07155718 0.01772838 0.04737919 0.06965016 0.05790077 0.05110272 0.03705421 0.02717167 0.02460618 0.02566692 0.03649147 0.01531762 0.03727867 0.04127543 0.05124800 0.04862889 0.05758029 0.04878813 0.02443371 0.02433714 0.03758917 0.04432973 0.05810401 0.05613020 0.05026257 0.02945023 0.04375006 0.06351053 0.04110356 0.04328886 0.04884555 0.03680862 0.03602191 0.03100769 0.01845387 0.03347439 0.03955631 0.03059042 0.02212940 0.02876984 0.04022239 0.04022239 
0.04219642 0.03477759 0.04175186 0.03004835 0.03792958 0.02755005 0.04458867 0.07073360 0.03045968 0.03262189 0.03912738 0.00000000 0.03497239 0.04576089 0.03535439 0.04715584 0.04272148 0.03198814 0.03324832 0.02982259 0.02640240 0.04586847 0.03070052 0.02988582 0.02545951 0.04748584 0.04030060 0.02842829 0.03468105 0.06566185 0.05885509 0.03934008 0.02645649 0.03700144 0.03476179 0.04479045 0.04880156 0.03504681 0.04402274 0.02951965 0.02364499 0.03004447 0.03708190 0.03313235 0.05924446 0.02951965 0.02907058 0.03007308 0.03155729 0.03468276 0.05348024 0.04018446 0.05127624 0.03278757 0.03382271 0.05959419 0.03012017 0.04816599 0.03497239 0.04788505 0.03375455 0.02937585 0.02601394 0.05250701 0.03137100 0.04436572 0.02266729 0.03458448 0.03769753 0.04132444 0.02214622 0.03318315 0.04627897 0.04120918 0.05086300 0.04450341 0.03373576 0.02648170 0.04051524 0.05227534 0.02104500 0.03990466 0.03920724 0.03267781 0.06081861 0.03993153 0.03578281 0.03578281 
0.04302177 0.04051819 0.03673236 0.03704775 0.03670565 0.03940125 0.03486100 0.03559729 0.03449930 0.03577857 0.03727867 0.03497239 0.00000000 0.03458315 0.03513405 0.03694825 0.03437104 0.03705403 0.03517533 0.03747501 0.04112757 0.03662041 0.03666023 0.03687766 0.03440283 0.03572396 0.03412182 0.03817239 0.03533420 0.03613250 0.03435639 0.03757746 0.03737371 0.03691499 0.03786496 0.03936666 0.03577104 0.03647878 0.03742396 0.04165424 0.03633842 0.03552787 0.03784347 0.03822012 0.03461357 0.04165424 0.03605350 0.03586340 0.03780187 0.03625653 0.03736392 0.04024136 0.03604221 0.03586670 0.03467807 0.03739304 0.04006832 0.03459396 0.04409445 0.03454005 0.03588896 0.03518078 0.03727546 0.03535743 0.03449100 0.03628482 0.03592884 0.03569885 0.03428050 0.03520945 0.03727308 0.03603854 0.03538037 0.03794507 0.03763714 0.03789417 0.03675252 0.03674546 0.04009895 0.04160958 0.03763239 0.03583493 0.03934218 0.03466776 0.03604804 0.04312536 0.04437827 0.04437827 
0.02857193 0.02660084 0.04003653 0.04852620 0.02639588 0.03831013 0.04462317 0.03918775 0.03577641 0.03885880 0.03943638 0.04576089 0.03458315 0.00000000 0.03968201 0.04268549 0.03636189 0.03987841 0.03829730 0.03048797 0.04079810 0.02573081 0.03984780 0.02782790 0.03803436 0.04251493 0.02866452 0.04714541 0.02945471 0.03969159 0.04090719 0.04504561 0.02045013 0.02473867 0.04196115 0.05349229 0.07555335 0.03743184 0.04514557 0.03096126 0.03600595 0.03807232 0.04786522 0.03108396 0.04407600 0.03096126 0.03959024 0.03811094 0.02559981 0.03755083 0.03726450 0.02690936 0.04542019 0.02507304 0.02959445 0.03429560 0.04039838 0.03979393 0.03458315 0.04208155 0.02644408 0.03796245 0.03523945 0.03690615 0.03504054 0.03431274 0.02996843 0.04108268 0.03919076 0.03855427 0.03668719 0.03022351 0.03105335 0.03778583 0.05824618 0.06169805 0.03518307 0.07003760 0.04850848 0.02831331 0.06030949 0.03240008 0.03318007 0.03634180 0.03710678 0.03294046 0.04847675 0.04847675 
0.03335842 0.03896140 0.04043364 0.03760631 0.03520690 0.03434148 0.05386241 0.02807004 0.02355920 0.03967842 0.02577051 0.03535439 0.03513405 0.03968201 0.00000000 0.02970792 0.03819861 0.03895752 0.04140921 0.03278380 0.03086236 0.04020735 0.04075703 0.06313427 0.03136641 0.04794282 0.04481929 0.03169205 0.03828425 0.02400973 0.03364050 0.03918912 0.04247305 0.02924580 0.04561208 0.06894117 0.03807947 0.02612292 0.03636814 0.04908428 0.03260036 0.03477326 0.04345129 0.03613277 0.03831464 0.04908428 0.03418004 0.03199788 0.02759328 0.03496818 0.02167907 0.04581060 0.02959774 0.02677925 0.05087411 0.04693545 0.03372798 0.03186070 0.03513405 0.02902084 0.02747036 0.03562600 0.06273424 0.03002049 0.03797486 0.03444685 0.06558110 0.03981657 0.03552445 0.03503017 0.03971122 0.02371110 0.03171710 0.04420022 0.06052825 0.05346111 0.04231199 0.03127119 0.03345883 0.02738858 0.01863233 0.03584827 0.04826393 0.03929788 0.04443953 0.04320868 0.05047489 0.05047489 
0.03852082 0.03181264 0.03035206 0.04587975 0.03704248 0.02176359 0.03323874 0.04789579 0.02617848 0.03322851 0.03397128 0.04715584 0.03694825 0.04268549 0.02970792 0.00000000 0.04134804 0.06255373 0.03325997 0.03795253 0.03242558 0.04033033 0.04235301 0.03940553 0.02707094 0.04991611 0.04760488 0.02278705 0.04341492 0.04021097 0.05016655 0.04432245 0.04808877 0.03084012 0.03985514 0.06281085 0.04816978 0.04574629 0.03520351 0.02530629 0.03225054 0.05753828 0.03702116 0.02740315 0.04959653 0.02530629 0.02682597 0.03490389 0.02538987 0.01924320 0.04732828 0.02875388 0.02759635 0.01664812 0.04099228 0.04653169 0.04051620 0.04307444 0.03694825 0.05025390 0.05079464 0.04633036 0.02975307 0.04036197 0.03187459 0.06596167 0.03314123 0.05439583 0.03105878 0.02643589 0.03064749 0.01686956 0.04144750 0.02611028 0.02793736 0.04805766 0.03324580 0.01986412 0.04132211 0.02823009 0.03918869 0.06338983 0.04796108 0.03522468 0.04733665 0.04329090 0.02884862 0.02884862 
0.03824683 0.04773704 0.02770791 0.05750874 0.02718431 0.07530200 0.03727162 0.04457578 0.03829596 0.05543471 0.02599377 0.04272148 0.03437104 0.03636189 0.03819861 0.04134804 0.00000000 0.03970969 0.04136841 0.04962046 0.02045142 0.03996678 0.03810582 0.02529995 0.03766169 0.03074070 0.03499175 0.04318614 0.03973517 0.04760749 0.04034275 0.03841290 0.02586822 0.04503407 0.03612918 0.03012114 0.03891712 0.03426697 0.04564230 0.03487197 0.04809147 0.04482604 0.02048600 0.05022612 0.04223814 0.03487197 0.03513382 0.06523276 0.04060586 0.02952892 0.01655004 0.03858974 0.03950463 0.03494673 0.04113454 0.04949738 0.02300683 0.04848186 0.03437104 0.03861882 0.02905415 0.02737180 0.02940008 0.03513939 0.04945439 0.03367020 0.02965955 0.04062448 0.04615065 0.03053340 0.02680748 0.04499592 0.03124045 0.04339753 0.03947443 0.04456400 0.05372963 0.02835125 0.04088028 0.04239865 0.03934160 0.03863409 0.03198187 0.03497865 0.04600021 0.02595313 0.03350433 0.03350433 
0.03513464 0.03125495 0.03975364 0.04995216 0.02112932 0.02958227 0.03754912 0.04257391 0.02399941 0.02233318 0.04331622 0.03198814 0.03705403 0.03987841 0.03895752 0.06255373 0.03970969 0.00000000 0.04858276 0.02524467 0.04473492 0.04092805 0.07923965 0.04468463 0.03135095 0.05935234 0.04723996 0.02513293 0.03563516 0.04237343 0.03681517 0.05807749 0.06578494 0.01373822 0.03626475 0.03061944 0.03050729 0.04496079 0.05205731 0.02278644 0.04680591 0.04494690 0.03374652 0.01613728 0.03879323 0.02278644 0.03405154 0.03699642 0.01791727 0.03400455 0.04006311 0.02371546 0.04686241 0.01573671 0.04421359 0.04392470 0.06293875 0.03841426 0.03705403 0.02796249 0.03820376 0.04017356 0.04671797 0.02061946 0.02853007 0.02488759 0.04818572 0.04652195 0.04232922 0.02826012 0.04703292 0.02550476 0.02585087 0.03027874 0.03952489 0.04251010 0.05375199 0.03705591 0.04232558 0.02561144 0.03833228 0.03700285 0.04764062 0.05470043 0.03810606 0.03773451 0.02860805 0.02860805 
0.02510982 0.03791566 0.03627529 0.03985362 0.03171391 0.03067671 0.03156825 0.03107354 0.03041230 0.04346145 0.02762903 0.03324832 0.03517533 0.03829730 0.04140921 0.03325997 0.04136841 0.04858276 0.00000000 0.04394303 0.05510356 0.04224737 0.05555951 0.06683109 0.03443988 0.04661243 0.03938792 0.06568113 0.04006244 0.03604994 0.04034569 0.05264835 0.03010464 0.03741421 0.03596840 0.03923410 0.04471129 0.03868809 0.04554999 0.02307366 0.04187669 0.04886109 0.02891039 0.03014626 0.03535080 0.02307366 0.01807039 0.05117531 0.02848848 0.02746917 0.02354026 0.03802345 0.03327107 0.04908873 0.03986271 0.02835009 0.06347098 0.04282581 0.03517533 0.02987447 0.03356269 0.03281360 0.03256137 0.02859341 0.04019777 0.04197650 0.03234564 0.03423574 0.03072382 0.03615524 0.03613908 0.04179826 0.03299372 0.03118920 0.04743470 0.03746732 0.03917422 0.03822345 0.04707252 0.04408817 0.04586026 0.05094050 0.03425126 0.05179903 0.04291039 0.02717344 0.03274105 0.03274105 
0.04608332 0.05336927 0.03251507 0.03249819 0.05543762 0.04483512 0.03678392 0.02871349 0.04689757 0.04545448 0.03614167 0.02982259 0.03747501 0.03048797 0.03278380 0.03795253 0.04962046 0.02524467 0.04394303 0.00000000 0.03052979 0.05034622 0.03150166 0.04227457 0.04156829 0.03175161 0.03093087 0.05431148 0.05518461 0.01803796 0.02970779 0.00651883 0.04275783 0.05387191 0.00957556 0.03959529 0.03960186 0.04075843 0.01385909 0.03841745 0.04334420 0.03962068 0.03104654 0.04945291 0.03029803 0.03841745 0.04242831 0.03781729 0.05913557 0.04402179 0.03907142 0.04187701 0.03499122 0.04567227 0.03018920 0.03483564 0.03279978 0.04556354 0.03747501 0.04027604 0.04239157 0.04566171 0.04096579 0.04758676 0.03701823 0.05145050 0.03506565 0.03199609 0.03315368 0.03828242 0.01834336 0.02111495 0.06453238 0.04085890 0.01648359 0.03459458 0.04279256 0.03546619 0.01492234 0.04526726 0.05504278 0.03573760 0.04703574 0.03819676 0.02960592 0.02833460 0.03964692 0.03964692 
0.03270212 0.02685460 0.03614002 0.03949008 0.02926753 0.02679727 0.02701965 0.03752609 0.03022825 0.02261324 0.05669324 0.02640240 0.04112757 0.04079810 0.03086236 0.03242558 0.02045142 0.04473492 0.05510356 0.03052979 0.00000000 0.04237720 0.04911502 0.05270692 0.03771192 0.04548860 0.04955230 0.02854843 0.04480766 0.04410279 0.03204259 0.05020407 0.05274201 0.02599649 0.03750558 0.02588308 0.04034790 0.02442097 0.03310407 0.03049110 0.04528033 0.03605465 0.04490671 0.03372776 0.02739145 0.03049110 0.05039677 0.02642024 0.02833071 0.05618213 0.05215240 0.04497789 0.03489523 0.03614408 0.02769284 0.03144357 0.04232742 0.04000147 0.04112757 0.03299636 0.03782121 0.03946674 0.03375997 0.03734703 0.02577012 0.02175138 0.04540685 0.02732224 0.03969642 0.04227744 0.05236683 0.03967196 0.03695531 0.02770015 0.03880000 0.03978111 0.02450446 0.05182211 0.04264313 0.03131413 0.03230164 0.04391432 0.03278086 0.04974917 0.03371158 0.03494290 0.04579426 0.04579426 
0.04134360 0.05212709 0.03189407 0.03103349 0.04282203 0.02964034 0.03201309 0.04473530 0.03366741 0.02786521 0.03035605 0.04586847 0.03662041 0.02573081 0.04020735 0.04033033 0.03996678 0.04092805 0.04224737 0.05034622 0.04237720 0.00000000 0.01254314 0.05511878 0.03975843 0.06453067 0.05965329 0.04417783 0.03641041 0.02566698 0.03169964 0.00000000 0.04769428 0.05224282 0.02181387 0.03528925 0.03174914 0.03507309 0.02535510 0.04975735 0.03477674 0.03074848 0.02732665 0.04605763 0.04055164 0.04975735 0.03876034 0.04150187 0.04801196 0.02994597 0.03481393 0.03968896 0.05179079 0.04565108 0.04147343 0.06361067 0.04101624 0.04444601 0.03662041 0.03795504 0.04412060 0.04697659 0.05187353 0.02992140 0.02944573 0.03883192 0.04901560 0.04549839 0.01984035 0.04172904 0.02729557 0.03818372 0.04507718 0.03581935 0.00923419 0.01512434 0.02129310 0.03044715 0.01068998 0.05330694 0.03242793 0.04292593 0.05561941 0.03781398 0.03731123 0.04582099 0.03556957 0.03556957 
0.03094931 0.01203887 0.03946577 0.05321042 0.03087198 0.03025642 0.03034471 0.04150577 0.02687214 0.03413763 0.04437153 0.03070052 0.03666023 0.03984780 0.04075703 0.04235301 0.03810582 0.07923965 0.05555951 0.03150166 0.04911502 0.01254314 0.00000000 0.04601692 0.03776968 0.04196287 0.03099662 0.03756610 0.04911120 0.04551975 0.03794225 0.06240961 0.05302829 0.01579323 0.04684368 0.02557554 0.03634296 0.04001792 0.04583422 0.02010201 0.06095555 0.03822494 0.04133386 0.02506900 0.03105134 0.02010201 0.03328441 0.04889537 0.02312159 0.04953967 0.04324223 0.03664156 0.03803922 0.02733536 0.04440070 0.01851647 0.04932667 0.04142232 0.03666023 0.02796763 0.03171302 0.02635778 0.03234079 0.03604889 0.04428552 0.04202674 0.04107351 0.03981359 0.04058498 0.02932053 0.05131769 0.04374532 0.02969182 0.02519898 0.05344376 0.04131278 0.05922927 0.03283230 0.04395474 0.02229456 0.03335681 0.03743638 0.02796869 0.06547942 0.03950928 0.03305817 0.02726518 0.02726518 
0.02679348 0.04421922 0.03120951 0.02638311 0.04403042 0.01858729 0.04678449 0.03155719 0.03533350 0.01976877 0.02855609 0.02988582 0.03687766 0.02782790 0.06313427 0.03940553 0.02529995 0.04468463 0.06683109 0.04227457 0.05270692 0.05511878 0.04601692 0.00000000 0.03038982 0.05572321 0.05797759 0.05136032 0.03844074 0.02969152 0.02956945 0.03571872 0.06279393 0.03511119 0.01091698 0.05427634 0.03121116 0.06126738 0.04000711 0.03591989 0.03045386 0.03743271 0.03167884 0.04707240 0.04189438 0.03591989 0.02802964 0.01488386 0.02797269 0.03550458 0.03334404 0.01190082 0.03138415 0.04746381 0.06151229 0.03909063 0.04225423 0.03332411 0.03687766 0.02717103 0.03630978 0.01393848 0.07788800 0.01561893 0.06232004 0.06167338 0.05850021 0.03876338 0.04094933 0.03569160 0.02099790 0.00638237 0.02722777 0.02842846 0.02894013 0.02707457 0.03435595 0.02582677 0.03491166 0.04064427 0.04090840 0.04087421 0.05453695 0.04441280 0.04739434 0.03055763 0.03955222 0.03955222 
0.04001009 0.04602874 0.04770347 0.03904486 0.03820015 0.05510681 0.02501449 0.02611564 0.03889986 0.02936708 0.04250973 0.02545951 0.03440283 0.03803436 0.03136641 0.02707094 0.03766169 0.03135095 0.03443988 0.04156829 0.03771192 0.03975843 0.03776968 0.03038982 0.00000000 0.02845168 0.03909209 0.05146698 0.05813788 0.04468844 0.03284178 0.03029886 0.03542320 0.04490988 0.03979739 0.04021621 0.04010300 0.04182679 0.03233759 0.04429294 0.03765854 0.04100011 0.03140210 0.04006670 0.03554376 0.04429294 0.04435748 0.04520173 0.05390568 0.04371394 0.04804930 0.04051524 0.04260562 0.03544646 0.03680660 0.04013068 0.04024666 0.03694963 0.03440283 0.03637332 0.05289162 0.02982154 0.05057438 0.05113638 0.04096398 0.03432766 0.04021169 0.03195663 0.03177273 0.03556050 0.03745664 0.03881736 0.03624274 0.03306530 0.02246872 0.03427216 0.04062347 0.03951927 0.03024857 0.03943311 0.05612566 0.04278752 0.02689432 0.03996022 0.02905915 0.03540541 0.03463902 0.03463902 
0.03812521 0.04523817 0.03611112 0.01145646 0.03432466 0.02808902 0.04220411 0.04488757 0.04101523 0.02867224 0.02707058 0.04748584 0.03572396 0.04251493 0.04794282 0.04991611 0.03074070 0.05935234 0.04661243 0.03175161 0.04548860 0.06453067 0.04196287 0.05572321 0.02845168 0.00000000 0.04663906 0.04662487 0.02365187 0.03229488 0.02654866 0.02925898 0.04704123 0.03634296 0.03826267 0.06357113 0.05548669 0.03312150 0.02982563 0.02884011 0.01824779 0.02282668 0.03470489 0.04025061 0.04214306 0.02884011 0.03041489 0.03770293 0.02658495 0.02621786 0.03303614 0.02427633 0.04128126 0.04872072 0.04254801 0.06111591 0.05726546 0.03622124 0.03572396 0.04859475 0.03600421 0.03943034 0.04014762 0.01807181 0.03323353 0.06120417 0.03517116 0.03842068 0.02779131 0.03673752 0.02437931 0.04002021 0.03515640 0.02475361 0.03521667 0.03931667 0.02511205 0.02328254 0.05216972 0.05371228 0.02472999 0.04167492 0.05498502 0.03962811 0.04508820 0.04040890 0.03459654 0.03459654 
0.03222155 0.03439913 0.03702418 0.04668627 0.03734478 0.03532626 0.02573166 0.03986121 0.03210271 0.03002877 0.03408944 0.04030060 0.03412182 0.02866452 0.04481929 0.04760488 0.03499175 0.04723996 0.03938792 0.03093087 0.04955230 0.05965329 0.03099662 0.05797759 0.03909209 0.04663906 0.00000000 0.03884390 0.04645586 0.03987947 0.03461176 0.03817443 0.05420634 0.03068852 0.04749541 0.02318705 0.02517502 0.03000179 0.02925996 0.04441251 0.05168330 0.04498455 0.02565597 0.03485370 0.04055277 0.04441251 0.03686085 0.04193123 0.02910809 0.02985340 0.03777668 0.03100163 0.03446655 0.03365048 0.05430937 0.05677309 0.02555372 0.04478387 0.03412182 0.03482548 0.05344558 0.04345071 0.04801386 0.04229552 0.03407849 0.02482022 0.06548597 0.03577419 0.03252038 0.02835835 0.05097223 0.03253441 0.02814024 0.03836833 0.02691304 0.03014264 0.02390069 0.03880692 0.03256724 0.04811259 0.03770181 0.04361806 0.05248659 0.03149839 0.04455522 0.04271685 0.03095925 0.03095925 
0.03030221 0.05283543 0.03494379 0.03521935 0.03840172 0.04184939 0.04676385 0.02440098 0.03456692 0.05636892 0.03277319 0.02842829 0.03817239 0.04714541 0.03169205 0.02278705 0.04318614 0.02513293 0.06568113 0.05431148 0.02854843 0.04417783 0.03756610 0.05136032 0.05146698 0.04662487 0.03884390 0.00000000 0.04866709 0.02995097 0.04096165 0.03600403 0.01805688 0.05112471 0.03201836 0.03605594 0.04800761 0.03808479 0.05067837 0.02316562 0.02768578 0.03499017 0.02608966 0.06718715 0.03352780 0.02316562 0.03061096 0.04467022 0.01784571 0.01998706 0.02550366 0.02952291 0.03239232 0.03154062 0.05033742 0.03834206 0.05751796 0.04615910 0.03817239 0.04423931 0.04064850 0.03348783 0.03376809 0.02744738 0.04424890 0.05384245 0.03404589 0.03957280 0.04239985 0.04192698 0.02154543 0.03609798 0.04169231 0.02411064 0.03093662 0.04007692 0.03821151 0.03555401 0.02560176 0.05723225 0.04768455 0.03585077 0.02074508 0.05220626 0.03681936 0.03002375 0.02944952 0.02944952 
0.02698266 0.03725669 0.03994117 0.04677785 0.04932263 0.04294624 0.02646817 0.02055780 0.03345837 0.02215237 0.03771950 0.03468105 0.03533420 0.02945471 0.03828425 0.04341492 0.03973517 0.03563516 0.04006244 0.05518461 0.04480766 0.03641041 0.04911120 0.03844074 0.05813788 0.02365187 0.04645586 0.04866709 0.00000000 0.04493665 0.04218959 0.03858762 0.04753051 0.03757891 0.03603755 0.01364043 0.02568996 0.03484128 0.02572506 0.03048327 0.04433149 0.04218769 0.03628225 0.04473006 0.02890576 0.03048327 0.03495854 0.04261485 0.04719222 0.04611191 0.05060939 0.03702895 0.03729314 0.03835813 0.04183602 0.03808166 0.03975402 0.04180232 0.03533420 0.04171856 0.06411855 0.02692856 0.03671791 0.05407776 0.03022016 0.03671515 0.05702643 0.03051415 0.02923414 0.03495635 0.03387924 0.02339193 0.04491259 0.02222658 0.03187144 0.03399137 0.03802518 0.03291775 0.03535257 0.03470830 0.05461939 0.04380329 0.03892493 0.04833468 0.03403404 0.03869757 0.03589471 0.03589471 
0.01984856 0.02975199 0.05003306 0.04267236 0.02820473 0.05156688 0.03267941 0.06232870 0.03971034 0.04618085 0.03359284 0.06566185 0.03613250 0.03969159 0.02400973 0.04021097 0.04760749 0.04237343 0.03604994 0.01803796 0.04410279 0.02566698 0.04551975 0.02969152 0.04468844 0.03229488 0.03987947 0.02995097 0.04493665 0.00000000 0.03867229 0.05824612 0.03373795 0.02897077 0.04434778 0.04553396 0.03461159 0.05370198 0.04773950 0.02864586 0.03267821 0.03424871 0.02887868 0.02713855 0.06058660 0.02864586 0.03360834 0.04130978 0.03855756 0.03631004 0.06310291 0.01622416 0.05353224 0.03623296 0.04398648 0.03719762 0.04002349 0.03850828 0.03613250 0.03417012 0.04870528 0.02230721 0.02138278 0.04816633 0.04311107 0.05311177 0.03370017 0.04002737 0.03592106 0.02145097 0.04608294 0.03138785 0.03466541 0.02976967 0.04594341 0.04098003 0.02524741 0.03798374 0.06359679 0.04603925 0.03828220 0.02165238 0.02444113 0.03511060 0.04536283 0.02154438 0.02898262 0.02898262 
0.02874512 0.03538728 0.03015055 0.03882328 0.04949117 0.03845084 0.04050338 0.03658494 0.02823517 0.02811477 0.04010476 0.05885509 0.03435639 0.04090719 0.03364050 0.05016655 0.04034275 0.03681517 0.04034569 0.02970779 0.03204259 0.03169964 0.03794225 0.02956945 0.03284178 0.02654866 0.03461176 0.04096165 0.04218959 0.03867229 0.00000000 0.04335993 0.02154999 0.03203855 0.03396835 0.03883804 0.03568371 0.03234337 0.07104479 0.03663920 0.03221287 0.03635658 0.03043482 0.04179522 0.04723151 0.03663920 0.02620955 0.02595432 0.05337079 0.04361097 0.04129099 0.06571436 0.03588070 0.04525497 0.02706483 0.04867988 0.03837553 0.03707923 0.03435639 0.04206948 0.02739503 0.03548191 0.01997301 0.05859103 0.04241090 0.03748060 0.02521435 0.03770131 0.03281940 0.03166062 0.03577809 0.02113187 0.04098439 0.04457901 0.04471258 0.04865304 0.04268124 0.03472715 0.03488051 0.04050704 0.02922274 0.04392361 0.05336178 0.04578966 0.04719273 0.05470604 0.04384772 0.04384772 
0.02653589 0.00783104 0.03504538 0.05150781 0.03937168 0.03614386 0.04406105 0.05025164 0.03809373 0.03596518 0.04357195 0.03934008 0.03757746 0.04504561 0.03918912 0.04432245 0.03841290 0.05807749 0.05264835 0.00651883 0.05020407 0.00000000 0.06240961 0.03571872 0.03029886 0.02925898 0.03817443 0.03600403 0.03858762 0.05824612 0.04335993 0.00000000 0.04387828 0.00091667 0.05125638 0.03553646 0.04386876 0.04068864 0.06169745 0.01980754 0.04626848 0.04780368 0.05564791 0.01320302 0.03966380 0.01980754 0.03319311 0.03706624 0.01687044 0.03512309 0.04381945 0.02370005 0.02314009 0.03509415 0.04222666 0.01513523 0.05365606 0.03533543 0.03757746 0.02878116 0.03292983 0.02992544 0.01862502 0.04146318 0.04178198 0.02772276 0.04311333 0.05129525 0.04864793 0.03375287 0.05648129 0.04843050 0.03726618 0.03434437 0.07197736 0.05936976 0.04138882 0.05477607 0.05437762 0.02027097 0.03559637 0.04373119 0.02634784 0.03664642 0.03889090 0.02853105 0.02726121 0.02726121 
0.04401551 0.03479769 0.03846712 0.03260558 0.04602313 0.00452197 0.01725009 0.04635594 0.03288859 0.01902385 0.04962452 0.02645649 0.03737371 0.02045013 0.04247305 0.04808877 0.02586822 0.06578494 0.03010464 0.04275783 0.05274201 0.04769428 0.05302829 0.06279393 0.03542320 0.04704123 0.05420634 0.01805688 0.04753051 0.03373795 0.02154999 0.04387828 0.00000000 0.02449608 0.02967830 0.03117917 0.02527345 0.04836841 0.02270335 0.03044288 0.05252485 0.05251293 0.04772855 0.02822404 0.03496313 0.03044288 0.04832091 0.02709316 0.03240216 0.05395975 0.05681987 0.05381788 0.03153487 0.03569650 0.05400992 0.03451702 0.03810199 0.02965293 0.03737371 0.03248770 0.04479510 0.04071087 0.05485100 0.03223714 0.02205073 0.02041242 0.06665767 0.04249190 0.04224008 0.03524363 0.05069850 0.04085996 0.03897458 0.02605868 0.03291362 0.02129064 0.02751956 0.03006483 0.03613406 0.03221912 0.02873477 0.01963405 0.07513661 0.03920150 0.02498623 0.04849181 0.03275946 0.03275946 
0.05030979 0.05673810 0.04554377 0.03138652 0.03196936 0.04707974 0.04235755 0.03526520 0.03678409 0.04176922 0.04430312 0.03700144 0.03691499 0.02473867 0.02924580 0.03084012 0.04503407 0.01373822 0.03741421 0.05387191 0.02599649 0.05224282 0.01579323 0.03511119 0.04490988 0.03634296 0.03068852 0.05112471 0.03757891 0.02897077 0.03203855 0.00091667 0.02449608 0.00000000 0.02222986 0.04936462 0.03485308 0.03905447 0.01454419 0.04953204 0.03761237 0.03427249 0.03034886 0.04722790 0.04473817 0.04953204 0.05132709 0.04754383 0.04892724 0.04110183 0.03754943 0.04514333 0.04691569 0.03443753 0.03353186 0.03783962 0.02850536 0.03955919 0.03691499 0.05427366 0.04729770 0.04729286 0.04526859 0.03228816 0.04349550 0.04184034 0.02869433 0.03874825 0.03469225 0.04046066 0.02787628 0.05520205 0.04468092 0.04831837 0.01121239 0.03025041 0.03834092 0.02963147 0.01156141 0.05335806 0.04877614 0.04016477 0.02853665 0.04647876 0.04018318 0.04582793 0.03843943 0.03843943 
0.03177545 0.01259915 0.05782598 0.07066658 0.05219216 0.04695020 0.04404022 0.04281802 0.03709000 0.05365753 0.02934663 0.03476179 0.03786496 0.04196115 0.04561208 0.03985514 0.03612918 0.03626475 0.03596840 0.00957556 0.03750558 0.02181387 0.04684368 0.01091698 0.03979739 0.03826267 0.04749541 0.03201836 0.03603755 0.04434778 0.03396835 0.05125638 0.02967830 0.02222986 0.00000000 0.04745738 0.03667586 0.01776189 0.03786903 0.05186509 0.04766215 0.06366729 0.04952918 0.02558312 0.03700827 0.05186509 0.03897599 0.06565014 0.02902925 0.02089470 0.02696577 0.03078257 0.03377408 0.05222262 0.03811255 0.02517244 0.04134614 0.03188544 0.03786496 0.03534386 0.03919569 0.04776797 0.00865569 0.04525244 0.03439025 0.03780695 0.05013159 0.02742487 0.04280991 0.02546179 0.06754462 0.05952337 0.01288558 0.03871491 0.04124506 0.03259728 0.03824091 0.03302482 0.07015817 0.02351949 0.01358259 0.03437624 0.03581521 0.03502530 0.04376061 0.02469673 0.02886286 0.02886286 
0.03892349 0.04568846 0.06083344 0.02892288 0.02093818 0.02869484 0.05055989 0.03149648 0.03903761 0.03562597 0.02612157 0.04479045 0.03936666 0.05349229 0.06894117 0.06281085 0.03012114 0.03061944 0.03923410 0.03959529 0.02588308 0.03528925 0.02557554 0.05427634 0.04021621 0.06357113 0.02318705 0.03605594 0.01364043 0.04553396 0.03883804 0.03553646 0.03117917 0.04936462 0.04745738 0.00000000 0.06689249 0.02515679 0.03457780 0.05389807 0.01030510 0.04775123 0.01696044 0.03390778 0.06678916 0.05389807 0.05497523 0.01449034 0.02898523 0.02190094 0.02526683 0.01473757 0.03973807 0.03370791 0.02633099 0.03444056 0.05823711 0.01844273 0.03936666 0.04611809 0.01780805 0.04145975 0.04204295 0.02233953 0.03221589 0.08195450 0.03424105 0.03471607 0.03517001 0.01487277 0.03044788 0.02171257 0.03513427 0.04030220 0.04101593 0.07806621 0.03637413 0.01947510 0.03288347 0.03155383 0.01359222 0.04245811 0.01384178 0.03684581 0.04796985 0.04794723 0.04454155 0.04454155 
0.03522639 0.03600483 0.03315033 0.03991908 0.01513632 0.03416345 0.04632899 0.04473308 0.03464120 0.03864849 0.04593535 0.04880156 0.03577104 0.07555335 0.03807947 0.04816978 0.03891712 0.03050729 0.04471129 0.03960186 0.04034790 0.03174914 0.03634296 0.03121116 0.04010300 0.05548669 0.02517502 0.04800761 0.02568996 0.03461159 0.03568371 0.04386876 0.02527345 0.03485308 0.03667586 0.06689249 0.00000000 0.03378802 0.04510445 0.03311434 0.03302950 0.03381319 0.05603063 0.03710325 0.04272191 0.03311434 0.04835573 0.04190675 0.03262470 0.03447708 0.04329217 0.01059593 0.04350816 0.02224444 0.02279492 0.03133341 0.03599774 0.03591543 0.03577104 0.05259235 0.02314094 0.03072221 0.04052107 0.03561367 0.03154577 0.03902917 0.02801982 0.03783676 0.04456136 0.03818393 0.03145415 0.02911970 0.03267350 0.03715408 0.05402830 0.07061512 0.03835834 0.06058708 0.04465141 0.03301892 0.05636363 0.05031729 0.01413111 0.03083669 0.03854646 0.01614503 0.03592076 0.03592076 
0.03926969 0.03564810 0.04298614 0.01894863 0.05446611 0.04439357 0.03911360 0.03392418 0.05511550 0.03961543 0.01459936 0.03504681 0.03647878 0.03743184 0.02612292 0.04574629 0.03426697 0.04496079 0.03868809 0.04075843 0.02442097 0.03507309 0.04001792 0.06126738 0.04182679 0.03312150 0.03000179 0.03808479 0.03484128 0.05370198 0.03234337 0.04068864 0.04836841 0.03905447 0.01776189 0.02515679 0.03378802 0.00000000 0.03646402 0.02779504 0.03334347 0.05461313 0.03752949 0.03372441 0.04873264 0.02779504 0.02172860 0.02705562 0.04621355 0.02646825 0.04857815 0.04046557 0.03664534 0.03684446 0.05648650 0.04090022 0.04999680 0.04273377 0.03647878 0.03445634 0.03343265 0.03788692 0.02669731 0.03692653 0.05996313 0.02743291 0.02850121 0.04065729 0.03865825 0.03395682 0.02713408 0.04612040 0.04771854 0.02640295 0.04592662 0.01974896 0.03489062 0.05277882 0.04380473 0.02607099 0.05668112 0.03938501 0.04632543 0.05197393 0.04160213 0.04508019 0.02850863 0.02850863 
0.03475810 0.04413270 0.04214804 0.04539734 0.04390613 0.04555713 0.05098510 0.05831218 0.04081066 0.03362802 0.02948641 0.04402274 0.03742396 0.04514557 0.03636814 0.03520351 0.04564230 0.05205731 0.04554999 0.01385909 0.03310407 0.02535510 0.04583422 0.04000711 0.03233759 0.02982563 0.02925996 0.05067837 0.02572506 0.04773950 0.07104479 0.06169745 0.02270335 0.01454419 0.03786903 0.03457780 0.04510445 0.03646402 0.00000000 0.02098956 0.03577537 0.03880132 0.04189050 0.03411586 0.04955039 0.02098956 0.02222009 0.04485307 0.03703079 0.02866787 0.02469873 0.03935363 0.04855674 0.05045711 0.03379133 0.01557290 0.05336955 0.04788326 0.03742396 0.03839208 0.01852198 0.02308089 0.01158775 0.04427566 0.04715863 0.03256788 0.02467976 0.05709215 0.04184636 0.04955343 0.03742177 0.03391042 0.01689898 0.03456581 0.05769380 0.06015533 0.04767198 0.03973490 0.04033325 0.02509774 0.04751639 0.03527989 0.01386450 0.04134761 0.04672452 0.03667467 0.02746709 0.02746709 
0.03489469 0.02464062 0.03277953 0.04927820 0.03998589 0.02999140 0.04325440 0.03395463 0.03229333 0.05110797 0.03071899 0.02951965 0.04165424 0.03096126 0.04908428 0.02530629 0.03487197 0.02278644 0.02307366 0.03841745 0.03049110 0.04975735 0.02010201 0.03591989 0.04429294 0.02884011 0.04441251 0.02316562 0.03048327 0.02864586 0.03663920 0.01980754 0.03044288 0.04953204 0.05186509 0.05389807 0.03311434 0.02779504 0.02098956 0.00000000 0.04584479 0.04973376 0.05085433 0.06050267 0.03413729 0.07811881 0.05149743 0.03938226 0.02761969 0.02878535 0.02897237 0.02992195 0.05132726 0.05031942 0.02263703 0.05860825 0.02793991 0.03739542 0.04165424 0.03647136 0.03179160 0.03294918 0.04187389 0.03032476 0.04280947 0.03107908 0.05124171 0.04150642 0.02288856 0.03407503 0.05938854 0.04630360 0.04157127 0.02305227 0.02071335 0.02238176 0.02313105 0.03977168 0.02620169 0.03102203 0.04465192 0.05090496 0.03250226 0.03897221 0.04897516 0.05106869 0.03630415 0.03630415 
0.03990243 0.02023279 0.01731080 0.06440222 0.02569779 0.03223666 0.02049220 0.04125173 0.03323700 0.04416962 0.04091121 0.02364499 0.03633842 0.03600595 0.03260036 0.03225054 0.04809147 0.04680591 0.04187669 0.04334420 0.04528033 0.03477674 0.06095555 0.03045386 0.03765854 0.01824779 0.05168330 0.02768578 0.04433149 0.03267821 0.03221287 0.04626848 0.05252485 0.03761237 0.04766215 0.01030510 0.03302950 0.03334347 0.03577537 0.04584479 0.00000000 0.04164906 0.03111422 0.03433125 0.02989058 0.04584479 0.05296016 0.06840531 0.03270218 0.05104415 0.04796793 0.04739740 0.02545488 0.03786389 0.04403221 0.02448966 0.02703494 0.05449948 0.03633842 0.02581412 0.03335497 0.05267960 0.03382271 0.04489303 0.03608581 0.02408016 0.06297096 0.02737664 0.03343817 0.02663376 0.06926901 0.06756631 0.03312245 0.04373507 0.03636258 0.02713693 0.03544571 0.05856031 0.04038568 0.02724034 0.03658250 0.03370525 0.02938858 0.03237447 0.03399041 0.02776354 0.02962098 0.02962098 
