0.00000000 0.03393415 0.05493831 0.06212526 0.05370497 0.05531071 0.01954696 0.05962198 0.04480727 0.05276238 0.04106541 0.04956785 0.03218447 0.02517418 0.04373172 0.05016755 0.05927230 0.04455397 0.03910276 0.04501691 0.05273459 0.05303333 0.03368031 0.04101100 0.04502812 0.05014772 0.04487366 0.01548869 0.04607879 0.04372041 0.01953306 0.04273579 0.05125274 0.03063666 0.04187634 0.05641028 0.04081276 0.04734496 0.03745407 0.04001964 0.04304612 0.03711705 0.03701039 0.03630722 0.03772367 0.03336770 0.02515689 0.04448793 0.03150706 0.04176748 0.04024499 0.02818599 0.03528890 0.03282980 0.03685166 0.03283942 0.06430305 0.04561674 0.04279302 0.04504633 0.04596665 0.05451214 0.04086036 0.03341830 0.04994977 0.04210546 0.04015539 0.02549766 0.03055782 0.05626561 0.03927686 0.04289124 0.02378483 0.03287438 0.04261233 0.02871193 0.03219456 0.05284771 0.04424629 0.04575584 0.05203831 0.04401589 0.02427590 0.04359617 0.05240607 0.04375488 0.04048072 0.03926545 0.04747446 0.05188514 0.04228952 0.04899666 0.02745552 0.02620008 0.05401571 0.05698859 0.04706303 0.06303014 0.06508602 0.05377478 
0.03393415 0.00000000 0.04252734 0.04378096 0.04049280 0.03522246 0.05182497 0.03852856 0.04502444 0.04638618 0.03622771 0.03326306 0.03096893 0.04059683 0.03255622 0.04774408 0.04048720 0.02911362 0.05150594 0.03451575 0.03850571 0.03972521 0.03700991 0.03318627 0.06062619 0.05956608 0.04339510 0.03545454 0.04699929 0.06369262 0.05606179 0.04643865 0.02577773 0.04633363 0.04466027 0.04467397 0.03397872 0.02774325 0.06203357 0.03769181 0.05270932 0.03079354 0.03346878 0.04255045 0.03973787 0.03380734 0.03708491 0.04645704 0.03539331 0.05559178 0.05890782 0.04930471 0.03712012 0.03637214 0.03453830 0.04404318 0.02747690 0.02876054 0.03789148 0.05553642 0.03170410 0.03547480 0.03338637 0.04728015 0.02768765 0.03277653 0.04949383 0.03917316 0.03298039 0.04252009 0.03893403 0.04901275 0.04455909 0.03845930 0.03878661 0.04542654 0.05643958 0.04414593 0.03780463 0.02958747 0.05950051 0.04071686 0.05525858 0.03589035 0.03551473 0.04841117 0.03443778 0.03713519 0.04274525 0.04047577 0.05238202 0.03557813 0.04756979 0.06901989 0.04913515 0.05685855 0.05595217 0.05085772 0.04692689 0.04179909 
0.05493831 0.04252734 0.00000000 0.07559094 0.05573544 0.05740824 0.01310031 0.06552341 0.06073392 0.04006073 0.03188364 0.03769915 0.02615829 0.04012214 0.03439363 0.03864480 0.05289618 0.04972836 0.02249395 0.04930993 0.04401297 0.03088587 0.04948816 0.04303625 0.04362628 0.03009194 0.03761821 0.03297148 0.04272893 0.03686228 0.01269670 0.03835436 0.04946626 0.02411248 0.04922444 0.03695572 0.02826410 0.04440025 0.03875303 0.03589148 0.05054344 0.04412438 0.04565418 0.04561695 0.03876279 0.02394918 0.01906896 0.04559593 0.05354033 0.04796926 0.04332997 0.05708538 0.03437987 0.03705508 0.02734826 0.03531109 0.02605662 0.03373459 0.03702994 0.05331695 0.04758081 0.04495817 0.03606655 0.05478202 0.03687869 0.05030247 0.02666743 0.03772581 0.04667370 0.04909923 0.06661661 0.05151519 0.01572896 0.05528337 0.04721950 0.04378260 0.03287402 0.05236825 0.05007945 0.05065881 0.05322625 0.05117474 0.04742411 0.07119692 0.03233771 0.07195492 0.03255197 0.04172888 0.03063110 0.04664745 0.04683465 0.05507920 0.03381767 0.02601418 0.04936554 0.04928693 0.04218437 0.06120888 0.04972347 0.04915688 
0.06212526 0.04378096 0.07559094 0.00000000 0.05424282 0.05449488 0.01102157 0.07481649 0.05919122 0.03994953 0.04807044 0.05549688 0.04317718 0.05974272 0.04768627 0.03898445 0.04608961 0.04284706 0.03886611 0.05610139 0.03624176 0.04123421 0.03986001 0.03405376 0.03108879 0.03628541 0.05361806 0.03352281 0.04192393 0.03534542 0.01125132 0.03737146 0.03825021 0.02216197 0.05075230 0.05466517 0.04886431 0.04347181 0.03814728 0.04066529 0.03248182 0.03707735 0.05770674 0.04148067 0.02541527 0.02166372 0.01722222 0.04852202 0.04284523 0.03435874 0.03725049 0.05705026 0.06256617 0.03591320 0.01712258 0.02723407 0.04832222 0.03582706 0.04659962 0.04149559 0.03928771 0.04861658 0.04386749 0.04562462 0.05085224 0.03897172 0.03914786 0.02799358 0.04443480 0.06420875 0.05132493 0.06181553 0.01336383 0.02765045 0.03253819 0.03385884 0.02141563 0.04452348 0.04238204 0.04590185 0.04756000 0.03055560 0.05680583 0.04947793 0.05273584 0.06794497 0.03955440 0.03227104 0.03562925 0.06977445 0.04162980 0.05500873 0.03667734 0.03065439 0.04058118 0.04716833 0.04423414 0.05828367 0.05515346 0.04461563 
0.05370497 0.04049280 0.05573544 0.05424282 0.00000000 0.06233467 0.02209832 0.05720225 0.03590167 0.06190951 0.04434634 0.04549776 0.02194466 0.03322456 0.06411560 0.05285098 0.04606198 0.02953789 0.02254575 0.06656853 0.03744407 0.03558541 0.04616456 0.05647169 0.03117393 0.05273439 0.03963739 0.02542031 0.04323325 0.03371639 0.02488632 0.03955083 0.04024050 0.02849966 0.05349539 0.02979473 0.03160897 0.02887570 0.03435079 0.05293869 0.04781597 0.03157513 0.00000000 0.06650714 0.05610166 0.01946702 0.05757865 0.05008529 0.05255039 0.06555454 0.02619994 0.04764832 0.04000484 0.04481680 0.02075151 0.06374304 0.03950303 0.03349660 0.03493671 0.03234579 0.04174609 0.04736470 0.03520686 0.03872950 0.04987870 0.03563042 0.02348829 0.04074632 0.05085019 0.04194841 0.05072113 0.04700945 0.02082908 0.01698332 0.04996060 0.02716099 0.02547874 0.05093929 0.05155925 0.00656411 0.08033172 0.05384064 0.05163172 0.07641974 0.06695411 0.06108012 0.03772930 0.05464746 0.05743982 0.03750798 0.03584886 0.04171863 0.04789174 0.03326594 0.03320270 0.07721420 0.04597737 0.03032738 0.04645155 0.04444269 
0.05531071 0.03522246 0.05740824 0.05449488 0.06233467 0.00000000 0.01869774 0.05497366 0.06303477 0.05429927 0.04251537 0.05403109 0.02606677 0.04855446 0.04836177 0.04860996 0.04953543 0.03319254 0.03935127 0.05547798 0.03991110 0.04230557 0.04331873 0.04671064 0.04056303 0.03251177 0.04565309 0.02120625 0.04021288 0.02538316 0.03842975 0.03606839 0.07161755 0.05358149 0.06050681 0.03239659 0.03460504 0.02969285 0.03249437 0.03582256 0.04573780 0.03473982 0.02036988 0.04658847 0.05789338 0.04211276 0.02171062 0.02847099 0.05211973 0.03308952 0.04519055 0.05426345 0.06535455 0.04102429 0.02794045 0.03767926 0.03949835 0.04288605 0.03258265 0.04586442 0.05138604 0.04274090 0.03264380 0.03559043 0.04347266 0.05621095 0.03749820 0.03077647 0.04511500 0.04254017 0.04724787 0.06977380 0.01437819 0.03909616 0.05126301 0.03896461 0.03034579 0.03681553 0.04153977 0.04036536 0.06079977 0.04798927 0.06765428 0.06294648 0.03516647 0.06199028 0.05141920 0.02891999 0.02850134 0.04019739 0.04600677 0.02751127 0.04966200 0.02543719 0.03736894 0.03590021 0.04397049 0.04864664 0.06806979 0.04695250 
0.01954696 0.05182497 0.01310031 0.01102157 0.02209832 0.01869774 0.00000000 0.02694815 0.02359041 0.02643280 0.05636510 0.02696169 0.03460052 0.02771257 0.03890152 0.02422540 0.03166183 0.05361601 0.04295746 0.03345173 0.07531490 0.05694013 0.04958495 0.03021934 0.03075806 0.03080162 0.05139179 0.04482344 0.04460099 0.04602598 0.07719175 0.05103610 0.03207505 0.03806616 0.03971940 0.02965557 0.04977389 0.05581333 0.06586434 0.03768596 0.05667284 0.04668980 0.05305236 0.05235164 0.03422401 0.07874283 0.07288226 0.02970747 0.05513478 0.05865292 0.03520537 0.05357620 0.05344919 0.03258565 0.06188756 0.04017190 0.04410327 0.05490718 0.06016786 0.05872167 0.04830498 0.03583860 0.05463574 0.05311014 0.03622001 0.03313875 0.04849778 0.05930653 0.05825075 0.01666309 0.01088644 0.05927470 0.04113236 0.04886973 0.03346087 0.05437237 0.05403125 0.06003531 0.03435433 0.04362752 0.01640537 0.03509931 0.05497163 0.01248208 0.01633690 0.01990419 0.05320554 0.05948586 0.05284062 0.04769007 0.05903086 0.05304344 0.05571975 0.05506725 0.01971278 0.02007986 0.04868620 0.02883371 0.01620561 0.03704526 
0.05962198 0.03852856 0.06552341 0.07481649 0.05720225 0.05497366 0.02694815 0.00000000 0.03782097 0.05401809 0.05253340 0.08353291 0.04115221 0.02174288 0.04754627 0.04484975 0.03204640 0.01687236 0.04767348 0.04303365 0.02923514 0.03503330 0.03160623 0.05200656 0.03080964 0.02719539 0.05168710 0.03181156 0.04488315 0.03117256 0.01643828 0.04165808 0.02641350 0.03599482 0.06424242 0.04042518 0.03793318 0.05824757 0.05428801 0.08693685 0.04128345 0.04643520 0.05652818 0.02150384 0.03592470 0.03615061 0.03872819 0.03098876 0.11057914 0.04635966 0.06965311 0.06048950 0.04229633 0.02557158 0.04221240 0.02869718 0.03949107 0.05074710 0.01346502 0.05405508 0.05287304 0.02957582 0.02938976 0.02579922 0.03703952 0.04813034 0.05261069 0.03137923 0.03426189 0.05956821 0.05035183 0.04109695 0.03255571 0.02102825 0.02962929 0.01734810 0.04094611 0.04268692 0.03385075 0.03405396 0.05883844 0.04262233 0.02833943 0.05306130 0.04383293 0.07310715 0.02099001 0.02329309 0.04871254 0.05606018 0.04484331 0.07446852 0.02971525 0.02554454 0.03490838 0.03877484 0.02055881 0.05779435 0.03638729 0.03593140 
0.04480727 0.04502444 0.06073392 0.05919122 0.03590167 0.06303477 0.02359041 0.03782097 0.00000000 0.06344165 0.05838810 0.04896204 0.02818412 0.06683342 0.05381412 0.04135371 0.02747377 0.02862111 0.04797070 0.04841694 0.02318544 0.03097196 0.04251812 0.04507130 0.06210519 0.04812644 0.05363581 0.04046931 0.04357484 0.02764016 0.02129778 0.03944386 0.07732941 0.03881446 0.04770897 0.05388509 0.04278655 0.04235359 0.03888411 0.03041582 0.05558878 0.04562136 0.01602756 0.03286263 0.03604474 0.04766851 0.03160350 0.02825393 0.04405906 0.02544815 0.03102536 0.04729486 0.06220878 0.05010930 0.03834553 0.04338567 0.04873845 0.04272765 0.02690941 0.06024659 0.04843883 0.02230914 0.02691371 0.05311519 0.03981447 0.01954183 0.02496394 0.04491803 0.05463505 0.03215191 0.04397848 0.06036246 0.05026052 0.03635534 0.03470610 0.03486044 0.03521285 0.04917745 0.05934373 0.03059356 0.02957606 0.02930533 0.02960853 0.03714295 0.04410817 0.04366176 0.04708099 0.05483178 0.04570402 0.05594029 0.04251200 0.01758326 0.04148137 0.04512909 0.06073789 0.04514195 0.02930379 0.06180363 0.09130458 0.03246828 
0.05276238 0.04638618 0.04006073 0.03994953 0.06190951 0.05429927 0.02643280 0.05401809 0.06344165 0.00000000 0.04501911 0.05207412 0.04353442 0.05625110 0.04703874 0.06203990 0.02891649 0.02963266 0.04848401 0.03728425 0.02601565 0.02234136 0.02480800 0.06592441 0.06187329 0.06780398 0.03715643 0.02533452 0.04190498 0.01869799 0.03036050 0.03813919 0.04319457 0.05690076 0.06657900 0.06383078 0.04826935 0.03946145 0.03400566 0.05276714 0.04278824 0.02350375 0.02159727 0.02715416 0.08640047 0.04686282 0.03950399 0.04218657 0.04888155 0.02805365 0.04176972 0.02505609 0.04002803 0.02166414 0.02678359 0.04702637 0.03816173 0.04095906 0.05042595 0.05381834 0.04129875 0.02121708 0.03474117 0.04223354 0.03958128 0.03428658 0.04297418 0.02563274 0.03900995 0.03499382 0.04826494 0.02392967 0.02346137 0.02563829 0.04859709 0.04381635 0.02157037 0.04641296 0.02705308 0.02624344 0.03837592 0.05232481 0.05539977 0.05672507 0.05620504 0.04727352 0.05131337 0.03812370 0.05751728 0.05787458 0.05154867 0.03762370 0.05260825 0.03607525 0.05170454 0.07016516 0.04303266 0.06008527 0.07517501 0.03250101 
0.04106541 0.03622771 0.03188364 0.04807044 0.04434634 0.04251537 0.05636510 0.05253340 0.05838810 0.04501911 0.00000000 0.04688669 0.04055190 0.05710932 0.05027180 0.05220611 0.04203562 0.04713569 0.03503053 0.05251953 0.04981131 0.04584478 0.05349274 0.05058646 0.05463993 0.05626306 0.05220614 0.05551213 0.03805478 0.03890979 0.03769333 0.04342359 0.04145921 0.03972732 0.03344903 0.03072040 0.03679149 0.03766284 0.05190651 0.05177719 0.05044620 0.04281927 0.07897650 0.03550430 0.04024102 0.05899715 0.04058660 0.05053949 0.04107662 0.05776851 0.04970513 0.03395515 0.06037590 0.03220181 0.05186412 0.03938261 0.04131204 0.05322341 0.04275807 0.05083036 0.04077807 0.02793991 0.03799152 0.04338224 0.03372351 0.03353688 0.03941974 0.04012458 0.03333167 0.03949380 0.04369341 0.03336236 0.04081519 0.04835708 0.02488897 0.05034376 0.04312479 0.03889776 0.04904016 0.03138179 0.04418965 0.04507491 0.02994648 0.02564022 0.05376621 0.04144679 0.03896211 0.03840265 0.04014855 0.04205436 0.03342929 0.03896810 0.04294061 0.03289503 0.04756712 0.04870539 0.03273097 0.03402047 0.05659032 0.04130756 
0.04956785 0.03326306 0.03769915 0.05549688 0.04549776 0.05403109 0.02696169 0.08353291 0.04896204 0.05207412 0.04688669 0.00000000 0.02808410 0.06663827 0.05071167 0.03158230 0.02960581 0.04292410 0.04438392 0.02692085 0.03243267 0.04414332 0.03811962 0.04405492 0.04259258 0.04443657 0.05952383 0.04934648 0.04176104 0.04204682 0.03527063 0.03829504 0.06797054 0.04916073 0.06086831 0.04658057 0.05013056 0.05314575 0.05202626 0.05737510 0.04945469 0.06226861 0.02739192 0.05048991 0.03068907 0.04181232 0.04259511 0.03170988 0.04862807 0.04765031 0.05307558 0.04627618 0.05154658 0.05001771 0.08366136 0.03726519 0.03823317 0.03214733 0.02621401 0.04783293 0.03520431 0.03632560 0.03494832 0.02896827 0.02311190 0.02289807 0.05861847 0.04317778 0.05315779 0.04282163 0.03961167 0.04615032 0.03121159 0.03821376 0.02956980 0.04273279 0.02624519 0.03254358 0.04062869 0.05214947 0.04131678 0.05234688 0.04422867 0.03177356 0.05649853 0.03269163 0.02626105 0.03925012 0.05082944 0.05913448 0.03184709 0.03852366 0.02995766 0.03084835 0.03290702 0.05502923 0.02977265 0.03634409 0.05727305 0.03322378 
0.03218447 0.03096893 0.02615829 0.04317718 0.02194466 0.02606677 0.03460052 0.04115221 0.02818412 0.04353442 0.04055190 0.02808410 0.00000000 0.06429140 0.05763224 0.08039143 0.02831589 0.06532742 0.06011804 0.05355824 0.03301719 0.04510073 0.03990008 0.04146239 0.03931917 0.04321241 0.04015755 0.08967350 0.04116019 0.04747642 0.04585262 0.04001879 0.01710174 0.03525286 0.04237377 0.06747347 0.06304508 0.04488646 0.04262148 0.04778130 0.03676772 0.05429171 0.05078106 0.05956663 0.05901645 0.05810085 0.05523285 0.05101156 0.05076973 0.04245460 0.05566855 0.03895312 0.05098095 0.05073852 0.03478198 0.03281035 0.04373360 0.05262313 0.03284960 0.02703638 0.03638106 0.03448675 0.04596472 0.05890156 0.02121422 0.05183537 0.05282260 0.03485635 0.04353835 0.02818734 0.03627030 0.04173350 0.05893500 0.04359057 0.04637157 0.04320117 0.05207066 0.04745137 0.04796687 0.06033080 0.03474120 0.04238799 0.03009697 0.03406552 0.03636870 0.03211300 0.03370820 0.02192603 0.04191466 0.04502703 0.03864133 0.06656741 0.04799060 0.03424813 0.02735500 0.02865501 0.02472849 0.03071684 0.05612592 0.03090351 
0.02517418 0.04059683 0.04012214 0.05974272 0.03322456 0.04855446 0.02771257 0.02174288 0.06683342 0.05625110 0.05710932 0.06663827 0.06429140 0.00000000 0.05337227 0.02537438 0.02797526 0.07010664 0.05100181 0.05986624 0.02485518 0.04088749 0.04342484 0.02845907 0.05767903 0.04956177 0.07080391 0.07165556 0.04414917 0.03209351 0.05176456 0.04042671 0.05401398 0.08085057 0.05840773 0.05378754 0.05668760 0.04804230 0.06722437 0.03704988 0.03827409 0.05841934 0.03436451 0.06485843 0.05156989 0.02604718 0.04102532 0.02386919 0.03666818 0.04886807 0.04443365 0.03566767 0.04147286 0.06694719 0.03096464 0.04351068 0.04182869 0.02263101 0.03846057 0.03344613 0.03306833 0.02395472 0.03897730 0.03222391 0.02730191 0.05043986 0.04871208 0.03781373 0.04406514 0.01840610 0.04153208 0.04619187 0.06644318 0.04355701 0.01382014 0.03018472 0.03565867 0.03913937 0.03556365 0.03568536 0.03352112 0.03154325 0.03497153 0.03235745 0.04930225 0.03627849 0.04217864 0.04050479 0.02991924 0.05976644 0.04142667 0.03478407 0.05068402 0.03472674 0.02007759 0.04229016 0.03330128 0.02325779 0.04510418 0.03319147 
0.04373172 0.03255622 0.03439363 0.04768627 0.06411560 0.04836177 0.03890152 0.04754627 0.05381412 0.04703874 0.05027180 0.05071167 0.05763224 0.05337227 0.00000000 0.03642126 0.03008428 0.05450088 0.04843483 0.03185824 0.03363279 0.05989595 0.03667483 0.04310474 0.04391096 0.05164293 0.04781453 0.05242126 0.03875577 0.03659325 0.05052291 0.03682057 0.04910367 0.04774522 0.04160036 0.06142942 0.05585673 0.04999605 0.02739250 0.05166245 0.04899247 0.03609569 0.04997875 0.04511125 0.04269218 0.04678764 0.04461361 0.03886674 0.03741093 0.03751324 0.04793808 0.03680989 0.05480068 0.03769311 0.04078910 0.04827733 0.05442156 0.04353036 0.03196105 0.02919340 0.03739277 0.03662283 0.02811496 0.04437370 0.03146188 0.04458756 0.04105219 0.03867028 0.03657015 0.04238040 0.04055921 0.04024278 0.04532720 0.03398530 0.02423337 0.04858295 0.04679031 0.05956126 0.03178532 0.06810921 0.04697101 0.04359587 0.03316668 0.03752776 0.04555010 0.05211653 0.03183333 0.03349870 0.04017661 0.05017816 0.03736641 0.06662674 0.04705845 0.02739085 0.04351447 0.06089370 0.02569834 0.04036604 0.05381308 0.03273339 
0.05016755 0.04774408 0.03864480 0.03898445 0.05285098 0.04860996 0.02422540 0.04484975 0.04135371 0.06203990 0.05220611 0.03158230 0.08039143 0.02537438 0.03642126 0.00000000 0.02776324 0.03901366 0.07073127 0.05300166 0.02999359 0.03159757 0.03862973 0.05956160 0.05254525 0.04328775 0.03715269 0.04789556 0.04072813 0.04111589 0.03608949 0.04774355 0.02115481 0.03423346 0.04844763 0.04112292 0.05341931 0.02733677 0.04857329 0.06221579 0.07262522 0.03285939 0.06041399 0.05110977 0.03545015 0.04773894 0.03172867 0.04532306 0.04192394 0.03611529 0.04553456 0.04501470 0.02688559 0.04575597 0.01809917 0.02205272 0.04136594 0.05430814 0.04468418 0.03273458 0.06240245 0.02445375 0.02255202 0.03636323 0.02706297 0.03654463 0.03395048 0.04272763 0.05123275 0.04160500 0.05096446 0.06560439 0.03149580 0.06803157 0.07873952 0.02157333 0.03915668 0.03165332 0.04871894 0.03523517 0.05685600 0.04201162 0.02647787 0.05166541 0.05523069 0.03854813 0.05640732 0.02821079 0.05063099 0.05125716 0.03386013 0.04749831 0.05470195 0.02561046 0.04409115 0.05465842 0.02777013 0.05501431 0.05305949 0.03151979 
0.05927230 0.04048720 0.05289618 0.04608961 0.04606198 0.04953543 0.03166183 0.03204640 0.02747377 0.02891649 0.04203562 0.02960581 0.02831589 0.02797526 0.03008428 0.02776324 0.00000000 0.06130532 0.03610442 0.04872784 0.07407020 0.03919417 0.04308156 0.04522360 0.03850958 0.04857619 0.03501761 0.02643976 0.04793019 0.05639304 0.03243823 0.04609188 0.04808560 0.03878446 0.03868468 0.03135549 0.03868157 0.03920926 0.04158925 0.02978126 0.04283696 0.03310900 0.03503683 0.04026693 0.03278438 0.05476359 0.03251033 0.05646609 0.03979114 0.04767759 0.05241593 0.03367649 0.03239063 0.02750084 0.05845992 0.03888544 0.05341777 0.03780250 0.04536781 0.04427479 0.05176507 0.06319636 0.05046067 0.03404260 0.04699791 0.04245121 0.04389985 0.04081269 0.03202336 0.05633738 0.03444785 0.03599605 0.03510342 0.04463365 0.05250791 0.03095071 0.04442801 0.04071588 0.03017086 0.03655060 0.03637476 0.04643032 0.03242185 0.04558159 0.04890427 0.04236572 0.04898188 0.05162960 0.04109932 0.03407886 0.04663536 0.04288154 0.03042535 0.03581269 0.03906111 0.04827635 0.06488093 0.05020220 0.05296886 0.06773847 
0.04455397 0.02911362 0.04972836 0.04284706 0.02953789 0.03319254 0.05361601 0.01687236 0.02862111 0.02963266 0.04713569 0.04292410 0.06532742 0.07010664 0.05450088 0.03901366 0.06130532 0.00000000 0.04281930 0.06956659 0.06860548 0.06562179 0.04201653 0.03465010 0.02250069 0.05826963 0.04618338 0.07872575 0.04400354 0.03118154 0.02963481 0.04771209 0.02191288 0.03042623 0.03618220 0.04612651 0.04465039 0.04619795 0.02667579 0.03647342 0.04608837 0.04953043 0.04470528 0.05965555 0.01730715 0.06205869 0.03563550 0.04286698 0.04020081 0.03891748 0.05581914 0.03211179 0.08880103 0.03560816 0.02905381 0.01364354 0.03986514 0.02281446 0.03101805 0.04165783 0.03256833 0.04050071 0.04806708 0.03678499 0.02258584 0.04829137 0.04260929 0.04788543 0.04727872 0.04152069 0.02544089 0.03215929 0.06290796 0.04679713 0.04290034 0.06858685 0.06916197 0.03961927 0.02824831 0.05376141 0.02361450 0.04825681 0.02301814 0.02753294 0.03814787 0.03293339 0.03564576 0.04688960 0.03451046 0.04651755 0.05465772 0.06186891 0.04293399 0.02335542 0.03707932 0.03465455 0.04183028 0.05426519 0.05372364 0.05511234 
0.03910276 0.05150594 0.02249395 0.03886611 0.02254575 0.03935127 0.04295746 0.04767348 0.04797070 0.04848401 0.03503053 0.04438392 0.06011804 0.05100181 0.04843483 0.07073127 0.03610442 0.04281930 0.00000000 0.04441156 0.03960441 0.05775706 0.03589221 0.02972943 0.05133896 0.03594655 0.06031487 0.04147388 0.03970156 0.06518405 0.04993193 0.04128129 0.04066537 0.03522281 0.04202430 0.08368642 0.04663961 0.04721210 0.05043827 0.03606004 0.05387032 0.05544238 0.05117537 0.03642384 0.02967966 0.05202666 0.04539856 0.06138914 0.03106692 0.04914336 0.04561999 0.04936146 0.05946901 0.03941074 0.02674355 0.03084092 0.03293058 0.03909788 0.06509710 0.03274968 0.02821264 0.03861605 0.05343802 0.06454459 0.03954440 0.03857807 0.04587479 0.02655822 0.04746052 0.04920341 0.02897744 0.03440856 0.05538502 0.06974736 0.04305190 0.03483841 0.05504057 0.05393436 0.03671134 0.02949515 0.03510897 0.03109120 0.04604705 0.03388267 0.02737898 0.03535810 0.03535257 0.03167094 0.03101252 0.04652575 0.03586035 0.03765270 0.03862311 0.03642226 0.03801998 0.03717796 0.03731292 0.05537618 0.04936578 0.03731273 
0.04501691 0.03451575 0.04930993 0.05610139 0.06656853 0.05547798 0.03345173 0.04303365 0.04841694 0.03728425 0.05251953 0.02692085 0.05355824 0.05986624 0.03185824 0.05300166 0.04872784 0.06956659 0.04441156 0.00000000 0.04425650 0.03041348 0.02847490 0.04865673 0.03266594 0.05089357 0.03712887 0.04832192 0.04215292 0.03484974 0.05185700 0.04082943 0.05665730 0.03917522 0.03805129 0.04751140 0.04654487 0.03140715 0.05028437 0.04950598 0.03339300 0.04230779 0.04296971 0.04554547 0.03642358 0.05119719 0.06229791 0.06143115 0.05171583 0.01835497 0.03793120 0.07030022 0.05248756 0.03157112 0.03351321 0.02611836 0.04248535 0.02977212 0.02767618 0.04570167 0.07641927 0.04564012 0.04814522 0.04253284 0.03665139 0.06016377 0.02892980 0.03387404 0.03832831 0.04341293 0.03567785 0.02411573 0.04668769 0.03486852 0.03235229 0.03323082 0.04704671 0.03050447 0.03338642 0.03532386 0.02659763 0.07792116 0.04652402 0.04538932 0.05823743 0.04472370 0.02292778 0.03427478 0.03860557 0.02023948 0.03880103 0.04467121 0.05555700 0.04194514 0.04000498 0.03430736 0.03717756 0.03991408 0.05637939 0.04621708 
0.05273459 0.03850571 0.04401297 0.03624176 0.03744407 0.03991110 0.07531490 0.02923514 0.02318544 0.02601565 0.04981131 0.03243267 0.03301719 0.02485518 0.03363279 0.02999359 0.07407020 0.06860548 0.03960441 0.04425650 0.00000000 0.05561724 0.05182564 0.03489200 0.02939858 0.03893293 0.04848520 0.03741483 0.04662480 0.07312419 0.04686413 0.04410262 0.04664598 0.03506511 0.03121435 0.02900305 0.05263179 0.03291611 0.04799559 0.03813796 0.06786715 0.04885856 0.03857518 0.03274546 0.03016495 0.08029975 0.04781548 0.04646791 0.03503942 0.04666812 0.04578983 0.02809110 0.04162319 0.03546517 0.07172833 0.05199173 0.04697838 0.03152266 0.04157944 0.04145032 0.04286415 0.05467454 0.05667239 0.02774292 0.04120576 0.03270459 0.03884191 0.06088902 0.02504363 0.04862254 0.02311864 0.02823566 0.03038601 0.07060321 0.04987865 0.04621398 0.04755187 0.05196782 0.02634735 0.03458542 0.02581716 0.03989538 0.03148964 0.03492283 0.03901228 0.03259720 0.04322192 0.04467893 0.03371449 0.03264741 0.03887202 0.03716925 0.03210719 0.03530636 0.02985014 0.03977987 0.06216343 0.04344301 0.04434658 0.06480785 
0.05303333 0.03972521 0.03088587 0.04123421 0.03558541 0.04230557 0.05694013 0.03503330 0.03097196 0.02234136 0.04584478 0.04414332 0.04510073 0.04088749 0.05989595 0.03159757 0.03919417 0.06562179 0.05775706 0.03041348 0.05561724 0.00000000 0.05104296 0.02945390 0.03405582 0.03908307 0.05379753 0.05545408 0.03896784 0.06162686 0.05311353 0.04770794 0.04482439 0.03837601 0.03546896 0.06782828 0.04254840 0.03582054 0.03373210 0.03304718 0.03784014 0.04968678 0.05996851 0.04066963 0.03038246 0.04950680 0.04942547 0.05054754 0.03352318 0.05535332 0.06228105 0.04986040 0.07012972 0.04534434 0.03930381 0.04254594 0.06103134 0.03523833 0.04295794 0.04633522 0.03548408 0.03547552 0.05601313 0.03717604 0.02620803 0.03787166 0.04865494 0.03442246 0.03609918 0.05482941 0.04186169 0.03416492 0.04843748 0.04165699 0.02643601 0.06982680 0.05370729 0.03714156 0.03826131 0.05543323 0.04611415 0.03428517 0.03912306 0.02779664 0.02990788 0.03099066 0.02234544 0.02742170 0.03241015 0.04103272 0.03865264 0.05490848 0.04651356 0.04640541 0.05133829 0.06076098 0.04347186 0.03311082 0.03705234 0.03950867 
0.03368031 0.03700991 0.04948816 0.03986001 0.04616456 0.04331873 0.04958495 0.03160623 0.04251812 0.02480800 0.05349274 0.03811962 0.03990008 0.04342484 0.03667483 0.03862973 0.04308156 0.04201653 0.03589221 0.02847490 0.05182564 0.05104296 0.00000000 0.05628594 0.03904893 0.03618127 0.04537142 0.04100524 0.04015117 0.04240379 0.03920854 0.04805770 0.05379973 0.05453093 0.02619448 0.03461411 0.03491467 0.02766844 0.03900287 0.04828036 0.04967402 0.04018401 0.08111810 0.03918608 0.05337332 0.05489959 0.04695516 0.04141681 0.04557788 0.04589520 0.05218495 0.05366230 0.03508438 0.04459805 0.04415819 0.04912040 0.03411592 0.04974064 0.03181682 0.04101457 0.03816492 0.04240179 0.03000859 0.03395562 0.04192047 0.04825156 0.03845661 0.04476101 0.04021866 0.04467609 0.03900110 0.04834158 0.03753062 0.05445924 0.03561791 0.05124792 0.05386656 0.05955041 0.05305046 0.03870789 0.05681294 0.04251520 0.02907559 0.04630627 0.04424982 0.05253568 0.03915846 0.04213362 0.03748451 0.03488791 0.04536335 0.02808161 0.05017221 0.03910484 0.05005137 0.06549506 0.03625655 0.03536755 0.04220616 0.04226699 
0.04101100 0.03318627 0.04303625 0.03405376 0.05647169 0.04671064 0.03021934 0.05200656 0.04507130 0.06592441 0.05058646 0.04405492 0.04146239 0.02845907 0.04310474 0.05956160 0.04522360 0.03465010 0.02972943 0.04865673 0.03489200 0.02945390 0.05628594 0.00000000 0.04231638 0.04782183 0.03534812 0.02417936 0.04090717 0.03584649 0.03444374 0.03598665 0.04435829 0.01941884 0.03798944 0.02478939 0.03713190 0.03830813 0.03372680 0.07210548 0.05325669 0.03581734 0.05053598 0.04256602 0.04983108 0.02896769 0.04154149 0.05019324 0.04756991 0.03953923 0.03748092 0.04579850 0.04674330 0.03671171 0.03375700 0.04760287 0.03921647 0.04756287 0.03099741 0.03961261 0.06047384 0.03836204 0.02527624 0.03708250 0.03248320 0.04198637 0.04271961 0.04108401 0.05031164 0.03463640 0.04965744 0.03720785 0.03966238 0.04428559 0.05256787 0.05233490 0.03568654 0.04043392 0.05865639 0.03965977 0.04225468 0.06020526 0.03699121 0.06062908 0.05979680 0.05169079 0.04308068 0.03889183 0.05287855 0.04456378 0.04776474 0.04063984 0.05336850 0.04362629 0.05248870 0.05793424 0.03685525 0.04254276 0.04222648 0.04396803 
0.04502812 0.06062619 0.04362628 0.03108879 0.03117393 0.04056303 0.03075806 0.03080964 0.06210519 0.06187329 0.05463993 0.04259258 0.03931917 0.05767903 0.04391096 0.05254525 0.03850958 0.02250069 0.05133896 0.03266594 0.02939858 0.03405582 0.03904893 0.04231638 0.00000000 0.05170835 0.04020087 0.04324614 0.03985335 0.04888018 0.03452403 0.03619502 0.03350286 0.05256824 0.04066300 0.03408200 0.03517148 0.04866749 0.05098844 0.03379807 0.06804370 0.03671180 0.03630655 0.03931579 0.05677053 0.05202775 0.03943515 0.05415601 0.03736178 0.05519093 0.03224437 0.03535260 0.02934649 0.05297459 0.03350113 0.05245853 0.05236107 0.05697981 0.03364517 0.04289440 0.03630936 0.03462395 0.02401865 0.04504396 0.04488053 0.03215487 0.02834686 0.04270277 0.05675735 0.04227083 0.03678064 0.04715594 0.04190398 0.03807261 0.03345919 0.05481405 0.05114222 0.05228287 0.05055575 0.02705268 0.04961827 0.04756888 0.03926894 0.04310754 0.04284713 0.04512116 0.03618004 0.04824695 0.03596513 0.05759118 0.04657425 0.03217747 0.02977099 0.04608352 0.04470044 0.04574583 0.04483097 0.07541481 0.06371613 0.03878265 
0.05014772 0.05956608 0.03009194 0.03628541 0.05273439 0.03251177 0.03080162 0.02719539 0.04812644 0.06780398 0.05626306 0.04443657 0.04321241 0.04956177 0.05164293 0.04328775 0.04857619 0.05826963 0.03594655 0.05089357 0.03893293 0.03908307 0.03618127 0.04782183 0.05170835 0.00000000 0.04709462 0.05975559 0.03969912 0.05565227 0.04926773 0.03541590 0.05195153 0.05304706 0.05077628 0.04625214 0.03689374 0.03579143 0.03821147 0.05992081 0.03505344 0.02654410 0.05467979 0.03441227 0.05363751 0.03380517 0.04351808 0.05728537 0.02489517 0.04948681 0.04259051 0.02321143 0.02774837 0.05202783 0.04925805 0.04727769 0.05668667 0.01982047 0.03390301 0.03417090 0.02794394 0.04819802 0.03891787 0.03598244 0.04252847 0.03589478 0.03232245 0.02951487 0.03716732 0.03550469 0.03893453 0.04176336 0.05943610 0.03605991 0.03322098 0.04721342 0.05102099 0.02948505 0.02593573 0.03853520 0.04411062 0.03674636 0.02654337 0.02755444 0.05048458 0.04414603 0.04016948 0.04135398 0.03910494 0.04677396 0.05011344 0.04628659 0.04676108 0.05020079 0.06736678 0.03672443 0.04910780 0.05398490 0.06835979 0.04626586 
0.04487366 0.04339510 0.03761821 0.05361806 0.03963739 0.04565309 0.05139179 0.05168710 0.05363581 0.03715643 0.05220614 0.05952383 0.04015755 0.07080391 0.04781453 0.03715269 0.03501761 0.04618338 0.06031487 0.03712887 0.04848520 0.05379753 0.04537142 0.03534812 0.04020087 0.04709462 0.00000000 0.04885996 0.03766763 0.04041961 0.03638774 0.04369246 0.04960042 0.04195832 0.04528734 0.06517242 0.03398926 0.04964477 0.05371167 0.04858589 0.03700710 0.05012103 0.03607609 0.05044848 0.03881215 0.04644832 0.03488012 0.02989169 0.02705070 0.04269442 0.05120036 0.04295503 0.04068809 0.03277172 0.03168907 0.03135613 0.04563088 0.04891289 0.04079622 0.03999708 0.03514679 0.04037954 0.04008076 0.03513860 0.04609973 0.03865188 0.05010151 0.04462856 0.05219670 0.04312765 0.03908899 0.05439453 0.04453503 0.03998499 0.03796249 0.05243839 0.04119728 0.04132313 0.04769272 0.04583290 0.04231330 0.04237080 0.03975130 0.03092145 0.04310701 0.03383258 0.04502977 0.03676289 0.04173940 0.05962503 0.04876480 0.03265171 0.05361039 0.03562609 0.04945218 0.05399043 0.03729016 0.03456276 0.05171421 0.03615819 
0.01548869 0.03545454 0.03297148 0.03352281 0.02542031 0.02120625 0.04482344 0.03181156 0.04046931 0.02533452 0.05551213 0.04934648 0.08967350 0.07165556 0.05242126 0.04789556 0.02643976 0.07872575 0.04147388 0.04832192 0.03741483 0.05545408 0.04100524 0.02417936 0.04324614 0.05975559 0.04885996 0.00000000 0.04388154 0.04075053 0.02778498 0.04934322 0.03004187 0.03181497 0.03627817 0.04767670 0.04015122 0.05783341 0.04016371 0.04520016 0.03430575 0.05852391 0.05436649 0.06002819 0.01636263 0.06721990 0.04955616 0.05274513 0.04720895 0.03944977 0.07104484 0.04438572 0.02616595 0.08181991 0.06113383 0.04353642 0.04478481 0.02960975 0.03588954 0.03713318 0.01808349 0.03232521 0.03959421 0.02400586 0.02681428 0.04755104 0.05197427 0.05789675 0.05215473 0.02863421 0.04241471 0.03034230 0.08168985 0.07384789 0.03128448 0.04711823 0.03759685 0.03919334 0.03067475 0.07174167 0.02390459 0.03172183 0.05282770 0.01595231 0.03080037 0.03156856 0.03139622 0.02440211 0.02024609 0.03197051 0.04615467 0.06307804 0.05230702 0.05705992 0.04114498 0.03166508 0.03700808 0.04042022 0.04425678 0.03204947 
0.04607879 0.04699929 0.04272893 0.04192393 0.04323325 0.04021288 0.04460099 0.04488315 0.04357484 0.04190498 0.03805478 0.04176104 0.04116019 0.04414917 0.03875577 0.04072813 0.04793019 0.04400354 0.03970156 0.04215292 0.04662480 0.03896784 0.04015117 0.04090717 0.03985335 0.03969912 0.03766763 0.04388154 0.00000000 0.04287275 0.04559604 0.04874131 0.04321335 0.04688203 0.03822469 0.04566268 0.03933356 0.04022581 0.03964281 0.03975620 0.04128585 0.03960989 0.04599529 0.04202137 0.04445237 0.04698264 0.04183540 0.04228734 0.04051077 0.04047866 0.04110126 0.04006475 0.04174854 0.04192034 0.04551062 0.04216558 0.04242204 0.04382700 0.04130152 0.03952854 0.04136037 0.04333432 0.04081902 0.03939535 0.04179585 0.04142302 0.03967958 0.04078569 0.04006397 0.04447999 0.03957907 0.04026225 0.04642070 0.04195353 0.04212900 0.04290934 0.03948758 0.04017644 0.04156058 0.04446606 0.04033296 0.04217655 0.04468532 0.03940122 0.03951307 0.03997086 0.04012374 0.04091661 0.04016711 0.04105164 0.03991359 0.04077621 0.04043819 0.04519881 0.04161094 0.04167208 0.04559829 0.04363393 0.04254071 0.04943907 
0.04372041 0.06369262 0.03686228 0.03534542 0.03371639 0.02538316 0.04602598 0.03117256 0.02764016 0.01869799 0.03890979 0.04204682 0.04747642 0.03209351 0.03659325 0.04111589 0.05639304 0.03118154 0.06518405 0.03484974 0.07312419 0.06162686 0.04240379 0.03584649 0.04888018 0.05565227 0.04041961 0.04075053 0.04287275 0.00000000 0.10441161 0.04210300 0.05352368 0.05458255 0.04198126 0.03182767 0.05174202 0.02960181 0.05253800 0.05728120 0.04548318 0.03876289 0.05074808 0.02026228 0.02513173 0.03791362 0.03690934 0.05784650 0.03674410 0.05009275 0.04183025 0.04462664 0.04566413 0.06408384 0.04976443 0.06556842 0.04624576 0.02598326 0.04596482 0.04981569 0.04259407 0.06674810 0.07102623 0.05939590 0.05002461 0.02662703 0.03836606 0.02911974 0.02881926 0.05440972 0.02487110 0.02758843 0.03668691 0.08118349 0.05474111 0.03789688 0.04981036 0.03154645 0.03394789 0.04783562 0.04302273 0.02566168 0.03924061 0.03109351 0.02996436 0.02917548 0.03413955 0.03539748 0.02372241 0.02518086 0.03462773 0.03889499 0.02963263 0.04307896 0.03427886 0.04343657 0.05216546 0.03859586 0.03626969 0.05180818 
0.01953306 0.05606179 0.01269670 0.01125132 0.02488632 0.03842975 0.07719175 0.01643828 0.02129778 0.03036050 0.03769333 0.03527063 0.04585262 0.05176456 0.05052291 0.03608949 0.03243823 0.02963481 0.04993193 0.05185700 0.04686413 0.05311353 0.03920854 0.03444374 0.03452403 0.04926773 0.03638774 0.02778498 0.04559604 0.10441161 0.00000000 0.05029279 0.04197886 0.07476449 0.06437570 0.03302564 0.06073771 0.05349532 0.04181309 0.05466091 0.04178023 0.02750631 0.05485093 0.04152038 0.05335391 0.04316566 0.04685682 0.04267376 0.03732256 0.04064161 0.01509467 0.05904258 0.05218227 0.05325224 0.05255455 0.06063079 0.03743195 0.04510303 0.04794915 0.04970755 0.04697720 0.03997614 0.04794259 0.02525086 0.03304465 0.04862527 0.05023693 0.05410292 0.03415707 0.03631243 0.03757262 0.03862840 0.04233950 0.05162715 0.04095427 0.03898440 0.07126345 0.03639225 0.03106485 0.04845754 0.04596300 0.03551691 0.05523111 0.03688575 0.03215145 0.03649264 0.04470106 0.04889600 0.04156839 0.03226074 0.03213081 0.03337177 0.05163578 0.06322880 0.02177519 0.02158664 0.05398625 0.03099139 0.01720510 0.03713089 
0.04273579 0.04643865 0.03835436 0.03737146 0.03955083 0.03606839 0.05103610 0.04165808 0.03944386 0.03813919 0.04342359 0.03829504 0.04001879 0.04042671 0.03682057 0.04774355 0.04609188 0.04771209 0.04128129 0.04082943 0.04410262 0.04770794 0.04805770 0.03598665 0.03619502 0.03541590 0.04369246 0.04934322 0.04874131 0.04210300 0.05029279 0.00000000 0.05212402 0.04510603 0.03650295 0.04179266 0.04089017 0.03938035 0.04301286 0.03829277 0.04075533 0.04487248 0.04790862 0.04029146 0.04100247 0.05472309 0.04028413 0.03909351 0.03924493 0.04301346 0.04518033 0.04603010 0.04354809 0.04751491 0.04954526 0.04496065 0.04115994 0.04264560 0.04818957 0.04653953 0.03956382 0.04037702 0.04582118 0.03811281 0.04442598 0.03906689 0.03853967 0.04196582 0.03891050 0.04053240 0.03502385 0.03814147 0.04388056 0.04164290 0.04411714 0.04674596 0.04131757 0.04032642 0.03892377 0.04300917 0.03620207 0.03952323 0.04446709 0.03511623 0.03553217 0.03620046 0.04760903 0.03995928 0.03904053 0.03904360 0.03850206 0.03994062 0.04720224 0.04506332 0.03775557 0.03792271 0.04464366 0.04066742 0.03834973 0.04801140 
0.05125274 0.02577773 0.04946626 0.03825021 0.04024050 0.07161755 0.03207505 0.02641350 0.07732941 0.04319457 0.04145921 0.06797054 0.01710174 0.05401398 0.04910367 0.02115481 0.04808560 0.02191288 0.04066537 0.05665730 0.04664598 0.04482439 0.05379973 0.04435829 0.03350286 0.05195153 0.04960042 0.03004187 0.04321335 0.05352368 0.04197886 0.05212402 0.00000000 0.06343525 0.05655988 0.05136405 0.04382748 0.04790986 0.04462218 0.03867271 0.03670824 0.03533344 0.02509318 0.02519284 0.04162293 0.06880060 0.05394001 0.03707131 0.04501564 0.02331630 0.03895383 0.03619445 0.04144044 0.03319405 0.04079989 0.02590135 0.07026625 0.04221380 0.01888531 0.04067956 0.03989963 0.03388896 0.04714438 0.04988770 0.06545686 0.03424238 0.04998691 0.05030871 0.03719908 0.04036701 0.03851926 0.03853340 0.05432685 0.04446115 0.03194948 0.04119904 0.05379173 0.03134849 0.03168223 0.09452755 0.03663491 0.04398948 0.03900214 0.05132351 0.03268001 0.03415264 0.06422898 0.03667943 0.03907392 0.03974802 0.02947029 0.02052331 0.04957899 0.02585085 0.03432181 0.02868698 0.03871136 0.04694984 0.05030973 0.04565127 
0.03063666 0.04633363 0.02411248 0.02216197 0.02849966 0.05358149 0.03806616 0.03599482 0.03881446 0.05690076 0.03972732 0.04916073 0.03525286 0.08085057 0.04774522 0.03423346 0.03878446 0.03042623 0.03522281 0.03917522 0.03506511 0.03837601 0.05453093 0.01941884 0.05256824 0.05304706 0.04195832 0.03181497 0.04688203 0.05458255 0.07476449 0.04510603 0.06343525 0.00000000 0.04100830 0.04101066 0.05218737 0.02629066 0.04736905 0.03634142 0.03987003 0.04636393 0.03576810 0.04009638 0.06866015 0.03682732 0.04501607 0.02972878 0.05133857 0.04435351 0.03325748 0.04643933 0.03511229 0.06373540 0.03492103 0.05945600 0.04303262 0.04175854 0.04602212 0.04878353 0.04988925 0.05077044 0.03168565 0.02438644 0.05811258 0.05004311 0.04819085 0.05341726 0.03649612 0.02732347 0.04869844 0.04281738 0.03466624 0.05141369 0.03585335 0.03123783 0.04985161 0.03403937 0.03012140 0.03696765 0.05419154 0.03785201 0.03761736 0.05184710 0.05280999 0.03949378 0.05676956 0.05601720 0.05353027 0.03851154 0.02215520 0.02513253 0.03205113 0.04703232 0.02620305 0.02658693 0.04344661 0.03275832 0.02514237 0.04263467 
0.04187634 0.04466027 0.04922444 0.05075230 0.05349539 0.06050681 0.03971940 0.06424242 0.04770897 0.06657900 0.03344903 0.06086831 0.04237377 0.05840773 0.04160036 0.04844763 0.03868468 0.03618220 0.04202430 0.03805129 0.03121435 0.03546896 0.02619448 0.03798944 0.04066300 0.05077628 0.04528734 0.03627817 0.03822469 0.04198126 0.06437570 0.03650295 0.05655988 0.04100830 0.00000000 0.06057991 0.06131256 0.04408475 0.03972757 0.04754208 0.05103986 0.03854420 0.03156177 0.04164543 0.05248900 0.03598921 0.02715017 0.05521134 0.04432146 0.04084324 0.04484434 0.03941237 0.03959958 0.03744688 0.03631014 0.04302322 0.05737871 0.04863307 0.03311415 0.04317570 0.03115761 0.03479554 0.03640978 0.04292384 0.05194358 0.05066134 0.04007644 0.02900163 0.04107122 0.03895044 0.05590432 0.04284466 0.03786726 0.04062282 0.03165445 0.05586788 0.05169542 0.04903339 0.03583633 0.03621835 0.04879929 0.04687682 0.05111210 0.05765032 0.04226252 0.05607844 0.05199761 0.02781056 0.02976176 0.03271609 0.03599186 0.03568001 0.04599191 0.02861634 0.05255408 0.03673150 0.03459558 0.03526269 0.04954123 0.03898742 
0.05641028 0.04467397 0.03695572 0.05466517 0.02979473 0.03239659 0.02965557 0.04042518 0.05388509 0.06383078 0.03072040 0.04658057 0.06747347 0.05378754 0.06142942 0.04112292 0.03135549 0.04612651 0.08368642 0.04751140 0.02900305 0.06782828 0.03461411 0.02478939 0.03408200 0.04625214 0.06517242 0.04767670 0.04566268 0.03182767 0.03302564 0.04179266 0.05136405 0.04101066 0.06057991 0.00000000 0.04724506 0.06217283 0.04080830 0.03696931 0.04022944 0.06078928 0.05336727 0.06314778 0.02952547 0.05754357 0.03497048 0.02736352 0.03452263 0.03484990 0.04689040 0.02363861 0.03753859 0.04806479 0.02856876 0.02498723 0.03060160 0.03433520 0.05859060 0.04044986 0.02102701 0.03064342 0.06370402 0.04653764 0.02679020 0.05828454 0.08000249 0.03441152 0.06049714 0.05195640 0.03350584 0.03284926 0.07071926 0.04296589 0.03700244 0.03829924 0.04194955 0.04412834 0.02825316 0.01651335 0.03449219 0.02358721 0.03151285 0.02933230 0.02687351 0.04843169 0.01865985 0.02592751 0.03193099 0.03286310 0.05239697 0.04770629 0.04814572 0.03156408 0.05961013 0.05242935 0.03075639 0.03874489 0.04771613 0.03587405 
