0.00000000 0.31452675 0.31292528 0.19580728 0.18906410 0.12701521 0.11507537 0.19356296 0.13399135 0.20949131 0.12888203 0.21137072 0.18676115 0.10257741 0.11416907 0.15939442 0.16375761 0.14210908 0.16129583 0.16655161 0.19199866 0.21361399 0.17071144 0.17560628 0.21275714 0.19582593 0.15716031 0.13983986 0.14482722 0.16478261 0.16713017 0.11940291 0.17578186 0.15902343 0.12971420 0.20184441 0.15652393 0.17257903 0.13205491 0.17836997 0.14824216 0.15961863 0.17227224 0.19214273 0.18477699 0.12635989 0.12177887 0.19198927 0.08046442 0.20209368 0.16982696 0.09703650 0.11078934 0.13699898 0.12625765 0.10919522 0.12474376 0.15056375 0.16068485 0.18473646 0.14111638 0.14852008 0.15236821 0.15383976 0.16568303 0.18705995 0.16769071 0.15178405 0.14435046 0.12107183 0.13511513 0.10476235 0.09565347 0.14872683 0.21399504 0.12326229 0.19697356 0.17329179 0.11883902 0.19795722 0.17721640 0.15738681 0.14863782 0.13992698 0.16286696 0.12767102 0.12196200 0.13050935 0.18026150 0.18280651 0.16979511 0.19931593 0.12415162 0.14387624 0.18202753 0.17296253 0.17185966 0.16905221 0.15925397 0.19170892 
0.31452675 0.00000000 0.31615348 0.22338610 0.28703979 0.12766939 0.13296028 0.19974847 0.15709820 0.13654779 0.15882165 0.13358669 0.14037153 0.16903641 0.13353876 0.16245713 0.14938345 0.13359442 0.10265263 0.13168647 0.16235131 0.14659457 0.17004846 0.13572810 0.20564099 0.19390455 0.15527880 0.17168693 0.19856997 0.16228765 0.16441200 0.14428418 0.16496678 0.17706097 0.13981261 0.15987419 0.14531524 0.11507913 0.19515601 0.13870447 0.18023132 0.16199155 0.14715712 0.14728971 0.14904360 0.13910568 0.26393530 0.14039612 0.13684623 0.15975295 0.13332653 0.17672231 0.15727178 0.11547675 0.12402057 0.25506842 0.15295591 0.19889648 0.11958367 0.14877169 0.15340024 0.16340549 0.16413191 0.16745431 0.15380217 0.21610130 0.15175900 0.09600486 0.18976970 0.15832853 0.17542354 0.15385922 0.16959245 0.16183571 0.12547125 0.12301700 0.27447682 0.13500790 0.16550690 0.14026506 0.14764204 0.11716684 0.19489435 0.16220956 0.13871223 0.12928710 0.13668513 0.15647791 0.20261634 0.16213707 0.16403228 0.12497872 0.12768754 0.12508973 0.13555919 0.10768509 0.14160565 0.09722209 0.14237309 0.16126057 
0.31292528 0.31615348 0.00000000 0.36883840 0.13971436 0.17054897 0.10683696 0.15943252 0.14417248 0.17811952 0.17299448 0.19294058 0.26428412 0.12915193 0.16502494 0.14447653 0.18772805 0.19756692 0.16950197 0.11921893 0.13467497 0.19837922 0.25659085 0.22159417 0.18659952 0.13255053 0.12215086 0.14469813 0.14555625 0.21205845 0.12290118 0.17171069 0.10731967 0.14461087 0.18525302 0.18302483 0.13092182 0.13363008 0.15129374 0.18671001 0.14601914 0.14437546 0.14162302 0.13282985 0.12256253 0.07200883 0.13081753 0.19058834 0.12007370 0.15833917 0.16536147 0.24829814 0.15282380 0.12080020 0.08248620 0.13119419 0.16152836 0.19471779 0.14721600 0.19228008 0.11712573 0.17358953 0.15879325 0.13040433 0.07470369 0.14171001 0.18736219 0.13538218 0.12051796 0.14286387 0.17812274 0.14422040 0.12983075 0.16012218 0.23204119 0.23080387 0.16638641 0.21258687 0.12820125 0.21845473 0.17633558 0.15988580 0.10058619 0.15662496 0.11447715 0.14775774 0.13618092 0.13692519 0.20014972 0.14567623 0.14121584 0.17313420 0.13850400 0.13160665 0.17242427 0.14934542 0.19485376 0.09869514 0.16819730 0.23424297 
0.19580728 0.22338610 0.36883840 0.00000000 0.34751301 0.28207287 0.11994242 0.13094308 0.09232121 0.18227244 0.17911593 0.17176174 0.22424508 0.14225385 0.20511442 0.19817822 0.18537824 0.18513540 0.28590957 0.19661737 0.11765225 0.17901582 0.13537460 0.12532030 0.18924072 0.13076033 0.19304975 0.15891972 0.13958648 0.11170481 0.19540150 0.10348553 0.13730536 0.16599425 0.12853705 0.11169067 0.08993880 0.14256138 0.18056208 0.20308753 0.20529041 0.12637791 0.17861658 0.04898853 0.17723019 0.11239458 0.17324282 0.23639644 0.12396303 0.19669923 0.22722105 0.10808592 0.19910960 0.12987035 0.10749804 0.13182882 0.18463117 0.13905586 0.15267231 0.13471029 0.19128987 0.16443103 0.18977313 0.11876627 0.10366071 0.11326949 0.14698894 0.22152131 0.16241751 0.11073569 0.15622405 0.12649197 0.19079517 0.17575162 0.22428795 0.13222216 0.16660223 0.20678853 0.17055844 0.23506650 0.18555084 0.18923036 0.14630777 0.23399862 0.14186211 0.13735592 0.10714615 0.15304897 0.15850018 0.10309978 0.11769635 0.16542457 0.09819523 0.14033009 0.17130162 0.13997692 0.16569279 0.18226917 0.19805283 0.20974270 
0.18906410 0.28703979 0.13971436 0.34751301 0.00000000 0.38411332 0.25118067 0.16097234 0.20992462 0.14124833 0.23537833 0.18383121 0.12903687 0.10517011 0.13795486 0.24802878 0.12669274 0.24392101 0.28604016 0.12409266 0.19278201 0.13410093 0.15797889 0.13152251 0.20003222 0.23373350 0.07173608 0.12885908 0.15158939 0.16862104 0.24722335 0.16946165 0.20364369 0.09873393 0.20809130 0.11252312 0.09885183 0.11924807 0.19170163 0.16335218 0.20009387 0.11505538 0.10108876 0.13141403 0.10827659 0.20692196 0.24663832 0.15678906 0.24045589 0.17412926 0.18792937 0.17195417 0.13144830 0.13367545 0.22525336 0.18400403 0.10738855 0.15752470 0.17004507 0.11727669 0.14186242 0.19829118 0.11402470 0.14843013 0.13062841 0.12816175 0.20131711 0.16795249 0.16030360 0.14892560 0.12759648 0.17394641 0.11962812 0.16170088 0.20828452 0.11408863 0.37662065 0.18909795 0.13106937 0.16688093 0.15819444 0.15772169 0.26342712 0.18537146 0.08201916 0.11436769 0.11788208 0.13056795 0.15526734 0.13177870 0.14008162 0.14321318 0.09111472 0.16879958 0.19322288 0.15940861 0.13593348 0.06755076 0.16469074 0.07043085 
0.12701521 0.12766939 0.17054897 0.28207287 0.38411332 0.00000000 0.16408697 0.20387486 0.15962537 0.13434828 0.16547995 0.14239368 0.19323250 0.17331340 0.12583787 0.16200362 0.17682188 0.19099148 0.12308470 0.09841868 0.13178937 0.23380255 0.19502755 0.14147665 0.17519920 0.23707538 0.18760577 0.12755509 0.14456731 0.20805281 0.17759436 0.18129513 0.11610733 0.12966953 0.29185828 0.09924806 0.21586444 0.16905791 0.22221033 0.20922724 0.15276285 0.20456561 0.19704394 0.08113899 0.12682313 0.10812412 0.06763683 0.17608986 0.16492507 0.12507466 0.23933975 0.21170994 0.14918229 0.15812241 0.08369989 0.14741684 0.18437631 0.09690275 0.16890111 0.16126948 0.17217200 0.16679484 0.14582843 0.15920727 0.25463895 0.15146243 0.11998930 0.20261192 0.15193738 0.13855117 0.19836246 0.23354470 0.12011343 0.21397097 0.14996339 0.10613404 0.27218701 0.10582117 0.08236476 0.24505339 0.24887576 0.10114611 0.06941627 0.25225695 0.24636791 0.18445192 0.17938048 0.12069617 0.13453973 0.18784421 0.12654734 0.16992949 0.15512295 0.08960530 0.20669711 0.16596179 0.08582033 0.12567523 0.26251548 0.18439847 
0.11507537 0.13296028 0.10683696 0.11994242 0.25118067 0.16408697 0.00000000 0.30360397 0.20404866 0.19618912 0.28430773 0.11817734 0.23860006 0.42574505 0.19336456 0.13995952 0.24708812 0.16143584 0.14233476 0.17186361 0.19916499 0.19816839 0.12202751 0.11499633 0.09637716 0.07785552 0.09821767 0.18060358 0.17799673 0.13576248 0.42088521 0.11785474 0.51762984 0.27638002 0.11910815 0.11953186 0.10627532 0.15329167 0.12369629 0.14556672 0.15817778 0.16821751 0.21069019 0.20524363 0.15053688 0.15603188 0.15522522 0.10020515 0.08250482 0.07761550 0.12503145 0.08551644 0.14442594 0.06986517 0.26990918 0.13386760 0.12998109 0.15299795 0.14353741 0.15687527 0.09352109 0.16086973 0.10933317 0.15917728 0.07838563 0.17817188 0.09627707 0.11703183 0.10721957 0.20468355 0.12049817 0.12710460 0.14810300 0.08095803 0.22300748 0.22043229 0.16226302 0.16363793 0.16605625 0.17411924 0.09917005 0.16168755 0.13409612 0.19556460 0.15158221 0.15297542 0.16471276 0.15830792 0.11352643 0.07089250 0.16153500 0.12414265 0.14653209 0.18940473 0.12756199 0.20450166 0.20838812 0.16835794 0.20268356 0.19544729 
0.19356296 0.19974847 0.15943252 0.13094308 0.16097234 0.20387486 0.30360397 0.00000000 0.23073993 0.38031046 0.16017288 0.24178801 0.10105018 0.23666484 0.14511034 0.19737836 0.13629695 0.21108627 0.15767455 0.16385233 0.25267195 0.14071842 0.17227683 0.23214376 0.08294490 0.11156342 0.15702510 0.15145126 0.22105126 0.15652004 0.22305792 0.21515467 0.21006060 0.21172252 0.70242298 0.24132749 0.13870852 0.12713522 0.11972656 0.15705434 0.13862164 0.12702544 0.19070290 0.08698143 0.12016331 0.12824932 0.19438636 0.28871495 0.16804641 0.06507673 0.11713465 0.10967955 0.16342155 0.12842302 0.13817696 0.16399738 0.17331769 0.10854685 0.05924682 0.08713671 0.08688551 0.12816757 0.19683403 0.16686441 0.09121074 0.17175896 0.12316465 0.11051780 0.10564355 0.20446519 0.06616672 0.17020740 0.15903162 0.07804391 0.16717301 0.09715045 0.19118910 0.05103272 0.13363118 0.10874495 0.13480630 0.10716530 0.18296288 0.12180535 0.17622738 0.11443067 0.11154069 0.29491260 0.12608352 0.13932316 0.10523973 0.15012346 0.12881275 0.16244908 0.15779133 0.11661975 0.14752383 0.21647914 0.15444697 0.20439084 
0.13399135 0.15709820 0.14417248 0.09232121 0.20992462 0.15962537 0.20404866 0.23073993 0.00000000 0.41872829 0.28149947 0.50107138 0.14404861 0.15745689 0.15196856 0.25977064 0.08392048 0.18202151 0.13458142 0.35704993 0.23114006 0.18263355 0.14955687 0.09376706 0.16401705 0.31182280 0.19597446 0.20005372 0.16156938 0.26038727 0.24311232 0.32838695 0.13984079 0.12945389 0.33203150 0.11338714 0.15875632 0.15704223 0.13333035 0.12869973 0.17203397 0.27067898 0.20811756 0.26611886 0.18417411 0.13775526 0.13328607 0.16340637 0.19136603 0.16854378 0.20378128 0.11439444 0.21653872 0.16690483 0.18307822 0.17881383 0.13268405 0.11901663 0.09947438 0.14396898 0.10151464 0.09279218 0.11468982 0.09897132 0.13409781 0.09800570 0.15265368 0.09329036 0.12008455 0.18718104 0.09175663 0.08129773 0.09072792 0.11511436 0.17027239 0.27499600 0.11743101 0.06100245 0.16586403 0.12992224 0.23120344 0.03861855 0.11310180 0.10894269 0.12459348 0.10165296 0.18920976 0.04888927 0.11869851 0.10891308 0.14699734 0.11023284 0.11121796 0.13570572 0.12226587 0.20223618 0.10020186 0.25150153 0.20033918 0.07403669 
0.20949131 0.13654779 0.17811952 0.18227244 0.14124833 0.13434828 0.19618912 0.38031046 0.41872829 0.00000000 0.62286421 0.32468104 0.16506210 0.16101056 0.21369808 0.21381628 0.11850050 0.13759035 0.12255257 0.18255145 0.14271568 0.15415693 0.18473410 0.17872198 0.16735380 0.13635254 0.22592223 0.18060466 0.18690673 0.16731050 0.21647835 0.37946870 0.26487193 0.18993069 0.43755021 0.13731836 0.19541666 0.10355253 0.11526495 0.13979222 0.15444777 0.30367101 0.09816794 0.16087060 0.13711988 0.13136770 0.06463648 0.09510489 0.15187862 0.11740275 0.11201806 0.13328867 0.14396066 0.07005172 0.09095785 0.10035430 0.14780133 0.16473536 0.21447532 0.15203883 0.17220818 0.15378372 0.05020812 0.13758625 0.10548425 0.06106290 0.12699679 0.13451464 0.13541848 0.07160978 0.13170763 0.14543082 0.10339179 0.17994625 0.06775648 0.13481713 0.14245209 0.16252618 0.07445105 0.12758631 0.22207947 0.13704813 0.10398950 0.19746516 0.11767480 0.09975404 0.22199070 0.07162113 0.11602273 0.12748494 0.18137976 0.15791249 0.14790922 0.13474095 0.17196997 0.13505934 0.13752073 0.14109812 0.17244344 0.18775240 
0.12888203 0.15882165 0.17299448 0.17911593 0.23537833 0.16547995 0.28430773 0.16017288 0.28149947 0.62286421 0.00000000 0.23521696 0.19279705 0.12866497 0.26795636 0.19109889 0.20152960 0.12389875 0.24038591 0.16360358 0.12989211 0.18930195 0.20825348 0.12433929 0.19372629 0.12459349 0.16732998 0.16828885 0.11353681 0.09927626 0.04969935 0.15663297 0.17421559 0.09734754 0.39129337 0.22942219 0.33387585 0.18890605 0.19633565 0.24250122 0.17551620 0.17285186 0.27337118 0.19832243 0.09095004 0.09018766 0.12001740 0.20633829 0.18375060 0.13602886 0.08047974 0.19941430 0.14554851 0.19421871 0.15893853 0.14984655 0.18784647 0.09525957 0.18250394 0.14260603 0.16699215 0.24545535 0.19263519 0.10268921 0.15689176 0.19683490 0.11761553 0.10791652 0.16834581 0.15333171 0.15372892 0.17551102 0.16228163 0.18963084 0.14930666 0.12979270 0.13161334 0.19230616 0.11092867 0.21388241 0.07206398 0.09914538 0.09631012 0.16256999 0.17959942 0.17048657 0.14018614 0.12673518 0.12687965 0.13903935 0.12902408 0.12658623 0.15772129 0.15256181 0.15293580 0.10514883 0.11848862 0.10262132 0.16670929 0.12887400 
0.21137072 0.13358669 0.19294058 0.17176174 0.18383121 0.14239368 0.11817734 0.24178801 0.50107138 0.32468104 0.23521696 0.00000000 0.38752217 0.22047009 0.20541315 0.35828917 0.23297912 0.12604849 0.15188599 0.39267488 0.19050608 0.20787300 0.14666262 0.18411842 0.19081449 0.19319209 0.11689869 0.07845570 0.16331907 0.28646054 0.12058850 0.19267586 0.06240754 0.19096635 0.26798108 0.21550141 0.20074485 0.31519573 0.13149600 0.26964131 0.13990560 0.19382424 0.04658163 0.18702908 0.16274507 0.21388697 0.09767174 0.08624270 0.07540397 0.07612250 0.05821759 0.14931357 0.14356171 0.12498810 0.10754528 0.14711907 0.20028674 0.10414729 0.15227745 0.13376512 0.20483055 0.16315990 0.16307062 0.11822425 0.13608073 0.14510211 0.07243425 0.12078444 0.16055874 0.20702072 0.10280184 0.16448471 0.16286775 0.10360275 0.07092834 0.20540083 0.13120375 0.04134875 0.05905486 0.16251738 0.16582229 0.14318332 0.10705215 0.11134379 0.20435893 0.09651385 0.17544757 0.08697279 0.14922040 0.19599241 0.10387706 0.13760110 0.14948165 0.15660897 0.17253284 0.06597957 0.14939438 0.19536046 0.09545588 0.13191479 
0.18676115 0.14037153 0.26428412 0.22424508 0.12903687 0.19323250 0.23860006 0.10105018 0.14404861 0.16506210 0.19279705 0.38752217 0.00000000 0.19117337 0.31130613 0.47203639 0.23509642 0.19094884 0.23018941 0.17750832 0.24524916 0.20987351 0.19993060 0.16955241 0.18764545 0.15131201 0.12214787 0.12947914 0.21308749 0.15255667 0.13601019 0.25473174 0.14478507 0.17601531 0.11134737 0.25439680 0.22322901 0.22536714 0.15418121 0.16947911 0.15508203 0.16281930 0.16173649 0.14224626 0.11847792 0.17662608 0.19098784 0.11082592 0.09759306 0.06903062 0.05319661 0.12157982 0.08283291 0.10963623 0.09292669 0.10144790 0.13122892 0.15427326 0.10627396 0.12512121 0.23357975 0.15591945 0.13725548 0.12889536 0.09511042 0.08218269 0.21127043 0.21541592 0.14986439 0.14448531 0.14224714 0.22451126 0.11020071 0.24348680 0.18809687 0.12383859 0.12517035 0.13696135 0.14230064 0.10948161 0.16812822 0.12572988 0.13556580 0.11617924 0.11861247 0.19579093 0.16405050 0.16796970 0.18609260 0.12439434 0.15004913 0.16455198 0.20627411 0.09375320 0.15900636 0.08772872 0.14255355 0.11130800 0.22194652 0.24793317 
0.10257741 0.16903641 0.12915193 0.14225385 0.10517011 0.17331340 0.42574505 0.23666484 0.15745689 0.16101056 0.12866497 0.22047009 0.19117337 0.00000000 0.24866737 0.13918674 0.18119364 0.31267873 0.10209875 0.11245305 0.21489815 0.14766134 0.08889673 0.11454217 0.14887652 0.17139745 0.11581554 0.09041166 0.31165250 0.12618057 0.17800287 0.11972457 0.24435475 0.40386446 0.13623193 0.24272412 0.22303444 0.22291105 0.14958251 0.14479843 0.17363893 0.22103863 0.30941659 0.17604026 0.11334877 0.10093922 0.21380177 0.07540540 0.16676884 0.15000227 0.09053410 0.10036701 0.16628807 0.17716626 0.38580094 0.26533541 0.21233196 0.16670859 0.08225507 0.14786757 0.13298974 0.15198079 0.17050977 0.21059064 0.15275548 0.18070846 0.07561895 0.19731898 0.06331258 0.20743879 0.14346586 0.09128574 0.12186951 0.12091102 0.21578791 0.10029037 0.15154532 0.13708001 0.20277918 0.21088328 0.15037072 0.12697957 0.20027895 0.15447554 0.11038350 0.11443494 0.15651760 0.14087252 0.14681313 0.17580583 0.06921343 0.19747602 0.12008471 0.15908033 0.11103247 0.09840030 0.09950903 0.13238062 0.05594633 0.12209065 
0.11416907 0.13353876 0.16502494 0.20511442 0.13795486 0.12583787 0.19336456 0.14511034 0.15196856 0.21369808 0.26795636 0.20541315 0.31130613 0.24866737 0.00000000 0.14992909 0.20637488 0.28964841 0.22750047 0.18635627 0.12726127 0.14509482 0.22010716 0.27060126 0.20837497 0.17606322 0.18938636 0.22239252 0.15588293 0.18282607 0.08661975 0.09838269 0.14544990 0.12923339 0.13562838 0.09963449 0.11490237 0.32978224 0.20120216 0.16177528 0.15705957 0.29802502 0.15777919 0.24375548 0.28344543 0.17951366 0.12861534 0.14423591 0.11860827 0.27065490 0.20006945 0.21693006 0.20567621 0.06689863 0.07924841 0.08913147 0.19765120 0.15977404 0.30005942 0.20420694 0.17830856 0.08328775 0.13301416 0.10861127 0.24850479 0.06913410 0.10937858 0.20080548 0.12462293 0.18764709 0.16287763 0.18262794 0.13993367 0.15051148 0.04958742 0.04539375 0.17161085 0.11380581 0.07689462 0.08805152 0.13945406 0.15565078 0.13794897 0.19341102 0.20757046 0.14009531 0.11113093 0.18487908 0.16865940 0.16009456 0.22093208 0.17584715 0.19755751 0.14543646 0.15075158 0.16362072 0.15500671 0.20858288 0.18167117 0.11293405 
0.15939442 0.16245713 0.14447653 0.19817822 0.24802878 0.16200362 0.13995952 0.19737836 0.25977064 0.21381628 0.19109889 0.35828917 0.47203639 0.13918674 0.14992909 0.00000000 0.17920967 0.10188724 0.47676133 0.30309719 0.29161561 0.19938541 0.14025023 0.18555175 0.17035986 0.17863440 0.18103447 0.05358934 0.17070191 0.16195466 0.17631880 0.11673513 0.14411969 0.17171597 0.17501281 0.16931757 0.14753004 0.15224126 0.14012393 0.15735278 0.18578084 0.19131022 0.17665357 0.08500145 0.11921042 0.10841843 0.11725659 0.18075102 0.18563994 0.20812327 0.11072455 0.23263894 0.10633513 0.19214128 0.11449571 0.06731558 0.14570565 0.12313855 0.13953111 0.05488398 0.14718511 0.12678880 0.19957128 0.21549762 0.09195773 0.08323333 0.09856304 0.08020447 0.11140667 0.26495223 0.17185736 0.27152305 0.13154072 0.09857584 0.21259945 0.15860851 0.08612269 0.10395439 0.14171927 0.08369012 0.13167424 0.21511945 0.08276821 0.21592631 0.29373008 0.13134981 0.19227185 0.11214312 0.12878395 0.17964557 0.13343849 0.15489468 0.18944864 0.12661320 0.17386064 0.16988774 0.17122686 0.19039990 0.16900644 0.08389476 
0.16375761 0.14938345 0.18772805 0.18537824 0.12669274 0.17682188 0.24708812 0.13629695 0.08392048 0.11850050 0.20152960 0.23297912 0.23509642 0.18119364 0.20637488 0.17920967 0.00000000 0.40073977 0.20648659 0.19894595 0.35249157 0.15118042 0.19178900 0.08482688 0.12154816 0.05935143 0.06119866 0.15366348 0.19981660 0.13262635 0.29838166 0.32337354 0.16136885 0.18108740 0.10160816 0.26282428 0.16189888 0.23253809 0.14230746 0.12537831 0.09349424 0.13884852 0.21636869 0.23590879 0.13087561 0.20554800 0.22081662 0.17599173 0.12982510 0.06661230 0.16479606 0.12039480 0.21179772 0.09731966 0.24728322 0.10941786 0.10156788 0.23766720 0.16880829 0.26818525 0.15791508 0.25751023 0.19164863 0.18485830 0.10430402 0.17655131 0.14080650 0.12645678 0.08151952 0.14930929 0.12854650 0.09196869 0.17641672 0.10950442 0.15882935 0.20912944 0.21268332 0.09984099 0.10474610 0.05818496 0.13589587 0.09799367 0.10338405 0.10120767 0.17475209 0.17717179 0.13263407 0.10628059 0.17834064 0.11454281 0.14637713 0.19600121 0.15614774 0.16100129 0.10900322 0.12434028 0.20553423 0.14485064 0.12568909 0.13350039 
0.14210908 0.13359442 0.19756692 0.18513540 0.24392101 0.19099148 0.16143584 0.21108627 0.18202151 0.13759035 0.12389875 0.12604849 0.19094884 0.31267873 0.28964841 0.10188724 0.40073977 0.00000000 0.17784830 0.07835821 0.27748388 0.10104499 0.09159740 0.23163380 0.18888181 0.19720840 0.20757435 0.13513289 0.11199534 0.17356369 0.06484961 0.21892212 0.08220545 0.13306906 0.21847880 0.18347448 0.10865928 0.23816565 0.09261542 0.09237590 0.23480578 0.21443765 0.24646744 0.15847673 0.14695941 0.21904387 0.12413321 0.19142303 0.12442703 0.08701306 0.19461136 0.13859416 0.26682393 0.10707791 0.37667979 0.11587005 0.16782620 0.18436296 0.17990271 0.13620596 0.12040592 0.17768218 0.12959303 0.18056251 0.23298597 0.07052410 0.20348842 0.10748191 0.11863602 0.13605140 0.20803973 0.18918313 0.09532443 0.22403299 0.18251309 0.12453000 0.12561193 0.17466290 0.14801759 0.16712877 0.13373528 0.10906373 0.13184506 0.07287051 0.18836529 0.11104701 0.13812832 0.15670403 0.21901540 0.14905241 0.16155181 0.16927324 0.12291331 0.15135975 0.17686990 0.09810095 0.17369153 0.16302046 0.14333682 0.17553512 
0.16129583 0.10265263 0.16950197 0.28590957 0.28604016 0.12308470 0.14233476 0.15767455 0.13458142 0.12255257 0.24038591 0.15188599 0.23018941 0.10209875 0.22750047 0.47676133 0.20648659 0.17784830 0.00000000 0.19999794 0.14699627 0.24104253 0.24099297 0.32262080 0.18176751 0.19354184 0.27740683 0.18344734 0.16473530 0.25303047 0.12435862 0.22714654 0.12677269 0.11704126 0.12942501 0.13291384 0.14387508 0.21559880 0.12925116 0.13804369 0.21480628 0.22289803 0.18022856 0.07309525 0.11954916 0.08011664 0.05205567 0.20212952 0.21793996 0.25170887 0.18368153 0.09022250 0.14713456 0.11146156 0.12711102 0.11879440 0.17956754 0.08782593 0.12867496 0.14450927 0.10952340 0.15309015 0.23691129 0.07456540 0.13336268 0.10946363 0.14436438 0.20544307 0.19636344 0.16377252 0.19075568 0.22273221 0.10113613 0.17209086 0.02887080 0.15821895 0.22720812 0.19063436 0.20255476 0.16517716 0.10379541 0.05496338 0.19184560 0.06609608 0.12412839 0.23626045 0.20897744 0.15288120 0.14854932 0.21882495 0.13592566 0.15684424 0.18781875 0.16314570 0.18630896 0.17126662 0.10511223 0.23777341 0.16021998 0.14558061 
0.16655161 0.13168647 0.11921893 0.19661737 0.12409266 0.09841868 0.17186361 0.16385233 0.35704993 0.18255145 0.16360358 0.39267488 0.17750832 0.11245305 0.18635627 0.30309719 0.19894595 0.07835821 0.19999794 0.00000000 0.14189966 0.23680301 0.31312226 0.28560309 0.14886510 0.26291823 0.16113298 0.13494968 0.14342214 0.14231514 0.17390070 0.23907113 0.10330504 0.14551299 0.13790525 0.18320573 0.17801423 0.20292629 0.21396785 0.13490086 0.15317997 0.11266688 0.11347470 0.09262332 0.13148334 0.05702439 0.06969468 0.17211671 0.19330993 0.19258656 0.21087537 0.18168337 0.12561785 0.10580558 0.17178931 0.13247817 0.08164906 0.20710597 0.14088590 0.17551201 0.23161472 0.15051206 0.20133241 0.20429216 0.17710248 0.14921955 0.10251719 0.15205632 0.15996865 0.21117604 0.21804511 0.18972311 0.13370698 0.15360729 0.11257579 0.18570212 0.16179295 0.15590995 0.17482945 0.05365968 0.20431219 0.09892737 0.09064372 0.22335157 0.21803249 0.26551028 0.16236972 0.12669426 0.12988953 0.07826684 0.11032342 0.07329247 0.18754456 0.13165626 0.18244415 0.20264159 0.14130142 0.16457617 0.16394760 0.20035456 
0.19199866 0.16235131 0.13467497 0.11765225 0.19278201 0.13178937 0.19916499 0.25267195 0.23114006 0.14271568 0.12989211 0.19050608 0.24524916 0.21489815 0.12726127 0.29161561 0.35249157 0.27748388 0.14699627 0.14189966 0.00000000 0.24149419 0.17214659 0.11825508 0.19067191 0.15876763 0.13445695 0.12732760 0.23842243 0.17242677 0.23491765 0.18902124 0.24545945 0.17734211 0.12381769 0.10866790 0.20013029 0.17613747 0.13834003 0.08176352 0.13867181 0.13895288 0.13446294 0.18473243 0.13417170 0.61970050 0.17373330 0.15353178 0.14216828 0.14418834 0.14749873 0.12296190 0.19861111 0.23841455 0.14641439 0.10680496 0.06430659 0.07234313 0.21357398 0.12587480 0.14998535 0.18867080 0.20104236 0.13539475 0.08480479 0.11238536 0.07142861 0.21532161 0.16068967 0.13276333 0.09735149 0.05945648 0.14063731 0.13284937 0.16579991 0.14043909 0.09863535 0.11571093 0.12112060 0.08416215 0.15577412 0.11645712 0.17722055 0.12516958 0.20231627 0.11863110 0.14081874 0.14594056 0.16581813 0.14851078 0.13372592 0.08726904 0.15760364 0.25258790 0.13828712 0.11619714 0.17105350 0.10838848 0.12799927 0.12662024 
0.21361399 0.14659457 0.19837922 0.17901582 0.13410093 0.23380255 0.19816839 0.14071842 0.18263355 0.15415693 0.18930195 0.20787300 0.20987351 0.14766134 0.14509482 0.19938541 0.15118042 0.10104499 0.24104253 0.23680301 0.24149419 0.00000000 0.33829450 0.14018798 0.24941656 0.20241465 0.27486870 0.16325986 0.17265696 0.20280255 0.08963617 0.18843406 0.08948293 0.13685893 0.14691179 0.15056577 0.20835227 0.17619896 0.22481499 0.20827453 0.11932675 0.09208826 0.15584189 0.16048410 0.06614412 0.14306357 0.17828235 0.24914219 0.20574970 0.18833907 0.25453958 0.24217736 0.27331326 0.08701773 0.18831856 0.05756939 0.08084079 0.13344117 0.16568139 0.14974401 0.24516146 0.19030541 0.20267976 0.07794151 0.16063414 0.09617833 0.06681792 0.24659883 0.10070538 0.15909229 0.17997759 0.09339305 0.12183837 0.12549640 0.09380547 0.16270057 0.19592210 0.12288284 0.17282461 0.08051232 0.17579359 0.21644992 0.12944299 0.09930868 0.23769364 0.15712156 0.15709449 0.14191055 0.12739737 0.12017615 0.18825178 0.13952183 0.16011992 0.14680111 0.15172188 0.21667350 0.19595422 0.13237910 0.15520022 0.15939689 
0.17071144 0.17004846 0.25659085 0.13537460 0.15797889 0.19502755 0.12202751 0.17227683 0.14955687 0.18473410 0.20825348 0.14666262 0.19993060 0.08889673 0.22010716 0.14025023 0.19178900 0.09159740 0.24099297 0.31312226 0.17214659 0.33829450 0.00000000 0.26082922 0.27384202 0.19331589 0.21290475 0.21623075 0.16374795 0.16880463 0.19101902 0.13200755 0.19118818 0.19905220 0.08532097 0.12955734 0.17001629 0.14785610 0.15324803 0.17393136 0.10313383 0.17089876 0.23729085 0.06415326 0.20525285 0.14350640 0.16923008 0.24750365 0.22175852 0.20340443 0.15989390 0.21508086 0.14821925 0.10884580 0.07132724 0.12176246 0.19460518 0.13518557 0.10183242 0.14285152 0.09181933 0.09317248 0.06263424 0.17290927 0.06925413 0.14869942 0.07313764 0.21255445 0.17376697 0.07971019 0.10803407 0.22837720 0.10873819 0.13351825 0.12647382 0.13969518 0.11600970 0.07988989 0.17645791 0.17526993 0.22385927 0.16233523 0.15782722 0.21563822 0.20355887 0.22729596 0.20256882 0.08989616 0.09682855 0.14406299 0.17100786 0.20312597 0.21358941 0.08592708 0.19364694 0.12898815 0.18501057 0.18607782 0.14507031 0.25580631 
0.17560628 0.13572810 0.22159417 0.12532030 0.13152251 0.14147665 0.11499633 0.23214376 0.09376706 0.17872198 0.12433929 0.18411842 0.16955241 0.11454217 0.27060126 0.18555175 0.08482688 0.23163380 0.32262080 0.28560309 0.11825508 0.14018798 0.26082922 0.00000000 0.31968886 0.29850193 0.17830902 0.18267999 0.18826342 0.22470696 0.16549530 0.18537420 0.19521684 0.10166355 0.09825783 0.05457756 0.11257108 0.05244933 0.16961110 0.19613285 0.11886845 0.18096829 0.13511132 0.12731147 0.20696313 0.07398526 0.16117798 0.25292492 0.16474649 0.16129937 0.26563604 0.18965450 0.15206099 0.14173570 0.09706409 0.14733513 0.12492345 0.09467655 0.06246371 0.23338760 0.13778841 0.11521764 0.13482603 0.14610917 0.18055933 0.09853858 0.08838157 0.14827199 0.16136452 0.19591529 0.17190988 0.22255000 0.10534731 0.20856041 0.27956372 0.08788215 0.22926360 0.12461146 0.17697000 0.17651862 0.18391073 0.14651007 0.17657859 0.19453255 0.18316073 0.28363987 0.18437421 0.11749428 0.09648199 0.08300608 0.18453025 0.11459802 0.21043563 0.12541681 0.21413861 0.22066657 0.14814334 0.21539792 0.18911440 0.16582447 
0.21275714 0.20564099 0.18659952 0.18924072 0.20003222 0.17519920 0.09637716 0.08294490 0.16401705 0.16735380 0.19372629 0.19081449 0.18764545 0.14887652 0.20837497 0.17035986 0.12154816 0.18888181 0.18176751 0.14886510 0.19067191 0.24941656 0.27384202 0.31968886 0.00000000 0.42257307 0.28921248 0.16761064 0.14286911 0.29706556 0.22213878 0.19977111 0.18792401 0.15099247 0.09529583 0.13166648 0.07481950 0.12093737 0.14072435 0.27170559 0.17941036 0.10953612 0.11858543 0.16273559 0.14138452 0.22129412 0.15890416 0.32466355 0.16277065 0.22109639 0.22648318 0.11777689 0.11142929 0.19651605 0.13664699 0.06789567 0.04857584 0.24382200 0.21070552 0.10594486 0.16588929 0.17099166 0.21357207 0.17735852 0.18972250 0.04275977 0.18802234 0.16714614 0.15393453 0.13764655 0.12453078 0.12915782 0.08883974 0.19822032 0.12697272 0.13365191 0.13226436 0.13820459 0.17057786 0.11695506 0.17930129 0.05399060 0.11763711 0.10340112 0.20375133 0.17120615 0.20193372 0.15593174 0.10395384 0.21968772 0.12807825 0.17050392 0.13669449 0.12460790 0.19252913 0.12880682 0.12654500 0.09674527 0.20453565 0.09749448 
0.19582593 0.19390455 0.13255053 0.13076033 0.23373350 0.23707538 0.07785552 0.11156342 0.31182280 0.13635254 0.12459349 0.19319209 0.15131201 0.17139745 0.17606322 0.17863440 0.05935143 0.19720840 0.19354184 0.26291823 0.15876763 0.20241465 0.19331589 0.29850193 0.42257307 0.00000000 0.40918874 0.23277414 0.15881016 0.43757607 0.18189069 0.16561882 0.04618726 0.07735608 0.04463186 0.21657483 0.09880192 0.08545335 0.16153252 0.21774946 0.23712015 0.16395684 0.12698073 0.18008643 0.24857346 0.16166359 0.08490713 0.23821476 0.17072126 0.23269931 0.19836688 0.15829224 0.19621446 0.18633745 0.07882988 0.11059941 0.07045579 0.08993333 0.14426204 0.20246156 0.17163324 0.16566158 0.12728466 0.11108325 0.13263568 0.07889385 0.15914639 0.11245343 0.19324742 0.17776605 0.17904472 0.20278321 0.20169282 0.19849018 0.11965390 0.10754437 0.15893795 0.28190104 0.21572786 0.11194916 0.19040079 0.10652200 0.13070835 0.18583641 0.18940739 0.14802374 0.08591694 0.09600272 0.14210097 0.08699229 0.16472556 0.07267408 0.09879938 0.09529872 0.14982848 0.15261799 0.16600318 0.20274177 0.19241311 0.13787549 
0.15716031 0.15527880 0.12215086 0.19304975 0.07173608 0.18760577 0.09821767 0.15702510 0.19597446 0.22592223 0.16732998 0.11689869 0.12214787 0.11581554 0.18938636 0.18103447 0.06119866 0.20757435 0.27740683 0.16113298 0.13445695 0.27486870 0.21290475 0.17830902 0.28921248 0.40918874 0.00000000 0.19731434 0.15035005 0.44830579 0.20332198 0.08532810 0.22366105 0.11923982 0.19421130 0.11699413 0.15101596 0.10102591 0.18340710 0.15558186 0.20264838 0.19656587 0.15736025 0.20656061 0.21312228 0.18017854 0.13815348 0.18522511 0.10820276 0.18940788 0.21909816 0.17867010 0.11699483 0.07776787 0.13723991 0.01352097 0.14174009 0.12419816 0.24037727 0.24380364 0.16205631 0.15108144 0.20172071 0.11427831 0.03224461 0.17340707 0.19176314 0.18560007 0.17061602 0.15326515 0.08325590 0.21338878 0.13848138 0.10323947 0.21287587 0.13860960 0.16739988 0.10948522 0.13610588 0.13165161 0.14752506 0.10147059 0.12071662 0.19588513 0.25725892 0.20513097 0.19359045 0.08362737 0.11777488 0.11663094 0.10483576 0.24856637 0.13348105 0.12788622 0.27718350 0.35367799 0.15887998 0.15199943 0.14114238 0.19354543 
0.13983986 0.17168693 0.14469813 0.15891972 0.12885908 0.12755509 0.18060358 0.15145126 0.20005372 0.18060466 0.16828885 0.07845570 0.12947914 0.09041166 0.22239252 0.05358934 0.15366348 0.13513289 0.18344734 0.13494968 0.12732760 0.16325986 0.21623075 0.18267999 0.16761064 0.23277414 0.19731434 0.00000000 0.14768672 0.16469343 0.23049064 0.16115397 0.24467455 0.12634190 0.09030321 0.13990498 0.11448454 0.08604112 0.16515306 0.16192358 0.12418073 0.12552834 0.16013978 0.14536008 0.10170895 0.11484550 0.21996178 0.25387118 0.45216199 0.45003335 0.49368674 0.33610078 0.09310934 0.19076579 0.10597207 0.11631151 0.11905227 0.20654584 0.15140600 0.26620932 0.09759805 0.11475550 0.13057740 0.09392042 0.14149208 0.14401775 0.11294859 0.21331429 0.10025144 0.14530135 0.23780547 0.22156404 0.10504364 0.24119257 0.15691491 0.15263367 0.21112348 0.11229340 0.07857316 0.32112407 0.13944328 0.09782658 0.10560957 0.15170328 0.24189105 0.08036203 0.17202255 0.16643773 0.14959224 0.11547523 0.13482797 0.24137597 0.16483038 0.15838308 0.19606492 0.26012871 0.16793912 0.16472100 0.13664300 0.12464050 
0.14482722 0.19856997 0.14555625 0.13958648 0.15158939 0.14456731 0.17799673 0.22105126 0.16156938 0.18690673 0.11353681 0.16331907 0.21308749 0.31165250 0.15588293 0.17070191 0.19981660 0.11199534 0.16473530 0.14342214 0.23842243 0.17265696 0.16374795 0.18826342 0.14286911 0.15881016 0.15035005 0.14768672 0.00000000 0.19414122 0.45996075 0.22196577 0.20624616 0.42191852 0.15800234 0.31429410 0.19248149 0.14561990 0.10329422 0.19683493 0.14600114 0.12590017 0.15356222 0.22663377 0.21958698 0.26381887 0.18674572 0.20460509 0.14482298 0.15863682 0.11804900 0.11693346 0.13138943 0.10485273 0.13986237 0.15236163 0.24265702 0.16399446 0.12004424 0.14391499 0.19520353 0.11287569 0.12564524 0.10890685 0.15084898 0.12393925 0.08646896 0.11248046 0.13169255 0.12165453 0.14865551 0.06489165 0.12231178 0.10567828 0.16599410 0.14089769 0.12598549 0.15843242 0.25064836 0.11529489 0.14668386 0.10810951 0.16681980 0.18897704 0.17135763 0.13447975 0.12148226 0.09295186 0.09871651 0.11839264 0.14717049 0.11155191 0.14918791 0.15085943 0.11882378 0.11689738 0.12254319 0.15105691 0.08336061 0.11263702 
0.16478261 0.16228765 0.21205845 0.11170481 0.16862104 0.20805281 0.13576248 0.15652004 0.26038727 0.16731050 0.09927626 0.28646054 0.15255667 0.12618057 0.18282607 0.16195466 0.13262635 0.17356369 0.25303047 0.14231514 0.17242677 0.20280255 0.16880463 0.22470696 0.29706556 0.43757607 0.44830579 0.16469343 0.19414122 0.00000000 0.20664230 0.20923221 0.14651756 0.17863883 0.11195802 0.21601255 0.13526854 0.08455601 0.14857574 0.11552579 0.19212331 0.13117937 0.15894608 0.23112408 0.11815493 0.17257948 0.18442360 0.31546830 0.21881842 0.08737883 0.11997882 0.06872361 0.18153343 0.17524733 0.10619115 0.19866371 0.19288995 0.13446396 0.16537638 0.19359974 0.19107172 0.12776201 0.15652834 0.07098542 0.13831490 0.09930793 0.14668350 0.12631987 0.09151935 0.18574895 0.11650481 0.14729567 0.28187012 0.09108687 0.18795294 0.09559853 0.11009030 0.10716819 0.25437172 0.15790224 0.03683233 0.12747136 0.12926798 0.11121557 0.14342866 0.07151287 0.15516043 0.14040721 0.13347050 0.13619752 0.03882813 0.10733099 0.12143125 0.16047265 0.12640563 0.27379598 0.26529061 0.31120668 0.24340041 0.13039795 
0.16713017 0.16441200 0.12290118 0.19540150 0.24722335 0.17759436 0.42088521 0.22305792 0.24311232 0.21647835 0.04969935 0.12058850 0.13601019 0.17800287 0.08661975 0.17631880 0.29838166 0.06484961 0.12435862 0.17390070 0.23491765 0.08963617 0.19101902 0.16549530 0.22213878 0.18189069 0.20332198 0.23049064 0.45996075 0.20664230 0.00000000 0.27751722 0.29668736 0.36991086 0.21078247 0.22749637 0.17475567 0.12942684 0.21640507 0.12150759 0.18511945 0.10163614 0.19105402 0.11110307 0.16789301 0.09188154 0.13412640 0.10652517 0.07590746 0.17878678 0.12937334 0.09104223 0.10422390 0.20666991 0.16059921 0.15536243 0.11451636 0.11397429 0.18482440 0.16252667 0.06191818 0.22149791 0.22294546 0.11345291 0.20428536 0.06034662 0.12587524 0.16568745 0.17167101 0.08867342 0.20958492 0.06108512 0.11850616 0.22114967 0.07984268 0.13421997 0.05469182 0.17851054 0.10808817 0.18807591 0.12955135 0.09561299 0.09269435 0.26701138 0.13947031 0.09182789 0.19912937 0.04977738 0.09007597 0.14410413 0.12193291 0.11303404 0.15741668 0.13870447 0.12418433 0.08072633 0.12625017 0.20251943 0.14230750 0.14757428 
0.11940291 0.14428418 0.17171069 0.10348553 0.16946165 0.18129513 0.11785474 0.21515467 0.32838695 0.37946870 0.15663297 0.19267586 0.25473174 0.11972457 0.09838269 0.11673513 0.32337354 0.21892212 0.22714654 0.23907113 0.18902124 0.18843406 0.13200755 0.18537420 0.19977111 0.16561882 0.08532810 0.16115397 0.22196577 0.20923221 0.27751722 0.00000000 0.19669562 0.25549040 0.30796230 0.24704184 0.22535980 0.11548428 0.13546681 0.11614201 0.16352166 0.12221962 0.22190743 0.17760824 0.22820914 0.19457236 0.08825808 0.17171733 0.18516914 0.14349208 0.18677376 0.19144066 0.24512480 0.12853828 0.17844178 0.17230430 0.20489668 0.18333422 0.13950203 0.11127696 0.06205417 0.13793413 0.12965868 0.12626569 0.16971358 0.09056168 0.07350811 0.23031483 0.12686131 0.10726162 0.12405886 0.16415582 0.13596475 0.23598339 0.11676219 0.18889104 0.09913648 0.07466726 0.12700714 0.12920028 0.12547531 0.09687827 0.11902685 0.18130881 0.12491133 0.09780325 0.11865806 0.08665262 0.14057742 0.06268402 0.13396519 0.13826869 0.14765115 0.17630490 0.13805345 0.14259309 0.12253307 0.08852991 0.11399096 0.14176245 
0.17578186 0.16496678 0.10731967 0.13730536 0.20364369 0.11610733 0.51762984 0.21006060 0.13984079 0.26487193 0.17421559 0.06240754 0.14478507 0.24435475 0.14544990 0.14411969 0.16136885 0.08220545 0.12677269 0.10330504 0.24545945 0.08948293 0.19118818 0.19521684 0.18792401 0.04618726 0.22366105 0.24467455 0.20624616 0.14651756 0.29668736 0.19669562 0.00000000 0.31776766 0.22267911 0.16946629 0.17223683 0.15418157 0.17131909 0.16574407 0.22105166 0.05527893 0.24825532 0.14924711 0.24926145 0.15068006 0.15261361 0.15444931 0.13674893 0.09042262 0.20768496 0.05847420 0.12010886 0.17395615 0.13241618 0.16025106 0.20027170 0.33113475 0.09269340 0.10207028 0.12161703 0.18669298 0.11423595 0.22864613 0.10398545 0.07745891 0.18424562 0.15569023 0.19732330 0.23769381 0.16459832 0.04042867 0.13936955 0.13634435 0.10830159 0.28103012 0.23206878 0.08671335 0.12287362 0.41156021 0.22056337 0.07540391 0.16865070 0.05524716 0.08522250 0.13584917 0.15161073 0.09605742 0.09065045 0.06011838 0.15392394 0.06704121 0.08793580 0.14584330 0.14089496 0.11643951 0.20348297 0.11826098 0.17707007 0.24642746 
0.15902343 0.17706097 0.14461087 0.16599425 0.09873393 0.12966953 0.27638002 0.21172252 0.12945389 0.18993069 0.09734754 0.19096635 0.17601531 0.40386446 0.12923339 0.17171597 0.18108740 0.13306906 0.11704126 0.14551299 0.17734211 0.13685893 0.19905220 0.10166355 0.15099247 0.07735608 0.11923982 0.12634190 0.42191852 0.17863883 0.36991086 0.25549040 0.31776766 0.00000000 0.16580694 0.49383527 0.15177156 0.16149210 0.14693031 0.16020810 0.21719909 0.14097305 0.21619977 0.27266838 0.25119014 0.30353356 0.13987401 0.12032740 0.10974143 0.16076372 0.14114286 0.12194725 0.14783519 0.11506916 0.20222035 0.10657603 0.14524442 0.16397419 0.06317250 0.08479152 0.16156822 0.10299440 0.12447254 0.16187410 0.16463720 0.17387375 0.10493018 0.16882850 0.11143757 0.04119865 0.05450246 0.11554712 0.13769730 0.12256077 0.14780634 0.18839441 0.13303502 0.14579204 0.13949701 0.18270210 0.11688666 0.15842857 0.13451077 0.12292665 0.10538286 0.12212345 0.12431275 0.11072160 0.12790756 0.12562289 0.15918591 0.13202004 0.09707317 0.18045203 0.09750880 0.12411854 0.18659128 0.10811296 0.12091418 0.24028345 
0.12971420 0.13981261 0.18525302 0.12853705 0.20809130 0.29185828 0.11910815 0.70242298 0.33203150 0.43755021 0.39129337 0.26798108 0.11134737 0.13623193 0.13562838 0.17501281 0.10160816 0.21847880 0.12942501 0.13790525 0.12381769 0.14691179 0.08532097 0.09825783 0.09529583 0.04463186 0.19421130 0.09030321 0.15800234 0.11195802 0.21078247 0.30796230 0.22267911 0.16580694 0.00000000 0.29090304 0.25502622 0.34082141 0.16586281 0.30463437 0.36556811 0.25913842 0.21898769 0.19247292 0.13132297 0.11437697 0.09506649 0.20300725 0.11680640 0.14775148 0.12405113 0.10916954 0.18692616 0.17049141 0.13445425 0.09518260 0.19568363 0.10519529 0.15304573 0.17489641 0.11661939 0.16623630 0.16141057 0.05743144 0.13577778 0.18102171 0.10381837 0.17276166 0.18694910 0.13298803 0.08682163 0.12668441 0.14796918 0.15844633 0.13435756 0.11846679 0.17003861 0.15637897 0.13162203 0.21244953 0.12072912 0.13144368 0.21609401 0.15492396 0.18723227 0.10037590 0.09256813 0.14022446 0.14651455 0.14749412 0.11584078 0.14989930 0.11273299 0.14921638 0.06866193 0.11466297 0.09851448 0.09024307 0.14008660 0.13701496 
0.20184441 0.15987419 0.18302483 0.11169067 0.11252312 0.09924806 0.11953186 0.24132749 0.11338714 0.13731836 0.22942219 0.21550141 0.25439680 0.24272412 0.09963449 0.16931757 0.26282428 0.18347448 0.13291384 0.18320573 0.10866790 0.15056577 0.12955734 0.05457756 0.13166648 0.21657483 0.11699413 0.13990498 0.31429410 0.21601255 0.22749637 0.24704184 0.16946629 0.49383527 0.29090304 0.00000000 0.10960265 0.36826514 0.20868830 0.20234946 0.20307467 0.24511425 0.23817760 0.45956885 0.16538392 0.25769890 0.16575435 0.06330551 0.09377850 0.10290640 0.14198516 0.13084810 0.20712630 0.05126750 0.24196054 0.07216127 0.21160069 0.16834801 0.10103170 0.17958646 0.14490751 0.09813990 0.12967596 0.07343842 0.08610558 0.12091172 0.05360713 0.08556225 0.11856086 0.08373706 0.13678052 0.14865130 0.14683669 0.10799079 0.13301648 0.13205915 0.16455364 0.08600821 0.13279727 0.23022394 0.17607212 0.22858656 0.21315074 0.11407598 0.07876352 0.10195235 0.15584503 0.15201317 0.14490827 0.10990928 0.20533337 0.09234053 0.11405021 0.17641154 0.14102043 0.13651919 0.12821119 0.12603957 0.08720783 0.24289430 
