0.00000000 0.18620515 0.14957932 0.14311084 0.10545601 0.11967178 0.10408168 0.11978934 0.11407599 0.11283219 0.12401147 0.11944789 0.09398978 0.09677995 0.10560415 0.10043071 0.10083711 0.10418853 0.12218538 0.10425532 0.12413200 0.12289603 0.10881061 0.12758866 0.11067414 0.10021737 0.10640376 0.12723360 0.10677229 0.11409145 0.10850955 0.10358410 0.11305151 0.11396377 0.11460174 0.10383941 0.11003755 0.10979653 0.11200433 0.11761089 0.13484708 0.11257366 0.11132029 0.10867851 0.11169545 0.09889027 0.11326877 0.11619047 0.11684274 0.11758296 0.12188430 0.11132915 0.10588214 0.11400597 0.10879459 0.12191480 0.10345945 0.10172103 0.11016287 0.10660232 0.10770568 0.10242216 0.10797499 0.09553393 0.10550227 0.10952200 0.09616387 0.11339775 0.11807028 0.10952960 0.14344089 0.11435415 0.11986579 0.12942694 0.12463900 0.12085990 0.10555566 0.11879092 0.11295014 0.11644370 0.10152676 0.12066578 0.10212364 0.09591125 0.10645998 0.11318801 0.09836403 0.10716198 0.10663346 0.12280795 0.11226024 0.12068142 0.10217144 0.09097763 0.09842994 0.10285114 0.10116980 0.11067212 0.10938420 0.11606371 0.11713415 0.11954095 0.12133271 0.10902370 0.11992385 0.11565591 0.12059011 0.11247758 0.12726688 0.10268899 0.11320599 0.13352167 0.11454797 0.11631218 0.10797019 0.12256278 0.12378854 0.10841117 0.10271816 0.10870122 0.11534307 0.12480463 0.12126882 0.10818323 0.13675050 0.13529001 0.12938128 0.11548892 0.10994490 0.12027522 0.11023520 0.10559548 0.11574436 0.13180468 0.11999915 0.13178856 0.10859629 0.12361101 0.11462964 0.10148790 0.11040550 0.11196460 0.11623381 0.11525567 0.11045397 0.13065487 0.10391769 0.11533400 0.11602116 0.10838641 0.12474417 0.12622415 0.12390621 0.11708722 0.11256774 0.10529938 0.09956192 0.11447581 0.10893842 0.12340008 0.12120060 0.11624320 0.10552892 0.10848473 0.10435996 0.09726595 0.09958961 0.10440920 0.10370407 0.11250729 0.09838248 0.11543115 0.11871229 0.12625745 0.12048320 0.09587127 0.13821344 0.11896985 0.12223623 0.11313292 0.13531099 0.11426009 0.12224791 0.11806105 0.11958279 0.11749106 0.11912807 0.13107990 0.11880842 0.12491963 0.11481481 0.13534822 0.11146568 0.09807542 0.11301588 0.11971312 0.10885464 0.10428035 0.13132043 0.11426506 0.10311780 0.11056625 0.12029543 0.10331598 0.11323720 0.10666191 0.10256646 0.10575768 0.11557218 0.09572823 0.11128553 0.12132861 0.11747709 0.11810569 0.10612800 0.10057505 0.10108193 0.11063294 0.10400436 0.12598695 0.11652459 0.11468910 0.10289233 0.11446654 0.10318695 0.12228803 
0.18620515 0.00000000 0.20122762 0.14668003 0.12610347 0.11145039 0.09036655 0.10703496 0.12596648 0.09264657 0.11344155 0.12173291 0.11826984 0.09420039 0.11295505 0.10844839 0.10159526 0.09881664 0.11463692 0.08637880 0.11235814 0.12045773 0.10667115 0.12066563 0.11291018 0.09581251 0.11936635 0.11586854 0.09925731 0.10675724 0.09577313 0.09959172 0.11036625 0.09106552 0.11043918 0.14121574 0.08771673 0.09679087 0.09137119 0.12893774 0.12221970 0.10427597 0.10927046 0.11598107 0.10661920 0.10532452 0.12462157 0.10966035 0.10015785 0.11458653 0.12276768 0.09023932 0.09059454 0.11450045 0.09508803 0.10691775 0.11395765 0.09280070 0.11090742 0.09035092 0.11035146 0.09426458 0.11520812 0.09307550 0.11399532 0.13452150 0.09642924 0.09180544 0.13002867 0.09946365 0.10179177 0.10178162 0.13186664 0.13516292 0.10864277 0.11791301 0.12483021 0.09567791 0.09966454 0.11546781 0.11211124 0.10144446 0.09349326 0.08342127 0.11433003 0.10691773 0.12083597 0.09853035 0.10249769 0.12580493 0.11013964 0.10105308 0.10409297 0.07411042 0.08869425 0.10250689 0.09928341 0.14895712 0.09677246 0.12831360 0.11833786 0.10821321 0.13401011 0.11546990 0.12084199 0.11315264 0.13981236 0.11620362 0.12201249 0.11923230 0.11968612 0.12266858 0.11189294 0.12473517 0.12104692 0.10788004 0.10778799 0.11122729 0.10642220 0.10488013 0.13378936 0.10250348 0.13073302 0.11948784 0.15798326 0.14464558 0.13945494 0.11477360 0.10745101 0.11187243 0.13364955 0.10896644 0.14041538 0.10354391 0.10306472 0.13728726 0.13228428 0.11312517 0.11327872 0.12877525 0.12705079 0.11891856 0.12685324 0.11358007 0.11617203 0.12683504 0.13888479 0.11391854 0.11645654 0.09520185 0.13047637 0.12297077 0.11096543 0.10403594 0.12482331 0.12772525 0.13610648 0.10911197 0.12525263 0.11707492 0.11397137 0.12200808 0.11519743 0.11361432 0.11571383 0.11327869 0.11693450 0.10332741 0.12770557 0.13002884 0.13182690 0.11038528 0.12966880 0.13998423 0.08525993 0.09440255 0.10681939 0.12981245 0.12531160 0.10641372 0.10989061 0.13973978 0.13566453 0.11428261 0.12669001 0.11759744 0.12962930 0.12899542 0.13682882 0.10962072 0.13491530 0.11115204 0.09143518 0.09072048 0.10718604 0.10221164 0.10626145 0.12157023 0.13119303 0.11540156 0.08783981 0.10906666 0.10998548 0.11297542 0.11537815 0.10255537 0.09935564 0.11861963 0.11336245 0.10324577 0.14095422 0.11972485 0.12228095 0.09688883 0.08672210 0.08048154 0.10572070 0.10157476 0.08812831 0.11576609 0.11251036 0.09674377 0.11552659 0.13297389 0.13155894 0.11325949 
0.14957932 0.20122762 0.00000000 0.27378802 0.18932401 0.15931317 0.11841051 0.10892170 0.09567071 0.11591045 0.10692574 0.10503165 0.05894711 0.13523529 0.11040531 0.10835162 0.09943436 0.09320565 0.10647346 0.06829723 0.12218658 0.13283612 0.11099526 0.07736994 0.11490807 0.10326833 0.14602220 0.11137902 0.15114281 0.19163868 0.09848286 0.12028514 0.11141762 0.08804988 0.08532264 0.10237281 0.09587959 0.11398084 0.11865680 0.12928643 0.10191247 0.15580810 0.06135964 0.11317208 0.05493070 0.11016607 0.12019608 0.08906744 0.10353122 0.12441267 0.07271331 0.12125005 0.08550455 0.11536404 0.12940655 0.09887281 0.10206186 0.14044160 0.11682966 0.06951398 0.08550734 0.12712286 0.14696674 0.09880526 0.10994014 0.12405144 0.10325456 0.13517538 0.06967691 0.08149698 0.11181766 0.14739208 0.11376297 0.08810131 0.13333093 0.09983132 0.07038767 0.09801243 0.11454231 0.13522967 0.13884825 0.08958104 0.10578465 0.07075648 0.11070576 0.14639859 0.10216588 0.09559805 0.09001230 0.16275407 0.09570833 0.09744712 0.07509749 0.14636600 0.11785709 0.09713070 0.09528053 0.10837758 0.08442018 0.08451243 0.11673495 0.14582332 0.12266153 0.06826610 0.09973625 0.12555583 0.10051278 0.12938890 0.10696797 0.12542719 0.13625210 0.10286251 0.15233777 0.08811999 0.09669444 0.15014897 0.13399476 0.08842841 0.13844362 0.10966735 0.09069899 0.12242571 0.10947791 0.10724348 0.10699337 0.14918835 0.10077788 0.13895401 0.13800181 0.08372417 0.10383580 0.10922444 0.12261758 0.12731457 0.12117923 0.15311063 0.12105884 0.13406332 0.15409049 0.11841574 0.13038954 0.11391466 0.10575755 0.10430215 0.11915762 0.13484008 0.15219900 0.13701232 0.11262670 0.16468045 0.13015193 0.13128404 0.14308926 0.11827827 0.10793633 0.12362936 0.14023639 0.10877890 0.10738408 0.10629463 0.12474787 0.13612155 0.10554054 0.08712804 0.10262443 0.09470792 0.10845319 0.11007199 0.09376445 0.08076777 0.07192900 0.13122297 0.14364678 0.12670362 0.11793564 0.11374536 0.12472918 0.14228372 0.14291315 0.12577208 0.16080745 0.10789745 0.10700254 0.17036376 0.11179367 0.10066918 0.12855619 0.12992156 0.13410074 0.12618467 0.08893892 0.12286741 0.05276226 0.10902431 0.06671490 0.13379610 0.10355143 0.09278659 0.10905621 0.08841170 0.10934587 0.12735774 0.11175293 0.07782636 0.12939184 0.11899481 0.08174396 0.11323736 0.13454939 0.09479398 0.11487041 0.10097414 0.07396634 0.14874096 0.09227541 0.06485980 0.08242737 0.09415816 0.13570079 0.12727209 0.13266626 0.12106871 0.09811643 0.15680252 0.13137599 0.12124056 
0.14311084 0.14668003 0.27378802 0.00000000 0.31106258 0.18119986 0.12497941 0.13927661 0.08076235 0.10645381 0.09398425 0.09240892 0.07354833 0.11207651 0.09824921 0.13254469 0.08897010 0.10876852 0.10847025 0.10612542 0.08137826 0.07279641 0.12781886 0.11925953 0.11601831 0.10675293 0.09831895 0.13513729 0.12794132 0.14863472 0.11016863 0.13727291 0.13617659 0.18099767 0.08253672 0.09674364 0.07347529 0.10231572 0.11304385 0.10407778 0.10382637 0.11151018 0.04639853 0.13994615 0.03749759 0.10439728 0.09673062 0.08100584 0.09320411 0.12645451 0.10407456 0.08922891 0.08595492 0.12710432 0.09308060 0.14586082 0.10675160 0.07510179 0.08257824 0.08062574 0.13477770 0.10174467 0.11110616 0.08470472 0.14153808 0.08887110 0.15325376 0.12418136 0.14654424 0.08895362 0.11110069 0.15117780 0.08174013 0.09200644 0.15684764 0.12386421 0.08193641 0.10075496 0.10709627 0.07842696 0.09308689 0.14797236 0.11210162 0.09621129 0.10881120 0.06102619 0.14407364 0.05237392 0.09995547 0.10586547 0.10249142 0.09397281 0.11704997 0.13872516 0.13086202 0.06580110 0.10794268 0.11136191 0.10567486 0.09519563 0.09058290 0.14693722 0.11540551 0.12481142 0.10141160 0.09348939 0.11350194 0.08116024 0.16426037 0.10055850 0.12709511 0.09122668 0.14006170 0.13257899 0.09439941 0.13271314 0.16749413 0.10821098 0.15261920 0.11704853 0.10518101 0.10891496 0.12221345 0.06928925 0.13076044 0.10563907 0.16750431 0.11012494 0.11991655 0.06983631 0.09847640 0.10463097 0.17388129 0.13792361 0.12665918 0.14815261 0.08912189 0.16281170 0.10237499 0.11012633 0.10824305 0.09478039 0.12585027 0.07313969 0.09057790 0.15856754 0.13200163 0.09792278 0.08871792 0.14150204 0.12206090 0.14315007 0.13817027 0.11795483 0.11023692 0.11378327 0.15656785 0.10092436 0.12578191 0.15514723 0.11907690 0.13878328 0.07433280 0.11379623 0.08496372 0.09680619 0.09248390 0.16572744 0.10766013 0.09337111 0.09761424 0.15211647 0.09731643 0.16816814 0.09454201 0.16337600 0.14588104 0.13465003 0.12947477 0.11462237 0.15668852 0.09291395 0.09546460 0.09350606 0.12068779 0.13696743 0.10715540 0.14831105 0.11981184 0.16785206 0.09330007 0.11586931 0.11376597 0.08535714 0.06105607 0.12362916 0.12324341 0.07409249 0.13712554 0.12754139 0.10300867 0.11644692 0.09345366 0.10327281 0.12897469 0.11560694 0.10208812 0.14671271 0.14004649 0.16001109 0.13295009 0.08946437 0.07926808 0.16311662 0.09253290 0.06723475 0.10233010 0.10892118 0.08904973 0.10432171 0.15197541 0.08303438 0.13487222 0.14323673 0.12453108 0.14537843 
0.10545601 0.12610347 0.18932401 0.31106258 0.00000000 0.42300226 0.19363680 0.20969044 0.10857862 0.12969908 0.10208043 0.08117902 0.13495457 0.09466266 0.05366061 0.10111202 0.13029442 0.14890028 0.10086944 0.07972186 0.15371464 0.09201538 0.15656085 0.12000491 0.08182589 0.06434917 0.14771506 0.10274570 0.11825566 0.08558781 0.08456583 0.17407218 0.05853139 0.14133749 0.16318457 0.10448113 0.07817535 0.07448483 0.11252699 0.06091090 0.10382411 0.13058731 0.09950321 0.08421576 0.10681745 0.11808013 0.13370376 0.10218462 0.08239964 0.11100218 0.07420879 0.09700219 0.07482647 0.11831974 0.11526575 0.10898468 0.08899776 0.10428139 0.10619247 0.12851275 0.10465535 0.08490091 0.07119451 0.09705176 0.06112922 0.10981097 0.13142311 0.09973696 0.10946171 0.07152991 0.14541430 0.11145250 0.08264912 0.17195468 0.11530423 0.10462746 0.08662854 0.11839330 0.06299400 0.13162408 0.08702845 0.10325560 0.11318986 0.08763658 0.06511430 0.09636607 0.10316687 0.05531856 0.12894493 0.07486161 0.11551238 0.12574554 0.08440031 0.13546730 0.12554668 0.14642863 0.15895463 0.13308914 0.06713344 0.12032002 0.07008346 0.17009889 0.08934781 0.11940040 0.07287753 0.11520233 0.08557748 0.10633210 0.07737172 0.09326960 0.09714980 0.07072058 0.12654941 0.08278838 0.03481493 0.09982233 0.06877368 0.09575716 0.16178740 0.14611954 0.09804229 0.15867654 0.13023642 0.12591683 0.14429308 0.09785333 0.07605610 0.11474961 0.07293181 0.10606078 0.08885560 0.14448863 0.10873895 0.12563890 0.10663748 0.13044373 0.10613425 0.08661644 0.12712480 0.10609936 0.10462804 0.09998159 0.11488839 0.13416917 0.11985597 0.12074021 0.10676138 0.08757101 0.08752273 0.14919787 0.13092681 0.11330272 0.13445528 0.11602022 0.14809548 0.09620410 0.12720598 0.13665572 0.07829854 0.11840473 0.12050722 0.06468369 0.16987000 0.12103873 0.12023423 0.12331398 0.09767298 0.16664696 0.12038005 0.11794387 0.15475335 0.11425914 0.18032753 0.14658070 0.10013919 0.05919877 0.08083885 0.07273012 0.08842679 0.14013910 0.13221992 0.12709021 0.12806814 0.12940444 0.11908280 0.04089870 0.09239544 0.08734779 0.07841720 0.14347066 0.06932418 0.20237365 0.07088040 0.12992763 0.07773978 0.09936830 0.09588316 0.12924394 0.05582152 0.11929050 0.13301164 0.12918014 0.08788892 0.15224562 0.11587231 0.13582322 0.08913227 0.30492362 0.15720679 0.15611050 0.11930404 0.13402300 0.21797257 0.10993280 0.15753341 0.12337473 0.07500427 0.16821504 0.09470699 0.11798092 0.09893402 0.20035373 0.15100490 0.09126328 0.16530898 0.15955557 
0.11967178 0.11145039 0.15931317 0.18119986 0.42300226 0.00000000 0.23825055 0.22000209 0.10073811 0.10380570 0.10917093 0.07755908 0.12374468 0.05427443 0.13744024 0.14590359 0.10491871 0.10710686 0.08713113 0.06911291 0.04586143 0.06705249 0.07630458 0.14617809 0.08250425 0.13605553 0.08339152 0.06902949 0.16559617 0.05745269 0.11579228 0.13799011 0.11632340 0.36187706 0.28663942 0.11075002 0.08052271 0.09810545 0.10903633 0.15114420 0.16384346 0.11480565 0.13618231 0.09664703 0.12274657 0.11102916 0.14602611 0.12161722 0.08464071 0.15540083 0.12695743 0.07048410 0.11823411 0.08706378 0.07076261 0.04456160 0.05846534 0.06544746 0.06622001 0.07933871 0.10292577 0.11852048 0.14049733 0.11002949 0.09289629 0.10713307 0.12280849 0.10958513 0.05966677 0.08868197 0.10930534 0.12650504 0.09242862 0.10355859 0.10035164 0.17363855 0.01323640 0.12938754 0.08114558 0.13297335 0.09368927 0.09559600 0.09535897 0.13738003 0.10225506 0.06724293 0.10016177 0.10226682 0.08410853 0.12618555 0.08453719 0.11248061 0.12254802 0.10606996 0.15027140 0.08403293 0.23347168 0.12992776 0.10207949 0.13717627 0.02032821 0.13228858 0.12294369 0.16744072 0.08943186 0.04862575 0.12452490 0.07636689 0.06040021 0.13132998 0.07438317 0.11552365 0.15265960 0.07949616 0.10078446 0.09840948 0.09391867 0.10798615 0.12780164 0.12583785 0.07132243 0.20187346 0.14345633 0.10944018 0.11544670 0.09417329 0.10213358 0.08949065 0.15096462 0.09000018 0.08525149 0.11191606 0.10366393 0.11478468 0.12116845 0.10950202 0.09285972 0.10872478 0.11563512 0.13124376 0.12050493 0.09665746 0.10540131 0.09092497 0.11221797 0.08322116 0.10469818 0.18261268 0.14058795 0.09949814 0.11875509 0.10904922 0.09673453 0.13126468 0.08560366 0.07425965 0.19371481 0.09336791 0.12349042 0.11083187 0.10569240 0.09086196 0.14635241 0.14392263 0.11672998 0.11545308 0.07407869 0.09289221 0.19039606 0.12217944 0.11812255 0.06590999 0.13645929 0.09487417 0.10371008 0.12519355 0.11952923 0.10024749 0.10240919 0.11301840 0.12038196 0.11095644 0.10803482 0.11552879 0.13460961 0.08880080 0.13141833 0.19074558 0.10497299 0.12421768 0.12010114 0.26441131 0.08913086 0.16756293 0.09541991 0.07307619 0.10345425 0.11672771 0.10665053 0.17629987 0.15766140 0.10457378 0.10085884 0.07172623 0.17320383 0.09682663 0.15362368 0.13028609 0.09209222 0.05603938 0.13645668 0.13050349 0.24941414 0.07467743 0.08346833 0.08710118 0.14240293 0.14308094 0.14943314 0.07986477 0.08939496 0.15112891 0.12530356 0.12536467 0.09956535 0.09963510 
0.10408168 0.09036655 0.11841051 0.12497941 0.19363680 0.23825055 0.00000000 0.24660892 0.14153111 0.16107006 0.15805635 0.13485252 0.10235004 0.15060628 0.13177864 0.20340505 0.11531960 0.12105500 0.09904586 0.06865001 0.13121923 0.09868353 0.09667283 0.13213445 0.12406320 0.07306147 0.10139817 0.12037056 0.16522801 0.09882780 0.12999714 0.12168677 0.26952490 0.18464574 0.16353574 0.12935896 0.12443112 0.14782953 0.12421063 0.07580722 0.12788485 0.09733475 0.13561791 0.12023391 0.13216796 0.13796650 0.03420470 0.05867912 0.11048523 0.14561763 0.14407461 0.08258579 0.12258189 0.10031328 0.10710103 0.09813027 0.12565694 0.11809730 0.11168652 0.08275955 0.03221769 0.09806399 0.09241767 0.09194150 0.07951163 0.07672922 0.09030407 0.04143246 0.11684083 0.06704661 0.10449703 0.12468145 0.12159414 0.13286031 0.15300162 0.12660990 0.12889807 0.07897479 0.10532483 0.08618665 0.10241451 0.13160030 0.09361558 0.09042510 0.10261984 0.10836009 0.10516377 0.13677622 0.14781546 0.11203167 0.09900957 0.08438138 0.09692433 0.08325417 0.10420292 0.12791838 0.15070673 0.09013904 0.11777540 0.13415185 0.08074422 0.12811656 0.09678023 0.08156239 0.12724564 0.06042897 0.06517404 0.07621907 0.10969980 0.03900183 0.10291467 0.12059703 0.06510023 0.08982463 0.14237243 0.11883294 0.07832960 0.13157496 0.10477067 0.04981991 0.06615784 0.04845088 0.12166577 0.09299310 0.08165840 0.11789971 0.12849244 0.11518036 0.08027959 0.11752239 0.10497326 0.11060527 0.07818393 0.07754252 0.06967123 0.14084874 0.03687411 0.14850034 0.12164022 0.12576061 0.10844341 0.11513833 0.09948647 0.05017216 0.14779133 0.10360563 0.14990435 0.15044022 0.09361375 0.10435405 0.04447017 0.05273974 0.11958282 0.06793083 0.10176316 0.12398152 0.07412332 0.08674795 0.13424411 0.11018697 0.10488226 0.04542119 0.11901386 0.10679313 0.04568755 0.10066930 0.11183149 0.11027910 0.14142051 0.16956854 0.10021057 0.10797454 0.13685352 0.10136674 0.10272742 0.12495981 0.08923764 0.08298993 0.12625949 0.10898382 0.15025864 0.10326717 0.13847622 0.05580720 0.13113345 0.09882594 0.10732857 0.09335992 0.08816597 0.11420192 0.05841029 0.10475657 0.10709064 0.15393213 0.14157182 0.10443289 0.10688305 0.07994309 0.10347094 0.09688186 0.09115481 0.11943475 0.12599310 0.17049964 0.08733589 0.09903534 0.10454287 0.17784267 0.14378079 0.11056523 0.12402013 0.09903691 0.15558787 0.22263797 0.11184649 0.28676387 0.09747952 0.12057643 0.25632098 0.11395657 0.13670124 0.44200798 0.34081092 0.09773124 0.15986224 0.17358415 
0.11978934 0.10703496 0.10892170 0.13927661 0.20969044 0.22000209 0.24660892 0.00000000 0.18134194 0.15857784 0.15661558 0.17597576 0.16895573 0.11419857 0.15034490 0.09703146 0.14155465 0.13456165 0.09227791 0.07927522 0.10551562 0.15468287 0.07304082 0.09960604 0.17185928 0.08462970 0.15424141 0.09093077 0.08764731 0.08041735 0.11760752 0.12224737 0.13186998 0.23344313 0.60734875 0.10558804 0.09858745 0.14872030 0.05740998 0.17436445 0.13756637 0.12994466 0.12378953 0.08516157 0.10203853 0.07381967 0.06555296 0.08631296 0.13244281 0.07468021 0.12766977 0.09975378 0.08960564 0.13870740 0.09988666 0.09118446 0.08019012 0.09816028 0.17310115 0.13648418 0.10519913 0.09864103 0.08465334 0.12163495 0.08117072 0.04691444 0.15296658 0.04915190 0.07935811 0.07965422 0.06673918 0.05478341 0.10201379 0.09440040 0.10087023 0.08120858 0.10490913 0.03123826 0.12260691 0.11566653 0.04120924 0.12456381 0.10582447 0.10363748 0.11669260 0.14482887 0.09947255 0.11070903 0.12789482 0.05990050 0.13220481 0.14146849 0.12431707 0.10407359 0.09279925 0.09682750 0.19346284 0.12309683 0.45526732 0.07559423 0.18725697 0.10334703 0.09086771 0.11798103 0.13299208 0.09260796 0.14625425 0.12352896 0.03174196 0.07320909 0.09358722 0.12450132 0.07742215 0.05614736 0.09660153 0.08353433 0.11180664 0.08242738 0.07130983 0.19375152 0.08785603 0.13583039 0.08927127 0.20867537 0.15531329 0.13049134 0.11274809 0.10190753 0.11392432 0.09104965 0.10304731 0.09563030 0.08396773 0.06062563 0.09777844 0.06452479 0.05703618 0.09104057 0.14903330 0.05866964 0.19071237 0.09501318 0.15777992 0.14581023 0.14281386 0.11282698 0.07730547 0.12845712 0.08351536 0.08575686 0.11408357 0.16095379 0.09356662 0.15151864 0.08248918 0.13040734 0.07383045 0.12279930 0.11853179 0.08029409 0.07894933 0.13459865 0.08652399 0.07441189 0.12432998 0.14405991 0.11511810 0.18507402 0.09511835 0.13585517 0.16225658 0.01022763 0.08006345 0.09392721 0.06798777 0.12382045 0.11947586 0.10728883 0.14251962 0.12641745 0.12533505 0.09230398 0.14934689 0.07260740 0.13794667 0.09748986 0.08520722 0.15542339 0.06230696 0.05338375 0.07002132 0.09240463 0.11798591 0.25204008 0.12141227 0.12155924 0.09726540 0.09041803 0.07706498 0.07468676 0.08870362 0.08147097 0.08013856 0.08976005 0.05462994 0.08140877 0.18030478 0.09951409 0.07102603 0.12273549 0.10869442 0.08019171 0.42666692 0.06234736 0.29038186 0.11428684 0.11371579 0.07713531 0.11231738 0.04008360 0.12016629 0.11525051 0.06393465 0.08664412 0.09180637 0.07863894 
0.11407599 0.12596648 0.09567071 0.08076235 0.10857862 0.10073811 0.14153111 0.18134194 0.00000000 0.22799526 0.20016505 0.18364466 0.50576578 0.41692883 0.19931552 0.08305385 0.14768139 0.21289825 0.16594485 0.16981079 0.09740056 0.08695914 0.08452779 0.77141633 0.12538496 0.13512354 0.10229503 0.25578302 0.09337988 0.09624246 0.14553250 0.14251205 0.36259211 0.14364425 0.08614792 0.20622136 0.11933857 0.11586392 0.10891461 0.13988047 0.10173900 0.10116249 0.11399809 0.08435137 0.18473405 0.02877057 0.13182967 0.12106809 0.12128511 0.08482453 0.06272368 0.12847556 0.21559704 0.17645541 0.10021032 0.04416475 0.04018605 0.10089616 0.10032681 0.08705536 0.09413083 0.07792637 0.07396840 0.10037503 0.04891843 0.12893526 0.13054770 0.10316460 0.02262347 0.10084815 0.08291119 0.08100783 0.05854992 0.14837885 0.10621646 0.09644504 0.12990837 0.09947016 0.05581003 0.08315034 0.07570042 0.14420948 0.13747586 0.07905156 0.12206673 0.06291978 0.06458199 0.14175016 0.09673450 0.03954174 0.12604472 0.06110720 0.07811093 0.07555645 0.07393523 0.14568690 0.09355884 0.06848976 0.06415855 0.08957146 0.17090164 0.10516261 0.12075570 0.16825129 0.08818357 0.10645067 0.07731431 0.07207511 0.06312410 0.08041940 0.12179071 0.09914342 0.06732340 0.07728854 0.11051529 0.10975967 0.07929017 0.11581117 0.06361728 0.08230542 0.09443251 0.05857339 0.07144101 0.15324027 0.18423158 0.16365383 0.12061777 0.12499128 0.16651906 0.13098107 0.14543999 0.10402039 0.05077865 0.15860376 0.04325223 0.09036710 0.04878789 0.13866986 0.03496747 0.07126204 0.13332615 0.12377175 0.15091206 0.09014873 0.09680711 0.07383248 0.09161074 0.05524196 0.10202682 0.08363594 0.12878794 0.05775271 0.08973252 0.09718253 0.10047957 0.11114446 0.08316393 0.06412202 0.07256889 0.06491040 0.07255374 0.03755433 0.15389448 0.07910897 0.10122573 0.19869019 0.06847134 0.14935516 0.10143164 0.12481914 0.07656795 0.07818101 0.04166917 0.11984872 0.07448967 0.18687517 0.11820514 0.06910324 0.11575820 0.08077325 0.13859625 0.14177400 0.08345389 0.08716874 0.09374463 0.12429680 0.08482308 0.05533779 0.12091372 0.09766183 0.12314844 0.07010234 0.08027588 0.11349410 0.09387365 0.20891747 0.23555467 0.21064122 0.16369410 0.06844303 0.07862276 0.02238096 0.07617112 0.08823750 0.09151826 0.04889149 0.09732123 0.07128606 0.06181674 0.15629389 0.08148090 0.11965430 0.08967551 0.07924008 0.10237695 0.18449646 0.22284703 0.13438855 0.07860890 0.10623913 0.05019252 0.16953225 0.08021660 0.09534960 0.13868365 0.15127729 
0.11283219 0.09264657 0.11591045 0.10645381 0.12969908 0.10380570 0.16107006 0.15857784 0.22799526 0.00000000 0.39081439 0.22779590 0.11598398 0.12440068 0.07865470 0.11952296 0.10007784 0.09226291 0.17579650 0.20906420 0.10525593 0.11866942 0.09945513 0.09886222 0.10097569 0.10044352 0.09143355 0.09521489 0.10102045 0.09066047 0.09971631 0.11064959 0.10425831 0.11270243 0.09336951 0.10198053 0.36081991 0.10076002 0.23723707 0.10410575 0.08096646 0.10774840 0.11904463 0.12577446 0.10176199 0.09939848 0.09989630 0.13251708 0.12267322 0.11718115 0.11799215 0.34883189 0.21711970 0.10396669 0.09562582 0.12308858 0.11309293 0.11046869 0.13016602 0.09508299 0.10030295 0.12538166 0.10969596 0.10970894 0.08662656 0.11363158 0.11280703 0.11216841 0.08525008 0.10841718 0.10209988 0.12398825 0.10775270 0.10706957 0.09169179 0.09543102 0.11488434 0.12969825 0.10863634 0.10743794 0.09647386 0.13431519 0.12309549 0.09265956 0.10187117 0.13332534 0.12862108 0.09133759 0.09130621 0.09829188 0.11034915 0.07372701 0.08161318 0.13124199 0.12096064 0.08659596 0.10564282 0.09037482 0.10818162 0.16280379 0.20837058 0.11713405 0.26846709 0.08341228 0.11111546 0.11889365 0.11179366 0.08094864 0.10643080 0.08806914 0.08382863 0.11067403 0.09823237 0.08649006 0.11013782 0.11401439 0.09522957 0.09637708 0.09077219 0.09784100 0.10983674 0.08221829 0.09418137 0.09933195 0.12090524 0.15585691 0.11105791 0.10130182 0.09249163 0.10067638 0.10765388 0.10035405 0.09070918 0.13120368 0.10435239 0.13291986 0.08932110 0.08871942 0.11007205 0.10075191 0.09001649 0.10847751 0.15789053 0.08783382 0.12310483 0.11214976 0.09771681 0.09469642 0.09119369 0.10046530 0.11196441 0.12152079 0.11954008 0.10721544 0.08353998 0.09943619 0.10220434 0.07877554 0.08520603 0.07086020 0.11818021 0.09554856 0.09903378 0.12722104 0.10381433 0.12129700 0.08779159 0.10290473 0.10654931 0.10898831 0.08994008 0.08222721 0.07955362 0.12328958 0.09780532 0.10756936 0.10514670 0.12825370 0.11400310 0.09585487 0.10078563 0.09870275 0.11727622 0.10620549 0.08415848 0.09015963 0.10808718 0.08741636 0.11081835 0.12351188 0.11829183 0.08901462 0.10116937 0.09288148 0.09295084 0.16016690 0.15353729 0.15893291 0.12244161 0.09041610 0.09537275 0.11853656 0.11372700 0.10398447 0.08031778 0.12494997 0.09473654 0.07066312 0.11727508 0.10206988 0.08662789 0.11044198 0.09862413 0.10965466 0.12657923 0.10228117 0.18168819 0.08462281 0.08752533 0.09947643 0.07556620 0.08051327 0.11753235 0.10814204 0.11913803 0.13974212 
0.12401147 0.11344155 0.10692574 0.09398425 0.10208043 0.10917093 0.15805635 0.15661558 0.20016505 0.39081439 0.00000000 0.25436943 0.10369455 0.11817064 0.12179565 0.08377494 0.11146392 0.13128234 0.62922544 0.17120062 0.16102394 0.14694663 0.09402291 0.13857669 0.12041292 0.09690265 0.08713121 0.13492345 0.12378719 0.08930097 0.08905186 0.08757187 0.15158855 0.11219033 0.10807688 0.12510523 0.28559173 0.10658267 0.24283581 0.08751060 0.09395345 0.14464896 0.09732034 0.08827739 0.10296281 0.08812209 0.11729961 0.08974189 0.10437053 0.17610133 0.11850301 0.25324449 0.19815794 0.07630222 0.14069095 0.12667559 0.09660901 0.19124367 0.13333395 0.08866165 0.13465492 0.10535940 0.08816444 0.09189548 0.08175442 0.12341168 0.09495475 0.09652479 0.06565565 0.10929186 0.09439824 0.07693809 0.07531984 0.11282009 0.11208690 0.07303405 0.08968479 0.12128560 0.10154524 0.12830866 0.10272106 0.12276343 0.15440925 0.10279809 0.11284372 0.09250150 0.14122053 0.09881141 0.10679594 0.09976655 0.08155645 0.09134200 0.11090995 0.08213521 0.11366988 0.07817447 0.08705969 0.09821055 0.12770416 0.12999876 0.16568246 0.10878591 0.19048819 0.10536271 0.09732242 0.10525143 0.11366504 0.11508053 0.09832642 0.11211222 0.07981271 0.10410252 0.11028207 0.10125699 0.11842627 0.08959777 0.08820549 0.10390111 0.07794088 0.10974385 0.15914475 0.09353530 0.16791914 0.12100993 0.14119955 0.19326958 0.09608595 0.12727844 0.06651044 0.11056316 0.10108075 0.11369124 0.10455663 0.06372134 0.11431691 0.08868353 0.09509432 0.09912172 0.11987166 0.07963937 0.14664878 0.08568292 0.14321640 0.12849638 0.10749769 0.10497387 0.10574009 0.08449082 0.08605214 0.08751349 0.09434759 0.13133479 0.07509585 0.08676727 0.07551720 0.09026626 0.10781629 0.08751788 0.10141497 0.10019966 0.11455363 0.11435133 0.10031413 0.13139276 0.09893652 0.10783657 0.10651355 0.14757046 0.11876996 0.09871088 0.07360582 0.12269242 0.07138021 0.12178006 0.08964005 0.10248735 0.10201644 0.10156713 0.08841677 0.09304005 0.08218033 0.08817325 0.08885161 0.10635497 0.07318081 0.10120978 0.08129258 0.08497698 0.10727536 0.09002241 0.09438511 0.10251034 0.11305814 0.13112226 0.09115756 0.13048779 0.12752013 0.10176057 0.11740882 0.07641185 0.09557615 0.10505453 0.06328996 0.10417807 0.09555495 0.09067839 0.09513824 0.07188297 0.11458876 0.09346701 0.10411647 0.08688709 0.08070301 0.10759718 0.09838402 0.08067494 0.19544847 0.09873442 0.12873187 0.07049150 0.07593909 0.06871649 0.08312663 0.08015673 0.12407478 0.17940915 
0.11944789 0.12173291 0.10503165 0.09240892 0.08117902 0.07755908 0.13485252 0.17597576 0.18364466 0.22779590 0.25436943 0.00000000 0.13480310 0.13228747 0.08669188 0.12756556 0.12170797 0.10731483 0.16706885 0.16778787 0.19001216 0.14908061 0.09989647 0.25190579 0.31558332 0.11410101 0.10657358 0.16911406 0.09953915 0.10817618 0.10711047 0.08415641 0.07330343 0.10767620 0.07566056 0.11590552 0.11704922 0.13698825 0.12065928 0.13936426 0.12561297 0.08828412 0.09147759 0.13480854 0.13098444 0.09939390 0.07752340 0.09573116 0.14398683 0.11322750 0.12737628 0.10591215 0.12914988 0.14064301 0.10870285 0.17026941 0.12827020 0.09080837 0.10861301 0.13941557 0.12312563 0.12265465 0.09636845 0.07502032 0.07733986 0.10010066 0.10965801 0.07608331 0.09386675 0.10282011 0.08617729 0.10350324 0.09516425 0.10556325 0.11236442 0.08949188 0.13695230 0.12927656 0.14848055 0.08779563 0.11945998 0.10826505 0.09429511 0.14276441 0.13120239 0.07094789 0.10035330 0.13608422 0.08706077 0.09568817 0.11389361 0.10306550 0.10985078 0.16459619 0.08979201 0.15695249 0.09492435 0.11389287 0.12896179 0.14260113 0.20523462 0.18162043 0.12050837 0.06495164 0.09276809 0.14090210 0.10352046 0.12776407 0.10316344 0.11619530 0.11196678 0.12663335 0.05455101 0.08321752 0.12062340 0.09624511 0.10843919 0.10297426 0.13566221 0.13394838 0.08566737 0.09806988 0.15424089 0.11073597 0.13391912 0.15180908 0.11134837 0.10357317 0.10675629 0.15361165 0.11015588 0.10796888 0.10762759 0.08687784 0.06396553 0.10846897 0.13087667 0.11247329 0.11755022 0.08462502 0.12110197 0.11607336 0.15523957 0.11975201 0.09189496 0.11767580 0.12378310 0.13617061 0.15575011 0.14901424 0.16285496 0.12836463 0.10872389 0.10132436 0.10926207 0.12174846 0.08430669 0.09731519 0.09978285 0.11412643 0.10879473 0.11077295 0.07615746 0.10392506 0.08650945 0.11062371 0.05493237 0.11723405 0.08522397 0.13061328 0.10321989 0.06649325 0.11383835 0.09215889 0.09948686 0.11786582 0.11561067 0.07556611 0.10689361 0.10415058 0.07805299 0.08316422 0.07637154 0.09409470 0.11436731 0.09535220 0.10905075 0.10687531 0.09507332 0.09050731 0.10748099 0.09900305 0.11531502 0.11733298 0.09013978 0.13221032 0.10976084 0.10977272 0.16401443 0.12580420 0.10076660 0.08290040 0.07828821 0.13605209 0.10387827 0.10651682 0.07533641 0.10320342 0.06546397 0.13402066 0.09487378 0.10829482 0.14313282 0.10786825 0.09972187 0.09168323 0.12275025 0.10809167 0.09718838 0.09700277 0.09026258 0.08723482 0.06103065 0.10470914 0.08433073 0.08428429 
0.09398978 0.11826984 0.05894711 0.07354833 0.13495457 0.12374468 0.10235004 0.16895573 0.50576578 0.11598398 0.10369455 0.13480310 0.00000000 0.41143718 0.27258568 0.53751448 0.34104032 0.13431034 0.13856088 0.21559291 0.18427955 0.08576600 0.15403415 0.18922630 0.11032506 0.10170926 0.46039438 0.31948006 0.10443805 0.12963179 0.39986566 0.11260922 0.30137476 0.19363305 0.08039890 0.13082192 0.09861192 0.05995123 0.10509542 0.06910130 0.10172710 0.07191052 0.08190698 0.13899455 0.09606156 0.04599626 0.08067408 0.10459124 0.11919650 0.09649277 0.09552985 0.10102452 0.10563945 0.09760741 0.11735072 0.10816202 0.02611468 0.07809536 0.07572962 0.11703893 0.07879483 0.08753478 0.03485591 0.10779447 0.08905590 0.07564815 0.08239519 0.07113433 0.11540699 0.09218668 0.04308379 0.10017537 0.09666487 0.11979499 0.04594389 0.09832629 0.06516171 0.08633265 0.12587268 0.07591040 0.08913022 0.13762180 0.06024598 0.11385701 0.12166120 0.03636530 0.13163091 0.12822398 0.11640480 0.08411174 0.10112406 0.12659748 0.07571629 0.09380071 0.06306836 0.11194670 0.07611771 0.09077272 0.10415944 0.09057454 0.14614623 0.07152772 0.10723960 0.11104111 0.12904178 0.06300423 0.16107307 0.05990212 0.15289623 0.06867930 0.09708003 0.06689070 0.08659849 0.07947289 0.11477140 0.06844832 0.07105117 0.12984162 0.12065905 0.19571817 0.12978050 0.10124237 0.11068001 0.15648191 0.09751910 0.12454823 0.10753665 0.11432561 0.05659216 0.11347812 0.14174562 0.09144769 0.09689233 0.08737789 0.07690738 0.08398533 0.04282204 0.06936261 0.05711409 0.09051858 0.12188587 0.11742027 0.16299246 0.11789974 0.08370020 0.08564840 0.07855546 0.09045998 0.09645539 0.07253185 0.08822648 0.15297964 0.15446842 0.07289171 0.06741122 0.12005822 0.15592235 0.05281264 0.13181802 0.10919031 0.05529819 0.11993239 0.09988994 0.16723047 0.07191107 0.08592358 0.14104064 0.11401575 0.07913510 0.09551801 0.09782309 0.06195671 0.13149476 0.11018539 0.07826732 0.07051174 0.08057492 0.10943622 0.08331859 0.07891353 0.07633832 0.14405883 0.04227418 0.05957038 0.10247183 0.12645404 0.07814427 0.05804874 0.08209738 0.14742009 0.08091082 0.09399950 0.06405803 0.15994224 0.11780939 0.08918687 0.07295726 0.07938473 0.14918708 0.06705003 0.08980583 0.09077574 0.14561285 0.13702713 0.06342936 0.09568385 0.07102142 0.09718437 0.11266246 0.10533912 0.12151044 0.09286007 0.11556762 0.11117232 0.09229789 0.15717485 0.22185632 0.17091395 0.37046105 0.31026929 0.09801512 0.09531106 0.11975737 0.09737959 0.09055904 0.11092834 
0.09677995 0.09420039 0.13523529 0.11207651 0.09466266 0.05427443 0.15060628 0.11419857 0.41692883 0.12440068 0.11817064 0.13228747 0.41143718 0.00000000 0.36511659 0.19205917 0.21676226 0.15735686 0.17991023 0.16609016 0.29251382 0.08304212 0.12133792 0.58342817 0.18093360 0.04846030 0.23417961 0.17915663 0.11990874 0.09885414 0.16216349 0.11062045 0.18543336 0.12306444 0.13891961 0.20415624 0.11297693 0.16901450 0.13297705 0.13048884 0.14509354 0.09667886 0.07773173 0.06752856 0.07838365 0.09219024 0.04775568 0.13437003 0.07763299 0.14593821 0.10656439 0.11138477 0.09805033 0.11557730 0.08755130 0.07308439 0.07080310 0.06469872 0.13036319 0.10816662 0.10079767 0.04974283 0.08203432 0.13407246 0.10929197 0.13952019 0.14475418 0.08937861 0.09733291 0.00000000 0.05346035 0.09788554 0.04663069 0.06491287 0.07774013 0.05945848 0.07930731 0.16961850 0.07510230 0.12063723 0.11238443 0.10136084 0.11821940 0.04777393 0.11958948 0.07006242 0.09558179 0.12243904 0.09784234 0.07146346 0.18354555 0.15907014 0.12181153 0.07690169 0.05487460 0.10744940 0.10964083 0.10411932 0.12392079 0.07583438 0.08746578 0.09572936 0.08848790 0.15716786 0.11914314 0.05960703 0.11271975 0.09068166 0.09037700 0.08814484 0.07483492 0.07396025 0.10466751 0.10653362 0.08698089 0.05606045 0.09044956 0.10712679 0.08418390 0.08712053 0.10689139 0.15020505 0.13355751 0.11947954 0.10660699 0.06040001 0.14984150 0.14286995 0.11040722 0.12158097 0.12194281 0.11856742 0.11865275 0.10151320 0.03408142 0.07507698 0.12461869 0.08781270 0.12853800 0.11859303 0.17659620 0.10874823 0.14474323 0.14219100 0.10964659 0.08679039 0.11971528 0.10831087 0.05692725 0.08403554 0.04846299 0.09220859 0.07090959 0.10207548 0.13572066 0.11952769 0.06327203 0.09285449 0.08552320 0.08369952 0.08218516 0.11498534 0.13411801 0.11184236 0.09198219 0.09677491 0.10895940 0.14103496 0.17174635 0.07355175 0.13095533 0.10286923 0.10292286 0.10936973 0.04154943 0.11050144 0.10200074 0.09557247 0.06393623 0.10669361 0.06697395 0.10352218 0.14173473 0.05913031 0.14183534 0.10935173 0.08546982 0.09649547 0.05073434 0.09345447 0.10876668 0.11692422 0.05887583 0.16071301 0.13246846 0.17748048 0.15956828 0.13583891 0.21814463 0.09612390 0.03579049 0.06571982 0.08321693 0.13404323 0.06319841 0.08848389 0.12738579 0.10330213 0.09223654 0.09431538 0.12613258 0.08693141 0.13248567 0.11937465 0.17716740 0.11732094 0.39249386 0.10995298 0.25153527 0.10158389 0.09590026 0.07265262 0.09049727 0.06109273 0.07978130 0.10632619 
0.10560415 0.11295505 0.11040531 0.09824921 0.05366061 0.13744024 0.13177864 0.15034490 0.19931552 0.07865470 0.12179565 0.08669188 0.27258568 0.36511659 0.00000000 0.30963467 0.16963511 0.11903562 0.10551165 0.13885692 0.14412333 0.12233576 0.10700955 0.10268266 0.05701302 0.08575408 0.16654394 0.11564414 0.10460207 0.17460294 0.17361268 0.10309700 0.14329864 0.04228883 0.09808329 0.14960864 0.09917211 0.11118755 0.10061588 0.14183184 0.12260587 0.15312908 0.09244927 0.11992270 0.11039926 0.11800375 0.04762334 0.06962930 0.04476109 0.11421703 0.09165396 0.12062040 0.09645462 0.09645233 0.09039108 0.09951609 0.09122468 0.14054381 0.09678006 0.16559393 0.08719044 0.14682268 0.14666344 0.10944529 0.10609828 0.09391057 0.13034044 0.08665434 0.09066211 0.11765027 0.07518273 0.16082945 0.10955886 0.18200918 0.08888142 0.05793884 0.12842088 0.12108586 0.11586720 0.07555647 0.16984065 0.05722484 0.14661822 0.10725125 0.08405872 0.11279932 0.18631446 0.13162997 0.04858606 0.09645488 0.11500438 0.04527385 0.07011133 0.15969640 0.12882967 0.10527446 0.05511850 0.13434594 0.16931746 0.11600099 0.05675715 0.09745735 0.10995982 0.11297536 0.10354379 0.12188579 0.09546638 0.08462090 0.03763432 0.09936686 0.14942814 0.14334856 0.11795626 0.09233971 0.13645936 0.13094321 0.11252310 0.09392196 0.10648891 0.16227884 0.14246810 0.10614813 0.09260751 0.09149238 0.10449703 0.12566211 0.09627229 0.10134352 0.13257871 0.08531243 0.10199960 0.08266457 0.11628012 0.13520778 0.09098367 0.10479872 0.13565702 0.07345946 0.08054179 0.10596104 0.08279459 0.13613318 0.09701500 0.10661820 0.07573877 0.10102092 0.10308763 0.13998795 0.06981390 0.10734602 0.09387294 0.08349004 0.03776755 0.10049702 0.09518589 0.10722018 0.05311606 0.11656752 0.07034652 0.05967840 0.09707877 0.14678772 0.09464776 0.13159394 0.11332472 0.10730497 0.13258267 0.07070952 0.15236195 0.12324722 0.08210647 0.09297018 0.12459586 0.04366629 0.07144048 0.07649498 0.08118087 0.09076843 0.09116965 0.09021475 0.16395923 0.12478821 0.07752246 0.13735309 0.09426479 0.13630680 0.18396574 0.11065525 0.11995729 0.13805598 0.07629475 0.13933510 0.10562293 0.06900539 0.03972604 0.05548586 0.13947373 0.10652447 0.13599354 0.12984190 0.12997072 0.14469929 0.11003484 0.07816807 0.15952781 0.12059894 0.10471542 0.09619178 0.11386682 0.11753937 0.12633763 0.11814738 0.11758729 0.06649343 0.11657092 0.13997076 0.10171271 0.81080841 0.23177516 0.17665554 0.24853926 0.09048821 0.10026629 0.13024559 0.08893896 0.10369687 
0.10043071 0.10844839 0.10835162 0.13254469 0.10111202 0.14590359 0.20340505 0.09703146 0.08305385 0.11952296 0.08377494 0.12756556 0.53751448 0.19205917 0.30963467 0.00000000 0.27617059 0.19979740 0.11344550 0.14018024 0.15994450 0.14900240 0.09210465 0.13222762 0.11131747 0.14197624 0.30564872 0.08627709 0.09383534 0.11301480 0.35362700 0.10053140 0.12173481 0.09072402 0.08195740 0.10439894 0.11990081 0.11060847 0.13929808 0.16172835 0.13015125 0.09440470 0.12431511 0.07476641 0.11770493 0.10780754 0.09008940 0.03959647 0.07425114 0.11264912 0.10818402 0.14141696 0.10998278 0.06407785 0.09674988 0.08984196 0.10731872 0.07952135 0.07730497 0.12464617 0.09724867 0.12666180 0.12308225 0.11799001 0.12624064 0.13813815 0.14925464 0.06788912 0.09903943 0.07787915 0.10038739 0.11084013 0.09568208 0.17832622 0.09792238 0.12426836 0.11746372 0.10222661 0.09438747 0.13250888 0.09547993 0.13723309 0.13651274 0.12314169 0.09290692 0.10129912 0.10066091 0.05303977 0.06048964 0.08821260 0.09470440 0.13341463 0.15696220 0.12877952 0.10280554 0.09555005 0.05551977 0.05321772 0.16145439 0.04588980 0.11524319 0.10343573 0.11482571 0.07284189 0.07400356 0.10232754 0.10104044 0.07933872 0.13441426 0.06785188 0.14113613 0.10227592 0.09417083 0.12146687 0.12602349 0.09258096 0.15250091 0.07219373 0.09924669 0.10210182 0.09689609 0.06782732 0.08606968 0.07665582 0.09339487 0.05046533 0.11099279 0.09185288 0.07277135 0.09705572 0.11787962 0.06523744 0.09042349 0.09932210 0.12561428 0.10585967 0.11016596 0.10732158 0.16389177 0.08144262 0.13520992 0.08990216 0.05792724 0.10251480 0.09105813 0.09512604 0.10585422 0.10123565 0.12424366 0.09749010 0.08983625 0.13629063 0.06955876 0.06401515 0.09229754 0.05846749 0.07422802 0.05759382 0.11128792 0.11058394 0.08680172 0.08066717 0.11041218 0.08607067 0.10183930 0.08973896 0.11613935 0.06829935 0.15248003 0.08117358 0.17801644 0.16183191 0.10376141 0.12653629 0.09201683 0.10434519 0.09548496 0.08634621 0.09205641 0.09106476 0.11564726 0.08395155 0.13526152 0.12081072 0.10490485 0.07075715 0.12448140 0.14580450 0.09961156 0.09830715 0.08546531 0.11599111 0.11410831 0.08443425 0.09368097 0.10036108 0.09529286 0.10346514 0.10693597 0.12069484 0.14372426 0.08369506 0.09891402 0.11198464 0.13658572 0.12186975 0.10655750 0.05805521 0.13863253 0.10918510 0.12360721 0.08389317 0.08435558 0.17028462 0.11708687 0.13180654 0.10897161 0.26777769 0.12367760 0.77068691 0.22165151 0.16535754 0.13311490 0.10571447 0.08949257 0.11829730 
