0.00000000 0.09760440 0.09669903 0.09669903 0.09045042 0.07429389 0.06442519 0.07577866 0.06233833 0.06882387 0.07113595 0.07810858 0.06322233 0.05966239 0.06496150 0.07242748 0.06434063 0.06171803 0.07199880 0.06887111 0.06576498 0.05996720 0.06930468 0.06648919 0.07044068 0.06303770 0.06219770 0.06667727 0.05847529 0.06387311 0.05791114 0.07293421 0.05870528 0.05987450 0.06132112 0.06367527 0.07044437 0.07705461 0.07369085 0.08122711 0.07902243 0.05625228 0.06813407 0.06490204 0.06379131 0.05868081 0.06426211 0.06697675 0.07136866 0.07729765 0.08173904 0.08392726 0.07560015 0.06996630 0.06832129 0.06173522 0.06777746 0.06509489 0.06378826 0.07771976 0.05976305 0.08014319 0.06961835 0.08606588 0.06279157 0.07571687 0.06275487 0.06473659 0.06647603 0.06330577 0.06667661 0.06764147 0.06690529 0.07274889 0.06682452 0.06276472 0.06880764 0.05634820 0.05923543 0.06323343 0.05738217 0.05600066 0.05939102 0.07005457 0.06599422 0.06478240 0.05799339 0.06528188 0.06447320 0.06573367 0.06150741 0.08472508 0.05813391 0.07703010 0.07369790 0.08412501 0.05912846 0.09390114 0.07774830 0.06251955 0.08102668 0.06437969 0.07454694 0.07971526 0.06784257 0.06818616 0.06884962 0.06804916 0.08314382 0.07062497 0.07708852 0.06361828 0.06973709 0.06682340 0.06849160 0.06296785 0.06613606 0.06876528 0.07176886 0.07146979 0.07152590 0.08765801 0.09490729 
0.09760440 0.00000000 0.09669903 0.09669903 0.09045042 0.07429389 0.06442519 0.07577866 0.06233833 0.06882387 0.07113595 0.07810858 0.06322233 0.05966239 0.06496150 0.07242748 0.06434063 0.06171803 0.07199880 0.06887111 0.06576498 0.05996720 0.06930468 0.06648919 0.07044068 0.06303770 0.06219770 0.06667727 0.05847529 0.06387311 0.05791114 0.07293421 0.05870528 0.05987450 0.06132112 0.06367527 0.07044437 0.07705461 0.07369085 0.08122711 0.07902243 0.05625228 0.06813407 0.06490204 0.06379131 0.05868081 0.06426211 0.06697675 0.07136866 0.07729765 0.08173904 0.08392726 0.07560015 0.06996630 0.06832129 0.06173522 0.06777746 0.06509489 0.06378826 0.07771976 0.05976305 0.08014319 0.06961835 0.08606588 0.06279157 0.07571687 0.06275487 0.06473659 0.06647603 0.06330577 0.06667661 0.06764147 0.06690529 0.07274889 0.06682452 0.06276472 0.06880764 0.05634820 0.05923543 0.06323343 0.05738217 0.05600066 0.05939102 0.07005457 0.06599422 0.06478240 0.05799339 0.06528188 0.06447320 0.06573367 0.06150741 0.08472508 0.05813391 0.07703010 0.07369790 0.08412501 0.05912846 0.09390114 0.07774830 0.06251955 0.08102668 0.06437969 0.07454694 0.07971526 0.06784257 0.06818616 0.06884962 0.06804916 0.08314382 0.07062497 0.07708852 0.06361828 0.06973709 0.06682340 0.06849160 0.06296785 0.06613606 0.06876528 0.07176886 0.07146979 0.07152590 0.08765801 0.09490729 
0.09669903 0.09669903 0.00000000 0.10802497 0.10112333 0.08659400 0.07711404 0.08682078 0.06007527 0.06948033 0.06706490 0.07702629 0.06118790 0.07299721 0.05669657 0.07023233 0.06033418 0.07325871 0.07278267 0.06519663 0.06364721 0.06409257 0.06462529 0.06123676 0.06624903 0.05824022 0.05841261 0.07646866 0.06590667 0.07649497 0.05859029 0.08105782 0.06401135 0.07259493 0.07182424 0.06030843 0.06700165 0.07141811 0.06771138 0.08462464 0.07966329 0.06814493 0.07242027 0.07833565 0.06690310 0.06204619 0.06663058 0.06409846 0.06379854 0.06981105 0.07096490 0.07569598 0.06869601 0.06881722 0.06221704 0.05717083 0.07215605 0.06031355 0.05901795 0.07614662 0.06355496 0.07345087 0.06600080 0.07584567 0.07465773 0.07498057 0.06303971 0.06412867 0.06615592 0.06952419 0.06834095 0.06504565 0.06284824 0.06497381 0.06087056 0.06262657 0.06378700 0.06347086 0.06239118 0.05754819 0.06442529 0.06288143 0.05799278 0.06888061 0.06683012 0.06464145 0.06001792 0.06248362 0.05763830 0.06197085 0.05825540 0.07753746 0.06185604 0.06847230 0.06718243 0.08039403 0.05678145 0.08661417 0.07541933 0.07956925 0.08537271 0.07525173 0.06885965 0.07787062 0.06514002 0.06513163 0.06414375 0.06334174 0.07656499 0.06636066 0.08471725 0.07115574 0.06257375 0.06849905 0.06354655 0.07742137 0.06378994 0.06594134 0.06899330 0.06846352 0.06972086 0.08227113 0.09007745 
0.09669903 0.09669903 0.10802497 0.00000000 0.10112333 0.08659400 0.07711404 0.08682078 0.06007527 0.06948033 0.06706490 0.07702629 0.06118790 0.07299721 0.05669657 0.07023233 0.06033418 0.07325871 0.07278267 0.06519663 0.06364721 0.06409257 0.06462529 0.06123676 0.06624903 0.05824022 0.05841261 0.07646866 0.06590667 0.07649497 0.05859029 0.08105782 0.06401135 0.07259493 0.07182424 0.06030843 0.06700165 0.07141811 0.06771138 0.08462464 0.07966329 0.06814493 0.07242027 0.07833565 0.06690310 0.06204619 0.06663058 0.06409846 0.06379854 0.06981105 0.07096490 0.07569598 0.06869601 0.06881722 0.06221704 0.05717083 0.07215605 0.06031355 0.05901795 0.07614662 0.06355496 0.07345087 0.06600080 0.07584567 0.07465773 0.07498057 0.06303971 0.06412867 0.06615592 0.06952419 0.06834095 0.06504565 0.06284824 0.06497381 0.06087056 0.06262657 0.06378700 0.06347086 0.06239118 0.05754819 0.06442529 0.06288143 0.05799278 0.06888061 0.06683012 0.06464145 0.06001792 0.06248362 0.05763830 0.06197085 0.05825540 0.07753746 0.06185604 0.06847230 0.06718243 0.08039403 0.05678145 0.08661417 0.07541933 0.07956925 0.08537271 0.07525173 0.06885965 0.07787062 0.06514002 0.06513163 0.06414375 0.06334174 0.07656499 0.06636066 0.08471725 0.07115574 0.06257375 0.06849905 0.06354655 0.07742137 0.06378994 0.06594134 0.06899330 0.06846352 0.06972086 0.08227113 0.09007745 
0.09045042 0.09045042 0.10112333 0.10112333 0.00000000 0.10002216 0.10209058 0.08548422 0.07031383 0.07321760 0.05413712 0.06360932 0.06391737 0.07531276 0.06456941 0.09691504 0.07419066 0.05398816 0.06680637 0.07146201 0.05915413 0.08152594 0.04870574 0.07287200 0.05227097 0.05997084 0.05076723 0.05316941 0.06434812 0.07196562 0.06212651 0.08230065 0.08096516 0.06598350 0.08096734 0.06840127 0.07018769 0.08245135 0.07871723 0.07805160 0.08682699 0.07124930 0.06989416 0.06963052 0.06030324 0.08104891 0.06428092 0.07122606 0.07710677 0.05074341 0.07093285 0.07760950 0.06048163 0.06649367 0.04702656 0.05025526 0.06487308 0.06865421 0.05137264 0.06487415 0.08770879 0.08487534 0.06480191 0.07139093 0.07540388 0.08128023 0.08048896 0.07390245 0.06727864 0.07206828 0.05946903 0.06520193 0.07167556 0.04529534 0.04609530 0.07168789 0.07631225 0.07508659 0.06456907 0.06073185 0.06767677 0.06458384 0.05534299 0.06541259 0.06197271 0.06915876 0.06923984 0.06324690 0.06337283 0.06726671 0.06954814 0.05525201 0.07018886 0.04873850 0.08331784 0.09166481 0.07294632 0.08753756 0.07072418 0.07788992 0.07340011 0.06491622 0.05294495 0.07004330 0.07722194 0.06071616 0.05010883 0.06747253 0.06277028 0.07008524 0.07561920 0.08038929 0.06273752 0.07582755 0.06797195 0.07447018 0.05110647 0.06476457 0.06615066 0.06716110 0.06599472 0.06423643 0.08033589 
0.07429389 0.07429389 0.08659400 0.08659400 0.10002216 0.00000000 0.09464065 0.10940902 0.02876946 0.09752738 0.04359464 0.09471717 0.06157403 0.05135170 0.05992384 0.09493408 0.09744497 0.07047092 0.08368172 0.11544124 0.05737369 0.03439049 0.06604143 0.03674270 0.05404863 0.03933452 0.05044137 0.08975728 0.05574093 0.06619900 0.03351406 0.11497690 0.04581131 0.04383069 0.08445953 0.07755854 0.07807949 0.08176537 0.08184832 0.10499242 0.05601264 0.06942430 0.05425151 0.09002369 0.05847615 0.05301048 0.06211580 0.06428980 0.13723383 0.03575603 0.06842302 0.07783959 0.10140235 0.10960018 0.05790306 0.05714546 0.06829881 0.05686493 0.07446958 0.07447071 0.06581153 0.08101098 0.08812889 0.07868416 0.07200128 0.07982364 0.06741939 0.05977302 0.06714360 0.05565593 0.09265552 0.06219926 0.06765320 0.05103423 0.04895045 0.05956970 0.03758120 0.06107671 0.02724291 0.02222724 0.05169015 0.04851541 0.04527432 0.06454718 0.05413933 0.06070236 0.03406939 0.07351375 0.04937421 0.05322895 0.04672986 0.06490111 0.06483000 0.06701872 0.09156291 0.08807924 0.06759921 0.07151497 0.07742009 0.07169027 0.07108921 0.09886647 0.11114980 0.05894010 0.09094022 0.08302975 0.04903173 0.06149066 0.10884548 0.09103656 0.09908279 0.09206929 0.07350114 0.07583852 0.05771849 0.05356996 0.03363264 0.04793328 0.07761631 0.07438799 0.06079586 0.13546911 0.11079674 
0.06442519 0.06442519 0.07711404 0.07711404 0.10209058 0.09464065 0.00000000 0.08814817 0.06253093 0.06747034 0.03532212 0.06515500 0.05775584 0.05243472 0.09118144 0.08154872 0.03858602 0.04775020 0.08321404 0.12516463 0.06682064 0.06568174 0.04937526 0.07927642 0.03178677 0.08151925 0.07047971 0.05443886 0.07592875 0.03617228 0.06027729 0.09094416 0.04934553 0.07407106 0.07236351 0.10942920 0.07259324 0.07300313 0.10093791 0.04799851 0.09370644 0.08931293 0.08848721 0.07201744 0.06901535 0.07365348 0.07955858 0.08342258 0.07802285 0.06928098 0.08359548 0.05593743 0.05955382 0.05116366 0.05221619 0.09492032 0.06402457 0.06589651 0.06087439 0.07480758 0.07756173 0.05576588 0.07295016 0.07032916 0.05788149 0.05581248 0.09354032 0.09764893 0.06305812 0.07396938 0.05910869 0.08741327 0.07539959 0.06104137 0.04515806 0.05995545 0.04688988 0.05840922 0.04222013 0.05017265 0.08615422 0.07795902 0.08422602 0.07058905 0.07463942 0.08231997 0.06272607 0.07548965 0.05487373 0.06774968 0.08629108 0.06615287 0.08164643 0.04778562 0.04633115 0.10439022 0.07743834 0.06283494 0.07432315 0.07559141 0.06702986 0.08722730 0.06577764 0.05133535 0.05939459 0.09287973 0.05673501 0.11198761 0.06886853 0.07249541 0.03790498 0.06058596 0.06040003 0.10830012 0.06408690 0.06193451 0.05777912 0.06571610 0.07674508 0.08285958 0.07317722 0.09310460 0.07199525 
0.07577866 0.07577866 0.08682078 0.08682078 0.08548422 0.10940902 0.08814817 0.00000000 0.10155307 0.07083789 0.05367684 0.09386182 0.04432789 0.05217268 0.10136104 0.07332647 0.07294690 0.06389022 0.07824430 0.09691716 0.05607801 0.06352945 0.06136784 0.10854773 0.07255560 0.07881006 0.05703214 0.05418443 0.06400175 0.05055461 0.06218195 0.01666733 0.06004438 0.09165388 0.08807230 0.04108812 0.08096187 0.06322234 0.04607632 0.09507888 0.08541943 0.06521350 0.07747049 0.06789248 0.02679472 0.09596195 0.07432449 0.07616048 0.06891998 0.08006059 0.09366535 0.06393505 0.10134235 0.08392581 0.05134219 0.04807315 0.05845287 0.08855507 0.05862972 0.05451002 0.05492577 0.08963909 0.08038417 0.07743279 0.06729075 0.04541628 0.07896765 0.07792320 0.06874661 0.07844460 0.04192759 0.08964162 0.06020481 0.10672348 0.05376106 0.04088958 0.05172883 0.03510424 0.07307190 0.08655579 0.06227858 0.04071661 0.07091538 0.07420443 0.05182664 0.07964567 0.03519912 0.06953763 0.02868886 0.06716987 0.04437705 0.06660221 0.07826249 0.06631240 0.08121853 0.07786193 0.04211118 0.08078578 0.06631066 0.05566327 0.07200813 0.04850057 0.05890772 0.03626073 0.03774734 0.04596960 0.09377249 0.08452754 0.10623494 0.10360204 0.08417254 0.08907482 0.08507896 0.06344638 0.08632155 0.08852993 0.07169993 0.07170702 0.07721516 0.09387099 0.09001810 0.09055673 0.07696902 
0.06233833 0.06233833 0.06007527 0.06007527 0.07031383 0.02876946 0.06253093 0.10155307 0.00000000 0.08760894 0.04467606 0.05723602 0.06945674 0.05312732 0.07171009 0.08743553 0.04636080 0.05553021 0.07161865 0.07139234 0.05077834 0.08306475 0.07411488 0.13425919 0.06381410 0.08339917 0.05600059 0.05306772 0.03849491 0.06894982 0.05243736 0.04498164 0.06366925 0.18792861 0.09827597 0.07878156 0.07327937 0.03239519 0.05254600 0.07409443 0.08520197 0.04891672 0.06932111 0.11475561 0.05552921 0.07553427 0.08385288 0.04948171 0.07061179 0.06832091 0.11203086 0.06454320 0.10367689 0.07286301 0.09475213 0.08776754 0.07476420 0.08561866 0.09685592 0.05954921 0.05915682 0.07090755 0.08852386 0.08164869 0.06721292 0.05999388 0.15106253 0.10220688 0.09933339 0.09191166 0.05542905 0.07851453 0.07883613 0.05914119 0.05443437 0.06718389 0.09346482 0.06045728 0.04844500 0.10016808 0.12393350 0.07540212 0.09008728 0.07139473 0.05697491 0.04994619 0.06401138 0.06604731 0.08092859 0.02633260 0.06311664 0.09102355 0.06489264 0.05965132 0.05744943 0.04979608 0.06733678 0.08614813 0.05139806 0.06844923 0.07564821 0.04429234 0.03469477 0.03010952 0.06324773 0.06201179 0.09205160 0.07876508 0.07895974 0.07778621 0.05629143 0.05873264 0.06123979 0.07550623 0.06018552 0.06520464 0.06940855 0.06680258 0.06491315 0.06248072 0.05346975 0.05124068 0.05608059 
0.06882387 0.06882387 0.06948033 0.06948033 0.07321760 0.09752738 0.06747034 0.07083789 0.08760894 0.00000000 0.07612046 0.08235369 0.05009053 0.08433292 0.08607067 0.05596291 0.09530339 0.07543618 0.11270842 0.02970177 0.05006669 0.06352569 0.08946604 0.06605150 0.10223877 0.06514758 0.04746192 0.03851212 0.05353451 0.06125850 0.04079841 0.03379763 0.07541557 0.07766067 0.08215592 0.09329786 0.03901482 0.09253389 0.07548232 0.11056254 0.09586280 0.06771029 0.06651902 0.05408673 0.05940852 0.06745556 0.09183806 0.09885766 0.06613792 0.05554683 0.08458590 0.04060066 0.08482000 0.07950352 0.06280922 0.06580847 0.06378328 0.07506691 0.05530865 0.04337510 0.03483821 0.08546142 0.08318441 0.08501892 0.07699451 0.06087822 0.06961709 0.05227856 0.09321996 0.07052020 0.04454136 0.08613858 0.08715469 0.04889095 0.05870035 0.07685555 0.05327949 0.06322807 0.05032571 0.04524481 0.03804087 0.05581706 0.05527800 0.03890191 0.06670368 0.08580327 0.05836798 0.06897720 0.04130602 0.08378933 0.06381601 0.08355920 0.06598374 0.04854636 0.09551926 0.10140238 0.07079655 0.10661915 0.07565097 0.06134861 0.08484129 0.08632076 0.08016339 0.11056855 0.01934902 0.06174665 0.05250417 0.07240268 0.06968134 0.12519238 0.13174094 0.08543299 0.08410270 0.05511328 0.06627203 0.07452743 0.07360821 0.07450489 0.05945386 0.05415098 0.06142037 0.07855183 0.06358150 
0.07113595 0.07113595 0.06706490 0.06706490 0.05413712 0.04359464 0.03532212 0.05367684 0.04467606 0.07612046 0.00000000 0.05383311 0.08430097 0.10246879 0.05472850 0.06236499 0.08339539 0.08075324 0.07656631 0.06119155 0.08533646 0.08061078 0.05608091 0.05828538 0.05950431 0.05934471 0.08389968 0.07199376 0.08418663 0.05906918 0.07308726 0.07149597 0.06938950 0.06948964 0.05228021 0.07773460 0.05827268 0.05174184 0.07733877 0.07864581 0.07513538 0.08286421 0.08575819 0.09025417 0.07793309 0.08750627 0.09563006 0.07354221 0.06147602 0.05351852 0.05823617 0.04278486 0.04122232 0.06324840 0.09099439 0.10424637 0.09152765 0.07658739 0.07873361 0.07439824 0.09226540 0.06926561 0.09789987 0.05685657 0.07187827 0.06666186 0.08050158 0.07573364 0.07671967 0.08515196 0.08093274 0.07070956 0.07898429 0.04400045 0.05673489 0.10038936 0.05598625 0.08566169 0.09142280 0.09663278 0.06615492 0.08779773 0.08529174 0.08029516 0.07010404 0.07284618 0.10242046 0.08385578 0.05588461 0.08058154 0.06681925 0.08206605 0.06567550 0.03827678 0.03640972 0.06395691 0.05982866 0.04622474 0.08637245 0.05041752 0.04755609 0.07507368 0.07950180 0.07394618 0.06731193 0.07576535 0.04519162 0.04651244 0.03634842 0.06308565 0.07462624 0.07433841 0.05206933 0.06943503 0.05659830 0.10895634 0.09325478 0.05439507 0.05608708 0.05611140 0.06000272 0.04365853 0.05029869 
0.07810858 0.07810858 0.07702629 0.07702629 0.06360932 0.09471717 0.06515500 0.09386182 0.05723602 0.08235369 0.05383311 0.00000000 0.07818780 0.08031492 0.06946946 0.10033891 0.06126086 0.02231139 0.10097408 0.08772499 0.11348273 0.03739226 0.06281183 0.07124424 0.06171370 0.04878262 0.07725480 0.07886962 0.03974011 0.05305330 0.06697721 0.04136872 0.07320940 0.03069127 0.02798614 0.05846703 0.04068118 0.08715520 0.09827895 0.07635113 0.06856719 0.04252400 0.03762110 0.07933338 0.06024919 0.05330686 0.06953523 0.08337857 0.08805121 0.08068759 0.04284215 0.13415593 0.08257486 0.07639471 0.06644564 0.07601919 0.09188210 0.03617896 0.06615439 0.06765099 0.06646915 0.06989768 0.07867547 0.05568841 0.08828169 0.06117956 0.04508635 0.09521389 0.06434569 0.04204385 0.05210443 0.05144357 0.07899565 0.08333925 0.07795115 0.04639826 0.07161928 0.04399859 0.02492410 0.06666437 0.07620613 0.04892137 0.07014164 0.05277160 0.06775459 0.08315406 0.06607240 0.11883366 0.08973483 0.06969358 0.07386632 0.06075781 0.05799909 0.05330645 0.08870447 0.10055565 0.03020954 0.08126091 0.07896074 0.08516669 0.05435112 0.03625505 0.12724029 0.19010082 0.07722740 0.04939225 0.06705198 0.05830188 0.09312240 0.08928688 0.13495510 0.05404964 0.08858375 0.04052540 0.03972240 0.03299780 0.06424423 0.06209536 0.08761008 0.08707091 0.06142683 0.11510700 0.12153941 
0.06322233 0.06322233 0.06118790 0.06118790 0.06391737 0.06157403 0.05775584 0.04432789 0.06945674 0.05009053 0.08430097 0.07818780 0.00000000 0.11890071 0.05661797 0.06884046 0.04139508 0.09060746 0.05201288 0.09430504 0.12793126 0.08226786 0.05403230 0.07996307 0.05063692 0.05284422 0.16436644 0.07502491 0.08594033 0.12873853 0.06676469 0.07429713 0.11441755 0.04773590 0.02970369 0.05911962 0.05856911 0.02232862 0.05541828 0.04290297 0.06346791 0.02719523 0.04239034 0.08074884 0.08535213 0.07111450 0.08698289 0.05360239 0.11618686 0.08274812 0.08553416 0.09409192 0.06389589 0.08380330 0.09248886 0.02869860 0.15136108 0.07740896 0.04918848 0.06080525 0.04432608 0.06592707 0.05101405 0.04929573 0.07000298 0.05740728 0.08358857 0.09704148 0.08506849 0.02641241 0.18080718 0.06270008 0.11773050 0.04871429 0.06400835 0.06952341 0.05341216 0.09768257 0.07247490 0.08531820 0.08644771 0.06609254 0.11944727 0.08600092 0.07469294 0.07772651 0.08504563 0.06505817 0.04251674 0.08056342 0.09930185 0.06626608 0.09349853 0.04966051 0.06743261 0.07864432 0.04068830 0.09119705 0.07163145 0.05552189 0.04039376 0.06360394 0.05152171 0.06444661 0.03886493 0.07272267 0.07791821 0.07316645 0.06053936 0.05593765 0.06746834 0.06232036 0.05256337 0.03411552 0.08292635 0.04504233 0.05011054 0.05068506 0.07979025 0.05723191 0.06908491 0.07562669 0.05068616 
0.05966239 0.05966239 0.07299721 0.07299721 0.07531276 0.05135170 0.05243472 0.05217268 0.05312732 0.08433292 0.10246879 0.08031492 0.11890071 0.00000000 0.05872682 0.08465147 0.08435706 0.08986112 0.08694757 0.08504452 0.09004985 0.11416040 0.05248284 0.05776009 0.05300860 0.08041863 0.09951501 0.07081646 0.07757248 0.06375275 0.16018714 0.07816255 0.10265693 0.08688173 0.07987142 0.06852719 0.06304237 0.03139140 0.06351919 0.03626770 0.06935645 0.09117310 0.08916891 0.10507519 0.09974540 0.08288318 0.08841525 0.07730495 0.09904959 0.05047999 0.04086911 0.06301465 0.04487042 0.05665015 0.04740595 0.07168491 0.09589184 0.08405179 0.08013698 0.05092210 0.08380845 0.07463238 0.08897563 0.06262594 0.09636799 0.04993608 0.08182445 0.07932678 0.03508222 0.06262611 0.10516887 0.03969660 0.08661303 0.04456368 0.02789834 0.08839804 0.07698063 0.07264710 0.10569736 0.07544687 0.07618184 0.09812512 0.07183979 0.09303052 0.08975129 0.07161699 0.06481607 0.04740118 0.07414425 0.06092834 0.07807224 0.07289989 0.11297857 0.03810210 0.04405992 0.07003772 0.08431909 0.04870487 0.06998228 0.15625140 0.09407961 0.07555377 0.04161409 0.07110392 0.03370453 0.04639341 0.02537659 0.04349320 0.02335211 0.05461049 0.05951580 0.09959037 0.02789230 0.03669011 0.06479284 0.07974729 0.09848521 0.05793080 0.03564233 0.05025503 0.08331193 0.01841974 0.04054406 
0.06496150 0.06496150 0.05669657 0.05669657 0.06456941 0.05992384 0.09118144 0.10136104 0.07171009 0.08607067 0.05472850 0.06946946 0.05661797 0.05872682 0.00000000 0.10047265 0.05919425 0.08153685 0.05828242 0.07018265 0.09055765 0.06583689 0.06687434 0.09373815 0.06135715 0.11772261 0.11695996 0.08413426 0.06863125 0.03690347 0.07538309 0.06216167 0.07287465 0.07025475 0.10130414 0.10985844 0.07188276 0.10276788 0.05533723 0.08338713 0.06581595 0.08726248 0.10329918 0.07670025 0.08979093 0.03274074 0.08898831 0.10042205 0.07899830 0.06581381 0.08545076 0.07615144 0.08509977 0.08109979 0.06948534 0.03479640 0.07794036 0.08072235 0.04401769 0.06775145 0.08520319 0.05826720 0.05730749 0.08351204 0.07510467 0.11149603 0.06864503 0.06680095 0.05888921 0.05523478 0.03810159 0.07062770 0.05908154 0.07703149 0.09504615 0.06929016 0.06566028 0.09458976 0.08359426 0.11482351 0.06784424 0.09108729 0.06069711 0.04185165 0.07165247 0.07642940 0.08610178 0.04938333 0.10492237 0.07455622 0.05540365 0.05278288 0.07787398 0.07357269 0.07002063 0.06247804 0.07354888 0.04340017 0.04495974 0.11204953 0.03598810 0.10475574 0.02964235 0.04652617 0.04206692 0.06305316 0.09748864 0.06405482 0.06985669 0.06098387 0.04774423 0.05132918 0.04037368 0.06468374 0.08867407 0.05435380 0.05413776 0.07747829 0.04591469 0.07831749 0.07294615 0.05521113 0.04242725 
0.07242748 0.07242748 0.07023233 0.07023233 0.09691504 0.09493408 0.08154872 0.07332647 0.08743553 0.05596291 0.06236499 0.10033891 0.06884046 0.08465147 0.10047265 0.00000000 0.07088610 0.05715246 0.10889946 0.05830320 0.12190516 0.04964062 0.05094018 0.09989387 0.06706319 0.05812158 0.06588838 0.08214658 0.05628865 0.03374711 0.08035931 0.10104783 0.07790741 0.05527944 0.06840897 0.04792885 0.06814887 0.06976709 0.07583310 0.05923210 0.08529984 0.05257019 0.05892431 0.08153458 0.05470667 0.06647641 0.07138406 0.06610101 0.08171572 0.04526098 0.08333646 0.09156016 0.06516381 0.06243527 0.05965611 0.03503112 0.07900105 0.07877483 0.05723093 0.08855611 0.05608660 0.08850540 0.05458046 0.08193254 0.07964934 0.07167414 0.08675484 0.04358301 0.06206982 0.09900480 0.04540327 0.07085329 0.07787181 0.06495363 0.05858565 0.01237272 0.04441894 0.03145255 0.06286561 0.08697876 0.04590545 0.03271361 0.06832446 0.05947587 0.05949643 0.07250701 0.07165560 0.07512911 0.05754848 0.08632937 0.02688233 0.06468510 0.11022541 0.06286442 0.09261578 0.11284403 0.07518558 0.08866716 0.09066330 0.09446057 0.05153123 0.06210707 0.05657548 0.04617416 0.07978614 0.09788966 0.10333006 0.07041096 0.07207753 0.05357808 0.08131497 0.05797240 0.07047416 0.10500709 0.06762306 0.06827067 0.06705981 0.05300502 0.08143431 0.08498712 0.08308918 0.10638343 0.07191894 
0.06434063 0.06434063 0.06033418 0.06033418 0.07419066 0.09744497 0.03858602 0.07294690 0.04636080 0.09530339 0.08339539 0.06126086 0.04139508 0.08435706 0.05919425 0.07088610 0.00000000 0.14605878 0.08036811 0.06915630 0.07791814 0.07595464 0.05800101 0.06602852 0.07855465 0.04638424 0.05385147 0.07449929 0.06050427 0.06793094 0.07675744 0.04410555 0.07910461 0.05246271 0.06911951 0.08197850 0.07620092 0.08844475 0.09059261 0.05769630 0.08889667 0.07604934 0.08636144 0.10335785 0.06245513 0.08780313 0.08302225 0.04251832 0.09501457 0.06969446 0.05964361 0.07872013 0.06555309 0.15630534 0.05586495 0.05866056 0.09269534 0.05719735 0.07155597 0.06679515 0.08011369 0.07456431 0.06794526 0.03657681 0.06459946 0.08137655 0.07758291 0.07875336 0.05179185 0.10266082 0.05994982 0.06909488 0.08018488 0.06000501 0.08014051 0.07360639 0.08450712 0.07994492 0.06504972 0.08875579 0.05712219 0.05956362 0.05101680 0.06665779 0.05656028 0.06395956 0.07186152 0.05113587 0.06255449 0.08192095 0.08003376 0.03826457 0.05881428 0.04882143 0.08698343 0.09257493 0.04531411 0.07007460 0.07172438 0.06103560 0.05116265 0.06986757 0.08272431 0.08926533 0.07353647 0.10562245 0.04190508 0.07522752 0.08640625 0.04933640 0.07275112 0.06001072 0.06940491 0.07481517 0.03665857 0.05341552 0.04189336 0.05233813 0.05775731 0.07050309 0.04979559 0.09106357 0.08822572 
0.06171803 0.06171803 0.07325871 0.07325871 0.05398816 0.07047092 0.04775020 0.06389022 0.05553021 0.07543618 0.08075324 0.02231139 0.09060746 0.08986112 0.08153685 0.05715246 0.14605878 0.00000000 0.04204684 0.06750585 0.09771832 0.05618131 0.06238917 0.06979102 0.05317427 0.07285711 0.06920082 0.07315974 0.09379263 0.07029439 0.08761121 0.06910478 0.08635622 0.06129690 0.10233667 0.06814521 0.09153560 0.04462011 0.05951386 0.06985688 0.09090574 0.07246507 0.07821352 0.05230001 0.08751018 0.05504164 0.07622396 0.03462553 0.06094825 0.05228120 0.06802694 0.05270867 0.09283157 0.08140928 0.08110127 0.06076620 0.05107949 0.05416124 0.08137673 0.05659756 0.01995166 0.07243079 0.08912981 0.06505833 0.08504378 0.07494619 0.07883258 0.05149010 0.07601705 0.08122974 0.05619564 0.09035771 0.04909043 0.07263521 0.07993479 0.07957099 0.06688480 0.07212383 0.07413215 0.07828435 0.08157856 0.07458096 0.09534104 0.06983676 0.08127014 0.06075932 0.09299531 0.09101383 0.05417127 0.05489236 0.10666999 0.05326703 0.04797633 0.08243513 0.03241067 0.06783020 0.06787332 0.04873036 0.08566439 0.07957428 0.08835453 0.07271813 0.09352048 0.08165098 0.06147613 0.08319957 0.10291830 0.08149891 0.06757507 0.06354507 0.06389104 0.05027486 0.09093137 0.07898824 0.10578678 0.07540792 0.08462915 0.05539411 0.08274856 0.07368321 0.06905522 0.06518358 0.04327051 
0.07199880 0.07199880 0.07278267 0.07278267 0.06680637 0.08368172 0.08321404 0.07824430 0.07161865 0.11270842 0.07656631 0.10097408 0.05201288 0.08694757 0.05828242 0.10889946 0.08036811 0.04204684 0.00000000 0.09702792 0.07487718 0.08380162 0.07728474 0.06395667 0.06572809 0.07723867 0.07711387 0.05408180 0.05077098 0.05551775 0.04809216 0.08313920 0.06459562 0.08579813 0.07169053 0.07803058 0.08005614 0.09969479 0.09490360 0.08702624 0.04455230 0.04605262 0.08261322 0.07687812 0.04307977 0.07167577 0.06753524 0.03519293 0.09218166 0.04589567 0.06035189 0.05403052 0.08134288 0.07370450 0.06177390 0.05363595 0.08926038 0.07310204 0.05741947 0.08651388 0.04229384 0.03956371 0.08608517 0.06494272 0.06259248 0.06655168 0.08633177 0.09698883 0.12879085 0.09715835 0.05636409 0.08833125 0.04863121 0.03924804 0.03802876 0.06104429 0.05992905 0.06531684 0.04635487 0.06031063 0.04715738 0.05887724 0.07474359 0.05013982 0.05309117 0.11105724 0.09440102 0.11072861 0.05997500 0.06023787 0.05846294 0.08598623 0.06029912 0.06882783 0.09203908 0.09174314 0.05234249 0.06294087 0.12539951 0.09236460 0.07065532 0.10914438 0.10446006 0.10100217 0.07896286 0.06988496 0.08466849 0.05604688 0.04878963 0.06208074 0.07444566 0.10604146 0.06635321 0.07006248 0.07003149 0.05503514 0.06057916 0.03743404 0.06425966 0.05293624 0.05760497 0.07942740 0.05077837 
0.06887111 0.06887111 0.06519663 0.06519663 0.07146201 0.11544124 0.12516463 0.09691716 0.07139234 0.02970177 0.06119155 0.08772499 0.09430504 0.08504452 0.07018265 0.05830320 0.06915630 0.06750585 0.09702792 0.00000000 0.07729933 0.02410980 0.05117423 0.05444012 0.05444507 0.05591714 0.09824675 0.05926383 0.05034113 0.05026503 0.05628727 0.03947909 0.11638577 0.07940747 0.06024829 0.05774637 0.10242138 0.03026982 0.09331464 0.06103833 0.10834574 0.08434098 0.10107360 0.05787574 0.07703052 0.07782478 0.05866101 0.10256764 0.10881639 0.10154846 0.08971726 0.05786828 0.06689841 0.06740707 0.06444684 0.07173477 0.08983476 0.05369262 0.04832858 0.07993738 0.08568306 0.05826142 0.04923144 0.05652451 0.05708811 0.10047849 0.06906496 0.07633773 0.06394414 0.09268417 0.03682934 0.08493746 0.05058321 0.05234879 0.03085389 0.01264152 0.06714239 0.06503719 0.06755290 0.03385781 0.07026503 0.09617927 0.09095147 0.09421451 0.07261551 0.09815737 0.05908512 0.04057342 0.04656349 0.08087133 0.11684971 0.05108927 0.05106726 0.06063580 0.07151740 0.04549359 0.09089346 0.09338847 0.06947990 0.06575730 0.05844176 0.07858985 0.09785846 0.07446421 0.08206570 0.01414257 0.07019504 0.07503949 0.07685820 0.07881677 0.07298195 0.05915935 0.07292585 0.05407696 0.06180096 0.06868253 0.04780862 0.06840934 0.09014540 0.07724870 0.07817523 0.06527573 0.06522169 
0.06576498 0.06576498 0.06364721 0.06364721 0.05915413 0.05737369 0.06682064 0.05607801 0.05077834 0.05006669 0.08533646 0.11348273 0.12793126 0.09004985 0.09055765 0.12190516 0.07791814 0.09771832 0.07487718 0.07729933 0.00000000 0.09704442 0.06331647 0.07456786 0.07082996 0.06442595 0.09630430 0.04270461 0.06218571 0.03902776 0.08324432 0.04693585 0.07942497 0.07024064 0.04164178 0.07118432 0.04546148 0.04708615 0.04101004 0.05935641 0.02001004 0.05950574 0.06039375 0.05439821 0.08346440 0.06618307 0.06315402 0.06480711 0.08771325 0.04946039 0.06694408 0.08035196 0.04661074 0.08624336 0.06542959 0.08709700 0.10464441 0.06607263 0.09868059 0.08385335 0.10287790 0.06038714 0.07772156 0.07640426 0.08278807 0.06706849 0.07644806 0.08824817 0.11881744 0.05245525 0.10200079 0.08966498 0.10752755 0.06471345 0.05752218 0.06319133 0.06537282 0.06557968 0.08336187 0.08975122 0.06832923 0.09163520 0.08221328 0.13355619 0.09229226 0.04147357 0.09501177 0.09266007 0.07936553 0.06444748 0.04678627 0.04381544 0.10160658 0.05684295 0.05786520 0.05327091 0.04703147 0.03536705 0.06589229 0.06567270 0.07293270 0.05675393 0.08527889 0.08411651 0.03449353 0.07845778 0.13388102 0.03611947 0.04417391 0.06861883 0.06347394 0.06654277 0.06743104 0.02381273 0.05157437 0.08737317 0.05445937 0.04262118 0.08376608 0.09723166 0.04963009 0.04734031 0.06650101 
0.05996720 0.05996720 0.06409257 0.06409257 0.08152594 0.03439049 0.06568174 0.06352945 0.08306475 0.06352569 0.08061078 0.03739226 0.08226786 0.11416040 0.06583689 0.04964062 0.07595464 0.05618131 0.08380162 0.02410980 0.09704442 0.00000000 0.06708196 0.09467881 0.07732288 0.05975818 0.09346900 0.05798005 0.07271809 0.08006946 0.09313602 0.08640818 0.10437717 0.09519584 0.03572996 0.10608117 0.05539147 0.06455511 0.05941370 0.05172468 0.08287940 0.07966816 0.08613789 0.07983545 0.06319149 0.06531304 0.05301232 0.07693614 0.04226513 0.03257745 0.07181553 0.05783870 0.04047688 0.06691823 0.11029266 0.09400321 0.08247332 0.06824207 0.07371809 0.06716747 0.07697917 0.03892090 0.04839185 0.06583900 0.06457017 0.05758096 0.07837028 0.05916386 0.05745163 0.08499032 0.08767697 0.07152680 0.07173757 0.05802797 0.10101167 0.08871707 0.11444439 0.07389911 0.11149018 0.09556033 0.10105017 0.08952534 0.06532779 0.11893784 0.09571933 0.07654563 0.07448313 0.08686590 0.04911291 0.11149324 0.07234133 0.09096855 0.10043513 0.05958464 0.04808699 0.02280665 0.07637933 0.05120903 0.06892361 0.06279580 0.05947629 0.06771337 0.04919119 0.05895712 0.03565112 0.14120438 0.06682725 0.08297905 0.03707094 0.02103689 0.06743835 0.07521653 0.04439114 0.05814766 0.05821990 0.09241833 0.08199955 0.10021688 0.06277422 0.07466106 0.06520234 0.01840653 0.05375011 
0.06930468 0.06930468 0.06462529 0.06462529 0.04870574 0.06604143 0.04937526 0.06136784 0.07411488 0.08946604 0.05608091 0.06281183 0.05403230 0.05248284 0.06687434 0.05094018 0.05800101 0.06238917 0.07728474 0.05117423 0.06331647 0.06708196 0.00000000 0.07942506 0.15066173 0.07732229 0.04983943 0.08682886 0.06107447 0.09484142 0.07030158 0.09432714 0.06263272 0.05829529 0.06234827 0.05332686 0.07590490 0.07683852 0.07805267 0.07900293 0.05188648 0.05891236 0.06724726 0.06123364 0.07980573 0.08398829 0.05429644 0.08138706 0.06943786 0.07307742 0.06525678 0.07230310 0.07743094 0.07944619 0.06500728 0.07561974 0.05549448 0.09441908 0.05353739 0.06861499 0.05807106 0.07288363 0.05503073 0.07028411 0.05391187 0.06847735 0.06787156 0.04650119 0.05593457 0.06816643 0.07462399 0.05266948 0.08233145 0.08030788 0.08616000 0.06463173 0.13970898 0.06134735 0.08619137 0.08521111 0.04965159 0.05391892 0.06522612 0.05391385 0.06142042 0.07333205 0.06344883 0.07502349 0.08588300 0.05696395 0.05133891 0.07222169 0.06554701 0.09313476 0.08834048 0.07672060 0.09191391 0.09483300 0.06619182 0.05465568 0.07468939 0.06512786 0.06117653 0.07894233 0.05960401 0.05244069 0.05849951 0.08587252 0.09452849 0.05605075 0.06673875 0.05746146 0.12217421 0.06531104 0.05482185 0.05464333 0.07162451 0.05976673 0.06717518 0.07704450 0.07698310 0.07580897 0.07408725 
0.06648919 0.06648919 0.06123676 0.06123676 0.07287200 0.03674270 0.07927642 0.10854773 0.13425919 0.06605150 0.05828538 0.07124424 0.07996307 0.05776009 0.09373815 0.09989387 0.06602852 0.06979102 0.06395667 0.05444012 0.07456786 0.09467881 0.07942506 0.00000000 0.08211506 0.08837406 0.07059452 0.03750829 0.03624338 0.12529843 0.07516574 0.04139873 0.06751565 0.06271920 0.08933495 0.03478196 0.03664656 0.02248109 0.04103558 0.08587740 0.04944608 0.07004080 0.04947671 0.05068645 0.07018108 0.08873700 0.03333309 0.06236407 0.06975433 0.08288659 0.07813304 0.09279941 0.09789497 0.10816542 0.06458261 0.07615670 0.09436697 0.11540084 0.07445852 0.04337056 0.09403043 0.08722792 0.06651638 0.07085696 0.07536606 0.03677209 0.07731160 0.09978580 0.07741658 0.07238238 0.05872593 0.09781762 0.05544443 0.09666704 0.04096214 0.07420668 0.09613146 0.05874399 0.10405089 0.15485841 0.06413036 0.05131000 0.08973440 0.07790623 0.06510919 0.02765999 0.04235890 0.05821067 0.07852845 0.05657644 0.04573704 0.05331693 0.08326514 0.07981385 0.05489778 0.03862496 0.05325332 0.08111435 0.10188446 0.05966784 0.06162051 0.03341349 0.06041280 0.04342175 0.02436691 0.04119026 0.06622478 0.08925810 0.07008455 0.06632310 0.07232489 0.05195031 0.07195458 0.05089015 0.08726021 0.08190551 0.07704695 0.08049914 0.07875002 0.09840676 0.06607712 0.06103216 0.05353342 
0.07044068 0.07044068 0.06624903 0.06624903 0.05227097 0.05404863 0.03178677 0.07255560 0.06381410 0.10223877 0.05950431 0.06171370 0.05063692 0.05300860 0.06135715 0.06706319 0.07855465 0.05317427 0.06572809 0.05444507 0.07082996 0.07732288 0.15066173 0.08211506 0.00000000 0.08979551 0.07406316 0.07998557 0.05902497 0.09519441 0.06822931 0.07618000 0.04449698 0.06680491 0.05212167 0.06337707 0.06642538 0.08004988 0.06559238 0.05558457 0.04953028 0.06075369 0.06271366 0.07522505 0.08740409 0.08343489 0.05952584 0.07094630 0.08515926 0.07040535 0.08425309 0.10251653 0.08695830 0.08202411 0.06155765 0.07693320 0.07457992 0.08020498 0.05828032 0.06587804 0.08245401 0.06165982 0.05216122 0.04197855 0.05578068 0.07208559 0.08137017 0.05580628 0.05615791 0.04918821 0.05561802 0.06867143 0.04743859 0.06961115 0.10585388 0.06358554 0.10920750 0.07586161 0.08576326 0.12960000 0.07334464 0.06055394 0.07561544 0.04746634 0.07113715 0.08039841 0.06671928 0.07640811 0.07488630 0.05980305 0.04646041 0.06797992 0.09637321 0.07906893 0.07285045 0.07330683 0.07734756 0.10663705 0.05284199 0.05306589 0.08528924 0.06025488 0.05439247 0.06459344 0.05778376 0.05470176 0.05388371 0.08227475 0.07988397 0.05472181 0.07120727 0.06311220 0.10184964 0.06721903 0.05569425 0.05970387 0.07481377 0.05727736 0.06251168 0.07834232 0.05857406 0.06137625 0.06301800 
0.06303770 0.06303770 0.05824022 0.05824022 0.05997084 0.03933452 0.08151925 0.07881006 0.08339917 0.06514758 0.05934471 0.04878262 0.05284422 0.08041863 0.11772261 0.05812158 0.04638424 0.07285711 0.07723867 0.05591714 0.06442595 0.05975818 0.07732229 0.08837406 0.08979551 0.00000000 0.11454377 0.06111840 0.06956614 0.06775329 0.07669014 0.05329966 0.03952987 0.04463481 0.06351510 0.09212132 0.04766186 0.07929579 0.06451303 0.04555443 0.04484344 0.07269283 0.05038394 0.06252315 0.09315857 0.07812267 0.07196452 0.07339630 0.10041115 0.06227035 0.10400562 0.09630937 0.07087002 0.08897866 0.09399464 0.08480259 0.06252861 0.07569921 0.06536892 0.07532949 0.09421937 0.06579909 0.02658563 0.06962334 0.07313637 0.05252251 0.07111932 0.08398254 0.05592483 0.04110637 0.04798598 0.10204780 0.08347055 0.07655832 0.09011089 0.04392379 0.06678544 0.10304717 0.10186484 0.10793035 0.10298804 0.09468918 0.09985069 0.08272089 0.07367242 0.07313156 0.10136455 0.05418072 0.06018134 0.08742690 0.08337105 0.04951257 0.04362520 0.06142963 0.07160855 0.04284653 0.07625581 0.05254141 0.05221916 0.12842198 0.05830879 0.06895678 0.08168663 0.03861179 0.05557193 0.08412855 0.09998571 0.07459455 0.05653210 0.06964681 0.04690224 0.06557635 0.04998341 0.06371655 0.09191615 0.07828369 0.09343250 0.06797162 0.04935512 0.05359013 0.07390060 0.06836757 0.08218938 
0.06219770 0.06219770 0.05841261 0.05841261 0.05076723 0.05044137 0.07047971 0.05703214 0.05600059 0.04746192 0.08389968 0.07725480 0.16436644 0.09951501 0.11695996 0.06588838 0.05385147 0.06920082 0.07711387 0.09824675 0.09630430 0.09346900 0.04983943 0.07059452 0.07406316 0.11454377 0.00000000 0.10651755 0.11178088 0.08169305 0.10529330 0.05732212 0.08068800 0.06190055 0.06373588 0.04939693 0.06667719 0.05217602 0.05151367 0.04722905 0.05621650 0.06255680 0.04668605 0.11654712 0.03050289 0.03883831 0.06060871 0.06982729 0.06924647 0.08550774 0.08476041 0.08539921 0.06281837 0.06184610 0.09047144 0.04799008 0.06112309 0.07370417 0.09757260 0.07955168 0.07390538 0.04715078 0.07846789 0.05536341 0.04111076 0.06635356 0.05485752 0.04347497 0.05659488 0.02957081 0.03228777 0.04767005 0.05022594 0.07671145 0.08731917 0.09971490 0.06205131 0.10196495 0.03553795 0.11356849 0.05935941 0.07596924 0.10912613 0.10070753 0.06234011 0.10657479 0.06870369 0.09026138 0.10148739 0.05210608 0.08734316 0.10212464 0.09366451 0.06260445 0.10588085 0.08476971 0.08183532 0.06139570 0.06959534 0.07270632 0.05285694 0.05686265 0.04970458 0.06330403 0.04626479 0.04237990 0.08612476 0.08795617 0.05697860 0.02865225 0.05369897 0.09109287 0.04641826 0.08444778 0.09063878 0.05563574 0.06618738 0.06713446 0.04508029 0.05580178 0.07865084 0.04995549 0.06934859 
0.06667727 0.06667727 0.07646866 0.07646866 0.05316941 0.08975728 0.05443886 0.05418443 0.05306772 0.03851212 0.07199376 0.07886962 0.07502491 0.07081646 0.08413426 0.08214658 0.07449929 0.07315974 0.05408180 0.05926383 0.04270461 0.05798005 0.08682886 0.03750829 0.07998557 0.06111840 0.10651755 0.00000000 0.12904676 0.03673518 0.05105428 0.08017574 0.04494112 0.06187283 0.10349698 0.06117451 0.07235111 0.10542116 0.07273223 0.04097794 0.09215897 0.06991163 0.06646483 0.04737888 0.12061389 0.08038985 0.08299771 0.07237170 0.06731874 0.05784160 0.05194398 0.07255519 0.08886837 0.04124826 0.05314480 0.06223280 0.04488046 0.05017223 0.06613367 0.09401714 0.06641443 0.08681063 0.10950435 0.05225594 0.05736969 0.07931611 0.08285408 0.05892505 0.05213089 0.05963249 0.08071124 0.05470482 0.06509778 0.08242023 0.08676852 0.05655663 0.07366411 0.10992700 0.07682524 0.05781107 0.11368029 0.07713502 0.03956076 0.05743635 0.06281095 0.05248697 0.04908495 0.10003350 0.06214675 0.08761540 0.09119531 0.07718601 0.06968515 0.07559878 0.06932855 0.05335649 0.08993810 0.06778510 0.06004547 0.11592610 0.05928676 0.08319670 0.05582743 0.07837840 0.06635181 0.05796958 0.07045965 0.08133284 0.08109103 0.04171084 0.08684595 0.05154383 0.08644489 0.12960540 0.07227019 0.06386968 0.08610012 0.07895482 0.07905376 0.07281598 0.10283237 0.09544590 0.05852650 
0.05847529 0.05847529 0.06590667 0.06590667 0.06434812 0.05574093 0.07592875 0.06400175 0.03849491 0.05353451 0.08418663 0.03974011 0.08594033 0.07757248 0.06863125 0.05628865 0.06050427 0.09379263 0.05077098 0.05034113 0.06218571 0.07271809 0.06107447 0.03624338 0.05902497 0.06956614 0.11178088 0.12904676 0.00000000 0.04621613 0.10420623 0.09465565 0.06701446 0.10262884 0.08040266 0.08997929 0.06796383 0.08875684 0.08728034 0.05464898 0.07956288 0.07105017 0.08016860 0.08184522 0.11505150 0.07566193 0.08131658 0.05824194 0.03466095 0.04462048 0.08724913 0.06249840 0.03620321 0.04679819 0.07302977 0.09219682 0.07626002 0.05409535 0.06367992 0.08645973 0.07784160 0.05096311 0.12832983 0.07906154 0.04699945 0.07422309 0.08006626 0.07228476 0.10015291 0.07175342 0.05726811 0.11134583 0.08421970 0.05692467 0.09470680 0.08736926 0.08044548 0.06961125 0.07757080 0.05734908 0.08697505 0.07282491 0.05835492 0.05879086 0.09247706 0.05542387 0.09797329 0.05652548 0.08984856 0.10008107 0.12097875 0.06603241 0.05972272 0.04675664 0.04839771 0.05528956 0.05757377 0.04366070 0.05420105 0.06699552 0.06593031 0.07823635 0.08804661 0.06921953 0.07901489 0.09100308 0.07366088 0.06698978 0.03957742 0.07623163 0.06120707 0.07113382 0.07255543 0.07010440 0.08291078 0.08017746 0.08618467 0.09070367 0.05804525 0.05892753 0.05290490 0.05300907 0.04867337 
