0.00000000 0.19134314 0.15887741 0.15098382 0.14986463 0.12606900 0.14877381 0.13883228 0.12911141 0.11884487 0.14945508 0.12635330 0.14092820 0.12561816 0.11197185 0.13305478 0.11731637 0.11517409 0.11506157 0.12484753 0.11801811 0.12884375 0.12926683 0.13560990 0.13286410 0.12010236 0.14588481 0.11664072 0.11787157 0.12675060 0.13365983 0.14579310 0.13771925 0.13955830 0.11740700 0.13459591 0.12255776 0.12693630 0.13351466 0.12385350 0.14028239 0.10948575 0.14106114 0.14444098 0.11451257 0.11041287 0.11165290 0.13343865 0.12026454 0.11966429 0.13635392 0.12650819 0.13607453 0.11650730 0.13426788 0.10336643 0.13537859 0.13413342 0.11979278 0.13813752 0.12151912 0.13611799 0.11702676 0.12889811 0.11165651 0.12909107 0.13917914 0.13202203 0.13099039 0.14211109 0.12318506 0.12119635 0.12505317 0.11855211 0.12639802 0.13023374 0.13771451 0.12898700 0.10996208 0.12420525 0.11700863 0.12309414 0.11930219 0.13508696 0.12333213 0.12330899 0.11112219 0.12542340 0.12588115 0.13419587 0.13496482 0.13791511 0.12064752 0.12072065 0.13358134 0.12720270 0.11150844 0.13334743 0.11989636 0.14749148 0.11718834 0.10735661 0.11427164 0.12346242 0.13686725 0.11394697 0.13777413 0.13794790 0.14402744 0.13216803 0.12524056 0.12726799 0.13165019 0.12896663 0.12370476 0.13291699 0.14712109 0.12392874 0.12693443 0.12908585 0.13012053 0.14185112 0.15126545 
0.19134314 0.00000000 0.15940522 0.15172209 0.15046470 0.12718171 0.14974458 0.14044337 0.13204814 0.12720766 0.14685983 0.13290382 0.13541948 0.11731472 0.11338152 0.12221077 0.11974936 0.11630580 0.11702068 0.12755379 0.11959639 0.11794662 0.12431955 0.13923996 0.12859049 0.12101141 0.14706578 0.11772790 0.10876050 0.12033858 0.12514227 0.13553146 0.12908617 0.13919072 0.12004046 0.13526677 0.12498634 0.12843027 0.13448106 0.12485560 0.13943273 0.11143997 0.12737836 0.13259878 0.11549677 0.11272039 0.11404523 0.13451373 0.12139000 0.12442828 0.13581094 0.12791805 0.13742188 0.11772328 0.12300860 0.10606071 0.13626428 0.13513799 0.12330992 0.13767048 0.12232711 0.14277652 0.11806240 0.12865303 0.11562398 0.12974161 0.14000639 0.13500061 0.13139138 0.13514026 0.13002785 0.12363509 0.12670531 0.12021357 0.11753869 0.13211991 0.13390635 0.13087007 0.11211746 0.12720336 0.11871077 0.12471771 0.12084162 0.13541312 0.12419007 0.12624563 0.11353569 0.11836821 0.13400969 0.13477463 0.13571787 0.14134448 0.12145724 0.12136844 0.13504538 0.12962147 0.11273880 0.13263280 0.12191455 0.13708214 0.11675536 0.10949161 0.12039071 0.12315248 0.12433010 0.11640974 0.13952371 0.13943806 0.14671043 0.13361915 0.13119698 0.11810804 0.12401172 0.13328931 0.12710880 0.13627877 0.15175936 0.12653977 0.12931410 0.13039497 0.13232978 0.14212101 0.15127509 
0.15887741 0.15940522 0.00000000 0.23616535 0.22972394 0.17852771 0.15825726 0.20775883 0.11469129 0.18461432 0.13053844 0.11908947 0.11492431 0.10782460 0.11523180 0.13913535 0.11569132 0.12530873 0.12389898 0.13983028 0.12136365 0.13801869 0.12132575 0.14472056 0.12462301 0.11612862 0.17049076 0.12204513 0.12486912 0.10378082 0.11205477 0.14974319 0.11752064 0.13952528 0.10226694 0.10614010 0.11139462 0.15506159 0.15330292 0.11304517 0.11380141 0.11361540 0.12773885 0.12985399 0.13923942 0.10352399 0.13112966 0.11223778 0.13061646 0.12872617 0.13921133 0.13480503 0.12681774 0.12484188 0.13308466 0.14864756 0.14041566 0.13762352 0.12156391 0.11786967 0.11038161 0.12153554 0.12798629 0.12412424 0.15617516 0.12662671 0.11374420 0.13283642 0.13341191 0.11934579 0.12625939 0.15107835 0.12201077 0.11941352 0.10641090 0.14772420 0.13399170 0.11978409 0.10595286 0.11066336 0.12720513 0.14534145 0.10937472 0.13431821 0.10614695 0.12120142 0.12016843 0.10230388 0.11743589 0.11456866 0.11002080 0.13242560 0.12830934 0.10657390 0.10236643 0.10898561 0.10986179 0.11278646 0.11120797 0.16444351 0.11469575 0.12379212 0.11089199 0.12833712 0.10766293 0.13467771 0.12740765 0.11700296 0.13492863 0.13396331 0.14649123 0.12556960 0.10561581 0.11503031 0.11494973 0.12524367 0.12349903 0.12426259 0.11750844 0.13727303 0.13741569 0.13468868 0.14468440 
0.15098382 0.15172209 0.23616535 0.00000000 0.25384946 0.17779969 0.16351432 0.16710903 0.13813573 0.17168442 0.12339845 0.12423180 0.12770253 0.11702939 0.12039579 0.13180807 0.11510993 0.14823694 0.11260690 0.12949748 0.10062104 0.12728301 0.10965459 0.12576249 0.13178967 0.12756190 0.14063853 0.14105874 0.12353368 0.12441836 0.12439991 0.12753467 0.13106838 0.14114100 0.15938460 0.13085139 0.12007043 0.12390925 0.13441929 0.14491140 0.12669873 0.15809976 0.12666946 0.12605031 0.11684411 0.09792990 0.12374797 0.11779065 0.12783321 0.11906368 0.13339442 0.13480568 0.12788765 0.11146911 0.13611793 0.13386030 0.13959699 0.11983544 0.12269841 0.12595556 0.11440802 0.11944549 0.11899352 0.13433059 0.13358394 0.12387556 0.12805224 0.11918430 0.10712651 0.13530934 0.12694783 0.10414917 0.12285642 0.11365546 0.11610287 0.10535227 0.12506065 0.12177739 0.11162544 0.11808221 0.11383289 0.11401135 0.12662122 0.14240128 0.12988173 0.13196073 0.10716109 0.11573375 0.14660745 0.12762503 0.12956475 0.13133580 0.10923509 0.11949204 0.11828051 0.11092750 0.11037808 0.13395250 0.12230179 0.14624642 0.13408620 0.11642990 0.12791878 0.13438795 0.15023325 0.13324857 0.13299200 0.12339250 0.13813826 0.11399200 0.12236480 0.12609277 0.10270512 0.12387718 0.11127438 0.10894378 0.12106168 0.12290973 0.12046691 0.12319761 0.12667928 0.13403635 0.13764415 
0.14986463 0.15046470 0.22972394 0.25384946 0.00000000 0.21107375 0.20405355 0.16810204 0.15653833 0.13037234 0.10039836 0.12746301 0.11996531 0.12099477 0.10861052 0.14271996 0.12446727 0.10343654 0.11093726 0.11324869 0.11808226 0.13423908 0.12764209 0.13245039 0.14163821 0.12318285 0.14808421 0.13085686 0.12342096 0.12728159 0.10167381 0.10421657 0.12080758 0.12343745 0.13831985 0.12628776 0.11952872 0.15338071 0.14695333 0.13920269 0.13036070 0.12375730 0.12082472 0.11039090 0.12775146 0.11329585 0.17025452 0.11968357 0.14657968 0.12286094 0.12240991 0.12647704 0.12811257 0.10926336 0.12362475 0.13211675 0.13449280 0.12843895 0.12904478 0.11066489 0.12131031 0.10315579 0.11684126 0.12300464 0.14128700 0.14338321 0.11809398 0.13179330 0.09859782 0.10582396 0.14444645 0.11468715 0.12490925 0.11913330 0.08243627 0.12653522 0.15153869 0.13547959 0.12443434 0.10722260 0.12094629 0.14925585 0.10410861 0.14567212 0.11244766 0.14157318 0.10503713 0.12684575 0.12811838 0.11341139 0.12302649 0.11278984 0.10874873 0.09879599 0.12625883 0.11690766 0.14328545 0.10521638 0.13439132 0.15057438 0.10798085 0.13915170 0.12062396 0.15674443 0.14344369 0.11994563 0.10197534 0.13643881 0.14587716 0.14180675 0.11770934 0.13325440 0.12017067 0.12078580 0.12539101 0.13938938 0.10405875 0.12521274 0.11478426 0.12501675 0.12765770 0.12604017 0.13929605 
0.12606900 0.12718171 0.17852771 0.17779969 0.21107375 0.00000000 0.25330505 0.20672697 0.15316786 0.18325475 0.06877469 0.15755988 0.09849808 0.09908402 0.08819420 0.14344996 0.12715780 0.14389533 0.15499693 0.12282708 0.07046631 0.09923023 0.09840407 0.08571088 0.12128901 0.08264201 0.13670036 0.12977820 0.12256434 0.10101968 0.10739696 0.15163115 0.08544793 0.12830137 0.13981715 0.20887810 0.13616833 0.18396193 0.13345775 0.11103753 0.10107250 0.10333411 0.12065755 0.10459877 0.10903668 0.03692744 0.12053122 0.10154203 0.14548943 0.08591395 0.12314057 0.16189292 0.13835480 0.14103323 0.10605374 0.15086967 0.15169213 0.09018301 0.11504099 0.12949687 0.10804542 0.15954669 0.16063927 0.09652566 0.13784434 0.14932634 0.11291219 0.13232740 0.15844767 0.18366539 0.11614335 0.11633820 0.13058663 0.12096888 0.07721119 0.07091168 0.11013130 0.14995417 0.12108837 0.08310421 0.10247526 0.08563684 0.09270168 0.08813071 0.11845832 0.12867211 0.11062957 0.11951061 0.10778009 0.14209772 0.12082450 0.12496961 0.10737586 0.13441710 0.15817744 0.14573690 0.13001484 0.13424448 0.16121128 0.12956009 0.11630804 0.23458842 0.17317945 0.14791840 0.14781041 0.17135294 0.16847482 0.14848152 0.21466021 0.19088882 0.19741292 0.11786627 0.09559231 0.10679297 0.09865654 0.08986851 0.05232540 0.10528096 0.14229290 0.13398741 0.13434619 0.18401290 0.17337408 
0.14877381 0.14974458 0.15825726 0.16351432 0.20405355 0.25330505 0.00000000 0.36289174 0.14025888 0.21302413 0.05843243 0.15676802 0.14264750 0.08416650 0.11218313 0.12189154 0.10314472 0.09438425 0.15036570 0.12178928 0.05358393 0.14677675 0.08703141 0.13024783 0.16536716 0.14773424 0.11279861 0.15755468 0.06139382 0.08272578 0.11946428 0.13396482 0.11137343 0.20420548 0.14576915 0.16085041 0.12645597 0.15401897 0.10725263 0.10406393 0.14709981 0.11441297 0.14640038 0.10272108 0.12500969 0.07624892 0.15870649 0.14583147 0.15529144 0.12404665 0.11338693 0.11490236 0.11367079 0.15524028 0.11948159 0.13718328 0.12804574 0.07512108 0.15225943 0.16903604 0.08647911 0.09072329 0.10337114 0.13995250 0.10786396 0.13385192 0.09155924 0.10592970 0.14225892 0.16051524 0.10458684 0.09938488 0.15703403 0.13065108 0.09036552 0.13058003 0.15614249 0.14598349 0.13389333 0.14481018 0.09471754 0.13550064 0.16969458 0.08165992 0.12508969 0.07569720 0.13840480 0.14486093 0.15074237 0.11520516 0.09800165 0.15206843 0.12248762 0.15785288 0.16105152 0.07844419 0.09891158 0.14980226 0.13100400 0.12015578 0.13726612 0.17091822 0.12000097 0.23086459 0.14592184 0.16536640 0.15681872 0.20184764 0.20770689 0.14291556 0.08893265 0.07861857 0.08583205 0.08232232 0.08132355 0.09271505 0.08787064 0.08955272 0.14888472 0.15542336 0.11687987 0.14477212 0.12445239 
0.13883228 0.14044337 0.20775883 0.16710903 0.16810204 0.20672697 0.36289174 0.00000000 0.30193305 0.17495168 0.14917687 0.06616484 0.10665693 0.16255778 0.13455715 0.10897531 0.15377542 0.12495867 0.09708639 0.08992071 0.09093524 0.06216811 0.07698813 0.19363465 0.12201956 0.15554581 0.11285364 0.13605546 0.06254635 0.09334122 0.09553670 0.08495468 0.07320823 0.20881182 0.16275512 0.13091446 0.15202968 0.10099935 0.08653239 0.10484684 0.08318567 0.09968359 0.08236066 0.07730658 0.08954591 0.12594807 0.09684261 0.08423938 0.18599385 0.14576246 0.09576215 0.12148410 0.12528212 0.15511446 0.14241031 0.14271570 0.15483839 0.16752881 0.11393336 0.10561322 0.08187799 0.17008870 0.09974930 0.15034562 0.15105126 0.13761597 0.10202723 0.15050498 0.14913167 0.16208892 0.13858262 0.20684654 0.15562318 0.12211506 0.17532245 0.09155327 0.13869642 0.17755808 0.15547623 0.18041398 0.08802205 0.13293372 0.12931812 0.06615904 0.12193633 0.09746210 0.17835480 0.08094842 0.10166484 0.09062170 0.07859521 0.14168967 0.13329346 0.16597851 0.15717040 0.11930336 0.18782422 0.10702497 0.17102036 0.07939878 0.06895281 0.13458760 0.13676069 0.08402782 0.19249915 0.20173491 0.21814663 0.18357402 0.22959873 0.13966916 0.12587121 0.06092940 0.11620583 0.03222569 0.12551518 0.07495834 0.08737520 0.12183118 0.12582544 0.16612488 0.11659954 0.11037906 0.13109406 
0.12911141 0.13204814 0.11469129 0.13813573 0.15653833 0.15316786 0.14025888 0.30193305 0.00000000 0.13868155 0.08779470 0.16304933 0.11407280 0.08871426 0.10611419 0.13663034 0.13787072 0.11481826 0.08703185 0.13345746 0.06845424 0.06584615 0.09084971 0.18838672 0.07841900 0.14359283 0.06050387 0.05658461 0.10059701 0.16136997 0.08816187 0.27779555 0.08616434 0.63290361 0.17906515 0.11585990 0.17572936 0.13154370 0.05746862 0.14043830 0.17000429 0.09150256 0.32305025 0.29903686 0.13305725 0.11428533 0.15589293 0.13398136 0.10920404 0.12599577 0.13377712 0.15385212 0.11601835 0.09867191 0.16283946 0.13754863 0.11632850 0.10657480 0.06765083 0.05869192 0.12416738 0.03278427 0.07360010 0.11595322 0.11976662 0.09399491 0.25819470 0.17046527 0.18197532 0.08244423 0.17056132 0.08908941 0.17171817 0.11767587 0.06546336 0.09587528 0.12710605 0.10313911 0.05848604 0.22288076 0.20124911 0.08300946 0.14589725 0.08991574 0.07074677 0.11390236 0.10921434 0.11135208 0.15358048 0.14068192 0.15863796 0.07336736 0.16781148 0.07168770 0.16257963 0.12595462 0.10749419 0.07249291 0.08912513 0.10714176 0.09782380 0.11754540 0.12222045 0.04467331 0.11510790 0.13614297 0.11000875 0.14423049 0.10194933 0.14910913 0.14311146 0.12445560 0.22285637 0.14108029 0.11915219 0.17892540 0.17059269 0.13127646 0.11531083 0.10161844 0.14542288 0.14268043 0.09821252 
0.11884487 0.12720766 0.18461432 0.17168442 0.13037234 0.18325475 0.21302413 0.17495168 0.13868155 0.00000000 0.14381535 0.13034568 0.10095637 0.12938856 0.05036902 0.18631937 0.10699690 0.12245267 0.09434934 0.09772674 0.11188001 0.06635470 0.08309178 0.09360520 0.21123965 0.13593527 0.09017951 0.16265571 0.15419009 0.08923536 0.14543093 0.09265041 0.18260590 0.08319436 0.26478696 0.13872716 0.06386730 0.15485500 0.08616550 0.18196603 0.10689324 0.15101173 0.09039085 0.16247588 0.18202149 0.12721780 0.12835952 0.13193756 0.12894648 0.12837070 0.14682317 0.11632911 0.10427097 0.09063065 0.14107415 0.13181740 0.10865663 0.11988239 0.06204696 0.07652533 0.13823763 0.05832256 0.12628820 0.17008044 0.08522084 0.14638723 0.10538455 0.12929405 0.15921065 0.20136123 0.13793577 0.15801351 0.10147235 0.15725232 0.08502131 0.06256409 0.09831743 0.14240049 0.14222445 0.16661940 0.12558340 0.13968730 0.07005431 0.09399095 0.09206481 0.14522740 0.15401847 0.05745236 0.13525258 0.16435570 0.13783008 0.12978348 0.13223411 0.09893764 0.10356932 0.11139742 0.21439197 0.15513072 0.09442804 0.06498583 0.06443451 0.08229805 0.10134699 0.26816627 0.06906823 0.09157663 0.33385941 0.24660520 0.16433692 0.20085461 0.24589366 0.15838875 0.12741585 0.08978932 0.06325560 0.16347628 0.10654768 0.13721486 0.12422687 0.10611554 0.11606445 0.19880631 0.11163777 
0.14945508 0.14685983 0.13053844 0.12339845 0.10039836 0.06877469 0.05843243 0.14917687 0.08779470 0.14381535 0.00000000 0.24703005 0.22928240 0.12023490 0.18775248 0.09798992 0.20656898 0.09287160 0.11632015 0.18279857 0.15456907 0.11307615 0.12003795 0.08374210 0.09408885 0.09845661 0.13628903 0.21409149 0.11238214 0.16077319 0.10331461 0.17442947 0.10738982 0.10543356 0.15843480 0.08874350 0.17764605 0.14216538 0.11590773 0.13745419 0.17203987 0.12631674 0.12463142 0.13915534 0.07140058 0.11346528 0.12754188 0.10650000 0.10162488 0.16139559 0.08845252 0.12207015 0.10259349 0.12319716 0.13504232 0.09242452 0.11520193 0.13715732 0.10394893 0.12036617 0.17226397 0.09727035 0.12924199 0.11426367 0.23174076 0.14124741 0.12564537 0.29812074 0.13786706 0.13239079 0.10796299 0.09468322 0.10140201 0.13703388 0.10403030 0.17280462 0.09880351 0.09256364 0.13264118 0.07195056 0.12582244 0.14441842 0.12506815 0.14567578 0.14743536 0.10963010 0.16840665 0.12730595 0.12666607 0.15613485 0.20671987 0.12100123 0.11534787 0.19340543 0.11127521 0.08665868 0.13948301 0.13705144 0.08026593 0.17579561 0.14943815 0.09023921 0.13921177 0.12099381 0.14244228 0.13933696 0.13032675 0.09965508 0.07803407 0.09434018 0.13888558 0.16728085 0.13442818 0.12859685 0.11374789 0.15828873 0.14311682 0.13829825 0.13135863 0.10707575 0.10296214 0.07837873 0.09684957 
0.12635330 0.13290382 0.11908947 0.12423180 0.12746301 0.15755988 0.15676802 0.06616484 0.16304933 0.13034568 0.24703005 0.00000000 0.20606291 0.20909149 0.08157211 0.17592615 0.06353393 0.09238629 0.20082782 0.26725895 0.11243555 0.07639764 0.07023297 0.08773865 0.13149913 0.11559218 0.10774403 0.16481200 0.11111206 0.14407753 0.21719479 0.08592313 0.17627962 0.17535619 0.12902941 0.12984098 0.06414305 0.15630779 0.16504323 0.13088827 0.10280847 0.06963286 0.07642863 0.12734510 0.07112857 0.10553921 0.07732127 0.10319838 0.07828553 0.14115567 0.03661440 0.10357424 0.08819362 0.22283755 0.09404809 0.09907807 0.14823358 0.15336267 0.08434214 0.12901532 0.11826018 0.12107529 0.07022223 0.11165236 0.14164474 0.10980056 0.16371266 0.16743178 0.16402916 0.12415687 0.05746210 0.40444045 0.15909149 0.07910188 0.16012394 0.12924844 0.14160411 0.03424994 0.09784665 0.18887937 0.10959893 0.11064363 0.17974195 0.06396170 0.16893081 0.20402610 0.08236419 0.25254418 0.08037155 0.15035457 0.09287279 0.11390488 0.14491440 0.11279054 0.10665799 0.08620370 0.11675508 0.07497171 0.12212862 0.13412521 0.19435684 0.07199035 0.27073643 0.30959685 0.09851837 0.11790861 0.17383904 0.13481456 0.10019594 0.20014676 0.12144583 0.13440899 0.08285211 0.06328989 0.11651877 0.12696781 0.08069458 0.14465988 0.14880421 0.12093785 0.13694682 0.14310554 0.17294386 
0.14092820 0.13541948 0.11492431 0.12770253 0.11996531 0.09849808 0.14264750 0.10665693 0.11407280 0.10095637 0.22928240 0.20606291 0.00000000 0.29477815 0.08938655 0.13612792 0.14401919 0.07145576 0.06356772 0.21380566 0.27176357 0.14023451 0.23870223 0.07482396 0.15148593 0.12118094 0.21975772 0.05261091 0.18345473 0.30906125 0.18737731 0.11559286 0.15457568 0.10733683 0.15021776 0.09472430 0.06660204 0.10009661 0.11296182 0.06873671 0.03570068 0.08617475 0.01456265 0.08028772 0.14169007 0.14988354 0.08565560 0.16748113 0.21188291 0.18930098 0.19003371 0.11312398 0.12692448 0.13189637 0.20484782 0.11581130 0.15530793 0.12616921 0.12790130 0.14068546 0.11602587 0.13542025 0.16860856 0.06183416 0.14668798 0.08113741 0.14165357 0.21336395 0.08535563 0.05274950 0.28701863 0.21269625 0.51532375 0.25157944 0.17265435 0.14254137 0.16894203 0.17898228 0.17947695 0.14915346 0.22851018 0.00475269 0.02014747 0.14576345 0.06759061 0.13281770 0.00919860 0.07964901 0.16768395 0.09176065 0.29786817 0.07974005 0.10086366 0.14636084 0.14172279 0.05962415 0.02469748 0.16170713 0.08493463 0.05969669 0.06941570 0.12814671 0.14819936 0.11316413 0.05817575 0.08476287 0.11937980 0.09263701 0.09648834 0.09453604 0.13052677 0.03838327 0.13669164 0.04434860 0.12424369 0.07153124 0.15210768 0.09917453 0.12297493 0.10836580 0.09468694 0.11535085 0.09094285 
0.12561816 0.11731472 0.10782460 0.11702939 0.12099477 0.09908402 0.08416650 0.16255778 0.08871426 0.12938856 0.12023490 0.20909149 0.29477815 0.00000000 0.12469471 0.23396658 0.25251078 0.16824838 0.19329085 0.13846928 0.29399899 0.24887794 0.16164030 0.10116227 0.10624510 0.06530962 0.22827960 0.17046904 0.20373244 0.13449917 0.59491856 0.13957353 0.14626286 0.15253097 0.13403783 0.07709027 0.05207994 0.09118842 0.09304842 0.06619702 0.16470932 0.18109158 0.21312604 0.14343908 0.14074833 0.16090704 0.16027210 0.07930123 0.16565772 0.13549340 0.08996956 0.11757087 0.09420120 0.13048870 0.09677717 0.13595763 0.10335569 0.10687207 0.09997058 0.15020890 0.17102626 0.06245247 0.11908164 0.07004598 0.12630768 0.08070786 0.08972277 0.18814503 0.14164869 0.06644233 0.12280914 0.05614445 0.20147900 0.12357044 0.17468432 0.07740853 0.15393790 0.06867289 0.14031637 0.10620496 0.12483284 0.18848580 0.11705445 0.06902947 0.09933763 0.11194021 0.14537023 0.12138827 0.10751743 0.09659728 0.13928367 0.11926311 0.18181321 0.09409071 0.06426737 0.11850167 0.17530750 0.07449872 0.07660806 0.35481401 0.19715851 0.05164913 0.18226499 0.17035663 0.05470601 0.01589663 0.03921173 0.11574996 0.04639827 0.03799547 0.09664016 0.13833871 0.08725667 0.12455423 0.19780388 0.11799580 0.14478558 0.06132176 0.10513695 0.16519860 0.10016042 0.05235703 0.09607680 
0.11197185 0.11338152 0.11523180 0.12039579 0.10861052 0.08819420 0.11218313 0.13455715 0.10611419 0.05036902 0.18775248 0.08157211 0.08938655 0.12469471 0.00000000 0.24443494 0.14772760 0.15458454 0.18161695 0.16847706 0.34160292 0.22655314 0.06358620 0.11747079 0.09701603 0.20984472 0.12631275 0.18787241 0.21566000 0.12465101 0.15034485 0.14247881 0.10657819 0.15428128 0.11825473 0.14372677 0.11358668 0.16213217 0.10713017 0.16785959 0.18124488 0.16680094 0.20011662 0.12342967 0.14586912 0.09963237 0.15853617 0.16549728 0.12071424 0.20135220 0.18640059 0.06946663 0.18321340 0.10714875 0.10270372 0.05810691 0.12586792 0.12548883 0.11866804 0.08704879 0.08218014 0.08975967 0.11949153 0.13049684 0.09342079 0.10807832 0.07480878 0.11294009 0.11931957 0.09218915 0.09434992 0.15648920 0.11396257 0.10220407 0.20708454 0.13485854 0.12460594 0.10890449 0.07006209 0.16410304 0.09366757 0.12909582 0.15381304 0.13822943 0.12742705 0.18340890 0.13326707 0.14504363 0.16911824 0.09088364 0.07680135 0.10564093 0.14615672 0.12329199 0.17413140 0.27133376 0.11660619 0.17548374 0.14323424 0.18646418 0.18002426 0.12486726 0.07462509 0.12200221 0.15726147 0.17361345 0.13543543 0.10487225 0.12923008 0.10586385 0.10241606 0.10462419 0.15444221 0.16793251 0.16279010 0.12924993 0.10456584 0.13312160 0.11015455 0.12169281 0.10892848 0.09101345 0.11159808 
0.13305478 0.12221077 0.13913535 0.13180807 0.14271996 0.14344996 0.12189154 0.10897531 0.13663034 0.18631937 0.09798992 0.17592615 0.13612792 0.23396658 0.24443494 0.00000000 0.28973809 0.32525702 0.28364267 0.10923996 0.19356841 0.12913761 0.23730208 0.10763115 0.11506992 0.13133287 0.14535504 0.09527352 0.13554322 0.13297343 0.16155632 0.10664720 0.13169838 0.16181776 0.07855840 0.11171914 0.12704297 0.15401041 0.13017024 0.16548362 0.13181988 0.13807489 0.16194243 0.17820938 0.11559307 0.11768325 0.15697232 0.09179140 0.12132711 0.18314712 0.11746174 0.15065273 0.14105259 0.09906900 0.17434165 0.09760564 0.17962362 0.21575656 0.12233521 0.08852551 0.14350439 0.12557568 0.17446412 0.12195865 0.06151288 0.13238780 0.07871350 0.10194901 0.08554098 0.12167901 0.04508109 0.09520996 0.15172185 0.15452553 0.10976307 0.05440974 0.08907308 0.10484077 0.14523140 0.13949568 0.06649290 0.03897830 0.14828739 0.09058235 0.12229421 0.07461163 0.14226074 0.07368479 0.09986516 0.10548300 0.11639762 0.15555733 0.11816097 0.17331089 0.14266645 0.11465956 0.16601964 0.08094053 0.20982365 0.19104029 0.14778407 0.12915777 0.17428725 0.12304312 0.15783186 0.14062289 0.11359696 0.16550649 0.07923717 0.07121818 0.12558623 0.11066997 0.08098706 0.12618775 0.10183506 0.12273462 0.08940440 0.14713722 0.12100503 0.08149375 0.11333759 0.10614424 0.11148387 
0.11731637 0.11974936 0.11569132 0.11510993 0.12446727 0.12715780 0.10314472 0.15377542 0.13787072 0.10699690 0.20656898 0.06353393 0.14401919 0.25251078 0.14772760 0.28973809 0.00000000 0.31746871 0.16016806 0.10082800 0.22310919 0.15234724 0.12211715 0.19232218 0.11077843 0.10613112 0.10051002 0.10912063 0.12870343 0.16598529 0.23987935 0.11425571 0.17501759 0.04623879 0.12542913 0.11363080 0.10001513 0.14163412 0.15863851 0.09933673 0.09712760 0.13797440 0.13260416 0.13247280 0.13010117 0.27284230 0.12717942 0.10021644 0.15272261 0.19235735 0.09533284 0.10568126 0.12701848 0.06496614 0.08270612 0.08299057 0.10462665 0.11097213 0.13720080 0.07808916 0.07777617 0.19284970 0.13738480 0.13255556 0.15603240 0.19639755 0.18576936 0.08106204 0.11554284 0.09028043 0.17329746 0.08271253 0.08112095 0.11842404 0.12595845 0.09748261 0.11713417 0.10004467 0.16154680 0.15873957 0.09250535 0.08549941 0.09269842 0.12864436 0.13774618 0.13479034 0.15292453 0.22265274 0.15770008 0.11274848 0.09465171 0.03231055 0.09022255 0.09865547 0.14835186 0.21091467 0.16617559 0.10815197 0.11373146 0.13729919 0.17025831 0.05684768 0.14359945 0.16732600 0.14195299 0.16699897 0.09575743 0.11674781 0.15863515 0.15030601 0.09525507 0.13497882 0.07961110 0.13828596 0.14609435 0.10850956 0.14709842 0.14707164 0.11058054 0.14503688 0.12790653 0.14658964 0.12663527 
0.11517409 0.11630580 0.12530873 0.14823694 0.10343654 0.14389533 0.09438425 0.12495867 0.11481826 0.12245267 0.09287160 0.09238629 0.07145576 0.16824838 0.15458454 0.32525702 0.31746871 0.00000000 0.25008493 0.14751093 0.15816760 0.13973821 0.13477513 0.15444893 0.08227055 0.11672829 0.10762029 0.15470983 0.25283604 0.13177307 0.16341271 0.11445606 0.14292505 0.10169586 0.21029457 0.13708136 0.10818224 0.12233596 0.14708939 0.13971983 0.13108090 0.11827956 0.20049792 0.14992839 0.13101324 0.11778087 0.15212676 0.08100142 0.10995128 0.20556178 0.18533731 0.12793592 0.12195492 0.11737723 0.16668941 0.07386373 0.05249581 0.05921259 0.08862063 0.12308602 0.10489251 0.12156766 0.08011413 0.06573893 0.11088474 0.15052170 0.17892694 0.11321315 0.18359491 0.08397867 0.01066890 0.12120247 0.11000583 0.10390995 0.17502241 0.08991180 0.12554137 0.09475763 0.06204673 0.14835846 0.08361664 0.16313907 0.16330886 0.12037996 0.20147544 0.11101444 0.13356983 0.14424884 0.11642951 0.10145969 0.13325284 0.12126282 0.09108947 0.21445470 0.11813236 0.13611574 0.16767415 0.12392202 0.20034433 0.12848112 0.17084155 0.18087507 0.12117353 0.19705163 0.20713735 0.13831366 0.12290311 0.12314086 0.17442022 0.11347873 0.09191585 0.12528897 0.13283695 0.11037468 0.11626416 0.14714854 0.11387145 0.11185470 0.13239118 0.13485694 0.09849352 0.12470025 0.16990245 
0.11506157 0.11702068 0.12389898 0.11260690 0.11093726 0.15499693 0.15036570 0.09708639 0.08703185 0.09434934 0.11632015 0.20082782 0.06356772 0.19329085 0.18161695 0.28364267 0.16016806 0.25008493 0.00000000 0.15571054 0.17223464 0.17816486 0.08891929 0.07945736 0.08604188 0.14074473 0.03543690 0.10195396 0.14692851 0.08983940 0.16591284 0.21024171 0.16264193 0.10051588 0.13383926 0.19959953 0.12599266 0.11180783 0.17695419 0.19580243 0.18011788 0.09934550 0.15357736 0.24864559 0.12281331 0.16575575 0.12965500 0.12809352 0.14844907 0.16780692 0.11976654 0.14766369 0.13445364 0.18653608 0.12973461 0.12599317 0.11598009 0.15205365 0.08222878 0.13156974 0.09585552 0.09118956 0.10860234 0.22104321 0.15737504 0.15971059 0.13808677 0.18044446 0.16425949 0.11950944 0.11042487 0.15739524 0.07238198 0.10077635 0.07355019 0.04685216 0.06795170 0.09961185 0.02039398 0.09575537 0.06525733 0.10310574 0.10485858 0.14416860 0.19244432 0.15767541 0.14130862 0.13127880 0.10857189 0.18445491 0.12817549 0.14281203 0.10874441 0.15229182 0.13199741 0.10774497 0.12068702 0.21970352 0.26983206 0.16680050 0.16736705 0.17581046 0.19660577 0.11146834 0.10566903 0.06989247 0.15031153 0.12514586 0.11169951 0.12887027 0.12845337 0.25394979 0.11703923 0.12200204 0.12302475 0.08623902 0.11247527 0.07715154 0.07207450 0.10948947 0.07786991 0.15041593 0.15503655 
0.12484753 0.12755379 0.13983028 0.12949748 0.11324869 0.12282708 0.12178928 0.08992071 0.13345746 0.09772674 0.18279857 0.26725895 0.21380566 0.13846928 0.16847706 0.10923996 0.10082800 0.14751093 0.15571054 0.00000000 0.09709808 0.15090346 0.13340923 0.10149929 0.16187360 0.08009446 0.15108650 0.23475048 0.11755870 0.11772405 0.10336419 0.20098800 0.12105464 0.12381901 0.08023727 0.06001858 0.17445452 0.02873327 0.13459903 0.14871265 0.20001371 0.17088728 0.11283028 0.06880698 0.05362249 0.18631321 0.11371852 0.19118140 0.17615713 0.13338010 0.09084870 0.09933591 0.13877363 0.13960207 0.06582793 0.11742175 0.11022051 0.10545251 0.10724519 0.04225637 0.19749648 0.16134073 0.04986428 0.08656526 0.23287548 0.14041401 0.05853499 0.12062487 0.15315172 0.12621307 0.04849183 0.08589684 0.09951825 0.15000362 0.09728026 0.09651215 0.08924100 0.11225884 0.12327157 0.12918728 0.21260143 0.08871665 0.16073776 0.17646117 0.12962442 0.17258271 0.12224615 0.10943165 0.15014049 0.14918155 0.14214842 0.12561069 0.09534345 0.17933484 0.16675028 0.17527458 0.20416454 0.20807141 0.10625015 0.19917103 0.15300925 0.11643609 0.22813408 0.14885725 0.14306162 0.12681112 0.16142599 0.13879845 0.17894098 0.11746920 0.08460839 0.10738682 0.14184603 0.14327099 0.14730947 0.10911144 0.09683409 0.12844184 0.11286233 0.09203374 0.08086958 0.14047301 0.07776184 
0.11801811 0.11959639 0.12136365 0.10062104 0.11808226 0.07046631 0.05358393 0.09093524 0.06845424 0.11188001 0.15456907 0.11243555 0.27176357 0.29399899 0.34160292 0.19356841 0.22310919 0.15816760 0.17223464 0.09709808 0.00000000 0.19912286 0.23969344 0.15229359 0.16247780 0.15396141 0.29443757 0.23890094 0.15580675 0.18839611 0.05981487 0.15842535 0.10075664 0.10999330 0.11485048 0.18658645 0.00000000 0.09461551 0.05904928 0.09688437 0.06739250 0.16452687 0.06131357 0.10217645 0.13852991 0.10824595 0.19534975 0.16232028 0.11695081 0.10251205 0.17192225 0.17463613 0.12280887 0.14331213 0.11853863 0.08138454 0.13917451 0.17111239 0.16674533 0.14611255 0.15202792 0.13286742 0.13149367 0.08695563 0.17166320 0.12536225 0.17636805 0.10044093 0.13871473 0.12623955 0.17977163 0.09939885 0.16342726 0.19612219 0.20363522 0.16174437 0.14362211 0.13627419 0.14280989 0.20213308 0.13747058 0.21783826 0.20354989 0.22237248 0.12368722 0.07437568 0.17066705 0.09281436 0.07836057 0.08356068 0.07322736 0.08579111 0.13706068 0.14652051 0.08571151 0.09240805 0.13481911 0.09281136 0.12082023 0.23015515 0.11221676 0.09163864 0.05568339 0.08806116 0.03553270 0.08846389 0.14890510 0.10625955 0.05024379 0.09211831 0.11702856 0.08592730 0.11866632 0.09979235 0.10897464 0.16031871 0.08579893 0.12115137 0.13011259 0.08623836 0.09061309 0.07235657 0.05399903 
0.12884375 0.11794662 0.13801869 0.12728301 0.13423908 0.09923023 0.14677675 0.06216811 0.06584615 0.06635470 0.11307615 0.07639764 0.14023451 0.24887794 0.22655314 0.12913761 0.15234724 0.13973821 0.17816486 0.15090346 0.19912286 0.00000000 0.15031661 0.12952659 0.16667716 0.18573341 0.15865709 0.16942387 0.18763799 0.09669572 0.12432417 0.10181147 0.18715828 0.09568741 0.13707462 0.19613266 0.04001493 0.11244890 0.11036618 0.11494546 0.08745145 0.14467386 0.15092180 0.11276599 0.15871941 0.11483341 0.15836656 0.15608037 0.16990583 0.17050794 0.08065768 0.14322427 0.11956289 0.17641328 0.10457658 0.20733464 0.13365849 0.15149107 0.15639067 0.14349006 0.13295716 0.07010539 0.07078954 0.12653637 0.10867466 0.12210822 0.16628870 0.13590245 0.05919735 0.11528420 0.12206519 0.12562140 0.22367093 0.16220017 0.23696847 0.11460616 0.13088673 0.12355356 0.13600551 0.20943637 0.28421932 0.13383641 0.19454669 0.16277195 0.10805292 0.11528705 0.13333740 0.13194761 0.08924447 0.14313528 0.13094946 0.05595466 0.18863540 0.09101944 0.11769455 0.11498883 0.20976654 0.15662659 0.11599998 0.14651934 0.19710953 0.12657686 0.04884194 0.09210302 0.09058186 0.17074196 0.08545503 0.10524087 0.09059412 0.10716378 0.05735390 0.13040417 0.10362583 0.11329648 0.10974518 0.20222291 0.08053114 0.13812561 0.10640776 0.13141661 0.16242186 0.09843956 0.07285464 
0.12926683 0.12431955 0.12132575 0.10965459 0.12764209 0.09840407 0.08703141 0.07698813 0.09084971 0.08309178 0.12003795 0.07023297 0.23870223 0.16164030 0.06358620 0.23730208 0.12211715 0.13477513 0.08891929 0.13340923 0.23969344 0.15031661 0.00000000 0.21096415 0.50793322 0.24333490 0.09082671 0.09256261 0.14513888 0.18355197 0.12146222 0.11303481 0.12058248 0.09679983 0.19856309 0.04489162 0.10608271 0.13719477 0.08565083 0.10778639 0.09761698 0.11792671 0.11109336 0.08653360 0.15003076 0.16299044 0.08536646 0.08881635 0.09271578 0.11741562 0.12181143 0.15236258 0.11878212 0.15018167 0.17408741 0.12272181 0.16351087 0.18934642 0.11711522 0.14387585 0.10482221 0.11712071 0.09568126 0.09995826 0.10734127 0.08087549 0.08455061 0.14403886 0.07883731 0.10902113 0.14037396 0.12325189 0.25228057 0.17707386 0.25552471 0.23369736 0.27035173 0.20655368 0.27801216 0.16181496 0.16252657 0.12201176 0.18514064 0.10833955 0.11481869 0.10878267 0.15163591 0.18305456 0.10857332 0.07098594 0.18900535 0.08704638 0.13464319 0.09816324 0.12344702 0.10055722 0.12636623 0.17432553 0.10445523 0.13046854 0.16924996 0.07068575 0.12769058 0.08606560 0.04812020 0.06310558 0.16807777 0.10964829 0.10806413 0.05915727 0.10602274 0.06895084 0.10170833 0.05187551 0.06976842 0.08834647 0.12297050 0.08589319 0.09188432 0.11272867 0.09984970 0.09682125 0.09957386 
0.13560990 0.13923996 0.14472056 0.12576249 0.13245039 0.08571088 0.13024783 0.19363465 0.18838672 0.09360520 0.08374210 0.08773865 0.07482396 0.10116227 0.11747079 0.10763115 0.19232218 0.15444893 0.07945736 0.10149929 0.15229359 0.12952659 0.21096415 0.00000000 0.16369524 0.23887377 0.16547416 0.13792568 0.08074727 0.27110358 0.13336060 0.06950141 0.10670431 0.12089452 0.15158093 0.09257648 0.08669342 0.06884633 0.08829327 0.14324549 0.10477988 0.08245135 0.14911465 0.11035519 0.11967472 0.12630069 0.14578332 0.23634076 0.12631950 0.14730033 0.10280326 0.18436144 0.18793408 0.12427364 0.09633347 0.12434585 0.11516183 0.18116767 0.10938638 0.15414314 0.18438480 0.21053402 0.16692813 0.13013293 0.11782913 0.08792781 0.13324199 0.12150388 0.08966739 0.09565452 0.19336331 0.09796650 0.09312493 0.10239603 0.19196552 0.24234153 0.20558723 0.10609742 0.14087973 0.33043737 0.11473022 0.06818946 0.15411895 0.14882942 0.13228426 0.07311890 0.11311909 0.13168120 0.13344418 0.08453514 0.13076450 0.13716550 0.09126946 0.15299468 0.08700819 0.07404310 0.11602977 0.14932350 0.14503354 0.17091489 0.13685314 0.11661759 0.08177255 0.07322198 0.08092978 0.13723123 0.07971776 0.13352893 0.11182313 0.10411324 0.12837037 0.11133348 0.08058963 0.09166716 0.15531144 0.16167097 0.13791090 0.16186604 0.10737723 0.09607545 0.10856493 0.09276524 0.10207673 
0.13286410 0.12859049 0.12462301 0.13178967 0.14163821 0.12128901 0.16536716 0.12201956 0.07841900 0.21123965 0.09408885 0.13149913 0.15148593 0.10624510 0.09701603 0.11506992 0.11077843 0.08227055 0.08604188 0.16187360 0.16247780 0.16667716 0.50793322 0.16369524 0.00000000 0.14360025 0.18382868 0.07981278 0.14622480 0.14446031 0.10829390 0.13414402 0.06424432 0.15143446 0.11533209 0.10511662 0.12201081 0.10180977 0.11158250 0.09223830 0.07643674 0.11135367 0.09638846 0.10257089 0.07263655 0.08503760 0.14517861 0.09492052 0.12700316 0.09023180 0.12005305 0.09185985 0.14028464 0.10283940 0.10935590 0.18388586 0.11194093 0.09757553 0.17433415 0.17326834 0.10631188 0.17084911 0.10187835 0.12037884 0.09955014 0.11350638 0.11163519 0.16599314 0.11701285 0.10561650 0.08665223 0.15317112 0.14724936 0.25762897 0.14050439 0.18496847 0.34365025 0.11449428 0.18639439 0.19577816 0.10672028 0.15022411 0.13013249 0.08638710 0.11804342 0.15918001 0.11671056 0.13573487 0.13135909 0.10223377 0.11359455 0.12421227 0.08504700 0.14468884 0.18419922 0.10237160 0.11260419 0.19276462 0.14063060 0.08654411 0.09405420 0.07166061 0.08701054 0.09196420 0.06579315 0.09158762 0.11406388 0.15811112 0.15005091 0.10897998 0.12126964 0.11640122 0.18235488 0.06759944 0.13267741 0.08680733 0.10179085 0.12273670 0.14096750 0.14102427 0.12090747 0.17537048 0.14067824 
0.12010236 0.12101141 0.11612862 0.12756190 0.12318285 0.08264201 0.14773424 0.15554581 0.14359283 0.13593527 0.09845661 0.11559218 0.12118094 0.06530962 0.20984472 0.13133287 0.10613112 0.11672829 0.14074473 0.08009446 0.15396141 0.18573341 0.24333490 0.23887377 0.14360025 0.00000000 0.18982782 0.15688262 0.15835491 0.19094344 0.07476186 0.07497451 0.11376889 0.09563348 0.11395526 0.08263238 0.06454274 0.09666750 0.03887998 0.07958639 0.15584509 0.09025048 0.09900037 0.07754842 0.21113354 0.09401744 0.16449260 0.12559378 0.22196737 0.09271112 0.19860858 0.09970647 0.16016384 0.19650903 0.18946025 0.14267611 0.18501315 0.17881011 0.09852869 0.21398498 0.17071474 0.10005994 0.11940694 0.15260229 0.10283433 0.10337490 0.08780935 0.06007151 0.09094313 0.06021810 0.11852843 0.15673707 0.17755221 0.18605510 0.14847875 0.11146112 0.10554348 0.23246974 0.27775809 0.25923851 0.16232142 0.10852730 0.14983969 0.13070771 0.13715110 0.12442939 0.11822974 0.11097434 0.15022365 0.12563887 0.09750322 0.12854002 0.09358593 0.11360190 0.10878746 0.15602724 0.18726471 0.09747831 0.13777557 0.15089104 0.09341229 0.07706553 0.12144421 0.10865137 0.08659940 0.10476752 0.15043003 0.10520546 0.14408597 0.10753390 0.10885027 0.13742887 0.11534575 0.11342206 0.11957663 0.12120714 0.11032190 0.15996776 0.14908974 0.15574547 0.15051255 0.13933580 0.15658888 
0.14588481 0.14706578 0.17049076 0.14063853 0.14808421 0.13670036 0.11279861 0.11285364 0.06050387 0.09017951 0.13628903 0.10774403 0.21975772 0.22827960 0.12631275 0.14535504 0.10051002 0.10762029 0.03543690 0.15108650 0.29443757 0.15865709 0.09082671 0.16547416 0.18382868 0.18982782 0.00000000 0.34692923 0.10355848 0.12111993 0.15578855 0.16514358 0.01440040 0.06632153 0.14454196 0.01858753 0.11277671 0.12453569 0.14437897 0.07332005 0.08680213 0.19165339 0.10536709 0.22284940 0.17564315 0.09157568 0.11660728 0.12148476 0.11098476 0.13351238 0.20500261 0.08742735 0.11083215 0.14807290 0.16484242 0.05819396 0.14315772 0.11071459 0.18256857 0.16720113 0.12208493 0.11196321 0.10824454 0.12127884 0.10663768 0.14228968 0.16806451 0.05947966 0.04759681 0.05438503 0.07753907 0.07717287 0.27178412 0.28941401 0.12834577 0.24956125 0.11538851 0.14349877 0.07683795 0.19221623 0.13151046 0.14690970 0.21165664 0.18336391 0.12586647 0.24134864 0.12341305 0.13377668 0.16897023 0.13145661 0.13931543 0.17182419 0.05853040 0.19499831 0.06969835 0.08810341 0.12069687 0.09381337 0.11784277 0.05897133 0.12500626 0.06990228 0.12368846 0.16707142 0.07513187 0.08832416 0.20492486 0.16564479 0.12618979 0.05763952 0.07304239 0.05097868 0.12215776 0.07339423 0.11690056 0.09361825 0.14214604 0.08719010 0.10922264 0.16684438 0.07703010 0.15874955 0.16503420 
0.11664072 0.11772790 0.12204513 0.14105874 0.13085686 0.12977820 0.15755468 0.13605546 0.05658461 0.16265571 0.21409149 0.16481200 0.05261091 0.17046904 0.18787241 0.09527352 0.10912063 0.15470983 0.10195396 0.23475048 0.23890094 0.16942387 0.09256261 0.13792568 0.07981278 0.15688262 0.34692923 0.00000000 0.19767503 0.11837615 0.19379149 0.10291724 0.23684203 0.09831115 0.09682267 0.04144505 0.07157676 0.07014084 0.15244605 0.03994404 0.15299357 0.15176771 0.12472751 0.12114946 0.18258505 0.09777666 0.19192669 0.11664321 0.23901231 0.05343018 0.13518617 0.05389353 0.11146075 0.15403862 0.07661778 0.07890758 0.15413012 0.04844566 0.11063687 0.14071383 0.06096015 0.09089159 0.14500382 0.12813761 0.18427304 0.21887268 0.13416161 0.15885584 0.09335105 0.00883339 0.05671796 0.11985503 0.11409553 0.13288052 0.13793805 0.09240118 0.11755388 0.16585079 0.14832564 0.14010754 0.17766401 0.11591332 0.16664133 0.24405801 0.13447864 0.12109025 0.15648811 0.15760438 0.14914481 0.14703891 0.11834181 0.12513036 0.09559607 0.15129395 0.18156006 0.09889560 0.15720736 0.16394340 0.13807967 0.21627906 0.18281893 0.19821276 0.12944179 0.14357405 0.09623845 0.13175998 0.11323794 0.09597785 0.15407006 0.09656578 0.11562353 0.07870901 0.19031657 0.20143097 0.15110896 0.07578755 0.09015240 0.09324800 0.12489089 0.11873528 0.12460195 0.13216815 0.12233262 
0.11787157 0.10876050 0.12486912 0.12353368 0.12342096 0.12256434 0.06139382 0.06254635 0.10059701 0.15419009 0.11238214 0.11111206 0.18345473 0.20373244 0.21566000 0.13554322 0.12870343 0.25283604 0.14692851 0.11755870 0.15580675 0.18763799 0.14513888 0.08074727 0.14622480 0.15835491 0.10355848 0.19767503 0.00000000 0.17962881 0.21955387 0.20466134 0.17156990 0.15002483 0.12230699 0.12373605 0.05970649 0.11070308 0.12585303 0.11522700 0.09139371 0.18744433 0.11341642 0.17436867 0.31117974 0.12439791 0.23665634 0.14386983 0.07694727 0.12350128 0.12667574 0.09991998 0.13515268 0.14482040 0.12906922 0.13692286 0.11646296 0.14197304 0.14917684 0.11951716 0.14274798 0.09922242 0.17177795 0.15622163 0.08329397 0.19700619 0.14348199 0.03714938 0.07223034 0.16837829 0.10794552 0.18339211 0.18240588 0.12944880 0.13719622 0.10275029 0.12285335 0.14071701 0.11910703 0.12558409 0.13572333 0.13109748 0.14075454 0.07865214 0.08952702 0.12502639 0.10171436 0.10458185 0.10350858 0.10035471 0.06981621 0.13318505 0.16511571 0.10315796 0.14152240 0.09620865 0.15915906 0.08017920 0.16293467 0.20133379 0.19836996 0.12622931 0.09810856 0.11730900 0.17098898 0.15395668 0.09778210 0.14073331 0.08452807 0.14967796 0.10679464 0.19689744 0.06405357 0.15163067 0.14454298 0.14254603 0.16156964 0.12058863 0.13083566 0.13120334 0.08606199 0.11167509 0.11859757 
