0.00000000 0.13856005 0.14331604 0.15332824 0.12207094 0.16562706 0.18926735 0.14310717 0.15484503 0.17184508 0.13143682 0.15465073 0.15642164 0.14056294 0.18186647 0.17374877 0.16897522 0.16878957 0.22650720 0.14880990 0.14086605 0.13807738 0.12528376 0.13726395 0.12912736 0.16340859 0.15000480 0.14388157 0.15670441 0.16163457 0.17278806 0.14944370 0.15605778 0.16311281 0.16953581 0.14830157 0.13904214 0.17891960 0.16243717 0.17298930 0.19432179 0.16956455 0.15427676 0.13228065 0.16595845 0.17636771 0.15765610 0.17391993 0.16827961 0.17431434 0.16342214 0.13401740 0.14952004 0.13311478 0.18387043 0.18473092 0.16940251 0.14223885 0.16625662 0.16252271 0.14741948 0.16108938 0.12477920 0.16930475 0.17067031 0.15841808 0.16412967 0.14278611 0.22021780 0.17863393 0.14823567 0.15608703 0.17946174 0.12546141 0.14003826 0.14793065 0.15741138 0.16785773 0.23600028 0.15999099 0.15320170 0.14832967 0.17759366 0.17491406 0.15188933 0.19919877 0.20150761 0.13065253 
0.13856005 0.00000000 0.21137455 0.18829323 0.09167483 0.18703803 0.13004438 0.10090966 0.06393496 0.16452231 0.15925485 0.13306397 0.17212025 0.12499354 0.18133961 0.12180538 0.10373472 0.10067717 0.10862938 0.12417997 0.15415214 0.15761994 0.10959443 0.17695777 0.19491872 0.11646494 0.25609459 0.14408684 0.19358910 0.18344188 0.17697068 0.25459827 0.24688366 0.15629203 0.25971988 0.10875017 0.21887488 0.19647652 0.18480387 0.15220269 0.16381165 0.04151020 0.10855850 0.09854090 0.14891487 0.15436508 0.09315897 0.17431424 0.05881427 0.14591042 0.09112821 0.15241239 0.13727482 0.03278303 0.17781915 0.17120896 0.13324493 0.14468485 0.21813423 0.26465186 0.61411333 0.12332447 0.52418512 0.16166940 0.20334617 0.11179204 0.19843288 0.18199781 0.06130367 0.16384149 0.22390855 0.15538825 0.23302940 0.22806330 0.15255394 0.16899731 0.22853312 0.23570069 0.16430053 0.09045230 0.11131565 0.13317212 0.11401081 0.17731997 0.15312664 0.19184785 0.13401032 0.31071714 
0.14331604 0.21137455 0.00000000 0.26781262 0.31400592 0.23008644 0.20295628 0.16576581 0.20787071 0.10914195 0.14201652 0.11283326 0.09031214 0.14020755 0.16013375 0.12816915 0.13129438 0.13578331 0.08644915 0.17570917 0.15113179 0.07621743 0.11673151 0.12435172 0.08760083 0.14102746 0.14504568 0.26058433 0.14255387 0.15799316 0.19895620 0.12078828 0.14171032 0.09414064 0.13693419 0.15031363 0.23872634 0.15782706 0.13737699 0.15204504 0.28124172 0.09114448 0.08483290 0.21342613 0.22157099 0.23792503 0.08420333 0.11479743 0.10102283 0.11678365 0.15079113 0.20262723 0.06871200 0.14166686 0.16955922 0.14818435 0.09983449 0.14476860 0.17668838 0.13507803 0.13590244 0.22292667 0.07063748 0.15491022 0.22402556 0.16035288 0.23886137 0.12814902 0.23010788 0.23717985 0.09122683 0.22924519 0.22659144 0.45807526 0.13236895 0.13504454 0.78874282 0.14188130 0.15544453 0.11899039 0.15073768 0.27004845 0.10161075 0.12998170 0.14266616 0.14365906 0.10283375 0.16392813 
0.15332824 0.18829323 0.26781262 0.00000000 0.25326512 0.26073266 0.16713801 0.15247279 0.12751815 0.13422270 0.14289003 0.13590016 0.14305249 0.15174812 0.14915646 0.13649966 0.06194785 0.17810218 0.15740228 0.16602616 0.18103312 0.05872090 0.14552347 0.11900620 0.08673043 0.12666549 0.24229407 0.17766221 0.13684714 0.13068801 0.25635169 0.14235647 0.21625503 0.12707115 0.21873780 0.26467056 0.12202004 0.19582437 0.14590087 0.14133591 0.19294384 0.19658094 0.11789775 0.15551769 0.11375232 0.10221714 0.15452136 0.09684323 0.09318515 0.14829607 0.05343874 0.15641590 0.04949785 0.11383073 0.20427545 0.14632068 0.14785669 0.11604158 0.83329083 0.12580099 0.47743019 0.26709009 0.20581566 0.20080914 0.14342544 0.13997819 0.15376150 0.19643724 0.21215423 0.20125572 0.24267431 0.16830811 0.16732302 0.17923575 0.13891626 0.03279998 0.18182065 0.18023974 0.17339222 0.06590910 0.16016120 0.17118684 0.15590076 0.12611526 0.06981373 0.11472178 0.13462518 0.20658522 
0.12207094 0.09167483 0.31400592 0.25326512 0.00000000 0.20397338 0.14305356 0.13067891 0.24527802 0.23471034 0.19276406 0.11122541 0.22482983 0.12267436 0.09220287 0.09618573 0.13732326 0.14814929 0.19122595 0.10418172 0.13754128 0.12427457 0.09050388 0.22255659 0.17331993 0.22351458 0.19848663 0.17447511 0.06825667 0.10725844 0.12667456 0.11918966 0.19774697 0.08607367 0.10426054 0.20861533 0.14136947 0.18212037 0.06754591 0.12622967 0.10462347 0.09336737 0.20461284 0.13971331 0.27133654 0.16538549 0.09748763 0.09766180 0.15249135 0.13392292 0.09433974 0.07422110 0.06853773 0.09745898 0.18309443 0.13052596 0.18167413 0.09607656 0.06896708 0.23101322 0.11198813 0.34667116 0.12866875 0.22223152 0.20132448 0.12783764 0.18382926 0.13625807 0.16611718 0.13771343 0.18644026 0.17599995 0.22417738 0.10609625 0.10682414 0.24409481 0.55455568 0.25776018 0.16612155 0.24290094 0.34796558 0.22644038 0.18871238 0.20594120 0.17918835 0.15935402 0.17689974 0.23175066 
0.16562706 0.18703803 0.23008644 0.26073266 0.20397338 0.00000000 0.17557867 0.27402432 0.12304223 0.19071740 0.13730114 0.11801540 0.13468639 0.15238097 0.12392535 0.12797283 0.05898635 0.14945490 0.22738212 0.18517862 0.12291376 0.08062513 0.12456847 0.12168478 0.21300991 0.18535835 0.15234827 0.13448503 0.23466721 0.17365343 0.29936801 0.19346976 0.15406430 0.15646408 0.18898369 0.10356033 0.17673322 0.21013158 0.13661523 0.19950464 0.21369153 0.13485837 0.14578952 0.10245024 0.10938494 0.14150212 0.11510393 0.09184089 0.13873224 0.02570340 0.14074619 0.08534839 0.13310216 0.08300979 0.18300156 0.12396286 0.13551642 0.15255183 0.40489247 0.27444092 0.15263072 0.13330849 0.15960480 0.16740818 0.16393470 0.15420702 0.21713417 0.21550225 0.25609286 0.21719847 0.12072943 0.14174182 0.16673009 0.20117266 0.10655392 0.16637132 0.14959196 0.22178322 0.18435209 0.16576652 0.18078980 0.32231600 0.20962138 0.16174092 0.11136768 0.20516801 0.12155142 0.20357753 
0.18926735 0.13004438 0.20295628 0.16713801 0.14305356 0.17557867 0.00000000 0.20370228 0.24698727 0.14059284 0.20915637 0.19632451 0.23911432 0.18214665 0.07253121 0.16928005 0.31301630 0.16447766 0.09834344 0.13624726 0.25664586 0.04293332 0.24079478 0.22006776 0.22689714 0.10786702 0.13920222 0.12729527 0.09325539 0.13148018 0.12157100 0.20110768 0.07305954 0.13305244 0.12764545 0.17743485 0.08390568 0.10081228 0.14617768 0.17043818 0.13212883 0.16061909 0.09508239 0.21331318 0.21286210 0.15919075 0.22437256 0.16714618 0.08614901 0.14018056 0.27728556 0.14370860 0.17523166 0.24453368 0.11112821 0.18491043 0.05791917 0.10801224 0.07273465 0.23358243 0.19809764 0.11532978 0.23375827 0.10422136 0.16103397 0.19887182 0.11908380 0.15239595 0.17810405 0.15923924 0.08720228 0.10851201 0.13876341 0.09238564 0.14491940 0.19407462 0.14608927 0.18471499 0.16837846 0.20422518 0.24485957 0.19384338 0.29819402 0.13150171 0.27338863 0.16573309 0.21112091 0.08890275 
0.14310717 0.10090966 0.16576581 0.15247279 0.13067891 0.27402432 0.20370228 0.00000000 0.20453331 0.15268827 0.17133370 0.16899455 0.16926607 0.18595096 0.12938004 0.15563148 0.26538582 0.09827601 0.09029564 0.19685097 0.13197449 0.10199160 0.13248916 0.10114004 0.07292406 0.20770204 0.14980050 0.13044956 0.08876716 0.15101955 0.25509639 0.15666535 0.19765753 0.13364129 0.13014527 0.19068055 0.19668428 0.15719438 0.20429115 0.10509082 0.07307641 0.13733849 0.13146560 0.18954182 0.13794948 0.20278289 0.19463986 0.13054691 0.17538149 0.09195368 0.18245419 0.11416474 0.13255617 0.19469717 0.17719123 0.26362239 0.30247177 0.22166913 0.14063267 0.13121311 0.14344773 0.15416729 0.23288360 0.13858483 0.11756643 0.13015283 0.18538704 0.12454770 0.31844577 0.20601259 0.16807829 0.10646166 0.12317570 0.25868965 0.11071226 0.08446164 0.14995561 0.19724732 0.15252469 0.13896974 0.27437104 0.38361622 0.14285969 0.37974588 0.21583852 0.18740378 0.16484050 0.18039096 
0.15484503 0.06393496 0.20787071 0.12751815 0.24527802 0.12304223 0.24698727 0.20453331 0.00000000 0.13090331 0.33944636 0.24114478 0.22842616 0.32827576 0.19210196 0.18732141 0.17970123 0.14319921 0.19156753 0.11663871 0.20519021 0.12347003 0.07676485 0.13061382 0.05750903 0.18219006 0.13892949 0.10669202 0.11562228 0.18031434 0.16069682 0.14348632 0.13520611 0.14615001 0.07284783 0.18901313 0.09217293 0.10538887 0.12084103 0.20580701 0.14168606 0.15804386 0.25499162 0.07648033 0.19103334 0.19919683 0.24587645 0.16179895 0.14371092 0.22544539 0.20100921 0.16435149 0.14389878 0.17630071 0.07721118 0.21423711 0.24013776 0.13080131 0.04904316 0.17418271 0.06197503 0.16770827 0.20579769 0.07894877 0.10339061 0.16067785 0.09756988 0.06558347 0.09597463 0.06363258 0.09054604 0.15201493 0.19769498 0.07855533 0.18442244 0.10711247 0.06813930 0.10513533 0.16998258 0.37921357 0.29726560 0.16733114 0.08256792 0.22919614 0.51429136 0.23378556 0.33365932 0.13179615 
0.17184508 0.16452231 0.10914195 0.13422270 0.23471034 0.19071740 0.14059284 0.15268827 0.13090331 0.00000000 0.26920837 0.19300237 0.06974132 0.21289924 0.20809654 0.13240336 0.21699898 0.15195065 0.29344825 0.14398416 0.12226383 0.08935099 0.17820484 0.26556078 0.19163011 0.18232025 0.19581579 0.05173626 0.15812080 0.09374462 0.17683129 0.13262170 0.22810700 0.12124230 0.12111392 0.22192551 0.14201408 0.07866542 0.10713334 0.13749526 0.21904039 0.14206914 0.14182320 0.20660328 0.10277279 0.18266221 0.08672672 0.14015553 0.19571384 0.26414033 0.32204160 0.11120066 0.27291451 0.10926386 0.19262357 0.28289167 0.16691186 0.22538850 0.12554214 0.21142407 0.12596190 0.12077077 0.08332226 0.09272573 0.20776188 0.14473160 0.20889054 0.14603215 0.08236189 0.17099984 0.16185864 0.09769964 0.16184330 0.12186595 0.26211801 0.14800156 0.15779524 0.15194306 0.16323083 0.17958002 0.24684531 0.24266239 0.13740695 0.24674778 0.14339515 0.16811509 0.15656574 0.17506067 
0.13143682 0.15925485 0.14201652 0.14289003 0.19276406 0.13730114 0.20915637 0.17133370 0.33944636 0.26920837 0.00000000 0.15329146 0.24753597 0.15694524 0.22915692 0.16532014 0.37267414 0.31359677 0.12527509 0.27127622 0.20839619 0.14614252 0.13820327 0.17894569 0.18311654 0.17956858 0.03272842 0.07382989 0.07533660 0.22228643 0.11671178 0.11008538 0.13646634 0.13627048 0.08536385 0.10081776 0.07129496 0.14055716 0.25706952 0.17898233 0.21434122 0.19274598 0.18243096 0.23600404 0.14131704 0.23181725 0.23389950 0.11599635 0.27285146 0.18967163 0.22564215 0.17675849 0.21753445 0.20173242 0.07273705 0.26723289 0.24220319 0.12392792 0.14119094 0.27432465 0.11981051 0.09881102 0.11620124 0.06736572 0.19756168 0.16789384 0.15261253 0.11595110 0.18666277 0.12502894 0.06709224 0.16174560 0.11182826 0.06691805 0.20300589 0.19938314 0.02558483 0.10409387 0.14848602 0.15860668 0.23128237 0.07337859 0.18112342 0.18826727 0.18546093 0.22296857 0.17806510 0.12335132 
0.15465073 0.13306397 0.11283326 0.13590016 0.11122541 0.11801540 0.19632451 0.16899455 0.24114478 0.19300237 0.15329146 0.00000000 0.39322259 0.33576511 0.36953432 0.38261298 0.19812774 0.31698427 0.12800739 0.18301897 0.12418990 0.12762741 0.12413787 0.10026739 0.11336953 0.14608233 0.14493162 0.12451635 0.15200074 0.15971464 0.17437377 0.14512474 0.16053317 0.19774396 0.11006383 0.17220175 0.14206811 0.14660844 0.15640071 0.14242006 0.16829933 0.09437229 0.13209041 0.08217883 0.13992079 0.12772513 0.11185066 0.11761812 0.14460816 0.17078055 0.19480140 0.15172710 0.20656724 0.23345729 0.14156981 0.13508913 0.21868093 0.18078751 0.13208559 0.16846202 0.14331524 0.10737841 0.13374584 0.12728255 0.13408527 0.15710068 0.15022280 0.12060849 0.15051410 0.14171490 0.15346384 0.11949006 0.12518112 0.17411243 0.15448396 0.22932771 0.15012405 0.18177547 0.16343036 0.17412531 0.17829245 0.13072156 0.11631189 0.10419355 0.16743418 0.13270720 0.12276620 0.08883405 
0.15642164 0.17212025 0.09031214 0.14305249 0.22482983 0.13468639 0.23911432 0.16926607 0.22842616 0.06974132 0.24753597 0.39322259 0.00000000 0.23583097 0.22322786 0.22291544 0.25174460 0.19844167 0.22406423 0.13403279 0.38226181 0.18881380 0.14557129 0.20126902 0.10685237 0.10955968 0.12274928 0.11076036 0.15586836 0.12192782 0.10386759 0.22699616 0.11228519 0.21499949 0.14856363 0.12659872 0.11599223 0.18302323 0.10420215 0.10451573 0.11165012 0.09742071 0.25007814 0.06741723 0.26398755 0.18367724 0.20552362 0.15099530 0.11697886 0.11996111 0.08553826 0.17877736 0.19149560 0.18467956 0.13360961 0.21624381 0.17373940 0.21490429 0.09826041 0.15724077 0.15336563 0.21482444 0.16690440 0.07305880 0.09285593 0.18206258 0.12068647 0.08740402 0.12134661 0.12678972 0.16932903 0.13118339 0.16601307 0.17143699 0.19352179 0.14884441 0.09701910 0.19910177 0.16393155 0.06675505 0.21894442 0.15093712 0.16934700 0.09994007 0.15500537 0.18786530 0.17806610 0.10836659 
0.14056294 0.12499354 0.14020755 0.15174812 0.12267436 0.15238097 0.18214665 0.18595096 0.32827576 0.21289924 0.15694524 0.33576511 0.23583097 0.00000000 0.34897149 0.39476575 0.35744734 0.28268131 0.17562653 0.16026977 0.14107788 0.09834110 0.18078614 0.11232821 0.09508838 0.20678131 0.23207998 0.14392591 0.11495393 0.10073456 0.12129747 0.08170912 0.19783880 0.17117653 0.12838142 0.15496070 0.13221955 0.16196944 0.14729089 0.17441124 0.08554131 0.10162624 0.15527838 0.07201019 0.16997975 0.10870936 0.22483374 0.10804471 0.23754709 0.11073936 0.15254459 0.11571243 0.17723745 0.18228714 0.13372299 0.25868787 0.22207553 0.19146651 0.15029028 0.12899868 0.10398404 0.16301257 0.13752120 0.18442323 0.09646098 0.14543547 0.14096479 0.10197575 0.14759759 0.14764012 0.13322725 0.09446997 0.14831165 0.17611048 0.15371756 0.13363542 0.15561171 0.17038755 0.15397588 0.27643799 0.28930137 0.08807128 0.10796583 0.10332042 0.15175916 0.04852340 0.10415477 0.02504854 
0.18186647 0.18133961 0.16013375 0.14915646 0.09220287 0.12392535 0.07253121 0.12938004 0.19210196 0.20809654 0.22915692 0.36953432 0.22322786 0.34897149 0.00000000 0.30932195 0.19906017 0.23166106 0.28231396 0.16281230 0.16289248 0.17233442 0.16015786 0.05283310 0.23356578 0.18145496 0.10762797 0.14570276 0.13077162 0.05077355 0.11605010 0.11931564 0.09898308 0.18730227 0.13638865 0.13519959 0.18385930 0.12119317 0.10882399 0.08051306 0.19804239 0.13457733 0.13798724 0.12181655 0.13371418 0.24743681 0.28738779 0.21632916 0.23324911 0.31590113 0.23482461 0.32644676 0.38360144 0.15743691 0.19467769 0.11751124 0.14682877 0.23019490 0.17382224 0.10420096 0.14890642 0.16049997 0.11088504 0.22652663 0.09229823 0.15554215 0.15234994 0.03750938 0.10390537 0.13667485 0.21234307 0.09510479 0.13200188 0.12029803 0.15129989 0.21747892 0.10410131 0.10292416 0.14439869 0.09893390 0.13641529 0.07643661 0.13475535 0.09336608 0.15017556 0.09825408 0.14644389 0.04203590 
0.17374877 0.12180538 0.12816915 0.13649966 0.09618573 0.12797283 0.16928005 0.15563148 0.18732141 0.13240336 0.16532014 0.38261298 0.22291544 0.39476575 0.30932195 0.00000000 0.26819969 0.19229474 0.23350315 0.18138650 0.16688121 0.16654113 0.12581371 0.13724065 0.10097026 0.14657865 0.12762899 0.19740384 0.16665735 0.11491995 0.18207648 0.11965108 0.12687226 0.20868375 0.17434268 0.13723039 0.14822448 0.24944968 0.18350599 0.15386670 0.18513434 0.12197727 0.19246844 0.09446587 0.16640499 0.19574528 0.10675338 0.10984976 0.15583965 0.10548364 0.16093291 0.17077983 0.16166177 0.23779515 0.13803704 0.13333824 0.22598901 0.13508948 0.17829953 0.18280158 0.20284046 0.22015967 0.11896901 0.12490671 0.13259258 0.13822232 0.15844529 0.09787777 0.13792706 0.17866531 0.11155756 0.09814696 0.14972089 0.12522441 0.20807060 0.10712103 0.18266789 0.15734482 0.15408405 0.18011995 0.14390697 0.10273227 0.09792786 0.12755616 0.16780231 0.12172477 0.18122069 0.05431370 
0.16897522 0.10373472 0.13129438 0.06194785 0.13732326 0.05898635 0.31301630 0.26538582 0.17970123 0.21699898 0.37267414 0.19812774 0.25174460 0.35744734 0.19906017 0.26819969 0.00000000 0.23588465 0.13217441 0.32361198 0.21939507 0.15980694 0.16677003 0.15041280 0.12963587 0.16911196 0.03447679 0.18883206 0.11659000 0.10228009 0.09344835 0.13705197 0.11425631 0.12358312 0.18016065 0.17638246 0.10631697 0.15810336 0.16635441 0.06255643 0.14658918 0.07020496 0.17625912 0.11467069 0.23512471 0.15279542 0.17272445 0.19886676 0.13610449 0.12403965 0.30404640 0.11785549 0.23318775 0.22537562 0.20462726 0.17631411 0.10235672 0.17255309 0.13936924 0.17469649 0.10424152 0.12193147 0.16513853 0.11788828 0.08679897 0.15013065 0.12650777 0.12267097 0.19882223 0.14047708 0.11292503 0.12531602 0.24410841 0.11632626 0.12080309 0.08561345 0.18819195 0.05650140 0.15271269 0.19872719 0.15489491 0.10224069 0.15735298 0.19467689 0.25889978 0.15685038 0.12601820 0.15948905 
0.16878957 0.10067717 0.13578331 0.17810218 0.14814929 0.14945490 0.16447766 0.09827601 0.14319921 0.15195065 0.31359677 0.31698427 0.19844167 0.28268131 0.23166106 0.19229474 0.23588465 0.00000000 0.09990377 0.18028996 0.02377503 0.19163998 0.18075556 0.14045353 0.22884965 0.16320642 0.14554258 0.15050038 0.19584433 0.14498886 0.13290086 0.17722125 0.24742537 0.18180948 0.17592926 0.18958095 0.19772474 0.16615477 0.16590455 0.04371743 0.19605393 0.28442411 0.14985803 0.19526991 0.23257151 0.06970969 0.14386112 0.18708805 0.21768968 0.15423269 0.28043117 0.15430093 0.16340204 0.25597330 0.07431045 0.16625831 0.16848005 0.14613036 0.17781179 0.15148425 0.09151096 0.14687501 0.11936679 0.19001891 0.12477497 0.11978267 0.14739452 0.22598514 0.08370995 0.22651080 0.16531509 0.19150763 0.12617965 0.12180829 0.11532051 0.11084862 0.12545431 0.09217124 0.14581257 0.11584980 0.15261050 0.11136785 0.14620930 0.13646397 0.14259986 0.15940431 0.09888260 0.13459880 
0.22650720 0.10862938 0.08644915 0.15740228 0.19122595 0.22738212 0.09834344 0.09029564 0.19156753 0.29344825 0.12527509 0.12800739 0.22406423 0.17562653 0.28231396 0.23350315 0.13217441 0.09990377 0.00000000 0.17954599 0.23562318 0.19011286 0.17448987 0.17106965 0.12926649 0.16840068 0.11921105 0.24960133 0.15888340 0.09232997 0.08633399 0.10060124 0.14526795 0.06041793 0.14018449 0.28239192 0.13827649 0.15137615 0.17381385 0.12950461 0.19036370 0.14181214 0.15181167 0.14131073 0.21825939 0.21273151 0.21799974 0.26871281 0.17512707 0.33170330 0.28420540 0.27736832 0.20135339 0.17487181 0.24986158 0.13671328 0.11012468 0.20333823 0.14643380 0.12587755 0.10360295 0.12298811 0.16243349 0.11185795 0.10072810 0.20172661 0.20639631 0.14842021 0.15226630 0.06733210 0.10416088 0.15657925 0.17215604 0.12325261 0.13198916 0.14782206 0.12644472 0.12064385 0.15048557 0.18470826 0.04215000 0.15319742 0.16181308 0.14270733 0.13100276 0.26471896 0.18246630 0.14387292 
0.14880990 0.12417997 0.17570917 0.16602616 0.10418172 0.18517862 0.13624726 0.19685097 0.11663871 0.14398416 0.27127622 0.18301897 0.13403279 0.16026977 0.16281230 0.18138650 0.32361198 0.18028996 0.17954599 0.00000000 0.13068191 0.31138296 0.35308810 0.37951640 0.04103715 0.19116415 0.18806015 0.11585075 0.19156177 0.28631561 0.14066483 0.13445458 0.10446861 0.19248518 0.16674854 0.10563639 0.14272456 0.10346777 0.17421881 0.09740804 0.22452784 0.10669694 0.20812862 0.09557097 0.10222616 0.19599837 0.28391993 0.19345812 0.13809859 0.17294001 0.15406608 0.27585862 0.18071590 0.20645642 0.16438557 0.18372428 0.15892864 0.14373508 0.15922919 0.05451035 0.20276160 0.11176752 0.11132668 0.15528964 0.12170828 0.13330291 0.09590454 0.07093169 0.21838101 0.10152912 0.14040583 0.10883938 0.17795461 0.15474574 0.16756970 0.15336018 0.19519622 0.22029976 0.14791915 0.32397396 0.12366422 0.14184582 0.14754781 0.19114855 0.15626790 0.17962255 0.15546351 0.11688870 
0.14086605 0.15415214 0.15113179 0.18103312 0.13754128 0.12291376 0.25664586 0.13197449 0.20519021 0.12226383 0.20839619 0.12418990 0.38226181 0.14107788 0.16289248 0.16688121 0.21939507 0.02377503 0.23562318 0.13068191 0.00000000 0.14243934 0.15129517 0.17144683 0.21005542 0.21884357 0.11050746 0.12419134 0.04291322 0.06153508 0.16830200 0.20563427 0.12432713 0.32743520 0.05813369 0.17253863 0.10254155 0.12088321 0.20431912 0.07450940 0.11561680 0.21766982 0.56292486 0.09901079 0.16125158 0.17547961 0.05855688 0.13937687 0.27568531 0.22683134 0.16640782 0.14750205 0.10708701 0.18956958 0.15537594 0.08070885 0.22356431 0.03953005 0.04591493 0.18892987 0.16296075 0.31472846 0.08398676 0.11240106 0.16000558 0.14285527 0.11058331 0.08223349 0.22837914 0.08035913 0.02091577 0.13434632 0.11598922 0.15052020 0.14260476 0.64936074 0.07323416 0.07471870 0.19466875 0.19844769 0.40462710 0.19179478 0.06163384 0.14005977 0.21445302 0.10431487 0.19394813 0.19881132 
0.13807738 0.15761994 0.07621743 0.05872090 0.12427457 0.08062513 0.04293332 0.10199160 0.12347003 0.08935099 0.14614252 0.12762741 0.18881380 0.09834110 0.17233442 0.16654113 0.15980694 0.19163998 0.19011286 0.31138296 0.14243934 0.00000000 0.14784076 0.19631691 0.21604510 0.14006799 0.18020074 0.18325100 0.15480236 0.27655547 0.15691641 0.18669038 0.25312208 0.17237035 0.14887343 0.19698760 0.19582694 0.16954918 0.22238248 0.21144699 0.17640838 0.21771380 0.28203991 0.11448690 0.17693225 0.44565429 0.05935683 0.19025768 0.20996591 0.24957705 0.19900355 0.29790678 0.21370786 0.16530226 0.26207481 0.17325753 0.17146811 0.17339331 0.09991073 0.12077572 0.11065212 0.13879514 0.12057483 0.25284251 0.13258080 0.15921828 0.18903270 0.14906455 0.20481615 0.11057537 0.10745313 0.11020634 0.16951145 0.11001097 0.14017396 0.07044217 0.12642010 0.10793186 0.15571645 0.15697009 0.12421615 0.08220125 0.17519699 0.14455457 0.14110474 0.17001054 0.13692844 0.20937810 
0.12528376 0.10959443 0.11673151 0.14552347 0.09050388 0.12456847 0.24079478 0.13248916 0.07676485 0.17820484 0.13820327 0.12413787 0.14557129 0.18078614 0.16015786 0.12581371 0.16677003 0.18075556 0.17448987 0.35308810 0.15129517 0.14784076 0.00000000 0.24056285 0.23514491 0.33060809 0.24553933 0.24832952 0.16568408 0.13835893 0.17092474 0.14380787 0.18060826 0.11988090 0.24304186 0.16402079 0.17847570 0.09615268 0.16552704 0.10891150 0.12761613 0.25371156 0.21971371 0.19829034 0.22855182 0.27793352 0.20213603 0.24870132 0.09280912 0.30246585 0.24445458 0.17138511 0.14914032 0.10666597 0.18137787 0.18066044 0.15501780 0.17348203 0.11930592 0.14857806 0.20850662 0.16785046 0.13961605 0.12075381 0.19080369 0.13101219 0.12723738 0.12289058 0.09464449 0.15935798 0.17039663 0.19285138 0.17891404 0.15360477 0.08878747 0.11635379 0.13411750 0.15579575 0.13727798 0.18519348 0.11737675 0.23418291 0.08207991 0.21288411 0.14218591 0.14167535 0.10033192 0.18616719 
0.13726395 0.17695777 0.12435172 0.11900620 0.22255659 0.12168478 0.22006776 0.10114004 0.13061382 0.26556078 0.17894569 0.10026739 0.20126902 0.11232821 0.05283310 0.13724065 0.15041280 0.14045353 0.17106965 0.37951640 0.17144683 0.19631691 0.24056285 0.00000000 0.15982611 0.09061083 0.41462971 0.22737122 0.27668164 0.14829501 0.12543981 0.18609441 0.17173579 0.16948745 0.06416291 0.16457551 0.16032145 0.12692521 0.17175472 0.21349326 0.14358238 0.19652716 0.15749256 0.15427523 0.13454746 0.11301713 0.09780313 0.19695005 0.22265584 0.13345347 0.16688883 0.15635862 0.18942227 0.14990425 0.18121988 0.18733287 0.19465915 0.11398873 0.16819808 0.11363142 0.16472962 0.13406165 0.06684500 0.17772542 0.13210773 0.17074114 0.20680130 0.14196513 0.05701681 0.19320090 0.16502109 0.21294744 0.13687650 0.17975045 0.41138746 0.16798263 0.17737252 0.24636147 0.13953987 0.25678838 0.11290014 0.17831944 0.21991846 0.17801399 0.12661894 0.08746428 0.11468696 0.12231700 
0.12912736 0.19491872 0.08760083 0.08673043 0.17331993 0.21300991 0.22689714 0.07292406 0.05750903 0.19163011 0.18311654 0.11336953 0.10685237 0.09508838 0.23356578 0.10097026 0.12963587 0.22884965 0.12926649 0.04103715 0.21005542 0.21604510 0.23514491 0.15982611 0.00000000 0.31065832 0.24692198 0.14037289 0.13059552 0.15647896 0.14783500 0.40535571 0.19117739 0.10414498 0.10860313 0.09892728 0.13428683 0.09644410 0.16544959 0.20246719 0.13785556 0.18787723 0.27768130 0.30458082 0.12885099 0.13860543 0.16826031 0.24511668 0.25088463 0.17776441 0.19011813 0.20854153 0.12681406 0.10887141 0.09580536 0.18408914 0.13744839 0.17685216 0.09854842 0.12256492 0.20911099 0.18838558 0.19788653 0.17222237 0.12936807 0.13967963 0.06650784 0.13924669 0.10997883 0.08440113 0.20055306 0.34022148 0.07951232 0.19404490 0.19331244 0.37720269 0.14870417 0.07240181 0.14029679 0.14924541 0.19141724 0.11259788 0.13800642 0.13254560 0.13302350 0.12598525 0.16926833 0.19116873 
0.16340859 0.11646494 0.14102746 0.12666549 0.22351458 0.18535835 0.10786702 0.20770204 0.18219006 0.18232025 0.17956858 0.14608233 0.10955968 0.20678131 0.18145496 0.14657865 0.16911196 0.16320642 0.16840068 0.19116415 0.21884357 0.14006799 0.33060809 0.09061083 0.31065832 0.00000000 0.20057541 0.13178111 0.15676084 0.15678925 0.14912935 0.16704404 0.18361806 0.15911229 0.23317059 0.12652542 0.20341977 0.14087281 0.23608044 0.13988222 0.13190761 0.20937491 0.09583917 0.26745978 0.16142138 0.29102268 0.21690835 0.25496625 0.19097180 0.32778114 0.10338923 0.16943065 0.18479543 0.16469753 0.25129666 0.11903938 0.15968165 0.18146183 0.17224383 0.07375454 0.08588940 0.19211008 0.20269707 0.09212459 0.14009358 0.12672068 0.12988351 0.17820199 0.17956347 0.17052976 0.16171647 0.12730994 0.13421772 0.14459608 0.10065033 0.16099643 0.13931503 0.22400437 0.16656709 0.08604246 0.13333233 0.09066979 0.13848617 0.13682224 0.19066628 0.18755183 0.15391814 0.12527164 
0.15000480 0.25609459 0.14504568 0.24229407 0.19848663 0.15234827 0.13920222 0.14980050 0.13892949 0.19581579 0.03272842 0.14493162 0.12274928 0.23207998 0.10762797 0.12762899 0.03447679 0.14554258 0.11921105 0.18806015 0.11050746 0.18020074 0.24553933 0.41462971 0.24692198 0.20057541 0.00000000 0.23657534 0.20886341 0.24980209 0.17156588 0.16327590 0.12503000 0.07155469 0.15264117 0.12189392 0.16225765 0.16092025 0.21568073 0.16301660 0.10680835 0.10925711 0.06537406 0.11260060 0.09543407 0.20647417 0.15145479 0.14112544 0.29391242 0.10660294 0.12619800 0.20123454 0.06434528 0.15686840 0.19331185 0.22926800 0.15635871 0.27688506 0.20177396 0.20148497 0.10653655 0.27053730 0.12923635 0.09349887 0.16725433 0.14332780 0.22822108 0.23031910 0.14491353 0.19626534 0.24990170 0.23281430 0.12147922 0.19424831 0.25308124 0.07958960 0.16281428 0.26399386 0.14398450 0.19309158 0.10364995 0.20793242 0.12640035 0.14086974 0.08360554 0.12135101 0.18342415 0.18899600 
0.14388157 0.14408684 0.26058433 0.17766221 0.17447511 0.13448503 0.12729527 0.13044956 0.10669202 0.05173626 0.07382989 0.12451635 0.11076036 0.14392591 0.14570276 0.19740384 0.18883206 0.15050038 0.24960133 0.11585075 0.12419134 0.18325100 0.24832952 0.22737122 0.14037289 0.13178111 0.23657534 0.00000000 0.17558082 0.27069662 0.13361320 0.15256203 0.11388237 0.07231915 0.09598796 0.16242505 0.04920182 0.13536124 0.21562177 0.13075990 0.07317292 0.13794765 0.09436988 0.26952590 0.23984219 0.12471326 0.12867132 0.17356673 0.12538488 0.12860604 0.13302602 0.11719654 0.14612715 0.13675316 0.20410297 0.14571767 0.09163248 0.25583496 0.15339801 0.12679906 0.21304806 0.20247670 0.19707220 0.19786123 0.15039985 0.22639213 0.10657694 0.30570444 0.09170816 0.19811193 0.22576999 0.53841367 0.12751089 0.13452463 0.58497037 0.23534010 0.11464294 0.10769765 0.15034392 0.12672392 0.08174358 0.10861157 0.17735919 0.13689127 0.13052603 0.15425851 0.15496924 0.11144756 
0.15670441 0.19358910 0.14255387 0.13684714 0.06825667 0.23466721 0.09325539 0.08876716 0.11562228 0.15812080 0.07533660 0.15200074 0.15586836 0.11495393 0.13077162 0.16665735 0.11659000 0.19584433 0.15888340 0.19156177 0.04291322 0.15480236 0.16568408 0.27668164 0.13059552 0.15676084 0.20886341 0.17558082 0.00000000 0.57467270 0.20809830 0.18182571 0.22974303 0.14138982 0.12831214 0.15190311 0.17431939 0.13418593 0.19374478 0.14598442 0.19590239 0.13131706 0.08966534 0.21773621 0.12018565 0.12221967 0.16563299 0.11024146 0.09706814 0.09545850 0.18234672 0.03504697 0.10890462 0.09853491 0.17562496 0.13409930 0.16168029 0.14094387 0.15721450 0.14472152 0.20086633 0.14768585 0.17231991 0.16014762 0.18856929 0.13612161 0.62974673 0.68290593 0.14860153 0.24909997 0.16465469 0.13259606 0.17696081 0.12704116 0.25362460 0.23052853 0.22396406 0.16531427 0.15348681 0.11352532 0.05843512 0.16825292 0.19369310 0.09134725 0.12698369 0.06940405 0.11694939 0.19872253 
0.16163457 0.18344188 0.15799316 0.13068801 0.10725844 0.17365343 0.13148018 0.15101955 0.18031434 0.09374462 0.22228643 0.15971464 0.12192782 0.10073456 0.05077355 0.11491995 0.10228009 0.14498886 0.09232997 0.28631561 0.06153508 0.27655547 0.13835893 0.14829501 0.15647896 0.15678925 0.24980209 0.27069662 0.57467270 0.00000000 0.12426472 0.11667716 0.13797183 0.19272485 0.12992753 0.07831238 0.13664553 0.11031879 0.16624584 0.10825496 0.11535052 0.20278614 0.10623977 0.24634767 0.11280920 0.05509133 0.16165760 0.21178184 0.28649798 0.08125281 0.05685353 0.10579691 0.07634654 0.11973880 0.14867577 0.13987936 0.13186286 0.10975869 0.14852059 0.07017666 0.15876117 0.07431732 0.08508466 0.36527591 0.26092029 0.22207461 0.13458798 0.82642028 0.34453872 0.16467208 0.10177278 0.27987129 0.23352390 0.08893141 0.15797737 0.15302263 0.13299615 0.13453677 0.15201733 0.08998367 0.15796642 0.08313308 0.18958346 0.10056659 0.17250373 0.17003856 0.17312246 0.14008090 
0.17278806 0.17697068 0.19895620 0.25635169 0.12667456 0.29936801 0.12157100 0.25509639 0.16069682 0.17683129 0.11671178 0.17437377 0.10386759 0.12129747 0.11605010 0.18207648 0.09344835 0.13290086 0.08633399 0.14066483 0.16830200 0.15691641 0.17092474 0.12543981 0.14783500 0.14912935 0.17156588 0.13361320 0.20809830 0.12426472 0.00000000 0.14268566 0.33797257 0.11908818 0.20485315 0.12675420 0.21288860 0.18079633 0.25202929 0.16949444 0.11614679 0.34988231 0.16583252 0.24776520 0.15878054 0.16147206 0.12412645 0.25615263 0.11984634 0.13844624 0.12390397 0.10091768 0.17608558 0.15864974 0.13296429 0.10295381 0.15871601 0.19787239 0.15557913 0.16366896 0.16837337 0.16772983 0.14664311 0.12030092 0.39428540 0.14781952 0.22940970 0.23108988 0.08283422 0.18675022 0.14096807 0.17438887 0.16235868 0.26656919 0.19981141 0.07012401 0.20656461 0.22926599 0.14060269 0.18636918 0.07365777 0.23197408 0.12341779 0.09430671 0.11913173 0.13187162 0.09924406 0.20369562 
0.14944370 0.25459827 0.12078828 0.14235647 0.11918966 0.19346976 0.20110768 0.15666535 0.14348632 0.13262170 0.11008538 0.14512474 0.22699616 0.08170912 0.11931564 0.11965108 0.13705197 0.17722125 0.10060124 0.13445458 0.20563427 0.18669038 0.14380787 0.18609441 0.40535571 0.16704404 0.16327590 0.15256203 0.18182571 0.11667716 0.14268566 0.00000000 0.25242361 0.11554963 0.05330405 0.23259895 0.13658679 0.22148760 0.10996528 0.16341665 0.18335411 0.16523712 0.32305973 0.24385276 0.13008916 0.07047152 0.17739745 0.17906424 0.08567059 0.13275459 0.13122432 0.13325262 0.18624775 0.05413696 0.16105327 0.09564619 0.29530830 0.13924536 0.12903979 0.12619541 0.18933905 0.19403885 0.18563910 0.28350951 0.19181551 0.12468958 0.12370920 0.11384035 0.09830043 0.16149990 0.12511738 0.51750221 0.11784672 0.14406279 0.08965020 0.23757830 0.07954684 0.20634646 0.16053548 0.12607185 0.16009978 0.07099153 0.25137514 0.19161927 0.17580963 0.18243551 0.15370503 0.14513127 
0.15605778 0.24688366 0.14171032 0.21625503 0.19774697 0.15406430 0.07305954 0.19765753 0.13520611 0.22810700 0.13646634 0.16053317 0.11228519 0.19783880 0.09898308 0.12687226 0.11425631 0.24742537 0.14526795 0.10446861 0.12432713 0.25312208 0.18060826 0.17173579 0.19117739 0.18361806 0.12503000 0.11388237 0.22974303 0.13797183 0.33797257 0.25242361 0.00000000 0.19413652 0.28600507 0.23232537 0.19203791 0.16113515 0.24250251 0.49209150 0.17484519 0.27789858 0.10888797 0.14560961 0.11189371 0.19969066 0.08591662 0.10018221 0.02626403 0.01519439 0.11847768 0.19166089 0.17000386 0.13955861 0.12461257 0.21046513 0.12387476 0.15460715 0.18806334 0.09153485 0.20064812 0.12949748 0.32150485 0.10344033 0.17534995 0.14198881 0.20092081 0.09759190 0.17439497 0.19464298 0.21064983 0.12535904 0.12602261 0.16190290 0.12564095 0.15404583 0.10649286 0.27177629 0.15272256 0.09713534 0.12863749 0.24104433 0.17719547 0.11961691 0.13033672 0.12872481 0.19305087 0.21197215 
0.16311281 0.15629203 0.09414064 0.12707115 0.08607367 0.15646408 0.13305244 0.13364129 0.14615001 0.12124230 0.13627048 0.19774396 0.21499949 0.17117653 0.18730227 0.20868375 0.12358312 0.18180948 0.06041793 0.19248518 0.32743520 0.17237035 0.11988090 0.16948745 0.10414498 0.15911229 0.07155469 0.07231915 0.14138982 0.19272485 0.11908818 0.11554963 0.19413652 0.00000000 0.23927225 0.15973924 0.24833822 0.17899021 0.16484740 0.12679160 0.09343661 0.17220969 0.26534860 0.16960072 0.09459038 0.20317441 0.18188873 0.18403702 0.43483730 0.11747672 0.12303250 0.19922621 0.21675458 0.30675712 0.26069881 0.14382027 0.21434861 0.18558167 0.10690098 0.28424709 0.23775027 0.18114783 0.14492239 0.20706853 0.13718491 0.15995186 0.13557848 0.07212199 0.11580767 0.17596653 0.14412697 0.11151709 0.22045397 0.15634392 0.16432138 0.16542972 0.14272962 0.16330111 0.14951816 0.11305196 0.24167515 0.22920260 0.12378592 0.09301769 0.08493684 0.07779173 0.10717684 0.21210475 
0.16953581 0.25971988 0.13693419 0.21873780 0.10426054 0.18898369 0.12764545 0.13014527 0.07284783 0.12111392 0.08536385 0.11006383 0.14856363 0.12838142 0.13638865 0.17434268 0.18016065 0.17592926 0.14018449 0.16674854 0.05813369 0.14887343 0.24304186 0.06416291 0.10860313 0.23317059 0.15264117 0.09598796 0.12831214 0.12992753 0.20485315 0.05330405 0.28600507 0.23927225 0.00000000 0.16013386 0.30185119 0.45121492 0.12428213 0.50428613 0.29326225 0.26334030 0.13652660 0.14376276 0.11726091 0.12549844 0.14920698 0.16081093 0.09951365 0.10771501 0.11391038 0.17664206 0.11710128 0.17166605 0.15995420 0.12838908 0.13670171 0.13120567 0.15589152 0.20499899 0.42280223 0.16547081 0.48447326 0.22343434 0.14925327 0.09570869 0.16443313 0.13437866 0.06759684 0.19113100 0.19394378 0.15633782 0.08358202 0.21421645 0.16206665 0.15516233 0.23110257 0.23504583 0.15926626 0.20483597 0.11960919 0.16401458 0.14292495 0.09780151 0.03674471 0.06967799 0.07387932 0.27837008 
0.14830157 0.10875017 0.15031363 0.26467056 0.20861533 0.10356033 0.17743485 0.19068055 0.18901313 0.22192551 0.10081776 0.17220175 0.12659872 0.15496070 0.13519959 0.13723039 0.17638246 0.18958095 0.28239192 0.10563639 0.17253863 0.19698760 0.16402079 0.16457551 0.09892728 0.12652542 0.12189392 0.16242505 0.15190311 0.07831238 0.12675420 0.23259895 0.23232537 0.15973924 0.16013386 0.00000000 0.50054957 0.16029503 0.17445756 0.19985964 0.19730230 0.21856092 0.20452219 0.08651785 0.16676460 0.24250569 0.09531186 0.23586291 0.15003638 0.12572965 0.18813162 0.14656969 0.11800097 0.30488873 0.18732008 0.16962379 0.18526047 0.41938172 0.19150177 0.25152528 0.25044845 0.16811726 0.12301994 0.15137584 0.12668490 0.13609334 0.09725811 0.10448648 0.08357099 0.20599437 0.21880418 0.07835089 0.17764555 0.18237250 0.12726994 0.17436522 0.11742978 0.15466756 0.14599905 0.13503479 0.08126013 0.17997507 0.06726619 0.07270480 0.11528431 0.18298709 0.15469034 0.16121370 
0.13904214 0.21887488 0.23872634 0.12202004 0.14136947 0.17673322 0.08390568 0.19668428 0.09217293 0.14201408 0.07129496 0.14206811 0.11599223 0.13221955 0.18385930 0.14822448 0.10631697 0.19772474 0.13827649 0.14272456 0.10254155 0.19582694 0.17847570 0.16032145 0.13428683 0.20341977 0.16225765 0.04920182 0.17431939 0.13664553 0.21288860 0.13658679 0.19203791 0.24833822 0.30185119 0.50054957 0.00000000 0.71894032 0.28246196 0.24803069 0.22182372 0.16710916 0.13617665 0.17213355 0.09558815 0.18813241 0.07537214 0.13292505 0.12179583 0.09544003 0.16058514 0.11470274 0.17100011 0.14876418 0.20025694 0.18111945 0.14257784 0.18129040 0.25336125 0.18939469 0.15758025 0.06508641 0.11260787 0.05813575 0.24186215 0.15180364 0.12142146 0.11566583 0.13593842 0.16001100 0.23319165 0.12600605 0.19381565 0.19006047 0.13466391 0.07896087 0.21910765 0.14510797 0.17005565 0.18728918 0.02969198 0.15860133 0.16494982 0.14768421 0.14738973 0.03873342 0.13753319 0.21775801 
0.17891960 0.19647652 0.15782706 0.19582437 0.18212037 0.21013158 0.10081228 0.15719438 0.10538887 0.07866542 0.14055716 0.14660844 0.18302323 0.16196944 0.12119317 0.24944968 0.15810336 0.16615477 0.15137615 0.10346777 0.12088321 0.16954918 0.09615268 0.12692521 0.09644410 0.14087281 0.16092025 0.13536124 0.13418593 0.11031879 0.18079633 0.22148760 0.16113515 0.17899021 0.45121492 0.16029503 0.71894032 0.00000000 0.20602950 0.17272663 0.05755360 0.06820371 0.07346868 0.26938025 0.13744253 0.15457895 0.21385378 0.11024190 0.10175364 0.13495510 0.17953306 0.23987883 0.18964748 0.13103332 0.15326270 0.15011012 0.14878894 0.25824762 0.19613381 0.16380677 0.23394477 0.18852319 0.18186382 0.16405758 0.19709389 0.14110442 0.18687929 0.11451786 0.06220767 0.15432460 0.24505923 0.12419224 0.09829085 0.22045681 0.16224747 0.16643681 0.12007341 0.15126569 0.15578267 0.10228464 0.12244244 0.15092258 0.15496025 0.09580952 0.15988958 0.22044619 0.13764803 0.16568285 
0.16243717 0.18480387 0.13737699 0.14590087 0.06754591 0.13661523 0.14617768 0.20429115 0.12084103 0.10713334 0.25706952 0.15640071 0.10420215 0.14729089 0.10882399 0.18350599 0.16635441 0.16590455 0.17381385 0.17421881 0.20431912 0.22238248 0.16552704 0.17175472 0.16544959 0.23608044 0.21568073 0.21562177 0.19374478 0.16624584 0.25202929 0.10996528 0.24250251 0.16484740 0.12428213 0.17445756 0.28246196 0.20602950 0.00000000 0.26612048 0.10850925 0.08977933 0.19667750 0.19243152 0.13512072 0.15789868 0.15362806 0.24384569 0.37185185 0.12863888 0.15990893 0.21250371 0.25204797 0.20149693 0.08758561 0.18907446 0.16548563 0.16978806 0.21050759 0.05776726 0.21077770 0.18963603 0.19915616 0.08300040 0.14905185 0.14413987 0.15782447 0.16012926 0.18353643 0.17061371 0.14787475 0.12708953 0.12992376 0.24158970 0.14847557 0.16765118 0.09378346 0.09626054 0.13597524 0.05250922 0.10540706 0.14457097 0.17013073 0.17947237 0.17313981 0.10781763 0.15164902 0.23515161 
0.17298930 0.15220269 0.15204504 0.14133591 0.12622967 0.19950464 0.17043818 0.10509082 0.20580701 0.13749526 0.17898233 0.14242006 0.10451573 0.17441124 0.08051306 0.15386670 0.06255643 0.04371743 0.12950461 0.09740804 0.07450940 0.21144699 0.10891150 0.21349326 0.20246719 0.13988222 0.16301660 0.13075990 0.14598442 0.10825496 0.16949444 0.16341665 0.49209150 0.12679160 0.50428613 0.19985964 0.24803069 0.17272663 0.26612048 0.00000000 0.24709216 0.24332457 0.13678410 0.23820954 0.18706233 0.09522462 0.07902205 0.28469015 0.09590791 0.11617765 0.15191707 0.13210026 0.13405095 0.17504065 0.14505895 0.15349557 0.16167462 0.11941997 0.17784929 0.31086580 0.20673927 0.17005360 0.46914604 0.08325116 0.17786953 0.11899967 0.16442282 0.10757146 0.11201308 0.11849274 0.16094561 0.10788389 0.16319770 0.18744534 0.21564296 0.14620556 0.11230255 0.20555063 0.16320382 0.22086786 0.13329301 0.15951271 0.15990528 0.13039350 0.09922124 0.18662019 0.15769184 0.19875508 
0.19432179 0.16381165 0.28124172 0.19294384 0.10462347 0.21369153 0.13212883 0.07307641 0.14168606 0.21904039 0.21434122 0.16829933 0.11165012 0.08554131 0.19804239 0.18513434 0.14658918 0.19605393 0.19036370 0.22452784 0.11561680 0.17640838 0.12761613 0.14358238 0.13785556 0.13190761 0.10680835 0.07317292 0.19590239 0.11535052 0.11614679 0.18335411 0.17484519 0.09343661 0.29326225 0.19730230 0.22182372 0.05755360 0.10850925 0.24709216 0.00000000 0.20202395 0.18440826 0.14162100 0.12652794 0.13833544 0.33453729 0.28484016 0.10756996 0.22280928 0.25469735 0.48010811 0.30240990 0.16863730 0.10147667 0.16559325 0.17308638 0.08213062 0.13115637 0.10112383 0.07086168 0.12747712 0.14680038 0.25195108 0.10586253 0.17869610 0.15987399 0.09017017 0.22397907 0.16629625 0.12119783 0.14155455 0.17367765 0.09738629 0.17532610 0.15500160 0.09556955 0.21542364 0.16992310 0.14405437 0.12857950 0.15991627 0.13881189 0.08975064 0.27267558 0.10901922 0.11590282 0.10105891 
