0.00000000 0.03769270 0.02379191 0.03709703 0.01989175 0.02716534 0.03153793 0.01881270 0.03069321 0.04022663 0.01799155 0.02882369 0.02974040 0.02036475 0.02502041 0.03024278 0.00971936 0.02659869 0.04212389 0.05177211 0.03495847 0.02313694 0.02551284 0.01839209 0.02890773 0.02551225 0.02290993 0.01622013 0.04066874 0.02643728 0.03181553 0.02591622 0.02664059 0.03150563 0.01846777 0.03040731 0.03034231 0.02050964 0.03981901 0.02373542 0.02259022 0.02736340 0.02149329 0.03355913 0.02400955 0.01806099 0.02535030 0.02188053 0.01945707 0.03438283 0.04131077 0.01452164 0.03997018 0.02783901 0.04395511 0.03603234 0.03660338 0.02068695 0.02238646 0.02436781 0.03364120 0.02392424 0.02585608 0.01587436 0.02311170 0.02045158 0.02268970 0.02395353 0.02173455 0.02694108 0.02069478 0.02173003 0.03864227 0.03671663 0.03912078 0.04065607 0.02602579 0.03395278 0.03801183 0.03016427 0.04105729 0.02712657 0.01977457 0.03263489 0.03763018 0.01057870 0.02724776 0.02515117 0.02796778 0.02437232 0.02433286 0.03386872 0.03135762 0.05148298 0.03627601 0.03386872 0.03468573 0.03036494 0.02469817 0.01922275 0.01527789 0.03668482 0.02112503 0.02932194 0.01479279 0.02845709 0.02086383 0.04215403 0.03376347 0.01757590 0.03721520 0.02348757 0.01671775 0.03808265 0.04238085 0.04196653 0.03089259 0.03357617 0.05383143 0.05014725 0.05161339 0.04302267 0.03781764 0.03781764 
0.03769270 0.00000000 0.02548982 0.04681403 0.03179867 0.05010985 0.03586194 0.01252441 0.03380540 0.02439710 0.01772397 0.03944892 0.02779394 0.06103019 0.01977068 0.03531094 0.00000000 0.03297593 0.04872799 0.00976883 0.03403716 0.01554211 0.04158277 0.03955070 0.02187150 0.03144494 0.01830826 0.01636642 0.03272209 0.01591635 0.02517076 0.03858561 0.03482975 0.02143195 0.01724885 0.02680448 0.03349856 0.03461668 0.03826183 0.02770851 0.02688747 0.02667376 0.02962292 0.01671045 0.02503889 0.01410550 0.03365017 0.04493382 0.03713273 0.03061932 0.03339988 0.02935886 0.02723457 0.03648770 0.03684071 0.03236544 0.02470632 0.03236053 0.03128002 0.04926033 0.02492605 0.02829070 0.03708805 0.01769580 0.02966380 0.01576044 0.02826710 0.04417504 0.01707577 0.03660231 0.02684532 0.02773641 0.02353378 0.02328564 0.02720836 0.02130477 0.05316430 0.03649601 0.03155497 0.03417642 0.03788051 0.03827749 0.01482946 0.03197444 0.01945922 0.01635844 0.03692671 0.05021584 0.02344296 0.01892595 0.02743911 0.03052050 0.03487014 0.02702789 0.02979337 0.03052050 0.04509223 0.02593548 0.03763939 0.03839650 0.03960057 0.02533478 0.02545806 0.02604027 0.05010822 0.02667125 0.02202199 0.03168369 0.02839126 0.03901667 0.00546593 0.02359766 0.01493718 0.02527398 0.05302074 0.02161892 0.00805178 0.02460291 0.02614453 0.01668121 0.02901201 0.03661063 0.02862412 0.02862412 
0.02379191 0.02548982 0.00000000 0.02160544 0.04752079 0.03171274 0.03372845 0.06389432 0.03385748 0.01502030 0.03375423 0.02089722 0.01850714 0.04340420 0.02910155 0.02988313 0.04974712 0.01362419 0.04367067 0.03010054 0.03790756 0.02942145 0.02221613 0.01912203 0.02883742 0.03932804 0.03942774 0.03135829 0.01754582 0.02839116 0.03911196 0.03553125 0.03013157 0.03673627 0.03044403 0.03637522 0.02706771 0.03174401 0.03064331 0.02457418 0.03172916 0.03495578 0.04810159 0.03094986 0.02550668 0.01400670 0.01769296 0.05634574 0.01950726 0.03659110 0.02820488 0.03433399 0.02407021 0.02684337 0.01709095 0.02660271 0.02016401 0.03326188 0.02630587 0.03162710 0.02466950 0.03495626 0.02012240 0.02889735 0.04242529 0.02467952 0.02198044 0.03470728 0.02562148 0.04135684 0.03009728 0.01379589 0.03302009 0.01617131 0.01581794 0.01682256 0.02805112 0.03617246 0.02575332 0.03861115 0.02900521 0.02563239 0.05055498 0.02121476 0.01903353 0.03044415 0.04430019 0.02667202 0.02408598 0.03722509 0.01274950 0.03261180 0.02597236 0.02627438 0.00682673 0.03261180 0.02841222 0.03991556 0.03402732 0.03350738 0.02714142 0.01076326 0.02341092 0.02821928 0.02808329 0.02814869 0.03420083 0.01813482 0.02715611 0.03118733 0.04183946 0.02256038 0.02565829 0.02100063 0.03748676 0.02386455 0.03013428 0.02826743 0.02849841 0.02542913 0.02625279 0.02859945 0.02805954 0.02805954 
0.03709703 0.04681403 0.02160544 0.00000000 0.03245095 0.05332982 0.03300049 0.01995777 0.03093221 0.03041052 0.01869048 0.03233965 0.04283645 0.02801744 0.05763334 0.02786520 0.00327060 0.03377497 0.02984477 0.02292502 0.03087426 0.01480101 0.04604477 0.02654408 0.05101881 0.04680629 0.01842386 0.01823463 0.04595543 0.02878259 0.04948208 0.03518142 0.04208179 0.02113557 0.02874366 0.03741132 0.03870325 0.02830803 0.04651659 0.02899567 0.03778399 0.02567564 0.03713983 0.01503665 0.01846930 0.02007225 0.01801097 0.02520214 0.02741105 0.03251547 0.02066533 0.02158425 0.01843380 0.02922955 0.03614285 0.04347621 0.03058402 0.01790271 0.02885115 0.04077949 0.02377337 0.02585309 0.02453234 0.01283121 0.02239149 0.01507483 0.02739112 0.02732585 0.01388883 0.03440960 0.02489521 0.02993569 0.02281257 0.02484891 0.02029793 0.03211180 0.03129233 0.05830496 0.02928896 0.04278650 0.05447932 0.03966771 0.01567553 0.03803751 0.03268288 0.01968207 0.01323370 0.02937600 0.02359016 0.03122687 0.01984913 0.02962184 0.03797061 0.03750059 0.01754847 0.02962184 0.03920530 0.02234025 0.03803893 0.02037132 0.02118633 0.02536204 0.02888636 0.04286379 0.02365130 0.02226035 0.01138132 0.03245148 0.03599730 0.02568112 0.01767361 0.03188322 0.01815101 0.02935612 0.03359677 0.02270501 0.01674459 0.02021889 0.03170850 0.02938735 0.03884051 0.03259954 0.04062737 0.04062737 
0.01989175 0.03179867 0.04752079 0.03245095 0.00000000 0.04466894 0.04985768 0.06175848 0.03566887 0.02785285 0.02385512 0.04722867 0.02663022 0.02603042 0.01758914 0.02233427 0.03367265 0.01939704 0.02870571 0.02079387 0.02160514 0.02225825 0.03261403 0.03723263 0.02211235 0.02674568 0.01979457 0.02372518 0.02429057 0.02757551 0.02449354 0.02445343 0.05014761 0.04245668 0.02613540 0.03979980 0.03949769 0.03518175 0.02833459 0.02195034 0.03086719 0.04419297 0.02347525 0.02803710 0.02526350 0.02804079 0.03464195 0.04027686 0.02852496 0.02648275 0.03555567 0.01673953 0.02702711 0.03635655 0.02512329 0.02193396 0.01317860 0.02367661 0.04304509 0.03210644 0.03365451 0.02880598 0.01724464 0.03307825 0.03241451 0.03921633 0.04428944 0.04206633 0.01769519 0.04462487 0.03679682 0.02402909 0.02994006 0.02922727 0.01668099 0.01989685 0.02447667 0.03752376 0.02006609 0.05049824 0.02647394 0.02490847 0.06819647 0.02378836 0.01616466 0.03227756 0.03009169 0.02633656 0.01767798 0.03995136 0.02836936 0.03080567 0.02726557 0.02177630 0.00460202 0.03080567 0.03628375 0.04759288 0.02743360 0.04199959 0.02249851 0.01610683 0.02502503 0.02114650 0.03382575 0.03090769 0.02703361 0.02431336 0.03448745 0.03170999 0.03075672 0.03209634 0.03091185 0.02332699 0.02527727 0.01046434 0.01742163 0.01746567 0.02275731 0.02532785 0.02226689 0.02592094 0.02495837 0.02495837 
0.02716534 0.05010985 0.03171274 0.05332982 0.04466894 0.00000000 0.03890732 0.03206676 0.02720667 0.03164506 0.03422299 0.05077966 0.01556460 0.01890561 0.03603614 0.03616722 0.01272936 0.02982693 0.04069284 0.02842213 0.04579679 0.01729072 0.02696580 0.03722201 0.01754990 0.03370911 0.00654304 0.02290373 0.02795792 0.01727117 0.02985767 0.04218515 0.03145761 0.02137414 0.03636814 0.03659746 0.05339431 0.02645909 0.03081419 0.02099688 0.04368569 0.04083861 0.02670442 0.02524443 0.03806813 0.02095967 0.02945737 0.04611315 0.03264187 0.03011437 0.01961152 0.02998125 0.02278664 0.04973329 0.03725612 0.02118335 0.01696759 0.02962589 0.04089951 0.03997113 0.02653411 0.02107507 0.03122501 0.01736610 0.02748131 0.03323284 0.04559636 0.04205554 0.01611713 0.05053098 0.02915545 0.02347547 0.03183186 0.04279690 0.01864708 0.02453061 0.03084504 0.02740905 0.03715574 0.03699551 0.03376519 0.03296274 0.03564399 0.02877815 0.02466623 0.02815033 0.02795699 0.03659221 0.01742921 0.03674115 0.03265626 0.03011986 0.02275990 0.02417826 0.01185177 0.03011986 0.03821606 0.04026048 0.03840154 0.04715198 0.02581031 0.02043214 0.02746847 0.02921707 0.03490865 0.02400025 0.01714187 0.02367163 0.02869291 0.03097308 0.01884715 0.03018928 0.00989544 0.01724700 0.02406145 0.00718566 0.01375196 0.01089343 0.01917021 0.02024746 0.02332922 0.02857887 0.02575979 0.02575979 
0.03153793 0.03586194 0.03372845 0.03300049 0.04985768 0.03890732 0.00000000 0.04077098 0.02872628 0.02347737 0.02536956 0.03748005 0.03569628 0.02157230 0.03779655 0.03559329 0.01088576 0.02442073 0.03604704 0.03030152 0.02084868 0.01681833 0.03686373 0.02858449 0.02825279 0.02748760 0.02728170 0.02469005 0.02015752 0.03295750 0.01042449 0.02141475 0.04380542 0.01987397 0.02278181 0.03079504 0.03858647 0.02684571 0.04811435 0.02865134 0.03710608 0.03013395 0.01210872 0.02045158 0.01834126 0.05422517 0.03867427 0.03192760 0.04508124 0.02781952 0.02101722 0.02408408 0.01642019 0.03860179 0.01477613 0.03271086 0.01801221 0.02121304 0.04544813 0.03541421 0.04173310 0.02832177 0.02894383 0.03294281 0.05021180 0.03315634 0.04260047 0.03826718 0.03044612 0.03041150 0.03599086 0.02537484 0.05051240 0.03730827 0.02468803 0.02359832 0.03875658 0.02298408 0.01548316 0.04616542 0.03417322 0.03461836 0.04273684 0.01884862 0.03548868 0.03272940 0.02638662 0.03059644 0.02146942 0.04544051 0.02226849 0.02954108 0.02170662 0.02552491 0.01088313 0.02954108 0.03113169 0.02940365 0.03114428 0.02557989 0.02711479 0.02375006 0.02601281 0.03052617 0.01996782 0.03541588 0.03520899 0.01656629 0.02432603 0.03866737 0.02663318 0.02802777 0.04175486 0.02475307 0.02218029 0.01515245 0.02051403 0.01744349 0.02690994 0.02597266 0.02250379 0.02753538 0.02534837 0.02534837 
0.01881270 0.01252441 0.06389432 0.01995777 0.06175848 0.03206676 0.04077098 0.00000000 0.04529487 0.02534521 0.04572932 0.03032198 0.03141234 0.03540487 0.03081873 0.01835928 0.04191359 0.01680363 0.01861356 0.02189373 0.02793063 0.02530550 0.02202158 0.02463659 0.02184542 0.02864555 0.03340031 0.03002105 0.02165322 0.02518449 0.02667639 0.02713241 0.04337223 0.02908138 0.04029009 0.03901143 0.02444001 0.03687526 0.02551187 0.01646025 0.03319369 0.03128339 0.03776870 0.02271519 0.02446185 0.01736470 0.03369458 0.04220503 0.01219183 0.03303188 0.02406673 0.02623908 0.02746013 0.04354994 0.02927617 0.03101807 0.01778246 0.03320483 0.03908968 0.02720457 0.02172903 0.03373190 0.01788599 0.02867960 0.03531842 0.04113163 0.03303320 0.03322444 0.03581779 0.04394192 0.03463341 0.02229765 0.03872453 0.02770680 0.01832950 0.01522445 0.02405424 0.03233626 0.01641249 0.03672827 0.02382416 0.01724626 0.05775035 0.02000872 0.02497701 0.04741235 0.03521346 0.02830664 0.02199347 0.04407688 0.03494997 0.03152054 0.02896488 0.02205904 0.01926208 0.03152054 0.03504101 0.04079007 0.02099136 0.03275740 0.01824662 0.01841480 0.02631374 0.02996126 0.02814183 0.02421432 0.02790494 0.01681300 0.02899516 0.02911790 0.04045752 0.03385073 0.03992956 0.01262455 0.03174877 0.01613449 0.02182836 0.02752828 0.03214914 0.03335910 0.02241379 0.02559911 0.02514873 0.02514873 
0.03069321 0.03380540 0.03385748 0.03093221 0.03566887 0.02720667 0.02872628 0.04529487 0.00000000 0.03254075 0.04219503 0.03676213 0.02954943 0.02826331 0.02650242 0.01918096 0.02593085 0.03085018 0.02335021 0.02710170 0.02837112 0.03775357 0.03369406 0.03174145 0.02397030 0.03035485 0.03038939 0.04454662 0.04682069 0.02979513 0.03598131 0.02067099 0.03384094 0.04116650 0.03162038 0.01884310 0.00889627 0.03016206 0.02728720 0.03244684 0.03524488 0.03562891 0.03633950 0.02383797 0.03097028 0.02276268 0.03479785 0.03485615 0.02846546 0.02196601 0.02980453 0.02314553 0.02774722 0.02504573 0.02693017 0.02979585 0.03066915 0.03069006 0.03157030 0.02891739 0.02859832 0.03749139 0.02168789 0.03077860 0.03184402 0.03108194 0.02741396 0.02054736 0.02105199 0.02873830 0.03922274 0.05277241 0.03938113 0.01912860 0.03603791 0.02485547 0.02463377 0.03239909 0.02532210 0.02893727 0.03011372 0.02224768 0.03216051 0.02902787 0.02557638 0.02894537 0.02810116 0.03630271 0.01596321 0.03840058 0.03215577 0.02636088 0.02889477 0.03653108 0.03423181 0.02636088 0.02895036 0.03929851 0.02739101 0.01716991 0.02401902 0.02559064 0.02852271 0.03120347 0.02715417 0.03006028 0.01606395 0.02532196 0.03628059 0.02928312 0.04113425 0.01940967 0.02555152 0.02955399 0.03506791 0.03329801 0.02751582 0.02573991 0.02749408 0.03172227 0.03668086 0.03293367 0.03546825 0.03546825 
0.04022663 0.02439710 0.01502030 0.03041052 0.02785285 0.03164506 0.02347737 0.02534521 0.03254075 0.00000000 0.02545277 0.04213856 0.02110917 0.01894946 0.03295571 0.02607569 0.04254014 0.02560235 0.02919566 0.02906012 0.02321280 0.03636439 0.01888355 0.01863024 0.02086428 0.03425131 0.03363526 0.02354682 0.02039437 0.02454024 0.03131990 0.02897226 0.02779365 0.03319400 0.03162212 0.02383015 0.02634702 0.02720155 0.02185663 0.04733867 0.04853772 0.02860773 0.03504204 0.03366006 0.03031560 0.02933351 0.02609744 0.03606711 0.01663196 0.03882884 0.02463343 0.03002073 0.03457645 0.03127644 0.03135923 0.03107130 0.03961402 0.02879580 0.03328659 0.01602819 0.02767846 0.02329019 0.02477492 0.02121648 0.01297146 0.02724278 0.03236533 0.02607296 0.02811230 0.02952078 0.02187132 0.03709980 0.02755429 0.01944044 0.03775812 0.02951552 0.01889430 0.02262643 0.02842775 0.01765986 0.02209265 0.03780426 0.02018266 0.04128079 0.04161071 0.02415427 0.03441717 0.01761436 0.03757216 0.02945396 0.03857485 0.02692355 0.04136988 0.02520027 0.04438648 0.02692355 0.02078921 0.03447374 0.04653431 0.03460111 0.04497089 0.03502184 0.04438416 0.02574181 0.03966155 0.02432899 0.02000152 0.03042889 0.02939273 0.03187624 0.02487529 0.03130057 0.04158759 0.03503004 0.03631502 0.02399449 0.04610378 0.03379966 0.02988357 0.03314205 0.03844150 0.03390160 0.03644407 0.03644407 
0.01799155 0.01772397 0.03375423 0.01869048 0.02385512 0.03422299 0.02536956 0.04572932 0.04219503 0.02545277 0.00000000 0.01731964 0.02586257 0.03220114 0.03296615 0.03459177 0.03503495 0.01594230 0.02308953 0.02314036 0.02852491 0.03215785 0.02234164 0.03375240 0.02438286 0.03958933 0.04207076 0.03594385 0.03497325 0.03927477 0.03993063 0.04526020 0.00815200 0.02567589 0.04263638 0.02790464 0.04636093 0.01660106 0.03808851 0.03265053 0.03569177 0.03977272 0.02693005 0.02829277 0.03122214 0.01988902 0.04003911 0.02908684 0.01799407 0.02382200 0.04085584 0.03387606 0.01767637 0.02996700 0.02998839 0.02768831 0.01993450 0.04530908 0.02103919 0.01432845 0.02846735 0.03870262 0.04077978 0.03074191 0.03644245 0.02082974 0.02011637 0.01966264 0.03111305 0.02731842 0.02602830 0.02420896 0.03401545 0.03708906 0.03419409 0.02164881 0.03135901 0.00852263 0.04054852 0.01314044 0.02018229 0.03095879 0.02973137 0.01200282 0.05145989 0.05531727 0.03570952 0.04963350 0.04510502 0.04089957 0.02766827 0.02677045 0.02707043 0.03200230 0.03649920 0.02677045 0.02176421 0.01341428 0.02117562 0.03202143 0.04118960 0.04070401 0.03368435 0.03337029 0.02981666 0.03018542 0.02528730 0.02821001 0.02611308 0.03136855 0.03913929 0.03106855 0.04779631 0.02418295 0.02057214 0.02505787 0.04441133 0.03293618 0.02437002 0.02579984 0.01948209 0.02731921 0.02182899 0.02182899 
0.02882369 0.03944892 0.02089722 0.03233965 0.04722867 0.05077966 0.03748005 0.03032198 0.03676213 0.04213856 0.01731964 0.00000000 0.03078159 0.03106929 0.01304221 0.02723340 0.02470190 0.02832858 0.02667252 0.03571233 0.04772749 0.03927287 0.03751806 0.00928928 0.02168442 0.02433553 0.02305081 0.03572702 0.01766791 0.02054083 0.02555948 0.02156631 0.03225626 0.02315795 0.03459996 0.02112271 0.04037576 0.02465507 0.03757306 0.05325634 0.03839779 0.04875524 0.04078068 0.01886323 0.03094318 0.01461928 0.02394087 0.02512393 0.02905094 0.04351333 0.01336913 0.02430720 0.04251301 0.02743263 0.03628798 0.01531778 0.03109726 0.03227371 0.03352186 0.02297828 0.01919817 0.04981572 0.02043048 0.02083755 0.02570039 0.01585671 0.04039480 0.04750198 0.01498150 0.04496953 0.04550018 0.03167196 0.03228027 0.02336163 0.03254791 0.02646152 0.03279276 0.03606600 0.01953532 0.04120337 0.03898257 0.03553300 0.03948337 0.03488515 0.00588773 0.02703907 0.03966909 0.02852561 0.01460305 0.02499089 0.02255298 0.02843321 0.02809578 0.02247277 0.01198942 0.02843321 0.01973015 0.05253608 0.03904476 0.02680394 0.04144388 0.02499824 0.03529855 0.03629203 0.04266623 0.02087968 0.01268205 0.03906699 0.03510516 0.03524658 0.01734542 0.03234049 0.02151759 0.02738754 0.03320993 0.03155093 0.02408688 0.01185846 0.02305070 0.01746476 0.02275421 0.02806906 0.02530006 0.02530006 
0.02974040 0.02779394 0.01850714 0.04283645 0.02663022 0.01556460 0.03569628 0.03141234 0.02954943 0.02110917 0.02586257 0.03078159 0.00000000 0.01663133 0.03350013 0.04772479 0.04263528 0.02958830 0.02072763 0.04703057 0.01822245 0.03781813 0.03050470 0.03866682 0.04606936 0.03744111 0.01534934 0.02662972 0.04027160 0.05008177 0.03478023 0.02611332 0.02949101 0.02320307 0.04720506 0.03202728 0.03061808 0.03038783 0.03453898 0.02615895 0.04268061 0.02922227 0.02469984 0.01812719 0.02399905 0.02937594 0.04804834 0.02081373 0.03447256 0.02891830 0.02909562 0.03300911 0.02889456 0.02536559 0.01944968 0.04504730 0.03506010 0.02563990 0.02523670 0.03331560 0.02990571 0.04428136 0.03050584 0.05098092 0.02947673 0.03672345 0.02514409 0.03524893 0.03532288 0.01566245 0.02372538 0.02940186 0.02381993 0.04164421 0.03113817 0.02664935 0.04183640 0.04094049 0.03039073 0.03066534 0.03003042 0.03565109 0.02843188 0.03598081 0.04109638 0.02469383 0.03560390 0.01279509 0.02729792 0.02751804 0.02716762 0.02683542 0.01689843 0.02790245 0.01797292 0.02683542 0.03238624 0.02062534 0.02416745 0.00504678 0.02582531 0.03679805 0.02797184 0.02003471 0.02742437 0.03450174 0.03233190 0.02994602 0.02860750 0.02964039 0.01993533 0.03189377 0.01935702 0.03453591 0.02537803 0.02979930 0.02771384 0.02099429 0.02583346 0.02551505 0.03233477 0.02752111 0.03548513 0.03548513 
0.02036475 0.06103019 0.04340420 0.02801744 0.02603042 0.01890561 0.02157230 0.03540487 0.02826331 0.01894946 0.03220114 0.03106929 0.01663133 0.00000000 0.02259740 0.02456059 0.03679703 0.02564296 0.03712034 0.03081435 0.06202251 0.02334376 0.04725644 0.01988829 0.03013042 0.03965856 0.03112783 0.02017850 0.02303584 0.01773775 0.02168413 0.04212380 0.02642251 0.03387716 0.02897041 0.04249412 0.02218965 0.04861757 0.02104000 0.03485533 0.01339030 0.02811195 0.03010729 0.03735321 0.03927026 0.01372157 0.02071591 0.03965870 0.01444467 0.04329781 0.03984977 0.03142857 0.01997036 0.03031779 0.03283531 0.03239424 0.02330580 0.04189738 0.03342915 0.03920299 0.03049273 0.03007317 0.04727604 0.02495923 0.03556942 0.04218563 0.02914844 0.03058503 0.03824423 0.03537227 0.03366069 0.01499177 0.03108657 0.02557674 0.02838796 0.02688818 0.02589358 0.01700066 0.04725198 0.02593304 0.02391792 0.04243637 0.02553546 0.03356194 0.02281093 0.04274370 0.02537478 0.03766761 0.01647706 0.04320600 0.03257662 0.02784146 0.01924503 0.02017622 0.02314540 0.02784146 0.03148733 0.01769673 0.02732878 0.04785557 0.02973464 0.00772231 0.02348538 0.03964249 0.03943638 0.01176201 0.03415230 0.02399561 0.01667934 0.03100198 0.03311068 0.01410137 0.02392191 0.02738576 0.03668075 0.03425034 0.03788234 0.03025329 0.03408866 0.02578699 0.02232431 0.02995543 0.02397206 0.02397206 
0.02502041 0.01977068 0.02910155 0.05763334 0.01758914 0.03603614 0.03779655 0.03081873 0.02650242 0.03295571 0.03296615 0.01304221 0.03350013 0.02259740 0.00000000 0.03756198 0.02793071 0.02647078 0.01385978 0.03620239 0.03390805 0.03045155 0.02011589 0.02244988 0.04320773 0.03698493 0.02802932 0.04799728 0.03133328 0.03823758 0.04404879 0.02455021 0.02101245 0.03840172 0.03766591 0.03318820 0.03690483 0.03476208 0.02192850 0.02368365 0.02429209 0.02540103 0.05234755 0.02705135 0.01189791 0.05177151 0.03146095 0.04071444 0.03146367 0.02814234 0.01932674 0.04388896 0.03904627 0.02983416 0.04235603 0.02488717 0.03198146 0.02738252 0.03570620 0.02246184 0.02514828 0.03202867 0.02458608 0.03628012 0.02747994 0.02921348 0.02982542 0.02542648 0.03148720 0.01847207 0.03102542 0.03702257 0.02567684 0.03615398 0.03420347 0.03933883 0.02980798 0.02852344 0.02296878 0.02688638 0.02223482 0.03303617 0.03222750 0.02601875 0.02684584 0.03965280 0.02394612 0.03086193 0.04561793 0.03961530 0.03377792 0.02690468 0.04026142 0.02622597 0.02947566 0.02690468 0.02521372 0.01727755 0.03706163 0.01457651 0.02825206 0.02987383 0.02535416 0.04494192 0.01072309 0.02873483 0.02326591 0.02528861 0.01848229 0.01566444 0.03184924 0.04436351 0.03852699 0.02734157 0.01842682 0.04000172 0.02664738 0.03081547 0.02010160 0.02549014 0.02555351 0.01726322 0.02730237 0.02730237 
0.03024278 0.03531094 0.02988313 0.02786520 0.02233427 0.03616722 0.03559329 0.01835928 0.01918096 0.02607569 0.03459177 0.02723340 0.04772479 0.02456059 0.03756198 0.00000000 0.03604532 0.02532702 0.02938916 0.02131466 0.02921914 0.02342419 0.03446988 0.03726116 0.02008192 0.02741161 0.01555365 0.02115188 0.02276628 0.03025069 0.02430151 0.02885481 0.02839474 0.03376349 0.03259475 0.02020737 0.02951545 0.04786628 0.03941274 0.02497880 0.04950026 0.02709803 0.02891896 0.01926476 0.02635168 0.01386906 0.02490087 0.03892605 0.02881931 0.03210860 0.02920411 0.02949753 0.03535803 0.02405257 0.03570618 0.01788523 0.02150441 0.04289556 0.02296556 0.02154650 0.02527444 0.03370523 0.03379799 0.03508423 0.02770755 0.01935830 0.02835857 0.02167390 0.02883975 0.03636339 0.02467905 0.02354383 0.02772377 0.06469303 0.02796731 0.04962915 0.03565204 0.02941175 0.04181655 0.02872470 0.02529636 0.04663851 0.01225602 0.04708220 0.04551832 0.02560092 0.02560859 0.02598159 0.04987486 0.03035202 0.03679810 0.02685648 0.02605906 0.03600771 0.02201145 0.02685648 0.02566047 0.02995348 0.03392153 0.01882937 0.02299132 0.03675876 0.02302148 0.03138537 0.03476303 0.03056550 0.03233394 0.04406244 0.02779911 0.02338055 0.03917909 0.06191357 0.01797700 0.03091554 0.03159443 0.03083330 0.02023737 0.01961110 0.03257566 0.02928182 0.02709387 0.01826080 0.02691077 0.02691077 
0.00971936 0.00000000 0.04974712 0.00327060 0.03367265 0.01272936 0.01088576 0.04191359 0.02593085 0.04254014 0.03503495 0.02470190 0.04263528 0.03679703 0.02793071 0.03604532 0.00000000 0.01247929 0.02596261 0.04680761 0.02580887 0.05183295 0.01599906 0.01796284 0.02808789 0.04468464 0.03808742 0.04028877 0.03643285 0.03267207 0.02537382 0.04016782 0.00489363 0.04650290 0.07990152 0.03452432 0.01065227 0.02894533 0.01485021 0.02321737 0.04265537 0.02718610 0.03917117 0.04431551 0.03666165 0.03148031 0.03671944 0.02857090 0.02534877 0.02933326 0.03756453 0.05961320 0.04298684 0.01310821 0.02992866 0.02346887 0.04512093 0.03883261 0.01017421 0.01761844 0.03674613 0.04209420 0.01259947 0.03570722 0.01640091 0.02410150 0.01025472 0.02762258 0.02677062 0.02588973 0.02874007 0.03564256 0.03546187 0.01242154 0.02276640 0.02923075 0.01901855 0.01879879 0.03308212 0.01212071 0.01267602 0.02615574 0.04059346 0.03959355 0.02667778 0.03542017 0.04370965 0.00571065 0.04718780 0.01896268 0.02640341 0.02975141 0.03847231 0.01691472 0.02366458 0.02975141 0.00985606 0.04138859 0.02043312 0.03974981 0.04079711 0.02651977 0.03968335 0.02448228 0.03551781 0.02933720 0.04658197 0.02385967 0.02328313 0.02800295 0.02691448 0.03299754 0.04244309 0.03033388 0.02555142 0.03766044 0.04292439 0.03213772 0.02720645 0.03098909 0.01847158 0.02172166 0.02258284 0.02258284 
0.02659869 0.03297593 0.01362419 0.03377497 0.01939704 0.02982693 0.02442073 0.01680363 0.03085018 0.02560235 0.01594230 0.02832858 0.02958830 0.02564296 0.02647078 0.02532702 0.01247929 0.00000000 0.03487858 0.03456631 0.01718027 0.01709511 0.07518952 0.04724615 0.04729370 0.03629363 0.04117209 0.03351796 0.02775033 0.02693928 0.04480396 0.04069092 0.05330243 0.02191455 0.02482554 0.02503282 0.03214540 0.02780203 0.02639857 0.04184907 0.03642464 0.05596776 0.02077449 0.02130535 0.01793671 0.02079197 0.02157021 0.02430156 0.03788845 0.03164448 0.03077340 0.01897919 0.03560622 0.02370762 0.01752316 0.02951179 0.01418868 0.02613924 0.02752071 0.03254002 0.02748054 0.02800954 0.01318342 0.03304956 0.02104335 0.01857537 0.02965776 0.04566419 0.01627413 0.02701800 0.02861577 0.04455528 0.03511319 0.03398459 0.02305658 0.02743008 0.02815881 0.03282707 0.03398558 0.02726477 0.02967597 0.03306434 0.01190452 0.04263609 0.03683844 0.02281694 0.02977067 0.03169398 0.01992051 0.03621060 0.04121645 0.02841496 0.04465721 0.02157914 0.04279459 0.02841496 0.03787413 0.02292724 0.02821821 0.03254621 0.02521155 0.02594195 0.03927998 0.00769074 0.03574096 0.03501548 0.02358943 0.01945568 0.04259057 0.03551254 0.03014420 0.03141307 0.02001873 0.04326226 0.03743074 0.02353725 0.03465382 0.02060332 0.02264560 0.02884988 0.03723489 0.03110071 0.03631990 0.03631990 
0.04212389 0.04872799 0.04367067 0.02984477 0.02870571 0.04069284 0.03604704 0.01861356 0.02335021 0.02919566 0.02308953 0.02667252 0.02072763 0.03712034 0.01385978 0.02938916 0.02596261 0.03487858 0.00000000 0.02960050 0.02214724 0.01797828 0.03343676 0.02543681 0.03558444 0.02339142 0.04890675 0.02440249 0.02958453 0.02028686 0.03454923 0.03248670 0.04138559 0.02170319 0.02986402 0.02229877 0.03781020 0.03087801 0.04256205 0.01878213 0.02763732 0.03452755 0.01254448 0.02478031 0.03826143 0.01681711 0.01260349 0.02793654 0.03719359 0.03223710 0.01949972 0.03012127 0.02369477 0.01322603 0.02884556 0.03760092 0.02631360 0.03055006 0.01783601 0.05094807 0.01727839 0.02277272 0.02634046 0.00216219 0.03076847 0.01778050 0.01780483 0.03478910 0.01617469 0.03376489 0.01572604 0.01504047 0.03087691 0.02386074 0.04135156 0.01770427 0.03401458 0.03130390 0.02908857 0.03558785 0.04553819 0.02306156 0.02830203 0.02586506 0.03901766 0.01761771 0.01939449 0.03595873 0.01788704 0.02161632 0.03562778 0.02998235 0.02555735 0.04827544 0.03656206 0.02998235 0.03447534 0.03931869 0.03226573 0.05404634 0.03974767 0.03567073 0.03895802 0.02383306 0.03164531 0.03931755 0.03210043 0.03144388 0.03330720 0.05441885 0.02919940 0.03208412 0.03256970 0.03085620 0.01144347 0.03110990 0.04003375 0.04030350 0.02898476 0.02835146 0.02822968 0.03550830 0.02998726 0.02998726 
0.05177211 0.00976883 0.03010054 0.02292502 0.02079387 0.02842213 0.03030152 0.02189373 0.02710170 0.02906012 0.02314036 0.03571233 0.04703057 0.03081435 0.03620239 0.02131466 0.04680761 0.03456631 0.02960050 0.00000000 0.04690912 0.02514715 0.02995754 0.02521924 0.03380509 0.02963067 0.03452025 0.02493976 0.02576993 0.02833089 0.01388123 0.03599390 0.01339304 0.03316844 0.04884856 0.04026300 0.02552659 0.02195211 0.01382965 0.01770287 0.02507829 0.03607057 0.01636634 0.03211997 0.01916714 0.03719124 0.02218096 0.01917086 0.03848520 0.03244255 0.05445443 0.05081072 0.03665035 0.02362502 0.03709905 0.02861348 0.04563293 0.03571296 0.01957781 0.02201387 0.03485255 0.03271946 0.03120981 0.03347925 0.04493398 0.04272188 0.01671579 0.02986331 0.03937154 0.01104637 0.02713762 0.04356126 0.06120913 0.02745515 0.01348206 0.05427763 0.01987175 0.01661355 0.03943483 0.01582934 0.01971014 0.01121668 0.03330472 0.01857161 0.04343565 0.02903552 0.02822779 0.00903606 0.01793078 0.03571862 0.02472054 0.02990917 0.02042749 0.02977338 0.03124133 0.02990917 0.01667986 0.01063295 0.02694893 0.02511425 0.03080991 0.02775263 0.03353279 0.01663301 0.02130550 0.01761465 0.03985449 0.02783894 0.02206189 0.03232028 0.03185052 0.03105543 0.03654511 0.04159556 0.03705700 0.04282518 0.03332991 0.03001501 0.04175454 0.03317703 0.03700974 0.02383434 0.02856514 0.02856514 
0.03495847 0.03403716 0.03790756 0.03087426 0.02160514 0.04579679 0.02084868 0.02793063 0.02837112 0.02321280 0.02852491 0.04772749 0.01822245 0.06202251 0.03390805 0.02921914 0.02580887 0.01718027 0.02214724 0.04690912 0.00000000 0.02332452 0.02417492 0.03619941 0.02230339 0.02383304 0.01550144 0.01595526 0.02854285 0.02691781 0.02895813 0.03642805 0.01810389 0.03482136 0.02143734 0.04002730 0.04331494 0.02397884 0.02208979 0.03575082 0.03093258 0.03839650 0.03309825 0.04566648 0.04563940 0.03243530 0.02386696 0.02680262 0.02521575 0.03033760 0.02603566 0.02359110 0.01611891 0.03139206 0.02452063 0.03216740 0.03016297 0.02892058 0.03222719 0.03088509 0.02954560 0.01522607 0.02534017 0.01923703 0.02366233 0.01958251 0.03116735 0.02988267 0.02141061 0.04112280 0.03669767 0.02897657 0.03356047 0.05821208 0.03287143 0.03665252 0.02340076 0.02057670 0.02345840 0.02646080 0.02552448 0.02402159 0.02761393 0.02632350 0.02910151 0.04181262 0.04443153 0.04150829 0.02442588 0.03138137 0.03003030 0.02840883 0.02412986 0.04310825 0.02716983 0.02840883 0.03199378 0.02698226 0.05259501 0.03909647 0.02694594 0.02115426 0.01715885 0.04686567 0.03779832 0.02491401 0.02520471 0.03113088 0.01608243 0.02229470 0.04182351 0.02766204 0.01490955 0.03292387 0.04179552 0.02398474 0.04143327 0.02121670 0.02972569 0.02955559 0.02257646 0.03004947 0.02535754 0.02535754 
0.02313694 0.01554211 0.02942145 0.01480101 0.02225825 0.01729072 0.01681833 0.02530550 0.03775357 0.03636439 0.03215785 0.03927287 0.03781813 0.02334376 0.03045155 0.02342419 0.05183295 0.01709511 0.01797828 0.02514715 0.02332452 0.00000000 0.01794759 0.02323632 0.02284299 0.02290084 0.03795984 0.04973221 0.02038021 0.03534411 0.01893323 0.02472243 0.01499317 0.03436271 0.03232326 0.02346522 0.02225806 0.01848859 0.02100864 0.04352004 0.02131956 0.04257760 0.03798405 0.02316219 0.03315252 0.05182253 0.02422653 0.01991545 0.04756252 0.04353788 0.02758031 0.04384590 0.03990227 0.01612557 0.03978524 0.01941335 0.04453121 0.03068542 0.01811986 0.01861348 0.03466266 0.03897883 0.02110884 0.03799756 0.02897731 0.02387742 0.01835119 0.01947188 0.02471542 0.01731591 0.04031340 0.03402242 0.02451712 0.02643607 0.03892607 0.02339332 0.02816757 0.01945382 0.02334232 0.01891351 0.02030850 0.02733717 0.02469367 0.01935146 0.02494712 0.03596133 0.04256325 0.02008438 0.03737274 0.02832717 0.02120463 0.03311573 0.03567203 0.02823271 0.03177382 0.03311573 0.01504438 0.03955786 0.02798458 0.02300815 0.03962009 0.03607997 0.03882436 0.03954864 0.03455327 0.04437989 0.03178092 0.03352570 0.04888082 0.03258249 0.02113511 0.01971233 0.06002220 0.02604132 0.02075494 0.02811079 0.03385665 0.03298490 0.01857882 0.02277023 0.02923117 0.03011142 0.03129787 0.03129787 
0.02551284 0.04158277 0.02221613 0.04604477 0.03261403 0.02696580 0.03686373 0.02202158 0.03369406 0.01888355 0.02234164 0.03751806 0.03050470 0.04725644 0.02011589 0.03446988 0.01599906 0.07518952 0.03343676 0.02995754 0.02417492 0.01794759 0.00000000 0.02558638 0.03938942 0.02130170 0.02831354 0.02885979 0.04573460 0.01923344 0.02897995 0.02112649 0.05666982 0.02241542 0.02357389 0.03270139 0.02182057 0.02575869 0.03940402 0.01956766 0.01861656 0.02332515 0.01826184 0.03777254 0.01249042 0.02781461 0.02193798 0.02561309 0.03263997 0.02105979 0.01623912 0.01880679 0.02079770 0.02770886 0.04063739 0.02326452 0.01406459 0.01721738 0.02894372 0.05626727 0.02683729 0.01476564 0.03230852 0.02231208 0.01923046 0.02313264 0.02795674 0.03532543 0.02033139 0.02272937 0.03801056 0.03289307 0.04923136 0.03883016 0.02583848 0.02978068 0.03588189 0.02997620 0.02936130 0.04768715 0.04128958 0.02392640 0.03750101 0.05605968 0.05194693 0.02619830 0.02286558 0.02550244 0.01657308 0.04013493 0.02497644 0.02964285 0.04006920 0.02288370 0.01579633 0.02964285 0.02136382 0.03150764 0.01878884 0.02163380 0.02876170 0.02903401 0.03062243 0.02586074 0.03473485 0.02087439 0.01681532 0.02795237 0.07143836 0.03910874 0.02462706 0.02453746 0.00917660 0.03504782 0.05442823 0.03742933 0.01819510 0.02252584 0.02933962 0.03228462 0.02947423 0.03773334 0.02624887 0.02624887 
0.01839209 0.03955070 0.01912203 0.02654408 0.03723263 0.03722201 0.02858449 0.02463659 0.03174145 0.01863024 0.03375240 0.00928928 0.03866682 0.01988829 0.02244988 0.03726116 0.01796284 0.04724615 0.02543681 0.02521924 0.03619941 0.02323632 0.02558638 0.00000000 0.02534455 0.03445124 0.02147035 0.01612939 0.04595818 0.03712588 0.02545519 0.03238927 0.04228427 0.03371409 0.02717830 0.03358748 0.02759235 0.02578979 0.01897493 0.01382401 0.02757374 0.02529798 0.02967588 0.03922068 0.03403049 0.04948818 0.04363673 0.04234820 0.05446922 0.02166257 0.02334822 0.02772763 0.01627215 0.04792776 0.00813073 0.01998783 0.00284464 0.01348722 0.03979618 0.03464617 0.03077256 0.03021134 0.01644977 0.04078985 0.04210290 0.02033696 0.04547249 0.02672662 0.02182335 0.03587313 0.03760433 0.03440730 0.01865086 0.03247956 0.03301753 0.03912233 0.02431344 0.01951332 0.03295642 0.02439156 0.01735109 0.04228888 0.03448273 0.01162922 0.03981879 0.02139277 0.04655636 0.03709832 0.01677337 0.02592852 0.04480555 0.03080422 0.02104010 0.02367531 0.04232545 0.03080422 0.04360348 0.02417629 0.02851820 0.03587737 0.01984700 0.04878086 0.03322226 0.03203250 0.03071851 0.04657621 0.05290266 0.03022094 0.02350766 0.03618084 0.03736046 0.03510790 0.02293930 0.04000639 0.02172658 0.00270380 0.00625293 0.00433393 0.01153421 0.01742486 0.02569281 0.02712846 0.02851250 0.02851250 
0.02890773 0.02187150 0.02883742 0.05101881 0.02211235 0.01754990 0.02825279 0.02184542 0.02397030 0.02086428 0.02438286 0.02168442 0.04606936 0.03013042 0.04320773 0.02008192 0.02808789 0.04729370 0.03558444 0.03380509 0.02230339 0.02284299 0.03938942 0.02534455 0.00000000 0.04910964 0.02808543 0.04142727 0.04148685 0.04845542 0.04376475 0.03887016 0.02892547 0.03513221 0.03234045 0.05925042 0.03199349 0.03433497 0.03108496 0.01199942 0.02708146 0.03218840 0.02871728 0.02493903 0.01547462 0.02995888 0.01103205 0.01868590 0.03130111 0.02149716 0.03340089 0.02706424 0.03351214 0.02025593 0.02267548 0.03609114 0.02572419 0.02299060 0.01680537 0.01894486 0.02651955 0.03533541 0.02114430 0.04731788 0.02386844 0.03152142 0.00888478 0.05095816 0.01798666 0.01476243 0.01650137 0.03064427 0.02387385 0.02894132 0.03219180 0.02605176 0.03576010 0.03563616 0.03211660 0.02844732 0.03356643 0.03337128 0.02876773 0.02927750 0.04292232 0.02922153 0.03266775 0.03061386 0.03448694 0.02926917 0.02706059 0.02829826 0.02162956 0.02572007 0.04853373 0.02829826 0.03370523 0.02790121 0.02483648 0.02950617 0.03649049 0.02505026 0.03312089 0.05162719 0.02174987 0.02764135 0.02372583 0.02772122 0.02579199 0.02184650 0.01994136 0.04986758 0.03577238 0.02522235 0.02581248 0.03569306 0.03833888 0.03619141 0.02288026 0.02464662 0.03032976 0.02478647 0.03329368 0.03329368 
0.02551225 0.03144494 0.03932804 0.04680629 0.02674568 0.03370911 0.02748760 0.02864555 0.03035485 0.03425131 0.03958933 0.02433553 0.03744111 0.03965856 0.03698493 0.02741161 0.04468464 0.03629363 0.02339142 0.02963067 0.02383304 0.02290084 0.02130170 0.03445124 0.04910964 0.00000000 0.02954601 0.04379074 0.04085999 0.04184642 0.06475490 0.07265133 0.03143251 0.04090266 0.05362083 0.03235516 0.00519128 0.04318237 0.01777418 0.02012942 0.02647867 0.03116195 0.03220610 0.03976371 0.02561081 0.01463378 0.02051374 0.03115035 0.01519504 0.03909655 0.04624796 0.03333318 0.03417057 0.02252949 0.02140840 0.02889696 0.01915424 0.02752862 0.01713843 0.02866737 0.01042288 0.02905756 0.02389560 0.04161130 0.00226116 0.01852424 0.03236961 0.02559664 0.01758322 0.03520770 0.02620303 0.00931418 0.02039346 0.01080873 0.02995389 0.03581371 0.02683453 0.05435570 0.06707967 0.02183588 0.02361000 0.02622262 0.01656538 0.03489347 0.04133393 0.02842324 0.02485405 0.02605970 0.02819215 0.02695838 0.01799664 0.02996696 0.01789648 0.02663127 0.01699601 0.02996696 0.02313329 0.02313069 0.03672814 0.04422161 0.04034516 0.01228262 0.04708647 0.02743595 0.01741557 0.01526866 0.02175175 0.01404638 0.01991305 0.02355796 0.01865403 0.01153405 0.01444456 0.03166126 0.03011412 0.02119176 0.02157062 0.02476928 0.02892311 0.03198348 0.04008399 0.03359374 0.04253922 0.04253922 
0.02290993 0.01830826 0.03942774 0.01842386 0.01979457 0.00654304 0.02728170 0.03340031 0.03038939 0.03363526 0.04207076 0.02305081 0.01534934 0.03112783 0.02802932 0.01555365 0.03808742 0.04117209 0.04890675 0.03452025 0.01550144 0.03795984 0.02831354 0.02147035 0.02808543 0.02954601 0.00000000 0.05467858 0.01972009 0.03892505 0.03673975 0.02932433 0.03485454 0.02277185 0.02502078 0.01864298 0.02467256 0.02110763 0.04400296 0.02536239 0.02474817 0.03810053 0.03234746 0.02169542 0.02270415 0.02945373 0.02348398 0.02504648 0.02247830 0.02436719 0.03779687 0.04037779 0.03719456 0.01650080 0.01697274 0.03005737 0.03967942 0.02710533 0.02191819 0.04239433 0.03651110 0.02289040 0.01714101 0.03125420 0.02674782 0.02017466 0.01971915 0.01908331 0.03079899 0.02091793 0.03075169 0.03330459 0.02570184 0.02498042 0.04121237 0.03493257 0.02527471 0.02811144 0.01661064 0.02609365 0.04562228 0.02990300 0.02982885 0.01916806 0.04449882 0.03612221 0.03845254 0.03474786 0.03125515 0.04291822 0.02427040 0.02787439 0.03677313 0.03544539 0.04779388 0.02787439 0.02150625 0.02502593 0.02045396 0.03192403 0.03301898 0.02575953 0.04549962 0.02388931 0.02044474 0.04259747 0.03879695 0.03199360 0.03486925 0.04844140 0.03183002 0.04336362 0.04469719 0.03481564 0.03637187 0.03336261 0.03876498 0.04600076 0.03064483 0.02859965 0.01729765 0.02423544 0.02117255 0.02117255 
0.01622013 0.01636642 0.03135829 0.01823463 0.02372518 0.02290373 0.02469005 0.03002105 0.04454662 0.02354682 0.03594385 0.03572702 0.02662972 0.02017850 0.04799728 0.02115188 0.04028877 0.03351796 0.02440249 0.02493976 0.01595526 0.04973221 0.02885979 0.01612939 0.04142727 0.04379074 0.05467858 0.00000000 0.02606719 0.03948287 0.03209076 0.04456734 0.00700738 0.02831617 0.03704434 0.01926691 0.02378396 0.02704663 0.03532476 0.03498476 0.02924258 0.04934930 0.04703459 0.02457870 0.01479074 0.03857735 0.02046409 0.01324836 0.04510062 0.02357734 0.03395717 0.02991783 0.02399279 0.01899480 0.02323982 0.01215738 0.03536131 0.04137419 0.02908743 0.02959801 0.02966689 0.03686933 0.03167918 0.04284343 0.02373949 0.03617012 0.02538670 0.02914555 0.03027776 0.01254264 0.03364258 0.02754808 0.03139801 0.02125052 0.03466559 0.02664322 0.03391929 0.02123179 0.02988136 0.01867321 0.03508874 0.03518932 0.02419563 0.02151551 0.03575345 0.05844425 0.05019949 0.02504025 0.03413069 0.01687804 0.01471894 0.02945907 0.03077350 0.01558839 0.02951153 0.02945907 0.01462852 0.02866136 0.01732105 0.02906119 0.03863357 0.02119161 0.03072824 0.04277891 0.02890070 0.06280978 0.03818832 0.04129826 0.03432844 0.03889420 0.02224315 0.03959515 0.03013133 0.03083972 0.02344174 0.03520331 0.02917684 0.03904416 0.01499862 0.02081141 0.01584469 0.01916727 0.02040164 0.02040164 
0.04066874 0.03272209 0.01754582 0.04595543 0.02429057 0.02795792 0.02015752 0.02165322 0.04682069 0.02039437 0.03497325 0.01766791 0.04027160 0.02303584 0.03133328 0.02276628 0.03643285 0.02775033 0.02958453 0.02576993 0.02854285 0.02038021 0.04573460 0.04595818 0.04148685 0.04085999 0.01972009 0.02606719 0.00000000 0.03974655 0.03113567 0.03145033 0.03578510 0.03437821 0.02967596 0.01991886 0.02370271 0.03219165 0.01886982 0.02261816 0.01740835 0.01748252 0.02552196 0.04032220 0.04226422 0.03824853 0.04749299 0.01615525 0.02259205 0.02570808 0.03628698 0.03862355 0.02847317 0.02108072 0.02605580 0.02402516 0.03202654 0.02157472 0.01618825 0.03920944 0.03848126 0.03908928 0.02072664 0.04400401 0.03287717 0.03185520 0.02601321 0.03003281 0.01944977 0.02490340 0.03054916 0.04637474 0.02226065 0.02632688 0.03228097 0.03140544 0.01834323 0.04117927 0.03411118 0.02204449 0.02767432 0.02213262 0.02763094 0.03398339 0.04467373 0.01986849 0.02510494 0.04360313 0.03264537 0.03199319 0.03496482 0.02777786 0.02982917 0.02858685 0.03527213 0.02777786 0.04623907 0.02904215 0.01250297 0.02241774 0.02062520 0.03045446 0.04331134 0.02394721 0.03218749 0.02433040 0.03548791 0.03137795 0.02184565 0.02682626 0.03671673 0.03830187 0.02602649 0.02641109 0.01990173 0.03179852 0.02230461 0.03392998 0.03937257 0.03303551 0.03412774 0.03020471 0.02837863 0.02837863 
