0.00000000 0.32822763 0.17594869 0.27077916 0.13907116 0.14398786 0.13964698 0.14387962 0.17821345 0.17184945 0.08140904 0.13022569 0.14226648 0.12135968 0.14223474 0.10349024 0.06896416 0.11970882 0.06776784 0.12894736 0.13285939 0.16786928 0.14659944 0.10324296 0.11478883 0.08220209 0.12305338 0.07129249 0.16928657 0.13331400 0.18468928 0.08007979 0.13037008 0.11004602 0.03803501 0.06352173 0.15335600 0.12401835 0.12791785 0.11912706 0.10351528 0.12895313 0.12289373 0.13828584 0.13450006 0.07155163 0.14878148 0.08219416 0.10598762 0.12464358 0.08655256 0.09840589 0.11768505 0.12507988 0.12487425 0.24023757 0.13695452 0.11751737 0.06148949 0.16257710 0.13252816 0.13066814 0.09231359 0.12235312 0.12487915 0.10193085 0.11662946 0.13989225 0.07576495 0.12469474 0.12802527 0.11975374 0.18461670 0.09699351 0.17244747 0.12701183 0.00000000 0.15910582 0.10963766 0.13487327 0.16116124 0.10745085 0.11216562 0.10838796 0.15702446 0.09170025 0.17919871 0.14781867 0.14773904 0.14157781 0.12118794 0.08192216 0.18259698 0.12308486 0.17011321 0.10162240 0.15443929 0.11251380 0.11813718 0.12690296 0.14305308 0.19984984 0.20409475 0.10327511 0.08287960 0.08091164 0.06846367 0.15291060 0.20873880 0.09888190 0.12225785 0.09776800 0.14320569 0.11018109 0.13773765 0.07735375 0.15108252 0.17167691 0.15566247 0.14767378 0.17025399 0.16126826 0.15820269 0.12194388 
0.32822763 0.00000000 0.23844997 0.22043892 0.19575100 0.25683746 0.17301537 0.15012068 0.20686903 0.21911485 0.07738048 0.12460614 0.14846199 0.06075838 0.14910886 0.10080297 0.05791445 0.14599631 0.15510024 0.13276930 0.11098830 0.12388532 0.16384793 0.10201924 0.10561274 0.11640717 0.06701068 0.10216311 0.14381253 0.17296719 0.11381973 0.07048768 0.11771698 0.10071594 0.04325887 0.06676778 0.13239074 0.08992662 0.16409586 0.17713520 0.10486836 0.14698759 0.12148335 0.13276448 0.08473993 0.06496681 0.09159769 0.11599944 0.07090859 0.11526031 0.09918150 0.14443853 0.19681832 0.08782381 0.21001921 0.18142804 0.12467726 0.10490075 0.04385973 0.08484814 0.06890187 0.12935041 0.08379451 0.15193247 0.08451745 0.14923658 0.07964089 0.12730452 0.13844850 0.09618443 0.12757836 0.14649381 0.15817098 0.13535836 0.14607728 0.13301851 0.05181122 0.17791672 0.14498717 0.19095682 0.12445329 0.15189831 0.12509062 0.10104350 0.17241919 0.14688014 0.13709536 0.18397756 0.10528201 0.11378459 0.09322465 0.12019393 0.12659731 0.15789485 0.13856918 0.10850883 0.16502581 0.07800429 0.12564807 0.10103363 0.18631834 0.09624338 0.15237698 0.09855392 0.12752377 0.07343414 0.08915110 0.13062228 0.17340194 0.13359947 0.13127711 0.11361622 0.14967853 0.16439441 0.12245730 0.12298157 0.13892048 0.13255535 0.15091917 0.15816991 0.15592064 0.14469946 0.13513417 0.11462743 
0.17594869 0.23844997 0.00000000 0.28284355 0.28940033 0.18844198 0.20138643 0.17825720 0.18139260 0.13296819 0.19268334 0.09451706 0.11096498 0.14078977 0.14003198 0.10947039 0.09714458 0.17390943 0.09269219 0.08353620 0.14288629 0.16089528 0.09662307 0.11246967 0.13749943 0.21725970 0.12719212 0.11721578 0.14027266 0.12776237 0.16442059 0.09340020 0.09566230 0.10095373 0.09353144 0.13059425 0.13357932 0.12176732 0.16145267 0.11258614 0.12353773 0.13740059 0.14960902 0.10074004 0.15944281 0.07498833 0.07996395 0.11988192 0.10035255 0.10748339 0.11890808 0.07563715 0.08600664 0.15020409 0.16747383 0.08762612 0.16723899 0.13814466 0.05176655 0.09002755 0.14785364 0.13791470 0.18067433 0.13026456 0.16193382 0.12868977 0.12958445 0.10067213 0.06888763 0.05020254 0.14956069 0.15113435 0.14313792 0.11319454 0.09592195 0.13986284 0.10906755 0.08124092 0.12690641 0.15454516 0.10100611 0.10313775 0.17280363 0.09956284 0.09475016 0.09457470 0.11870131 0.09028805 0.19433422 0.14477592 0.07405475 0.15019343 0.12587494 0.12292143 0.15917855 0.15151981 0.11267732 0.09421269 0.14168986 0.08408280 0.13654854 0.14708615 0.16073483 0.15697925 0.15374581 0.12856318 0.12330382 0.03364736 0.12210928 0.15077463 0.17559618 0.12548941 0.11836814 0.16797920 0.08945392 0.12711404 0.13490715 0.11876804 0.12827378 0.15468167 0.10631936 0.11209370 0.12236110 0.11715465 
0.27077916 0.22043892 0.28284355 0.00000000 0.23120250 0.25377293 0.26490288 0.15391199 0.26629154 0.19101411 0.15236318 0.19689584 0.14421378 0.08205617 0.14270262 0.08657516 0.15736414 0.17960166 0.14309330 0.21072300 0.13851243 0.09444391 0.10791991 0.14597704 0.15416362 0.12513594 0.17723477 0.11108349 0.16722016 0.10213696 0.11698660 0.05067685 0.11494243 0.17058893 0.06256161 0.08001294 0.15211974 0.05347417 0.15154652 0.14633352 0.11384346 0.12541061 0.08962717 0.10160478 0.14231613 0.08909790 0.07432168 0.05872944 0.12885085 0.09312415 0.08449787 0.14373766 0.13800366 0.06628835 0.14432165 0.12037119 0.14445961 0.09858002 0.05773063 0.06880051 0.13226425 0.11025334 0.07339008 0.13137613 0.08034372 0.08527208 0.08431218 0.14297296 0.15679138 0.06311938 0.12714026 0.16211607 0.19733224 0.05411679 0.12339897 0.13575906 0.04049926 0.19611619 0.09365658 0.14074515 0.13024806 0.09804991 0.13458519 0.14921937 0.16217762 0.07869881 0.15283238 0.09384475 0.11008340 0.14905735 0.09163138 0.09815547 0.12603562 0.15241892 0.15701020 0.13473362 0.15080841 0.13440662 0.11700415 0.13750116 0.11608650 0.15677286 0.09171138 0.11306983 0.16386105 0.15025065 0.10892916 0.18582287 0.20229632 0.14017662 0.08410818 0.16735846 0.10416531 0.12618137 0.12844191 0.10032274 0.06863190 0.12581263 0.15507800 0.12952262 0.15525936 0.11377588 0.15566285 0.11539995 
0.13907116 0.19575100 0.28940033 0.23120250 0.00000000 0.25444407 0.24916997 0.25658304 0.12415643 0.16319388 0.16662420 0.16219709 0.12645825 0.24031087 0.11146407 0.10898529 0.10758616 0.10634026 0.13881741 0.14146959 0.05519019 0.10413056 0.11195201 0.21317031 0.09501191 0.12042820 0.11778979 0.15481393 0.07347454 0.12971202 0.12389598 0.10435304 0.13651607 0.13083930 0.11595393 0.14914658 0.12128398 0.11005122 0.12126851 0.09386607 0.13394334 0.09860528 0.15931744 0.05400761 0.09629899 0.15590633 0.06171615 0.07905861 0.09369350 0.12580070 0.10160719 0.12044532 0.14249547 0.11701010 0.14032816 0.08614301 0.14087485 0.10962728 0.11089891 0.06928485 0.11706689 0.09766623 0.12952662 0.11269599 0.12460741 0.17003493 0.11679482 0.14111327 0.11423047 0.09071242 0.09017588 0.13853442 0.11081760 0.05642095 0.12853489 0.12432809 0.16147094 0.14375586 0.16336172 0.13077910 0.12813501 0.11740293 0.09195697 0.16392656 0.10323028 0.10662178 0.16139415 0.09295460 0.07001868 0.13674703 0.12992647 0.10340121 0.10345865 0.11101441 0.13984740 0.17365845 0.14439239 0.16878568 0.11786398 0.13794631 0.13975702 0.14119532 0.19444486 0.12108059 0.18331031 0.15832859 0.23696181 0.07111883 0.12496652 0.12341160 0.12121666 0.08941383 0.09033065 0.16704730 0.07993632 0.10733594 0.11113303 0.11876681 0.13210892 0.13819008 0.12899790 0.10033936 0.11952228 0.12242128 
0.14398786 0.25683746 0.18844198 0.25377293 0.25444407 0.00000000 0.23410130 0.18889856 0.19233008 0.22656120 0.13859706 0.15436251 0.15349096 0.08105517 0.12970082 0.12110798 0.14872461 0.18540526 0.11113901 0.18554365 0.14687125 0.08067244 0.14417847 0.13583220 0.09371100 0.17016016 0.16089284 0.11353174 0.17534351 0.15351992 0.10647982 0.21314804 0.19954149 0.09834954 0.09970969 0.09986923 0.12260493 0.07212306 0.14052082 0.08936615 0.06475797 0.18790793 0.13248725 0.04649592 0.11008194 0.13084904 0.17473268 0.10279767 0.11330482 0.11039711 0.08273924 0.12042210 0.13788245 0.09926912 0.12223692 0.21352116 0.09701064 0.12871897 0.08377514 0.11516192 0.12185502 0.09511754 0.09132696 0.11237564 0.15379956 0.10590690 0.14602228 0.10662842 0.09855512 0.11062111 0.18708475 0.16122242 0.12782982 0.15531427 0.18125320 0.11748539 0.12303131 0.14362777 0.09285986 0.17836010 0.19627611 0.12778613 0.09974106 0.15042266 0.11764242 0.07585357 0.07560977 0.16865465 0.15110095 0.09856456 0.12925665 0.11416746 0.11369695 0.14684333 0.16090001 0.13216618 0.11592518 0.17693296 0.14972886 0.09337877 0.14089138 0.19896935 0.12788074 0.08715447 0.09906626 0.08577097 0.07781830 0.10919670 0.08676455 0.12730599 0.17542805 0.10986633 0.06419349 0.07468046 0.11613726 0.11718742 0.07708208 0.10255071 0.12944021 0.12496839 0.13224467 0.10778801 0.13096068 0.11098827 
0.13964698 0.17301537 0.20138643 0.26490288 0.24916997 0.23410130 0.00000000 0.39329841 0.20908306 0.24631491 0.18901341 0.21727528 0.18830136 0.11183125 0.09759028 0.14885458 0.10377139 0.14149735 0.12340756 0.12359579 0.08546250 0.18504848 0.15956437 0.18433028 0.08912612 0.15027812 0.08948917 0.10727098 0.08996464 0.16629918 0.13635254 0.10442673 0.08909962 0.11145453 0.12835809 0.15656238 0.13477878 0.17638589 0.13325379 0.10236302 0.18676884 0.16599863 0.07848806 0.11417677 0.14250287 0.14621013 0.04505426 0.08701458 0.11621971 0.13897956 0.07779453 0.10832423 0.04475646 0.15287316 0.13648681 0.10350143 0.08233337 0.17160396 0.12969166 0.10768932 0.11536332 0.08076937 0.07515971 0.11741983 0.16707511 0.08701018 0.07742247 0.14617330 0.13063517 0.08389895 0.09333433 0.11674735 0.08572607 0.16784078 0.13083164 0.15803514 0.12050216 0.13447823 0.09642055 0.14181703 0.10400530 0.06512114 0.09505188 0.06251586 0.12796342 0.12968175 0.06046989 0.10849247 0.09861525 0.10655102 0.18986816 0.10717972 0.13295364 0.14746723 0.10114339 0.16421093 0.11420245 0.07498436 0.12964035 0.10235630 0.08337925 0.08614912 0.13112217 0.10912640 0.18778145 0.07751929 0.27268322 0.10859564 0.14867779 0.18031690 0.19612636 0.11273615 0.10848236 0.15839007 0.10583112 0.12181018 0.11155439 0.11383676 0.13528979 0.12521760 0.12016716 0.09985686 0.12696037 0.11343873 
0.14387962 0.15012068 0.17825720 0.15391199 0.25658304 0.18889856 0.39329841 0.00000000 0.24266307 0.25817198 0.22513126 0.14844063 0.07648206 0.19768201 0.12735042 0.08038036 0.14600007 0.15615821 0.08533942 0.16082972 0.12115467 0.11707809 0.24699747 0.12732625 0.15537326 0.09154551 0.11620632 0.13332975 0.11573917 0.13341618 0.23595269 0.12381772 0.19030268 0.12564280 0.13004762 0.10563572 0.16079844 0.09163550 0.13885792 0.12553145 0.16583963 0.15371090 0.12962882 0.12366851 0.11952841 0.11787032 0.08398760 0.06556545 0.13825252 0.10973292 0.11558549 0.16608969 0.09292448 0.15827340 0.12119623 0.07736429 0.06411970 0.09922519 0.17498196 0.07864384 0.11992584 0.08160538 0.10061963 0.11512072 0.07908396 0.12986825 0.08794123 0.13253913 0.08828164 0.12047621 0.13146719 0.22630613 0.09677510 0.09579012 0.15635582 0.07523447 0.11078385 0.16074277 0.07294112 0.13991517 0.12339493 0.17845401 0.16221274 0.11211355 0.08235280 0.11866958 0.04470064 0.17379413 0.10719209 0.14692089 0.17190847 0.11782776 0.10475578 0.14875582 0.13738338 0.13129301 0.12929018 0.12667044 0.06568726 0.09047858 0.08205833 0.14400089 0.18146549 0.04494537 0.12921565 0.10103694 0.15095644 0.14764424 0.15904446 0.12313599 0.04945448 0.07222412 0.05789749 0.10810106 0.10336411 0.09285120 0.08790761 0.16602193 0.14825393 0.17065228 0.15027773 0.11139515 0.12272609 0.11607438 
0.17821345 0.20686903 0.18139260 0.26629154 0.12415643 0.19233008 0.20908306 0.24266307 0.00000000 0.28805068 0.15829649 0.17601217 0.10833352 0.06226083 0.14400628 0.14708306 0.11520784 0.12484436 0.11078907 0.13347267 0.14786530 0.14265409 0.12224712 0.09681074 0.16143811 0.11956173 0.11679945 0.12518862 0.13838361 0.13590145 0.17314259 0.12545819 0.12523277 0.11706910 0.09676669 0.04236097 0.23545440 0.12683484 0.13521041 0.11444745 0.11112817 0.12840561 0.09828859 0.14175209 0.09891798 0.06744568 0.12337536 0.20738347 0.04428240 0.15303176 0.15527778 0.12689883 0.10624816 0.17234077 0.16909954 0.12492195 0.14795218 0.14206671 0.11694811 0.12385799 0.13210157 0.17372157 0.08482698 0.15580247 0.10484880 0.12126635 0.16076426 0.14155937 0.09729782 0.08825846 0.18573550 0.11484649 0.16135353 0.14682183 0.15291638 0.19441436 0.04718338 0.14427746 0.08586782 0.16277439 0.11234155 0.07733696 0.07762588 0.14382217 0.11287320 0.17160071 0.06117955 0.19911659 0.12607185 0.08938732 0.08430977 0.06978782 0.22224067 0.11213926 0.12431699 0.08563796 0.14991816 0.07686674 0.07380132 0.07271838 0.13378260 0.12926528 0.11162384 0.10359136 0.10687902 0.12511518 0.08238861 0.21065545 0.22128870 0.11448414 0.14300522 0.14252319 0.13224430 0.07038787 0.12344430 0.09237124 0.09612955 0.10697973 0.14778256 0.13694424 0.13102900 0.13289449 0.14515359 0.11442257 
0.17184945 0.21911485 0.13296819 0.19101411 0.16319388 0.22656120 0.24631491 0.25817198 0.28805068 0.00000000 0.26043544 0.16918104 0.19817298 0.13019614 0.13599549 0.08605729 0.07177129 0.14960141 0.13943610 0.10766813 0.11172683 0.13150490 0.19224739 0.12097691 0.11278825 0.10756224 0.18447619 0.08197972 0.16328556 0.11310115 0.15871274 0.08100073 0.09345581 0.14214661 0.13704293 0.07225824 0.06138458 0.11128121 0.14574265 0.05098963 0.11394602 0.16288225 0.19674502 0.15962496 0.17623100 0.10646485 0.10542293 0.12876122 0.08210492 0.12143375 0.09488374 0.09694998 0.16878841 0.10688468 0.11352862 0.21685932 0.10319933 0.17929672 0.14538949 0.11735493 0.17587000 0.09860061 0.11696973 0.13978672 0.11417771 0.16780505 0.15302407 0.09566881 0.12057798 0.08518649 0.12396584 0.12746462 0.14555900 0.13373093 0.09475189 0.14285389 0.13904588 0.09959012 0.12521804 0.16636274 0.17837977 0.06341373 0.10431473 0.08827331 0.16637910 0.08552798 0.06814011 0.08958290 0.16768216 0.09225815 0.10637783 0.14191093 0.20989203 0.11397913 0.15689349 0.09257739 0.15827164 0.08444847 0.09734083 0.17888431 0.16199567 0.08660777 0.16702092 0.12065710 0.09959597 0.12323442 0.08888880 0.07973700 0.19974805 0.13494164 0.12479214 0.13460795 0.14762330 0.03960572 0.13982573 0.08469030 0.10284508 0.11412976 0.13203424 0.14289430 0.11753469 0.13466247 0.15882743 0.11885566 
0.08140904 0.07738048 0.19268334 0.15236318 0.16662420 0.13859706 0.18901341 0.22513126 0.15829649 0.26043544 0.00000000 0.21379937 0.18255628 0.15656820 0.14708224 0.11663148 0.10679659 0.09428657 0.16755854 0.11757665 0.08599803 0.11943747 0.19748513 0.07801092 0.10246777 0.19138975 0.14862928 0.11685659 0.16311965 0.10179245 0.17876683 0.19093109 0.15615413 0.14588659 0.13216379 0.12280957 0.13929646 0.12053607 0.10545998 0.12756443 0.15574859 0.14295833 0.15649334 0.15552003 0.11840021 0.11359512 0.10067273 0.09379305 0.11654549 0.11823450 0.14376617 0.17132636 0.11642701 0.19958927 0.13566876 0.14127030 0.11957159 0.16946402 0.13887533 0.10679369 0.16119388 0.15465633 0.17810144 0.09170347 0.18718497 0.13103963 0.10961251 0.12039549 0.14873684 0.15447406 0.17444595 0.09881357 0.07170136 0.07388636 0.13490652 0.07192922 0.12899484 0.08381165 0.09764113 0.12105588 0.12210459 0.17687878 0.10524387 0.11022216 0.15343296 0.10156923 0.12316469 0.10770383 0.08097894 0.11435582 0.14631750 0.13040679 0.12089758 0.05802226 0.14363414 0.09872288 0.09290191 0.10500495 0.12077735 0.06906502 0.10321029 0.10524741 0.12323154 0.11964809 0.09611927 0.06723949 0.12497689 0.18040167 0.14145609 0.17840863 0.12292644 0.25085453 0.16043112 0.15136373 0.10675468 0.13369206 0.11055771 0.13187713 0.15146739 0.15412962 0.10399538 0.11948960 0.13032157 0.13416421 
0.13022569 0.12460614 0.09451706 0.19689584 0.16219709 0.15436251 0.21727528 0.14844063 0.17601217 0.16918104 0.21379937 0.00000000 0.21492181 0.32627932 0.11294702 0.11719072 0.11108299 0.15400007 0.17144860 0.12960968 0.20017418 0.18686030 0.13635197 0.09039984 0.14637551 0.16342250 0.13179215 0.09454969 0.12690761 0.11296457 0.19847649 0.09555622 0.15356516 0.05674862 0.10381351 0.11318860 0.06986200 0.07880011 0.12698641 0.10971960 0.14402306 0.09149524 0.15501081 0.10413797 0.08739004 0.12463137 0.14002487 0.15072444 0.07698247 0.07834350 0.11489692 0.06109006 0.11405332 0.10755506 0.11223937 0.08473147 0.12589259 0.15819067 0.12728619 0.06118478 0.12481271 0.16413425 0.14633670 0.10564695 0.07445103 0.16030621 0.10479463 0.11124242 0.14027466 0.09801132 0.14749623 0.11322704 0.15041281 0.08490769 0.08869967 0.09366944 0.14110688 0.14314706 0.05569490 0.18968187 0.10890114 0.16243298 0.15161597 0.12609343 0.11438089 0.14458851 0.09761579 0.10522826 0.09045929 0.13936075 0.12473968 0.11677300 0.19970516 0.15549204 0.22592997 0.13028549 0.16263634 0.19666225 0.09673921 0.18854093 0.18692616 0.04255887 0.10492869 0.07097307 0.13115021 0.13736931 0.22058877 0.13065584 0.17607289 0.13413334 0.11967154 0.03257853 0.15522055 0.07485271 0.18480116 0.10013648 0.11956804 0.12382205 0.14276095 0.11886628 0.14935506 0.15019214 0.14920501 0.13352915 
0.14226648 0.14846199 0.11096498 0.14421378 0.12645825 0.15349096 0.18830136 0.07648206 0.10833352 0.19817298 0.18255628 0.21492181 0.00000000 0.13756026 0.18894973 0.11361373 0.13786578 0.16156713 0.08923202 0.10372863 0.20674172 0.09141733 0.14774090 0.10085139 0.14602087 0.09111416 0.07054306 0.05264250 0.17117922 0.12609602 0.07259944 0.13517113 0.20853165 0.15078465 0.11474493 0.11157429 0.14141406 0.08334985 0.12254851 0.12303898 0.18399637 0.12085151 0.04965741 0.19278327 0.11476102 0.11538533 0.12454020 0.15040476 0.11092228 0.15001250 0.11808904 0.07853725 0.12390046 0.12267936 0.16999444 0.12657633 0.14710507 0.18011728 0.12408737 0.11807908 0.04522570 0.14167319 0.12499145 0.21995862 0.15712814 0.13288515 0.11014679 0.05482490 0.16579899 0.23450184 0.12207522 0.17051924 0.18031732 0.15927636 0.16665337 0.13756301 0.16947603 0.09359906 0.12373829 0.11568568 0.14648859 0.08439043 0.08285094 0.08812333 0.15878358 0.24939770 0.18083109 0.11830513 0.12679997 0.11044291 0.12889907 0.12162977 0.18114653 0.19669724 0.11094736 0.14544744 0.12170483 0.12154012 0.06492122 0.14989582 0.10512533 0.11641221 0.08996562 0.14624488 0.16273418 0.16115845 0.09777600 0.12574016 0.11718654 0.14783582 0.19526813 0.13453534 0.13977614 0.24271176 0.09823398 0.10346899 0.11861544 0.09245954 0.09906190 0.12467472 0.11556031 0.13526307 0.13740145 0.12770402 
0.12135968 0.06075838 0.14078977 0.08205617 0.24031087 0.08105517 0.11183125 0.19768201 0.06226083 0.13019614 0.15656820 0.32627932 0.13756026 0.00000000 0.25901692 0.22200085 0.15222191 0.19203832 0.18520684 0.36427626 0.10392017 0.08426448 0.06174332 0.08963490 0.14603867 0.07807485 0.14790696 0.14625576 0.13639754 0.14970590 0.26445869 0.20188767 0.15483379 0.09605493 0.13832510 0.13159103 0.09362617 0.12122666 0.10512694 0.12929958 0.10330815 0.13580579 0.10691164 0.14779891 0.12569834 0.08416645 0.08096954 0.15198032 0.10779161 0.07622748 0.06284761 0.16631118 0.12537792 0.10844949 0.02598940 0.06821551 0.08453331 0.11917799 0.15066813 0.14276713 0.09034900 0.05287365 0.14331687 0.06736053 0.09832712 0.15490014 0.12996075 0.12618376 0.08982219 0.14421133 0.06815860 0.14937916 0.11573281 0.11473366 0.18724747 0.13256472 0.20429972 0.07235219 0.13395707 0.05864590 0.16744891 0.22837936 0.14484793 0.11667149 0.07084012 0.66557044 0.05738477 0.12448070 0.11884695 0.10401246 0.12110960 0.10651145 0.17854270 0.11568699 0.05347995 0.13197412 0.21699904 0.10054264 0.19096406 0.10361762 0.06524065 0.06567988 0.04350068 0.08562171 0.14250159 0.08570640 0.09761119 0.08815136 0.08158609 0.11298669 0.17692823 0.04881902 0.23586472 0.16044664 0.08060465 0.22232103 0.16511547 0.09775449 0.09369977 0.16321265 0.09662092 0.13126006 0.11342358 0.12956659 
0.14223474 0.14910886 0.14003198 0.14270262 0.11146407 0.12970082 0.09759028 0.12735042 0.14400628 0.13599549 0.14708224 0.11294702 0.18894973 0.25901692 0.00000000 0.23196039 0.16023675 0.26953706 0.16354162 0.09380079 0.12992662 0.06435473 0.18203150 0.19747510 0.12045077 0.14878768 0.16161496 0.13619490 0.12587148 0.18249788 0.13998941 0.13028052 0.12162105 0.15890796 0.12915110 0.12624562 0.06946002 0.11640946 0.09849670 0.11548685 0.19522060 0.08932179 0.15827944 0.09767788 0.03575674 0.10076494 0.14181718 0.12566606 0.18023218 0.08866364 0.05310974 0.11648354 0.09542231 0.11586893 0.21708498 0.18373088 0.13656689 0.15160669 0.13974614 0.13637745 0.11360660 0.08576355 0.09651004 0.15136209 0.09968386 0.10603301 0.05294567 0.10633896 0.12247776 0.05115157 0.12637890 0.12852616 0.15106700 0.14268828 0.22572287 0.19211297 0.12071753 0.09486399 0.09854842 0.10556133 0.06204877 0.13587944 0.09631966 0.14146913 0.10669503 0.15928193 0.08460968 0.15286235 0.12773325 0.13372140 0.24606748 0.20268014 0.19396244 0.09290357 0.12887323 0.13402289 0.17401006 0.13549479 0.10268834 0.10127700 0.10339691 0.10339908 0.18174689 0.18733291 0.13360406 0.11768825 0.13769401 0.13193078 0.08632113 0.11714425 0.15660208 0.21266399 0.18342960 0.21244987 0.08862938 0.14823085 0.09800824 0.13596919 0.13727687 0.11621272 0.12443965 0.12354207 0.12364039 0.12189878 
0.10349024 0.10080297 0.10947039 0.08657516 0.10898529 0.12110798 0.14885458 0.08038036 0.14708306 0.08605729 0.11663148 0.11719072 0.11361373 0.22200085 0.23196039 0.00000000 0.19879320 0.24849368 0.13790007 0.13603124 0.14699098 0.08678564 0.15954551 0.14692607 0.18216147 0.18438316 0.11010036 0.17796520 0.15911212 0.10564395 0.05576237 0.18505379 0.06204254 0.09211757 0.14146367 0.14220886 0.02537278 0.16830491 0.12047502 0.22300780 0.07238258 0.12901821 0.04686891 0.13869901 0.11646005 0.15954295 0.13728196 0.13809471 0.07367110 0.11955699 0.18611259 0.09318202 0.12507064 0.11755982 0.08981022 0.09433159 0.09635362 0.11046548 0.12733312 0.17251310 0.16316379 0.10249976 0.19206734 0.16566137 0.12057108 0.06580502 0.12725326 0.16970665 0.11329068 0.12826717 0.13404509 0.07797532 0.13047154 0.17135003 0.17913813 0.18115636 0.14043546 0.07548790 0.14448652 0.08013410 0.07077008 0.16852035 0.10602394 0.17004225 0.09741788 0.17777675 0.22086007 0.30278474 0.19710552 0.14030700 0.22615431 0.12661897 0.06696989 0.07453370 0.10912607 0.10532357 0.09479268 0.11480596 0.10203840 0.22684866 0.14374396 0.10143928 0.11682339 0.11475968 0.14218561 0.14744123 0.22933008 0.12725510 0.14669758 0.11331323 0.10564894 0.17945106 0.12464735 0.12092873 0.18032322 0.10503352 0.16029158 0.10451010 0.13829883 0.10798472 0.12881475 0.11259010 0.12913294 0.11986936 
0.06896416 0.05791445 0.09714458 0.15736414 0.10758616 0.14872461 0.10377139 0.14600007 0.11520784 0.07177129 0.10679659 0.11108299 0.13786578 0.15222191 0.16023675 0.19879320 0.00000000 0.07713557 0.12590018 0.15417175 0.12352628 0.14382983 0.09765495 0.11632012 0.12487929 0.14388685 0.18978153 0.16613640 0.14719990 0.12041274 0.18890388 0.13323996 0.11535480 0.13957889 0.17714476 0.08199320 0.09406275 0.09676650 0.13756224 0.14386873 0.14322273 0.15536574 0.12847181 0.13073110 0.07822397 0.10567312 0.12398472 0.12914036 0.15134676 0.15231682 0.10250040 0.20479820 0.12888567 0.12942715 0.20615075 0.11152394 0.08402726 0.09278627 0.13636968 0.16545736 0.10275551 0.13137092 0.12284503 0.15715916 0.09943941 0.10944087 0.11787966 0.12112398 0.20799271 0.16860013 0.10149917 0.12081258 0.11378028 0.12573004 0.11062350 0.09550180 0.11836154 0.09613224 0.15603045 0.13242186 0.07545341 0.10346752 0.15506123 0.11940448 0.26231077 0.17262147 0.14718633 0.13692806 0.13458457 0.10497038 0.11121557 0.17564503 0.07479013 0.14142765 0.10454497 0.13848284 0.06684874 0.10004647 0.07883480 0.13997773 0.15275199 0.08450916 0.17984681 0.13643746 0.19207162 0.17617846 0.15059966 0.07293006 0.20206665 0.14828405 0.11344999 0.04896231 0.17591543 0.13401443 0.13886001 0.15877940 0.16535069 0.12202779 0.12993812 0.15649279 0.11124080 0.12948299 0.11710777 0.12889386 
0.11970882 0.14599631 0.17390943 0.17960166 0.10634026 0.18540526 0.14149735 0.15615821 0.12484436 0.14960141 0.09428657 0.15400007 0.16156713 0.19203832 0.26953706 0.24849368 0.07713557 0.00000000 0.21196076 0.24530835 0.15054412 0.15178578 0.18490643 0.15810371 0.12005774 0.16795093 0.17122818 0.11933329 0.14856432 0.16801374 0.12471287 0.13344616 0.11665691 0.05677896 0.07875470 0.10889575 0.13622042 0.08128664 0.12932408 0.14623653 0.03861024 0.07904607 0.14629854 0.17385201 0.18470663 0.11346347 0.10028473 0.07138168 0.11843046 0.22853367 0.12506141 0.10640402 0.12760097 0.12948859 0.11492580 0.13549691 0.09486389 0.12602162 0.12386099 0.13346263 0.08987141 0.08433572 0.13441090 0.13757058 0.07096541 0.10891321 0.05567321 0.15561795 0.11245835 0.16424063 0.19413815 0.12222031 0.13331014 0.16657517 0.08485971 0.16281270 0.20392132 0.09970269 0.08574766 0.13184417 0.09608014 0.15234556 0.00896746 0.19783159 0.16791177 0.18186966 0.17599258 0.14468066 0.14935207 0.12568030 0.06539869 0.11758410 0.07535858 0.08439256 0.13890090 0.11676540 0.19105445 0.08236280 0.12132612 0.13435114 0.15939095 0.15396713 0.13521698 0.13618938 0.11447150 0.14139748 0.15276687 0.09380651 0.10550880 0.14430459 0.09242382 0.15374288 0.13900614 0.16077995 0.10790194 0.13007463 0.09610221 0.09057154 0.10660011 0.10281380 0.12127328 0.15841430 0.14870934 0.12778128 
0.06776784 0.15510024 0.09269219 0.14309330 0.13881741 0.11113901 0.12340756 0.08533942 0.11078907 0.13943610 0.16755854 0.17144860 0.08923202 0.18520684 0.16354162 0.13790007 0.12590018 0.21196076 0.00000000 0.19125726 0.37347733 0.10241941 0.14560880 0.11985644 0.16666907 0.10623548 0.19321226 0.11798885 0.17198716 0.16141146 0.12904276 0.13311067 0.14007285 0.12881267 0.18663132 0.05214162 0.06869444 0.09031995 0.16290193 0.12594823 0.13104844 0.13291280 0.08076529 0.13816209 0.09129403 0.12198494 0.05672359 0.06972355 0.20749289 0.11729745 0.12289503 0.14565204 0.18429569 0.14023514 0.11674368 0.10327995 0.13000797 0.09702484 0.18426399 0.09437829 0.17799767 0.05714365 0.18726945 0.06451830 0.08610490 0.10272461 0.12637038 0.12704144 0.10345561 0.13875704 0.14607353 0.11339107 0.13390392 0.11066495 0.11282056 0.09938999 0.12927039 0.12212433 0.18423331 0.17877763 0.08227177 0.37247941 0.23537521 0.28462864 0.25506745 0.24474402 0.16676815 0.11423541 0.14327063 0.10645954 0.10401634 0.07417420 0.07990471 0.08036429 0.06453873 0.14313829 0.04642876 0.08341779 0.13396837 0.09510949 0.17235552 0.21015871 0.06698699 0.10663044 0.13150934 0.13700720 0.05574646 0.15577901 0.13716305 0.18438351 0.10931221 0.14524295 0.12007221 0.07834214 0.07114708 0.08208499 0.11784708 0.09901255 0.17076279 0.12813938 0.12459018 0.13056752 0.14210632 0.12961283 
0.12894736 0.13276930 0.08353620 0.21072300 0.14146959 0.18554365 0.12359579 0.16082972 0.13347267 0.10766813 0.11757665 0.12960968 0.10372863 0.36427626 0.09380079 0.13603124 0.15417175 0.24530835 0.19125726 0.00000000 0.17919160 0.15540330 0.14124250 0.10977173 0.14824040 0.09285008 0.12281924 0.08259027 0.16291930 0.09516308 0.13907849 0.10395113 0.17679345 0.07543529 0.15382938 0.08903493 0.01041254 0.10553429 0.11539048 0.17535048 0.09523874 0.15100852 0.09330595 0.10107067 0.20121161 0.08394599 0.08808075 0.03663804 0.03478597 0.16244304 0.08806589 0.16847654 0.15472916 0.13304324 0.14719418 0.08204148 0.11906632 0.14433417 0.10583086 0.11532288 0.11678777 0.18063176 0.10324027 0.09234038 0.18498059 0.16027710 0.10577593 0.10116916 0.08749189 0.09405339 0.13447489 0.13380249 0.17862998 0.06667763 0.20980020 0.16411251 0.15419775 0.07073858 0.11126477 0.17602927 0.11362102 0.16410304 0.15377434 0.08855347 0.07972420 0.05581267 0.18060608 0.08801444 0.18673810 0.15815815 0.11275278 0.08888997 0.17875682 0.19363405 0.07365761 0.10389246 0.15893479 0.22001492 0.17947014 0.11138519 0.10463582 0.14444823 0.17098116 0.13472475 0.07221676 0.06003046 0.10768861 0.11022302 0.08488575 0.08055369 0.31279481 0.14842069 0.16814083 0.13642039 0.11822155 0.15608803 0.12971843 0.16700655 0.12043270 0.11683772 0.13459794 0.12577104 0.13469453 0.13551785 
0.13285939 0.11098830 0.14288629 0.13851243 0.05519019 0.14687125 0.08546250 0.12115467 0.14786530 0.11172683 0.08599803 0.20017418 0.20674172 0.10392017 0.12992662 0.14699098 0.12352628 0.15054412 0.37347733 0.17919160 0.00000000 0.11377712 0.16134210 0.10689603 0.14266140 0.12306083 0.11966143 0.07902949 0.13422074 0.11745665 0.15519830 0.10041574 0.12523488 0.09315817 0.09181518 0.15082070 0.08286229 0.08893729 0.11210109 0.13407522 0.10302901 0.16879392 0.07075227 0.09967965 0.08835826 0.11659262 0.10043737 0.10696714 0.10311733 0.15309304 0.07865595 0.14516356 0.18168740 0.12750636 0.18574776 0.17519217 0.16420799 0.16920271 0.14665270 0.12681851 0.13763216 0.16702747 0.07492209 0.13580072 0.14104497 0.08779346 0.12273669 0.13240239 0.09935171 0.22544992 0.13708755 0.12814305 0.14128734 0.11504025 0.12690396 0.14838142 0.14216288 0.25332554 0.03635434 0.33088095 0.13716944 0.35055521 0.11192921 0.12784307 0.15046450 0.18878885 0.07044924 0.08027533 0.17546265 0.14226113 0.13985099 0.06639028 0.13691895 0.12885003 0.08793906 0.11251549 0.17335418 0.09870803 0.12667511 0.12547812 0.15588946 0.13823512 0.11099696 0.14798575 0.06890597 0.14877027 0.22930668 0.16330385 0.08597992 0.15383321 0.16019817 0.17124136 0.15901166 0.10281559 0.04938060 0.10434718 0.09362412 0.09761139 0.12109194 0.09967612 0.10846042 0.13554071 0.11899789 0.12253585 
0.16786928 0.12388532 0.16089528 0.09444391 0.10413056 0.08067244 0.18504848 0.11707809 0.14265409 0.13150490 0.11943747 0.18686030 0.09141733 0.08426448 0.06435473 0.08678564 0.14382983 0.15178578 0.10241941 0.15540330 0.11377712 0.00000000 0.23983356 0.14468354 0.10619987 0.05782092 0.17519440 0.10839659 0.15836017 0.08039974 0.20529751 0.14834369 0.13689736 0.09451873 0.08206840 0.12161768 0.11639668 0.06504165 0.27077776 0.15725586 0.16448954 0.11776994 0.12090241 0.10176471 0.16696629 0.13047520 0.07843121 0.07786945 0.07852256 0.14448170 0.12778628 0.06482229 0.11388165 0.07815398 0.09769451 0.09321071 0.14256208 0.12632532 0.09386432 0.18425375 0.09900075 0.08812894 0.16985838 0.14315296 0.11376520 0.13622913 0.09053337 0.09809281 0.19611821 0.05978544 0.11057504 0.14438778 0.09411958 0.17266574 0.17051476 0.07991085 0.13848962 0.16816916 0.08485369 0.24216411 0.16521782 0.09293561 0.20200508 0.13358111 0.13477500 0.13208811 0.20349519 0.11902645 0.08650306 0.14075934 0.11428106 0.16635429 0.21179073 0.14363691 0.16702396 0.19070595 0.14242817 0.13781240 0.12468909 0.09683780 0.10326658 0.14996418 0.12544773 0.09613926 0.14977261 0.15378219 0.09594667 0.09006674 0.23809894 0.09443424 0.17019351 0.14300440 0.10827367 0.13095234 0.08958816 0.10612598 0.12109102 0.10022684 0.10041635 0.12666117 0.17719230 0.13892253 0.13640932 0.13157570 
0.14659944 0.16384793 0.09662307 0.10791991 0.11195201 0.14417847 0.15956437 0.24699747 0.12224712 0.19224739 0.19748513 0.13635197 0.14774090 0.06174332 0.18203150 0.15954551 0.09765495 0.18490643 0.14560880 0.14124250 0.16134210 0.23983356 0.00000000 0.10583909 0.18908724 0.17314396 0.08928987 0.12022831 0.11894394 0.17048693 0.06471378 0.12993550 0.11278320 0.14691703 0.19095451 0.08679018 0.13340665 0.09998624 0.18914328 0.21810801 0.10688837 0.19657879 0.15766724 0.11272975 0.18042010 0.05406608 0.14965265 0.16701353 0.05283836 0.08315811 0.10705809 0.12777971 0.11513917 0.08423946 0.18324041 0.14898051 0.13265866 0.09016569 0.09362354 0.15255639 0.15806068 0.09111153 0.10603315 0.08214254 0.11695462 0.14915223 0.11885216 0.19161433 0.17202021 0.11256630 0.13324502 0.13852963 0.09067345 0.09675841 0.14014233 0.15884355 0.08578763 0.17458347 0.19278746 0.22245770 0.26016891 0.08695927 0.07471843 0.10444905 0.09081058 0.12029938 0.10055373 0.17601472 0.09427293 0.22494876 0.08129787 0.13544860 0.15394783 0.16896620 0.17822029 0.11776408 0.14970533 0.08478926 0.07189437 0.09904195 0.14768890 0.15559166 0.11929230 0.13514136 0.09699436 0.11637431 0.09813148 0.12228517 0.15687360 0.15845161 0.07838100 0.07334145 0.11499597 0.10726203 0.09917050 0.05384472 0.18695209 0.11165296 0.07590639 0.08019448 0.13641573 0.14221883 0.10220584 0.12457513 
0.10324296 0.10201924 0.11246967 0.14597704 0.21317031 0.13583220 0.18433028 0.12732625 0.09681074 0.12097691 0.07801092 0.09039984 0.10085139 0.08963490 0.19747510 0.14692607 0.11632012 0.15810371 0.11985644 0.10977173 0.10689603 0.14468354 0.10583909 0.00000000 0.14227914 0.15542276 0.13161233 0.07717758 0.12108874 0.10700198 0.12455908 0.12379464 0.07802920 0.13778691 0.17661574 0.13135818 0.10568882 0.10159100 0.24903012 0.10289166 0.13859797 0.08916778 0.15606585 0.08306906 0.12577396 0.14467996 0.09954951 0.14794619 0.10366255 0.08999660 0.15264015 0.10503325 0.09737823 0.10832449 0.11003682 0.14144448 0.10544181 0.08380679 0.12070416 0.10974631 0.11226046 0.11926483 0.12145694 0.09044634 0.13773569 0.13142990 0.14123185 0.10316810 0.12217341 0.07660145 0.17750363 0.08732630 0.13492099 0.09552167 0.11962232 0.10420940 0.11646252 0.14396813 0.16973049 0.13245195 0.15205123 0.12089687 0.11443016 0.08431035 0.17575215 0.21793959 0.09864373 0.21455346 0.11256152 0.12190378 0.16458997 0.10974597 0.09152354 0.12673823 0.08619342 0.38437320 0.10782714 0.12076219 0.13529415 0.13897569 0.14445547 0.17586068 0.12507481 0.14520998 0.12207019 0.10408688 0.20488801 0.06838577 0.10773605 0.11382259 0.12696088 0.14758070 0.12459872 0.13951431 0.31148453 0.14148873 0.13719854 0.14251591 0.10933041 0.11650001 0.10203166 0.10728234 0.12058911 0.13608076 
0.11478883 0.10561274 0.13749943 0.15416362 0.09501191 0.09371100 0.08912612 0.15537326 0.16143811 0.11278825 0.10246777 0.14637551 0.14602087 0.14603867 0.12045077 0.18216147 0.12487929 0.12005774 0.16666907 0.14824040 0.14266140 0.10619987 0.18908724 0.14227914 0.00000000 0.27692481 0.25820656 0.21891018 0.18931883 0.17341921 0.12715457 0.16563774 0.14418846 0.16786078 0.10256256 0.12304203 0.13952387 0.09638897 0.11116707 0.09371158 0.13639436 0.11294850 0.10573763 0.06942405 0.19792064 0.11608250 0.14816430 0.09366436 0.13382173 0.16873068 0.09895109 0.14093626 0.10382196 0.11316359 0.13254539 0.08381207 0.10820336 0.06417284 0.11665694 0.15247160 0.08872147 0.16219205 0.18962177 0.16424751 0.11785809 0.06260762 0.12692994 0.20678378 0.13521228 0.08640922 0.13672547 0.10791202 0.18610354 0.15323719 0.15149577 0.18469895 0.15089252 0.22384388 0.13943603 0.22845946 0.10454998 0.12688152 0.07592286 0.16362397 0.09692872 0.04825245 0.15794522 0.11266883 0.14281170 0.08574367 0.13756505 0.13875246 0.11406557 0.17092122 0.11289244 0.08189245 0.10283701 0.17757441 0.13177205 0.12656851 0.12509418 0.10329784 0.14634518 0.15447843 0.17400037 0.19504306 0.17480087 0.17221870 0.12789720 0.11890900 0.07267457 0.10937393 0.07778790 0.10088020 0.12891946 0.11280568 0.08100693 0.15732555 0.13720579 0.09973923 0.14132683 0.13302300 0.11625495 0.12796122 
0.08220209 0.11640717 0.21725970 0.12513594 0.12042820 0.17016016 0.15027812 0.09154551 0.11956173 0.10756224 0.19138975 0.16342250 0.09111416 0.07807485 0.14878768 0.18438316 0.14388685 0.16795093 0.10623548 0.09285008 0.12306083 0.05782092 0.17314396 0.15542276 0.27692481 0.00000000 0.12466858 0.27625976 0.19034454 0.13783799 0.14614654 0.30431699 0.07841842 0.06103506 0.31201673 0.19005492 0.22397468 0.21235599 0.11121323 0.13517028 0.15019403 0.14351476 0.12975483 0.09450106 0.12324874 0.07799637 0.11209652 0.19629377 0.17466846 0.16111193 0.16679006 0.10777433 0.08564258 0.09676410 0.09187246 0.13335532 0.10239702 0.05984223 0.07752080 0.15383133 0.12566454 0.10175070 0.07042856 0.08786670 0.08353916 0.07818858 0.17612717 0.13917851 0.11786619 0.21378824 0.11861144 0.06200861 0.18328072 0.08256766 0.13126466 0.11309288 0.14534719 0.10065715 0.26071098 0.06784104 0.08109887 0.13419629 0.09482478 0.11501900 0.12219699 0.12760363 0.10397619 0.16674108 0.14662717 0.09206550 0.09163275 0.14050542 0.11769817 0.12239624 0.14392293 0.12467109 0.03991802 0.29950658 0.14182102 0.19814129 0.15137957 0.11280422 0.16310458 0.09954960 0.10532795 0.10011545 0.13570159 0.04946185 0.10291147 0.09210640 0.11360445 0.10478684 0.08437618 0.13192711 0.12815021 0.10805964 0.11239460 0.17356441 0.11016194 0.10162412 0.08283157 0.12156476 0.13146551 0.12176753 
0.12305338 0.06701068 0.12719212 0.17723477 0.11778979 0.16089284 0.08948917 0.11620632 0.11679945 0.18447619 0.14862928 0.13179215 0.07054306 0.14790696 0.16161496 0.11010036 0.18978153 0.17122818 0.19321226 0.12281924 0.11966143 0.17519440 0.08928987 0.13161233 0.25820656 0.12466858 0.00000000 0.17484255 0.17872535 0.15902272 0.21189093 0.16910432 0.20325680 0.10540785 0.12674661 0.11485073 0.10490564 0.15591675 0.09849177 0.08824271 0.16354944 0.17318457 0.07954448 0.10524898 0.12969115 0.13046844 0.10373244 0.08355454 0.07749898 0.14367833 0.10817986 0.14400277 0.07643917 0.08342031 0.10765945 0.14372143 0.15365139 0.19892781 0.10589374 0.17152675 0.14153277 0.10998280 0.15234054 0.15124638 0.11745245 0.10865695 0.11169055 0.19811715 0.15429380 0.11911603 0.13366414 0.13294868 0.09632537 0.10677759 0.10598551 0.17953024 0.11330521 0.14370535 0.13856844 0.08683546 0.05421294 0.10548192 0.13741870 0.16194707 0.22009647 0.04847578 0.15237252 0.09114353 0.11814864 0.17626461 0.15217603 0.11502536 0.15603959 0.10427379 0.13962019 0.10183681 0.13853823 0.12943195 0.11887181 0.10459215 0.12784607 0.11515982 0.14466631 0.18297397 0.16433894 0.10014863 0.14976529 0.17423226 0.18435206 0.09979238 0.15683355 0.23521281 0.16645341 0.14269777 0.13524264 0.12601156 0.08580769 0.10738075 0.13886503 0.10717239 0.12805594 0.12641714 0.12109089 0.12996730 
0.07129249 0.10216311 0.11721578 0.11108349 0.15481393 0.11353174 0.10727098 0.13332975 0.12518862 0.08197972 0.11685659 0.09454969 0.05264250 0.14625576 0.13619490 0.17796520 0.16613640 0.11933329 0.11798885 0.08259027 0.07902949 0.10839659 0.12022831 0.07717758 0.21891018 0.27625976 0.17484255 0.00000000 0.20080875 0.16710002 0.23437260 0.22816991 0.08603292 0.14062787 0.22637599 0.13910154 0.17341974 0.14833174 0.08833584 0.15542644 0.15436253 0.12361196 0.14210433 0.09297623 0.19539013 0.20505741 0.07539172 0.15346564 0.13319420 0.14322438 0.10554412 0.13346307 0.12516876 0.15594888 0.16271906 0.08035120 0.10399740 0.10864625 0.17088326 0.09204374 0.19013349 0.12889054 0.17806268 0.08691467 0.20979293 0.20827532 0.11790933 0.18220186 0.15965559 0.12750226 0.19892443 0.11483384 0.16489126 0.15010664 0.08920842 0.07509035 0.24983778 0.10274859 0.18037774 0.09296988 0.17018230 0.21981985 0.13376903 0.07350975 0.12740989 0.11385684 0.14133829 0.11787017 0.08689429 0.11370056 0.08897096 0.12826057 0.17262725 0.10632440 0.04595431 0.11720812 0.16047377 0.14861261 0.04253016 0.16142246 0.11068236 0.11693731 0.18044053 0.08956792 0.10212660 0.08102736 0.09091710 0.10462504 0.07922257 0.15683816 0.07975346 0.07819165 0.13496934 0.17824863 0.17381107 0.13041474 0.18147085 0.11001018 0.12802398 0.09124901 0.09317474 0.11484300 0.11202527 0.13113187 
0.16928657 0.14381253 0.14027266 0.16722016 0.07347454 0.17534351 0.08996464 0.11573917 0.13838361 0.16328556 0.16311965 0.12690761 0.17117922 0.13639754 0.12587148 0.15911212 0.14719990 0.14856432 0.17198716 0.16291930 0.13422074 0.15836017 0.11894394 0.12108874 0.18931883 0.19034454 0.17872535 0.20080875 0.00000000 0.25310903 0.15150122 0.13757126 0.09408703 0.19642425 0.19674482 0.07961890 0.26019360 0.13054007 0.14436226 0.06536928 0.13016709 0.21509872 0.07477551 0.18909847 0.12707399 0.14138421 0.02365939 0.11243991 0.15747715 0.11497023 0.14774796 0.18255017 0.22537892 0.13503014 0.11235923 0.13562617 0.13922046 0.14961085 0.06048506 0.08745660 0.16984301 0.13733712 0.12027990 0.14761028 0.14162281 0.11322487 0.08689339 0.12937349 0.10659513 0.11458709 0.16520770 0.10147224 0.11010425 0.12026715 0.18625719 0.20117112 0.18654123 0.12547851 0.15382558 0.13177722 0.08154265 0.12283143 0.09909705 0.11390830 0.12159988 0.11067707 0.19616263 0.19654940 0.10612904 0.13188807 0.14625189 0.14355585 0.15899111 0.05642140 0.10508503 0.10827507 0.12143813 0.14053670 0.14253489 0.11641897 0.09967088 0.07923124 0.15562665 0.12896217 0.14884517 0.08882118 0.14144380 0.13929888 0.13846820 0.09298468 0.13007212 0.11927621 0.12150494 0.07454224 0.08066659 0.06524351 0.11333163 0.10467538 0.11770937 0.09544232 0.11102586 0.11299615 0.11869961 0.12528209 
