0.00000000 0.43215784 0.35590357 0.27295628 0.21416869 0.22814321 0.24943611 0.20949494 0.20077834 0.18877270 0.26384031 0.19006397 0.21507376 0.21675009 0.18428649 0.20951037 0.21425659 0.21470210 0.19168916 0.20441897 0.20232715 0.18607614 0.18972552 0.20026836 0.17176606 0.21741772 0.18952149 0.20843352 0.20224124 0.19979865 0.20989787 0.18286349 0.19377284 0.18349028 0.21138494 0.20057119 0.21421307 0.19006426 0.22285348 0.18603170 0.20306247 0.20139424 0.19685629 0.19766389 0.23290546 0.20320691 0.19533497 0.19390934 0.17315122 0.20169214 0.19658778 0.22595103 0.17542912 0.20113790 0.16930029 0.24827972 0.20987368 0.17847510 0.16412836 0.19669501 0.21591382 0.20019367 0.23185790 0.18689818 0.17700510 0.18926948 0.19505870 0.19743609 0.20307085 0.19256569 0.19549672 0.26374707 0.16019931 0.20825518 0.25176182 0.18596605 0.17910648 0.20191642 0.17734811 0.21146373 0.21650408 0.21102677 0.20723750 0.21124887 0.22141678 0.19002767 0.24389232 0.18381943 0.17028610 0.19290876 0.19310705 0.22034616 0.22199048 0.18851401 0.19725178 0.19469139 0.18322918 0.22062501 0.21329513 0.22453467 0.24403870 0.18257758 0.21895494 0.18546663 0.21355728 0.21067704 0.21575032 0.21152339 0.17371950 0.19595194 0.18304498 0.19286458 0.20020160 0.18909331 0.19884133 0.17191974 0.17398562 0.19952040 0.19075541 0.19676943 0.18165421 0.21366707 0.20210511 0.17265586 0.18571658 0.19787837 0.20183037 0.19757394 0.20403449 0.21554774 0.19809080 0.16041254 0.19280491 0.17306534 0.22211623 0.17664079 0.16857575 0.20363095 0.21790564 0.18458997 0.18856335 0.20114469 0.18219027 0.17898710 0.16553852 0.19189229 0.16935415 0.18254386 0.21631539 0.19118198 0.21926219 0.19946483 0.19894755 0.18484081 0.20619479 0.20729092 0.20456640 0.21154265 0.17103786 0.17286944 0.19525113 0.18772935 0.17054180 0.20159711 0.20220477 0.22001271 0.19483637 0.22664620 0.16667742 0.21789286 0.19015321 0.19498022 0.20887452 0.16518161 0.19496512 0.17537997 0.20738956 0.19234143 0.17822843 0.19839053 0.16801200 0.22084649 0.16961435 0.19371391 0.19524797 0.17939327 0.19199038 0.21588790 0.20228979 0.20787032 0.20096355 0.22209977 0.24772764 0.20184207 
0.43215784 0.00000000 0.35873762 0.31276469 0.25296279 0.22888267 0.22258106 0.18709974 0.24524754 0.17465616 0.21018990 0.18348011 0.21362034 0.19091500 0.18196947 0.19756877 0.21874667 0.18785085 0.19575795 0.20177175 0.18997612 0.16880909 0.18134595 0.19314166 0.19925751 0.20288153 0.20987012 0.19173752 0.20158395 0.17590437 0.20974529 0.19771750 0.18865600 0.19000354 0.22180312 0.19260860 0.21144836 0.19422736 0.18764837 0.21682645 0.19751648 0.20466930 0.18675555 0.18537492 0.20189277 0.23532525 0.18175723 0.20618685 0.18082863 0.21134937 0.19625963 0.17819371 0.24681988 0.19899597 0.19693051 0.20163916 0.19595036 0.20407795 0.19232218 0.21257212 0.19983726 0.18117020 0.21554984 0.17290987 0.20779237 0.20838398 0.17376799 0.19364400 0.23484747 0.17711690 0.16342174 0.19108813 0.16376735 0.19796749 0.20782220 0.19796963 0.16364093 0.22734054 0.20086294 0.21399917 0.22962296 0.22094098 0.20454674 0.21716715 0.20729575 0.20316012 0.21087537 0.21145608 0.15730436 0.16656857 0.16668951 0.19855325 0.22332921 0.20054303 0.22278969 0.18601058 0.19164190 0.20264400 0.20941892 0.21092872 0.21460258 0.21390628 0.20292674 0.19175668 0.20832464 0.22552010 0.23979796 0.18632707 0.18505207 0.18979409 0.19487757 0.19613450 0.19201672 0.19566815 0.21382977 0.21726510 0.19787256 0.21183990 0.19951971 0.19103378 0.17444182 0.23695811 0.19969136 0.20817362 0.19418446 0.21557647 0.17406356 0.20532840 0.18030359 0.20992690 0.18336215 0.16785073 0.16818058 0.16273868 0.19554697 0.17053624 0.16405805 0.20356340 0.15668587 0.16586892 0.16198760 0.21221215 0.19495713 0.17523773 0.15965049 0.17186191 0.15941091 0.19846084 0.18400772 0.21441185 0.18502052 0.20108944 0.20731202 0.23038685 0.18954835 0.20121951 0.21273782 0.20603558 0.19862858 0.17052719 0.18514884 0.19224635 0.18261365 0.19204760 0.23245732 0.21065807 0.21439454 0.22164110 0.18764361 0.22572531 0.22158892 0.21877167 0.21063038 0.19426429 0.23513427 0.22448547 0.21080930 0.20543496 0.19172000 0.20863004 0.17870274 0.19281298 0.19874573 0.19172307 0.20260161 0.17292879 0.19528193 0.18940243 0.21118533 0.21042023 0.21790069 0.22761785 0.23732048 0.20082866 
0.35590357 0.35873762 0.00000000 0.36701237 0.27520619 0.24968745 0.24903528 0.17758901 0.19123214 0.17257277 0.22863355 0.17839505 0.22318500 0.18845760 0.16213655 0.22321910 0.24814581 0.22796771 0.25161592 0.27111838 0.21259795 0.18682374 0.20410914 0.20727740 0.20503752 0.21721036 0.20382013 0.23296614 0.21449504 0.21406053 0.21430583 0.20881073 0.22492861 0.18142520 0.20963276 0.19541960 0.21331605 0.21235916 0.17243665 0.18624943 0.21071278 0.20306723 0.16568594 0.18766237 0.21195747 0.23763464 0.19459812 0.21014011 0.16819486 0.22794996 0.21142520 0.19701973 0.19799608 0.16888531 0.20593093 0.19827420 0.19376015 0.18431143 0.17739520 0.21238565 0.18788103 0.19751913 0.19542153 0.17515150 0.17119399 0.17837283 0.19733110 0.19530086 0.19377811 0.16334411 0.15010764 0.19930845 0.15169082 0.19473398 0.18171799 0.18751625 0.16837668 0.17372676 0.21299624 0.21088579 0.20667353 0.21532269 0.20115664 0.21032524 0.21947434 0.19373076 0.20623848 0.18129481 0.16287962 0.15249774 0.16788587 0.20261457 0.21991374 0.20253929 0.19875468 0.19263161 0.20424085 0.19470480 0.20997853 0.19143022 0.20464566 0.20082493 0.19284825 0.20361982 0.22932873 0.22086976 0.22924327 0.18627925 0.18663524 0.20205926 0.17171842 0.21235728 0.18566518 0.21486942 0.22847378 0.17297433 0.21610630 0.16110036 0.18720356 0.20122139 0.19454452 0.20292475 0.21259864 0.17534284 0.17902493 0.22186457 0.19219166 0.21522891 0.16510126 0.20219993 0.19912243 0.16481645 0.16122822 0.17611942 0.21767940 0.13994569 0.16724728 0.19572367 0.16572565 0.16548072 0.15036312 0.19523382 0.18002576 0.19768819 0.16653376 0.16335028 0.19100801 0.22429036 0.17858704 0.22970061 0.21544924 0.21224635 0.19877355 0.19632887 0.19485450 0.19569201 0.18494885 0.18238625 0.18521213 0.17894710 0.17550561 0.18379224 0.17920041 0.19544994 0.23417469 0.20345036 0.21913262 0.19817766 0.15704152 0.17737909 0.19431221 0.26648053 0.19039957 0.19809211 0.19354342 0.17397309 0.21944447 0.21952810 0.19383409 0.21511095 0.20112568 0.17620548 0.25452016 0.20643669 0.24837808 0.21659384 0.22666970 0.19471203 0.20856382 0.21546285 0.23656880 0.24450649 0.23927167 0.22297025 
0.27295628 0.31276469 0.36701237 0.00000000 0.46784053 0.32420551 0.26678815 0.13146410 0.21744637 0.14411518 0.25388076 0.17454913 0.20068891 0.21210394 0.13583392 0.21205535 0.34570716 0.19105690 0.19466329 0.26171371 0.24843493 0.20266303 0.25127455 0.28290646 0.17766739 0.25173801 0.21806276 0.20741830 0.23776900 0.15343289 0.19968032 0.21832062 0.20020011 0.16562195 0.21590759 0.22377581 0.15274466 0.17004229 0.13797111 0.16503979 0.23450347 0.15872447 0.13847113 0.13640830 0.19164882 0.20870746 0.13086052 0.20336019 0.19073506 0.21488104 0.20322921 0.15411994 0.18125813 0.15344263 0.18594178 0.14669002 0.21348299 0.18050919 0.15786028 0.18114675 0.21173613 0.28816125 0.21216097 0.19491705 0.14229406 0.25984429 0.21600554 0.17063428 0.18857652 0.19513821 0.19126223 0.23625168 0.14590823 0.18286780 0.19757857 0.22603132 0.15495047 0.14093213 0.17352545 0.18771332 0.15342608 0.22343603 0.13054215 0.20144359 0.22494174 0.13408473 0.19374401 0.15490242 0.09142830 0.13036382 0.21162710 0.19563879 0.23006144 0.21321138 0.17865392 0.27949316 0.25081633 0.21072844 0.24947336 0.23128883 0.18103831 0.19573560 0.22248947 0.20627755 0.18327080 0.24527174 0.25027028 0.22023320 0.20685900 0.22873050 0.17001142 0.16803581 0.18024062 0.20784755 0.22781394 0.17156803 0.21291035 0.16028514 0.20345615 0.22844093 0.20106018 0.31598440 0.26767886 0.21234357 0.24049216 0.25674011 0.23259622 0.17688898 0.16662941 0.19642825 0.14523290 0.21757199 0.22162515 0.13889691 0.22165756 0.12081832 0.18020548 0.19819593 0.14516450 0.12521879 0.13956397 0.23906443 0.18536755 0.20038680 0.22526110 0.13755075 0.19105686 0.15829577 0.21016606 0.18628435 0.26881372 0.22182787 0.16760035 0.22164373 0.18112921 0.21269666 0.14517445 0.18560028 0.15673374 0.16955259 0.15651257 0.19888167 0.16507519 0.16870158 0.18915194 0.19598089 0.29092038 0.24470655 0.18688803 0.19663652 0.13686546 0.27411000 0.21683840 0.15318647 0.18130435 0.22687458 0.22537305 0.18523275 0.26015074 0.24116786 0.16416911 0.22378560 0.21876518 0.17921859 0.25906667 0.20846866 0.23487048 0.20573101 0.19191954 0.16088560 0.23304347 0.23905245 0.23456217 0.21199678 
0.21416869 0.25296279 0.27520619 0.46784053 0.00000000 0.46325231 0.34103842 0.21427669 0.20693563 0.17898023 0.22338835 0.15916296 0.21765446 0.21658802 0.17941385 0.18096595 0.25249392 0.21047221 0.20684750 0.26259606 0.20851949 0.21203208 0.21044144 0.22727211 0.18203050 0.21826440 0.25051288 0.22747205 0.19741405 0.17261308 0.19195137 0.20247785 0.24227358 0.12524335 0.20882426 0.20226517 0.16165074 0.15519655 0.06608148 0.12906804 0.14805603 0.13198430 0.17972317 0.16560185 0.21430750 0.17524949 0.13587137 0.20063039 0.15385382 0.15786116 0.20097073 0.17446909 0.14968592 0.24836038 0.20878033 0.16274094 0.19839048 0.20294450 0.17567639 0.21036881 0.20452967 0.22905169 0.22457239 0.22901900 0.17951680 0.19669340 0.24766733 0.22336613 0.16842766 0.14136377 0.16438299 0.21415446 0.19326187 0.14617445 0.18349884 0.18409317 0.10622607 0.24516068 0.27562137 0.24301007 0.21722617 0.14763750 0.14075799 0.14802265 0.25852341 0.16902768 0.15945441 0.16759952 0.11284695 0.14137219 0.16878022 0.20217525 0.21315614 0.31030737 0.26049413 0.23913904 0.27533983 0.22971734 0.30948162 0.23201115 0.23876945 0.21464007 0.21712165 0.19966845 0.20948888 0.27276764 0.26748708 0.24607731 0.22473054 0.21822390 0.15809695 0.27921969 0.13805471 0.21449769 0.25069931 0.16053162 0.25899849 0.13131808 0.20153111 0.24202604 0.16580461 0.15631982 0.24851262 0.15981950 0.21894983 0.21334796 0.18757503 0.23474014 0.23625340 0.28307621 0.16692249 0.18694532 0.19755803 0.17919458 0.17725168 0.14524695 0.21193778 0.14682995 0.15143406 0.17072193 0.15463081 0.24582494 0.22796051 0.23673280 0.16314878 0.22238347 0.18278704 0.13464190 0.17577108 0.19468812 0.24551239 0.19771980 0.18383770 0.20708166 0.17253921 0.19617095 0.13299707 0.18427406 0.16651442 0.19452112 0.17434139 0.20933524 0.11447890 0.13680688 0.17354098 0.19479955 0.26269876 0.22173558 0.19182666 0.20676207 0.17735431 0.28443442 0.19399523 0.20030570 0.24865595 0.15202802 0.20416380 0.25399652 0.20055274 0.16325513 0.18457021 0.21920438 0.25935758 0.18489808 0.19060702 0.23498896 0.19506259 0.17349531 0.21347998 0.18692076 0.21902729 0.25700812 0.23585493 0.21176884 
0.22814321 0.22888267 0.24968745 0.32420551 0.46325231 0.00000000 0.63165183 0.37142089 0.25755647 0.19276495 0.27891498 0.29933974 0.19642951 0.20727635 0.19284630 0.24893216 0.20076422 0.21312114 0.19556000 0.21971383 0.19095791 0.28165562 0.21253832 0.21980839 0.22701722 0.27123190 0.13293561 0.17584402 0.19214413 0.22000522 0.18539237 0.22403214 0.26619468 0.12206167 0.19321488 0.14368993 0.21108335 0.21613025 0.15745953 0.22130813 0.16146878 0.20147300 0.15663813 0.20617507 0.20044888 0.19900353 0.17471399 0.19812118 0.23539455 0.22429411 0.18247680 0.18273056 0.19948718 0.15394297 0.24817602 0.18931760 0.21792987 0.21685474 0.21430754 0.22034298 0.23525074 0.18074540 0.17665044 0.17617994 0.21238545 0.17846738 0.24448261 0.21764399 0.22682069 0.11870533 0.19129894 0.19169607 0.17462234 0.14498084 0.18359113 0.22408146 0.12135740 0.20543527 0.21515940 0.20067065 0.28664736 0.18810583 0.22585274 0.29295211 0.21803590 0.26682112 0.15429229 0.17855276 0.26333683 0.18600624 0.14550543 0.24394288 0.17863759 0.19165809 0.20466392 0.19695554 0.20278986 0.21830054 0.22546566 0.18306931 0.18970687 0.22100673 0.14531713 0.25502563 0.18426143 0.16652667 0.17114005 0.18932629 0.19201739 0.19688643 0.20217998 0.25955480 0.19998183 0.19707892 0.16978180 0.18183041 0.21851910 0.22545273 0.15620174 0.15144967 0.13854963 0.26119236 0.24415275 0.14744645 0.20146398 0.17534387 0.15977174 0.17437869 0.19078051 0.23918071 0.14321148 0.17942114 0.22275163 0.17847286 0.13257549 0.16081666 0.19166557 0.23017242 0.20522080 0.16648037 0.21727334 0.27701065 0.19122477 0.20361214 0.19337562 0.18633611 0.20494103 0.15775335 0.16138637 0.15628698 0.20144381 0.14693627 0.23079911 0.17074224 0.21140599 0.20050800 0.19371742 0.19295906 0.24628332 0.20511433 0.13219364 0.15027875 0.18249277 0.20311741 0.20819511 0.22013033 0.17133452 0.16379760 0.17302649 0.22982855 0.18484011 0.19749880 0.19322522 0.18816861 0.19467065 0.13923994 0.22034627 0.11302662 0.17160242 0.19732342 0.20546573 0.13329460 0.20199125 0.20082627 0.19475997 0.20373932 0.15241906 0.14383427 0.21696864 0.21479689 0.17043750 0.22112828 0.23875078 0.21474295 
0.24943611 0.22258106 0.24903528 0.26678815 0.34103842 0.63165183 0.00000000 0.53131290 0.29669501 0.28966789 0.16257086 0.14223990 0.19223441 0.21630172 0.13121923 0.18932065 0.17107675 0.17375147 0.19058108 0.13560393 0.19657200 0.21666485 0.24481281 0.34655855 0.16751651 0.24652196 0.18252420 0.16540376 0.15917216 0.29443193 0.18621507 0.26876810 0.27613168 0.19551931 0.19978747 0.19053827 0.20405962 0.17024684 0.16358186 0.13416592 0.20674516 0.23607799 0.15755843 0.15358817 0.14909822 0.21312493 0.18674107 0.17508632 0.17493941 0.21201956 0.22097563 0.16330439 0.09917939 0.15112253 0.20343245 0.24937821 0.22092036 0.11468376 0.16217189 0.14981541 0.16599749 0.22627319 0.20423440 0.15146803 0.21800315 0.15124209 0.21285729 0.17378046 0.22883186 0.18344200 0.22474128 0.20816452 0.16344254 0.16077647 0.16329353 0.19906177 0.16756118 0.19900785 0.16985621 0.24625063 0.22524659 0.22596845 0.26435282 0.23988252 0.40461782 0.17822076 0.16311327 0.20035947 0.20661729 0.15337107 0.21041764 0.19712077 0.11898741 0.17425936 0.12044612 0.22415120 0.25037783 0.19454933 0.21286128 0.20740036 0.18642044 0.21378607 0.17050242 0.24954148 0.24909562 0.24360310 0.22239910 0.14143961 0.14412133 0.20022180 0.26814851 0.40381451 0.37716949 0.15138742 0.20565286 0.20611252 0.24114296 0.16582006 0.15473868 0.27856424 0.21944056 0.19458812 0.18327010 0.25395428 0.22561585 0.24317377 0.22071461 0.16772323 0.21755021 0.17771065 0.22145986 0.19696317 0.18991532 0.19895896 0.21739206 0.18969451 0.27720957 0.18949854 0.18641782 0.18203982 0.14528796 0.28727022 0.16065491 0.20577666 0.16212724 0.21794700 0.13866122 0.22634469 0.13298456 0.19349620 0.19548820 0.15490679 0.15933792 0.18273164 0.19374937 0.15319125 0.18909413 0.21089652 0.18948577 0.19204006 0.12511905 0.19551693 0.23737886 0.15908232 0.14344131 0.13114663 0.22097989 0.16461270 0.16507826 0.21809817 0.16713639 0.19843543 0.21794641 0.11134630 0.22233354 0.17266785 0.24351091 0.17729461 0.19492036 0.21286069 0.25514058 0.15215625 0.19070408 0.12043090 0.10887323 0.22420389 0.20384920 0.26067491 0.36381380 0.17897244 0.24346185 0.22540758 0.24094081 0.20560446 
0.20949494 0.18709974 0.17758901 0.13146410 0.21427669 0.37142089 0.53131290 0.00000000 0.41959137 0.33243076 0.29879923 0.32374579 0.21059624 0.17018363 0.28173831 0.20188602 0.23255682 0.22560015 0.27159686 0.19160239 0.21164060 0.17462233 0.25635202 0.20841505 0.10412728 0.19416471 0.06914423 0.16003743 0.16831485 0.19962638 0.06739225 0.35805455 0.18897564 0.21955220 0.27449242 0.19556425 0.28170331 0.23780428 0.21445225 0.19396834 0.23524863 0.24517441 0.23810287 0.14905167 0.09015436 0.19784613 0.20194378 0.24052242 0.19192210 0.25656604 0.24303068 0.28420620 0.18505835 0.14517880 0.15778262 0.26722513 0.16362383 0.19430804 0.19611829 0.17578665 0.17823189 0.14828445 0.15367064 0.20519896 0.14455818 0.09974857 0.17470087 0.19658998 0.17706288 0.16156264 0.13116697 0.19260906 0.20561261 0.31001998 0.15570910 0.30079863 0.23873516 0.28820194 0.21384997 0.28798070 0.30526278 0.32554543 0.18462702 0.19553341 0.32767526 0.31146839 0.29380629 0.47015780 0.26805842 0.25870413 0.19249916 0.21950567 0.13859576 0.20405535 0.17692125 0.10438065 0.17225308 0.20541278 0.15314110 0.20179137 0.19046886 0.23766967 0.14991444 0.13583190 0.21405923 0.38949892 0.12368396 0.10426370 0.16767986 0.23064266 0.40531691 0.52891629 0.28162543 0.18167192 0.21882984 0.13911020 0.13449417 0.18533027 0.16611664 0.21899949 0.18611892 0.12624097 0.14912271 0.22473278 0.20194618 0.14677779 0.18138004 0.10384509 0.14258258 0.27045864 0.23865441 0.20379548 0.16291635 0.16131354 0.15546824 0.29327154 0.18403007 0.14358520 0.19084171 0.26308553 0.18559076 0.19965065 0.18683322 0.17391074 0.19536353 0.14197641 0.14848307 0.20512528 0.27801613 0.19930028 0.22348038 0.24832200 0.16359365 0.11324085 0.10471669 0.20295945 0.13411168 0.18353317 0.19100794 0.16279476 0.20019137 0.19751601 0.28853307 0.10273118 0.16897967 0.13317266 0.13310088 0.13519467 0.19941671 0.18367976 0.12137200 0.21360349 0.13875320 0.32509926 0.12136281 0.16804473 0.18092724 0.24486335 0.18193087 0.16031818 0.17108071 0.15132483 0.18089138 0.14686065 0.19116355 0.20135322 0.19232303 0.13304396 0.18499400 0.15383093 0.14989524 0.19529436 0.17814716 0.19368961 
0.20077834 0.24524754 0.19123214 0.21744637 0.20693563 0.25755647 0.29669501 0.41959137 0.00000000 0.34123566 0.40825117 0.23079028 0.34742517 0.16001042 0.27176055 0.19403474 0.20973570 0.22909074 0.15298449 0.15590966 0.22155279 0.23603109 0.17783821 0.11409091 0.22823285 0.35005411 0.27802610 0.20528825 0.17270944 0.24123933 0.13593412 0.32949757 0.11761007 0.22216032 0.18940122 0.20309698 0.19299091 0.19974660 0.20790498 0.15983629 0.21394297 0.22708314 0.19466601 0.21888027 0.20778850 0.21194015 0.24202822 0.28351686 0.14344293 0.18512982 0.16271909 0.19805587 0.16056417 0.19961374 0.12160997 0.23875986 0.17337566 0.19260814 0.25228188 0.12246477 0.16664725 0.18405153 0.17365472 0.13971802 0.23722914 0.09597421 0.22748007 0.13733443 0.16915436 0.14701430 0.16122063 0.13977490 0.19544759 0.27770971 0.18436807 0.18761313 0.19553549 0.12826615 0.16919610 0.16818905 0.26505158 0.30857026 0.18107164 0.23648476 0.20422744 0.17910843 0.27985562 0.14080894 0.25671789 0.17700419 0.16473726 0.13738845 0.21742848 0.20626191 0.14882341 0.18763629 0.18723884 0.17285494 0.14486641 0.16597703 0.28477389 0.14275542 0.19791376 0.26928265 0.17308611 0.16883037 0.21837464 0.23308604 0.32578892 0.17237882 0.31365775 0.29281191 0.44641908 0.18352074 0.36373067 0.19496382 0.17506195 0.17370164 0.26282767 0.10770757 0.13366668 0.16530343 0.17864202 0.17705599 0.23981689 0.12251013 0.23066250 0.23930571 0.13895909 0.14802078 0.19555622 0.18568473 0.18085805 0.30878701 0.26252514 0.15480172 0.17157835 0.21124056 0.20295275 0.15473212 0.13544192 0.06421411 0.18563347 0.14898684 0.22809651 0.19056237 0.17941488 0.10210903 0.23933668 0.14659182 0.19748341 0.18880414 0.16107143 0.15130067 0.22869772 0.15820309 0.24496978 0.19634612 0.16056217 0.19590720 0.26541605 0.20068153 0.24029245 0.21982658 0.15142159 0.20419364 0.17315440 0.18130897 0.26224915 0.19960216 0.17767067 0.18095616 0.21830425 0.16750514 0.15304084 0.23647057 0.12034841 0.20235152 0.13450786 0.19595058 0.19524664 0.23948344 0.17234787 0.17194470 0.26252195 0.24058559 0.17864189 0.24134553 0.30908849 0.20562209 0.16317263 0.23527152 0.22814824 0.20655490 
0.18877270 0.17465616 0.17257277 0.14411518 0.17898023 0.19276495 0.28966789 0.33243076 0.34123566 0.00000000 0.47216866 0.38941495 0.22570219 0.25383192 0.27890386 0.24867522 0.11851853 0.21611281 0.25601879 0.19697210 0.22613835 0.20079842 0.23973457 0.15638341 0.09604548 0.20369404 0.19925751 0.16265761 0.14274963 0.21880764 0.20946808 0.21308568 0.16424934 0.21523811 0.21242068 0.12744452 0.22540053 0.23537496 0.24779320 0.14345432 0.22162907 0.28257684 0.17039808 0.18608123 0.17014658 0.17779127 0.13221083 0.12922661 0.09041783 0.14234855 0.21678697 0.19961901 0.24592769 0.18268714 0.16549597 0.22265981 0.16950402 0.16060350 0.20507499 0.13841400 0.24891687 0.12772775 0.18841947 0.17959711 0.19638899 0.14297281 0.22389243 0.12169050 0.21593030 0.19800131 0.22117898 0.10544407 0.10493931 0.31111115 0.16170945 0.16641199 0.19919323 0.37760345 0.24324367 0.23652504 0.11924601 0.21849632 0.25275221 0.23054471 0.28153887 0.22826217 0.18854407 0.33253986 0.25379298 0.17961996 0.28066486 0.23670757 0.24517729 0.23216419 0.27658882 0.21805206 0.28286691 0.24102504 0.11343776 0.26785635 0.39050433 0.22854022 0.14330045 0.12075275 0.21973138 0.21195511 0.17992191 0.20699566 0.22870604 0.29684024 0.50186709 0.61443926 0.23660955 0.58456608 0.12454400 0.21714114 0.18846378 0.15412686 0.31763298 0.17074285 0.15019973 0.23607317 0.14778630 0.22055423 0.13267643 0.19122165 0.20432187 0.17793167 0.13779514 0.13433374 0.30212325 0.27506407 0.19609435 0.14465790 0.20722046 0.18217912 0.15525470 0.14751189 0.12482880 0.17964873 0.16084571 0.18379848 0.19374055 0.14718676 0.16338186 0.17386338 0.14832792 0.19237536 0.19058839 0.16924205 0.16504792 0.16682865 0.15468105 0.09220567 0.09430675 0.18747061 0.17313068 0.15081190 0.15753099 0.16326239 0.18900110 0.23736374 0.24026901 0.17122101 0.23188433 0.20429677 0.19452767 0.48265467 0.34725554 0.18712078 0.22034322 0.16176262 0.19072542 0.13340485 0.24166117 0.14548110 0.05209234 0.17282513 0.18254483 0.11686378 0.17949235 0.15393577 0.09844850 0.15602235 0.17984149 0.18770493 0.20429744 0.18057738 0.17684850 0.15826038 0.13584326 0.21528164 0.16439102 0.19540910 
0.26384031 0.21018990 0.22863355 0.25388076 0.22338835 0.27891498 0.16257086 0.29879923 0.40825117 0.47216866 0.00000000 0.51526271 0.39307802 0.22625397 0.23654766 0.18872128 0.21705089 0.20425335 0.19658952 0.13034199 0.18834677 0.36714567 0.84862126 0.24574869 0.23084309 0.64876988 0.36569270 0.05837375 0.17467634 0.19986535 0.22560216 0.22953286 0.11692071 0.25424878 0.22441368 0.21328304 0.21352022 0.24812040 0.15079730 0.17434772 0.14916711 0.24493461 0.14770370 0.27708858 0.12269494 0.23146495 0.21022782 0.19859060 0.21099702 0.11670714 0.14810971 0.16778206 0.14687878 0.15330293 0.19146900 0.19307083 0.10954450 0.19702579 0.26553876 0.20717872 0.10620533 0.17087706 0.16935885 0.26624705 0.08522475 0.14839025 0.19255717 0.10962379 0.15801498 0.18219736 0.13673304 0.12231965 0.11151701 0.12564973 0.21649975 0.13894326 0.18937506 0.16047234 0.19792579 0.10563230 0.13921543 0.22122862 0.14861353 0.17931946 0.19450989 0.21455086 0.34806147 0.29819022 0.20563064 0.13840040 0.17852536 0.21159636 0.23165143 0.23466547 0.16987088 0.12974354 0.28839385 0.11713906 0.14203167 0.20708058 0.21194314 0.17451603 0.16612976 0.17982107 0.21945412 0.23901841 0.26755825 0.25659523 0.20858937 0.16499493 0.18632003 0.22538644 0.12847933 0.23501165 0.33470560 0.22738296 0.48882336 0.19132921 0.16958225 0.13699681 0.19574475 0.16445825 0.13907199 0.24649686 0.10728607 0.19367835 0.22033072 0.16450508 0.20550908 0.16573531 0.28432777 0.16019599 0.17180440 0.19908952 0.12366993 0.19774462 0.27137528 0.14383615 0.17509833 0.16478852 0.20479221 0.16597440 0.18435835 0.19394268 0.14277652 0.20330708 0.12100138 0.23380978 0.16816189 0.14615620 0.14570525 0.24368663 0.20841762 0.18047967 0.17847436 0.18122855 0.16259015 0.26105271 0.31701138 0.24475125 0.11735413 0.22747679 0.23352936 0.04894464 0.20695865 0.21121918 0.15173868 0.21249642 0.22887577 0.14008763 0.14164515 0.13315518 0.18838864 0.14256495 0.08051106 0.17479663 0.16448256 0.12459006 0.09974315 0.17075173 0.24367766 0.20522716 0.14980069 0.13910471 0.38345000 0.16065883 0.11194095 0.17411530 0.15321062 0.23242232 0.18031114 0.23585170 0.20965761 0.22596832 
0.19006397 0.18348011 0.17839505 0.17454913 0.15916296 0.29933974 0.14223990 0.32374579 0.23079028 0.38941495 0.51526271 0.00000000 0.27536918 0.34194682 0.37488027 0.23783877 0.31630230 0.24627886 0.21395429 0.31753653 0.20309699 0.19051455 0.15134443 0.18452300 0.16315480 0.29055956 0.25651869 0.15792166 0.12676562 0.19333582 0.21313659 0.20381229 0.15046127 0.26109300 0.18023657 0.18981763 0.18891542 0.30749804 0.18364373 0.27821281 0.24021210 0.18696000 0.20169696 0.21548416 0.25808912 0.19605889 0.14470517 0.22583477 0.13437196 0.14965604 0.14527156 0.15211856 0.11698926 0.12133950 0.15703516 0.16535167 0.19882018 0.18928372 0.16861637 0.19478236 0.08500414 0.17884667 0.10237536 0.15977746 0.13550136 0.15509306 0.12113958 0.10087095 0.17604779 0.15482736 0.19629924 0.23189916 0.16091333 0.26733702 0.23212399 0.15879509 0.15674168 0.18854219 0.15540875 0.13972803 0.21011166 0.20981045 0.13659723 0.15580009 0.17431118 0.16733956 0.26714849 0.27586829 0.25919983 0.23493915 0.25585235 0.30981326 0.18603540 0.23971119 0.25564521 0.22250013 0.18989597 0.29794661 0.15648030 0.17834249 0.24419429 0.23093787 0.17995458 0.19705795 0.18145622 0.09246075 0.15918551 0.14549134 0.22833232 0.17998350 0.36573177 0.26530529 0.25133396 0.49870560 0.24127478 0.50013900 0.21395683 0.23685102 0.21964075 0.12429167 0.19392290 0.15700214 0.17557285 0.20854934 0.22050737 0.17073558 0.22211113 0.25897557 0.12020785 0.11356033 0.18223404 0.17791217 0.16093138 0.16595822 0.19817778 0.14822934 0.17444887 0.16848400 0.16246650 0.11181694 0.19709554 0.17408380 0.17024238 0.14079627 0.32835196 0.23069595 0.21364325 0.22064778 0.22807320 0.09562612 0.23305273 0.24820757 0.22715512 0.13122247 0.16017051 0.20994935 0.19635438 0.27457397 0.28814873 0.51996990 0.28428953 0.25685664 0.35525811 0.24445610 0.16956141 0.22169754 0.18652230 0.26192646 0.30269989 0.16481972 0.25131601 0.15961888 0.19108541 0.19730714 0.16134527 0.13100368 0.21253424 0.14087939 0.20947111 0.18196361 0.19544023 0.14788833 0.09619523 0.13955092 0.13494684 0.07971972 0.09843242 0.07882150 0.14395414 0.18021453 0.09760051 0.18938236 0.19570061 0.20327158 
0.21507376 0.21362034 0.22318500 0.20068891 0.21765446 0.19642951 0.19223441 0.21059624 0.34742517 0.22570219 0.39307802 0.27536918 0.00000000 0.24812912 0.26590603 0.27131807 0.35622387 0.43537981 0.41256224 0.32039556 0.20623464 0.16745355 0.28359737 0.19765487 0.15185708 0.18830289 0.24354647 0.26330235 0.21309650 0.20830819 0.19490024 0.18582814 0.18125696 0.20548211 0.24439124 0.18839384 0.19117993 0.22911419 0.20616396 0.21014218 0.19268098 0.18863463 0.16766780 0.21872470 0.24791316 0.21585996 0.18416483 0.18814556 0.19080734 0.17229352 0.14992552 0.17433776 0.17312325 0.17510970 0.19394673 0.17427007 0.19988473 0.21827718 0.23462111 0.17372197 0.18720608 0.20678884 0.19198872 0.23518021 0.19005812 0.17322612 0.18159903 0.18766225 0.21276496 0.20399113 0.16634193 0.18269390 0.17465343 0.19356512 0.20158753 0.20787452 0.17483129 0.20892140 0.16429369 0.18726709 0.18584223 0.20296150 0.22400147 0.19254221 0.18486372 0.16553026 0.22110802 0.18612825 0.18028674 0.18564475 0.22301652 0.21373490 0.20867030 0.20480963 0.19161369 0.19721312 0.19319861 0.24454938 0.17768759 0.19297964 0.19657215 0.22963975 0.17451353 0.20152573 0.21225020 0.17040517 0.18349305 0.20848102 0.14778788 0.16773465 0.18801390 0.20127816 0.16351241 0.20852783 0.17135542 0.18889794 0.16805920 0.18072795 0.20488304 0.16720643 0.19278054 0.18323115 0.18153039 0.24831065 0.18069767 0.21967152 0.24266519 0.24543615 0.19059398 0.18853498 0.19038009 0.18070911 0.20140857 0.15477800 0.18630752 0.16523449 0.17987601 0.18691181 0.19805728 0.19166685 0.18371249 0.19151202 0.18493781 0.18210527 0.19044931 0.18733693 0.18206035 0.20229143 0.20270732 0.16749155 0.21089178 0.20670539 0.16974019 0.18455928 0.18337012 0.19935573 0.18262323 0.16871240 0.19464237 0.22441137 0.17219151 0.19307689 0.18363015 0.17298617 0.20485492 0.26672301 0.19704124 0.17040266 0.19601887 0.19067652 0.18577368 0.18518493 0.18271078 0.21894944 0.18768673 0.19608686 0.18957904 0.15708860 0.18780698 0.17754892 0.17756948 0.16802143 0.16881461 0.20819337 0.16723500 0.19529482 0.20138624 0.17405463 0.16995519 0.17518154 0.23509725 0.18680835 0.18681217 0.20831302 
0.21675009 0.19091500 0.18845760 0.21210394 0.21658802 0.20727635 0.21630172 0.17018363 0.16001042 0.25383192 0.22625397 0.34194682 0.24812912 0.00000000 0.79779714 0.30684310 0.42862598 0.20231808 0.28642033 0.20134075 0.18010140 0.27488098 0.21078381 0.15242851 0.17493758 0.20929113 0.22642372 0.15558645 0.18259044 0.14424582 0.13470568 0.19617719 0.12231063 0.25242114 0.22208950 0.23875770 0.25848038 0.21220423 0.17527110 0.17670195 0.32782813 0.23051466 0.13764613 0.24240417 0.17009056 0.14505678 0.20044631 0.25276977 0.20580599 0.13651872 0.17010394 0.17325351 0.17698914 0.18853241 0.21275232 0.15690917 0.17642436 0.21751304 0.23439618 0.20442163 0.23150324 0.24280763 0.20466748 0.22147237 0.21577340 0.21268104 0.18660208 0.14008157 0.23040837 0.19688837 0.23689946 0.15782160 0.15935454 0.17413124 0.15141453 0.06900929 0.14022730 0.22814912 0.11671606 0.09985398 0.08725854 0.25580311 0.09470257 0.10902819 0.21925670 0.12460701 0.19079965 0.26723569 0.16616151 0.17061315 0.26232851 0.18859110 0.20479910 0.19001450 0.12775642 0.17984762 0.18443875 0.19903904 0.17589900 0.18658467 0.26024019 0.20543770 0.21293970 0.15762039 0.11948239 0.13756288 0.16772401 0.21162733 0.16382069 0.16070972 0.15880368 0.22456688 0.20071052 0.30414233 0.13242627 0.43400064 0.28974163 0.30003842 0.28651863 0.11738068 0.44173258 0.15193619 0.22911510 0.63339779 0.30356332 0.08944146 0.18818255 0.30863779 0.17609341 0.19997964 0.20453732 0.27584968 0.13127820 0.17044585 0.15192010 0.17677651 0.19331252 0.24939126 0.19751234 0.22079070 0.16893573 0.17517146 0.16391093 0.26286157 0.40121883 0.38318827 0.20651102 0.31058424 0.38433400 0.14993561 0.19663966 0.45351206 0.27809418 0.15245140 0.17762464 0.27610989 0.18613591 0.17568695 0.20774130 0.15498408 0.09140293 0.19284886 0.15545327 0.20230204 0.14967007 0.17443057 0.18273724 0.24900838 0.14560817 0.14128336 0.19380483 0.14206107 0.11553650 0.26190749 0.23473820 0.15468973 0.06760856 0.16194227 0.07704719 0.14129059 0.28102535 0.10038669 0.17043236 0.14024809 0.20662846 0.14018091 0.13134478 0.11723928 0.13004135 0.19405433 0.18404208 0.20022467 0.17939393 0.19468960 
0.18428649 0.18196947 0.16213655 0.13583392 0.17941385 0.19284630 0.13121923 0.28173831 0.27176055 0.27890386 0.23654766 0.37488027 0.26590603 0.79779714 0.00000000 0.48588027 0.26924228 0.20091340 0.21441616 0.21952029 0.14123385 0.23208913 0.24452339 0.17858991 0.16706413 0.16303147 0.13417233 0.12630342 0.08479573 0.16091076 0.13073039 0.22233914 0.14780836 0.17749740 0.16030754 0.29159637 0.23397798 0.24517414 0.22733020 0.21382332 0.29031089 0.27250429 0.17711790 0.22229208 0.22249707 0.17185677 0.18090135 0.12177031 0.22616925 0.13057102 0.16238722 0.24340971 0.14837675 0.14450443 0.29230330 0.24930755 0.11490161 0.17066041 0.43938613 0.21779560 0.13298292 0.21875851 0.32398041 0.16927445 0.16771770 0.23547215 0.19839541 0.11229729 0.19120940 0.24637474 0.23001066 0.21862983 0.27330081 0.16565032 0.19022118 0.20608289 0.21490245 0.17599927 0.17026932 0.13970470 0.17427760 0.20946320 0.17257518 0.13091455 0.17093906 0.30066783 0.14483475 0.23264102 0.22550158 0.32011435 0.20161559 0.25990980 0.21867638 0.24138986 0.15094968 0.11579555 0.14537514 0.17448588 0.05809798 0.16994984 0.17806786 0.15343927 0.16916091 0.12023399 0.12347026 0.10670704 0.08186703 0.11944844 0.21185915 0.09421359 0.19486596 0.18560820 0.17651669 0.22669216 0.19324899 0.30044024 0.22704505 0.16140014 0.24486394 0.11557703 0.25208462 0.13750125 0.18441960 0.57318794 0.34501180 0.14267697 0.22251244 0.29833709 0.23360611 0.18331553 0.24957739 0.29674432 0.16137245 0.18767275 0.16324207 0.18962844 0.30009961 0.25750281 0.40571675 0.33337470 0.32872755 0.28185805 0.23336145 0.34174729 0.25681029 0.29989528 0.15535889 0.43880101 0.30002541 0.15497586 0.19197689 0.33580592 0.31292171 0.11696150 0.18973546 0.19799317 0.20654822 0.23512262 0.29342139 0.16748251 0.17582138 0.12302881 0.24775558 0.11996212 0.10988720 0.13516576 0.13476996 0.10868941 0.20484435 0.06001247 0.17530017 0.13859571 0.15332399 0.25622844 0.05690084 0.11619478 0.14717655 0.23171231 0.11083828 0.12647916 0.21521256 0.13775621 0.24512908 0.09227862 0.15983878 0.11646765 0.10678657 0.09139483 0.17999655 0.11650741 0.11975700 0.16574531 0.15160302 0.18702336 
0.20951037 0.19756877 0.22321910 0.21205535 0.18096595 0.24893216 0.18932065 0.20188602 0.19403474 0.24867522 0.18872128 0.23783877 0.27131807 0.30684310 0.48588027 0.00000000 0.29017228 0.34799200 0.24474970 0.31405703 0.27990319 0.19074751 0.19798763 0.16626794 0.12270294 0.18690630 0.13931211 0.13265644 0.13488370 0.25084965 0.23701166 0.12436322 0.21844950 0.26031365 0.18479960 0.24464578 0.19900001 0.22211607 0.21462434 0.24696922 0.20721323 0.20760285 0.18451473 0.24670699 0.23476804 0.25153429 0.21645873 0.24632364 0.20068960 0.17421122 0.24433620 0.20237288 0.21845597 0.16305897 0.13693059 0.20834497 0.15121903 0.15524969 0.21715896 0.18832327 0.09626249 0.22181619 0.22945689 0.24964932 0.20344707 0.15942588 0.23283568 0.18207754 0.14166799 0.22266354 0.23038399 0.17689486 0.17077475 0.15336060 0.19291692 0.13215074 0.13814983 0.20336571 0.23204908 0.10642071 0.17762375 0.19302909 0.28273275 0.20139290 0.24872129 0.15181949 0.16687997 0.21739856 0.25115669 0.22283794 0.20998214 0.19211996 0.24812604 0.18365745 0.20024716 0.20815112 0.24871898 0.21007883 0.14742702 0.17505670 0.17875886 0.17239694 0.12296234 0.14958403 0.23690459 0.27259025 0.14467800 0.16382823 0.18363431 0.17200054 0.25031300 0.15098449 0.11827387 0.20535406 0.18340202 0.21191049 0.25717058 0.21855223 0.17237854 0.11474141 0.19380890 0.08991411 0.23533319 0.37755406 0.18908104 0.14323721 0.31301302 0.53393065 0.29469000 0.13598856 0.34742426 0.23257559 0.18822903 0.19041105 0.21925773 0.16951296 0.23165883 0.24579712 0.23940829 0.22806620 0.21860162 0.18526305 0.15236920 0.23532299 0.35017127 0.11046522 0.25794086 0.25133279 0.30192575 0.14027542 0.21680821 0.14560696 0.13971548 0.17309875 0.30494084 0.19678193 0.22718137 0.19549738 0.20286796 0.26351258 0.14831817 0.15682830 0.19648867 0.10779477 0.18106436 0.24631824 0.14288031 0.22770289 0.23360871 0.13248331 0.14265112 0.18433958 0.15202796 0.30710978 0.14637811 0.12742699 0.18371449 0.25307944 0.15195757 0.19014308 0.24311314 0.13045582 0.09016001 0.14228941 0.17093966 0.11329019 0.13550843 0.21568994 0.20408405 0.10435035 0.11569539 0.12551935 0.16227837 0.19568590 
0.21425659 0.21874667 0.24814581 0.34570716 0.25249392 0.20076422 0.17107675 0.23255682 0.20973570 0.11851853 0.21705089 0.31630230 0.35622387 0.42862598 0.26924228 0.29017228 0.00000000 0.33848868 0.28418881 0.12405306 0.22827188 0.21744066 0.18938936 0.21239941 0.11306102 0.24077248 0.23320790 0.15547209 0.18332082 0.18035356 0.16211268 0.07402806 0.16861269 0.28368669 0.16199987 0.22387425 0.19120363 0.20853652 0.24958450 0.19503833 0.14223869 0.18559771 0.27791214 0.15580665 0.20616972 0.19005639 0.23355422 0.14124689 0.20143333 0.13876661 0.25984544 0.12000659 0.10238137 0.14526232 0.23319868 0.17415133 0.10805181 0.23196998 0.18675941 0.21846786 0.19540199 0.16959435 0.19435723 0.16667369 0.18677518 0.24935610 0.08060253 0.18023872 0.20579780 0.09451383 0.12974381 0.19331762 0.10110563 0.20933217 0.18696298 0.08972458 0.14145484 0.22781717 0.14545891 0.15108047 0.23157936 0.18901153 0.12386431 0.22015247 0.11359098 0.13955801 0.22599651 0.21973144 0.25098423 0.13449812 0.26277202 0.25181154 0.16083613 0.19202194 0.11514240 0.12516710 0.24628072 0.25068453 0.14638118 0.18160364 0.22756649 0.24262245 0.13104666 0.15422912 0.22261416 0.23985302 0.22493317 0.24202398 0.22496495 0.15872031 0.22930987 0.25612845 0.20994271 0.15265280 0.14691196 0.44675049 0.36534821 0.31778109 0.85881399 0.15591485 0.12697439 0.08034365 0.18504489 0.50738874 0.11696334 0.12574064 0.30934457 0.15805709 0.24943392 0.14065223 0.26365158 0.28451111 0.14330979 0.22318186 0.24071021 0.16318081 0.23426195 0.18485965 0.15323810 0.18343451 0.13183147 0.17918176 0.15500277 0.17357961 0.37456875 0.20420267 0.22477080 0.17807393 0.24016048 0.17739746 0.06091369 0.26277252 0.20870538 0.24904917 0.26814602 0.25116671 0.09152692 0.24074955 0.25178867 0.25357295 0.15832182 0.21456790 0.21732175 0.13267938 0.15892810 0.21083183 0.16872953 0.17877937 0.22715690 0.10511811 0.19359061 0.18374161 0.20532036 0.41445294 0.22340728 0.14174876 0.12828441 0.19702314 0.20270721 0.16118260 0.12175246 0.23536994 0.10292111 0.28243062 0.12694607 0.23054949 0.16148298 0.12925084 0.26130063 0.11361381 0.17062140 0.24042647 0.19081714 0.22213216 
0.21470210 0.18785085 0.22796771 0.19105690 0.21047221 0.21312114 0.17375147 0.22560015 0.22909074 0.21611281 0.20425335 0.24627886 0.43537981 0.20231808 0.20091340 0.34799200 0.33848868 0.00000000 0.59873273 0.44146934 0.51193544 0.21170003 0.19615931 0.25169897 0.19173268 0.23379581 0.17208225 0.17636994 0.15214812 0.16920532 0.21500248 0.19796751 0.13847421 0.17940997 0.16999930 0.22831720 0.23995318 0.24260307 0.16934262 0.20888000 0.21611009 0.22281206 0.19258110 0.18519697 0.20285611 0.20068456 0.22774026 0.19260278 0.18523925 0.19242868 0.16035453 0.18413405 0.17776577 0.17506959 0.18794631 0.17030583 0.18735140 0.25149761 0.19950087 0.20391099 0.15263989 0.20480083 0.16625555 0.17052415 0.18992564 0.17540833 0.17850114 0.17370551 0.19382852 0.24217289 0.17059107 0.17447506 0.15597564 0.19878238 0.17556726 0.18397515 0.20267398 0.16485042 0.19762172 0.18759331 0.20440914 0.16287106 0.16804669 0.17925921 0.18993245 0.15554798 0.20487193 0.18929897 0.23888917 0.20896123 0.20212403 0.20863680 0.17883107 0.22684435 0.21629700 0.17805166 0.21957378 0.18037359 0.17067944 0.18642884 0.17152110 0.20270244 0.19458544 0.16533918 0.21154766 0.18117745 0.17778985 0.20030775 0.16077961 0.19737625 0.16433550 0.19523634 0.18613212 0.23130728 0.20239194 0.23093988 0.22002352 0.17540404 0.20772375 0.18603366 0.17513699 0.19037613 0.23258815 0.20055574 0.15842226 0.17019088 0.46558174 0.20506287 0.18908912 0.17628931 0.23398234 0.14775423 0.18050246 0.19558362 0.16460939 0.17894910 0.21915138 0.17158996 0.19898193 0.16686698 0.15079739 0.15233896 0.14789377 0.18429204 0.21835152 0.19179820 0.15093261 0.22850495 0.22867562 0.16243090 0.19535595 0.19524200 0.15571729 0.20526631 0.17845712 0.19419525 0.19183717 0.19221307 0.20789953 0.22638927 0.17748591 0.15895830 0.17976744 0.19242374 0.16681670 0.23365585 0.17982034 0.25543095 0.20908010 0.13407288 0.17184010 0.27275846 0.18682211 0.26072774 0.17330363 0.15838621 0.19352690 0.20413353 0.21511188 0.17147274 0.17205849 0.18725442 0.19058382 0.20366470 0.17968041 0.15903830 0.17462004 0.17719241 0.18050802 0.17362226 0.17851416 0.18083349 0.19007305 0.20914129 
