0.00000000 0.27559769 0.16695733 0.20898779 0.21107898 0.17393797 0.16016323 0.10540321 0.16314617 0.13307229 0.14596897 0.15544125 0.13938900 0.13954826 0.17549574 0.14174403 0.12296274 0.13135856 0.18004255 0.12750942 0.13520846 0.14811664 0.15640534 0.13040734 0.11300752 0.11478822 0.12660498 0.13118635 0.09906015 0.10334975 0.13028913 0.09248370 0.13076620 0.09655340 0.12649492 0.10746926 0.11920139 0.14377626 0.09662261 0.15404367 0.13285746 0.12368227 0.15881768 0.09844534 0.09722043 0.13495458 0.13870989 0.14362558 0.13257767 0.15229001 0.14247390 0.16322785 0.17770364 0.15200337 0.14989431 0.11377364 0.14166313 0.11694152 0.10778893 0.13972211 0.10474936 0.12883694 0.12705781 0.14608465 0.15055580 0.17484592 0.17363827 0.12632871 0.11744462 0.13866029 0.10571805 0.14943717 0.12495213 0.13108653 0.09634258 0.12596623 0.11680950 0.13521288 0.11634534 0.13395948 0.10571449 0.09887834 0.11556790 0.13862248 0.12959311 0.10689070 0.13362154 0.11433686 0.10369867 0.11709224 0.14050615 0.12503160 0.15372680 0.13812171 0.10677246 0.11956338 0.12410176 0.12130394 0.10515260 0.14531637 0.15890489 0.13074019 0.12578125 0.10841430 0.12623225 0.12594961 0.12661213 0.13905556 0.12673932 0.09643041 0.12214433 0.11491494 0.12596282 0.13516284 0.15229152 0.12891776 0.10435187 0.11556964 0.12725273 0.13623400 0.15465868 0.11340185 0.12841058 0.10757911 0.13165481 0.11275148 0.12447608 0.11202118 0.17185007 0.12357894 0.13812621 0.11490520 0.16595285 0.09525901 0.13341847 0.15390530 0.10963967 
0.27559769 0.00000000 0.29712708 0.22025850 0.19281180 0.15019416 0.10277725 0.12078461 0.17906709 0.12649399 0.17768648 0.08592762 0.15759484 0.11756762 0.12293630 0.14593581 0.13692135 0.19225931 0.13549452 0.15289678 0.13297100 0.17157216 0.14585730 0.09118072 0.12833694 0.11275162 0.08929502 0.10960275 0.09438509 0.05877645 0.12423448 0.10632688 0.14675333 0.12823608 0.16032194 0.11811743 0.14416648 0.11245031 0.11755257 0.11399521 0.11603339 0.10358254 0.11510793 0.13700484 0.10683319 0.12079556 0.14143220 0.14274096 0.13358587 0.14736952 0.15443607 0.14406915 0.15996233 0.14998884 0.13720353 0.11036275 0.09835711 0.12693859 0.11569817 0.10760197 0.12199840 0.15307848 0.15975126 0.16199177 0.15947956 0.16250865 0.21695491 0.14281665 0.11308047 0.17791587 0.12563201 0.11519921 0.15349505 0.09681141 0.12140167 0.11769684 0.09837689 0.13336585 0.09145886 0.11320516 0.15402052 0.11828214 0.12074276 0.10840764 0.15627218 0.11412820 0.13258486 0.09470429 0.12446650 0.09413766 0.11170356 0.11098930 0.14304547 0.11907656 0.14847689 0.12740347 0.14975585 0.11361131 0.11844866 0.18435558 0.10754056 0.14615115 0.09813946 0.11075261 0.16317966 0.11421648 0.14933201 0.13706787 0.12323847 0.13442362 0.11795195 0.12034664 0.15582566 0.14823893 0.10830323 0.12790069 0.09180825 0.11020655 0.16495694 0.10216002 0.15103047 0.08817841 0.12323883 0.07853997 0.12151807 0.12010272 0.10728204 0.15235011 0.14025801 0.20182239 0.13123390 0.13355281 0.13613028 0.13525125 0.12355387 0.13172671 0.18029745 
0.16695733 0.29712708 0.00000000 0.36469204 0.27020706 0.22078868 0.11255124 0.16765494 0.17029275 0.09725077 0.15300551 0.09760485 0.12214573 0.11902589 0.15756579 0.14651136 0.18702265 0.13016292 0.15053693 0.18025492 0.10479848 0.12616551 0.12858379 0.10570915 0.06591432 0.16927314 0.08027174 0.17325236 0.09534456 0.08518419 0.15162807 0.14261620 0.16863625 0.13771733 0.15919065 0.14036819 0.10958354 0.14073771 0.10611232 0.12911141 0.10147357 0.10520549 0.12040243 0.17652181 0.11686447 0.09629068 0.14225342 0.15349036 0.13483770 0.11709331 0.18783437 0.11583141 0.10739038 0.10959911 0.15562948 0.12228975 0.09265372 0.09018992 0.14422161 0.10389171 0.14658004 0.10364831 0.08377176 0.10881121 0.15524406 0.16594319 0.13298449 0.14867437 0.15208504 0.13077139 0.10985406 0.10315947 0.09401677 0.08804018 0.15255004 0.13505443 0.12067086 0.11441316 0.09032390 0.10725026 0.14696882 0.12340344 0.13818370 0.09088712 0.13671797 0.12086711 0.17487884 0.15008111 0.10535080 0.12539055 0.12673479 0.16313410 0.16058522 0.14583601 0.14652558 0.17997116 0.16695068 0.12960899 0.15839341 0.07652625 0.10997830 0.13353793 0.12902269 0.12531409 0.22997957 0.12436826 0.14575625 0.07072996 0.14853937 0.07886399 0.11257670 0.16260431 0.09416506 0.14096259 0.08031968 0.12667656 0.13309235 0.12215135 0.15138521 0.15009480 0.13608909 0.10255236 0.10102426 0.10031858 0.15707166 0.12065954 0.12860187 0.16168379 0.10338886 0.16500181 0.10205215 0.13976498 0.09799497 0.11635848 0.14369794 0.12927313 0.16373479 
0.20898779 0.22025850 0.36469204 0.00000000 0.21626171 0.26006939 0.16115544 0.16201153 0.16307845 0.14378784 0.15465455 0.11735308 0.11803704 0.20419127 0.14949093 0.15565153 0.12748308 0.08272457 0.15152709 0.11717170 0.18017294 0.17914412 0.12215385 0.12084419 0.14765414 0.11735466 0.12560885 0.08380116 0.11897351 0.07539877 0.12942597 0.06934610 0.13430258 0.15297611 0.13471420 0.13176416 0.28363244 0.12123440 0.11735801 0.11077006 0.14188313 0.10368282 0.08951446 0.16024154 0.17838633 0.11623072 0.12688300 0.13055054 0.10588762 0.14314393 0.06349677 0.11242862 0.14822006 0.11055343 0.15818274 0.11223344 0.13333995 0.15028350 0.10978419 0.10780353 0.15301650 0.20502389 0.11869039 0.23596069 0.13800164 0.21331433 0.08058180 0.08613846 0.17661688 0.08237136 0.13482629 0.21215147 0.15928038 0.07887095 0.10009455 0.09791036 0.23432298 0.13210962 0.09043624 0.17240084 0.10665370 0.12006993 0.13217344 0.11788597 0.10489090 0.12350500 0.12226744 0.07804949 0.12083199 0.12273895 0.07349446 0.14367595 0.08424596 0.09208393 0.11720693 0.08784336 0.14300000 0.12725148 0.10522402 0.19869604 0.11284812 0.10438162 0.12184466 0.13677624 0.15111246 0.11458344 0.12020897 0.15380258 0.06990002 0.12406323 0.13030816 0.12123644 0.14974270 0.14192237 0.14490103 0.16450378 0.07669275 0.07475237 0.12002102 0.16154860 0.15870026 0.12223619 0.08840744 0.11674251 0.13287455 0.12747686 0.08909539 0.11331815 0.13106656 0.13420371 0.11994034 0.13395264 0.16381892 0.10531719 0.17399602 0.10990607 0.09241413 
0.21107898 0.19281180 0.27020706 0.21626171 0.00000000 0.32350987 0.18526500 0.13432794 0.19407000 0.16171480 0.20752450 0.08494489 0.14893625 0.17569245 0.11566004 0.08156589 0.13027879 0.13841178 0.11585367 0.10635467 0.09833885 0.17215695 0.13189025 0.11185243 0.10252731 0.13342303 0.11059312 0.13217160 0.07742040 0.11196488 0.14306748 0.12782645 0.13988071 0.14980329 0.20259264 0.17163288 0.14313498 0.14371948 0.11347426 0.11342623 0.15911792 0.15575697 0.13141898 0.16143543 0.10929509 0.11027199 0.12036450 0.14125325 0.16601228 0.11340343 0.15602986 0.08460216 0.14415221 0.14828976 0.13928448 0.12188497 0.16274224 0.12927786 0.14993055 0.05602497 0.14644472 0.14197784 0.12100310 0.12268267 0.12554412 0.08500277 0.10808523 0.09441303 0.12854983 0.06061305 0.23483275 0.14929413 0.16015893 0.07382434 0.19373882 0.07949594 0.12975469 0.12512553 0.13138412 0.09702912 0.16100284 0.17118481 0.10757085 0.13170147 0.12948885 0.15199265 0.24333216 0.12398872 0.16747968 0.17172799 0.17028189 0.16547078 0.15366502 0.08686430 0.12452571 0.13728731 0.11417610 0.12646231 0.08199759 0.14270379 0.16588294 0.07533997 0.07137317 0.10082544 0.15180337 0.12873008 0.13554051 0.07626068 0.11209648 0.07673063 0.21828846 0.18318152 0.11945568 0.10496586 0.12306934 0.09383696 0.11366289 0.11431009 0.15542674 0.09434696 0.16262747 0.07145111 0.12824642 0.00000000 0.08375086 0.09099168 0.08485902 0.08327636 0.06108964 0.10750921 0.19522676 0.25016923 0.13102894 0.13301534 0.22399882 0.14519100 0.16918869 
0.17393797 0.15019416 0.22078868 0.26006939 0.32350987 0.00000000 0.20362590 0.24199501 0.19612782 0.13181438 0.17299541 0.16325142 0.14835284 0.18134129 0.14953669 0.16611800 0.10402773 0.06460581 0.07419496 0.14044359 0.14732151 0.14400597 0.11710731 0.13444332 0.12388310 0.13295251 0.12561624 0.11507141 0.20162737 0.21710927 0.15448656 0.15514679 0.10196332 0.20885142 0.09002785 0.13756255 0.17228874 0.12766712 0.12721113 0.16122078 0.12236337 0.11839341 0.12199388 0.11068170 0.07902820 0.12202031 0.10374664 0.06469775 0.06887877 0.14120282 0.07989686 0.11695248 0.10710724 0.09206645 0.14191561 0.06919551 0.10791815 0.11078890 0.08401039 0.07324160 0.15177271 0.12464824 0.18631071 0.29743065 0.13089723 0.11581407 0.14726253 0.12758051 0.11870830 0.11004615 0.10595678 0.29664867 0.16639023 0.16068642 0.12513319 0.09421541 0.09370838 0.14268399 0.14200297 0.15349758 0.06810079 0.13019915 0.07967710 0.09921495 0.08539199 0.10158034 0.11965188 0.08103933 0.06641247 0.06485955 0.08142786 0.10535025 0.06826416 0.11199199 0.14070076 0.15860802 0.14453776 0.08728037 0.14478290 0.13735060 0.23208694 0.12436676 0.12866440 0.17347707 0.09205931 0.12287867 0.15324564 0.16677973 0.06746061 0.11369839 0.11444735 0.06779657 0.12194559 0.10834705 0.15460915 0.16070498 0.12203105 0.15276850 0.10757302 0.13022708 0.11285658 0.13068770 0.10038963 0.07545151 0.12298064 0.15376830 0.20334128 0.18205462 0.15847706 0.15618178 0.14477791 0.11522807 0.14343028 0.12435162 0.15962645 0.12223109 0.16409718 
0.16016323 0.10277725 0.11255124 0.16115544 0.18526500 0.20362590 0.00000000 0.19074651 0.22918990 0.11804260 0.26439905 0.19735149 0.17004727 0.13684460 0.14606360 0.09059084 0.10207367 0.09827706 0.20508713 0.10638994 0.10417127 0.10994321 0.10106801 0.02954019 0.13373370 0.15817657 0.17696779 0.38547202 0.16330386 0.28360483 0.17557704 0.12348558 0.16834912 0.14994837 0.14087187 0.19892395 0.17949719 0.16987431 0.09176648 0.18149685 0.09148511 0.13346703 0.07702473 0.10457104 0.13946449 0.15784699 0.18248829 0.07286348 0.13864256 0.10429117 0.14730031 0.10053373 0.18620379 0.08359500 0.12167406 0.08154732 0.06895462 0.12181381 0.18839405 0.10421505 0.15530884 0.12240655 0.11986944 0.09237571 0.13869684 0.09927639 0.10779044 0.16737229 0.06357064 0.13652798 0.13040617 0.10217014 0.05731294 0.17776326 0.05072561 0.11920200 0.06394559 0.10428040 0.14024905 0.17463295 0.14162643 0.11525434 0.14616732 0.14862020 0.08472516 0.12131749 0.14513358 0.11664562 0.23737214 0.11436908 0.10376783 0.07614983 0.11082390 0.13156753 0.11296895 0.09662480 0.14625463 0.19054663 0.16299810 0.07824216 0.16540698 0.13213038 0.14575450 0.14044347 0.14124571 0.11069153 0.16893438 0.15225321 0.28848472 0.15292250 0.16846063 0.12874957 0.16113663 0.10872960 0.15949434 0.11830310 0.11645199 0.12128903 0.07183334 0.11700282 0.08747345 0.03947402 0.08003550 0.15342274 0.15544086 0.11111634 0.15564072 0.06122426 0.07873503 0.17711279 0.11582915 0.10641221 0.13829842 0.16990676 0.17048921 0.10847193 0.15544696 
0.10540321 0.12078461 0.16765494 0.16201153 0.13432794 0.24199501 0.19074651 0.00000000 0.25699848 0.26474623 0.19610009 0.12048695 0.14171985 0.19939711 0.12639406 0.23256279 0.12763890 0.09432763 0.14660653 0.06032790 0.17472580 0.09138555 0.10271663 0.11954959 0.13994414 0.15524824 0.17197182 0.13367157 0.42351924 0.13190062 0.25224576 0.08831986 0.12752894 0.16949688 0.14762013 0.13803779 0.19784666 0.16858419 0.32622184 0.16106149 0.16969672 0.09887619 0.10600283 0.08628920 0.06813741 0.18150173 0.11140045 0.06841803 0.08216994 0.06325833 0.02828750 0.11165121 0.08450054 0.10806812 0.11031459 0.13534062 0.10849961 0.10833861 0.10827790 0.11806097 0.12865659 0.16731979 0.12980876 0.13710961 0.15983934 0.13205035 0.14190583 0.12620515 0.10274139 0.12657019 0.11615927 0.10501334 0.11094542 0.12934281 0.16397824 0.21374127 0.12942718 0.13858804 0.09811352 0.13104100 0.08442781 0.10735039 0.09859806 0.12090622 0.06728068 0.09243080 0.10462990 0.11210489 0.06002545 0.10042979 0.12496200 0.07491379 0.07477564 0.15937359 0.12605408 0.17704407 0.09660179 0.14376673 0.07679698 0.10410244 0.13445276 0.13371776 0.09922996 0.13006021 0.18345468 0.13993351 0.15217226 0.13678879 0.09420195 0.11536873 0.07111980 0.09994186 0.10483461 0.10834880 0.11215260 0.13429596 0.14029121 0.17157491 0.13980427 0.07729145 0.22523693 0.13254850 0.10633154 0.14881413 0.13276337 0.09675059 0.13336975 0.13783543 0.16887551 0.15157371 0.10916207 0.15208314 0.13117219 0.13563737 0.12502444 0.12972359 0.09039266 
0.16314617 0.17906709 0.17029275 0.16307845 0.19407000 0.19612782 0.22918990 0.25699848 0.00000000 0.16840006 0.58237762 0.11380722 0.22891601 0.19780029 0.17539410 0.13934016 0.09996395 0.15187201 0.16699753 0.09324207 0.11902086 0.04309572 0.12492968 0.13869100 0.12927084 0.14529132 0.10364098 0.22882180 0.10688311 0.13731646 0.06194367 0.14199473 0.09610358 0.07573175 0.16198874 0.13515194 0.08727258 0.09838357 0.14088753 0.07908322 0.07293681 0.16155690 0.12152697 0.18150908 0.08427623 0.15160327 0.14163979 0.11619639 0.13724431 0.16182148 0.11461220 0.13520794 0.18529486 0.16286746 0.12870310 0.19604236 0.17959332 0.10985373 0.13654474 0.05567837 0.19231548 0.10010130 0.14896327 0.08494422 0.15706819 0.17116848 0.13675016 0.12796531 0.11992618 0.16783041 0.06364852 0.14061547 0.13078112 0.13591815 0.14839114 0.08694600 0.08730988 0.13130076 0.11471851 0.13924308 0.11101571 0.12770851 0.09746042 0.11474503 0.10734321 0.11769235 0.11499238 0.11001400 0.13003009 0.17578460 0.10690687 0.12823317 0.13327662 0.12133021 0.15941610 0.15657312 0.13825317 0.19387627 0.08817700 0.15727009 0.13822750 0.09017299 0.10382598 0.12634391 0.19445598 0.11113711 0.11016212 0.08484157 0.13317823 0.15993397 0.11478440 0.16601542 0.15210674 0.19543157 0.14152045 0.14799838 0.13271049 0.08329087 0.04290443 0.08519538 0.09883201 0.06361560 0.08565014 0.13355854 0.05448366 0.14659047 0.10838762 0.07844161 0.09887916 0.15015239 0.14342490 0.07365917 0.07897710 0.13937412 0.14344405 0.16176360 0.15980479 
0.13307229 0.12649399 0.09725077 0.14378784 0.16171480 0.13181438 0.11804260 0.26474623 0.16840006 0.00000000 0.28506314 0.21243187 0.13276830 0.12018524 0.13564561 0.13835123 0.14511385 0.10046149 0.09250351 0.09639365 0.11019387 0.08363524 0.12317160 0.10966469 0.15394287 0.12032759 0.41018604 0.14178328 0.14049817 0.06321334 0.15048138 0.06017185 0.09619034 0.08709450 0.09025997 0.13881263 0.23450777 0.13951689 0.23321517 0.10785086 0.20174297 0.10361226 0.16133435 0.08976001 0.10054453 0.10169176 0.08630113 0.10917954 0.07113339 0.09558825 0.13503660 0.08777888 0.13980418 0.09941587 0.07781508 0.10539427 0.13125170 0.12928692 0.14788766 0.18687228 0.17941730 0.21487960 0.15599568 0.20060985 0.23508159 0.12889785 0.12362716 0.12741407 0.14891420 0.10692141 0.10674774 0.19501096 0.09465861 0.14001530 0.16030572 0.19144912 0.09303761 0.21707584 0.07136770 0.13931160 0.12524426 0.08477030 0.12031376 0.10169774 0.05863563 0.07839886 0.09414849 0.11086536 0.13525702 0.10584663 0.15924503 0.11709374 0.08777605 0.08984673 0.09819971 0.09014200 0.12458774 0.13776963 0.09300597 0.15490585 0.13090942 0.21281845 0.10526815 0.23414962 0.10848372 0.15219911 0.12343247 0.18419373 0.08216698 0.13858626 0.08210991 0.10002044 0.12534467 0.08504689 0.12779785 0.19120906 0.11387586 0.22316566 0.11156574 0.19863672 0.09269024 0.14340257 0.04849079 0.11903633 0.10763460 0.08164868 0.14761238 0.08360221 0.15431543 0.13327012 0.12174379 0.13543752 0.26086656 0.12722077 0.15806475 0.13409159 0.13628787 
0.14596897 0.17768648 0.15300551 0.15465455 0.20752450 0.17299541 0.26439905 0.19610009 0.58237762 0.28506314 0.00000000 0.16680256 0.69845375 0.11623949 0.16452963 0.13577530 0.12951822 0.16482263 0.22376307 0.11605856 0.11026383 0.15271104 0.13755617 0.23806392 0.10305149 0.13303842 0.10734604 0.11555530 0.12347767 0.11924882 0.08134448 0.18981800 0.13668148 0.11383610 0.20228172 0.16613334 0.08125084 0.11971885 0.10755068 0.12435051 0.09530699 0.17098863 0.09304430 0.10377588 0.13489393 0.16777882 0.16237810 0.07755021 0.07654808 0.12334299 0.09710977 0.09658778 0.15352975 0.08994243 0.13299089 0.11959657 0.11682728 0.08940691 0.18044040 0.07705267 0.17312804 0.12288037 0.11194664 0.08915867 0.03988609 0.16671053 0.13240135 0.09491198 0.14494116 0.07258045 0.13990672 0.10922742 0.12108993 0.10720551 0.15723106 0.04937204 0.11927426 0.11665276 0.05592256 0.10118279 0.07180654 0.13989891 0.16485256 0.12665466 0.16938548 0.09603037 0.09504770 0.15369639 0.17592035 0.11956787 0.13121755 0.06161274 0.17174961 0.06295689 0.10075116 0.11982490 0.07535792 0.18048524 0.07896578 0.13736889 0.14392592 0.13195899 0.09703795 0.12308170 0.08147564 0.13719673 0.10402049 0.16741415 0.12551552 0.15218829 0.06713010 0.11816587 0.10472257 0.14750332 0.05879546 0.12142783 0.14156326 0.11540045 0.08841896 0.18498964 0.08428257 0.10182053 0.11971088 0.06105334 0.08021280 0.06593748 0.11233123 0.18874955 0.15120529 0.24562965 0.13443257 0.15406358 0.10498632 0.14124913 0.02925675 0.12432266 0.12766048 
0.15544125 0.08592762 0.09760485 0.11735308 0.08494489 0.16325142 0.19735149 0.12048695 0.11380722 0.21243187 0.16680256 0.00000000 0.15645659 0.17292825 0.15659828 0.21539152 0.17519442 0.12231776 0.12832741 0.11809157 0.09996922 0.09400412 0.11220103 0.09923995 0.45164898 0.12575804 0.38674358 0.02629159 0.11578225 0.16608614 0.17255881 0.17135190 0.11821673 0.06144072 0.09760663 0.17361339 0.18068366 0.08979471 0.13912480 0.07180739 0.22351266 0.15309702 0.35092934 0.07567016 0.08438319 0.09100036 0.08390486 0.13308317 0.11353934 0.13604723 0.08843242 0.03654179 0.07024291 0.12966672 0.07749735 0.15107279 0.19831809 0.25307903 0.06814133 0.19770955 0.15748755 0.16134039 0.14073748 0.12677981 0.12227005 0.13725677 0.13468530 0.19312045 0.16279382 0.12399015 0.07360555 0.11437093 0.14371992 0.17274797 0.07270660 0.19178459 0.15639691 0.14924619 0.14639282 0.09247994 0.11962363 0.15961326 0.09229475 0.11018583 0.08370567 0.12084239 0.13287290 0.07679417 0.12187496 0.08040514 0.06449587 0.11140283 0.09101522 0.10342688 0.09949416 0.15113819 0.11292933 0.16134830 0.12012251 0.17016937 0.14759202 0.10052768 0.16874611 0.17751262 0.09172320 0.14274948 0.08240702 0.14767647 0.14447934 0.08217991 0.12438256 0.04906810 0.09178828 0.06540023 0.10545477 0.08474902 0.10740121 0.16175018 0.05704632 0.19946600 0.17004399 0.28557947 0.10733873 0.13995855 0.10442013 0.14054681 0.23532651 0.05715087 0.22228888 0.12427613 0.25208619 0.13202228 0.20198219 0.19912628 0.09668900 0.13137247 0.11856428 
0.13938900 0.15759484 0.12214573 0.11803704 0.14893625 0.14835284 0.17004727 0.14171985 0.22891601 0.13276830 0.69845375 0.15645659 0.00000000 0.19936748 0.19211058 0.23996867 0.16076204 0.12295620 0.10248103 0.14044368 0.20771952 0.37736678 0.16355579 0.22683450 0.09068355 0.13963556 0.12071739 0.15776430 0.07395051 0.09692507 0.11005376 0.11880134 0.11349759 0.12771438 0.14725765 0.10595945 0.08397468 0.09936077 0.13209188 0.15467847 0.08316394 0.14150712 0.17789508 0.10987901 0.16673956 0.11288707 0.09728406 0.08836794 0.15222850 0.20472940 0.20569039 0.14240283 0.13986191 0.11290983 0.14082008 0.16019881 0.07319479 0.07127102 0.10963801 0.04350827 0.09362012 0.05045501 0.04572287 0.07355571 0.17539043 0.13891491 0.16190411 0.13715685 0.08605876 0.12071663 0.17852569 0.10299916 0.11319264 0.09243626 0.14313150 0.02622182 0.12815062 0.12789730 0.14326227 0.17978163 0.13374325 0.11626676 0.13032280 0.11947464 0.11253834 0.18993143 0.16421883 0.11181912 0.15492066 0.14577699 0.09430585 0.22479631 0.12709281 0.19123776 0.06960328 0.16072459 0.12373702 0.08182372 0.08301585 0.14049862 0.04986578 0.17680480 0.16005161 0.06293072 0.05857383 0.12653375 0.06391008 0.12066918 0.08199259 0.13319935 0.15218454 0.14384260 0.13396222 0.20205936 0.13012016 0.15725682 0.15296172 0.10801440 0.08779275 0.06911424 0.22568319 0.04790134 0.08839406 0.17314209 0.14877700 0.17172162 0.18322761 0.11520617 0.17630717 0.06993004 0.07437623 0.12068792 0.06699498 0.14890868 0.11722122 0.11855553 0.13279814 
0.13954826 0.11756762 0.11902589 0.20419127 0.17569245 0.18134129 0.13684460 0.19939711 0.19780029 0.12018524 0.11623949 0.17292825 0.19936748 0.00000000 0.18689406 0.29385120 0.13823208 0.12988641 0.20938558 0.05462999 0.12127915 0.17014939 0.26037368 0.12542046 0.19264887 0.08479188 0.16069550 0.13793309 0.15129405 0.07577829 0.15209405 0.10126638 0.09379621 0.10017775 0.10500009 0.14132031 0.19519186 0.13586014 0.12754380 0.17301568 0.16899577 0.16998369 0.12306597 0.11133302 0.15949468 0.11181930 0.06809149 0.14386094 0.10617477 0.12949743 0.10214776 0.17095379 0.12100469 0.09671228 0.12271258 0.13709681 0.10361446 0.10281598 0.14309846 0.20900176 0.11925239 0.12655739 0.09226078 0.10538450 0.10254028 0.13420406 0.12125652 0.13518661 0.15188177 0.09146440 0.08987360 0.09832798 0.09794057 0.17815878 0.11906867 0.16968943 0.13937320 0.10589655 0.19364142 0.13151008 0.11604691 0.15056926 0.14067561 0.07495248 0.10821500 0.11281385 0.10704404 0.12102237 0.15532319 0.09216133 0.17452139 0.09372773 0.09657756 0.13533245 0.08289786 0.11676434 0.11230385 0.11524930 0.10422575 0.12568840 0.12882045 0.07452367 0.12096655 0.12553110 0.12010450 0.11378310 0.11822608 0.21377591 0.16787090 0.14337123 0.09241654 0.13770524 0.13761033 0.13791021 0.12728352 0.11410036 0.08923297 0.11511342 0.10592628 0.09517465 0.17402739 0.10788657 0.14277196 0.11392703 0.11044296 0.17368023 0.09935685 0.11037453 0.17869467 0.14764130 0.12883361 0.09726032 0.17346553 0.16009220 0.19443645 0.09922100 0.13721274 
0.17549574 0.12293630 0.15756579 0.14949093 0.11566004 0.14953669 0.14606360 0.12639406 0.17539410 0.13564561 0.16452963 0.15659828 0.19211058 0.18689406 0.00000000 0.30718268 0.29064787 0.11992361 0.19312135 0.40084493 0.14532333 0.24621143 0.14188809 0.18842685 0.14995868 0.17962041 0.17697314 0.11260009 0.12854047 0.14898591 0.07444525 0.12403208 0.09072809 0.12797839 0.05951576 0.12330598 0.08354014 0.10125810 0.05400942 0.13546875 0.12026492 0.10529888 0.10920945 0.13722325 0.12829119 0.12307979 0.13777280 0.18113874 0.11113476 0.11864972 0.09981884 0.12487374 0.09303092 0.16968836 0.11577755 0.10238820 0.12648830 0.11458577 0.18368396 0.11994952 0.21447735 0.13156189 0.16421241 0.10596455 0.10582139 0.08962975 0.12521552 0.14833712 0.10143286 0.13664684 0.11314089 0.12412040 0.12542940 0.15321899 0.12389387 0.16661933 0.14873819 0.11757247 0.17086998 0.10140888 0.11105153 0.12859571 0.15129962 0.16455494 0.08851186 0.09708262 0.11842813 0.14389649 0.14660975 0.10419212 0.10699269 0.07837427 0.12188617 0.15102172 0.19782473 0.09598520 0.13436462 0.13387324 0.14513224 0.13953923 0.07117418 0.18995400 0.15102260 0.13548582 0.11095970 0.12522685 0.06421334 0.17027634 0.04521863 0.13623903 0.12126585 0.13364266 0.05266072 0.08866652 0.15046800 0.14130661 0.10353533 0.08054588 0.12012754 0.10850715 0.11259462 0.12259905 0.12956561 0.14728075 0.13080564 0.20932641 0.11078574 0.16125218 0.21673249 0.15974427 0.08704693 0.12520269 0.17432464 0.08689478 0.16243022 0.10518514 0.16559628 
0.14174403 0.14593581 0.14651136 0.15565153 0.08156589 0.16611800 0.09059084 0.23256279 0.13934016 0.13835123 0.13577530 0.21539152 0.23996867 0.29385120 0.30718268 0.00000000 0.17554831 0.21288592 0.17194519 0.18696858 0.16154053 0.12482204 0.21778118 0.12568697 0.15178004 0.08786962 0.10314256 0.13918684 0.17209584 0.20055905 0.10062920 0.11423707 0.12335334 0.10301647 0.15388910 0.07008888 0.16032531 0.10159061 0.15795420 0.11061836 0.10668894 0.14312111 0.11503008 0.10893009 0.19794699 0.15652621 0.16572217 0.15330849 0.11598117 0.15565403 0.14025274 0.10288326 0.16462860 0.14872337 0.10483484 0.12455503 0.18908083 0.10798497 0.15959951 0.06872996 0.14079086 0.14732391 0.12612513 0.09639400 0.15498010 0.11374235 0.09154051 0.16229242 0.09581777 0.10093633 0.11034673 0.08181200 0.16220211 0.10666056 0.09811496 0.13131988 0.07776313 0.12400178 0.07018501 0.10891179 0.09601074 0.09206868 0.17995222 0.11757890 0.13647373 0.11741239 0.16637542 0.15537024 0.23112516 0.05515403 0.20231857 0.08757080 0.13819739 0.16887543 0.12532557 0.18177707 0.08192340 0.13371785 0.08969499 0.11122790 0.15513460 0.12032857 0.15107979 0.09269170 0.10471798 0.10687006 0.12662080 0.18408381 0.06168701 0.12683919 0.06143031 0.12379366 0.13656574 0.13137962 0.11092116 0.18121000 0.14078119 0.11037326 0.18806389 0.10732735 0.14319042 0.11871551 0.16181815 0.10218847 0.09853843 0.15346670 0.21093085 0.14682089 0.07778692 0.13385783 0.11373390 0.10758179 0.09041077 0.12766516 0.19679434 0.10475785 0.11816594 
0.12296274 0.13692135 0.18702265 0.12748308 0.13027879 0.10402773 0.10207367 0.12763890 0.09996395 0.14511385 0.12951822 0.17519442 0.16076204 0.13823208 0.29064787 0.17554831 0.00000000 0.12429346 0.18346313 0.19259866 0.20351745 0.15305768 0.19152529 0.22566222 0.12443152 0.11346039 0.09196301 0.11680109 0.10426801 0.08178801 0.09024310 0.18558370 0.16015020 0.18558958 0.08352266 0.15037253 0.13613766 0.12144460 0.09237849 0.18002668 0.07808231 0.13847382 0.16453896 0.17610619 0.17801409 0.12165614 0.11410946 0.15913129 0.15858970 0.13137870 0.19720372 0.10774404 0.12116557 0.10703708 0.09527923 0.13595139 0.13217841 0.11463958 0.17279964 0.14647704 0.20210278 0.15141721 0.09709779 0.05462798 0.07660040 0.13213629 0.08142186 0.09493801 0.08969199 0.15134197 0.10942371 0.13925077 0.16130640 0.03022616 0.07198305 0.10441448 0.07580597 0.12894575 0.09952755 0.07317435 0.20433754 0.14712389 0.12003465 0.11342307 0.14283099 0.18416394 0.15156858 0.18326841 0.17208892 0.17801605 0.12039055 0.11781654 0.17151360 0.12680989 0.17315046 0.16487910 0.14942500 0.11508335 0.11795237 0.13839719 0.21120607 0.11200947 0.18081493 0.13090765 0.08327789 0.12925780 0.06090283 0.08447979 0.11771629 0.09657875 0.08360470 0.05700109 0.08282433 0.14965063 0.18848121 0.08132397 0.12036975 0.11431411 0.18613266 0.14877999 0.12634247 0.16827191 0.13547743 0.11471991 0.25924732 0.17754719 0.11221222 0.26893630 0.11130150 0.16896555 0.15397552 0.14224528 0.14001534 0.13986513 0.18515098 0.14831732 0.12209066 
0.13135856 0.19225931 0.13016292 0.08272457 0.13841178 0.06460581 0.09827706 0.09432763 0.15187201 0.10046149 0.16482263 0.12231776 0.12295620 0.12988641 0.11992361 0.21288592 0.12429346 0.00000000 0.31702875 0.18505178 0.16646893 0.13485968 0.11438737 0.13399548 0.14464360 0.16131875 0.10789674 0.11871881 0.10649399 0.09504867 0.11144838 0.18611161 0.18305393 0.13958304 0.14355229 0.10387434 0.10231057 0.11000414 0.12564687 0.10682651 0.04288100 0.16587261 0.10527896 0.12550268 0.14778185 0.16211248 0.18173392 0.17189916 0.14016403 0.18292673 0.14781928 0.22348417 0.22166862 0.14063318 0.16321644 0.10798412 0.17953362 0.07513861 0.13530995 0.06693275 0.25333541 0.07779942 0.17721424 0.06298739 0.08412064 0.10262932 0.15829118 0.16231886 0.22222240 0.07701581 0.19655441 0.08549576 0.20094127 0.07730965 0.14590127 0.06530159 0.08066993 0.12824313 0.12376079 0.07509542 0.16946923 0.11605898 0.19353156 0.13202375 0.16307195 0.09831879 0.11246650 0.26272015 0.15124848 0.15665150 0.16394904 0.15062796 0.16673558 0.23273680 0.19775547 0.24748882 0.14115761 0.18192064 0.10726652 0.09443536 0.05743492 0.05805996 0.18125818 0.09697147 0.09323996 0.10299264 0.12619061 0.11079665 0.15112145 0.12298105 0.18130848 0.18958066 0.08921392 0.19615767 0.17282396 0.10628556 0.13330649 0.10428449 0.11608042 0.09879473 0.13755440 0.10492763 0.12627990 0.09010093 0.20236058 0.09599641 0.08593190 0.24142162 0.10113667 0.11557565 0.13160373 0.07581567 0.13281909 0.15633298 0.08783858 0.08001646 0.12643063 
0.18004255 0.13549452 0.15053693 0.15152709 0.11585367 0.07419496 0.20508713 0.14660653 0.16699753 0.09250351 0.22376307 0.12832741 0.10248103 0.20938558 0.19312135 0.17194519 0.18346313 0.31702875 0.00000000 0.23618954 0.21792602 0.16935861 0.06140009 0.11128251 0.09820929 0.11430815 0.03337961 0.18107682 0.10709002 0.13016409 0.05285765 0.21181281 0.11339203 0.20199210 0.18538545 0.15499310 0.12937422 0.13820472 0.10735754 0.20096147 0.15976163 0.15492795 0.11770838 0.10689988 0.06692563 0.14443868 0.21987443 0.13907134 0.21453114 0.17244070 0.15836591 0.21656665 0.20203049 0.16221285 0.15523839 0.17840661 0.09546795 0.07332840 0.16154651 0.14873162 0.12645394 0.04577708 0.16937173 0.10018078 0.07488732 0.13034394 0.15654736 0.14699679 0.11256883 0.14711534 0.09030178 0.07097435 0.16047352 0.13569738 0.10570712 0.14809431 0.14272274 0.09837232 0.13845037 0.07654051 0.10950650 0.11774203 0.11728425 0.17950261 0.20514047 0.14330605 0.17012996 0.13502962 0.18782325 0.15006630 0.16165983 0.12590175 0.17204815 0.14993908 0.15709936 0.21935184 0.15444235 0.17201222 0.13177034 0.17564778 0.11130727 0.02884998 0.07495583 0.05967653 0.10828194 0.12736564 0.11834792 0.08157519 0.10220532 0.08586260 0.14822535 0.09819180 0.09387998 0.22181084 0.08024193 0.09550990 0.12185615 0.04212859 0.19609672 0.09421153 0.13446745 0.06313937 0.09973768 0.16270814 0.14998238 0.19187487 0.13648503 0.11173582 0.11557799 0.13930070 0.10643888 0.07276688 0.06586964 0.12665889 0.11703257 0.16819691 0.10277414 
0.12750942 0.15289678 0.18025492 0.11717170 0.10635467 0.14044359 0.10638994 0.06032790 0.09324207 0.09639365 0.11605856 0.11809157 0.14044368 0.05462999 0.40084493 0.18696858 0.19259866 0.18505178 0.23618954 0.00000000 0.22610219 0.11584596 0.08709646 0.17595972 0.14083340 0.07727426 0.14292838 0.22820457 0.12938984 0.14949731 0.13576604 0.19697220 0.18951418 0.14233498 0.09143142 0.21128158 0.10660055 0.11100206 0.12267847 0.12845167 0.08423705 0.10538230 0.12504909 0.18163675 0.08337667 0.16621328 0.12574908 0.12989592 0.24342019 0.16358294 0.12049883 0.16567130 0.21926989 0.14736458 0.17601859 0.08689082 0.11546661 0.14667912 0.15132965 0.11179770 0.10858094 0.04989175 0.13210216 0.12956395 0.14917710 0.09257666 0.16729804 0.15111085 0.15828678 0.11027410 0.15144556 0.11089467 0.08413842 0.05918574 0.14993810 0.08848978 0.11688545 0.10318594 0.11804170 0.11767486 0.16337146 0.05315859 0.20116431 0.17317909 0.18382655 0.16812319 0.17508494 0.15931927 0.14749448 0.14634601 0.18176549 0.19174899 0.11403026 0.18290465 0.20775933 0.16211841 0.12252629 0.13371304 0.09748681 0.18520300 0.09937798 0.11536959 0.09905138 0.14941312 0.17553007 0.11575380 0.13354302 0.05690746 0.14031742 0.16751247 0.11316697 0.12161759 0.15703304 0.10900807 0.15679495 0.11221238 0.09836845 0.07563847 0.14240041 0.13376384 0.11609832 0.13822660 0.03737375 0.08418398 0.20709939 0.15318514 0.14722378 0.12535759 0.08322306 0.08488970 0.13510491 0.18067336 0.12993066 0.08044446 0.08818343 0.13390692 0.08731598 
0.13520846 0.13297100 0.10479848 0.18017294 0.09833885 0.14732151 0.10417127 0.17472580 0.11902086 0.11019387 0.11026383 0.09996922 0.20771952 0.12127915 0.14532333 0.16154053 0.20351745 0.16646893 0.21792602 0.22610219 0.00000000 0.20329443 0.18190530 0.12971497 0.12169609 0.11200942 0.15444223 0.12114308 0.19191125 0.10815509 0.07190297 0.07306020 0.07147071 0.22537745 0.17288103 0.13575699 0.20669181 0.10713267 0.11117188 0.19904702 0.10650680 0.06568099 0.13351938 0.22019096 0.15479038 0.22414324 0.17452587 0.11942384 0.08062655 0.13691525 0.14720106 0.17138040 0.13747026 0.13970095 0.14256535 0.21262121 0.20910797 0.14691774 0.17973714 0.10190663 0.06503784 0.14150596 0.12333595 0.15429918 0.10525932 0.08730576 0.13367466 0.13163740 0.11060847 0.12660748 0.07683522 0.11849202 0.05410378 0.14959799 0.19749679 0.13300585 0.07920786 0.10063262 0.14325304 0.15312941 0.14894317 0.16347640 0.17446384 0.13891731 0.08477100 0.20718109 0.14000023 0.15268495 0.09626610 0.11294516 0.12585514 0.12931081 0.12710456 0.12576269 0.14273929 0.15809598 0.17697041 0.20688692 0.06211371 0.17838562 0.13594009 0.16775269 0.10171472 0.09673911 0.15274493 0.14573961 0.12943935 0.08465065 0.02845949 0.09992171 0.10532301 0.08551683 0.10754053 0.10965883 0.18161222 0.09517241 0.09397328 0.10876191 0.20924803 0.16340241 0.12467859 0.14803210 0.14246243 0.13640902 0.16778990 0.10038200 0.12754154 0.17324518 0.10570476 0.13729261 0.10148220 0.10269958 0.12125322 0.07595678 0.13698770 0.11065453 0.13569358 
0.14811664 0.17157216 0.12616551 0.17914412 0.17215695 0.14400597 0.10994321 0.09138555 0.04309572 0.08363524 0.15271104 0.09400412 0.37736678 0.17014939 0.24621143 0.12482204 0.15305768 0.13485968 0.16935861 0.11584596 0.20329443 0.00000000 0.28585416 0.50340354 0.14443064 0.22664259 0.13766099 0.07075333 0.12092665 0.09885691 0.14368308 0.09507537 0.05961652 0.14505706 0.14640722 0.06657755 0.09957101 0.11377673 0.11907589 0.11311485 0.12702721 0.13185235 0.11107900 0.11622237 0.16699196 0.17657831 0.09375256 0.15797964 0.11862357 0.17254051 0.13710007 0.10077026 0.12620923 0.12355441 0.13971551 0.14488400 0.12124880 0.11561095 0.11156142 0.07268567 0.13579282 0.08111034 0.09737623 0.09274364 0.17818130 0.08480184 0.13448516 0.08631351 0.12951263 0.17189090 0.16719695 0.07652498 0.18518094 0.18792352 0.14731410 0.06809664 0.10323246 0.14103331 0.08791587 0.11946896 0.13689970 0.14085224 0.12179961 0.10664803 0.18212659 0.13493204 0.11873796 0.11453146 0.12576380 0.15079467 0.11046383 0.17107506 0.16060222 0.13582092 0.16150914 0.15119629 0.14262028 0.04734167 0.14543027 0.15265147 0.14819336 0.14652716 0.18409237 0.11577671 0.19385263 0.11948140 0.10175926 0.14995251 0.10910387 0.12518621 0.14985761 0.09666056 0.15803083 0.13362019 0.14306059 0.09272582 0.12328450 0.11567721 0.10963760 0.11172618 0.15984329 0.16785751 0.16711631 0.12624597 0.13489649 0.18255594 0.12461648 0.09661231 0.16722491 0.13313015 0.09087540 0.23452066 0.05380853 0.09018822 0.16100005 0.11226148 0.13185837 
0.15640534 0.14585730 0.12858379 0.12215385 0.13189025 0.11710731 0.10106801 0.10271663 0.12492968 0.12317160 0.13755617 0.11220103 0.16355579 0.26037368 0.14188809 0.21778118 0.19152529 0.11438737 0.06140009 0.08709646 0.18190530 0.28585416 0.00000000 0.18882982 0.07822262 0.22761526 0.16196139 0.15612689 0.10818514 0.13256631 0.12967912 0.09220696 0.13509994 0.13463799 0.19546547 0.13198139 0.08334959 0.08458661 0.13796480 0.10077094 0.13204715 0.08539623 0.21299713 0.14487130 0.18643388 0.13867459 0.19012461 0.20585730 0.11436252 0.17206995 0.17932566 0.11098736 0.08066429 0.12396386 0.08430320 0.19920334 0.17973215 0.13771246 0.09447216 0.07182672 0.01920165 0.09357830 0.12994190 0.04833392 0.09922165 0.12151066 0.14886311 0.16004101 0.12473525 0.12539963 0.20384524 0.12235766 0.08102297 0.11990847 0.16893714 0.06590974 0.11158190 0.13114698 0.07531445 0.15488838 0.13381956 0.15291374 0.17265149 0.15268980 0.06563932 0.16783364 0.14317496 0.13790635 0.14055046 0.21293703 0.13808532 0.14277810 0.09827615 0.10751508 0.11171668 0.12019718 0.20124638 0.15397351 0.11794283 0.08044547 0.18494824 0.12697843 0.06584571 0.10184680 0.15613926 0.10818905 0.19099922 0.13711768 0.10710640 0.11181341 0.10293899 0.13383242 0.09751588 0.11007813 0.10881452 0.14147088 0.12107679 0.17233100 0.12297331 0.13550195 0.11669155 0.15014376 0.14843861 0.18079818 0.08279935 0.13620701 0.24792418 0.16787768 0.28310678 0.18940452 0.15953034 0.08037288 0.13140130 0.15214862 0.10949598 0.09914897 0.18111923 
0.13040734 0.09118072 0.10570915 0.12084419 0.11185243 0.13444332 0.02954019 0.11954959 0.13869100 0.10966469 0.23806392 0.09923995 0.22683450 0.12542046 0.18842685 0.12568697 0.22566222 0.13399548 0.11128251 0.17595972 0.12971497 0.50340354 0.18882982 0.00000000 0.15417634 0.40700710 0.18085379 0.21904729 0.13203351 0.14259761 0.10788492 0.11998802 0.11736996 0.16068873 0.18023879 0.06745801 0.18117201 0.10452391 0.12933569 0.14064426 0.08335300 0.21844359 0.08691787 0.37416070 0.12096366 0.14434610 0.15806679 0.16918886 0.09132738 0.09985939 0.15054320 0.11725485 0.10341907 0.17829694 0.14577192 0.12207990 0.10752507 0.14030902 0.12757305 0.10127695 0.12544491 0.15927598 0.07551478 0.11805212 0.05341294 0.13194856 0.10159791 0.13738492 0.17858632 0.10640880 0.06599388 0.13043470 0.09502026 0.12447798 0.15540068 0.13176442 0.16905747 0.20632181 0.15459338 0.03943752 0.12633082 0.14246944 0.14516739 0.09570088 0.13691252 0.14242756 0.08405288 0.16615587 0.15052869 0.13026382 0.13172244 0.05101936 0.15377429 0.15001059 0.13818886 0.14051036 0.11700516 0.11130264 0.10186364 0.13973689 0.06110183 0.09584005 0.11137436 0.09688149 0.08958556 0.11263796 0.05158264 0.09389731 0.10508353 0.10841761 0.10841887 0.08399440 0.09478625 0.03805121 0.07439324 0.09574639 0.04459345 0.14266388 0.16929658 0.14485311 0.22287922 0.16929490 0.22885035 0.14934899 0.16174063 0.14587761 0.14932591 0.14541185 0.14528705 0.13913835 0.10863799 0.07274012 0.12933198 0.10231862 0.17100355 0.19899614 0.16257233 
0.11300752 0.12833694 0.06591432 0.14765414 0.10252731 0.12388310 0.13373370 0.13994414 0.12927084 0.15394287 0.10305149 0.45164898 0.09068355 0.19264887 0.14995868 0.15178004 0.12443152 0.14464360 0.09820929 0.14083340 0.12169609 0.14443064 0.07822262 0.15417634 0.00000000 0.13272918 0.23420553 0.17871667 0.15925553 0.12008305 0.16127987 0.13079602 0.08411487 0.07193253 0.14354922 0.15084924 0.16245301 0.09566923 0.17310025 0.09899646 0.19123071 0.15733889 0.29544190 0.12541469 0.10396394 0.11304668 0.06754082 0.10196534 0.14777637 0.14128206 0.16898834 0.11658551 0.09409328 0.16294508 0.07776619 0.16198168 0.13882136 0.17927785 0.16301416 0.19433058 0.16067225 0.23042773 0.09413526 0.15421009 0.10923512 0.17354939 0.13451688 0.08404905 0.18469362 0.17343604 0.08369467 0.18670609 0.04707266 0.23366907 0.09283821 0.10466973 0.10738227 0.19353329 0.21059961 0.20876636 0.07690463 0.13053391 0.07885904 0.09817351 0.08189877 0.10640251 0.12442548 0.09654929 0.09814192 0.10107872 0.09351999 0.12545347 0.08047596 0.06127883 0.06560072 0.11040051 0.10972750 0.14229862 0.07711466 0.12927890 0.11739302 0.15138134 0.14297408 0.16504940 0.05197796 0.13369771 0.12894888 0.12157174 0.09092931 0.20870218 0.06759721 0.10281391 0.11625922 0.07497123 0.17216396 0.15482767 0.13498369 0.18519994 0.07723376 0.26711946 0.14347469 0.36049725 0.14897084 0.11139099 0.10568045 0.11978075 0.14050036 0.07495318 0.19211641 0.13296696 0.13323394 0.12446358 0.13845130 0.14396426 0.13198010 0.08709014 0.07073074 
0.11478822 0.11275162 0.16927314 0.11735466 0.13342303 0.13295251 0.15817657 0.15524824 0.14529132 0.12032759 0.13303842 0.12575804 0.13963556 0.08479188 0.17962041 0.08786962 0.11346039 0.16131875 0.11430815 0.07727426 0.11200942 0.22664259 0.22761526 0.40700710 0.13272918 0.00000000 0.19102081 0.68692088 0.12311795 0.15636415 0.15302189 0.15108945 0.11787398 0.11551986 0.14848993 0.06343517 0.04261964 0.10899060 0.12129494 0.10211945 0.08605574 0.16964645 0.18415699 0.21525996 0.17213944 0.08142960 0.24176454 0.18425441 0.15031421 0.24012531 0.14836915 0.10428661 0.13282244 0.13830446 0.17460241 0.11592380 0.14278872 0.13130685 0.12845561 0.05199319 0.09428648 0.11126874 0.11690332 0.08578814 0.04734850 0.08453722 0.11317697 0.12566476 0.07883840 0.06633779 0.04488113 0.15101969 0.09201320 0.10399003 0.12967986 0.10949723 0.20930501 0.11193194 0.12123185 0.07641573 0.18424404 0.15268634 0.13061512 0.14546821 0.15541575 0.12839348 0.13120927 0.16786693 0.10736480 0.11475162 0.18736730 0.09617637 0.17887695 0.09351681 0.13834640 0.21414242 0.13842238 0.12483669 0.16550986 0.13697366 0.04272555 0.13948487 0.08471316 0.08951976 0.14773228 0.13920631 0.07245448 0.15877608 0.10134266 0.08818013 0.14864194 0.22988530 0.11961700 0.19525506 0.09924354 0.10729174 0.12839246 0.04046087 0.16232516 0.15716371 0.12715818 0.08552148 0.07649808 0.18479629 0.13101748 0.13105718 0.09772258 0.14627417 0.14127752 0.11480755 0.04491957 0.13533471 0.11563805 0.11619931 0.14820626 0.10734453 0.14954974 
