0.00000000 0.49718204 0.44138618 0.46594202 0.44475750 0.46527457 0.43163569 0.41600390 0.39924541 0.38122218 0.37203393 0.37607772 0.36689016 0.36263159 0.37994856 0.36986123 0.41559035 0.36718899 0.36168306 0.37181666 0.37049880 0.34993997 0.35194247 0.38580906 0.34957452 0.34553124 0.34864579 0.35475338 0.36854308 0.34815374 0.38163539 0.34419618 0.34866211 0.38356484 0.35334367 0.34640055 0.37524369 0.36383626 0.36382660 0.32643308 0.36396022 0.36142776 0.34810366 0.34331579 0.34642783 0.35927793 0.33973550 0.34572054 0.35327860 0.36993147 0.35859302 0.34026050 0.35499431 0.33785607 0.37287075 0.35427294 0.36628483 0.35793303 0.33892760 0.31756434 0.34777074 0.34371536 0.35916609 0.35516071 0.36307384 0.37025189 0.36886602 0.39210941 0.34941676 0.35667969 0.35655274 0.33845737 0.34532349 0.36425492 0.35093843 0.34124437 0.35597617 0.34304291 0.35109799 0.36169633 0.37981806 0.34748916 0.35570760 0.35485639 0.34475172 0.33797996 0.33923204 0.35049292 0.37184778 0.35693093 0.34365861 0.34456721 0.32328391 0.33113117 0.31911924 0.31847606 0.34641989 0.33436683 0.33264848 0.32864456 0.34914445 0.33024910 0.34275548 0.33211895 0.35625006 0.31979045 0.35810951 0.33071680 0.31193013 0.30666480 0.33153659 0.35199432 0.38934034 
0.49718204 0.00000000 0.52189454 0.54036937 0.51168922 0.51432719 0.51582830 0.52253684 0.41591872 0.41487704 0.37838812 0.36677802 0.38550009 0.35830363 0.39738317 0.36340462 0.38457983 0.36398587 0.34376382 0.36693104 0.36524090 0.34468777 0.36387566 0.35656252 0.36873095 0.37412707 0.36140003 0.33505352 0.36822259 0.36847859 0.37267455 0.34605735 0.32016540 0.36898023 0.37553602 0.32891512 0.33409434 0.34134301 0.34982703 0.29868919 0.35417155 0.34055085 0.36409809 0.39357575 0.37295222 0.33457473 0.35903101 0.34993621 0.35816171 0.31923962 0.32141780 0.34061651 0.36724120 0.34608250 0.34028697 0.38820006 0.39814258 0.33281903 0.36826877 0.34958993 0.32519863 0.35986991 0.34442593 0.36657301 0.30832783 0.35087804 0.33148833 0.31953536 0.35755640 0.35266114 0.36059509 0.30932716 0.34138761 0.34172068 0.34421533 0.32497335 0.37105038 0.35533236 0.33129598 0.33201123 0.36656374 0.31618339 0.37388411 0.34117056 0.36267648 0.35045034 0.33770860 0.34884749 0.35205273 0.33876758 0.33046234 0.35761824 0.31487815 0.32000748 0.29822306 0.30683632 0.32395408 0.32571319 0.32893251 0.33783394 0.36341399 0.32351924 0.33970737 0.33320977 0.35376165 0.30249026 0.34281971 0.33853905 0.34110235 0.32369375 0.32065160 0.33987860 0.38726220 
0.44138618 0.52189454 0.00000000 0.58380765 0.55452821 0.53566528 0.51271101 0.51611476 0.44147489 0.39185757 0.38262363 0.39322435 0.39254879 0.34287070 0.39321350 0.38027061 0.36014040 0.33919906 0.46372856 0.35325872 0.38113681 0.33243240 0.46019007 0.38087443 0.37284193 0.34782346 0.36099513 0.36657260 0.37268409 0.34143605 0.35346041 0.33210447 0.29925395 0.36032298 0.40793698 0.41674958 0.30763071 0.33819932 0.31131647 0.32177102 0.35363950 0.43377354 0.33246417 0.35041869 0.32617242 0.33706734 0.29747979 0.34624973 0.34342314 0.36182096 0.32624508 0.28712462 0.34458590 0.41125247 0.37276409 0.36179105 0.38056301 0.33340310 0.33290083 0.35974956 0.35785021 0.37119387 0.35208547 0.36124387 0.31616346 0.40010142 0.33807126 0.35340442 0.34155688 0.35751357 0.37572067 0.31858962 0.34902895 0.33756380 0.37391016 0.32582964 0.31865271 0.33760523 0.34353858 0.32646043 0.34795610 0.29835419 0.32096158 0.34525185 0.36679085 0.35949833 0.31580389 0.34549961 0.38429594 0.35635552 0.32577426 0.33786470 0.29531754 0.31916945 0.30688825 0.28367426 0.35545449 0.28245148 0.33098948 0.33122968 0.33023040 0.31546292 0.32985500 0.32085071 0.34278167 0.28306159 0.37164847 0.33741114 0.32501320 0.30694690 0.30194808 0.32421968 0.37092105 
0.46594202 0.54036937 0.58380765 0.00000000 0.54316033 0.54000195 0.52729066 0.51888203 0.43563846 0.40664440 0.36739372 0.39974053 0.39629596 0.36437159 0.39864507 0.31549113 0.36331500 0.36037055 0.40699606 0.36142386 0.36535154 0.34158452 0.36006193 0.36372198 0.34803713 0.36189011 0.37500222 0.33501833 0.34981350 0.31469681 0.37380014 0.34421524 0.28734920 0.35531710 0.39611534 0.40948903 0.33243246 0.32931115 0.33183710 0.31490164 0.34176018 0.43704177 0.31539126 0.36875469 0.32143375 0.32085114 0.32940007 0.34164523 0.36478137 0.37780663 0.33948061 0.30789091 0.34318001 0.40207626 0.39341179 0.36782319 0.39147385 0.33269039 0.31561167 0.36616244 0.31698842 0.39433714 0.41208736 0.33795644 0.32183940 0.36170654 0.36555594 0.36993940 0.33702287 0.31070727 0.37512735 0.32480168 0.34005365 0.35657778 0.35907845 0.30512121 0.36642381 0.31051658 0.33354024 0.30486660 0.36666254 0.29389321 0.34754368 0.34463912 0.39249668 0.36518150 0.31899408 0.34906974 0.36655897 0.38528931 0.35568327 0.34393517 0.30596931 0.29962628 0.31542995 0.30608411 0.38590166 0.29965932 0.30097644 0.32035459 0.35190186 0.32244773 0.33179917 0.31551817 0.31524731 0.30051509 0.35221978 0.34384371 0.31654913 0.30678771 0.29213896 0.32683387 0.38229334 
0.44475750 0.51168922 0.55452821 0.54316033 0.00000000 0.60703759 0.57134393 0.49808627 0.47001729 0.39075925 0.41853251 0.40405766 0.36976071 0.34099431 0.41477541 0.34498878 0.43201602 0.33311671 0.38939059 0.36729998 0.37280945 0.35609824 0.35388049 0.38373439 0.38476091 0.38420982 0.36484393 0.34678978 0.35566820 0.38946989 0.36923650 0.32137554 0.29684700 0.34400474 0.36165469 0.33948177 0.36569611 0.34946264 0.32330877 0.30777329 0.37348657 0.36136321 0.35824707 0.36709190 0.35833886 0.36479172 0.31631123 0.37608879 0.35172992 0.36097328 0.34506032 0.31255514 0.34735996 0.35896478 0.35467565 0.35710513 0.38600992 0.35527853 0.31628311 0.33308701 0.34585600 0.35212625 0.38087275 0.32265530 0.29160445 0.36646172 0.33858029 0.31684942 0.33709901 0.35974451 0.35380250 0.30272236 0.34972221 0.32052260 0.33834629 0.36658282 0.36579471 0.33105204 0.36528831 0.36407270 0.38277170 0.32410928 0.34297000 0.32423220 0.33026643 0.34422119 0.30775200 0.38208213 0.33936680 0.36464271 0.34181103 0.35951634 0.32499289 0.31689394 0.33044576 0.31376334 0.31782969 0.30783785 0.30613465 0.31401117 0.33459216 0.30579863 0.30933282 0.31753013 0.34638300 0.29454733 0.34817594 0.32275964 0.29622745 0.31182681 0.30117390 0.33669128 0.38965416 
0.46527457 0.51432719 0.53566528 0.54000195 0.60703759 0.00000000 0.58243500 0.50980564 0.48433655 0.39713021 0.37785741 0.42105255 0.40299200 0.36181473 0.41519892 0.34747852 0.38304525 0.35862309 0.44737339 0.39719479 0.41815438 0.36971734 0.36897898 0.36916475 0.37164251 0.36677496 0.34845231 0.31956841 0.34216812 0.37242222 0.38992045 0.31312121 0.31212834 0.37581068 0.35336914 0.35030657 0.35054492 0.35089569 0.34172844 0.31165565 0.36307540 0.37395637 0.32981489 0.33372131 0.35754104 0.35507796 0.33140740 0.37522422 0.33393751 0.41979818 0.32338958 0.32400983 0.36522525 0.38439698 0.33433988 0.36136136 0.37498078 0.34866174 0.33399898 0.34753525 0.35232013 0.31399704 0.33904975 0.33060517 0.29926563 0.33708968 0.34408383 0.30329387 0.32570596 0.35019262 0.36896844 0.31970674 0.32621144 0.31272473 0.36134083 0.37759394 0.34017052 0.33662452 0.32483781 0.31172651 0.36104662 0.33914313 0.34422243 0.31868995 0.43259686 0.37226461 0.33210957 0.35529222 0.34966244 0.32991856 0.33263107 0.32820073 0.31125970 0.29179775 0.31677640 0.29962132 0.30820016 0.28575288 0.31855326 0.30331079 0.33404241 0.30035107 0.34985195 0.32180659 0.34045840 0.27189705 0.35852122 0.34587542 0.32626397 0.31040689 0.30468947 0.32499838 0.38496577 
0.43163569 0.51582830 0.51271101 0.52729066 0.57134393 0.58243500 0.00000000 0.55571857 0.46481172 0.43134474 0.39608517 0.40529729 0.39582575 0.37161549 0.40542272 0.33577076 0.40230612 0.40069088 0.41687608 0.36568842 0.39782591 0.35328633 0.37497395 0.38823332 0.37748443 0.37042643 0.32518695 0.32463569 0.34642512 0.38484265 0.39811404 0.30769533 0.31646491 0.32806563 0.34494059 0.34694092 0.31337767 0.33203289 0.32787544 0.32146306 0.35701732 0.37992286 0.34974818 0.38077277 0.33017073 0.38012909 0.35514320 0.38919342 0.32500606 0.35414312 0.35427286 0.34796930 0.36714672 0.34488263 0.35583232 0.36437925 0.43490821 0.35600183 0.30474589 0.36671465 0.34750156 0.35884330 0.32837001 0.32176435 0.29518990 0.32924438 0.34360695 0.31462885 0.33463137 0.32385687 0.36854086 0.32810670 0.34796902 0.34274754 0.34388653 0.35907336 0.33764187 0.34075094 0.31939617 0.34104877 0.35416984 0.29946854 0.36494688 0.33381027 0.37087842 0.35827655 0.31949422 0.35270729 0.35656702 0.35436689 0.34440669 0.38411665 0.32740380 0.30500867 0.29767324 0.32213104 0.32641754 0.29491846 0.28685769 0.31989871 0.32934904 0.28444767 0.36346476 0.32469479 0.34931312 0.28065741 0.34068931 0.33431693 0.35325632 0.30541093 0.29926362 0.30618188 0.37037746 
0.41600390 0.52253684 0.51611476 0.51888203 0.49808627 0.50980564 0.55571857 0.00000000 1.32766269 0.56160031 0.55470076 0.47817521 0.43497560 0.42277588 0.44915059 0.37179006 0.43086609 0.37628435 0.42464477 0.33820120 0.36799877 0.35913194 0.34472519 0.39819439 0.38441565 0.43693811 0.38066707 0.22914870 0.34058914 0.26349181 0.32990590 0.24597231 0.30367206 0.41363269 0.31567757 0.46651374 0.28926390 0.35999198 0.29056037 0.22150649 0.39482047 0.39102167 0.33964669 0.43393712 0.25804985 0.31335217 0.28787634 0.36310327 0.39911929 0.34599079 0.27271743 0.27798506 0.38905618 0.32978318 0.30438703 0.37806541 0.48723578 0.32476905 0.34332773 0.27741811 0.25567987 0.26050087 0.45178923 0.32463093 0.20920988 0.29449023 0.28783168 0.29697046 0.35994142 0.36510194 0.30709355 0.28104280 0.36822248 0.38151042 0.35685716 0.41426080 0.29597465 0.37139852 0.34807285 0.25685778 0.30862910 0.30651964 0.24692261 0.35467936 0.31990705 0.36845927 0.38781145 0.31947519 0.39233202 0.40986977 0.35025670 0.32443123 0.26837768 0.26310070 0.43387772 0.37052655 0.24115215 0.16037145 0.31518923 0.25582836 0.29905440 0.29104706 0.29208802 0.32008037 0.37426739 0.32141331 0.35747796 0.35492597 0.31113896 0.28699135 0.35688472 0.31013776 0.30738278 
0.39924541 0.41591872 0.44147489 0.43563846 0.47001729 0.48433655 0.46481172 1.32766269 0.00000000 0.73294551 0.58034042 0.57631326 0.48301509 0.54598532 0.50583116 0.36795794 0.52699733 0.34614716 0.48329513 0.43780053 0.49473484 0.38255207 0.44891039 0.42449499 0.45849556 0.42720207 0.36277836 0.41264185 0.34395160 0.32802853 0.27536642 0.21332090 0.24897094 0.36279742 0.16275851 0.38339457 0.21682096 0.29388005 0.27505712 0.17839948 0.36549718 0.27651824 0.34377652 0.32994327 0.22333423 0.22174222 0.29017155 0.33329113 0.39926599 0.41755165 0.38510173 0.38461038 0.51769669 0.44845408 0.23569973 0.44344218 0.54891224 0.41077443 0.30654307 0.25317211 0.27350643 0.17687171 0.28449726 0.23212435 0.28533350 0.20336372 0.34437398 0.27188689 0.43150184 0.27286453 0.34000479 0.30117052 0.39542403 0.39907691 0.35546674 0.37521578 0.32863943 0.26453447 0.34453703 0.26035979 0.30933527 0.20142163 0.28994120 0.35106289 0.29008820 0.36026236 0.26666567 0.35351370 0.42893362 0.39451217 0.40520473 0.32958361 0.18526207 0.31956028 0.30391663 0.32853051 0.24894534 0.22321415 0.34513694 0.33012109 0.44048994 0.40048087 0.34901537 0.25793865 0.39154351 0.16359982 0.31521441 0.33798408 0.42030266 0.35271900 0.43731091 0.27863218 0.28896829 
0.38122218 0.41487704 0.39185757 0.40664440 0.39075925 0.39713021 0.43134474 0.56160031 0.73294551 0.00000000 0.88879858 0.76151233 0.60870801 0.50229451 0.42119873 0.45711962 0.45838033 0.41633543 0.35397603 0.31111777 0.44748941 0.43010171 0.36267050 0.41588931 0.31006177 0.37053801 0.30807226 0.34514901 0.30514738 0.30543038 0.38993248 0.22660686 0.27621498 0.31262966 0.35098234 0.30914586 0.26568106 0.34406488 0.34226805 0.28403412 0.42867824 0.40252232 0.31809569 0.18637952 0.50876692 0.32168100 0.40793928 0.64091357 0.53863239 0.26885710 0.21742706 0.69195312 0.48961890 0.47279599 0.41714562 0.45617576 0.36575315 0.52493430 0.31942082 0.42765785 0.35074564 0.31038462 0.37889163 0.22063547 0.35789331 0.28199235 0.36053489 0.26028462 0.28568176 0.31377794 0.24796540 0.31537995 0.33918086 0.31501404 0.31343326 0.28007197 0.23094989 0.40691427 0.24147985 0.21108036 0.25613307 0.26932560 0.21331729 0.24264341 0.27528754 0.29729613 0.30513890 0.34515014 0.30034670 0.25628724 0.36004249 0.30840522 0.26545639 0.35424836 0.34135185 0.18898182 0.27502451 0.33663107 0.52222186 0.24726175 0.30580084 0.35664624 0.31218205 0.40051521 0.27830976 0.38532578 0.42181549 0.33023688 0.35312254 0.42262986 0.31343353 0.30645451 0.29222988 
0.37203393 0.37838812 0.38262363 0.36739372 0.41853251 0.37785741 0.39608517 0.55470076 0.58034042 0.88879858 0.00000000 0.93108336 0.69661598 0.60600265 0.48740377 0.55897987 0.47171650 0.83173171 0.34840453 0.54725022 0.50143456 0.88818384 0.32780150 0.55706840 0.39797029 0.54213963 0.40004345 0.28902770 0.47862291 0.25940822 0.37907861 0.12372353 0.12964513 0.34734061 0.28294333 0.30879545 0.17254650 0.29903617 0.23670228 0.20101035 0.31387304 0.29033643 0.26222485 0.20298188 0.20344830 0.26933806 0.24993366 0.23659856 0.34635995 0.23150179 0.27749581 0.35270086 0.43862532 0.44660993 0.26367256 0.41796312 0.43103582 0.26415073 0.92800944 0.33461887 0.74225908 0.20573254 0.42026615 0.14650941 0.21310404 0.27649144 0.39349385 0.28353844 0.25985825 0.38081779 0.28240140 0.32230279 0.45741501 0.36446017 0.34938664 0.43015105 0.09853364 0.37471930 0.35883525 0.18919018 0.23927812 0.24612851 0.27010549 0.41150037 0.27505937 0.41473239 0.37654000 0.33679469 0.38044221 0.40325351 0.28484413 0.42017430 0.27753754 0.30607589 0.30295430 0.25575554 0.21214067 0.31106419 0.28411672 0.28582192 0.35806867 0.25765271 0.28042474 0.38235323 0.39793331 0.30581229 0.30355677 0.40751538 0.31087105 0.34124474 0.32140900 0.21251350 0.26009755 
0.37607772 0.36677802 0.39322435 0.39974053 0.40405766 0.42105255 0.40529729 0.47817521 0.57631326 0.76151233 0.93108336 0.00000000 0.69960773 0.89224029 0.45764816 0.53776978 0.45183207 0.61060208 0.36958016 0.43279494 0.46793642 0.33519778 0.39323442 0.54427135 0.44597426 0.37447828 0.34486472 0.27164150 0.25068830 0.24891759 0.38984705 0.35030818 0.20353211 0.70491698 0.21228824 0.49868863 0.26025420 0.35866481 0.28730575 0.15928155 0.31014502 0.34475172 0.55522997 0.29960092 0.19558777 0.21315200 0.23948667 0.30758585 0.54597139 0.25999162 0.35442127 0.34153340 0.33720381 0.36815458 0.37949675 0.40506836 0.47520754 0.32786274 0.38810093 0.25509164 0.52770883 0.89165438 0.39745218 0.24820379 0.26755318 0.28431164 0.73180500 0.61496597 0.42589927 0.34852073 0.18086168 0.23601254 0.27585369 0.31212076 0.32224728 0.30571981 0.22923000 0.26256525 0.28334938 0.15465566 0.22217452 0.20215940 0.12537598 0.17927263 0.51070446 0.15148193 0.29006697 0.34576630 0.36706058 0.33633756 0.36536852 0.36398924 0.32280907 0.35074846 0.21629824 0.29644760 0.22042324 0.26269667 0.33106206 0.32644831 0.33490080 0.25632242 0.15480839 0.37343504 0.40160887 0.26608260 0.37895007 0.41685714 0.33031200 0.39707505 0.30923457 0.25227335 0.27552348 
0.36689016 0.38550009 0.39254879 0.39629596 0.36976071 0.40299200 0.39582575 0.43497560 0.48301509 0.60870801 0.69661598 0.69960773 0.00000000 0.81592820 0.63072646 0.51263880 0.41595153 0.77356083 0.43719246 0.35984237 0.35941174 0.88631530 0.45346767 0.39477089 0.38046865 0.29291177 0.39577826 0.32414494 0.50941985 0.34190863 0.65095280 0.14409010 0.27513167 0.31631946 0.27793681 0.34337900 0.28051443 0.32480185 0.33149947 0.21549910 0.29664266 0.42961514 0.28577292 0.33614020 0.28869632 0.30357893 0.17176089 0.51303670 0.30870874 0.30956381 0.27961755 0.25780687 0.35699680 0.33861041 0.23624520 0.41241815 0.27939237 0.28147510 0.26660340 0.26239635 1.63344295 0.15664608 0.50366024 0.24186455 0.24020401 0.23935795 0.28466337 0.61992513 0.46193120 0.42366874 0.32932418 0.27026287 0.29418630 0.32545087 0.41234572 0.28834348 0.19903398 0.20821836 0.25411175 0.23427797 0.28138881 0.23581963 0.19269613 0.30883672 0.29856037 0.31704084 0.30515457 0.45016481 0.35435824 0.27128497 0.30914274 0.32132656 0.18874098 0.22702002 0.35546967 0.20804522 0.22615159 0.21469334 0.37093685 0.32649821 0.30726742 0.34675153 0.23722095 0.33283323 0.29331877 0.26229805 0.37195482 0.34740441 0.40522354 0.30711698 0.29804339 0.31828539 0.33028954 
0.36263159 0.35830363 0.34287070 0.36437159 0.34099431 0.36181473 0.37161549 0.42277588 0.54598532 0.50229451 0.60600265 0.89224029 0.81592820 0.00000000 1.08949842 0.53827377 0.61186693 1.12860782 0.35012157 0.49465324 0.48887371 0.56789808 0.57586255 0.51778488 0.42952152 0.35010994 0.34187915 0.32011700 0.19416175 0.40765449 0.44216031 0.15092059 0.22801317 0.41434620 0.14637531 0.31472520 0.19049007 0.30990861 0.26834526 0.10996191 0.38579838 0.31647108 0.32914482 0.28823943 0.30057333 0.37507641 0.33686283 0.25232653 0.33086168 0.41542765 0.35230131 0.26592969 0.32216603 0.28954926 0.32883776 0.42095147 0.47402309 0.32579446 0.20082875 0.35143473 0.53500592 0.13954870 0.42807056 0.21340121 0.24467013 0.28233928 0.50616942 0.59132985 0.46035769 0.37918735 0.29672458 0.21675548 0.34412996 0.28108198 0.36457869 0.44408133 0.15520821 0.37359546 0.24656457 0.18952047 0.22789816 0.17234388 0.20661734 0.27112795 0.38493133 0.32453077 0.27658115 0.36061722 0.28790477 0.30474738 0.31434202 0.42814425 0.23781111 0.21804278 0.22599498 0.23358183 0.16562345 0.15715921 0.47213814 0.46709166 0.53701015 0.29550548 0.23473304 0.23545952 0.37929176 0.34045275 0.49257217 0.46801801 0.40988021 0.38875538 0.33890841 0.21298039 0.29454496 
0.37994856 0.39738317 0.39321350 0.39864507 0.41477541 0.41519892 0.40542272 0.44915059 0.50583116 0.42119873 0.48740377 0.45764816 0.63072646 1.08949842 0.00000000 0.92054832 1.17793961 1.16546067 0.50424296 0.53785077 0.54798810 0.58764257 0.39357335 0.48931133 0.43163065 0.33529908 0.32510440 0.20949867 0.24646439 0.24673953 0.31317655 0.27339929 0.24633384 0.27280497 0.21083370 0.25422814 0.29857052 0.31420432 0.25717477 0.22733264 0.30975524 0.22336574 0.32655187 0.23946827 0.28507054 0.39908653 0.20312888 0.12230435 0.35429631 0.36850086 0.37860237 0.23482624 0.46569655 0.36686010 0.36916649 0.39508313 0.47267352 0.37939940 0.23986691 0.26041823 0.27659910 0.23475657 0.32390220 0.15794506 0.23670808 0.30994295 0.41806079 0.98693772 0.33820421 0.41842174 0.38015392 0.46380334 0.34022103 0.25489178 0.31682338 0.23435534 0.23207036 0.34742037 0.28243271 0.19177446 0.31105908 0.26490384 0.23149585 0.29796386 0.13077329 0.17832680 0.34726197 0.28963661 0.38375285 0.29316986 0.32149332 0.34100656 0.30847475 0.25684949 0.30218816 0.36991869 0.26061240 0.26105689 0.37505081 0.28878050 0.36871911 0.27757689 0.28823747 0.29314469 0.30403001 0.18681825 0.37802044 0.34681478 0.31870286 0.40188608 0.49972995 0.36472633 0.27615224 
0.36986123 0.36340462 0.38027061 0.31549113 0.34498878 0.34747852 0.33577076 0.37179006 0.36795794 0.45711962 0.55897987 0.53776978 0.51263880 0.53827377 0.92054832 0.00000000 1.13212253 0.66092314 0.57994637 1.04087357 0.47341665 0.54681778 0.52445563 0.46176527 0.46327964 0.36182931 0.36767297 0.28224729 0.19318187 0.16526539 0.44726477 0.18592152 0.29493753 0.19557540 0.16207741 0.33622365 0.27218763 0.28981912 0.22795185 0.10768837 0.33177828 0.28023553 0.26160325 0.10655192 0.29438333 0.17142671 0.21946663 0.28669490 0.22635714 0.34865575 0.30535471 0.23912820 0.35597872 0.20692226 0.38545162 0.37797112 0.46737601 0.37976103 0.27391210 0.19081173 0.34071814 0.09507279 0.54151645 0.03114190 0.29902367 0.35823029 0.42492002 1.22989270 0.55835227 1.56038935 1.42414149 0.45355931 0.34921473 0.97762385 0.33162420 0.44259902 0.07300491 0.23047881 0.20968291 0.28408066 0.33372111 0.15026762 0.13044725 0.23401445 0.31919267 0.28100838 0.28244767 0.30231242 0.32456012 0.32636177 0.31150347 0.33341726 0.23374651 0.28317713 0.14641654 0.23763012 0.27522946 0.26615785 0.21819829 0.32819318 0.39050946 0.27043033 0.12645840 0.24363108 0.37987541 0.22335056 0.26895699 0.30029067 0.28362326 0.43235135 0.30645631 0.22531043 0.23981238 
0.41559035 0.38457983 0.36014040 0.36331500 0.43201602 0.38304525 0.40230612 0.43086609 0.52699733 0.45838033 0.47171650 0.45183207 0.41595153 0.61186693 1.17793961 1.13212253 0.00000000 0.77299967 0.63764202 0.56711397 0.68312865 0.40886101 0.45367788 0.45950293 0.54818832 0.47741105 0.32885071 0.24448329 0.24695896 0.26542032 0.33569924 0.19782703 0.20396714 0.19529963 0.21416295 0.27787107 0.32871265 0.33330680 0.31336663 0.27961156 0.37849230 0.34227107 0.34984266 0.17102326 0.17669941 0.32132356 0.33119663 0.21212196 0.28147059 0.30752731 0.21190737 0.21681780 0.44561638 0.30745707 0.35190120 0.36561160 0.36114616 0.34301963 0.35484820 0.33350039 0.27450083 0.29046983 0.35428227 0.17063904 0.17000750 0.34446539 0.43853779 0.50321314 0.33565246 0.47485019 0.33510545 0.15666279 0.37343241 0.37701949 0.39478921 0.37077501 0.17695898 0.34980108 0.25735754 0.23406787 0.30644103 0.30982578 0.13103631 0.21399109 0.39571701 0.36346561 0.40317552 0.42010270 0.44831823 0.39120379 0.30756033 0.40505215 0.33250604 0.28749857 0.34601838 0.24740437 0.30001904 0.31539067 0.41562964 0.37280228 0.44847928 0.37505585 0.22419966 0.33177682 0.41102038 0.20372616 0.42838046 0.46034523 0.37350491 0.35898658 0.42846479 0.29579742 0.33198173 
0.36718899 0.36398587 0.33919906 0.36037055 0.33311671 0.35862309 0.40069088 0.37628435 0.34614716 0.41633543 0.83173171 0.61060208 0.77356083 1.12860782 1.16546067 0.66092314 0.77299967 0.00000000 1.11572455 0.67509102 0.95003399 1.33606112 0.45892609 0.33730767 0.42389911 0.33035517 0.37790522 0.29893257 0.27230209 0.28452922 0.35126798 0.22647614 0.22807333 0.49339092 0.21801173 0.25724052 0.26158519 0.29393262 0.22315199 0.21326069 0.36853027 0.28899365 0.20384938 0.23603694 0.35394158 0.27677498 0.23963318 0.26907758 0.14312044 0.41123962 0.15796438 0.24965664 0.40087734 0.22362614 0.35981174 0.30593098 0.32205553 0.40637110 0.41093573 0.37458454 0.90013832 0.06072115 0.42538631 0.25295706 0.21574704 0.17198590 0.32929798 0.60945840 0.30270289 0.39831533 0.26209683 0.27389850 0.31556642 0.28570431 0.22506214 0.58390104 0.17279033 0.30800046 0.37202439 0.19299335 0.34899350 0.21389970 0.22724042 0.26437353 0.22479887 0.20827198 0.37496392 0.24786453 0.36996262 0.21738136 0.32403866 0.31160158 0.29218884 0.24029547 0.26536011 0.28644649 0.20176943 0.37684491 0.37055133 0.28503073 0.35259489 0.22909342 0.21813099 0.26065832 0.16321528 0.38283004 0.39974090 0.23609175 0.29451427 0.23631623 0.36117761 0.25325949 0.29528216 
0.36168306 0.34376382 0.46372856 0.40699606 0.38939059 0.44737339 0.41687608 0.42464477 0.48329513 0.35397603 0.34840453 0.36958016 0.43719246 0.35012157 0.50424296 0.57994637 0.63764202 1.11572455 0.00000000 0.64220446 0.48025921 0.49583304 0.62759537 0.42321585 0.25067409 0.36540791 0.35430798 0.21613369 0.41351631 0.43309720 0.94089255 0.26931056 0.59676413 0.33906204 0.36520854 0.30692686 0.27279480 0.43164053 0.26013107 0.30069723 0.43910768 0.33434120 0.28502570 0.25854186 0.29641187 0.25294494 0.19989545 0.30541991 0.40871399 0.30665275 0.33948360 0.30053162 0.31026985 0.34329086 0.29357577 0.29274810 0.31896201 0.34413154 0.32389894 0.38079379 0.33686534 0.28707217 0.51323665 0.15629059 0.25822687 0.34761168 0.34337804 0.46644029 0.24045314 0.43230339 0.57215077 0.31798101 0.37808540 0.33133397 0.76074412 0.38989955 0.33577949 0.25819975 0.30577033 0.35558241 0.41314965 0.34193494 0.32767030 0.33595105 0.41924029 0.51995446 0.30196857 0.30365549 0.39033818 0.20931089 0.26980545 0.36391838 0.24061612 0.25904717 0.25478877 0.24067716 0.28781155 0.07990739 0.17606513 0.42888886 0.29392388 0.18407371 0.37069084 0.26260175 0.26041708 0.38692256 0.36254649 0.41304768 0.13803304 0.24695664 0.31876984 0.26487838 0.37444272 
0.37181666 0.36693104 0.35325872 0.36142386 0.36729998 0.39719479 0.36568842 0.33820120 0.43780053 0.31111777 0.54725022 0.43279494 0.35984237 0.49465324 0.53785077 1.04087357 0.56711397 0.67509102 0.64220446 0.00000000 0.90619324 0.58988983 0.70299902 1.31874014 0.49857214 0.46940540 0.42287896 0.19602781 0.33673220 0.40770824 0.38596445 0.06143584 0.16012361 0.29403093 0.32473159 0.17053564 0.30424299 0.48657090 0.21692438 0.22214226 0.39495433 0.25499105 0.33623660 0.32933463 0.22583076 0.23423303 0.20145937 0.32555068 0.25010530 0.38709929 0.26638192 0.16508308 0.50048024 0.37750732 0.36770233 0.47927874 0.47188797 0.44462043 0.39059276 0.24407727 0.33649549 0.21054570 0.25038573 0.16402443 0.26394594 0.24827397 0.45749220 0.28239912 0.33949962 0.35987453 0.33629467 0.36625342 0.34221902 1.85315126 0.55529015 0.22521225 0.15957914 0.32091973 0.24308963 0.11683753 0.27912351 0.24256749 0.17311007 0.34849211 0.35627666 0.22482849 0.37902723 0.32800466 0.29872009 0.33116424 0.34670784 0.40522116 0.28518080 0.21658773 0.22868058 0.28700183 0.24854187 0.22372097 0.31831066 0.24791944 0.46352777 0.26312158 0.23801737 0.15255063 0.38576491 0.30352754 0.28407112 0.37580085 0.29179347 0.27201859 0.34566218 0.33568993 0.28085419 
0.37049880 0.36524090 0.38113681 0.36535154 0.37280945 0.41815438 0.39782591 0.36799877 0.49473484 0.44748941 0.50143456 0.46793642 0.35941174 0.48887371 0.54798810 0.47341665 0.68312865 0.95003399 0.48025921 0.90619324 0.00000000 1.18053883 0.63934673 0.99430882 0.83697419 0.57416414 0.58888704 0.25303325 0.33196450 0.25876851 0.41643027 0.27694195 0.28810138 0.34599651 0.22819021 0.26235736 0.31273644 0.30577731 0.37052262 0.27362733 0.32340654 0.27440870 0.40508703 0.17641863 0.25585452 0.32328467 0.24583224 0.30362062 0.26460654 0.30214549 0.28685726 0.28363704 0.54174683 0.39570836 0.33524215 0.34882181 0.47825379 0.31509641 0.32304308 0.19745104 0.39113292 0.20150908 0.38554675 0.16735602 0.21601993 0.28125071 0.28229195 0.41788147 0.39294530 0.35307060 0.31968459 0.16980037 0.32644486 0.37992490 0.23659281 0.35008940 0.15659818 0.35700404 0.27762181 0.30353939 0.31387120 0.20283109 0.13318290 0.34040689 0.23256980 0.23660128 0.36747380 0.44983006 0.40170034 0.35359768 0.43381688 0.37854110 0.29214362 0.28799023 0.23988716 0.32747211 0.32709102 0.17906068 0.41323806 0.30444759 0.28260216 0.41361099 0.20203919 0.34630865 0.28021598 0.23016151 0.35264292 0.39751935 0.26025524 0.25898848 0.37213277 0.33667521 0.31597916 
0.34993997 0.34468777 0.33243240 0.34158452 0.35609824 0.36971734 0.35328633 0.35913194 0.38255207 0.43010171 0.88818384 0.33519778 0.88631530 0.56789808 0.58764257 0.54681778 0.40886101 1.33606112 0.49583304 0.58988983 1.18053883 0.00000000 0.99125719 0.62653656 0.56625667 0.68360506 0.46815418 0.28924268 0.77730345 0.31719077 0.35167635 0.16395036 0.28751198 0.30771736 0.26028267 0.29477973 0.25257857 0.20490460 0.19188656 0.19455608 0.37699518 0.17851390 0.27117066 0.24396834 0.13809006 0.21705437 0.31184350 0.36553790 0.24002589 0.26608300 0.28769583 0.16888508 0.34128404 0.25062829 0.22708230 0.43547724 0.40159536 0.27182112 1.16604156 0.35370007 1.04122176 0.23169896 0.28611373 0.15280608 0.28919165 0.27131316 0.22397965 0.43518929 0.36431493 0.30240797 0.20216053 0.20981790 0.21246430 0.30729623 0.22075325 0.45487097 0.08849722 0.31820170 0.21484718 0.17352555 0.33751166 0.21539091 0.20960984 0.35397129 0.35422269 0.29170013 0.26449768 0.23753527 0.39946827 0.30698655 0.41923918 0.34857147 0.32155243 0.23051397 0.29098232 0.38570173 0.33071786 0.12725386 0.26133899 0.31428200 0.37807076 0.31982642 0.25258553 0.29178176 0.27467200 0.31901651 0.47904760 0.31663968 0.34538782 0.35275486 0.33027110 0.32041581 0.27058411 
0.35194247 0.36387566 0.46019007 0.36006193 0.35388049 0.36897898 0.37497395 0.34472519 0.44891039 0.36267050 0.32780150 0.39323442 0.45346767 0.57586255 0.39357335 0.52445563 0.45367788 0.45892609 0.62759537 0.70299902 0.63934673 0.99125719 0.00000000 0.79447577 0.50344144 0.59946068 0.40443537 0.39093339 0.77807156 0.32006173 0.42948684 0.40974559 0.38182195 0.26948666 0.34101515 0.28342520 0.29277414 0.36936878 0.27740108 0.36369376 0.27953053 0.24136887 0.30521771 0.31882572 0.30691383 0.31116142 0.19988355 0.16697205 0.33635090 0.29292040 0.28718526 0.32975560 0.31762988 0.31611211 0.30273418 0.25972899 0.33356335 0.38264477 0.24602927 0.41391718 0.43512590 0.33941134 0.28426922 0.22226737 0.21116583 0.35026013 0.29285373 0.36761279 0.28470717 0.39719789 0.35221538 0.17676752 0.36900645 0.44163076 0.45171387 0.27301636 0.35954396 0.30714477 0.25583661 0.34566402 0.45650712 0.32958676 0.25858371 0.37658250 0.29955026 0.63572490 0.46195692 0.38008554 0.57990414 0.27756176 0.38504062 0.37535581 0.32468411 0.26753026 0.21577049 0.46656026 0.30854367 0.21462647 0.29399536 0.28182316 0.30288763 0.24100401 0.24438023 0.25850375 0.22754291 0.31159272 0.35685831 0.27695292 0.35621185 0.24938981 0.34113860 0.35464093 0.32070700 
0.38580906 0.35656252 0.38087443 0.36372198 0.38373439 0.36916475 0.38823332 0.39819439 0.42449499 0.41588931 0.55706840 0.54427135 0.39477089 0.51778488 0.48931133 0.46176527 0.45950293 0.33730767 0.42321585 1.31874014 0.99430882 0.62653656 0.79447577 0.00000000 0.92519355 0.69771739 0.41063798 0.33291635 0.52974114 0.28382841 0.36042028 0.23286196 0.22145881 0.25338416 0.18312280 0.26194812 0.18945071 0.32913301 0.35719901 0.20621758 0.32727156 0.24924060 0.32668602 0.29435037 0.16282438 0.39306827 0.32182046 0.27215263 0.18650223 0.35667610 0.18162013 0.28980278 0.36093440 0.47330782 0.34962826 0.47279634 0.35897833 0.32305246 0.31250381 0.38528920 0.24557839 0.24325215 0.20408166 0.23599183 0.15151919 0.14485434 0.35928173 0.38791566 0.38296666 0.39204312 0.25018074 0.24921957 0.38835068 0.36090304 0.29499189 0.28396920 0.23535331 0.30902516 0.30532289 0.23423685 0.32804586 0.28856553 0.23654309 0.33503923 0.24233903 0.37542793 0.37109331 0.54747217 0.47222358 0.49607727 0.40709392 0.48425702 0.32560576 0.27873096 0.23423282 0.33380933 0.28853308 0.31289152 0.35700924 0.45028693 0.30091178 0.36903485 0.25207735 0.28568386 0.37598708 0.32949781 0.20591688 0.40322084 0.43026277 0.49734801 0.37509267 0.30481454 0.34330812 
0.34957452 0.36873095 0.37284193 0.34803713 0.38476091 0.37164251 0.37748443 0.38441565 0.45849556 0.31006177 0.39797029 0.44597426 0.38046865 0.42952152 0.43163065 0.46327964 0.54818832 0.42389911 0.25067409 0.49857214 0.83697419 0.56625667 0.50344144 0.92519355 0.00000000 1.19403580 0.92290660 0.57498858 0.53153941 0.22760893 0.36340029 0.27205649 0.25787983 0.25312163 0.14763028 0.25573984 0.24895656 0.42252731 0.30436300 0.26213884 0.28601331 0.40166232 0.32532766 0.16490224 0.35681105 0.23412962 0.32595212 0.25006265 0.35030693 0.49604952 0.24272215 0.22639856 0.42668841 0.47058035 0.24031374 0.49799255 0.28187482 0.33739459 0.73045582 0.29506397 0.32353356 0.19846300 0.35779492 0.26917398 0.19016061 0.30633222 0.31870670 0.18521923 0.32908108 0.36649711 0.33409224 0.38184776 0.30901869 0.36413486 0.31298207 0.47184717 0.28266032 0.16546759 0.26589643 0.25095735 0.36044677 0.29940047 0.19937106 0.42255800 0.23592903 0.49741873 0.48417568 0.42648590 0.46185523 0.41416239 0.35325513 0.35448966 0.24848376 0.27576119 0.32440864 0.25740216 0.37716322 0.27164575 0.39956203 0.26064898 0.34632994 0.26626065 0.29303583 0.39497873 0.39619735 0.35304181 0.24022008 0.43315114 0.36715453 0.29336575 0.37692242 0.35827528 0.35432178 
0.34553124 0.37412707 0.34782346 0.36189011 0.38420982 0.36677496 0.37042643 0.43693811 0.42720207 0.37053801 0.54213963 0.37447828 0.29291177 0.35010994 0.33529908 0.36182931 0.47741105 0.33035517 0.36540791 0.46940540 0.57416414 0.68360506 0.59946068 0.69771739 1.19403580 0.00000000 1.86744591 0.86310881 0.40052579 0.28004459 0.30576451 0.31173092 0.36030229 0.29450655 0.27164122 0.27955132 0.34080041 0.38057870 0.28551721 0.27989842 0.32686149 0.31486578 0.30106551 0.24770387 0.29034119 0.33577037 0.18294025 0.32064567 0.22176605 0.29792494 0.30174715 0.23837376 0.47180022 0.35766605 0.25073571 0.45375973 0.42134772 0.29338159 0.67017078 0.40137244 0.48686548 0.29796238 0.32402003 0.19141089 0.22859043 0.29065605 0.32083045 0.28544065 0.29338860 0.28346871 0.27566999 0.25882470 0.36073600 0.24311158 0.14062325 0.38461533 0.20954798 0.37915327 0.30137236 0.23335623 0.32805433 0.22338823 0.22772849 0.25685472 0.27555627 0.24070075 0.66647014 0.85296639 0.49563418 0.45183326 0.30931563 0.33901849 0.21198034 0.24222314 0.31882359 0.27313991 0.23456056 0.14932029 0.35536681 0.37605854 0.29211989 0.34575052 0.16717065 0.36380207 0.42046944 0.19715281 0.35447630 0.35255521 0.31188906 0.35242141 0.36822822 0.27731302 0.30193481 
0.34864579 0.36140003 0.36099513 0.37500222 0.36484393 0.34845231 0.32518695 0.38066707 0.36277836 0.30807226 0.40004345 0.34486472 0.39577826 0.34187915 0.32510440 0.36767297 0.32885071 0.37790522 0.35430798 0.42287896 0.58888704 0.46815418 0.40443537 0.41063798 0.92290660 1.86744591 0.00000000 1.77187039 0.69183865 0.35811302 0.23330976 0.27382439 0.25574574 0.30466199 0.28992247 0.23801685 0.35767712 0.38489208 0.41610491 0.24433019 0.33222180 0.26199790 0.21169265 0.17497653 0.21778381 0.22201937 0.33286707 0.18896563 0.35896855 0.31843528 0.27937538 0.25453794 0.45440683 0.26466551 0.37766393 0.28529988 0.81810520 0.47136259 1.80687914 0.42675186 0.26647824 0.25056567 0.40685042 0.17980953 0.28785763 0.24122425 0.29158697 0.32733049 0.23319507 0.22270790 0.31854500 0.12001555 0.34471183 0.22982347 0.33982980 0.22956176 0.22453631 0.31386154 0.13591745 0.15281645 0.25772652 0.20802683 0.26083905 0.21270931 0.35915807 0.31268856 0.54777143 0.80511298 0.42487965 0.39734540 0.28242568 0.28751780 0.31567047 0.29742108 0.21225914 0.27409356 0.34115589 0.17222375 0.20167721 0.24650219 0.25825716 0.29792207 0.39876175 0.28965651 0.29347644 0.21103136 0.28242515 0.38478629 0.34540433 0.37467907 0.35325655 0.36302086 0.36963231 
0.35475338 0.33505352 0.36657260 0.33501833 0.34678978 0.31956841 0.32463569 0.22914870 0.41264185 0.34514901 0.28902770 0.27164150 0.32414494 0.32011700 0.20949867 0.28224729 0.24448329 0.29893257 0.21613369 0.19602781 0.25303325 0.28924268 0.39093339 0.33291635 0.57498858 0.86310881 1.77187039 0.00000000 0.94397819 0.45911470 0.48056223 0.59639921 0.35335788 0.34020321 0.35466153 0.41844693 0.33337935 0.28385193 0.27431453 0.24292755 0.27154657 0.26636966 0.31504117 0.22746442 0.27162163 0.20078588 0.19040226 0.33493115 0.18297695 0.29185088 0.36528245 0.23780164 0.22780105 0.33710187 0.48377636 0.36970266 0.49647210 0.71327603 0.47846702 0.17770972 0.20945959 0.28907535 0.29396962 0.30381970 0.23467152 0.27227924 0.17088843 0.31233906 0.26477468 0.30518619 0.47225743 0.32412118 0.28500869 0.24669090 0.38258346 0.36534118 0.23897195 0.18763988 0.27716395 0.00000000 0.27000745 0.20075171 0.30929299 0.31857340 1.18604298 0.22610041 1.55163969 0.57119082 0.27269429 0.36593427 0.20441166 0.77950741 0.28682015 0.25745880 0.32720390 0.30968192 0.26990454 0.35082163 0.37732026 0.18850680 0.24246641 0.15831189 0.48014205 0.18652870 0.26477972 0.44283979 0.43141378 0.29434484 0.40110837 1.01491338 0.81971703 0.41853772 0.43502110 
0.36854308 0.36822259 0.37268409 0.34981350 0.35566820 0.34216812 0.34642512 0.34058914 0.34395160 0.30514738 0.47862291 0.25068830 0.50941985 0.19416175 0.24646439 0.19318187 0.24695896 0.27230209 0.41351631 0.33673220 0.33196450 0.77730345 0.77807156 0.52974114 0.53153941 0.40052579 0.69183865 0.94397819 0.00000000 0.51127343 0.81377918 0.52158595 0.48020087 0.28772701 0.31361806 0.20237825 0.39816144 0.35151378 0.27065088 0.33036330 0.42688387 0.25213320 0.24560249 0.37090687 0.33843703 0.22801596 0.25111047 0.36288794 0.21139818 0.16647519 0.18505703 0.35138853 0.26489199 0.27732446 0.23678512 0.31648931 0.25458328 0.23749586 1.70295262 0.36424963 1.16226694 0.21492142 0.51812625 0.27160312 0.33539029 0.22521173 0.32458581 0.35258953 0.43838065 0.31691208 0.49144410 0.39404841 0.34205407 0.29586360 0.37865105 0.30751385 0.32983500 0.29199028 0.28468981 0.38662193 0.34208125 0.30473819 0.22666665 0.24427304 0.53067652 0.58005795 0.35663124 0.38374021 0.39024808 0.33110688 0.26774859 0.36273468 0.22528283 0.17017067 0.24075264 0.30812515 0.29301240 0.25634441 0.19483428 0.15805018 0.32905015 0.23009588 0.24862074 0.28602929 0.38293739 0.26080942 0.41789944 0.35311838 0.40680130 0.29614939 0.36533564 0.41148299 0.37266555 
0.34815374 0.36847859 0.34143605 0.31469681 0.38946989 0.37242222 0.38484265 0.26349181 0.32802853 0.30543038 0.25940822 0.24891759 0.34190863 0.40765449 0.24673953 0.16526539 0.26542032 0.28452922 0.43309720 0.40770824 0.25876851 0.31719077 0.32006173 0.28382841 0.22760893 0.28004459 0.35811302 0.45911470 0.51127343 0.00000000 0.33815673 0.50102058 0.24599339 0.22326290 0.34177689 0.27603844 0.32476452 0.25640426 0.32973458 0.45351825 0.32250447 0.34285349 0.33561358 0.37287475 0.35591650 0.30003112 0.42739921 1.35327355 0.35407368 0.27448704 0.30548262 0.36053188 0.27226395 0.30560400 0.42395456 0.34398696 0.19597151 0.71925231 0.24280943 0.86852890 0.29297077 0.58142449 0.34496950 0.33549956 0.29584941 0.45826734 0.24490925 0.33783075 0.30420223 0.24557051 0.33278744 0.26417764 0.16179635 0.19823852 0.18118618 0.27503993 0.45430413 0.13415522 0.38864389 0.46508342 0.37965564 0.37869514 1.23597380 0.32625659 1.20723551 0.26291519 0.34208452 0.21442877 0.30448357 0.28138105 0.23842723 0.33130381 0.29858643 0.27503051 0.54743313 0.23244199 0.37825265 0.39470616 0.33695530 0.41079708 0.21101897 0.13976497 0.62108194 0.30966242 0.20721532 0.57433497 0.86932419 0.30031631 0.26099450 0.48946861 0.40373784 0.30836044 0.37997430 
0.38163539 0.37267455 0.35346041 0.37380014 0.36923650 0.38992045 0.39811404 0.32990590 0.27536642 0.38993248 0.37907861 0.38984705 0.65095280 0.44216031 0.31317655 0.44726477 0.33569924 0.35126798 0.94089255 0.38596445 0.41643027 0.35167635 0.42948684 0.36042028 0.36340029 0.30576451 0.23330976 0.48056223 0.81377918 0.33815673 0.00000000 0.81194511 0.59310060 0.48638413 0.41115057 0.34837342 0.46190187 0.45907165 0.25760244 0.26861445 0.33534467 0.27627104 0.35176409 0.28434935 0.33914108 0.40832183 0.35376915 0.34307086 0.26739592 0.33650714 0.31252861 0.31911324 0.25421837 0.27353404 0.32006987 0.37288083 0.29936457 0.40937224 0.41217756 0.38595963 0.84249665 0.43997977 0.63675225 0.15552453 0.36836283 0.28880777 0.25642458 0.29775453 0.31480013 0.30899949 0.28924807 0.28195630 0.25426910 0.30097280 0.66702124 0.29143438 0.45157259 0.35372207 0.31277001 0.20991610 0.35469039 0.25737167 0.22209463 0.40080659 0.31533021 1.12871473 0.12006626 0.34459987 0.40522725 0.32757099 0.34501192 0.27534926 0.21907708 0.31719504 0.36407029 0.31236585 0.39846836 0.27186969 0.13503689 0.23060554 0.28769618 0.24395152 0.37138084 0.18783626 0.20069349 0.16974409 0.21075660 0.32393970 0.32061452 0.25749305 0.31721635 0.43339246 0.34929987 
0.34419618 0.34605735 0.33210447 0.34421524 0.32137554 0.31312121 0.30769533 0.24597231 0.21332090 0.22660686 0.12372353 0.35030818 0.14409010 0.15092059 0.27339929 0.18592152 0.19782703 0.22647614 0.26931056 0.06143584 0.27694195 0.16395036 0.40974559 0.23286196 0.27205649 0.31173092 0.27382439 0.59639921 0.52158595 0.50102058 0.81194511 0.00000000 0.46785686 1.29944201 0.38893871 0.48594003 0.60139000 0.64305057 0.54931329 1.17151704 0.73943050 0.34245440 0.20322917 1.41738686 1.22695418 0.42426897 0.27989995 0.72903113 0.47386029 0.26921918 0.23248108 0.29974393 0.13752772 0.15864926 0.18616547 0.25166675 0.20265871 0.34695416 0.24258586 0.38548417 0.11734205 1.40703048 0.31719814 0.36278966 0.33736199 0.41883677 0.35572221 0.32571416 0.34102426 0.26690817 0.28340126 0.28513874 0.28736250 0.26147287 0.23902286 0.24046627 0.37303181 0.30001666 0.50486311 0.75430817 0.46881094 0.46798967 1.10551586 0.28418329 0.28452709 0.28915917 0.27414285 0.20718375 0.26422972 0.13819613 0.14325377 0.20916172 0.20819136 0.31737945 0.42295988 0.49002890 0.42875368 0.53793449 0.45935395 0.26781390 0.27161206 0.18526600 0.26791069 0.19707864 0.29907988 0.15131769 0.31694038 0.22827383 0.22558993 0.17287757 0.20215615 0.21832236 0.31785714 
