0.00000000 0.10191146 0.10406642 0.11840612 0.09296383 0.09399437 0.08972964 0.08426462 0.07089128 0.07222228 0.06051088 0.06764997 0.07136323 0.06647931 0.06720154 0.07377439 0.07988138 0.07454560 0.06531460 0.07396133 0.06752529 0.06107229 0.07390627 0.07886237 0.05971171 0.06357831 0.08036628 0.06555376 0.07506029 0.06842052 0.08762518 0.08061624 0.06852748 0.06572248 0.06995111 0.06881442 0.06294971 0.06806979 0.05861076 0.06598570 0.07205668 0.07536389 0.06562878 0.07726607 0.07054584 0.07790381 0.07114678 0.08116136 0.06225193 0.07690641 0.06877672 0.07856831 0.07394056 0.07484040 0.07650827 0.05948183 0.07032928 0.06703336 0.06835320 0.06707109 0.06430367 0.06890273 0.06870252 0.07377123 0.08828768 0.08203922 0.06245622 0.06269991 0.08049699 0.07311852 0.06426766 0.09600167 0.06727488 0.07096285 0.07547243 0.07554232 0.06233429 0.07837078 0.06648951 0.06653603 0.08131587 0.06592281 0.06485729 0.07697389 0.06625186 0.07518769 0.07647725 0.08008359 0.06941232 0.06697290 0.07204179 0.06528351 0.06188533 0.06888812 0.05986461 0.07239175 0.07038922 0.06673501 0.06446172 0.07291045 0.07600103 0.07766286 0.07556895 0.07547994 0.07077116 0.08472677 0.08110916 0.08095821 0.07169123 0.07425657 0.07477038 0.09332754 0.09839462 
0.10191146 0.00000000 0.13741782 0.12199583 0.11282391 0.11486138 0.12670995 0.11437557 0.09082810 0.07789328 0.06823483 0.07850461 0.08520480 0.06175539 0.07075624 0.06976294 0.07716595 0.07495114 0.07431544 0.07068101 0.07474175 0.05759562 0.06306388 0.06085494 0.06817099 0.07405994 0.07592211 0.07064302 0.06680873 0.07204076 0.06790813 0.07253439 0.06137287 0.06502627 0.05340420 0.07270455 0.04939721 0.06478328 0.05344915 0.06355737 0.06440605 0.07515711 0.06361019 0.06980954 0.08059410 0.05766384 0.06972741 0.06852164 0.06408838 0.05597543 0.07661358 0.07258830 0.07255266 0.07040422 0.07270530 0.05905150 0.07067533 0.06750627 0.08069274 0.05734557 0.06528874 0.07267107 0.06891959 0.06932972 0.06333776 0.06991607 0.07701431 0.08066889 0.07794878 0.05179421 0.07539462 0.06368070 0.06693204 0.06396157 0.08835903 0.08920898 0.05710969 0.07313990 0.06529068 0.05924171 0.08098567 0.05316263 0.09102239 0.07840044 0.07636162 0.06551888 0.06773034 0.06826064 0.06422297 0.05352648 0.06562427 0.06309970 0.09023410 0.06453491 0.05104611 0.07533509 0.06156671 0.06816939 0.06265754 0.09889587 0.08842318 0.07291059 0.06822374 0.08081250 0.08310005 0.08939813 0.07339747 0.06898095 0.08704352 0.07366065 0.07572818 0.08528965 0.09203802 
0.10406642 0.13741782 0.00000000 0.12897306 0.12196019 0.12101454 0.12277543 0.11122320 0.08750060 0.08539278 0.07248826 0.07273488 0.07701635 0.06676020 0.07170774 0.07603670 0.08617342 0.07524995 0.05654143 0.06899761 0.06574130 0.06247622 0.06407410 0.06380881 0.06887711 0.06171280 0.07932177 0.06033540 0.07638900 0.06113548 0.07480679 0.07702192 0.05891039 0.06560492 0.04956398 0.06417995 0.04547582 0.05381625 0.05550561 0.05158353 0.06337981 0.05742468 0.07257527 0.07253397 0.08347899 0.05703375 0.07201174 0.07518994 0.06091425 0.05099889 0.07255857 0.07856467 0.07370046 0.07071792 0.06476685 0.06234012 0.06899629 0.05693161 0.08569109 0.05425092 0.06959569 0.05920576 0.07392096 0.05828878 0.06073829 0.06673164 0.07837422 0.06874921 0.08463802 0.05155709 0.07445733 0.06271413 0.07002044 0.06349154 0.07846213 0.07514586 0.07407729 0.07433967 0.06671783 0.07566596 0.08155323 0.04950474 0.08165169 0.07355780 0.07335049 0.07567504 0.07565410 0.06958739 0.06265536 0.06163768 0.07116248 0.07920435 0.07197344 0.07759139 0.06216680 0.07373706 0.06019802 0.05464048 0.07120719 0.08699494 0.09166298 0.07500255 0.07303806 0.09203652 0.08726144 0.09096956 0.08242191 0.07524398 0.07908737 0.08233420 0.07667019 0.08625124 0.09714443 
0.11840612 0.12199583 0.12897306 0.00000000 0.12076452 0.12507472 0.11607038 0.09858856 0.08453501 0.07840087 0.07155128 0.07895684 0.07938960 0.07483553 0.07386844 0.07947104 0.08288448 0.08465021 0.05708926 0.06762288 0.06397549 0.07767356 0.06641483 0.07424435 0.07000240 0.05704523 0.07070848 0.05708421 0.06744045 0.06447472 0.08988479 0.06992747 0.05686446 0.05380250 0.05540541 0.06110645 0.04255689 0.05267428 0.04276598 0.05031559 0.06207667 0.06232471 0.07512813 0.07423945 0.07828419 0.05765040 0.08057260 0.09123113 0.06337058 0.06912541 0.05873005 0.07099496 0.06688197 0.07307194 0.07795340 0.06211053 0.06690186 0.05918786 0.07657106 0.05257282 0.08216359 0.06980204 0.07237236 0.06762368 0.08391179 0.06741985 0.05606405 0.07450392 0.08872581 0.06481345 0.07819624 0.08059837 0.06874952 0.06969292 0.07073863 0.07271682 0.08169610 0.08217148 0.06171777 0.05614608 0.08174202 0.04687340 0.07949283 0.07408464 0.07504805 0.06265804 0.06609760 0.07499808 0.07811204 0.06641945 0.07394625 0.07615462 0.06424027 0.06256296 0.05643245 0.07126369 0.05821155 0.05397432 0.06860637 0.07609696 0.08809307 0.08071350 0.07282812 0.08790981 0.08614562 0.09327772 0.07599377 0.08473672 0.07800177 0.07170415 0.07148533 0.08458146 0.09340817 
0.09296383 0.11282391 0.12196019 0.12076452 0.00000000 0.15354843 0.14479098 0.10363635 0.10186040 0.09138410 0.08824924 0.08867794 0.09732353 0.07424197 0.07854943 0.04907754 0.08119956 0.10643512 0.07419833 0.06288049 0.07960912 0.09483455 0.07126158 0.07909775 0.07953398 0.08580190 0.08042246 0.08035607 0.08990764 0.06341606 0.06702788 0.05546323 0.04567286 0.06218966 0.08246106 0.06363660 0.09894408 0.05032693 0.08372473 0.06952460 0.05316281 0.07423172 0.07711448 0.06341133 0.06723322 0.09153246 0.06457817 0.05535304 0.08323440 0.06914715 0.07393472 0.05798564 0.06352940 0.08652989 0.05812554 0.07752781 0.08547351 0.08737504 0.07111926 0.08045987 0.08728287 0.08218874 0.05768919 0.10593778 0.06116291 0.08205140 0.09562754 0.04786414 0.05933837 0.04129978 0.05132183 0.06703763 0.09872435 0.04799295 0.05814668 0.10138801 0.09389369 0.07031785 0.06715627 0.05039091 0.07942303 0.09370946 0.07849324 0.07040912 0.07241112 0.06172096 0.06965244 0.08495311 0.08749852 0.07055495 0.07881927 0.07258091 0.06924481 0.04770009 0.07838584 0.07332341 0.04819444 0.04534055 0.03400063 0.04517920 0.04459594 0.04472177 0.05285034 0.05394868 0.04966782 0.04822507 0.06130672 0.04008077 0.04466936 0.05553597 0.04449620 0.07861776 0.09371267 
0.09399437 0.11486138 0.12101454 0.12507472 0.15354843 0.00000000 0.15404249 0.12906721 0.11202037 0.10350585 0.10835739 0.08819744 0.08768311 0.09918557 0.06804810 0.04553268 0.08158454 0.08785476 0.08240409 0.06031147 0.06554149 0.09060017 0.06327396 0.08275930 0.07072332 0.06258026 0.07224822 0.07315872 0.07380766 0.06516877 0.06354308 0.05555356 0.03872332 0.06078045 0.08461836 0.07256515 0.08937639 0.06910713 0.07343641 0.08217551 0.04886163 0.06707883 0.06324443 0.07207169 0.07011769 0.07784083 0.07123166 0.05596123 0.09252814 0.06703254 0.06086160 0.06629622 0.08184140 0.05695647 0.05971437 0.07386727 0.08944942 0.05653308 0.07154160 0.07325563 0.09022345 0.07300723 0.05890370 0.08747450 0.04912404 0.07751343 0.08055190 0.04869102 0.06464827 0.04298360 0.06293380 0.06589337 0.07580847 0.05651753 0.05863301 0.09445899 0.09016396 0.06939795 0.05741347 0.04945595 0.07930443 0.09532013 0.09964572 0.06945868 0.07472077 0.09173181 0.07292617 0.08465470 0.07508174 0.06274098 0.08061687 0.08757733 0.06039768 0.06047185 0.10134709 0.06395061 0.05974141 0.04627985 0.04196413 0.05058063 0.05048935 0.05622439 0.07001885 0.05421640 0.05567924 0.04734792 0.05607729 0.05061718 0.04725704 0.05696630 0.05142399 0.07825056 0.09122899 
0.08972964 0.12670995 0.12277543 0.11607038 0.14479098 0.15404249 0.00000000 0.13475898 0.12259870 0.10417240 0.07892641 0.07852697 0.07439467 0.07034526 0.08168899 0.04784951 0.07334728 0.08147447 0.09691492 0.06006838 0.07722121 0.09624569 0.06820206 0.07205686 0.07028009 0.07485970 0.08007509 0.05569140 0.06872569 0.07997057 0.06795303 0.07151623 0.06048976 0.05560582 0.08404935 0.07674732 0.07857959 0.05621005 0.07538254 0.08974811 0.04690843 0.05383610 0.08665503 0.07584344 0.09080142 0.07024067 0.08933680 0.07507323 0.06626412 0.06034576 0.04391573 0.06702928 0.05779436 0.06737775 0.05770416 0.07164635 0.07817982 0.07212275 0.08912890 0.09823076 0.06714842 0.08514801 0.05699045 0.08838644 0.07327855 0.06186283 0.07904426 0.07033977 0.06675252 0.04532930 0.06782901 0.05778202 0.07497511 0.06413376 0.06828999 0.07306195 0.06037433 0.07465809 0.06788762 0.06352770 0.07888347 0.10244588 0.08378822 0.06136673 0.07430118 0.07983602 0.06240153 0.07852020 0.07756916 0.04885484 0.07272039 0.07710371 0.07033681 0.04639873 0.05210769 0.07208575 0.04901091 0.06207227 0.04673551 0.05965399 0.05644315 0.04752588 0.06585600 0.06083347 0.05806901 0.05620021 0.07106998 0.05430035 0.06528950 0.06973849 0.06937929 0.07490249 0.08443107 
0.08426462 0.11437557 0.11122320 0.09858856 0.10363635 0.12906721 0.13475898 0.00000000 0.15270950 0.10320900 0.09833387 0.08591420 0.07826777 0.07669680 0.07831113 0.09136083 0.05502325 0.05651032 0.06271616 0.04818671 0.05545280 0.06185761 0.05552046 0.09406806 0.08267358 0.06711810 0.08179894 0.05781820 0.08759938 0.05227953 0.06885318 0.05286190 0.08865197 0.07337953 0.03335154 0.07050971 0.02726139 0.03498519 0.06529573 0.05231012 0.06894224 0.04646398 0.06093236 0.12495573 0.05825342 0.02259154 0.07760305 0.07835712 0.12346637 0.01834459 0.08448947 0.07142886 0.06071883 0.04396035 0.08025058 0.06450828 0.06653374 0.07712778 0.06638633 0.07359666 0.10056979 0.06347958 0.05018382 0.04481621 0.04229576 0.02988848 0.09095803 0.07512121 0.07743923 0.06737547 0.07112763 0.05616379 0.10311100 0.06917628 0.11258472 0.08305377 0.04125081 0.03679529 0.05877288 0.04378882 0.07396200 0.07928967 0.06772861 0.08587979 0.06995490 0.12502550 0.05241735 0.08559659 0.04847239 0.07688469 0.09854256 0.09793914 0.06014796 0.06266841 0.03963826 0.05672870 0.07601584 0.06427342 0.05421283 0.06148016 0.08914164 0.09827768 0.12344995 0.08641781 0.09440963 0.09653521 0.06659621 0.08577099 0.07204275 0.08887667 0.12387691 0.08700833 0.08583792 
0.07089128 0.09082810 0.08750060 0.08453501 0.10186040 0.11202037 0.12259870 0.15270950 0.00000000 0.06364859 0.11881754 0.11390879 0.06247473 0.10264826 0.06278738 0.07583164 0.06210604 0.07116811 0.09017195 0.06527465 0.09918845 0.07204733 0.06686589 0.07494794 0.06567918 0.09648878 0.09200384 0.06968255 0.09717354 0.08208778 0.06275508 0.02926015 0.07443466 0.07747245 0.05163464 0.04759610 0.02060987 0.00981274 0.05237576 0.03185548 0.03624103 0.08362585 0.07881167 0.09724769 0.06347557 0.04007248 0.07286851 0.03462136 0.11461124 0.06133324 0.07380534 0.08021560 0.06063147 0.11958770 0.07363782 0.08800331 0.07482645 0.05408889 0.09577843 0.07449384 0.07488947 0.08640344 0.06941173 0.06486475 0.04681970 0.04283186 0.08719793 0.05972395 0.08568795 0.06594321 0.06578196 0.03867398 0.10358173 0.06255511 0.06924716 0.06637920 0.10099660 0.06798576 0.08200079 0.03786671 0.07031769 0.05831243 0.05079118 0.07836987 0.09931574 0.06050541 0.08040282 0.08499799 0.03651714 0.09576323 0.09991111 0.08280286 0.07861597 0.07539606 0.04563011 0.08149724 0.04612805 0.06947567 0.06182077 0.06397140 0.08040065 0.10000456 0.09844711 0.09557713 0.09585263 0.07762376 0.11263105 0.07834016 0.11910124 0.06629577 0.10441808 0.06132988 0.06794437 
0.07222228 0.07789328 0.08539278 0.07840087 0.09138410 0.10350585 0.10417240 0.10320900 0.06364859 0.00000000 0.16742314 0.09244476 0.10400189 0.08865477 0.11289113 0.06858630 0.06655886 0.05934324 0.07378894 0.08146401 0.08788505 0.05285672 0.10175819 0.11772432 0.07555539 0.07554525 0.06360766 0.08171472 0.04156782 0.02597695 0.07331885 0.09370264 0.07298376 0.06738893 0.06803799 0.05931902 0.09712586 0.05546792 0.07491179 0.08082019 0.08213196 0.07165135 0.08876003 0.06981725 0.07909416 0.07972287 0.07913566 0.08595192 0.10738600 0.07029487 0.06133488 0.10580815 0.07456535 0.07654644 0.06262940 0.08461886 0.06922073 0.09474497 0.07557942 0.08962199 0.06265955 0.09813261 0.08780322 0.10476507 0.03042121 0.04870434 0.12382243 0.03114459 0.05319420 0.05744519 0.06957054 0.05196859 0.06968603 0.07973540 0.03267235 0.07179748 0.04499646 0.06651654 0.08754597 0.06302661 0.07625077 0.10778223 0.12294211 0.07673239 0.08372261 0.07685991 0.07196356 0.06227545 0.07429036 0.05255448 0.06298339 0.06515517 0.03939449 0.04284694 0.03511235 0.05322556 0.07604790 0.05668319 0.06822400 0.08019669 0.07717976 0.04429779 0.09448331 0.07377044 0.05673687 0.08065017 0.09414579 0.06260362 0.05524008 0.06817789 0.06373231 0.06714035 0.06474413 
0.06051088 0.06823483 0.07248826 0.07155128 0.08824924 0.10835739 0.07892641 0.09833387 0.11881754 0.16742314 0.00000000 0.09945235 0.16444295 0.10043236 0.06503352 0.06199341 0.05329909 0.10732509 0.06474811 0.06074419 0.07993888 0.15696365 0.08736844 0.08531442 0.09389272 0.09996478 0.05443140 0.08977546 0.09809360 0.12781519 0.04751956 0.04144180 0.09026718 0.04100037 0.04327910 0.05540279 0.08032054 0.06220324 0.07487935 0.06042293 0.07320512 0.05965080 0.07597292 0.09017571 0.03414126 0.05993698 0.09533992 0.07362051 0.08161413 0.10721612 0.07705002 0.08967647 0.06099534 0.08103348 0.03938051 0.06604331 0.07092816 0.05344544 0.08571163 0.05970542 0.10578051 0.10286551 0.10368836 0.07459577 0.04980792 0.05883348 0.07521236 0.04861149 0.06375403 0.07417769 0.06256696 0.04725377 0.08805275 0.07524518 0.05062626 0.06663531 0.06979001 0.08095530 0.07721991 0.05561183 0.06599988 0.06636041 0.06178243 0.07588969 0.06823921 0.08345498 0.10827160 0.07070362 0.07589198 0.07556264 0.05996698 0.10833629 0.06883271 0.05660374 0.04308538 0.08038582 0.06576238 0.08971805 0.07807285 0.08143661 0.07910187 0.05101504 0.06899561 0.06293004 0.08706067 0.07928707 0.04310465 0.10386878 0.05856358 0.05443151 0.06398624 0.06018041 0.05761873 
0.06764997 0.07850461 0.07273488 0.07895684 0.08867794 0.08819744 0.07852697 0.08591420 0.11390879 0.09244476 0.09945235 0.00000000 0.05208095 0.09432212 0.06174425 0.07694781 0.04433526 0.10644351 0.08780187 0.07538152 0.09441159 0.08625499 0.05203039 0.07291381 0.09020944 0.02363744 0.08678543 0.06301337 0.06055212 0.06928252 0.10470111 0.09167432 0.06120194 0.12271222 0.07427721 0.09286679 0.05656333 0.05620994 0.07808456 0.09836933 0.09969652 0.05567973 0.10469384 0.08917265 0.09111106 0.07224388 0.07585806 0.08775477 0.06474059 0.03757050 0.07586098 0.08534382 0.08086489 0.08498454 0.03808089 0.07826432 0.07491727 0.07312382 0.10890982 0.06402633 0.08895830 0.14996711 0.05306917 0.11075826 0.08074404 0.05098046 0.11238266 0.06892051 0.07318284 0.03378018 0.09305025 0.08227841 0.08459531 0.09624778 0.05330268 0.06875129 0.12396466 0.04615699 0.03967013 0.06725844 0.06737189 0.10033981 0.07208387 0.04856076 0.06092961 0.06882606 0.05909667 0.09412617 0.04509066 0.09929958 0.06305013 0.05709007 0.06415531 0.05937567 0.06502848 0.06339362 0.03185385 0.03017415 0.06174893 0.07274391 0.10593066 0.08817462 0.07365484 0.08128829 0.08353095 0.07820458 0.12217072 0.07923694 0.05762455 0.07084511 0.06607259 0.05407504 0.05817521 
0.07136323 0.08520480 0.07701635 0.07938960 0.09732353 0.08768311 0.07439467 0.07826777 0.06247473 0.10400189 0.16444295 0.05208095 0.00000000 0.06486549 0.08793333 0.07685208 0.08098204 0.07219390 0.10126078 0.04049694 0.09396848 0.14466288 0.04096224 0.12100750 0.06711132 0.10554649 0.03924171 0.09885964 0.08112813 0.10332656 0.15123891 0.02155752 0.08028001 0.08509639 0.07801577 0.03512380 0.08357333 0.05845449 0.05584207 0.07752871 0.08210903 0.08145595 0.04565455 0.03605254 0.08730023 0.07133473 0.07316269 0.10349928 0.07185024 0.13162671 0.07155095 0.06487242 0.14924878 0.05539944 0.13616199 0.04775256 0.01406714 0.05521883 0.06831379 0.10126980 0.13181234 0.07630544 0.11330540 0.06063829 0.05184451 0.05822722 0.05087203 0.11477289 0.05848665 0.05286800 0.08027264 0.08092688 0.06806848 0.04004397 0.08294813 0.05541748 0.12597148 0.04629642 0.06307322 0.05649221 0.07480752 0.10794725 0.07175041 0.11823448 0.09552699 0.07872930 0.08225613 0.09689529 0.08777958 0.08653420 0.05108747 0.07700599 0.03993283 0.08053352 0.07673281 0.05253096 0.02928118 0.02553428 0.01739488 0.06784677 0.05694365 0.08699856 0.06409664 0.05590909 0.03325806 0.07997871 0.04826891 0.06164230 0.04640501 0.07119257 0.09115894 0.05042273 0.06093706 
0.06647931 0.06175539 0.06676020 0.07483553 0.07424197 0.09918557 0.07034526 0.07669680 0.10264826 0.08865477 0.10043236 0.09432212 0.06486549 0.00000000 0.13771434 0.08770013 0.06785145 0.12510209 0.07054496 0.06020451 0.09330199 0.08728760 0.09597688 0.07974971 0.08791227 0.08701702 0.07287751 0.07032083 0.08647900 0.06464572 0.12475639 0.05234496 0.09718707 0.10048219 0.07728822 0.08882678 0.08693897 0.07729571 0.07925121 0.06423733 0.05118176 0.07667070 0.06047093 0.07454450 0.04437962 0.09029452 0.04741502 0.05956304 0.07542283 0.08085464 0.09552113 0.04864517 0.10253826 0.08712224 0.12012875 0.08966991 0.05012967 0.05695294 0.03982508 0.08132117 0.04318441 0.06957735 0.05754565 0.05225613 0.10759608 0.07867124 0.08151400 0.09797261 0.04892609 0.07034726 0.09861388 0.09936920 0.11963430 0.04654779 0.04189260 0.08252679 0.04967265 0.06704296 0.06479954 0.01561252 0.06504942 0.10563792 0.09972999 0.04568017 0.11617450 0.07446388 0.07435368 0.07133619 0.09407645 0.10271429 0.05900658 0.05225946 0.08172625 0.07628818 0.09785645 0.02542637 0.05520773 0.08565476 0.06285585 0.04629267 0.07084645 0.10123367 0.03574145 0.07933733 0.08193647 0.07410236 0.06133355 0.11062672 0.07564513 0.06928817 0.05702986 0.05551843 0.06171696 
0.06720154 0.07075624 0.07170774 0.07386844 0.07854943 0.06804810 0.08168899 0.07831113 0.06278738 0.11289113 0.06503352 0.06174425 0.08793333 0.13771434 0.00000000 0.07170034 0.12243755 0.15426326 0.07462547 0.08441829 0.10152225 0.07603727 0.06445947 0.04836626 0.12391963 0.06754419 0.08769114 0.12283018 0.13320814 0.08879656 0.06829531 0.05880185 0.06578451 0.04142907 0.07542325 0.11303171 0.08170747 0.06980175 0.09747668 0.05579346 0.10711082 0.15639487 0.04212835 0.06917401 0.03909548 0.06592263 0.03446350 0.02797170 0.12794549 0.09394957 0.05052356 0.06354358 0.10140004 0.09105643 0.04495155 0.07296265 0.07228354 0.05609022 0.02713646 0.09277446 0.11863067 0.13312112 0.09775333 0.06581794 0.06840137 0.07478917 0.06680236 0.13956174 0.04469124 0.08035648 0.08170789 0.08673381 0.07713748 0.04826376 0.06660942 0.09906097 0.03955136 0.02512927 0.06663867 0.04707912 0.07239622 0.08036076 0.08090888 0.01350573 0.07991014 0.06950845 0.07592890 0.10672835 0.09546853 0.06733015 0.04691266 0.06518317 0.06805222 0.04479755 0.08743325 0.03880234 0.08797107 0.08377221 0.08693386 0.06308242 0.04547735 0.10146851 0.05354712 0.06231419 0.08017224 0.06286022 0.04170836 0.06812955 0.04594457 0.06236734 0.08348830 0.04600755 0.05662392 
0.07377439 0.06976294 0.07603670 0.07947104 0.04907754 0.04553268 0.04784951 0.09136083 0.07583164 0.06858630 0.06199341 0.07694781 0.07685208 0.08770013 0.07170034 0.00000000 0.12053889 0.10481763 0.02350381 0.11083626 0.06050000 0.08078404 0.07304278 0.05436624 0.06508766 0.04089373 0.05923485 0.05471049 0.08847869 0.05855292 0.12067050 0.06022189 0.07852452 0.09791544 0.04881877 0.06635729 0.04791437 0.04275410 0.05555504 0.05779165 0.07244074 0.06309070 0.07937194 0.07627949 0.10449594 0.05657134 0.07391740 0.12770973 0.07819539 0.09269352 0.10544324 0.07657990 0.05011532 0.11429203 0.09029741 0.05710247 0.05656684 0.10461376 0.10027302 0.06926710 0.03831896 0.07405202 0.08243885 0.04453658 0.05575843 0.05605615 0.06115290 0.11649248 0.08927663 0.16276495 0.12033957 0.11122465 0.07537451 0.12689384 0.07827643 0.08392200 0.09315597 0.09610309 0.07713954 0.07188492 0.06706351 0.04710692 0.09360743 0.06810480 0.06248359 0.05305318 0.05958654 0.07607008 0.03767748 0.06935295 0.02347357 0.04153237 0.11313392 0.06476702 0.06294834 0.09029698 0.06716647 0.11426468 0.04369094 0.12257773 0.08372647 0.06784029 0.07901038 0.10781900 0.08386834 0.07832491 0.08690405 0.09269639 0.06637767 0.09561349 0.06795421 0.06811769 0.05766072 
0.07988138 0.07716595 0.08617342 0.08288448 0.08119956 0.08158454 0.07334728 0.05502325 0.06210604 0.06655886 0.05329909 0.04433526 0.08098204 0.06785145 0.12243755 0.12053889 0.00000000 0.04434082 0.08415038 0.16805139 0.13290752 0.06922339 0.03702196 0.05512787 0.08046513 0.03990243 0.05921513 0.07311675 0.05896135 0.07839016 0.09904445 0.05070129 0.07266994 0.06069126 0.10474647 0.08704389 0.11364691 0.07108142 0.08440138 0.08727602 0.06735060 0.13025148 0.12436289 0.07764456 0.07177731 0.08106210 0.09745603 0.04041220 0.02377369 0.10254814 0.06320057 0.06645758 0.06969322 0.03563161 0.07969239 0.13135017 0.09873100 0.02812210 0.02577223 0.06508256 0.07283934 0.06906075 0.08448811 0.08263421 0.07826076 0.06461437 0.09221871 0.09511088 0.05314431 0.05939306 0.09648905 0.07675501 0.05357524 0.07588750 0.08648327 0.07859748 0.05093547 0.08998105 0.03481161 0.06635594 0.06872912 0.05295847 0.06326398 0.07919174 0.09369685 0.07513534 0.09496970 0.04241033 0.09171265 0.08115395 0.08965078 0.05690765 0.08484157 0.07135489 0.12278397 0.07255422 0.06405927 0.06328624 0.03152691 0.08029941 0.08904622 0.06298126 0.06400567 0.05364626 0.10919450 0.07895736 0.04762882 0.16711094 0.05589419 0.09270501 0.06926494 0.06346690 0.05720232 
0.07454560 0.07495114 0.07524995 0.08465021 0.10643512 0.08785476 0.08147447 0.05651032 0.07116811 0.05934324 0.10732509 0.10644351 0.07219390 0.12510209 0.15426326 0.10481763 0.04434082 0.00000000 0.08309917 0.09329274 0.05893684 0.14168706 0.05824389 0.14299060 0.04669797 0.10120993 0.07657764 0.06302090 0.07107865 0.10016902 0.08762966 0.06222696 0.10249880 0.08336650 0.08080304 0.06030353 0.07803036 0.04502376 0.05570949 0.05589069 0.07949146 0.03904909 0.07258059 0.06179729 0.09426170 0.05312680 0.06025680 0.11881766 0.07097783 0.06869962 0.06700956 0.05892855 0.09866913 0.07280779 0.07056622 0.10588102 0.10490160 0.14003108 0.07101999 0.04214305 0.09536247 0.03035371 0.07463349 0.06348800 0.04661573 0.08039387 0.09417738 0.05632743 0.08312732 0.07248224 0.05502647 0.04274083 0.03652407 0.06028383 0.05817467 0.05284916 0.05842988 0.03815632 0.05107802 0.03862854 0.07260614 0.06922988 0.08012999 0.10290594 0.09130409 0.06102466 0.12973819 0.07020814 0.09650060 0.06756178 0.05320126 0.09608940 0.09959685 0.02285088 0.10923679 0.10785585 0.06794583 0.06155745 0.06580337 0.12052989 0.05170983 0.07885835 0.02805028 0.04721807 0.05234133 0.08334905 0.06324228 0.08451006 0.08511264 0.06215997 0.07724831 0.07472672 0.05941250 
0.06531460 0.07431544 0.05654143 0.05708926 0.07419833 0.08240409 0.09691492 0.06271616 0.09017195 0.07378894 0.06474811 0.08780187 0.10126078 0.07054496 0.07462547 0.02350381 0.08415038 0.08309917 0.00000000 0.12642286 0.05919103 0.06982509 0.09098629 0.08320457 0.04827539 0.09076154 0.04786594 0.08855469 0.08079539 0.07482340 0.11766376 0.08025772 0.10619915 0.11465227 0.09420364 0.04679783 0.08126850 0.09227838 0.04194795 0.09244639 0.07928386 0.04536986 0.07185393 0.13323779 0.10858088 0.12477996 0.08687280 0.06172772 0.08648241 0.07735942 0.06013616 0.06191829 0.06184573 0.05936914 0.09520897 0.07642808 0.07269967 0.06479375 0.06643693 0.03721926 0.07798681 0.08344690 0.10533847 0.10551292 0.06327392 0.09071291 0.08871684 0.04292665 0.07031236 0.03984607 0.07137471 0.06043722 0.04555257 0.07688255 0.10456060 0.01956763 0.12217197 0.08139659 0.07374066 0.02846679 0.07903889 0.12238577 0.10189385 0.06583744 0.09234926 0.09223252 0.07692342 0.05797505 0.06093628 0.07627113 0.04784214 0.08335141 0.08138426 0.03394354 0.07757487 0.06499872 0.04715272 0.02606938 0.05575362 0.09287773 0.07707102 0.10431979 0.04630786 0.08394406 0.02670898 0.09604842 0.08812240 0.05473632 0.05744788 0.07046307 0.07969379 0.06850101 0.06367173 
0.07396133 0.07068101 0.06899761 0.06762288 0.06288049 0.06031147 0.06006838 0.04818671 0.06527465 0.08146401 0.06074419 0.07538152 0.04049694 0.06020451 0.08441829 0.11083626 0.16805139 0.09329274 0.12642286 0.00000000 0.05228428 0.06839202 0.05846873 0.13573845 0.02375700 0.08577233 0.06811900 0.08503136 0.03208921 0.11107394 0.03568578 0.06357108 0.06397399 0.06219933 0.11609536 0.06055079 0.06227444 0.10460279 0.05677244 0.05141206 0.06742860 0.06033007 0.07938484 0.07853772 0.05354710 0.06226039 0.10055416 0.08922155 0.04717432 0.04488933 0.07680282 0.09787757 0.09015314 0.06525365 0.08644087 0.04120778 0.12137823 0.06007125 0.06230588 0.05914954 0.04407759 0.05294841 0.07856831 0.06256013 0.09663884 0.10637751 0.08067301 0.06584625 0.07771307 0.08194668 0.14347592 0.05727047 0.10233928 0.16206655 0.09903704 0.07803464 0.08469862 0.07793103 0.08006401 0.07587022 0.06556546 0.10824033 0.08436553 0.11380739 0.08335832 0.10529138 0.07206481 0.05026092 0.05658747 0.07591365 0.05533011 0.06881858 0.09823976 0.09896405 0.07989264 0.06316267 0.05928629 0.06342598 0.04204429 0.07699261 0.07282703 0.06820091 0.10794641 0.10111050 0.09379212 0.04336322 0.06915281 0.08979250 0.08308342 0.07502414 0.06067021 0.05820595 0.05568678 
0.06752529 0.07474175 0.06574130 0.06397549 0.07960912 0.06554149 0.07722121 0.05545280 0.09918845 0.08788505 0.07993888 0.09441159 0.09396848 0.09330199 0.10152225 0.06050000 0.13290752 0.05893684 0.05919103 0.05228428 0.00000000 0.09109175 0.09217837 0.05096601 0.10608024 0.08571280 0.10028164 0.11583079 0.05176228 0.07391434 0.08121276 0.02618130 0.05203446 0.05846500 0.08458522 0.11811133 0.09634371 0.06738163 0.06312352 0.07849125 0.06170062 0.07055631 0.06166756 0.06403756 0.05348988 0.07319791 0.06528646 0.10275636 0.09799325 0.03331445 0.05292886 0.06964497 0.13510341 0.10176483 0.07975087 0.11814334 0.08670714 0.10273282 0.10808939 0.08866566 0.06428351 0.06624970 0.05242579 0.11581417 0.07058033 0.05644543 0.07681329 0.09557130 0.09450646 0.04154347 0.06186912 0.08936968 0.07956669 0.07232168 0.08062714 0.09710128 0.06403656 0.04644990 0.03986602 0.02689293 0.06623876 0.06879350 0.12848806 0.02516807 0.08665304 0.07726739 0.06115928 0.11117637 0.06863460 0.11088860 0.11022583 0.08700788 0.10414854 0.11578678 0.03394186 0.05391523 0.05752411 0.04872222 0.07952329 0.06736643 0.07415051 0.06912974 0.05875881 0.04611887 0.05338464 0.05625440 0.09102040 0.07837480 0.05781423 0.08215835 0.07276386 0.07993578 0.06289838 
0.06107229 0.05759562 0.06247622 0.07767356 0.09483455 0.09060017 0.09624569 0.06185761 0.07204733 0.05285672 0.15696365 0.08625499 0.14466288 0.08728760 0.07603727 0.08078404 0.06922339 0.14168706 0.06982509 0.06839202 0.09109175 0.00000000 0.07217471 0.07675437 0.13893216 0.10218113 0.10968772 0.11305759 0.07974042 0.10096687 0.06494197 0.04367365 0.04910810 0.03673147 0.06393824 0.10353154 0.07874662 0.04269888 0.07869339 0.04544523 0.06682069 0.09935219 0.05296715 0.05008652 0.06406575 0.07601782 0.05060854 0.08394729 0.11578867 0.07974009 0.08743696 0.04843979 0.08296730 0.08469301 0.04102973 0.07155403 0.10569218 0.07372954 0.16197771 0.08101519 0.08611312 0.05471336 0.07667455 0.07346453 0.07942712 0.03671297 0.09903223 0.04848279 0.10727675 0.04458577 0.08018136 0.07304507 0.04836147 0.06168596 0.04161468 0.08385245 0.10589909 0.08783915 0.03988583 0.02850013 0.06487105 0.09465830 0.10384731 0.09117227 0.09627808 0.06759358 0.10400476 0.04911577 0.07482447 0.07539190 0.06597537 0.07996706 0.11662626 0.08991247 0.12826219 0.11092579 0.07055130 0.04650218 0.04546489 0.07310511 0.06423014 0.05742210 0.06680111 0.04525319 0.06382091 0.05330794 0.01793709 0.04251293 0.04545360 0.09744332 0.06396468 0.05366249 0.05833703 
0.07390627 0.06306388 0.06407410 0.06641483 0.07126158 0.06327396 0.06820206 0.05552046 0.06686589 0.10175819 0.08736844 0.05203039 0.04096224 0.09597688 0.06445947 0.07304278 0.03702196 0.05824389 0.09098629 0.05846873 0.09217837 0.07217471 0.00000000 0.09427125 0.11266042 0.12592595 0.08380476 0.06990442 0.12873804 0.05074915 0.09543350 0.06295419 0.09738645 0.09182814 0.10595794 0.11643820 0.11748664 0.07295970 0.12108162 0.07995033 0.03336370 0.06258569 0.10370922 0.10478944 0.08085047 0.04729685 0.07350474 0.05991732 0.06662472 0.07485861 0.07355042 0.06317423 0.08154032 0.07264116 0.06015736 0.03910162 0.02243134 0.09238144 0.06331562 0.08483196 0.08627443 0.06632829 0.10008494 0.08015990 0.08219124 0.09748782 0.05689607 0.08571263 0.04137180 0.08763109 0.05650348 0.09510133 0.06885034 0.06679085 0.11608742 0.07750632 0.09174870 0.13954966 0.08118980 0.08319156 0.06834084 0.11070106 0.06677176 0.04834447 0.03973367 0.07205380 0.07222319 0.07164829 0.15019839 0.04398385 0.08080723 0.09215016 0.08603688 0.08147088 0.13469693 0.11000385 0.04189024 0.07354964 0.03898520 0.05257292 0.09641162 0.06478145 0.05818082 0.05570897 0.04600125 0.06691876 0.06366418 0.04343490 0.01813307 0.06814785 0.04673969 0.06838854 0.07436777 
0.07886237 0.06085494 0.06380881 0.07424435 0.07909775 0.08275930 0.07205686 0.09406806 0.07494794 0.11772432 0.08531442 0.07291381 0.12100750 0.07974971 0.04836626 0.05436624 0.05512787 0.14299060 0.08320457 0.13573845 0.05096601 0.07675437 0.09427125 0.00000000 0.06502963 0.09875908 0.08457984 0.06223667 0.05889622 0.02731423 0.07334030 0.04778543 0.07875240 0.05174293 0.09025386 0.06214596 0.05840129 0.08282497 0.05642794 0.05711235 0.03441493 0.05766389 0.08440997 0.02814987 0.03816334 0.07150936 0.08826172 0.04169560 0.11863697 0.08592767 0.03419344 0.06132879 0.09111207 0.07428211 0.05970100 0.06620057 0.17137655 0.08348268 0.08882538 0.05121147 0.09242475 0.10231860 0.06714478 0.10817560 0.04923926 0.05895507 0.08096541 0.10871170 0.09189907 0.04962259 0.06864964 0.04893726 0.12885484 0.03767953 0.09360329 0.05967511 0.05686881 0.04039760 0.04946872 0.08568307 0.06991918 0.13803923 0.04060955 0.10576173 0.09185623 0.10393386 0.08110511 0.12708884 0.03618188 0.13161181 0.06691458 0.06762709 0.06928974 0.08105052 0.08124283 0.07080182 0.04669939 0.06032495 0.08327563 0.07724497 0.06689972 0.09432258 0.08559563 0.07051406 0.05893280 0.07270652 0.04961950 0.10796079 0.05144972 0.09959665 0.10695919 0.06890463 0.06316724 
0.05971171 0.06817099 0.06887711 0.07000240 0.07953398 0.07072332 0.07028009 0.08267358 0.06567918 0.07555539 0.09389272 0.09020944 0.06711132 0.08791227 0.12391963 0.06508766 0.08046513 0.04669797 0.04827539 0.02375700 0.10608024 0.13893216 0.11266042 0.06502963 0.00000000 0.15702061 0.13325847 0.05851084 0.09733812 0.01761846 0.09992264 0.04434808 0.09139861 0.05550344 0.07360164 0.06566817 0.06341951 0.04170517 0.06444362 0.06632119 0.04173299 0.08889420 0.09211212 0.09827965 0.07611264 0.08639045 0.10847617 0.04454868 0.07749134 0.11545743 0.08260673 0.10210369 0.08495011 0.09069444 0.06520039 0.07386948 0.09106386 0.07943929 0.08913701 0.06339496 0.04353993 0.04197451 0.07966062 0.07852116 0.07392307 0.07431687 0.08928546 0.08691213 0.05402591 0.06227059 0.02025712 0.08038637 0.05053110 0.10873346 0.06476548 0.08072338 0.08004897 0.10088397 0.08225233 0.05452026 0.06262498 0.06771885 0.06963596 0.07474787 0.11482631 0.05849582 0.12790061 0.07802676 0.11764719 0.08039792 0.04660998 0.08994610 0.08364006 0.06534766 0.07040825 0.10473332 0.08401575 0.04487251 0.08191303 0.06538339 0.07589629 0.05587058 0.02065966 0.06048962 0.06537774 0.08072027 0.08989864 0.09183698 0.06948883 0.07155413 0.07870429 0.06475970 0.07112392 
0.06357831 0.07405994 0.06171280 0.05704523 0.08580190 0.06258026 0.07485970 0.06711810 0.09648878 0.07554525 0.09996478 0.02363744 0.10554649 0.08701702 0.06754419 0.04089373 0.03990243 0.10120993 0.09076154 0.08577233 0.08571280 0.10218113 0.12592595 0.09875908 0.15702061 0.00000000 0.09487116 0.10356041 0.13402844 0.05310894 0.06379877 0.05734093 0.06342990 0.07713718 0.05401172 0.04070556 0.03524488 0.07199584 0.08910910 0.09357594 0.06573468 0.06343554 0.11027858 0.08212131 0.06043252 0.05553624 0.10451755 0.09323693 0.09971851 0.07402256 0.07343850 0.05648448 0.05320215 0.08480751 0.08515901 0.07192168 0.11055506 0.07275112 0.10501490 0.10089369 0.09174990 0.08405271 0.07330972 0.05524578 0.03609760 0.05809601 0.07235563 0.04476618 0.07834373 0.03306157 0.04136722 0.05051523 0.07897669 0.07601577 0.08237903 0.06374313 0.08340465 0.07871309 0.06716324 0.06570382 0.06626899 0.06905918 0.07309440 0.06390706 0.09883137 0.05512454 0.07541080 0.12914465 0.09608503 0.02517171 0.05512421 0.07394337 0.04800618 0.06930617 0.14504153 0.06191004 0.07365569 0.08025710 0.07783196 0.06421866 0.06370183 0.05500779 0.09020619 0.11703944 0.08687889 0.05258669 0.06309221 0.08617282 0.07717759 0.09877222 0.08936538 0.06317171 0.07046746 
0.08036628 0.07592211 0.07932177 0.07070848 0.08042246 0.07224822 0.08007509 0.08179894 0.09200384 0.06360766 0.05443140 0.08678543 0.03924171 0.07287751 0.08769114 0.05923485 0.05921513 0.07657764 0.04786594 0.06811900 0.10028164 0.10968772 0.08380476 0.08457984 0.13325847 0.09487116 0.00000000 0.15925503 0.07037254 0.09247014 0.04921961 0.05458239 0.07520482 0.05695649 0.05567029 0.08490228 0.07368075 0.05690924 0.08024631 0.06327468 0.07343608 0.04139551 0.06042757 0.06939185 0.03590742 0.09052571 0.08825457 0.12810302 0.09388376 0.10858983 0.04500424 0.09331135 0.07451332 0.06656652 0.09485978 0.06897086 0.12335162 0.08089877 0.08750237 0.06644656 0.11935801 0.08972673 0.02334747 0.10261711 0.10809250 0.06027523 0.06691003 0.05607393 0.04984234 0.04700073 0.12419179 0.06741637 0.06442351 0.10113524 0.07138749 0.04619976 0.10132386 0.06245797 0.04042130 0.02175813 0.06730158 0.06053390 0.07002786 0.12501737 0.05754907 0.06223672 0.05805982 0.18759580 0.11323564 0.05331849 0.11378202 0.06936809 0.07324701 0.08376021 0.12172154 0.06806930 0.06666943 0.05994278 0.07753064 0.04942699 0.08548951 0.03537938 0.02983904 0.04864901 0.04765544 0.07841320 0.05859131 0.04180815 0.12447864 0.07055761 0.07797036 0.07407083 0.07886866 
0.06555376 0.07064302 0.06033540 0.05708421 0.08035607 0.07315872 0.05569140 0.05781820 0.06968255 0.08171472 0.08977546 0.06301337 0.09885964 0.07032083 0.12283018 0.05471049 0.07311675 0.06302090 0.08855469 0.08503136 0.11583079 0.11305759 0.06990442 0.06223667 0.05851084 0.10356041 0.15925503 0.00000000 0.08390373 0.12028125 0.06269891 0.05432323 0.04683134 0.04527569 0.08493361 0.05652974 0.07707648 0.05049756 0.06011191 0.05749264 0.08643372 0.05545977 0.06256097 0.05863420 0.06889412 0.09733970 0.06771901 0.12115645 0.09088987 0.08972655 0.07136802 0.06564721 0.05902886 0.05405382 0.06309631 0.06275767 0.10837897 0.13965570 0.06376982 0.09248785 0.05021739 0.09524600 0.05706191 0.07174769 0.05388246 0.13558874 0.05729315 0.07896933 0.06561208 0.04557114 0.05409118 0.04955670 0.09874281 0.08968521 0.08243662 0.07599253 0.10719473 0.09868667 0.08887246 0.10915859 0.06556204 0.06085648 0.07237300 0.07204475 0.12981310 0.11044119 0.13255160 0.07047239 0.09116809 0.10617106 0.06216807 0.11124237 0.08093598 0.06627958 0.10670101 0.04977126 0.08325829 0.06735141 0.05737582 0.01882328 0.06775185 0.03733326 0.05838612 0.04223856 0.08963371 0.06027974 0.03188854 0.03119878 0.10914999 0.08107720 0.05163233 0.06805797 0.05897561 
0.07506029 0.06680873 0.07638900 0.06744045 0.08990764 0.07380766 0.06872569 0.08759938 0.09717354 0.04156782 0.09809360 0.06055212 0.08112813 0.08647900 0.13320814 0.08847869 0.05896135 0.07107865 0.08079539 0.03208921 0.05176228 0.07974042 0.12873804 0.05889622 0.09733812 0.13402844 0.07037254 0.08390373 0.00000000 0.07369114 0.09885949 0.01546993 0.06039975 0.07169613 0.07387317 0.09067065 0.08463409 0.07963558 0.10399209 0.04680667 0.04708621 0.05173755 0.08178307 0.08227700 0.00624634 0.06728107 0.08081276 0.01729061 0.05592557 0.01346554 0.06175705 0.05885039 0.09068337 0.06984837 0.10375498 0.11317927 0.05158339 0.13602708 0.08130054 0.05019439 0.17851358 0.03033166 0.03100920 0.05841647 0.05260336 0.08269898 0.02203056 0.10926074 0.09585856 0.05166847 0.05279792 0.09693864 0.09220643 0.08479948 0.04009362 0.08527942 0.11221448 0.06501979 0.08345188 0.06585754 0.07534181 0.05150980 0.07504964 0.10188368 0.12095166 0.12596723 0.09496825 0.07303464 0.12597912 0.06776682 0.05263504 0.08505119 0.04707640 0.06098116 0.10932055 0.07269260 0.09734194 0.04680007 0.07904222 0.07804270 0.07253237 0.07736756 0.07041627 0.07470468 0.08070837 0.07447061 0.04820606 0.08442962 0.06665475 0.09563025 0.08991639 0.07071018 0.07579718 
0.06842052 0.07204076 0.06113548 0.06447472 0.06341606 0.06516877 0.07997057 0.05227953 0.08208778 0.02597695 0.12781519 0.06928252 0.10332656 0.06464572 0.08879656 0.05855292 0.07839016 0.10016902 0.07482340 0.11107394 0.07391434 0.10096687 0.05074915 0.02731423 0.01761846 0.05310894 0.09247014 0.12028125 0.07369114 0.00000000 0.10735449 0.03507695 0.09798165 0.04321595 0.06318679 0.11454011 0.04624505 0.02529603 0.04203443 0.05691978 0.06724016 0.10051891 0.05411812 0.01313777 0.06237886 0.03249848 0.03800882 0.10483691 0.06296401 0.05990824 0.07827156 0.04314481 0.09136577 0.05689134 0.13686034 0.06153215 0.08543375 0.20063340 0.07879811 0.18267719 0.03870096 0.04637570 0.09898166 0.08879307 0.04197710 0.08368702 0.08134525 0.09762607 0.11594595 0.08905070 0.07267258 0.12387318 0.09007064 0.08196354 0.08529443 0.05919092 0.05185989 0.07989109 0.02488127 0.07477556 0.08203725 0.05332225 0.04971645 0.09384065 0.06085611 0.06253831 0.09820169 0.05720606 0.07976209 0.09579479 0.02019578 0.08674371 0.11821392 0.08983281 0.07979791 0.07730248 0.05474545 0.03311843 0.05160782 0.06794909 0.07420372 0.10613797 0.06199114 0.09884453 0.09588106 0.09710094 0.05887356 0.09376189 0.05836009 0.06756959 0.08811700 0.09075121 0.07942956 
0.08762518 0.06790813 0.07480679 0.08988479 0.06702788 0.06354308 0.06795303 0.06885318 0.06275508 0.07331885 0.04751956 0.10470111 0.15123891 0.12475639 0.06829531 0.12067050 0.09904445 0.08762966 0.11766376 0.03568578 0.08121276 0.06494197 0.09543350 0.07334030 0.09992264 0.06379877 0.04921961 0.06269891 0.09885949 0.10735449 0.00000000 0.10516181 0.08683886 0.07711474 0.08545284 0.06366191 0.05988586 0.07016767 0.09252392 0.04113429 0.09743829 0.12258565 0.09376002 0.06580061 0.06887677 0.07467941 0.05543675 0.07514054 0.06708398 0.06025170 0.02909889 0.03667710 0.05730056 0.06201407 0.06574165 0.10048446 0.05115923 0.06072790 0.07209147 0.07894833 0.12874677 0.08671790 0.07900880 0.05688102 0.07273867 0.09993912 0.06499187 0.10769248 0.03278100 0.08915124 0.07071795 0.05728844 0.01229210 0.04465401 0.09017263 0.08178746 0.04825552 0.07148341 0.12471956 0.06432434 0.07744182 0.05089824 0.07121553 0.09865866 0.11130834 0.13512047 0.03737571 0.07869074 0.07596542 0.09188351 0.12547660 0.08043908 0.08776116 0.10792658 0.01875258 0.03500724 0.04724757 0.05425492 0.04261874 0.04920438 0.04441088 0.04083821 0.09249779 0.05535199 0.10214565 0.07181280 0.04741950 0.08187563 0.04246444 0.06566877 0.09862813 0.09299589 0.07784019 
0.08061624 0.07253439 0.07702192 0.06992747 0.05546323 0.05555356 0.07151623 0.05286190 0.02926015 0.09370264 0.04144180 0.09167432 0.02155752 0.05234496 0.05880185 0.06022189 0.05070129 0.06222696 0.08025772 0.06357108 0.02618130 0.04367365 0.06295419 0.04778543 0.04434808 0.05734093 0.05458239 0.05432323 0.01546993 0.03507695 0.10516181 0.00000000 0.09881813 0.14604935 0.08521665 0.11802115 0.11136958 0.14251953 0.16354878 0.15204332 0.13041910 0.07121616 0.08575127 0.11274132 0.16625736 0.11540659 0.04543080 0.12429342 0.05610313 0.02861726 0.07261523 0.12223861 0.05620890 0.07407576 0.06437487 0.07211622 0.03768903 0.07897655 0.03315089 0.05196782 0.04551788 0.12126952 0.05204513 0.06817538 0.16164806 0.13700985 0.07354323 0.07333830 0.06791387 0.07704050 0.07314596 0.06254263 0.07680205 0.06679600 0.05505365 0.07668509 0.05334322 0.08846466 0.16788674 0.22188261 0.07983395 0.08218349 0.05962403 0.04724084 0.02648947 0.05167475 0.04833582 0.08495990 0.02922004 0.03604976 0.06102615 0.02002661 0.03114603 0.05026179 0.06466764 0.06286974 0.08967652 0.10337812 0.07086613 0.06696851 0.04752244 0.08673770 0.07367582 0.07468390 0.09635303 0.08761901 0.08559805 0.09689853 0.05527012 0.08939782 0.06161816 0.07171542 0.07685722 
