0.00000000 0.13326177 0.03900966 0.02713694 0.06663343 0.08015247 0.08261802 0.06899898 0.07502953 0.07302684 0.09048116 0.05292733 0.06023880 0.02060465 0.05438728 0.05614713 0.02503595 0.06405000 0.01292055 0.04452611 0.04277545 0.07926834 0.04708867 0.05159680 0.02617602 0.02008145 0.04172150 0.04635763 0.02239465 0.05136034 0.01072706 0.05158551 0.03783146 0.02442818 0.07164243 0.05199031 0.01784145 0.01585449 0.03922095 0.09990959 0.06932884 0.05103973 0.06243747 0.01999756 0.05344709 0.10016091 0.04119467 0.11926059 0.11671104 0.11478636 0.05537354 0.06268407 0.01792317 0.02791147 0.05812675 0.06328396 0.02940548 0.02392636 0.01695988 0.05540872 0.01973753 0.02677879 0.01509769 0.03354916 0.01995057 0.07008301 0.07300144 0.06436804 0.03398800 0.03463134 0.08444239 0.05923975 0.02535871 0.04092247 0.05361599 0.04457287 0.07930593 0.04675462 0.05595956 0.04414625 0.04122896 0.03004565 0.03753284 0.05561731 0.02224476 0.06112895 0.01005056 0.03589251 0.03691716 0.03374802 0.04380886 0.04871459 0.07399733 0.07968583 0.07111996 0.03935329 0.04485028 0.07288787 0.06184633 0.09015745 0.08596692 0.04765812 0.06094668 0.06610518 0.02236544 0.06535067 0.04865346 0.04460206 0.05320807 0.07748258 0.05746786 
0.13326177 0.00000000 0.11681841 0.03457914 0.05297048 0.03933604 0.04672218 0.09197931 0.05907125 0.03753869 0.03256345 0.03113963 0.07611152 0.01661272 0.01210546 0.05309014 0.03872876 0.06177513 0.04708732 0.02577499 0.02832589 0.05666253 0.03224344 0.02680893 0.04215047 0.04016018 0.01610096 0.05224274 0.03371247 0.08456515 0.00713397 0.03817325 0.06761668 0.07208983 0.04121037 0.05384228 0.03327149 0.04424291 0.08821249 0.08336995 0.07667832 0.02719120 0.05557695 0.04935132 0.03944157 0.05276200 0.03354705 0.10350533 0.11597522 0.11819897 0.04330004 0.06215573 0.02467777 0.05406782 0.02042056 0.08317904 0.04424520 0.04383263 0.01777558 0.07242517 0.01514577 0.02244567 0.05675241 0.03413878 0.04119869 0.02635425 0.07371805 0.05369563 0.06725352 0.06352315 0.07497674 0.05442676 0.02943680 0.05825039 0.05389927 0.03694793 0.05261711 0.06614988 0.06646050 0.07281736 0.09275048 0.05347998 0.06081123 0.02580533 0.04619778 0.06301463 0.08049487 0.05811370 0.06089172 0.01696335 0.02930461 0.02533490 0.05995763 0.05848250 0.03447941 0.03850806 0.05459933 0.03359953 0.05646355 0.04814828 0.03259296 0.07225400 0.05379883 0.08211749 0.06123078 0.04762142 0.06985132 0.05656874 0.04676842 0.02475987 0.05561906 
0.03900966 0.11681841 0.00000000 0.06865116 0.03934689 0.06862117 0.09010630 0.05168574 0.04396938 0.05228376 0.03012593 0.06145380 0.08001798 0.01950969 0.08853935 0.04691735 0.02579054 0.06035078 0.04032651 0.08765153 0.06320089 0.05467841 0.04872527 0.04608652 0.07841241 0.05132445 0.06318499 0.05345545 0.07465586 0.02101657 0.06219855 0.04921470 0.03813931 0.04754762 0.05207678 0.04569534 0.05918755 0.07789825 0.07582973 0.04210869 0.04113799 0.04363547 0.06363786 0.04103477 0.07452407 0.05499783 0.07706800 0.04744874 0.04359297 0.03722859 0.05140591 0.02551212 0.06211085 0.07600328 0.02256578 0.09165319 0.05726565 0.05220037 0.08158873 0.05592486 0.04215027 0.03483068 0.05880409 0.04863034 0.07320316 0.04074997 0.04369793 0.03920394 0.02846088 0.04294951 0.01859348 0.04275084 0.03062223 0.06396499 0.03388551 0.03103565 0.05994085 0.06277384 0.03698723 0.05027605 0.07458155 0.04677358 0.04881439 0.07260921 0.05879170 0.05945954 0.06108654 0.03315865 0.06701411 0.04146883 0.05920344 0.04314950 0.03907318 0.05046855 0.02635780 0.04328306 0.04089898 0.05783234 0.04127514 0.02932033 0.05745614 0.03783955 0.08595164 0.07491923 0.04603022 0.03499479 0.03300372 0.04629842 0.07035407 0.03929322 0.07001998 
0.02713694 0.03457914 0.06865116 0.00000000 0.04252174 0.02817328 0.05512925 0.05891415 0.06706297 0.09700925 0.04606448 0.06242247 0.03967529 0.03854317 0.06053698 0.04653881 0.04894600 0.06143721 0.05447471 0.05249551 0.04163272 0.07456288 0.03169747 0.06151757 0.08248842 0.05256142 0.06959612 0.05654836 0.05694376 0.05100039 0.03702663 0.06975605 0.02078258 0.06159186 0.06466379 0.05432865 0.05025853 0.05790007 0.02418832 0.03125123 0.08776018 0.03730075 0.06907731 0.04043489 0.05977430 0.02916861 0.06857962 0.04801878 0.04462069 0.03326259 0.00569144 0.02396780 0.05248145 0.09846209 0.05917846 0.05519663 0.03788811 0.07715228 0.03769488 0.03361367 0.01964032 0.02608537 0.05074074 0.04790285 0.01974041 0.06094311 0.06849445 0.09644977 0.08403778 0.08041958 0.05364845 0.07655300 0.03702381 0.05116848 0.06191536 0.04791479 0.05505351 0.06658998 0.04724038 0.04604302 0.08099305 0.06663149 0.04470634 0.05256256 0.04204668 0.03538020 0.06100454 0.07524946 0.06123461 0.05666631 0.06267245 0.04043367 0.05717683 0.01574888 0.04917659 0.03358518 0.05870553 0.06266656 0.01675728 0.03859326 0.05876496 0.06648646 0.04443820 0.06847947 0.06109551 0.06584606 0.04699992 0.06125768 0.07414194 0.06804423 0.05877278 
0.06663343 0.05297048 0.03934689 0.04252174 0.00000000 0.05475128 0.08856479 0.06298080 0.02734945 0.04570017 0.07670969 0.03260589 0.04842484 0.02889049 0.05071449 0.08781348 0.04038673 0.04299038 0.04100213 0.04396679 0.07939668 0.03165036 0.02943368 0.06111295 0.06460782 0.04714700 0.03146668 0.05927203 0.03526617 0.04617683 0.05094041 0.03573307 0.02626463 0.02944935 0.03527160 0.09183844 0.06038006 0.06504265 0.05576304 0.07939788 0.06074465 0.08037165 0.05961610 0.07201233 0.05204326 0.04578587 0.08712213 0.02485324 0.06186381 0.05805934 0.04134008 0.04145370 0.07968543 0.03822138 0.03593085 0.04271870 0.04530401 0.06445074 0.04710147 0.02527110 0.05239536 0.07242304 0.06999223 0.04702741 0.03992793 0.04355399 0.04966511 0.06091727 0.04557832 0.05856168 0.05046496 0.07411495 0.04825151 0.03757069 0.01921440 0.02689495 0.04419276 0.06080746 0.07268548 0.06094369 0.05241738 0.05008419 0.08389310 0.05505359 0.07927109 0.05342132 0.06769044 0.03819052 0.05600610 0.02493579 0.04503100 0.03487713 0.10522849 0.05422954 0.10298747 0.06373222 0.05322056 0.07626856 0.04160890 0.03993682 0.05516348 0.02525326 0.04897288 0.03367382 0.04791325 0.04565462 0.07835424 0.03850315 0.03682961 0.02596238 0.09002122 
0.08015247 0.03933604 0.06862117 0.02817328 0.05475128 0.00000000 0.02422548 0.07619400 0.06417587 0.07239610 0.06557079 0.05491061 0.11982209 0.04254855 0.04826412 0.05509618 0.04066128 0.06282063 0.05329671 0.05596787 0.05381863 0.10334138 0.05718136 0.04784099 0.03024060 0.07762196 0.06448045 0.04800988 0.04932439 0.05722778 0.04271027 0.05369308 0.02680302 0.03281889 0.04334925 0.03210597 0.01402996 0.04061360 0.03987111 0.05841123 0.03978918 0.04804778 0.03671546 0.03910592 0.10888722 0.05968816 0.04011513 0.03743751 0.07301375 0.05765609 0.09637898 0.03058489 0.06506494 0.03815644 0.07552698 0.02202540 0.01279379 0.06137458 0.03125501 0.03372892 0.05261279 0.04977699 0.10781795 0.04050460 0.03852897 0.04341475 0.06088574 0.08796425 0.06883445 0.05150384 0.05668881 0.07053665 0.04391241 0.04304198 0.06641377 0.04110296 0.05274790 0.07510828 0.04854757 0.03633113 0.03531475 0.06763174 0.02920156 0.04457888 0.06112835 0.02611265 0.02517198 0.03276244 0.03211102 0.02968573 0.06306280 0.05493599 0.02946714 0.03790731 0.04292234 0.05654064 0.05276699 0.08475286 0.07083758 0.06133372 0.06049393 0.06189422 0.02402226 0.05708410 0.10133461 0.01573219 0.08573073 0.03417412 0.06673875 0.06481388 0.04606522 
0.08261802 0.04672218 0.09010630 0.05512925 0.08856479 0.02422548 0.00000000 0.03544685 0.10704447 0.04899960 0.05277060 0.05593334 0.07425276 0.06761791 0.02392079 0.02118781 0.01123028 0.06516915 0.02632116 0.03731152 0.04661482 0.09473241 0.07190752 0.03561860 0.02352802 0.03250101 0.00755850 0.04580510 0.02437881 0.06143865 0.02774550 0.07862655 0.03229334 0.04687941 0.04643816 0.05808639 0.02768646 0.09008578 0.08370691 0.13057295 0.04883468 0.03091603 0.09209706 0.07635675 0.09157583 0.06389848 0.06313594 0.05727326 0.08436636 0.05192949 0.03510479 0.06842181 0.06277225 0.08862329 0.06399801 0.05362507 0.06683323 0.07542135 0.04283480 0.03495485 0.01908032 0.03233796 0.02773282 0.05188806 0.05929590 0.04957759 0.06900479 0.05626368 0.05825384 0.04338722 0.06739136 0.07127977 0.05478660 0.03352191 0.05674772 0.09765224 0.04102370 0.04182422 0.03784560 0.04419356 0.05641697 0.03468070 0.02763066 0.02759550 0.04244557 0.07294019 0.05858987 0.07462614 0.05557994 0.03536041 0.03580266 0.06772873 0.02416104 0.03589559 0.04169207 0.05693850 0.06249053 0.04467032 0.03997102 0.01534783 0.02807567 0.03448338 0.03850097 0.08243455 0.03326114 0.03159883 0.06576153 0.05553602 0.03961775 0.03768701 0.06417444 
0.06899898 0.09197931 0.05168574 0.05891415 0.06298080 0.07619400 0.03544685 0.00000000 0.05776878 0.05933480 0.05116987 0.05038614 0.08184014 0.07050522 0.03307540 0.01321194 0.05905496 0.05402815 0.03859353 0.02538372 0.04121047 0.08136857 0.04942024 0.08239000 0.02617362 0.03262370 0.04692471 0.05463636 0.04864208 0.04736888 0.02926569 0.05650396 0.08731421 0.05817291 0.03637698 0.05434919 0.06852256 0.05393485 0.05326706 0.05427388 0.02581091 0.04982439 0.08937476 0.04107519 0.05503833 0.05799596 0.08111373 0.04927635 0.12240891 0.06256066 0.05799602 0.02660916 0.03852315 0.03689524 0.08458186 0.04171482 0.05073651 0.05082063 0.02354354 0.04400097 0.01853177 0.01616503 0.04324208 0.04410274 0.03525207 0.03225242 0.05237399 0.08065204 0.06583545 0.06378977 0.03965983 0.06195296 0.06172971 0.04780581 0.06909047 0.06236649 0.03858546 0.05781266 0.04051659 0.04436711 0.09967472 0.05866765 0.05186465 0.07640449 0.03990277 0.05215732 0.06061713 0.06139189 0.05328251 0.01913893 0.03655192 0.04142314 0.04647356 0.04547474 0.05699309 0.03621427 0.05080278 0.04727783 0.02818602 0.05558997 0.04058288 0.06235189 0.04900230 0.05735344 0.05034457 0.05581665 0.06534897 0.03719066 0.08225399 0.06263393 0.06881465 
0.07502953 0.05907125 0.04396938 0.06706297 0.02734945 0.06417587 0.10704447 0.05776878 0.00000000 0.07656611 0.05150362 0.09096122 0.03043614 0.13161365 0.03810259 0.06505233 0.03626161 0.07927711 0.09613494 0.05368180 0.08814955 0.05617424 0.04597379 0.05159195 0.03186625 0.04895901 0.05632596 0.04770348 0.03986963 0.06015360 0.03779646 0.05496950 0.08544594 0.02282088 0.09805808 0.02560849 0.01878409 0.08330036 0.03746559 0.06308616 0.05786194 0.05727996 0.06167462 0.05186138 0.06616224 0.06553797 0.06468953 0.10358930 0.06861910 0.05560701 0.04571043 0.06533581 0.05493106 0.02176877 0.03945961 0.04303944 0.02912408 0.01547447 0.11647724 0.03115995 0.03315864 0.01461675 0.03713871 0.05931339 0.05187667 0.05105672 0.07776592 0.03666574 0.05703935 0.03084922 0.05200428 0.06915553 0.05044452 0.04951288 0.07631416 0.01080542 0.05675596 0.03087596 0.06621573 0.04751319 0.02878930 0.03762623 0.03987684 0.08404527 0.02909021 0.06999350 0.05548271 0.05794720 0.02128814 0.04246222 0.03141686 0.03983672 0.03469682 0.07355652 0.05119533 0.04622997 0.04792991 0.03439410 0.05944875 0.03315133 0.04889912 0.02368703 0.01968496 0.06778242 0.02423054 0.05138982 0.06406063 0.04554416 0.05216684 0.04115445 0.03233272 
0.07302684 0.03753869 0.05228376 0.09700925 0.04570017 0.07239610 0.04899960 0.05933480 0.07656611 0.00000000 0.06355635 0.09752830 0.08022410 0.03418030 0.05903863 0.04673447 0.01952450 0.03682746 0.04987483 0.04695919 0.04013407 0.06963107 0.06813624 0.04774462 0.04301265 0.03416384 0.08308970 0.04616355 0.05498121 0.08572258 0.04793727 0.05009765 0.07138453 0.06300277 0.05481787 0.05857731 0.08234359 0.05652121 0.05126018 0.07510306 0.04498872 0.04944246 0.10297686 0.03082761 0.10204988 0.04681262 0.04690820 0.03100178 0.05532654 0.08473016 0.03811236 0.03644133 0.02975338 0.03258450 0.04281605 0.04647792 0.04124870 0.04411831 0.04384651 0.03761505 0.01291349 0.10532599 0.05748379 0.04565890 0.04730223 0.04440139 0.07061986 0.04297968 0.06358092 0.06418581 0.06944440 0.04506532 0.02274773 0.04042135 0.05921432 0.02557115 0.04942772 0.06547172 0.04050763 0.03260273 0.04762342 0.07203229 0.06072196 0.02252061 0.06023807 0.06133482 0.06083843 0.06456420 0.03851113 0.05179014 0.03520797 0.05976778 0.03385469 0.04038678 0.07296561 0.03249192 0.03355784 0.06022209 0.02824444 0.07091931 0.03761515 0.04606324 0.01925480 0.03135216 0.03176317 0.02567264 0.10477713 0.05510320 0.03545029 0.06456742 0.05237992 
0.09048116 0.03256345 0.03012593 0.04606448 0.07670969 0.06557079 0.05277060 0.05116987 0.05150362 0.06355635 0.00000000 0.09705677 0.04068897 0.06598215 0.10188862 0.05782329 0.03747374 0.08526620 0.04130044 0.05198249 0.05408684 0.05590569 0.06844841 0.02642269 0.05456288 0.05500530 0.05520836 0.05160769 0.03290861 0.04381202 0.03097466 0.04208902 0.02180269 0.03833456 0.05819232 0.06842130 0.07264456 0.04615929 0.08763115 0.05728091 0.04216045 0.04934245 0.07144331 0.07107628 0.07416150 0.07398551 0.03043855 0.05830252 0.05426759 0.07481933 0.08034183 0.03716824 0.03125012 0.06152526 0.04712336 0.03621356 0.03151042 0.03561720 0.01546985 0.06018748 0.03931543 0.05389099 0.08708076 0.05382710 0.08622628 0.03986338 0.06816746 0.05253538 0.05809713 0.05164937 0.07944758 0.05312613 0.04764603 0.03415575 0.07492020 0.07232809 0.04416343 0.04813075 0.06023279 0.05116014 0.05277408 0.05414261 0.06346800 0.02263099 0.06436218 0.03340679 0.04766370 0.04553403 0.05053684 0.02348379 0.05458731 0.04727357 0.06500995 0.04560589 0.04027323 0.06348953 0.03328056 0.06694663 0.04559229 0.04540249 0.05327932 0.03502327 0.04906659 0.04067764 0.05007814 0.03159062 0.05505830 0.04735940 0.05648880 0.03499529 0.05292909 
0.05292733 0.03113963 0.06145380 0.06242247 0.03260589 0.05491061 0.05593334 0.05038614 0.09096122 0.09752830 0.09705677 0.00000000 0.04861315 0.06566062 0.02255092 0.12008820 0.06224710 0.06742085 0.04464316 0.03204460 0.08200056 0.04867640 0.04585830 0.03089740 0.05919357 0.08296594 0.04457433 0.05716295 0.05108182 0.07176369 0.02179735 0.05342640 0.04040555 0.02783197 0.06709658 0.03914450 0.03891115 0.03334595 0.08664299 0.05322428 0.03386885 0.06294631 0.05922167 0.03824080 0.10116884 0.08604676 0.02238708 0.09564122 0.07088303 0.09484384 0.03886161 0.06816488 0.05219596 0.04471619 0.05846917 0.06039086 0.03537794 0.04469278 0.06977144 0.05861658 0.04126629 0.04102268 0.05798195 0.05306126 0.03486678 0.02239994 0.05864159 0.02176221 0.05821671 0.05346681 0.05238496 0.03785113 0.07539842 0.02729695 0.04098790 0.02561316 0.07101515 0.03174161 0.04876641 0.03356911 0.06284916 0.06462928 0.06615375 0.07453434 0.04256296 0.04268375 0.03290971 0.06524600 0.01527112 0.06152022 0.05444509 0.03016877 0.06590719 0.05156497 0.07924119 0.05926049 0.04616192 0.03633703 0.05260981 0.04607766 0.05199277 0.02944707 0.05141625 0.06156037 0.02915259 0.04115410 0.04224340 0.04825807 0.04124499 0.05182367 0.03814549 
0.06023880 0.07611152 0.08001798 0.03967529 0.04842484 0.11982209 0.07425276 0.08184014 0.03043614 0.08022410 0.04068897 0.04861315 0.00000000 0.09406357 0.06568983 0.07660504 0.04430616 0.06707886 0.04902649 0.05735945 0.05944518 0.08685810 0.06074546 0.04452707 0.04110083 0.02994047 0.03086465 0.04446894 0.08381982 0.03482676 0.02742210 0.04566313 0.03726124 0.04678001 0.04464808 0.04044422 0.03655089 0.04869468 0.05346274 0.04179649 0.05039535 0.06207577 0.07624272 0.04176347 0.06249980 0.04472973 0.07366121 0.04372882 0.03499846 0.03033559 0.05374867 0.04933329 0.05030662 0.07251321 0.07677077 0.04260537 0.04749558 0.07564701 0.03432498 0.02450051 0.04764856 0.05356270 0.02576049 0.04044034 0.03301507 0.03599226 0.04955789 0.04173322 0.03442328 0.04474882 0.04960958 0.08667684 0.04128685 0.05010894 0.05387681 0.06959099 0.03648767 0.07067601 0.03438264 0.05279172 0.05185396 0.03301560 0.05149709 0.05576391 0.04395325 0.04673497 0.03358710 0.05860804 0.05030880 0.05852089 0.03014324 0.04551528 0.05196215 0.05523686 0.03258122 0.05203232 0.04162703 0.03134503 0.05910395 0.07923754 0.04959312 0.04560228 0.02961396 0.04633709 0.05174190 0.04673433 0.07231140 0.04212691 0.03719274 0.08792490 0.07485757 
0.02060465 0.01661272 0.01950969 0.03854317 0.02889049 0.04254855 0.06761791 0.07050522 0.13161365 0.03418030 0.06598215 0.06566062 0.09406357 0.00000000 0.07219261 0.08427758 0.01992604 0.05368505 0.07806412 0.07885988 0.07006474 0.04181109 0.06405171 0.04051542 0.03658421 0.05586172 0.07823072 0.04396067 0.06900126 0.04621979 0.03020348 0.03758276 0.04741121 0.02481069 0.06147222 0.04041305 0.04506230 0.06112726 0.07523404 0.07109524 0.05308312 0.06149628 0.03421040 0.07294935 0.04799414 0.08967546 0.06319753 0.03363238 0.05119768 0.05846118 0.04625050 0.04867665 0.05589557 0.06611392 0.02760500 0.05340614 0.03911903 0.07302237 0.06299254 0.03995518 0.03715364 0.06668588 0.05958823 0.04765778 0.05172735 0.07568222 0.05362509 0.04177347 0.05186226 0.05811499 0.02438258 0.04175935 0.04357978 0.03939642 0.06575627 0.07189035 0.03238013 0.03875035 0.05454435 0.06936665 0.05627433 0.02921616 0.05585366 0.05916744 0.05426944 0.04373832 0.04721245 0.06920097 0.05697648 0.04085635 0.04872558 0.01756781 0.04725631 0.07131903 0.03285906 0.05958417 0.04577310 0.03411503 0.06537346 0.05070550 0.06655649 0.05511207 0.04436027 0.07659262 0.04591487 0.02524044 0.07278186 0.04478461 0.08208919 0.03278089 0.03914583 
0.05438728 0.01210546 0.08853935 0.06053698 0.05071449 0.04826412 0.02392079 0.03307540 0.03810259 0.05903863 0.10188862 0.02255092 0.06568983 0.07219261 0.00000000 0.05220707 0.03536594 0.08154863 0.05611465 0.07803369 0.08566542 0.06962336 0.05243163 0.10886705 0.06454349 0.04353245 0.06822043 0.04950740 0.05357575 0.05343458 0.05734923 0.04242653 0.03644693 0.04670070 0.03772940 0.05271625 0.06293323 0.05130904 0.03347446 0.02763463 0.05853746 0.04220566 0.07295265 0.04212011 0.08331413 0.06594125 0.10265838 0.05865915 0.05131751 0.02563651 0.06763261 0.00667944 0.08154131 0.04274815 0.06595680 0.07761699 0.06426144 0.03266007 0.11458227 0.05431283 0.04422234 0.02113178 0.06640820 0.04829004 0.06672924 0.05596808 0.03318481 0.04329702 0.08466612 0.04822946 0.04966378 0.03709959 0.04201667 0.04896957 0.05438898 0.03923089 0.07326489 0.06220697 0.06053952 0.05723101 0.04086393 0.05658982 0.05022164 0.03757143 0.03075651 0.03929126 0.04134748 0.04297314 0.04583920 0.05417836 0.02537676 0.06679607 0.05062359 0.05881199 0.07228053 0.03559467 0.04405949 0.07566608 0.04260498 0.05189963 0.03925807 0.05023191 0.01412038 0.01535294 0.05871561 0.04686507 0.03921485 0.05173307 0.04377516 0.06126416 0.05584774 
0.05614713 0.05309014 0.04691735 0.04653881 0.08781348 0.05509618 0.02118781 0.01321194 0.06505233 0.04673447 0.05782329 0.12008820 0.07660504 0.08427758 0.05220707 0.00000000 0.06762546 0.02282875 0.06318391 0.11661302 0.07435947 0.02625128 0.06307816 0.04011168 0.09725701 0.06182809 0.06229820 0.04769782 0.02065578 0.04725210 0.06145054 0.04397284 0.07186598 0.03258479 0.06663128 0.05877717 0.05441040 0.02015062 0.02093451 0.04695323 0.02684878 0.07572709 0.03411272 0.04216730 0.05863449 0.06033586 0.02459765 0.08643322 0.04977243 0.07381417 0.04599785 0.10016055 0.08672837 0.04574093 0.05624899 0.05706760 0.04225181 0.04533974 0.05919438 0.05707422 0.08106564 0.08856511 0.06223057 0.07831128 0.02007556 0.05712300 0.03583757 0.03411721 0.07316516 0.02779050 0.00227157 0.03922083 0.02258481 0.06026639 0.06284340 0.01170291 0.07850798 0.03330015 0.04870285 0.09279867 0.00883747 0.03724601 0.04660308 0.06216707 0.04979783 0.05076670 0.02821061 0.03997902 0.04705255 0.04769829 0.04594234 0.05360983 0.07541064 0.08815446 0.05951165 0.05406020 0.04187680 0.04975863 0.06715305 0.03222743 0.09309565 0.03004195 0.02048006 0.05183476 0.04235111 0.03706827 0.01944685 0.06139229 0.03274431 0.02999588 0.03649521 
0.02503595 0.03872876 0.02579054 0.04894600 0.04038673 0.04066128 0.01123028 0.05905496 0.03626161 0.01952450 0.03747374 0.06224710 0.04430616 0.01992604 0.03536594 0.06762546 0.00000000 0.05250506 0.06638285 0.04257144 0.02720295 0.02543132 0.08200395 0.07947103 0.08131825 0.08253577 0.03597209 0.04748164 0.09429795 0.03324904 0.07613575 0.04638917 0.13067226 0.07663491 0.05844591 0.06383458 0.12975287 0.05999132 0.01747923 0.04138459 0.06177219 0.09379476 0.09086889 0.09436749 0.04079242 0.03719644 0.03495843 0.04649728 0.02179434 0.03590368 0.06826087 0.05462868 0.05403657 0.08655588 0.03603065 0.05605224 0.17670538 0.04311236 0.04078406 0.07994901 0.10130605 0.07321876 0.02330203 0.07790714 0.06320449 0.05773233 0.02936080 0.05985985 0.04477358 0.07054542 0.06492884 0.03506895 0.04918784 0.06900256 0.06575775 0.06780338 0.03334098 0.03319972 0.02807916 0.02124398 0.04875036 0.06773970 0.05793835 0.04192906 0.02536372 0.04778327 0.03379287 0.06292197 0.03617737 0.05235906 0.02257059 0.03996408 0.04455949 0.07454307 0.03383882 0.04566212 0.02772978 0.02001465 0.04753570 0.00977701 0.03764114 0.06110878 0.03026620 0.04431564 0.03796626 0.04070432 0.02665779 0.04447083 0.04308672 0.07556064 0.03667012 
0.06405000 0.06177513 0.06035078 0.06143721 0.04299038 0.06282063 0.06516915 0.05402815 0.07927711 0.03682746 0.08526620 0.06742085 0.06707886 0.05368505 0.08154863 0.02282875 0.05250506 0.00000000 0.03951216 0.03655327 0.05946983 0.05973461 0.03847754 0.05032110 0.03710327 0.03606831 0.03866113 0.04189698 0.07742411 0.06443735 0.04374142 0.05617369 0.02788290 0.06604072 0.05472902 0.05065858 0.04318028 0.03125775 0.06486347 0.06877753 0.04997083 0.05742973 0.04793706 0.07854876 0.04932819 0.05955109 0.05788259 0.05563230 0.04164965 0.06041612 0.05562332 0.05135541 0.06588959 0.03088810 0.07253150 0.05187778 0.07524377 0.07133076 0.05333661 0.02943880 0.04793560 0.03736377 0.03685438 0.04260453 0.05972469 0.03362595 0.04607862 0.04944687 0.06697090 0.05131890 0.05409066 0.07663372 0.04838066 0.03772347 0.05629989 0.04656360 0.06480655 0.06741533 0.03775645 0.01694841 0.07055984 0.04519541 0.07380092 0.06085393 0.06916682 0.02874960 0.05352482 0.04189733 0.04189152 0.03987599 0.03537610 0.08102429 0.08679756 0.04287408 0.06216709 0.03317746 0.03522876 0.07507341 0.04377655 0.06595900 0.05936737 0.04047310 0.03859298 0.04778226 0.03490410 0.07563829 0.06344373 0.03016868 0.04821512 0.04750632 0.05584555 
0.01292055 0.04708732 0.04032651 0.05447471 0.04100213 0.05329671 0.02632116 0.03859353 0.09613494 0.04987483 0.04130044 0.04464316 0.04902649 0.07806412 0.05611465 0.06318391 0.06638285 0.03951216 0.00000000 0.08896012 0.04379523 0.04382893 0.10498033 0.05279563 0.08564825 0.08965157 0.06192192 0.04683913 0.04467840 0.05217347 0.06570179 0.03670779 0.07770545 0.09279516 0.04277334 0.04815971 0.05048248 0.04372796 0.03506167 0.06513947 0.03387313 0.02211599 0.03322787 0.05018880 0.02838126 0.04082532 0.06389417 0.03054512 0.02274550 0.05597859 0.05529071 0.03359173 0.10392339 0.03815093 0.03014570 0.04485089 0.05231415 0.03225744 0.04738715 0.03430882 0.07045295 0.06735599 0.04921829 0.03327075 0.06246455 0.06355496 0.09942368 0.04502591 0.07373522 0.05905669 0.03821351 0.06224784 0.05898201 0.05885838 0.06891442 0.04150035 0.04242165 0.01518185 0.06282078 0.07154773 0.03104839 0.05810858 0.02975116 0.03609962 0.04801260 0.03946991 0.08120379 0.05100561 0.05837213 0.06142115 0.03828626 0.03653428 0.05119056 0.05457750 0.04587359 0.03608068 0.04324183 0.02253170 0.04894085 0.05316237 0.03479419 0.04034799 0.13842199 0.02546906 0.04881106 0.06814101 0.03122844 0.06037872 0.04204324 0.04239224 0.05834045 
0.04452611 0.02577499 0.08765153 0.05249551 0.04396679 0.05596787 0.03731152 0.02538372 0.05368180 0.04695919 0.05198249 0.03204460 0.05735945 0.07885988 0.07803369 0.11661302 0.04257144 0.03655327 0.08896012 0.00000000 0.05631675 0.02993762 0.07167718 0.03361191 0.06312704 0.04830673 0.06140697 0.05518381 0.03371240 0.06107557 0.06105151 0.04776599 0.07424140 0.04581779 0.02755517 0.03566527 0.10148545 0.02519619 0.03226595 0.05257840 0.05479083 0.04724388 0.05330335 0.04531388 0.03630940 0.04603169 0.02309455 0.07394544 0.06487073 0.05899822 0.03050614 0.04329040 0.03733487 0.03498156 0.06247019 0.06790944 0.05973305 0.02956211 0.06126454 0.06943647 0.06457398 0.04657533 0.06269923 0.03956697 0.07804771 0.05807964 0.05363229 0.03429900 0.07137344 0.02796606 0.02722982 0.06953557 0.04645877 0.06367378 0.04525530 0.02513211 0.05908816 0.06718163 0.05478059 0.07348671 0.04763951 0.02071078 0.03913179 0.01952220 0.02966334 0.02842732 0.02964709 0.04018889 0.05417758 0.07331505 0.05328163 0.05432944 0.03114300 0.02753494 0.03615744 0.03697975 0.04502171 0.06150858 0.07284974 0.05428799 0.07616528 0.04010009 0.11594395 0.06910705 0.05777798 0.03695823 0.04836341 0.04586148 0.05100238 0.07120640 0.09296590 
0.04277545 0.02832589 0.06320089 0.04163272 0.07939668 0.05381863 0.04661482 0.04121047 0.08814955 0.04013407 0.05408684 0.08200056 0.05944518 0.07006474 0.08566542 0.07435947 0.02720295 0.05946983 0.04379523 0.05631675 0.00000000 0.04757114 0.03507948 0.08092169 0.07169719 0.04048582 0.04896559 0.05342183 0.03540488 0.05266743 0.06375813 0.09341975 0.05028052 0.05646185 0.05633085 0.03851708 0.06708015 0.05711793 0.04043099 0.06599665 0.01555302 0.04413774 0.00708765 0.09885222 0.03896684 0.06073965 0.05575056 0.04572749 0.05328283 0.05500702 0.02435648 0.07077387 0.06524361 0.03525246 0.01327455 0.07326457 0.02262003 0.04123184 0.19408874 0.05675414 0.06239420 0.03642957 0.02309535 0.05275407 0.06216128 0.03349288 0.05347974 0.06001458 0.04891041 0.02593017 0.02476840 0.06546372 0.03426449 0.03314739 0.05506805 0.01392542 0.02087036 0.04838309 0.04427937 0.04526548 0.04112711 0.04387746 0.06997809 0.06326295 0.03435197 0.06072178 0.05623518 0.04199413 0.04047147 0.04067559 0.05149953 0.09802136 0.06049289 0.05900287 0.07506767 0.02503221 0.04266839 0.03917229 0.07622647 0.06535405 0.05660329 0.04994553 0.02961270 0.04266181 0.06963164 0.06923229 0.06430703 0.03233448 0.04422784 0.07981141 0.04593909 
0.07926834 0.05666253 0.05467841 0.07456288 0.03165036 0.10334138 0.09473241 0.08136857 0.05617424 0.06963107 0.05590569 0.04867640 0.08685810 0.04181109 0.06962336 0.02625128 0.02543132 0.05973461 0.04382893 0.02993762 0.04757114 0.00000000 0.06596716 0.07813022 0.03062172 0.08398235 0.02990852 0.04287749 0.05969402 0.03305439 0.04565313 0.06884226 0.03706039 0.02414496 0.04012881 0.06636182 0.03228299 0.08425615 0.05407828 0.02347047 0.05782543 0.07166383 0.05595577 0.02843127 0.07897829 0.06002798 0.03530023 0.06785969 0.02601821 0.03943778 0.02587879 0.05553748 0.04695571 0.04461606 0.06990090 0.03661025 0.03110688 0.05088356 0.06710236 0.04830916 0.02214358 0.04065154 0.06543475 0.04607002 0.05951849 0.02215241 0.08265594 0.04336897 0.06142683 0.04658756 0.08340986 0.07194609 0.04385722 0.03859425 0.06477912 0.04611212 0.04445692 0.05832679 0.04617266 0.07531874 0.05355346 0.04141041 0.04738111 0.03570220 0.04238207 0.04604822 0.07382661 0.05377942 0.05786854 0.04792454 0.05046217 0.05063666 0.03485519 0.04022741 0.05946628 0.08899595 0.04975067 0.06137094 0.04837546 0.11146480 0.06751792 0.05265537 0.04520316 0.06826593 0.04579109 0.02504474 0.02637968 0.04099392 0.07266948 0.04907580 0.04719474 
0.04708867 0.03224344 0.04872527 0.03169747 0.02943368 0.05718136 0.07190752 0.04942024 0.04597379 0.06813624 0.06844841 0.04585830 0.06074546 0.06405171 0.05243163 0.06307816 0.08200395 0.03847754 0.10498033 0.07167718 0.03507948 0.06596716 0.00000000 0.04562739 0.07552259 0.13600886 0.05510803 0.04402757 0.05002905 0.02409936 0.04777199 0.03075079 0.04750322 0.06987476 0.03368317 0.04658701 0.01431769 0.06075809 0.03154314 0.07315596 0.02763983 0.02600690 0.04774413 0.05268422 0.03844243 0.07737857 0.06397831 0.03767481 0.05989230 0.03905816 0.07816502 0.04509498 0.07056816 0.04465993 0.05264252 0.05046598 0.04305035 0.08636880 0.03671290 0.04608713 0.07153618 0.04202114 0.02766222 0.04887159 0.03052195 0.04996899 0.04621728 0.03892157 0.05366712 0.04180880 0.03764260 0.05196697 0.07257792 0.04609715 0.04166296 0.10011947 0.06280737 0.03675150 0.03173596 0.07132886 0.03640547 0.05913518 0.04196779 0.05403320 0.06451018 0.04779257 0.03871735 0.06995619 0.03787821 0.08538506 0.06146655 0.07960403 0.04389238 0.06478656 0.05080514 0.06024409 0.06555477 0.03900422 0.06261134 0.03787756 0.04203782 0.04534144 0.04046915 0.03587657 0.07584043 0.04651142 0.04368881 0.05061207 0.05632227 0.04544851 0.05504443 
0.05159680 0.02680893 0.04608652 0.06151757 0.06111295 0.04784099 0.03561860 0.08239000 0.05159195 0.04774462 0.02642269 0.03089740 0.04452707 0.04051542 0.10886705 0.04011168 0.07947103 0.05032110 0.05279563 0.03361191 0.08092169 0.07813022 0.04562739 0.00000000 0.07397510 0.05247409 0.04794867 0.04563655 0.04768010 0.04293300 0.09345935 0.07524970 0.06183222 0.05679313 0.04686297 0.06607946 0.05492447 0.07101244 0.05451202 0.03403375 0.03971740 0.03359964 0.03080987 0.05301103 0.06548959 0.04391606 0.04689473 0.04738202 0.04387944 0.02062840 0.02454572 0.03376853 0.03183323 0.02309439 0.09619799 0.06568505 0.09438631 0.03912349 0.09344638 0.07873142 0.06377998 0.05761685 0.04851199 0.06826775 0.05059493 0.05495104 0.03851680 0.04446159 0.07846713 0.04137576 0.02741672 0.02681828 0.06494256 0.09079753 0.07463319 0.06190804 0.04238468 0.00993737 0.01844524 0.04053114 0.07181560 0.05849370 0.06078826 0.05154001 0.05317717 0.10223123 0.08045553 0.03371993 0.06266616 0.10417682 0.06435099 0.06750612 0.04924652 0.02555134 0.06714796 0.02776480 0.03696234 0.06016900 0.01285276 0.06746556 0.05317469 0.06972932 0.02536623 0.05925392 0.01670549 0.03314507 0.02738563 0.05445844 0.01742844 0.01010636 0.01637397 
0.02617602 0.04215047 0.07841241 0.08248842 0.06460782 0.03024060 0.02352802 0.02617362 0.03186625 0.04301265 0.05456288 0.05919357 0.04110083 0.03658421 0.06454349 0.09725701 0.08131825 0.03710327 0.08564825 0.06312704 0.07169719 0.03062172 0.07552259 0.07397510 0.00000000 0.10058407 0.05070444 0.05120445 0.06770802 0.04579685 0.10928246 0.05596438 0.10019755 0.06882733 0.06576567 0.05355979 0.04674536 0.03961279 0.02162001 0.05568294 0.07756071 0.02927784 0.02806338 0.05681696 0.03863957 0.02058529 0.05895453 0.03883460 0.04359526 0.01900320 0.05617514 0.04899117 0.07868724 0.10917578 0.02131901 0.03336757 0.04151345 0.04018949 0.05209791 0.03794228 0.11659133 0.10712789 0.05081793 0.11282780 0.05983264 0.07177472 0.03229980 0.03449042 0.03546099 0.03232243 0.03047520 0.01397299 0.02390335 0.08745697 0.05873522 0.03374730 0.02081460 0.04018708 0.03499592 0.04680358 0.01520852 0.05629226 0.02266178 0.08345658 0.05131314 0.04541461 0.05384621 0.03480413 0.05862769 0.08829145 0.04390430 0.02912899 0.03642011 0.05775466 0.04534611 0.07277187 0.03636765 0.04291516 0.04699319 0.03588379 0.05365425 0.02286775 0.02681299 0.05520706 0.04668999 0.05015012 0.03924931 0.06484836 0.04494256 0.03741504 0.00969254 
0.02008145 0.04016018 0.05132445 0.05256142 0.04714700 0.07762196 0.03250101 0.03262370 0.04895901 0.03416384 0.05500530 0.08296594 0.02994047 0.05586172 0.04353245 0.06182809 0.08253577 0.03606831 0.08965157 0.04830673 0.04048582 0.08398235 0.13600886 0.05247409 0.10058407 0.00000000 0.06221598 0.04444941 0.06645906 0.05176368 0.07022822 0.05053275 0.07193593 0.04114170 0.05654402 0.03684096 0.03636453 0.07257495 0.08400335 0.04086929 0.03264811 0.06823918 0.02563181 0.01742571 0.06685487 0.04038825 0.03207169 0.03358063 0.07865185 0.04558932 0.09381145 0.02749278 0.08083330 0.06920807 0.01436827 0.05625962 0.05693183 0.05182673 0.05471431 0.02777456 0.10947173 0.09073748 0.04654662 0.06596445 0.03960253 0.06689106 0.02838558 0.01838337 0.02813078 0.05569219 0.03265556 0.05509709 0.07554513 0.04094687 0.04552373 0.05988675 0.05913463 0.04444270 0.04763736 0.04714862 0.03480084 0.07984065 0.05709168 0.07829440 0.07788621 0.05407658 0.04831044 0.04745460 0.02791722 0.05509336 0.03126667 0.02849009 0.04901841 0.04798729 0.02813709 0.03179107 0.03458910 0.04957017 0.08556855 0.06234397 0.05892578 0.04257753 0.04887887 0.04536480 0.04727258 0.05749265 0.03205288 0.05228790 0.06178225 0.02968569 0.04079634 
0.04172150 0.01610096 0.06318499 0.06959612 0.03146668 0.06448045 0.00755850 0.04692471 0.05632596 0.08308970 0.05520836 0.04457433 0.03086465 0.07823072 0.06822043 0.06229820 0.03597209 0.03866113 0.06192192 0.06140697 0.04896559 0.02990852 0.05510803 0.04794867 0.05070444 0.06221598 0.00000000 0.05061737 0.05943110 0.04468109 0.05895993 0.05102786 0.04665986 0.04967270 0.04303668 0.04830156 0.04106381 0.05992487 0.02856925 0.03538245 0.03110862 0.06445519 0.03115371 0.03002252 0.08823843 0.03980005 0.06775524 0.01976050 0.03676266 0.04452648 0.04499653 0.01468996 0.07202788 0.03695679 0.04703485 0.06523436 0.05750846 0.07193213 0.09151304 0.04083275 0.06040839 0.04897932 0.03474395 0.07406706 0.02119047 0.05543006 0.06961421 0.02709869 0.05745069 0.02127306 0.01307249 0.04235602 0.03891509 0.04857698 0.06070474 0.03710208 0.06243570 0.08569082 0.04767930 0.10920313 0.05369140 0.04935091 0.05561637 0.05172016 0.06715132 0.06758059 0.05124494 0.04212268 0.06355460 0.04472539 0.04115771 0.07914279 0.04518774 0.05399397 0.05205666 0.08128781 0.08292416 0.06120074 0.07234432 0.05348916 0.04785455 0.06181756 0.11099641 0.06893704 0.04851596 0.07640862 0.04312012 0.04496202 0.10289613 0.05195894 0.05236337 
0.04635763 0.05224274 0.05345545 0.05654836 0.05927203 0.04800988 0.04580510 0.05463636 0.04770348 0.04616355 0.05160769 0.05716295 0.04446894 0.04396067 0.04950740 0.04769782 0.04748164 0.04189698 0.04683913 0.05518381 0.05342183 0.04287749 0.04402757 0.04563655 0.05120445 0.04444941 0.05061737 0.00000000 0.04817879 0.05791841 0.04750252 0.05332322 0.04468262 0.05326976 0.04595245 0.04032150 0.05854302 0.05016625 0.05545835 0.04668159 0.05888946 0.06099383 0.04442716 0.06261654 0.05469118 0.04933611 0.04463937 0.04797935 0.06228125 0.04644319 0.05013203 0.04937412 0.05101888 0.05156326 0.05812525 0.05854412 0.04701153 0.05442437 0.06483699 0.04508693 0.04394859 0.04475953 0.04327380 0.05443843 0.04601349 0.04738256 0.04663044 0.04454096 0.05195510 0.04748840 0.04613447 0.05019969 0.04716051 0.05401281 0.04372906 0.04452602 0.05732505 0.05340449 0.04776156 0.04357159 0.04549733 0.04500925 0.05290922 0.06376426 0.05653434 0.05428351 0.05132884 0.05467534 0.04254034 0.04446565 0.04790093 0.05720291 0.06249329 0.05487917 0.04581202 0.05623546 0.06580447 0.05037726 0.04499455 0.04542261 0.04794437 0.04636509 0.06540749 0.05224548 0.05213170 0.05650151 0.05472838 0.05598753 0.05238177 0.06221249 0.05755011 
0.02239465 0.03371247 0.07465586 0.05694376 0.03526617 0.04932439 0.02437881 0.04864208 0.03986963 0.05498121 0.03290861 0.05108182 0.08381982 0.06900126 0.05357575 0.02065578 0.09429795 0.07742411 0.04467840 0.03371240 0.03540488 0.05969402 0.05002905 0.04768010 0.06770802 0.06645906 0.05943110 0.04817879 0.00000000 0.08352282 0.07468943 0.07507358 0.07526936 0.07192290 0.09996467 0.04961362 0.07104193 0.02132180 0.03572705 0.04162908 0.05905283 0.03435157 0.04297974 0.03995046 0.04732566 0.03774242 0.05379452 0.05482610 0.05017236 0.01187874 0.07903268 0.03779686 0.09355645 0.05258189 0.08073816 0.04205960 0.09911293 0.06372529 0.06478770 0.04515355 0.07602970 0.07778001 0.04524075 0.07080568 0.04199028 0.07560542 0.01365228 0.04410272 0.05503985 0.04698238 0.01753514 0.06542205 0.04097250 0.07230193 0.04824612 0.02093574 0.05662103 0.05080867 0.02615247 0.05579865 0.03407151 0.05001177 0.02804581 0.06514035 0.06975581 0.02744857 0.03129062 0.07608393 0.02595523 0.04742680 0.04688244 0.05237415 0.02412236 0.08335057 0.03755417 0.05590537 0.03842266 0.02220308 0.04782277 0.02435747 0.05295513 0.02929549 0.03862176 0.04748069 0.08743241 0.04864344 0.07168028 0.04589084 0.06733408 0.06477875 0.05166439 
0.05136034 0.08456515 0.02101657 0.05100039 0.04617683 0.05722778 0.06143865 0.04736888 0.06015360 0.08572258 0.04381202 0.07176369 0.03482676 0.04621979 0.05343458 0.04725210 0.03324904 0.06443735 0.05217347 0.06107557 0.05266743 0.03305439 0.02409936 0.04293300 0.04579685 0.05176368 0.04468109 0.05791841 0.08352282 0.00000000 0.06320265 0.07314181 0.07242976 0.05342969 0.06480144 0.04862970 0.04977607 0.02609413 0.01476170 0.07384935 0.04405207 0.03391900 0.00000000 0.00885360 0.04057583 0.10338012 0.06654380 0.07347316 0.09201161 0.10059008 0.03854472 0.03867765 0.04316654 0.04584669 0.05564881 0.10013728 0.02161735 0.07284219 0.04892505 0.02928116 0.03859014 0.06477207 0.05741869 0.04002896 0.05852896 0.05785087 0.04610527 0.04797578 0.09698200 0.03616932 0.03868094 0.04858628 0.05512960 0.05721222 0.05706592 0.02736581 0.08305941 0.05834204 0.04933403 0.05095726 0.03633933 0.01728614 0.04204322 0.03809777 0.03380057 0.03327901 0.05800146 0.06429629 0.05496855 0.06623333 0.05280725 0.05034542 0.05900760 0.05122162 0.03788691 0.05741246 0.05887351 0.05226997 0.04672837 0.05084441 0.09043965 0.05224589 0.06242326 0.01748771 0.06048821 0.06081816 0.05756564 0.04509501 0.07221455 0.06009746 0.04482449 
0.01072706 0.00713397 0.06219855 0.03702663 0.05094041 0.04271027 0.02774550 0.02926569 0.03779646 0.04793727 0.03097466 0.02179735 0.02742210 0.03020348 0.05734923 0.06145054 0.07613575 0.04374142 0.06570179 0.06105151 0.06375813 0.04565313 0.04777199 0.09345935 0.10928246 0.07022822 0.05895993 0.04750252 0.07468943 0.06320265 0.00000000 0.04398688 0.10910852 0.04088242 0.08646514 0.09999554 0.06074894 0.06130194 0.05564355 0.07992550 0.05455053 0.04134548 0.04481757 0.06468420 0.07611704 0.02969247 0.04231215 0.04503970 0.03392220 0.02168824 0.06349556 0.05074952 0.04584410 0.07750381 0.01325842 0.04671933 0.05184437 0.06664353 0.06210500 0.05971072 0.14121288 0.11602790 0.05688003 0.08187537 0.06549875 0.12197410 0.03916375 0.02301531 0.02500675 0.01911827 0.01517027 0.03725949 0.05460227 0.10482554 0.05667756 0.05081681 0.05489494 0.03538299 0.01876065 0.06882176 0.03691935 0.04432577 0.02154138 0.05310800 0.04202472 0.04745040 0.02889401 0.04925645 0.06144369 0.07102128 0.04759055 0.03671898 0.03363556 0.04841996 0.05403975 0.07838354 0.05423996 0.05462065 0.01856511 0.04294120 0.04003050 0.02708355 0.04206631 0.00532814 0.03655780 0.07389173 0.02281746 0.08526732 0.02275751 0.04564224 0.02178279 
0.05158551 0.03817325 0.04921470 0.06975605 0.03573307 0.05369308 0.07862655 0.05650396 0.05496950 0.05009765 0.04208902 0.05342640 0.04566313 0.03758276 0.04242653 0.04397284 0.04638917 0.05617369 0.03670779 0.04776599 0.09341975 0.06884226 0.03075079 0.07524970 0.05596438 0.05053275 0.05102786 0.05332322 0.07507358 0.07314181 0.04398688 0.00000000 0.03687199 0.06239837 0.06618628 0.03263537 0.06119058 0.09501036 0.08152973 0.05521092 0.03684895 0.04160588 0.03539472 0.03712475 0.03423797 0.04234032 0.05136841 0.04406090 0.05903555 0.02136083 0.04732780 0.04207893 0.07216419 0.07104441 0.04227757 0.06975509 0.04590418 0.05548659 0.06522866 0.06165990 0.04482420 0.05106203 0.03395211 0.05487180 0.06226143 0.06420220 0.04879675 0.05902439 0.02354751 0.04567095 0.05366631 0.06957589 0.08098147 0.04680839 0.03504404 0.04213043 0.06974521 0.05810554 0.04754391 0.06159590 0.06420035 0.07063101 0.04691189 0.08643583 0.04120197 0.06174948 0.06960550 0.06375275 0.06309066 0.05491829 0.02848726 0.06135763 0.03061164 0.04710680 0.03309405 0.03274571 0.05196012 0.06166848 0.04757695 0.08165828 0.04400772 0.03812416 0.03757198 0.07849478 0.05372990 0.04346567 0.04015977 0.06038480 0.04405373 0.08124361 0.03871827 
