0.00000000 0.26040631 0.13567085 0.09381447 0.13537973 0.13536844 0.13190862 0.13545193 0.10532003 0.11681923 0.12607567 0.16050253 0.11739971 0.13409080 0.13824779 0.11571551 0.09678841 0.10069176 0.07224297 0.11916187 0.08037591 0.13362084 0.09609893 0.14145164 0.08668642 0.09294341 0.09797912 0.11332859 0.08114116 0.13356171 0.08046321 0.13731581 0.08452043 0.09719812 0.09524564 0.09025134 0.07232899 0.07506398 0.12167072 0.16459151 0.15343884 0.13067400 0.15212696 0.09433775 0.12142712 0.20680150 0.17148369 0.29365034 0.24112933 0.20557535 0.11119361 0.18569704 0.09943505 0.09384021 0.10450105 0.11523423 0.07091983 0.08215843 0.08320383 0.10431969 0.07710953 0.11712277 0.10514419 0.09809784 0.09461240 0.14935810 0.14282843 0.12889240 0.09130984 0.09533968 0.14565371 0.12532513 0.08612627 0.12188777 0.11417713 0.09407458 0.14768362 0.14689142 0.11604679 0.11176981 0.12298563 0.10392920 0.12751082 0.14626288 0.09941643 0.11155325 0.09221672 0.09383576 0.11243503 0.08474802 0.13460813 0.09683404 0.21411516 0.12749988 0.12908201 0.12145630 0.16085796 0.16054554 0.12545625 0.14710370 0.15177537 0.12752645 0.10755743 0.13511954 0.08185502 0.10805422 0.11437873 0.10630451 0.13114420 0.14378748 0.15874744 
0.26040631 0.00000000 0.38346630 0.11128353 0.14767684 0.14740748 0.12693696 0.12765040 0.15243366 0.10045022 0.09989356 0.11213586 0.15719687 0.07311628 0.10084168 0.14924430 0.13069380 0.15874854 0.15153120 0.14281618 0.12417735 0.09135812 0.08758766 0.16653957 0.12011871 0.08399618 0.12736462 0.09954206 0.08823513 0.11233586 0.06826939 0.09655871 0.13829605 0.08839801 0.16809535 0.10863066 0.12154408 0.10804671 0.10490457 0.10115674 0.14981131 0.14279355 0.11307146 0.13090841 0.16063645 0.16331643 0.15123366 0.16766985 0.17911637 0.12940667 0.10063349 0.12208960 0.11108446 0.11694391 0.06818953 0.09062548 0.16527628 0.11638559 0.07609622 0.15188658 0.07910669 0.09037490 0.11312732 0.10416200 0.07924967 0.09011042 0.11060929 0.11855689 0.10204353 0.15545935 0.13386346 0.10987157 0.08901378 0.13280086 0.13978473 0.11733473 0.14747429 0.10762450 0.11824442 0.13082946 0.16165004 0.11392024 0.14393113 0.09477691 0.18223304 0.11908173 0.12423445 0.09713307 0.10567269 0.10125156 0.11358436 0.10290937 0.16047167 0.11968221 0.08499313 0.09539437 0.13246387 0.11264444 0.13010186 0.10825771 0.11890683 0.14079597 0.12402866 0.13864426 0.13803457 0.10607837 0.18232161 0.08768325 0.08211459 0.08141521 0.13124100 
0.13567085 0.38346630 0.00000000 0.14292933 0.11380280 0.17186685 0.16970632 0.14588274 0.14697484 0.12260693 0.10443391 0.11993714 0.15975359 0.13418420 0.13615561 0.14966616 0.11128987 0.12690941 0.11186130 0.12677912 0.09115967 0.13905219 0.12917147 0.10201831 0.15412235 0.14189814 0.15341743 0.10776374 0.15271164 0.06081562 0.13571247 0.16219184 0.14943716 0.08772507 0.12480240 0.11111161 0.10479745 0.15311970 0.06881213 0.11199422 0.08131783 0.12362190 0.17770227 0.20501348 0.11470982 0.13240891 0.13901133 0.13003103 0.10012033 0.11824540 0.15205161 0.18085694 0.11855314 0.26730821 0.08910745 0.10065962 0.17129345 0.11578367 0.08886225 0.07944257 0.12062760 0.13134067 0.10430152 0.11869167 0.14600833 0.11425404 0.07587514 0.11869799 0.05901117 0.10654642 0.06493196 0.10714215 0.09791163 0.11870309 0.08805651 0.09729127 0.12114046 0.10946738 0.11880732 0.09232302 0.09434343 0.11978172 0.09214708 0.14851476 0.12030532 0.12397640 0.14383193 0.12067712 0.14697608 0.10901904 0.13849880 0.05177184 0.15760365 0.14666854 0.09026293 0.17293321 0.15531342 0.14535792 0.05982684 0.05083655 0.16550524 0.05724900 0.11645558 0.15817700 0.15711197 0.12821594 0.12558722 0.10847088 0.07982302 0.10808735 0.15069251 
0.09381447 0.11128353 0.14292933 0.00000000 0.18612404 0.16051248 0.12496319 0.14563409 0.14213578 0.16342901 0.07936106 0.15516698 0.09715177 0.13188006 0.09733151 0.11606422 0.10823016 0.12781026 0.11338416 0.11006006 0.14114440 0.12213856 0.09348659 0.12449032 0.10579187 0.13782859 0.18275347 0.12823061 0.13219141 0.15839985 0.08358497 0.14286435 0.13028486 0.11559508 0.13848438 0.09856785 0.06969387 0.14839749 0.11636169 0.12728718 0.15215679 0.14665020 0.12900784 0.11566020 0.18452685 0.09657278 0.16728288 0.13657735 0.13373096 0.10386985 0.11004756 0.11350459 0.08932968 0.13215377 0.13643180 0.11995661 0.08413068 0.13475050 0.10576146 0.14858095 0.16553953 0.13014361 0.11057566 0.10711165 0.11530025 0.11910908 0.16695733 0.17550062 0.18076284 0.11863473 0.09321611 0.12652711 0.11101715 0.12889730 0.10693155 0.14345219 0.11676140 0.14341272 0.11398548 0.11863394 0.17591505 0.16613431 0.12099817 0.13124147 0.08088796 0.09758489 0.20995596 0.11008641 0.10723547 0.12253839 0.12044769 0.09464919 0.13285734 0.08812743 0.11130516 0.08654730 0.11578767 0.11266502 0.12597238 0.11400725 0.11869119 0.14075179 0.09760458 0.14496764 0.15120642 0.07752302 0.15903645 0.07408592 0.13006842 0.13255954 0.14324536 
0.13537973 0.14767684 0.11380280 0.18612404 0.00000000 0.16275995 0.24282308 0.17652384 0.15455961 0.12690450 0.17243280 0.11985781 0.09785879 0.09817347 0.11135462 0.08728825 0.10912455 0.10953705 0.12612022 0.11576406 0.13644284 0.13222186 0.10254618 0.08378258 0.10265523 0.11151707 0.11875710 0.14603733 0.12299185 0.11514435 0.12333454 0.13345243 0.10761526 0.11699175 0.09456963 0.15562469 0.12300784 0.11616985 0.12340692 0.16411435 0.14900693 0.26732114 0.23172952 0.22409637 0.18326618 0.07587977 0.09520422 0.08553443 0.09223341 0.10814445 0.13800555 0.07715309 0.12713862 0.08374106 0.16482104 0.14367685 0.10363902 0.10493472 0.09786461 0.11393484 0.10463214 0.12672698 0.12614720 0.11580079 0.15056320 0.12847121 0.12683696 0.12158743 0.11814185 0.15800848 0.13277308 0.19223899 0.13201166 0.11051712 0.10638694 0.09873630 0.10108209 0.17337605 0.17522543 0.10762935 0.13115657 0.10353095 0.11780393 0.12940032 0.19441014 0.09995567 0.12126179 0.09820789 0.16082582 0.08435085 0.08279688 0.08835416 0.09415191 0.20628162 0.09388337 0.14972605 0.06540797 0.15581071 0.08335595 0.06691516 0.10486968 0.08038041 0.10919231 0.07372020 0.08049934 0.09662648 0.13217542 0.09598190 0.09898472 0.10774089 0.17518636 
0.13536844 0.14740748 0.17186685 0.16051248 0.16275995 0.00000000 0.08732805 0.17755150 0.15577360 0.12054449 0.15805678 0.09633948 0.19908029 0.10032816 0.08030954 0.09437582 0.14593738 0.10946563 0.15810344 0.07764556 0.11601912 0.11860999 0.12698499 0.09966602 0.14348836 0.14900714 0.13543179 0.15760199 0.11241863 0.06461550 0.10321138 0.11624368 0.09662289 0.08666205 0.15349586 0.08966189 0.05509358 0.10395802 0.14353078 0.11013558 0.14248301 0.16501693 0.16380668 0.12827824 0.18475278 0.12694596 0.12339940 0.08607400 0.14995262 0.08532675 0.14184674 0.06507699 0.15719653 0.09188530 0.16002055 0.14531805 0.11163063 0.15671787 0.15009982 0.10392284 0.15099339 0.12644616 0.14723039 0.14098576 0.07077640 0.09327055 0.15445620 0.13809580 0.10308395 0.13453623 0.13883563 0.14892910 0.10295872 0.14820346 0.11133630 0.11735638 0.14980187 0.13665032 0.14106533 0.10304075 0.08974775 0.17007587 0.11228894 0.19734762 0.10286973 0.08939737 0.14961444 0.07620665 0.05652513 0.13307358 0.11261600 0.19673914 0.08146348 0.05681833 0.10949431 0.09918247 0.12651956 0.08480740 0.17775127 0.10859791 0.12759713 0.11759191 0.10472407 0.09499358 0.23177336 0.10485100 0.11035479 0.12221458 0.11172682 0.14950879 0.14513517 
0.13190862 0.12693696 0.16970632 0.12496319 0.24282308 0.08732805 0.00000000 0.17413812 0.19091353 0.10441112 0.17469149 0.13736371 0.15544230 0.16984752 0.15977939 0.07116700 0.05152781 0.13885751 0.07570238 0.09625864 0.10133669 0.14591201 0.12225129 0.07698748 0.14574311 0.11358328 0.11143800 0.14486258 0.18284851 0.12377586 0.13984142 0.16937482 0.13316346 0.11442088 0.14913729 0.16189186 0.12232319 0.18863602 0.17021186 0.18773988 0.13372913 0.12697412 0.11875588 0.08680137 0.08495822 0.10292950 0.10847948 0.11115064 0.09431670 0.08941517 0.07874762 0.11192839 0.12334242 0.19456651 0.11598126 0.13914710 0.06266388 0.16709795 0.11417677 0.11445316 0.15913481 0.13196246 0.12583832 0.10943489 0.15007091 0.10242613 0.12495762 0.11061473 0.13007047 0.11557591 0.08826771 0.14375943 0.08380069 0.12011287 0.10901116 0.09137542 0.09187455 0.13554913 0.13388721 0.10985412 0.12869271 0.10332437 0.08610632 0.11541834 0.12375633 0.11856804 0.20829695 0.11992519 0.15158157 0.10457272 0.11207957 0.06984267 0.10124440 0.16550649 0.11444010 0.13064822 0.15276973 0.10487586 0.12864505 0.05709860 0.10318528 0.13931071 0.13874600 0.21968921 0.07568478 0.11809107 0.13253399 0.09203854 0.11639871 0.07068394 0.11827278 
0.13545193 0.12765040 0.14588274 0.14563409 0.17652384 0.17755150 0.17413812 0.00000000 0.10616746 0.18567124 0.16012214 0.11914440 0.14550638 0.17239356 0.08433559 0.09847640 0.17431364 0.13525304 0.09168010 0.11627351 0.11391135 0.16783950 0.16458969 0.16475772 0.13300360 0.13963217 0.14421720 0.14686287 0.14948330 0.11707962 0.11907842 0.08948827 0.14335892 0.15169433 0.09207455 0.11616888 0.12246530 0.18277744 0.16381221 0.13801088 0.07609372 0.09850156 0.20869536 0.11450895 0.16088889 0.10616479 0.09545676 0.11732603 0.14091835 0.10134552 0.07627381 0.11963995 0.09711070 0.08924125 0.14974050 0.10103724 0.15633823 0.09607417 0.11803463 0.12973837 0.13512631 0.13841251 0.15941090 0.10752458 0.05985023 0.09822652 0.11216276 0.10661670 0.10309429 0.12835772 0.11378294 0.09188196 0.11740752 0.11465087 0.07202754 0.08151648 0.13979817 0.11407744 0.14767889 0.11680121 0.17211150 0.11927758 0.11487765 0.10040515 0.13092698 0.16618685 0.13583926 0.10333813 0.12714602 0.10324300 0.16836173 0.11206300 0.10239170 0.12065543 0.10214141 0.13212596 0.14560480 0.10977034 0.09524306 0.15747058 0.12950228 0.06918277 0.07515950 0.14953913 0.10681294 0.08896139 0.18319583 0.10640188 0.11247950 0.11725054 0.13836014 
0.10532003 0.15243366 0.14697484 0.14213578 0.15455961 0.15577360 0.19091353 0.10616746 0.00000000 0.20080566 0.16724193 0.15267671 0.09723665 0.11968945 0.14250586 0.14038105 0.08706241 0.17287317 0.16194446 0.12339273 0.12705404 0.08786306 0.11563634 0.09529951 0.13970455 0.09782054 0.16625844 0.14203197 0.13328368 0.22256028 0.11973358 0.14371804 0.12102939 0.12715109 0.08118446 0.11287982 0.12240031 0.15432284 0.09103170 0.11922996 0.12699186 0.11524412 0.15198038 0.10270659 0.11985083 0.12763811 0.12737853 0.14848884 0.09480315 0.13057690 0.14579769 0.15169167 0.17802829 0.06078730 0.14818120 0.12731666 0.09734037 0.09596503 0.15719107 0.11712422 0.06145878 0.09827642 0.10589985 0.13135551 0.20564740 0.12512116 0.10289205 0.13798580 0.12893021 0.11264564 0.09607687 0.16628603 0.12149430 0.10156099 0.10368519 0.06760671 0.04674987 0.10558742 0.12089644 0.12459497 0.09251367 0.10617884 0.10550036 0.13151032 0.13014420 0.14552799 0.17274512 0.11782925 0.11098625 0.11093306 0.10463400 0.12515769 0.09651820 0.13216044 0.11318807 0.14385752 0.14037818 0.12408044 0.11871735 0.10983608 0.14584257 0.12551090 0.12211634 0.11894755 0.10020947 0.10793564 0.15946225 0.11676570 0.11281617 0.11709746 0.09862983 
0.11681923 0.10045022 0.12260693 0.16342901 0.12690450 0.12054449 0.10441112 0.18567124 0.20080566 0.00000000 0.22895593 0.20394348 0.20612532 0.18684922 0.18505647 0.18418416 0.11957104 0.08608678 0.11066504 0.10148500 0.10602233 0.10994497 0.13344984 0.08804156 0.11364138 0.12096367 0.08395808 0.11070607 0.13480174 0.09861957 0.11987898 0.10408231 0.14010557 0.08915289 0.11872337 0.13260708 0.14069163 0.05851426 0.08522854 0.11138871 0.14066115 0.15591136 0.17976505 0.11009697 0.12254624 0.12403756 0.08674037 0.11835028 0.07339193 0.18593848 0.12475961 0.13769234 0.10952570 0.11601045 0.08702128 0.10888169 0.15303314 0.09273396 0.09845261 0.09852009 0.06288603 0.08957001 0.16361566 0.11969798 0.15037044 0.11920134 0.14909835 0.09870522 0.09471929 0.13843232 0.13294788 0.11549209 0.09850345 0.09835324 0.15473856 0.10723276 0.13301548 0.11392332 0.07993920 0.09991979 0.15741062 0.16724736 0.10831287 0.08809315 0.09766503 0.15892071 0.09120270 0.10196900 0.07647534 0.13392963 0.14325144 0.17617163 0.11463871 0.17110983 0.13255592 0.16852477 0.09298518 0.10494315 0.08781341 0.17393941 0.12857392 0.11239708 0.10366686 0.13589699 0.09167621 0.12284692 0.18723179 0.09198058 0.14118589 0.15739209 0.13440592 
0.12607567 0.09989356 0.10443391 0.07936106 0.17243280 0.15805678 0.17469149 0.16012214 0.16724193 0.22895593 0.00000000 0.13463722 0.08649438 0.15444858 0.19733960 0.08697181 0.21872036 0.12855143 0.08595915 0.14886781 0.11212037 0.14618853 0.12714193 0.06013260 0.09604776 0.11957962 0.13941179 0.13383206 0.09274362 0.14516477 0.11788455 0.12390488 0.09774054 0.13448865 0.10587817 0.19351342 0.14183046 0.10130671 0.09270518 0.15667901 0.11985882 0.09731523 0.14324381 0.10316749 0.16973126 0.15020933 0.13774585 0.09834372 0.14903749 0.16598409 0.11565905 0.10582300 0.13028762 0.12958791 0.06984519 0.14831252 0.10334149 0.12054559 0.08103435 0.10352275 0.12716809 0.12014113 0.15472470 0.10328968 0.10508692 0.07257691 0.19274321 0.09204571 0.12272371 0.07781188 0.12645729 0.12188501 0.12476228 0.08312935 0.10043865 0.15238468 0.11583505 0.15915398 0.14059987 0.12446409 0.11071949 0.10303976 0.17212444 0.12227672 0.13474686 0.10881668 0.13041347 0.10107128 0.13232946 0.09903636 0.13140361 0.10470042 0.13512041 0.13088957 0.10118046 0.17392946 0.13866695 0.13514759 0.12275573 0.14057005 0.08123734 0.08560228 0.05374725 0.12457325 0.17722275 0.11319635 0.15233092 0.10924400 0.13410378 0.12278000 0.11892677 
0.16050253 0.11213586 0.11993714 0.15516698 0.11985781 0.09633948 0.13736371 0.11914440 0.15267671 0.20394348 0.13463722 0.00000000 0.16829468 0.15319802 0.12390722 0.22827760 0.10276815 0.08082655 0.16290044 0.11702492 0.12771218 0.09725494 0.08759735 0.09083879 0.18928637 0.25454931 0.09515113 0.13883970 0.16059502 0.11939836 0.07924434 0.13918512 0.12727746 0.08495688 0.11005779 0.11404575 0.11717823 0.10274181 0.13185203 0.11141291 0.12955021 0.13077248 0.12472688 0.10089855 0.14478539 0.12873614 0.15804375 0.15762821 0.18982310 0.15798384 0.10995206 0.15766425 0.11345800 0.10554371 0.08381557 0.13540021 0.10684439 0.10889842 0.06219680 0.10958210 0.11859847 0.11852508 0.13922984 0.12273460 0.10618697 0.12934218 0.09684245 0.11812175 0.14759351 0.07512499 0.10643497 0.10976786 0.14553403 0.08888307 0.12130384 0.10233857 0.13589377 0.11594075 0.15822741 0.09361304 0.12038251 0.11633466 0.13964504 0.15828538 0.12843398 0.12984851 0.08513888 0.15601289 0.13483764 0.11760334 0.09853250 0.12595418 0.13742752 0.19493382 0.13504879 0.23321553 0.13228266 0.08331601 0.12523734 0.13520777 0.10776122 0.09595319 0.05546182 0.11580770 0.08105512 0.08780900 0.11563505 0.14035761 0.12356237 0.11674366 0.09923888 
0.11739971 0.15719687 0.15975359 0.09715177 0.09785879 0.19908029 0.15544230 0.14550638 0.09723665 0.20612532 0.08649438 0.16829468 0.00000000 0.21100516 0.11578565 0.24907791 0.18722891 0.16569825 0.10348496 0.10173089 0.05726175 0.11702446 0.13254154 0.16206402 0.16038021 0.12347604 0.11646866 0.11737456 0.18820069 0.11672527 0.16389738 0.10738909 0.07757921 0.12584444 0.16510241 0.06210957 0.10269401 0.07519102 0.15557092 0.09611826 0.12339075 0.08431077 0.24423989 0.10284612 0.13642441 0.12783839 0.12301606 0.14403968 0.08229888 0.10324995 0.13077433 0.15944061 0.17279272 0.18359389 0.16563950 0.08371622 0.24313127 0.14767142 0.10070341 0.12428171 0.10785118 0.09015055 0.09847266 0.13951748 0.10403087 0.10676398 0.14421180 0.11418249 0.08984055 0.14756745 0.13787969 0.08892432 0.04952080 0.12171801 0.10578745 0.11832268 0.13654129 0.05447743 0.08866480 0.09320520 0.09594472 0.08180657 0.12231537 0.12269708 0.09303957 0.08985576 0.05905893 0.12616972 0.11841157 0.09800200 0.14202843 0.08082977 0.12228322 0.16995295 0.08921715 0.07062217 0.10456533 0.14978046 0.19310727 0.16170431 0.12025839 0.13668595 0.11073701 0.09662686 0.11138831 0.06356855 0.10334648 0.13117056 0.09337203 0.13651105 0.12932917 
0.13409080 0.07311628 0.13418420 0.13188006 0.09817347 0.10032816 0.16984752 0.17239356 0.11968945 0.18684922 0.15444858 0.15319802 0.21100516 0.00000000 0.19267592 0.22855614 0.11364174 0.09067159 0.12948319 0.09697460 0.16511284 0.14401680 0.11181869 0.09203330 0.10211521 0.11706747 0.15813855 0.10102321 0.18656359 0.14100042 0.15574382 0.10195565 0.07998483 0.13390762 0.09057924 0.12479264 0.14887145 0.09595318 0.17056669 0.15619603 0.07279215 0.12295701 0.15073538 0.09358726 0.12139002 0.16636614 0.15659518 0.12261546 0.10728683 0.10783756 0.13510890 0.08958129 0.15915143 0.16851924 0.14656072 0.08044862 0.10555247 0.12074768 0.11048047 0.11956020 0.18998242 0.10271078 0.15740491 0.10972996 0.07139282 0.15051206 0.14427121 0.09122355 0.15678663 0.17165132 0.08715797 0.07052009 0.11452099 0.14495494 0.12492528 0.09746203 0.10586145 0.13381903 0.08516312 0.09579344 0.11492701 0.14256187 0.11157542 0.15102885 0.09881948 0.10034806 0.11445808 0.14465846 0.12384540 0.09347366 0.15532829 0.12288244 0.05915429 0.17547989 0.10774184 0.13444917 0.13323432 0.08714761 0.17206684 0.12541592 0.10951127 0.07908459 0.10969211 0.12391976 0.11845613 0.09697782 0.09928750 0.13948115 0.11514132 0.12531431 0.10297405 
0.13824779 0.10084168 0.13615561 0.09733151 0.11135462 0.08030954 0.15977939 0.08433559 0.14250586 0.18505647 0.19733960 0.12390722 0.11578565 0.19267592 0.00000000 0.11677862 0.14285533 0.14581285 0.10771366 0.12303037 0.14922922 0.18492724 0.12208343 0.11913600 0.11590856 0.13983461 0.09385040 0.13527531 0.11830132 0.16023788 0.07017837 0.14782196 0.08759723 0.09797647 0.07687045 0.16723666 0.08456428 0.12666014 0.12366462 0.15116508 0.14980104 0.13612698 0.14081992 0.21815828 0.19530377 0.12699702 0.20186638 0.11203495 0.06929918 0.08952126 0.20304133 0.10597543 0.19961105 0.09953636 0.15415349 0.14279521 0.08226555 0.10523845 0.14830881 0.13077225 0.12551291 0.06958674 0.13986129 0.12025266 0.12493406 0.11981932 0.11110020 0.13929346 0.17467139 0.13613210 0.13114163 0.06848952 0.14029672 0.11747361 0.16039954 0.14716056 0.16473751 0.12946646 0.16436620 0.12219597 0.09666783 0.11762209 0.12253616 0.07655427 0.13648090 0.10432261 0.12817714 0.11242767 0.11301625 0.07116864 0.09020189 0.11114030 0.10862021 0.12126286 0.15907385 0.09255573 0.11755014 0.17294149 0.10239532 0.10762773 0.07434910 0.12318824 0.07644478 0.12387541 0.08184426 0.11219826 0.09042675 0.11960695 0.11219968 0.10410262 0.14251788 
0.11571551 0.14924430 0.14966616 0.11606422 0.08728825 0.09437582 0.07116700 0.09847640 0.14038105 0.18418416 0.08697181 0.22827760 0.24907791 0.22855614 0.11677862 0.00000000 0.15077280 0.11500618 0.13381493 0.14295159 0.10388110 0.07533973 0.10574606 0.10330008 0.14788732 0.09092788 0.09563481 0.10666885 0.11434378 0.12101263 0.15032884 0.09499471 0.13982256 0.11365108 0.15394722 0.15165280 0.12167689 0.08005547 0.09589122 0.20316588 0.08319223 0.09916953 0.13647027 0.11391081 0.14049975 0.14482559 0.08493352 0.10636222 0.06864700 0.12311440 0.12234368 0.13896441 0.14427173 0.15766747 0.11834579 0.11787420 0.15963437 0.12696800 0.15092517 0.13692130 0.14655394 0.20978553 0.13578240 0.14759291 0.08501935 0.11973417 0.09141238 0.09859846 0.14432358 0.12283517 0.12830517 0.07913203 0.09130722 0.14690215 0.11487078 0.14301716 0.14007387 0.10262007 0.09078341 0.11418263 0.12558112 0.09598401 0.11353075 0.14666906 0.13278725 0.14630700 0.11434656 0.15158871 0.10711250 0.16211206 0.13670033 0.17696551 0.12141087 0.20864606 0.08307141 0.09639167 0.08228159 0.05974152 0.12884097 0.08254224 0.17212315 0.09876615 0.11687920 0.11299015 0.09054102 0.12079071 0.08866681 0.15002655 0.14623543 0.12207245 0.10377768 
0.09678841 0.13069380 0.11128987 0.10823016 0.10912455 0.14593738 0.05152781 0.17431364 0.08706241 0.11957104 0.21872036 0.10276815 0.18722891 0.11364174 0.14285533 0.15077280 0.00000000 0.16019177 0.13631514 0.14810811 0.11272803 0.05373209 0.16068433 0.18473047 0.14517347 0.09830810 0.09713140 0.11154288 0.13246125 0.10183048 0.23613941 0.10673525 0.19523327 0.12162500 0.14610147 0.09932663 0.26278023 0.06711231 0.11114696 0.14772351 0.12592938 0.14390413 0.15325321 0.19409559 0.09410790 0.11790457 0.08832179 0.11465916 0.09832356 0.08407068 0.09038520 0.13495822 0.07740598 0.13785389 0.21763858 0.14089861 0.29865639 0.07869754 0.12692431 0.12007373 0.16423047 0.08313021 0.05836570 0.14878828 0.12504378 0.09542451 0.09319601 0.17503827 0.13245770 0.11900159 0.10757946 0.10445090 0.12980553 0.15638842 0.12569417 0.17359005 0.11593883 0.09739960 0.07594282 0.09704229 0.09421589 0.12438906 0.11268628 0.06231220 0.06978116 0.09006438 0.06842564 0.16385512 0.09665080 0.12111294 0.06545158 0.08499263 0.10903149 0.10657218 0.07893634 0.07678611 0.12242416 0.08806778 0.14051004 0.10517882 0.19542821 0.09193986 0.17472754 0.16055368 0.16995069 0.12258407 0.08938363 0.12767254 0.10098453 0.11660724 0.11274040 
0.10069176 0.15874854 0.12690941 0.12781026 0.10953705 0.10946563 0.13885751 0.13525304 0.17287317 0.08608678 0.12855143 0.08082655 0.16569825 0.09067159 0.14581285 0.11500618 0.16019177 0.00000000 0.13497238 0.11301049 0.10081601 0.16921373 0.12981451 0.12384863 0.14247900 0.11258557 0.07375448 0.12519214 0.14706939 0.13925570 0.11211978 0.10494342 0.11178072 0.15853089 0.17397272 0.13635921 0.18397171 0.17325839 0.12324996 0.11807786 0.11435897 0.09355241 0.10053144 0.14491551 0.11219536 0.14299199 0.12294500 0.06952808 0.08995202 0.08543607 0.11504065 0.08840802 0.09230938 0.11123148 0.08783549 0.16247769 0.15657258 0.17212828 0.10500913 0.13310965 0.12613627 0.14749793 0.13070866 0.11146601 0.13031294 0.09386235 0.11079577 0.10097021 0.16134534 0.11538379 0.15116211 0.14976689 0.15928764 0.11919917 0.09334189 0.09321009 0.14384437 0.12021256 0.10514973 0.10366759 0.15623656 0.14076114 0.14442732 0.17129709 0.17012088 0.08227686 0.15637760 0.15802269 0.16150868 0.11467095 0.11773635 0.14704919 0.14278325 0.11692870 0.14741500 0.06878559 0.10655283 0.12579996 0.10554138 0.09530453 0.13715040 0.13206554 0.14852853 0.12473853 0.11515279 0.13696060 0.11037601 0.14194638 0.11651969 0.08904483 0.12954322 
0.07224297 0.15153120 0.11186130 0.11338416 0.12612022 0.15810344 0.07570238 0.09168010 0.16194446 0.11066504 0.08595915 0.16290044 0.10348496 0.12948319 0.10771366 0.13381493 0.13631514 0.13497238 0.00000000 0.21767429 0.09985907 0.09158863 0.17981789 0.20055440 0.17634336 0.11101984 0.04849860 0.11224135 0.14160918 0.07991703 0.14391485 0.14966908 0.13501939 0.14171085 0.16473861 0.16008214 0.18116069 0.16576177 0.15994244 0.15179430 0.14465960 0.07283118 0.10163983 0.12359774 0.14419783 0.06990759 0.05692006 0.08107562 0.08361123 0.09799779 0.09155883 0.09303947 0.15948861 0.12751891 0.11735491 0.12408950 0.13347693 0.16019844 0.10517106 0.16562742 0.10307167 0.12364891 0.09780888 0.11255858 0.11041228 0.11056526 0.17657255 0.11823179 0.12961499 0.09245456 0.10919899 0.17761486 0.14999867 0.12479193 0.14036974 0.09193401 0.12367798 0.13484871 0.12168214 0.12349892 0.10016887 0.11047425 0.12732706 0.09663969 0.10264432 0.14805813 0.15576536 0.10584673 0.07826706 0.15980873 0.13114145 0.14864799 0.10877351 0.14402448 0.11258475 0.10500756 0.08109726 0.10441307 0.11282138 0.11282511 0.15478890 0.09579932 0.28657674 0.09862870 0.15570088 0.17959114 0.06810628 0.12382704 0.10687813 0.11252099 0.09977692 
0.11916187 0.14281618 0.12677912 0.11006006 0.11576406 0.07764556 0.09625864 0.11627351 0.12339273 0.10148500 0.14886781 0.11702492 0.10173089 0.09697460 0.12303037 0.14295159 0.14810811 0.11301049 0.21767429 0.00000000 0.15625809 0.11893147 0.18758495 0.15685246 0.08858983 0.12819727 0.13339172 0.15063395 0.11420938 0.10151569 0.11089014 0.13427853 0.12333201 0.12871572 0.09131789 0.07215750 0.12446052 0.09053884 0.10218711 0.10245159 0.10095310 0.10845253 0.12966323 0.14099433 0.13758968 0.12434782 0.10962031 0.12507389 0.13753073 0.14453634 0.11177599 0.14479804 0.13576613 0.07981445 0.13264620 0.12190407 0.16513903 0.07604247 0.11743180 0.11805556 0.12465956 0.10713203 0.09603761 0.13321168 0.18147069 0.12820392 0.12848494 0.10392877 0.13485496 0.08186397 0.09094655 0.10320185 0.12524315 0.13108913 0.09416916 0.04634022 0.10830557 0.13372139 0.10828900 0.15744499 0.11283942 0.12990424 0.12262549 0.08787112 0.11538076 0.09019388 0.09939316 0.13276122 0.17884473 0.26560852 0.13619308 0.10798278 0.08327170 0.11954920 0.06526671 0.12434768 0.13295015 0.13883522 0.19423696 0.11398770 0.11877551 0.11131081 0.23170705 0.15801943 0.17818478 0.11438622 0.09588520 0.11128030 0.11884113 0.13372530 0.15843042 
0.08037591 0.12417735 0.09115967 0.14114440 0.13644284 0.11601912 0.10133669 0.11391135 0.12705404 0.10602233 0.11212037 0.12771218 0.05726175 0.16511284 0.14922922 0.10388110 0.11272803 0.10081601 0.09985907 0.15625809 0.00000000 0.11189442 0.13050656 0.19018906 0.23821383 0.16915949 0.12307776 0.10239712 0.05630762 0.10550746 0.07841928 0.14730276 0.12905527 0.15002941 0.13919308 0.08092623 0.15510814 0.16202853 0.09808946 0.12957246 0.13710917 0.05133708 0.12831629 0.16061886 0.10925100 0.10519636 0.10540725 0.14014102 0.12988801 0.14578151 0.10528735 0.16652054 0.13849189 0.09699317 0.12002363 0.11688784 0.06103461 0.08630092 0.24139934 0.14921929 0.09906213 0.05815606 0.17980513 0.11205066 0.19329970 0.10397336 0.13853432 0.15493994 0.15522186 0.11132528 0.09305732 0.11225287 0.09590312 0.10722226 0.12486673 0.10793850 0.14242994 0.10381665 0.10851373 0.15462511 0.16456790 0.14682610 0.17118814 0.13287576 0.12718391 0.13644730 0.17533728 0.13225602 0.08988118 0.14740474 0.09077979 0.11475532 0.12013562 0.19082901 0.12277597 0.12609446 0.05305153 0.06553591 0.10394647 0.11641403 0.07899484 0.12209572 0.12097742 0.12022573 0.16129985 0.16953608 0.11408178 0.10716251 0.14951190 0.12651479 0.13295797 
0.13362084 0.09135812 0.13905219 0.12213856 0.13222186 0.11860999 0.14591201 0.16783950 0.08786306 0.10994497 0.14618853 0.09725494 0.11702446 0.14401680 0.18492724 0.07533973 0.05373209 0.16921373 0.09158863 0.11893147 0.11189442 0.00000000 0.13302427 0.17508387 0.12603185 0.22455569 0.07836696 0.13375056 0.17853416 0.09104482 0.17517550 0.16771737 0.11988687 0.13473263 0.09956446 0.12970560 0.10122491 0.13954688 0.11298305 0.09429555 0.10505494 0.12556495 0.13103164 0.09911340 0.15995338 0.11948809 0.12011140 0.10824023 0.13607350 0.12590229 0.11181642 0.08639461 0.10592349 0.13037201 0.13538416 0.15252388 0.12875681 0.14514522 0.08976799 0.13695417 0.10730442 0.12517415 0.17782934 0.10245851 0.11698994 0.08367673 0.13414827 0.14493819 0.16151670 0.11352991 0.15862057 0.13259842 0.12058362 0.10195091 0.12765008 0.16064569 0.10728830 0.15150098 0.11279232 0.13536474 0.10005842 0.10216865 0.13796372 0.12116515 0.12300049 0.11228227 0.14665077 0.10198901 0.14049860 0.10986960 0.12081803 0.16242548 0.08638613 0.07484062 0.10176078 0.15143028 0.12427828 0.10087121 0.18993636 0.11823717 0.13447948 0.15109518 0.13968011 0.15535840 0.12402733 0.08441188 0.12108171 0.12775970 0.15816242 0.12072549 0.12539208 
0.09609893 0.08758766 0.12917147 0.09348659 0.10254618 0.12698499 0.12225129 0.16458969 0.11563634 0.13344984 0.12714193 0.08759735 0.13254154 0.11181869 0.12208343 0.10574606 0.16068433 0.12981451 0.17981789 0.18758495 0.13050656 0.13302427 0.00000000 0.15496617 0.13230056 0.29870094 0.15615375 0.12391893 0.13091082 0.11259808 0.13552030 0.12171585 0.11257833 0.17318851 0.08099421 0.11241822 0.06831118 0.09707917 0.12947491 0.12910474 0.17979177 0.11828462 0.11987453 0.11768795 0.09080075 0.13316776 0.10537758 0.13037550 0.16789767 0.11748119 0.11087633 0.10262955 0.10348469 0.13953969 0.17540219 0.08356761 0.13055921 0.17281914 0.13776924 0.10073265 0.08302664 0.09398198 0.08599982 0.10041297 0.12073468 0.10072876 0.11398330 0.13246494 0.15323054 0.11981532 0.10047341 0.13656759 0.13928963 0.11113326 0.16008505 0.16094324 0.14197489 0.11129028 0.11542910 0.14489187 0.11802148 0.14200685 0.09960965 0.12955819 0.09813465 0.13258466 0.14119941 0.14489745 0.08335633 0.10310406 0.13293134 0.10907621 0.10793181 0.10419467 0.09819002 0.07411232 0.13931418 0.10076718 0.09940495 0.14290607 0.12924726 0.18097117 0.21625140 0.10812120 0.12167125 0.10860137 0.10764726 0.12718659 0.11932556 0.12979118 0.13894079 
0.14145164 0.16653957 0.10201831 0.12449032 0.08378258 0.09966602 0.07698748 0.16475772 0.09529951 0.08804156 0.06013260 0.09083879 0.16206402 0.09203330 0.11913600 0.10330008 0.18473047 0.12384863 0.20055440 0.15685246 0.19018906 0.17508387 0.15496617 0.00000000 0.20944098 0.16878361 0.09267414 0.14812762 0.16542428 0.08924527 0.17965307 0.14591679 0.15673968 0.13530419 0.13309930 0.17292622 0.10817623 0.20253611 0.06263490 0.10020779 0.12250950 0.05416424 0.11584071 0.11946752 0.16253706 0.11393620 0.08988186 0.07170859 0.11917928 0.10324282 0.06833519 0.10393918 0.12558221 0.13085824 0.14052727 0.08403225 0.16322645 0.08888193 0.16849506 0.14456807 0.14398277 0.11906620 0.11718486 0.12632386 0.11293483 0.15945806 0.10603798 0.13114386 0.14860291 0.14458917 0.12594083 0.13237376 0.13185588 0.11378223 0.11839213 0.12089799 0.11479661 0.08362024 0.04065373 0.09972714 0.11384009 0.11960646 0.12592580 0.10903240 0.10155743 0.13789618 0.08489516 0.14003194 0.10240333 0.29993803 0.11641165 0.17573284 0.10915619 0.05592890 0.12521091 0.08933554 0.08578737 0.14419929 0.08179308 0.09943333 0.18082674 0.08261492 0.18656413 0.12022174 0.15355896 0.14056050 0.13995166 0.13029538 0.07404233 0.08921772 0.08685904 
0.08668642 0.12011871 0.15412235 0.10579187 0.10265523 0.14348836 0.14574311 0.13300360 0.13970455 0.11364138 0.09604776 0.18928637 0.16038021 0.10211521 0.11590856 0.14788732 0.14517347 0.14247900 0.17634336 0.08858983 0.23821383 0.12603185 0.13230056 0.20944098 0.00000000 0.17687078 0.11014590 0.10401636 0.18156801 0.18679927 0.20744390 0.11032918 0.13258351 0.14675733 0.17873357 0.15258544 0.10063746 0.09813203 0.12262006 0.12290304 0.14288185 0.12008424 0.14041753 0.13464208 0.10041753 0.08035308 0.13150311 0.08020453 0.09173944 0.05600729 0.11486848 0.15174239 0.14394144 0.17444116 0.10037314 0.11106906 0.11430337 0.14638357 0.12404097 0.11103188 0.18892438 0.16773499 0.10621193 0.15194095 0.09172960 0.19823902 0.06550379 0.09179575 0.09351599 0.07715476 0.11459267 0.08295732 0.08988149 0.13094226 0.08980217 0.06921068 0.05868906 0.10112837 0.07206121 0.10081736 0.06764324 0.09760876 0.06551884 0.13192280 0.13757899 0.12496035 0.10282175 0.15605798 0.14851648 0.13851071 0.07019024 0.13287357 0.11300233 0.09252794 0.12134480 0.17780407 0.16135970 0.14792172 0.07743201 0.12909523 0.11579496 0.08729028 0.12586171 0.11881539 0.14562808 0.11707803 0.12065263 0.10753475 0.15329267 0.07927472 0.06283728 
0.09294341 0.08399618 0.14189814 0.13782859 0.11151707 0.14900714 0.11358328 0.13963217 0.09782054 0.12096367 0.11957962 0.25454931 0.12347604 0.11706747 0.13983461 0.09092788 0.09830810 0.11258557 0.11101984 0.12819727 0.16915949 0.22455569 0.29870094 0.16878361 0.17687078 0.00000000 0.20678612 0.12845749 0.14973359 0.14034953 0.17812850 0.11279028 0.22141592 0.12999611 0.14865039 0.10457404 0.10188608 0.07305236 0.22311860 0.11124620 0.13477107 0.10276654 0.09131923 0.10316441 0.16436367 0.11431172 0.13312435 0.06954515 0.18044583 0.11003641 0.11943488 0.04938333 0.12079591 0.14676611 0.11916856 0.09509275 0.09291194 0.09897727 0.09429595 0.10135762 0.18537290 0.10217939 0.08757504 0.09254359 0.09285553 0.09619026 0.11327369 0.10792387 0.12503365 0.11830715 0.09474448 0.12730142 0.13015543 0.12170436 0.10395062 0.13527786 0.15067837 0.12546563 0.14888222 0.11124588 0.12111101 0.16531509 0.15181955 0.14034369 0.14957162 0.13159540 0.10416854 0.13939303 0.07848493 0.15582876 0.10644137 0.15689095 0.09024248 0.10269193 0.07776476 0.10042756 0.09839466 0.08940326 0.13971489 0.11814658 0.06905363 0.12142952 0.13679584 0.11855701 0.11934382 0.13514008 0.12981088 0.09600496 0.12529245 0.07502659 0.09030338 
0.09797912 0.12736462 0.15341743 0.18275347 0.11875710 0.13543179 0.11143800 0.14421720 0.16625844 0.08395808 0.13941179 0.09515113 0.11646866 0.15813855 0.09385040 0.09563481 0.09713140 0.07375448 0.04849860 0.13339172 0.12307776 0.07836696 0.15615375 0.09267414 0.11014590 0.20678612 0.00000000 0.14469365 0.15090879 0.13653751 0.16777970 0.17726526 0.10838867 0.11760142 0.08737223 0.10111401 0.09656452 0.11205771 0.08571636 0.11893853 0.08543138 0.19725186 0.09969038 0.11092082 0.16591194 0.09037045 0.13138112 0.09213961 0.12610044 0.11997559 0.19694364 0.09892654 0.08588687 0.10234223 0.09556006 0.10596600 0.16616853 0.09341471 0.12202643 0.13683080 0.14375993 0.16584749 0.13052942 0.12953846 0.12344304 0.11954329 0.09905233 0.15638454 0.11160978 0.11165877 0.07769511 0.12361986 0.11373343 0.12000459 0.10646272 0.13977078 0.13069486 0.14978299 0.08625653 0.17575340 0.14537049 0.10452186 0.13782408 0.15732334 0.14367977 0.17178766 0.16402147 0.11464348 0.14455067 0.12479353 0.11988390 0.14761551 0.09120162 0.10608073 0.09515368 0.18173787 0.12641264 0.12486747 0.11002433 0.13034227 0.09568264 0.15663033 0.14917464 0.19959667 0.11466117 0.20619939 0.10455040 0.10704108 0.14344869 0.10415321 0.13130544 
0.11332859 0.09954206 0.10776374 0.12823061 0.14603733 0.15760199 0.14486258 0.14686287 0.14203197 0.11070607 0.13383206 0.13883970 0.11737456 0.10102321 0.13527531 0.10666885 0.11154288 0.12519214 0.11224135 0.15063395 0.10239712 0.13375056 0.12391893 0.14812762 0.10401636 0.12845749 0.14469365 0.00000000 0.18003375 0.14444105 0.13635516 0.12931120 0.15867065 0.13445775 0.12316330 0.15188913 0.11917310 0.12212542 0.14873418 0.11801665 0.11404489 0.15690757 0.11272241 0.11744696 0.13903974 0.10265544 0.10428253 0.09468194 0.11974548 0.09323211 0.12902372 0.11098157 0.09647259 0.10685105 0.10666765 0.13582612 0.11723355 0.14843623 0.13742024 0.15262557 0.14644237 0.17261123 0.08367091 0.12685783 0.09265090 0.11573211 0.09493883 0.09730104 0.08936743 0.09259964 0.09818195 0.10271295 0.10662372 0.12063145 0.10046047 0.09266826 0.09192890 0.09491328 0.13760797 0.13585730 0.08042754 0.08567351 0.09360944 0.15212344 0.14316327 0.11706399 0.12456618 0.13602735 0.10930354 0.12882861 0.11803090 0.13861679 0.12058252 0.13127881 0.12470311 0.13194333 0.12429998 0.12752386 0.13895533 0.12511567 0.10910346 0.12682788 0.11055330 0.13496881 0.13368685 0.10848826 0.14337611 0.12269634 0.09272966 0.11136709 0.10745251 
0.08114116 0.08823513 0.15271164 0.13219141 0.12299185 0.11241863 0.18284851 0.14948330 0.13328368 0.13480174 0.09274362 0.16059502 0.18820069 0.18656359 0.11830132 0.11434378 0.13246125 0.14706939 0.14160918 0.11420938 0.05630762 0.17853416 0.13091082 0.16542428 0.18156801 0.14973359 0.15090879 0.18003375 0.00000000 0.18490813 0.23847636 0.15909994 0.11776000 0.12135546 0.11311745 0.16511328 0.06114971 0.10682097 0.10840945 0.05937187 0.10499903 0.09108811 0.13018849 0.12576349 0.13280240 0.08563704 0.07700764 0.09823665 0.10201300 0.09945451 0.15267253 0.08714950 0.20381837 0.05306110 0.12742523 0.12462571 0.21446811 0.13531994 0.10507486 0.13948664 0.13655252 0.18588973 0.11868028 0.12634387 0.06725436 0.19646565 0.08752418 0.11716089 0.08310096 0.08460063 0.08516760 0.07434140 0.11397321 0.11611839 0.08636738 0.06987521 0.10850111 0.08368962 0.13634080 0.11576045 0.10357397 0.12544402 0.06754752 0.11698631 0.13849437 0.11052642 0.15847922 0.13084167 0.10466052 0.13351872 0.16239572 0.09523394 0.16519915 0.12453633 0.09359924 0.14027174 0.15136671 0.13412183 0.09386883 0.09823244 0.15944355 0.09697484 0.10897371 0.14119297 0.16579988 0.14201613 0.15057642 0.14695798 0.10210593 0.09419984 0.07194520 
0.13356171 0.11233586 0.06081562 0.15839985 0.11514435 0.06461550 0.12377586 0.11707962 0.22256028 0.09861957 0.14516477 0.11939836 0.11672527 0.14100042 0.16023788 0.12101263 0.10183048 0.13925570 0.07991703 0.10151569 0.10550746 0.09104482 0.11259808 0.08924527 0.18679927 0.14034953 0.13653751 0.14444105 0.18490813 0.00000000 0.21277827 0.16384258 0.16404868 0.12739727 0.11520223 0.13475427 0.07830266 0.12476792 0.12370627 0.19064571 0.11415420 0.12336854 0.11029910 0.11404431 0.12019061 0.19513109 0.16575831 0.15481371 0.16615309 0.21950432 0.13247029 0.09749877 0.10481096 0.08977549 0.14214015 0.17334581 0.14968852 0.13261924 0.15697199 0.10703754 0.08634109 0.15018161 0.10948064 0.11979093 0.11717447 0.11986119 0.11651594 0.08455506 0.13484502 0.08409968 0.12224862 0.06292125 0.12098208 0.10157508 0.10353625 0.08681072 0.11913416 0.15058608 0.09439231 0.17008451 0.11441606 0.09392637 0.11616468 0.13251066 0.11719745 0.11391988 0.11400376 0.14891316 0.13815901 0.08435716 0.16686094 0.13421067 0.14394007 0.07030675 0.11503223 0.12452906 0.18025867 0.06682361 0.14782074 0.09481457 0.15759003 0.15553850 0.08842833 0.11003515 0.09101867 0.10002832 0.11399510 0.08281308 0.11586068 0.13461333 0.09052405 
0.08046321 0.06826939 0.13571247 0.08358497 0.12333454 0.10321138 0.13984142 0.11907842 0.11973358 0.11987898 0.11788455 0.07924434 0.16389738 0.15574382 0.07017837 0.15032884 0.23613941 0.11211978 0.14391485 0.11089014 0.07841928 0.17517550 0.13552030 0.17965307 0.20744390 0.17812850 0.16777970 0.13635516 0.23847636 0.21277827 0.00000000 0.11226368 0.17964574 0.13433073 0.14333350 0.22591494 0.12248001 0.10354934 0.14843385 0.10052051 0.08864527 0.12097714 0.13958358 0.09797138 0.14498357 0.06703588 0.14367772 0.06645634 0.06472290 0.05293403 0.07454426 0.07665900 0.15246293 0.13006685 0.03955453 0.16280650 0.10211033 0.14990837 0.12111410 0.12845794 0.31483620 0.13497837 0.05859205 0.12436959 0.10408138 0.21488639 0.13873609 0.09241456 0.10819978 0.11801584 0.11037409 0.08242926 0.10436455 0.12669547 0.13308062 0.13860554 0.16333373 0.12605050 0.09118962 0.15304325 0.08642477 0.14280882 0.08339942 0.19141751 0.12556356 0.09683331 0.08775799 0.12085284 0.18364497 0.10031517 0.17191443 0.07956476 0.10963836 0.08873789 0.08300265 0.10981597 0.11277950 0.09641554 0.08549960 0.07791422 0.13006493 0.11447648 0.08274590 0.10289792 0.11952528 0.15604103 0.13108590 0.17842262 0.10898104 0.10424211 0.08300964 
0.13731581 0.09655871 0.16219184 0.14286435 0.13345243 0.11624368 0.16937482 0.08948827 0.14371804 0.10408231 0.12390488 0.13918512 0.10738909 0.10195565 0.14782196 0.09499471 0.10673525 0.10494342 0.14966908 0.13427853 0.14730276 0.16771737 0.12171585 0.14591679 0.11032918 0.11279028 0.17726526 0.12931120 0.15909994 0.16384258 0.11226368 0.00000000 0.15890694 0.11067519 0.16520252 0.10379686 0.12159007 0.21482509 0.20217612 0.14089484 0.08156027 0.13329048 0.08549095 0.06719749 0.09010098 0.09822026 0.09333243 0.12642774 0.14249734 0.11291550 0.14847597 0.13272509 0.13401889 0.11548951 0.16551397 0.18517971 0.09547500 0.10224293 0.10867702 0.12107874 0.10572318 0.14941278 0.12549811 0.13235505 0.16185121 0.15198040 0.10688512 0.14981285 0.09695872 0.11946913 0.12772494 0.13062163 0.16023326 0.15038506 0.08135820 0.10162534 0.12464826 0.14073306 0.11742194 0.10561208 0.13696876 0.11036049 0.12352553 0.13819717 0.15573839 0.10699779 0.11217698 0.13251198 0.12330864 0.11273383 0.08270084 0.12584823 0.12717311 0.10527635 0.09273745 0.16062983 0.08034689 0.16261991 0.11586382 0.16710079 0.09359633 0.11908725 0.07655508 0.16244042 0.05267289 0.12141696 0.15173994 0.10857782 0.11160160 0.12389017 0.12551004 
