0.00000000 0.51269746 0.25090637 0.14542218 0.20279266 0.19128861 0.10301310 0.12369269 0.19552359 0.13335358 0.17139726 0.09911501 0.12940281 0.15811507 0.12869027 0.14337570 0.14506317 0.14098274 0.13364732 0.09086281 0.21116832 0.18557642 0.22244632 0.19090971 0.18202104 0.19709880 0.17140111 0.25720735 0.15909249 0.10950913 0.22255078 0.12114927 0.09509504 0.19068545 0.15297053 0.14473476 0.14783624 0.11633385 0.25764532 0.22876062 0.16315900 0.10284627 0.17967193 0.17766989 0.15438905 0.12682710 0.18901620 0.16861129 0.17492763 0.18702913 0.19849148 0.17848023 0.23509487 0.21946098 0.12151849 0.19084078 0.11128535 0.12765415 0.06094101 0.16764755 0.17352158 0.12497771 0.14871615 0.12441389 0.12575335 0.15021619 0.16482904 0.14241732 0.27230615 0.22148526 0.12020967 0.13259043 0.13274481 0.14738541 0.12120159 0.18256378 0.15919711 0.17223740 0.19631709 0.19003517 0.14486527 0.15491294 0.08247853 0.09668955 0.19354521 0.22495406 0.07735747 0.14576371 0.13557015 0.10925509 0.13173037 0.14163483 0.15799559 0.18286154 0.18674543 0.15441789 0.17954514 0.16307756 0.22448943 0.11920188 0.16515698 0.21279622 0.10088339 0.11803580 0.14162002 0.15823822 0.15882619 0.12865271 0.12859109 0.17028580 0.22242455 0.21601621 0.20018560 0.25388314 
0.51269746 0.00000000 0.46088307 0.21494196 0.23481142 0.20940141 0.07705920 0.09329145 0.11645692 0.04613406 0.09987238 0.14359696 0.22030918 0.19696190 0.23071838 0.11462382 0.14572718 0.11726332 0.15150308 0.22634951 0.20946794 0.19320249 0.16080929 0.19595759 0.39805534 0.17390796 0.26128272 0.27074070 0.13260662 0.14399925 0.09627563 0.13040401 0.10155491 0.15980792 0.17430483 0.09982104 0.12022013 0.17227348 0.16799304 0.17136574 0.14784111 0.07399181 0.15922636 0.17013412 0.19526380 0.12641604 0.15352486 0.22896056 0.18635435 0.15448310 0.23419671 0.16228603 0.12094836 0.08754989 0.15387871 0.11680415 0.05835859 0.21902902 0.13316053 0.16215123 0.13727234 0.08315858 0.08871745 0.17933868 0.10095802 0.14680276 0.10001934 0.14301293 0.17528448 0.25541921 0.21854439 0.11304718 0.17476556 0.19804656 0.12917516 0.17322411 0.12922366 0.13080067 0.18850547 0.10770655 0.10147778 0.03790528 0.21033196 0.14615787 0.12532167 0.14711670 0.08732168 0.20371121 0.13394901 0.16798497 0.10794464 0.16796190 0.17608389 0.31389222 0.17974697 0.28503969 0.25996169 0.13064486 0.18329396 0.11865854 0.19529807 0.10207506 0.15303551 0.18368704 0.11537451 0.14157933 0.19875873 0.19315963 0.18135741 0.18115704 0.18985657 0.14790877 0.30761644 0.21365318 
0.25090637 0.46088307 0.00000000 0.30338534 0.35783049 0.15752943 0.10866594 0.23562170 0.18312740 0.15567707 0.15122768 0.12573927 0.15814334 0.19765821 0.09632303 0.14008657 0.12629003 0.18123715 0.13344869 0.10490726 0.21478296 0.21379144 0.09299906 0.13291713 0.14597448 0.19059380 0.14737852 0.59610937 0.12571617 0.40212461 0.18774276 0.19638502 0.05334084 0.11381375 0.14850486 0.12739176 0.23507752 0.14420104 0.20053420 0.11497158 0.18382419 0.26394713 0.16154117 0.17472717 0.15349902 0.16105450 0.20268768 0.15746311 0.20217752 0.18858079 0.04099697 0.11419695 0.16549461 0.16311690 0.09862845 0.12013917 0.13047158 0.14657292 0.04447468 0.20196275 0.07816920 0.14167401 0.09814314 0.10847431 0.10487063 0.16730640 0.11891813 0.16275489 0.18583026 0.16457774 0.21927186 0.18320374 0.20836827 0.19424161 0.17545503 0.20933198 0.18125142 0.12236832 0.18262179 0.16442224 0.15483750 0.02955915 0.18234824 0.21724546 0.18892904 0.08876173 0.13655767 0.10686128 0.11745932 0.06776641 0.15544959 0.14891624 0.13865936 0.14828953 0.31471064 0.19067018 0.17355071 0.15863007 0.12802780 0.18186286 0.14618481 0.11159032 0.13692520 0.12197872 0.16335309 0.12709188 0.15878213 0.16135290 0.21588436 0.15933191 0.20826823 0.15325429 0.20625549 0.19380174 
0.14542218 0.21494196 0.30338534 0.00000000 0.29252120 0.28956655 0.28908099 0.19217212 0.20486494 0.20164144 0.05766230 0.10022513 0.49184653 0.18033190 0.13983452 0.28323034 0.65194355 0.04260688 0.20424406 0.12546160 0.13337879 0.17140008 0.11289219 0.11306650 0.22316568 0.15121916 0.14019926 0.09775174 0.24297034 0.15051703 0.21919437 0.29972762 0.12825920 0.15658999 0.13348378 0.09960663 0.16730402 0.16730459 0.16749808 0.22503682 0.09950267 0.10312222 0.10633095 0.22555407 0.15076937 0.21124638 0.16638732 0.15066760 0.11911376 0.18506847 0.17442789 0.09674399 0.08971678 0.17425416 0.11277577 0.14571489 0.06691186 0.09158839 0.18421113 0.09334419 0.21049056 0.07644378 0.16186448 0.14204170 0.15916114 0.08539497 0.13172898 0.10603359 0.22025446 0.11797870 0.19859887 0.19805130 0.13152193 0.11092758 0.08030902 0.09461062 0.09278215 0.06561563 0.19824115 0.11539800 0.18419882 0.10481365 0.11546476 0.06661081 0.17688961 0.14810814 0.16164880 0.10900672 0.13624879 0.13824630 0.17230664 0.17298942 0.21544521 0.64781359 0.10878919 0.07712186 0.16819451 0.06436927 0.18496027 0.12578041 0.12429061 0.15960435 0.20899737 0.22517857 0.12732590 0.12439216 0.18033753 0.25680663 0.14565715 0.13999456 0.12796326 0.17663895 0.14479403 0.17495609 
0.20279266 0.23481142 0.35783049 0.29252120 0.00000000 0.15040530 0.17838807 0.12360741 0.16865204 0.23108446 0.15486618 0.17138487 0.14208059 0.14405199 0.15094175 0.08467303 0.12205444 0.12168822 0.17773270 0.14577486 0.09511401 0.14770483 0.15298365 0.14448330 0.18149626 0.17932238 0.11371983 0.17438558 0.21889430 0.47757361 0.15265696 0.15085564 0.18960638 0.13395290 0.18429981 0.30719281 0.28363699 0.13191255 0.07796716 0.12837583 0.33599934 0.24570767 0.15583146 0.17783897 0.37157879 0.14876804 0.18775343 0.09507651 0.14876125 0.11964958 0.14259470 0.08152804 0.24291256 0.16696962 0.16333951 0.11292861 0.14969421 0.14209332 0.14103610 0.14829286 0.12992016 0.18772546 0.17376729 0.09979642 0.17441648 0.18229106 0.12542417 0.11674570 0.18189170 0.17569904 0.10628200 0.21905727 0.22836309 0.14114181 0.12451428 0.12400957 0.12990902 0.11939459 0.13462130 0.11188533 0.18223154 0.14917837 0.18439553 0.18179917 0.11182863 0.11213372 0.15772489 0.13612226 0.18046421 0.13282865 0.23767968 0.19271383 0.23900389 0.23113278 0.32598839 0.07374344 0.14716519 0.16013061 0.10275152 0.20857718 0.09928064 0.08972452 0.16165048 0.15687396 0.06556893 0.11978388 0.08038995 0.07832872 0.29945804 0.12061167 0.14894840 0.12701813 0.13698588 0.12175804 
0.19128861 0.20940141 0.15752943 0.28956655 0.15040530 0.00000000 0.43600033 0.37980085 0.28812255 0.22588914 0.21800889 0.23130047 0.46243619 0.15773965 0.21940705 0.09925616 0.49747222 0.15388452 0.17875313 0.19015172 0.21684431 0.15175508 0.10111483 0.15943036 0.08809556 0.16088841 0.21310744 0.10890013 0.72578232 0.20636552 0.28435566 0.20702202 0.27909112 0.12246308 0.12601606 0.16434879 0.10547996 0.08666136 0.10631283 0.11713598 0.05156053 0.13998820 0.13771785 0.11476877 0.24850740 0.15491328 0.12135564 0.17025242 0.20032948 0.13357296 0.12396142 0.12720754 0.15063887 0.16998982 0.14947683 0.28892136 0.04491140 0.09121954 0.15902352 0.21332124 0.13191424 0.09476196 0.20877245 0.09665528 0.17455142 0.13905442 0.09945084 0.08719349 0.06806196 0.17542877 0.16837522 0.10406824 0.10466075 0.17261844 0.15275090 0.10382953 0.07387718 0.16191636 0.07107724 0.13725251 0.14263894 0.10055380 0.07943060 0.09058701 0.12989000 0.14954331 0.12629472 0.14908181 0.15075069 0.18441242 0.16806410 0.16017877 0.18419804 0.19365324 0.18548161 0.08181761 0.15446352 0.09672631 0.12916814 0.14482849 0.13192064 0.14184768 0.09217032 0.22775456 0.17760177 0.14499246 0.15741725 0.11660172 0.15400656 0.09192670 0.23974542 0.18473116 0.15130079 0.03334902 
0.10301310 0.07705920 0.10866594 0.28908099 0.17838807 0.43600033 0.00000000 0.31469220 0.32431490 0.27082376 0.28843002 0.30825295 0.50849574 0.18293648 0.18278750 0.18291942 0.23130513 0.10630218 0.18612993 0.14434852 0.13974959 0.06562969 0.11393366 0.09705421 0.06481398 0.12007505 0.13018637 0.09584550 0.29568388 0.19950437 0.18674803 0.32942404 0.31441181 0.15593501 0.10940212 0.08727135 0.31355345 0.10094036 0.10203003 0.11760263 0.11428358 0.18227216 0.11076273 0.07334958 0.21453486 0.13244386 0.10080670 0.01782420 0.17527766 0.11254994 0.12901731 0.19106302 0.17220882 0.24100657 0.13840265 0.29443179 0.20068736 0.14260668 0.24779208 0.22302768 0.18138022 0.21648376 0.22048439 0.12437559 0.13397560 0.14520494 0.17899200 0.08357122 0.10865135 0.19079649 0.07029169 0.07267460 0.08013180 0.16505264 0.15562699 0.10702136 0.10707038 0.14891600 0.15922381 0.10343270 0.17468162 0.22680859 0.14494159 0.06800894 0.16519626 0.28838292 0.29953334 0.16224389 0.13266929 0.26122644 0.29242461 0.19687019 0.13417135 0.16254092 0.07886889 0.04452253 0.09040966 0.09749604 0.06647590 0.17666858 0.12569176 0.16954744 0.14363208 0.23400474 0.17087431 0.11343530 0.12465853 0.11824457 0.26463679 0.10683078 0.17578989 0.05494780 0.10656987 0.02768696 
0.12369269 0.09329145 0.23562170 0.19217212 0.12360741 0.37980085 0.31469220 0.00000000 0.21243844 0.21552689 0.32117678 0.17519221 0.30881455 0.22845779 0.18256040 0.16210635 0.41779906 0.18437086 0.11599034 0.23537323 0.20732842 0.09874360 0.16892737 0.22307634 0.05082730 0.14023026 0.18368171 0.11873570 0.17872405 0.13836687 0.48876669 0.15143294 0.32574719 0.33302011 0.17322612 0.14274265 0.16694018 0.09984893 0.11120500 0.12298368 0.16431519 0.11217458 0.11639444 0.13491046 0.25141008 0.10663738 0.12460575 0.10048916 0.15539292 0.16824489 0.13091176 0.11638382 0.17306430 0.10204835 0.17185720 0.12347288 0.15135127 0.09938144 0.15206643 0.27526818 0.16847766 0.14800915 0.08777940 0.22522926 0.10968857 0.07558679 0.21112086 0.07218824 0.08908469 0.09447929 0.17038577 0.14417386 0.11001287 0.10762921 0.14074196 0.14143701 0.21697199 0.08417476 0.19487661 0.12510255 0.17491671 0.14124431 0.11495087 0.14585845 0.11321604 0.17519119 0.27902478 0.13265819 0.06724446 0.28408959 0.26837362 0.14656651 0.15016699 0.14998082 0.12022936 0.19322500 0.18351191 0.14205355 0.18550783 0.11288304 0.15900994 0.16343215 0.12866003 0.10409877 0.11079294 0.13469317 0.18089052 0.14543486 0.15162493 0.14102603 0.19351013 0.14796189 0.09212734 0.17526130 
0.19552359 0.11645692 0.18312740 0.20486494 0.16865204 0.28812255 0.32431490 0.21243844 0.00000000 0.15427480 0.19366952 0.21216381 0.28134219 0.36304866 0.20883006 0.18950032 0.18521429 0.13989247 0.11840851 0.18366950 0.27237165 0.14293492 0.16044260 0.10298142 0.19177783 0.15390723 0.07193229 0.16839664 0.24600991 0.17660421 0.27104248 0.15547842 0.23924033 0.14883666 0.19694654 0.13176691 0.11317383 0.13892314 0.18013071 0.11831258 0.20722318 0.15487816 0.16665398 0.14435538 0.15961504 0.10044377 0.10578494 0.20865492 0.13683373 0.13085925 0.18432896 0.10358839 0.12288501 0.20356063 0.17433598 0.17471986 0.19420595 0.16418990 0.27994681 0.31035730 0.26662887 0.18101054 0.26838556 0.11920167 0.23651639 0.16061094 0.12511385 0.14676044 0.19625314 0.20109756 0.14210106 0.11147745 0.10971539 0.14019888 0.04725015 0.09436047 0.17481330 0.12026069 0.08948675 0.10467679 0.22054381 0.08006551 0.18347575 0.20174356 0.17389003 0.16517618 0.25326791 0.11135838 0.13912916 0.20519723 0.20060658 0.16798070 0.17544399 0.21613936 0.13505337 0.13436485 0.09402015 0.10852436 0.19321780 0.20518727 0.07489408 0.16796116 0.19786781 0.17708358 0.19016082 0.11390402 0.07279324 0.16924064 0.13260527 0.11947404 0.11115882 0.05864521 0.07401467 0.08330045 
0.13335358 0.04613406 0.15567707 0.20164144 0.23108446 0.22588914 0.27082376 0.21552689 0.15427480 0.00000000 0.31890695 0.35312533 0.32677318 0.16537050 0.24721307 0.13185167 0.23150854 0.14119617 0.15649350 0.22260743 0.15609158 0.08340470 0.11022612 0.18097457 0.13995588 0.17577148 0.18777824 0.16194800 0.19649032 0.16608447 0.12358985 0.15759664 0.22945817 0.16464358 0.17791412 0.10195912 0.15071160 0.13694561 0.19654868 0.14181961 0.07728928 0.22270932 0.10336321 0.17175969 0.12800197 0.12435596 0.14041123 0.15685648 0.14926570 0.16408303 0.12805420 0.12459705 0.11651339 0.14700249 0.10508093 0.24904255 0.17453130 0.14213721 0.22590220 0.15514247 0.17022570 0.18031699 0.17976418 0.17092254 0.16814055 0.19754255 0.10417218 0.10934320 0.11871999 0.23091850 0.09813698 0.16169011 0.12666993 0.18093922 0.13672276 0.12732456 0.08915791 0.12352856 0.13368189 0.16038031 0.25377832 0.19761618 0.13384407 0.10354651 0.13970974 0.14539428 0.21206250 0.16921462 0.14026098 0.16619078 0.58887292 0.18199384 0.16303222 0.11236987 0.16895686 0.07099391 0.12082645 0.09437386 0.09430638 0.16264852 0.12606990 0.17113774 0.17140342 0.20523133 0.13328195 0.15157172 0.15702545 0.13376241 0.14000040 0.12828115 0.17060283 0.13058251 0.09248325 0.09444139 
0.17139726 0.09987238 0.15122768 0.05766230 0.15486618 0.21800889 0.28843002 0.32117678 0.19366952 0.31890695 0.00000000 0.41788875 0.30249236 0.32240709 0.24420415 0.18855303 0.11105511 0.33505355 0.17186437 0.18217418 0.15640683 0.17581010 0.14591080 0.11591804 0.17657378 0.20382602 0.11676424 0.18187714 0.13387739 0.16711243 0.23374529 0.18613399 0.23508407 0.13544848 0.18998816 0.19882145 0.18033084 0.13586331 0.10669630 0.04831897 0.05928525 0.12287737 0.13537272 0.16063188 0.20461686 0.13225145 0.09720838 0.09435701 0.14815502 0.12842109 0.17663227 0.13997924 0.14145043 0.10710805 0.09298974 0.20131269 0.21146396 0.29774894 0.21692344 0.20147514 0.12422621 0.20468917 0.09896895 0.08621961 0.20108533 0.18810084 0.18090567 0.07751201 0.08154519 0.16703767 0.06046886 0.22258940 0.04923058 0.16925717 0.14990410 0.22170142 0.11759703 0.16632864 0.14137821 0.09199589 0.19882261 0.10017866 0.22326838 0.08385507 0.14975625 0.24519977 0.30176840 0.13746841 0.20211709 0.18212710 0.19655510 0.16514933 0.14190110 0.18014153 0.12716710 0.12999969 0.07370663 0.18711897 0.14175715 0.17341213 0.13901769 0.24030390 0.14302400 0.20522268 0.21983718 0.23277452 0.15336419 0.08548555 0.16215696 0.16135160 0.13394360 0.09978853 0.14157148 0.07293195 
0.09911501 0.14359696 0.12573927 0.10022513 0.17138487 0.23130047 0.30825295 0.17519221 0.21216381 0.35312533 0.41788875 0.00000000 0.25958388 0.35332977 0.54143964 0.19811671 0.08680102 0.15589634 0.18138955 0.17414657 0.11899986 0.11371564 0.14633379 0.12582945 0.13933780 0.12893396 0.13161751 0.05421237 0.17133176 0.17884058 0.13066046 0.16734182 0.13704064 0.13531684 0.09769347 0.16733699 0.17293180 0.15946777 0.08892255 0.11217184 0.13307880 0.13220030 0.06508109 0.15696917 0.18216424 0.12870748 0.10460270 0.11385879 0.28376041 0.14070295 0.14846383 0.12966311 0.13112455 0.09794744 0.23533624 0.24165174 0.19865250 0.37982330 0.28954197 0.16904247 0.14610607 0.12631142 0.13243128 0.11379180 0.12623028 0.16776534 0.10317165 0.14057303 0.13710489 0.09438386 0.13155836 0.07049991 0.15473432 0.09535999 0.13050743 0.11675927 0.10774545 0.13202187 0.16300286 0.08507031 0.11347939 0.14564097 0.14355170 0.15051671 0.09479994 0.19401892 0.16186856 0.15894294 0.13692875 0.29093739 0.29157428 0.18314088 0.11144971 0.25782755 0.09131352 0.12356392 0.12995957 0.13181507 0.05569218 0.17538667 0.24082581 0.15070776 0.20183794 0.25868257 0.20287275 0.27215791 0.17090955 0.16274819 0.26987459 0.14356284 0.12759171 0.15920339 0.18672283 0.09555511 
0.12940281 0.22030918 0.15814334 0.49184653 0.14208059 0.46243619 0.50849574 0.30881455 0.28134219 0.32677318 0.30249236 0.25958388 0.00000000 0.25924172 0.13805841 0.20892238 0.35155859 0.15801985 0.09006886 0.22458989 0.18245701 0.13786091 0.16445138 0.10425123 0.06430600 0.17138961 0.18852219 0.10837061 0.19042542 0.16524557 0.13973853 0.45326787 0.26409492 0.16734427 0.15580055 0.08348220 0.21975758 0.09971886 0.07815524 0.04628588 0.18089739 0.17442728 0.08024522 0.12537587 0.29851425 0.11082388 0.09664186 0.12030237 0.14039935 0.17525230 0.10336897 0.09934581 0.15285175 0.12131274 0.13984506 0.22491478 0.16683823 0.14890872 0.22973213 0.15392495 0.11963287 0.19085643 0.15192140 0.19321059 0.15358134 0.17281848 0.11823169 0.10166788 0.09775204 0.13300266 0.05350223 0.07597647 0.12514409 0.14159732 0.09868268 0.05433009 0.17047566 0.07969203 0.08456373 0.05556976 0.14057560 0.11607664 0.14744312 0.08932792 0.10045554 0.17970202 0.24154112 0.34174869 0.20085975 0.18532445 0.32021748 0.16275555 0.07794386 0.18572194 0.15581068 0.07317108 0.03727353 0.05607054 0.07477963 0.19069630 0.12404354 0.17252600 0.11553092 0.15957839 0.20939029 0.14446498 0.12502637 0.08659892 0.21305454 0.13200184 0.09976677 0.13710401 0.14372540 0.14746494 
0.15811507 0.19696190 0.19765821 0.18033190 0.14405199 0.15773965 0.18293648 0.22845779 0.36304866 0.16537050 0.32240709 0.35332977 0.25924172 0.00000000 0.35862019 0.23442404 0.20626607 0.27391172 0.18889915 0.06817055 0.17068896 0.16470621 0.14877062 0.15410184 0.15188263 0.20172920 0.24562081 0.15281576 0.27428464 0.18731264 0.08444555 0.11614929 0.22852982 0.20191045 0.10657082 0.32986278 0.09864797 0.07675900 0.11036852 0.11788884 0.14543831 0.15955680 0.16210142 0.19896149 0.15748350 0.17378547 0.12045254 0.15129913 0.13522935 0.11116409 0.13443173 0.11392558 0.15976896 0.11100608 0.09076231 0.20080702 0.09748745 0.15517774 0.19888793 0.20024438 0.16876722 0.23106116 0.09236691 0.16103190 0.21764837 0.13279598 0.16577304 0.17636299 0.09297442 0.13838435 0.11922907 0.17162981 0.07840508 0.14359127 0.08784103 0.12368222 0.09313574 0.14970503 0.14143252 0.13656047 0.10463467 0.09599630 0.12504794 0.20550853 0.22752014 0.22508507 0.16962432 0.18270443 0.20776108 0.10768620 0.15894995 0.15245085 0.14887092 0.13257858 0.11885145 0.09128664 0.10556174 0.13826208 0.13420962 0.07752509 0.19042488 0.20161645 0.11976939 0.16336570 0.23182855 0.18303392 0.27205708 0.14224528 0.25123755 0.12112576 0.07008112 0.20197828 0.15865996 0.13337419 
0.12869027 0.23071838 0.09632303 0.13983452 0.15094175 0.21940705 0.18278750 0.18256040 0.20883006 0.24721307 0.24420415 0.54143964 0.13805841 0.35862019 0.00000000 0.26099210 0.10069819 0.24628947 0.30386274 0.19224899 0.15429477 0.13734734 0.14755458 0.13131756 0.26507536 0.20048616 0.19306611 0.08851370 0.17520428 0.13708322 0.35988982 0.08355578 0.20317471 0.15205970 0.17266401 0.17130883 0.16009563 0.15765184 0.19938500 0.14357951 0.12583843 0.09801580 0.11968467 0.13631425 0.06754963 0.08900386 0.18156802 0.16333174 0.10492147 0.18052822 0.12020353 0.16874819 0.14496605 0.14392756 0.14795866 0.16342734 0.22112151 0.24835480 0.20701945 0.23870579 0.22622376 0.15270808 0.12968290 0.18918374 0.14172213 0.10623313 0.16459561 0.14052055 0.14324661 0.06728120 0.14952253 0.15138222 0.13881718 0.17335281 0.12194631 0.20215277 0.12651998 0.12948574 0.20367670 0.12555174 0.09610471 0.17021456 0.12587400 0.11776197 0.13097057 0.08138081 0.16858193 0.13233719 0.09293101 0.21861068 0.15601805 0.16504302 0.11385876 0.09833426 0.10985653 0.17203747 0.13291524 0.15278023 0.14942678 0.03266881 0.11905915 0.13750981 0.18589199 0.32268438 0.24224096 0.34503316 0.15447532 0.17423066 0.17394302 0.22038379 0.17177857 0.11118325 0.13643007 0.00224282 
0.14337570 0.11462382 0.14008657 0.28323034 0.08467303 0.09925616 0.18291942 0.16210635 0.18950032 0.13185167 0.18855303 0.19811671 0.20892238 0.23442404 0.26099210 0.00000000 0.14329373 0.25193344 0.23988795 0.28375943 0.14593752 0.25765698 0.25230904 0.12287991 0.22535182 0.15175681 0.16188588 0.07161686 0.09729432 0.18887439 0.26223574 0.17561851 0.14236493 0.17509365 0.09806231 0.10539989 0.19467426 0.12277438 0.15161687 0.09809970 0.06458914 0.16250831 0.10425951 0.13691997 0.19781462 0.16494604 0.17911740 0.10178805 0.14540488 0.23302504 0.25352214 0.10572977 0.08723086 0.21148064 0.17110218 0.19385927 0.23788021 0.21271216 0.18984359 0.20271372 0.24118189 0.29721550 0.14273291 0.03109991 0.26445721 0.09174732 0.15163521 0.10242692 0.10253077 0.09370086 0.13092545 0.14506382 0.16617001 0.12138060 0.11130796 0.11792281 0.11529071 0.19710428 0.10505106 0.07724182 0.13493497 0.13694466 0.13225609 0.06271170 0.15723420 0.19378303 0.27505096 0.17258320 0.15666410 0.14906685 0.12031216 0.16948085 0.30295609 0.29282210 0.10582298 0.14930199 0.11682957 0.13800172 0.08018784 0.10249988 0.20966707 0.11645539 0.20884214 0.36558645 0.20656294 0.26428530 0.19076442 0.12946951 0.33036707 0.19181599 0.08705996 0.12778432 0.11007166 0.07173956 
0.14506317 0.14572718 0.12629003 0.65194355 0.12205444 0.49747222 0.23130513 0.41779906 0.18521429 0.23150854 0.11105511 0.08680102 0.35155859 0.20626607 0.10069819 0.14329373 0.00000000 0.17562523 0.22395124 0.20995760 0.46917218 0.09570469 0.14291950 0.10302052 0.12083285 0.13668267 0.39687627 0.14300086 0.56663109 0.14099847 0.21008644 0.25099185 0.18361843 0.19617058 0.14555829 0.12207021 0.08269819 0.17461478 0.18152060 0.19525195 0.05150506 0.27841456 0.08875581 0.14039783 0.16697930 0.14772125 0.12822350 0.04723138 0.15090540 0.15478261 0.18484309 0.17919233 0.12999196 0.11360787 0.08198967 0.14592043 0.11585000 0.14987928 0.10435262 0.08980708 0.10984377 0.13055262 0.12225887 0.14757840 0.13580650 0.18770017 0.13680403 0.13033326 0.13392338 0.15881263 0.12638091 0.13977341 0.10905590 0.14277745 0.15054138 0.12303471 0.15676905 0.18893048 0.10705673 0.12501190 0.15812652 0.11169966 0.08280377 0.08277555 0.13801845 0.11490670 0.15704414 0.16826889 0.15906434 0.16374257 0.15076369 0.15764984 0.15205106 0.20624077 0.13247848 0.12319724 0.12494229 0.13618466 0.18840625 0.12987434 0.15638642 0.13647894 0.07186123 0.19561821 0.20591406 0.13531447 0.18338491 0.17073452 0.13393355 0.17018888 0.18099989 0.17069427 0.17133078 0.12451668 
0.14098274 0.11726332 0.18123715 0.04260688 0.12168822 0.15388452 0.10630218 0.18437086 0.13989247 0.14119617 0.33505355 0.15589634 0.15801985 0.27391172 0.24628947 0.25193344 0.17562523 0.00000000 0.27726901 0.14258525 0.35226955 0.56130689 0.24830920 0.22004960 0.21904507 0.21616868 0.12275081 0.19943246 0.16116481 0.19108892 0.15515695 0.15955743 0.18881751 0.19988695 0.17450281 0.15998194 0.18640380 0.16149532 0.14416429 0.25300621 0.13950226 0.23756802 0.13662410 0.14540347 0.14965354 0.11841973 0.17710509 0.18465303 0.07746351 0.14870691 0.14742939 0.11969567 0.09789541 0.04960844 0.11713102 0.14327627 0.21391318 0.19620579 0.13141238 0.22831457 0.08061033 0.10602541 0.16749173 0.13352395 0.15849566 0.17186427 0.15148841 0.15752032 0.14051543 0.16127688 0.10722509 0.19787253 0.14583348 0.08760047 0.16115932 0.15800108 0.21160466 0.15726388 0.20028774 0.12827981 0.19753956 0.11555035 0.24724283 0.15923685 0.23199118 0.10062395 0.16496885 0.13293298 0.05713132 0.11298210 0.14253805 0.13828475 0.10023267 0.07020542 0.12072218 0.14889133 0.21098154 0.25800175 0.15202081 0.13163011 0.16735251 0.14557046 0.19910980 0.13282885 0.06439216 0.18382656 0.19680485 0.18488468 0.22886332 0.15289531 0.18486198 0.16497162 0.19806676 0.23138758 
0.13364732 0.15150308 0.13344869 0.20424406 0.17773270 0.17875313 0.18612993 0.11599034 0.11840851 0.15649350 0.17186437 0.18138955 0.09006886 0.18889915 0.30386274 0.23988795 0.22395124 0.27726901 0.00000000 0.19704040 0.12367765 0.15260315 0.60512171 0.16331588 0.30912386 0.16802331 0.19911141 0.17438530 0.19869681 0.14408427 0.22680551 0.10646638 0.10775207 0.10828246 0.13705034 0.15444240 0.11529435 0.07807852 0.23003206 0.18245525 0.13705610 0.14806928 0.00000000 0.11732065 0.15352317 0.11603781 0.16344505 0.06144831 0.18195429 0.21197243 0.22064797 0.18541914 0.13742361 0.09641295 0.15447939 0.11944468 0.15427887 0.18554004 0.19856500 0.18014178 0.13549417 0.15522347 0.26288592 0.11621948 0.18335850 0.12416466 0.13814395 0.14859099 0.12103706 0.13466368 0.13149858 0.12916054 0.20599014 0.08961230 0.05684202 0.12754763 0.09494466 0.24870221 0.16290420 0.16852352 0.15007458 0.11163075 0.06585794 0.20660740 0.09486484 0.12649499 0.04703763 0.10575874 0.16091971 0.14588489 0.15066800 0.14486309 0.05730401 0.09037502 0.15516540 0.10874290 0.11740957 0.18365211 0.17231946 0.12175416 0.20821241 0.12210116 0.25298547 0.46346197 0.23250016 0.37352011 0.15511839 0.17055697 0.35749003 0.48057480 0.14859530 0.20583988 0.17701065 0.08434674 
0.09086281 0.22634951 0.10490726 0.12546160 0.14577486 0.19015172 0.14434852 0.23537323 0.18366950 0.22260743 0.18217418 0.17414657 0.22458989 0.06817055 0.19224899 0.28375943 0.20995760 0.14258525 0.19704040 0.00000000 0.17543338 0.29648171 0.23486969 0.12647395 0.25390156 0.20034297 0.17212564 0.17102291 0.20091533 0.07588533 0.18611123 0.14905719 0.09712023 0.10272227 0.17491785 0.15448581 0.15751416 0.11295216 0.14808842 0.20033320 0.17535964 0.14307842 0.17402122 0.18321444 0.09610756 0.18436932 0.08889747 0.17084455 0.14546142 0.16080151 0.17042305 0.10820304 0.11044889 0.17446394 0.12890798 0.19607996 0.16839315 0.11604422 0.19549433 0.16517712 0.18575219 0.17658820 0.18691704 0.17176308 0.17568766 0.11995355 0.16677817 0.14406066 0.12243150 0.14299394 0.13663808 0.15074079 0.09568787 0.12747606 0.11997720 0.27384098 0.16359829 0.15001164 0.09087953 0.14789320 0.14740206 0.12929348 0.22292122 0.12461465 0.14949552 0.13674158 0.13478879 0.16098675 0.17373758 0.19882342 0.29934528 0.17466220 0.15415682 0.31424643 0.17090460 0.10261642 0.18397814 0.13356255 0.10366577 0.17167732 0.17062958 0.12858849 0.21379581 0.36217903 0.14295017 0.12417783 0.16768414 0.09959975 0.16134231 0.20529461 0.17373586 0.13401941 0.17252022 0.11560003 
0.21116832 0.20946794 0.21478296 0.13337879 0.09511401 0.21684431 0.13974959 0.20732842 0.27237165 0.15609158 0.15640683 0.11899986 0.18245701 0.17068896 0.15429477 0.14593752 0.46917218 0.35226955 0.12367765 0.17543338 0.00000000 0.29061239 0.12908296 0.26085736 0.24943947 0.44786519 0.95378293 0.19926750 0.15080785 0.14780647 0.18526159 0.11012717 0.17328767 0.15128018 0.22936153 0.09700081 0.17024623 0.13908393 0.13599868 0.24013498 0.15567022 0.12182244 0.12560715 0.21637643 0.12759776 0.06993607 0.13763148 0.23454396 0.17299828 0.14526272 0.17649548 0.13302753 0.22610041 0.10171353 0.11349559 0.05969798 0.06037417 0.14148405 0.10280340 0.14196665 0.13873607 0.08615085 0.23302871 0.20488725 0.14776400 0.18302842 0.11596916 0.12605329 0.14853978 0.14051196 0.14607528 0.17580461 0.15847815 0.11171948 0.14349883 0.11219335 0.21539933 0.11567581 0.16470125 0.09722037 0.11808941 0.16625388 0.17406293 0.15735263 0.13983059 0.13408713 0.14366611 0.14985493 0.11467006 0.15948001 0.11963654 0.14874708 0.17905265 0.10747112 0.16284855 0.13436496 0.15427155 0.16702198 0.14912758 0.09189789 0.09939147 0.12824439 0.13966078 0.10827907 0.11159136 0.14156896 0.16160770 0.12642944 0.17538411 0.12998710 0.16765625 0.17887529 0.20249101 0.17746516 
0.18557642 0.19320249 0.21379144 0.17140008 0.14770483 0.15175508 0.06562969 0.09874360 0.14293492 0.08340470 0.17581010 0.11371564 0.13786091 0.16470621 0.13734734 0.25765698 0.09570469 0.56130689 0.15260315 0.29648171 0.29061239 0.00000000 0.42268315 0.23591185 0.32300539 0.23520185 0.13655519 0.26154042 0.19516739 0.09502891 0.18994897 0.09998283 0.12807553 0.15622391 0.22559819 0.10292131 0.07831698 0.19260145 0.15705703 0.16102213 0.15528798 0.10259098 0.21974166 0.20124297 0.08892610 0.18477148 0.21838561 0.17823657 0.14476194 0.14667823 0.14677295 0.13207246 0.05440232 0.12593742 0.09860483 0.07255635 0.14314674 0.11069024 0.18532223 0.14711588 0.20183652 0.08401915 0.15270086 0.25382197 0.21271398 0.18912680 0.11573691 0.13423509 0.08340693 0.14567392 0.17761890 0.18021148 0.22359356 0.10690102 0.21428206 0.15971939 0.14644147 0.21699872 0.10148522 0.21943334 0.17160397 0.07144600 0.14962355 0.16479113 0.19034633 0.13128230 0.13820176 0.18300642 0.10984730 0.11583812 0.08987307 0.15426077 0.13204584 0.12567124 0.16050000 0.17250662 0.24655643 0.26259499 0.08031885 0.12243082 0.14005234 0.24755242 0.14365593 0.12031125 0.15335645 0.24387815 0.18808140 0.18364019 0.07852703 0.20806851 0.16259678 0.16490383 0.31238518 0.28365798 
0.22244632 0.16080929 0.09299906 0.11289219 0.15298365 0.10111483 0.11393366 0.16892737 0.16044260 0.11022612 0.14591080 0.14633379 0.16445138 0.14877062 0.14755458 0.25230904 0.14291950 0.24830920 0.60512171 0.23486969 0.12908296 0.42268315 0.00000000 0.42527448 0.54072727 0.15628087 0.07472448 0.12746193 0.17430553 0.17245856 0.15044458 0.09599521 0.12420808 0.13525673 0.13261350 0.11463218 0.15886106 0.15048353 0.21656255 0.17748237 0.16282951 0.10238748 0.16150848 0.26980672 0.10072154 0.08994207 0.21653870 0.14583634 0.13597078 0.17948749 0.12561977 0.15231577 0.13784462 0.11545375 0.12082769 0.13462273 0.15934325 0.16545963 0.13076511 0.14531221 0.08691632 0.11138274 0.12433280 0.14849851 0.16082710 0.07833704 0.09147271 0.14220093 0.16023948 0.11747916 0.21775572 0.23970181 0.21371537 0.15383535 0.14427164 0.15527146 0.14892877 0.15601352 0.10857073 0.21499698 0.18496653 0.17138870 0.13332956 0.16484378 0.08882264 0.12467012 0.15157379 0.08921454 0.12964236 0.10117673 0.14982721 0.13486791 0.15654213 0.22376660 0.12518017 0.17011627 0.15247466 0.17307017 0.11762597 0.13347416 0.11846106 0.20492888 0.15826233 0.16178693 0.16232459 0.21471026 0.19020501 0.24361328 0.16258305 0.39189920 0.21599934 0.24632094 0.23641156 0.24534205 
0.19090971 0.19595759 0.13291713 0.11306650 0.14448330 0.15943036 0.09705421 0.22307634 0.10298142 0.18097457 0.11591804 0.12582945 0.10425123 0.15410184 0.13131756 0.12287991 0.10302052 0.22004960 0.16331588 0.12647395 0.26085736 0.23591185 0.42527448 0.00000000 0.30320791 0.36857188 0.23511940 0.16300998 0.14397848 0.14168559 0.06290734 0.17094049 0.20385247 0.09813389 0.34803532 0.13667540 0.11476786 0.16708629 0.19468917 0.16464640 0.17310172 0.18014558 0.25824308 0.23749961 0.14267353 0.22403791 0.24861728 0.17927664 0.08494572 0.14899579 0.13920385 0.05943766 0.13534386 0.10770244 0.10304843 0.15246429 0.21208684 0.10371975 0.08115843 0.14222244 0.08743235 0.06520312 0.16537273 0.17657507 0.17563303 0.17775995 0.14863568 0.18280646 0.13661185 0.20047586 0.19806299 0.25709811 0.07628528 0.09642626 0.20995991 0.18699118 0.17593463 0.08319686 0.24530451 0.19214340 0.14487010 0.17511917 0.14955545 0.16798468 0.12508245 0.13236465 0.11087784 0.19006982 0.13633887 0.14107111 0.18830767 0.16638591 0.19020257 0.16966656 0.11908928 0.14981291 0.23186229 0.29000097 0.20257109 0.15628316 0.15368911 0.11531730 0.11551881 0.15173244 0.16744112 0.17773868 0.12505665 0.17241172 0.12579688 0.19402496 0.22863983 0.17474341 0.18160216 0.20174414 
0.18202104 0.39805534 0.14597448 0.22316568 0.18149626 0.08809556 0.06481398 0.05082730 0.19177783 0.13995588 0.17657378 0.13933780 0.06430600 0.15188263 0.26507536 0.22535182 0.12083285 0.21904507 0.30912386 0.25390156 0.24943947 0.32300539 0.54072727 0.30320791 0.00000000 0.29563860 0.42263296 0.17568810 0.12360555 0.14811239 0.14672331 0.10689353 0.09128236 0.25729129 0.20840636 0.08463606 0.20438454 0.13256255 0.11830198 0.14087724 0.17148001 0.09963411 0.18668982 0.17036317 0.12940945 0.16946008 0.25405490 0.17993605 0.06328519 0.12599505 0.20071407 0.13653273 0.18113474 0.10981096 0.12102700 0.12773800 0.17161287 0.13778403 0.08963280 0.23151126 0.10811233 0.17234755 0.19438270 0.19012804 0.19113363 0.14386285 0.15142495 0.14197804 0.11286888 0.20108103 0.16754552 0.19366685 0.17776584 0.24672379 0.08512066 0.16710509 0.14719264 0.18358157 0.17697655 0.16073218 0.08703594 0.12846998 0.11816944 0.22622264 0.17193384 0.09398578 0.06381904 0.09967428 0.09296286 0.14606528 0.09885116 0.14188087 0.07659870 0.30833909 0.13868127 0.15683823 0.16713495 0.16568628 0.09660771 0.11776890 0.15117980 0.10642438 0.20577926 0.23274016 0.11450499 0.15680863 0.06451083 0.18352205 0.06932276 0.22266594 0.14914765 0.15086726 0.22602213 0.20529325 
0.19709880 0.17390796 0.19059380 0.15121916 0.17932238 0.16088841 0.12007505 0.14023026 0.15390723 0.17577148 0.20382602 0.12893396 0.17138961 0.20172920 0.20048616 0.15175681 0.13668267 0.21616868 0.16802331 0.20034297 0.44786519 0.23520185 0.15628087 0.36857188 0.29563860 0.00000000 0.42797910 0.29109389 0.19075770 0.08321244 0.12987126 0.12683509 0.14674784 0.13084787 0.20093799 0.10434972 0.08796364 0.18688964 0.19961078 0.25558102 0.15920308 0.13819346 0.15238093 0.24934648 0.06213363 0.15471997 0.16433770 0.22899655 0.14087098 0.13652481 0.17376565 0.09861357 0.19811890 0.07543009 0.08098326 0.11892184 0.12624589 0.19217549 0.11942119 0.13947079 0.14893116 0.08298189 0.11670977 0.17633505 0.14696285 0.19539378 0.13816728 0.18226233 0.22492182 0.15202006 0.17549145 0.18609791 0.13548612 0.12191567 0.17462457 0.23981243 0.17263763 0.06692599 0.09810723 0.22213091 0.17389147 0.04003568 0.16297998 0.24129821 0.12226584 0.17553546 0.06796302 0.11303626 0.04096116 0.14128060 0.18246924 0.15670537 0.15762768 0.23293766 0.14422212 0.16781651 0.12658007 0.23551726 0.28308379 0.16814942 0.14854990 0.05711321 0.16595675 0.06325773 0.16327001 0.19660836 0.11754775 0.11615481 0.10031220 0.20181525 0.29247951 0.21623001 0.16583556 0.31352170 
0.17140111 0.26128272 0.14737852 0.14019926 0.11371983 0.21310744 0.13018637 0.18368171 0.07193229 0.18777824 0.11676424 0.13161751 0.18852219 0.24562081 0.19306611 0.16188588 0.39687627 0.12275081 0.19911141 0.17212564 0.95378293 0.13655519 0.07472448 0.23511940 0.42263296 0.42797910 0.00000000 0.33449200 0.42633756 0.13903087 0.14540064 0.20356926 0.11058783 0.12730992 0.11318255 0.15462915 0.10956580 0.11594974 0.03125932 0.10285851 0.10724426 0.12619660 0.24815959 0.06994579 0.12861585 0.09487190 0.10113341 0.19133584 0.20431391 0.12002565 0.13439629 0.13052560 0.20005931 0.14765241 0.17586897 0.15244318 0.11432701 0.07963681 0.13788026 0.16648248 0.21114742 0.18774040 0.13690096 0.18355071 0.15019412 0.09899577 0.17644025 0.14785338 0.17560531 0.07856466 0.14549050 0.07814494 0.18320116 0.09489367 0.13223659 0.10849639 0.07722712 0.17033957 0.13113751 0.12750150 0.12742016 0.15477577 0.08570019 0.17309421 0.11723689 0.14094615 0.14443543 0.19317169 0.14021655 0.16449001 0.12371869 0.18278525 0.15769334 0.12640307 0.11794070 0.19759656 0.11939239 0.16903627 0.15954071 0.15954816 0.18290921 0.19012495 0.14333512 0.16924064 0.25422875 0.12885352 0.17009254 0.10195317 0.18295935 0.22890436 0.12796807 0.12902589 0.13694153 0.21495312 
0.25720735 0.27074070 0.59610937 0.09775174 0.17438558 0.10890013 0.09584550 0.11873570 0.16839664 0.16194800 0.18187714 0.05421237 0.10837061 0.15281576 0.08851370 0.07161686 0.14300086 0.19943246 0.17438530 0.17102291 0.19926750 0.26154042 0.12746193 0.16300998 0.17568810 0.29109389 0.33449200 0.00000000 0.21783435 0.32761073 0.13376975 0.19324441 0.09848001 0.21031765 0.38291013 0.12073461 0.15515008 0.24911151 0.15779791 0.21849979 0.18514656 0.09796280 0.15279425 0.24294229 0.07661740 0.13897363 0.25256122 0.27014267 0.10965076 0.14772322 0.16381114 0.11274422 0.11210290 0.09229226 0.13490611 0.10580074 0.18752456 0.14800730 0.08989313 0.12436949 0.06706410 0.14070202 0.16119086 0.16109807 0.09873739 0.14694368 0.12714988 0.17400660 0.20443128 0.11734349 0.24609776 0.15969417 0.18181995 0.11820325 0.17389047 0.08485322 0.26419715 0.04630677 0.16002374 0.21835165 0.10407214 0.12016029 0.23312439 0.11990562 0.16490190 0.10197574 0.12896620 0.21557985 0.08213853 0.04200720 0.15349759 0.13990966 0.20278902 0.19649156 0.16813064 0.19342104 0.22088217 0.23134813 0.17001339 0.19384914 0.16968373 0.17443809 0.12335886 0.14221928 0.12289576 0.13892425 0.27793148 0.24803858 0.12055397 0.17522500 0.13048186 0.19327153 0.20634799 0.22964350 
0.15909249 0.13260662 0.12571617 0.24297034 0.21889430 0.72578232 0.29568388 0.17872405 0.24600991 0.19649032 0.13387739 0.17133176 0.19042542 0.27428464 0.17520428 0.09729432 0.56663109 0.16116481 0.19869681 0.20091533 0.15080785 0.19516739 0.17430553 0.14397848 0.12360555 0.19075770 0.42633756 0.21783435 0.00000000 0.26140099 0.32179453 0.20690582 0.25612244 0.15458602 0.17729598 0.18896757 0.14339950 0.14266184 0.14371976 0.12731153 0.11933590 0.14912180 0.21053346 0.11973223 0.23361993 0.13902985 0.20524672 0.11881864 0.11117963 0.16800950 0.16320231 0.15205252 0.16200112 0.13383266 0.07643964 0.18738329 0.03220674 0.09831082 0.08000568 0.19740422 0.17826805 0.13484415 0.12957534 0.15123771 0.19684819 0.17640794 0.08781028 0.14917359 0.13242182 0.17454294 0.15991000 0.15067992 0.16185961 0.11612920 0.08835931 0.09617871 0.05871708 0.15748211 0.24301756 0.13103122 0.19662343 0.14946769 0.15832169 0.08725120 0.12590279 0.14671055 0.12504782 0.14225968 0.10389871 0.15212058 0.15088842 0.17045075 0.11023455 0.12550750 0.14413731 0.09606791 0.12829600 0.13799671 0.20095227 0.13104429 0.13674232 0.16126318 0.09901035 0.17183211 0.14823650 0.15783590 0.14931651 0.11158095 0.12251105 0.14585615 0.14979246 0.23081438 0.14274183 0.04868985 
0.10950913 0.14399925 0.40212461 0.15051703 0.47757361 0.20636552 0.19950437 0.13836687 0.17660421 0.16608447 0.16711243 0.17884058 0.16524557 0.18731264 0.13708322 0.18887439 0.14099847 0.19108892 0.14408427 0.07588533 0.14780647 0.09502891 0.17245856 0.14168559 0.14811239 0.08321244 0.13903087 0.32761073 0.26140099 0.00000000 0.15273215 0.17015204 0.16077103 0.18525262 0.54296739 0.44567008 0.33382088 0.21942310 0.13820975 0.13944691 0.65057659 0.20621581 0.14529759 0.21044083 0.17939738 0.06693699 0.14713108 0.15560979 0.10853270 0.21241019 0.07126549 0.24531057 0.14447970 0.11487878 0.16453576 0.12857906 0.08488625 0.05148582 0.11637479 0.13080383 0.12386332 0.20318126 0.10108418 0.16180105 0.10775308 0.07312589 0.23127228 0.14114071 0.12500797 0.10784558 0.14979513 0.05310332 0.18917451 0.17639811 0.16023120 0.19867510 0.15745078 0.08850127 0.14110867 0.17140422 0.14549681 0.17207230 0.17110382 0.16477583 0.12647281 0.15095119 0.17944592 0.16728104 0.18567653 0.15397830 0.18014192 0.15718995 0.09733889 0.17566127 0.14500002 0.09702909 0.17709046 0.06163936 0.13703482 0.15214605 0.20688913 0.16286816 0.13245090 0.13141730 0.11666256 0.06875243 0.15627258 0.14551945 0.20561856 0.10520520 0.10891681 0.09900528 0.14976415 0.12359560 
0.22255078 0.09627563 0.18774276 0.21919437 0.15265696 0.28435566 0.18674803 0.48876669 0.27104248 0.12358985 0.23374529 0.13066046 0.13973853 0.08444555 0.35988982 0.26223574 0.21008644 0.15515695 0.22680551 0.18611123 0.18526159 0.18994897 0.15044458 0.06290734 0.14672331 0.12987126 0.14540064 0.13376975 0.32179453 0.15273215 0.00000000 0.18634480 0.49718963 1.14992870 0.15147512 0.20221940 0.13917888 0.11673487 0.16685201 0.14974937 0.15282058 0.14097229 0.13684366 0.12830759 0.21689068 0.10307129 0.13638008 0.07368017 0.14673614 0.16145848 0.16263060 0.14204415 0.07956440 0.08838694 0.21960130 0.20404663 0.17220995 0.19183393 0.16537927 0.19162414 0.25818945 0.11083389 0.26975552 0.09961357 0.14667026 0.05044381 0.14035277 0.12588829 0.15424436 0.07248784 0.09973621 0.12371102 0.19094505 0.08636252 0.08603206 0.09657942 0.07862446 0.17628366 0.08422645 0.12520316 0.15672421 0.16018534 0.15457314 0.13785345 0.10909124 0.08535950 0.22625440 0.08662191 0.11792525 0.22854802 0.12627584 0.17944683 0.21249909 0.15139356 0.12876432 0.16092258 0.14224133 0.19332590 0.07682704 0.14085731 0.11488239 0.12334670 0.17147010 0.16778757 0.10133513 0.10981279 0.09102168 0.18125341 0.14090402 0.11986077 0.12347785 0.09148545 0.10026693 0.00962313 
