0.00000000 0.05472400 0.05127217 0.03956708 0.03907686 0.03691602 0.04754116 0.04548078 0.04548078 0.04548078 0.04548078 0.04082890 0.03930831 0.04746045 0.03899669 0.03954192 0.04900829 0.03883883 0.03822928 0.04007207 0.04548078 0.04548078 0.04219779 0.04412439 0.03967435 0.04582005 0.05045246 0.04166804 0.04041118 0.04213171 0.04543976 0.03564716 0.04091267 0.04244358 0.04131987 0.03742526 0.04074903 0.04197504 0.04442567 0.04106102 0.04422701 0.04349983 0.04299660 0.04552663 0.03931090 0.04627273 0.03769282 0.04285480 0.04016775 0.04586744 0.03684322 0.04329255 0.03811178 0.04096109 0.04805449 0.04189249 0.04422915 0.03586395 0.03864105 0.05216698 0.04358218 0.03865068 0.04405240 0.03586978 0.05038149 0.04146655 0.04550243 0.04782104 0.04992840 0.04207060 0.04782104 0.03833994 0.04093626 0.05116413 0.04135265 0.04054729 0.03958335 0.03591637 0.04097459 0.04494141 0.03732196 0.05335137 0.04086699 0.03828819 0.04375361 0.04564227 0.04696754 0.03904366 0.03984620 0.05377975 0.03921932 0.04911214 0.04782104 0.04240000 0.05131677 0.05637692 0.03785972 0.03839620 0.04829656 0.04115212 0.04523481 0.04279143 0.03949222 0.03915843 0.05556701 0.04143048 0.04685263 0.04340796 0.03950887 0.03793168 0.03836156 0.06310538 0.04215213 0.03973868 0.04782104 0.03887210 0.05324895 0.05285268 0.04942894 0.03915056 0.03928912 0.03892995 0.03671443 0.05338604 0.03940763 0.04693507 0.04185933 0.04509288 0.04386073 0.03828290 0.04543032 0.04201507 0.05870066 0.03957716 0.04782104 0.04100022 0.03970694 0.05086679 0.03906123 0.03917899 0.03654722 0.04156859 0.03915502 0.03756464 0.04484194 0.04515651 0.04279366 0.04561238 0.06516048 0.04782104 0.04198498 0.04064594 0.04071228 0.04004881 0.04412788 0.04053875 0.03781211 0.03915936 0.04169291 0.04146809 0.04461640 0.03665898 0.04231735 0.04219065 0.03770045 0.03931436 0.04147765 0.04297695 0.04207851 0.03618316 0.03568370 0.04002601 0.03954713 0.04405889 0.03968076 0.04356495 0.04311395 0.04288301 0.03758047 0.05624506 0.05624506 0.05624506 0.05624506 0.05624506 0.05624506 0.05624506 
0.05472400 0.00000000 0.05756792 0.04688769 0.03167690 0.03977736 0.03975409 0.04122582 0.04122582 0.04122582 0.04122582 0.06151244 0.03159113 0.04507981 0.03840855 0.03175724 0.04659786 0.03886321 0.03202707 0.03242121 0.04122582 0.04122582 0.04136196 0.03865381 0.03352951 0.04699074 0.04847697 0.03758137 0.03220063 0.04054598 0.04992639 0.03783838 0.03882353 0.04409264 0.04231967 0.03697167 0.03516970 0.04190382 0.04327170 0.04647638 0.04862559 0.03840911 0.04987981 0.05235312 0.03925247 0.05741440 0.05255004 0.04773356 0.04649527 0.05013191 0.03312916 0.04314006 0.03418641 0.04322486 0.03883965 0.03895830 0.04547370 0.04422398 0.03818378 0.04947505 0.03934584 0.02944124 0.03843843 0.04856417 0.04788876 0.04794304 0.04132309 0.04612482 0.04072647 0.03482485 0.04612482 0.04067479 0.04250547 0.04216153 0.04072574 0.04621317 0.04994450 0.04493419 0.03919374 0.04799499 0.04741054 0.04822682 0.03476693 0.03142516 0.04179883 0.04262872 0.04137929 0.03856062 0.03687297 0.05197807 0.04268173 0.06558402 0.04612482 0.03912486 0.04147701 0.06134311 0.03851201 0.03279388 0.04656912 0.04263810 0.04413731 0.04964166 0.03287869 0.03589686 0.04861054 0.03879168 0.04884311 0.03730724 0.04914100 0.03928657 0.04552607 0.05798305 0.03538922 0.03194678 0.04612482 0.03125410 0.04704229 0.06277699 0.03968856 0.03975582 0.04037816 0.04416030 0.03482760 0.04870435 0.03333698 0.04200097 0.04381103 0.04573626 0.03893682 0.03801725 0.04123491 0.04039070 0.06041763 0.04614185 0.04612482 0.03742194 0.05014275 0.05373446 0.06194594 0.05294905 0.04362865 0.04678545 0.04428138 0.04421093 0.05610220 0.03686921 0.03795698 0.03731131 0.06152813 0.04612482 0.03566657 0.04315148 0.03357336 0.03313888 0.04381165 0.03688647 0.04633934 0.03645310 0.03948846 0.04032075 0.05844483 0.03548374 0.04447191 0.04871652 0.04304718 0.04290852 0.04103765 0.04266143 0.04902547 0.04548292 0.03235609 0.04144926 0.04504653 0.04067630 0.04604339 0.05544245 0.04412935 0.04685957 0.03952987 0.05472400 0.05472400 0.05472400 0.05472400 0.05472400 0.05472400 0.05472400 
0.05127217 0.05756792 0.00000000 0.03719521 0.04588724 0.03589804 0.02796962 0.03687195 0.03687195 0.03687195 0.03687195 0.05016058 0.02528703 0.05318228 0.02766916 0.03388257 0.04983433 0.04738677 0.03926787 0.02492595 0.03687195 0.03687195 0.05171521 0.04995387 0.04695708 0.04619277 0.04092844 0.03423643 0.03913544 0.05682624 0.03061114 0.04016197 0.03847269 0.05007020 0.06209753 0.04131278 0.03667760 0.04234005 0.04598266 0.04482204 0.03221370 0.03578581 0.06101824 0.03470220 0.04620239 0.04012455 0.03711069 0.04786848 0.03872528 0.05408866 0.03491905 0.03968341 0.04260928 0.04719453 0.03821546 0.04278609 0.03655201 0.03970766 0.05520963 0.04253458 0.04325025 0.04721770 0.03124216 0.03079731 0.02603063 0.04906642 0.03536685 0.04346430 0.03293556 0.02912080 0.04346430 0.04665164 0.04071225 0.03466173 0.04843450 0.04674531 0.03172350 0.05241347 0.05277060 0.05593565 0.04929285 0.04794787 0.02926006 0.03892471 0.04400261 0.05031973 0.03610335 0.04055453 0.06217810 0.04090632 0.03919070 0.04533714 0.04346430 0.02949667 0.03228873 0.04635420 0.04605303 0.04312526 0.03463275 0.03348383 0.04530604 0.04141160 0.03948549 0.03186514 0.05074290 0.03864721 0.04290332 0.03308279 0.04867649 0.05528880 0.03965595 0.04942288 0.04050743 0.04328088 0.04346430 0.03878330 0.03054509 0.03852324 0.06100299 0.06542138 0.04504439 0.05063336 0.05038881 0.04099131 0.07230120 0.06565017 0.03914210 0.04373503 0.04729340 0.04464232 0.03344372 0.05224902 0.03674145 0.02752133 0.04346430 0.02601319 0.02096275 0.03046336 0.04423437 0.04821802 0.04613565 0.03935441 0.04901517 0.04594438 0.04547034 0.05150014 0.02915518 0.05406047 0.05559259 0.04346430 0.03321290 0.04106117 0.04962666 0.04797889 0.04504478 0.04560531 0.04986484 0.04627037 0.04896797 0.03791873 0.06143747 0.04288546 0.03485550 0.04715380 0.05651758 0.05026175 0.06120126 0.05843051 0.04585504 0.05837331 0.05043677 0.06050882 0.04622397 0.05422073 0.04461564 0.04810788 0.04733287 0.04983157 0.04971680 0.05127217 0.05127217 0.05127217 0.05127217 0.05127217 0.05127217 0.05127217 
0.03956708 0.04688769 0.03719521 0.00000000 0.06614794 0.05923658 0.04516798 0.03185400 0.03185400 0.03185400 0.03185400 0.04815994 0.04517912 0.03955904 0.05114782 0.04557602 0.04462316 0.04005851 0.03747888 0.04002889 0.03185400 0.03185400 0.04148319 0.03341805 0.02799979 0.03810714 0.03057903 0.07701004 0.04977228 0.08323003 0.07106786 0.03830054 0.03867180 0.05070069 0.05242424 0.03550726 0.04438211 0.05647822 0.04624739 0.04565131 0.03914666 0.04173220 0.03010422 0.04499160 0.03762518 0.05080019 0.04860840 0.06141419 0.05166714 0.03039451 0.03491390 0.04457250 0.06248956 0.04479607 0.05698277 0.04845423 0.02516742 0.03400845 0.04449783 0.07427730 0.06156379 0.04861995 0.02367679 0.03731689 0.04957753 0.04888088 0.04641584 0.04212418 0.04098234 0.03980985 0.04212418 0.03771255 0.06326085 0.02923876 0.03724685 0.04967478 0.06313071 0.02926102 0.03721474 0.02479153 0.04191278 0.03088663 0.06630187 0.05345304 0.06029269 0.06010500 0.11196698 0.00828894 0.05057999 0.02503312 0.05818860 0.04338651 0.04212418 0.04729406 0.03786724 0.02794354 0.03056459 0.05453315 0.04077835 0.04097361 0.03266648 0.05542096 0.03689562 0.05632400 0.05538024 0.03157010 0.03174306 0.04061957 0.04413629 0.04766609 0.04971416 0.04410634 0.03701512 0.01951130 0.04212418 0.04484000 0.05405899 0.02944167 0.04888595 0.05771119 0.04597220 0.03966983 0.02726525 0.03554826 0.04248127 0.05711057 0.04767491 0.02462126 0.03340350 0.05606761 0.04675235 0.04008520 0.03258416 0.06032398 0.04212418 0.03844890 0.04807751 0.01815723 0.03343826 0.04908605 0.05073084 0.02885622 0.04114380 0.03140958 0.04550369 0.04202400 0.04765153 0.05674836 0.03752886 0.04212418 0.03942867 0.03492582 0.04020229 0.03900567 0.02289719 0.04227095 0.06467078 0.04521734 0.04189565 0.03743431 0.05422720 0.03724144 0.05034318 0.05477755 0.04004837 0.07247264 0.04626656 0.04807275 0.05705445 0.03855760 0.04845591 0.05665552 0.05343107 0.03775201 0.03347531 0.04084865 0.07197900 0.05890822 0.04531873 0.03956708 0.03956708 0.03956708 0.03956708 0.03956708 0.03956708 0.03956708 
0.03907686 0.03167690 0.04588724 0.06614794 0.00000000 0.02951675 0.10598942 0.05276289 0.05276289 0.05276289 0.05276289 0.04831196 0.02846509 0.04678985 0.03757302 0.05527789 0.03029727 0.03152838 0.04407966 0.05005170 0.05276289 0.05276289 0.02530982 0.04548207 0.03453359 0.03459067 0.02575437 0.04358166 0.03624207 0.02837861 0.02771371 0.04061417 0.05332198 0.04848376 0.03975113 0.03698033 0.03215152 0.03569390 0.04941007 0.04656781 0.03319843 0.03385196 0.04299899 0.04379135 0.03100832 0.05728049 0.03031649 0.07411299 0.05041730 0.03536785 0.03917953 0.03794148 0.03630255 0.03822590 0.03628962 0.03555554 0.03912864 0.04079030 0.04357498 0.03640382 0.06340760 0.04378678 0.06047523 0.04073087 0.03703908 0.02880889 0.06027206 0.04318492 0.02856822 0.06668709 0.04318492 0.04385989 0.03922943 0.04748048 0.03408534 0.04116435 0.04194881 0.03013676 0.03505447 0.05200445 0.04263931 0.07801910 0.06901573 0.05002182 0.06520277 0.04828237 0.04434335 0.04523029 0.03272414 0.07444121 0.02371210 0.03614052 0.04318492 0.02785193 0.06708246 0.03058580 0.02869902 0.04936677 0.02598936 0.05531127 0.04393432 0.06842204 0.03422260 0.07393419 0.05501942 0.05358788 0.05286205 0.05812963 0.05556058 0.05671749 0.05494057 0.03343037 0.05379893 0.04587357 0.04318492 0.07882753 0.05129309 0.03986371 0.03878052 0.04435517 0.02757310 0.04013147 0.03352527 0.04553074 0.07852457 0.03937971 0.05320274 0.04771823 0.04919148 0.06489838 0.03674183 0.04438810 0.03178444 0.03798025 0.04318492 0.06470549 0.04545740 0.04484998 0.03361215 0.04177070 0.03629088 0.05149441 0.03905480 0.04221288 0.02881013 0.04961632 0.06369324 0.04156189 0.03743643 0.04318492 0.02508132 0.04550807 0.02764950 0.03139245 0.05181680 0.03535285 0.01794019 0.02745514 0.03658893 0.03424523 0.05460639 0.04807595 0.05443859 0.03218762 0.02991634 0.04439116 0.02964385 0.04555564 0.02456665 0.03068772 0.05094510 0.03639710 0.02905462 0.07425455 0.05145023 0.05223514 0.03922472 0.03909665 0.02336150 0.03907686 0.03907686 0.03907686 0.03907686 0.03907686 0.03907686 0.03907686 
0.03691602 0.03977736 0.03589804 0.05923658 0.02951675 0.00000000 0.05770226 0.04767907 0.04767907 0.04767907 0.04767907 0.03373266 0.08105524 0.06546581 0.10253989 0.07578752 0.03590842 0.03796070 0.08733124 0.02572132 0.04767907 0.04767907 0.04775522 0.03837013 0.02480275 0.02508994 0.02811636 0.04606930 0.05025490 0.04265986 0.06461335 0.04726680 0.05128824 0.05256323 0.03599427 0.04392520 0.03737170 0.04476595 0.04400410 0.03676880 0.04108796 0.05139130 0.05429879 0.01607508 0.04410653 0.03481692 0.06933504 0.03950243 0.06026894 0.05898640 0.02593595 0.07251163 0.04161587 0.04356304 0.03280079 0.03786968 0.06186747 0.02359930 0.02552394 0.05380099 0.05396477 0.07843915 0.02890848 0.04777647 0.01966210 0.06228224 0.05087894 0.04369074 0.06001899 0.03363642 0.04369074 0.03665468 0.03229645 0.05096205 0.04555148 0.03478329 0.02422595 0.04779021 0.04141546 0.01813834 0.02501124 0.02115703 0.02983263 0.05088595 0.04892141 0.06253078 0.05982471 0.05597275 0.09851823 0.03967230 0.11010151 0.04055120 0.04369074 0.02176457 0.04490312 0.01874704 0.02944338 0.07123400 0.02084458 0.03823209 0.04598027 0.03956671 0.04079826 0.05660563 0.02399128 0.05048387 0.03309710 0.04537103 0.04790534 0.03348717 0.05964161 0.03083987 0.03761574 0.04116909 0.04369074 0.03775009 0.01709540 0.03504427 0.05778396 0.04448327 0.06381359 0.03194162 0.08413007 0.04738850 0.04299834 0.02081364 0.06201986 0.02100328 0.04251681 0.05726324 0.03824385 0.06096086 0.02577676 0.02986334 0.04369074 0.05030809 0.02062277 0.04298919 0.02995751 0.03483282 0.07117109 0.03173864 0.04145323 0.02903814 0.01977214 0.05444738 0.04915374 0.04392454 0.03355574 0.04369074 0.04498949 0.07852861 0.03168664 0.02940752 0.03206728 0.02914693 0.04008556 0.03172552 0.03783272 0.01617855 0.03719041 0.03237471 0.03228738 0.04345990 0.04543627 0.03192657 0.06875449 0.06014026 0.05372592 0.04213509 0.06000479 0.04232096 0.03368299 0.05308788 0.04833538 0.04370751 0.05788898 0.04578020 0.04839472 0.03691602 0.03691602 0.03691602 0.03691602 0.03691602 0.03691602 0.03691602 
0.04754116 0.03975409 0.02796962 0.04516798 0.10598942 0.05770226 0.00000000 0.05224844 0.05224844 0.05224844 0.05224844 0.03893554 0.07061735 0.04216092 0.09165046 0.07095056 0.07709414 0.03957333 0.04697054 0.04015897 0.05224844 0.05224844 0.02385877 0.04512010 0.04062025 0.01441117 0.04181467 0.03399792 0.02104188 0.04137076 0.07074271 0.05012126 0.03572539 0.05661690 0.03866351 0.07070292 0.02063931 0.03667145 0.03435010 0.04522837 0.05878090 0.07022216 0.03960427 0.03431861 0.04169156 0.04943158 0.04057602 0.03856119 0.01704577 0.02644407 0.03413785 0.03279325 0.04322502 0.03988365 0.04495720 0.03692613 0.04088682 0.03991592 0.04792207 0.04380477 0.06202864 0.03517314 0.03260324 0.05133449 0.06239301 0.05757277 0.05305674 0.04460616 0.06866176 0.03499009 0.04460616 0.01906019 0.03619472 0.07953491 0.05217638 0.03258655 0.04757398 0.03937291 0.04716161 0.03427046 0.07654499 0.02579872 0.05536961 0.04372544 0.04445324 0.03538606 0.04203550 0.04859485 0.02968537 0.04635987 0.04938808 0.06391224 0.04460616 0.04722477 0.03648100 0.04054691 0.04660119 0.05988653 0.03454247 0.04409515 0.03642508 0.04101201 0.02870613 0.02491534 0.03913753 0.03528232 0.01999976 0.06798694 0.01182582 0.03377542 0.06202384 0.04050516 0.05354002 0.02896356 0.04460616 0.10227612 0.02845606 0.02596960 0.05659201 0.03474521 0.04643030 0.03644497 0.03947863 0.04974382 0.04857420 0.03801795 0.04722650 0.02719913 0.00891413 0.05645267 0.05762100 0.02327416 0.03453340 0.05390197 0.04460616 0.05119976 0.02495592 0.02300255 0.03106772 0.04260494 0.04089827 0.01278934 0.03699375 0.05498405 0.03036589 0.03752118 0.03753650 0.05616032 0.04994295 0.04460616 0.06040424 0.03526010 0.03173842 0.03359999 0.04646290 0.04412963 0.02121436 0.04067750 0.05133961 0.02902904 0.05311095 0.02374974 0.06945656 0.03377836 0.05921770 0.03469656 0.04111385 0.05871816 0.04381718 0.02873375 0.04111550 0.03894001 0.05076243 0.05463771 0.02589392 0.05991136 0.04462992 0.03458022 0.03078363 0.04754116 0.04754116 0.04754116 0.04754116 0.04754116 0.04754116 0.04754116 
0.04548078 0.04122582 0.03687195 0.03185400 0.05276289 0.04767907 0.05224844 0.00000000 0.06669867 0.06669867 0.06669867 0.05863346 0.05796285 0.03584288 0.03795076 0.05658871 0.03926169 0.03255157 0.05154872 0.05814570 0.06669867 0.06669867 0.04524291 0.06524464 0.05542363 0.03902936 0.04217018 0.03642433 0.03826335 0.03330414 0.05725364 0.03656526 0.03754570 0.03333428 0.03891627 0.03291658 0.04230311 0.04350820 0.04008306 0.03040461 0.04324142 0.04731910 0.03319327 0.05076802 0.04400560 0.04513180 0.04947950 0.04137456 0.04448805 0.04262911 0.04896457 0.04150188 0.04319057 0.04195509 0.04174014 0.04915111 0.04246083 0.03762443 0.03539618 0.03859005 0.04101857 0.05095895 0.04222508 0.04998979 0.03874298 0.03727420 0.04314767 0.04499305 0.03624167 0.03980064 0.04499305 0.04353118 0.03766084 0.03907013 0.04595324 0.04446210 0.04624945 0.04391020 0.03985429 0.05146952 0.04248220 0.05197184 0.04490880 0.03479654 0.04180011 0.03673679 0.04591606 0.03558689 0.04074826 0.04118938 0.04102572 0.06193421 0.04499305 0.03754558 0.04962386 0.04490438 0.03999654 0.03897952 0.05075389 0.03886816 0.03729918 0.04735471 0.04206689 0.04226122 0.04291597 0.04048344 0.05269682 0.04094832 0.03619340 0.04033945 0.03958758 0.04178551 0.03970458 0.03998348 0.04499305 0.03867715 0.04951430 0.04312783 0.03722869 0.04282013 0.04432333 0.04270238 0.03855873 0.04535608 0.03643858 0.04653030 0.04080650 0.04358741 0.03338779 0.04382001 0.04291432 0.04162413 0.03973772 0.04489513 0.04499305 0.05337027 0.03934208 0.04137819 0.04793809 0.04683843 0.03586959 0.03348097 0.03832280 0.04251708 0.05029471 0.04950491 0.03715833 0.04220792 0.04338020 0.04499305 0.04060262 0.04647992 0.05424317 0.04374831 0.04550804 0.04147936 0.04755557 0.03590352 0.03610093 0.04713857 0.04256182 0.04224057 0.03833937 0.03984542 0.04639578 0.04224030 0.03818123 0.03933826 0.03430709 0.04027766 0.04578913 0.04253678 0.03737284 0.04401560 0.04605161 0.03837566 0.04061963 0.04091166 0.03810965 0.04548078 0.04548078 0.04548078 0.04548078 0.04548078 0.04548078 0.04548078 
0.04548078 0.04122582 0.03687195 0.03185400 0.05276289 0.04767907 0.05224844 0.06669867 0.00000000 0.06669867 0.06669867 0.05863346 0.05796285 0.03584288 0.03795076 0.05658871 0.03926169 0.03255157 0.05154872 0.05814570 0.06669867 0.06669867 0.04524291 0.06524464 0.05542363 0.03902936 0.04217018 0.03642433 0.03826335 0.03330414 0.05725364 0.03656526 0.03754570 0.03333428 0.03891627 0.03291658 0.04230311 0.04350820 0.04008306 0.03040461 0.04324142 0.04731910 0.03319327 0.05076802 0.04400560 0.04513180 0.04947950 0.04137456 0.04448805 0.04262911 0.04896457 0.04150188 0.04319057 0.04195509 0.04174014 0.04915111 0.04246083 0.03762443 0.03539618 0.03859005 0.04101857 0.05095895 0.04222508 0.04998979 0.03874298 0.03727420 0.04314767 0.04499305 0.03624167 0.03980064 0.04499305 0.04353118 0.03766084 0.03907013 0.04595324 0.04446210 0.04624945 0.04391020 0.03985429 0.05146952 0.04248220 0.05197184 0.04490880 0.03479654 0.04180011 0.03673679 0.04591606 0.03558689 0.04074826 0.04118938 0.04102572 0.06193421 0.04499305 0.03754558 0.04962386 0.04490438 0.03999654 0.03897952 0.05075389 0.03886816 0.03729918 0.04735471 0.04206689 0.04226122 0.04291597 0.04048344 0.05269682 0.04094832 0.03619340 0.04033945 0.03958758 0.04178551 0.03970458 0.03998348 0.04499305 0.03867715 0.04951430 0.04312783 0.03722869 0.04282013 0.04432333 0.04270238 0.03855873 0.04535608 0.03643858 0.04653030 0.04080650 0.04358741 0.03338779 0.04382001 0.04291432 0.04162413 0.03973772 0.04489513 0.04499305 0.05337027 0.03934208 0.04137819 0.04793809 0.04683843 0.03586959 0.03348097 0.03832280 0.04251708 0.05029471 0.04950491 0.03715833 0.04220792 0.04338020 0.04499305 0.04060262 0.04647992 0.05424317 0.04374831 0.04550804 0.04147936 0.04755557 0.03590352 0.03610093 0.04713857 0.04256182 0.04224057 0.03833937 0.03984542 0.04639578 0.04224030 0.03818123 0.03933826 0.03430709 0.04027766 0.04578913 0.04253678 0.03737284 0.04401560 0.04605161 0.03837566 0.04061963 0.04091166 0.03810965 0.04548078 0.04548078 0.04548078 0.04548078 0.04548078 0.04548078 0.04548078 
0.04548078 0.04122582 0.03687195 0.03185400 0.05276289 0.04767907 0.05224844 0.06669867 0.06669867 0.00000000 0.06669867 0.05863346 0.05796285 0.03584288 0.03795076 0.05658871 0.03926169 0.03255157 0.05154872 0.05814570 0.06669867 0.06669867 0.04524291 0.06524464 0.05542363 0.03902936 0.04217018 0.03642433 0.03826335 0.03330414 0.05725364 0.03656526 0.03754570 0.03333428 0.03891627 0.03291658 0.04230311 0.04350820 0.04008306 0.03040461 0.04324142 0.04731910 0.03319327 0.05076802 0.04400560 0.04513180 0.04947950 0.04137456 0.04448805 0.04262911 0.04896457 0.04150188 0.04319057 0.04195509 0.04174014 0.04915111 0.04246083 0.03762443 0.03539618 0.03859005 0.04101857 0.05095895 0.04222508 0.04998979 0.03874298 0.03727420 0.04314767 0.04499305 0.03624167 0.03980064 0.04499305 0.04353118 0.03766084 0.03907013 0.04595324 0.04446210 0.04624945 0.04391020 0.03985429 0.05146952 0.04248220 0.05197184 0.04490880 0.03479654 0.04180011 0.03673679 0.04591606 0.03558689 0.04074826 0.04118938 0.04102572 0.06193421 0.04499305 0.03754558 0.04962386 0.04490438 0.03999654 0.03897952 0.05075389 0.03886816 0.03729918 0.04735471 0.04206689 0.04226122 0.04291597 0.04048344 0.05269682 0.04094832 0.03619340 0.04033945 0.03958758 0.04178551 0.03970458 0.03998348 0.04499305 0.03867715 0.04951430 0.04312783 0.03722869 0.04282013 0.04432333 0.04270238 0.03855873 0.04535608 0.03643858 0.04653030 0.04080650 0.04358741 0.03338779 0.04382001 0.04291432 0.04162413 0.03973772 0.04489513 0.04499305 0.05337027 0.03934208 0.04137819 0.04793809 0.04683843 0.03586959 0.03348097 0.03832280 0.04251708 0.05029471 0.04950491 0.03715833 0.04220792 0.04338020 0.04499305 0.04060262 0.04647992 0.05424317 0.04374831 0.04550804 0.04147936 0.04755557 0.03590352 0.03610093 0.04713857 0.04256182 0.04224057 0.03833937 0.03984542 0.04639578 0.04224030 0.03818123 0.03933826 0.03430709 0.04027766 0.04578913 0.04253678 0.03737284 0.04401560 0.04605161 0.03837566 0.04061963 0.04091166 0.03810965 0.04548078 0.04548078 0.04548078 0.04548078 0.04548078 0.04548078 0.04548078 
0.04548078 0.04122582 0.03687195 0.03185400 0.05276289 0.04767907 0.05224844 0.06669867 0.06669867 0.06669867 0.00000000 0.05863346 0.05796285 0.03584288 0.03795076 0.05658871 0.03926169 0.03255157 0.05154872 0.05814570 0.06669867 0.06669867 0.04524291 0.06524464 0.05542363 0.03902936 0.04217018 0.03642433 0.03826335 0.03330414 0.05725364 0.03656526 0.03754570 0.03333428 0.03891627 0.03291658 0.04230311 0.04350820 0.04008306 0.03040461 0.04324142 0.04731910 0.03319327 0.05076802 0.04400560 0.04513180 0.04947950 0.04137456 0.04448805 0.04262911 0.04896457 0.04150188 0.04319057 0.04195509 0.04174014 0.04915111 0.04246083 0.03762443 0.03539618 0.03859005 0.04101857 0.05095895 0.04222508 0.04998979 0.03874298 0.03727420 0.04314767 0.04499305 0.03624167 0.03980064 0.04499305 0.04353118 0.03766084 0.03907013 0.04595324 0.04446210 0.04624945 0.04391020 0.03985429 0.05146952 0.04248220 0.05197184 0.04490880 0.03479654 0.04180011 0.03673679 0.04591606 0.03558689 0.04074826 0.04118938 0.04102572 0.06193421 0.04499305 0.03754558 0.04962386 0.04490438 0.03999654 0.03897952 0.05075389 0.03886816 0.03729918 0.04735471 0.04206689 0.04226122 0.04291597 0.04048344 0.05269682 0.04094832 0.03619340 0.04033945 0.03958758 0.04178551 0.03970458 0.03998348 0.04499305 0.03867715 0.04951430 0.04312783 0.03722869 0.04282013 0.04432333 0.04270238 0.03855873 0.04535608 0.03643858 0.04653030 0.04080650 0.04358741 0.03338779 0.04382001 0.04291432 0.04162413 0.03973772 0.04489513 0.04499305 0.05337027 0.03934208 0.04137819 0.04793809 0.04683843 0.03586959 0.03348097 0.03832280 0.04251708 0.05029471 0.04950491 0.03715833 0.04220792 0.04338020 0.04499305 0.04060262 0.04647992 0.05424317 0.04374831 0.04550804 0.04147936 0.04755557 0.03590352 0.03610093 0.04713857 0.04256182 0.04224057 0.03833937 0.03984542 0.04639578 0.04224030 0.03818123 0.03933826 0.03430709 0.04027766 0.04578913 0.04253678 0.03737284 0.04401560 0.04605161 0.03837566 0.04061963 0.04091166 0.03810965 0.04548078 0.04548078 0.04548078 0.04548078 0.04548078 0.04548078 0.04548078 
0.04082890 0.06151244 0.05016058 0.04815994 0.04831196 0.03373266 0.03893554 0.05863346 0.05863346 0.05863346 0.05863346 0.00000000 0.07627307 0.03714160 0.03553354 0.03329581 0.04168439 0.03500122 0.03446514 0.03749381 0.05863346 0.05863346 0.03110502 0.05372419 0.03510630 0.04062037 0.03619335 0.02916890 0.02834893 0.04418095 0.03178103 0.03475377 0.03259420 0.04058937 0.04029093 0.04858830 0.04237846 0.05489751 0.03509942 0.04275950 0.04555226 0.02914406 0.04519779 0.04609242 0.03858061 0.06228884 0.04936924 0.04238276 0.04517171 0.04801624 0.07043874 0.05075394 0.04431750 0.05095372 0.05369027 0.04723017 0.05063661 0.05432174 0.02912607 0.03907117 0.03802768 0.03131252 0.03549577 0.05078891 0.02970605 0.04451117 0.07432131 0.04511548 0.04101729 0.08200717 0.04511548 0.05546066 0.02880698 0.03441913 0.03726223 0.05495521 0.04947365 0.03391373 0.03765501 0.05939221 0.04805518 0.07009329 0.03981477 0.03312200 0.03066820 0.04680885 0.04612366 0.03662681 0.03779220 0.03751963 0.03057070 0.05887667 0.04511548 0.03755773 0.02396235 0.05340166 0.04532144 0.03513571 0.04239560 0.03108546 0.03134368 0.06875753 0.04873694 0.05311484 0.02544201 0.04860432 0.04336645 0.03350046 0.05081216 0.03324661 0.03831888 0.06396220 0.06264637 0.03259374 0.04511548 0.03566156 0.04332306 0.04957500 0.03757848 0.03017551 0.04595958 0.05120114 0.02706574 0.02796127 0.02924860 0.02506927 0.03538411 0.04386717 0.04124414 0.04703569 0.03870675 0.05330257 0.05108341 0.04393960 0.04511548 0.03116948 0.04160571 0.04075142 0.07304769 0.05391401 0.03660991 0.04938983 0.04848752 0.03890723 0.05745438 0.05137342 0.03104453 0.02694819 0.03883692 0.04511548 0.03672385 0.05989130 0.05864501 0.03025421 0.04383847 0.04204129 0.05281765 0.03209518 0.02811216 0.04689680 0.04938161 0.04496459 0.05298393 0.04576140 0.03933286 0.03698511 0.03192951 0.03607231 0.04281769 0.04919736 0.03881676 0.04394438 0.04854227 0.03716116 0.04297041 0.05023539 0.05481580 0.04238919 0.03645671 0.04082890 0.04082890 0.04082890 0.04082890 0.04082890 0.04082890 0.04082890 
0.03930831 0.03159113 0.02528703 0.04517912 0.02846509 0.08105524 0.07061735 0.05796285 0.05796285 0.05796285 0.05796285 0.07627307 0.00000000 0.05786583 0.06604754 0.11005995 0.06220546 0.05488074 0.07109057 0.03187126 0.05796285 0.05796285 0.02352781 0.05170188 0.04092253 0.05748214 0.04868369 0.02968310 0.03038277 0.02583949 0.04073996 0.05584151 0.03685218 0.04303685 0.03155383 0.03134555 0.03848880 0.02971134 0.04026450 0.04664480 0.05784194 0.03834188 0.03792674 0.02313380 0.04927794 0.05596812 0.02399223 0.03750097 0.03579745 0.03192401 0.04419555 0.03340379 0.04504585 0.04347975 0.05107109 0.05362319 0.05304242 0.03956696 0.03969921 0.03730839 0.03067753 0.02653499 0.03330865 0.04097246 0.03058311 0.03779572 0.06562185 0.04557200 0.03540187 0.06827700 0.04557200 0.04828566 0.04261737 0.04823150 0.05734539 0.04112220 0.05708103 0.05144615 0.06861422 0.04899040 0.03612675 0.04039193 0.03057665 0.03768080 0.04171383 0.03350712 0.05000045 0.04844524 0.06923752 0.05030833 0.06033004 0.03372440 0.04557200 0.03444060 0.02594590 0.03437280 0.05304066 0.05705170 0.04606349 0.03419212 0.02883214 0.03615485 0.03407571 0.04018217 0.02487007 0.04511410 0.03711391 0.03377191 0.03214186 0.06238387 0.06315562 0.05728933 0.05894313 0.03171173 0.04557200 0.05857019 0.04180467 0.04629215 0.06637085 0.03804571 0.05169934 0.06882223 0.04500728 0.05484827 0.04185774 0.03203048 0.05113918 0.01950758 0.05213324 0.03756928 0.03750162 0.03967846 0.04964557 0.04515188 0.04557200 0.03758229 0.03052188 0.05760041 0.02641973 0.04337278 0.03721062 0.03539220 0.03580090 0.04041051 0.02733126 0.05346903 0.03596248 0.04405576 0.03744562 0.04557200 0.03330896 0.04007330 0.05065695 0.04333746 0.04166786 0.04056838 0.04406541 0.03703660 0.02984052 0.03575886 0.05031104 0.04094561 0.04313615 0.06599666 0.03712837 0.04544761 0.05153926 0.02533418 0.03156325 0.02627626 0.03769101 0.03668198 0.02944902 0.04801953 0.03524170 0.04409671 0.02961968 0.03408363 0.03860706 0.03930831 0.03930831 0.03930831 0.03930831 0.03930831 0.03930831 0.03930831 
0.04746045 0.04507981 0.05318228 0.03955904 0.04678985 0.06546581 0.04216092 0.03584288 0.03584288 0.03584288 0.03584288 0.03714160 0.05786583 0.00000000 0.04217249 0.05523162 0.05147825 0.03473167 0.03897957 0.04200293 0.03584288 0.03584288 0.05611553 0.04029613 0.03333771 0.03495836 0.04894980 0.03783803 0.04676792 0.02954745 0.04247042 0.04007276 0.03969541 0.07020030 0.06129654 0.05335994 0.02676272 0.05956948 0.04308404 0.04168008 0.03159511 0.07080201 0.04700937 0.02328312 0.03565865 0.03119235 0.03421785 0.03224203 0.04335779 0.04399059 0.05509649 0.06366477 0.05063653 0.04152727 0.04144446 0.02658986 0.04186270 0.07913138 0.05710008 0.04939333 0.04039224 0.04587848 0.04196329 0.05213525 0.02527063 0.07048328 0.03907740 0.04175655 0.03437578 0.03518387 0.04175655 0.02834222 0.04414872 0.04261210 0.04235438 0.03263412 0.02957367 0.03188778 0.04067686 0.03923659 0.07531511 0.03112292 0.05181366 0.03836462 0.04667034 0.07509982 0.04599855 0.04054385 0.03774470 0.02825897 0.05451220 0.02346840 0.04175655 0.02840268 0.06377082 0.03762041 0.03931968 0.04960314 0.04194325 0.05513111 0.03644341 0.03559215 0.03368731 0.04083752 0.03882405 0.04301392 0.04015233 0.04393570 0.03375132 0.04376706 0.01876196 0.04634528 0.03781042 0.03955072 0.04175655 0.03179031 0.03950587 0.04670032 0.04554650 0.03854554 0.05431129 0.03432377 0.05382660 0.03481649 0.04244373 0.05354050 0.03501652 0.04039153 0.04455074 0.03067025 0.04911562 0.05556303 0.03810104 0.04857296 0.04175655 0.05977531 0.04000790 0.04483152 0.04399392 0.03693566 0.03408308 0.03375158 0.03004311 0.07155866 0.04328189 0.05964019 0.04179729 0.06411141 0.04914514 0.04175655 0.03052970 0.06560465 0.04370645 0.04512674 0.03246573 0.05942119 0.04808069 0.06041791 0.06402637 0.03069208 0.06467334 0.04602772 0.04210443 0.04061820 0.05625208 0.07813392 0.04467543 0.03988935 0.04182144 0.05450391 0.03519520 0.01965227 0.04983275 0.05054044 0.06431670 0.04476892 0.03872173 0.03446972 0.05365399 0.04746045 0.04746045 0.04746045 0.04746045 0.04746045 0.04746045 0.04746045 
0.03899669 0.03840855 0.02766916 0.05114782 0.03757302 0.10253989 0.09165046 0.03795076 0.03795076 0.03795076 0.03795076 0.03553354 0.06604754 0.04217249 0.00000000 0.06121884 0.03667408 0.06193613 0.07450242 0.02582576 0.03795076 0.03795076 0.03377233 0.03542813 0.02461400 0.03161068 0.00942677 0.06363859 0.04312910 0.06855993 0.02810519 0.04069270 0.04896707 0.03337856 0.02478188 0.06780605 0.03586952 0.02823157 0.03741966 0.03530981 0.05054590 0.03305507 0.06338815 0.03342151 0.05607669 0.04555102 0.04170613 0.05610388 0.04058643 0.03823933 0.05658878 0.04392836 0.03572385 0.03967397 0.04457831 0.03725519 0.04374343 0.03875679 0.03137078 0.04721913 0.04165847 0.05672080 0.03742195 0.03458513 0.03470539 0.07181377 0.04101431 0.04180469 0.04673210 0.03444609 0.04180469 0.03201226 0.02011410 0.02705681 0.03691089 0.05881528 0.03984176 0.04707828 0.03062124 0.04418598 0.05694342 0.03852597 0.06419976 0.04358969 0.04905253 0.08716270 0.04910614 0.05609459 0.03098664 0.04321993 0.04640729 0.03339912 0.04180469 0.03573655 0.03972301 0.03253321 0.03666014 0.07260536 0.03228879 0.04820168 0.03486883 0.02605757 0.06322473 0.04027962 0.04059468 0.03871687 0.02440490 0.05384906 0.05021909 0.05177544 0.02801815 0.03947490 0.04544638 0.04473763 0.04180469 0.03677620 0.06953149 0.02266942 0.04852314 0.05217384 0.05416932 0.03369397 0.05679177 0.06675657 0.03263217 0.04934567 0.04778476 0.04996996 0.03550832 0.05724565 0.04455191 0.03953791 0.03306297 0.03321419 0.04180469 0.02514198 0.06552881 0.02707141 0.03711575 0.02416933 0.04242778 0.02712118 0.04544090 0.02930248 0.01613779 0.03908997 0.04568663 0.10941161 0.03871668 0.04180469 0.06610475 0.04454540 0.04017028 0.03498447 0.03112593 0.06105344 0.04363759 0.04511273 0.04969384 0.02088377 0.05861271 0.05179028 0.04587231 0.07040561 0.05793843 0.04715829 0.05867309 0.04790718 0.05577691 0.04941404 0.06393864 0.05764434 0.04063364 0.04020181 0.03212148 0.05878744 0.05118337 0.03158545 0.04179995 0.03899669 0.03899669 0.03899669 0.03899669 0.03899669 0.03899669 0.03899669 
0.03954192 0.03175724 0.03388257 0.04557602 0.05527789 0.07578752 0.07095056 0.05658871 0.05658871 0.05658871 0.05658871 0.03329581 0.11005995 0.05523162 0.06121884 0.00000000 0.06081893 0.03634592 0.06408597 0.04905756 0.05658871 0.05658871 0.02010715 0.05027077 0.05535530 0.06707614 0.04552102 0.03623618 0.04395696 0.02899885 0.04080206 0.04436978 0.05025150 0.03570760 0.02849729 0.05032455 0.03205460 0.04103331 0.02640328 0.04598258 0.04846614 0.07170189 0.04349418 0.03387270 0.05801698 0.03045224 0.03322902 0.04113549 0.04080752 0.03653125 0.02819538 0.03061517 0.03050239 0.03412927 0.04647846 0.04948887 0.05182878 0.03065277 0.04178420 0.04386752 0.04419010 0.02555512 0.05474623 0.06209243 0.02746341 0.05107310 0.03776772 0.04536994 0.03397526 0.04134876 0.04536994 0.04717939 0.05113258 0.03242635 0.05937656 0.04633500 0.02989491 0.04678574 0.05013745 0.03764710 0.03650496 0.05168298 0.06250277 0.04256898 0.05040732 0.02961603 0.04788202 0.04521635 0.06370967 0.06622014 0.04998303 0.04930611 0.04536994 0.04064589 0.03860159 0.02547553 0.02751271 0.03378728 0.03107191 0.03478477 0.03359810 0.03524527 0.03700231 0.04954335 0.04025823 0.05383151 0.04606337 0.03418197 0.03192691 0.06598251 0.04702250 0.03373438 0.03187411 0.05609741 0.04536994 0.06833587 0.04388386 0.05022320 0.07375623 0.03348917 0.05687861 0.04254243 0.03530730 0.06646466 0.05349834 0.05560673 0.03427456 0.07258660 0.03564513 0.05066485 0.03729909 0.02789978 0.03560749 0.04448974 0.04536994 0.02714878 0.03882703 0.04757761 0.02866436 0.03108320 0.04061679 0.03359752 0.02893871 0.04600614 0.02097534 0.06341894 0.03382500 0.07429300 0.03837016 0.04536994 0.05165203 0.02994268 0.03048910 0.04719955 0.04160861 0.04317767 0.02789725 0.03504035 0.04177723 0.04345030 0.02427387 0.03610493 0.05237171 0.05902184 0.02790925 0.03125999 0.04960161 0.03331733 0.03215066 0.04291279 0.04450431 0.04168843 0.03940805 0.02979475 0.03058210 0.03681525 0.05125495 0.03586583 0.04279578 0.03954192 0.03954192 0.03954192 0.03954192 0.03954192 0.03954192 0.03954192 
0.04900829 0.04659786 0.04983433 0.04462316 0.03029727 0.03590842 0.07709414 0.03926169 0.03926169 0.03926169 0.03926169 0.04168439 0.06220546 0.05147825 0.03667408 0.06081893 0.00000000 0.05069590 0.03447288 0.04271368 0.03926169 0.03926169 0.04093882 0.05251854 0.02868682 0.06178323 0.05051176 0.02756940 0.04757522 0.04175815 0.03784434 0.09366656 0.04005959 0.04242398 0.05864606 0.06573693 0.05164904 0.03056524 0.04154866 0.04303026 0.05281244 0.04737144 0.03731152 0.05734139 0.06527905 0.02422700 0.03845499 0.03574251 0.04968480 0.03881939 0.02053096 0.03610715 0.03057373 0.03760202 0.04022538 0.03457805 0.04225228 0.06671004 0.03776566 0.03107082 0.04095950 0.05145393 0.04420991 0.04969300 0.03736884 0.06468586 0.05579471 0.04212601 0.05060581 0.04397138 0.04212601 0.04072455 0.04203147 0.05851506 0.04836587 0.04675675 0.05324993 0.04922410 0.03631889 0.04232724 0.05375937 0.04722662 0.06863841 0.03672660 0.03423329 0.03915760 0.06650582 0.03736295 0.06874464 0.03955269 0.05612263 0.05800537 0.04212601 0.04985594 0.03655177 0.03213634 0.03518823 0.04629742 0.04133481 0.04023767 0.03525734 0.03665963 0.02052838 0.03498543 0.03303286 0.05466194 0.02820542 0.04409057 0.05406308 0.04354476 0.01723141 0.04383054 0.05040126 0.03319194 0.04212601 0.05287492 0.03091305 0.03951330 0.04041007 0.03775316 0.05747571 0.05753228 0.03573484 0.04999504 0.03232547 0.02691919 0.08055809 0.04942935 0.06634704 0.04269961 0.04008072 0.04306394 0.03921067 0.03616115 0.04212601 0.03792650 0.05896292 0.03392687 0.03257906 0.04542684 0.02743969 0.02319224 0.03020322 0.03167890 0.04337795 0.04986410 0.05357761 0.03181573 0.05127496 0.04212601 0.04429547 0.07740098 0.04069475 0.04999779 0.05327081 0.04194835 0.03108910 0.05132792 0.04481390 0.03955113 0.03515454 0.05648483 0.05724692 0.03903513 0.04167565 0.04076099 0.03626788 0.04581710 0.02176069 0.04249438 0.05492615 0.03574791 0.03565205 0.03294651 0.04927863 0.02263909 0.05058536 0.03620677 0.03474643 0.04900829 0.04900829 0.04900829 0.04900829 0.04900829 0.04900829 0.04900829 
0.03883883 0.03886321 0.04738677 0.04005851 0.03152838 0.03796070 0.03957333 0.03255157 0.03255157 0.03255157 0.03255157 0.03500122 0.05488074 0.03473167 0.06193613 0.03634592 0.05069590 0.00000000 0.05286556 0.03774294 0.03255157 0.03255157 0.05742037 0.03604459 0.02927742 0.05462604 0.03654766 0.06357650 0.04822385 0.04438696 0.02721481 0.06040617 0.04747698 0.05236372 0.04127645 0.06902517 0.02922122 0.06738184 0.04817604 0.05852958 0.05321918 0.05005027 0.07644600 0.03348361 0.03695791 0.04467132 0.06098633 0.05272582 0.06571858 0.06969554 0.03899198 0.04431890 0.05052504 0.05500946 0.02513473 0.05059430 0.07305557 0.05284609 0.05136622 0.04728767 0.05139902 0.04677110 0.03938788 0.03734169 0.04341781 0.02658537 0.04124981 0.04062888 0.04163878 0.04288513 0.04062888 0.05702755 0.03990468 0.07256021 0.03791431 0.04432414 0.03422936 0.04788344 0.04008768 0.03482165 0.04128265 0.02865464 0.05240063 0.05944378 0.05182142 0.04910366 0.03120663 0.03655418 0.04900240 0.03291488 0.05384736 0.02986103 0.04062888 0.05206976 0.03874907 0.04402007 0.03813408 0.04421124 0.04696044 0.03791944 0.05070412 0.04131232 0.04715908 0.04861147 0.03982777 0.06852881 0.03514093 0.06128694 0.05395316 0.05448024 0.01813083 0.03294639 0.03754810 0.02869055 0.04062888 0.05542302 0.04836804 0.04304803 0.03832181 0.04205032 0.05163562 0.04141487 0.03365745 0.04680720 0.05161526 0.02908078 0.04813842 0.04321107 0.03751736 0.06044920 0.04033415 0.04251368 0.04423205 0.04903398 0.04062888 0.05191985 0.03683422 0.01701014 0.04525800 0.04318179 0.03816123 0.05145945 0.03758098 0.04182483 0.03320913 0.03712016 0.05999710 0.03304490 0.03599394 0.04062888 0.04040039 0.05129372 0.03991444 0.03832914 0.03422424 0.04179281 0.03320286 0.08585875 0.05398880 0.02706685 0.03978984 0.04820805 0.03579307 0.04373464 0.03108052 0.03594761 0.04184242 0.03487847 0.04640319 0.06902000 0.04403469 0.06613732 0.05675465 0.04649520 0.05373049 0.04905000 0.03939425 0.03398107 0.04464536 0.03883883 0.03883883 0.03883883 0.03883883 0.03883883 0.03883883 0.03883883 
0.03822928 0.03202707 0.03926787 0.03747888 0.04407966 0.08733124 0.04697054 0.05154872 0.05154872 0.05154872 0.05154872 0.03446514 0.07109057 0.03897957 0.07450242 0.06408597 0.03447288 0.05286556 0.00000000 0.03386161 0.05154872 0.05154872 0.09640574 0.04319569 0.02787720 0.05212815 0.04465437 0.04206732 0.03536906 0.04472429 0.05394492 0.05085754 0.04588942 0.04670849 0.05462594 0.03206309 0.06073175 0.03293480 0.04660038 0.04401658 0.04066978 0.04828437 0.07503548 0.05345561 0.05125844 0.04862758 0.07236203 0.04985661 0.05876430 0.07015155 0.02693951 0.04986326 0.04415440 0.03466018 0.02951849 0.04545648 0.05399486 0.03539919 0.02689304 0.03625205 0.02328969 0.03005241 0.03101258 0.05925176 0.02780449 0.02673277 0.04875991 0.04665204 0.05209601 0.03113352 0.04665204 0.04543096 0.01683150 0.03617987 0.03076249 0.04558253 0.05650713 0.03198139 0.02152718 0.02829064 0.02837096 0.03709470 0.03976301 0.04933392 0.04336266 0.07031661 0.03714944 0.04068231 0.05988998 0.02604912 0.04728248 0.02738004 0.04665204 0.06147184 0.03186431 0.03795002 0.02768750 0.05083765 0.04607298 0.05122080 0.04899495 0.03982182 0.02157976 0.03057923 0.04775965 0.03700318 0.03498981 0.04779306 0.02007940 0.02671062 0.03823759 0.03145514 0.03368871 0.03509040 0.04665204 0.03571289 0.04137097 0.03233778 0.07365329 0.05639157 0.03585947 0.02449240 0.05668827 0.04232213 0.05791649 0.03232523 0.04992612 0.03915154 0.03198715 0.06375219 0.03396726 0.04593671 0.02894480 0.04362184 0.04665204 0.02239174 0.02508362 0.07517649 0.03541531 0.04057839 0.04041603 0.07911187 0.02977536 0.06270711 0.02648273 0.05507223 0.04043896 0.04114937 0.03495365 0.04665204 0.04415183 0.10452178 0.03193753 0.02773532 0.03900962 0.03858984 0.06055450 0.04605325 0.05579101 0.06065868 0.03158839 0.03498325 0.05093931 0.03580474 0.04639926 0.03549814 0.03117520 0.07145833 0.04453528 0.03393764 0.05274333 0.05012177 0.04677814 0.04299681 0.04105553 0.04914612 0.04739276 0.02288870 0.05921404 0.03822928 0.03822928 0.03822928 0.03822928 0.03822928 0.03822928 0.03822928 
