0.00000000 0.17117208 0.15923101 0.10778575 0.17834424 0.13089181 0.16725778 0.18140498 0.13722166 0.11914548 0.15763252 0.11865822 0.12006341 0.16093470 0.10036627 0.26010066 0.16560620 0.21740902 0.16952772 0.12200873 0.16353302 0.15163042 0.11798311 0.21840852 0.11792637 0.08599635 0.12950623 0.11776807 0.21745751 0.08420654 0.15327076 0.15138325 0.18187818 0.16695425 0.17122827 0.22753165 0.09180631 0.14869391 0.10763022 0.18855560 0.20822208 0.16542689 0.17090666 0.16152397 0.12448708 0.19180865 0.10680187 0.16315405 0.10712447 0.06904624 0.17899051 0.18140579 0.22018554 0.12726620 0.16350982 0.10966394 0.10058926 0.15880082 0.10021315 0.17725948 0.16457962 0.24805658 0.09196439 0.13894455 0.14380178 0.19392381 0.26438805 0.19105964 0.17664436 0.15900084 0.12524883 0.20008957 0.13489289 0.16001268 0.10750481 0.16439452 0.22303206 0.13291375 0.13339997 0.12920783 0.13583224 0.10203152 0.12479256 0.08916224 0.19185244 0.08855963 0.16310581 
0.17117208 0.00000000 0.18418385 0.78335084 0.15061562 0.12985856 0.19778059 0.25058588 0.13796649 0.15736677 0.20788427 0.19573248 0.15619842 0.13103035 0.16615697 0.25626035 0.27531027 0.19772145 0.20033811 0.16228416 0.12305933 0.16293372 0.10764854 0.15960824 0.07288256 0.19461998 0.09713306 0.11119358 0.15870310 0.22466196 0.19004956 0.20665531 0.15279214 0.08480126 0.10587149 0.11447140 0.10494162 0.10243516 0.09689170 0.07267400 0.14058500 0.13440812 0.09137745 0.07418357 0.02890808 0.11354812 0.07981274 0.07367180 0.05257967 0.13636941 0.09061121 0.15626855 0.16787483 0.09045270 0.09210073 0.18109374 0.10527350 0.10745429 0.27966249 0.19223254 0.17381715 0.09423587 0.07947916 0.18058058 0.20691952 0.17479426 0.05561738 0.13325866 0.30064160 0.17739144 0.19925995 0.28724738 0.16890444 0.14190171 0.16987801 0.20433103 0.13897773 0.15479988 0.11833944 0.18161444 0.09238296 0.13625333 0.11976975 0.09675996 0.07126744 0.08859715 0.14611881 
0.15923101 0.18418385 0.00000000 0.27051470 0.19880072 0.12959877 0.16478899 0.14998574 0.11678979 0.17756968 0.11346235 0.15414104 0.13388239 0.10546921 0.09820300 0.14821887 0.15858177 0.12535817 0.19104551 0.13564613 0.18488880 0.13126346 0.11245631 0.18876678 0.14170068 0.09470756 0.12722752 0.11320360 0.13765886 0.17242321 0.10584566 0.19266158 0.14801784 0.21094637 0.06919231 0.12032401 0.23737815 0.13287218 0.17211902 0.14740579 0.18915960 0.17023918 0.14662819 0.32236497 0.16547140 0.19224213 0.13511538 0.22579110 0.11934174 0.16034540 0.12898670 0.12711145 0.15298875 0.18135125 0.10691238 0.14312311 0.13408864 0.15016826 0.10237886 0.16365046 0.20504342 0.12026032 0.13048108 0.12983983 0.16816538 0.15948574 0.22616832 0.15277271 0.08582428 0.09432468 0.10669702 0.12839392 0.18384197 0.15600729 0.08747612 0.09920460 0.08840010 0.10398365 0.19987658 0.18174726 0.22004910 0.31150016 0.10050706 0.18019586 0.11936428 0.14274406 0.12548669 
0.10778575 0.78335084 0.27051470 0.00000000 0.14950040 0.14974008 0.10692077 0.14449945 0.12602461 0.14022287 0.24477028 0.17662795 0.21580920 0.10577775 0.16573982 0.14478767 0.17937436 0.20569143 0.14673150 0.25566775 0.13213722 0.11906423 0.14404664 0.14319806 0.13261163 0.15966690 0.15157331 0.10921055 0.15231267 0.09651325 0.10921847 0.07939281 0.21118987 0.13847071 0.12590811 0.11798549 0.11137767 0.10328676 0.13021284 0.09738235 0.15293115 0.08184230 0.08402455 0.17948005 0.11995252 0.10602668 0.09751031 0.14836933 0.11963080 0.13353998 0.14455542 0.08873651 0.11838487 0.09089922 0.10549171 0.17750645 0.16990515 0.09215992 0.11538617 0.12925571 0.23625235 0.17477365 0.11164656 0.24916639 0.15028511 0.16118224 0.09939219 0.19069186 0.13135337 0.12084100 0.16213722 0.13866918 0.14912525 0.16028826 0.14330056 0.13979453 0.11891032 0.07463969 0.17147227 0.14589338 0.13873775 0.20938304 0.20882777 0.15286303 0.13293077 0.13439910 0.20053947 
0.17834424 0.15061562 0.19880072 0.14950040 0.00000000 0.10489472 0.24494066 0.14579088 0.15521915 0.11627193 0.13304268 0.15236558 0.13468138 0.20478744 0.18141197 0.11161706 0.06004335 0.14868972 0.16360156 0.11191333 0.13253690 0.07566732 0.29716173 0.20679919 0.16114631 0.12367992 0.16599315 0.13460592 0.18430988 0.13672728 0.16205131 0.14110148 0.12275107 0.11661051 0.10323707 0.17577022 0.09906728 0.13935075 0.16612294 0.19930844 0.12001154 0.20033020 0.15184004 0.10692362 0.12820701 0.10205414 0.12423445 0.15152270 0.18329518 0.12105544 0.11768534 0.13704812 0.17031218 0.16623679 0.13712685 0.02782523 0.13971809 0.16953452 0.18794785 0.13557988 0.66338829 0.09358585 0.34333060 0.16044203 0.17819415 0.07058384 0.07690621 0.11080822 0.23799558 0.12586365 0.13942434 0.21418950 0.09194007 0.14102442 0.18082516 0.11934166 0.12919421 0.21549416 0.10784828 0.16950433 0.17729466 0.14910619 0.14025241 0.15966304 0.19283755 0.13466022 0.16501895 
0.13089181 0.12985856 0.12959877 0.14974008 0.10489472 0.00000000 0.19600943 0.19408288 0.12766254 0.14363423 0.15757827 0.12002212 0.14700916 0.16292206 0.09811853 0.22215384 0.16613629 0.19041142 0.16957575 0.33207155 0.36288612 0.29392768 0.07329543 0.17815280 0.20098134 0.08932441 0.14394355 0.09732713 0.15892259 0.15259588 0.11462322 0.14827305 0.12152659 0.11971727 0.13336635 0.12555376 0.11696307 0.14505934 0.26188638 0.16538958 0.11537818 0.24846603 0.11221653 0.21094370 0.22507178 0.21433413 0.21609196 0.11691115 0.18343951 0.14734641 0.19153405 0.07982036 0.12292447 0.11857758 0.13196540 0.06617352 0.03645609 0.12156792 0.23307000 0.15208668 0.14338954 0.31608357 0.17107647 0.20481454 0.13598885 0.08765842 0.11061326 0.11744237 0.14919277 0.12287843 0.16419912 0.11201990 0.11577346 0.16068375 0.14271601 0.10736811 0.06595081 0.34821203 0.08119856 0.05324448 0.14916602 0.07365646 0.14069538 0.12773290 0.07662530 0.12741604 0.10165108 
0.16725778 0.19778059 0.16478899 0.10692077 0.24494066 0.19600943 0.00000000 0.18079769 0.22445632 0.10962125 0.12096055 0.08574511 0.21631222 0.16631079 0.16271227 0.14724772 0.10655747 0.21837036 0.17842052 0.17338457 0.22873562 0.14929855 0.13426962 0.18166621 0.10333887 0.16134009 0.11451848 0.09656799 0.07902060 0.09295514 0.15784366 0.11630373 0.10599550 0.16842843 0.14117695 0.14893033 0.14499186 0.15614920 0.17106594 0.10927218 0.19558919 0.17964480 0.12401767 0.14810125 0.16744627 0.13652049 0.16840907 0.19225876 0.17931775 0.12228200 0.24063368 0.13938495 0.14391309 0.21243674 0.18732278 0.10715377 0.21381473 0.10527353 0.14298996 0.16040752 0.30281280 0.24760552 0.10637600 0.11030132 0.14339912 0.18404109 0.15330114 0.19847321 0.14247549 0.21722928 0.17800134 0.22432674 0.25885535 0.13109401 0.13090892 0.09742710 0.19372887 0.03974459 0.16200713 0.03943178 0.06122008 0.22328417 0.07853755 0.14290378 0.12877184 0.12240648 0.14176700 
0.18140498 0.25058588 0.14998574 0.14449945 0.14579088 0.19408288 0.18079769 0.00000000 0.08652518 0.10217110 0.27955361 0.23622111 0.15688265 0.16303726 0.11261225 0.14780644 0.11779068 0.16818893 0.17520724 0.18586167 0.15711728 0.05998204 0.16323040 0.21573289 0.18273041 0.06615326 0.11705047 0.11702983 0.19706736 0.20540890 0.11055793 0.19980953 0.15872776 0.10023391 0.23518091 0.16396800 0.13585909 0.20388842 0.28885178 0.12060673 0.14030141 0.13695853 0.20693967 0.20788591 0.13737995 0.19401229 0.14251443 0.11204132 0.22734514 0.08689780 0.13108077 0.15746037 0.09528840 0.10873584 0.13608411 0.23316929 0.11398826 0.07529683 0.14933715 0.22073818 0.22097528 0.12316510 0.20826371 0.12101132 0.12847981 0.07925063 0.07392253 0.15540796 0.13020888 0.16596367 0.11783246 0.16374784 0.15140269 0.15184497 0.11885383 0.18982508 0.16743598 0.17678372 0.09137799 0.14829953 0.08472542 0.17124271 0.12234153 0.07860926 0.08703729 0.10194893 0.13203106 
0.13722166 0.13796649 0.11678979 0.12602461 0.15521915 0.12766254 0.22445632 0.08652518 0.00000000 0.20331601 0.16968552 0.15865003 0.13691606 0.10412414 0.12761325 0.14969154 0.21330924 0.08941173 0.12150809 0.15426039 0.52584121 0.17005072 0.10783096 0.23520700 0.18783036 0.12151173 0.34691565 0.17947356 0.10977900 0.20326928 0.04435869 0.19675980 0.19969573 0.08335853 0.11304946 0.17760726 0.17703407 0.16736237 0.14531266 0.13510759 0.12475469 0.18284296 0.19129782 0.13144904 0.14506494 0.13763743 0.15341835 0.12689383 0.18700282 0.17360802 0.16064493 0.17637285 0.13830073 0.08158890 0.06260963 0.11456521 0.17086625 0.22679687 0.18132774 0.18609637 0.12692329 0.23135598 0.21314682 0.18118398 0.14934697 0.29942390 0.12533023 0.13602321 0.11017226 0.10352172 0.16852305 0.17871864 0.17369197 0.13703396 0.12853811 0.22668827 0.10218427 0.09137229 0.16667669 0.16001830 0.06758504 0.11844858 0.17585697 0.15672128 0.19175424 0.17743928 0.07068857 
0.11914548 0.15736677 0.17756968 0.14022287 0.11627193 0.14363423 0.10962125 0.10217110 0.20331601 0.00000000 0.14488565 0.14262421 0.20639545 0.25934575 0.14975326 0.18181501 0.10348129 0.13864917 0.16264264 0.07820479 0.10703320 0.14505651 0.14794791 0.12510550 0.18610757 0.14756825 0.65271917 0.13075210 0.15396698 0.05412975 0.17658671 0.10256368 0.10557483 0.16176290 0.23364310 0.21029394 0.17820231 0.13495683 0.18098418 0.13264418 0.08168024 0.10569279 0.13968141 0.11665758 0.12283227 0.11355627 0.05783828 0.07789879 0.08894538 0.20541598 0.13695998 0.11710389 0.04620245 0.12594528 0.12448292 0.13706839 0.18870134 0.29868424 0.11355210 0.21125706 0.16097944 0.18030200 0.14998601 0.11303137 0.10563387 0.09916034 0.13362118 0.11498424 0.14143024 0.16949629 0.15172307 0.18724385 0.14228816 0.14761206 0.14462143 0.23391144 0.13876966 0.22603459 0.15860466 0.18766495 0.21284185 0.12784297 0.16643686 0.17219983 0.21619860 0.28877573 0.09439601 
0.15763252 0.20788427 0.11346235 0.24477028 0.13304268 0.15757827 0.12096055 0.27955361 0.16968552 0.14488565 0.00000000 0.28447619 0.19445713 0.26049908 0.16650413 0.13486903 0.12089327 0.24372389 0.19805796 0.18255171 0.21769386 0.12297083 0.15475373 0.09928208 0.09534355 0.25383609 0.18240027 0.11899794 0.11509854 0.13493982 0.15645158 0.17999632 0.12409402 0.13178028 0.10699749 0.05278918 0.11120253 0.16985024 0.11680770 0.16607788 0.14220278 0.09359500 0.13274635 0.12137783 0.18895195 0.14534577 0.17977614 0.13495053 0.13737047 0.15186448 0.10263508 0.21133772 0.09283064 0.11566407 0.19488801 0.21984938 0.14880226 0.23960055 0.17378386 0.20028520 0.17405702 0.10777266 0.07802177 0.17006187 0.16885956 0.16367577 0.24383112 0.27536538 0.10749652 0.12053511 0.15575552 0.13291316 0.08177388 0.14989724 0.19830530 0.12581691 0.11175833 0.15601553 0.12182792 0.09914187 0.12143635 0.05314317 0.04695538 0.10795112 0.12558091 0.09435251 0.23291717 
0.11865822 0.19573248 0.15414104 0.17662795 0.15236558 0.12002212 0.08574511 0.23622111 0.15865003 0.14262421 0.28447619 0.00000000 0.34289554 0.25760548 0.48371596 0.13551750 0.19474641 0.13376432 0.14024078 0.10874702 0.10849179 0.23387881 0.12321514 0.20686018 0.13062387 0.15914453 0.18502544 0.18748836 0.18924795 0.20635058 0.26594224 0.10299743 0.18151178 0.15823773 0.13963109 0.14747197 0.07296804 0.09054938 0.21607679 0.11274631 0.14245487 0.08514047 0.03882968 0.14831730 0.04885576 0.11309575 0.08898868 0.06284857 0.13671666 0.12258267 0.08504192 0.16156798 0.15904254 0.08389987 0.12094695 0.11982178 0.07767138 0.14894887 0.12227973 0.15533836 0.09772767 0.13922382 0.19697783 0.14163027 0.15082464 0.14279973 0.09735758 0.18483473 0.14476606 0.15443119 0.18617480 0.16525365 0.14032251 0.14489081 0.19478557 0.23185853 0.35945975 0.11461135 0.13575660 0.16677598 0.17366187 0.18854242 0.08317223 0.11202399 0.09426964 0.16139309 0.15136392 
0.12006341 0.15619842 0.13388239 0.21580920 0.13468138 0.14700916 0.21631222 0.15688265 0.13691606 0.20639545 0.19445713 0.34289554 0.00000000 0.20995786 0.12204123 0.11137092 0.15591612 0.10677504 0.22342367 0.11582438 0.13539214 0.10124080 0.17034078 0.22984878 0.14569493 0.23042551 0.11946259 0.15320464 0.11032321 0.16906492 0.16972040 0.19411909 0.15934354 0.18989190 0.18477490 0.13713969 0.20868220 0.15417635 0.12611552 0.09277370 0.14649414 0.14844813 0.12001254 0.12480835 0.12234566 0.11102990 0.10589467 0.12451706 0.09151628 0.10273352 0.12581165 0.16146332 0.14259374 0.17851624 0.10461163 0.17056317 0.10909196 0.15765729 0.15932719 0.13582834 0.14436462 0.10816715 0.17999028 0.11320078 0.11615870 0.12632784 0.13081893 0.26920469 0.13441465 0.12171688 0.22031907 0.11982851 0.12821646 0.13902425 0.28188542 0.09050881 0.14046847 0.17656412 0.14727738 0.13704192 0.22346411 0.12134138 0.21872342 0.21181578 0.13405221 0.10738109 0.18088070 
0.16093470 0.13103035 0.10546921 0.10577775 0.20478744 0.16292206 0.16631079 0.16303726 0.10412414 0.25934575 0.26049908 0.25760548 0.20995786 0.00000000 0.28197203 0.13711561 0.18682039 0.26399113 0.16181263 0.15419589 0.10710047 0.27249454 0.26206236 0.19546650 0.19442870 0.25724885 0.23188261 0.17042407 0.15871263 0.19521474 0.19439099 0.06845786 0.15969970 0.14030018 0.12092781 0.06394208 0.11255970 0.12880633 0.14163129 0.14707856 0.03003431 0.06183151 0.00000000 0.06826625 0.08410479 0.08300526 0.11188042 0.08774755 0.10650184 0.07115499 0.14060181 0.18220251 0.05940786 0.14093381 0.12448972 0.27180297 0.17379528 0.18801823 0.21122368 0.30718233 0.08077563 0.17054705 0.11926825 0.09265068 0.19126788 0.11365290 0.13878245 0.16943694 0.11804471 0.16098892 0.10136730 0.20368134 0.23604889 0.14266148 0.19549769 0.08726342 0.22623775 0.07729627 0.09078906 0.09566802 0.10745331 0.13855805 0.09861606 0.13625891 0.26734396 0.14341032 0.19402446 
0.10036627 0.16615697 0.09820300 0.16573982 0.18141197 0.09811853 0.16271227 0.11261225 0.12761325 0.14975326 0.16650413 0.48371596 0.12204123 0.28197203 0.00000000 0.14905630 0.25441144 0.19022082 0.17043588 0.05177480 0.19623317 0.13933555 0.20858035 0.07239364 0.17890618 0.19610047 0.18314113 0.25155441 0.19504724 0.18101637 0.31746769 0.21647015 0.27983046 0.16811258 0.10637464 0.07744466 0.14690514 0.07075354 0.15186547 0.20350856 0.11112097 0.11565522 0.14087837 0.09223783 0.10374083 0.05364067 0.10833139 0.13463866 0.09405240 0.16384414 0.11821879 0.13517233 0.12395527 0.11671848 0.08519495 0.11442321 0.13808736 0.13796378 0.12941018 0.11495525 0.12038840 0.04190860 0.06144614 0.16016231 0.15934340 0.09332335 0.13150754 0.14393982 0.24588831 0.16492433 0.13573678 0.16286043 0.14596764 0.15975616 0.17262158 0.24570335 0.34751370 0.06718799 0.08140788 0.17788817 0.25152722 0.08177040 0.11118949 0.12132082 0.20969063 0.11177736 0.17031688 
0.26010066 0.25626035 0.14821887 0.14478767 0.11161706 0.22215384 0.14724772 0.14780644 0.14969154 0.18181501 0.13486903 0.13551750 0.11137092 0.13711561 0.14905630 0.00000000 0.15483705 0.21000643 0.14832444 0.08368345 0.18894672 0.10933696 0.11798428 0.18926721 0.11323466 0.14481125 0.14623821 0.11139619 0.21395299 0.11851855 0.10648801 0.20351076 0.26877200 0.19358299 0.21868604 0.23217669 0.11802914 0.08926618 0.11593884 0.08477832 0.09499141 0.11119952 0.07164408 0.11596521 0.13084534 0.13839566 0.09092170 0.11108513 0.09232625 0.15514240 0.21114619 0.12404038 0.29042933 0.20843644 0.18601929 0.13612101 0.14297035 0.15947404 0.13344119 0.23339474 0.06626603 0.17422246 0.19613800 0.14164610 0.16649457 0.11602023 0.23246826 0.11898950 0.11974434 0.17054767 0.20316286 0.16750512 0.18441375 0.13934850 0.11704796 0.10750876 0.12537192 0.15563094 0.11743241 0.23477896 0.23975762 0.26038188 0.12782729 0.07205278 0.23539862 0.15011438 0.13296367 
0.16560620 0.27531027 0.15858177 0.17937436 0.06004335 0.16613629 0.10655747 0.11779068 0.21330924 0.10348129 0.12089327 0.19474641 0.15591612 0.18682039 0.25441144 0.15483705 0.00000000 0.15471512 0.19256776 0.25950306 0.10852872 0.11899559 0.11098469 0.12704278 0.12324078 0.14608689 0.11866511 0.12685708 0.20714785 0.20175555 0.18814995 0.17362583 0.14507062 0.16843531 0.18958912 0.22318372 0.19038500 0.10450285 0.19982248 0.11466375 0.06547819 0.05159482 0.06662372 0.03874885 0.05864682 0.07925424 0.08762790 0.02622420 0.05158442 0.06542215 0.17470293 0.15339120 0.20003114 0.20992080 0.10685377 0.11374105 0.19757385 0.10528597 0.13553592 0.10927394 0.23590479 0.10109258 0.18727157 0.14470238 0.21282217 0.16050358 0.22319284 0.18613807 0.13534043 0.11477972 0.21204277 0.19858617 0.20226884 0.15499157 0.10608101 0.20387464 0.16154706 0.06631715 0.14947232 0.22326272 0.12816889 0.11710553 0.12996375 0.18149753 0.24285944 0.33597857 0.18359636 
0.21740902 0.19772145 0.12535817 0.20569143 0.14868972 0.19041142 0.21837036 0.16818893 0.08941173 0.13864917 0.24372389 0.13376432 0.10677504 0.26399113 0.19022082 0.21000643 0.15471512 0.00000000 0.17968190 0.16252152 0.12023961 0.19440716 0.11756479 0.10567187 0.15786877 0.11276517 0.15339290 0.09196880 0.22720113 0.18922174 0.17629032 0.27923849 0.15842296 0.13942029 0.15962759 0.12181527 0.14609137 0.14911061 0.08727022 0.11581901 0.12088824 0.11962962 0.18388345 0.07446372 0.11495950 0.13535458 0.13787518 0.08929080 0.09130972 0.13101654 0.16359253 0.31362497 0.08164406 0.11084605 0.18332822 0.23509967 0.10404643 0.13000747 0.09629290 0.17899128 0.12023002 0.20079379 0.09641640 0.15148975 0.13910014 0.12218826 0.16272635 0.10015607 0.15040004 0.15849662 0.13522707 0.26055383 0.16744392 0.15376088 0.14484886 0.15222962 0.09998042 0.11305210 0.18028492 0.07697151 0.17751474 0.15630344 0.08039544 0.16073775 0.25512361 0.09415853 0.17572237 
0.16952772 0.20033811 0.19104551 0.14673150 0.16360156 0.16957575 0.17842052 0.17520724 0.12150809 0.16264264 0.19805796 0.14024078 0.22342367 0.16181263 0.17043588 0.14832444 0.19256776 0.17968190 0.00000000 0.21664111 0.13580861 0.16471768 0.18041527 0.11836544 0.15178235 0.12416397 0.13988565 0.14291711 0.17878746 0.17501315 0.09891538 0.11835442 0.12744162 0.13411897 0.11576328 0.13209784 0.16664300 0.13747694 0.13796139 0.13824210 0.18302005 0.14733365 0.12969694 0.12775538 0.12984380 0.13515249 0.16936973 0.15303292 0.15971754 0.13587182 0.14878993 0.14991756 0.11905669 0.12093641 0.12241036 0.12857018 0.13081677 0.12098700 0.16400290 0.13415681 0.12443986 0.15360767 0.12458978 0.14269802 0.15905274 0.15229116 0.14493185 0.13961402 0.13453512 0.13251629 0.11598878 0.15864403 0.19465889 0.16953709 0.12412673 0.14468188 0.17424053 0.13828928 0.16165973 0.11506449 0.14882555 0.13037282 0.20153737 0.16724974 0.14292777 0.17033792 0.13389080 
0.12200873 0.16228416 0.13564613 0.25566775 0.11191333 0.33207155 0.17338457 0.18586167 0.15426039 0.07820479 0.18255171 0.10874702 0.11582438 0.15419589 0.05177480 0.08368345 0.25950306 0.16252152 0.21664111 0.00000000 0.14971080 0.25850678 0.20203759 0.21265375 0.06677666 0.10659548 0.05915841 0.12365982 0.11690135 0.30972883 0.16345422 0.13067564 0.07275527 0.13493698 0.08757455 0.10015355 0.06228794 0.21499286 0.08574849 0.13332521 0.12332902 0.18240136 0.32414061 0.15206763 0.12176979 0.17731710 0.17352800 0.16321356 0.16046515 0.24199241 0.10983280 0.16459808 0.15698474 0.08865720 0.13611254 0.15092486 0.20569902 0.17134131 0.22816876 0.15695004 0.07736230 0.25630250 0.13351525 0.15643646 0.19427531 0.10707994 0.23022790 0.09351078 0.12200754 0.16342151 0.06492328 0.15500519 0.22626630 0.15852681 0.16315576 0.13134294 0.07290629 0.29124424 0.08518200 0.17892058 0.13126935 0.21088687 0.11548815 0.07688956 0.05564026 0.10597163 0.12389253 
0.16353302 0.12305933 0.18488880 0.13213722 0.13253690 0.36288612 0.22873562 0.15711728 0.52584121 0.10703320 0.21769386 0.10849179 0.13539214 0.10710047 0.19623317 0.18894672 0.10852872 0.12023961 0.13580861 0.14971080 0.00000000 0.17701318 0.37128879 0.17891478 0.18830181 0.16193639 0.34141035 0.20222636 0.15279501 0.13294962 0.11817725 0.14485387 0.15262988 0.13192279 0.14391131 0.19906313 0.11045673 0.14381480 0.12279632 0.13253738 0.16779808 0.17076058 0.21015214 0.10534294 0.14320297 0.18490793 0.11049467 0.14330249 0.18215918 0.16268008 0.13986392 0.12628160 0.18422940 0.11391512 0.17221313 0.07776755 0.20442089 0.06990835 0.17954935 0.12665416 0.08198585 0.09628741 0.11243743 0.10076493 0.13918778 0.08568064 0.10323809 0.16723800 0.10728205 0.09924095 0.13584118 0.18714829 0.16316151 0.14183377 0.23246501 0.12669725 0.18267266 0.10066000 0.09655036 0.12332625 0.05324383 0.05433386 0.20082954 0.09881556 0.11074548 0.09612914 0.15008763 
0.15163042 0.16293372 0.13126346 0.11906423 0.07566732 0.29392768 0.14929855 0.05998204 0.17005072 0.14505651 0.12297083 0.23387881 0.10124080 0.27249454 0.13933555 0.10933696 0.11899559 0.19440716 0.16471768 0.25850678 0.17701318 0.00000000 0.14890073 0.28730532 0.16558108 0.18035754 0.28276448 0.38103461 0.24558183 0.19143431 0.20390060 0.10990716 0.15651915 0.20247866 0.10354286 0.19915137 0.06162694 0.13621793 0.20777405 0.15201442 0.16768677 0.12556224 0.13322241 0.13877329 0.16241928 0.12667504 0.15420188 0.08604280 0.11682871 0.11567367 0.11026486 0.12103762 0.12525505 0.08062207 0.08839140 0.14251725 0.20617262 0.05168610 0.17337954 0.16837811 0.13071344 0.03114992 0.03837378 0.15923090 0.13838121 0.16376742 0.10813196 0.13043572 0.12479673 0.14655292 0.13082639 0.19317895 0.10431709 0.14015959 0.19975050 0.22169201 0.19946055 0.14516842 0.18604492 0.15314301 0.17633130 0.11201719 0.10955592 0.17823527 0.16025939 0.12848617 0.13645734 
0.11798311 0.10764854 0.11245631 0.14404664 0.29716173 0.07329543 0.13426962 0.16323040 0.10783096 0.14794791 0.15475373 0.12321514 0.17034078 0.26206236 0.20858035 0.11798428 0.11098469 0.11756479 0.18041527 0.20203759 0.37128879 0.14890073 0.00000000 0.16462148 0.20168166 0.35115116 0.12765581 0.25814286 0.15504159 0.22013161 0.11907893 0.08071578 0.09348680 0.15964713 0.17484779 0.13363677 0.17104547 0.12664233 0.13820050 0.15575715 0.14474079 0.15106402 0.13519420 0.11641717 0.13312776 0.08995039 0.11833396 0.06783930 0.06247016 0.04842863 0.13696344 0.13995682 0.10820859 0.15682483 0.13254378 0.13670591 0.18300925 0.14493890 0.17008405 0.12438152 0.15639241 0.14551686 0.17297981 0.09633459 0.15288179 0.15768456 0.10815975 0.18594539 0.13346281 0.14690761 0.19069725 0.15104621 0.14436177 0.15721526 0.31282691 0.10902139 0.15354592 0.12170114 0.19312822 0.11617366 0.14683461 0.11532198 0.19611757 0.13908080 0.16227562 0.11917301 0.19704706 
0.21840852 0.15960824 0.18876678 0.14319806 0.20679919 0.17815280 0.18166621 0.21573289 0.23520700 0.12510550 0.09928208 0.20686018 0.22984878 0.19546650 0.07239364 0.18926721 0.12704278 0.10567187 0.11836544 0.21265375 0.17891478 0.28730532 0.16462148 0.00000000 0.27894436 0.17097531 0.14280729 0.24296170 0.15811928 0.11320216 0.16399577 0.16454490 0.11508313 0.15613147 0.13432773 0.10314634 0.19971434 0.29644971 0.17348927 0.17360625 0.13440976 0.13858219 0.16334999 0.14684863 0.17260684 0.14284097 0.14488758 0.15806163 0.08982538 0.14602362 0.12584236 0.10802263 0.10731317 0.14980134 0.16339069 0.17015033 0.18901592 0.08175907 0.15312523 0.20403684 0.09807967 0.14922954 0.13618747 0.15126198 0.13487311 0.05841022 0.13351580 0.10622501 0.19515223 0.18871789 0.15899972 0.10591491 0.13246054 0.12839841 0.14372127 0.25625310 0.14703132 0.13850854 0.13010682 0.18050851 0.09459120 0.17742429 0.21743519 0.11627563 0.16162424 0.08940758 0.14445081 
0.11792637 0.07288256 0.14170068 0.13261163 0.16114631 0.20098134 0.10333887 0.18273041 0.18783036 0.18610757 0.09534355 0.13062387 0.14569493 0.19442870 0.17890618 0.11323466 0.12324078 0.15786877 0.15178235 0.06677666 0.18830181 0.16558108 0.20168166 0.27894436 0.00000000 0.20141822 0.18563153 0.09036738 0.15973538 0.15843709 0.10463037 0.12654494 0.19861380 0.16719602 0.12248307 0.17143044 0.17138243 0.16823607 0.16444572 0.20038379 0.14402041 0.22320596 0.15504497 0.15761068 0.12203448 0.16261195 0.19448758 0.20140614 0.11718755 0.16739347 0.14448239 0.16017490 0.12541441 0.22165927 0.11812159 0.26839319 0.13403183 0.17554500 0.16920704 0.08461472 0.22407566 0.08653336 0.12684102 0.14054702 0.15596271 0.19119288 0.07497826 0.19072186 0.30509190 0.26011598 0.12369145 0.15040572 0.21209817 0.14144377 0.16389456 0.10091501 0.17435149 0.10202540 0.10536758 0.17978407 0.16936307 0.12301776 0.12006454 0.05362347 0.10973996 0.16572822 0.16482771 
0.08599635 0.19461998 0.09470756 0.15966690 0.12367992 0.08932441 0.16134009 0.06615326 0.12151173 0.14756825 0.25383609 0.15914453 0.23042551 0.25724885 0.19610047 0.14481125 0.14608689 0.11276517 0.12416397 0.10659548 0.16193639 0.18035754 0.35115116 0.17097531 0.20141822 0.00000000 0.35269461 0.25502258 0.21392846 0.27380043 0.07925904 0.11699754 0.14919403 0.13306428 0.15331066 0.18977578 0.13321069 0.22084131 0.12687211 0.13397830 0.13762348 0.06902157 0.16910961 0.09325668 0.11568155 0.16101874 0.12406100 0.12187647 0.02275486 0.08610062 0.10014421 0.18183755 0.02080287 0.09820677 0.12436838 0.11177989 0.13732254 0.15651171 0.11513574 0.10677504 0.07392643 0.16389278 0.12257198 0.13939296 0.21912676 0.17541570 0.09484225 0.23630791 0.22049811 0.11357490 0.08056198 0.17356579 0.10508166 0.14110871 0.31122661 0.36645694 0.18700472 0.23926215 0.16571139 0.14630391 0.18915824 0.03100452 0.14890366 0.08157426 0.18371868 0.16756799 0.20139101 
0.12950623 0.09713306 0.12722752 0.15157331 0.16599315 0.14394355 0.11451848 0.11705047 0.34691565 0.65271917 0.18240027 0.18502544 0.11946259 0.23188261 0.18314113 0.14623821 0.11866511 0.15339290 0.13988565 0.05915841 0.34141035 0.28276448 0.12765581 0.14280729 0.18563153 0.35269461 0.00000000 0.09940141 0.17175803 0.12961862 0.22135935 0.14841183 0.20286123 0.14348497 0.13317047 0.16653540 0.12334196 0.04365003 0.11928090 0.08695593 0.09894397 0.07488789 0.08244129 0.07351285 0.19440874 0.11277411 0.08059920 0.11291122 0.10033175 0.11480137 0.12635397 0.12968227 0.14184685 0.11980412 0.08652986 0.21366934 0.15280191 0.25937416 0.09807451 0.10610059 0.09071871 0.15530506 0.15373520 0.17661474 0.09990894 0.13351038 0.18445390 0.19149840 0.12030914 0.15850888 0.15814444 0.15894289 0.15741325 0.14563001 0.25814581 0.12744761 0.22646585 0.16811692 0.14309943 0.17126808 0.15847229 0.08388064 0.08124415 0.07062361 0.16877478 0.25317867 0.21555765 
0.11776807 0.11119358 0.11320360 0.10921055 0.13460592 0.09732713 0.09656799 0.11702983 0.17947356 0.13075210 0.11899794 0.18748836 0.15320464 0.17042407 0.25155441 0.11139619 0.12685708 0.09196880 0.14291711 0.12365982 0.20222636 0.38103461 0.25814286 0.24296170 0.09036738 0.25502258 0.09940141 0.00000000 0.15401401 0.23004935 0.14436814 0.13684648 0.12624093 0.21984600 0.13081905 0.15364059 0.13811031 0.13736957 0.14881086 0.11242902 0.12747492 0.08912835 0.16877610 0.07063175 0.11606401 0.14606909 0.15551383 0.22888683 0.15794390 0.10274426 0.10749670 0.12006728 0.19358380 0.12916831 0.17341567 0.08980141 0.18918583 0.05510592 0.07543652 0.13885967 0.07422764 0.08878581 0.15467862 0.13301152 0.13002816 0.16025187 0.21712751 0.08944838 0.08093819 0.04342766 0.17471441 0.16322324 0.08201504 0.15696490 0.18933880 0.12453319 0.26513896 0.73857640 0.10258870 0.19375448 0.17718373 0.18136797 0.04116755 0.19251461 0.11423625 0.19845595 0.18822766 
0.21745751 0.15870310 0.13765886 0.15231267 0.18430988 0.15892259 0.07902060 0.19706736 0.10977900 0.15396698 0.11509854 0.18924795 0.11032321 0.15871263 0.19504724 0.21395299 0.20714785 0.22720113 0.17878746 0.11690135 0.15279501 0.24558183 0.15504159 0.15811928 0.15973538 0.21392846 0.17175803 0.15401401 0.00000000 0.20289142 0.31785479 0.16108826 0.12216557 0.31328628 0.19776886 0.13280711 0.19867166 0.08132863 0.13936694 0.13502748 0.10317162 0.03533938 0.02939539 0.05282912 0.14887049 0.06341825 0.07370428 0.08387556 0.08495387 0.08395705 0.15630842 0.19548759 0.14919960 0.10341392 0.20779838 0.11842261 0.14490509 0.24567680 0.16533251 0.21360715 0.12429019 0.13537973 0.05315026 0.12110748 0.17944504 0.16262498 0.09195684 0.19075650 0.19607125 0.15301562 0.12201187 0.15878469 0.21112868 0.15948940 0.20005974 0.10152163 0.29451531 0.10712517 0.14753971 0.14262541 0.15289108 0.07008247 0.10940703 0.07874289 0.23851830 0.09495728 0.15291627 
0.08420654 0.22466196 0.17242321 0.09651325 0.13672728 0.15259588 0.09295514 0.20540890 0.20326928 0.05412975 0.13493982 0.20635058 0.16906492 0.19521474 0.18101637 0.11851855 0.20175555 0.18922174 0.17501315 0.30972883 0.13294962 0.19143431 0.22013161 0.11320216 0.15843709 0.27380043 0.12961862 0.23004935 0.20289142 0.00000000 0.26047070 0.13024969 0.09120984 0.11365851 0.30284229 0.11388646 0.16088294 0.16388730 0.10431429 0.07784718 0.15388138 0.05623776 0.11099187 0.09965090 0.13492382 0.12480147 0.14302518 0.17712073 0.12754407 0.07449369 0.13226492 0.23066124 0.13949513 0.12794655 0.22639813 0.09982502 0.18271379 0.13838265 0.12562879 0.09028789 0.14156405 0.14364538 0.08766260 0.12584420 0.20449408 0.13975697 0.19390224 0.08478112 0.12591271 0.14756643 0.15109089 0.16538525 0.13293420 0.15195560 0.17433514 0.13140801 0.10386583 0.09052908 0.15343823 0.30454983 0.12687908 0.17909760 0.09640159 0.10795797 0.19306481 0.15020181 0.11310938 
0.15327076 0.19004956 0.10584566 0.10921847 0.16205131 0.11462322 0.15784366 0.11055793 0.04435869 0.17658671 0.15645158 0.26594224 0.16972040 0.19439099 0.31746769 0.10648801 0.18814995 0.17629032 0.09891538 0.16345422 0.11817725 0.20390060 0.11907893 0.16399577 0.10463037 0.07925904 0.22135935 0.14436814 0.31785479 0.26047070 0.00000000 0.26734974 0.43689824 0.28689034 0.24955092 0.19676037 0.12817013 0.06557565 0.12124433 0.07476543 0.08531197 0.03151063 0.05418345 0.07620729 0.09484007 0.06821214 0.05665509 0.10822172 0.02196078 0.09852315 0.05580537 0.18122153 0.21441798 0.12332627 0.10154307 0.09896467 0.15251955 0.13347476 0.12360425 0.10503589 0.16460023 0.04738473 0.18986821 0.15932198 0.13570166 0.13703319 0.18520217 0.16509106 0.15749449 0.27304023 0.19516322 0.14188394 0.09243237 0.13508974 0.20764489 0.10403265 0.35994675 0.23999979 0.10349228 0.19445848 0.13113890 0.20471073 0.10945644 0.25416749 0.23255612 0.22742278 0.15168187 
0.15138325 0.20665531 0.19266158 0.07939281 0.14110148 0.14827305 0.11630373 0.19980953 0.19675980 0.10256368 0.17999632 0.10299743 0.19411909 0.06845786 0.21647015 0.20351076 0.17362583 0.27923849 0.11835442 0.13067564 0.14485387 0.10990716 0.08071578 0.16454490 0.12654494 0.11699754 0.14841183 0.13684648 0.16108826 0.13024969 0.26734974 0.00000000 0.24316992 0.23215452 0.23256766 0.12317851 0.17232466 0.10711597 0.16644051 0.17178270 0.12908326 0.12266252 0.10594487 0.18322423 0.09401267 0.14454061 0.10149130 0.19859708 0.13172697 0.23805546 0.10415467 0.19609727 0.15230058 0.23129804 0.29021572 0.21987503 0.04403842 0.18709748 0.14224441 0.16258662 0.13990874 0.11863529 0.10687813 0.12610296 0.11558109 0.09264312 0.16236450 0.18690949 0.14575736 0.23189003 0.17458382 0.19181919 0.21935972 0.14451378 0.13980947 0.13976621 0.15052055 0.17888305 0.14568249 0.13835176 0.18902440 0.10974599 0.13877990 0.13323673 0.11370377 0.17464734 0.15111231 
0.18187818 0.15279214 0.14801784 0.21118987 0.12275107 0.12152659 0.10599550 0.15872776 0.19969573 0.10557483 0.12409402 0.18151178 0.15934354 0.15969970 0.27983046 0.26877200 0.14507062 0.15842296 0.12744162 0.07275527 0.15262988 0.15651915 0.09348680 0.11508313 0.19861380 0.14919403 0.20286123 0.12624093 0.12216557 0.09120984 0.43689824 0.24316992 0.00000000 0.19882560 0.16606226 0.19414404 0.12361995 0.17068932 0.12295174 0.16140049 0.08949459 0.17319123 0.10294933 0.13323454 0.13464660 0.15265437 0.20334913 0.15195461 0.24918470 0.16751704 0.24142431 0.15114375 0.23847160 0.11513284 0.11566846 0.13189969 0.08881707 0.22104798 0.16110944 0.19379712 0.11886800 0.15830516 0.18891383 0.13103309 0.16335720 0.04787355 0.22348898 0.14747238 0.10959646 0.14602236 0.10121855 0.09327376 0.14185578 0.13381431 0.07638688 0.21593128 0.17880063 0.12907483 0.21325337 0.05060630 0.16444620 0.12748107 0.11686442 0.13246685 0.10401163 0.30905385 0.20022043 
0.16695425 0.08480126 0.21094637 0.13847071 0.11661051 0.11971727 0.16842843 0.10023391 0.08335853 0.16176290 0.13178028 0.15823773 0.18989190 0.14030018 0.16811258 0.19358299 0.16843531 0.13942029 0.13411897 0.13493698 0.13192279 0.20247866 0.15964713 0.15613147 0.16719602 0.13306428 0.14348497 0.21984600 0.31328628 0.11365851 0.28689034 0.23215452 0.19882560 0.00000000 0.21494654 0.20922080 0.19412728 0.12904052 0.14675511 0.17557670 0.11927809 0.04994589 0.05164276 0.15450622 0.11778739 0.10166160 0.02612913 0.09923101 0.09645280 0.05972115 0.12189453 0.12408824 0.18233153 0.17244504 0.15914424 0.13338243 0.06776260 0.12764443 0.07683536 0.18241295 0.17288443 0.18140754 0.10565923 0.12671410 0.19847702 0.21940650 0.20952631 0.15862092 0.13150559 0.20957929 0.15452925 0.12964028 0.22274261 0.14772696 0.16774840 0.14322876 0.25012604 0.12465383 0.16409090 0.18178390 0.22699015 0.07132536 0.17847898 0.27147254 0.17060071 0.08605101 0.13485116 
0.17122827 0.10587149 0.06919231 0.12590811 0.10323707 0.13336635 0.14117695 0.23518091 0.11304946 0.23364310 0.10699749 0.13963109 0.18477490 0.12092781 0.10637464 0.21868604 0.18958912 0.15962759 0.11576328 0.08757455 0.14391131 0.10354286 0.17484779 0.13432773 0.12248307 0.15331066 0.13317047 0.13081905 0.19776886 0.30284229 0.24955092 0.23256766 0.16606226 0.21494654 0.00000000 0.21612905 0.14610764 0.21196208 0.20586707 0.15280808 0.15458621 0.17005127 0.14742248 0.12230990 0.14531731 0.13394992 0.15155368 0.12861911 0.19477366 0.17483156 0.05023101 0.16198632 0.13154571 0.17322660 0.25825538 0.37041332 0.23230864 0.09776458 0.09673833 0.20511458 0.16750190 0.08776648 0.13534396 0.17090923 0.16226066 0.25341373 0.15270577 0.14831071 0.11382913 0.11016306 0.10530792 0.16223043 0.11734383 0.12670023 0.18444198 0.16728943 0.08374698 0.12717083 0.13187797 0.25352680 0.15996416 0.11083431 0.14090691 0.09521932 0.10482959 0.15838292 0.13537071 
0.22753165 0.11447140 0.12032401 0.11798549 0.17577022 0.12555376 0.14893033 0.16396800 0.17760726 0.21029394 0.05278918 0.14747197 0.13713969 0.06394208 0.07744466 0.23217669 0.22318372 0.12181527 0.13209784 0.10015355 0.19906313 0.19915137 0.13363677 0.10314634 0.17143044 0.18977578 0.16653540 0.15364059 0.13280711 0.11388646 0.19676037 0.12317851 0.19414404 0.20922080 0.21612905 0.00000000 0.25464931 0.29881977 0.24151131 0.16953452 0.16359720 0.19592291 0.16322154 0.19381691 0.14675573 0.18489784 0.15917236 0.13918789 0.19228713 0.24526446 0.17716715 0.08680927 0.19091451 0.17364601 0.09316312 0.08417045 0.18713724 0.16106068 0.15920494 0.15523060 0.14476465 0.18657797 0.20092455 0.15005672 0.08147636 0.17291350 0.16831528 0.15206964 0.18096260 0.06791400 0.13670926 0.17156453 0.11945750 0.14013834 0.07614260 0.09170044 0.12938625 0.16063514 0.20046215 0.24166524 0.20382503 0.11959740 0.23267813 0.13175581 0.09956992 0.13522558 0.14397249 
0.09180631 0.10494162 0.23737815 0.11137767 0.09906728 0.11696307 0.14499186 0.13585909 0.17703407 0.17820231 0.11120253 0.07296804 0.20868220 0.11255970 0.14690514 0.11802914 0.19038500 0.14609137 0.16664300 0.06228794 0.11045673 0.06162694 0.17104547 0.19971434 0.17138243 0.13321069 0.12334196 0.13811031 0.19867166 0.16088294 0.12817013 0.17232466 0.12361995 0.19412728 0.14610764 0.25464931 0.00000000 0.15284527 0.18245919 0.18207766 0.22687626 0.16427336 0.20682854 0.16373033 0.19348995 0.19759949 0.12899454 0.19704299 0.20848728 0.24258263 0.12315097 0.06805211 0.11632220 0.12177623 0.20713672 0.14890421 0.20749959 0.16209559 0.15444452 0.11359939 0.15178521 0.22294660 0.15539210 0.12236232 0.10458144 0.15839966 0.22556157 0.20904477 0.08524001 0.13074114 0.15659883 0.10385444 0.17968654 0.14243520 0.08844273 0.14149224 0.10459010 0.08399953 0.18395019 0.16856438 0.25500352 0.27527224 0.29781841 0.29036169 0.13881235 0.12539141 0.16248783 
0.14869391 0.10243516 0.13287218 0.10328676 0.13935075 0.14505934 0.15614920 0.20388842 0.16736237 0.13495683 0.16985024 0.09054938 0.15417635 0.12880633 0.07075354 0.08926618 0.10450285 0.14911061 0.13747694 0.21499286 0.14381480 0.13621793 0.12664233 0.29644971 0.16823607 0.22084131 0.04365003 0.13736957 0.08132863 0.16388730 0.06557565 0.10711597 0.17068932 0.12904052 0.21196208 0.29881977 0.15284527 0.00000000 0.20349989 0.20473189 0.24657893 0.25519928 0.21081174 0.23026527 0.19749617 0.19464719 0.21129224 0.17555944 0.22855999 0.15571644 0.16292079 0.10591775 0.23179130 0.13614987 0.11946692 0.11148847 0.15899525 0.13051235 0.20371021 0.16145218 0.17117225 0.17422745 0.13848874 0.13012511 0.08973994 0.18163523 0.15665204 0.13567213 0.12748024 0.09104467 0.15339179 0.21225845 0.18358072 0.13803179 0.13068432 0.08026832 0.10246885 0.13581104 0.14409322 0.19330112 0.17634310 0.12289765 0.27127799 0.27765579 0.19869797 0.10771676 0.14039346 
0.10763022 0.09689170 0.17211902 0.13021284 0.16612294 0.26188638 0.17106594 0.28885178 0.14531266 0.18098418 0.11680770 0.21607679 0.12611552 0.14163129 0.15186547 0.11593884 0.19982248 0.08727022 0.13796139 0.08574849 0.12279632 0.20777405 0.13820050 0.17348927 0.16444572 0.12687211 0.11928090 0.14881086 0.13936694 0.10431429 0.12124433 0.16644051 0.12295174 0.14675511 0.20586707 0.24151131 0.18245919 0.20349989 0.00000000 0.32158404 0.25170244 0.24163162 0.15753352 0.13516709 0.19069415 0.20742299 0.19286499 0.17465369 0.16593861 0.19589809 0.13902679 0.16731970 0.18842776 0.14672003 0.08792788 0.13285282 0.11739967 0.14724650 0.18358641 0.11593316 0.13504569 0.13878402 0.15102476 0.11857032 0.10632669 0.10445009 0.12914752 0.16582836 0.17846152 0.16313767 0.17159319 0.16662885 0.11549711 0.14616523 0.09591613 0.10491150 0.19681536 0.08984791 0.17398563 0.15326412 0.19929541 0.19561824 0.15260587 0.16492319 0.15083161 0.12899755 0.10166896 
0.18855560 0.07267400 0.14740579 0.09738235 0.19930844 0.16538958 0.10927218 0.12060673 0.13510759 0.13264418 0.16607788 0.11274631 0.09277370 0.14707856 0.20350856 0.08477832 0.11466375 0.11581901 0.13824210 0.13332521 0.13253738 0.15201442 0.15575715 0.17360625 0.20038379 0.13397830 0.08695593 0.11242902 0.13502748 0.07784718 0.07476543 0.17178270 0.16140049 0.17557670 0.15280808 0.16953452 0.18207766 0.20473189 0.32158404 0.00000000 0.31406851 0.24584862 0.20891039 0.19198829 0.19609325 0.20685663 0.29517986 0.22378562 0.19895230 0.21472690 0.17433847 0.18913092 0.19926481 0.16179617 0.21281806 0.06512275 0.20530462 0.14994464 0.09459990 0.11861923 0.12061109 0.28910392 0.17220612 0.11983888 0.09305968 0.12076511 0.19883180 0.14251342 0.21276400 0.08405397 0.18758207 0.12498720 0.11692307 0.13680106 0.09705974 0.10194469 0.08591914 0.10797676 0.17122461 0.15862331 0.22958290 0.27009773 0.12452523 0.09856102 0.12880568 0.11936845 0.11314104 
0.20822208 0.14058500 0.18915960 0.15293115 0.12001154 0.11537818 0.19558919 0.14030141 0.12475469 0.08168024 0.14220278 0.14245487 0.14649414 0.03003431 0.11112097 0.09499141 0.06547819 0.12088824 0.18302005 0.12332902 0.16779808 0.16768677 0.14474079 0.13440976 0.14402041 0.13762348 0.09894397 0.12747492 0.10317162 0.15388138 0.08531197 0.12908326 0.08949459 0.11927809 0.15458621 0.16359720 0.22687626 0.24657893 0.25170244 0.31406851 0.00000000 0.33367008 0.22495394 0.28427215 0.25527088 0.25383917 0.25594494 0.23224351 0.24176469 0.22621058 0.19939983 0.14051926 0.20539549 0.19071016 0.18881552 0.12150127 0.16785600 0.15108933 0.13663294 0.11808877 0.15478538 0.20481818 0.25487850 0.13698728 0.14207044 0.18065887 0.10871196 0.12076774 0.12877272 0.10153417 0.10664438 0.11567227 0.09703331 0.13976381 0.13702681 0.10340478 0.02577373 0.14314000 0.18358143 0.14831744 0.18050234 0.19663264 0.15909736 0.10555642 0.09583798 0.11266506 0.17980845 
