0.00000000 0.14290790 0.09199414 0.07720209 0.08760180 0.10543871 0.12041345 0.06853523 0.04443675 0.07800407 0.04252169 0.09034892 0.07040221 0.07815602 0.09121265 0.10609774 0.07557843 0.13030456 0.10570308 0.13984866 0.06540089 0.09407636 0.09264464 0.13267983 0.11908598 0.05838470 0.06783147 0.08259065 0.14264933 0.07621441 0.12340628 0.07258979 0.08661307 0.12241608 0.13372417 0.14968190 0.08089730 0.12722802 0.08490966 0.10939868 0.11191102 0.10423897 0.15789938 0.12156375 0.09712906 0.12195996 0.13149689 0.09604197 0.10193954 0.09338318 0.12423968 0.10370039 0.11678676 0.11002505 0.09288677 0.04746309 0.09800435 0.13304263 0.07455307 0.06826698 0.14879018 0.11511961 0.06252914 0.07319299 0.09773084 0.07868764 0.16078608 0.10365878 0.09528279 0.14168063 0.08296904 0.11913507 0.09340642 0.10570308 0.06915754 0.19330670 0.11356326 0.11497752 0.09764151 0.09318796 0.17207895 0.08980784 0.09757339 0.11820977 0.18852414 0.06937607 0.09656226 
0.14290790 0.00000000 0.12760174 0.42635417 0.10652446 0.11172477 0.11998488 0.14079834 0.09242483 0.08998006 0.13275445 0.11002699 0.09378457 0.05520147 0.13124000 0.12952943 0.20887401 0.10829342 0.10014723 0.10156949 0.07624505 0.09346925 0.08835987 0.09158899 0.06787671 0.11328596 0.05766723 0.11336501 0.09915157 0.13259922 0.15542794 0.17884208 0.08535023 0.07305444 0.08729581 0.07910601 0.07453748 0.09650729 0.09856698 0.08861505 0.03680273 0.08751981 0.08293655 0.03583577 0.02805877 0.05703923 0.05697887 0.05480407 0.05058986 0.02806911 0.07622679 0.13358887 0.05417694 0.07437043 0.09502863 0.09595973 0.08092667 0.07450244 0.08812799 0.09977792 0.10409079 0.06635938 0.06106186 0.14211518 0.15142677 0.09428135 0.11836930 0.09098155 0.20543443 0.11046122 0.11621760 0.24637511 0.09663561 0.10014723 0.14373881 0.08987758 0.12616193 0.15049326 0.10444858 0.13930858 0.08024933 0.07717191 0.11676693 0.10673923 0.07947472 0.11263023 0.06861355 
0.09199414 0.12760174 0.00000000 0.17285896 0.09987183 0.10488331 0.08724918 0.10509955 0.13604224 0.08845848 0.10981686 0.08684164 0.10362723 0.07377173 0.08655031 0.07099869 0.05135231 0.10847823 0.10514153 0.09294227 0.09807498 0.11923847 0.09101540 0.07944076 0.14361891 0.11531302 0.05283809 0.17321431 0.09515529 0.08777795 0.10285338 0.11138994 0.11088782 0.11411934 0.08696780 0.06993864 0.14151157 0.13193801 0.12215458 0.08257119 0.10725613 0.09607640 0.08812987 0.10067956 0.08398444 0.12783800 0.13481625 0.13620902 0.12285149 0.12583429 0.06410742 0.09318986 0.08901009 0.12567969 0.09095906 0.08133347 0.09236511 0.10845304 0.09434955 0.08430909 0.15014397 0.12671139 0.13709856 0.10145682 0.11585196 0.09537845 0.11167542 0.08934841 0.07034853 0.07905120 0.09965264 0.11215462 0.09299841 0.10514153 0.06393685 0.11256921 0.04677196 0.10303489 0.13454666 0.09076079 0.10309729 0.22208830 0.10698249 0.06013579 0.07215936 0.07062990 0.07401954 
0.07720209 0.42635417 0.17285896 0.00000000 0.09000734 0.08240179 0.06652028 0.07184365 0.09654850 0.11985778 0.17483666 0.14040175 0.10185464 0.07964048 0.10337488 0.13559753 0.08136525 0.14134733 0.10872858 0.17365264 0.05423738 0.11586025 0.06873250 0.12409311 0.08976497 0.08560798 0.11599226 0.07324223 0.09275621 0.06923398 0.09547196 0.11111995 0.09865156 0.08855224 0.06691483 0.10293526 0.10516866 0.08368743 0.07299937 0.10297552 0.09889929 0.06661145 0.09601382 0.08160753 0.04499696 0.08980942 0.12960609 0.09616921 0.09552734 0.07773662 0.08123932 0.06926794 0.06174851 0.04581983 0.07665893 0.11202093 0.07274708 0.08381387 0.08826293 0.09520362 0.11564216 0.06923574 0.13316707 0.16278177 0.09467008 0.09661225 0.08924108 0.15958603 0.11507535 0.09966394 0.10559801 0.13991214 0.07018025 0.10872858 0.09572382 0.06999444 0.11499725 0.08206213 0.05710886 0.14437570 0.06124897 0.11981742 0.17632305 0.07952846 0.08623347 0.10591742 0.12545917 
0.08760180 0.10652446 0.09987183 0.09000734 0.00000000 0.12475469 0.12739148 0.10081215 0.11952534 0.13991395 0.09924830 0.07103044 0.14029825 0.14914167 0.09184741 0.05792126 0.11866364 0.09052605 0.09789143 0.05550860 0.07305626 0.04028560 0.17817107 0.11221216 0.16451345 0.12681097 0.11620730 0.11224958 0.09460016 0.10796037 0.09156386 0.09579855 0.12765960 0.08966978 0.06148066 0.10371065 0.08335903 0.10875197 0.08049489 0.05123820 0.05672813 0.07239558 0.06113472 0.09208579 0.07141919 0.07255021 0.08087871 0.10780019 0.05877252 0.13229961 0.07616305 0.07694028 0.18665392 0.11813061 0.06744866 0.08245701 0.08237266 0.10658171 0.08436361 0.13226552 0.18525096 0.03700834 0.18386826 0.13053087 0.13175915 0.03742700 0.08421149 0.04815842 0.12824421 0.16820884 0.15491592 0.14736607 0.14694986 0.09789143 0.12196000 0.14036929 0.11083889 0.13427598 0.06813022 0.11161563 0.17304024 0.08778990 0.10001751 0.13437580 0.12324561 0.12895693 0.08646782 
0.10543871 0.11172477 0.10488331 0.08240179 0.12475469 0.00000000 0.07945389 0.10165273 0.12366963 0.09010624 0.04517138 0.15786847 0.06839395 0.09844566 0.07248887 0.12684265 0.12350468 0.12296446 0.10294782 0.23252470 0.15648512 0.17396150 0.06728068 0.11407551 0.10564580 0.07714222 0.05956906 0.07790945 0.12687211 0.07545246 0.08024764 0.05814247 0.07612495 0.06932965 0.10382781 0.12751511 0.16877261 0.10973473 0.10844430 0.06521058 0.10637601 0.09539246 0.09057786 0.11789678 0.08382319 0.15194912 0.13816772 0.11246853 0.09184100 0.08584876 0.10380611 0.07317611 0.10938304 0.09200109 0.17198891 0.07469591 0.07559363 0.06174367 0.17058927 0.11283737 0.11932411 0.18009396 0.08823428 0.11173438 0.06627304 0.12509692 0.07806042 0.09783647 0.12018057 0.05404759 0.11423274 0.08170040 0.07607369 0.10294782 0.05686898 0.14002049 0.04452145 0.15268189 0.05335786 0.08075617 0.07663622 0.12358490 0.07230154 0.09231537 0.06481312 0.11738069 0.09813137 
0.12041345 0.11998488 0.08724918 0.06652028 0.12739148 0.07945389 0.00000000 0.06608900 0.15558319 0.00000000 0.06863510 0.09945026 0.14460808 0.08203488 0.07743858 0.14002699 0.15304089 0.16506293 0.10023923 0.10642088 0.15246780 0.10510374 0.08661910 0.13798155 0.11757308 0.11111239 0.07142864 0.04120784 0.05747193 0.10378889 0.09509782 0.11896003 0.08548507 0.12752245 0.08229269 0.06060641 0.12426173 0.13273976 0.11494169 0.09328018 0.12224813 0.11423067 0.10590600 0.10105087 0.11662872 0.09983743 0.09776444 0.09509032 0.14529797 0.14153847 0.09264121 0.12399242 0.14869609 0.11967283 0.13745775 0.15898000 0.12548458 0.02595328 0.09176612 0.06945869 0.11240053 0.08375430 0.10302136 0.08600632 0.10185851 0.14409554 0.11211693 0.15657106 0.11677107 0.16145504 0.14808713 0.08931649 0.11359535 0.10023923 0.06857663 0.07725146 0.07999990 0.04213988 0.16901864 0.06063030 0.04328593 0.10994259 0.07763222 0.07470434 0.14458602 0.09080828 0.11808506 
0.06853523 0.14079834 0.10509955 0.07184365 0.10081215 0.10165273 0.06608900 0.00000000 0.06290129 0.16335369 0.22533459 0.10412123 0.07357865 0.08608919 0.12156247 0.12193785 0.07344345 0.09709499 0.10161296 0.08618285 0.08912441 0.03662385 0.07470415 0.09730695 0.09721762 0.02969317 0.07349474 0.06637982 0.15791656 0.05181469 0.06969158 0.16003114 0.09933875 0.11566073 0.16210656 0.11802594 0.12722344 0.08165481 0.15146758 0.11833768 0.10915117 0.10541637 0.15345471 0.10308849 0.11963881 0.10963556 0.12545703 0.13149037 0.12345474 0.06993742 0.14685138 0.08943894 0.09136575 0.09791343 0.12295178 0.13208859 0.10052847 0.12995867 0.09000804 0.16443582 0.13273258 0.05678388 0.05526321 0.07933930 0.06450207 0.10878934 0.13450601 0.05968403 0.04212635 0.17319377 0.13753665 0.15687700 0.15611698 0.10161296 0.03758666 0.09353625 0.12902494 0.11326891 0.05985223 0.09161262 0.07106197 0.10903274 0.04472563 0.05540841 0.09744097 0.08283094 0.11172463 
0.04443675 0.09242483 0.13604224 0.09654850 0.11952534 0.12366963 0.15558319 0.06290129 0.00000000 0.18956491 0.04162499 0.14509682 0.10222939 0.08394303 0.12602992 0.10000998 0.16160092 0.07804828 0.09918839 0.13585925 0.32558829 0.14394285 0.06284940 0.12846822 0.14793638 0.12023503 0.21604398 0.11156259 0.16620871 0.12056191 0.06678679 0.10854317 0.09417350 0.11334234 0.06131432 0.07704989 0.10400070 0.07820736 0.07085612 0.08428477 0.07677141 0.10631574 0.11086312 0.09366909 0.10700223 0.09813926 0.11009928 0.09345420 0.11006793 0.10738056 0.09333470 0.12122994 0.10783121 0.10830256 0.07659292 0.08981785 0.08540595 0.12666409 0.12213470 0.11139801 0.14215044 0.08212529 0.05820247 0.08735763 0.09545896 0.09138209 0.14964435 0.08099999 0.11459596 0.06378812 0.13159267 0.06238802 0.12875966 0.09918839 0.09495372 0.10349794 0.08973397 0.04276693 0.07701670 0.09911795 0.04116134 0.05264886 0.09874288 0.09494847 0.08976865 0.13559899 0.11077844 
0.07800407 0.08998006 0.08845848 0.11985778 0.13991395 0.09010624 0.00000000 0.16335369 0.18956491 0.00000000 0.09069068 0.12150471 0.07782241 0.14873714 0.11702916 0.05699439 0.09421051 0.10042948 0.10471281 0.02829842 0.06915526 0.16993401 0.09582175 0.11146013 0.10559406 0.11641870 0.23128711 0.14530279 0.08175916 0.05613552 0.21549445 0.08058092 0.09878432 0.17574842 0.13050290 0.13264453 0.09052158 0.08053732 0.10666470 0.07718981 0.03701204 0.07590343 0.05822309 0.04810368 0.06791150 0.06006177 0.05223203 0.04926786 0.07182177 0.07813206 0.07779646 0.09480656 0.06651563 0.09799809 0.07600573 0.10235378 0.07818562 0.14475046 0.15762785 0.11752019 0.13214099 0.05409577 0.12930930 0.10327858 0.06333153 0.07284500 0.07576037 0.09875993 0.12501172 0.15567174 0.07682960 0.15269024 0.10810713 0.10471281 0.10919694 0.16991303 0.09941550 0.19560588 0.10268358 0.14732098 0.14084155 0.09389163 0.10410830 0.09821612 0.14693788 0.13094147 0.07944162 
0.04252169 0.13275445 0.10981686 0.17483666 0.09924830 0.04517138 0.06863510 0.22533459 0.04162499 0.09069068 0.00000000 0.13366917 0.08817776 0.14692267 0.11541960 0.13793536 0.09270381 0.15151042 0.10484269 0.04576568 0.08710590 0.05378779 0.12052006 0.09036428 0.03183526 0.15546536 0.14169771 0.09096887 0.07867025 0.05952976 0.13585660 0.08647797 0.13676113 0.10055162 0.10888188 0.09827518 0.11445655 0.10108561 0.15570804 0.08722814 0.09290755 0.10215298 0.09367411 0.08249230 0.08876348 0.12095516 0.12093978 0.11371563 0.11527791 0.12332756 0.09525200 0.11947735 0.10310992 0.12795888 0.13343071 0.05108104 0.12825284 0.12915589 0.10104754 0.06409446 0.14059293 0.08953783 0.10080789 0.16191618 0.13331446 0.12281014 0.11631916 0.19475007 0.08316140 0.04673460 0.07428019 0.14535905 0.09609565 0.10484269 0.11851377 0.03625786 0.10519833 0.05677889 0.10223178 0.05820724 0.12453134 0.03281906 0.06678260 0.11589095 0.06126567 0.08003334 0.14379942 
0.09034892 0.11002699 0.08684164 0.14040175 0.07103044 0.15786847 0.09945026 0.10412123 0.14509682 0.12150471 0.13366917 0.00000000 0.18856422 0.10558808 0.26189203 0.08586336 0.12848842 0.05511334 0.10489249 0.03582575 0.08104407 0.12965699 0.12191113 0.10538996 0.09820108 0.07404675 0.11962904 0.16774814 0.11931833 0.12987867 0.17324830 0.07892336 0.13839225 0.11516628 0.13516337 0.15626829 0.10571279 0.08623563 0.15251881 0.07328089 0.06883675 0.04560567 0.04679403 0.05186577 0.05410777 0.06672795 0.05969722 0.06772942 0.08683871 0.09382551 0.04041623 0.12708742 0.09539854 0.06066632 0.11717116 0.07092905 0.04853258 0.15689180 0.08972979 0.07635515 0.07735956 0.07959898 0.11825255 0.09840198 0.08544191 0.07538542 0.10616890 0.14801209 0.04045911 0.10460517 0.15789243 0.08307989 0.12048397 0.10489249 0.13997434 0.11036114 0.22014261 0.07550550 0.08007642 0.12409722 0.13261515 0.10016349 0.05793608 0.07734085 0.08397060 0.13379976 0.12671154 
0.07040221 0.09378457 0.10362723 0.10185464 0.14029825 0.06839395 0.14460808 0.07357865 0.10222939 0.07782241 0.08817776 0.18856422 0.00000000 0.13543643 0.02497229 0.07244502 0.07444427 0.09340692 0.10006147 0.08488107 0.13825375 0.04429931 0.12562158 0.11296752 0.07470143 0.14629394 0.12456604 0.06016709 0.03592012 0.14850498 0.13192708 0.03146078 0.11593387 0.10657376 0.07981804 0.12997334 0.08961312 0.13326437 0.10077824 0.07664857 0.10169654 0.12180131 0.13292410 0.13336987 0.10635669 0.09009611 0.07757928 0.12732856 0.09450445 0.10353841 0.10710479 0.08345530 0.13694241 0.07562297 0.06822301 0.08706560 0.06986421 0.10705206 0.14268699 0.06478956 0.08590118 0.17785460 0.11083945 0.10734794 0.08614934 0.14363672 0.08148455 0.18087512 0.11685888 0.08556088 0.12284361 0.06045510 0.08798908 0.10006147 0.19481563 0.10972717 0.06254738 0.09094490 0.05036729 0.15158444 0.16408860 0.09230264 0.15341788 0.13108779 0.08217612 0.08539189 0.16085499 
0.07815602 0.05520147 0.07377173 0.07964048 0.14914167 0.09844566 0.08203488 0.08608919 0.08394303 0.14873714 0.14692267 0.10558808 0.13543643 0.00000000 0.16182835 0.13375537 0.13272897 0.12913302 0.10136240 0.04121174 0.11287652 0.09728376 0.15545058 0.11781876 0.09974665 0.13513702 0.11433339 0.12384543 0.11647369 0.15821366 0.14482903 0.10487512 0.11138877 0.11986815 0.10673375 0.09726207 0.05342887 0.11331689 0.08764761 0.09818793 0.05117034 0.07855771 0.02994782 0.04135463 0.07003577 0.05882884 0.08172309 0.05882059 0.07339904 0.05891769 0.11436895 0.12109156 0.06618135 0.07500600 0.07369855 0.15539584 0.08317864 0.10238696 0.09114254 0.20461592 0.05726567 0.09271130 0.05420971 0.08135052 0.12970642 0.12043310 0.10948515 0.12798374 0.08526041 0.13918314 0.08809717 0.19989547 0.08852221 0.10136240 0.15917300 0.08114958 0.13843306 0.15036012 0.09054227 0.07789961 0.05755019 0.10105925 0.08421338 0.11948867 0.17514331 0.13094737 0.11877606 
0.09121265 0.13124000 0.08655031 0.10337488 0.09184741 0.07248887 0.07743858 0.12156247 0.12602992 0.11702916 0.11541960 0.26189203 0.02497229 0.16182835 0.00000000 0.07212236 0.13231874 0.13457192 0.10506624 0.02609232 0.15132338 0.11074289 0.11504078 0.10525298 0.09037609 0.07773353 0.08460447 0.09324971 0.16557967 0.11886732 0.15784959 0.11689297 0.15699201 0.11997285 0.14026700 0.12175243 0.08062682 0.05181092 0.13837272 0.07636846 0.03871898 0.05082494 0.05942545 0.05917070 0.05208228 0.07505669 0.08439623 0.09895626 0.05714806 0.12945938 0.15878926 0.07171576 0.10973450 0.05319397 0.07074700 0.07826769 0.10121421 0.13903763 0.10106538 0.06872957 0.11388307 0.02897840 0.08831254 0.12090094 0.11758963 0.04461727 0.15755614 0.10460301 0.12424853 0.09598458 0.12774708 0.11460216 0.10614568 0.10506624 0.13855905 0.13690338 0.25147571 0.09605486 0.06548067 0.09817512 0.15235525 0.08872277 0.11623461 0.07476058 0.09731469 0.09465938 0.06171266 
0.10609774 0.12952943 0.07099869 0.13559753 0.05792126 0.12684265 0.14002699 0.12193785 0.10000998 0.05699439 0.13793536 0.08586336 0.07244502 0.13375537 0.07212236 0.00000000 0.13291384 0.15185867 0.10203206 0.13243545 0.10632078 0.05289128 0.08867593 0.14369174 0.05207420 0.11260963 0.05455339 0.05360447 0.10394210 0.12280127 0.08651287 0.09835991 0.16529833 0.08134883 0.11350973 0.08754910 0.11420900 0.08940754 0.10769525 0.07136397 0.07244543 0.04164613 0.10135154 0.09018331 0.10562277 0.08516305 0.11917611 0.09356442 0.09461723 0.05811273 0.13559838 0.10278007 0.10602287 0.09303791 0.15308003 0.07086024 0.14754531 0.11447393 0.08308848 0.15284531 0.10161858 0.02768022 0.09244794 0.12391593 0.14402635 0.05026772 0.15062283 0.09048385 0.09525418 0.11979956 0.11488409 0.14254920 0.16321564 0.10203206 0.06204780 0.08054942 0.15989398 0.13643575 0.07266379 0.12981995 0.15939308 0.08806702 0.11748814 0.08749368 0.17128593 0.11661036 0.10460293 
0.07557843 0.20887401 0.05135231 0.08136525 0.11866364 0.12350468 0.15304089 0.07344345 0.16160092 0.09421051 0.09270381 0.12848842 0.07444427 0.13272897 0.13231874 0.13291384 0.00000000 0.12729292 0.10425913 0.11661459 0.05672310 0.10381556 0.07600354 0.12398865 0.05738476 0.09151393 0.09676799 0.12318981 0.11855918 0.12763861 0.11926342 0.10089465 0.09491496 0.11282811 0.14841803 0.08711355 0.07570396 0.06972861 0.14666236 0.05480669 0.04363283 0.04145977 0.02667294 0.01992414 0.01665008 0.04935221 0.03654999 0.03719471 0.07406999 0.08358240 0.06823505 0.13119987 0.09209092 0.12986719 0.10331389 0.12684170 0.07290344 0.14175614 0.11071446 0.07475155 0.10601605 0.15241972 0.16307789 0.09474335 0.14281374 0.13828552 0.11511339 0.12284605 0.10980258 0.10879412 0.11728830 0.13598841 0.15110094 0.10425913 0.07823463 0.11250222 0.10163286 0.08117062 0.10786043 0.17354733 0.08564859 0.10006166 0.10229572 0.18564819 0.10780263 0.07677527 0.12977267 
0.13030456 0.10829342 0.10847823 0.14134733 0.09052605 0.12296446 0.16506293 0.09709499 0.07804828 0.10042948 0.15151042 0.05511334 0.09340692 0.12913302 0.13457192 0.15185867 0.12729292 0.00000000 0.10504736 0.07366069 0.08191776 0.10986674 0.07085569 0.04468647 0.10574468 0.06452538 0.12846659 0.01726431 0.11934079 0.07097042 0.12963360 0.20507633 0.09169165 0.07806840 0.13014233 0.04987049 0.10599208 0.09705807 0.05812063 0.08713451 0.13402700 0.07556979 0.14478689 0.09175060 0.09075058 0.12851897 0.11425669 0.07681206 0.08231392 0.08539914 0.12501033 0.12405955 0.12068313 0.08976821 0.15237042 0.11223396 0.10090619 0.05929101 0.09540129 0.08701273 0.15762761 0.09190578 0.05687046 0.11595105 0.09262644 0.08542471 0.14535712 0.06032821 0.11344431 0.07413557 0.09495602 0.14511597 0.13765590 0.10504736 0.09358101 0.12539280 0.09684799 0.08411735 0.11398559 0.07387374 0.10282634 0.06897188 0.04460457 0.13372272 0.17165710 0.06951634 0.13520376 
0.10570308 0.10014723 0.10514153 0.10872858 0.09789143 0.10294782 0.10023923 0.10161296 0.09918839 0.10471281 0.10484269 0.10489249 0.10006147 0.10136240 0.10506624 0.10203206 0.10425913 0.10504736 0.00000000 0.10162213 0.10346215 0.10776720 0.10576829 0.09156456 0.10121607 0.09982592 0.10296346 0.10267734 0.10588580 0.10423813 0.10055524 0.10176396 0.09820296 0.10176994 0.09506989 0.09640870 0.09771918 0.09693129 0.09739639 0.09989078 0.09630227 0.09647609 0.09935915 0.10102899 0.10229159 0.10144732 0.09864611 0.10091965 0.10221256 0.09785729 0.09977764 0.09892220 0.09539669 0.09527055 0.09454561 0.09883395 0.09581597 0.09817688 0.10967771 0.09851951 0.09383015 0.10178715 0.10207027 0.11041446 0.10928148 0.10481813 0.09792278 0.10614717 0.10298122 0.10057828 0.09853093 0.09986422 0.09943018 0.11039438 0.10127680 0.10776488 0.10191482 0.10543916 0.10598225 0.09465862 0.09756677 0.10168124 0.10056236 0.10242211 0.10510654 0.11197055 0.10450467 
0.13984866 0.10156949 0.09294227 0.17365264 0.05550860 0.23252470 0.10642088 0.08618285 0.13585925 0.02829842 0.04576568 0.03582575 0.08488107 0.04121174 0.02609232 0.13243545 0.11661459 0.07366069 0.10162213 0.00000000 0.10393383 0.11287907 0.10859333 0.11961283 0.06870412 0.03968572 0.08415846 0.12759420 0.07288999 0.20567641 0.17191418 0.11231152 0.09037602 0.12103884 0.11702808 0.15222714 0.09688712 0.09984394 0.09827521 0.05120472 0.10935943 0.03539066 0.11751807 0.13270996 0.10456890 0.12396235 0.13549072 0.10413024 0.09233727 0.07926154 0.08682966 0.08137410 0.11734444 0.10360682 0.09332022 0.11363392 0.12565868 0.20552053 0.10064132 0.11202066 0.09830476 0.21245870 0.11089786 0.08968454 0.15041742 0.11756995 0.08053289 0.10132297 0.04484185 0.09357756 0.11091818 0.07778064 0.12978451 0.10162213 0.08903864 0.05569236 0.03888623 0.16211540 0.06208182 0.15998778 0.05563774 0.15871119 0.11699560 0.07107903 0.04450426 0.09733636 0.09321463 
0.06540089 0.07624505 0.09807498 0.05423738 0.07305626 0.15648512 0.15246780 0.08912441 0.32558829 0.06915526 0.08710590 0.08104407 0.13825375 0.11287652 0.15132338 0.10632078 0.05672310 0.08191776 0.10346215 0.10393383 0.00000000 0.08463061 0.26153285 0.08498712 0.06090241 0.10378885 0.14614239 0.08110739 0.11407569 0.09341502 0.02810635 0.13183300 0.11178051 0.07377734 0.07720455 0.11462729 0.08025985 0.14336584 0.07024815 0.12771248 0.17087439 0.13116805 0.10078448 0.12499590 0.16638429 0.13002610 0.13331171 0.09443661 0.12226005 0.13161427 0.10072595 0.09044206 0.07465871 0.07380874 0.09640884 0.11936501 0.14233512 0.08050036 0.14696306 0.11957213 0.12143375 0.03561423 0.10727786 0.07371112 0.08791727 0.06257282 0.09007643 0.11043544 0.13045437 0.04314676 0.06933477 0.08923166 0.05013220 0.10346215 0.12317492 0.06043681 0.10951021 0.04369114 0.15009563 0.07668806 0.05365724 0.06443804 0.11638508 0.12221352 0.07207395 0.10874280 0.10520375 
0.09407636 0.09346925 0.11923847 0.11586025 0.04028560 0.17396150 0.10510374 0.03662385 0.14394285 0.16993401 0.05378779 0.12965699 0.04429931 0.09728376 0.11074289 0.05289128 0.10381556 0.10986674 0.10776720 0.11287907 0.08463061 0.00000000 0.12366643 0.10728972 0.14199240 0.11098479 0.11685337 0.23116252 0.19394687 0.04823892 0.09918955 0.11777911 0.06716946 0.11675461 0.07648751 0.13696174 0.07633778 0.08685673 0.10769273 0.11267414 0.08286661 0.12643768 0.09983786 0.10743442 0.07569021 0.10230267 0.11578310 0.10149034 0.07644149 0.09206096 0.11990310 0.10157006 0.06952128 0.07577426 0.06421426 0.10723903 0.10801009 0.11080304 0.10128681 0.10043997 0.11139480 0.06453379 0.07429929 0.06975620 0.07924052 0.12226934 0.10703398 0.05334326 0.07847860 0.11042853 0.12787496 0.16918031 0.05276182 0.10776720 0.15457722 0.12214676 0.12237093 0.08389993 0.14753235 0.11905666 0.13492717 0.07992988 0.04637804 0.11315547 0.10607071 0.08970988 0.12032283 
0.09264464 0.08835987 0.09101540 0.06873250 0.17817107 0.06728068 0.08661910 0.07470415 0.06284940 0.09582175 0.12052006 0.12191113 0.12562158 0.15545058 0.11504078 0.08867593 0.07600354 0.07085569 0.10576829 0.10859333 0.26153285 0.12366643 0.00000000 0.10163847 0.08206144 0.15801059 0.11731571 0.16203688 0.05632017 0.12747978 0.09081982 0.09669917 0.09103944 0.11734155 0.10716576 0.12329557 0.09438608 0.11210318 0.09398218 0.11437920 0.13185258 0.16971353 0.11147116 0.14585256 0.14140408 0.02477984 0.05226773 0.02661910 0.04224550 0.03697542 0.03902266 0.11055088 0.10582144 0.10006196 0.11709177 0.08861946 0.13460385 0.09017023 0.07637994 0.05871732 0.06886636 0.07407874 0.10608190 0.06314481 0.10609988 0.12286490 0.06719881 0.11888318 0.13182055 0.12083181 0.10029305 0.12708335 0.07566206 0.10576829 0.16457996 0.06582627 0.12238320 0.14039970 0.11067172 0.10683587 0.08303299 0.08484916 0.08719116 0.12631098 0.10278587 0.06743788 0.14004798 
0.13267983 0.09158899 0.07944076 0.12409311 0.11221216 0.11407551 0.13798155 0.09730695 0.12846822 0.11146013 0.09036428 0.10538996 0.11296752 0.11781876 0.10525298 0.14369174 0.12398865 0.04468647 0.09156456 0.11961283 0.08498712 0.10728972 0.10163847 0.00000000 0.15950078 0.10947386 0.11620549 0.15357652 0.12908881 0.10245163 0.07353945 0.12035096 0.10194930 0.12676988 0.09407481 0.12052434 0.10451314 0.12589137 0.10456881 0.11119399 0.08578395 0.12857696 0.07160008 0.09184256 0.12318433 0.09817811 0.13919784 0.12301151 0.08386218 0.09117630 0.13696448 0.07314664 0.10847297 0.10406546 0.10848935 0.10396050 0.11220147 0.03908137 0.10039106 0.13218755 0.09290102 0.07825647 0.14662547 0.15084501 0.07039241 0.07012178 0.08176489 0.09569327 0.14330420 0.11390315 0.09048499 0.11708816 0.09306719 0.09156456 0.09924044 0.08622460 0.11088529 0.11014765 0.14253477 0.11990021 0.08977998 0.10516735 0.10725937 0.12205678 0.08140801 0.07585520 0.08609852 
0.11908598 0.06787671 0.14361891 0.08976497 0.16451345 0.10564580 0.11757308 0.09721762 0.14793638 0.10559406 0.03183526 0.09820108 0.07470143 0.09974665 0.09037609 0.05207420 0.05738476 0.10574468 0.10121607 0.06870412 0.06090241 0.14199240 0.08206144 0.15950078 0.00000000 0.03953892 0.11674545 0.06787726 0.07790357 0.12335831 0.06065911 0.11818548 0.08932735 0.12516303 0.10837663 0.06783429 0.11505140 0.07604943 0.08602133 0.07235327 0.13995719 0.17058151 0.13045978 0.12370164 0.09929334 0.11442057 0.11590260 0.12385424 0.12465043 0.10183550 0.13632695 0.08109895 0.07256886 0.13210435 0.07025091 0.07132947 0.08549377 0.10794527 0.10199154 0.09028168 0.13659367 0.06266025 0.10403215 0.10695345 0.13161917 0.12927006 0.09974219 0.13130608 0.17753948 0.15484664 0.09005801 0.13483229 0.14393767 0.10121607 0.08976738 0.18790059 0.12934356 0.11882486 0.09391492 0.08863713 0.10871467 0.09325786 0.10124009 0.10531199 0.10392960 0.09817578 0.11289247 
0.05838470 0.11328596 0.11531302 0.08560798 0.12681097 0.07714222 0.11111239 0.02969317 0.12023503 0.11641870 0.15546536 0.07404675 0.14629394 0.13513702 0.07773353 0.11260963 0.09151393 0.06452538 0.09982592 0.03968572 0.10378885 0.11098479 0.15801059 0.10947386 0.03953892 0.00000000 0.15120330 0.17451223 0.12242157 0.13230436 0.09379354 0.06997112 0.09595319 0.06820352 0.10934528 0.09061994 0.05065141 0.11251261 0.11055570 0.04301730 0.05330327 0.07981880 0.07570491 0.11272688 0.10852970 0.06418084 0.07060257 0.06599744 0.00530329 0.05416579 0.05598681 0.11469084 0.08449410 0.12187501 0.07976304 0.09468935 0.15854123 0.13118033 0.11684332 0.07350307 0.05281143 0.12742784 0.10913816 0.08632819 0.15118033 0.16880340 0.20341973 0.10030470 0.09024567 0.10130180 0.07074959 0.20281363 0.10795879 0.09982592 0.23755416 0.14020028 0.12783407 0.08379868 0.12341120 0.12694205 0.11347773 0.14863484 0.09044872 0.07730993 0.12867560 0.15555813 0.15275110 
0.06783147 0.05766723 0.05283809 0.11599226 0.11620730 0.05956906 0.07142864 0.07349474 0.21604398 0.23128711 0.14169771 0.11962904 0.12456604 0.11433339 0.08460447 0.05455339 0.09676799 0.12846659 0.10296346 0.08415846 0.14614239 0.11685337 0.11731571 0.11620549 0.11674545 0.15120330 0.00000000 0.06808990 0.11609193 0.13440216 0.17595584 0.09806235 0.14812674 0.10069711 0.12697197 0.10059185 0.08694976 0.11751820 0.07596307 0.05658186 0.06960815 0.06396815 0.07830297 0.09630088 0.14542261 0.10408961 0.08817055 0.09594219 0.06214144 0.05733184 0.07385584 0.03488042 0.07620411 0.12465344 0.07802479 0.09310970 0.10477962 0.12984271 0.08696466 0.13249308 0.11993169 0.07671985 0.09674400 0.10149696 0.08415550 0.14395408 0.12767316 0.11576094 0.11471010 0.09281834 0.06224961 0.09450762 0.09101689 0.10296346 0.17388075 0.06366204 0.12133325 0.12024381 0.14346795 0.08210692 0.10645003 0.03580305 0.10822228 0.09901741 0.15915190 0.14981924 0.16371366 
0.08259065 0.11336501 0.17321431 0.07324223 0.11224958 0.07790945 0.04120784 0.06637982 0.11156259 0.14530279 0.09096887 0.16774814 0.06016709 0.12384543 0.09324971 0.05360447 0.12318981 0.01726431 0.10267734 0.12759420 0.08110739 0.23116252 0.16203688 0.15357652 0.06787726 0.17451223 0.06808990 0.00000000 0.09834992 0.12735440 0.10972628 0.11055584 0.08686696 0.09212827 0.14702559 0.13857333 0.09752498 0.15121343 0.10398074 0.09636968 0.13041989 0.10294276 0.13515715 0.09423681 0.09069231 0.07706098 0.06977494 0.13688619 0.09724510 0.06642075 0.10533692 0.09941669 0.11725681 0.08615782 0.06010722 0.06427292 0.09369685 0.10608736 0.07468285 0.08073054 0.13107115 0.07398953 0.04123999 0.06206920 0.09294997 0.05889720 0.07694008 0.03901818 0.09760275 0.01815283 0.10931868 0.14447440 0.07619874 0.10267734 0.11000235 0.09167132 0.16152266 0.36055952 0.12292657 0.08277334 0.09916865 0.09713663 0.05529062 0.17414303 0.09642100 0.08360633 0.07472997 
0.14264933 0.09915157 0.09515529 0.09275621 0.09460016 0.12687211 0.05747193 0.15791656 0.16620871 0.08175916 0.07867025 0.11931833 0.03592012 0.11647369 0.16557967 0.10394210 0.11855918 0.11934079 0.10588580 0.07288999 0.11407569 0.19394687 0.05632017 0.12908881 0.07790357 0.12242157 0.11609193 0.09834992 0.00000000 0.13630603 0.12161891 0.15572799 0.12149380 0.13846400 0.10185410 0.11991459 0.16413737 0.06324041 0.08658453 0.08791666 0.09894408 0.07291641 0.05090641 0.07836830 0.09113864 0.08683426 0.08716665 0.06578549 0.09115082 0.10482787 0.09999768 0.09652288 0.14464538 0.07629019 0.11422438 0.08522898 0.09045861 0.13063228 0.12687666 0.18382340 0.12101517 0.07748165 0.08947580 0.07947851 0.08509127 0.06999274 0.07401668 0.07146066 0.09089443 0.07389032 0.12552285 0.11959168 0.10418653 0.10588580 0.11409517 0.08634238 0.18709435 0.12632277 0.06240683 0.07723368 0.13053270 0.04172679 0.07230202 0.04418145 0.15747665 0.08097474 0.06833267 
0.07621441 0.13259922 0.08777795 0.06923398 0.10796037 0.07545246 0.10378889 0.05181469 0.12056191 0.05613552 0.05952976 0.12987867 0.14850498 0.15821366 0.11886732 0.12280127 0.12763861 0.07097042 0.10423813 0.20567641 0.09341502 0.04823892 0.12747978 0.10245163 0.12335831 0.13230436 0.13440216 0.12735440 0.13630603 0.00000000 0.17159588 0.10030111 0.08148783 0.07073527 0.18433846 0.09649269 0.04750455 0.08089271 0.09033359 0.08088689 0.09554269 0.07213071 0.07784202 0.13440104 0.11320336 0.07116248 0.04557387 0.04945717 0.12214059 0.10168323 0.04173385 0.18296495 0.12834034 0.09913268 0.15125466 0.08624624 0.08111337 0.11021465 0.08801802 0.06913246 0.08534772 0.08456267 0.09103575 0.07902312 0.15017013 0.04580968 0.17621366 0.07081957 0.05073524 0.10620212 0.08047637 0.13627653 0.10069289 0.10423813 0.13448988 0.09062274 0.08156103 0.08427586 0.11529588 0.16666505 0.07866836 0.11128497 0.06139938 0.14318831 0.08824401 0.20460992 0.05171007 
0.12340628 0.15542794 0.10285338 0.09547196 0.09156386 0.08024764 0.09509782 0.06969158 0.06678679 0.21549445 0.13585660 0.17324830 0.13192708 0.14482903 0.15784959 0.08651287 0.11926342 0.12963360 0.10055524 0.17191418 0.02810635 0.09918955 0.09081982 0.07353945 0.06065911 0.09379354 0.17595584 0.10972628 0.12161891 0.17159588 0.00000000 0.11345340 0.20982817 0.12097563 0.16338324 0.10318591 0.10312950 0.07509815 0.08451617 0.06067319 0.03557492 0.08288871 0.04998798 0.05897953 0.07241658 0.06212399 0.04998147 0.05570725 0.06829424 0.07261300 0.05491933 0.07030301 0.10246137 0.11838195 0.05280230 0.07152417 0.07757150 0.13550909 0.07113799 0.05448991 0.10663416 0.01724224 0.12852810 0.08666419 0.09637989 0.10372216 0.10544935 0.13289846 0.06896162 0.13357457 0.10815124 0.10211802 0.06890305 0.10055524 0.14595364 0.10690301 0.18501284 0.12788542 0.11304839 0.11325148 0.10473378 0.14560409 0.10933590 0.11867844 0.22814327 0.14959299 0.14327505 
0.07258979 0.17884208 0.11138994 0.11111995 0.09579855 0.05814247 0.11896003 0.16003114 0.10854317 0.08058092 0.08647797 0.07892336 0.03146078 0.10487512 0.11689297 0.09835991 0.10089465 0.20507633 0.10176396 0.11231152 0.13183300 0.11777911 0.09669917 0.12035096 0.11818548 0.06997112 0.09806235 0.11055584 0.15572799 0.10030111 0.11345340 0.00000000 0.09407357 0.14266105 0.09088362 0.09645654 0.14597863 0.07480602 0.12081117 0.11515673 0.11994863 0.05025362 0.06535059 0.09869737 0.06707260 0.09728009 0.09769921 0.10158871 0.14562526 0.12439699 0.15043712 0.09934734 0.07580364 0.10315010 0.14765451 0.13148346 0.08021451 0.07968713 0.09752888 0.12950316 0.11868792 0.12243453 0.06101144 0.15037488 0.07594370 0.08850561 0.12102660 0.10375058 0.08438529 0.10210204 0.09799222 0.14721410 0.14841953 0.10176396 0.06855330 0.06917517 0.09758000 0.13779061 0.17462774 0.09399474 0.06731343 0.06891678 0.07862739 0.11877917 0.06560683 0.06959981 0.12028405 
0.08661307 0.08535023 0.11088782 0.09865156 0.12765960 0.07612495 0.08548507 0.09933875 0.09417350 0.09878432 0.13676113 0.13839225 0.11593387 0.11138877 0.15699201 0.16529833 0.09491496 0.09169165 0.09820296 0.09037602 0.11178051 0.06716946 0.09103944 0.10194930 0.08932735 0.09595319 0.14812674 0.08686696 0.12149380 0.08148783 0.20982817 0.09407357 0.00000000 0.15201107 0.08674772 0.10610660 0.09514187 0.12624560 0.10642199 0.10229120 0.06802122 0.08976505 0.12312392 0.12503004 0.09241634 0.07957326 0.10373347 0.05750494 0.13977167 0.13457297 0.06982875 0.12152925 0.11916515 0.08889320 0.15363004 0.09347677 0.04062136 0.09375566 0.09415238 0.11771180 0.09898390 0.09562374 0.14570113 0.07408223 0.12169586 0.11818203 0.08502507 0.08471443 0.16360056 0.18001740 0.10074984 0.08215809 0.06139438 0.09820296 0.08080493 0.10053295 0.10461168 0.12651277 0.15563375 0.03509230 0.10194005 0.07710988 0.05525274 0.08660336 0.12383938 0.14539516 0.12968765 
0.12241608 0.07305444 0.11411934 0.08855224 0.08966978 0.06932965 0.12752245 0.11566073 0.11334234 0.17574842 0.10055162 0.11516628 0.10657376 0.11986815 0.11997285 0.08134883 0.11282811 0.07806840 0.10176994 0.12103884 0.07377734 0.11675461 0.11734155 0.12676988 0.12516303 0.06820352 0.10069711 0.09212827 0.13846400 0.07073527 0.12097563 0.14266105 0.15201107 0.00000000 0.10958460 0.18675692 0.14827024 0.06858951 0.12731758 0.16436827 0.06212804 0.04769476 0.07470691 0.07472425 0.04331152 0.06419519 0.06606003 0.04367232 0.07291343 0.08191415 0.06991042 0.08192693 0.07350004 0.08315385 0.08361064 0.10516678 0.06629024 0.05482194 0.09723886 0.10012601 0.14678904 0.08717246 0.12477688 0.11284460 0.12795709 0.09109824 0.11348649 0.08610215 0.07755253 0.10254718 0.10643031 0.11844644 0.14824381 0.10176994 0.09338687 0.13432873 0.17464923 0.08281767 0.15105897 0.15657579 0.19964097 0.03355458 0.09803739 0.15525876 0.13704527 0.09861919 0.04966657 
0.13372417 0.08729581 0.08696780 0.06691483 0.06148066 0.10382781 0.08229269 0.16210656 0.06131432 0.13050290 0.10888188 0.13516337 0.07981804 0.10673375 0.14026700 0.11350973 0.14841803 0.13014233 0.09506989 0.11702808 0.07720455 0.07648751 0.10716576 0.09407481 0.10837663 0.10934528 0.12697197 0.14702559 0.10185410 0.18433846 0.16338324 0.09088362 0.08674772 0.10958460 0.00000000 0.09279920 0.05614131 0.12938277 0.14663057 0.06602511 0.11575829 0.10902700 0.07530552 0.07402289 0.08930016 0.09044276 0.07389599 0.08779427 0.05733883 0.06556564 0.08801971 0.18013727 0.15711806 0.11231431 0.14695276 0.11210233 0.14510352 0.15744622 0.12734220 0.15285376 0.08597754 0.06693016 0.11968312 0.10120414 0.11913247 0.14531695 0.08207769 0.10100694 0.06035716 0.10328267 0.08465388 0.11426315 0.07891385 0.09506989 0.12369649 0.11911712 0.10749301 0.10039209 0.09979628 0.13923052 0.09939501 0.05457916 0.08222512 0.07028105 0.11293637 0.06638349 0.08295234 
0.14968190 0.07910601 0.06993864 0.10293526 0.10371065 0.12751511 0.06060641 0.11802594 0.07704989 0.13264453 0.09827518 0.15626829 0.12997334 0.09726207 0.12175243 0.08754910 0.08711355 0.04987049 0.09640870 0.15222714 0.11462729 0.13696174 0.12329557 0.12052434 0.06783429 0.09061994 0.10059185 0.13857333 0.11991459 0.09649269 0.10318591 0.09645654 0.10610660 0.18675692 0.09279920 0.00000000 0.18620399 0.13229060 0.14174272 0.13648952 0.11962771 0.12679325 0.09182972 0.14150204 0.12252563 0.10621387 0.11097426 0.07781474 0.10088264 0.12749845 0.08454040 0.08041363 0.08548337 0.05998253 0.08196506 0.10203273 0.10595106 0.09893976 0.12340333 0.11435378 0.09272321 0.13065804 0.15351063 0.07753729 0.05759732 0.09844857 0.10101662 0.11254838 0.08444604 0.09114854 0.09907163 0.08147696 0.05201259 0.09640870 0.07498800 0.11516217 0.10235733 0.08960205 0.08299314 0.14614620 0.13021891 0.08723133 0.13296667 0.08936472 0.06283903 0.09619522 0.08769222 
0.08089730 0.07453748 0.14151157 0.10516866 0.08335903 0.16877261 0.12426173 0.12722344 0.10400070 0.09052158 0.11445655 0.10571279 0.08961312 0.05342887 0.08062682 0.11420900 0.07570396 0.10599208 0.09771918 0.09688712 0.08025985 0.07633778 0.09438608 0.10451314 0.11505140 0.05065141 0.08694976 0.09752498 0.16413737 0.04750455 0.10312950 0.14597863 0.09514187 0.14827024 0.05614131 0.18620399 0.00000000 0.09688291 0.09392485 0.16105325 0.14871104 0.14135764 0.15328291 0.12359868 0.13033294 0.12546700 0.09725676 0.16327171 0.12187599 0.14502184 0.10674054 0.08495071 0.12196751 0.06733899 0.11386408 0.17280177 0.19532551 0.07623718 0.07882018 0.09638046 0.09360053 0.10684157 0.13196034 0.07112641 0.07309697 0.08133788 0.09668816 0.12185733 0.06565830 0.09447736 0.07151852 0.06084930 0.03913344 0.09771918 0.06054525 0.09209633 0.07099375 0.10320151 0.11372432 0.08390578 0.10866256 0.09778457 0.17493656 0.12010898 0.13530800 0.09910882 0.12519503 
0.12722802 0.09650729 0.13193801 0.08368743 0.10875197 0.10973473 0.13273976 0.08165481 0.07820736 0.08053732 0.10108561 0.08623563 0.13326437 0.11331689 0.05181092 0.08940754 0.06972861 0.09705807 0.09693129 0.09984394 0.14336584 0.08685673 0.11210318 0.12589137 0.07604943 0.11251261 0.11751820 0.15121343 0.06324041 0.08089271 0.07509815 0.07480602 0.12624560 0.06858951 0.12938277 0.13229060 0.09688291 0.00000000 0.12385889 0.15253930 0.16398250 0.16812826 0.10521450 0.11782614 0.10609358 0.13026293 0.13228862 0.13266873 0.13469178 0.12521007 0.13096700 0.06573398 0.15426326 0.07570546 0.08493635 0.08385497 0.10146550 0.10645912 0.08343886 0.08591098 0.10452344 0.17132402 0.11333718 0.09164261 0.06658793 0.07632744 0.12884907 0.10146879 0.12559132 0.09378080 0.08338832 0.07774166 0.11330931 0.09693129 0.09734853 0.05929397 0.07577644 0.13685816 0.09112700 0.05891799 0.09253141 0.08745680 0.15728443 0.16786606 0.10132516 0.10202576 0.08947167 
0.08490966 0.09856698 0.12215458 0.07299937 0.08049489 0.10844430 0.11494169 0.15146758 0.07085612 0.10666470 0.15570804 0.15251881 0.10077824 0.08764761 0.13837272 0.10769525 0.14666236 0.05812063 0.09739639 0.09827521 0.07024815 0.10769273 0.09398218 0.10456881 0.08602133 0.11055570 0.07596307 0.10398074 0.08658453 0.09033359 0.08451617 0.12081117 0.10642199 0.12731758 0.14663057 0.14174272 0.09392485 0.12385889 0.00000000 0.18552928 0.17524972 0.14462966 0.11205958 0.12542580 0.12133252 0.09674012 0.10982744 0.11122325 0.10429623 0.10360595 0.11755325 0.12810100 0.11232971 0.10260786 0.07927582 0.09081727 0.09324333 0.15020860 0.08870257 0.06994611 0.09022045 0.07894602 0.09089040 0.06269897 0.10701045 0.12102054 0.05728177 0.11142305 0.06762267 0.10160078 0.15511758 0.07113264 0.10375317 0.09739639 0.07612669 0.07735740 0.07102480 0.05168687 0.11817309 0.11977816 0.11405297 0.14039985 0.08444828 0.12408094 0.08532570 0.10276264 0.10371879 
0.10939868 0.08861505 0.08257119 0.10297552 0.05123820 0.06521058 0.09328018 0.11833768 0.08428477 0.07718981 0.08722814 0.07328089 0.07664857 0.09818793 0.07636846 0.07136397 0.05480669 0.08713451 0.09989078 0.05120472 0.12771248 0.11267414 0.11437920 0.11119399 0.07235327 0.04301730 0.05658186 0.09636968 0.08791666 0.08088689 0.06067319 0.11515673 0.10229120 0.16436827 0.06602511 0.13648952 0.16105325 0.15253930 0.18552928 0.00000000 0.18058503 0.17806252 0.13390031 0.17680210 0.15083661 0.13593354 0.13889098 0.16650826 0.14972151 0.13927928 0.17350428 0.12723623 0.13526911 0.12486457 0.10878664 0.07620276 0.13509272 0.10561775 0.09873151 0.10628463 0.12588746 0.17404460 0.12013494 0.08511176 0.05222666 0.06138074 0.12160572 0.11976360 0.06298652 0.06153210 0.07407406 0.05642579 0.10977408 0.09989078 0.07253700 0.04970436 0.07243066 0.11233024 0.07846416 0.08696869 0.16967807 0.13922305 0.12785061 0.10644193 0.08008271 0.08213613 0.05122564 
0.11191102 0.03680273 0.10725613 0.09889929 0.05672813 0.10637601 0.12224813 0.10915117 0.07677141 0.03701204 0.09290755 0.06883675 0.10169654 0.05117034 0.03871898 0.07244543 0.04363283 0.13402700 0.09630227 0.10935943 0.17087439 0.08286661 0.13185258 0.08578395 0.13995719 0.05330327 0.06960815 0.13041989 0.09894408 0.09554269 0.03557492 0.11994863 0.06802122 0.06212804 0.11575829 0.11962771 0.14871104 0.16398250 0.17524972 0.18058503 0.00000000 0.19142190 0.17308315 0.18252025 0.18048396 0.15323004 0.15662442 0.16674022 0.16617351 0.14804843 0.16056012 0.08924434 0.13316094 0.09564868 0.15475773 0.10130353 0.13678225 0.06357437 0.08699589 0.08948088 0.05323404 0.18764939 0.10594257 0.09021581 0.08041363 0.09610363 0.08738668 0.11044365 0.03617548 0.08424503 0.06947397 0.05931374 0.09332313 0.09630227 0.10029608 0.10122937 0.04607676 0.08193520 0.07993552 0.06443740 0.08400486 0.11921166 0.12623855 0.09042885 0.08838188 0.09103767 0.13236622 
