0.00000000 0.02217253 0.01685350 0.01954418 0.02217253 0.02217253 0.00988267 0.02702104 0.02855431 0.01214352 0.02217253 0.01251206 0.02296502 0.02834231 0.01586836 0.02687352 0.02651928 0.03036018 0.01925611 0.02062611 0.00713585 0.03371556 0.01800403 0.02145023 0.01525478 0.02062611 0.02062611 0.01079909 0.02060515 0.01178840 0.02062611 0.02657752 0.01178840 0.01958276 0.02821855 0.02150531 0.01950247 0.02150531 0.03417039 0.02678034 0.03568390 0.03470950 0.02545053 0.02708324 0.00604512 0.02062611 0.03475593 0.01561799 0.02942094 0.00952975 0.02578764 0.02409322 0.02062611 0.01679843 0.01622649 0.02062611 0.02062611 0.02014331 0.02020036 0.01725397 0.02558814 0.02273768 0.00882437 0.01609529 0.01236673 0.01231798 0.00797217 0.02150531 0.02356146 0.01057312 0.02433953 0.01891515 0.03403664 0.02358092 0.01348341 0.01178840 0.01752577 0.02749647 0.03312735 0.02856832 0.02159692 0.01698094 0.01334794 0.02944998 0.01843704 0.04239095 0.01986297 0.03637205 0.04255512 0.03133119 0.02017633 0.03752436 0.02062611 0.04343230 0.02833962 0.01270153 0.02243228 0.02450093 0.02830585 0.02412288 0.01778658 0.01525910 
0.02217253 0.00000000 0.01467580 0.01917344 0.03749167 0.03749167 0.02750195 0.02111714 0.01839580 0.02523086 0.03749167 0.01990419 0.02391057 0.01768195 0.01221504 0.02232882 0.01253200 0.01624540 0.01570578 0.02479394 0.02608468 0.03005466 0.01360652 0.02413943 0.02719317 0.02479394 0.02479394 0.03311660 0.02488737 0.01538840 0.02479394 0.01653042 0.01538840 0.01416911 0.01213780 0.04031818 0.02255893 0.04031818 0.01759027 0.02684369 0.01415965 0.02688003 0.02577548 0.01173857 0.02426618 0.02479394 0.01472373 0.02276069 0.01507974 0.02047007 0.01187549 0.01642159 0.02479394 0.01591661 0.01363389 0.02479394 0.02479394 0.01144707 0.02074819 0.02030724 0.02127509 0.02616362 0.02822366 0.01777263 0.02343273 0.02351945 0.02976461 0.04031818 0.02441453 0.02817563 0.01508547 0.02736558 0.02025728 0.01230129 0.01239504 0.01538840 0.02547639 0.02101053 0.02670122 0.01895026 0.01452614 0.02191277 0.01463682 0.02304915 0.01747512 0.02035520 0.02695718 0.03309089 0.03444100 0.02136595 0.01648008 0.01579233 0.02479394 0.01595296 0.02128236 0.02269496 0.01333714 0.02300875 0.02128073 0.01157089 0.01497284 0.01940461 
0.01685350 0.01467580 0.00000000 0.02399279 0.01467580 0.01467580 0.02613395 0.01880207 0.03028282 0.03694623 0.01467580 0.04083600 0.01374782 0.02622132 0.02358229 0.02520610 0.02262646 0.01909332 0.03284300 0.01920871 0.02778168 0.01057588 0.02602402 0.02021258 0.02901089 0.01920871 0.01920871 0.02058098 0.01525026 0.02878747 0.01920871 0.03110499 0.02878747 0.01812845 0.02146509 0.01206851 0.01572296 0.01206851 0.02601638 0.01556704 0.01131861 0.02867065 0.01505997 0.02174058 0.03148189 0.01920871 0.02316812 0.01973307 0.02318928 0.03903467 0.02218778 0.02497689 0.01920871 0.01798332 0.02338493 0.01920871 0.01920871 0.02450944 0.02172856 0.03659095 0.01725581 0.03759566 0.02923325 0.02170637 0.02728483 0.01794030 0.02522970 0.01206851 0.02212664 0.02884398 0.03113354 0.01610455 0.01922648 0.03448003 0.03009395 0.02878747 0.02658055 0.01576609 0.00751932 0.01712584 0.01582742 0.02285526 0.03557495 0.03068830 0.02992808 0.01544374 0.02182689 0.00866154 0.00961439 0.01561252 0.02308815 0.01567836 0.01920871 0.01680700 0.01626117 0.03156135 0.01364638 0.01473273 0.01607126 0.03382582 0.02769602 0.02300073 
0.01954418 0.01917344 0.02399279 0.00000000 0.01917344 0.01917344 0.02423007 0.01402023 0.01070277 0.01930755 0.01917344 0.02830925 0.00654676 0.01486940 0.00752385 0.02230190 0.02618937 0.02227375 0.03247876 0.01997864 0.02689193 0.02024961 0.03068794 0.01622474 0.02143885 0.01997864 0.01997864 0.02085743 0.01104747 0.02570936 0.01997864 0.01968856 0.02570936 0.04396724 0.02259569 0.01781346 0.02765797 0.01781346 0.02131472 0.00507519 0.02444756 0.00487512 0.01155084 0.02446919 0.03503410 0.01997864 0.03620393 0.01975408 0.04001870 0.01456290 0.02306544 0.03620276 0.01997864 0.01961695 0.02396753 0.01997864 0.01997864 0.02315580 0.02756096 0.01504042 0.02693985 0.01478414 0.03253071 0.02159822 0.02936125 0.01436085 0.02345964 0.01781346 0.01921485 0.03573611 0.02912910 0.03888966 0.03346927 0.01495074 0.02923125 0.02570936 0.02779891 0.01924387 0.01545470 0.01554027 0.02398746 0.02093236 0.02955176 0.02102460 0.02559650 0.02791114 0.01924036 0.01194658 0.02939879 0.02597940 0.02201364 0.01564118 0.01997864 0.03346330 0.01147215 0.03416167 0.02365804 0.00775456 0.01124287 0.03379771 0.01151808 0.01763019 
0.02217253 0.03749167 0.01467580 0.01917344 0.00000000 0.03749167 0.02750195 0.02111714 0.01839580 0.02523086 0.03749167 0.01990419 0.02391057 0.01768195 0.01221504 0.02232882 0.01253200 0.01624540 0.01570578 0.02479394 0.02608468 0.03005466 0.01360652 0.02413943 0.02719317 0.02479394 0.02479394 0.03311660 0.02488737 0.01538840 0.02479394 0.01653042 0.01538840 0.01416911 0.01213780 0.04031818 0.02255893 0.04031818 0.01759027 0.02684369 0.01415965 0.02688003 0.02577548 0.01173857 0.02426618 0.02479394 0.01472373 0.02276069 0.01507974 0.02047007 0.01187549 0.01642159 0.02479394 0.01591661 0.01363389 0.02479394 0.02479394 0.01144707 0.02074819 0.02030724 0.02127509 0.02616362 0.02822366 0.01777263 0.02343273 0.02351945 0.02976461 0.04031818 0.02441453 0.02817563 0.01508547 0.02736558 0.02025728 0.01230129 0.01239504 0.01538840 0.02547639 0.02101053 0.02670122 0.01895026 0.01452614 0.02191277 0.01463682 0.02304915 0.01747512 0.02035520 0.02695718 0.03309089 0.03444100 0.02136595 0.01648008 0.01579233 0.02479394 0.01595296 0.02128236 0.02269496 0.01333714 0.02300875 0.02128073 0.01157089 0.01497284 0.01940461 
0.02217253 0.03749167 0.01467580 0.01917344 0.03749167 0.00000000 0.02750195 0.02111714 0.01839580 0.02523086 0.03749167 0.01990419 0.02391057 0.01768195 0.01221504 0.02232882 0.01253200 0.01624540 0.01570578 0.02479394 0.02608468 0.03005466 0.01360652 0.02413943 0.02719317 0.02479394 0.02479394 0.03311660 0.02488737 0.01538840 0.02479394 0.01653042 0.01538840 0.01416911 0.01213780 0.04031818 0.02255893 0.04031818 0.01759027 0.02684369 0.01415965 0.02688003 0.02577548 0.01173857 0.02426618 0.02479394 0.01472373 0.02276069 0.01507974 0.02047007 0.01187549 0.01642159 0.02479394 0.01591661 0.01363389 0.02479394 0.02479394 0.01144707 0.02074819 0.02030724 0.02127509 0.02616362 0.02822366 0.01777263 0.02343273 0.02351945 0.02976461 0.04031818 0.02441453 0.02817563 0.01508547 0.02736558 0.02025728 0.01230129 0.01239504 0.01538840 0.02547639 0.02101053 0.02670122 0.01895026 0.01452614 0.02191277 0.01463682 0.02304915 0.01747512 0.02035520 0.02695718 0.03309089 0.03444100 0.02136595 0.01648008 0.01579233 0.02479394 0.01595296 0.02128236 0.02269496 0.01333714 0.02300875 0.02128073 0.01157089 0.01497284 0.01940461 
0.00988267 0.02750195 0.02613395 0.02423007 0.02750195 0.02750195 0.00000000 0.03602785 0.01734820 0.01384840 0.02750195 0.01093893 0.02720401 0.02288464 0.01253935 0.01048428 0.01109876 0.01022184 0.02639170 0.02146687 0.01175644 0.01513715 0.01747618 0.02863994 0.02599868 0.02146687 0.02146687 0.04339359 0.03042663 0.04214671 0.02146687 0.01343731 0.04214671 0.02138497 0.00962193 0.02840674 0.01223834 0.02840674 0.00900181 0.02628464 0.01499187 0.01436866 0.03537920 0.02443239 0.03464688 0.02146687 0.02031495 0.02471456 0.01680129 0.03155657 0.01847865 0.01325127 0.02146687 0.01152632 0.01455708 0.02146687 0.02146687 0.02478544 0.00827848 0.02714703 0.02691704 0.02928283 0.03586623 0.02907316 0.02694816 0.02745138 0.04759339 0.02840674 0.01297083 0.01550578 0.02692793 0.02680565 0.01920158 0.01604287 0.02322150 0.04214671 0.02171538 0.01016373 0.01268655 0.00931311 0.02108327 0.02372308 0.01260981 0.01424782 0.01104822 0.02548999 0.02599741 0.01876114 0.01982936 0.02395320 0.01153677 0.01209308 0.02146687 0.01224812 0.03199668 0.02841777 0.01565130 0.03123976 0.03173168 0.01496305 0.01273573 0.01601804 
0.02702104 0.02111714 0.01880207 0.01402023 0.02111714 0.02111714 0.03602785 0.00000000 0.02783407 0.01126114 0.02111714 0.01218389 0.03401773 0.01855934 0.01602389 0.02486222 0.02561843 0.01415358 0.01929073 0.02061616 0.00734808 0.00871513 0.01493124 0.01962692 0.01417952 0.02061616 0.02061616 0.03184405 0.03540184 0.03555062 0.02061616 0.01956727 0.03555062 0.01477021 0.02627991 0.01996146 0.01648610 0.01996146 0.01784850 0.03263895 0.01333080 0.02265557 0.04357527 0.01998204 0.02281148 0.02061616 0.02410794 0.03257214 0.02168694 0.02096018 0.02143875 0.02001267 0.02061616 0.01156272 0.01862592 0.02061616 0.02061616 0.03230728 0.01791282 0.01932124 0.01443706 0.02246761 0.02336232 0.03185769 0.01854091 0.02357307 0.03610790 0.01996146 0.01386900 0.01002901 0.01893459 0.01438317 0.02316391 0.02065939 0.02039862 0.03555062 0.01400865 0.01273579 0.03129324 0.01857145 0.02495356 0.02395012 0.01275068 0.01160679 0.01783299 0.03471296 0.01396095 0.03486978 0.01107872 0.02595176 0.01325318 0.03687143 0.02061616 0.01185408 0.04487071 0.01768250 0.02558750 0.04524887 0.04473887 0.01414748 0.01368759 0.01468690 
0.02855431 0.01839580 0.03028282 0.01070277 0.01839580 0.01839580 0.01734820 0.02783407 0.00000000 0.03152240 0.01839580 0.02253614 0.03441252 0.02812276 0.02615542 0.03706890 0.02833687 0.02700423 0.00442435 0.01969736 0.01289341 0.01247597 0.02853364 0.00861489 0.02392682 0.01969736 0.01969736 0.01461252 0.03010445 0.02050722 0.01969736 0.03029116 0.02050722 0.01441411 0.02854700 0.01693471 0.02269675 0.01693471 0.04071404 0.01525038 0.01649921 0.03496209 0.02535494 0.02407943 0.01171352 0.01969736 0.01568003 0.01680701 0.01436745 0.03943994 0.01885879 0.02560693 0.01969736 0.02224286 0.02816571 0.01969736 0.01969736 0.02046793 0.03131705 0.02008318 0.01185274 0.01969845 0.01110702 0.01876602 0.03005682 0.01844160 0.01593927 0.01693471 0.01975030 0.01962459 0.03125125 0.00957208 0.01595468 0.04415815 0.03256323 0.02050722 0.02670114 0.01440020 0.03067595 0.03330862 0.01453237 0.02274692 0.02905371 0.02545565 0.02905678 0.02050953 0.01052482 0.02980912 0.01715626 0.01315164 0.01224070 0.03348496 0.01969736 0.02085508 0.02815624 0.00502590 0.01259559 0.02616545 0.02802428 0.02657036 0.03066938 0.02170739 
0.01214352 0.02523086 0.03694623 0.01930755 0.02523086 0.02523086 0.01384840 0.01126114 0.03152240 0.00000000 0.02523086 0.04517263 0.01330096 0.03146724 0.02200941 0.04345549 0.01544860 0.01759351 0.02120681 0.02081432 0.02795717 0.02604742 0.02656570 0.00913668 0.01208394 0.02081432 0.02081432 0.01609540 0.01796768 0.01315151 0.02081432 0.03287199 0.01315151 0.02311380 0.01577353 0.02582422 0.01613277 0.02582422 0.02036573 0.02071949 0.00442447 0.02040116 0.01197320 0.02216602 0.01111721 0.02081432 0.02051838 0.01647788 0.03499780 0.04770593 0.01729868 0.03087968 0.02081432 0.01594157 0.03018823 0.02081432 0.02081432 0.01817489 0.01483687 0.02883771 0.01663362 0.02955312 0.01414127 0.01524568 0.02467232 0.01962227 0.01344099 0.02582422 0.03732995 0.01498826 0.03783171 0.02114160 0.02130933 0.02884874 0.02850697 0.01315151 0.02842053 0.02782924 0.01968097 0.02875581 0.01104036 0.02464186 0.03976828 0.03444257 0.03356799 0.01274712 0.02172472 0.01668353 0.01789303 0.00946160 0.02616957 0.01366718 0.02081432 0.01465862 0.01185879 0.01613021 0.01071142 0.01477146 0.01187725 0.03363272 0.02887033 0.03028120 
0.02217253 0.03749167 0.01467580 0.01917344 0.03749167 0.03749167 0.02750195 0.02111714 0.01839580 0.02523086 0.00000000 0.01990419 0.02391057 0.01768195 0.01221504 0.02232882 0.01253200 0.01624540 0.01570578 0.02479394 0.02608468 0.03005466 0.01360652 0.02413943 0.02719317 0.02479394 0.02479394 0.03311660 0.02488737 0.01538840 0.02479394 0.01653042 0.01538840 0.01416911 0.01213780 0.04031818 0.02255893 0.04031818 0.01759027 0.02684369 0.01415965 0.02688003 0.02577548 0.01173857 0.02426618 0.02479394 0.01472373 0.02276069 0.01507974 0.02047007 0.01187549 0.01642159 0.02479394 0.01591661 0.01363389 0.02479394 0.02479394 0.01144707 0.02074819 0.02030724 0.02127509 0.02616362 0.02822366 0.01777263 0.02343273 0.02351945 0.02976461 0.04031818 0.02441453 0.02817563 0.01508547 0.02736558 0.02025728 0.01230129 0.01239504 0.01538840 0.02547639 0.02101053 0.02670122 0.01895026 0.01452614 0.02191277 0.01463682 0.02304915 0.01747512 0.02035520 0.02695718 0.03309089 0.03444100 0.02136595 0.01648008 0.01579233 0.02479394 0.01595296 0.02128236 0.02269496 0.01333714 0.02300875 0.02128073 0.01157089 0.01497284 0.01940461 
0.01251206 0.01990419 0.04083600 0.02830925 0.01990419 0.01990419 0.01093893 0.01218389 0.02253614 0.04517263 0.01990419 0.00000000 0.00705524 0.02529350 0.02139231 0.03206744 0.02579556 0.01934902 0.02093357 0.02017469 0.03901059 0.01629295 0.02588430 0.01867279 0.02251952 0.02017469 0.02017469 0.01004671 0.01139655 0.01415951 0.02017469 0.02761287 0.01415951 0.02314714 0.01808020 0.01874685 0.02042698 0.01874685 0.02218136 0.02397811 0.01498587 0.02252295 0.01048267 0.01663669 0.02641932 0.02017469 0.01901939 0.02251866 0.02713299 0.03512946 0.02456723 0.03202742 0.02017469 0.01657559 0.02735085 0.02017469 0.02017469 0.02180710 0.02417171 0.03481934 0.02106295 0.03722893 0.02372239 0.01753571 0.02673954 0.01507284 0.00855015 0.01874685 0.02661481 0.03636389 0.02842025 0.02421281 0.01805150 0.02975081 0.02954542 0.01415951 0.02328818 0.01810233 0.01078547 0.02208622 0.01460957 0.02469413 0.04109237 0.03449321 0.03825488 0.01579614 0.02782035 0.01094238 0.01205542 0.01604892 0.03002005 0.01392032 0.02017469 0.01498960 0.01288271 0.02432005 0.01814826 0.01648611 0.01287767 0.03546040 0.02745230 0.02621638 
0.02296502 0.02391057 0.01374782 0.00654676 0.02391057 0.02391057 0.02720401 0.03401773 0.03441252 0.01330096 0.02391057 0.00705524 0.00000000 0.02690734 0.03201972 0.02238857 0.02462061 0.02498369 0.00000000 0.02053995 0.02634874 0.02723591 0.02796845 0.02514998 0.01130622 0.02053995 0.02053995 0.03162846 0.04894935 0.01886597 0.02053995 0.01423595 0.01886597 0.00729207 0.02460203 0.02477828 0.02470695 0.02477828 0.02014502 0.02235011 0.02561020 0.02411593 0.03623908 0.02839650 0.01311323 0.02053995 0.01728973 0.03409127 0.01183127 0.02131794 0.02750762 0.01239967 0.02053995 0.01446203 0.02764049 0.02053995 0.02053995 0.01880293 0.01771127 0.01688085 0.01233463 0.02183065 0.01617643 0.01702435 0.01842360 0.01696280 0.03284613 0.02477828 0.00963283 0.01374704 0.01438688 0.00979695 0.02705916 0.02816539 0.01669713 0.01886597 0.01552372 0.00978770 0.04023496 0.04113238 0.02511199 0.02798764 0.01336299 0.01379139 0.01938044 0.02731495 0.01000635 0.03250627 0.01603127 0.02521216 0.02909204 0.03392659 0.02053995 0.01436269 0.03809823 0.01756547 0.03021474 0.03924240 0.03773712 0.01436327 0.02147332 0.02122115 
0.02834231 0.01768195 0.02622132 0.01486940 0.01768195 0.01768195 0.02288464 0.01855934 0.02812276 0.03146724 0.01768195 0.02529350 0.02690734 0.00000000 0.02547941 0.02241808 0.01734920 0.02623867 0.02278875 0.01932201 0.03960507 0.03248466 0.02058869 0.03339109 0.02710017 0.01932201 0.01932201 0.01919570 0.02838363 0.02694410 0.01932201 0.01549925 0.02694410 0.03695315 0.01995479 0.01754932 0.02859152 0.01754932 0.02268366 0.01461623 0.02204559 0.01437094 0.01544077 0.03036722 0.01730808 0.01932201 0.01752605 0.00946030 0.02021923 0.03776638 0.02597396 0.02129843 0.01932201 0.02767530 0.02041292 0.01932201 0.01932201 0.01919549 0.02055852 0.02833742 0.01443919 0.02032933 0.01804031 0.00720100 0.01652884 0.01967081 0.02104448 0.01754932 0.01982397 0.01704047 0.02954838 0.01650887 0.01689514 0.02609845 0.02344287 0.02694410 0.01523788 0.02343492 0.02653547 0.03632794 0.03387251 0.02683893 0.02265499 0.03149361 0.01470679 0.02443554 0.02878044 0.01466139 0.01930018 0.02503264 0.02194536 0.02042200 0.01932201 0.02597442 0.01637234 0.01626862 0.02531522 0.01588365 0.01620381 0.01949380 0.02532859 0.03146306 
0.01586836 0.01221504 0.02358229 0.00752385 0.01221504 0.01221504 0.01253935 0.01602389 0.02615542 0.02200941 0.01221504 0.02139231 0.03201972 0.02547941 0.00000000 0.02275963 0.01427533 0.02935159 0.01949612 0.02227605 0.02859321 0.01950869 0.02212358 0.02137445 0.02309364 0.02227605 0.02227605 0.00931036 0.02680777 0.01178913 0.02227605 0.02795689 0.01178913 0.03634286 0.02051377 0.01053438 0.02222839 0.01053438 0.02530288 0.00578146 0.02761975 0.03427691 0.01575997 0.02851888 0.01771884 0.02227605 0.02380593 0.02410221 0.02116050 0.01961425 0.02548199 0.01916970 0.02227605 0.03311844 0.02434336 0.02227605 0.02227605 0.01683027 0.01745580 0.03313430 0.02545989 0.02218854 0.01338459 0.02895171 0.02969517 0.03187760 0.01560809 0.01053438 0.03014067 0.01446643 0.01733961 0.02337265 0.01810440 0.03384886 0.03393856 0.01178913 0.03353553 0.03655377 0.02780843 0.02829007 0.02535748 0.02191503 0.01950836 0.01706867 0.02818643 0.01524542 0.00653178 0.01137127 0.02073979 0.03199869 0.02098151 0.01356756 0.02227605 0.03195960 0.01813552 0.02123395 0.02801054 0.01958998 0.01811687 0.01841059 0.05094360 0.03957028 
0.02687352 0.02232882 0.02520610 0.02230190 0.02232882 0.02232882 0.01048428 0.02486222 0.03706890 0.04345549 0.02232882 0.03206744 0.02238857 0.02241808 0.02275963 0.00000000 0.01827174 0.01659707 0.02557185 0.02142834 0.01489018 0.01653756 0.01768431 0.00871752 0.00670323 0.02142834 0.02142834 0.01225072 0.02501670 0.01444022 0.02142834 0.03225424 0.01444022 0.02377848 0.01965292 0.02296591 0.01982501 0.02296591 0.03069836 0.02729762 0.01979823 0.02705375 0.02258471 0.01897850 0.00821360 0.02142834 0.02075373 0.01535930 0.02889998 0.03110828 0.01449060 0.03842304 0.02142834 0.01776702 0.02949724 0.02142834 0.02142834 0.01496399 0.01935172 0.01475756 0.01781365 0.01897410 0.01229610 0.02219776 0.02985835 0.01443664 0.00702996 0.02296591 0.02549784 0.01200407 0.02564098 0.02377538 0.02175327 0.02479448 0.03757886 0.01444022 0.03476155 0.01442555 0.04477043 0.02293818 0.00958151 0.02328547 0.03413681 0.02629522 0.03313683 0.02917139 0.02421922 0.03518037 0.01471136 0.01284686 0.01158943 0.02809145 0.02142834 0.01626954 0.02569650 0.01614813 0.00875464 0.02218503 0.02569873 0.02493921 0.02740677 0.02613673 
0.02651928 0.01253200 0.02262646 0.02618937 0.01253200 0.01253200 0.01109876 0.02561843 0.02833687 0.01544860 0.01253200 0.02579556 0.02462061 0.01734920 0.01427533 0.01827174 0.00000000 0.02791188 0.02666293 0.02221844 0.03027259 0.01077124 0.01394060 0.01344874 0.02434520 0.02221844 0.02221844 0.00815606 0.01992201 0.01070035 0.02221844 0.02886759 0.01070035 0.01529724 0.03128834 0.01101991 0.03084743 0.01101991 0.02653012 0.02342512 0.02370291 0.02262801 0.02576625 0.01716949 0.01977514 0.02221844 0.02535761 0.03509248 0.02039334 0.02096999 0.01880625 0.02446845 0.02221844 0.01256819 0.01544687 0.02221844 0.02221844 0.04255701 0.03297335 0.01695068 0.02246514 0.01084846 0.02393925 0.03131978 0.02140965 0.03117869 0.01498102 0.01101991 0.01964594 0.03499621 0.02154815 0.01800863 0.02873376 0.03893688 0.02365681 0.01070035 0.01670342 0.02352281 0.02283521 0.02198190 0.03353960 0.02793890 0.03039070 0.02363759 0.02747140 0.01468879 0.02461781 0.03074386 0.00894412 0.02163828 0.02722854 0.04148488 0.02221844 0.01158967 0.02768949 0.02626289 0.02956731 0.02320922 0.02760766 0.02459714 0.01257448 0.01485896 
0.03036018 0.01624540 0.01909332 0.02227375 0.01624540 0.01624540 0.01022184 0.01415358 0.02700423 0.01759351 0.01624540 0.01934902 0.02498369 0.02623867 0.02935159 0.01659707 0.02791188 0.00000000 0.02053278 0.01775149 0.02308463 0.03047130 0.03743479 0.02534790 0.02149576 0.01775149 0.01775149 0.01497332 0.02264161 0.01488074 0.01775149 0.02726263 0.01488074 0.02454304 0.03149101 0.01581452 0.02654201 0.01581452 0.02794439 0.01993496 0.03610501 0.02460142 0.01805239 0.03299230 0.01271636 0.01775149 0.02023117 0.01946812 0.02634135 0.01542861 0.02778195 0.02104768 0.01775149 0.03241000 0.03199385 0.01775149 0.01775149 0.02235998 0.02551543 0.02342087 0.02805234 0.01998100 0.01338682 0.01318734 0.01913550 0.02279990 0.00842503 0.01581452 0.02318864 0.02213935 0.02399811 0.02217286 0.02403214 0.02426435 0.01762443 0.01488074 0.01945036 0.03628558 0.01917164 0.03079334 0.02535935 0.02504316 0.02394185 0.02336321 0.02291271 0.02303573 0.02079261 0.01894133 0.02916374 0.02630833 0.03865567 0.02611394 0.01775149 0.02517355 0.01837403 0.01999062 0.03205388 0.02002957 0.01684248 0.02628606 0.02736944 0.02983798 
0.01925611 0.01570578 0.03284300 0.03247876 0.01570578 0.01570578 0.02639170 0.01929073 0.00442435 0.02120681 0.01570578 0.02093357 0.00000000 0.02278875 0.01949612 0.02557185 0.02666293 0.02053278 0.00000000 0.02313532 0.02564843 0.01693629 0.01545976 0.02473491 0.03123225 0.02313532 0.02313532 0.02241203 0.01506504 0.03484711 0.02313532 0.04116807 0.03484711 0.01119013 0.01452871 0.01476163 0.01583303 0.01476163 0.01856322 0.00640665 0.00399255 0.02332554 0.01023868 0.01891643 0.03844261 0.02313532 0.03129615 0.02764721 0.02464521 0.02381375 0.01469602 0.02213838 0.02313532 0.01517840 0.01536784 0.02313532 0.02313532 0.04164717 0.00859530 0.02801949 0.00816268 0.02049050 0.04170717 0.02840371 0.03103261 0.02330398 0.01798351 0.01476163 0.02697574 0.02913561 0.01828684 0.00678826 0.03063846 0.01961722 0.03786531 0.03484711 0.04100010 0.03032616 0.02333306 0.01040267 0.03229785 0.02571704 0.02906762 0.02256978 0.01346592 0.01595522 0.03066225 0.01398063 0.01412134 0.01926967 0.02743041 0.01457830 0.02313532 0.01514806 0.01308928 0.04835306 0.02515395 0.01017993 0.01295376 0.02536878 0.01668425 0.01754613 
0.02062611 0.02479394 0.01920871 0.01997864 0.02479394 0.02479394 0.02146687 0.02061616 0.01969736 0.02081432 0.02479394 0.02017469 0.02053995 0.01932201 0.02227605 0.02142834 0.02221844 0.01775149 0.02313532 0.00000000 0.02181560 0.02072890 0.01874604 0.01932749 0.02047761 0.02808499 0.02808499 0.02157974 0.01949192 0.02431636 0.02808499 0.02037035 0.02431636 0.02194237 0.02234069 0.02439120 0.01851509 0.02439120 0.01920895 0.02044468 0.02226931 0.02050252 0.02058584 0.02075705 0.02165297 0.02808499 0.02003272 0.02025632 0.02240066 0.02142916 0.01874963 0.01919760 0.02808499 0.02491998 0.01959746 0.02808499 0.02808499 0.02071252 0.02018820 0.02034082 0.02032384 0.01943991 0.02059105 0.02125184 0.01921970 0.01917844 0.02336781 0.02439120 0.01924591 0.02152836 0.01933212 0.02046491 0.01917804 0.02043864 0.02045366 0.02431636 0.02057780 0.01965247 0.02034325 0.01932886 0.01924560 0.01886709 0.02255665 0.01887472 0.01918909 0.01941813 0.02040794 0.02215062 0.02235755 0.01836384 0.01938192 0.02426410 0.02808499 0.02470393 0.02148679 0.02130459 0.01929814 0.02150783 0.02150265 0.01943269 0.02290346 0.02541289 
0.00713585 0.02608468 0.02778168 0.02689193 0.02608468 0.02608468 0.01175644 0.00734808 0.01289341 0.02795717 0.02608468 0.03901059 0.02634874 0.03960507 0.02859321 0.01489018 0.03027259 0.02308463 0.02564843 0.02181560 0.00000000 0.04141984 0.02750774 0.01773498 0.03146284 0.02181560 0.02181560 0.01521798 0.03074900 0.01404565 0.02181560 0.01154230 0.01404565 0.03138235 0.01436774 0.02740048 0.04055283 0.02740048 0.01601658 0.01772171 0.01000568 0.01538078 0.00800808 0.02749295 0.02905353 0.02181560 0.01065802 0.02325045 0.00805700 0.02700036 0.02002593 0.01984284 0.02181560 0.01384785 0.02722145 0.02181560 0.02181560 0.02504949 0.02321125 0.03377226 0.00808895 0.02550517 0.02915753 0.01440502 0.02260764 0.01876021 0.00885481 0.02740048 0.01568926 0.04117400 0.01278542 0.01739212 0.01388434 0.02720170 0.02694235 0.01404565 0.01835195 0.01497250 0.03233826 0.01996279 0.03733224 0.03263580 0.02886820 0.02502559 0.02593841 0.00678201 0.02835724 0.01592363 0.01688744 0.03289599 0.03455489 0.01384946 0.02181560 0.01361979 0.00689254 0.02719876 0.03043420 0.01153334 0.00685326 0.02217739 0.01964148 0.02178990 
0.03371556 0.03005466 0.01057588 0.02024961 0.03005466 0.03005466 0.01513715 0.00871513 0.01247597 0.02604742 0.03005466 0.01629295 0.02723591 0.03248466 0.01950869 0.01653756 0.01077124 0.03047130 0.01693629 0.02072890 0.04141984 0.00000000 0.03136945 0.03124247 0.02567492 0.02072890 0.02072890 0.02002315 0.03000146 0.00994301 0.02072890 0.01907943 0.00994301 0.02261867 0.01478494 0.03262375 0.02707873 0.03262375 0.02032075 0.02253974 0.03500897 0.02045492 0.01244591 0.03154628 0.01074944 0.02072890 0.02156247 0.01451146 0.01729206 0.01890898 0.03036211 0.01424117 0.02072890 0.01560527 0.03026312 0.02072890 0.02072890 0.01293934 0.01450713 0.01729555 0.02720779 0.01601801 0.01479003 0.01158153 0.01548189 0.02683327 0.01655947 0.03262375 0.03205433 0.01630161 0.03085400 0.02363706 0.02275341 0.01222783 0.01165770 0.00994301 0.02026840 0.03523449 0.02945681 0.03277189 0.02010136 0.02479723 0.01602064 0.02000442 0.01159774 0.02421431 0.02267424 0.02072339 0.04719542 0.03120607 0.03433915 0.01115575 0.02072890 0.04307849 0.00944838 0.01384850 0.03790467 0.01275703 0.00942740 0.02445269 0.01952054 0.01959339 
0.01800403 0.01360652 0.02602402 0.03068794 0.01360652 0.01360652 0.01747618 0.01493124 0.02853364 0.02656570 0.01360652 0.02588430 0.02796845 0.02058869 0.02212358 0.01768431 0.01394060 0.03743479 0.01545976 0.01874604 0.02750774 0.03136945 0.00000000 0.02064462 0.02795483 0.01874604 0.01874604 0.01975633 0.02386796 0.02428128 0.01874604 0.02088207 0.02428128 0.03091455 0.03565705 0.01280000 0.02671680 0.01280000 0.02400108 0.02531714 0.02992438 0.01542997 0.01703234 0.03913347 0.02520406 0.01874604 0.02391660 0.01456158 0.03100885 0.02488013 0.03134375 0.01941316 0.01874604 0.02777835 0.04463955 0.01874604 0.01874604 0.01429552 0.02835063 0.02738517 0.01713121 0.02328091 0.01715386 0.01305861 0.01635370 0.01820442 0.01392431 0.01280000 0.01863198 0.02299959 0.02862989 0.01419381 0.02154267 0.01804859 0.01233039 0.02428128 0.01443216 0.02833454 0.01520551 0.02876801 0.02243596 0.02721401 0.02597040 0.01832577 0.02651105 0.01476302 0.01510650 0.01173874 0.02361834 0.02477828 0.04417476 0.02174785 0.01874604 0.02228811 0.01659484 0.02033379 0.03051353 0.01945343 0.01641652 0.03588576 0.02382795 0.03195502 
0.02145023 0.02413943 0.02021258 0.01622474 0.02413943 0.02413943 0.02863994 0.01962692 0.00861489 0.00913668 0.02413943 0.01867279 0.02514998 0.03339109 0.02137445 0.00871752 0.01344874 0.02534790 0.02473491 0.01932749 0.01773498 0.03124247 0.02064462 0.00000000 0.03968914 0.01932749 0.01932749 0.02676089 0.02700313 0.02815805 0.01932749 0.01571646 0.02815805 0.02300098 0.02558865 0.02550354 0.02310089 0.02550354 0.01870191 0.03085333 0.03168120 0.02063566 0.01885620 0.02883742 0.02637655 0.01932749 0.01574684 0.01423534 0.01248836 0.01426310 0.03787248 0.01843902 0.01932749 0.03697529 0.02311214 0.01932749 0.01932749 0.01659990 0.02330614 0.02480805 0.03222618 0.02600807 0.02620938 0.01314933 0.02108118 0.02754071 0.02930127 0.02550354 0.01723742 0.02326090 0.01410188 0.02942683 0.01421075 0.01353373 0.01920631 0.02815805 0.02019249 0.02365203 0.02587706 0.02566693 0.02173108 0.02476776 0.01413303 0.02709325 0.01331403 0.02009512 0.03743628 0.01711093 0.02097954 0.02324074 0.01967184 0.01468344 0.01932749 0.02046349 0.01715510 0.02404360 0.03413722 0.01640513 0.01699552 0.01497714 0.02487501 0.02786089 
0.01525478 0.02719317 0.02901089 0.02143885 0.02719317 0.02719317 0.02599868 0.01417952 0.02392682 0.01208394 0.02719317 0.02251952 0.01130622 0.02710017 0.02309364 0.00670323 0.02434520 0.02149576 0.03123225 0.02047761 0.03146284 0.02567492 0.02795483 0.03968914 0.00000000 0.02047761 0.02047761 0.02614888 0.01678811 0.02400294 0.02047761 0.01822215 0.02400294 0.03229507 0.01567209 0.02904210 0.03097075 0.02904210 0.02359964 0.00993166 0.01725752 0.02592665 0.01511771 0.01993913 0.03517073 0.02047761 0.01726442 0.02146604 0.00732829 0.02344932 0.02631143 0.01233207 0.02047761 0.01457819 0.02329583 0.02047761 0.02047761 0.02148156 0.02498826 0.03574281 0.00853773 0.02682039 0.03444535 0.02109251 0.02401487 0.03750828 0.02699301 0.02904210 0.01093624 0.03689811 0.01492553 0.01068927 0.01604591 0.02817989 0.02170608 0.02400294 0.02291504 0.01959204 0.02338921 0.01900930 0.02542647 0.02971707 0.02235651 0.02188765 0.01770331 0.00933100 0.02345593 0.01914106 0.02052783 0.01789969 0.02245570 0.01310797 0.02047761 0.01411599 0.01186056 0.03376519 0.02381880 0.00952049 0.01159901 0.01938071 0.02927870 0.03133909 
0.02062611 0.02479394 0.01920871 0.01997864 0.02479394 0.02479394 0.02146687 0.02061616 0.01969736 0.02081432 0.02479394 0.02017469 0.02053995 0.01932201 0.02227605 0.02142834 0.02221844 0.01775149 0.02313532 0.02808499 0.02181560 0.02072890 0.01874604 0.01932749 0.02047761 0.00000000 0.02808499 0.02157974 0.01949192 0.02431636 0.02808499 0.02037035 0.02431636 0.02194237 0.02234069 0.02439120 0.01851509 0.02439120 0.01920895 0.02044468 0.02226931 0.02050252 0.02058584 0.02075705 0.02165297 0.02808499 0.02003272 0.02025632 0.02240066 0.02142916 0.01874963 0.01919760 0.02808499 0.02491998 0.01959746 0.02808499 0.02808499 0.02071252 0.02018820 0.02034082 0.02032384 0.01943991 0.02059105 0.02125184 0.01921970 0.01917844 0.02336781 0.02439120 0.01924591 0.02152836 0.01933212 0.02046491 0.01917804 0.02043864 0.02045366 0.02431636 0.02057780 0.01965247 0.02034325 0.01932886 0.01924560 0.01886709 0.02255665 0.01887472 0.01918909 0.01941813 0.02040794 0.02215062 0.02235755 0.01836384 0.01938192 0.02426410 0.02808499 0.02470393 0.02148679 0.02130459 0.01929814 0.02150783 0.02150265 0.01943269 0.02290346 0.02541289 
0.02062611 0.02479394 0.01920871 0.01997864 0.02479394 0.02479394 0.02146687 0.02061616 0.01969736 0.02081432 0.02479394 0.02017469 0.02053995 0.01932201 0.02227605 0.02142834 0.02221844 0.01775149 0.02313532 0.02808499 0.02181560 0.02072890 0.01874604 0.01932749 0.02047761 0.02808499 0.00000000 0.02157974 0.01949192 0.02431636 0.02808499 0.02037035 0.02431636 0.02194237 0.02234069 0.02439120 0.01851509 0.02439120 0.01920895 0.02044468 0.02226931 0.02050252 0.02058584 0.02075705 0.02165297 0.02808499 0.02003272 0.02025632 0.02240066 0.02142916 0.01874963 0.01919760 0.02808499 0.02491998 0.01959746 0.02808499 0.02808499 0.02071252 0.02018820 0.02034082 0.02032384 0.01943991 0.02059105 0.02125184 0.01921970 0.01917844 0.02336781 0.02439120 0.01924591 0.02152836 0.01933212 0.02046491 0.01917804 0.02043864 0.02045366 0.02431636 0.02057780 0.01965247 0.02034325 0.01932886 0.01924560 0.01886709 0.02255665 0.01887472 0.01918909 0.01941813 0.02040794 0.02215062 0.02235755 0.01836384 0.01938192 0.02426410 0.02808499 0.02470393 0.02148679 0.02130459 0.01929814 0.02150783 0.02150265 0.01943269 0.02290346 0.02541289 
0.01079909 0.03311660 0.02058098 0.02085743 0.03311660 0.03311660 0.04339359 0.03184405 0.01461252 0.01609540 0.03311660 0.01004671 0.03162846 0.01919570 0.00931036 0.01225072 0.00815606 0.01497332 0.02241203 0.02157974 0.01521798 0.02002315 0.01975633 0.02676089 0.02614888 0.02157974 0.02157974 0.00000000 0.02859301 0.03707394 0.02157974 0.01103507 0.03707394 0.01690322 0.00658938 0.03604197 0.01316760 0.03604197 0.00800456 0.02625848 0.01250672 0.01720625 0.03875244 0.01887208 0.03211479 0.02157974 0.01671433 0.02920622 0.01408053 0.02770365 0.01346344 0.01085768 0.02157974 0.00946488 0.01873322 0.02157974 0.02157974 0.01918538 0.00968807 0.02394287 0.03076432 0.03317218 0.03457207 0.02462598 0.02498156 0.02551257 0.04608848 0.03604197 0.01470733 0.01935019 0.02140468 0.02687808 0.02362588 0.01213353 0.01782179 0.03707394 0.02177931 0.01088049 0.01675546 0.01649513 0.01648889 0.02176693 0.01009087 0.01535061 0.01686491 0.02827828 0.02610222 0.02465369 0.02602352 0.02162861 0.01724652 0.01004347 0.02157974 0.01023395 0.03183791 0.02994661 0.01830292 0.03442433 0.03160606 0.01391499 0.01010720 0.01439670 
0.02060515 0.02488737 0.01525026 0.01104747 0.02488737 0.02488737 0.03042663 0.03540184 0.03010445 0.01796768 0.02488737 0.01139655 0.04894935 0.02838363 0.02680777 0.02501670 0.01992201 0.02264161 0.01506504 0.01949192 0.03074900 0.03000146 0.02386796 0.02700313 0.01678811 0.01949192 0.01949192 0.02859301 0.00000000 0.02951930 0.01949192 0.01704535 0.02951930 0.01701814 0.02019588 0.02627812 0.02624133 0.02627812 0.01662208 0.02457857 0.02170640 0.02148847 0.03426926 0.03014027 0.01862952 0.01949192 0.01495614 0.02308834 0.01316306 0.02461556 0.02818657 0.01475879 0.01949192 0.01157187 0.02584811 0.01949192 0.01949192 0.02344705 0.01541005 0.01967689 0.01222531 0.01767941 0.01991922 0.02133291 0.02035785 0.01929869 0.03102429 0.02627812 0.01238240 0.01339272 0.01577447 0.01408598 0.01524573 0.02140210 0.02110596 0.02951930 0.01805615 0.01237752 0.04214130 0.02822593 0.02733636 0.02936221 0.01283196 0.01138960 0.01561516 0.02412609 0.01401400 0.03142354 0.01631770 0.02613893 0.02445311 0.03091964 0.01949192 0.01121213 0.03451682 0.01340048 0.02504603 0.03474965 0.03440519 0.00957550 0.01752315 0.01880092 
0.01178840 0.01538840 0.02878747 0.02570936 0.01538840 0.01538840 0.04214671 0.03555062 0.02050722 0.01315151 0.01538840 0.01415951 0.01886597 0.02694410 0.01178913 0.01444022 0.01070035 0.01488074 0.03484711 0.02431636 0.01404565 0.00994301 0.02428128 0.02815805 0.02400294 0.02431636 0.02431636 0.03707394 0.02951930 0.00000000 0.02431636 0.02081302 0.04831548 0.03051244 0.01004295 0.01398359 0.01295933 0.01398359 0.01510925 0.02420339 0.02547180 0.01250995 0.02719055 0.03248773 0.03564730 0.02431636 0.01520373 0.01679931 0.01488032 0.03471801 0.02643890 0.01890922 0.02431636 0.01408977 0.01547833 0.02431636 0.02431636 0.03321342 0.01412155 0.02999650 0.02206225 0.02627315 0.03312206 0.03394665 0.02672346 0.02730239 0.03595608 0.01398359 0.01255290 0.01263103 0.02934920 0.02434159 0.01170864 0.01307780 0.03094765 0.04831548 0.02048340 0.01543491 0.01495000 0.01320003 0.02752685 0.02553948 0.01230971 0.00811184 0.01561671 0.02724430 0.02366475 0.01015253 0.01043366 0.02488710 0.01812637 0.01340086 0.02431636 0.01419539 0.02840094 0.02356622 0.01836407 0.02891594 0.02812902 0.01620295 0.01287214 0.01728447 
0.02062611 0.02479394 0.01920871 0.01997864 0.02479394 0.02479394 0.02146687 0.02061616 0.01969736 0.02081432 0.02479394 0.02017469 0.02053995 0.01932201 0.02227605 0.02142834 0.02221844 0.01775149 0.02313532 0.02808499 0.02181560 0.02072890 0.01874604 0.01932749 0.02047761 0.02808499 0.02808499 0.02157974 0.01949192 0.02431636 0.00000000 0.02037035 0.02431636 0.02194237 0.02234069 0.02439120 0.01851509 0.02439120 0.01920895 0.02044468 0.02226931 0.02050252 0.02058584 0.02075705 0.02165297 0.02808499 0.02003272 0.02025632 0.02240066 0.02142916 0.01874963 0.01919760 0.02808499 0.02491998 0.01959746 0.02808499 0.02808499 0.02071252 0.02018820 0.02034082 0.02032384 0.01943991 0.02059105 0.02125184 0.01921970 0.01917844 0.02336781 0.02439120 0.01924591 0.02152836 0.01933212 0.02046491 0.01917804 0.02043864 0.02045366 0.02431636 0.02057780 0.01965247 0.02034325 0.01932886 0.01924560 0.01886709 0.02255665 0.01887472 0.01918909 0.01941813 0.02040794 0.02215062 0.02235755 0.01836384 0.01938192 0.02426410 0.02808499 0.02470393 0.02148679 0.02130459 0.01929814 0.02150783 0.02150265 0.01943269 0.02290346 0.02541289 
0.02657752 0.01653042 0.03110499 0.01968856 0.01653042 0.01653042 0.01343731 0.01956727 0.03029116 0.03287199 0.01653042 0.02761287 0.01423595 0.01549925 0.02795689 0.03225424 0.02886759 0.02726263 0.04116807 0.02037035 0.01154230 0.01907943 0.02088207 0.01571646 0.01822215 0.02037035 0.02037035 0.01103507 0.01704535 0.02081302 0.02037035 0.00000000 0.02081302 0.01037757 0.02516543 0.01622523 0.01660755 0.01622523 0.02452880 0.01647068 0.00626748 0.03751178 0.01614875 0.01599063 0.01949545 0.02037035 0.02672444 0.02251649 0.02570699 0.02291479 0.01657830 0.02373529 0.02037035 0.02073227 0.01985961 0.02037035 0.02037035 0.03419364 0.01809609 0.02120428 0.03062778 0.02589376 0.02165460 0.02012130 0.03266799 0.02201014 0.00825159 0.01622523 0.03416927 0.01616381 0.02438182 0.02330798 0.02527976 0.02854074 0.03023865 0.02081302 0.04050579 0.03577319 0.01973895 0.01621046 0.02223521 0.02296373 0.03240628 0.02625612 0.02849367 0.01479533 0.01968184 0.02266765 0.02213284 0.01684367 0.02079825 0.03094362 0.02037035 0.01844354 0.01910212 0.02994701 0.01630070 0.01791103 0.01903345 0.02716825 0.02979103 0.02296450 
0.01178840 0.01538840 0.02878747 0.02570936 0.01538840 0.01538840 0.04214671 0.03555062 0.02050722 0.01315151 0.01538840 0.01415951 0.01886597 0.02694410 0.01178913 0.01444022 0.01070035 0.01488074 0.03484711 0.02431636 0.01404565 0.00994301 0.02428128 0.02815805 0.02400294 0.02431636 0.02431636 0.03707394 0.02951930 0.04831548 0.02431636 0.02081302 0.00000000 0.03051244 0.01004295 0.01398359 0.01295933 0.01398359 0.01510925 0.02420339 0.02547180 0.01250995 0.02719055 0.03248773 0.03564730 0.02431636 0.01520373 0.01679931 0.01488032 0.03471801 0.02643890 0.01890922 0.02431636 0.01408977 0.01547833 0.02431636 0.02431636 0.03321342 0.01412155 0.02999650 0.02206225 0.02627315 0.03312206 0.03394665 0.02672346 0.02730239 0.03595608 0.01398359 0.01255290 0.01263103 0.02934920 0.02434159 0.01170864 0.01307780 0.03094765 0.04831548 0.02048340 0.01543491 0.01495000 0.01320003 0.02752685 0.02553948 0.01230971 0.00811184 0.01561671 0.02724430 0.02366475 0.01015253 0.01043366 0.02488710 0.01812637 0.01340086 0.02431636 0.01419539 0.02840094 0.02356622 0.01836407 0.02891594 0.02812902 0.01620295 0.01287214 0.01728447 
0.01958276 0.01416911 0.01812845 0.04396724 0.01416911 0.01416911 0.02138497 0.01477021 0.01441411 0.02311380 0.01416911 0.02314714 0.00729207 0.03695315 0.03634286 0.02377848 0.01529724 0.02454304 0.01119013 0.02194237 0.03138235 0.02261867 0.03091455 0.02300098 0.03229507 0.02194237 0.02194237 0.01690322 0.01701814 0.03051244 0.02194237 0.01037757 0.03051244 0.00000000 0.02036445 0.01274461 0.04401281 0.01274461 0.02404676 0.00586546 0.03088560 0.00676609 0.00610125 0.02440200 0.01923758 0.02194237 0.02043759 0.00114726 0.02554745 0.02274012 0.02861537 0.03780981 0.02194237 0.02083759 0.03216428 0.02194237 0.02194237 0.01369625 0.03372446 0.02907524 0.03004064 0.01485421 0.01338707 0.02474502 0.01686854 0.03070848 0.01361294 0.01274461 0.01926261 0.01738769 0.03794117 0.04131909 0.01727787 0.00935558 0.02196385 0.03051244 0.01100082 0.02592212 0.02929201 0.02920000 0.04443468 0.02820817 0.02043750 0.01463335 0.02256027 0.03270101 0.00779324 0.01275210 0.02535357 0.03143741 0.02623422 0.01348258 0.02194237 0.03730432 0.00955561 0.00277032 0.01819224 0.00611737 0.00925722 0.02837991 0.03348115 0.04037176 
0.02821855 0.01213780 0.02146509 0.02259569 0.01213780 0.01213780 0.00962193 0.02627991 0.02854700 0.01577353 0.01213780 0.01808020 0.02460203 0.01995479 0.02051377 0.01965292 0.03128834 0.03149101 0.01452871 0.02234069 0.01436774 0.01478494 0.03565705 0.02558865 0.01567209 0.02234069 0.02234069 0.00658938 0.02019588 0.01004295 0.02234069 0.02516543 0.01004295 0.02036445 0.00000000 0.01029489 0.03498703 0.01029489 0.03010274 0.03787664 0.01982225 0.03258459 0.02613801 0.01969829 0.01297025 0.02234069 0.02760421 0.01838844 0.02340519 0.01958089 0.03354610 0.02890060 0.02234069 0.04874924 0.02571236 0.02234069 0.02234069 0.02397467 0.04306736 0.02321034 0.02156057 0.02361117 0.00862411 0.01309597 0.01364485 0.01327863 0.01276931 0.01029489 0.02488029 0.01135748 0.02495995 0.02890092 0.02330895 0.03199013 0.01531086 0.01004295 0.01745560 0.02877805 0.02381932 0.02532684 0.02608652 0.01703972 0.01181767 0.02671275 0.02409381 0.01698069 0.02083434 0.03144579 0.01270295 0.02456813 0.03387029 0.04182256 0.02234069 0.01639548 0.02839421 0.01609823 0.02619158 0.02405431 0.02831634 0.03397836 0.02159989 0.01555736 
