0.00000000 0.20951586 0.13683026 0.09951718 0.07893105 0.10375365 0.07522409 0.07104404 0.12881332 0.10949249 0.12964130 0.13473465 0.09746660 0.11613668 0.09301656 0.12963357 0.07219259 0.07777558 0.10999581 0.07759128 0.09147200 0.10293061 0.09024958 0.13277336 0.08539451 0.06429917 0.07234455 0.08653210 0.06120328 0.09897317 0.11287994 0.08334629 0.07437879 0.09212852 0.10300932 0.01914516 0.09880715 0.05102361 0.08306937 0.11343863 0.13213789 0.13778152 0.07559737 0.09440728 0.07576141 0.10314864 0.11460904 0.08111234 0.04868499 0.06183059 0.06419068 0.06866157 0.09933503 0.06385443 0.06669505 0.04658771 0.06350626 0.05990671 0.10254726 0.10841347 0.10439554 0.08720179 0.08034742 0.09964157 0.08358935 0.13787747 0.06416045 0.06723170 0.08424149 0.08320147 0.12894913 0.08154362 0.07031253 0.08080745 0.06763030 0.10914184 0.08379201 0.10140354 0.12888033 0.14984318 0.09778841 0.11407669 0.11278801 0.06784045 0.11443568 0.12935772 0.10830807 0.05363427 0.07894281 0.07927200 0.09217659 0.09500756 0.09338701 0.08607659 0.11890695 0.08820516 0.07164593 0.08378445 0.09136678 0.10756586 0.12838412 0.12186117 
0.20951586 0.00000000 0.14880769 0.15659002 0.09743150 0.07640760 0.08231281 0.07440396 0.13291948 0.08350620 0.12639872 0.11210334 0.07301897 0.06473246 0.09375037 0.08692304 0.08544250 0.07821105 0.08993727 0.06671358 0.10066093 0.08983444 0.07574679 0.13935364 0.11712066 0.05578726 0.06426758 0.08691950 0.10472941 0.11497071 0.06732029 0.09046867 0.05149962 0.12907100 0.09014541 0.04989318 0.11022170 0.13086155 0.25558185 0.12820169 0.05345293 0.10964357 0.07548115 0.07475386 0.09413106 0.11918720 0.09281781 0.06892215 0.04016999 0.11396604 0.05862217 0.06952540 0.06338141 0.09461981 0.11394330 0.00669314 0.08723582 0.04516109 0.08457198 0.09387288 0.12962259 0.09454993 0.07835928 0.07621671 0.05921911 0.07192068 0.10154053 0.08197256 0.12556776 0.09528974 0.07215785 0.09495948 0.09099440 0.09637608 0.06715912 0.09920617 0.08194903 0.08930969 0.11810025 0.10551157 0.06490826 0.08171635 0.09030356 0.06172288 0.10458100 0.10218724 0.06756948 0.05548739 0.08698691 0.11716230 0.08548219 0.08416637 0.12231280 0.10902821 0.09731273 0.13938354 0.10673811 0.11533615 0.08754433 0.09221027 0.12684583 0.11802613 
0.13683026 0.14880769 0.00000000 0.22156549 0.09330507 0.08745503 0.13272096 0.11631084 0.09157306 0.08621395 0.07527015 0.12725905 0.11772466 0.10071647 0.05575278 0.12114479 0.13889755 0.09369410 0.21825433 0.07520913 0.08520063 0.14352797 0.11380217 0.10725910 0.09408985 0.05841615 0.09417204 0.09118212 0.10596555 0.06845335 0.05742938 0.08444267 0.04028467 0.12325386 0.10864454 0.03893003 0.11806258 0.12334545 0.11274591 0.07928051 0.03385258 0.07672730 0.08085008 0.06902446 0.11351680 0.07742520 0.02455350 0.09882693 0.11479173 0.11958247 0.06859565 0.05849896 0.03704574 0.09583504 0.06659407 0.06016592 0.09631364 0.04962074 0.15168965 0.08680093 0.06938576 0.04968511 0.10839412 0.03908344 0.04252195 0.06230544 0.08291146 0.08695335 0.07944499 0.07001613 0.16409911 0.11993434 0.09614101 0.15023034 0.10966772 0.09511802 0.09136384 0.07714244 0.11548725 0.12179496 0.10098616 0.10913379 0.06325212 0.12128164 0.09728071 0.15396053 0.10594692 0.09056564 0.13179855 0.09144403 0.13156288 0.09532889 0.10492132 0.13430308 0.10180011 0.06293535 0.07166494 0.05815066 0.07773015 0.07333389 0.10586166 0.10069786 
0.09951718 0.15659002 0.22156549 0.00000000 0.13609906 0.14092809 0.13761670 0.04441072 0.10505799 0.06780246 0.08675774 0.10040688 0.13891553 0.08135623 0.05015080 0.09216976 0.11331616 0.09324534 0.09717798 0.09136470 0.06536591 0.08922332 0.10850111 0.11249290 0.05695065 0.07296423 0.09776578 0.06664405 0.09018598 0.12089567 0.07561725 0.10610297 0.07225533 0.05555097 0.09301337 0.04989095 0.13532167 0.07427782 0.08606119 0.08932887 0.08240055 0.09883834 0.09677388 0.03894793 0.09324942 0.09178513 0.10274606 0.10345019 0.18289717 0.04924248 0.08743967 0.09525925 0.10999137 0.05117153 0.12532507 0.10728966 0.04339831 0.09426249 0.08016997 0.09855639 0.13278605 0.10289585 0.11600032 0.06877327 0.12253934 0.08457893 0.06603076 0.12303347 0.12688268 0.08795805 0.13271603 0.12699076 0.06498693 0.09369790 0.03929967 0.06878852 0.12994096 0.10343541 0.08662871 0.11381959 0.07868486 0.08655517 0.06137623 0.04908310 0.06243425 0.06688462 0.09637944 0.12075173 0.15285884 0.14940396 0.17554017 0.05756872 0.13402994 0.17008281 0.07422493 0.08758578 0.08396117 0.06761814 0.06510032 0.09004730 0.07851607 0.09133749 
0.07893105 0.09743150 0.09330507 0.13609906 0.00000000 0.17553120 0.21876925 0.14262693 0.02708297 0.07238760 0.08667673 0.10261259 0.08603820 0.06665786 0.13522645 0.06948695 0.04631338 0.07843800 0.16598321 0.13601839 0.09134901 0.11873783 0.13185946 0.05813665 0.10412922 0.08774606 0.08172695 0.06779276 0.06278839 0.10132585 0.07994718 0.11530139 0.11935429 0.07123015 0.07433383 0.20714586 0.06716604 0.10326135 0.14146987 0.11114833 0.10009884 0.15285964 0.11664661 0.05452791 0.11095429 0.10002429 0.04485994 0.14283758 0.11985839 0.09065060 0.06932949 0.09013398 0.05864532 0.07917195 0.13145834 0.09701313 0.06605792 0.03206852 0.17737458 0.06980570 0.09473607 0.06713186 0.09674799 0.11042834 0.10430436 0.07702001 0.10073669 0.16640196 0.08775467 0.14030632 0.08767490 0.06818671 0.07548931 0.11761576 0.07397967 0.08757555 0.11077763 0.11895102 0.03664479 0.03033265 0.08545543 0.12138392 0.06812660 0.08959682 0.08488029 0.07590490 0.08540419 0.05402169 0.09302863 0.12082483 0.12383077 0.06372192 0.05651022 0.07067397 0.04968870 0.06646292 0.06174033 0.07453136 0.11186265 0.09808778 0.08547576 0.09452121 
0.10375365 0.07640760 0.08745503 0.14092809 0.17553120 0.00000000 0.14237711 0.08449437 0.07446724 0.09010716 0.07870425 0.07887318 0.10060069 0.10552659 0.07094115 0.07132452 0.06764685 0.04618140 0.08125976 0.09970523 0.11598851 0.08346416 0.12283684 0.08566354 0.06810993 0.17645545 0.08462486 0.08771266 0.07989293 0.10919488 0.13745691 0.11015389 0.10791956 0.06460554 0.25535084 0.11857161 0.10030146 0.07259308 0.08778573 0.09951851 0.11250995 0.05991033 0.10703992 0.05325857 0.10054409 0.07303003 0.07336769 0.14677376 0.06565035 0.04529004 0.10135534 0.04435553 0.13412500 0.10922418 0.02228393 0.11061428 0.10141748 0.06191061 0.10076948 0.10357785 0.08966907 0.10664721 0.15987529 0.07190055 0.07760218 0.11858897 0.07339218 0.08381525 0.05255935 0.06913016 0.08523125 0.09204326 0.09438741 0.12488863 0.06799417 0.12412736 0.12451556 0.07768006 0.11165518 0.05221844 0.09366023 0.03127971 0.03545488 0.04598345 0.08768629 0.06565455 0.10666723 0.09861178 0.08911365 0.12006640 0.07119863 0.14826111 0.07524727 0.10226042 0.09876842 0.09974038 0.12331380 0.07139704 0.08799081 0.09755314 0.08143951 0.08292687 
0.07522409 0.08231281 0.13272096 0.13761670 0.21876925 0.14237711 0.00000000 0.21384568 0.05647871 0.07755496 0.04722266 0.12454399 0.04051477 0.14493315 0.20217100 0.12140213 0.13346074 0.13180224 0.18241836 0.13165496 0.09817690 0.08843110 0.10901921 0.04361237 0.11722312 0.13634908 0.11262741 0.07235680 0.06709294 0.08429317 0.11982081 0.04241971 0.20488200 0.05414631 0.06466007 0.09527412 0.10137632 0.09185272 0.09529455 0.07737262 0.11538549 0.14037742 0.06250923 0.06966399 0.08503974 0.05618895 0.02748344 0.07045446 0.02810587 0.08487913 0.12620159 0.05950466 0.12805301 0.02660857 0.10840450 0.07390307 0.05083392 0.11454091 0.08598984 0.06766889 0.07018323 0.08120724 0.06347694 0.05153030 0.14528972 0.16752583 0.13247348 0.10680685 0.11495643 0.13475660 0.10242823 0.03940362 0.07659374 0.08439083 0.05148652 0.04610149 0.04303162 0.11157755 0.08973043 0.04605946 0.10369876 0.07182304 0.09139606 0.08508354 0.08418713 0.11951081 0.06282905 0.09519414 0.10577771 0.08406376 0.10412245 0.15680588 0.09205415 0.07796350 0.08040146 0.03872739 0.11073094 0.11096384 0.09412991 0.05326814 0.09092903 0.08571350 
0.07104404 0.07440396 0.11631084 0.04441072 0.14262693 0.08449437 0.21384568 0.00000000 0.18700072 0.19393772 0.12590406 0.06923319 0.09528622 0.07175965 0.06625451 0.12368362 0.11504463 0.11355803 0.12093112 0.06602095 0.13692276 0.06760374 0.10516610 0.01177076 0.05220287 0.12277936 0.10895187 0.15031214 0.10291812 0.14743950 0.12735157 0.14547500 0.10129988 0.08793949 0.06396948 0.13218908 0.12191778 0.09707938 0.10588816 0.11004156 0.05438801 0.08179103 0.11651572 0.05065087 0.08998317 0.08212893 0.08236845 0.11070051 0.04929425 0.11294573 0.11019468 0.12823644 0.13056839 0.15823926 0.09461740 0.09249777 0.08612357 0.10316547 0.09537052 0.08818543 0.03348882 0.10945878 0.07384864 0.08105967 0.07696306 0.14575608 0.05760584 0.11819877 0.08165967 0.07512482 0.08775424 0.07315599 0.18821948 0.04252266 0.12387915 0.04439343 0.08076532 0.08240056 0.13343328 0.07626962 0.08646944 0.05896083 0.10201136 0.08056164 0.04603774 0.10825210 0.04975594 0.05059492 0.05637294 0.03048645 0.07273449 0.14014790 0.05721624 0.05180949 0.09113546 0.08173007 0.11387435 0.17467827 0.06985709 0.06495078 0.07795654 0.09098568 
0.12881332 0.13291948 0.09157306 0.10505799 0.02708297 0.07446724 0.05647871 0.18700072 0.00000000 0.09836115 0.08583573 0.12221458 0.07579834 0.07353415 0.08971977 0.16423548 0.09720095 0.08754676 0.05188038 0.09589917 0.10944745 0.06916091 0.11734354 0.11046008 0.12189783 0.04793042 0.07931266 0.12724095 0.06668958 0.11836603 0.16588676 0.10082238 0.10799730 0.16187404 0.04849254 0.08901551 0.13897436 0.13688185 0.06121369 0.06674809 0.10343534 0.05406804 0.02764613 0.02881998 0.07555263 0.11353116 0.16807774 0.12953210 0.08715782 0.15263122 0.09909070 0.08656068 0.14988117 0.07548350 0.14921719 0.14849588 0.11009181 0.10891448 0.09035177 0.12732702 0.15046390 0.11472839 0.08524787 0.13096255 0.09929623 0.07088881 0.07741511 0.09609886 0.09203002 0.09253148 0.06565575 0.07197177 0.13647567 0.06381896 0.06537142 0.11601368 0.05222423 0.07292662 0.03893953 0.06739562 0.07129736 0.09200969 0.08970435 0.08809867 0.10088221 0.06546406 0.12016305 0.02524135 0.02245302 0.08884621 0.03869478 0.14915624 0.12724769 0.07982001 0.07736937 0.08624270 0.08673287 0.09746484 0.09003633 0.12093236 0.08372142 0.08441844 
0.10949249 0.08350620 0.08621395 0.06780246 0.07238760 0.09010716 0.07755496 0.19393772 0.09836115 0.00000000 0.25570422 0.25108613 0.21326181 0.10338182 0.13299255 0.17371000 0.05589368 0.10365546 0.06677459 0.05985524 0.03666185 0.05209351 0.11093123 0.07440248 0.03906813 0.11161814 0.09173707 0.25494341 0.07293120 0.32758513 0.18251930 0.07210331 0.10619484 0.10112579 0.07179805 0.03639822 0.13971142 0.08718368 0.11005464 0.06255157 0.07844003 0.06779407 0.03977809 0.06312343 0.05868374 0.06769795 0.05552805 0.07013844 0.10998762 0.13369339 0.14070114 0.11692418 0.17170132 0.16031495 0.09771681 0.15705424 0.08124580 0.11777555 0.07594733 0.06294327 0.06009367 0.04136191 0.01452398 0.05113153 0.06814760 0.07808731 0.07574514 0.03914223 0.12835434 0.10683692 0.14120196 0.07570262 0.04935547 0.06942075 0.11122824 0.04128246 0.11295745 0.16964297 0.06558328 0.08828256 0.07442674 0.05244416 0.06733220 0.06618346 0.07025066 0.08801889 0.10076853 0.03914060 0.05278614 0.05330232 0.06866012 0.10311702 0.11680688 0.06744532 0.07774192 0.07654391 0.03176768 0.09899276 0.07511907 0.08605136 0.09903784 0.11310962 
0.12964130 0.12639872 0.07527015 0.08675774 0.08667673 0.07870425 0.04722266 0.12590406 0.08583573 0.25570422 0.00000000 0.20302921 0.20040924 0.11688930 0.10845042 0.11929558 0.06185720 0.07384249 0.11610653 0.08537869 0.07667704 0.06375706 0.10204479 0.12043695 0.07333100 0.08629305 0.04853477 0.06867083 0.05650340 0.08635790 0.13060300 0.09394323 0.11224439 0.10637690 0.08141317 0.08367081 0.10968125 0.06704725 0.08729850 0.10395217 0.10932660 0.13455379 0.07021723 0.02853011 0.04660860 0.07736285 0.11280450 0.10669016 0.08233556 0.14197113 0.09000569 0.10049330 0.11559933 0.11898781 0.06116036 0.10593769 0.06773812 0.08219352 0.05594632 0.11551002 0.09802383 0.06613803 0.06424078 0.08935768 0.10506185 0.10028306 0.06301944 0.05301470 0.09741443 0.09450652 0.10080026 0.09826848 0.11161970 0.08941685 0.07996618 0.05241827 0.13238413 0.11376733 0.08304822 0.04799025 0.09159771 0.05994189 0.09683570 0.03924625 0.11688513 0.09310754 0.10396132 0.04550967 0.10373069 0.15657476 0.12334771 0.09950138 0.15005281 0.07973487 0.11487105 0.09154795 0.05120760 0.06792796 0.04962120 0.06466916 0.09178874 0.09913957 
0.13473465 0.11210334 0.12725905 0.10040688 0.10261259 0.07887318 0.12454399 0.06923319 0.12221458 0.25108613 0.20302921 0.00000000 0.23482177 0.13827838 0.11011124 0.10496908 0.09120002 0.08561745 0.13633477 0.07510628 0.11158528 0.09259853 0.11614694 0.06246506 0.10887439 0.07903354 0.04605616 0.16784811 0.10086885 0.11451610 0.11620321 0.12664176 0.04155991 0.05356977 0.10680723 0.10393244 0.06891984 0.05284689 0.08389887 0.03266887 0.12731443 0.07645766 0.10871189 0.06507926 0.06404720 0.06692231 0.07509271 0.15601599 0.02246148 0.12829561 0.12147950 0.14923762 0.09737885 0.09081596 0.04821783 0.09774280 0.08467150 0.09448923 0.03347569 0.12508066 0.16007793 0.07839042 0.04110377 0.06579644 0.12717792 0.04798759 0.06110018 0.15298739 0.07452100 0.15134174 0.07459407 0.04647418 0.03356946 0.10317416 0.06268322 0.08237765 0.08550747 0.06691422 0.11167274 0.05481195 0.14031595 0.08879328 0.10357177 0.08222547 0.08652953 0.09139046 0.07637291 0.07856540 0.04549141 0.08621369 0.11181040 0.09280760 0.09132713 0.05252598 0.08156237 0.07404794 0.07811165 0.10002024 0.09544773 0.10141643 0.11547423 0.10983933 
0.09746660 0.07301897 0.11772466 0.13891553 0.08603820 0.10060069 0.04051477 0.09528622 0.07579834 0.21326181 0.20040924 0.23482177 0.00000000 0.10765814 0.20029578 0.11649491 0.11278218 0.09033825 0.08417234 0.11353130 0.10259590 0.12971337 0.05221463 0.09357109 0.09459440 0.15717442 0.09427985 0.10708398 0.06720331 0.07039926 0.11989229 0.14469361 0.10142080 0.09907511 0.06402735 0.11028053 0.05920152 0.08777741 0.08207406 0.09863618 0.06343279 0.09255700 0.10542295 0.02420576 0.07970364 0.06489519 0.10823371 0.07911764 0.07424646 0.14829607 0.11102513 0.10144529 0.13361028 0.09736590 0.08195415 0.12888078 0.14277577 0.09067759 0.11889747 0.12065052 0.05037521 0.06136168 0.10639420 0.12043640 0.06969852 0.05866972 0.06101771 0.09398160 0.02282775 0.06541952 0.04911288 0.06532753 0.07277552 0.07533094 0.08718580 0.11706701 0.07334163 0.09494956 0.08052613 0.12838123 0.12245870 0.07471126 0.07633398 0.06198240 0.04898831 0.06104995 0.11433302 0.07956642 0.07048598 0.11275483 0.08593303 0.07982423 0.06314709 0.10441916 0.09261490 0.06534088 0.11968508 0.07998987 0.10734179 0.14869241 0.09741690 0.10304397 
0.11613668 0.06473246 0.10071647 0.08135623 0.06665786 0.10552659 0.14493315 0.07175965 0.07353415 0.10338182 0.11688930 0.13827838 0.10765814 0.00000000 0.18905322 0.16098921 0.07386046 0.11801854 0.15373380 0.14017048 0.10029347 0.09957912 0.09693621 0.07473602 0.14966156 0.07816311 0.09918922 0.09399511 0.10372942 0.10912797 0.11181202 0.08381019 0.04969770 0.04520993 0.12352864 0.06436550 0.09200968 0.07828233 0.08642264 0.12102385 0.08289105 0.06880269 0.08191631 0.05045928 0.12607885 0.09593272 0.11622540 0.09233904 0.13625816 0.05227491 0.11506100 0.06445632 0.08621790 0.09186745 0.10621991 0.12195990 0.13155230 0.09257114 0.11907065 0.08307192 0.10539112 0.10045110 0.08434590 0.04995553 0.11463418 0.10639129 0.04417521 0.04745148 0.07695992 0.06709678 0.11477026 0.15411078 0.17960966 0.04440851 0.10868007 0.11043113 0.08858283 0.12939873 0.07866068 0.06125442 0.13197230 0.10186782 0.07718187 0.12534799 0.09663786 0.14268973 0.11605485 0.07012602 0.07249304 0.10714692 0.07762259 0.01459878 0.08650470 0.06304705 0.11774314 0.08501653 0.11583297 0.05246629 0.10026912 0.07543435 0.10067027 0.09993783 
0.09301656 0.09375037 0.05575278 0.05015080 0.13522645 0.07094115 0.20217100 0.06625451 0.08971977 0.13299255 0.10845042 0.11011124 0.20029578 0.18905322 0.00000000 0.07422637 0.09091582 0.13649170 0.08019307 0.15404070 0.07221613 0.08009670 0.08472956 0.11025192 0.03574428 0.14022079 0.09377755 0.15157014 0.13743564 0.13210904 0.13684380 0.01794493 0.14392273 0.15064137 0.05725452 0.12330446 0.08789157 0.11101059 0.09658254 0.06843668 0.06985959 0.09028573 0.08655188 0.05740383 0.06277172 0.11397582 0.09279158 0.08682449 0.08145154 0.06506882 0.06471954 0.04944163 0.12629149 0.12136848 0.10018503 0.18320306 0.10325008 0.04331224 0.03169606 0.04215622 0.05008958 0.08204978 0.11552529 0.10125034 0.13821818 0.07946291 0.13741466 0.06768300 0.12054797 0.07553245 0.11732209 0.08636270 0.10996004 0.10361809 0.06903633 0.05561867 0.08022817 0.12209034 0.11960950 0.07891353 0.12079105 0.04515592 0.07033875 0.11018082 0.07813055 0.06815785 0.07714960 0.05480751 0.09193036 0.06585834 0.13020297 0.09574754 0.09063962 0.05951854 0.05266416 0.06463094 0.08158129 0.10151579 0.10611015 0.10879089 0.11060387 0.10850742 
0.12963357 0.08692304 0.12114479 0.09216976 0.06948695 0.07132452 0.12140213 0.12368362 0.16423548 0.17371000 0.11929558 0.10496908 0.11649491 0.16098921 0.07422637 0.00000000 0.07320288 0.20415033 0.11481909 0.05796699 0.03983297 0.09106504 0.11099896 0.07981108 0.06576998 0.05493207 0.08918186 0.17414158 0.10596325 0.06073844 0.08821857 0.11818122 0.06769034 0.10547203 0.09891967 0.07811958 0.08792583 0.06661341 0.07222332 0.10070856 0.07849482 0.14361432 0.06450781 0.05399925 0.09947089 0.11649545 0.06048682 0.10344138 0.03105092 0.13532857 0.12842076 0.12684985 0.06936566 0.09082629 0.12101145 0.14788209 0.03844569 0.18335244 0.13389018 0.08968515 0.07631605 0.09157266 0.09344537 0.09136294 0.09478180 0.13002210 0.08306883 0.11144214 0.07478729 0.15701728 0.02563757 0.08574600 0.08679121 0.12973880 0.08886721 0.06461456 0.08506953 0.09613112 0.13883902 0.07471753 0.08851671 0.07612250 0.06803625 0.12047293 0.11625828 0.07674776 0.09141126 0.08783733 0.13762208 0.04727263 0.08222231 0.06236141 0.12435644 0.10161274 0.09734952 0.08299033 0.03961451 0.05595904 0.04709302 0.05382198 0.09677619 0.09248719 
0.07219259 0.08544250 0.13889755 0.11331616 0.04631338 0.06764685 0.13346074 0.11504463 0.09720095 0.05589368 0.06185720 0.09120002 0.11278218 0.07386046 0.09091582 0.07320288 0.00000000 0.18080663 0.15677379 0.05933882 0.07094910 0.07055369 0.07176746 0.06765672 0.03054054 0.06139897 0.18672442 0.12022944 0.06484136 0.08919114 0.11683972 0.12826730 0.07075394 0.13392377 0.10888189 0.14437645 0.09260146 0.10579342 0.13733982 0.10269877 0.09839349 0.04916991 0.10807171 0.08216057 0.12120153 0.08984702 0.07041243 0.04904278 0.06126182 0.13131720 0.11013025 0.08312435 0.18262959 0.06776762 0.09311252 0.09233229 0.07110745 0.11931581 0.11149650 0.11278329 0.11761128 0.10443557 0.10884742 0.13127503 0.10640108 0.10036614 0.09477437 0.12072197 0.04194406 0.08908767 0.07391877 0.16140170 0.09233908 0.07068895 0.05225856 0.10561498 0.11829008 0.09672882 0.04368164 0.06861124 0.06564802 0.13444484 0.13985674 0.08660856 0.07432808 0.09882792 0.07771308 0.08301575 0.12646601 0.08430021 0.05668014 0.11192152 0.08984032 0.11098802 0.14639945 0.06642755 0.08487965 0.09748557 0.09992781 0.08464536 0.07473450 0.08202976 
0.07777558 0.07821105 0.09369410 0.09324534 0.07843800 0.04618140 0.13180224 0.11355803 0.08754676 0.10365546 0.07384249 0.08561745 0.09033825 0.11801854 0.13649170 0.20415033 0.18080663 0.00000000 0.16657684 0.09519343 0.10650343 0.07730021 0.06756111 0.12118120 0.08077848 0.05449762 0.20310257 0.10522446 0.09108908 0.16149692 0.13560871 0.04536949 0.10837817 0.09373630 0.13940554 0.11006024 0.10011674 0.08645859 0.07157506 0.10487641 0.11760330 0.03375235 0.05501362 0.15095400 0.07064575 0.09629675 0.07581315 0.11215468 0.07504539 0.19711566 0.07887536 0.16095155 0.09950471 0.05741344 0.07305176 0.11224687 0.07361981 0.08639650 0.12107037 0.04870401 0.07992253 0.11707469 0.08928417 0.08600272 0.08736958 0.09680340 0.08945298 0.08210583 0.13519655 0.10199625 0.10742619 0.06663289 0.07663095 0.08320703 0.08455129 0.03397348 0.05174325 0.07038324 0.07936194 0.09816261 0.11797675 0.08466091 0.06272179 0.09495454 0.07436675 0.08852828 0.12968011 0.12297870 0.11200022 0.10796180 0.08814409 0.06560940 0.04957529 0.11442171 0.07892042 0.08471835 0.05485111 0.09857809 0.08233271 0.10774642 0.09864298 0.10484600 
0.10999581 0.08993727 0.21825433 0.09717798 0.16598321 0.08125976 0.18241836 0.12093112 0.05188038 0.06677459 0.11610653 0.13633477 0.08417234 0.15373380 0.08019307 0.11481909 0.15677379 0.16657684 0.00000000 0.12731256 0.09282458 0.11428155 0.06233167 0.09352644 0.05584137 0.09060185 0.15060948 0.09655655 0.08669530 0.10833720 0.14776651 0.05535153 0.08863324 0.08714317 0.11072960 0.11475384 0.09241915 0.07910287 0.06830985 0.08390899 0.10251215 0.08567444 0.08000491 0.09566954 0.04763341 0.09329097 0.03355689 0.15874939 0.06298943 0.11228854 0.09910312 0.13997180 0.13413700 0.08382065 0.10877536 0.10946129 0.06054890 0.09120644 0.12329058 0.02209628 0.07488350 0.06132809 0.10762137 0.07360842 0.12519731 0.11827139 0.05396438 0.10211241 0.08009625 0.09915170 0.09919444 0.03436817 0.13526788 0.04624691 0.10743935 0.12956288 0.09126417 0.09657942 0.05264607 0.05943598 0.06731839 0.05768128 0.05552594 0.09489389 0.11117833 0.09828743 0.08779800 0.09878379 0.11761153 0.07464936 0.12362291 0.07696640 0.05439669 0.05059297 0.05140536 0.10674002 0.07577564 0.05945785 0.09225381 0.07429531 0.08623777 0.09240324 
0.07759128 0.06671358 0.07520913 0.09136470 0.13601839 0.09970523 0.13165496 0.06602095 0.09589917 0.05985524 0.08537869 0.07510628 0.11353130 0.14017048 0.15404070 0.05796699 0.05933882 0.09519343 0.12731256 0.00000000 0.13675979 0.09769779 0.10509239 0.10096912 0.09792185 0.31678912 0.13114515 0.07141505 0.11547069 0.06860143 0.11159686 0.06650096 0.12220206 0.06944645 0.11483337 0.13165153 0.11329047 0.09431251 0.06363749 0.11196085 0.07569667 0.14086586 0.09697191 0.07382619 0.06713731 0.07111845 0.09104500 0.06800805 0.09448600 0.06974922 0.05587263 0.12085754 0.07087773 0.10237233 0.08568296 0.11992896 0.07913581 0.10203642 0.09345000 0.09400674 0.06740708 0.08441543 0.09743476 0.07243776 0.09266687 0.04422733 0.14545976 0.09772367 0.12093558 0.09262617 0.07723325 0.11840003 0.09547067 0.08320533 0.10611026 0.10777377 0.08440527 0.07570780 0.07324496 0.07118090 0.08685726 0.07822056 0.08937316 0.06208006 0.09608708 0.07689347 0.09260843 0.15489468 0.06780930 0.08329220 0.06033263 0.05905673 0.15372435 0.10192405 0.07083071 0.07222092 0.08148033 0.06029173 0.09146328 0.09955154 0.09264799 0.07264899 
0.09147200 0.10066093 0.08520063 0.06536591 0.09134901 0.11598851 0.09817690 0.13692276 0.10944745 0.03666185 0.07667704 0.11158528 0.10259590 0.10029347 0.07221613 0.03983297 0.07094910 0.10650343 0.09282458 0.13675979 0.00000000 0.13720536 0.11877562 0.08481416 0.20009883 0.13884348 0.06126641 0.03909181 0.11272105 0.11084661 0.09387070 0.06974598 0.12494652 0.03260844 0.07056275 0.14559634 0.11555533 0.09003758 0.11287677 0.09329671 0.02329888 0.02966844 0.02218892 0.11348585 0.06916119 0.07435724 0.11310114 0.10126094 0.05052097 0.16159505 0.14380579 0.12141243 0.06537959 0.07260647 0.06713975 0.10712486 0.09747791 0.08006395 0.12419607 0.17101156 0.11573367 0.05295067 0.15157267 0.08597778 0.03365323 0.08735252 0.09780882 0.10582294 0.05746594 0.09807942 0.03012361 0.15149319 0.08713259 0.06246225 0.09116448 0.07920095 0.14250110 0.09348383 0.10363513 0.06950743 0.12480680 0.09960741 0.10562127 0.04759303 0.15002572 0.07065510 0.10726694 0.07442116 0.05961156 0.19657082 0.11634000 0.09644363 0.10782451 0.07038275 0.07983533 0.14206618 0.11252042 0.08924625 0.11634962 0.16478097 0.07574324 0.08943338 
0.10293061 0.08983444 0.14352797 0.08922332 0.11873783 0.08346416 0.08843110 0.06760374 0.06916091 0.05209351 0.06375706 0.09259853 0.12971337 0.09957912 0.08009670 0.09106504 0.07055369 0.07730021 0.11428155 0.09769779 0.13720536 0.00000000 0.11681499 0.15812311 0.11143862 0.12464994 0.08233482 0.07762251 0.11139812 0.10580377 0.07130505 0.07468735 0.11151354 0.12773701 0.13744844 0.15509160 0.13220708 0.14836305 0.12854631 0.12167057 0.09493655 0.04457595 0.09875177 0.09318672 0.06644125 0.12198832 0.16368887 0.14011558 0.14276319 0.13280933 0.08629747 0.11065947 0.15610690 0.08776841 0.06123038 0.04031847 0.07026620 0.08883809 0.07123737 0.10626552 0.03665332 0.08850772 0.04666270 0.10687585 0.13592055 0.05983598 0.09233793 0.12350811 0.07667409 0.10313093 0.08967426 0.12971230 0.14883728 0.11831760 0.10487615 0.11014749 0.07626054 0.03979335 0.05001114 0.07738514 0.04552509 0.03345363 0.08703126 0.07791385 0.07378032 0.10988016 0.11630496 0.07095736 0.05266811 0.14730124 0.09664074 0.10117405 0.10518842 0.09271450 0.08405059 0.05479645 0.10579489 0.08467901 0.07001367 0.06909203 0.10996413 0.09700773 
0.09024958 0.07574679 0.11380217 0.10850111 0.13185946 0.12283684 0.10901921 0.10516610 0.11734354 0.11093123 0.10204479 0.11614694 0.05221463 0.09693621 0.08472956 0.11099896 0.07176746 0.06756111 0.06233167 0.10509239 0.11877562 0.11681499 0.00000000 0.12296148 0.20983907 0.09881751 0.05344498 0.08167998 0.05218119 0.06402465 0.08819141 0.06052593 0.14206614 0.05094486 0.06178033 0.09747282 0.12537367 0.07379307 0.08998064 0.10329486 0.11982246 0.10493453 0.08351317 0.19049637 0.09337175 0.14065744 0.14875155 0.12788418 0.07087874 0.09619036 0.13347638 0.09098364 0.03869126 0.11785370 0.11953975 0.06741147 0.07772739 0.08496470 0.03876940 0.10049888 0.09461228 0.10931874 0.07242050 0.08133726 0.07219539 0.09278556 0.06522442 0.03495202 0.07612760 0.12381651 0.13492088 0.06624013 0.08260287 0.13438978 0.13120847 0.10282161 0.06320226 0.09198434 0.07067409 0.11297242 0.14632367 0.07853296 0.09736836 0.08279110 0.10324603 0.11137389 0.06259957 0.08024781 0.08344327 0.11857264 0.13356719 0.08941429 0.06731788 0.06436003 0.13280063 0.11255365 0.11413679 0.10223423 0.08296102 0.07629920 0.08908355 0.09397808 
0.13277336 0.13935364 0.10725910 0.11249290 0.05813665 0.08566354 0.04361237 0.01177076 0.11046008 0.07440248 0.12043695 0.06246506 0.09357109 0.07473602 0.11025192 0.07981108 0.06765672 0.12118120 0.09352644 0.10096912 0.08481416 0.15812311 0.12296148 0.00000000 0.13220536 0.08606587 0.25721018 0.07436077 0.07189904 0.10242427 0.07040062 0.11054705 0.09819845 0.06485547 0.09937761 0.07132713 0.10312758 0.08390703 0.14746528 0.11427085 0.10439799 0.06046076 0.10209879 0.14420764 0.10298971 0.08879743 0.09270581 0.07898245 0.09704105 0.06284540 0.06440800 0.12673579 0.11644365 0.07496253 0.11529930 0.04334291 0.07534736 0.09626816 0.03588105 0.09154150 0.05280005 0.05571368 0.10367796 0.04809829 0.08028920 0.07727528 0.09267684 0.06681497 0.09256893 0.04051958 0.07720095 0.07101045 0.03815403 0.05108501 0.07207500 0.14923363 0.09208437 0.07347903 0.11902658 0.10921321 0.05451289 0.08547536 0.12380295 0.08893916 0.05804623 0.08337236 0.08342046 0.24938883 0.22300039 0.08412231 0.12239753 0.08135516 0.13417773 0.16414697 0.14461913 0.14171414 0.09595481 0.12476126 0.12934392 0.09885898 0.08555026 0.10481263 
0.08539451 0.11712066 0.09408985 0.05695065 0.10412922 0.06810993 0.11722312 0.05220287 0.12189783 0.03906813 0.07333100 0.10887439 0.09459440 0.14966156 0.03574428 0.06576998 0.03054054 0.08077848 0.05584137 0.09792185 0.20009883 0.11143862 0.20983907 0.13220536 0.00000000 0.09425187 0.05554536 0.03726262 0.11787181 0.12351962 0.04319375 0.07148132 0.08534653 0.11189302 0.10671383 0.10065388 0.15668085 0.04483635 0.07668501 0.07487802 0.05783141 0.15258350 0.08131438 0.05198845 0.16268648 0.09945624 0.10596043 0.14301347 0.14252606 0.02933422 0.05810940 0.10007441 0.02932223 0.06054597 0.03074133 0.05459863 0.09204793 0.06780541 0.09198795 0.10301085 0.07500761 0.14758945 0.07527501 0.10615990 0.07405404 0.12547620 0.06327693 0.07539556 0.10156881 0.10771568 0.10751361 0.08399094 0.10706315 0.11340831 0.12065566 0.14141524 0.14470525 0.11272050 0.04362325 0.12735589 0.10048391 0.18355613 0.10841909 0.09503053 0.10339766 0.05286269 0.09441956 0.12496916 0.11383407 0.15403046 0.18908821 0.09986546 0.07220236 0.08037975 0.07568473 0.10286016 0.17703645 0.04252579 0.11447090 0.11830771 0.08763571 0.08663034 
0.06429917 0.05578726 0.05841615 0.07296423 0.08774606 0.17645545 0.13634908 0.12277936 0.04793042 0.11161814 0.08629305 0.07903354 0.15717442 0.07816311 0.14022079 0.05493207 0.06139897 0.05449762 0.09060185 0.31678912 0.13884348 0.12464994 0.09881751 0.08606587 0.09425187 0.00000000 0.09882662 0.10999181 0.03085273 0.13476791 0.17680418 0.03672756 0.22390078 0.12543372 0.07312335 0.09835292 0.07733300 0.12077439 0.11757308 0.07196397 0.08835212 0.08752642 0.07038593 0.08541795 0.09814785 0.10515853 0.08341022 0.09118276 0.07276772 0.09352354 0.09468547 0.09380373 0.08525138 0.08405960 0.14734387 0.13373408 0.09060204 0.08833927 0.07361345 0.07206893 0.09933804 0.10011825 0.08411738 0.11014164 0.08541639 0.09184022 0.12729281 0.12548528 0.03592602 0.10691617 0.08117440 0.10843610 0.09936167 0.13824784 0.08433612 0.08591114 0.08655714 0.11357727 0.01516015 0.07223246 0.09461844 0.07176938 0.08001462 0.10605030 0.14806342 0.04263742 0.10132831 0.07863511 0.04116911 0.06544759 0.05795249 0.06783122 0.10547954 0.06499344 0.06435544 0.09286520 0.09250524 0.06701750 0.07272029 0.11281293 0.08527025 0.06888763 
0.07234455 0.06426758 0.09417204 0.09776578 0.08172695 0.08462486 0.11262741 0.10895187 0.07931266 0.09173707 0.04853477 0.04605616 0.09427985 0.09918922 0.09377755 0.08918186 0.18672442 0.20310257 0.15060948 0.13114515 0.06126641 0.08233482 0.05344498 0.25721018 0.05554536 0.09882662 0.00000000 0.10342476 0.05228632 0.11172535 0.06241304 0.09330060 0.13883988 0.09502495 0.11594968 0.08324745 0.13929412 0.09884635 0.05771459 0.12974370 0.07360211 0.13675503 0.08381343 0.21134468 0.07488641 0.11114552 0.01215782 0.12821188 0.08768866 0.08907575 0.04931398 0.12956950 0.03983579 0.05459317 0.12441750 0.17336213 0.08082403 0.06833979 0.03320218 0.10618432 0.06386538 0.09980074 0.07662954 0.07493719 0.06945188 0.06682550 0.07615352 0.07293098 0.04261529 0.07252773 0.05004011 0.05170631 0.08279877 0.02952754 0.09035473 0.08760170 0.12435152 0.06236122 0.07044467 0.12199804 0.07873523 0.14498667 0.10656248 0.07317666 0.10668926 0.04141892 0.16439455 0.25123584 0.11958701 0.05964215 0.10217627 0.06484763 0.08922404 0.20113552 0.09877536 0.14505928 0.05448408 0.09076267 0.06145938 0.05411319 0.07778603 0.07440823 
0.08653210 0.08691950 0.09118212 0.06664405 0.06779276 0.08771266 0.07235680 0.15031214 0.12724095 0.25494341 0.06867083 0.16784811 0.10708398 0.09399511 0.15157014 0.17414158 0.12022944 0.10522446 0.09655655 0.07141505 0.03909181 0.07762251 0.08167998 0.07436077 0.03726262 0.10999181 0.10342476 0.00000000 0.10978279 0.25564808 0.20347581 0.08570200 0.17809701 0.14888635 0.08027582 0.07133669 0.08002281 0.08246464 0.07436787 0.07430684 0.05907452 0.08257075 0.07209586 0.13536921 0.10260749 0.18661113 0.09386232 0.06696671 0.09303986 0.07289753 0.06488922 0.06205107 0.19786572 0.07030810 0.06788821 0.08132072 0.07490654 0.05592798 0.08643312 0.06947282 0.13976529 0.06201103 0.08263229 0.11055902 0.10455218 0.08837958 0.11079230 0.09103087 0.09760665 0.08252565 0.08581805 0.06251333 0.10714981 0.08492704 0.08521772 0.09385284 0.11786967 0.04682383 0.08506812 0.08839474 0.02964280 0.05408069 0.09583325 0.07170141 0.05904845 0.12113914 0.09906176 0.08068143 0.07454614 0.11197531 0.06156023 0.08584264 0.11155873 0.07190758 0.12541570 0.06602004 0.04552008 0.07063621 0.06970774 0.03358029 0.09112571 0.07552849 
0.06120328 0.10472941 0.10596555 0.09018598 0.06278839 0.07989293 0.06709294 0.10291812 0.06668958 0.07293120 0.05650340 0.10086885 0.06720331 0.10372942 0.13743564 0.10596325 0.06484136 0.09108908 0.08669530 0.11547069 0.11272105 0.11139812 0.05218119 0.07189904 0.11787181 0.03085273 0.05228632 0.10978279 0.00000000 0.08575269 0.10520865 0.11199604 0.05803104 0.05635164 0.07627688 0.07654517 0.06118082 0.09136299 0.08501441 0.08964046 0.07955409 0.12458188 0.08883610 0.14672035 0.06006681 0.10368701 0.16735020 0.09779216 0.08800909 0.08839621 0.08565356 0.14729553 0.04330595 0.11294939 0.08979557 0.07555290 0.08623834 0.09828034 0.10277590 0.13778774 0.10743206 0.12336714 0.09684337 0.09210448 0.12169229 0.12439140 0.08608197 0.09472154 0.11939010 0.07621705 0.07880569 0.02952701 0.09482204 0.04248808 0.07341003 0.14300813 0.11835426 0.08860651 0.35931392 0.11237750 0.07980424 0.08102699 0.07941525 0.07914841 0.08164447 0.10873017 0.15469591 0.13356928 0.16319530 0.08953901 0.11912313 0.17210910 0.11826261 0.07743135 0.12550157 0.08832606 0.05684275 0.11306244 0.06350739 0.06954385 0.08418643 0.09331818 
0.09897317 0.11497071 0.06845335 0.12089567 0.10132585 0.10919488 0.08429317 0.14743950 0.11836603 0.32758513 0.08635790 0.11451610 0.07039926 0.10912797 0.13210904 0.06073844 0.08919114 0.16149692 0.10833720 0.06860143 0.11084661 0.10580377 0.06402465 0.10242427 0.12351962 0.13476791 0.11172535 0.25564808 0.08575269 0.00000000 0.18299591 0.07799773 0.12046823 0.11901896 0.02724966 0.08395174 0.06695457 0.07865094 0.05069936 0.06783079 0.09541254 0.04614415 0.07862359 0.03987210 0.10994510 0.07420069 0.06537627 0.13891726 0.07611072 0.20300984 0.10546279 0.08459263 0.21224006 0.15319321 0.08590726 0.11063077 0.08760919 0.07766006 0.08565181 0.07851044 0.09831182 0.05049815 0.04571206 0.11154197 0.08933532 0.12793770 0.08089474 0.08540409 0.06931299 0.05708829 0.06635913 0.05549419 0.12933773 0.09195544 0.00000000 0.06848225 0.07756862 0.12121130 0.12380244 0.04536158 0.08739818 0.03322950 0.05976778 0.02928541 0.07705564 0.04854855 0.05449074 0.09051524 0.04933444 0.13800454 0.07998310 0.11557822 0.11133221 0.09804905 0.11860788 0.08833481 0.05337085 0.08089119 0.08578426 0.11645529 0.08835621 0.07181835 
0.11287994 0.06732029 0.05742938 0.07561725 0.07994718 0.13745691 0.11982081 0.12735157 0.16588676 0.18251930 0.13060300 0.11620321 0.11989229 0.11181202 0.13684380 0.08821857 0.11683972 0.13560871 0.14776651 0.11159686 0.09387070 0.07130505 0.08819141 0.07040062 0.04319375 0.17680418 0.06241304 0.20347581 0.10520865 0.18299591 0.00000000 0.08352268 0.17424318 0.10746941 0.06512912 0.07583364 0.08486671 0.07387941 0.09693179 0.08517618 0.05123741 0.14148516 0.06671308 0.06000794 0.09182947 0.08584782 0.07366725 0.10231341 0.08833688 0.12021609 0.10382069 0.11403756 0.27283985 0.17115940 0.08371424 0.12892816 0.09142792 0.08857714 0.10828394 0.06988177 0.02123539 0.03998619 0.10907639 0.03097787 0.11481261 0.10301663 0.03657844 0.04075878 0.08249917 0.09099565 0.07413290 0.07448436 0.09368292 0.16183806 0.07229604 0.07988955 0.05989581 0.11789415 0.05012153 0.02392497 0.07742013 0.07166045 0.06225276 0.05654282 0.04240715 0.08412362 0.08670734 0.03904838 0.10193778 0.12807940 0.07498173 0.07212833 0.07355639 0.06883468 0.07201696 0.08223580 0.02693093 0.06920464 0.10690639 0.09186427 0.07612211 0.07490427 
0.08334629 0.09046867 0.08444267 0.10610297 0.11530139 0.11015389 0.04241971 0.14547500 0.10082238 0.07210331 0.09394323 0.12664176 0.14469361 0.08381019 0.01794493 0.11818122 0.12826730 0.04536949 0.05535153 0.06650096 0.06974598 0.07468735 0.06052593 0.11054705 0.07148132 0.03672756 0.09330060 0.08570200 0.11199604 0.07799773 0.08352268 0.00000000 0.13845870 0.03414162 0.13059519 0.07292393 0.05675954 0.11831394 0.08415575 0.07248214 0.04032234 0.05312103 0.13059101 0.12015715 0.19963864 0.06926499 0.14976441 0.06382068 0.07675034 0.08426855 0.05543327 0.10816941 0.08170518 0.08510848 0.05370020 0.13774285 0.25647871 0.10647863 0.18267150 0.05827566 0.20009096 0.14633691 0.12616301 0.08873738 0.09419742 0.06107050 0.05296186 0.05685259 0.03455136 0.09197194 0.11917171 0.05819220 0.07116462 0.11314263 0.12921020 0.03042914 0.09726720 0.11521168 0.11899393 0.11589727 0.05237158 0.09430234 0.09016771 0.12421611 0.10575000 0.11856861 0.06955701 0.06562044 0.06716987 0.10647281 0.05098553 0.16982365 0.08835117 0.09502451 0.15721379 0.10071695 0.04551878 0.11415428 0.12178997 0.09317015 0.11589129 0.09730106 
0.07437879 0.05149962 0.04028467 0.07225533 0.11935429 0.10791956 0.20488200 0.10129988 0.10799730 0.10619484 0.11224439 0.04155991 0.10142080 0.04969770 0.14392273 0.06769034 0.07075394 0.10837817 0.08863324 0.12220206 0.12494652 0.11151354 0.14206614 0.09819845 0.08534653 0.22390078 0.13883988 0.17809701 0.05803104 0.12046823 0.17424318 0.13845870 0.00000000 0.08162142 0.07613516 0.10878971 0.06113697 0.07135320 0.04465064 0.09553231 0.03965357 0.02451360 0.06504670 0.10406447 0.08171182 0.08973644 0.06675117 0.10002818 0.06840940 0.06913556 0.07685954 0.09938331 0.14460981 0.07050566 0.05693549 0.11665730 0.06537425 0.11783622 0.04842162 0.08617211 0.07572344 0.07647144 0.07223208 0.09623216 0.13173463 0.10050598 0.10889480 0.10728386 0.07752552 0.15373041 0.08622836 0.06259640 0.06826316 0.09240233 0.12617520 0.03259778 0.10456123 0.05183792 0.05593947 0.06151527 0.12109454 0.06443331 0.10987563 0.05774440 0.17143014 0.13721574 0.08270381 0.13554024 0.08320943 0.07733148 0.01512378 0.11873358 0.14225553 0.04815864 0.07294390 0.05142922 0.10040284 0.07959588 0.14233815 0.13724969 0.09418638 0.07974233 
0.09212852 0.12907100 0.12325386 0.05555097 0.07123015 0.06460554 0.05414631 0.08793949 0.16187404 0.10112579 0.10637690 0.05356977 0.09907511 0.04520993 0.15064137 0.10547203 0.13392377 0.09373630 0.08714317 0.06944645 0.03260844 0.12773701 0.05094486 0.06485547 0.11189302 0.12543372 0.09502495 0.14888635 0.05635164 0.11901896 0.10746941 0.03414162 0.08162142 0.00000000 0.07276118 0.09448684 0.10072469 0.10815111 0.12241618 0.18570667 0.09135866 0.13597333 0.01832430 0.07259734 0.13523633 0.12006101 0.17876647 0.07382589 0.11356693 0.07739133 0.10460247 0.13126454 0.07595601 0.07007390 0.10498355 0.00218602 0.11058317 0.09689358 0.17011963 0.15092066 0.14428926 0.11448055 0.00704459 0.03081540 0.07042237 0.06650181 0.13472709 0.07594735 0.09999608 0.05099085 0.09478011 0.06010581 0.09217639 0.00949336 0.17960287 0.13354220 0.08283583 0.08406430 0.10172664 0.04952961 0.17340077 0.11226807 0.07926515 0.04165249 0.07226192 0.15461908 0.06860356 0.10163693 0.12036258 0.02715348 0.07916243 0.10045632 0.07323854 0.09703818 0.17762987 0.08665227 0.06940396 0.09244069 0.07852359 0.09862735 0.10819861 0.09990605 
0.10300932 0.09014541 0.10864454 0.09301337 0.07433383 0.25535084 0.06466007 0.06396948 0.04849254 0.07179805 0.08141317 0.10680723 0.06402735 0.12352864 0.05725452 0.09891967 0.10888189 0.13940554 0.11072960 0.11483337 0.07056275 0.13744844 0.06178033 0.09937761 0.10671383 0.07312335 0.11594968 0.08027582 0.07627688 0.02724966 0.06512912 0.13059519 0.07613516 0.07276118 0.00000000 0.07980296 0.10811155 0.05249303 0.10168013 0.10848674 0.08517659 0.07046341 0.09643987 0.10011914 0.06958574 0.08872064 0.09548883 0.06614011 0.12762688 0.04921807 0.07428550 0.09824675 0.10636391 0.04201897 0.10099418 0.10197546 0.11181882 0.14423081 0.12648083 0.03462861 0.10953711 0.04161102 0.10171079 0.06287712 0.06214252 0.09568277 0.06153642 0.05878783 0.12044738 0.09443589 0.06023549 0.15663332 0.06414303 0.14904856 0.11860079 0.14158495 0.08216733 0.06448760 0.09381351 0.06189511 0.11064526 0.08255201 0.07637572 0.17559291 0.06136872 0.10457033 0.10010477 0.19914840 0.12572300 0.11993078 0.12047312 0.12441877 0.07353922 0.10860461 0.09076341 0.06103324 0.09012550 0.08939008 0.08241254 0.08018071 0.10588839 0.08057429 
