0.00000000 0.45116133 0.25298353 0.30182475 0.34254041 0.26208789 0.29308054 0.18991917 0.33847913 0.25004509 0.26220061 0.21485810 0.23628799 0.23194128 0.17924275 0.24163708 0.21660445 0.25066724 0.25597996 0.22045976 0.34817850 0.26970335 0.23911520 0.19914770 0.30481399 0.29054470 0.23368889 0.16558779 0.26577182 0.29472431 0.12720401 0.06362503 0.28082789 0.29076743 0.15926342 0.25902726 0.16671456 0.10811923 0.26230329 0.18535542 0.15834141 0.25139498 0.28037031 0.14598845 0.21232334 0.29128132 0.16856349 0.26948427 0.33634892 0.16604047 0.34490612 0.30100522 0.28713859 0.17992802 0.25106401 0.19242973 0.22707777 0.23594083 0.20561408 0.23511757 0.21549240 0.24821805 0.27389339 0.19337978 0.23756414 0.29551063 0.22465640 0.30328897 0.23435224 0.33646668 0.25907584 0.23529367 0.29980948 0.31589788 0.28683016 0.29486846 0.27640530 
0.45116133 0.00000000 0.42137932 0.43676133 0.62038085 0.40407614 0.31621089 0.27209313 0.30763574 0.16237911 0.25985812 0.25704181 0.25267775 0.26843659 0.33368715 0.26348025 0.17012536 0.32739755 0.29041696 0.30256752 0.20783598 0.21180394 0.19414871 0.32438026 0.29213828 0.07813681 0.16656986 0.22348525 0.24139594 0.19237100 0.17192807 0.16621915 0.16960092 0.16300853 0.19134335 0.21986795 0.17034353 0.20987630 0.23400397 0.15077996 0.21626842 0.25552993 0.30616914 0.18653599 0.15539638 0.34405039 0.17786962 0.23892660 0.30748454 0.19648575 0.28164185 0.20862887 0.19369384 0.18911951 0.22256554 0.12916574 0.34093297 0.22855539 0.19343974 0.23389111 0.26980048 0.15836227 0.27901824 0.33141225 0.20104528 0.26132133 0.25626971 0.17703450 0.27714852 0.32966051 0.20435150 0.32434044 0.40870918 0.31376065 0.11871816 0.32385072 0.29175941 
0.25298353 0.42137932 0.00000000 0.46976320 0.42803539 0.32277512 0.51120297 0.18870412 0.21243958 0.27597925 0.20586247 0.24074914 0.17238006 0.20426055 0.18742180 0.16713361 0.31839403 0.23922194 0.26286303 0.26547447 0.20267001 0.30440577 0.18581342 0.14841043 0.16904752 0.15941151 0.19324937 0.14928064 0.16354783 0.18681784 0.17030154 0.21304528 0.25939705 0.17609100 0.34811892 0.24631142 0.21469275 0.18401193 0.06073723 0.34522052 0.19364179 0.25858942 0.19674215 0.22918765 0.20064518 0.26350730 0.28021053 0.11634508 0.32927730 0.29238402 0.25017894 0.28979022 0.32404886 0.23024914 0.22437188 0.15783325 0.22013270 0.14567551 0.30109265 0.24183939 0.18405583 0.16808390 0.13909448 0.19607461 0.32052976 0.23930744 0.25811409 0.28097087 0.40518285 0.23042381 0.20171534 0.37479910 1.14439990 0.26712854 0.15485917 0.35035027 0.31541706 
0.30182475 0.43676133 0.46976320 0.00000000 0.56414817 0.26458941 0.20093768 0.89080060 0.29227370 0.28152468 0.23818238 0.25040930 0.18215769 0.19393216 0.23207214 0.24963655 0.15048099 0.19867396 0.28534425 0.22649493 0.24420368 0.25483036 0.44862163 1.18090493 0.22986872 0.39980833 0.14861463 0.20191050 0.29835544 0.15459543 0.26576352 0.11811195 0.31142327 0.08905384 0.23976052 0.25352979 0.12208445 0.11662377 0.23411920 0.23668987 0.10290926 0.08918216 0.14696497 0.38577187 0.14997516 0.17996502 0.18054057 0.23018872 0.08676980 0.27046422 0.24934976 0.19614915 0.22248371 0.14130579 0.17947441 0.24996712 0.22650912 0.17659905 0.15578972 0.02721515 0.12648829 0.13327456 0.16235355 0.24069351 0.31740026 0.53613092 0.40500219 0.13388628 0.65854151 0.24197849 0.06895794 0.28539802 0.46552704 0.17248136 0.25150210 0.30450820 0.21687085 
0.34254041 0.62038085 0.42803539 0.56414817 0.00000000 0.37566085 0.22267480 0.46174988 0.70656268 0.28838819 0.12716413 0.37719811 0.28201117 0.23340711 0.23291456 0.19283488 0.23066487 0.30638270 0.33266150 0.22958466 0.25208808 0.18637561 0.25260654 0.34056291 0.28356628 0.24161153 0.31301795 0.09793720 0.23969731 0.28325016 0.15162756 0.23683244 0.21212134 0.00153804 0.15711391 0.27754656 0.06008656 0.16796164 0.22250459 0.13900940 0.13733239 0.22435395 0.20388661 0.20188551 0.34314668 0.20992219 0.27889937 0.25997193 0.28322938 0.08173944 0.39822479 0.17768610 0.25930760 0.14875763 0.34418928 0.23802306 0.31371899 0.25260880 0.22174362 0.17189386 0.26668754 0.25940526 0.32112863 0.26544447 0.17865257 0.24393934 0.10332918 0.11861664 0.15186722 0.18053955 0.19856915 0.23532172 0.32735972 0.51863092 0.23826057 0.33997359 0.27136296 
0.26208789 0.40407614 0.32277512 0.26458941 0.37566085 0.00000000 0.31959502 0.17356222 0.55043801 0.51010607 0.20632797 0.24483689 0.17451728 0.34180760 0.21575163 0.29794709 0.12331361 0.19836490 0.18012412 0.15926600 0.19096924 0.17246388 0.29129452 0.27966154 0.25693417 0.26918308 0.19226232 0.17036141 0.17521031 0.29391318 0.16843260 0.21348325 0.10119624 0.23372057 0.24220221 0.20783505 0.16090178 0.19384874 0.15636888 0.15535195 0.16759814 0.11860623 0.19060708 0.20011764 0.31793077 0.25291954 0.19234323 0.34400313 1.67257738 0.70913200 0.24218791 0.22934105 0.19246778 0.24656243 0.21089793 0.23583213 0.17939647 0.19214113 0.12400390 0.26671785 0.20891008 0.19517717 0.18006782 0.27683818 0.31554862 0.11635363 0.20094336 0.10958066 0.22323628 0.07996076 0.29091719 0.31358189 0.33716591 0.33845535 0.20666242 0.33370341 0.27315794 
0.29308054 0.31621089 0.51120297 0.20093768 0.22267480 0.31959502 0.00000000 0.25161322 0.33869235 0.38709739 0.39056048 0.18887023 0.24876772 0.27254871 0.32157702 0.18815103 0.26946260 0.13718551 0.23827302 0.19144832 0.21223821 0.17759063 0.16301837 0.10527406 0.23176909 0.19876028 0.14172762 0.26956522 0.19923639 0.14666857 0.22851173 0.25450404 0.25864624 0.23783144 0.26918142 0.31180767 0.36614733 0.33593876 0.27444873 0.22122938 0.23897550 0.18767240 0.29359223 0.10240972 0.21427519 0.54580499 0.28506389 0.20162913 0.29512928 0.37360472 0.15864546 0.25333573 0.30899415 0.18215393 0.15945039 0.29186674 0.17037907 0.19248388 0.27416277 0.14860396 0.29560524 0.30537646 0.25250118 0.23602262 0.27025391 0.11946968 0.12074814 0.32800757 0.64250332 0.15697497 0.26072461 0.41484869 0.32769086 0.10417441 0.00117878 0.22433391 0.40638156 
0.18991917 0.27209313 0.18870412 0.89080060 0.46174988 0.17356222 0.25161322 0.00000000 0.42154000 0.21753323 0.31829971 0.72172344 0.20183208 0.22571137 0.58179090 0.32574300 0.39986945 0.21294121 0.62011146 0.39932106 0.27809699 0.59848640 0.19197454 0.50524761 0.32429195 0.31832373 0.25182405 0.22877827 0.18216682 0.24321781 0.19860493 0.13188199 0.30645268 0.17850502 0.23872339 0.22110958 0.34484594 0.23388061 0.19365460 0.18199122 0.09046851 0.20262488 0.20125695 0.14580890 0.25622304 0.18685830 0.07763746 0.21669131 0.18334943 0.25429555 0.23671379 0.24572923 0.27087736 0.16624197 0.25417367 0.17117974 0.18611627 0.23957335 0.19875049 0.24898409 0.11325459 0.09039428 0.17839502 0.03163745 0.28685956 0.16867575 0.17525531 0.19165678 0.37467153 0.23904483 0.27523508 0.23799909 0.15941239 0.17860938 0.20511249 0.27916256 0.22236144 
0.33847913 0.30763574 0.21243958 0.29227370 0.70656268 0.55043801 0.33869235 0.42154000 0.00000000 0.39865171 0.27477543 0.52463036 0.42556473 0.32955777 0.18329884 0.20515509 0.29585499 0.37940815 0.77694546 0.31064564 0.33623438 0.22491954 0.24309250 0.11679570 0.32510119 0.20231724 0.15675976 0.15411545 0.22032597 0.25283111 0.15465138 0.16175934 0.32132895 0.13912791 0.15835235 0.27446067 0.09592504 0.14385145 0.24510347 0.11491091 0.17200992 0.18489354 0.17401918 0.04950416 0.22308947 0.18949909 0.07704316 0.25984187 0.61806566 0.19724349 0.18893773 0.43030607 0.31263825 0.09629061 0.08050753 0.19493836 0.38348253 0.08857279 0.18401153 0.26093565 0.15128421 0.24856671 0.25168656 0.21179717 0.22943646 0.14604222 0.29224562 0.11480927 0.20274610 0.41968831 0.23281147 0.11242203 0.19434383 0.34857035 0.23684098 0.33477627 0.33406477 
0.25004509 0.16237911 0.27597925 0.28152468 0.28838819 0.51010607 0.38709739 0.21753323 0.39865171 0.00000000 0.33643014 0.16714349 0.36162311 0.41679880 0.20584563 0.29729833 0.19497890 0.18005253 0.25599780 0.16900468 0.21000037 0.20345876 0.28974785 0.22341848 0.20966331 0.20149809 0.18521760 0.23567384 0.21116341 0.21790414 0.30809063 0.27392377 0.27172022 0.21038528 0.23321706 0.27601972 0.25005515 0.19183510 0.28480848 0.20563893 0.24335928 0.35033649 0.20200585 0.18385470 0.50721630 0.30681860 0.29866437 0.34563152 0.47093763 0.45245242 0.15642419 0.27535961 0.21885033 0.34176665 0.14289234 0.24063494 0.20502638 0.30032056 0.24151382 0.21775825 0.28271594 0.20663548 0.33896669 0.19227633 0.22932940 0.26340057 0.21363315 0.11914907 0.15900677 0.16187876 0.20578259 0.22849043 0.31433256 0.20779337 0.18532560 0.33355180 0.17915491 
0.26220061 0.25985812 0.20586247 0.23818238 0.12716413 0.20632797 0.39056048 0.31829971 0.27477543 0.33643014 0.00000000 0.30338201 0.27240674 0.26394790 0.42801589 0.29453342 0.15038517 0.23120221 0.15315785 0.23470266 0.10409779 0.39604383 0.15043559 0.06698382 0.14780771 0.25462691 0.19011747 0.36629177 0.22373693 0.16879180 0.35694818 0.26058821 0.18897376 0.52438729 0.30084110 0.21941540 0.23244920 0.46107283 0.18021355 0.40936619 0.27763950 0.42483416 0.23040349 0.17672448 0.26219325 0.18073063 0.18754127 0.29082247 0.15634411 0.23333513 0.18712723 0.15910439 0.26291276 0.27455159 0.21276792 0.25565437 0.21495509 0.18822976 0.32044198 0.23020405 0.41985036 0.15383158 0.16828295 0.27126722 0.50065241 0.24535514 0.17702891 0.36988950 0.19939442 0.29029867 0.32661239 0.13632681 0.24671419 0.16414816 0.26481213 0.12332993 0.30648761 
0.21485810 0.25704181 0.24074914 0.25040930 0.37719811 0.24483689 0.18887023 0.72172344 0.52463036 0.16714349 0.30338201 0.00000000 0.40746734 0.21561116 0.41337969 0.29778507 0.40599885 0.44307108 0.95962251 0.46806650 0.37554315 0.63441800 0.25340636 0.26079960 0.37878278 0.39813355 0.28551443 0.27980200 0.04977806 0.17773357 0.20597514 0.20426891 0.24850428 0.26932922 0.24660621 0.24371217 0.17100465 0.23605953 0.27534326 0.26414721 0.28497090 0.20995111 0.34258071 0.31267935 0.23219060 0.19344135 0.20468273 0.20051738 0.22809860 0.17910555 0.24247514 0.15314238 0.26357281 0.11322480 0.19647674 0.16398605 0.14236614 0.10285169 0.05356062 0.13082887 0.25737147 0.24764132 0.22901692 0.16626261 0.21902434 0.18454631 0.25194261 0.18121348 0.17716680 0.15748172 0.16366448 0.26883743 0.15165549 0.14891674 0.15155217 0.19130754 0.20159808 
0.23628799 0.25267775 0.17238006 0.18215769 0.28201117 0.17451728 0.24876772 0.20183208 0.42556473 0.36162311 0.27240674 0.40746734 0.00000000 0.41011736 0.32355088 0.40845669 0.20189636 0.46067548 0.31017400 0.27025412 0.36152305 0.23384083 0.28138869 0.12648407 0.29994793 0.26620896 0.39871600 0.14876851 0.14521007 0.23541946 0.14342412 0.25112169 0.30979678 0.26094237 0.33991521 0.30838138 0.21475977 0.27325225 0.26917886 0.30652699 0.22166666 0.16725775 0.26054524 0.26785433 0.44172526 0.18879140 0.09700971 0.20034898 0.19130368 0.04708035 0.33870047 0.26897723 0.26634785 0.28424609 0.20971651 0.11122769 0.21959316 0.24871941 0.15487249 0.23659221 0.27404116 0.27196884 0.24099295 0.22747139 0.15716028 0.26065788 0.16233407 0.22290965 0.23204717 0.28814777 0.25130536 0.48964505 0.21616296 0.36491110 0.31635591 0.22166569 0.23183945 
0.23194128 0.26843659 0.20426055 0.19393216 0.23340711 0.34180760 0.27254871 0.22571137 0.32955777 0.41679880 0.26394790 0.21561116 0.41011736 0.00000000 0.47012977 0.48102146 0.30423832 0.27187502 0.22583618 0.17352448 0.36424122 0.13198977 0.18124578 0.21993901 0.01856662 0.32164636 0.23488308 0.16869937 0.35074411 0.23436000 0.30695663 0.23332932 0.20098175 0.51376905 0.37737366 0.25069002 0.34977023 0.25348381 0.28357859 0.27950078 0.36631460 0.34326310 0.27762284 0.29056696 0.62358406 0.31380291 0.20286563 0.38579066 0.28591201 0.32735854 0.24055823 0.11630223 0.34200241 0.34524827 0.16541050 0.26572217 0.24245904 0.19509648 0.16618568 0.26744335 0.21814129 0.18532782 0.21388563 0.23018356 0.16388901 0.27021645 0.19409779 0.16000057 0.19309508 0.26348493 0.22200967 0.22965145 0.19202215 0.22773357 0.20835250 0.22065104 0.14287710 
0.17924275 0.33368715 0.18742180 0.23207214 0.23291456 0.21575163 0.32157702 0.58179090 0.18329884 0.20584563 0.42801589 0.41337969 0.32355088 0.47012977 0.00000000 0.42893667 0.41636574 0.24617866 0.25886379 0.21998405 0.27009315 0.26527299 0.23423831 0.25558393 0.12713354 0.38275004 0.23511304 0.21397639 0.14064837 0.25563009 0.20109918 0.11149494 0.29736405 0.67920213 0.39514270 0.24803787 0.37199338 0.40227667 0.23969651 0.23800425 0.18973555 0.68497587 0.14486370 0.26660819 0.16362384 0.35837895 0.18513699 0.19964281 0.14993703 0.17877766 0.30467025 0.20757141 0.20975844 0.24000443 0.26735303 0.09654480 0.26900394 0.21383503 0.18394665 0.21109587 0.20142479 0.21405343 0.19712554 0.17868418 0.30579300 0.20297070 0.22135409 0.23095964 0.21336020 0.14090775 0.12284374 0.20872031 0.17277138 0.18596878 0.25960440 0.18048929 0.20604830 
0.24163708 0.26348025 0.16713361 0.24963655 0.19283488 0.29794709 0.18815103 0.32574300 0.20515509 0.29729833 0.29453342 0.29778507 0.40845669 0.48102146 0.42893667 0.00000000 0.47297978 0.48210414 0.32979066 0.31188128 0.26537585 0.21758372 0.12834828 0.09053105 0.21273696 0.12990095 0.16893280 0.24617850 0.24801130 0.32047475 0.08866429 0.21391285 0.57373760 0.29213502 0.17256360 0.26786629 0.40930929 0.06661910 0.28499038 0.28953738 0.23444404 0.16814541 0.20879506 0.31105454 0.25146255 0.27736294 0.25753839 0.17008399 0.20712227 0.19004754 0.17984772 0.17660248 0.44854925 0.30097654 0.22620791 0.31213305 0.23032968 0.32763961 0.35266016 0.26037125 0.34574958 0.16227764 0.26862936 0.18663178 0.24823108 0.30695063 0.14025598 0.10557701 0.23815636 0.24936992 0.13001126 0.26472366 0.26508121 0.30129119 0.24194832 0.30775030 0.27353325 
0.21660445 0.17012536 0.31839403 0.15048099 0.23066487 0.12331361 0.26946260 0.39986945 0.29585499 0.19497890 0.15038517 0.40599885 0.20189636 0.30423832 0.41636574 0.47297978 0.00000000 0.31934539 0.46373942 0.52939921 0.47478455 0.30970136 0.26670449 0.17669311 0.17677694 0.38645304 0.20227136 0.24146674 0.22522991 0.22013690 0.30749351 0.27312008 0.43588975 0.30498024 0.31355155 0.21106420 0.28529881 0.25534871 0.16144191 0.26963707 0.12728853 0.23412130 0.26246023 0.31023964 0.27064557 0.08903526 0.13978852 0.37533926 0.17201607 0.16527584 0.30272150 0.11494777 0.31686007 0.22700534 0.21809053 0.18951316 0.29407969 0.20276947 0.27171036 0.20599915 0.23608866 0.17037430 0.31339651 0.19396422 0.26552468 0.21281303 0.20185438 0.22546961 0.22358642 0.25386382 0.26450720 0.37583110 0.19373640 0.24492358 0.19229041 0.24125803 0.23640308 
0.25066724 0.32739755 0.23922194 0.19867396 0.30638270 0.19836490 0.13718551 0.21294121 0.37940815 0.18005253 0.23120221 0.44307108 0.46067548 0.27187502 0.24617866 0.48210414 0.31934539 0.00000000 0.44738178 0.91825558 0.60279438 0.28894612 0.28929781 0.25825558 0.26161582 0.21164095 0.25304659 0.14791991 0.31685996 0.26776927 0.24617415 0.28600854 0.24725805 0.18593929 0.26809035 0.18309699 0.28460426 0.28947142 0.22116702 0.26650982 0.19386740 0.14587717 0.23801018 0.17862170 0.21737198 0.26925439 0.21361936 0.18316583 0.23144919 0.29258283 0.27137958 0.25197578 0.22713625 0.30459467 0.13849744 0.33049641 0.21601302 0.25681313 0.25217276 0.12321064 0.11004685 0.15656542 0.16079081 0.16774803 0.18015341 0.24041566 0.20155921 0.07220171 0.19880727 0.24908495 0.24947327 0.16328235 0.11857602 0.25767421 0.33476097 0.33618743 0.28787153 
0.25597996 0.29041696 0.26286303 0.28534425 0.33266150 0.18012412 0.23827302 0.62011146 0.77694546 0.25599780 0.15315785 0.95962251 0.31017400 0.22583618 0.25886379 0.32979066 0.46373942 0.44738178 0.00000000 0.75403950 0.46871549 0.34024481 0.32233604 0.23191832 0.20184410 0.24578346 0.20355757 0.24319295 0.17802399 0.27120043 0.16924125 0.25378406 0.20802347 0.02998991 0.35988856 0.25781731 0.10268986 0.10286922 0.22723650 0.11212542 0.26618172 0.19509931 0.21597118 0.20700108 0.19589817 0.16976513 0.05049534 0.24985631 0.19979116 0.16461358 0.28147811 0.12849954 0.11807955 0.11329739 0.11712790 0.26523934 0.24357721 0.16547745 0.19704497 0.19436876 0.30851130 0.22912059 0.20681047 0.20448767 0.37837335 0.32040318 0.13311440 0.11927192 0.16497159 0.36635873 0.20972257 0.21230032 0.25080070 0.23248360 0.24442568 0.34254895 0.27168885 
0.22045976 0.30256752 0.26547447 0.22649493 0.22958466 0.15926600 0.19144832 0.39932106 0.31064564 0.16900468 0.23470266 0.46806650 0.27025412 0.17352448 0.21998405 0.31188128 0.52939921 0.91825558 0.75403950 0.00000000 0.61128238 0.36812237 0.32462544 0.34796920 0.27087740 0.21308340 0.17061402 0.32925602 0.20276257 0.20246918 0.21001526 0.21918447 0.26524651 0.17046563 0.26100557 0.17418433 0.06866237 0.29017305 0.17921734 0.29568066 0.07902107 0.23280578 0.24934049 0.12764083 0.28400199 0.12292278 0.06884006 0.21781738 0.13291499 0.20731897 0.30958109 0.28598619 0.32115495 0.28727580 0.19008891 0.25296108 0.29809207 0.25252492 0.12165570 0.19640319 0.21824850 0.17954280 0.19870351 0.27050767 0.17114385 0.22423611 0.22563209 0.29935834 0.23854955 0.25018428 0.19812833 0.15229855 0.33200324 0.16457102 0.20081987 0.34054848 0.27900169 
0.34817850 0.20783598 0.20267001 0.24420368 0.25208808 0.19096924 0.21223821 0.27809699 0.33623438 0.21000037 0.10409779 0.37554315 0.36152305 0.36424122 0.27009315 0.26537585 0.47478455 0.60279438 0.46871549 0.61128238 0.00000000 0.61232093 0.51484249 0.31163532 0.34743526 0.34317603 0.17791855 0.23913841 0.18733801 0.25543520 0.22615179 0.23839044 0.23131794 0.12994365 0.29607929 0.26569882 0.05483188 0.22078162 0.16158219 0.29824001 0.34603082 0.17940015 0.32324481 0.23214777 0.18372251 0.26162514 0.21781452 0.17153976 0.22194290 0.24764353 0.13662443 0.15480544 0.35172048 0.19407861 0.35887795 0.23766079 0.22125384 0.23083701 0.20471695 0.19222236 0.23721344 0.10321472 0.30024106 0.16786662 0.20484810 0.31811759 0.23923330 0.13555088 0.14337563 0.24277873 0.15977529 0.06601266 0.34163576 0.18636338 0.25464587 0.24591355 0.27610771 
0.26970335 0.21180394 0.30440577 0.25483036 0.18637561 0.17246388 0.17759063 0.59848640 0.22491954 0.20345876 0.39604383 0.63441800 0.23384083 0.13198977 0.26527299 0.21758372 0.30970136 0.28894612 0.34024481 0.36812237 0.61232093 0.00000000 0.58172787 0.24835270 0.24552840 0.44252965 0.15630009 0.26964986 0.27149454 0.21301268 0.22853901 0.33917349 0.19138092 0.15404090 0.27587475 0.24770312 0.11857350 0.27382642 0.11179704 0.23478832 0.22762518 0.38246283 0.24233235 0.20827566 0.16924457 0.21536825 0.19393439 0.22741575 0.18756845 0.22556641 0.32928935 0.20659006 0.17996173 0.20014211 0.19249588 0.20373701 0.24566838 0.27617530 0.26309171 0.15746576 0.13765606 0.16186245 0.20605782 0.20526331 0.68597416 0.15007803 0.22500648 0.17974878 0.29353014 0.11633215 0.16044298 0.26264314 0.19639006 0.22147211 0.17784846 0.22711034 0.21784536 
0.23911520 0.19414871 0.18581342 0.44862163 0.25260654 0.29129452 0.16301837 0.19197454 0.24309250 0.28974785 0.15043559 0.25340636 0.28138869 0.18124578 0.23423831 0.12834828 0.26670449 0.28929781 0.32233604 0.32462544 0.51484249 0.58172787 0.00000000 0.54096529 1.01164371 0.95763486 0.36896464 0.16980113 0.15366673 0.22141429 0.37959692 0.21108985 0.14352374 0.24902120 0.16773392 0.25828868 0.18457262 0.04427366 0.06880263 0.13444131 0.12272236 0.20502168 0.06838991 0.24292146 0.17069138 0.21738750 0.26517685 0.21762345 0.32115723 0.24721702 0.25706905 0.17899552 0.23387278 0.17611639 0.20290936 0.18595627 0.29314034 0.29252632 0.20714774 0.19480746 0.26420151 0.26644554 0.26625875 0.25885235 0.20272349 0.37757672 0.30005997 0.12895732 0.28354038 0.37394601 0.19372621 0.14507147 0.27060244 0.23796242 0.26662411 0.11899445 0.24585482 
0.19914770 0.32438026 0.14841043 1.18090493 0.34056291 0.27966154 0.10527406 0.50524761 0.11679570 0.22341848 0.06698382 0.26079960 0.12648407 0.21993901 0.25558393 0.09053105 0.17669311 0.25825558 0.23191832 0.34796920 0.31163532 0.24835270 0.54096529 0.00000000 0.85865855 0.39881323 0.24843784 0.08974762 0.33809120 0.20866249 0.13399186 0.18330453 0.12953183 0.12925211 0.29161949 0.16338935 0.13906376 0.14050474 0.15378558 0.20520819 0.11263357 0.20033211 0.32367989 0.13349075 0.22979999 0.33959918 0.16479597 0.13888479 0.16969255 0.19839943 0.23341992 0.17811478 0.26029251 0.27350523 0.28763043 0.11738423 0.14854929 0.26335045 0.20814373 0.15812116 0.16019517 0.18539240 0.18566999 0.26564789 0.30805875 1.20319712 0.24327748 0.26685030 0.46619967 0.40403645 0.16255270 0.18751450 0.23242671 0.13852525 0.26260823 0.35977057 0.30738525 
0.30481399 0.29213828 0.16904752 0.22986872 0.28356628 0.25693417 0.23176909 0.32429195 0.32510119 0.20966331 0.14780771 0.37878278 0.29994793 0.01856662 0.12713354 0.21273696 0.17677694 0.26161582 0.20184410 0.27087740 0.34743526 0.24552840 1.01164371 0.85865855 0.00000000 0.42138593 0.21514529 0.18386168 0.27116525 0.24092586 0.29618541 0.13591729 0.23751950 0.20618443 0.24698728 0.28110919 0.12278699 0.16004693 0.12447031 0.14552450 0.20951110 0.20573613 0.19744274 0.17240857 0.12933533 0.13617518 0.20736531 0.14300390 0.19902256 0.15550581 0.33608389 0.32095686 0.22309928 0.09243739 0.11981049 0.20102104 0.25404683 0.29606740 0.16668415 0.18275536 0.25065139 0.16744884 0.35830592 0.37609512 0.31645235 0.92407402 0.26733869 0.19405750 0.23990139 0.31173245 0.16237027 0.25178236 0.16910169 0.25857985 0.14054535 0.31827440 0.34817005 
0.29054470 0.07813681 0.15941151 0.39980833 0.24161153 0.26918308 0.19876028 0.31832373 0.20231724 0.20149809 0.25462691 0.39813355 0.26620896 0.32164636 0.38275004 0.12990095 0.38645304 0.21164095 0.24578346 0.21308340 0.34317603 0.44252965 0.95763486 0.39881323 0.42138593 0.00000000 0.55387569 0.34632035 0.28686571 0.20943440 0.37364873 0.27618787 0.31261277 0.29071191 0.26453749 0.22627543 0.25340970 0.17803116 0.28506437 0.26948744 0.19464840 0.29321022 0.19939588 0.21875848 0.16547280 0.23598538 0.25314223 0.11929327 0.25351031 0.31598931 0.20218064 0.07351410 0.13950631 0.18161507 0.31399092 0.20153725 0.21403979 0.11298476 0.17443888 0.24357352 0.18171905 0.05626612 0.22935190 0.17215876 0.36293039 0.35870985 0.34372169 0.20093273 0.27909540 0.15758118 0.15724365 0.22358628 0.18425231 0.16430843 0.18692957 0.20396718 0.24741899 
0.23368889 0.16656986 0.19324937 0.14861463 0.31301795 0.19226232 0.14172762 0.25182405 0.15675976 0.18521760 0.19011747 0.28551443 0.39871600 0.23488308 0.23511304 0.16893280 0.20227136 0.25304659 0.20355757 0.17061402 0.17791855 0.15630009 0.36896464 0.24843784 0.21514529 0.55387569 0.00000000 0.50498985 0.49290702 1.26379364 0.81443268 0.39317084 0.29822214 0.29665478 0.24739283 0.21451948 0.21045516 0.15946063 0.17661946 0.15566430 0.15435567 0.25009262 0.22076294 0.24265327 0.29179124 0.04325696 0.24421193 0.31648589 0.22529102 0.25832717 0.24526226 0.17132665 0.22239019 0.25355630 0.25660854 0.18771953 0.25476254 0.11107726 0.27449882 0.18555349 0.26650211 0.24544119 0.57497510 0.29287666 0.05593917 0.23723353 0.36798891 0.19243277 0.14762452 0.30657808 0.16340765 0.23260135 0.18011705 0.24357309 0.29659023 0.21110889 0.20177328 
0.16558779 0.22348525 0.14928064 0.20191050 0.09793720 0.17036141 0.26956522 0.22877827 0.15411545 0.23567384 0.36629177 0.27980200 0.14876851 0.16869937 0.21397639 0.24617850 0.24146674 0.14791991 0.24319295 0.32925602 0.23913841 0.26964986 0.16980113 0.08974762 0.18386168 0.34632035 0.50498985 0.00000000 0.55399221 0.35129934 0.38878193 0.36232944 0.26213647 0.31808224 0.11441442 0.23551051 0.34651765 0.34801215 0.48577327 0.17610357 0.52015524 0.27291636 0.19177411 0.36247876 0.12546940 0.19893664 0.23232297 0.16835240 0.24901471 0.13702039 0.08981397 0.17610577 0.24796458 0.40791112 0.14427362 0.37616353 0.27220007 0.22884440 0.43086124 0.24580742 0.13559501 0.32639013 0.18249845 0.28964846 0.29832415 0.10568364 0.25251945 0.90900492 0.25470822 0.19885437 0.23054374 0.22184091 0.05006565 0.20266290 0.22886028 0.08173440 0.19954714 
0.26577182 0.24139594 0.16354783 0.29835544 0.23969731 0.17521031 0.19923639 0.18216682 0.22032597 0.21116341 0.22373693 0.04977806 0.14521007 0.35074411 0.14064837 0.24801130 0.22522991 0.31685996 0.17802399 0.20276257 0.18733801 0.27149454 0.15366673 0.33809120 0.27116525 0.28686571 0.49290702 0.55399221 0.00000000 0.53162731 0.42881285 0.24952751 0.37298796 0.39434424 0.17580947 0.18815616 0.35440961 0.19182004 0.43413805 0.30188106 0.19920239 0.41303832 0.24002994 0.19419097 0.22114227 0.29785458 0.27136019 0.13753947 0.27117682 0.13265846 0.30880533 0.22872588 0.13842835 0.22198728 0.20457576 0.25641467 0.25405899 0.35643193 0.27694761 0.40903008 0.33663189 0.16217400 0.49951943 0.31588926 0.26628808 0.16764566 0.36873289 0.29714006 0.14704116 0.15810546 0.19564531 0.17304538 0.26709874 0.31571956 0.15700937 0.27111322 0.28441959 
0.29472431 0.19237100 0.18681784 0.15459543 0.28325016 0.29391318 0.14666857 0.24321781 0.25283111 0.21790414 0.16879180 0.17773357 0.23541946 0.23436000 0.25563009 0.32047475 0.22013690 0.26776927 0.27120043 0.20246918 0.25543520 0.21301268 0.22141429 0.20866249 0.24092586 0.20943440 1.26379364 0.35129934 0.53162731 0.00000000 0.46402303 0.29536510 0.32777301 0.14223528 0.27189586 0.21920066 0.22465559 0.29667786 0.24362594 0.15880629 0.25123643 0.28008431 0.31313655 0.23599308 0.20681017 0.15059053 0.21713772 0.31270188 0.18219180 0.23794417 0.30741163 0.20240064 0.36732825 0.34075122 0.22804332 0.14878857 0.32715057 0.26368802 0.19388816 0.26127534 0.29004649 0.31952904 0.40451838 0.23887361 0.22364052 0.18703082 0.28373753 0.22377035 0.20430341 0.12739953 0.19175633 0.21957034 0.22332817 0.15570981 0.15912852 0.15039383 0.30327117 
0.12720401 0.17192807 0.17030154 0.26576352 0.15162756 0.16843260 0.22851173 0.19860493 0.15465138 0.30809063 0.35694818 0.20597514 0.14342412 0.30695663 0.20109918 0.08866429 0.30749351 0.24617415 0.16924125 0.21001526 0.22615179 0.22853901 0.37959692 0.13399186 0.29618541 0.37364873 0.81443268 0.38878193 0.42881285 0.46402303 0.00000000 0.69098055 0.45941450 0.40567685 0.22558725 0.23164754 0.43204028 0.26319242 0.28085147 0.26163037 0.45804538 0.24041863 0.21747270 0.23886701 0.18706445 0.10370575 0.20007143 0.30100194 0.26169768 0.26832021 0.11632652 0.22837606 0.13454943 0.15399480 0.21799999 0.17795198 0.32813295 0.20671613 0.31910449 0.15137918 0.14930550 0.26856244 0.30566768 0.22478330 0.25572352 0.25030950 0.23111754 0.32105401 0.36116952 0.20592797 0.17070466 0.18632906 0.13962767 0.20869509 0.17667039 0.26236855 0.07951789 
0.06362503 0.16621915 0.21304528 0.11811195 0.23683244 0.21348325 0.25450404 0.13188199 0.16175934 0.27392377 0.26058821 0.20426891 0.25112169 0.23332932 0.11149494 0.21391285 0.27312008 0.28600854 0.25378406 0.21918447 0.23839044 0.33917349 0.21108985 0.18330453 0.13591729 0.27618787 0.39317084 0.36232944 0.24952751 0.29536510 0.69098055 0.00000000 0.44899083 0.58514371 0.25531659 0.26613866 0.24750837 0.48594437 0.47195053 0.19772253 0.55559602 0.16041741 0.21866033 0.31233158 0.21218757 0.28236629 0.24712543 0.31777337 0.21986670 0.20547809 0.19189933 0.26389565 0.24119158 0.21436373 0.27432001 0.26101820 0.23574925 0.15458764 0.20557979 0.25190268 0.20044667 0.32392356 0.19373897 0.30497956 0.31352706 0.15365462 0.19923112 0.29745046 0.22319262 0.19583846 0.26723997 0.29199338 0.14507959 0.21847115 0.18213276 0.20815491 0.10388860 
0.28082789 0.16960092 0.25939705 0.31142327 0.21212134 0.10119624 0.25864624 0.30645268 0.32132895 0.27172022 0.18897376 0.24850428 0.30979678 0.20098175 0.29736405 0.57373760 0.43588975 0.24725805 0.20802347 0.26524651 0.23131794 0.19138092 0.14352374 0.12953183 0.23751950 0.31261277 0.29822214 0.26213647 0.37298796 0.32777301 0.45941450 0.44899083 0.00000000 0.41390192 0.23027609 0.21945787 0.40276664 0.30058107 0.26317876 0.23156741 0.43731882 0.18460989 0.19304475 0.32704715 0.16552171 0.09809579 0.25036182 0.19217304 0.25199656 0.18444319 0.23347725 0.23851110 0.25852071 0.19015719 0.30958471 0.11295871 0.30954432 0.24000393 0.21711974 0.24085547 0.23773794 0.35793086 0.27724004 0.18951875 0.23655792 0.18997904 0.16942603 0.15093873 0.21941557 0.14965094 0.26304494 0.20933869 0.24552072 0.31757972 0.21203748 0.19130918 0.20409189 
0.29076743 0.16300853 0.17609100 0.08905384 0.00153804 0.23372057 0.23783144 0.17850502 0.13912791 0.21038528 0.52438729 0.26932922 0.26094237 0.51376905 0.67920213 0.29213502 0.30498024 0.18593929 0.02998991 0.17046563 0.12994365 0.15404090 0.24902120 0.12925211 0.20618443 0.29071191 0.29665478 0.31808224 0.39434424 0.14223528 0.40567685 0.58514371 0.41390192 0.00000000 0.22082086 0.34451765 0.22137299 0.70992922 0.55825867 0.31917489 0.42327685 0.32953142 0.19938690 0.47560482 0.33833918 0.13918846 0.29565110 0.26865311 0.17958757 0.11947395 0.23329409 0.17325644 0.20637739 0.15058371 0.27218936 0.29010731 0.11258789 0.20943394 0.34963054 0.28930339 0.16985853 0.32766724 0.21012169 0.25365820 0.22577535 0.05177301 0.09580743 0.21361059 0.19247655 0.03448662 0.27261466 0.22550495 0.25795756 0.18959828 0.19158780 0.19336145 0.21604526 
0.15926342 0.19134335 0.34811892 0.23976052 0.15711391 0.24220221 0.26918142 0.23872339 0.15835235 0.23321706 0.30084110 0.24660621 0.33991521 0.37737366 0.39514270 0.17256360 0.31355155 0.26809035 0.35988856 0.26100557 0.29607929 0.27587475 0.16773392 0.29161949 0.24698728 0.26453749 0.24739283 0.11441442 0.17580947 0.27189586 0.22558725 0.25531659 0.23027609 0.22082086 0.00000000 0.33617710 0.53811187 0.51776004 0.21104790 0.31500413 0.43947763 0.17778548 0.32942561 0.38735608 0.29489352 0.20578746 0.20625667 0.14257409 0.12668308 0.17321046 0.26244625 0.16681703 0.24961584 0.34477448 0.21880565 0.22910642 0.25830611 0.16313215 0.23945214 0.26591870 0.23767666 0.32099998 0.15704744 0.23702303 0.26222871 0.17353608 0.12863110 0.22404503 0.19225532 0.15563256 0.25093379 0.28164850 0.19134244 0.19687852 0.21488056 0.16909760 0.15288343 
0.25902726 0.21986795 0.24631142 0.25352979 0.27754656 0.20783505 0.31180767 0.22110958 0.27446067 0.27601972 0.21941540 0.24371217 0.30838138 0.25069002 0.24803787 0.26786629 0.21106420 0.18309699 0.25781731 0.17418433 0.26569882 0.24770312 0.25828868 0.16338935 0.28110919 0.22627543 0.21451948 0.23551051 0.18815616 0.21920066 0.23164754 0.26613866 0.21945787 0.34451765 0.33617710 0.00000000 0.27971161 0.17821831 0.23547626 0.36108312 0.22972675 0.34955929 0.36307782 0.28035900 0.17861558 0.20917603 0.24877373 0.27776199 0.19526084 0.28405238 0.43255310 0.27159223 0.19981939 0.20948773 0.30003884 0.21161622 0.28011081 0.29841815 0.24443194 0.23922082 0.21937296 0.17404529 0.25468324 0.21644822 0.28818593 0.21947847 0.18632623 0.26273885 0.15480014 0.24180952 0.26956227 0.24884509 0.17452527 0.21096499 0.23672218 0.17081994 0.22920334 
0.16671456 0.17034353 0.21469275 0.12208445 0.06008656 0.16090178 0.36614733 0.34484594 0.09592504 0.25005515 0.23244920 0.17100465 0.21475977 0.34977023 0.37199338 0.40930929 0.28529881 0.28460426 0.10268986 0.06866237 0.05483188 0.11857350 0.18457262 0.13906376 0.12278699 0.25340970 0.21045516 0.34651765 0.35440961 0.22465559 0.43204028 0.24750837 0.40276664 0.22137299 0.53811187 0.27971161 0.00000000 0.36791030 0.22218038 0.49021713 0.50665935 0.25273165 0.42317464 0.40745754 0.40706446 0.21711481 0.36842929 0.30112491 0.15781306 0.24715549 0.08774879 0.26504450 0.25740241 0.37389796 0.21560649 0.28742290 0.16509942 0.25256893 0.36397679 0.32962878 0.29973454 0.26251565 0.23486440 0.22848654 0.21605944 0.16987538 0.27544430 0.18786900 0.27704255 0.33977830 0.06004894 0.13863535 0.26114372 0.21389456 0.29224021 0.12366046 0.15370192 
0.10811923 0.20987630 0.18401193 0.11662377 0.16796164 0.19384874 0.33593876 0.23388061 0.14385145 0.19183510 0.46107283 0.23605953 0.27325225 0.25348381 0.40227667 0.06661910 0.25534871 0.28947142 0.10286922 0.29017305 0.22078162 0.27382642 0.04427366 0.14050474 0.16004693 0.17803116 0.15946063 0.34801215 0.19182004 0.29667786 0.26319242 0.48594437 0.30058107 0.70992922 0.51776004 0.17821831 0.36791030 0.00000000 0.32040057 0.41963310 0.36167053 0.25482851 0.25500187 0.44791725 0.29464565 0.25591126 0.30705195 0.34741328 0.14997753 0.23011142 0.31594944 0.13182438 0.27215839 0.22109492 0.24308729 0.35002462 0.16160680 0.17425946 0.44669292 0.31943300 0.24099025 0.29757138 0.21082902 0.22956231 0.23542886 0.26667897 0.28574284 0.09750813 0.27389513 0.31618748 0.40238421 0.20886302 0.16705222 0.18060731 0.12560774 0.13749125 0.16260181 
0.26230329 0.23400397 0.06073723 0.23411920 0.22250459 0.15636888 0.27444873 0.19365460 0.24510347 0.28480848 0.18021355 0.27534326 0.26917886 0.28357859 0.23969651 0.28499038 0.16144191 0.22116702 0.22723650 0.17921734 0.16158219 0.11179704 0.06880263 0.15378558 0.12447031 0.28506437 0.17661946 0.48577327 0.43413805 0.24362594 0.28085147 0.47195053 0.26317876 0.55825867 0.21104790 0.23547626 0.22218038 0.32040057 0.00000000 0.40015995 0.13118842 0.34556045 0.54326800 0.44533784 0.25655302 0.28521166 0.25086173 0.23193327 0.20468765 0.29867168 0.11797790 0.22047187 0.21628424 0.33384823 0.24723355 0.18481883 0.25352917 0.29448928 0.37071729 0.33705700 0.40505928 0.43740176 0.27988062 0.29208458 0.32331582 0.21782873 0.22209888 0.41890983 0.30740781 0.22353123 0.23747932 0.21246092 0.11760486 0.20985601 0.22029097 0.25073682 0.24382978 
0.18535542 0.15077996 0.34522052 0.23668987 0.13900940 0.15535195 0.22122938 0.18199122 0.11491091 0.20563893 0.40936619 0.26414721 0.30652699 0.27950078 0.23800425 0.28953738 0.26963707 0.26650982 0.11212542 0.29568066 0.29824001 0.23478832 0.13444131 0.20520819 0.14552450 0.26948744 0.15566430 0.17610357 0.30188106 0.15880629 0.26163037 0.19772253 0.23156741 0.31917489 0.31500413 0.36108312 0.49021713 0.41963310 0.40015995 0.00000000 0.59446141 0.46079543 0.31826629 0.53402525 0.41470215 0.28329455 0.29694050 0.27178863 0.05499279 0.39475231 0.25028999 0.14504595 0.18428911 0.26639196 0.23837225 0.62396286 0.22512728 0.15973724 0.49143508 0.36265071 0.21412728 0.25675027 0.18940327 0.26775149 0.17375822 0.10912623 0.00025506 0.24771539 0.11500443 0.11459630 0.19054555 0.14334577 0.24464130 0.03957794 0.36203781 0.18745222 0.23880981 
0.15834141 0.21626842 0.19364179 0.10290926 0.13733239 0.16759814 0.23897550 0.09046851 0.17200992 0.24335928 0.27763950 0.28497090 0.22166666 0.36631460 0.18973555 0.23444404 0.12728853 0.19386740 0.26618172 0.07902107 0.34603082 0.22762518 0.12272236 0.11263357 0.20951110 0.19464840 0.15435567 0.52015524 0.19920239 0.25123643 0.45804538 0.55559602 0.43731882 0.42327685 0.43947763 0.22972675 0.50665935 0.36167053 0.13118842 0.59446141 0.00000000 0.30773596 0.36648801 0.46337588 0.38169864 0.22729705 0.19078706 0.38617648 0.18215764 0.16492975 0.12937780 0.39740802 0.29254542 0.32629612 0.20044770 0.27028165 0.24798947 0.18681111 0.33711388 0.35894340 0.22554758 0.22425719 0.12070284 0.15700849 0.21335364 0.10765431 0.18803807 0.33335508 0.21995475 0.17286007 0.38466003 0.24442829 0.20300060 0.19879067 0.31247437 0.11632122 0.23988175 
0.25139498 0.25552993 0.25858942 0.08918216 0.22435395 0.11860623 0.18767240 0.20262488 0.18489354 0.35033649 0.42483416 0.20995111 0.16725775 0.34326310 0.68497587 0.16814541 0.23412130 0.14587717 0.19509931 0.23280578 0.17940015 0.38246283 0.20502168 0.20033211 0.20573613 0.29321022 0.25009262 0.27291636 0.41303832 0.28008431 0.24041863 0.16041741 0.18460989 0.32953142 0.17778548 0.34955929 0.25273165 0.25482851 0.34556045 0.46079543 0.30773596 0.00000000 0.26898352 0.12821351 0.40239927 0.52093377 0.32924162 0.38607229 0.22277993 0.34819009 0.24859264 0.16242094 0.24690960 0.27508829 0.23822191 0.24289259 0.19794044 0.34638355 0.22277114 0.29418197 0.15401919 0.24415722 0.10278922 0.24398671 0.27847695 0.16039846 0.04832673 0.38086240 0.29636426 0.23914027 0.42615134 0.28173003 0.16643495 0.18984819 0.02811205 0.13213710 0.21011554 
0.28037031 0.30616914 0.19674215 0.14696497 0.20388661 0.19060708 0.29359223 0.20125695 0.17401918 0.20200585 0.23040349 0.34258071 0.26054524 0.27762284 0.14486370 0.20879506 0.26246023 0.23801018 0.21597118 0.24934049 0.32324481 0.24233235 0.06838991 0.32367989 0.19744274 0.19939588 0.22076294 0.19177411 0.24002994 0.31313655 0.21747270 0.21866033 0.19304475 0.19938690 0.32942561 0.36307782 0.42317464 0.25500187 0.54326800 0.31826629 0.36648801 0.26898352 0.00000000 0.45787346 0.38635101 0.32516248 0.65238664 0.15807486 0.09063012 0.23614885 0.24878088 0.29561454 0.26136050 0.29948761 0.43421955 0.29590774 0.23382188 0.27654864 0.41084546 0.27641973 0.34363642 0.25771406 0.20025281 0.18517510 0.21583232 0.09142564 0.19232931 0.38759695 0.23948597 0.05690450 0.24030891 0.17443865 0.17130079 0.11375994 0.22881860 0.17867364 0.25431623 
0.14598845 0.18653599 0.22918765 0.38577187 0.20188551 0.20011764 0.10240972 0.14580890 0.04950416 0.18385470 0.17672448 0.31267935 0.26785433 0.29056696 0.26660819 0.31105454 0.31023964 0.17862170 0.20700108 0.12764083 0.23214777 0.20827566 0.24292146 0.13349075 0.17240857 0.21875848 0.24265327 0.36247876 0.19419097 0.23599308 0.23886701 0.31233158 0.32704715 0.47560482 0.38735608 0.28035900 0.40745754 0.44791725 0.44533784 0.53402525 0.46337588 0.12821351 0.45787346 0.00000000 0.35704508 0.23512900 0.29999019 0.41715287 0.22869927 0.27218406 0.19935473 0.24373831 0.37531884 0.42102658 0.46750148 0.35073868 0.32270496 0.23032171 0.32990284 0.37264377 0.24371599 0.20233705 0.17414742 0.15320766 0.26641808 0.21424091 0.11686946 0.27310553 0.08488802 0.14432901 0.16646059 0.21978744 0.21383695 0.13593903 0.22377316 0.19367513 0.19184797 
0.21232334 0.15539638 0.20064518 0.14997516 0.34314668 0.31793077 0.21427519 0.25622304 0.22308947 0.50721630 0.26219325 0.23219060 0.44172526 0.62358406 0.16362384 0.25146255 0.27064557 0.21737198 0.19589817 0.28400199 0.18372251 0.16924457 0.17069138 0.22979999 0.12933533 0.16547280 0.29179124 0.12546940 0.22114227 0.20681017 0.18706445 0.21218757 0.16552171 0.33833918 0.29489352 0.17861558 0.40706446 0.29464565 0.25655302 0.41470215 0.38169864 0.40239927 0.38635101 0.35704508 0.00000000 0.11107056 0.45472170 0.58731192 0.57574518 0.29801434 0.34149464 0.19390186 0.32573744 0.25391155 0.38859873 0.19990638 0.26442203 0.25557975 0.22840064 0.26541034 0.26504389 0.24424146 0.22263253 0.13483512 0.25472825 0.20007174 0.21196981 0.25224907 0.13146156 0.11772964 0.20945429 0.13350566 0.22556102 0.20002226 0.22507770 0.22159936 0.26035014 
0.29128132 0.34405039 0.26350730 0.17996502 0.20992219 0.25291954 0.54580499 0.18685830 0.18949909 0.30681860 0.18073063 0.19344135 0.18879140 0.31380291 0.35837895 0.27736294 0.08903526 0.26925439 0.16976513 0.12292278 0.26162514 0.21536825 0.21738750 0.33959918 0.13617518 0.23598538 0.04325696 0.19893664 0.29785458 0.15059053 0.10370575 0.28236629 0.09809579 0.13918846 0.20578746 0.20917603 0.21711481 0.25591126 0.28521166 0.28329455 0.22729705 0.52093377 0.32516248 0.23512900 0.11107056 0.00000000 0.26531706 0.07973154 0.19191834 0.37374371 0.27420318 0.41556331 0.31561132 0.33495056 0.25160529 0.24889314 0.16740469 0.24819785 0.29298030 0.33490310 0.28281181 0.16275555 0.31580794 0.34558571 0.30907832 0.28870713 0.15546751 0.48471622 0.17478891 0.18752131 0.25733171 0.48056374 0.25228521 0.28410788 0.28831289 0.38674250 0.33738194 
0.16856349 0.17786962 0.28021053 0.18054057 0.27889937 0.19234323 0.28506389 0.07763746 0.07704316 0.29866437 0.18754127 0.20468273 0.09700971 0.20286563 0.18513699 0.25753839 0.13978852 0.21361936 0.05049534 0.06884006 0.21781452 0.19393439 0.26517685 0.16479597 0.20736531 0.25314223 0.24421193 0.23232297 0.27136019 0.21713772 0.20007143 0.24712543 0.25036182 0.29565110 0.20625667 0.24877373 0.36842929 0.30705195 0.25086173 0.29694050 0.19078706 0.32924162 0.65238664 0.29999019 0.45472170 0.26531706 0.00000000 0.39252607 0.37202254 0.35799043 0.18749657 0.42666131 0.46438808 0.40312918 0.48626975 0.37306694 0.26952093 0.20083200 0.35912994 0.37089491 0.28345725 0.27944695 0.29377324 0.12511529 0.20544739 0.18528070 0.15999133 0.30175492 0.20145169 0.22269622 0.13990596 0.27868022 0.18836576 0.18117381 0.29245454 0.30717086 0.15681309 
