0.00000000 0.28893614 0.28661467 0.11990376 0.19168427 0.26544807 0.16964918 0.18075976 0.23259906 0.20094782 0.13181987 0.14142283 0.14239321 0.17255039 0.29644094 0.12123780 0.15413821 0.23238652 0.12363527 0.16603832 0.10390450 0.09800319 0.12797756 0.17660199 0.17350004 0.20693142 0.22596541 0.22482574 0.18914878 0.13455335 0.17680932 0.12803694 0.13122028 0.12562195 0.20498397 0.20298023 0.09601807 0.26723071 0.20060399 0.13297769 0.15869832 0.13000354 0.21968093 0.20110961 0.12118322 0.13487093 0.14591981 0.16655478 0.13482825 0.10899906 0.15276144 0.17300438 0.13957219 0.27726423 0.13271028 0.10575844 0.32683459 0.21948874 0.12226403 0.17672291 0.35472514 0.28238727 0.31665862 0.13723492 0.12956764 0.19709348 0.15603481 0.15968452 0.16459200 0.07285599 0.11303403 0.21769780 0.19996999 0.07622849 
0.28893614 0.00000000 0.42761580 0.23740859 0.25799127 0.32551609 0.17805724 0.23897937 0.44396380 0.30518879 0.18851977 0.16107471 0.12659373 0.11573579 0.12646881 0.14985055 0.19651998 0.16292600 0.12038172 0.11212221 0.09613162 0.11812225 0.13047573 0.13266227 0.09930174 0.14437326 0.23244460 0.11918501 0.14138203 0.15947587 0.13357359 0.26040534 0.23913334 0.14885717 0.17563946 0.16253774 0.09728475 0.14352441 0.17962930 0.13379625 0.14345721 0.14415451 1.05749207 0.12579368 0.12816856 0.18945658 0.18613057 0.12261498 0.17499179 0.12393214 0.18818665 0.16057736 0.22512034 0.15185308 0.19157096 0.18313430 0.11417371 0.26713586 0.10851025 0.20006235 0.15646209 0.16620049 0.16728268 0.15444979 0.11009684 0.09442847 0.13793400 0.11966579 0.20557210 0.02056697 0.12089876 0.15283401 0.09333091 0.10234109 
0.28661467 0.42761580 0.00000000 0.26919699 0.19177334 0.30329256 0.28820642 0.19069122 0.20696115 0.25987930 0.14795930 0.12944649 0.17229143 0.16658064 0.16752544 0.12667583 0.18322658 0.14809956 0.16314490 0.21672510 0.13673481 0.15348328 0.11985879 0.13854920 0.13252674 0.09958195 0.25330992 0.09048012 0.23085881 0.24546773 0.15364694 0.16994288 0.18816047 0.15478892 0.09998171 0.25627522 0.13795417 0.16402710 0.26498687 0.20164373 0.14937519 0.28809786 0.06303064 0.23665664 0.13040123 0.16490439 0.09631079 0.11511043 0.17076763 0.13575003 0.13370372 0.11197986 0.23155420 0.17968933 0.13283219 0.15103639 0.11007802 0.42179658 0.13923169 0.29020253 0.17738967 0.22461815 0.23495512 0.03765979 0.19974393 0.21331789 0.14362163 0.07848923 0.24522014 0.24835144 0.13331585 0.08761457 0.18898401 0.11362040 
0.11990376 0.23740859 0.26919699 0.00000000 0.32788716 0.24933377 0.51772498 0.23261331 0.25373600 0.23218142 0.15828576 0.25112042 0.15503137 0.18907204 0.16183522 0.14597682 0.12837506 0.12483849 0.13927002 0.14790238 0.17666643 0.16050110 0.16510315 0.16209780 0.15553048 0.13654470 0.13122829 0.11686741 0.15737045 0.18338307 0.16473157 0.13924202 0.16235611 0.18718604 0.13991850 0.15369472 0.13888472 0.11131819 0.17642942 0.38540981 0.18427966 0.17984970 0.17998477 0.18059548 0.15478625 0.13470944 0.16217072 0.17471284 0.10326928 0.15386976 0.18577209 0.16892107 0.23108423 0.16758505 0.15664442 0.16843006 0.16265170 0.13098399 0.15312119 0.15630001 0.20163767 0.12360937 0.20430974 0.13596262 0.11162814 0.14444354 0.13797627 0.14691674 0.12932865 0.12017797 0.14542636 0.15794864 0.25701580 0.12964709 
0.19168427 0.25799127 0.19177334 0.32788716 0.00000000 0.32581602 0.19653289 0.20833172 0.18179671 0.31886726 0.24154148 0.17468875 0.12645395 0.13975949 0.09468867 0.13994686 0.11166413 0.15653513 0.11016112 0.17336566 0.15190326 0.20837898 0.10380825 0.14905580 0.15716631 0.22867506 0.18976186 0.20522881 0.17966444 0.19631381 0.19812881 0.25910837 0.07843656 0.20474267 0.47055204 0.15999543 0.23589976 0.28514444 0.09877991 0.19875151 0.15459006 0.13365273 0.24192087 0.08097693 0.19179576 0.14153004 0.11832312 0.22386321 0.18714867 0.15415800 0.18485840 0.15391221 0.22245641 0.12221267 0.14412303 0.18525188 0.17416267 0.19326512 0.18537027 0.21226495 0.14545345 0.17496086 0.09044734 0.08082683 0.25291721 0.21756039 0.19016226 0.16556693 0.17722792 0.15983247 0.14651871 0.17190759 0.08964427 0.08722264 
0.26544807 0.32551609 0.30329256 0.24933377 0.32581602 0.00000000 0.20535056 0.23680870 0.26526683 0.27039344 0.18839669 0.23458770 0.17930812 0.14072722 0.09252734 0.16902245 0.13925427 0.21741177 0.15999001 0.18897442 0.14663696 0.22048721 0.12924674 0.22937270 0.16439255 0.09766703 0.25871945 0.20782562 0.21650994 0.15651002 0.13048240 0.24454821 0.26985698 0.12366326 0.31467948 0.11368125 0.23319546 0.16513688 0.17336492 0.17339248 0.12619449 0.17848582 0.19097338 0.21012340 0.05437677 0.23658512 0.14196999 0.11466623 0.16836065 0.16043429 0.13681492 0.16083700 0.18607541 0.06018175 0.22855378 0.17290010 0.17284016 0.15888044 0.17680320 0.13038602 0.14037804 0.16861256 0.08268938 0.14199587 0.22842967 0.09539741 0.28782278 0.11932393 0.11222834 0.16989626 0.24325876 0.20511594 0.18511355 0.08986918 
0.16964918 0.17805724 0.28820642 0.51772498 0.19653289 0.20535056 0.00000000 0.25932192 0.29151044 0.17479928 0.15862687 0.29217852 0.13670384 0.21168118 0.18616810 0.14446431 0.12478050 0.17248532 0.16730215 0.17550463 0.15171192 0.20143198 0.16913056 0.16092033 0.12411713 0.14072216 0.19157466 0.13062325 0.19182015 0.19154607 0.18338217 0.14715007 0.20647893 0.19872310 0.17753901 0.17034093 0.19662493 0.12289587 0.15035815 0.19192774 0.19763282 0.15271546 0.11751244 0.19621635 0.10796189 0.12091667 0.18509879 0.19229327 0.12782795 0.15092509 0.18840462 0.17437518 0.14519047 0.20599214 0.22430655 0.12561466 0.13345432 0.16219665 0.13510184 0.23196801 0.14226182 0.14350731 0.19349365 0.16683691 0.12170516 0.15789906 0.13204901 0.12144458 0.14023000 0.14120934 0.17506132 0.16709305 0.15106680 0.10125519 
0.18075976 0.23897937 0.19069122 0.23261331 0.20833172 0.23680870 0.25932192 0.00000000 0.54231588 0.13453730 0.19909885 0.13760882 0.12868815 0.23398500 0.24302282 0.10183020 0.19390565 0.11290976 0.11349726 0.15335658 0.12524968 0.20582383 0.17352241 0.16426902 0.12647921 0.18548098 0.16269536 0.14639416 0.21553061 0.14645662 0.20562470 0.19741848 0.17002826 0.20221601 0.18111339 0.23180285 0.13370526 0.07407519 0.14450692 0.19653351 0.19496949 0.10819887 0.21198465 0.21539834 0.15777311 0.18009015 0.19317600 0.27414390 0.18987599 0.23245893 0.16020015 0.20259231 0.16509947 0.26147888 0.10610701 0.10794561 0.13739106 0.21370415 0.22292558 0.16294463 0.20938922 0.15523641 0.20898687 0.20584841 0.23292328 0.09961185 0.13655336 0.18022824 0.09688341 0.11251568 0.21660124 0.09026230 0.12853072 0.13913792 
0.23259906 0.44396380 0.20696115 0.25373600 0.18179671 0.26526683 0.29151044 0.54231588 0.00000000 0.54219679 0.18466460 0.28602631 0.08957612 0.18803048 0.06742672 0.08752372 0.03695584 0.10930940 0.14840023 0.09381506 0.14030687 0.12253000 0.09626465 0.13753941 0.11206226 0.25126345 0.60753323 0.20470692 0.06214711 0.12111211 0.24987156 0.20839496 0.16464792 0.12393910 0.16153247 0.15360003 0.15883691 0.15567391 0.12651142 0.12445236 0.10272241 0.19720016 0.67260370 0.08059491 0.18880293 0.20344628 0.10369989 0.24808706 0.14746548 0.16483702 0.11485671 0.12464312 0.04565881 0.18830464 0.14671399 0.05579662 0.16765925 0.16652647 0.17791872 0.08142824 0.12120216 0.12020376 0.17687041 0.09259161 0.17809442 0.21210325 0.15900845 0.15827257 0.23830169 0.09624991 0.17721888 0.11086642 0.24849176 0.07285356 
0.20094782 0.30518879 0.25987930 0.23218142 0.31886726 0.27039344 0.17479928 0.13453730 0.54219679 0.00000000 0.58600445 0.30780712 0.13473435 0.20330188 0.20284104 0.09976050 0.07622501 0.15624353 0.11248627 0.15909027 0.09596816 0.08534126 0.23067057 0.17201890 0.11327899 0.25559138 0.19196483 0.17012173 0.19741756 0.23503234 0.09566206 0.21525125 0.12320884 0.20555703 0.23464004 0.27693023 0.06067746 0.18001308 0.09054863 0.16649195 0.15511271 0.20936715 0.09351817 0.14661445 0.11795182 0.15859546 0.18911781 0.18697225 0.31724895 0.29605480 0.17450309 0.14640592 0.13890216 0.12066836 0.09790326 0.21691598 0.16960398 0.07069790 0.13201413 0.17041351 0.14581175 0.12684903 0.12608068 0.24081429 0.15147237 0.17921625 0.08614680 0.15287183 0.19171053 0.17560791 0.11699246 0.12633114 0.13898379 0.13879613 
0.13181987 0.18851977 0.14795930 0.15828576 0.24154148 0.18839669 0.15862687 0.19909885 0.18466460 0.58600445 0.00000000 0.19137491 0.15165443 0.11407163 0.09188657 0.16280850 0.10557225 0.22651333 0.19109405 0.14349078 0.23386311 0.09257605 0.15281241 0.28520116 0.11569536 0.39243178 0.07848005 0.21875166 0.08195918 0.21963458 0.16551098 0.12163989 0.14267216 0.15465148 0.20212821 0.08648177 0.12471877 0.09411115 0.16741066 0.15387021 0.15357183 0.17956161 0.06698260 0.12219259 0.19210600 0.20575345 0.23228268 0.31688348 0.43839028 0.22460059 0.14070841 0.18932575 0.20709485 0.24759100 0.14266663 0.16731183 0.12953564 0.14819337 0.15523835 0.21313661 0.22633454 0.10693344 0.20966303 0.25509216 0.14587708 0.11524306 0.16813990 0.16066788 0.11053449 0.14474330 0.24865418 0.18973774 0.18502480 0.16478014 
0.14142283 0.16107471 0.12944649 0.25112042 0.17468875 0.23458770 0.29217852 0.13760882 0.28602631 0.30780712 0.19137491 0.00000000 0.15745947 0.46804014 0.15047338 0.13154068 0.09633477 0.24608791 0.12469131 0.09015613 0.14012235 0.16033887 0.12507066 0.27069692 0.17320274 0.34328866 0.48004628 0.08913189 0.13580553 0.38094989 0.22864328 0.12917142 0.21901218 0.17872044 0.10793891 0.16952843 0.17480936 0.17959409 0.10960293 0.18233870 0.18399603 0.13023322 0.12360382 0.12991427 0.28908595 0.08276474 0.13220944 0.14973592 0.05450424 0.13806733 0.18042769 0.13869436 0.53927932 0.11620618 0.13419495 0.14191873 0.08391710 0.19194952 0.13928134 0.12716991 0.15455367 0.07420032 0.08472372 0.20339432 0.11508350 0.08962149 0.24986515 0.08004499 0.24504908 0.17110349 0.22465020 0.09703370 0.14606589 0.11065579 
0.14239321 0.12659373 0.17229143 0.15503137 0.12645395 0.17930812 0.13670384 0.12868815 0.08957612 0.13473435 0.15165443 0.15745947 0.00000000 0.46636470 0.19213223 0.10131672 0.11142719 0.20083497 0.05670301 0.11573544 0.65152565 0.20397773 0.16932203 0.48515003 0.13226761 0.22286536 0.02827030 0.14826797 0.14257458 0.19179338 0.15382983 0.09435026 0.11372137 0.15168088 0.14809752 0.13236815 0.04352247 0.12944156 0.12759019 0.14555845 0.12203111 0.27848656 0.16749691 0.21482825 0.10457817 0.17869101 0.15839085 0.20719792 0.24756092 0.29535411 0.21044507 0.30873998 0.16676873 0.18810181 0.16868530 0.24031856 0.19448187 0.29900668 0.15612212 0.21201758 0.25540516 0.11752282 0.22755833 0.18224462 0.16134115 0.21945283 0.10626746 0.14303404 0.20182515 0.22872288 0.12446432 0.09287285 0.15473436 0.09672096 
0.17255039 0.11573579 0.16658064 0.18907204 0.13975949 0.14072722 0.21168118 0.23398500 0.18803048 0.20330188 0.11407163 0.46804014 0.46636470 0.00000000 0.22263082 0.12244690 0.16165132 0.12687675 0.18902910 0.13570088 0.11912764 0.39477334 0.20001339 0.08129677 1.00378368 0.11899676 0.16377737 0.15177241 0.12596651 0.18803751 0.18748907 0.08750755 0.12174822 0.13053470 0.15562114 0.12723790 0.32740559 0.24666449 0.17473732 0.18941056 0.15361632 0.32221416 0.18350432 0.12624170 0.07351652 0.21092135 0.08624042 0.12032864 0.16031842 0.13554867 0.12455374 0.13701923 0.03676184 0.11636668 0.25053796 0.16037958 0.17155814 0.23883807 0.15907353 0.13228501 0.09578739 0.18348087 0.14009548 0.22066492 0.06095166 0.19832996 0.13948270 0.09624596 0.14043492 0.06892624 0.16238238 0.14176096 0.09699001 0.12312073 
0.29644094 0.12646881 0.16752544 0.16183522 0.09468867 0.09252734 0.18616810 0.24302282 0.06742672 0.20284104 0.09188657 0.15047338 0.19213223 0.22263082 0.00000000 0.33186795 0.19389405 0.20343363 0.23609877 0.15511239 0.46503635 0.18274541 0.32580038 0.24966344 0.15304384 0.09931125 0.16556065 0.14833613 0.10029783 0.35101999 0.09315670 0.11277939 0.10024142 0.15005039 0.10611555 0.16510257 0.14774073 0.12841722 0.21254814 0.17149548 0.16916181 0.10739723 0.11837049 0.19347377 0.11796931 0.20531327 0.20737711 0.10442039 0.14357142 0.13639618 0.18150429 0.19693847 0.30635388 0.19669305 0.09676385 0.25057491 0.19212482 0.25634783 0.33033205 0.22676684 0.22339054 0.15831653 0.24543252 0.10802548 0.10611788 0.17168251 0.15810036 0.16867431 0.18674516 0.05491451 0.16124014 0.16168095 0.12810115 0.20128408 
0.12123780 0.14985055 0.12667583 0.14597682 0.13994686 0.16902245 0.14446431 0.10183020 0.08752372 0.09976050 0.16280850 0.13154068 0.10131672 0.12244690 0.33186795 0.00000000 0.43163264 0.61612080 0.16203288 0.66803918 0.28936910 0.41422042 0.36175736 0.15325622 0.06655693 0.09382768 0.11061652 0.20122470 0.06874766 0.10966098 0.17758872 0.23709790 0.16831826 0.11338664 0.13316238 0.04128367 0.60083175 0.17884861 0.20417099 0.13920008 0.19587569 0.15489099 0.16252549 0.09509968 0.19325243 0.20563318 0.28085384 0.12019210 0.25015819 0.13091357 0.12137404 0.11279260 0.12078847 0.11593393 0.20659150 0.25691736 0.11546167 0.17018658 0.11593092 0.10910210 0.19316415 0.16572981 0.16216279 0.13332228 0.17782238 0.12968024 0.16476632 0.14327306 0.10660699 0.09319225 0.13700127 0.10965944 0.14166851 0.22454983 
0.15413821 0.19651998 0.18322658 0.12837506 0.11166413 0.13925427 0.12478050 0.19390565 0.03695584 0.07622501 0.10557225 0.09633477 0.11142719 0.16165132 0.19389405 0.43163264 0.00000000 0.54028115 0.18553750 0.28296975 0.11578093 0.20998596 0.06322402 0.19922355 0.15468189 0.23527994 0.02494450 0.20908600 0.17881371 0.22519150 0.25736114 0.27303740 0.24975095 0.18529152 0.16084731 0.25753063 0.64671470 0.21688275 0.42460415 0.18879118 0.13313487 0.11109357 0.05133842 0.15860051 0.09884032 0.07933957 0.23328982 0.03980874 0.22257243 0.14861281 0.15110453 0.12183493 0.13235187 0.14403126 0.29953794 0.19744801 0.13593112 0.20332646 0.23488003 0.13242490 0.00000000 0.07380926 0.24164315 0.24276006 0.24001045 0.27021414 0.13124374 0.21264771 0.12920348 0.20237309 0.13491189 0.19854824 0.15922475 0.29261273 
0.23238652 0.16292600 0.14809956 0.12483849 0.15653513 0.21741177 0.17248532 0.11290976 0.10930940 0.15624353 0.22651333 0.24608791 0.20083497 0.12687675 0.20343363 0.61612080 0.54028115 0.00000000 0.30216068 0.57826327 0.16196523 0.26946594 0.22720471 0.13253036 0.20791249 0.16286875 0.10377000 0.11466812 0.17156554 0.17656255 0.13340459 0.21971522 0.19355790 0.14720079 0.19253574 0.22667331 0.14403332 0.19270103 0.17688206 0.12570965 0.15712783 0.10287269 0.10164143 0.14328928 0.08547050 0.13391283 0.15695320 0.24182758 0.19538661 0.12734467 0.13645804 0.14098432 0.15755939 0.23026163 0.13098726 0.14175002 0.08375152 0.08286723 0.11710768 0.14226469 0.10492988 0.15154501 0.10473618 0.18848891 0.18951519 0.13301555 0.13904616 0.11373412 0.25628651 0.22277315 0.11092073 0.17140355 0.21428922 0.20930550 
0.12363527 0.12038172 0.16314490 0.13927002 0.11016112 0.15999001 0.16730215 0.11349726 0.14840023 0.11248627 0.19109405 0.12469131 0.05670301 0.18902910 0.23609877 0.16203288 0.18553750 0.30216068 0.00000000 0.28570260 0.35143001 0.22229247 0.22001233 0.12538058 0.26773905 0.14009309 0.21097639 0.14972936 0.13516575 0.14295833 0.15672278 0.16602934 0.16679342 0.14223429 0.18974466 0.15133142 0.15717648 0.21942104 0.13732677 0.14058914 0.15206625 0.12629957 0.11996899 0.15050515 0.16117611 0.08345830 0.17374854 0.24836050 0.24727041 0.17398686 0.16225636 0.13795901 0.13334461 0.26917297 0.12434646 0.16581329 0.36209592 0.14202938 0.44176657 0.16307524 0.17613676 0.17217337 0.09967119 0.16208102 0.21555578 0.18141485 0.13125665 0.14579444 0.13932108 0.09272961 0.17244108 0.25147465 0.28495110 0.34933101 
0.16603832 0.11212221 0.21672510 0.14790238 0.17336566 0.18897442 0.17550463 0.15335658 0.09381506 0.15909027 0.14349078 0.09015613 0.11573544 0.13570088 0.15511239 0.66803918 0.28296975 0.57826327 0.28570260 0.00000000 0.30593054 0.30394974 0.32234549 0.25104890 0.13102279 0.12023112 0.17186139 0.18495112 0.13085789 0.14085149 0.09116918 0.15604988 0.19288599 0.13952393 0.15641335 0.24189164 0.28129361 0.20219403 0.08875975 0.13685507 0.14695485 0.10195208 0.19826477 0.12352812 0.25818901 0.16707819 0.07867644 0.10344930 0.14939837 0.15396135 0.17048832 0.08023652 0.15512072 0.08605939 0.19560660 0.07589303 0.23039452 0.33482212 0.23624730 0.10242063 0.10287122 0.13714337 0.09999740 0.19032417 0.12456578 0.19977375 0.20947611 0.08638750 0.14244737 0.29992743 0.22922699 0.19497786 0.19032767 0.19282704 
0.10390450 0.09613162 0.13673481 0.17666643 0.15190326 0.14663696 0.15171192 0.12524968 0.14030687 0.09596816 0.23386311 0.14012235 0.65152565 0.11912764 0.46503635 0.28936910 0.11578093 0.16196523 0.35143001 0.30593054 0.00000000 0.30876019 0.32142309 0.36751361 0.14697405 0.08380194 0.15337558 0.13632943 0.11035642 0.14255064 0.10773912 0.08964849 0.12112929 0.17256243 0.14955439 0.08772955 0.17883162 0.12948765 0.19673818 0.17418121 0.13414138 0.23922139 0.08816043 0.19193745 0.19616478 0.08295087 0.09941527 0.19076620 0.18748850 0.18457399 0.15145057 0.16942738 0.13728614 0.21428018 0.08005037 0.30031379 0.17841447 0.27948244 0.33563086 0.16466320 0.12418533 0.12019639 0.14781454 0.13150690 0.10091146 0.16553654 0.22232557 0.10858704 0.11996040 0.30503034 0.12852002 0.23136636 0.20893233 0.22761939 
0.09800319 0.11812225 0.15348328 0.16050110 0.20837898 0.22048721 0.20143198 0.20582383 0.12253000 0.08534126 0.09257605 0.16033887 0.20397773 0.39477334 0.18274541 0.41422042 0.20998596 0.26946594 0.22229247 0.30394974 0.30876019 0.00000000 0.40531444 0.17000052 0.41985562 0.17151507 0.13609104 0.13472490 0.19696046 0.22140392 0.16741812 0.16315532 0.24542401 0.12432001 0.10557500 0.19037962 0.23512299 0.25095967 0.13625869 0.12695546 0.12249117 0.12107797 0.07195741 0.07353327 0.17586243 0.17704076 0.31863141 0.16580221 0.17525303 0.18468635 0.11181482 0.08958607 0.07982425 0.21336152 0.21102200 0.31334487 0.08839557 0.10984429 0.19730295 0.08679667 0.17036387 0.17989324 0.28158900 0.17030359 0.12911348 0.13224593 0.16488319 0.17915369 0.13571091 0.08513311 0.21421866 0.19065267 0.09108399 0.15718888 
0.12797756 0.13047573 0.11985879 0.16510315 0.10380825 0.12924674 0.16913056 0.17352241 0.09626465 0.23067057 0.15281241 0.12507066 0.16932203 0.20001339 0.32580038 0.36175736 0.06322402 0.22720471 0.22001233 0.32234549 0.32142309 0.40531444 0.00000000 0.20712292 0.13335390 0.17592717 0.13231388 0.15408630 0.16577600 0.16360605 0.12903240 0.21475110 0.10320585 0.15417178 0.09262883 0.16773241 0.14568033 0.18419490 0.15818563 0.14983915 0.14754663 0.17206423 0.12130377 0.15280141 0.21607963 0.16348301 0.11987194 0.17774738 0.15788855 0.15874452 0.15621815 0.15894235 0.13667580 0.18993045 0.16978522 0.24822415 0.15610074 0.21990839 0.27747235 0.12430003 0.23157874 0.22167919 0.25984494 0.22206937 0.12057428 0.07899353 0.12926366 0.21610543 0.17683905 0.11346304 0.15764237 0.25456771 0.13127478 0.13636941 
0.17660199 0.13266227 0.13854920 0.16209780 0.14905580 0.22937270 0.16092033 0.16426902 0.13753941 0.17201890 0.28520116 0.27069692 0.48515003 0.08129677 0.24966344 0.15325622 0.19922355 0.13253036 0.12538058 0.25104890 0.36751361 0.17000052 0.20712292 0.00000000 0.16684825 0.24499602 0.18776719 0.10944136 0.19916676 0.16226442 0.15658686 0.16167730 0.13485744 0.13905130 0.10733129 0.17966209 0.17647227 0.23542315 0.10823294 0.22397956 0.14070007 0.22026727 0.06229713 0.15509830 0.28194544 0.16100520 0.22187505 0.17535476 0.17419649 0.28255874 0.18913209 0.11832352 0.26240872 0.11328016 0.23165250 0.13996935 0.08149165 0.13580824 0.07799059 0.14940402 0.19030380 0.08833248 0.04208438 0.24227250 0.10660688 0.20689613 0.17329367 0.28368008 0.12929651 0.21779685 0.21271798 0.13012266 0.11055620 0.18000978 
0.17350004 0.09930174 0.13252674 0.15553048 0.15716631 0.16439255 0.12411713 0.12647921 0.11206226 0.11327899 0.11569536 0.17320274 0.13226761 1.00378368 0.15304384 0.06655693 0.15468189 0.20791249 0.26773905 0.13102279 0.14697405 0.41985562 0.13335390 0.16684825 0.00000000 0.07050897 0.36972234 0.17789868 0.33905119 0.14457850 0.15642903 0.22591430 0.41624426 0.18039281 0.12329813 0.20800392 0.25111704 0.16079256 0.15788351 0.17153579 0.20090627 0.12447783 0.23921024 0.25863394 0.18170987 0.16766309 0.14292641 0.15350033 0.16196671 0.18830876 0.12667151 0.09994537 0.18926037 0.09731307 0.13595621 0.19727992 0.25306453 0.10877133 0.21094411 0.11652470 0.16439847 0.14879900 0.11370622 0.15059178 0.16422481 0.21420501 0.15979401 0.27533002 0.04371971 0.08445050 0.08319597 0.23595390 0.08650487 0.24295245 
0.20693142 0.14437326 0.09958195 0.13654470 0.22867506 0.09766703 0.14072216 0.18548098 0.25126345 0.25559138 0.39243178 0.34328866 0.22286536 0.11899676 0.09931125 0.09382768 0.23527994 0.16286875 0.14009309 0.12023112 0.08380194 0.17151507 0.17592717 0.24499602 0.07050897 0.00000000 0.60976836 0.47147766 0.69727883 0.18820701 0.22803756 0.25513127 0.27178063 0.19767307 0.25032993 0.26455321 0.17779315 0.25786613 0.15513833 0.21971233 0.16235182 0.20166757 0.11490055 0.23373353 0.10913640 0.05589422 0.14689581 0.18530813 0.17246669 0.12247212 0.22690475 0.03573427 0.12645596 0.08072427 0.14029651 0.08603183 0.20177647 0.16617910 0.06107965 0.16270513 0.10124912 0.17469445 0.11249171 0.07431976 0.10676381 0.14313020 0.24555533 0.10396766 0.17588805 0.04857560 0.12315332 0.22172030 0.13989809 0.12081850 
0.22596541 0.23244460 0.25330992 0.13122829 0.18976186 0.25871945 0.19157466 0.16269536 0.60753323 0.19196483 0.07848005 0.48004628 0.02827030 0.16377737 0.16556065 0.11061652 0.02494450 0.10377000 0.21097639 0.17186139 0.15337558 0.13609104 0.13231388 0.18776719 0.36972234 0.60976836 0.00000000 0.46623591 0.22689621 0.27601219 0.20524195 0.14125454 0.22390798 0.19416006 0.16839931 0.15573900 0.13968978 0.25934603 0.14225466 0.16233552 0.22804225 0.11444751 0.41031053 0.35580672 0.17618755 0.08090790 0.08856497 0.09535605 0.06371799 0.13829323 0.18486440 0.10786207 0.46598239 0.02613971 0.24237417 0.08176112 0.11065643 0.09244129 0.10540966 0.11791097 0.11592614 0.11215832 0.14689194 0.02122224 0.14758667 0.31494817 0.18488198 0.16307393 0.05003269 0.08487654 0.15629881 0.16018942 0.08128320 0.06827456 
0.22482574 0.11918501 0.09048012 0.11686741 0.20522881 0.20782562 0.13062325 0.14639416 0.20470692 0.17012173 0.21875166 0.08913189 0.14826797 0.15177241 0.14833613 0.20122470 0.20908600 0.11466812 0.14972936 0.18495112 0.13632943 0.13472490 0.15408630 0.10944136 0.17789868 0.47147766 0.46623591 0.00000000 0.47139554 0.16552603 0.33627085 0.24306070 0.21430082 0.16271931 0.26265040 0.26592235 0.13671370 0.22126669 0.22248876 0.18409402 0.19293562 0.18313498 0.14684727 0.18961630 0.21624206 0.08182439 0.22783935 0.16624119 0.22938758 0.15343234 0.12494929 0.08289250 0.14899076 0.17917298 0.11631734 0.11138828 0.23781771 0.23085187 0.19740875 0.18425972 0.14719853 0.19677646 0.14043198 0.11282521 0.17821357 0.14591941 0.08129239 0.16191911 0.22275289 0.24340784 0.23946210 0.18054618 0.16250429 0.13490963 
0.18914878 0.14138203 0.23085881 0.15737045 0.17966444 0.21650994 0.19182015 0.21553061 0.06214711 0.19741756 0.08195918 0.13580553 0.14257458 0.12596651 0.10029783 0.06874766 0.17881371 0.17156554 0.13516575 0.13085789 0.11035642 0.19696046 0.16577600 0.19916676 0.33905119 0.69727883 0.22689621 0.47139554 0.00000000 0.17300112 0.16370740 0.57816342 0.37710869 0.15902853 0.11232042 0.22810898 0.16647883 0.20420474 0.19051064 0.14499665 0.18020919 0.08740573 0.09885298 0.18355919 0.10069194 0.23535132 0.14243596 0.08469824 0.13953242 0.19404198 0.15392856 0.12491981 0.22908363 0.21894576 0.08641356 0.13029924 0.19884360 0.15925396 0.10321204 0.17352018 0.12990734 0.15166263 0.13007422 0.17032011 0.16097027 0.16167349 0.22625852 0.12312800 0.20858297 0.12064284 0.08441866 0.14171726 0.10808743 0.28639297 
0.13455335 0.15947587 0.24546773 0.18338307 0.19631381 0.15651002 0.19154607 0.14645662 0.12111211 0.23503234 0.21963458 0.38094989 0.19179338 0.18803751 0.35101999 0.10966098 0.22519150 0.17656255 0.14295833 0.14085149 0.14255064 0.22140392 0.16360605 0.16226442 0.14457850 0.18820701 0.27601219 0.16552603 0.17300112 0.00000000 0.13529562 0.17521970 0.12420448 0.24476072 0.20206133 0.17193906 0.10619584 0.18580402 0.15784889 0.24149717 0.23234020 0.26524359 0.11903242 0.23043474 0.18730106 0.16065428 0.14218103 0.15104716 0.14434621 0.17199370 0.18632587 0.17976113 0.18575677 0.15308274 0.16511862 0.23782613 0.14109749 0.13790931 0.14187585 0.15067258 0.14102063 0.16707401 0.13312322 0.15543889 0.11855691 0.13239739 0.14782006 0.14435424 0.14205755 0.12197441 0.16377761 0.14345604 0.13074987 0.14522210 
0.17680932 0.13357359 0.15364694 0.16473157 0.19812881 0.13048240 0.18338217 0.20562470 0.24987156 0.09566206 0.16551098 0.22864328 0.15382983 0.18748907 0.09315670 0.17758872 0.25736114 0.13340459 0.15672278 0.09116918 0.10773912 0.16741812 0.12903240 0.15658686 0.15642903 0.22803756 0.20524195 0.33627085 0.16370740 0.13529562 0.00000000 0.23976233 0.27621451 0.24623018 0.57396676 0.15491361 0.15713165 0.29380443 0.16232984 0.29118057 0.24749169 0.17277340 0.20451449 0.13154904 0.22662172 0.11185409 0.22658258 0.22966067 0.17420504 0.14020291 0.17215839 0.10093661 0.12690394 0.10240875 0.32249064 0.13962959 0.14235957 0.14551461 0.10801295 0.13610101 0.14548022 0.09357934 0.12568930 0.16288770 0.15045166 0.11058078 0.16750395 0.11116602 0.20414108 0.15888495 0.23369379 0.20764026 0.19602056 0.18864875 
0.12803694 0.26040534 0.16994288 0.13924202 0.25910837 0.24454821 0.14715007 0.19741848 0.20839496 0.21525125 0.12163989 0.12917142 0.09435026 0.08750755 0.11277939 0.23709790 0.27303740 0.21971522 0.16602934 0.15604988 0.08964849 0.16315532 0.21475110 0.16167730 0.22591430 0.25513127 0.14125454 0.24306070 0.57816342 0.17521970 0.23976233 0.00000000 0.22987297 0.18675933 0.42755880 0.59888217 0.12326325 0.26114877 0.24970399 0.18712280 0.18754091 0.12394761 0.18553979 0.18596939 0.15306584 0.09899860 0.16012665 0.10023755 0.13390551 0.13168016 0.20473780 0.11022225 0.11756683 0.25531715 0.27604451 0.16660962 0.23860685 0.06558182 0.08501520 0.15091333 0.11692966 0.07788146 0.01594278 0.14786050 0.12994277 0.12434861 0.13929017 0.19624353 0.24731140 0.16676135 0.10628385 0.25510962 0.15007383 0.11601032 
0.13122028 0.23913334 0.18816047 0.16235611 0.07843656 0.26985698 0.20647893 0.17002826 0.16464792 0.12320884 0.14267216 0.21901218 0.11372137 0.12174822 0.10024142 0.16831826 0.24975095 0.19355790 0.16679342 0.19288599 0.12112929 0.24542401 0.10320585 0.13485744 0.41624426 0.27178063 0.22390798 0.21430082 0.37710869 0.12420448 0.27621451 0.22987297 0.00000000 0.12402980 0.21776756 0.40918445 0.41212510 0.15635619 0.16113151 0.14188883 0.14727030 0.12187063 0.09481133 0.07172566 0.20371776 0.14018049 0.14389167 0.14067044 0.22704421 0.12417591 0.18523236 0.11117291 0.16971964 0.21206377 0.52805632 0.12718929 0.14714400 0.23421462 0.11012765 0.18064959 0.25499788 0.17053446 0.12968787 0.11424921 0.23924203 0.12577501 0.11293318 0.08133974 0.12890561 0.21013810 0.19277861 0.14981339 0.15485865 0.10348717 
0.12562195 0.14885717 0.15478892 0.18718604 0.20474267 0.12366326 0.19872310 0.20221601 0.12393910 0.20555703 0.15465148 0.17872044 0.15168088 0.13053470 0.15005039 0.11338664 0.18529152 0.14720079 0.14223429 0.13952393 0.17256243 0.12432001 0.15417178 0.13905130 0.18039281 0.19767307 0.19416006 0.16271931 0.15902853 0.24476072 0.24623018 0.18675933 0.12402980 0.00000000 0.19058042 0.18796954 0.13326991 0.18417446 0.25461880 0.24305545 0.23280245 0.18704338 0.12426320 0.14452776 0.13765308 0.15165974 0.20082655 0.17174263 0.13177530 0.17647412 0.22589841 0.18714838 0.19977868 0.17881866 0.24699207 0.18076982 0.17035837 0.25626702 0.15266711 0.15343455 0.15693299 0.20951702 0.13587882 0.20305516 0.16358914 0.16269039 0.14983642 0.14708747 0.25871237 0.25773714 0.16188191 0.13802368 0.11119554 0.23084065 
0.20498397 0.17563946 0.09998171 0.13991850 0.47055204 0.31467948 0.17753901 0.18111339 0.16153247 0.23464004 0.20212821 0.10793891 0.14809752 0.15562114 0.10611555 0.13316238 0.16084731 0.19253574 0.18974466 0.15641335 0.14955439 0.10557500 0.09262883 0.10733129 0.12329813 0.25032993 0.16839931 0.26265040 0.11232042 0.20206133 0.57396676 0.42755880 0.21776756 0.19058042 0.00000000 0.23168837 0.23776322 0.26860222 0.20943327 0.14300366 0.20722389 0.34554895 0.08585447 0.13269128 0.10132634 0.13937241 0.17770947 0.25727620 0.23885386 0.09820664 0.16137501 0.14048979 0.12483486 0.07722707 0.13388133 0.27575317 0.16661549 0.17715215 0.10972912 0.13755696 0.22315164 0.36400906 0.09881148 0.13528089 0.14354353 0.15927233 0.17254850 0.11472972 0.14093163 0.06813528 0.18272412 0.23926433 0.20582787 0.12745144 
0.20298023 0.16253774 0.25627522 0.15369472 0.15999543 0.11368125 0.17034093 0.23180285 0.15360003 0.27693023 0.08648177 0.16952843 0.13236815 0.12723790 0.16510257 0.04128367 0.25753063 0.22667331 0.15133142 0.24189164 0.08772955 0.19037962 0.16773241 0.17966209 0.20800392 0.26455321 0.15573900 0.26592235 0.22810898 0.17193906 0.15491361 0.59888217 0.40918445 0.18796954 0.23168837 0.00000000 0.45293924 0.21764667 0.19137567 0.17064993 0.16113850 0.22581945 0.08705220 0.13487193 0.16374093 0.18866237 0.13253754 0.21695131 0.20247918 0.19095872 0.21718610 0.20438848 0.16712719 0.13648241 0.16140318 0.17957055 0.17763413 0.06989869 0.19085995 0.15914842 0.07190429 0.11361835 0.12696472 0.15311658 0.15655189 0.17080757 0.12777722 0.14717272 0.17355966 0.12602508 0.09026834 0.12887842 0.15246741 0.12909052 
0.09601807 0.09728475 0.13795417 0.13888472 0.23589976 0.23319546 0.19662493 0.13370526 0.15883691 0.06067746 0.12471877 0.17480936 0.04352247 0.32740559 0.14774073 0.60083175 0.64671470 0.14403332 0.15717648 0.28129361 0.17883162 0.23512299 0.14568033 0.17647227 0.25111704 0.17779315 0.13968978 0.13671370 0.16647883 0.10619584 0.15713165 0.12326325 0.41212510 0.13326991 0.23776322 0.45293924 0.00000000 0.26075996 0.21022250 0.16562571 0.16444653 0.12765675 0.09717028 0.19558489 0.13355137 0.14540830 0.24269282 0.08531714 0.21613916 0.09619503 0.16939605 0.09884180 0.12150930 0.11423135 0.16762777 0.18816716 0.15049975 0.08879502 0.14145817 0.26166305 0.05476339 0.18168003 0.18136431 0.21700045 0.15825796 0.10264226 0.12622247 0.16868998 0.16761396 0.28788016 0.10179442 0.17276829 0.31613405 0.19171038 
0.26723071 0.14352441 0.16402710 0.11131819 0.28514444 0.16513688 0.12289587 0.07407519 0.15567391 0.18001308 0.09411115 0.17959409 0.12944156 0.24666449 0.12841722 0.17884861 0.21688275 0.19270103 0.21942104 0.20219403 0.12948765 0.25095967 0.18419490 0.23542315 0.16079256 0.25786613 0.25934603 0.22126669 0.20420474 0.18580402 0.29380443 0.26114877 0.15635619 0.18417446 0.26860222 0.21764667 0.26075996 0.00000000 0.17878280 0.19412461 0.14551212 0.08353296 0.15939279 0.06348524 0.02883080 0.14470496 0.14896300 0.15489455 0.23534456 0.19421548 0.16655966 0.14384738 0.12136558 0.13757990 0.24237544 0.22609894 0.20290163 0.12519727 0.13855875 0.12373808 0.10276883 0.29648140 0.28402078 0.24485262 0.19225944 0.17065819 0.19830907 0.14896530 0.27048834 0.18811111 0.20806126 0.15303178 0.08751990 0.18890375 
0.20060399 0.17962930 0.26498687 0.17642942 0.09877991 0.17336492 0.15035815 0.14450692 0.12651142 0.09054863 0.16741066 0.10960293 0.12759019 0.17473732 0.21254814 0.20417099 0.42460415 0.17688206 0.13732677 0.08875975 0.19673818 0.13625869 0.15818563 0.10823294 0.15788351 0.15513833 0.14225466 0.22248876 0.19051064 0.15784889 0.16232984 0.24970399 0.16113151 0.25461880 0.20943327 0.19137567 0.21022250 0.17878280 0.00000000 0.14560690 0.21510094 0.10556319 0.04624957 0.21736984 0.19208157 0.11184023 0.15643449 0.21952097 0.09696741 0.13593184 0.13936718 0.17667236 0.10495572 0.20002175 0.73287710 0.26259132 0.22698508 0.23375629 0.15148197 0.17292253 0.11726615 0.18196479 0.20227526 0.30571958 0.17164229 0.07366903 0.11561745 0.13838557 0.13179887 0.11071485 0.12141340 0.18982370 0.20489747 0.22031962 
0.13297769 0.13379625 0.20164373 0.38540981 0.19875151 0.17339248 0.19192774 0.19653351 0.12445236 0.16649195 0.15387021 0.18233870 0.14555845 0.18941056 0.17149548 0.13920008 0.18879118 0.12570965 0.14058914 0.13685507 0.17418121 0.12695546 0.14983915 0.22397956 0.17153579 0.21971233 0.16233552 0.18409402 0.14499665 0.24149717 0.29118057 0.18712280 0.14188883 0.24305545 0.14300366 0.17064993 0.16562571 0.19412461 0.14560690 0.00000000 0.23177605 0.24154207 0.15209580 0.17862481 0.17158653 0.15515050 0.13362233 0.17939173 0.14121181 0.17417896 0.18809522 0.18496128 0.23538721 0.16785008 0.19273511 0.18674381 0.16032052 0.16500706 0.13132580 0.15010996 0.16152491 0.15514767 0.16588706 0.16173630 0.13766302 0.15341914 0.14820676 0.18155984 0.17242238 0.17658468 0.14844389 0.15095998 0.18624874 0.15619151 
0.15869832 0.14345721 0.14937519 0.18427966 0.15459006 0.12619449 0.19763282 0.19496949 0.10272241 0.15511271 0.15357183 0.18399603 0.12203111 0.15361632 0.16916181 0.19587569 0.13313487 0.15712783 0.15206625 0.14695485 0.13414138 0.12249117 0.14754663 0.14070007 0.20090627 0.16235182 0.22804225 0.19293562 0.18020919 0.23234020 0.24749169 0.18754091 0.14727030 0.23280245 0.20722389 0.16113850 0.16444653 0.14551212 0.21510094 0.23177605 0.00000000 0.18260924 0.19117464 0.12840229 0.20560389 0.16458685 0.15092726 0.17399651 0.14866998 0.19345056 0.18057499 0.18650549 0.30154885 0.19390511 0.19581042 0.15643371 0.19698251 0.18074272 0.16953900 0.14745348 0.25790328 0.11574750 0.25568393 0.15337234 0.15366469 0.18263852 0.15788368 0.14543667 0.15203947 0.12641341 0.19214697 0.20209735 0.20903704 0.17819106 
0.13000354 0.14415451 0.28809786 0.17984970 0.13365273 0.17848582 0.15271546 0.10819887 0.19720016 0.20936715 0.17956161 0.13023322 0.27848656 0.32221416 0.10739723 0.15489099 0.11109357 0.10287269 0.12629957 0.10195208 0.23922139 0.12107797 0.17206423 0.22026727 0.12447783 0.20166757 0.11444751 0.18313498 0.08740573 0.26524359 0.17277340 0.12394761 0.12187063 0.18704338 0.34554895 0.22581945 0.12765675 0.08353296 0.10556319 0.24154207 0.18260924 0.00000000 0.07890662 0.12572384 0.13901243 0.08674394 0.14334641 0.22649897 0.19544921 0.16660053 0.19975320 0.19056464 0.28868344 0.33671966 0.16682384 0.36536737 0.12110276 0.21761084 0.14210263 0.27914370 0.13613636 0.21924770 0.14341129 0.15336409 0.23597022 0.13623756 0.08450543 0.25332834 0.18251812 0.21200806 0.25375977 0.09699252 0.14987776 0.13857760 
0.21968093 1.05749207 0.06303064 0.17998477 0.24192087 0.19097338 0.11751244 0.21198465 0.67260370 0.09351817 0.06698260 0.12360382 0.16749691 0.18350432 0.11837049 0.16252549 0.05133842 0.10164143 0.11996899 0.19826477 0.08816043 0.07195741 0.12130377 0.06229713 0.23921024 0.11490055 0.41031053 0.14684727 0.09885298 0.11903242 0.20451449 0.18553979 0.09481133 0.12426320 0.08585447 0.08705220 0.09717028 0.15939279 0.04624957 0.15209580 0.19117464 0.07890662 0.00000000 0.22032041 0.17209426 0.30616357 0.15558375 0.09765175 0.14639517 0.15292340 0.36613278 0.15479741 0.74037166 0.15946347 0.03471647 0.10438083 0.21315976 0.20647311 0.05923579 0.13507323 0.17015194 0.15350383 0.26496634 0.11701289 0.14663390 0.24480558 0.17554656 0.27506837 0.23813378 0.23413864 0.09297517 0.10888301 0.14925669 0.07159172 
0.20110961 0.12579368 0.23665664 0.18059548 0.08097693 0.21012340 0.19621635 0.21539834 0.08059491 0.14661445 0.12219259 0.12991427 0.21482825 0.12624170 0.19347377 0.09509968 0.15860051 0.14328928 0.15050515 0.12352812 0.19193745 0.07353327 0.15280141 0.15509830 0.25863394 0.23373353 0.35580672 0.18961630 0.18355919 0.23043474 0.13154904 0.18596939 0.07172566 0.14452776 0.13269128 0.13487193 0.19558489 0.06348524 0.21736984 0.17862481 0.12840229 0.12572384 0.22032041 0.00000000 0.20119004 0.21488792 0.18018931 0.16443378 0.36430119 0.15544191 0.14912296 0.26710610 0.15047210 0.26120509 0.11902746 0.24486179 0.20042424 0.13083112 0.28155879 0.26686566 0.22735740 0.30343637 0.14155666 0.20382427 0.06602893 0.07212673 0.27826596 0.06011825 0.07370880 0.35673343 0.25891499 0.20736003 0.13849512 0.20267602 
0.12118322 0.12816856 0.13040123 0.15478625 0.19179576 0.05437677 0.10796189 0.15777311 0.18880293 0.11795182 0.19210600 0.28908595 0.10457817 0.07351652 0.11796931 0.19325243 0.09884032 0.08547050 0.16117611 0.25818901 0.19616478 0.17586243 0.21607963 0.28194544 0.18170987 0.10913640 0.17618755 0.21624206 0.10069194 0.18730106 0.22662172 0.15306584 0.20371776 0.13765308 0.10132634 0.16374093 0.13355137 0.02883080 0.19208157 0.17158653 0.20560389 0.13901243 0.17209426 0.20119004 0.00000000 0.36254055 0.36237819 0.25808987 0.29681526 0.19386189 0.21775569 0.22929138 0.17352367 0.16488148 0.12314579 0.12554273 0.23491933 0.11861128 0.24521195 0.14909974 0.28140195 0.19609380 0.26847698 0.34354624 0.14511528 0.23052547 0.18761217 0.17277855 0.13773464 0.20164872 0.12224516 0.27895981 0.12621427 0.19160154 
0.13487093 0.18945658 0.16490439 0.13470944 0.14153004 0.23658512 0.12091667 0.18009015 0.20344628 0.15859546 0.20575345 0.08276474 0.17869101 0.21092135 0.20531327 0.20563318 0.07933957 0.13391283 0.08345830 0.16707819 0.08295087 0.17704076 0.16348301 0.16100520 0.16766309 0.05589422 0.08090790 0.08182439 0.23535132 0.16065428 0.11185409 0.09899860 0.14018049 0.15165974 0.13937241 0.18866237 0.14540830 0.14470496 0.11184023 0.15515050 0.16458685 0.08674394 0.30616357 0.21488792 0.36254055 0.00000000 0.28204192 0.51619121 0.26164490 0.42530123 0.31377962 0.52930427 0.15025133 0.21234709 0.11082298 0.12651189 0.15447312 0.18075259 0.16246107 0.13998608 0.25493769 0.12005571 0.28202678 0.09366852 0.13687196 0.16713434 0.21660412 0.25739622 0.20315582 0.19675241 0.12349218 0.10958895 0.12500568 0.10799444 
0.14591981 0.18613057 0.09631079 0.16217072 0.11832312 0.14196999 0.18509879 0.19317600 0.10369989 0.18911781 0.23228268 0.13220944 0.15839085 0.08624042 0.20737711 0.28085384 0.23328982 0.15695320 0.17374854 0.07867644 0.09941527 0.31863141 0.11987194 0.22187505 0.14292641 0.14689581 0.08856497 0.22783935 0.14243596 0.14218103 0.22658258 0.16012665 0.14389167 0.20082655 0.17770947 0.13253754 0.24269282 0.14896300 0.15643449 0.13362233 0.15092726 0.14334641 0.15558375 0.18018931 0.36237819 0.28204192 0.00000000 0.23156129 0.34629328 0.23975368 0.18882947 0.31794990 0.16281563 0.21486001 0.04802197 0.10776984 0.15925033 0.22367339 0.26638535 0.21207089 0.18814999 0.12108462 0.17460920 0.13827761 0.20133113 0.20821485 0.21555519 0.18694488 0.19330341 0.24632081 0.18715287 0.11541602 0.29971993 0.28468285 
0.16655478 0.12261498 0.11511043 0.17471284 0.22386321 0.11466623 0.19229327 0.27414390 0.24808706 0.18697225 0.31688348 0.14973592 0.20719792 0.12032864 0.10442039 0.12019210 0.03980874 0.24182758 0.24836050 0.10344930 0.19076620 0.16580221 0.17774738 0.17535476 0.15350033 0.18530813 0.09535605 0.16624119 0.08469824 0.15104716 0.22966067 0.10023755 0.14067044 0.17174263 0.25727620 0.21695131 0.08531714 0.15489455 0.21952097 0.17939173 0.17399651 0.22649897 0.09765175 0.16443378 0.25808987 0.51619121 0.23156129 0.00000000 0.22801779 0.47665572 0.20453713 0.28353424 0.16476174 0.20537680 0.17061223 0.10845967 0.13681785 0.14252747 0.12704529 0.14154427 0.13973885 0.13247301 0.12901415 0.28463695 0.20154489 0.14789552 0.16547113 0.11917732 0.14565560 0.16598466 0.16734781 0.17194079 0.11104227 0.13342696 
0.13482825 0.17499179 0.17076763 0.10326928 0.18714867 0.16836065 0.12782795 0.18987599 0.14746548 0.31724895 0.43839028 0.05450424 0.24756092 0.16031842 0.14357142 0.25015819 0.22257243 0.19538661 0.24727041 0.14939837 0.18748850 0.17525303 0.15788855 0.17419649 0.16196671 0.17246669 0.06371799 0.22938758 0.13953242 0.14434621 0.17420504 0.13390551 0.22704421 0.13177530 0.23885386 0.20247918 0.21613916 0.23534456 0.09696741 0.14121181 0.14866998 0.19544921 0.14639517 0.36430119 0.29681526 0.26164490 0.34629328 0.22801779 0.00000000 0.21557407 0.22924488 0.19633841 0.18554857 0.16554790 0.15960160 0.21427681 0.09507201 0.20519944 0.10909886 0.12865812 0.17878804 0.17524885 0.19128097 0.09894593 0.14795675 0.12946630 0.07101542 0.23015696 0.25699185 0.22429303 0.12000807 0.10335033 0.16577031 0.22579660 
