0.00000000 0.26510344 0.19136651 0.19390331 0.16204102 0.16041799 0.19827244 0.15538170 0.17402580 0.19096758 0.17839584 0.15937256 0.20079698 0.18244487 0.14688495 0.17955554 0.15497016 0.17828321 0.14209579 0.18389753 0.15462893 0.15002431 0.15453304 0.14337021 0.15343254 0.16722380 0.14623855 0.13762209 0.12992992 0.17419128 0.15385016 0.16659058 0.17221045 0.15224198 0.15388380 0.17135587 0.16039486 0.18444133 0.16076338 0.16734807 0.14067305 0.12476163 0.16504599 0.16554373 0.14606866 0.16904975 0.17132748 0.19992290 0.16865613 0.21277200 0.17701470 0.14973842 0.21242706 0.19642612 0.23337913 0.13761211 0.15671160 0.15857392 0.15197825 0.16550914 0.16893683 0.18839199 0.16806356 0.14444407 0.15977159 0.17990702 0.13872144 0.16699395 0.17841079 0.16511188 0.16576213 0.17200980 0.17135409 0.16133244 0.12274489 0.14618198 0.16042521 0.15574724 0.16068714 0.14413636 0.15422812 0.16381715 0.14821096 0.18067671 0.16913419 0.14196965 0.14116607 0.15477322 0.15240145 0.14159492 0.15823201 0.16195458 0.15233106 0.15854279 0.16747526 0.21421524 0.16729475 0.18530432 0.17595930 0.14929205 0.15603717 0.17887197 0.14523291 0.15425227 0.16440536 
0.26510344 0.00000000 0.39163887 0.40080677 0.21378471 0.21253977 0.18189134 0.21052843 0.12487649 0.19332916 0.21012204 0.16045077 0.14733142 0.16651972 0.17018886 0.16547730 0.16177740 0.11912954 0.16549573 0.20812165 0.20413514 0.10265469 0.20634509 0.15755067 0.13980539 0.15991660 0.17471267 0.15949644 0.14710520 0.20375733 0.18357681 0.17132248 0.19038338 0.13622279 0.20180079 0.11903124 0.15495738 0.15537903 0.09695306 0.15114501 0.13783930 0.05671855 0.21663778 0.12638859 0.18752420 0.13906922 0.16523060 0.18471515 0.13811221 0.16454426 0.13382983 0.14044399 0.24507401 0.19850231 0.20179179 0.14255778 0.15491822 0.12463003 0.15162163 0.11697689 0.18253519 0.10094887 0.16844084 0.09156417 0.09796388 0.17612991 0.18670978 0.15145134 0.23645761 0.10199740 0.14631444 0.12682489 0.17648947 0.09751395 0.06278078 0.19221562 0.13085806 0.13300717 0.13560157 0.13457504 0.18945516 0.16939944 0.19303562 0.20579566 0.16960610 0.17113254 0.15807799 0.18618484 0.17684224 0.12057112 0.19364258 0.16068314 0.17799881 0.13838313 0.19772735 0.22612631 0.20903102 0.16286055 0.10478768 0.12474950 0.17721869 0.17925625 0.16629648 0.16289156 0.14009043 
0.19136651 0.39163887 0.00000000 0.33133899 0.24553591 0.25512386 0.19980022 0.21739530 0.13100400 0.18334127 0.18264829 0.29497186 0.12723901 0.14980284 0.19405589 0.18007932 0.16707600 0.13997687 0.18622570 0.11711131 0.11177894 0.12478109 0.16769000 0.12903690 0.15060387 0.15883449 0.16351110 0.16903747 0.09477212 0.18133731 0.21208162 0.13740898 0.13329301 0.20630483 0.17973794 0.13412920 0.09109557 0.15924642 0.06450077 0.12307322 0.17613198 0.05177366 0.14901169 0.13246506 0.22024058 0.11540016 0.14176490 0.23445128 0.11203296 0.24423399 0.15177334 0.21847756 0.15830038 0.16524384 0.09538836 0.18486443 0.10212564 0.20098019 0.16122721 0.15398036 0.20860210 0.18629231 0.13841245 0.11871266 0.07993799 0.19877295 0.16604420 0.11714326 0.23928024 0.13891364 0.17816672 0.12506402 0.18021324 0.19919365 0.06314547 0.13338227 0.09916979 0.17171021 0.19097742 0.19238359 0.24136981 0.13216788 0.22914046 0.19793872 0.23391834 0.14890548 0.16054203 0.11858225 0.16332118 0.15814217 0.19526658 0.10531845 0.17594223 0.11220371 0.16743823 0.13609782 0.12398397 0.24927006 0.19977163 0.09627016 0.26152072 0.21156338 0.24277178 0.25854751 0.12121636 
0.19390331 0.40080677 0.33133899 0.00000000 0.33615094 0.21428743 0.24033984 0.20046417 0.15714101 0.17600213 0.13996010 0.09368129 0.05298746 0.19526897 0.20756857 0.16161884 0.14762140 0.13842104 0.10970606 0.16884790 0.18015173 0.27284401 0.14020412 0.17981598 0.21546863 0.19704044 0.20043180 0.18000998 0.19988039 0.23664615 0.20494869 0.10921177 0.16366194 0.08277523 0.16861194 0.18983234 0.10745541 0.04082332 0.13141088 0.23654326 0.13992308 0.12015316 0.17482263 0.14519506 0.13072209 0.15218916 0.14164702 0.23824672 0.15139656 0.12825910 0.17474704 0.15799532 0.19983460 0.16725361 0.17954516 0.20532745 0.11934200 0.12989200 0.15390176 0.13106559 0.19497603 0.15667483 0.18370788 0.08558390 0.07840271 0.20887512 0.21984360 0.16915518 0.13894704 0.11513458 0.24496783 0.08092864 0.19139786 0.21071661 0.12905392 0.16147447 0.17021809 0.15387888 0.07452255 0.19132613 0.17321444 0.14331314 0.10358102 0.23252185 0.15439087 0.27052244 0.25293408 0.10504199 0.17844243 0.08056966 0.17212249 0.05929344 0.22239128 0.21808441 0.23794380 0.21902310 0.11391372 0.15795953 0.08648209 0.08534728 0.28233405 0.15892181 0.18787198 0.20597352 0.21685831 
0.16204102 0.21378471 0.24553591 0.33615094 0.00000000 0.43860877 0.14598957 0.18579206 0.20569483 0.22310897 0.24583633 0.18914599 0.18755930 0.18294562 0.21757644 0.23063615 0.24474022 0.16500076 0.10513610 0.12516449 0.12129000 0.08181906 0.26856019 0.22182744 0.15751646 0.13507335 0.24545113 0.18070073 0.16961169 0.17023572 0.15403864 0.16284739 0.09105431 0.16484348 0.17447597 0.16209316 0.16124121 0.14818259 0.15783193 0.10817253 0.11323532 0.13676021 0.16409352 0.07597856 0.14897861 0.14648840 0.31626915 0.18610473 0.13945901 0.13047101 0.12608229 0.23031874 0.15968314 0.26115215 0.02770529 0.16254114 0.26052101 0.17011862 0.17588518 0.23351144 0.16180050 0.22947923 0.10650537 0.16450119 0.15619016 0.17971987 0.03971440 0.15239279 0.20106197 0.14087844 0.10268526 0.14639232 0.05446156 0.21991043 0.12385155 0.14903078 0.14523130 0.18962081 0.15135872 0.18110753 0.28626952 0.17825913 0.08003194 0.17342001 0.16283800 0.06845077 0.12358708 0.14818873 0.15401456 0.16088154 0.18239007 0.12346364 0.15006429 0.11903707 0.23522256 0.16446092 0.09875655 0.20647880 0.18195893 0.21415742 0.21413270 0.26779945 0.15622203 0.16150429 0.15264530 
0.16041799 0.21253977 0.25512386 0.21428743 0.43860877 0.00000000 0.28978283 0.17508179 0.29411078 0.27088400 0.19235005 0.28489821 0.10506302 0.17412714 0.09888009 0.20811118 0.23311264 0.19888658 0.11514228 0.11355728 0.33090140 0.21317762 0.13150419 0.08352238 0.13480185 0.11843015 0.09331779 0.06285878 0.11411632 0.19426481 0.11054095 0.10828549 0.09921852 0.17877689 0.06340468 0.06936077 0.18929120 0.11110343 0.11742699 0.15493939 0.11370719 0.18677827 0.17031917 0.18023308 0.31068231 0.18469897 0.19859662 0.34418583 0.18800050 0.24175933 0.38791579 0.22743487 0.31302618 0.32309176 0.33563346 0.29916327 0.22822950 0.21313017 0.14410267 0.12938900 0.18689086 0.19249390 0.13710018 0.16587269 0.13905854 0.13201723 0.16999052 0.20588853 0.21259255 0.23291549 0.21176407 0.18251805 0.12557431 0.14160848 0.10976636 0.15805173 0.13426249 0.15619981 0.08554020 0.00470425 0.11798815 0.21319182 0.14892272 0.12963665 0.19705817 0.14115723 0.10529706 0.09459744 0.08346413 0.10860480 0.04479117 0.08948054 0.17492405 0.14875238 0.19654373 0.12037935 0.18394351 0.05611939 0.13770171 0.11843354 0.06668964 0.08850129 0.24571752 0.14599473 0.11990996 
0.19827244 0.18189134 0.19980022 0.24033984 0.14598957 0.28978283 0.00000000 0.21453077 0.25882970 0.23654846 0.33848035 0.15026981 0.12849283 0.12998113 0.16905956 0.12276976 0.23842129 0.20891004 0.20390551 0.10822837 0.24941522 0.18484744 0.19105001 0.15765529 0.19223532 0.12805181 0.13468715 0.12756531 0.20281290 0.17507535 0.11782426 0.10643545 0.11440365 0.12521093 0.12621480 0.10324933 0.10486526 0.16045778 0.17108099 0.17929152 0.15563231 0.19299860 0.11669623 0.16337667 0.22553825 0.12982365 0.20023680 0.13756976 0.12997699 0.13449222 0.13140935 0.23586272 0.09198149 0.27136636 0.28116839 0.16701610 0.29416570 0.12702528 0.23838626 0.09899983 0.20343970 0.25645979 0.23757459 0.21557790 0.09257019 0.17325488 0.18307959 0.10687822 0.27898310 0.17971901 0.17688880 0.08613332 0.12517222 0.07264493 0.16187881 0.18463446 0.18368058 0.21872666 0.15548177 0.09952796 0.11616845 0.11334220 0.20157274 0.13624591 0.13757720 0.16972086 0.21717400 0.23544653 0.20566976 0.16932038 0.18340565 0.11600318 0.19014254 0.12078684 0.14422473 0.08675953 0.20899897 0.14372817 0.18562145 0.16956812 0.19691488 0.17947997 0.24271680 0.11259031 0.15923431 
0.15538170 0.21052843 0.21739530 0.20046417 0.18579206 0.17508179 0.21453077 0.00000000 0.33833879 0.10758427 0.13227946 0.35787423 0.11012420 0.16287811 0.18550867 0.20987499 0.19457133 0.22588248 0.22491922 0.21875523 0.16237653 0.18625587 0.23185170 0.03133142 0.16286992 0.14683314 0.25627642 0.13295016 0.14082544 0.29755468 0.08773486 0.14902933 0.18071234 0.20263320 0.06755343 0.11686372 0.21693170 0.17007130 0.12134958 0.17895984 0.14893464 0.17402101 0.17070112 0.18272457 0.22895044 0.14622624 0.01637680 0.11763188 0.15290080 0.14156457 0.15010671 0.19678048 0.11762308 0.22264089 0.16810176 0.16227303 0.16561581 0.17649368 0.25781653 0.06290975 0.24557702 0.22292610 0.06594631 0.14154208 0.12866629 0.11273359 0.06298069 0.13673582 0.12540668 0.14645147 0.10542895 0.10514680 0.19316163 0.27748724 0.16385488 0.17141711 0.14544961 0.21910942 0.17187301 0.17558489 0.22075663 0.13721947 0.17974841 0.17782039 0.12239298 0.14118321 0.24614555 0.14733192 0.16957830 0.13844163 0.13866818 0.12777446 0.14927301 0.09699698 0.30220575 0.18212193 0.16034789 0.29203507 0.18955284 0.15735410 0.11183527 0.28854546 0.24745135 0.18256834 0.29149978 
0.17402580 0.12487649 0.13100400 0.15714101 0.20569483 0.29411078 0.25882970 0.33833879 0.00000000 0.14883548 0.23712762 0.34815683 0.32204072 0.14638015 0.16010307 0.15771475 0.26483433 0.13449393 0.21217462 0.05676562 0.10491613 0.08769535 0.15403356 0.11228091 0.20124526 0.18249673 0.12541822 0.11708745 0.17063429 0.17587209 0.11726546 0.12372542 0.07022521 0.15468669 0.19070280 0.06207616 0.08494078 0.10571940 0.13947559 0.23643442 0.24667679 0.24149037 0.12866968 0.11832724 0.30023233 0.15313346 0.15475119 0.18489460 0.14986513 0.15695646 0.32604336 0.24559115 0.36970107 0.37114893 0.27944898 0.12592007 0.05480739 0.23906079 0.29071487 0.17436288 0.27502429 0.13856474 0.18552694 0.18331773 0.16205952 0.20359912 0.20719286 0.15872019 0.23696321 0.17124135 0.19258194 0.19275261 0.14078193 0.12979417 0.08468209 0.11837554 0.18858416 0.13856506 0.18251651 0.11031047 0.07192378 0.11866467 0.15656114 0.08023821 0.18326632 0.20253335 0.13851040 0.21861138 0.15792469 0.12872711 0.16597489 0.22790107 0.13869010 0.08495696 0.18929008 0.07708571 0.08020409 0.13215679 0.23173882 0.18323663 0.10497615 0.15904772 0.17933530 0.16055032 0.16549751 
0.19096758 0.19332916 0.18334127 0.17600213 0.22310897 0.27088400 0.23654846 0.10758427 0.14883548 0.00000000 0.12304802 0.28435176 0.27072602 0.20397625 0.16879899 0.15982635 0.17277190 0.12079976 0.14849384 0.07788515 0.07385714 0.18785327 0.21603692 0.16154068 0.09472239 0.15033373 0.12657474 0.23731482 0.15302018 0.09993441 0.17320570 0.23189572 0.14440374 0.15395742 0.09350889 0.14561994 0.18714134 0.22367471 0.16520871 0.10983903 0.16251944 0.13934565 0.23528158 0.11360427 0.09976384 0.25285614 0.18152685 0.17869405 0.22614673 0.23102406 0.21410065 0.49768316 0.12085352 0.10777427 0.18968678 0.13998451 0.25077785 0.13385258 0.23932873 0.19307206 0.26214756 0.13159194 0.17429400 0.16843920 0.19110241 0.15005078 0.15940823 0.23409389 0.14242316 0.08232833 0.20103762 0.09334864 0.18625860 0.06459562 0.11895031 0.06412168 0.19736500 0.17866611 0.14239292 0.14518952 0.15252376 0.12565609 0.09633109 0.16495840 0.12621265 0.19009613 0.18996809 0.23048204 0.09715919 0.20956008 0.13594313 0.10778798 0.11415615 0.11388107 0.17786427 0.16351035 0.09130410 0.21760741 0.11273211 0.22055845 0.15306552 0.15046800 0.12626108 0.15230688 0.13654067 
0.17839584 0.21012204 0.18264829 0.13996010 0.24583633 0.19235005 0.33848035 0.13227946 0.23712762 0.12304802 0.00000000 0.22466919 0.27147243 0.21827272 0.41170920 0.10710787 0.18064486 0.16637140 0.24581530 0.11280369 0.13111178 0.15190490 0.17796301 0.14831174 0.14481764 0.09458042 0.13733335 0.16754327 0.22171295 0.16374759 0.08647068 0.12653480 0.11723414 0.12288478 0.13826874 0.11321251 0.14660182 0.20572202 0.17389178 0.17209571 0.21962342 0.09277299 0.10113917 0.18166512 0.19013661 0.12016837 0.15373799 0.21202556 0.11912521 0.09447049 0.27010606 0.11963762 0.29407155 0.23896154 0.14638750 0.14643502 0.21186925 0.19478947 0.22906642 0.29454399 0.10338860 0.12464330 0.14487555 0.19364800 0.14463523 0.16329750 0.22932212 0.11409718 0.15579053 0.12035319 0.21482449 0.21731067 0.19852691 0.22091305 0.17161065 0.20090059 0.11465706 0.14618573 0.13918872 0.13566088 0.12381881 0.15689635 0.17628874 0.13227838 0.16843735 0.14518880 0.12085785 0.22066462 0.12020275 0.13261282 0.12006395 0.20813214 0.17686411 0.11913479 0.12244034 0.12001461 0.15238654 0.16271780 0.14637953 0.19417117 0.14955536 0.11619071 0.35798118 0.34465969 0.11708715 
0.15937256 0.16045077 0.29497186 0.09368129 0.18914599 0.28489821 0.15026981 0.35787423 0.34815683 0.28435176 0.22466919 0.00000000 0.12477759 0.15146882 0.24955261 0.24922178 0.11458921 0.20150121 0.16432820 0.14011368 0.12258264 0.15330549 0.14408164 0.11648111 0.20537842 0.06307198 0.21100210 0.16804296 0.16465571 0.24465101 0.13084783 0.05573562 0.14865892 0.18610510 0.14624854 0.16020820 0.15949348 0.08465234 0.12314803 0.14001094 0.06134537 0.11471868 0.12639532 0.14944589 0.11913643 0.14090412 0.14870450 0.21686664 0.14314647 0.10319868 0.20206063 0.06782892 0.22206938 0.22753961 0.24503416 0.31216923 0.12407038 0.19377256 0.21137242 0.15830577 0.22914444 0.14722523 0.08412401 0.13855947 0.09073677 0.21816109 0.18414912 0.12223384 0.28226421 0.15976948 0.18218008 0.21328089 0.19401330 0.20082890 0.16637855 0.16696529 0.20849083 0.15604184 0.17313461 0.13098698 0.09032770 0.18998342 0.16450068 0.20685280 0.14096037 0.17668834 0.20893910 0.21872390 0.24467595 0.13707854 0.20133003 0.11077710 0.22595296 0.15378411 0.09567006 0.19140522 0.05725402 0.19983731 0.19263219 0.13990617 0.16349189 0.21254259 0.14895915 0.26850866 0.15273600 
0.20079698 0.14733142 0.12723901 0.05298746 0.18755930 0.10506302 0.12849283 0.11012420 0.32204072 0.27072602 0.27147243 0.12477759 0.00000000 0.28294549 0.11089809 0.22487978 0.25650475 0.14263398 0.13529987 0.22299279 0.09333350 0.16872336 0.14669546 0.13314238 0.29685110 0.18410035 0.19270456 0.19459467 0.16342638 0.10214375 0.17793988 0.13759617 0.19568822 0.14129895 0.08354026 0.18708611 0.21797905 0.17889326 0.11441061 0.16704546 0.17714674 0.20939563 0.19559180 0.15058488 0.08648061 0.16537066 0.24068475 0.13984833 0.15837575 0.17746733 0.47102804 0.12879469 0.15921806 0.15144574 0.24650528 0.17128877 0.26526115 0.14599382 0.09028949 0.15484109 0.17033143 0.14063547 0.14192753 0.14062979 0.20047728 0.16866473 0.17442030 0.16921051 0.16191385 0.17107747 0.20366135 0.14053730 0.16995359 0.17557399 0.11493906 0.14144530 0.06841188 0.14474553 0.13800202 0.08743630 0.16187284 0.18958464 0.11793823 0.16988909 0.15245768 0.17078088 0.18925974 0.19265168 0.13691829 0.12966291 0.15527955 0.15440855 0.12525158 0.20231781 0.09369458 0.25891186 0.10231113 0.14552634 0.15855990 0.16049619 0.18037805 0.12356705 0.16293314 0.16574735 0.14444760 
0.18244487 0.16651972 0.14980284 0.19526897 0.18294562 0.17412714 0.12998113 0.16287811 0.14638015 0.20397625 0.21827272 0.15146882 0.28294549 0.00000000 0.29557786 0.16954951 0.26725634 0.26465536 0.10431440 0.18714895 0.17314358 0.05154680 0.17075380 0.19610444 0.16146222 0.10591824 0.17603602 0.11570585 0.20773799 0.13389972 0.10562525 0.13375655 0.13719655 0.26049625 0.10423546 0.16419445 0.11135502 0.17120748 0.13367236 0.15799252 0.21394160 0.11462558 0.15997800 0.14324677 0.23433106 0.18150445 0.25077533 0.60414306 0.16699560 0.19539152 0.37273913 0.20355840 0.13903434 0.17425903 0.17969097 0.25631148 0.14777429 0.10028532 0.23535341 0.25162443 0.15282356 0.14469086 0.22475185 0.14363260 0.17129952 0.15520708 0.20186350 0.18324090 0.14047845 0.15806941 0.15018938 0.17889236 0.06707607 0.11566545 0.12974163 0.13631381 0.19586840 0.13526585 0.12058372 0.08983773 0.11421380 0.04730737 0.04542731 0.18465897 0.13731348 0.13307345 0.01122025 0.20108674 0.14476283 0.17691697 0.12544331 0.16878428 0.09351453 0.08860598 0.20038612 0.17173251 0.16530109 0.13217252 0.16249845 0.43767683 0.18522427 0.13681825 0.14308458 0.08959745 0.28230525 
0.14688495 0.17018886 0.19405589 0.20756857 0.21757644 0.09888009 0.16905956 0.18550867 0.16010307 0.16879899 0.41170920 0.24955261 0.11089809 0.29557786 0.00000000 0.14730857 0.14626042 0.24681373 0.26704610 0.17110801 0.15901775 0.20483157 0.17423648 0.23514830 0.13576262 0.13622832 0.23040595 0.10471499 0.21572583 0.22218378 0.28519645 0.13122489 0.14912118 0.19188462 0.24421176 0.18207558 0.13153934 0.10751405 0.15580676 0.16175509 0.14404072 0.10886947 0.09616709 0.14106281 0.17049010 0.12054327 0.02395873 0.21392092 0.12986806 0.14139701 0.10519588 0.01972681 0.08539210 0.10090498 0.06528116 0.23493060 0.13675794 0.23086431 0.14386466 0.12880466 0.00000000 0.10646746 0.14455580 0.17750861 0.08757685 0.20889396 0.20733287 0.13915118 0.18061185 0.15272733 0.05842494 0.12187604 0.13485531 0.14442773 0.17471266 0.10310177 0.17330600 0.03562073 0.16761788 0.11804828 0.16327487 0.24693912 0.13894465 0.23655556 0.16747180 0.18379945 0.10866718 0.16209383 0.24710689 0.14927761 0.14284629 0.14497149 0.24095672 0.16783090 0.11383223 0.34262203 0.31492597 0.19428907 0.15898237 0.25233552 0.31025622 0.31642539 0.22427549 0.68185112 0.17168742 
0.17955554 0.16547730 0.18007932 0.16161884 0.23063615 0.20811118 0.12276976 0.20987499 0.15771475 0.15982635 0.10710787 0.24922178 0.22487978 0.16954951 0.14730857 0.00000000 0.15715314 0.29837045 0.31327977 0.19623166 0.20609267 0.20191847 0.13241182 0.24185188 0.15617728 0.18773708 0.11346944 0.17318617 0.12407784 0.12057184 0.29727128 0.15431109 0.12027857 0.24377000 0.21217549 0.17119758 0.16046072 0.03833871 0.17280228 0.15869442 0.11754076 0.24492185 0.25573050 0.12239734 0.14515774 0.21075880 0.15106051 0.14980067 0.19464010 0.24401902 0.15044808 0.18549787 0.16909072 0.12475918 0.09583385 0.30083330 0.16993168 0.13841453 0.12971881 0.15241948 0.21218924 0.13945046 0.09561752 0.13042203 0.17106285 0.13939055 0.17976365 0.14980179 0.20178644 0.19247334 0.28715209 0.20006781 0.32776538 0.23441069 0.11347483 0.15286834 0.20262553 0.11466456 0.12605422 0.18634426 0.12198898 0.15579701 0.09154860 0.16400345 0.16280141 0.17839248 0.12854198 0.16266251 0.16236464 0.11275830 0.21217173 0.06889441 0.12976560 0.14797155 0.13929586 0.17148558 0.08295615 0.09670869 0.18416876 0.12061071 0.13151339 0.09847328 0.13081497 0.21073709 0.14153329 
0.15497016 0.16177740 0.16707600 0.14762140 0.24474022 0.23311264 0.23842129 0.19457133 0.26483433 0.17277190 0.18064486 0.11458921 0.25650475 0.26725634 0.14626042 0.15715314 0.00000000 0.21995890 0.06117901 0.43881400 0.36815187 0.21535522 0.19516938 0.11271098 0.08715336 0.19861600 0.09862990 0.14600717 0.07704648 0.13443668 0.09992677 0.16978147 0.02072617 0.17140289 0.06165141 0.15547735 0.13041213 0.14513254 0.16806258 0.15804536 0.08966465 0.23875085 0.13263685 0.59569317 0.32457491 0.13060090 0.45101668 0.33374577 0.11192089 0.12998576 0.34058552 0.22339313 0.18081491 0.26132514 0.31377306 0.10624313 0.17767584 0.19456796 0.13087551 0.09051738 0.23564864 0.12463009 0.14739103 0.24647880 0.25179024 0.15680884 0.21158900 0.13883902 0.17795499 0.14146285 0.17150644 0.22689266 0.16085655 0.13631275 0.19544571 0.17908537 0.12628827 0.09076260 0.16399352 0.02901833 0.11176509 0.08494204 0.12765260 0.13384767 0.07677286 0.12593637 0.09357028 0.10765769 0.07579824 0.09419923 0.13268236 0.16524735 0.20815301 0.14048980 0.20869948 0.20838069 0.09993962 0.04890570 0.20049603 0.22922031 0.14298729 0.10971494 0.06854422 0.15261472 0.15835065 
0.17828321 0.11912954 0.13997687 0.13842104 0.16500076 0.19888658 0.20891004 0.22588248 0.13449393 0.12079976 0.16637140 0.20150121 0.14263398 0.26465536 0.24681373 0.29837045 0.21995890 0.00000000 0.15744447 0.14304557 0.07474926 0.36100093 0.28471787 0.17927202 0.08026427 0.16175050 0.07608601 0.14728793 0.08033738 0.15604026 0.22228969 0.11636037 0.14671803 0.18580598 0.16454728 0.17717045 0.09953519 0.20720876 0.24787012 0.11272029 0.20107108 0.11160473 0.16572183 0.14228696 0.12839127 0.16298052 0.20459644 0.20763570 0.16792705 0.24779776 0.22754736 0.16971334 0.11075479 0.10215128 0.09878546 0.16432191 0.17328167 0.16203685 0.16257876 0.26698747 0.16505901 0.18351383 0.13937033 0.18333394 0.16661178 0.13044148 0.22757636 0.15788279 0.18861029 0.14490841 0.13922764 0.12002008 0.13559598 0.19281210 0.14308208 0.14314885 0.09091093 0.10635631 0.08379420 0.15368240 0.10151126 0.21856393 0.20708818 0.22509534 0.16099235 0.14288037 0.21384891 0.13196293 0.12646578 0.12928663 0.20632593 0.13355004 0.23719711 0.18750042 0.21193032 0.14556149 0.23615821 0.19743985 0.17413991 0.31685460 0.17126956 0.17142918 0.17025644 0.11641914 0.14567379 
0.14209579 0.16549573 0.18622570 0.10970606 0.10513610 0.11514228 0.20390551 0.22491922 0.21217462 0.14849384 0.24581530 0.16432820 0.13529987 0.10431440 0.26704610 0.31327977 0.06117901 0.15744447 0.00000000 0.29961925 0.17987175 0.22972765 0.33849250 0.11414541 0.16330523 0.17123619 0.15558177 0.22207917 0.22067782 0.18648885 0.29498248 0.20616457 0.13767644 0.21684515 0.24419664 0.25900954 0.17348890 0.22118538 0.19772272 0.12237311 0.16524093 0.17450217 0.13810554 0.13044909 0.09441744 0.12973647 0.06299846 0.20590105 0.15358279 0.13560887 0.13638168 0.05493714 0.08083791 0.12189096 0.09929225 0.23805644 0.12480462 0.14474392 0.17693808 0.16130637 0.18870594 0.14735400 0.14433079 0.20156003 0.13930649 0.16846014 0.17391711 0.13442756 0.17073052 0.19505330 0.09960392 0.15085061 0.21965543 0.14831579 0.16056818 0.13011115 0.14425574 0.13143969 0.18782732 0.21797837 0.20259785 0.09729275 0.15832593 0.16196911 0.17917468 0.12843889 0.22056224 0.14223426 0.20433030 0.14341335 0.20774235 0.20186394 0.19894484 0.11659526 0.16335456 0.13518649 0.39386273 0.19051280 0.20850024 0.24724127 0.14796529 0.25260105 0.12342124 0.17790230 0.11727050 
0.18389753 0.20812165 0.11711131 0.16884790 0.12516449 0.11355728 0.10822837 0.21875523 0.05676562 0.07788515 0.11280369 0.14011368 0.22299279 0.18714895 0.17110801 0.19623166 0.43881400 0.14304557 0.29961925 0.00000000 0.24540782 0.21894188 0.38183619 0.36998592 0.13051401 0.16111207 0.20930047 0.09196703 0.10321897 0.06475807 0.16253700 0.12531299 0.20473446 0.15889722 0.20509671 0.26036865 0.18354698 0.22135538 0.12568963 0.39581304 0.21902196 0.12709150 0.11244668 0.52234857 0.20832457 0.12176067 0.18096123 0.16713904 0.12293943 0.12068642 0.16564030 0.15923396 0.17298854 0.10565471 0.04132851 0.21660214 0.11378812 0.21802676 0.23371508 0.22321223 0.11082847 0.17049601 0.10831678 0.09300659 0.14989835 0.21956718 0.07512282 0.12028238 0.18487941 0.20959859 0.23470062 0.14420259 0.17993194 0.18489088 0.11277415 0.18916648 0.10087688 0.23172145 0.17474049 0.17106989 0.12794051 0.18733081 0.17298168 0.15391453 0.06548378 0.09975818 0.19094849 0.18383153 0.14377466 0.08668494 0.19662646 0.18267544 0.17440619 0.15871515 0.14223440 0.23276665 0.16905216 0.20768602 0.18219595 0.17097210 0.11337982 0.11182404 0.20038205 0.16305759 0.20493739 
0.15462893 0.20413514 0.11177894 0.18015173 0.12129000 0.33090140 0.24941522 0.16237653 0.10491613 0.07385714 0.13111178 0.12258264 0.09333350 0.17314358 0.15901775 0.20609267 0.36815187 0.07474926 0.17987175 0.24540782 0.00000000 0.21883766 0.18800285 0.21435520 0.16009243 0.19435284 0.16989188 0.17509376 0.17006122 0.13158937 0.20662364 0.17879558 0.09042284 0.15629898 0.08556654 0.20576816 0.21515979 0.08346793 0.13295567 0.13367299 0.36829919 0.25478616 0.17520879 0.38986138 0.43333592 0.19752253 0.08085126 0.16172470 0.17531524 0.20538937 0.18932328 0.11409625 0.04959300 0.17623999 0.11410133 0.22645700 0.11903865 0.17511160 0.26499666 0.13125358 0.14124277 0.05302212 0.19151482 0.20747242 0.18144466 0.23922381 0.20817489 0.16631685 0.18973057 0.19600017 0.26147891 0.14095598 0.18142948 0.04875425 0.15679776 0.08721639 0.10390020 0.16546006 0.17483447 0.16628819 0.06780972 0.11095587 0.16307136 0.06643177 0.11729926 0.08199725 0.12670904 0.12178076 0.17862686 0.12361848 0.17408419 0.18009911 0.36616244 0.24659169 0.19487598 0.14659688 0.14505054 0.05930453 0.24213546 0.12955598 0.18463969 0.19834859 0.13116993 0.13881125 0.20856899 
0.15002431 0.10265469 0.12478109 0.27284401 0.08181906 0.21317762 0.18484744 0.18625587 0.08769535 0.18785327 0.15190490 0.15330549 0.16872336 0.05154680 0.20483157 0.20191847 0.21535522 0.36100093 0.22972765 0.21894188 0.21883766 0.00000000 0.35488537 0.21046238 0.24007486 0.33929499 0.20264549 0.12549234 0.10560167 0.10433421 0.13441836 0.13376294 0.12286413 0.14484288 0.08954065 0.19199014 0.09211227 0.11171969 0.10070963 0.12684474 0.13940978 0.16574044 0.13809710 0.17742303 0.11848505 0.14551413 0.13480933 0.12912723 0.15148130 0.13280724 0.31350461 0.19184141 0.10726554 0.10428252 0.17709697 0.12454363 0.20210438 0.26765414 0.13475083 0.10832294 0.16802569 0.13457259 0.14324743 0.17982741 0.19987992 0.09175254 0.22403755 0.17527712 0.10745390 0.17648466 0.17970847 0.17382161 0.18090025 0.09570644 0.14767574 0.10069954 0.06879634 0.14130207 0.11733729 0.09257911 0.18772505 0.14367157 0.17814754 0.12149488 0.19772320 0.22493902 0.24482267 0.08492791 0.14716554 0.51111020 0.19489550 0.11070676 0.34458611 0.25805070 0.21523007 0.21608294 0.72120251 0.13306461 0.10635800 0.13637192 0.12006626 0.09053848 0.16335251 0.07267576 0.11711675 
0.15453304 0.20634509 0.16769000 0.14020412 0.26856019 0.13150419 0.19105001 0.23185170 0.15403356 0.21603692 0.17796301 0.14408164 0.14669546 0.17075380 0.17423648 0.13241182 0.19516938 0.28471787 0.33849250 0.38183619 0.18800285 0.35488537 0.00000000 0.30534250 0.17668175 0.19948372 0.35180755 0.13703441 0.16647443 0.14115905 0.19730676 0.10719085 0.29873049 0.20781791 0.29312748 0.21550183 0.20656269 0.14335353 0.14371123 0.23639759 0.05305144 0.10087093 0.11162403 0.10074369 0.19982519 0.14094834 0.16589610 0.12167015 0.13843613 0.11105675 0.07670516 0.10728192 0.13148353 0.11102663 0.04455287 0.21222161 0.11825251 0.27231498 0.20980272 0.13299276 0.21146616 0.11791653 0.08998738 0.09205617 0.15130346 0.20190740 0.20388909 0.14232408 0.06312888 0.10189754 0.20568751 0.06604464 0.14266970 0.18569766 0.16390438 0.09450295 0.19568657 0.15913001 0.15204473 0.25450337 0.16231744 0.20206330 0.15421148 0.27985416 0.19988031 0.15883782 0.12321674 0.16374286 0.21043751 0.13417600 0.13587375 0.22392650 0.09726299 0.08419312 0.11210306 0.20420978 0.19730039 0.22742212 0.18360486 0.15106815 0.10570673 0.22652361 0.18103031 0.18560550 0.17290874 
0.14337021 0.15755067 0.12903690 0.17981598 0.22182744 0.08352238 0.15765529 0.03133142 0.11228091 0.16154068 0.14831174 0.11648111 0.13314238 0.19610444 0.23514830 0.24185188 0.11271098 0.17927202 0.11414541 0.36998592 0.21435520 0.21046238 0.30534250 0.00000000 0.16698630 0.16405886 0.36626284 0.30640979 0.13498052 0.17801057 0.17947505 0.18098298 0.08838565 0.19305002 0.16017320 0.27949009 0.38578855 0.17180269 0.07010487 0.58343245 0.40813843 0.09345419 0.11513469 0.38098235 0.29487328 0.13613511 0.24707704 0.10424198 0.15917025 0.13565104 0.05683228 0.09084286 0.01546957 0.19110006 0.15361724 0.15570128 0.12034874 0.20199512 0.18289352 0.16316433 0.12893449 0.17715896 0.10811705 0.14334764 0.08911332 0.16939278 0.19451248 0.14464503 0.12250083 0.11878182 0.19285488 0.14821467 0.16141741 0.20578170 0.21059871 0.15313222 0.16256091 0.17940139 0.08014355 0.10599342 0.24692183 0.09866147 0.11772969 0.14117388 0.19593356 0.10307346 0.14904764 0.18985936 0.10181647 0.16643948 0.20360156 0.22361104 0.11892850 0.15406304 0.15121208 0.15929895 0.19727330 0.20491968 0.14843748 0.09225493 0.22801260 0.11067967 0.18126331 0.22604769 0.19306037 
0.15343254 0.13980539 0.15060387 0.21546863 0.15751646 0.13480185 0.19223532 0.16286992 0.20124526 0.09472239 0.14481764 0.20537842 0.29685110 0.16146222 0.13576262 0.15617728 0.08715336 0.08026427 0.16330523 0.13051401 0.16009243 0.24007486 0.17668175 0.16698630 0.00000000 0.21202093 0.20001399 0.16420867 0.14344186 0.18761435 0.08188117 0.11382681 0.23987050 0.16908405 0.19949041 0.16813825 0.15181093 0.11425195 0.16772461 0.11508198 0.16626738 0.22393728 0.16955871 0.16459459 0.05769041 0.16804442 0.09641671 0.19510865 0.15392898 0.13429645 0.12669665 0.13842645 0.08666597 0.19404926 0.26852911 0.20927123 0.20300634 0.10685609 0.18316163 0.17467940 0.20051479 0.10059014 0.07267058 0.22568412 0.15427978 0.10003930 0.21700193 0.19786365 0.19866665 0.14703324 0.05914363 0.19035372 0.14176599 0.16118952 0.16644673 0.14153759 0.17184126 0.06677950 0.15361770 0.19773697 0.24478058 0.17348973 0.19224632 0.19476237 0.22074232 0.26442067 0.19287599 0.23060748 0.33638495 0.25146607 0.13271661 0.24850465 0.23907893 0.27527766 0.09758492 0.22096827 0.13583864 0.12742863 0.04530484 0.19025764 0.22061258 0.18505331 0.12085915 0.13406182 0.24081651 
0.16722380 0.15991660 0.15883449 0.19704044 0.13507335 0.11843015 0.12805181 0.14683314 0.18249673 0.15033373 0.09458042 0.06307198 0.18410035 0.10591824 0.13622832 0.18773708 0.19861600 0.16175050 0.17123619 0.16111207 0.19435284 0.33929499 0.19948372 0.16405886 0.21202093 0.00000000 0.17137358 0.30148915 0.50195182 0.17562456 0.09530569 0.13113182 0.19296178 0.18583806 0.23498082 0.16683991 0.17158237 0.21548648 0.08395471 0.12154612 0.09518225 0.19122926 0.15124112 0.25329294 0.13460025 0.16539711 0.14019077 0.06779664 0.17951633 0.12889800 0.07261213 0.18287658 0.13894488 0.14724416 0.21154015 0.24117638 0.13541941 0.12581478 0.16011272 0.20309487 0.13195721 0.16870406 0.16278254 0.15120937 0.19639971 0.05867906 0.16629478 0.18036522 0.17833431 0.15839440 0.17466030 0.14973433 0.11755679 0.13916887 0.18814818 0.13802474 0.10824599 0.20169216 0.17069672 0.22225468 0.19376011 0.19788738 0.10679117 0.19539880 0.17431611 0.17059786 0.36247607 0.15071522 0.17562072 0.48906180 0.15539302 0.11060680 0.13028906 0.23817642 0.15402180 0.15743073 0.20816655 0.16414337 0.10379751 0.19915491 0.18026419 0.16168078 0.17836848 0.15889321 0.09350998 
0.14623855 0.17471267 0.16351110 0.20043180 0.24545113 0.09331779 0.13468715 0.25627642 0.12541822 0.12657474 0.13733335 0.21100210 0.19270456 0.17603602 0.23040595 0.11346944 0.09862990 0.07608601 0.15558177 0.20930047 0.16989188 0.20264549 0.35180755 0.36626284 0.20001399 0.17137358 0.00000000 0.15753215 0.29256448 0.30646572 0.30423080 0.20832730 0.22622594 0.18092979 0.24337948 0.17974777 0.32172854 0.08797146 0.14334617 0.21186822 0.12274103 0.07338255 0.11947580 0.19225495 0.13118921 0.12283730 0.07665989 0.11666059 0.14025309 0.17462273 0.06132016 0.17447734 0.07877655 0.08554093 0.12368392 0.10634724 0.05962916 0.14560853 0.19623431 0.17927909 0.16314951 0.08969851 0.07093948 0.21659595 0.12414215 0.22782281 0.25038525 0.11842098 0.12816719 0.13983079 0.10201341 0.10235066 0.20295215 0.17153403 0.22478016 0.25316805 0.25632824 0.18941755 0.13041122 0.21129492 0.20403307 0.17231513 0.26942430 0.27792879 0.14180061 0.19454643 0.18266090 0.15394435 0.18878197 0.13775094 0.22195273 0.19983525 0.08673860 0.15019221 0.17671337 0.12527844 0.12567398 0.21312242 0.09016320 0.23148648 0.22510144 0.20202834 0.21314215 0.16439556 0.20648478 
0.13762209 0.15949644 0.16903747 0.18000998 0.18070073 0.06285878 0.12756531 0.13295016 0.11708745 0.23731482 0.16754327 0.16804296 0.19459467 0.11570585 0.10471499 0.17318617 0.14600717 0.14728793 0.22207917 0.09196703 0.17509376 0.12549234 0.13703441 0.30640979 0.16420867 0.30148915 0.15753215 0.00000000 0.22194387 0.21262957 0.15901836 0.40101109 0.26231082 0.22674371 0.17400957 0.17059250 0.33479185 0.21998025 0.15370331 0.14093228 0.16004290 0.19709005 0.16284060 0.17749087 0.16407580 0.19643670 0.12031206 0.19277564 0.15993196 0.16674382 0.11140811 0.14192046 0.20325514 0.12399439 0.18881785 0.17910285 0.13846349 0.21681583 0.12808621 0.10104893 0.13981576 0.07741294 0.24760300 0.11749347 0.12309560 0.12803738 0.11571406 0.20547741 0.08604881 0.18529643 0.21306021 0.12653666 0.15213535 0.18450730 0.19994772 0.22873567 0.19141195 0.12919131 0.20112427 0.24282318 0.24189735 0.16780323 0.22463419 0.21130130 0.14570537 0.10460166 0.11071143 0.16411527 0.23518597 0.13288649 0.19563078 0.20692853 0.16045103 0.13732199 0.15514524 0.18781373 0.08971197 0.17429504 0.21336449 0.14628495 0.12054495 0.11883577 0.15673772 0.11824411 0.10633927 
0.12992992 0.14710520 0.09477212 0.19988039 0.16961169 0.11411632 0.20281290 0.14082544 0.17063429 0.15302018 0.22171295 0.16465571 0.16342638 0.20773799 0.21572583 0.12407784 0.07704648 0.08033738 0.22067782 0.10321897 0.17006122 0.10560167 0.16647443 0.13498052 0.14344186 0.50195182 0.29256448 0.22194387 0.00000000 0.42025337 0.19118520 0.23942414 0.26328819 0.12154039 0.09691094 0.17040641 0.22956217 0.18879418 0.19602164 0.17531073 0.15012161 0.29058467 0.16521948 0.09857398 0.05644049 0.14214515 0.20510088 0.07999380 0.17949945 0.12267947 0.18786698 0.10228910 0.14494758 0.15487069 0.17283931 0.13683027 0.12966636 0.14175523 0.14690342 0.07541042 0.09374481 0.13510611 0.14708107 0.19280787 0.15069499 0.09539861 0.15757832 0.14934512 0.10715610 0.25770929 0.10797820 0.18324224 0.10181247 0.12435357 0.23421718 0.21313840 0.24770100 0.18278554 0.16344477 0.17638274 0.17494766 0.17677925 0.33631422 0.18368063 0.10256642 0.31610464 0.39917191 0.15107684 0.10836256 0.32112530 0.10011356 0.09053633 0.23357885 0.17193957 0.15159910 0.16642933 0.14492401 0.17878432 0.17523035 0.15389391 0.14508132 0.17120223 0.18727969 0.12674916 0.02142331 
0.17419128 0.20375733 0.18133731 0.23664615 0.17023572 0.19426481 0.17507535 0.29755468 0.17587209 0.09993441 0.16374759 0.24465101 0.10214375 0.13389972 0.22218378 0.12057184 0.13443668 0.15604026 0.18648885 0.06475807 0.13158937 0.10433421 0.14115905 0.17801057 0.18761435 0.17562456 0.30646572 0.21262957 0.42025337 0.00000000 0.23017703 0.32729287 0.30645191 0.12238851 0.24835383 0.15895173 0.25332452 0.26959832 0.15521133 0.23753103 0.19376619 0.12028619 0.14540376 0.06904362 0.12128961 0.15813447 0.06207013 0.17646568 0.13971522 0.19079960 0.10995899 0.12730109 0.06625543 0.19642838 0.15290050 0.19449619 0.07012938 0.23211710 0.22766016 0.08188989 0.13750607 0.18033490 0.02709178 0.06475963 0.10681770 0.11396408 0.05221870 0.15824844 0.12117275 0.12481339 0.11280261 0.18215030 0.18221055 0.18568296 0.12592830 0.33978436 0.18160554 0.26162401 0.09603152 0.25686313 0.22661219 0.20590371 0.24937172 0.24682377 0.11858839 0.17135462 0.18144266 0.19714974 0.10587771 0.15112564 0.23435507 0.07164509 0.16305310 0.19898613 0.17351890 0.16973133 0.20223365 0.23938032 0.10037126 0.11014555 0.22899545 0.21866117 0.12847981 0.21486234 0.21271603 
0.15385016 0.18357681 0.21208162 0.20494869 0.15403864 0.11054095 0.11782426 0.08773486 0.11726546 0.17320570 0.08647068 0.13084783 0.17793988 0.10562525 0.28519645 0.29727128 0.09992677 0.22228969 0.29498248 0.16253700 0.20662364 0.13441836 0.19730676 0.17947505 0.08188117 0.09530569 0.30423080 0.15901836 0.19118520 0.23017703 0.00000000 0.53656495 0.43847554 0.87360877 0.19279099 0.20553044 0.24630616 0.12286519 0.12830650 0.16050971 0.12451029 0.12430543 0.13153463 0.09663800 0.12331496 0.12597129 0.16807022 0.10535981 0.13955815 0.16452167 0.02418474 0.12470833 0.14006198 0.15513386 0.04751827 0.19488028 0.09863965 0.19467631 0.21674693 0.06220704 0.04011087 0.19514683 0.24177423 0.18613816 0.14235038 0.17011584 0.10340784 0.14343570 0.20291660 0.15781782 0.08746544 0.00919339 0.22684902 0.09579419 0.07127076 0.15046217 0.14288584 0.13918342 0.17821033 0.28013897 0.31654436 0.19911004 0.22320196 0.17465833 0.16930895 0.14569692 0.13581700 0.25178662 0.17153535 0.17541858 0.23085442 0.13387501 0.11519757 0.18781695 0.11518551 0.13611472 0.14938750 0.11623165 0.19691093 0.12582833 0.24859366 0.17328679 0.19052420 0.15099918 0.14884077 
0.16659058 0.17132248 0.13740898 0.10921177 0.16284739 0.10828549 0.10643545 0.14902933 0.12372542 0.23189572 0.12653480 0.05573562 0.13759617 0.13375655 0.13122489 0.15431109 0.16978147 0.11636037 0.20616457 0.12531299 0.17879558 0.13376294 0.10719085 0.18098298 0.11382681 0.13113182 0.20832730 0.40101109 0.23942414 0.32729287 0.53656495 0.00000000 0.37176832 0.37163564 0.33314303 0.16051226 0.17883875 0.15410205 0.18391450 0.16286607 0.27389728 0.11985747 0.15017267 0.07586448 0.11160388 0.14652063 0.16898630 0.16336729 0.14088594 0.16902293 0.09177096 0.02978020 0.15070218 0.11989804 0.16299227 0.13223285 0.06461139 0.23619514 0.19634747 0.16454735 0.11216489 0.09531526 0.30305075 0.12935329 0.10853811 0.17040622 0.07409618 0.14010322 0.15298945 0.17816779 0.23940078 0.19801025 0.16029323 0.19640337 0.12254389 0.18536553 0.21685989 0.24303273 0.12656305 0.21887586 0.25393072 0.14379343 0.28036581 0.20369052 0.11586739 0.16026727 0.19691421 0.17622721 0.22502665 0.18892512 0.22230711 0.16428785 0.11108662 0.20049157 0.17400509 0.15801746 0.18741938 0.22240602 0.12870434 0.14595278 0.17219513 0.10278583 0.11915125 0.18093842 0.14785083 
0.17221045 0.19038338 0.13329301 0.16366194 0.09105431 0.09921852 0.11440365 0.18071234 0.07022521 0.14440374 0.11723414 0.14865892 0.19568822 0.13719655 0.14912118 0.12027857 0.02072617 0.14671803 0.13767644 0.20473446 0.09042284 0.12286413 0.29873049 0.08838565 0.23987050 0.19296178 0.22622594 0.26231082 0.26328819 0.30645191 0.43847554 0.37176832 0.00000000 0.28122280 0.28353860 0.17537802 0.18336216 0.27176164 0.15981404 0.11199656 0.20593464 0.07881493 0.15726292 0.14316273 0.04379389 0.14198890 0.19128242 0.19117389 0.14666562 0.13330246 0.07403569 0.14554740 0.03717507 0.06054166 0.08999514 0.18805852 0.17581281 0.22694239 0.17368762 0.08471362 0.12622573 0.18172007 0.10486309 0.11850868 0.14574195 0.18846072 0.15697229 0.13817413 0.08760047 0.20950797 0.14798090 0.10618165 0.16403175 0.12632227 0.10745581 0.21169887 0.25654317 0.25560392 0.18430035 0.45915578 0.19645827 0.18668009 0.10860299 0.30460502 0.20987741 0.13882864 0.08445192 0.22589044 0.17112990 0.14781946 0.21773504 0.15348386 0.14960597 0.17653597 0.25257463 0.15861919 0.26237395 0.23806969 0.15749127 0.13503025 0.33507799 0.18408911 0.13992883 0.20125943 0.18292922 
0.15224198 0.13622279 0.20630483 0.08277523 0.16484348 0.17877689 0.12521093 0.20263320 0.15468669 0.15395742 0.12288478 0.18610510 0.14129895 0.26049625 0.19188462 0.24377000 0.17140289 0.18580598 0.21684515 0.15889722 0.15629898 0.14484288 0.20781791 0.19305002 0.16908405 0.18583806 0.18092979 0.22674371 0.12154039 0.12238851 0.87360877 0.37163564 0.28122280 0.00000000 0.25839162 0.22580276 0.33273754 0.24051480 0.21847851 0.23543839 0.05558408 0.10788495 0.14271772 0.18985501 0.12448045 0.15013012 0.07622980 0.19328293 0.13918559 0.16194188 0.08466193 0.10084175 0.05993865 0.19850628 0.16200299 0.19575747 0.13983926 0.16564301 0.11146991 0.08290658 0.08702225 0.18051558 0.11206154 0.14695790 0.13394235 0.11656565 0.09228775 0.15131710 0.16817726 0.17396434 0.12829123 0.18334308 0.17533143 0.14696203 0.15727933 0.26447274 0.20206895 0.16302073 0.18972694 0.20126491 0.14803372 0.26181012 0.18114578 0.22398632 0.09705100 0.15033108 0.22631905 0.15975233 0.09940310 0.11789633 0.08951570 0.15488577 0.11691446 0.16607328 0.14984531 0.09946948 0.16908739 0.08731679 0.15593987 0.11686623 0.17698990 0.17595175 0.08837572 0.19941761 0.17325208 
