0.00000000 0.39760893 0.28905042 0.22814356 0.21184894 0.20251583 0.17332072 0.16793257 0.19735129 0.15585787 0.17641023 0.22458527 0.20151091 0.17906558 0.20471602 0.18131304 0.17522832 0.15064924 0.20021985 0.16998350 0.17800096 0.19846303 0.20533912 0.18066809 0.21286334 0.18637054 0.21045318 0.16721748 0.20464778 0.18672359 0.19787551 0.18039894 0.18959093 0.17263279 0.17722502 0.21187161 0.19843698 0.20094613 0.19896622 0.16654846 0.21299973 0.21530642 0.22290995 0.21245578 0.20843129 0.22465901 0.23131253 0.21048649 0.19971518 0.23079895 0.20413433 0.18837925 0.19712319 0.17233091 0.17321971 0.18789672 0.15658077 0.19797737 0.18927667 0.18827590 0.19759771 0.17334974 0.18442186 0.23095772 0.15149561 0.17373607 0.21661489 0.19442927 0.20112259 0.17801207 0.17666787 0.19100799 0.17848271 0.18320390 0.21583349 0.17457582 0.19268914 0.16827846 0.18051837 0.21489588 0.16911691 0.18299437 0.16011353 0.16539765 0.16166333 0.18143240 0.17445587 0.16890410 0.22558074 0.16004635 0.17796349 0.16554527 0.17280051 0.18295307 0.19910475 0.20212529 0.17492140 0.19462283 0.18445067 0.19739618 0.19686264 0.19216807 0.18706230 0.17231313 0.18142978 0.15878198 0.17120143 0.18099609 0.19923866 0.18393335 0.18246798 0.17671788 0.20124074 0.16014972 0.13787765 0.17685940 0.17711309 0.19255269 0.16290672 0.19731323 0.20776846 0.18967135 0.18646671 0.19050699 0.20307801 0.23498243 0.19117713 0.19281730 0.20930992 0.16293578 0.18782131 0.18376950 0.17673819 0.20035916 0.20029526 0.19587019 0.19300468 0.20779761 0.23259351 0.20463857 0.20394175 
0.39760893 0.00000000 0.48362138 0.27741193 0.20805522 0.21815462 0.20819443 0.18549837 0.12824614 0.19466261 0.15412896 0.18035203 0.13698983 0.16679075 0.19921394 0.21814272 0.24188670 0.15621538 0.20707679 0.13671562 0.16961160 0.14995295 0.19628402 0.16230967 0.24366035 0.30278313 0.18860737 0.18698249 0.22064583 0.21416644 0.25335994 0.19103232 0.18766063 0.19854202 0.17781287 0.19475737 0.18888145 0.21046815 0.25014913 0.23592913 0.22584421 0.19084409 0.21389506 0.20358042 0.18924290 0.17591853 0.19343493 0.16927452 0.16343938 0.24693035 0.22815774 0.18855666 0.17607504 0.18597486 0.21442678 0.21936569 0.18928314 0.15408610 0.16253731 0.18968476 0.18109823 0.17470804 0.17341959 0.23481955 0.16774294 0.17070059 0.19584005 0.20407913 0.16928304 0.25828851 0.22738108 0.18159783 0.21686039 0.19163927 0.16970324 0.12872810 0.14121532 0.17120355 0.19373789 0.12497328 0.13542194 0.13527466 0.15569867 0.15005358 0.27282100 0.14244213 0.15715434 0.25077198 0.18836682 0.16980737 0.15772387 0.18432522 0.16997014 0.18741940 0.17430189 0.18321775 0.19661442 0.21354760 0.21677746 0.20000793 0.20717113 0.19030099 0.19240731 0.22336278 0.17335324 0.11820750 0.15128433 0.17078364 0.17991564 0.19238246 0.17753927 0.13025737 0.17533641 0.17456708 0.18094036 0.14517722 0.15537862 0.15733864 0.15769987 0.14802661 0.19994883 0.18379588 0.19852938 0.20111861 0.15718958 0.21770891 0.16381555 0.22497442 0.16319078 0.16771206 0.23326866 0.20206429 0.18540433 0.20538766 0.24256402 0.18366174 0.19151807 0.20085482 0.20741354 0.20286953 0.20346340 
0.28905042 0.48362138 0.00000000 0.40231142 0.21297001 0.25103330 0.22465545 0.18109353 0.12084196 0.18569234 0.26769256 0.19377352 0.21712506 0.17138040 0.20931702 0.17291723 0.07180292 0.23269153 0.27917588 0.16407152 0.20431673 0.20836807 0.21613668 0.23193052 0.19621599 0.27955510 0.27438461 0.22083976 0.25239855 0.24559413 0.30721081 0.21117749 0.18820274 0.26898622 0.22634627 0.19644983 0.23038795 0.14058643 0.24959079 0.22990673 0.28216310 0.13480284 0.30072230 0.23509231 0.26186063 0.20907631 0.24091151 0.19700019 0.20035560 0.23650967 0.15010817 0.22295374 0.18540747 0.21279789 0.20092577 0.18658186 0.10719563 0.19163665 0.12143306 0.17182786 0.14450476 0.13366816 0.19697412 0.19054865 0.15830533 0.13195978 0.17168563 0.14921090 0.13118989 0.17299460 0.24951990 0.28201668 0.18792673 0.21319291 0.14963986 0.15625690 0.12166154 0.22054843 0.19503796 0.14261765 0.07790647 0.15562614 0.13405100 0.18389322 0.19216543 0.12824873 0.18894234 0.25903353 0.23195926 0.17877251 0.08588431 0.18893489 0.17702607 0.16134897 0.18323377 0.20390584 0.16301249 0.25871518 0.15891441 0.15405944 0.20279747 0.15454546 0.19857398 0.17264737 0.18551357 0.05528170 0.11718418 0.21443269 0.21574545 0.15159266 0.14535531 0.10090453 0.25401203 0.03450191 0.07903618 0.15302028 0.12448797 0.22695201 0.08801351 0.15973730 0.27156855 0.10489583 0.18841894 0.16823731 0.16288037 0.16858411 0.17414162 0.32873570 0.18367091 0.13353032 0.18629479 0.23352273 0.18205026 0.20749722 0.22417068 0.26554497 0.22604508 0.23004693 0.18870819 0.18491820 0.18577097 
0.22814356 0.27741193 0.40231142 0.00000000 0.25418743 0.31267557 0.39625711 0.14630855 0.11230028 0.19647107 0.28957354 0.23183687 0.14561029 0.11166973 0.19237914 0.19946202 0.00000000 0.22466348 0.30392938 0.16623515 0.11913003 0.20628315 0.24426156 0.18639361 0.25229570 0.25625254 0.25261648 0.25080808 0.18404646 0.16143056 0.31504755 0.28678085 0.16308530 0.21430973 0.18373862 0.23737082 0.27906265 0.17885066 0.23938254 0.22379674 0.32717267 0.21799079 0.25266613 0.27544262 0.21421127 0.26366775 0.19181942 0.22938560 0.21780781 0.24069772 0.22121234 0.21556380 0.19226293 0.16554548 0.26652450 0.27462446 0.15271962 0.16536209 0.17031645 0.17608512 0.17932419 0.15207615 0.14963744 0.13336218 0.20440093 0.20512124 0.16114505 0.30683344 0.24627550 0.17541981 0.15499582 0.25421680 0.20702708 0.16777525 0.22685913 0.12519047 0.15380494 0.20304924 0.21032129 0.11400111 0.16146093 0.06758710 0.07853201 0.19291312 0.23694761 0.06637677 0.21942379 0.17476088 0.20437570 0.15426494 0.08194429 0.15020925 0.15797238 0.19110024 0.19429354 0.22681864 0.15856316 0.20791085 0.17365474 0.18906949 0.19871823 0.17254861 0.17941174 0.17308528 0.14435964 0.08571376 0.11156599 0.20793995 0.15367197 0.13807033 0.12208572 0.15928068 0.20412660 0.06423571 0.11998755 0.20259913 0.22629612 0.13220446 0.04455811 0.16756891 0.21678544 0.17237660 0.16847318 0.19644812 0.11383497 0.16414498 0.12546296 0.22423669 0.23397117 0.15039613 0.17353371 0.22657900 0.16849786 0.19475744 0.29802052 0.28855793 0.25196331 0.23665716 0.18082138 0.18409104 0.18531631 
0.21184894 0.20805522 0.21297001 0.25418743 0.00000000 0.31916225 0.24266939 0.22567308 0.25323964 0.19752138 0.18594442 0.19406406 0.14887052 0.13448094 0.13850524 0.19366368 0.15415910 0.22522000 0.19029966 0.17543031 0.21369691 0.18341047 0.15373804 0.17625177 0.19209493 0.20966022 0.19254377 0.18880057 0.14881615 0.21265836 0.15701668 0.14727984 0.14906513 0.14303355 0.16026424 0.21665712 0.25943666 0.14972339 0.17449917 0.21437292 0.22324352 0.21299371 0.21325119 0.20621459 0.26406894 0.22542680 0.16986081 0.19820889 0.18650854 0.18491435 0.17796432 0.18370726 0.24460019 0.17406957 0.18251685 0.16810654 0.17335791 0.15424464 0.20961040 0.18823069 0.19189157 0.21244879 0.17430085 0.18771312 0.20829651 0.19227951 0.15149946 0.16524294 0.27297284 0.21290490 0.17283909 0.19311861 0.17152244 0.19337898 0.14797558 0.16374106 0.17630278 0.16012535 0.14817772 0.15732560 0.20078504 0.19581227 0.14528699 0.19358312 0.17271679 0.18195739 0.14621464 0.19658801 0.16585749 0.21163053 0.20202176 0.23610830 0.19063020 0.17410519 0.19700537 0.19783991 0.24382507 0.21958022 0.21470788 0.16431205 0.20875279 0.19369951 0.19554830 0.20300961 0.24633977 0.14009237 0.21146418 0.23582995 0.26756691 0.21341890 0.28030868 0.24568798 0.17772737 0.15588361 0.20285805 0.15257725 0.20013950 0.21143612 0.16664510 0.17650389 0.15382796 0.18465191 0.16618074 0.21079985 0.23492183 0.25155009 0.18802719 0.23628558 0.16101431 0.14734653 0.17607532 0.13998972 0.13606727 0.16941920 0.18990982 0.20508001 0.20672110 0.21552175 0.19550077 0.18526497 0.18025949 
0.20251583 0.21815462 0.25103330 0.31267557 0.31916225 0.00000000 0.18340001 0.22942640 0.13754840 0.21400867 0.24612235 0.19862924 0.19886587 0.22412098 0.14082592 0.20459405 0.12218418 0.20458322 0.25963645 0.18791929 0.18234014 0.13182159 0.22081733 0.28078014 0.22011585 0.20703823 0.19338907 0.19554779 0.19070735 0.13625644 0.20130234 0.32259312 0.11753108 0.16940485 0.19863235 0.20053572 0.24102329 0.17500495 0.20989975 0.21025709 0.18348154 0.22319272 0.27161657 0.19851255 0.13386070 0.20402266 0.21390217 0.19436437 0.15257771 0.32747020 0.13985705 0.20661075 0.11645295 0.18417027 0.27654684 0.17445028 0.15936213 0.18718619 0.23907525 0.15527932 0.16241424 0.20559265 0.18216670 0.13216720 0.08325522 0.22800091 0.15674709 0.11122961 0.13353324 0.16823848 0.23531285 0.18783553 0.13398822 0.20314204 0.20387897 0.12783022 0.23450103 0.18783710 0.14605524 0.10408729 0.13929574 0.09655952 0.13916717 0.23758365 0.17410890 0.17637365 0.19474064 0.18531655 0.18689948 0.14076437 0.15731252 0.21333247 0.13853686 0.18048230 0.26248129 0.27524385 0.15247031 0.13028713 0.12230297 0.27771733 0.17570084 0.18245315 0.16126042 0.25427342 0.23939432 0.20890564 0.20133685 0.21633673 0.27909256 0.28532756 0.18615668 0.20450297 0.37694301 0.13187978 0.17047958 0.19650454 0.09607716 0.28836191 0.16050070 0.18678344 0.23932378 0.23207594 0.14425458 0.19635216 0.20019217 0.24394532 0.18843671 0.20138332 0.20933803 0.15067099 0.17501502 0.16909208 0.18100057 0.20330080 0.23667380 0.27004892 0.20284360 0.15399382 0.19452569 0.17159378 0.17003835 
0.17332072 0.20819443 0.22465545 0.39625711 0.24266939 0.18340001 0.00000000 0.35931987 0.23058307 0.25816930 0.27764685 0.15409546 0.17718938 0.23668720 0.17269751 0.14719165 0.21656407 0.24168513 0.15610659 0.14137600 0.19821663 0.21003351 0.15194317 0.14083343 0.22257923 0.17979782 0.24946853 0.11269591 0.14535699 0.17673036 0.25594123 0.20316958 0.20340432 0.20305020 0.25134702 0.23316853 0.28017264 0.26460190 0.29689928 0.18758428 0.17264881 0.22348451 0.19173994 0.16265415 0.22264052 0.14631894 0.24928738 0.28726785 0.12236564 0.22101710 0.17691621 0.16906634 0.13758301 0.18881992 0.12754524 0.18274215 0.22082675 0.20360949 0.19740162 0.13921078 0.08438709 0.09486605 0.15596697 0.21269689 0.12131005 0.21851232 0.14372977 0.19899474 0.11307176 0.23923466 0.20031016 0.18599878 0.23400762 0.14254612 0.16944507 0.18273550 0.17460446 0.17660877 0.17512085 0.22186061 0.24571850 0.20270881 0.23252435 0.19609512 0.23025243 0.15797347 0.08964641 0.12514705 0.20501385 0.17250730 0.16391377 0.14928545 0.19242440 0.19300354 0.15425343 0.18238938 0.17626234 0.20832433 0.17386007 0.20394465 0.23558769 0.19072609 0.19654843 0.16957167 0.26485417 0.28175789 0.25084268 0.12953216 0.26091669 0.07997253 0.19403158 0.24372581 0.28515822 0.16651551 0.28520441 0.21922431 0.23250247 0.20387740 0.21251725 0.18172332 0.15580390 0.14057438 0.20267417 0.17532211 0.18156313 0.18012503 0.21772152 0.17972722 0.23107662 0.22866637 0.21318975 0.21541531 0.11325653 0.18589129 0.20876280 0.26463253 0.21766610 0.14688401 0.16203842 0.19248276 0.19074623 
0.16793257 0.18549837 0.18109353 0.14630855 0.22567308 0.22942640 0.35931987 0.00000000 0.36877778 0.26853299 0.31238218 0.51795319 0.26919670 0.23479878 0.18849541 0.19318635 0.24907906 0.25893978 0.19215333 0.25013982 0.24369708 0.21647459 0.24488799 0.14794460 0.17880160 0.20668684 0.29150304 0.15407548 0.23817232 0.25209368 0.10451271 0.15288748 0.20675839 0.19891502 0.10435845 0.19612381 0.18633188 0.23831915 0.20592679 0.23710687 0.15588568 0.29475550 0.30632459 0.20487051 0.17734870 0.26868505 0.50290865 0.18434256 0.17356231 0.24819736 0.21901471 0.21187289 0.26984502 0.23456210 0.16394445 0.16305561 0.15720905 0.14800034 0.18030747 0.15687135 0.21353285 0.17440017 0.18356239 0.18617056 0.12088782 0.20633877 0.20384474 0.17922522 0.13613522 0.24162590 0.19719526 0.18769723 0.14579727 0.16537488 0.17833557 0.22539634 0.16410053 0.21455506 0.19846870 0.21224737 0.13991726 0.23184760 0.23489981 0.17754531 0.20547199 0.16233876 0.15693253 0.14171608 0.13981378 0.12342034 0.14732706 0.18883709 0.26381336 0.15425855 0.24024160 0.10830111 0.14883827 0.18395951 0.19478871 0.12332623 0.10429026 0.17689486 0.15119681 0.23421681 0.19000820 0.25597690 0.22634542 0.15708949 0.16109687 0.18354765 0.10767938 0.09526937 0.19285862 0.14603600 0.16714150 0.21184753 0.20557974 0.23119250 0.10272924 0.19138976 0.13395423 0.12767286 0.16940196 0.19612508 0.21032748 0.16178778 0.16592012 0.13210630 0.15901632 0.18460253 0.22838715 0.10704521 0.12075906 0.16031379 0.16923355 0.17887981 0.10491546 0.16023893 0.19561201 0.19243937 0.18893057 
0.19735129 0.12824614 0.12084196 0.11230028 0.25323964 0.13754840 0.23058307 0.36877778 0.00000000 0.21837705 0.23924413 0.35409793 0.31118566 0.23118070 0.26842068 0.36051338 0.26928124 0.18529727 0.20657922 0.19932459 0.18897875 0.16537553 0.20281627 0.18458301 0.16865329 0.15837389 0.13959138 0.19231977 0.15946656 0.15891262 0.12046368 0.19100611 0.16154159 0.16057599 0.16091540 0.14071534 0.12882265 0.14189135 0.14998202 0.19068522 0.16739361 0.18025885 0.26130710 0.14292056 0.18062545 0.25320307 0.18297303 0.15942036 0.20143964 0.19705502 0.18010302 0.18502782 0.21015126 0.20805203 0.19544136 0.15511345 0.17025372 0.15272516 0.18395593 0.19047630 0.20294758 0.23177070 0.19674109 0.18246408 0.24564648 0.19184396 0.18144169 0.13991481 0.15690512 0.16950931 0.19836472 0.19902521 0.19859352 0.14631297 0.16378977 0.22936377 0.19871176 0.21127550 0.15555670 0.21617542 0.19189699 0.21219102 0.20560658 0.17873505 0.18982405 0.19828234 0.18410102 0.20086124 0.14712769 0.17019989 0.33948731 0.16100489 0.18325915 0.16100077 0.23729438 0.17228735 0.22174239 0.28725326 0.23881227 0.14301253 0.13789674 0.31653820 0.22547742 0.19679874 0.21673588 0.23797661 0.22590429 0.16544173 0.21206129 0.23098668 0.19982507 0.20803571 0.16777021 0.21565542 0.15883419 0.17107113 0.17085742 0.19648232 0.19753072 0.14568558 0.14513780 0.21413875 0.21111569 0.15473290 0.19893036 0.25927369 0.17629775 0.17674200 0.17247617 0.20200828 0.18212798 0.11586687 0.16417171 0.15288484 0.15528194 0.11112475 0.13357105 0.14977422 0.19771555 0.19352768 0.19718652 
0.15585787 0.19466261 0.18569234 0.19647107 0.19752138 0.21400867 0.25816930 0.26853299 0.21837705 0.00000000 0.21440375 0.21565862 0.33354586 0.43547293 0.22878333 0.14647589 0.24023387 0.13609517 0.19298417 0.19855739 0.19428317 0.23700804 0.12495612 0.15148638 0.12786536 0.15108672 0.15533926 0.12075125 0.20217201 0.16937711 0.17286515 0.20190455 0.23979348 0.11768940 0.21603359 0.19580234 0.13909007 0.20368289 0.17618460 0.23273993 0.23908390 0.16948898 0.21508153 0.12290002 0.23600845 0.15380254 0.17514535 0.19455120 0.14356045 0.15970167 0.14629283 0.17159898 0.16488538 0.24532893 0.23396929 0.11368216 0.14768895 0.15749095 0.23176585 0.13232271 0.11119014 0.15378780 0.13174144 0.06380690 0.20958377 0.20746554 0.17597025 0.25310455 0.18174333 0.24050488 0.25096227 0.19448666 0.24836382 0.19716981 0.21384857 0.24134089 0.16927380 0.31970019 0.19409851 0.20581972 0.25671356 0.19572297 0.20548368 0.18137574 0.12099443 0.19179650 0.25795248 0.18022895 0.20231077 0.16752728 0.18005381 0.27126452 0.15817017 0.14313776 0.20959922 0.12402825 0.15330629 0.14461614 0.19312464 0.14121988 0.15752910 0.15007279 0.16944167 0.18359367 0.16801536 0.22377675 0.24012764 0.19772709 0.21048725 0.38701303 0.13915230 0.23866454 0.65753086 0.49630267 0.26777021 0.16882661 0.19372154 0.18891085 0.22673762 0.18429177 0.17636174 0.23457896 0.20675272 0.22851291 0.20148072 0.22758925 0.21078202 0.12468325 0.14098007 0.13964882 0.18734726 0.12390502 0.18501138 0.11439595 0.12437591 0.11456275 0.17860619 0.14079996 0.18496919 0.21127511 0.20362082 
0.17641023 0.15412896 0.26769256 0.28957354 0.18594442 0.24612235 0.27764685 0.31238218 0.23924413 0.21440375 0.00000000 0.34693601 0.18437837 0.33767115 0.34740096 0.16050925 0.23215113 0.22396106 0.30501465 0.14468117 0.13760836 0.26265307 0.26980573 0.18499599 0.17101358 0.21467480 0.09226964 0.22985693 0.18062429 0.20725757 0.15522350 0.19804889 0.41056321 0.20798450 0.15323744 0.18759899 0.24069415 0.23527631 0.32896919 0.22936463 0.23403678 0.23681882 0.23127148 0.28924566 0.18050142 0.15373687 0.31980394 0.14448939 0.09378489 0.23934570 0.21069461 0.19097852 0.25640184 0.18426941 0.20349136 0.11659930 0.10171515 0.20991216 0.24128301 0.22587911 0.20482079 0.13425205 0.19267922 0.16331027 0.17860996 0.15611698 0.18850838 0.23387023 0.07386221 0.22985378 0.29405739 0.17642048 0.17298768 0.29055601 0.17400349 0.20873041 0.12107435 0.15202299 0.23311418 0.10635996 0.18368454 0.19125526 0.15724537 0.15773211 0.18098683 0.16584137 0.17299524 0.24493447 0.14124700 0.15240524 0.20650707 0.16266121 0.16571041 0.16105681 0.17375788 0.22386103 0.16142798 0.14942149 0.15089022 0.19518757 0.14302764 0.25502121 0.23645615 0.22950195 0.06922541 0.12850926 0.14424743 0.18982477 0.13954486 0.12465738 0.16467346 0.12361900 0.21896936 0.18321289 0.22790445 0.19832777 0.20690863 0.21540447 0.25433488 0.15333138 0.20377307 0.14240932 0.13628772 0.17362577 0.19134999 0.19860384 0.17529169 0.22360336 0.12445856 0.11292629 0.21057454 0.24050464 0.18646081 0.15854746 0.22158108 0.14921910 0.14436634 0.19305603 0.18544733 0.19165453 0.18853711 
0.22458527 0.18035203 0.19377352 0.23183687 0.19406406 0.19862924 0.15409546 0.51795319 0.35409793 0.21565862 0.34693601 0.00000000 0.23483149 0.25273048 0.25492405 0.28427772 0.14228978 0.13623631 0.23482998 0.18105546 0.14516250 0.22864009 0.26033442 0.22192660 0.15230525 0.21337899 0.19204637 0.24006410 0.18852253 0.16967759 0.11560392 0.17208218 0.27749585 0.26434049 0.15887063 0.14479031 0.18038606 0.14353873 0.13230677 0.15831116 0.25898358 0.18990899 0.25924186 0.20042599 0.22708565 0.23150620 0.31399707 0.16964315 0.18013286 0.75229330 0.57866154 0.16150780 0.38025017 0.42885603 0.20986973 0.21904771 0.18034977 0.17857226 0.18056890 0.21126425 0.20882352 0.20572558 0.15286665 0.11929759 0.13895663 0.19236651 0.12114013 0.14351276 0.12371369 0.13810177 0.15613251 0.21638488 0.16103505 0.19094946 0.13336806 0.15520122 0.13589722 0.18767306 0.19922407 0.13240977 0.14068973 0.16220229 0.12385817 0.20230149 0.15770850 0.18865210 0.26885630 0.19970635 0.19060121 0.21653889 0.18186234 0.12967035 0.16107873 0.13513502 0.20913811 0.11808184 0.15843890 0.17732444 0.17859520 0.17022333 0.19701107 0.09837184 0.17698069 0.23414294 0.14922527 0.10717551 0.16886776 0.15117897 0.12488598 0.09658510 0.17141132 0.12583706 0.20330117 0.13788301 0.16211702 0.22124909 0.16669817 0.16065460 0.19155321 0.12339381 0.18041503 0.19951811 0.20872244 0.15872279 0.12513398 0.16919157 0.17243132 0.17852811 0.11722520 0.14697642 0.15221516 0.16468312 0.09952512 0.13525800 0.17799717 0.18107304 0.20392231 0.13157921 0.18727512 0.19074422 0.19866857 
0.20151091 0.13698983 0.21712506 0.14561029 0.14887052 0.19886587 0.17718938 0.26919670 0.31118566 0.33354586 0.18437837 0.23483149 0.00000000 0.23492169 0.17479266 0.22949787 0.35742440 0.24992658 0.17768237 0.28167486 0.18197422 0.17750370 0.15483501 0.15753593 0.18728464 0.19765040 0.16157158 0.14580873 0.12944610 0.20747809 0.17720926 0.18773940 0.16616598 0.13202500 0.18349199 0.15145507 0.14141215 0.14936046 0.12087065 0.16864142 0.14957769 0.22838736 0.11491709 0.15436841 0.13702587 0.17696162 0.24226154 0.22705302 0.15697464 0.30494625 0.20449400 0.13899077 0.19081726 0.21261042 0.10365367 0.12394401 0.16158291 0.19053690 0.30098490 0.20442605 0.12876778 0.15111579 0.10891778 0.17119363 0.12980392 0.19684290 0.13506328 0.21653260 0.15835567 0.17118339 0.18686709 0.19154156 0.22992854 0.19236838 0.12527375 0.14039427 0.17387457 0.14193408 0.14926771 0.43173085 0.15657106 0.28868699 0.67597928 0.43694337 0.17989196 0.18132461 0.65362557 0.17350026 0.20500618 0.14754181 0.24600923 0.10142791 0.11234990 0.13389616 0.21353814 0.09275320 0.15789978 0.10547930 0.17743392 0.14139439 0.23334475 0.16456246 0.12158521 0.17661489 0.14546336 0.28920735 0.24173548 0.21144632 0.17551973 0.49680219 0.20510056 0.21350117 0.23676439 0.46496606 0.21008806 0.12481973 0.19558438 0.12842968 0.22249466 0.21754560 0.17957445 0.17709560 0.10245955 0.18467583 0.22207291 0.06570491 0.18676261 0.21879289 0.11659970 0.15138416 0.19888964 0.12483671 0.17647345 0.12710527 0.18912792 0.17824045 0.18565605 0.13571052 0.18098907 0.20271316 0.19093984 
0.17906558 0.16679075 0.17138040 0.11166973 0.13448094 0.22412098 0.23668720 0.23479878 0.23118070 0.43547293 0.33767115 0.25273048 0.23492169 0.00000000 0.29026603 0.25669932 0.31517175 0.22309981 0.24895575 0.17047665 0.23155187 0.35231970 0.14400123 0.16822859 0.18926100 0.19218341 0.20541714 0.09904446 0.17281186 0.23150094 0.16293665 0.19271302 0.27022242 0.14488253 0.19492151 0.12731232 0.25077377 0.28314574 0.22449315 0.13667723 0.19677117 0.18000000 0.17602796 0.13459787 0.18304474 0.14334245 0.27564739 0.14456714 0.17445539 0.17865411 0.20589539 0.12022831 0.15292502 0.22410733 0.13637330 0.10056140 0.15990921 0.13778776 0.22941227 0.19250312 0.19863797 0.17421615 0.22372512 0.20093448 0.14896600 0.20388374 0.23290092 0.16544828 0.13019027 0.17055493 0.20599139 0.09426272 0.12327107 0.11989724 0.19180088 0.19931860 0.18561503 0.25348704 0.19694508 0.25533283 0.26225316 0.16732955 0.15307933 0.18311026 0.17379324 0.21798430 0.12588006 0.13751278 0.17080249 0.30525089 0.15563676 0.19021772 0.15085192 0.15944613 0.21813033 0.14593610 0.17254053 0.22899399 0.24718318 0.24484060 0.23695156 0.21768354 0.14292233 0.11145736 0.30586520 0.31156692 0.14047578 0.17488102 0.17300073 0.25178818 0.20120472 0.27745968 0.12376565 0.60185314 0.24040718 0.27924464 0.25715237 0.13627274 0.25044077 0.16429882 0.23170551 0.17067335 0.15245812 0.18074400 0.09763822 0.23943767 0.17356005 0.17081131 0.20283840 0.18823600 0.24615016 0.12969613 0.19682297 0.14290004 0.14565150 0.06277714 0.06195820 0.10218473 0.17576410 0.19446209 0.19255390 
0.20471602 0.19921394 0.20931702 0.19237914 0.13850524 0.14082592 0.17269751 0.18849541 0.26842068 0.22878333 0.34740096 0.25492405 0.17479266 0.29026603 0.00000000 0.26174333 0.26652881 0.26615470 0.28796602 0.19187506 0.19269091 0.17470900 0.21053012 0.16768619 0.12000161 0.24395611 0.20501678 0.16045647 0.19761978 0.37331965 0.20170474 0.20438336 0.39317203 0.21367285 0.18968349 0.15278241 0.11673867 0.16218782 0.16618950 0.20963609 0.16478684 0.15525390 0.21274371 0.24507104 0.13322241 0.12163811 0.55797736 0.14907448 0.19465142 0.17955142 0.43315212 0.17632722 0.23535748 0.19695963 0.25462238 0.14367007 0.19902866 0.12891943 0.19827147 0.17391110 0.15358919 0.17652527 0.28983901 0.15001891 0.13726679 0.07386967 0.23605012 0.21156603 0.19560285 0.25288695 0.23719829 0.18338511 0.23799184 0.20620792 0.14329702 0.18033343 0.24795771 0.27936936 0.20283618 0.20432434 0.17218468 0.09467353 0.26669609 0.21929459 0.14062378 0.22765539 0.13745817 0.17892373 0.12111702 0.18796031 0.17339008 0.16537760 0.24668415 0.20265969 0.17203457 0.16935959 0.18642218 0.08976511 0.18111058 0.12137743 0.15803840 0.17880662 0.15579556 0.26514670 0.21113686 0.14644138 0.18390775 0.19178729 0.09513955 0.13497588 0.10023337 0.14389344 0.18608646 0.19639166 0.17061917 0.23017352 0.18935262 0.13776333 0.33166554 0.18996151 0.25659713 0.15120190 0.12137000 0.20836003 0.17992288 0.19644065 0.17256067 0.29651021 0.17404014 0.14349375 0.14959859 0.08823694 0.20632375 0.22438696 0.21034671 0.14964972 0.14977167 0.14044874 0.18732312 0.18558819 0.18132092 
0.18131304 0.21814272 0.17291723 0.19946202 0.19366368 0.20459405 0.14719165 0.19318635 0.36051338 0.14647589 0.16050925 0.28427772 0.22949787 0.25669932 0.26174333 0.00000000 0.21027503 0.19006295 0.22893441 0.45689735 0.17295817 0.14734043 0.15740055 0.14317605 0.15237987 0.15080310 0.13484860 0.20958522 0.17442334 0.16729809 0.25722111 0.16087075 0.13862155 0.22485544 0.25122025 0.13630917 0.26651419 0.13640412 0.18179698 0.15254755 0.12799985 0.13302779 0.13862387 0.18476045 0.16894554 0.10939185 0.17681307 0.20697906 0.17094104 0.25507209 0.31077419 0.18577923 0.24379180 0.35127323 0.32784641 0.21754508 0.26851823 0.33314111 0.20804349 0.11890403 0.23910101 0.25257354 0.13153310 0.16136272 0.17734076 0.18210142 0.13146021 0.12586087 0.16072808 0.17158358 0.15112271 0.21564176 0.16999593 0.17440211 0.14585383 0.25691083 0.13536315 0.15282077 0.13618111 0.18394630 0.30530278 0.15139566 0.41981405 0.10276186 0.24532306 0.33945180 0.45464595 0.15091661 0.16657557 0.24792131 0.17358470 0.19878547 0.22020196 0.16358901 0.13158313 0.16222458 0.22829467 0.21322686 0.19615601 0.17966874 0.12265775 0.24475362 0.10734291 0.09217504 0.18461187 0.22823184 0.17404143 0.15482899 0.21112995 0.18105579 0.21571809 0.12312877 0.14774274 0.23907520 0.13611825 0.14307887 0.16725681 0.19597526 0.26135034 0.24495638 0.21218051 0.16132361 0.27303455 0.17815225 0.19130063 0.16784255 0.13979932 0.13807004 0.11986411 0.19472932 0.17977331 0.11391623 0.15558131 0.15926356 0.19082943 0.16034601 0.13346602 0.17872776 0.17575512 0.18078778 0.18870039 
0.17522832 0.24188670 0.07180292 0.00000000 0.15415910 0.12218418 0.21656407 0.24907906 0.26928124 0.24023387 0.23215113 0.14228978 0.35742440 0.31517175 0.26652881 0.21027503 0.00000000 0.30440179 0.19302815 0.35820044 0.58719883 0.33095659 0.15161955 0.23570152 0.09171213 0.06329472 0.13236436 0.04755806 0.16692679 0.20852987 0.13321601 0.13811693 0.21604708 0.16724054 0.16766474 0.14129243 0.16746037 0.18046501 0.18072628 0.19393853 0.16204776 0.16148422 0.11613286 0.13058278 0.15900927 0.14036559 0.09537533 0.07808708 0.16924938 0.16462484 0.20711501 0.12315958 0.14580452 0.23315782 0.09718757 0.13677790 0.24199244 0.12767193 0.21667808 0.19138153 0.20431595 0.23335669 0.23221723 0.12750186 0.19663951 0.17832268 0.22154738 0.15207285 0.21895573 0.18537630 0.18757155 0.17568996 0.14387495 0.20267765 0.16271466 0.25847519 0.29143877 0.19973423 0.37455948 0.41972930 0.26880944 0.24216245 0.44075999 0.25771151 0.15444657 0.18496805 0.18382666 0.26347323 0.17032921 0.15470622 0.29799044 0.18219720 0.18532898 0.10713612 0.16266841 0.20098928 0.21635501 0.21209847 0.14979041 0.18291657 0.17545540 0.24232619 0.07642601 0.26296005 0.15311368 0.27223147 0.24091180 0.16353240 0.29791941 0.22237429 0.21100006 0.20433699 0.15439166 0.35931811 0.21409646 0.25028021 0.21413564 0.17383556 0.22331217 0.17787333 0.13727385 0.27622719 0.24821183 0.16823177 0.14918476 0.18323959 0.21030240 0.18525266 0.17524181 0.24597494 0.15946761 0.12252041 0.25278885 0.14706083 0.09916671 0.12163798 0.02789550 0.13085029 0.15265318 0.19552713 0.19939492 
0.15064924 0.15621538 0.23269153 0.22466348 0.22522000 0.20458322 0.24168513 0.25893978 0.18529727 0.13609517 0.22396106 0.13623631 0.24992658 0.22309981 0.26615470 0.19006295 0.30440179 0.00000000 0.25851539 0.20519909 0.27792939 0.50898076 0.23031702 0.31015915 0.19238893 0.19497105 0.20556176 0.14601931 0.17793146 0.31316069 0.10192452 0.19599467 0.34962369 0.22263093 0.24423522 0.22886177 0.15650872 0.16418847 0.12443434 0.20986850 0.23050552 0.12465356 0.20349230 0.16269766 0.20110734 0.12489521 0.15191128 0.24609693 0.12116157 0.27760804 0.12728022 0.22751185 0.10751226 0.13506953 0.25086983 0.19222897 0.21190453 0.17530837 0.20748243 0.16479276 0.19021918 0.15865550 0.21574508 0.14601083 0.17049410 0.22949265 0.19138558 0.14926622 0.15257859 0.14523227 0.18567239 0.12903301 0.16819974 0.23869952 0.18754705 0.31175708 0.13637699 0.21230005 0.18280546 0.25920496 0.24619887 0.22357630 0.32317244 0.16821378 0.21307296 0.23623202 0.13682497 0.23131648 0.16982221 0.13950793 0.17992362 0.13269810 0.21035283 0.20268422 0.14662738 0.18866468 0.27153871 0.09212596 0.18669735 0.24847734 0.20179395 0.10855514 0.25376990 0.25299717 0.14496112 0.16661337 0.15784975 0.16306166 0.20393298 0.17624791 0.18930020 0.13465540 0.26900093 0.20980032 0.19213664 0.23576695 0.18419089 0.15702921 0.25193300 0.12763877 0.19122279 0.18240955 0.17291182 0.17210518 0.19798652 0.21880175 0.15821893 0.19721279 0.17831883 0.17401595 0.14045213 0.13327765 0.22151816 0.14760548 0.18229330 0.14136528 0.18037494 0.15655176 0.17351376 0.18733922 0.18355207 
0.20021985 0.20707679 0.27917588 0.30392938 0.19029966 0.25963645 0.15610659 0.19215333 0.20657922 0.19298417 0.30501465 0.23482998 0.17768237 0.24895575 0.28796602 0.22893441 0.19302815 0.25851539 0.00000000 0.26239355 0.28563577 0.25234728 0.29384897 0.33292057 0.29429507 0.20915231 0.31975903 0.19059223 0.19148730 0.42464575 0.21945342 0.20304998 0.16774519 0.18713420 0.18388760 0.21200616 0.21626488 0.20136203 0.17638204 0.18911173 0.11694923 0.16101201 0.20783883 0.22231856 0.21434449 0.21430282 0.27767202 0.22801723 0.17516767 0.17423616 0.38220712 0.21551699 0.15809983 0.22137119 0.55428713 0.12900395 0.08967487 0.30575725 0.17859386 0.15809698 0.10636531 0.18325809 0.17943285 0.17519922 0.14689130 0.11990889 0.10811934 0.16947418 0.20756378 0.19084488 0.19805965 0.26390900 0.23096017 0.15189784 0.12976646 0.25375279 0.19143018 0.23259695 0.21352639 0.17379586 0.18917391 0.21135307 0.09313251 0.09275512 0.16153574 0.16260319 0.07652608 0.24373865 0.12351360 0.14536274 0.11435096 0.17262732 0.16123944 0.09175168 0.24326882 0.19663620 0.21587789 0.18271054 0.14714261 0.17903192 0.18797665 0.18843117 0.17501287 0.15288329 0.09176336 0.09134991 0.11406267 0.23863864 0.19032182 0.20462958 0.19381567 0.11658154 0.19424212 0.14645080 0.15301954 0.25250403 0.12223585 0.24847275 0.14880606 0.20222275 0.18950649 0.12351317 0.14380823 0.16722730 0.14776399 0.19374101 0.16927965 0.18304661 0.23552694 0.15447314 0.13599402 0.14249275 0.17854926 0.23419178 0.17727458 0.17181673 0.18374441 0.20493045 0.19543945 0.18025538 0.18301987 
0.16998350 0.13671562 0.16407152 0.16623515 0.17543031 0.18791929 0.14137600 0.25013982 0.19932459 0.19855739 0.14468117 0.18105546 0.28167486 0.17047665 0.19187506 0.45689735 0.35820044 0.20519909 0.26239355 0.00000000 0.34291098 0.22549933 0.19907620 0.21154503 0.19559155 0.22335880 0.21781279 0.13478524 0.23441774 0.15850707 0.20075476 0.18231904 0.12111963 0.16015287 0.20827410 0.22814741 0.18929307 0.18630273 0.18332589 0.17748999 0.18975079 0.20293837 0.09737726 0.19441401 0.16519743 0.13894169 0.20511715 0.14505339 0.16521630 0.11980347 0.20369070 0.11431851 0.15871180 0.21947236 0.13893751 0.17392067 0.24560144 0.44306398 0.16224542 0.17439979 0.17544802 0.31769319 0.20152862 0.17380507 0.17991751 0.11812416 0.18294828 0.13284546 0.19548289 0.18850548 0.19969142 0.28852266 0.21428178 0.12133377 0.23222978 0.19183442 0.23016828 0.19325911 0.24895200 0.24215358 0.18490294 0.56652072 0.40379096 0.22461497 0.15308517 0.52213860 0.16532902 0.16936719 0.17845561 0.09700818 0.18811506 0.17285072 0.22799327 0.16540395 0.16250650 0.21607930 0.23761020 0.14427452 0.15597641 0.17481827 0.16372026 0.15670840 0.12797710 0.19897933 0.21372036 0.17294478 0.19420750 0.17041961 0.16534881 0.22540284 0.19826686 0.14500377 0.20673283 0.21212708 0.14342956 0.15622896 0.19822545 0.13051832 0.19086668 0.33380799 0.19364299 0.24221573 0.11349264 0.15165560 0.21895611 0.22937530 0.17821434 0.10838757 0.16366741 0.16311081 0.12413367 0.09298266 0.16767114 0.13082980 0.17159170 0.17516754 0.19142684 0.20216628 0.17509152 0.19581939 0.18952953 
0.17800096 0.16961160 0.20431673 0.11913003 0.21369691 0.18234014 0.19821663 0.24369708 0.18897875 0.19428317 0.13760836 0.14516250 0.18197422 0.23155187 0.19269091 0.17295817 0.58719883 0.27792939 0.28563577 0.34291098 0.00000000 0.38838853 0.32535176 0.21281315 0.22701158 0.18521326 0.09732434 0.08844192 0.19478160 0.26877813 0.19472190 0.15010613 0.21502648 0.19615271 0.25315116 0.27258871 0.18668727 0.14842041 0.17709278 0.11328034 0.25664658 0.14680774 0.12104458 0.15662192 0.18379451 0.11669877 0.22142139 0.20574035 0.24812564 0.17844768 0.15741729 0.16819133 0.14701300 0.17691220 0.15739127 0.20386371 0.24958218 0.22066146 0.19312106 0.13034345 0.19339726 0.27855030 0.23869558 0.13159914 0.22310402 0.19275864 0.17092568 0.17274674 0.24321469 0.10125757 0.16344260 0.12591868 0.25490281 0.17593247 0.19998309 0.19792961 0.17957311 0.19078538 0.44463777 0.38442922 0.13034127 0.16997413 0.32863004 0.14061513 0.16539274 0.17942791 0.22401493 0.13165030 0.20266361 0.12072668 0.22788040 0.13639258 0.21620388 0.18954233 0.17787669 0.19821615 0.17778903 0.16238081 0.13228127 0.26247583 0.15159744 0.22992661 0.19480122 0.21374230 0.14766800 0.22098220 0.12792133 0.16532938 0.18929547 0.13089947 0.20150214 0.26690160 0.14007969 0.24631873 0.14713801 0.22310437 0.17224672 0.20373881 0.16197309 0.17743971 0.13313290 0.18857377 0.17467228 0.21837015 0.28526051 0.19663935 0.18737924 0.21104112 0.18460918 0.13381697 0.21393849 0.21851686 0.17197977 0.19676399 0.17570555 0.16005142 0.17545270 0.17884496 0.18265525 0.18531745 0.19153008 
0.19846303 0.14995295 0.20836807 0.20628315 0.18341047 0.13182159 0.21003351 0.21647459 0.16537553 0.23700804 0.26265307 0.22864009 0.17750370 0.35231970 0.17470900 0.14734043 0.33095659 0.50898076 0.25234728 0.22549933 0.38838853 0.00000000 0.47472298 0.33946253 0.14519231 0.20287058 0.24627330 0.20199348 0.24130325 0.18406616 0.16926601 0.11772419 0.20787343 0.22597120 0.25155382 0.11761806 0.21145977 0.22246117 0.12774968 0.14047829 0.16702750 0.13243180 0.20163944 0.20389656 0.14109094 0.22701395 0.18142343 0.20655694 0.16552771 0.13985391 0.16185582 0.19632197 0.23486543 0.21942405 0.22080935 0.15128343 0.12327233 0.15348453 0.19406169 0.21551884 0.20393115 0.20751216 0.17062627 0.12067652 0.18471290 0.33903326 0.14996772 0.21893835 0.13266612 0.24102426 0.19462466 0.16824852 0.23551814 0.15335525 0.18343118 0.14032560 0.19909540 0.19918267 0.27273989 0.21377230 0.19709352 0.18993795 0.22026840 0.18368198 0.14573654 0.18289248 0.25964443 0.09817264 0.13834888 0.23221521 0.14925048 0.26603649 0.24063070 0.24168622 0.23123236 0.09540635 0.15430680 0.19372775 0.19257036 0.17365837 0.20946022 0.13753430 0.24986196 0.21345576 0.14610186 0.17596769 0.15597210 0.12092225 0.10986215 0.21689492 0.17951734 0.17058085 0.16927497 0.16441802 0.22256924 0.14746156 0.19404853 0.20583569 0.19744807 0.20271769 0.22312343 0.16669061 0.17322370 0.18843369 0.15996305 0.19208000 0.19016976 0.15793956 0.18181751 0.15425816 0.21017233 0.17901501 0.20877234 0.23550497 0.17761448 0.13967324 0.19166822 0.15594110 0.18233001 0.18468243 0.20152065 
0.20533912 0.19628402 0.21613668 0.24426156 0.15373804 0.22081733 0.15194317 0.24488799 0.20281627 0.12495612 0.26980573 0.26033442 0.15483501 0.14400123 0.21053012 0.15740055 0.15161955 0.23031702 0.29384897 0.19907620 0.32535176 0.47472298 0.00000000 0.30052605 0.21953133 0.25189613 0.28786803 0.28927944 0.21551263 0.29705498 0.19223698 0.30007400 0.20998529 0.22004851 0.20990212 0.25493582 0.22450538 0.26303299 0.19658373 0.20032071 0.18776047 0.16777653 0.23510711 0.21572346 0.17068743 0.14878724 0.17586839 0.19062657 0.23778400 0.15462342 0.14778055 0.22542802 0.11588380 0.17966827 0.26013320 0.26646995 0.13506692 0.24571872 0.16403985 0.20689337 0.20657090 0.16318613 0.22672586 0.20471024 0.21114423 0.23156930 0.26288762 0.17905414 0.19442619 0.12144136 0.27456356 0.24172865 0.22868043 0.16078323 0.20671615 0.22234211 0.20369562 0.12920647 0.15480732 0.17499197 0.08395130 0.15775950 0.15269857 0.14921819 0.17499843 0.10137771 0.15632026 0.20067442 0.11680962 0.14479710 0.14256944 0.16391713 0.16038287 0.21120019 0.21559869 0.21974488 0.22134232 0.17428365 0.15099207 0.12183854 0.12199682 0.17021986 0.17035470 0.14697277 0.14386652 0.13957766 0.16726716 0.23275867 0.17582667 0.20570322 0.18437600 0.09477066 0.18324386 0.18804810 0.22223613 0.14384971 0.25105013 0.14605842 0.13890875 0.21100353 0.20487924 0.12630627 0.20327743 0.14651174 0.17475965 0.04852874 0.17079738 0.21037063 0.16874538 0.16542434 0.23786266 0.21390207 0.17170758 0.25597372 0.26095548 0.20031348 0.21829954 0.21401769 0.18566470 0.19952785 0.20280541 
0.18066809 0.16230967 0.23193052 0.18639361 0.17625177 0.28078014 0.14083343 0.14794460 0.18458301 0.15148638 0.18499599 0.22192660 0.15753593 0.16822859 0.16768619 0.14317605 0.23570152 0.31015915 0.33292057 0.21154503 0.21281315 0.33946253 0.30052605 0.00000000 0.48499253 0.17102820 0.20388246 0.24720268 0.31199097 0.35240820 0.20327670 0.20310817 0.23483413 0.23511023 0.24470349 0.26400886 0.20690027 0.19315226 0.25095832 0.22218502 0.22315196 0.28346716 0.21510342 0.20697422 0.23210225 0.10370847 0.10370371 0.32353128 0.19222409 0.11044139 0.19299503 0.33111199 0.14637998 0.14247251 0.23561327 0.22666615 0.12549566 0.16150386 0.20402159 0.29792596 0.14283030 0.13520236 0.21532994 0.17913555 0.22476975 0.16950911 0.20487480 0.17444164 0.13529897 0.20312879 0.20663247 0.18612115 0.24778450 0.20036977 0.11798553 0.20892166 0.15185556 0.10664775 0.18514732 0.22026110 0.15725120 0.23872380 0.12432666 0.20951339 0.17236592 0.13775797 0.24887011 0.12360013 0.16554634 0.18156987 0.16300328 0.15813708 0.22143213 0.17904282 0.16402119 0.26168437 0.24976015 0.13611264 0.18964542 0.25980852 0.25610349 0.23155907 0.13347236 0.22737278 0.14406927 0.14065873 0.19909055 0.23905499 0.19316684 0.18184544 0.12070771 0.16524619 0.18176369 0.13998928 0.15808514 0.21924337 0.15702580 0.14514297 0.17895476 0.16322345 0.14017221 0.12230231 0.12103503 0.16882458 0.20263024 0.18728902 0.20028273 0.11110438 0.15326469 0.19974445 0.20833450 0.23070676 0.15815391 0.19788084 0.21239002 0.19881536 0.19777948 0.17587094 0.19345622 0.17480357 0.18153571 
0.21286334 0.24366035 0.19621599 0.25229570 0.19209493 0.22011585 0.22257923 0.17880160 0.16865329 0.12786536 0.17101358 0.15230525 0.18728464 0.18926100 0.12000161 0.15237987 0.09171213 0.19238893 0.29429507 0.19559155 0.22701158 0.14519231 0.21953133 0.48499253 0.00000000 0.25852109 0.43863916 0.46426418 0.45433098 0.19364547 0.25161411 0.22199606 0.21878583 0.26114115 0.16909981 0.22350035 0.16689942 0.18933807 0.29530197 0.20918754 0.14778904 0.21412388 0.17958014 0.22371616 0.28349246 0.24986004 0.11371309 0.19419439 0.26115826 0.17771485 0.17135137 0.29504395 0.14487888 0.15452930 0.23810371 0.24986040 0.17156907 0.23966684 0.26642249 0.21034310 0.24012550 0.22984065 0.18678826 0.19906983 0.18261777 0.18178678 0.19068611 0.22676554 0.18851054 0.22022308 0.15492546 0.15859903 0.29089042 0.18378548 0.23422358 0.14905710 0.15491460 0.16142325 0.12504963 0.13839358 0.15289716 0.20936792 0.10965735 0.20150637 0.16231984 0.21685688 0.10544537 0.16122470 0.19138732 0.17746012 0.26154291 0.20908534 0.16334614 0.18329965 0.18935445 0.29320147 0.19667443 0.20156071 0.14246997 0.17006427 0.22041120 0.17137624 0.16065901 0.14870620 0.16778481 0.15947206 0.14792132 0.17531334 0.17444965 0.24121510 0.20685762 0.10940069 0.17499674 0.19386600 0.12920006 0.11434988 0.17810735 0.20810026 0.12800024 0.12718522 0.09465425 0.20093054 0.13502324 0.17596056 0.17219156 0.17911198 0.12328367 0.20557700 0.09915537 0.12622244 0.18261645 0.19922924 0.20262028 0.15387255 0.21894489 0.21771255 0.20909046 0.20587784 0.19352824 0.18548991 0.18946673 
