0.00000000 0.04342514 0.02933316 0.03324507 0.02951872 0.04016459 0.02543132 0.03102525 0.03170271 0.02859675 0.03701137 0.03692859 0.02397466 0.03029896 0.03990393 0.03207503 0.02834767 0.02887174 0.03506810 0.01904091 0.02844931 0.02956280 0.03797614 0.03413403 0.03976687 0.03514858 0.03311214 0.02855440 0.03201718 0.03779230 0.02993216 0.02878410 0.02992755 0.03350516 0.03809755 0.03674361 0.03227309 0.03442659 0.03344585 0.03466335 0.03226074 0.03024376 0.03403108 0.03264208 0.03672288 0.03917298 0.02862536 0.03096154 0.03343614 0.03729904 0.03310386 0.02516197 0.03503429 0.03709725 0.03067729 0.03092820 0.02708861 0.02110781 0.02615107 0.03083482 0.02731099 0.02391015 0.02568320 0.02723167 0.02884705 0.02976319 0.03073133 0.03379228 0.03608299 0.03043098 0.02635033 0.03184927 0.02940434 0.02631499 0.03359916 0.02558226 0.03329831 0.03095912 0.03881220 0.02215998 0.02471873 0.02577760 0.03407909 0.02861480 0.02976370 0.02355692 0.02668398 0.02271337 0.02707299 0.02620651 0.02740385 0.02848869 0.02468452 0.02196226 0.03221653 0.03440429 0.02526746 0.02379148 0.02658929 0.03630580 0.03230190 0.02681913 0.03992252 0.02899178 0.02955089 0.02917096 0.03403569 0.03428645 0.02647776 0.03483124 0.02670732 0.02450806 0.02540183 0.03234023 0.03263794 0.02631046 0.02962039 0.02508893 0.02545949 0.04492182 0.03180193 0.02803997 0.02932273 0.03318765 0.02644440 0.02358210 0.03345916 0.03756451 0.02065554 0.03470683 0.03510121 0.03032342 0.03681324 0.04185638 0.05300936 0.05300936 0.05435555 0.05435555 0.05435555 0.04321790 0.04321790 
0.04342514 0.00000000 0.05471010 0.04481588 0.02005691 0.04232377 0.04491491 0.04238476 0.02172750 0.04833557 0.02947523 0.04281748 0.03925836 0.02762663 0.04456902 0.00644382 0.01755319 0.02967563 0.04048031 0.03312734 0.02362652 0.02665270 0.03790752 0.01986509 0.03471551 0.03017399 0.03887486 0.03425402 0.04685425 0.03674048 0.02929034 0.03912255 0.04014060 0.02655236 0.00958501 0.02704690 0.02896293 0.02981801 0.03378205 0.03074234 0.03861607 0.02087972 0.02818558 0.01893101 0.02399387 0.02012262 0.02513027 0.03502924 0.02555201 0.03002004 0.06317186 0.02593977 0.05217703 0.01886169 0.04502340 0.04273652 0.04810286 0.04319917 0.04997239 0.03800751 0.01719069 0.00790600 0.01974777 0.04261582 0.01780656 0.03431938 0.04668279 0.02334787 0.01788991 0.03100140 0.03479479 0.04667907 0.03129585 0.02469686 0.04032486 0.03096259 0.03291958 0.02622770 0.03721528 0.03114089 0.01317665 0.06556433 0.03124005 0.03774274 0.01598288 0.00848713 0.03714399 0.02873115 0.04187842 0.03017564 0.00555005 0.02344910 0.02231681 0.03402698 0.03054927 0.04591539 0.03577165 0.05712741 0.01249967 0.02721137 0.03553881 0.00531493 0.04003321 0.04037922 0.03432334 0.01815333 0.01755587 0.04918258 0.02208203 0.02913836 0.03826545 0.02384670 0.04395083 0.01861516 0.02598818 0.02770653 0.02670472 0.03995048 0.00489077 0.02438196 0.03314727 0.00853228 0.01813800 0.03267909 0.00521953 0.04047746 0.03400765 0.03885976 0.03001497 0.03056847 0.03767519 0.04221814 0.03810812 0.05027008 0.04232544 0.04232544 0.04342514 0.04342514 0.04342514 0.04205373 0.04205373 
0.02933316 0.05471010 0.00000000 0.05528793 0.03791833 0.05193164 0.03925813 0.04786585 0.02075553 0.04423809 0.03625855 0.03354539 0.04200123 0.04048023 0.03180645 0.03991361 0.01984672 0.02509107 0.03286182 0.02612984 0.02609433 0.03018544 0.03386359 0.04090873 0.03035953 0.03589551 0.03684037 0.03368032 0.02619850 0.02699426 0.02921529 0.04211530 0.02978689 0.03100823 0.01776782 0.02583300 0.03300481 0.04953032 0.02796319 0.03674357 0.03980970 0.03644459 0.03350032 0.03041961 0.03648264 0.03124974 0.02426114 0.04205725 0.03571218 0.02786353 0.03319932 0.02385595 0.03976215 0.03110130 0.03447893 0.03451579 0.03001733 0.03682929 0.03087542 0.02869870 0.01907440 0.03178242 0.01667413 0.03385962 0.01713581 0.04048052 0.03673259 0.03712219 0.02768308 0.04095844 0.03508892 0.04288930 0.06424127 0.03579048 0.02788131 0.03023559 0.02941537 0.03480277 0.02914126 0.01893660 0.01482970 0.03006810 0.04127439 0.02497400 0.01998444 0.01761561 0.03716177 0.03681054 0.02432124 0.02403439 0.02305399 0.01251722 0.02675902 0.03064707 0.02542974 0.03871773 0.03676285 0.04090255 0.01992378 0.02362440 0.04046051 0.02292523 0.02959410 0.04260269 0.03828517 0.01653443 0.02169278 0.05465975 0.04253890 0.03268844 0.03446822 0.02990092 0.02895660 0.01568601 0.03386507 0.02889711 0.02514292 0.07356676 0.02400166 0.02398522 0.03988741 0.03505123 0.02630880 0.03200008 0.03376526 0.03822698 0.03226832 0.02995843 0.02557945 0.01320637 0.02569421 0.02594706 0.02428703 0.03119449 0.02964426 0.02964426 0.02933316 0.02933316 0.02933316 0.03550868 0.03550868 
0.03324507 0.04481588 0.05528793 0.00000000 0.03466755 0.05759122 0.03462784 0.03659924 0.02162662 0.03361126 0.04692556 0.04786855 0.03142246 0.03037493 0.03541505 0.03564216 0.01573238 0.03939562 0.03464317 0.02368537 0.02397952 0.02753161 0.03256488 0.03475931 0.04066380 0.03472962 0.03774437 0.03138798 0.03178037 0.02974390 0.03836756 0.03789062 0.02123339 0.03982747 0.01842008 0.03731240 0.04573734 0.03137249 0.03260573 0.03408333 0.03754199 0.03670691 0.03867537 0.04047420 0.04069493 0.03085433 0.05050569 0.04716853 0.01743794 0.02078837 0.02373552 0.03262520 0.03854256 0.03277597 0.02732382 0.02609304 0.01470704 0.03106242 0.04147312 0.02720384 0.01565945 0.04142015 0.02643091 0.04463566 0.02754772 0.02096316 0.03931568 0.03853346 0.03185720 0.03485491 0.04401327 0.02998698 0.03773539 0.04143742 0.03509838 0.02109342 0.03148805 0.04513104 0.03346778 0.01475559 0.02433022 0.01156828 0.03239175 0.02926098 0.02796126 0.01773342 0.03532955 0.03767474 0.03059444 0.02811381 0.02297175 0.01488615 0.02423633 0.01683425 0.02127505 0.03740322 0.02464335 0.02626706 0.02397772 0.02212440 0.03361670 0.02248822 0.02204117 0.03760183 0.03285402 0.01808198 0.02794387 0.05970226 0.04347428 0.03060093 0.01431656 0.01726084 0.03955625 0.03303291 0.04899682 0.03738599 0.04590743 0.03290336 0.02992215 0.02635011 0.02767042 0.03385461 0.02611588 0.02298023 0.03555691 0.04147774 0.03115918 0.04534232 0.04701849 0.02664058 0.02701123 0.02521309 0.02939738 0.02723380 0.02901624 0.02901624 0.03324507 0.03324507 0.03324507 0.03505256 0.03505256 
0.02951872 0.02005691 0.03791833 0.03466755 0.00000000 0.04385642 0.04203582 0.04482980 0.04103903 0.02269576 0.03835296 0.01593123 0.03955601 0.03584718 0.02021668 0.02786352 0.05449569 0.03493840 0.03223690 0.03199293 0.04444542 0.03212058 0.02255670 0.03114506 0.03095527 0.03630942 0.04042458 0.01999393 0.02785201 0.02256948 0.03825776 0.03290591 0.02960091 0.03753373 0.03814646 0.03370259 0.04031749 0.02877395 0.03479642 0.02402977 0.03288568 0.03024936 0.03288175 0.04501511 0.02376105 0.03174487 0.02174808 0.04287646 0.02572351 0.02737474 0.02255367 0.03504660 0.02220755 0.02640314 0.02446610 0.03344798 0.02976349 0.02581126 0.02809364 0.02348775 0.04232393 0.02960212 0.04545989 0.03555355 0.03003152 0.03050918 0.03021133 0.05059623 0.03000345 0.03054059 0.02809315 0.02849102 0.02867971 0.02178529 0.04019776 0.02844076 0.02641516 0.04617019 0.01871853 0.04444894 0.04004006 0.03069940 0.02835856 0.04839175 0.03387500 0.04138679 0.02705716 0.03071435 0.02635936 0.02592919 0.05332451 0.02820085 0.02808900 0.02217747 0.03998667 0.01448104 0.02849992 0.02562163 0.02350457 0.02669981 0.03958243 0.05993734 0.02384314 0.02381659 0.03318516 0.02195809 0.03804657 0.02586325 0.01842347 0.02863022 0.04509063 0.03147753 0.02429620 0.03026220 0.04436788 0.03532872 0.04696432 0.03998672 0.04132897 0.03834529 0.04177423 0.02179595 0.01886351 0.02700953 0.03508753 0.03465810 0.02706294 0.04230645 0.02563209 0.03156302 0.02652874 0.03275184 0.02547111 0.02634859 0.02707690 0.02707690 0.02951872 0.02951872 0.02951872 0.02910355 0.02910355 
0.04016459 0.04232377 0.05193164 0.05759122 0.04385642 0.00000000 0.02839323 0.02692031 0.01796086 0.03646869 0.04351181 0.02944622 0.02516563 0.02202797 0.03853314 0.01667140 0.02232435 0.03387983 0.02875458 0.02939321 0.03118355 0.03736217 0.04625272 0.03363870 0.03628147 0.03101453 0.03188136 0.03429931 0.04052432 0.02779775 0.03359201 0.02940941 0.03214189 0.03337440 0.02107859 0.02806341 0.04024432 0.03853077 0.02790586 0.03027277 0.02821744 0.02865511 0.02638710 0.03715410 0.02097394 0.02017004 0.04646147 0.03767278 0.03606982 0.02825113 0.02381807 0.03040967 0.03284972 0.02483164 0.04095210 0.03747556 0.02707138 0.03386386 0.03549328 0.02734795 0.02266842 0.03097197 0.03073283 0.03219322 0.02190256 0.03102900 0.04290360 0.03692369 0.03711953 0.04122696 0.03316264 0.03384075 0.02881987 0.03648107 0.02993699 0.03063869 0.02104444 0.05033669 0.03944458 0.01959159 0.02979677 0.02720275 0.03259896 0.03099509 0.03789866 0.02374585 0.02624576 0.02964444 0.02894715 0.02343687 0.02770317 0.02007892 0.02916525 0.02572718 0.02564771 0.03956580 0.03272915 0.02812251 0.01775345 0.03714098 0.04897657 0.02673919 0.02731521 0.03358538 0.03484694 0.01790474 0.03397755 0.04534446 0.03268367 0.02635332 0.02298511 0.02700521 0.04352076 0.03150396 0.02355610 0.04023880 0.04681687 0.03369249 0.03340623 0.03130911 0.02841333 0.02794827 0.03569147 0.03593684 0.03053674 0.03701930 0.04457422 0.03555462 0.03264236 0.02268975 0.02938978 0.02927152 0.03085380 0.02557715 0.03888395 0.03888395 0.04016459 0.04016459 0.04016459 0.03237553 0.03237553 
0.02543132 0.04491491 0.03925813 0.03462784 0.04203582 0.02839323 0.00000000 0.04684985 0.03917404 0.01756497 0.02626014 0.03973403 0.03825911 0.02541500 0.02248701 0.03229665 0.04102438 0.02339378 0.02964422 0.04687155 0.02697922 0.03965766 0.03037383 0.03227265 0.03615029 0.03424629 0.03985598 0.02843097 0.04368565 0.04254823 0.05247839 0.02677130 0.03054943 0.02636736 0.02105441 0.02678254 0.03056710 0.02542791 0.02052188 0.02584526 0.03489388 0.02716990 0.02680018 0.02158613 0.02602258 0.02473821 0.02173575 0.04127190 0.01990372 0.03658724 0.03729816 0.02873278 0.02986139 0.03348182 0.03354256 0.03677816 0.01833961 0.03487144 0.03478282 0.02635933 0.04301088 0.03605615 0.04144324 0.03637679 0.03267955 0.03569783 0.04411220 0.02555152 0.02764069 0.02823769 0.03046333 0.03787486 0.03208267 0.02995804 0.04149879 0.03718035 0.02990117 0.02736940 0.03992799 0.02207809 0.05523503 0.03618635 0.03883823 0.02602036 0.04345293 0.04459671 0.03445928 0.02627230 0.02508958 0.02511509 0.04568238 0.04711427 0.03675222 0.03928958 0.03086799 0.01383718 0.02918505 0.03682162 0.02550930 0.01902111 0.03595314 0.03589975 0.01748927 0.03847308 0.02563937 0.02717950 0.02977537 0.02379253 0.01894649 0.03563376 0.02681910 0.03113586 0.03545560 0.02992694 0.03135281 0.02957721 0.03542306 0.02985473 0.04102277 0.02360095 0.04206784 0.02520412 0.04114932 0.04323417 0.03734531 0.02644993 0.02336644 0.03629938 0.06474748 0.01212107 0.01863416 0.02777782 0.03308618 0.04199970 0.03303180 0.03303180 0.02543132 0.02543132 0.02543132 0.03649524 0.03649524 
0.03102525 0.04238476 0.04786585 0.03659924 0.04482980 0.02692031 0.04684985 0.00000000 0.03733742 0.03589365 0.04442860 0.04696105 0.02481687 0.03741645 0.05135098 0.03780482 0.02623917 0.04188722 0.03086940 0.02949562 0.03016532 0.03406891 0.02669863 0.03237088 0.03104001 0.03366314 0.02572234 0.03114224 0.04008903 0.02550313 0.03625851 0.03776057 0.02699048 0.03871545 0.03537305 0.02568619 0.02520513 0.03074536 0.02578111 0.02288537 0.02865817 0.02696676 0.03231495 0.04010281 0.02392682 0.03454807 0.03600067 0.03709873 0.01852969 0.03524859 0.01968645 0.02626983 0.04071537 0.03545763 0.03315364 0.02886333 0.03236673 0.03063944 0.02930376 0.02771136 0.04842070 0.02602364 0.03345783 0.03443547 0.03354603 0.02098705 0.04514735 0.03544509 0.03379953 0.03503225 0.04028107 0.03469971 0.03290483 0.02818672 0.02758742 0.02739788 0.06059703 0.03027178 0.02877664 0.03156482 0.03364137 0.03599326 0.03183700 0.01690629 0.03052772 0.03984361 0.04786566 0.04014059 0.01801833 0.02146443 0.02558751 0.03952397 0.04510348 0.03383684 0.02944487 0.02697377 0.03818194 0.01930043 0.03043428 0.03416369 0.03045377 0.03467385 0.03483538 0.03218505 0.03360217 0.02803891 0.02381051 0.05740228 0.02801739 0.02470898 0.04681940 0.02941859 0.03000424 0.03202020 0.04829985 0.03377143 0.03081116 0.04303907 0.02697384 0.03434018 0.02568295 0.01290141 0.02541952 0.02496945 0.02880266 0.04165947 0.02214016 0.01967903 0.02071270 0.02259425 0.02727805 0.03353260 0.03210749 0.02963643 0.02907793 0.02907793 0.03102525 0.03102525 0.03102525 0.03280663 0.03280663 
0.03170271 0.02172750 0.02075553 0.02162662 0.04103903 0.01796086 0.03917404 0.03733742 0.00000000 0.02613753 0.03395395 0.04867246 0.03924283 0.02838983 0.04305038 0.03106381 0.03667837 0.03239242 0.02630726 0.04256323 0.03147247 0.02263601 0.03804678 0.03057032 0.03897803 0.02873689 0.03379035 0.03961973 0.03424729 0.03028866 0.03524510 0.03786748 0.02687350 0.01526921 0.04341081 0.04321837 0.03693764 0.03487577 0.03239129 0.03912167 0.04020439 0.02974984 0.02314553 0.03598586 0.04111144 0.03699933 0.02895454 0.04510348 0.03891038 0.03658261 0.02577036 0.02853534 0.02085881 0.02867672 0.02981182 0.04027912 0.02000349 0.03112650 0.03114619 0.03063707 0.02597793 0.03344347 0.02522221 0.02701545 0.03721295 0.04511855 0.02994847 0.03557202 0.02423644 0.03208353 0.03007221 0.02443028 0.03704813 0.03099755 0.03939363 0.02623802 0.02463861 0.02488132 0.03266202 0.03771676 0.03372768 0.03669402 0.03654441 0.03239630 0.02610613 0.03311744 0.03552245 0.03337398 0.02906076 0.02469866 0.05022342 0.02656844 0.04266941 0.03053937 0.03273371 0.03142178 0.02935088 0.02903582 0.05001337 0.03026350 0.03498735 0.02948731 0.02879379 0.02277390 0.02580244 0.02420033 0.04148187 0.02321624 0.04023729 0.02624479 0.03749581 0.02474312 0.02513834 0.03641126 0.03204910 0.03704730 0.03118759 0.02964109 0.02218557 0.02557049 0.02973543 0.03440695 0.03086804 0.02900089 0.02463969 0.02831333 0.02926804 0.02205709 0.03357401 0.03365180 0.03387930 0.02376039 0.03558773 0.01769259 0.02919255 0.02919255 0.03170271 0.03170271 0.03170271 0.03290490 0.03290490 
0.02859675 0.04833557 0.04423809 0.03361126 0.02269576 0.03646869 0.01756497 0.03589365 0.02613753 0.00000000 0.03285133 0.04001994 0.03509340 0.04726023 0.04267962 0.03575966 0.04468543 0.03311865 0.03886447 0.03490092 0.02911585 0.02912111 0.03532572 0.02769660 0.04096814 0.03178296 0.03651229 0.02993971 0.03100800 0.04457029 0.03289056 0.03602255 0.03268071 0.02492451 0.02453683 0.03370491 0.03647475 0.04760988 0.02299579 0.02952136 0.04246278 0.03591593 0.01750975 0.02358222 0.02557393 0.02274132 0.02719443 0.02985224 0.04193909 0.02795179 0.04821830 0.03306720 0.03771240 0.02794560 0.04072696 0.03380540 0.03157478 0.02654001 0.03873155 0.02518375 0.03753755 0.02524028 0.02341843 0.03864666 0.02079364 0.02824455 0.02619144 0.02791796 0.03957811 0.02514962 0.03698235 0.02781036 0.04317953 0.03742539 0.03147998 0.02934424 0.03379544 0.03066359 0.02673215 0.02100617 0.02471378 0.03923309 0.03826284 0.03991182 0.02897019 0.03243534 0.04021621 0.03879554 0.02763816 0.02869975 0.03265106 0.03319730 0.02131283 0.03930403 0.03069447 0.04507626 0.04841625 0.03330580 0.03600963 0.03508932 0.03037435 0.02029449 0.02965211 0.03784266 0.02909061 0.03168539 0.03070264 0.06345681 0.02037322 0.03953114 0.04037127 0.02921960 0.03383670 0.04584014 0.03538330 0.03166267 0.02328199 0.04151742 0.03468268 0.02043641 0.04353801 0.02695509 0.01942612 0.02938321 0.01904033 0.03337161 0.03670796 0.03059037 0.01541587 0.02197488 0.03272885 0.02805051 0.02232764 0.03316272 0.02801760 0.02801760 0.02859675 0.02859675 0.02859675 0.03395264 0.03395264 
0.03701137 0.02947523 0.03625855 0.04692556 0.03835296 0.04351181 0.02626014 0.04442860 0.03395395 0.03285133 0.00000000 0.03626497 0.02617162 0.03118066 0.03930309 0.05798359 0.02793455 0.04484492 0.03217409 0.01989961 0.02867358 0.04152594 0.03062636 0.03268210 0.02472317 0.03930269 0.02102377 0.01523617 0.03059115 0.03744313 0.02278816 0.03150783 0.02166502 0.05041943 0.03096355 0.03451667 0.03103918 0.02754104 0.03400992 0.02755259 0.02778395 0.02419626 0.03089752 0.04281921 0.02993786 0.03596578 0.03666181 0.03431043 0.01795825 0.02898396 0.02024569 0.02394000 0.03832912 0.05294653 0.02261441 0.01793638 0.02681671 0.02347196 0.02354167 0.01820919 0.01957217 0.03355653 0.03282309 0.02558605 0.03003823 0.02331509 0.04014321 0.04926004 0.02788919 0.03196747 0.04176760 0.02903525 0.02447182 0.02488539 0.02793891 0.04215815 0.04239948 0.03878893 0.03351507 0.02666468 0.02418859 0.03191158 0.03135888 0.02934867 0.02951011 0.03101719 0.03739363 0.04109997 0.02490676 0.03798907 0.02645362 0.03318939 0.03220074 0.01854719 0.02584889 0.02853462 0.03570688 0.01945610 0.03871350 0.03914817 0.03011027 0.03949235 0.03720748 0.02402136 0.04052972 0.02917084 0.03092982 0.02824717 0.02982417 0.03790529 0.03326448 0.02543054 0.03451011 0.03792919 0.04543929 0.03990204 0.04008147 0.03437114 0.03809244 0.05444658 0.02340747 0.03534814 0.01203792 0.04061296 0.03649235 0.04835677 0.02402104 0.02577966 0.03379138 0.04168066 0.02248382 0.04450102 0.03042143 0.02363194 0.03938952 0.03938952 0.03701137 0.03701137 0.03701137 0.02969159 0.02969159 
0.03692859 0.04281748 0.03354539 0.04786855 0.01593123 0.02944622 0.03973403 0.04696105 0.04867246 0.04001994 0.03626497 0.00000000 0.03037084 0.03940136 0.03753917 0.02643191 0.01001256 0.03777000 0.04524235 0.03005499 0.02310311 0.03454472 0.03519720 0.02672454 0.03998037 0.03970692 0.04252995 0.02590547 0.02761436 0.04561102 0.02072419 0.02829827 0.01974387 0.02317604 0.03550411 0.03163468 0.01922614 0.01517947 0.02538242 0.00852209 0.01344186 0.01166152 0.01521569 0.02418081 0.02165529 0.03790981 0.02435717 0.02489732 0.02843492 0.05334309 0.03572078 0.02838177 0.06078787 0.05361800 0.03652723 0.04548445 0.03257431 0.02637883 0.03340180 0.02639256 0.03426648 0.01643867 0.02367154 0.03791740 0.00989743 0.03285970 0.04393046 0.03576349 0.02800709 0.01725762 0.04948769 0.04761264 0.02304843 0.03495763 0.01864002 0.02850488 0.04664135 0.04342789 0.03579843 0.02278629 0.03132169 0.03840014 0.03042615 0.03771683 0.01570396 0.01656682 0.03658042 0.03048079 0.02991786 0.03260705 0.04200796 0.02209166 0.02513625 0.02839029 0.03265942 0.05199210 0.03405045 0.04306000 0.03171702 0.03988642 0.03667726 0.02629585 0.04601462 0.03620048 0.03206740 0.02381656 0.03649616 0.02880072 0.02058714 0.02837619 0.01713008 0.03002923 0.03600331 0.04553173 0.03473444 0.03489555 0.02464289 0.02955534 0.02188221 0.03127768 0.05338430 0.03323300 0.02948315 0.02529728 0.02350702 0.03739017 0.02392943 0.03600792 0.03424954 0.03824825 0.04129970 0.02995154 0.02906702 0.04022441 0.03456303 0.03456303 0.03692859 0.03692859 0.03692859 0.03223983 0.03223983 
0.02397466 0.03925836 0.04200123 0.03142246 0.03955601 0.02516563 0.03825911 0.02481687 0.03924283 0.03509340 0.02617162 0.03037084 0.00000000 0.06099371 0.01627506 0.02245008 0.03618478 0.03656492 0.02530404 0.03282172 0.03064527 0.01687531 0.01715194 0.03430655 0.02703723 0.03890118 0.03216482 0.02765585 0.04019633 0.02006852 0.01583878 0.05522399 0.03169741 0.03223718 0.03096459 0.02881759 0.02620816 0.03033873 0.03627042 0.03143074 0.03344643 0.02443036 0.02199493 0.02818167 0.03436728 0.03447290 0.01893253 0.03155680 0.03745507 0.03016408 0.04742609 0.02840938 0.04094061 0.04044896 0.03601831 0.03904824 0.03419930 0.01098317 0.03762141 0.04122895 0.02865860 0.03160504 0.02334558 0.03217283 0.02010985 0.02972842 0.04265708 0.03231137 0.02501396 0.03447762 0.03661478 0.03784308 0.04200191 0.02850372 0.03627093 0.03149866 0.03321687 0.03512105 0.02557352 0.03741362 0.03514796 0.03464735 0.04264192 0.04034590 0.03292834 0.03483621 0.06110653 0.04938117 0.05073747 0.04778723 0.04990970 0.01778339 0.02037950 0.01373022 0.02707718 0.03257646 0.02618639 0.04031747 0.02418526 0.01886737 0.04747861 0.03452508 0.02849082 0.03906507 0.02996561 0.02680393 0.04395656 0.03199223 0.01586664 0.05840286 0.02105637 0.03597347 0.03111118 0.02465180 0.03147358 0.01624538 0.04462769 0.05567215 0.04038602 0.02135873 0.03897698 0.04025013 0.02224853 0.03405100 0.01677281 0.02923887 0.03093591 0.04282951 0.04626241 0.01459851 0.02598351 0.03054350 0.02989807 0.03287455 0.02606534 0.02606534 0.02397466 0.02397466 0.02397466 0.03111861 0.03111861 
0.03029896 0.02762663 0.04048023 0.03037493 0.03584718 0.02202797 0.02541500 0.03741645 0.02838983 0.04726023 0.03118066 0.03940136 0.06099371 0.00000000 0.03074978 0.03600287 0.04087810 0.04831786 0.03224036 0.02140333 0.03567525 0.03955165 0.01686438 0.03635726 0.02005247 0.04411705 0.02184679 0.03163002 0.02086936 0.02613270 0.02360377 0.03450145 0.03423972 0.04207212 0.03926953 0.02919491 0.03342642 0.03133181 0.03483021 0.03112372 0.03546850 0.03555523 0.02477852 0.03894114 0.03086077 0.03655086 0.03177145 0.02149863 0.02480299 0.04118093 0.02912527 0.02950910 0.03163024 0.05460599 0.02111239 0.03358856 0.03663777 0.02079482 0.02369736 0.02987923 0.03124939 0.03497434 0.03424401 0.03502375 0.02984056 0.01722373 0.02789678 0.02454408 0.04314921 0.03689700 0.03241403 0.02425598 0.02880913 0.01588564 0.02033979 0.02392310 0.05191987 0.03551928 0.01354179 0.03280053 0.03103116 0.02810497 0.03642004 0.02099828 0.02770680 0.02943993 0.05567253 0.03182149 0.02784717 0.03038871 0.02980283 0.04277982 0.04078243 0.02387549 0.03266912 0.02386751 0.03338970 0.01658781 0.03336987 0.03827764 0.02204162 0.04035034 0.03045091 0.04607434 0.02583653 0.03594714 0.03166990 0.04000100 0.03068111 0.03553585 0.03228654 0.02720589 0.03396479 0.03161751 0.03435722 0.03626684 0.03820299 0.05405193 0.03695259 0.04222113 0.05009889 0.03674397 0.02272560 0.03697972 0.03528404 0.03317912 0.03177250 0.03148299 0.02938881 0.04085534 0.02915425 0.03543896 0.03624464 0.03018788 0.03268264 0.03268264 0.03029896 0.03029896 0.03029896 0.02636104 0.02636104 
0.03990393 0.04456902 0.03180645 0.03541505 0.02021668 0.03853314 0.02248701 0.05135098 0.04305038 0.04267962 0.03930309 0.03753917 0.01627506 0.03074978 0.00000000 0.02579483 0.02616260 0.03830048 0.02159199 0.03089911 0.03352896 0.02621829 0.04407095 0.02770300 0.02359432 0.03428152 0.03062551 0.03341893 0.03667783 0.03243856 0.04343597 0.03428254 0.03114242 0.02223615 0.03092731 0.02947157 0.03973935 0.03429610 0.01869849 0.02950905 0.03140961 0.03034792 0.01604254 0.04593460 0.02791520 0.03198982 0.02950979 0.02788105 0.02673606 0.04136428 0.02559577 0.02756044 0.04012093 0.03180520 0.04172530 0.02789809 0.02898759 0.04219429 0.04984357 0.03220615 0.02997354 0.03213594 0.02766157 0.03421122 0.03150787 0.02942549 0.03700127 0.04556643 0.04317301 0.03691089 0.03813776 0.03339817 0.02018388 0.03527254 0.02404453 0.03055982 0.02695902 0.01865617 0.04412078 0.03051633 0.01839645 0.03393898 0.02925622 0.02353829 0.03312630 0.02972926 0.03821692 0.02814693 0.02487275 0.03069838 0.02165158 0.04216309 0.03595723 0.03163099 0.02976660 0.03353094 0.03461259 0.03673330 0.04772800 0.03625626 0.03025114 0.02200212 0.03110243 0.03691369 0.03200461 0.03793894 0.02396784 0.05377566 0.04099273 0.03639113 0.04100227 0.02805557 0.03369434 0.02446310 0.02647303 0.01970710 0.02360865 0.03272980 0.02497441 0.03896208 0.03538184 0.02659270 0.02940725 0.02847750 0.02390105 0.03151262 0.03117634 0.02726107 0.03076046 0.03293579 0.03586084 0.03060136 0.03131562 0.03114347 0.03757030 0.03757030 0.03990393 0.03990393 0.03990393 0.03151366 0.03151366 
0.03207503 0.00644382 0.03991361 0.03564216 0.02786352 0.01667140 0.03229665 0.03780482 0.03106381 0.03575966 0.05798359 0.02643191 0.02245008 0.03600287 0.02579483 0.00000000 0.04318324 0.04415756 0.04091458 0.04199812 0.02454280 0.02588682 0.03181262 0.02337278 0.02256523 0.02684374 0.02577300 0.02001166 0.03432367 0.04410489 0.02840530 0.02021667 0.03096331 0.03667352 0.03205976 0.04006037 0.03613536 0.02588607 0.02728246 0.04100398 0.04477242 0.03843720 0.03613750 0.04276342 0.03472896 0.05051493 0.04094544 0.04517008 0.02196992 0.02258529 0.01993246 0.03380626 0.03443915 0.03191473 0.03606030 0.01125865 0.04215055 0.03269682 0.03137918 0.03503651 0.03024486 0.03224148 0.03029986 0.02221069 0.02568104 0.04319342 0.01877540 0.04890136 0.02330124 0.03482316 0.02907766 0.03196135 0.03209322 0.03030170 0.03098663 0.03013231 0.01887149 0.03389778 0.03954756 0.01688280 0.04910130 0.03873882 0.05650347 0.02498750 0.04539016 0.04723560 0.04645044 0.03111469 0.03021807 0.03429086 0.02373498 0.02273979 0.04307635 0.02967060 0.01921744 0.03198319 0.02935755 0.01812794 0.04179874 0.03477855 0.01988211 0.03625387 0.04325744 0.02360159 0.01957468 0.03972219 0.02194109 0.03804912 0.03839647 0.02614498 0.03807767 0.03175605 0.03474713 0.02192824 0.02067574 0.04197428 0.03118989 0.02361651 0.02946463 0.05588599 0.02413976 0.04323179 0.01899600 0.02504303 0.04359764 0.03334487 0.02513165 0.01434291 0.04047068 0.04544618 0.03151168 0.02267907 0.03620820 0.01520561 0.02798521 0.02798521 0.03207503 0.03207503 0.03207503 0.02993913 0.02993913 
0.02834767 0.01755319 0.01984672 0.01573238 0.05449569 0.02232435 0.04102438 0.02623917 0.03667837 0.04468543 0.02793455 0.01001256 0.03618478 0.04087810 0.02616260 0.04318324 0.00000000 0.02668053 0.02432194 0.03123594 0.04230710 0.04115026 0.03400773 0.03618396 0.02862480 0.03046298 0.01794615 0.01918653 0.03197078 0.04001680 0.04583321 0.02598106 0.03077992 0.03140429 0.03438458 0.03531577 0.04823858 0.03190105 0.03005913 0.03456620 0.03768875 0.03764212 0.03088944 0.03350389 0.03002386 0.03364153 0.03254054 0.02167231 0.02497470 0.04329201 0.01751629 0.02851569 0.02374222 0.03158936 0.02946473 0.01421575 0.03361890 0.03762153 0.02932470 0.02223623 0.03927250 0.04862693 0.04030970 0.02903779 0.02958228 0.02880963 0.03218301 0.04400098 0.02718775 0.03789548 0.02390046 0.02358234 0.02076966 0.02712712 0.04926455 0.04235793 0.03039153 0.03456204 0.02414460 0.03931041 0.04647926 0.03977569 0.02623819 0.03258650 0.02766454 0.04181287 0.03086109 0.01672471 0.04890426 0.03681896 0.03946867 0.03087165 0.02908868 0.01900379 0.04513205 0.02940562 0.03344426 0.02990331 0.04366926 0.02431118 0.03425948 0.04843001 0.03716007 0.03005778 0.03496544 0.04197185 0.03278531 0.02041436 0.02084867 0.03054924 0.03042379 0.05379217 0.03683878 0.02755666 0.04014530 0.02994599 0.02999870 0.02560827 0.03720770 0.03520712 0.03535927 0.04518408 0.02531295 0.02990632 0.04525578 0.03415506 0.02989572 0.02872538 0.03565641 0.03203307 0.02815366 0.02643826 0.04191906 0.02474012 0.02866784 0.02866784 0.02834767 0.02834767 0.02834767 0.02673053 0.02673053 
0.02887174 0.02967563 0.02509107 0.03939562 0.03493840 0.03387983 0.02339378 0.04188722 0.03239242 0.03311865 0.04484492 0.03777000 0.03656492 0.04831786 0.03830048 0.04415756 0.02668053 0.00000000 0.03954006 0.02675792 0.03458652 0.03570727 0.02337053 0.02991680 0.02517708 0.03914811 0.02841463 0.02632465 0.02871994 0.02638873 0.02944398 0.02493485 0.02547660 0.05080766 0.03937954 0.02723333 0.02975286 0.01953141 0.02426404 0.03359279 0.02836142 0.03986272 0.02471837 0.04864676 0.02478698 0.03846963 0.03799887 0.02271626 0.03473055 0.03573468 0.02775423 0.02925461 0.03482431 0.03848148 0.02228568 0.01249792 0.03281129 0.02213249 0.03384716 0.02352363 0.03037614 0.03142233 0.03500361 0.03029692 0.03328622 0.01371225 0.03830340 0.02948068 0.03799315 0.03372955 0.03666241 0.04371824 0.02872937 0.02763397 0.02503056 0.03807459 0.04866238 0.05542652 0.03067170 0.03650635 0.02721788 0.03227642 0.04044918 0.00781968 0.04578003 0.03223500 0.04205645 0.02120633 0.01601466 0.02937724 0.03561281 0.04425295 0.04186451 0.04293558 0.02775435 0.03310980 0.03586836 0.03566467 0.04529424 0.04258225 0.03764169 0.03383219 0.03767835 0.02008131 0.03053358 0.02800687 0.02526456 0.03652217 0.02947935 0.02180544 0.05467286 0.02208062 0.03159214 0.03472636 0.03623022 0.03971838 0.04248290 0.03331850 0.03273587 0.03961568 0.02800053 0.01586482 0.02135205 0.02952049 0.04748326 0.04433252 0.02244860 0.02015158 0.03847708 0.03348759 0.02624271 0.03182242 0.03509822 0.04282448 0.02667200 0.02667200 0.02887174 0.02887174 0.02887174 0.02592719 0.02592719 
0.03506810 0.04048031 0.03286182 0.03464317 0.03223690 0.02875458 0.02964422 0.03086940 0.02630726 0.03886447 0.03217409 0.04524235 0.02530404 0.03224036 0.02159199 0.04091458 0.02432194 0.03954006 0.00000000 0.03528846 0.03495062 0.03565651 0.02236820 0.02623390 0.04591423 0.04343398 0.04408237 0.03075207 0.03493219 0.02992700 0.02397054 0.02258731 0.03642593 0.04330473 0.02089562 0.03905288 0.03654434 0.02142126 0.02938944 0.02002485 0.02426681 0.02870078 0.02471133 0.02330215 0.01853975 0.04147063 0.02332843 0.02206604 0.02358679 0.03232451 0.04189136 0.03554017 0.03999458 0.04152370 0.03085894 0.03744821 0.02659956 0.04071437 0.02450495 0.03333070 0.02645893 0.02134498 0.04036511 0.02601675 0.03411733 0.03344653 0.03199870 0.05007786 0.03139054 0.03406212 0.03993984 0.05154196 0.03777550 0.02210972 0.02069606 0.02825497 0.04643425 0.04956183 0.03006096 0.04052933 0.03244095 0.02873222 0.02426999 0.01999743 0.03591943 0.03110107 0.03676296 0.03747071 0.03256005 0.04371419 0.02650506 0.02421063 0.03120590 0.03158709 0.02509651 0.03774829 0.04286392 0.03467235 0.02449144 0.04153796 0.03300997 0.03519822 0.03909223 0.04651854 0.02224546 0.02047374 0.02357572 0.03770706 0.02217731 0.01590571 0.01780096 0.01184091 0.03280328 0.01837982 0.04710796 0.03896072 0.03715345 0.03431096 0.02935393 0.03326329 0.03593716 0.02029135 0.03543583 0.03644977 0.02680990 0.02707987 0.02452018 0.03800321 0.02846373 0.02995126 0.03058575 0.04638125 0.04474711 0.04776012 0.03592561 0.03592561 0.03506810 0.03506810 0.03506810 0.03749382 0.03749382 
0.01904091 0.03312734 0.02612984 0.02368537 0.03199293 0.02939321 0.04687155 0.02949562 0.04256323 0.03490092 0.01989961 0.03005499 0.03282172 0.02140333 0.03089911 0.04199812 0.03123594 0.02675792 0.03528846 0.00000000 0.02272855 0.03757502 0.04502043 0.01923262 0.02640093 0.02557060 0.04297393 0.03804455 0.03191401 0.03411899 0.02689829 0.03602703 0.02798951 0.02714763 0.03297398 0.03131400 0.04465821 0.03818788 0.02586759 0.04193123 0.02926949 0.03496596 0.01986620 0.04304214 0.03933723 0.03370250 0.04621913 0.04402872 0.03118668 0.02910315 0.03482045 0.03629379 0.03891597 0.03465089 0.04308046 0.03049966 0.03894038 0.04361349 0.03169755 0.02584912 0.02996454 0.04141291 0.03065721 0.04552056 0.02991808 0.03096598 0.02669612 0.02915743 0.03204218 0.03206073 0.03078396 0.02995199 0.03691440 0.04606177 0.03518250 0.03843988 0.04175319 0.02346970 0.04506352 0.02215120 0.04934807 0.04538064 0.03487867 0.02737827 0.05810819 0.04653386 0.03787411 0.03015830 0.02583016 0.02811995 0.04348338 0.05785923 0.04144648 0.03479567 0.02269426 0.02387004 0.03742186 0.02668912 0.03232098 0.02964390 0.03665243 0.03100651 0.01675897 0.01504117 0.01675087 0.03122638 0.02635144 0.03266174 0.06097846 0.03974463 0.02454683 0.02357784 0.02182848 0.03384223 0.02585826 0.03583640 0.02524583 0.03100413 0.03449982 0.02313426 0.02507034 0.03393391 0.04618450 0.02663771 0.02923452 0.03338566 0.02591920 0.03295294 0.04010908 0.03245189 0.03162676 0.02785226 0.02743953 0.03153063 0.01911519 0.01911519 0.01904091 0.01904091 0.01904091 0.02759174 0.02759174 
0.02844931 0.02362652 0.02609433 0.02397952 0.04444542 0.03118355 0.02697922 0.03016532 0.03147247 0.02911585 0.02867358 0.02310311 0.03064527 0.03567525 0.03352896 0.02454280 0.04230710 0.03458652 0.03495062 0.02272855 0.00000000 0.02601100 0.03729176 0.03415821 0.03038999 0.02985274 0.01564741 0.01999994 0.02425278 0.03070890 0.02876251 0.02640274 0.03005243 0.03436243 0.03692485 0.04290569 0.03058999 0.02666490 0.03374344 0.03947185 0.02867059 0.03580261 0.03094186 0.04871164 0.02896231 0.03972302 0.02651922 0.02834558 0.03499022 0.03153378 0.01472433 0.03023027 0.02774276 0.03902312 0.01977048 0.02197190 0.03132864 0.04112174 0.02660527 0.02147456 0.03715640 0.02812808 0.03630598 0.03583127 0.05629957 0.03851295 0.02479535 0.03010639 0.03288651 0.03469396 0.02888001 0.01914059 0.02445739 0.03735208 0.02822311 0.02925719 0.02467401 0.03750899 0.03588318 0.03509984 0.03558274 0.02742349 0.02794813 0.03212260 0.02731038 0.03888758 0.03501012 0.04902425 0.03162098 0.04841428 0.03377638 0.05436186 0.03420333 0.03121596 0.04021495 0.03472259 0.02083387 0.02681346 0.03641115 0.05044271 0.03824635 0.03972565 0.04454384 0.02681533 0.03609666 0.03310829 0.03435293 0.02948052 0.03900718 0.02893843 0.04278721 0.03721303 0.03795274 0.04953198 0.04138568 0.02728714 0.03352318 0.03807691 0.03915531 0.02943796 0.02000473 0.02996516 0.03358547 0.03550529 0.03352483 0.03652909 0.04670859 0.04201819 0.03806100 0.03799400 0.03756937 0.02668575 0.02411641 0.02204720 0.03059182 0.03059182 0.02844931 0.02844931 0.02844931 0.02537475 0.02537475 
0.02956280 0.02665270 0.03018544 0.02753161 0.03212058 0.03736217 0.03965766 0.03406891 0.02263601 0.02912111 0.04152594 0.03454472 0.01687531 0.03955165 0.02621829 0.02588682 0.04115026 0.03570727 0.03565651 0.03757502 0.02601100 0.00000000 0.03522294 0.02307286 0.02512777 0.03254195 0.02561509 0.03336271 0.02732853 0.01928450 0.03697707 0.02774701 0.02779524 0.03713611 0.02771139 0.03054085 0.04224212 0.01927519 0.01684598 0.02472922 0.03638986 0.03777157 0.04280549 0.03215151 0.02097866 0.03036655 0.03661049 0.01434332 0.02727544 0.03477874 0.03332740 0.03905193 0.03277723 0.03561124 0.02293650 0.03454819 0.01604689 0.02790189 0.02858430 0.03114330 0.03410958 0.03704533 0.04937780 0.02692748 0.03593915 0.02710779 0.03557738 0.04345707 0.02195386 0.02621063 0.03332856 0.04782540 0.03970787 0.03674155 0.02048651 0.03771514 0.02914407 0.04342112 0.02671856 0.03326890 0.03327009 0.03473569 0.02659351 0.01568562 0.04264748 0.03166565 0.03686843 0.03633945 0.04730978 0.02294887 0.02126638 0.05321800 0.03602707 0.03398501 0.03094345 0.03762277 0.04519797 0.05141672 0.03865492 0.04885165 0.02913903 0.02606881 0.03332922 0.02218747 0.03057805 0.04420023 0.01775523 0.04251280 0.01740603 0.03037276 0.02808968 0.01502899 0.02378207 0.04514412 0.01340301 0.05890858 0.03788526 0.02685304 0.03165377 0.04502595 0.03339695 0.04453425 0.03435463 0.04149381 0.03312423 0.04666874 0.02268273 0.02914572 0.04001698 0.03134085 0.02350184 0.03886784 0.03228974 0.03470762 0.03461913 0.03461913 0.02956280 0.02956280 0.02956280 0.02689755 0.02689755 
0.03797614 0.03790752 0.03386359 0.03256488 0.02255670 0.04625272 0.03037383 0.02669863 0.03804678 0.03532572 0.03062636 0.03519720 0.01715194 0.01686438 0.04407095 0.03181262 0.03400773 0.02337053 0.02236820 0.04502043 0.03729176 0.03522294 0.00000000 0.04725718 0.03330597 0.03512260 0.02462290 0.03220032 0.02854038 0.04345231 0.03279818 0.03360081 0.03275034 0.02401839 0.03238790 0.03535564 0.03382490 0.03670562 0.03102907 0.05938655 0.04041001 0.03849961 0.03865237 0.03307809 0.03586815 0.03389777 0.03954570 0.04093744 0.03948165 0.02727162 0.04184769 0.02292316 0.03405056 0.01810263 0.03489778 0.03751822 0.02408431 0.03241929 0.03089702 0.04757303 0.03856767 0.03829494 0.03794595 0.03388660 0.02850891 0.04069580 0.02614994 0.01987203 0.05961041 0.04378809 0.03183431 0.02245098 0.02727323 0.02504688 0.03615244 0.03475302 0.02426771 0.02886364 0.03808781 0.02057674 0.01599566 0.03727678 0.02813308 0.03453506 0.03592058 0.01967795 0.02556852 0.02493009 0.05116112 0.02176184 0.03538354 0.02996645 0.01480656 0.03047051 0.03685278 0.04071875 0.02861025 0.04027341 0.03735741 0.02929247 0.03239439 0.02201776 0.05091155 0.01924640 0.02714096 0.04648254 0.02697581 0.03749550 0.03246619 0.03012873 0.04787907 0.03486382 0.03031737 0.01439279 0.01408837 0.02782774 0.02498757 0.02800729 0.01577084 0.01869237 0.03047520 0.02488048 0.03932257 0.02772399 0.02798794 0.02298866 0.03863390 0.03717615 0.03308155 0.02463532 0.02721334 0.02499482 0.03756781 0.02898928 0.03529941 0.03529941 0.03797614 0.03797614 0.03797614 0.03756399 0.03756399 
0.03413403 0.01986509 0.04090873 0.03475931 0.03114506 0.03363870 0.03227265 0.03237088 0.03057032 0.02769660 0.03268210 0.02672454 0.03430655 0.03635726 0.02770300 0.02337278 0.03618396 0.02991680 0.02623390 0.01923262 0.03415821 0.02307286 0.04725718 0.00000000 0.03227313 0.02789008 0.03163835 0.03704174 0.03802100 0.04214023 0.03487969 0.02711323 0.04810001 0.02868759 0.03467552 0.03063562 0.02782780 0.03371569 0.04380696 0.03694818 0.03481794 0.02826993 0.03343225 0.02987530 0.03705267 0.04596662 0.02544016 0.02338000 0.03755619 0.02972076 0.02439247 0.02395069 0.02345321 0.03627123 0.02814638 0.03496087 0.02298170 0.03366675 0.03484076 0.03853712 0.02887886 0.03566421 0.02992390 0.03450814 0.05378514 0.03699392 0.03507859 0.03454873 0.04561622 0.04021035 0.03099396 0.02359643 0.03474951 0.02679765 0.02707383 0.03103125 0.02518379 0.03410883 0.02375181 0.02697634 0.03597719 0.03513576 0.03554831 0.02540746 0.03849279 0.02970601 0.04764201 0.02593976 0.03747735 0.03382701 0.03043944 0.01888054 0.03606773 0.03184633 0.03828043 0.02688764 0.03767727 0.02133325 0.03055730 0.04147594 0.02725402 0.02823756 0.03953947 0.02910767 0.02882582 0.03665832 0.02581034 0.02546149 0.04143231 0.03440165 0.04034349 0.04466006 0.03682702 0.03207331 0.03768243 0.02489944 0.02729367 0.03920776 0.02817153 0.03195181 0.03025451 0.03046834 0.06543336 0.03146583 0.04253546 0.02341010 0.03644238 0.03602111 0.02951379 0.02558514 0.03372755 0.02640645 0.03081588 0.02193060 0.03328901 0.03328901 0.03413403 0.03413403 0.03413403 0.02797305 0.02797305 
0.03976687 0.03471551 0.03035953 0.04066380 0.03095527 0.03628147 0.03615029 0.03104001 0.03897803 0.04096814 0.02472317 0.03998037 0.02703723 0.02005247 0.02359432 0.02256523 0.02862480 0.02517708 0.04591423 0.02640093 0.03038999 0.02512777 0.03330597 0.03227313 0.00000000 0.03550299 0.05343020 0.05089994 0.03718263 0.03917515 0.04136354 0.02227550 0.03348996 0.02527654 0.03091768 0.03136000 0.02727381 0.02614193 0.02859898 0.02705380 0.02099273 0.03561549 0.02582495 0.02020958 0.05398764 0.02576078 0.02462885 0.03095290 0.04503769 0.03079455 0.04930498 0.02729998 0.04025869 0.02897956 0.03381624 0.02565656 0.03400728 0.04206719 0.03679472 0.03170454 0.03356073 0.02722379 0.03567920 0.03965985 0.01950006 0.03967907 0.04017974 0.03052610 0.03311033 0.03727522 0.02944999 0.02969282 0.03022796 0.04643323 0.02753196 0.02345923 0.02994986 0.02867887 0.02162113 0.03704779 0.02837237 0.01614969 0.02867204 0.01870333 0.02639363 0.02471192 0.02573822 0.02659620 0.03116046 0.02928677 0.03100135 0.02161684 0.02726563 0.04167385 0.03929510 0.03544436 0.03703364 0.04685827 0.02390883 0.02491618 0.03328335 0.03115364 0.03347645 0.06808209 0.01817365 0.03269390 0.03031897 0.03957359 0.04388061 0.03393365 0.03961639 0.02486711 0.03268655 0.03124070 0.03892262 0.02780617 0.02986814 0.02836501 0.01699250 0.03829882 0.03591538 0.02284599 0.03141921 0.03352349 0.03441403 0.02313563 0.03757656 0.02744605 0.02375858 0.03055740 0.04638511 0.03270254 0.03502924 0.04003890 0.03868324 0.03868324 0.03976687 0.03976687 0.03976687 0.03109000 0.03109000 
