0.00000000 0.25616847 0.40217534 0.34994889 0.29363928 0.29075244 0.26797338 0.20198171 0.18166521 0.23725799 0.21192416 0.22820078 0.31672352 0.19967027 0.14692169 0.29107118 0.20469972 0.19994077 0.23777667 0.20154601 0.18581216 0.22366421 0.15037937 0.22289382 0.17491279 0.21451427 0.22648326 0.17440760 0.20158380 0.11809725 0.16660323 0.20630037 0.25845279 0.22561916 0.21212241 0.30568439 0.31330195 0.35225088 0.23546414 0.26775533 0.37198175 0.21764926 0.25122845 0.22440460 0.19881005 0.13825971 0.18354994 0.18828529 0.18883148 0.22704483 0.22545043 0.26931638 0.15896495 0.24389950 0.19830410 0.25046646 0.22908119 0.22208804 0.25230406 0.25893379 0.19692625 0.21143377 0.18087455 0.16136457 0.17088374 0.21127421 0.23719589 
0.25616847 0.00000000 0.55225664 0.47386445 0.39229154 0.23346095 0.17337533 0.26423610 0.25349246 0.16629172 0.28925096 0.19142307 0.19614614 0.19607494 0.22908460 0.23458608 0.16457974 0.19155693 0.09769349 0.22548340 0.33073268 0.22011346 0.39617049 0.25129081 0.38308568 0.16136138 0.28489944 0.26179072 0.13448491 0.31007064 0.16569629 0.25295389 0.14511700 0.20634607 0.25817195 0.17515197 0.11454721 0.17608458 0.16794625 0.22402068 0.22704594 0.23228928 0.12453882 0.17717885 0.11609008 0.17288356 0.15076235 0.19641072 0.14724027 0.20234921 0.14083909 0.21070335 0.14820748 0.26315386 0.12617579 0.18108168 0.22301676 0.21746232 0.23945321 0.24315278 0.20608135 0.21043048 0.24757298 0.23904140 0.24507933 0.22039289 0.23452812 
0.40217534 0.55225664 0.00000000 0.41047132 0.41244116 0.23061367 0.32736074 0.13469120 0.59526035 0.29877432 0.20556929 0.27213860 0.17749560 0.23966054 0.14933026 0.22207304 0.20706031 0.16975623 0.16091998 0.09384076 0.19096463 0.15018852 0.18530959 0.20834235 0.16627269 0.30152956 0.24287409 0.17566862 0.44585923 0.34871067 0.22657710 0.25508506 0.21439766 0.26751818 0.18501042 0.17843637 0.15312825 0.12311027 0.20624810 0.17291527 0.20297528 0.28810201 0.19814176 0.25815329 0.19688058 0.13758833 0.19602008 0.19296437 0.26228359 0.28432115 0.18665728 0.16710064 0.24143946 0.20337039 0.18451468 0.27291192 0.20480440 0.14397895 0.21888056 0.16301305 0.19940234 0.27660207 0.19830830 0.17342457 0.15416284 0.20126894 0.18808407 
0.34994889 0.47386445 0.41047132 0.00000000 0.57024990 0.28970709 0.24423519 0.14325241 0.23615188 0.24924326 0.16899065 0.23740882 0.22376661 0.11017541 0.18793508 0.23730550 0.25625120 0.16487624 0.20950320 0.18938943 0.26099151 0.16744905 0.15950919 0.21643843 0.14894249 0.25284310 0.22428164 0.16062140 0.29769353 0.33936287 0.24346149 0.27502744 0.27774610 0.20332110 0.26698970 0.15220224 0.26825733 0.24462224 0.20127829 0.22336292 0.22970784 0.29087152 0.20380112 0.19944882 0.24143916 0.12298785 0.25499380 0.25805102 0.23718785 0.16238861 0.19335613 0.24111160 0.19838306 0.17588595 0.28007177 0.27871176 0.25261907 0.19360360 0.18437927 0.23127407 0.14831032 0.14690854 0.16758096 0.21193796 0.19932487 0.22952606 0.25021526 
0.29363928 0.39229154 0.41244116 0.57024990 0.00000000 0.49131611 0.30388922 0.20960694 0.25989297 0.23399010 0.21993371 0.26963317 0.22926355 0.25319590 0.17273403 0.22438598 0.22921324 0.06996826 0.07963005 0.21199628 0.26791561 0.15395835 0.25198672 0.20499738 0.18072391 0.16119643 0.19249818 0.13536034 0.31420422 0.44715153 0.17527812 0.25134120 0.20431285 0.26369272 0.15245000 0.13548051 0.24471124 0.10107007 0.23722896 0.24978786 0.35026202 0.22476776 0.15118279 0.21708271 0.24005022 0.10929376 0.25206701 0.12787976 0.27431053 0.30124840 0.21001896 0.14355175 0.26648719 0.20734245 0.19164395 0.27523895 0.22396434 0.35113869 0.20645837 0.20298791 0.21729638 0.24561938 0.24337941 0.21156079 0.20892889 0.17726316 0.19591506 
0.29075244 0.23346095 0.23061367 0.28970709 0.49131611 0.00000000 0.39929249 0.19369084 0.14691887 0.15732942 0.18627669 0.35756304 0.32419096 0.25859642 0.20080945 0.18193772 0.32650536 0.26022404 0.32085350 0.12478238 0.31267169 0.21409105 0.20198173 0.19176235 0.16569578 0.12971338 0.17970431 0.24922372 0.20767774 0.23286678 0.19669042 0.22541514 0.24252742 0.22724783 0.06223525 0.14261503 0.28420217 0.10076214 0.21051977 0.24794709 0.34486350 0.17529426 0.29069002 0.25331393 0.30291258 0.28360091 0.17902160 0.28710963 0.25457617 0.34318086 0.16642297 0.16937740 0.12272324 0.20061603 0.38341968 0.29871659 0.23396800 0.16706525 0.26263792 0.20200685 0.28976959 0.35493542 0.21285480 0.26371504 0.22800738 0.18438182 0.19239385 
0.26797338 0.17337533 0.32736074 0.24423519 0.30388922 0.39929249 0.00000000 0.22046018 0.34520775 0.35085236 0.20535157 0.51019145 0.29314708 0.29176320 0.16132032 0.36981825 0.28502522 0.32864262 0.28917624 0.15495235 0.25914904 0.16493293 0.18496657 0.19360767 0.14715822 0.28561144 0.18779585 0.17753278 0.26871772 0.22212910 0.11335685 0.20327382 0.26725425 0.22188027 0.11519494 0.11406561 0.13233700 0.25036340 0.19922751 0.21648892 0.26455978 0.07822804 0.22232618 0.31866873 0.24047661 0.33139278 0.29603347 0.29110680 0.23100525 0.31371365 0.26940510 0.15321624 0.17076670 0.19714696 0.17247802 0.36497814 0.23635155 0.21977324 0.23056614 0.21069846 0.22097306 0.22118531 0.12439458 0.26139103 0.20962388 0.22915020 0.23137044 
0.20198171 0.26423610 0.13469120 0.14325241 0.20960694 0.19369084 0.22046018 0.00000000 0.23116902 0.17897599 0.56959536 0.26405413 0.24247670 0.22995193 0.35839829 0.20700180 0.17412876 0.17972205 0.20325730 0.23893686 0.34658363 0.26194161 0.31482481 0.45357153 0.26779764 0.15392560 0.34646367 0.23512582 0.15940773 0.24948538 0.22186304 0.32987688 0.14842450 0.17200074 0.30641062 0.20505425 0.22933174 0.15897120 0.24224937 0.20166701 0.14411363 0.16441745 0.14866058 0.17339175 0.19824586 0.20352021 0.16293070 0.24547512 0.16586910 0.17940130 0.19292370 0.23355765 0.21658365 0.29141012 0.16557972 0.17807874 0.25888443 0.16696862 0.18773039 0.16268536 0.14896249 0.18962430 0.18482259 0.17830375 0.20719216 0.24458809 0.23815818 
0.18166521 0.25349246 0.59526035 0.23615188 0.25989297 0.14691887 0.34520775 0.23116902 0.00000000 0.33367776 0.17036798 0.32494349 0.29214450 0.30983463 0.24542976 0.14344609 0.22656114 0.30375887 0.28822572 0.21064260 0.34939288 0.16134892 0.17000564 0.19221019 0.21666644 0.17137831 0.19980551 0.21594561 0.65850674 0.41546156 0.24588018 0.14331192 0.30341211 0.21927546 0.24529640 0.11618979 0.15746574 0.22920343 0.31982307 0.25062325 0.29515787 0.23517582 0.18956778 0.17026788 0.18171768 0.13809820 0.23331946 0.26138647 0.22608445 0.23171111 0.33123818 0.21245109 0.21731957 0.20435645 0.14937717 0.24505789 0.16412836 0.22885942 0.30104732 0.20791081 0.15417651 0.23778144 0.14728857 0.13818119 0.21184569 0.18746046 0.22505038 
0.23725799 0.16629172 0.29877432 0.24924326 0.23399010 0.15732942 0.35085236 0.17897599 0.33367776 0.00000000 0.18278149 0.32567175 0.22487512 0.30538755 0.20706116 0.19089634 0.23704932 0.23392498 0.23414904 0.20559320 0.05310815 0.13678057 0.21256923 0.16896903 0.16435378 0.28584712 0.16833616 0.15974925 0.41630623 0.11136106 0.82394672 0.22968434 0.20394143 0.26140796 0.38333703 0.22891127 0.25612004 0.18540995 0.21206887 0.20060971 0.19035804 0.14811992 0.24538126 0.26896541 0.26689876 0.23853604 0.16348621 0.20580960 0.18607037 0.24304967 0.14049592 0.26839997 0.12785889 0.20253671 0.41944526 0.53654382 0.22828489 0.20556134 0.45848176 0.29308668 0.15326874 0.21472298 0.23866379 0.18270899 0.21168008 0.20980708 0.20527245 
0.21192416 0.28925096 0.20556929 0.16899065 0.21993371 0.18627669 0.20535157 0.56959536 0.17036798 0.18278149 0.00000000 0.23354097 0.17146314 0.23318940 0.35282972 0.19705168 0.17758375 0.18585550 0.22650158 0.28102708 0.33490455 0.30564083 0.33684010 0.41884476 0.31293167 0.18930626 0.37299124 0.32405068 0.16302432 0.21694381 0.17388859 0.34088387 0.17383833 0.14555822 0.28751456 0.20223471 0.19636491 0.13856287 0.22137128 0.20106930 0.22209595 0.17123803 0.14749331 0.16017804 0.18060216 0.17653098 0.16395013 0.17647041 0.22799206 0.14300326 0.15228633 0.22036972 0.19131581 0.29644743 0.13888544 0.15743679 0.24954108 0.22131210 0.18189578 0.17713168 0.13751923 0.18036037 0.18111401 0.21032988 0.20921672 0.23143218 0.24081630 
0.22820078 0.19142307 0.27213860 0.23740882 0.26963317 0.35756304 0.51019145 0.26405413 0.32494349 0.32567175 0.23354097 0.00000000 0.19971475 0.29837419 0.16642114 0.25978819 0.19440509 0.12150857 0.25273349 0.18531946 0.09613109 0.14941664 0.13966289 0.18476965 0.15168994 0.30174351 0.18967189 0.21166409 0.24297405 0.14563391 0.26371290 0.22579367 0.26657078 0.17048221 0.17887302 0.26168095 0.19867431 0.37185752 0.36502421 0.25244975 0.24213544 0.10768758 0.24620632 0.22253727 0.27796543 0.24941507 0.25547701 0.19337470 0.25732179 0.34599341 0.14844696 0.19043971 0.24807025 0.16697826 0.29109045 0.24981502 0.19407434 0.19026366 0.24361613 0.42194497 0.28632340 0.26504075 0.26030458 0.25239296 0.19677074 0.24969990 0.20412196 
0.31672352 0.19614614 0.17749560 0.22376661 0.22926355 0.32419096 0.29314708 0.24247670 0.29214450 0.22487512 0.17146314 0.19971475 0.00000000 0.28588751 0.17554530 0.22727337 0.30573867 0.19875520 0.54290840 0.18522611 0.19490604 0.20251451 0.19204475 0.18505293 0.21177535 0.15550756 0.17249029 0.18712373 0.27336812 0.18069181 0.23788749 0.20764459 0.35889394 0.43400884 0.17710874 0.16051156 0.25289876 0.12898294 0.28863607 0.35004678 0.20756684 0.05564537 0.15791928 0.24995626 0.25897352 0.28767241 0.24034789 0.25266434 0.26059398 0.24928430 0.22055694 0.14729443 0.17526207 0.19652714 0.34603631 0.42402233 0.19975968 0.29360377 0.24367147 0.22242525 0.29289693 0.25045785 0.22636413 0.20147072 0.25383353 0.24089652 0.21539948 
0.19967027 0.19607494 0.23966054 0.11017541 0.25319590 0.25859642 0.29176320 0.22995193 0.30983463 0.30538755 0.23318940 0.29837419 0.28588751 0.00000000 0.18187777 0.23371225 0.26275677 0.28402650 0.38633243 0.18760250 0.29738877 0.14613103 0.15037798 0.15062889 0.17229746 0.15140102 0.17519620 0.20773427 0.24972634 0.12715539 0.16842904 0.21591779 0.27771306 0.35114942 0.17179797 0.24007076 0.20210859 0.28853425 0.19252905 0.27091714 0.29507537 0.22749460 0.34719269 0.35035546 0.24951811 0.28720626 0.13119537 0.37707569 0.32009886 0.19287866 0.24640982 0.14471105 0.16793618 0.18079463 0.26999758 0.32664261 0.25024153 0.14844886 0.29621122 0.30042926 0.22436881 0.28717816 0.25992855 0.23787284 0.23040382 0.19764403 0.16829060 
0.14692169 0.22908460 0.14933026 0.18793508 0.17273403 0.20080945 0.16132032 0.35839829 0.24542976 0.20706116 0.35282972 0.16642114 0.17554530 0.18187777 0.00000000 0.35218852 0.25213136 0.21168119 0.36031980 0.58592111 0.34276294 0.48227448 0.34742163 0.33917842 0.47237329 0.20214555 0.32782642 0.38780164 0.14115471 0.20429840 0.19105328 0.22055200 0.25203235 0.18157341 0.19096667 0.30348127 0.18770800 0.12007618 0.20826114 0.12502030 0.16649342 0.16169737 0.16378041 0.14358470 0.15073876 0.15972911 0.09345792 0.13339119 0.15078134 0.16482345 0.22621395 0.40985694 0.19746879 0.24923400 0.13875565 0.15018694 0.23004663 0.21149738 0.11637306 0.15892400 0.16367208 0.12681545 0.21416563 0.23152681 0.14365306 0.19675925 0.21151828 
0.29107118 0.23458608 0.22207304 0.23730550 0.22438598 0.18193772 0.36981825 0.20700180 0.14344609 0.19089634 0.19705168 0.25978819 0.22727337 0.23371225 0.35218852 0.00000000 0.33943857 0.35609817 0.42572408 0.44614716 0.16802714 0.15466944 0.14478867 0.19022648 0.24088135 0.26494647 0.23283350 0.18303222 0.20241470 0.19135092 0.18202538 0.22995575 0.24053923 0.15752482 0.21257157 0.18009046 0.21957548 0.17476084 0.26104909 0.24911543 0.18986142 0.19182703 0.18587339 0.09509029 0.29976079 0.24703692 0.35585769 0.40033360 0.20834506 0.18848785 0.18722130 0.14427865 0.29820706 0.22492287 0.17705865 0.29990788 0.21978555 0.17053609 0.19672613 0.23988955 0.13291782 0.21789077 0.28290356 0.25950167 0.26370391 0.24495850 0.24184331 
0.20469972 0.16457974 0.20706031 0.25625120 0.22921324 0.32650536 0.28502522 0.17412876 0.22656114 0.23704932 0.17758375 0.19440509 0.30573867 0.26275677 0.25213136 0.33943857 0.00000000 0.63421606 0.29526881 0.44901208 0.14782877 0.20098549 0.15185385 0.15559911 0.21888435 0.36149317 0.18980514 0.21405605 0.31629075 0.34447416 0.16143614 0.18438390 0.24381074 0.28998577 0.22339800 0.18640038 0.18280378 0.11572626 0.17580390 0.25228451 0.23941078 0.31822477 0.21558769 0.16724449 0.27170515 0.28715278 0.35394442 0.23581707 0.25536309 0.24845336 0.22671397 0.17241150 0.26214716 0.16051061 0.17998225 0.25587133 0.24976349 0.18549643 0.16076109 0.20943498 0.18620060 0.23848469 0.23024051 0.17103489 0.18837176 0.21386926 0.22591576 
0.19994077 0.19155693 0.16975623 0.16487624 0.06996826 0.26022404 0.32864262 0.17972205 0.30375887 0.23392498 0.18585550 0.12150857 0.19875520 0.28402650 0.21168119 0.35609817 0.63421606 0.00000000 0.37864609 0.26863790 0.31095095 0.18879522 0.21180160 0.16560230 0.15941567 0.36311315 0.17523281 0.22853701 0.27188355 0.26955938 0.10968691 0.21126225 0.19069272 0.17028028 0.27577865 0.30667620 0.16723015 0.21094776 0.28258022 0.37403131 0.23085907 0.27517979 0.28395429 0.26293919 0.27447512 0.23428887 0.30315331 0.22925217 0.35691134 0.24633976 0.20321733 0.14259534 0.17495941 0.22741736 0.10355740 0.31131077 0.21690953 0.23769070 0.30867516 0.30347597 0.24186906 0.25660435 0.13668925 0.17213448 0.14000837 0.17129777 0.17682042 
0.23777667 0.09769349 0.16091998 0.20950320 0.07963005 0.32085350 0.28917624 0.20325730 0.28822572 0.23414904 0.22650158 0.25273349 0.54290840 0.38633243 0.36031980 0.42572408 0.29526881 0.37864609 0.00000000 0.30993150 0.23064236 0.16491954 0.19836750 0.20864131 0.21924650 0.36543824 0.21041142 0.21471793 0.24338667 0.23643940 0.32629462 0.14381519 0.43185032 0.32669262 0.16421987 0.00681396 0.19319394 0.27548561 0.22384892 0.34510180 0.26702908 0.25878736 0.14317841 0.20333640 0.15789174 0.24133766 0.26818233 0.24229450 0.25876892 0.24709811 0.25873233 0.12729028 0.14630557 0.19465645 0.21161237 0.27711924 0.22299364 0.34876859 0.25470318 0.29495960 0.22108361 0.14237098 0.10764492 0.09184696 0.13517150 0.19759671 0.12425961 
0.20154601 0.22548340 0.09384076 0.18938943 0.21199628 0.12478238 0.15495235 0.23893686 0.21064260 0.20559320 0.28102708 0.18531946 0.18522611 0.18760250 0.58592111 0.44614716 0.44901208 0.26863790 0.30993150 0.00000000 0.37345674 0.58399193 0.46188379 0.26222287 0.53221975 0.22315608 0.25541352 0.25551485 0.18107295 0.44256932 0.18138171 0.16638194 0.22166179 0.12028644 0.21721085 0.17059856 0.23303993 0.19000542 0.23459760 0.24151032 0.19587695 0.26722458 0.14112186 0.12228145 0.18131417 0.16678731 0.26309932 0.13807747 0.23478898 0.08768249 0.06674223 0.18474125 0.21757531 0.25960692 0.09389607 0.21631294 0.21147479 0.10839303 0.09110705 0.12090856 0.11337826 0.14497878 0.24207064 0.18915205 0.19333679 0.22839080 0.20729974 
0.18581216 0.33073268 0.19096463 0.26099151 0.26791561 0.31267169 0.25914904 0.34658363 0.34939288 0.05310815 0.33490455 0.09613109 0.19490604 0.29738877 0.34276294 0.16802714 0.14782877 0.31095095 0.23064236 0.37345674 0.00000000 0.30963745 0.33070373 0.34021359 0.30367068 0.37865742 0.32624835 0.28077898 0.15995025 0.56125974 0.21246178 0.27845149 0.22372546 0.21811135 0.17888698 0.25507900 0.04002127 0.11053240 0.21028156 0.22619891 0.06521696 0.19260407 0.21992289 0.22695598 0.15202190 0.23928247 0.37637348 0.28532971 0.16723648 0.16320888 0.29852824 0.20083067 0.09239793 0.20126857 0.19149914 0.14250495 0.21228011 0.18227243 0.16338659 0.00000000 0.26549828 0.19350812 0.16352872 0.11688053 0.15535054 0.16696226 0.22084327 
0.22366421 0.22011346 0.15018852 0.16744905 0.15395835 0.21409105 0.16493293 0.26194161 0.16134892 0.13678057 0.30564083 0.14941664 0.20251451 0.14613103 0.48227448 0.15466944 0.20098549 0.18879522 0.16491954 0.58399193 0.30963745 0.00000000 0.54662062 0.35519277 0.68411181 0.10864980 0.34055238 0.43097295 0.16657235 0.21441214 0.18685575 0.22940778 0.28757918 0.25415330 0.28544791 0.45192671 0.14961019 0.14148689 0.17369666 0.16738729 0.13887179 0.15051206 0.17240780 0.17469284 0.20577885 0.17003478 0.15865565 0.16283644 0.17980665 0.12881294 0.16619580 0.39284697 0.16181929 0.23231832 0.24882779 0.15669176 0.20822746 0.20469447 0.16737448 0.13364775 0.11852632 0.20828207 0.20147014 0.10919359 0.15130120 0.18586223 0.20728363 
0.15037937 0.39617049 0.18530959 0.15950919 0.25198672 0.20198173 0.18496657 0.31482481 0.17000564 0.21256923 0.33684010 0.13966289 0.19204475 0.15037798 0.34742163 0.14478867 0.15185385 0.21180160 0.19836750 0.46188379 0.33070373 0.54662062 0.00000000 0.39601479 0.63797479 0.11704719 0.33179159 0.46715515 0.21180733 0.38220292 0.20535805 0.23738547 0.17850365 0.19000846 0.28103713 0.22729409 0.16103339 0.13313057 0.15959615 0.20109746 0.15575216 0.22512619 0.19013600 0.17326499 0.18229412 0.16309527 0.14068561 0.15587829 0.14964640 0.11586918 0.21788382 0.30718265 0.12419351 0.23771685 0.15916666 0.10428263 0.22619382 0.10846246 0.15062777 0.08844389 0.15696630 0.16139584 0.22011403 0.18142818 0.25008939 0.25856392 0.24000559 
0.22289382 0.25129081 0.20834235 0.21643843 0.20499738 0.19176235 0.19360767 0.45357153 0.19221019 0.16896903 0.41884476 0.18476965 0.18505293 0.15062889 0.33917842 0.19022648 0.15559911 0.16560230 0.20864131 0.26222287 0.34021359 0.35519277 0.39601479 0.00000000 0.37806272 0.17775758 0.50533750 0.40338831 0.19593570 0.20508990 0.24375067 0.36528455 0.15421582 0.16377804 0.30313811 0.20400675 0.17246373 0.19590052 0.19855471 0.15879623 0.19006975 0.16554755 0.14038126 0.15207033 0.16246515 0.16899752 0.14735761 0.17102757 0.17235158 0.15968046 0.16731103 0.25266023 0.24704307 0.31181916 0.15673512 0.14456900 0.26681967 0.15430824 0.16449926 0.12745045 0.15810390 0.18336795 0.17055238 0.15662757 0.20998001 0.22988694 0.24461371 
0.17491279 0.38308568 0.16627269 0.14894249 0.18072391 0.16569578 0.14715822 0.26779764 0.21666644 0.16435378 0.31293167 0.15168994 0.21177535 0.17229746 0.47237329 0.24088135 0.21888435 0.15941567 0.21924650 0.53221975 0.30367068 0.68411181 0.63797479 0.37806272 0.00000000 0.07546225 0.39954415 0.40753055 0.14363346 0.24453806 0.22581709 0.21720346 0.24310867 0.16075020 0.23492247 0.26820926 0.20959967 0.17042034 0.18967199 0.10298214 0.08145626 0.23000111 0.18299658 0.12724887 0.16130327 0.22233902 0.11636600 0.15348906 0.28886860 0.13256829 0.22763172 0.50608570 0.14300259 0.25083822 0.19695147 0.07730299 0.22385927 0.09605794 0.14254968 0.07280462 0.11270232 0.13018609 0.25407334 0.12382884 0.18434031 0.22664871 0.19869845 
0.21451427 0.16136138 0.30152956 0.25284310 0.16119643 0.12971338 0.28561144 0.15392560 0.17137831 0.28584712 0.18930626 0.30174351 0.15550756 0.15140102 0.20214555 0.26494647 0.36149317 0.36311315 0.36543824 0.22315608 0.37865742 0.10864980 0.11704719 0.17775758 0.07546225 0.00000000 0.17396229 0.14773969 0.31799950 0.25029506 0.12327245 0.29856309 0.21688604 0.14949875 0.13190655 0.33777708 0.20631177 0.31329557 0.15956217 0.25073938 0.22405414 0.29498785 0.36930047 0.50409300 0.27168026 0.26077452 0.29316758 0.18530243 0.25391496 0.23045526 0.33353963 0.14948166 0.32779162 0.15512461 0.26240986 0.15260069 0.20954927 0.28488095 0.29337565 0.51081756 0.44353510 0.20738598 0.20469950 0.16474424 0.16915662 0.18901413 0.22915989 
0.22648326 0.28489944 0.24287409 0.22428164 0.19249818 0.17970431 0.18779585 0.34646367 0.19980551 0.16833616 0.37299124 0.18967189 0.17249029 0.17519620 0.32782642 0.23283350 0.18980514 0.17523281 0.21041142 0.25541352 0.32624835 0.34055238 0.33179159 0.50533750 0.39954415 0.17396229 0.00000000 0.48377157 0.20017576 0.21179688 0.25680010 0.37787102 0.16344178 0.15503421 0.31451564 0.19704617 0.17841061 0.15617508 0.18474427 0.17261071 0.19897352 0.17338714 0.14171335 0.17151012 0.15387210 0.16388780 0.14032918 0.16057858 0.17532371 0.16545358 0.19017204 0.22735702 0.23161735 0.31126604 0.16562042 0.13967595 0.26464265 0.16191560 0.15832220 0.13444975 0.18488066 0.16974707 0.16667134 0.15999239 0.19617027 0.21413672 0.25008584 
0.17440760 0.26179072 0.17566862 0.16062140 0.13536034 0.24922372 0.17753278 0.23512582 0.21594561 0.15974925 0.32405068 0.21166409 0.18712373 0.20773427 0.38780164 0.18303222 0.21405605 0.22853701 0.21471793 0.25551485 0.28077898 0.43097295 0.46715515 0.40338831 0.40753055 0.14773969 0.48377157 0.00000000 0.19318815 0.18748211 0.16518566 0.31886913 0.21855969 0.21793300 0.26498906 0.22636580 0.20423518 0.21752089 0.22709418 0.16851379 0.16941115 0.18510845 0.24990106 0.16673776 0.15740913 0.15339440 0.19939665 0.21259178 0.24415372 0.17158784 0.16734837 0.27347086 0.13862246 0.26257150 0.15266279 0.14946092 0.21695207 0.22656612 0.20140825 0.16424124 0.14379717 0.14501818 0.15341943 0.18591755 0.22838835 0.21551213 0.20675366 
0.20158380 0.13448491 0.44585923 0.29769353 0.31420422 0.20767774 0.26871772 0.15940773 0.65850674 0.41630623 0.16302432 0.24297405 0.27336812 0.24972634 0.14115471 0.20241470 0.31629075 0.27188355 0.24338667 0.18107295 0.15995025 0.16657235 0.21180733 0.19593570 0.14363346 0.31799950 0.20017576 0.19318815 0.00000000 0.20984652 0.61909875 0.18268368 0.34958332 0.17189933 0.23356380 0.21851944 0.23487345 0.17290151 0.20353723 0.21589391 0.24361899 0.26931193 0.21255405 0.20766898 0.28909847 0.23905628 0.21425645 0.24683589 0.20367673 0.16449110 0.22814338 0.12858382 0.19390747 0.18116535 0.30604022 0.34066193 0.23160598 0.30907781 0.25790024 0.30965439 0.16573440 0.09810090 0.21570254 0.20068005 0.14104922 0.19401836 0.16834609 
0.11809725 0.31007064 0.34871067 0.33936287 0.44715153 0.23286678 0.22212910 0.24948538 0.41546156 0.11136106 0.21694381 0.14563391 0.18069181 0.12715539 0.20429840 0.19135092 0.34447416 0.26955938 0.23643940 0.44256932 0.56125974 0.21441214 0.38220292 0.20508990 0.24453806 0.25029506 0.21179688 0.18748211 0.20984652 0.00000000 0.66615927 0.14861062 0.10115924 0.11415017 0.49458631 0.13898241 0.13579729 0.08720671 0.27763323 0.27196853 0.08020069 0.31903977 0.18705698 0.13982884 0.29908948 0.20704009 0.32410491 0.16254858 0.25645809 0.16393280 0.23301624 0.23530903 0.14645291 0.19316780 0.10440524 0.21781505 0.21021028 0.11264836 0.10479986 0.11279292 0.08291277 0.18677375 0.21080544 0.29334988 0.21110006 0.25502787 0.18670006 
0.16660323 0.16569629 0.22657710 0.24346149 0.17527812 0.19669042 0.11335685 0.22186304 0.24588018 0.82394672 0.17388859 0.26371290 0.23788749 0.16842904 0.19105328 0.18202538 0.16143614 0.10968691 0.32629462 0.18138171 0.21246178 0.18685575 0.20535805 0.24375067 0.22581709 0.12327245 0.25680010 0.16518566 0.61909875 0.66615927 0.00000000 0.19516293 0.17583264 0.22647909 0.13455326 0.68195802 0.46727437 0.21317395 0.27463084 0.33915693 0.19897217 0.30083253 0.16197382 0.23271949 0.04225752 0.26046454 0.20294567 0.19087752 0.18048941 0.17476192 0.10151980 0.13898911 0.19123898 0.19723255 0.32991302 0.25733685 0.19702759 0.28518499 0.12159130 0.22849427 0.14581336 0.13700378 0.11331863 0.13262533 0.15129263 0.15814239 0.16678651 
0.20630037 0.25295389 0.25508506 0.27502744 0.25134120 0.22541514 0.20327382 0.32987688 0.14331192 0.22968434 0.34088387 0.22579367 0.20764459 0.21591779 0.22055200 0.22995575 0.18438390 0.21126225 0.14381519 0.16638194 0.27845149 0.22940778 0.23738547 0.36528455 0.21720346 0.29856309 0.37787102 0.31886913 0.18268368 0.14861062 0.19516293 0.00000000 0.23064469 0.26591233 0.26289416 0.22145726 0.18558607 0.15585666 0.19360206 0.11456102 0.18400599 0.13555333 0.13393415 0.21023918 0.18871005 0.16945297 0.14859715 0.19138648 0.25968720 0.22020269 0.20636855 0.18017747 0.21884724 0.38562665 0.17032841 0.24515756 0.25377383 0.26198965 0.17793626 0.17485883 0.20402538 0.22958053 0.18908721 0.23486905 0.23804793 0.22576617 0.26586779 
0.25845279 0.14511700 0.21439766 0.27774610 0.20431285 0.24252742 0.26725425 0.14842450 0.30341211 0.20394143 0.17383833 0.26657078 0.35889394 0.27771306 0.25203235 0.24053923 0.24381074 0.19069272 0.43185032 0.22166179 0.22372546 0.28757918 0.17850365 0.15421582 0.24310867 0.21688604 0.16344178 0.21855969 0.34958332 0.10115924 0.17583264 0.23064469 0.00000000 0.37861852 0.16696679 0.34269933 0.38351214 0.24749231 0.37569813 0.18024826 0.20405788 0.17270915 0.25239901 0.23767696 0.14990664 0.31801100 0.24102002 0.20234421 0.23640468 0.26273289 0.17836243 0.31482452 0.20953437 0.20106188 0.28273682 0.28076537 0.20260422 0.11785531 0.15692915 0.33716980 0.16499816 0.24085565 0.27784331 0.21054091 0.19039399 0.22900068 0.23095198 
0.22561916 0.20634607 0.26751818 0.20332110 0.26369272 0.22724783 0.22188027 0.17200074 0.21927546 0.26140796 0.14555822 0.17048221 0.43400884 0.35114942 0.18157341 0.15752482 0.28998577 0.17028028 0.32669262 0.12028644 0.21811135 0.25415330 0.19000846 0.16377804 0.16075020 0.14949875 0.15503421 0.21793300 0.17189933 0.11415017 0.22647909 0.26591233 0.37861852 0.00000000 0.32298257 0.24186317 0.29522855 0.39494665 0.26273079 0.25006840 0.35389691 0.14011212 0.28359647 0.30697845 0.29744910 0.21402092 0.19987988 0.26476027 0.23403770 0.28111143 0.25467956 0.33902006 0.29494946 0.20500262 0.30595718 0.28587963 0.21624111 0.19884516 0.19372424 0.26710002 0.18730346 0.24605799 0.28513411 0.20073649 0.22351167 0.17995634 0.19598174 
0.21212241 0.25817195 0.18501042 0.26698970 0.15245000 0.06223525 0.11519494 0.30641062 0.24529640 0.38333703 0.28751456 0.17887302 0.17710874 0.17179797 0.19096667 0.21257157 0.22339800 0.27577865 0.16421987 0.21721085 0.17888698 0.28544791 0.28103713 0.30313811 0.23492247 0.13190655 0.31451564 0.26498906 0.23356380 0.49458631 0.13455326 0.26289416 0.16696679 0.32298257 0.00000000 0.11166541 0.18067240 0.19380718 0.17656159 0.18281381 0.17382490 0.34266636 0.24934555 0.31119191 0.19299743 0.33686271 0.25977093 0.29702404 0.25561371 0.13911994 0.19647279 0.16332034 0.30391647 0.26323198 0.20321111 0.14290396 0.21756688 0.10673729 0.06473542 0.23194028 0.48475074 0.17749629 0.18482682 0.15550467 0.20168498 0.19487063 0.19626457 
0.30568439 0.17515197 0.17843637 0.15220224 0.13548051 0.14261503 0.11406561 0.20505425 0.11618979 0.22891127 0.20223471 0.26168095 0.16051156 0.24007076 0.30348127 0.18009046 0.18640038 0.30667620 0.00681396 0.17059856 0.25507900 0.45192671 0.22729409 0.20400675 0.26820926 0.33777708 0.19704617 0.22636580 0.21851944 0.13898241 0.68195802 0.22145726 0.34269933 0.24186317 0.11166541 0.00000000 0.45843113 0.33936460 0.15631957 0.13476546 0.15468107 0.18866311 0.22077821 0.18784168 0.24227890 0.13215206 0.11370447 0.21115365 0.20692720 0.15686091 0.27755884 0.97909661 0.22233047 0.20465194 0.31004906 0.15166057 0.20454748 0.27726437 0.16250775 0.12527051 0.17891666 0.22098324 0.21736352 0.21742138 0.19111346 0.22617109 0.21344630 
0.31330195 0.11454721 0.15312825 0.26825733 0.24471124 0.28420217 0.13233700 0.22933174 0.15746574 0.25612004 0.19636491 0.19867431 0.25289876 0.20210859 0.18770800 0.21957548 0.18280378 0.16723015 0.19319394 0.23303993 0.04002127 0.14961019 0.16103339 0.17246373 0.20959967 0.20631177 0.17841061 0.20423518 0.23487345 0.13579729 0.46727437 0.18558607 0.38351214 0.29522855 0.18067240 0.45843113 0.00000000 0.48122744 0.42780017 0.19524065 0.16192778 0.12880470 0.23698539 0.13120470 0.24648886 0.23962059 0.24865853 0.28439980 0.28877037 0.15902883 0.23232763 0.32794206 0.18670389 0.22575256 0.57851908 0.31117096 0.21238441 0.26691357 0.31302846 0.44028853 0.25520748 0.25911291 0.20482933 0.21656564 0.22670788 0.18671792 0.17936671 
0.35225088 0.17608458 0.12311027 0.24462224 0.10107007 0.10076214 0.25036340 0.15897120 0.22920343 0.18540995 0.13856287 0.37185752 0.12898294 0.28853425 0.12007618 0.17476084 0.11572626 0.21094776 0.27548561 0.19000542 0.11053240 0.14148689 0.13313057 0.19590052 0.17042034 0.31329557 0.15617508 0.21752089 0.17290151 0.08720671 0.21317395 0.15585666 0.24749231 0.39494665 0.19380718 0.33936460 0.48122744 0.00000000 0.31509416 0.26899019 0.37994138 0.07266344 0.26076509 0.24047700 0.15725694 0.25895521 0.19029626 0.24458474 0.25182740 0.19563796 0.24816034 0.15260683 0.19968191 0.21391599 0.97670385 0.21742326 0.21079339 0.59031891 0.35157939 0.26692208 0.37427650 0.28424682 0.29132975 0.25221901 0.20171734 0.20014586 0.18310753 
0.23546414 0.16794625 0.20624810 0.20127829 0.23722896 0.21051977 0.19922751 0.24224937 0.31982307 0.21206887 0.22137128 0.36502421 0.28863607 0.19252905 0.20826114 0.26104909 0.17580390 0.28258022 0.22384892 0.23459760 0.21028156 0.17369666 0.15959615 0.19855471 0.18967199 0.15956217 0.18474427 0.22709418 0.20353723 0.27763323 0.27463084 0.19360206 0.37569813 0.26273079 0.17656159 0.15631957 0.42780017 0.31509416 0.00000000 0.19437803 0.31548240 0.31272592 0.28379592 0.25280283 0.23132159 0.30540922 0.25371269 0.32469925 0.25198109 0.17843620 0.18561132 0.23755719 0.40983713 0.18832317 0.20525458 0.34596727 0.23435629 0.26855148 0.22184259 0.18155845 0.23261851 0.29256718 0.15613659 0.16390425 0.20589763 0.19536251 0.16498210 
0.26775533 0.22402068 0.17291527 0.22336292 0.24978786 0.24794709 0.21648892 0.20166701 0.25062325 0.20060971 0.20106930 0.25244975 0.35004678 0.27091714 0.12502030 0.24911543 0.25228451 0.37403131 0.34510180 0.24151032 0.22619891 0.16738729 0.20109746 0.15879623 0.10298214 0.25073938 0.17261071 0.16851379 0.21589391 0.27196853 0.33915693 0.11456102 0.18024826 0.25006840 0.18281381 0.13476546 0.19524065 0.26899019 0.19437803 0.00000000 0.57238230 0.29206611 0.30269012 0.22962890 0.31700499 0.19274638 0.29664350 0.27881848 0.23726501 0.28988945 0.22033603 0.18762838 0.34612195 0.18651822 0.15533692 0.25090186 0.19288346 0.30937491 0.27450436 0.30363646 0.40697570 0.24707704 0.23159148 0.19041525 0.14151034 0.15083014 0.16093425 
0.37198175 0.22704594 0.20297528 0.22970784 0.35026202 0.34486350 0.26455978 0.14411363 0.29515787 0.19035804 0.22209595 0.24213544 0.20756684 0.29507537 0.16649342 0.18986142 0.23941078 0.23085907 0.26702908 0.19587695 0.06521696 0.13887179 0.15575216 0.19006975 0.08145626 0.22405414 0.19897352 0.16941115 0.24361899 0.08020069 0.19897217 0.18400599 0.20405788 0.35389691 0.17382490 0.15468107 0.16192778 0.37994138 0.31548240 0.57238230 0.00000000 0.24924569 0.26719549 0.26040890 0.29289372 0.35305350 0.29543458 0.28418545 0.23848276 0.33469880 0.30861508 0.13089083 0.23663316 0.16467483 0.27863022 0.17086679 0.19051931 0.19488788 0.24675194 0.29661494 0.28973977 0.19135012 0.35923882 0.25033731 0.27086027 0.22870646 0.21801510 
0.21764926 0.23228928 0.28810201 0.29087152 0.22476776 0.17529426 0.07822804 0.16441745 0.23517582 0.14811992 0.17123803 0.10768758 0.05564537 0.22749460 0.16169737 0.19182703 0.31822477 0.27517979 0.25878736 0.26722458 0.19260407 0.15051206 0.22512619 0.16554755 0.23000111 0.29498785 0.17338714 0.18510845 0.26931193 0.31903977 0.30083253 0.13555333 0.17270915 0.14011212 0.34266636 0.18866311 0.12880470 0.07266344 0.31272592 0.29206611 0.24924569 0.00000000 0.44103728 0.53841704 0.30698264 0.30942042 0.34211191 0.20807007 0.37857718 0.29043149 0.44111379 0.13297082 0.40532063 0.17773205 0.13721508 0.20034923 0.24340857 0.30632198 0.19220795 0.24554028 0.14528832 0.21656443 0.21132631 0.24133867 0.19908473 0.23781603 0.21069221 
0.25122845 0.12453882 0.19814176 0.20380112 0.15118279 0.29069002 0.22232618 0.14866058 0.18956778 0.24538126 0.14749331 0.24620632 0.15791928 0.34719269 0.16378041 0.18587339 0.21558769 0.28395429 0.14317841 0.14112186 0.21992289 0.17240780 0.19013600 0.14038126 0.18299658 0.36930047 0.14171335 0.24990106 0.21255405 0.18705698 0.16197382 0.13393415 0.25239901 0.28359647 0.24934555 0.22077821 0.23698539 0.26076509 0.28379592 0.30269012 0.26719549 0.44103728 0.00000000 0.43115760 0.20941160 0.31039851 0.22651699 0.27146003 0.29022766 0.38443580 0.33995122 0.13857836 0.31050239 0.16809429 0.21685889 0.31949733 0.19416893 0.28959304 0.29058051 0.30261222 0.24743392 0.22906234 0.20256705 0.28030384 0.23630639 0.23100657 0.22423321 
0.22440460 0.17717885 0.25815329 0.19944882 0.21708271 0.25331393 0.31866873 0.17339175 0.17026788 0.26896541 0.16017804 0.22253727 0.24995626 0.35035546 0.14358470 0.09509029 0.16724449 0.26293919 0.20333640 0.12228145 0.22695598 0.17469284 0.17326499 0.15207033 0.12724887 0.50409300 0.17151012 0.16673776 0.20766898 0.13982884 0.23271949 0.21023918 0.23767696 0.30697845 0.31119191 0.18784168 0.13120470 0.24047700 0.25280283 0.22962890 0.26040890 0.53841704 0.43115760 0.00000000 0.70595790 0.19267225 0.31434134 0.41748908 0.30300571 0.35880851 0.23198849 0.15774997 0.17955008 0.17638656 0.26163237 0.21246669 0.22410049 0.23077794 0.23982357 0.25157612 0.34239160 0.18477945 0.19486062 0.27906147 0.18917184 0.20040909 0.16217535 
0.19881005 0.11609008 0.19688058 0.24143916 0.24005022 0.30291258 0.24047661 0.19824586 0.18171768 0.26689876 0.18060216 0.27796543 0.25897352 0.24951811 0.15073876 0.29976079 0.27170515 0.27447512 0.15789174 0.18131417 0.15202190 0.20577885 0.18229412 0.16246515 0.16130327 0.27168026 0.15387210 0.15740913 0.28909847 0.29908948 0.04225752 0.18871005 0.14990664 0.29744910 0.19299743 0.24227890 0.24648886 0.15725694 0.23132159 0.31700499 0.29289372 0.30698264 0.20941160 0.70595790 0.00000000 0.36749040 0.57550734 0.33445343 0.22953735 0.24423631 0.42557680 0.18559910 0.24579667 0.17711437 0.19818608 0.30500097 0.19987171 0.17693950 0.32981260 0.19588026 0.18196546 0.31095430 0.20682539 0.18925782 0.17111793 0.19496553 0.22493573 
0.13825971 0.17288356 0.13758833 0.12298785 0.10929376 0.28360091 0.33139278 0.20352021 0.13809820 0.23853604 0.17653098 0.24941507 0.28767241 0.28720626 0.15972911 0.24703692 0.28715278 0.23428887 0.24133766 0.16678731 0.23928247 0.17003478 0.16309527 0.16899752 0.22233902 0.26077452 0.16388780 0.15339440 0.23905628 0.20704009 0.26046454 0.16945297 0.31801100 0.21402092 0.33686271 0.13215206 0.23962059 0.25895521 0.30540922 0.19274638 0.35305350 0.30942042 0.31039851 0.19267225 0.36749040 0.00000000 0.51240606 0.38505748 0.25324498 0.19780156 0.34135426 0.16126600 0.30195098 0.20134509 0.17159388 0.19344899 0.20375416 0.31337570 0.25374014 0.14040450 0.25822990 0.30892577 0.31934911 0.24048401 0.20675299 0.20460852 0.21667451 
0.18354994 0.15076235 0.19602008 0.25499380 0.25206701 0.17902160 0.29603347 0.16293070 0.23331946 0.16348621 0.16395013 0.25547701 0.24034789 0.13119537 0.09345792 0.35585769 0.35394442 0.30315331 0.26818233 0.26309932 0.37637348 0.15865565 0.14068561 0.14735761 0.11636600 0.29316758 0.14032918 0.19939665 0.21425645 0.32410491 0.20294567 0.14859715 0.24102002 0.19987988 0.25977093 0.11370447 0.24865853 0.19029626 0.25371269 0.29664350 0.29543458 0.34211191 0.22651699 0.31434134 0.57550734 0.51240606 0.00000000 0.23228385 0.33325015 0.27637666 0.31405016 0.22136002 0.18409639 0.16255649 0.15068594 0.17220488 0.18517938 0.25248595 0.28824572 0.19777000 0.33983171 0.23605184 0.22745647 0.19968959 0.23257433 0.18751686 0.22064120 
0.18828529 0.19641072 0.19296437 0.25805102 0.12787976 0.28710963 0.29110680 0.24547512 0.26138647 0.20580960 0.17647041 0.19337470 0.25266434 0.37707569 0.13339119 0.40033360 0.23581707 0.22925217 0.24229450 0.13807747 0.28532971 0.16283644 0.15587829 0.17102757 0.15348906 0.18530243 0.16057858 0.21259178 0.24683589 0.16254858 0.19087752 0.19138648 0.20234421 0.26476027 0.29702404 0.21115365 0.28439980 0.24458474 0.32469925 0.27881848 0.28418545 0.20807007 0.27146003 0.41748908 0.33445343 0.38505748 0.23228385 0.00000000 0.33848104 0.39944264 0.16209868 0.17325210 0.20595822 0.19507121 0.29223076 0.24618294 0.16395546 0.23829868 0.36679814 0.27402820 0.22240460 0.33657094 0.25649920 0.20192902 0.19311054 0.22999873 0.18397771 
0.18883148 0.14724027 0.26228359 0.23718785 0.27431053 0.25457617 0.23100525 0.16586910 0.22608445 0.18607037 0.22799206 0.25732179 0.26059398 0.32009886 0.15078134 0.20834506 0.25536309 0.35691134 0.25876892 0.23478898 0.16723648 0.17980665 0.14964640 0.17235158 0.28886860 0.25391496 0.17532371 0.24415372 0.20367673 0.25645809 0.18048941 0.25968720 0.23640468 0.23403770 0.25561371 0.20692720 0.28877037 0.25182740 0.25198109 0.23726501 0.23848276 0.37857718 0.29022766 0.30300571 0.22953735 0.25324498 0.33325015 0.33848104 0.00000000 0.35483438 0.18272396 0.16504034 0.22859050 0.19157548 0.19554149 0.28467362 0.14903227 0.23750959 0.30385887 0.28531139 0.27515299 0.27880677 0.16798044 0.27045124 0.19786641 0.18107224 0.24144347 
0.22704483 0.20234921 0.28432115 0.16238861 0.30124840 0.34318086 0.31371365 0.17940130 0.23171111 0.24304967 0.14300326 0.34599341 0.24928430 0.19287866 0.16482345 0.18848785 0.24845336 0.24633976 0.24709811 0.08768249 0.16320888 0.12881294 0.11586918 0.15968046 0.13256829 0.23045526 0.16545358 0.17158784 0.16449110 0.16393280 0.17476192 0.22020269 0.26273289 0.28111143 0.13911994 0.15686091 0.15902883 0.19563796 0.17843620 0.28988945 0.33469880 0.29043149 0.38443580 0.35880851 0.24423631 0.19780156 0.27637666 0.39944264 0.35483438 0.00000000 0.41505466 0.33103721 0.30552246 0.18017845 0.30493980 0.18256182 0.18354971 0.26453839 0.21289912 0.14821624 0.38108337 0.25863889 0.29448935 0.22468124 0.28745138 0.21308187 0.21335006 
0.22545043 0.14083909 0.18665728 0.19335613 0.21001896 0.16642297 0.26940510 0.19292370 0.33123818 0.14049592 0.15228633 0.14844696 0.22055694 0.24640982 0.22621395 0.18722130 0.22671397 0.20321733 0.25873233 0.06674223 0.29852824 0.16619580 0.21788382 0.16731103 0.22763172 0.33353963 0.19017204 0.16734837 0.22814338 0.23301624 0.10151980 0.20636855 0.17836243 0.25467956 0.19647279 0.27755884 0.23232763 0.24816034 0.18561132 0.22033603 0.30861508 0.44111379 0.33995122 0.23198849 0.42557680 0.34135426 0.31405016 0.16209868 0.18272396 0.41505466 0.00000000 0.24470328 0.35391671 0.25017881 0.21992103 0.25617451 0.23231769 0.25105087 0.17995231 0.28635362 0.30502463 0.22330714 0.38652077 0.24229696 0.28987341 0.21151535 0.20711758 
0.26931638 0.21070335 0.16710064 0.24111160 0.14355175 0.16937740 0.15321624 0.23355765 0.21245109 0.26839997 0.22036972 0.19043971 0.14729443 0.14471105 0.40985694 0.14427865 0.17241150 0.14259534 0.12729028 0.18474125 0.20083067 0.39284697 0.30718265 0.25266023 0.50608570 0.14948166 0.22735702 0.27347086 0.12858382 0.23530903 0.13898911 0.18017747 0.31482452 0.33902006 0.16332034 0.97909661 0.32794206 0.15260683 0.23755719 0.18762838 0.13089083 0.13297082 0.13857836 0.15774997 0.18559910 0.16126600 0.22136002 0.17325210 0.16504034 0.33103721 0.24470328 0.00000000 0.09874448 0.38247022 0.24384604 0.14065644 0.31323729 0.17798014 0.23529172 0.24537243 0.22486546 0.13559814 0.17250844 0.16062823 0.26697386 0.17553158 0.18863338 
0.15896495 0.14820748 0.24143946 0.19838306 0.26648719 0.12272324 0.17076670 0.21658365 0.21731957 0.12785889 0.19131581 0.24807025 0.17526207 0.16793618 0.19746879 0.29820706 0.26214716 0.17495941 0.14630557 0.21757531 0.09239793 0.16181929 0.12419351 0.24704307 0.14300259 0.32779162 0.23161735 0.13862246 0.19390747 0.14645291 0.19123898 0.21884724 0.20953437 0.29494946 0.30391647 0.22233047 0.18670389 0.19968191 0.40983713 0.34612195 0.23663316 0.40532063 0.31050239 0.17955008 0.24579667 0.30195098 0.18409639 0.20595822 0.22859050 0.30552246 0.35391671 0.09874448 0.00000000 0.34095021 0.21290539 0.17631121 0.30743399 0.33210948 0.18739255 0.30529399 0.30696270 0.24711826 0.17060743 0.33422573 0.27819485 0.25227853 0.27536425 
0.24389950 0.26315386 0.20337039 0.17588595 0.20734245 0.20061603 0.19714696 0.29141012 0.20435645 0.20253671 0.29644743 0.16697826 0.19652714 0.18079463 0.24923400 0.22492287 0.16051061 0.22741736 0.19465645 0.25960692 0.20126857 0.23231832 0.23771685 0.31181916 0.25083822 0.15512461 0.31126604 0.26257150 0.18116535 0.19316780 0.19723255 0.38562665 0.20106188 0.20500262 0.26323198 0.20465194 0.22575256 0.21391599 0.18832317 0.18651822 0.16467483 0.17773205 0.16809429 0.17638656 0.17711437 0.20134509 0.16255649 0.19507121 0.19157548 0.18017845 0.25017881 0.38247022 0.34095021 0.00000000 0.22896934 0.19115607 0.44855997 0.24310360 0.19922830 0.19083125 0.16260113 0.19388794 0.19446058 0.20664811 0.19438453 0.21926882 0.25548800 
