0.00000000 0.19379560 0.32395599 0.23546472 0.10987796 0.16953212 0.13617766 0.11350752 0.08191282 0.12310051 0.13729084 0.14183308 0.10552533 0.20517853 0.07824587 0.03214540 0.07169879 0.06878288 0.10964975 0.05360998 0.08499950 0.07009009 0.07228529 0.13409555 0.06679643 0.07375155 0.14679755 0.09759510 0.09419991 0.11473403 0.16689137 0.18265229 0.13772443 0.07893262 0.17626053 0.17077056 0.15122467 0.13139100 0.18130271 0.21256612 0.21164913 0.04461704 0.06540206 0.14248850 0.12278570 0.08930984 0.10759726 0.08141001 0.08738746 0.12087198 0.06745574 0.06873617 0.10925569 0.16599232 0.08159750 0.18490867 0.12861047 0.15389210 0.15096786 0.12249605 0.19214349 0.13692720 0.10834594 0.10826367 0.09841070 0.11560483 0.13071582 
0.19379560 0.00000000 0.19404705 0.18416112 0.23034686 0.20451428 0.13294001 0.15036100 0.09557187 0.09078327 0.13619986 0.09250674 0.11874298 0.13178679 0.11477802 0.13598820 0.07792259 0.08755292 0.14406082 0.06676017 0.15656583 0.10651237 0.10771587 0.15303915 0.12179424 0.12797910 0.16126243 0.12552197 0.07275245 0.12195914 0.07396961 0.16997624 0.09900291 0.14461005 0.21745384 0.09444191 0.02974472 0.11439787 0.10016550 0.08546803 0.17053389 0.10280734 0.10713106 0.16986212 0.12884395 0.11270329 0.16125171 0.08816293 0.09259650 0.10512292 0.09116152 0.13875106 0.12403157 0.15654042 0.15673755 0.08449585 0.13445980 0.10643662 0.15454592 0.11868445 0.08155235 0.11406833 0.08748725 0.10481323 0.09658678 0.10885336 0.12634102 
0.32395599 0.19404705 0.00000000 0.22095006 0.25460879 0.17541642 0.18959447 0.07924468 0.15013369 0.15754587 0.13029210 0.13837364 0.09120938 0.19281831 0.05359208 0.17010574 0.15525813 0.15952690 0.14050772 0.09804083 0.11459075 0.03623336 0.04112805 0.11004337 0.01939122 0.12552736 0.12680659 0.07398473 0.13904484 0.12351749 0.09064337 0.18549095 0.17132418 0.10178399 0.22446716 0.05906449 0.08598992 0.11360004 0.15775730 0.12285911 0.13949485 0.04443748 0.11404692 0.16197369 0.11909636 0.06698620 0.08866796 0.11586773 0.08698153 0.17671496 0.05198545 0.02406471 0.09159682 0.12791110 0.06437015 0.19497046 0.12066617 0.09960328 0.17320030 0.16471026 0.14591895 0.09400736 0.09824198 0.10178810 0.09759667 0.12001941 0.13700576 
0.23546472 0.18416112 0.22095006 0.00000000 0.23524385 0.24388592 0.14048256 0.09724252 0.10701758 0.11576203 0.08194774 0.08999989 0.13469140 0.11932920 0.09754248 0.09866323 0.18044318 0.12406746 0.12939566 0.15409167 0.26390683 0.06843154 0.04493782 0.10759863 0.07291277 0.13129743 0.12292235 0.11551754 0.11983378 0.14095082 0.16387663 0.16057781 0.11160577 0.11158012 0.15420105 0.01927029 0.18041097 0.12305563 0.11018033 0.11624021 0.11618298 0.10901199 0.09850891 0.10931476 0.11873696 0.09371448 0.13643159 0.14811895 0.08712843 0.12718785 0.12741882 0.14212970 0.10454895 0.11674012 0.10480327 0.13634989 0.12610896 0.12286681 0.08200812 0.07552411 0.15364827 0.09593335 0.11139920 0.12657321 0.12204572 0.10012303 0.12277486 
0.10987796 0.23034686 0.25460879 0.23524385 0.00000000 0.21395531 0.15024050 0.11199036 0.18393749 0.10922486 0.11085759 0.07488714 0.11604549 0.04735019 0.07961989 0.10902445 0.15982904 0.07457517 0.06577539 0.13749611 0.17985778 0.05661945 0.06690355 0.13273332 0.05165118 0.19039342 0.10585500 0.09419081 0.12274618 0.16928510 0.08057444 0.12616303 0.09644140 0.17320215 0.12840991 0.08729911 0.14521468 0.15940502 0.15773902 0.13951476 0.12495691 0.06292131 0.09762888 0.16472019 0.11479742 0.09471892 0.09879539 0.16833499 0.22433694 0.13345960 0.10402423 0.05466863 0.16570680 0.11227931 0.11515923 0.13241697 0.11921215 0.20014005 0.16690680 0.11069757 0.09844574 0.17732683 0.16518385 0.11950832 0.09681102 0.09516531 0.11959869 
0.16953212 0.20451428 0.17541642 0.24388592 0.21395531 0.00000000 0.20892287 0.10533871 0.13027227 0.12581216 0.09939414 0.18509729 0.18158902 0.21725670 0.12770427 0.10429310 0.16827450 0.14280118 0.11385055 0.11185241 0.19371014 0.09692880 0.12268908 0.10972116 0.10965261 0.10690844 0.10286412 0.12666338 0.15093416 0.16025770 0.06852321 0.06845458 0.09963368 0.15932774 0.08508546 0.07969181 0.10006206 0.07496526 0.15123712 0.09962315 0.13069872 0.09811241 0.22639228 0.12074023 0.12279483 0.12581879 0.10154861 0.09295382 0.06150507 0.15470391 0.15424256 0.14206417 0.11459922 0.10022781 0.12816341 0.11559936 0.11266056 0.10721034 0.11669571 0.11434385 0.17323750 0.16997610 0.13456665 0.13554579 0.11239111 0.08447018 0.11211126 
0.13617766 0.13294001 0.18959447 0.14048256 0.15024050 0.20892287 0.00000000 0.09829835 0.14840069 0.15020936 0.09737795 0.24304260 0.22668004 0.21033819 0.11366640 0.17021193 0.18114831 0.21543513 0.14852633 0.10125778 0.13477083 0.08363626 0.10137145 0.09758805 0.08164255 0.13394864 0.08257758 0.09875107 0.12755214 0.15174353 0.06548871 0.08596372 0.14728539 0.18519900 0.08973759 0.07982341 0.14404844 0.11893157 0.16383468 0.22068673 0.11600105 0.09151955 0.14270397 0.16889428 0.11205796 0.13804655 0.14678805 0.17105267 0.12526174 0.18525633 0.09534023 0.09459927 0.07724493 0.09015368 0.12877484 0.11981387 0.09976031 0.16913946 0.15889029 0.08536655 0.12264329 0.12562970 0.07561220 0.11744457 0.12027691 0.11101749 0.11608416 
0.11350752 0.15036100 0.07924468 0.09724252 0.11199036 0.10533871 0.09829835 0.00000000 0.07233563 0.09630917 0.28279310 0.11246701 0.15925515 0.08115399 0.23634944 0.11218550 0.09027256 0.08310014 0.08159684 0.11671134 0.15318434 0.19035986 0.20935995 0.24161157 0.15098943 0.06689143 0.18421539 0.13535491 0.07122347 0.10867921 0.10371218 0.11856493 0.09556517 0.11090386 0.13058139 0.22227444 0.12139280 0.10299206 0.06225889 0.12028646 0.14881586 0.10751272 0.06841141 0.08779561 0.13265698 0.08960510 0.05837794 0.06770073 0.07278411 0.12584757 0.15695258 0.13734774 0.14944989 0.17906883 0.08417316 0.11383195 0.15015601 0.11062276 0.11142614 0.14536284 0.10455691 0.12870023 0.14276488 0.11043463 0.12329664 0.12739020 0.12971847 
0.08191282 0.09557187 0.15013369 0.10701758 0.18393749 0.13027227 0.14840069 0.07233563 0.00000000 0.11424576 0.08112483 0.18017992 0.18299175 0.19778988 0.12948107 0.14817939 0.14302291 0.14730565 0.19154542 0.15869916 0.24150623 0.09519078 0.07114266 0.09919830 0.08352346 0.10832399 0.09434131 0.10162605 0.35682159 0.23958714 0.15357104 0.11266768 0.19498189 0.16056875 0.05908663 0.11579531 0.13053221 0.17284507 0.08917166 0.15065657 0.11991873 0.18770087 0.13277102 0.09346014 0.12990615 0.07679728 0.10525562 0.09865635 0.16350390 0.09921593 0.21919223 0.08656753 0.15912979 0.09398769 0.13336175 0.14441646 0.10072540 0.14056783 0.16001968 0.09869141 0.06638400 0.11878185 0.11112973 0.11662226 0.11654328 0.12037698 0.10886574 
0.12310051 0.09078327 0.15754587 0.11576203 0.10922486 0.12581216 0.15020936 0.09630917 0.11424576 0.00000000 0.11189026 0.26356930 0.11859120 0.20963292 0.13297096 0.06777010 0.14255024 0.20058344 0.15759034 0.11939655 0.13174250 0.08947220 0.08239595 0.09348291 0.10216474 0.17882608 0.08625970 0.09835173 0.15644645 0.11898935 0.31427113 0.14871359 0.12372519 0.18472296 0.29452265 0.02820447 0.08271908 0.11074000 0.14781530 0.12276179 0.09556589 0.09476122 0.15900681 0.11512256 0.09114758 0.11582224 0.11199715 0.11485351 0.17392402 0.10516463 0.11657837 0.13158914 0.11326038 0.08755348 0.17302770 0.21881863 0.10370797 0.24879061 0.15107414 0.17594279 0.07899447 0.12975784 0.11494950 0.09305377 0.11595692 0.10522262 0.11212995 
0.13729084 0.13619986 0.13029210 0.08194774 0.11085759 0.09939414 0.09737795 0.28279310 0.08112483 0.11189026 0.00000000 0.09839799 0.10238837 0.11317958 0.21126918 0.12624945 0.10130006 0.10561222 0.07316224 0.13755390 0.16130564 0.20363407 0.21157345 0.24978150 0.16086584 0.08689212 0.19448321 0.15079609 0.06301110 0.10702330 0.08485428 0.19673234 0.09726697 0.11156786 0.14214196 0.20673376 0.10604343 0.09656528 0.10190132 0.07865642 0.10805423 0.11067578 0.06105069 0.07403443 0.10950729 0.07606706 0.06697381 0.09534996 0.09310926 0.08518583 0.12347295 0.15402074 0.13857010 0.18950176 0.12120888 0.08051075 0.15387246 0.09251829 0.09061024 0.12114166 0.09159929 0.13146860 0.13869522 0.10744275 0.12294490 0.12730383 0.12995992 
0.14183308 0.09250674 0.13837364 0.08999989 0.07488714 0.18509729 0.24304260 0.11246701 0.18017992 0.26356930 0.09839799 0.00000000 0.16522748 0.19126661 0.12582697 0.21721795 0.10284390 0.19528237 0.12974143 0.15507365 0.12720532 0.10922652 0.11941025 0.09020379 0.10431096 0.14741274 0.08735087 0.12045142 0.11794057 0.16125034 0.09871035 0.09830825 0.16840398 0.10293366 0.12913190 0.06865738 0.11037675 0.22308202 0.13470340 0.13396656 0.13201978 0.11121940 0.08623002 0.08718725 0.12860032 0.14330039 0.20138662 0.18323741 0.07556231 0.17459896 0.03141855 0.09118402 0.10830579 0.11034041 0.05174475 0.16209206 0.11067817 0.07946313 0.17210592 0.26780921 0.15408051 0.11701700 0.12461704 0.10590241 0.11563898 0.11876407 0.11795925 
0.10552533 0.11874298 0.09120938 0.13469140 0.11604549 0.18158902 0.22668004 0.15925515 0.18299175 0.11859120 0.10238837 0.16522748 0.00000000 0.13047336 0.10189247 0.16489183 0.15078606 0.15545711 0.21598890 0.06707783 0.13844214 0.06970054 0.11391010 0.10235787 0.09870904 0.05836183 0.09957606 0.08783769 0.14572748 0.17212512 0.14971315 0.12578152 0.20235868 0.14134585 0.16486918 0.15543408 0.13429913 0.13112300 0.21382026 0.15413596 0.11464599 0.10750161 0.11573741 0.07495921 0.13550095 0.13490871 0.10403342 0.08424753 0.20617548 0.19104046 0.12834633 0.08989989 0.10630792 0.10185551 0.22199317 0.17538692 0.10398213 0.13719036 0.10358062 0.12304413 0.10419559 0.10329935 0.11892252 0.13670478 0.13099424 0.11657894 0.12101561 
0.20517853 0.13178679 0.19281831 0.11932920 0.04735019 0.21725670 0.21033819 0.08115399 0.19778988 0.20963292 0.11317958 0.19126661 0.13047336 0.00000000 0.11931862 0.02515117 0.22686361 0.17219787 0.14780817 0.09190307 0.10031526 0.10713650 0.07517295 0.10698993 0.09186250 0.04579626 0.09476797 0.13431596 0.12989429 0.07132706 0.06086664 0.10325866 0.16945445 0.20485796 0.07524138 0.08435315 0.14894666 0.12866407 0.18681519 0.16943590 0.16313535 0.11385311 0.13152503 0.14990075 0.12413001 0.15030313 0.17960068 0.12378037 0.11579942 0.20764164 0.09138609 0.12172732 0.11451324 0.09113261 0.12432061 0.17918110 0.10757269 0.13315081 0.17279957 0.13228444 0.20378374 0.09744969 0.12786248 0.10971859 0.10910075 0.10845926 0.12011261 
0.07824587 0.11477802 0.05359208 0.09754248 0.07961989 0.12770427 0.11366640 0.23634944 0.12948107 0.13297096 0.21126918 0.12582697 0.10189247 0.11931862 0.00000000 0.19907015 0.17606485 0.07989921 0.16312088 0.33028042 0.12591420 0.27915799 0.27868552 0.19009812 0.24980970 0.05116545 0.16842382 0.23817946 0.06164354 0.15348591 0.12302684 0.08961930 0.13393857 0.12316502 0.09179756 0.19663216 0.08490856 0.05660595 0.08021375 0.07943636 0.09048730 0.08211910 0.05723604 0.07026978 0.10704645 0.06962966 0.04291108 0.07888074 0.09804741 0.08064788 0.16177353 0.26427710 0.13721119 0.16040390 0.06428544 0.05696985 0.14672618 0.09586337 0.11621134 0.02252290 0.06268806 0.07879458 0.09488789 0.12267445 0.10563609 0.11683470 0.12314544 
0.03214540 0.13598820 0.17010574 0.09866323 0.10902445 0.10429310 0.17021193 0.11218550 0.14817939 0.06777010 0.12624945 0.21721795 0.16489183 0.02515117 0.19907015 0.00000000 0.15589204 0.15616042 0.28678789 0.14583829 0.11213493 0.10864456 0.10047860 0.08641886 0.13252868 0.16568040 0.09547141 0.08456580 0.23046056 0.04559838 0.02433163 0.10015205 0.22139484 0.09713316 0.07211126 0.14192083 0.16526023 0.16440214 0.02402592 0.08679746 0.19834955 0.17224625 0.10482949 0.10911647 0.17503289 0.20701019 0.19204293 0.16541887 0.13265292 0.15828536 0.04479445 0.06489380 0.13621325 0.09103262 0.11400138 0.18501798 0.12110724 0.15630616 0.16726624 0.07615462 0.11523940 0.10575445 0.13829141 0.11912434 0.13085857 0.12553040 0.12058323 
0.07169879 0.07792259 0.15525813 0.18044318 0.15982904 0.16827450 0.18114831 0.09027256 0.14302291 0.14255024 0.10130006 0.10284390 0.15078606 0.22686361 0.17606485 0.15589204 0.00000000 0.33826305 0.12351933 0.23292028 0.13193386 0.13067140 0.04449291 0.06430359 0.12235935 0.14421994 0.08417214 0.10489539 0.17103844 0.19904049 0.09775471 0.11370737 0.06758724 0.12472790 0.08822406 0.07150005 0.08694370 0.14940809 0.12995384 0.21270770 0.15497673 0.11608152 0.12008278 0.19484116 0.15095913 0.12319906 0.13660129 0.10473036 0.13624721 0.12943584 0.17778753 0.10432187 0.13373737 0.10076441 0.07110475 0.15383351 0.10812960 0.12350666 0.13019169 0.10417646 0.08165614 0.08474580 0.13411435 0.10761358 0.11401154 0.13570350 0.12141633 
0.06878288 0.08755292 0.15952690 0.12406746 0.07457517 0.14280118 0.21543513 0.08310014 0.14730565 0.20058344 0.10561222 0.19528237 0.15545711 0.17219787 0.07989921 0.15616042 0.33826305 0.00000000 0.18602886 0.10353046 0.11223936 0.08796122 0.05964660 0.07128397 0.04592284 0.21280733 0.08990949 0.08564261 0.12170206 0.19406500 0.10464953 0.13534751 0.14727302 0.10204970 0.16949683 0.14683304 0.15976334 0.09700067 0.10873433 0.14897151 0.14869998 0.11255006 0.18539356 0.13308612 0.14097386 0.17882868 0.12757428 0.15413527 0.12013721 0.12936138 0.06778524 0.08514949 0.19345350 0.10088304 0.13088403 0.16574620 0.10441306 0.13960226 0.13027365 0.15734245 0.15281461 0.08020887 0.10984747 0.09813171 0.11978755 0.12699391 0.11694542 
0.10964975 0.14406082 0.14050772 0.12939566 0.06577539 0.11385055 0.14852633 0.08159684 0.19154542 0.15759034 0.07316224 0.12974143 0.21598890 0.14780817 0.16312088 0.28678789 0.12351933 0.18602886 0.00000000 0.17266108 0.11269261 0.08153288 0.13541287 0.09054314 0.13307927 0.15589761 0.10914170 0.12019577 0.19884055 0.20544451 0.13995553 0.13024638 0.16411207 0.09457120 0.05257919 0.06448385 0.14170650 0.14922166 0.15412929 0.13250367 0.18798346 0.20877690 0.11752510 0.06966604 0.11535989 0.12656785 0.12258297 0.12534145 0.16749154 0.07274205 0.04329974 0.11502221 0.05515569 0.10598544 0.12749885 0.17921400 0.10506293 0.24577979 0.21708942 0.17399090 0.09025663 0.11528177 0.07101224 0.10764716 0.08986465 0.10150159 0.11162910 
0.05360998 0.06676017 0.09804083 0.15409167 0.13749611 0.11185241 0.10125778 0.11671134 0.15869916 0.11939655 0.13755390 0.15507365 0.06707783 0.09190307 0.33028042 0.14583829 0.23292028 0.10353046 0.17266108 0.00000000 0.13513752 0.29780783 0.22144104 0.12128495 0.25817945 0.09759225 0.10826122 0.15880380 0.11995536 0.24770155 0.16363758 0.07325238 0.08419673 0.10052117 0.10467932 0.15429923 0.09247424 0.07989076 0.06944559 0.06691529 0.13053799 0.19972748 0.05411325 0.10471058 0.16876590 0.09856684 0.15405895 0.04834341 0.22360855 0.06308829 0.12885624 0.24718554 0.05782436 0.10168619 0.09175684 0.03894307 0.14213649 0.07563364 0.05558126 0.04443395 0.08083646 0.11460716 0.10685514 0.13544611 0.09859809 0.11341196 0.11939860 
0.08499950 0.15656583 0.11459075 0.26390683 0.17985778 0.19371014 0.13477083 0.15318434 0.24150623 0.13174250 0.16130564 0.12720532 0.13844214 0.10031526 0.12591420 0.11213493 0.13193386 0.11223936 0.11269261 0.13513752 0.00000000 0.18185719 0.20995964 0.14904765 0.14702962 0.05922707 0.14028872 0.09972891 0.07310701 0.26225921 0.15506133 0.12388742 0.10062819 0.18524664 0.10387227 0.09766384 0.10241190 0.04810419 0.09490686 0.13277301 0.06431239 0.08124325 0.20490990 0.09863569 0.06666628 0.11750490 0.11082557 0.11271923 0.08465927 0.16921973 0.10306436 0.12879429 0.16223514 0.13393383 0.08633496 0.10578899 0.13229687 0.12608998 0.06184761 0.08329454 0.06936259 0.10627207 0.10848957 0.12055908 0.12931658 0.13190300 0.12079545 
0.07009009 0.10651237 0.03623336 0.06843154 0.05661945 0.09692880 0.08363626 0.19035986 0.09519078 0.08947220 0.20363407 0.10922652 0.06970054 0.10713650 0.27915799 0.10864456 0.13067140 0.08796122 0.08153288 0.29780783 0.18185719 0.00000000 0.42004499 0.19295736 0.34863022 0.05569176 0.17110095 0.27146824 0.05673582 0.13725781 0.05322966 0.13973036 0.10256078 0.09408819 0.13317761 0.34121942 0.09140190 0.09857110 0.09646334 0.06063197 0.04231071 0.12589265 0.11375014 0.07178924 0.09628741 0.04036755 0.00000000 0.08762805 0.10980734 0.06097553 0.15968030 0.31437772 0.09564905 0.16372841 0.15777348 0.08858727 0.14516907 0.13953988 0.10248213 0.05703532 0.04027596 0.05938903 0.08681565 0.11507288 0.10615771 0.11753166 0.12285386 
0.07228529 0.10771587 0.04112805 0.04493782 0.06690355 0.12268908 0.10137145 0.20935995 0.07114266 0.08239595 0.21157345 0.11941025 0.11391010 0.07517295 0.27868552 0.10047860 0.04449291 0.05964660 0.13541287 0.22144104 0.20995964 0.42004499 0.00000000 0.20975474 0.32334037 0.05901229 0.16385285 0.30377261 0.10205674 0.13042027 0.05649316 0.15248665 0.09417391 0.11574136 0.13856718 0.26813299 0.10902039 0.08962048 0.09739953 0.08944388 0.06190529 0.07944362 0.09076847 0.07260987 0.08867874 0.06094052 0.01594387 0.10326541 0.09134486 0.09137558 0.18397705 0.28380270 0.10146600 0.15606104 0.12089806 0.06819467 0.14920586 0.08982045 0.10191901 0.03067914 0.02288364 0.13934248 0.15343185 0.10457045 0.10790837 0.11865710 0.12354904 
0.13409555 0.15303915 0.11004337 0.10759863 0.13273332 0.10972116 0.09758805 0.24161157 0.09919830 0.09348291 0.24978150 0.09020379 0.10235787 0.10698993 0.19009812 0.08641886 0.06430359 0.07128397 0.09054314 0.12128495 0.14904765 0.19295736 0.20975474 0.00000000 0.15963653 0.09266824 0.20234047 0.17042566 0.08836305 0.11066396 0.11238212 0.13086296 0.10575463 0.09727255 0.16075956 0.14773142 0.10371430 0.10230639 0.09869639 0.08736566 0.08598425 0.12646215 0.06352535 0.08719956 0.11048425 0.11732072 0.10186056 0.09059156 0.07598748 0.08278055 0.13959478 0.15853219 0.16090823 0.19825876 0.10754272 0.08765109 0.15533467 0.10946463 0.08485520 0.09693153 0.11365723 0.14960730 0.13949036 0.11674701 0.12856543 0.13058753 0.13197692 
0.06679643 0.12179424 0.01939122 0.07291277 0.05165118 0.10965261 0.08164255 0.15098943 0.08352346 0.10216474 0.16086584 0.10431096 0.09870904 0.09186250 0.24980970 0.13252868 0.12235935 0.04592284 0.13307927 0.25817945 0.14702962 0.34863022 0.32334037 0.15963653 0.00000000 0.06418273 0.17479998 0.20762826 0.05805783 0.07353649 0.07608606 0.09117178 0.15122576 0.11495282 0.09622773 0.22545630 0.13321314 0.11029269 0.09465914 0.10228928 0.07984305 0.12791559 0.10594580 0.08526065 0.11303753 0.11576771 0.00179608 0.08488065 0.13528140 0.13771882 0.26029689 0.41165860 0.09041278 0.16757077 0.06636514 0.07901924 0.14691300 0.09007108 0.05637003 0.09686127 0.07115580 0.10884255 0.12507357 0.11035654 0.10793066 0.11793224 0.12337587 
0.07375155 0.12797910 0.12552736 0.13129743 0.19039342 0.10690844 0.13394864 0.06689143 0.10832399 0.17882608 0.08689212 0.14741274 0.05836183 0.04579626 0.05116545 0.16568040 0.14421994 0.21280733 0.15589761 0.09759225 0.05922707 0.05569176 0.05901229 0.09266824 0.06418273 0.00000000 0.11208621 0.11127681 0.14825989 0.10615120 0.11529692 0.14601120 0.08517390 0.16401906 0.12859996 0.02170136 0.15705250 0.16287670 0.16192011 0.13481069 0.09028634 0.17779246 0.21120536 0.28359796 0.12515204 0.12898397 0.12670257 0.18620289 0.24814638 0.19661094 0.12284885 0.02826176 0.15091725 0.10893399 0.08782593 0.21065748 0.10832018 0.16040038 0.21877643 0.22721160 0.17945885 0.16561284 0.13486378 0.12728722 0.12506030 0.09881755 0.11666188 
0.14679755 0.16126243 0.12680659 0.12292235 0.10585500 0.10286412 0.08257758 0.18421539 0.09434131 0.08625970 0.19448321 0.08735087 0.09957606 0.09476797 0.16842382 0.09547141 0.08417214 0.08990949 0.10914170 0.10826122 0.14028872 0.17110095 0.16385285 0.20234047 0.17479998 0.11208621 0.00000000 0.18295742 0.08722603 0.12815109 0.13328952 0.13591841 0.11464062 0.10492079 0.17313623 0.14227453 0.10779411 0.10760263 0.10705666 0.08715584 0.10413104 0.13064259 0.06736362 0.09630270 0.11097169 0.11385857 0.10880192 0.09480431 0.08059672 0.09137396 0.12183417 0.17409840 0.17588644 0.20380666 0.10798189 0.08497906 0.15601604 0.12155763 0.07906264 0.09008785 0.12773443 0.13544056 0.09756338 0.12305049 0.13219795 0.13275111 0.13328397 
0.09759510 0.12552197 0.07398473 0.11551754 0.09419081 0.12666338 0.09875107 0.13535491 0.10162605 0.09835173 0.15079609 0.12045142 0.08783769 0.13431596 0.23817946 0.08456580 0.10489539 0.08564261 0.12019577 0.15880380 0.09972891 0.27146824 0.30377261 0.17042566 0.20762826 0.11127681 0.18295742 0.00000000 0.08095585 0.09346330 0.08268190 0.16110449 0.13486587 0.12305788 0.16507990 0.29508310 0.09669538 0.10712227 0.11200093 0.07569314 0.06431000 0.10824127 0.13088929 0.07817973 0.07265840 0.09803059 0.10536672 0.11159986 0.13782883 0.07882622 0.09638469 0.23721513 0.10231727 0.17669106 0.13353921 0.08102445 0.14783253 0.14207271 0.12058641 0.06679321 0.08851753 0.06534511 0.05011000 0.11273008 0.11188667 0.12037452 0.12583624 
0.09419991 0.07275245 0.13904484 0.11983378 0.12274618 0.15093416 0.12755214 0.07122347 0.35682159 0.15644645 0.06301110 0.11794057 0.14572748 0.12989429 0.06164354 0.23046056 0.17103844 0.12170206 0.19884055 0.11995536 0.07310701 0.05673582 0.10205674 0.08836305 0.05805783 0.14825989 0.08722603 0.08095585 0.00000000 0.15549489 0.34808570 0.09029634 0.22236528 0.12046489 0.13790326 0.04803853 0.09398476 0.12564044 0.13744833 0.13161685 0.15004614 0.11320637 0.12003672 0.09520266 0.16138504 0.16498460 0.13069049 0.13823556 0.16873965 0.10506239 0.12365934 0.10437613 0.05747896 0.10421165 0.19769716 0.24513921 0.10523238 0.15009437 0.17830708 0.20601926 0.11083424 0.10376548 0.12000825 0.11731118 0.11542754 0.11440364 0.11283440 
0.11473403 0.12195914 0.12351749 0.14095082 0.16928510 0.16025770 0.15174353 0.10867921 0.23958714 0.11898935 0.10702330 0.16125034 0.17212512 0.07132706 0.15348591 0.04559838 0.19904049 0.19406500 0.20544451 0.24770155 0.26225921 0.13725781 0.13042027 0.11066396 0.07353649 0.10615120 0.12815109 0.09346330 0.15549489 0.00000000 0.18310434 0.04740154 0.10362251 0.03592102 0.21480328 0.11332147 0.13909965 0.04678394 0.16168230 0.13410949 0.04518456 0.25652601 0.12920350 0.10642360 0.11499956 0.10292511 0.20840225 0.04018650 0.17019924 0.08297818 0.23478429 0.12427697 0.12390837 0.12888578 0.08137233 0.05013643 0.12095777 0.10953875 0.01248398 0.08669346 0.11043292 0.13968763 0.10119281 0.10439281 0.11876874 0.13723449 0.12219947 
0.16689137 0.07396961 0.09064337 0.16387663 0.08057444 0.06852321 0.06548871 0.10371218 0.15357104 0.31427113 0.08485428 0.09871035 0.14971315 0.06086664 0.12302684 0.02433163 0.09775471 0.10464953 0.13995553 0.16363758 0.15506133 0.05322966 0.05649316 0.11238212 0.07608606 0.11529692 0.13328952 0.08268190 0.34808570 0.18310434 0.00000000 0.09906214 0.14537512 0.14389674 0.07779625 0.18667194 0.20964224 0.06748745 0.19805520 0.11673365 0.15423011 0.09192684 0.22163064 0.15829630 0.07830925 0.25543487 0.16670587 0.12525898 0.08084967 0.10721036 0.13388479 0.06852869 0.16967430 0.12199884 0.12345812 0.12110835 0.13658322 0.13197456 0.03504355 0.18643003 0.12772775 0.11462510 0.12204161 0.13130352 0.12619179 0.11397761 0.11671869 
0.18265229 0.16997624 0.18549095 0.16057781 0.12616303 0.06845458 0.08596372 0.11856493 0.11266768 0.14871359 0.19673234 0.09830825 0.12578152 0.10325866 0.08961930 0.10015205 0.11370737 0.13534751 0.13024638 0.07325238 0.12388742 0.13973036 0.15248665 0.13086296 0.09117178 0.14601120 0.13591841 0.16110449 0.09029634 0.04740154 0.09906214 0.00000000 0.18773413 0.13572884 0.15655148 0.18651807 0.11900540 0.10318351 0.12737984 0.13800484 0.10942232 0.08402800 0.10106294 0.16865078 0.13774534 0.06887438 0.11045266 0.16624400 0.16873446 0.10600434 0.06190507 0.09034214 0.09463125 0.15433039 0.07650278 0.23044365 0.15044683 0.11160635 0.15843812 0.12187375 0.08044017 0.05488029 0.06645275 0.10210609 0.12132201 0.12643763 0.12956061 
0.13772443 0.09900291 0.17132418 0.11160577 0.09644140 0.09963368 0.14728539 0.09556517 0.19498189 0.12372519 0.09726697 0.16840398 0.20235868 0.16945445 0.13393857 0.22139484 0.06758724 0.14727302 0.16411207 0.08419673 0.10062819 0.10256078 0.09417391 0.10575463 0.15122576 0.08517390 0.11464062 0.13486587 0.22236528 0.10362251 0.14537512 0.18773413 0.00000000 0.10630086 0.10510380 0.07364867 0.17286375 0.10669976 0.16793019 0.09841049 0.10451578 0.08412350 0.10707672 0.12025575 0.03418278 0.13043822 0.14303867 0.15486176 0.14346844 0.20304233 0.13318796 0.16453160 0.12662811 0.10919487 0.21541582 0.14542692 0.10774102 0.09746769 0.17761851 0.17421910 0.12323406 0.14425899 0.14319595 0.11393825 0.11054943 0.11537537 0.11566597 
0.07893262 0.14461005 0.10178399 0.11158012 0.17320215 0.15932774 0.18519900 0.11090386 0.16056875 0.18472296 0.11156786 0.10293366 0.14134585 0.20485796 0.12316502 0.09713316 0.12472790 0.10204970 0.09457120 0.10052117 0.18524664 0.09408819 0.11574136 0.09727255 0.11495282 0.16401906 0.10492079 0.12305788 0.12046489 0.03592102 0.14389674 0.13572884 0.10630086 0.00000000 0.18608885 0.13784420 0.17383896 0.13965861 0.13391270 0.16209226 0.19473492 0.14332677 0.19574616 0.23530751 0.13055075 0.12112546 0.08578567 0.16171438 0.13385353 0.14347696 0.06101840 0.11423218 0.10036600 0.10341437 0.21118207 0.13347144 0.10393826 0.11214478 0.16184269 0.12897587 0.13632088 0.09537050 0.11400943 0.12975356 0.11298662 0.14323365 0.11816171 
0.17626053 0.21745384 0.22446716 0.15420105 0.12840991 0.08508546 0.08973759 0.13058139 0.05908663 0.29452265 0.14214196 0.12913190 0.16486918 0.07524138 0.09179756 0.07211126 0.08822406 0.16949683 0.05257919 0.10467932 0.10387227 0.13317761 0.13856718 0.16075956 0.09622773 0.12859996 0.17313623 0.16507990 0.13790326 0.21480328 0.07779625 0.15655148 0.10510380 0.18608885 0.00000000 0.12377359 0.07312677 0.12044080 0.09926224 0.06586750 0.06468386 0.14286294 0.05776562 0.08975397 0.12964933 0.08312367 0.10153061 0.17654995 0.15156470 0.06262298 0.13976030 0.10258441 0.11251718 0.16608772 0.10389719 0.09587787 0.14323391 0.08642888 0.04388662 0.08168310 0.18140970 0.18819549 0.12342715 0.12135922 0.10854937 0.11492433 0.13275332 
0.17077056 0.09444191 0.05906449 0.01927029 0.08729911 0.07969181 0.07982341 0.22227444 0.11579531 0.02820447 0.20673376 0.06865738 0.15543408 0.08435315 0.19663216 0.14192083 0.07150005 0.14683304 0.06448385 0.15429923 0.09766384 0.34121942 0.26813299 0.14773142 0.22545630 0.02170136 0.14227453 0.29508310 0.04803853 0.11332147 0.18667194 0.18651807 0.07364867 0.13784420 0.12377359 0.00000000 0.11311149 0.21770925 0.07631183 0.09800384 0.04235055 0.16529896 0.11552874 0.10844734 0.11385420 0.10027207 0.13325308 0.10922115 0.18686219 0.05956842 0.14636743 0.29057353 0.12778928 0.12949298 0.21458253 0.03825855 0.14431644 0.11718363 0.10764276 0.12747315 0.00146088 0.05818837 0.12427554 0.12676738 0.12906077 0.11443135 0.11569551 
0.15122467 0.02974472 0.08598992 0.18041097 0.14521468 0.10006206 0.14404844 0.12139280 0.13053221 0.08271908 0.10604343 0.11037675 0.13429913 0.14894666 0.08490856 0.16526023 0.08694370 0.15976334 0.14170650 0.09247424 0.10241190 0.09140190 0.10902039 0.10371430 0.13321314 0.15705250 0.10779411 0.09669538 0.09398476 0.13909965 0.20964224 0.11900540 0.17286375 0.17383896 0.07312677 0.11311149 0.00000000 0.26652507 0.21479380 0.18599815 0.12190386 0.08124235 0.15265519 0.08054677 0.16213505 0.22164360 0.13241477 0.17146656 0.11262979 0.11195324 0.19496404 0.15097155 0.19873705 0.09908168 0.21492083 0.13785919 0.11654700 0.10860687 0.11570119 0.17050478 0.11820205 0.08145730 0.08231686 0.11435097 0.12406077 0.11631736 0.11077574 
0.13139100 0.11439787 0.11360004 0.12305563 0.15940502 0.07496526 0.11893157 0.10299206 0.17284507 0.11074000 0.09656528 0.22308202 0.13112300 0.12866407 0.05660595 0.16440214 0.14940809 0.09700067 0.14922166 0.07989076 0.04810419 0.09857110 0.08962048 0.10230639 0.11029269 0.16287670 0.10760263 0.10712227 0.12564044 0.04678394 0.06748745 0.10318351 0.10669976 0.13965861 0.12044080 0.21770925 0.26652507 0.00000000 0.11625485 0.15142434 0.16642275 0.14229098 0.11064275 0.10632182 0.11064215 0.19327962 0.13122065 0.16939464 0.13854476 0.07675804 0.13675143 0.08024307 0.13476978 0.10854335 0.36611346 0.09674433 0.10950244 0.19474592 0.18879280 0.18550394 0.16861272 0.15060175 0.13664095 0.12741965 0.12758770 0.12973106 0.11818910 
0.18130271 0.10016550 0.15775730 0.11018033 0.15773902 0.15123712 0.16383468 0.06225889 0.08917166 0.14781530 0.10190132 0.13470340 0.21382026 0.18681519 0.08021375 0.02402592 0.12995384 0.10873433 0.15412929 0.06944559 0.09490686 0.09646334 0.09739953 0.09869639 0.09465914 0.16192011 0.10705666 0.11200093 0.13744833 0.16168230 0.19805520 0.12737984 0.16793019 0.13391270 0.09926224 0.07631183 0.21479380 0.11625485 0.00000000 0.18142231 0.16504901 0.06271334 0.25424450 0.04970282 0.07089050 0.21214868 0.12018431 0.12643356 0.19321055 0.16092566 0.13798191 0.09728765 0.20464343 0.10492069 0.14362737 0.21266750 0.10541053 0.19908192 0.16626638 0.11480814 0.10462481 0.12774054 0.12516836 0.07989982 0.11403751 0.11721439 0.12099442 
0.21256612 0.08546803 0.12285911 0.11624021 0.13951476 0.09962315 0.22068673 0.12028646 0.15065657 0.12276179 0.07865642 0.13396656 0.15413596 0.16943590 0.07943636 0.08679746 0.21270770 0.14897151 0.13250367 0.06691529 0.13277301 0.06063197 0.08944388 0.08736566 0.10228928 0.13481069 0.08715584 0.07569314 0.13161685 0.13410949 0.11673365 0.13800484 0.09841049 0.16209226 0.06586750 0.09800384 0.18599815 0.15142434 0.18142231 0.00000000 0.30165588 0.28369957 0.09518297 0.18897164 0.10528380 0.12220679 0.17010235 0.13264111 0.16638298 0.19386227 0.12360095 0.11273609 0.15509228 0.08402594 0.05436973 0.07985817 0.10365815 0.23353334 0.11378950 0.12201157 0.16360560 0.11768133 0.14523049 0.10111043 0.11566064 0.11385002 0.11682045 
0.21164913 0.17053389 0.13949485 0.11618298 0.12495691 0.13069872 0.11600105 0.14881586 0.11991873 0.09556589 0.10805423 0.13201978 0.11464599 0.16313535 0.09048730 0.19834955 0.15497673 0.14869998 0.18798346 0.13053799 0.06431239 0.04231071 0.06190529 0.08598425 0.07984305 0.09028634 0.10413104 0.06431000 0.15004614 0.04518456 0.15423011 0.10942232 0.10451578 0.19473492 0.06468386 0.04235055 0.12190386 0.16642275 0.16504901 0.30165588 0.00000000 0.17439352 0.17996205 0.15751629 0.17807373 0.13681998 0.14683464 0.16802138 0.05356941 0.24392212 0.18979032 0.06432412 0.10449572 0.10140342 0.17586205 0.14660389 0.10543177 0.06288716 0.17826221 0.16371688 0.18961699 0.10507625 0.13430311 0.11435418 0.12101679 0.11877996 0.11683759 
0.04461704 0.10280734 0.04443748 0.10901199 0.06292131 0.09811241 0.09151955 0.10751272 0.18770087 0.09476122 0.11067578 0.11121940 0.10750161 0.11385311 0.08211910 0.17224625 0.11608152 0.11255006 0.20877690 0.19972748 0.08124325 0.12589265 0.07944362 0.12646215 0.12791559 0.17779246 0.13064259 0.10824127 0.11320637 0.25652601 0.09192684 0.08402800 0.08412350 0.14332677 0.14286294 0.16529896 0.08124235 0.14229098 0.06271334 0.28369957 0.17439352 0.00000000 0.16150671 0.18518044 0.27596082 0.16797404 0.17372142 0.15025841 0.17100490 0.08061460 0.13469870 0.08975924 0.08241590 0.12268519 0.14072399 0.14294868 0.12705791 0.07074536 0.16608469 0.13705879 0.13034352 0.14108348 0.11504792 0.09728183 0.11336928 0.11555181 0.11413503 
0.06540206 0.10713106 0.11404692 0.09850891 0.09762888 0.22639228 0.14270397 0.06841141 0.13277102 0.15900681 0.06105069 0.08623002 0.11573741 0.13152503 0.05723604 0.10482949 0.12008278 0.18539356 0.11752510 0.05411325 0.20490990 0.11375014 0.09076847 0.06352535 0.10594580 0.21120536 0.06736362 0.13088929 0.12003672 0.12920350 0.22163064 0.10106294 0.10707672 0.19574616 0.05776562 0.11552874 0.15265519 0.11064275 0.25424450 0.09518297 0.17996205 0.16150671 0.00000000 0.18699377 0.11081842 0.16780839 0.10100266 0.20745429 0.13413280 0.14767447 0.17315273 0.07811544 0.18878062 0.08279437 0.20337416 0.18891723 0.10427853 0.11158943 0.14860125 0.19109574 0.13249923 0.11135339 0.13260830 0.12151929 0.11693551 0.10541018 0.11177320 
0.14248850 0.16986212 0.16197369 0.10931476 0.16472019 0.12074023 0.16889428 0.08779561 0.09346014 0.11512256 0.07403443 0.08718725 0.07495921 0.14990075 0.07026978 0.10911647 0.19484116 0.13308612 0.06966604 0.10471058 0.09863569 0.07178924 0.07260987 0.08719956 0.08526065 0.28359796 0.09630270 0.07817973 0.09520266 0.10642360 0.15829630 0.16865078 0.12025575 0.23530751 0.08975397 0.10844734 0.08054677 0.10632182 0.04970282 0.18897164 0.15751629 0.18518044 0.18699377 0.00000000 0.37507338 0.12012873 0.17310012 0.13284234 0.20394095 0.21438635 0.13027095 0.07334753 0.12360018 0.11135040 0.14096294 0.17282318 0.09915212 0.07889864 0.17381414 0.14497969 0.19119623 0.17081360 0.12481977 0.10996323 0.11678743 0.12941416 0.12257856 
0.12278570 0.12884395 0.11909636 0.11873696 0.11479742 0.12279483 0.11205796 0.13265698 0.12990615 0.09114758 0.10950729 0.12860032 0.13550095 0.12413001 0.10704645 0.17503289 0.15095913 0.14097386 0.11535989 0.16876590 0.06666628 0.09628741 0.08867874 0.11048425 0.11303753 0.12515204 0.11097169 0.07265840 0.16138504 0.11499956 0.07830925 0.13774534 0.03418278 0.13055075 0.12964933 0.11385420 0.16213505 0.11064215 0.07089050 0.10528380 0.17807373 0.27596082 0.11081842 0.37507338 0.00000000 0.22788144 0.33364445 0.25404070 0.16695084 0.15135830 0.18590861 0.11976770 0.07955571 0.12659666 0.12219581 0.13238568 0.09899277 0.03730494 0.09712449 0.11205459 0.10559048 0.14023606 0.10833859 0.12111332 0.12448250 0.11312847 0.11330958 
0.08930984 0.11270329 0.06698620 0.09371448 0.09471892 0.12581879 0.13804655 0.08960510 0.07679728 0.11582224 0.07606706 0.14330039 0.13490871 0.15030313 0.06962966 0.20701019 0.12319906 0.17882868 0.12656785 0.09856684 0.11750490 0.04036755 0.06094052 0.11732072 0.11576771 0.12898397 0.11385857 0.09803059 0.16498460 0.10292511 0.25543487 0.06887438 0.13043822 0.12112546 0.08312367 0.10027207 0.22164360 0.19327962 0.21214868 0.12220679 0.13681998 0.16797404 0.16780839 0.12012873 0.22788144 0.00000000 0.28515112 0.22144818 0.13195054 0.12387883 0.12051473 0.11045546 0.15800185 0.10238441 0.12562542 0.10242673 0.11745267 0.14322862 0.10802497 0.14890627 0.16821788 0.08732950 0.11711725 0.11791298 0.12989572 0.11698062 0.11077697 
0.10759726 0.16125171 0.08866796 0.13643159 0.09879539 0.10154861 0.14678805 0.05837794 0.10525562 0.11199715 0.06697381 0.20138662 0.10403342 0.17960068 0.04291108 0.19204293 0.13660129 0.12757428 0.12258297 0.15405895 0.11082557 0.00000000 0.01594387 0.10186056 0.00179608 0.12670257 0.10880192 0.10536672 0.13069049 0.20840225 0.16670587 0.11045266 0.14303867 0.08578567 0.10153061 0.13325308 0.13241477 0.13122065 0.12018431 0.17010235 0.14683464 0.17372142 0.10100266 0.17310012 0.33364445 0.28515112 0.00000000 0.21244075 0.18513100 0.13036121 0.09948139 0.10531560 0.15091556 0.10179600 0.13269250 0.11099853 0.11495302 0.17244165 0.11890077 0.14397370 0.23067858 0.11073622 0.10646373 0.10490789 0.13529553 0.11349767 0.11377770 
0.08141001 0.08816293 0.11586773 0.14811895 0.16833499 0.09295382 0.17105267 0.06770073 0.09865635 0.11485351 0.09534996 0.18323741 0.08424753 0.12378037 0.07888074 0.16541887 0.10473036 0.15413527 0.12534145 0.04834341 0.11271923 0.08762805 0.10326541 0.09059156 0.08488065 0.18620289 0.09480431 0.11159986 0.13823556 0.04018650 0.12525898 0.16624400 0.15486176 0.16171438 0.17654995 0.10922115 0.17146656 0.16939464 0.12643356 0.13264111 0.16802138 0.15025841 0.20745429 0.13284234 0.25404070 0.22144818 0.21244075 0.00000000 0.22724718 0.15018652 0.09780183 0.13994979 0.09526412 0.10783667 0.25149549 0.10745022 0.09027500 0.15506583 0.15216509 0.18301242 0.08808057 0.13284878 0.11734934 0.11508741 0.11113278 0.13592252 0.12197874 
0.08738746 0.09259650 0.08698153 0.08712843 0.22433694 0.06150507 0.12526174 0.07278411 0.16350390 0.17392402 0.09310926 0.07556231 0.20617548 0.11579942 0.09804741 0.13265292 0.13624721 0.12013721 0.16749154 0.22360855 0.08465927 0.10980734 0.09134486 0.07598748 0.13528140 0.24814638 0.08059672 0.13782883 0.16873965 0.17019924 0.08084967 0.16873446 0.14346844 0.13385353 0.15156470 0.18686219 0.11262979 0.13854476 0.19321055 0.16638298 0.05356941 0.17100490 0.13413280 0.20394095 0.16695084 0.13195054 0.18513100 0.22724718 0.00000000 0.10756477 0.12865244 0.11078456 0.11309835 0.09496998 0.14227729 0.12983460 0.10873411 0.14236695 0.11898205 0.10709932 0.09139540 0.11106607 0.11257935 0.11367245 0.10308909 0.13748869 0.11568074 
0.12087198 0.10512292 0.17671496 0.12718785 0.13345960 0.15470391 0.18525633 0.12584757 0.09921593 0.10516463 0.08518583 0.17459896 0.19104046 0.20764164 0.08064788 0.15828536 0.12943584 0.12936138 0.07274205 0.06308829 0.16921973 0.06097553 0.09137558 0.08278055 0.13771882 0.19661094 0.09137396 0.07882622 0.10506239 0.08297818 0.10721036 0.10600434 0.20304233 0.14347696 0.06262298 0.05956842 0.11195324 0.07675804 0.16092566 0.19386227 0.24392212 0.08061460 0.14767447 0.21438635 0.15135830 0.12387883 0.13036121 0.15018652 0.10756477 0.00000000 0.18891321 0.12463053 0.11459239 0.09773185 0.14243161 0.15317111 0.12057160 0.03531779 0.10934880 0.08720338 0.22369813 0.14246564 0.15369687 0.13343670 0.12366887 0.10913294 0.11427349 
0.06745574 0.09116152 0.05198545 0.12741882 0.10402423 0.15424256 0.09534023 0.15695258 0.21919223 0.11657837 0.12347295 0.03141855 0.12834633 0.09138609 0.16177353 0.04479445 0.17778753 0.06778524 0.04329974 0.12885624 0.10306436 0.15968030 0.18397705 0.13959478 0.26029689 0.12284885 0.12183417 0.09638469 0.12365934 0.23478429 0.13388479 0.06190507 0.13318796 0.06101840 0.13976030 0.14636743 0.19496404 0.13675143 0.13798191 0.12360095 0.18979032 0.13469870 0.17315273 0.13027095 0.18590861 0.12051473 0.09948139 0.09780183 0.12865244 0.18891321 0.00000000 0.16700041 0.08290282 0.10767552 0.05593015 0.15070512 0.13325278 0.02411919 0.09610430 0.17362940 0.17185283 0.14447028 0.17107386 0.16741232 0.13927782 0.11302025 0.11490988 
0.06873617 0.13875106 0.02406471 0.14212970 0.05466863 0.14206417 0.09459927 0.13734774 0.08656753 0.13158914 0.15402074 0.09118402 0.08989989 0.12172732 0.26427710 0.06489380 0.10432187 0.08514949 0.11502221 0.24718554 0.12879429 0.31437772 0.28380270 0.15853219 0.41165860 0.02826176 0.17409840 0.23721513 0.10437613 0.12427697 0.06852869 0.09034214 0.16453160 0.11423218 0.10258441 0.29057353 0.15097155 0.08024307 0.09728765 0.11273609 0.06432412 0.08975924 0.07811544 0.07334753 0.11976770 0.11045546 0.10531560 0.13994979 0.11078456 0.12463053 0.16700041 0.00000000 0.08093040 0.16660707 0.06842840 0.08683151 0.14639270 0.08636546 0.06172881 0.05214189 0.08219222 0.07696557 0.09558588 0.10135695 0.10780235 0.11772740 0.12306441 
0.10925569 0.12403157 0.09159682 0.10454895 0.16570680 0.11459922 0.07724493 0.14944989 0.15912979 0.11326038 0.13857010 0.10830579 0.10630792 0.11451324 0.13721119 0.13621325 0.13373737 0.19345350 0.05515569 0.05782436 0.16223514 0.09564905 0.10146600 0.16090823 0.09041278 0.15091725 0.17588644 0.10231727 0.05747896 0.12390837 0.16967430 0.09463125 0.12662811 0.10036600 0.11251718 0.12778928 0.19873705 0.13476978 0.20464343 0.15509228 0.10449572 0.08241590 0.18878062 0.12360018 0.07955571 0.15800185 0.15091556 0.09526412 0.11309835 0.11459239 0.08290282 0.08093040 0.00000000 0.16798936 0.07656149 0.13002802 0.14609412 0.19349059 0.06343262 0.08381171 0.18580338 0.13584042 0.11920413 0.14321410 0.14951676 0.11674311 0.12286806 
0.16599232 0.15654042 0.12791110 0.11674012 0.11227931 0.10022781 0.09015368 0.17906883 0.09398769 0.08755348 0.18950176 0.11034041 0.10185551 0.09113261 0.16040390 0.09103262 0.10076441 0.10088304 0.10598544 0.10168619 0.13393383 0.16372841 0.15606104 0.19825876 0.16757077 0.10893399 0.20380666 0.17669106 0.10421165 0.12888578 0.12199884 0.15433039 0.10919487 0.10341437 0.16608772 0.12949298 0.09908168 0.10854335 0.10492069 0.08402594 0.10140342 0.12268519 0.08279437 0.11135040 0.12659666 0.10238441 0.10179600 0.10783667 0.09496998 0.09773185 0.10767552 0.16660707 0.16798936 0.00000000 0.09773871 0.09645247 0.15209741 0.12291593 0.09697938 0.08990795 0.12538772 0.13086652 0.09419178 0.12049755 0.13076770 0.13193190 0.13278858 
