0.00000000 0.03974747 0.03974747 0.03974747 0.03974747 0.03974747 0.03974747 0.03894680 0.03894680 0.03755477 0.03716878 0.03574132 0.03126779 0.02758327 0.02813972 0.02940775 0.03063465 0.03194754 0.02508112 0.02766755 0.02718347 0.02567271 0.02960265 0.03053380 0.02998953 0.02731977 0.03869600 0.02678396 0.02674837 0.02923237 0.02926800 0.02553532 0.02597375 0.02684849 0.03011453 0.02618611 0.02572660 0.02941199 0.02702084 0.02676888 0.02412070 0.02814238 0.02764074 0.02776591 0.03072949 0.02493859 0.02660555 0.02919681 0.02919865 0.02656510 0.03542109 0.03981050 0.03087847 0.03175056 0.03479172 0.03974747 0.03974747 0.03974747 0.03974747 0.03898603 0.03898603 0.03160262 0.03312791 0.03641711 0.03042150 0.03405290 0.02882628 0.03300713 0.03620481 0.03688682 0.03705806 0.03317127 0.02970508 0.03311189 0.02658752 0.03194114 0.03473203 0.03121546 0.02588595 0.03168921 0.02708772 0.02437658 0.02462319 0.02668862 0.02507636 0.03351193 0.03001084 0.02693499 0.03329253 0.03974747 0.03974747 0.03974747 0.03307760 0.02527129 0.02319977 0.02781291 0.03636912 0.03072066 0.03167646 0.02628534 0.02634372 0.02684011 0.02750075 0.03322349 0.02741479 0.02550614 0.03232904 0.03438078 0.02978444 0.02651524 0.02478168 0.03274545 0.03027235 0.02468907 0.02678319 0.02652725 0.02996080 0.03019352 0.02698257 0.03375897 0.03133752 0.03133489 0.03389233 0.02650526 0.02608168 0.02730265 0.02534635 0.02688970 0.02352356 0.03024814 0.02468390 0.02914972 0.02884829 0.02656365 0.02900434 0.02762741 0.02630356 0.02734738 0.02920831 0.03663728 0.02652115 0.03151063 0.02864495 0.02554540 0.02447617 0.02420304 0.02959507 0.03537139 0.02813807 0.02601451 0.02972157 0.02895687 0.03291473 0.02870695 0.03065682 0.03385049 0.02686717 0.02626176 0.02645103 0.03191823 0.02751888 0.02986968 0.02620847 0.02815850 0.03285089 0.03036851 0.03072462 0.03024309 0.03178629 0.02791406 0.02768217 0.03074164 0.02841677 0.02590129 0.02999080 0.02690704 0.02546095 0.02916500 0.02706933 0.02874560 0.03139505 0.02769075 0.02969633 0.03187317 0.03018930 0.02850245 0.03006145 0.02857885 0.03554747 0.03630706 0.03674110 0.03604545 
0.03974747 0.00000000 0.03974747 0.03974747 0.03974747 0.03974747 0.03974747 0.03894680 0.03894680 0.03755477 0.03716878 0.03574132 0.03126779 0.02758327 0.02813972 0.02940775 0.03063465 0.03194754 0.02508112 0.02766755 0.02718347 0.02567271 0.02960265 0.03053380 0.02998953 0.02731977 0.03869600 0.02678396 0.02674837 0.02923237 0.02926800 0.02553532 0.02597375 0.02684849 0.03011453 0.02618611 0.02572660 0.02941199 0.02702084 0.02676888 0.02412070 0.02814238 0.02764074 0.02776591 0.03072949 0.02493859 0.02660555 0.02919681 0.02919865 0.02656510 0.03542109 0.03981050 0.03087847 0.03175056 0.03479172 0.03974747 0.03974747 0.03974747 0.03974747 0.03898603 0.03898603 0.03160262 0.03312791 0.03641711 0.03042150 0.03405290 0.02882628 0.03300713 0.03620481 0.03688682 0.03705806 0.03317127 0.02970508 0.03311189 0.02658752 0.03194114 0.03473203 0.03121546 0.02588595 0.03168921 0.02708772 0.02437658 0.02462319 0.02668862 0.02507636 0.03351193 0.03001084 0.02693499 0.03329253 0.03974747 0.03974747 0.03974747 0.03307760 0.02527129 0.02319977 0.02781291 0.03636912 0.03072066 0.03167646 0.02628534 0.02634372 0.02684011 0.02750075 0.03322349 0.02741479 0.02550614 0.03232904 0.03438078 0.02978444 0.02651524 0.02478168 0.03274545 0.03027235 0.02468907 0.02678319 0.02652725 0.02996080 0.03019352 0.02698257 0.03375897 0.03133752 0.03133489 0.03389233 0.02650526 0.02608168 0.02730265 0.02534635 0.02688970 0.02352356 0.03024814 0.02468390 0.02914972 0.02884829 0.02656365 0.02900434 0.02762741 0.02630356 0.02734738 0.02920831 0.03663728 0.02652115 0.03151063 0.02864495 0.02554540 0.02447617 0.02420304 0.02959507 0.03537139 0.02813807 0.02601451 0.02972157 0.02895687 0.03291473 0.02870695 0.03065682 0.03385049 0.02686717 0.02626176 0.02645103 0.03191823 0.02751888 0.02986968 0.02620847 0.02815850 0.03285089 0.03036851 0.03072462 0.03024309 0.03178629 0.02791406 0.02768217 0.03074164 0.02841677 0.02590129 0.02999080 0.02690704 0.02546095 0.02916500 0.02706933 0.02874560 0.03139505 0.02769075 0.02969633 0.03187317 0.03018930 0.02850245 0.03006145 0.02857885 0.03554747 0.03630706 0.03674110 0.03604545 
0.03974747 0.03974747 0.00000000 0.03974747 0.03974747 0.03974747 0.03974747 0.03894680 0.03894680 0.03755477 0.03716878 0.03574132 0.03126779 0.02758327 0.02813972 0.02940775 0.03063465 0.03194754 0.02508112 0.02766755 0.02718347 0.02567271 0.02960265 0.03053380 0.02998953 0.02731977 0.03869600 0.02678396 0.02674837 0.02923237 0.02926800 0.02553532 0.02597375 0.02684849 0.03011453 0.02618611 0.02572660 0.02941199 0.02702084 0.02676888 0.02412070 0.02814238 0.02764074 0.02776591 0.03072949 0.02493859 0.02660555 0.02919681 0.02919865 0.02656510 0.03542109 0.03981050 0.03087847 0.03175056 0.03479172 0.03974747 0.03974747 0.03974747 0.03974747 0.03898603 0.03898603 0.03160262 0.03312791 0.03641711 0.03042150 0.03405290 0.02882628 0.03300713 0.03620481 0.03688682 0.03705806 0.03317127 0.02970508 0.03311189 0.02658752 0.03194114 0.03473203 0.03121546 0.02588595 0.03168921 0.02708772 0.02437658 0.02462319 0.02668862 0.02507636 0.03351193 0.03001084 0.02693499 0.03329253 0.03974747 0.03974747 0.03974747 0.03307760 0.02527129 0.02319977 0.02781291 0.03636912 0.03072066 0.03167646 0.02628534 0.02634372 0.02684011 0.02750075 0.03322349 0.02741479 0.02550614 0.03232904 0.03438078 0.02978444 0.02651524 0.02478168 0.03274545 0.03027235 0.02468907 0.02678319 0.02652725 0.02996080 0.03019352 0.02698257 0.03375897 0.03133752 0.03133489 0.03389233 0.02650526 0.02608168 0.02730265 0.02534635 0.02688970 0.02352356 0.03024814 0.02468390 0.02914972 0.02884829 0.02656365 0.02900434 0.02762741 0.02630356 0.02734738 0.02920831 0.03663728 0.02652115 0.03151063 0.02864495 0.02554540 0.02447617 0.02420304 0.02959507 0.03537139 0.02813807 0.02601451 0.02972157 0.02895687 0.03291473 0.02870695 0.03065682 0.03385049 0.02686717 0.02626176 0.02645103 0.03191823 0.02751888 0.02986968 0.02620847 0.02815850 0.03285089 0.03036851 0.03072462 0.03024309 0.03178629 0.02791406 0.02768217 0.03074164 0.02841677 0.02590129 0.02999080 0.02690704 0.02546095 0.02916500 0.02706933 0.02874560 0.03139505 0.02769075 0.02969633 0.03187317 0.03018930 0.02850245 0.03006145 0.02857885 0.03554747 0.03630706 0.03674110 0.03604545 
0.03974747 0.03974747 0.03974747 0.00000000 0.03974747 0.03974747 0.03974747 0.03894680 0.03894680 0.03755477 0.03716878 0.03574132 0.03126779 0.02758327 0.02813972 0.02940775 0.03063465 0.03194754 0.02508112 0.02766755 0.02718347 0.02567271 0.02960265 0.03053380 0.02998953 0.02731977 0.03869600 0.02678396 0.02674837 0.02923237 0.02926800 0.02553532 0.02597375 0.02684849 0.03011453 0.02618611 0.02572660 0.02941199 0.02702084 0.02676888 0.02412070 0.02814238 0.02764074 0.02776591 0.03072949 0.02493859 0.02660555 0.02919681 0.02919865 0.02656510 0.03542109 0.03981050 0.03087847 0.03175056 0.03479172 0.03974747 0.03974747 0.03974747 0.03974747 0.03898603 0.03898603 0.03160262 0.03312791 0.03641711 0.03042150 0.03405290 0.02882628 0.03300713 0.03620481 0.03688682 0.03705806 0.03317127 0.02970508 0.03311189 0.02658752 0.03194114 0.03473203 0.03121546 0.02588595 0.03168921 0.02708772 0.02437658 0.02462319 0.02668862 0.02507636 0.03351193 0.03001084 0.02693499 0.03329253 0.03974747 0.03974747 0.03974747 0.03307760 0.02527129 0.02319977 0.02781291 0.03636912 0.03072066 0.03167646 0.02628534 0.02634372 0.02684011 0.02750075 0.03322349 0.02741479 0.02550614 0.03232904 0.03438078 0.02978444 0.02651524 0.02478168 0.03274545 0.03027235 0.02468907 0.02678319 0.02652725 0.02996080 0.03019352 0.02698257 0.03375897 0.03133752 0.03133489 0.03389233 0.02650526 0.02608168 0.02730265 0.02534635 0.02688970 0.02352356 0.03024814 0.02468390 0.02914972 0.02884829 0.02656365 0.02900434 0.02762741 0.02630356 0.02734738 0.02920831 0.03663728 0.02652115 0.03151063 0.02864495 0.02554540 0.02447617 0.02420304 0.02959507 0.03537139 0.02813807 0.02601451 0.02972157 0.02895687 0.03291473 0.02870695 0.03065682 0.03385049 0.02686717 0.02626176 0.02645103 0.03191823 0.02751888 0.02986968 0.02620847 0.02815850 0.03285089 0.03036851 0.03072462 0.03024309 0.03178629 0.02791406 0.02768217 0.03074164 0.02841677 0.02590129 0.02999080 0.02690704 0.02546095 0.02916500 0.02706933 0.02874560 0.03139505 0.02769075 0.02969633 0.03187317 0.03018930 0.02850245 0.03006145 0.02857885 0.03554747 0.03630706 0.03674110 0.03604545 
0.03974747 0.03974747 0.03974747 0.03974747 0.00000000 0.03974747 0.03974747 0.03894680 0.03894680 0.03755477 0.03716878 0.03574132 0.03126779 0.02758327 0.02813972 0.02940775 0.03063465 0.03194754 0.02508112 0.02766755 0.02718347 0.02567271 0.02960265 0.03053380 0.02998953 0.02731977 0.03869600 0.02678396 0.02674837 0.02923237 0.02926800 0.02553532 0.02597375 0.02684849 0.03011453 0.02618611 0.02572660 0.02941199 0.02702084 0.02676888 0.02412070 0.02814238 0.02764074 0.02776591 0.03072949 0.02493859 0.02660555 0.02919681 0.02919865 0.02656510 0.03542109 0.03981050 0.03087847 0.03175056 0.03479172 0.03974747 0.03974747 0.03974747 0.03974747 0.03898603 0.03898603 0.03160262 0.03312791 0.03641711 0.03042150 0.03405290 0.02882628 0.03300713 0.03620481 0.03688682 0.03705806 0.03317127 0.02970508 0.03311189 0.02658752 0.03194114 0.03473203 0.03121546 0.02588595 0.03168921 0.02708772 0.02437658 0.02462319 0.02668862 0.02507636 0.03351193 0.03001084 0.02693499 0.03329253 0.03974747 0.03974747 0.03974747 0.03307760 0.02527129 0.02319977 0.02781291 0.03636912 0.03072066 0.03167646 0.02628534 0.02634372 0.02684011 0.02750075 0.03322349 0.02741479 0.02550614 0.03232904 0.03438078 0.02978444 0.02651524 0.02478168 0.03274545 0.03027235 0.02468907 0.02678319 0.02652725 0.02996080 0.03019352 0.02698257 0.03375897 0.03133752 0.03133489 0.03389233 0.02650526 0.02608168 0.02730265 0.02534635 0.02688970 0.02352356 0.03024814 0.02468390 0.02914972 0.02884829 0.02656365 0.02900434 0.02762741 0.02630356 0.02734738 0.02920831 0.03663728 0.02652115 0.03151063 0.02864495 0.02554540 0.02447617 0.02420304 0.02959507 0.03537139 0.02813807 0.02601451 0.02972157 0.02895687 0.03291473 0.02870695 0.03065682 0.03385049 0.02686717 0.02626176 0.02645103 0.03191823 0.02751888 0.02986968 0.02620847 0.02815850 0.03285089 0.03036851 0.03072462 0.03024309 0.03178629 0.02791406 0.02768217 0.03074164 0.02841677 0.02590129 0.02999080 0.02690704 0.02546095 0.02916500 0.02706933 0.02874560 0.03139505 0.02769075 0.02969633 0.03187317 0.03018930 0.02850245 0.03006145 0.02857885 0.03554747 0.03630706 0.03674110 0.03604545 
0.03974747 0.03974747 0.03974747 0.03974747 0.03974747 0.00000000 0.03974747 0.03894680 0.03894680 0.03755477 0.03716878 0.03574132 0.03126779 0.02758327 0.02813972 0.02940775 0.03063465 0.03194754 0.02508112 0.02766755 0.02718347 0.02567271 0.02960265 0.03053380 0.02998953 0.02731977 0.03869600 0.02678396 0.02674837 0.02923237 0.02926800 0.02553532 0.02597375 0.02684849 0.03011453 0.02618611 0.02572660 0.02941199 0.02702084 0.02676888 0.02412070 0.02814238 0.02764074 0.02776591 0.03072949 0.02493859 0.02660555 0.02919681 0.02919865 0.02656510 0.03542109 0.03981050 0.03087847 0.03175056 0.03479172 0.03974747 0.03974747 0.03974747 0.03974747 0.03898603 0.03898603 0.03160262 0.03312791 0.03641711 0.03042150 0.03405290 0.02882628 0.03300713 0.03620481 0.03688682 0.03705806 0.03317127 0.02970508 0.03311189 0.02658752 0.03194114 0.03473203 0.03121546 0.02588595 0.03168921 0.02708772 0.02437658 0.02462319 0.02668862 0.02507636 0.03351193 0.03001084 0.02693499 0.03329253 0.03974747 0.03974747 0.03974747 0.03307760 0.02527129 0.02319977 0.02781291 0.03636912 0.03072066 0.03167646 0.02628534 0.02634372 0.02684011 0.02750075 0.03322349 0.02741479 0.02550614 0.03232904 0.03438078 0.02978444 0.02651524 0.02478168 0.03274545 0.03027235 0.02468907 0.02678319 0.02652725 0.02996080 0.03019352 0.02698257 0.03375897 0.03133752 0.03133489 0.03389233 0.02650526 0.02608168 0.02730265 0.02534635 0.02688970 0.02352356 0.03024814 0.02468390 0.02914972 0.02884829 0.02656365 0.02900434 0.02762741 0.02630356 0.02734738 0.02920831 0.03663728 0.02652115 0.03151063 0.02864495 0.02554540 0.02447617 0.02420304 0.02959507 0.03537139 0.02813807 0.02601451 0.02972157 0.02895687 0.03291473 0.02870695 0.03065682 0.03385049 0.02686717 0.02626176 0.02645103 0.03191823 0.02751888 0.02986968 0.02620847 0.02815850 0.03285089 0.03036851 0.03072462 0.03024309 0.03178629 0.02791406 0.02768217 0.03074164 0.02841677 0.02590129 0.02999080 0.02690704 0.02546095 0.02916500 0.02706933 0.02874560 0.03139505 0.02769075 0.02969633 0.03187317 0.03018930 0.02850245 0.03006145 0.02857885 0.03554747 0.03630706 0.03674110 0.03604545 
0.03974747 0.03974747 0.03974747 0.03974747 0.03974747 0.03974747 0.00000000 0.03894680 0.03894680 0.03755477 0.03716878 0.03574132 0.03126779 0.02758327 0.02813972 0.02940775 0.03063465 0.03194754 0.02508112 0.02766755 0.02718347 0.02567271 0.02960265 0.03053380 0.02998953 0.02731977 0.03869600 0.02678396 0.02674837 0.02923237 0.02926800 0.02553532 0.02597375 0.02684849 0.03011453 0.02618611 0.02572660 0.02941199 0.02702084 0.02676888 0.02412070 0.02814238 0.02764074 0.02776591 0.03072949 0.02493859 0.02660555 0.02919681 0.02919865 0.02656510 0.03542109 0.03981050 0.03087847 0.03175056 0.03479172 0.03974747 0.03974747 0.03974747 0.03974747 0.03898603 0.03898603 0.03160262 0.03312791 0.03641711 0.03042150 0.03405290 0.02882628 0.03300713 0.03620481 0.03688682 0.03705806 0.03317127 0.02970508 0.03311189 0.02658752 0.03194114 0.03473203 0.03121546 0.02588595 0.03168921 0.02708772 0.02437658 0.02462319 0.02668862 0.02507636 0.03351193 0.03001084 0.02693499 0.03329253 0.03974747 0.03974747 0.03974747 0.03307760 0.02527129 0.02319977 0.02781291 0.03636912 0.03072066 0.03167646 0.02628534 0.02634372 0.02684011 0.02750075 0.03322349 0.02741479 0.02550614 0.03232904 0.03438078 0.02978444 0.02651524 0.02478168 0.03274545 0.03027235 0.02468907 0.02678319 0.02652725 0.02996080 0.03019352 0.02698257 0.03375897 0.03133752 0.03133489 0.03389233 0.02650526 0.02608168 0.02730265 0.02534635 0.02688970 0.02352356 0.03024814 0.02468390 0.02914972 0.02884829 0.02656365 0.02900434 0.02762741 0.02630356 0.02734738 0.02920831 0.03663728 0.02652115 0.03151063 0.02864495 0.02554540 0.02447617 0.02420304 0.02959507 0.03537139 0.02813807 0.02601451 0.02972157 0.02895687 0.03291473 0.02870695 0.03065682 0.03385049 0.02686717 0.02626176 0.02645103 0.03191823 0.02751888 0.02986968 0.02620847 0.02815850 0.03285089 0.03036851 0.03072462 0.03024309 0.03178629 0.02791406 0.02768217 0.03074164 0.02841677 0.02590129 0.02999080 0.02690704 0.02546095 0.02916500 0.02706933 0.02874560 0.03139505 0.02769075 0.02969633 0.03187317 0.03018930 0.02850245 0.03006145 0.02857885 0.03554747 0.03630706 0.03674110 0.03604545 
0.03894680 0.03894680 0.03894680 0.03894680 0.03894680 0.03894680 0.03894680 0.00000000 0.04476098 0.04197876 0.04179619 0.04083861 0.03221771 0.02683008 0.03130929 0.02929795 0.03072439 0.03578149 0.02168197 0.02477776 0.03668521 0.02262820 0.03165131 0.02884678 0.03270306 0.03095228 0.03509963 0.03425100 0.02403022 0.02666846 0.04496143 0.03543702 0.03903716 0.03899467 0.02972917 0.02659558 0.02336629 0.02942164 0.02554251 0.02345998 0.02017236 0.02513551 0.02460640 0.03168090 0.03209119 0.03757375 0.02308807 0.02987966 0.02717282 0.02426629 0.03351230 0.03695818 0.03117704 0.03196097 0.03274853 0.03894680 0.03894680 0.03894680 0.03894680 0.03771291 0.03771291 0.03291794 0.03195848 0.03890953 0.02993978 0.03236993 0.03016151 0.03522785 0.03297720 0.03404731 0.03426635 0.02813454 0.03099767 0.02953280 0.02638194 0.03074861 0.03771750 0.02953356 0.02678389 0.03218401 0.02565021 0.02122937 0.02068989 0.02570356 0.02253970 0.02925372 0.03040843 0.02422333 0.03516195 0.03894680 0.03894680 0.03894680 0.02808418 0.02274765 0.01919090 0.02709507 0.03947158 0.02880189 0.03078378 0.03895481 0.03182579 0.03971610 0.02764746 0.03132384 0.02586021 0.02849973 0.03245357 0.03735181 0.02707769 0.02871784 0.02790612 0.03476203 0.02681458 0.02786483 0.02836056 0.03654514 0.03206415 0.02715321 0.03661436 0.03439153 0.03249919 0.03273805 0.03097796 0.02342484 0.02752628 0.03075512 0.03745504 0.02859791 0.03374349 0.02665385 0.02119871 0.02689203 0.02695108 0.02435908 0.02780927 0.02446843 0.02470304 0.02412607 0.02803743 0.03433047 0.02984879 0.02792052 0.02588393 0.02875032 0.03171048 0.03140829 0.02719502 0.04058762 0.02769498 0.02432262 0.02872567 0.02806298 0.02832118 0.03015301 0.03384789 0.03224787 0.03239727 0.03028756 0.02498181 0.03060876 0.02807825 0.02826758 0.02414948 0.02519501 0.03382416 0.03051407 0.02523753 0.02570740 0.02619488 0.02325941 0.03195002 0.02571269 0.02837052 0.02518697 0.02586900 0.02336891 0.02587657 0.02528380 0.02192790 0.02399039 0.02640574 0.02256572 0.02445428 0.02687158 0.02484035 0.02377133 0.02596156 0.02562079 0.03292726 0.03445393 0.03489468 0.03483662 
0.03894680 0.03894680 0.03894680 0.03894680 0.03894680 0.03894680 0.03894680 0.04476098 0.00000000 0.04197876 0.04179619 0.04083861 0.03221771 0.02683008 0.03130929 0.02929795 0.03072439 0.03578149 0.02168197 0.02477776 0.03668521 0.02262820 0.03165131 0.02884678 0.03270306 0.03095228 0.03509963 0.03425100 0.02403022 0.02666846 0.04496143 0.03543702 0.03903716 0.03899467 0.02972917 0.02659558 0.02336629 0.02942164 0.02554251 0.02345998 0.02017236 0.02513551 0.02460640 0.03168090 0.03209119 0.03757375 0.02308807 0.02987966 0.02717282 0.02426629 0.03351230 0.03695818 0.03117704 0.03196097 0.03274853 0.03894680 0.03894680 0.03894680 0.03894680 0.03771291 0.03771291 0.03291794 0.03195848 0.03890953 0.02993978 0.03236993 0.03016151 0.03522785 0.03297720 0.03404731 0.03426635 0.02813454 0.03099767 0.02953280 0.02638194 0.03074861 0.03771750 0.02953356 0.02678389 0.03218401 0.02565021 0.02122937 0.02068989 0.02570356 0.02253970 0.02925372 0.03040843 0.02422333 0.03516195 0.03894680 0.03894680 0.03894680 0.02808418 0.02274765 0.01919090 0.02709507 0.03947158 0.02880189 0.03078378 0.03895481 0.03182579 0.03971610 0.02764746 0.03132384 0.02586021 0.02849973 0.03245357 0.03735181 0.02707769 0.02871784 0.02790612 0.03476203 0.02681458 0.02786483 0.02836056 0.03654514 0.03206415 0.02715321 0.03661436 0.03439153 0.03249919 0.03273805 0.03097796 0.02342484 0.02752628 0.03075512 0.03745504 0.02859791 0.03374349 0.02665385 0.02119871 0.02689203 0.02695108 0.02435908 0.02780927 0.02446843 0.02470304 0.02412607 0.02803743 0.03433047 0.02984879 0.02792052 0.02588393 0.02875032 0.03171048 0.03140829 0.02719502 0.04058762 0.02769498 0.02432262 0.02872567 0.02806298 0.02832118 0.03015301 0.03384789 0.03224787 0.03239727 0.03028756 0.02498181 0.03060876 0.02807825 0.02826758 0.02414948 0.02519501 0.03382416 0.03051407 0.02523753 0.02570740 0.02619488 0.02325941 0.03195002 0.02571269 0.02837052 0.02518697 0.02586900 0.02336891 0.02587657 0.02528380 0.02192790 0.02399039 0.02640574 0.02256572 0.02445428 0.02687158 0.02484035 0.02377133 0.02596156 0.02562079 0.03292726 0.03445393 0.03489468 0.03483662 
0.03755477 0.03755477 0.03755477 0.03755477 0.03755477 0.03755477 0.03755477 0.04197876 0.04197876 0.00000000 0.04030225 0.03889395 0.03134708 0.03330802 0.03068960 0.02576308 0.02998978 0.03554038 0.02636020 0.02634574 0.03424935 0.02542179 0.03140811 0.02848611 0.03317590 0.03018683 0.03305362 0.03003617 0.02635470 0.03027285 0.04327913 0.03282156 0.03735434 0.03666370 0.02953793 0.02506491 0.02718285 0.02904182 0.02347567 0.02768327 0.02298267 0.02609270 0.02585260 0.02943633 0.03214599 0.03561463 0.02435550 0.02954302 0.01953777 0.02929956 0.03209354 0.03491827 0.03138453 0.03200010 0.03136006 0.03755477 0.03755477 0.03755477 0.03755477 0.03646986 0.03646986 0.03369511 0.03089222 0.03990082 0.03648751 0.03080591 0.02662392 0.03542152 0.03281430 0.03359090 0.03377423 0.02815757 0.03141920 0.02750713 0.02250190 0.03092144 0.03918805 0.02989113 0.02318795 0.03712992 0.03251714 0.02679565 0.02286459 0.02399287 0.02686106 0.02721623 0.02910327 0.02802200 0.04354912 0.03755477 0.03755477 0.03755477 0.02569945 0.02766930 0.02293830 0.03078055 0.04720793 0.02923849 0.02302591 0.03715156 0.02834142 0.03815518 0.02677843 0.03051917 0.03374957 0.02730031 0.03155343 0.03641658 0.02422173 0.02833004 0.02622591 0.03560227 0.02521873 0.02509212 0.02772330 0.03448913 0.03235985 0.02466191 0.03571235 0.03392849 0.03299704 0.03320675 0.02915202 0.02550252 0.02633379 0.02865111 0.03534671 0.02803327 0.03154036 0.02344434 0.02463315 0.02382892 0.02473370 0.02839577 0.03355844 0.02587498 0.03005993 0.02788415 0.03301533 0.03293544 0.02536734 0.02393277 0.02675712 0.02706948 0.03041768 0.02838728 0.02514745 0.04226199 0.03510675 0.02999907 0.02785316 0.03435499 0.02630942 0.02987603 0.03438287 0.03051016 0.03061078 0.02949795 0.03158125 0.02797056 0.02670672 0.02703438 0.03032402 0.02204175 0.03410132 0.03033438 0.02643070 0.02693628 0.02758253 0.02331494 0.03108936 0.02747215 0.02825148 0.02362577 0.02727374 0.02358609 0.02328851 0.02569566 0.02238095 0.02480245 0.02778114 0.02240313 0.02476245 0.02777634 0.02551709 0.02333766 0.02589347 0.02415514 0.03248985 0.03297224 0.03345767 0.03278417 
0.03716878 0.03716878 0.03716878 0.03716878 0.03716878 0.03716878 0.03716878 0.04179619 0.04179619 0.04030225 0.00000000 0.05145669 0.03397227 0.02779801 0.03650901 0.03213344 0.03674476 0.03912103 0.02225197 0.01968274 0.03743933 0.02198294 0.03016085 0.02612488 0.02615369 0.02691425 0.02595322 0.02735616 0.01868377 0.04543199 0.03945466 0.03608825 0.04299045 0.03465689 0.03213049 0.02306874 0.01713490 0.02596413 0.02644454 0.04267466 0.03494631 0.04537108 0.04079052 0.03543373 0.03709533 0.03989145 0.01496074 0.03159993 0.03195514 0.03452101 0.03077466 0.02953408 0.02789175 0.02404503 0.02816408 0.03716878 0.03716878 0.03716878 0.03716878 0.03464291 0.03464291 0.03005238 0.03023453 0.03191197 0.02836142 0.03040407 0.03078672 0.03493740 0.03132564 0.03639183 0.03879883 0.02516121 0.02453800 0.02334765 0.02799582 0.02835737 0.03942533 0.02511011 0.02060470 0.03022785 0.02214661 0.02249842 0.02346744 0.02377872 0.02089705 0.02611623 0.03118429 0.03534808 0.03395711 0.03716878 0.03716878 0.03716878 0.01655630 0.02398340 0.01244517 0.03196311 0.03207861 0.02397496 0.03199853 0.03589617 0.02957467 0.04267292 0.02473121 0.03121676 0.02586954 0.02602451 0.02913666 0.04198991 0.03218577 0.02998368 0.03045703 0.03152693 0.02277454 0.03178877 0.02750093 0.03874100 0.02816954 0.02128033 0.03338113 0.03484515 0.02592485 0.03201343 0.03187489 0.01633199 0.02369906 0.02297608 0.03387358 0.02335800 0.02207246 0.02062972 0.01497906 0.02435062 0.02205184 0.02585620 0.03326188 0.02313425 0.03167463 0.05387423 0.03250657 0.03701235 0.03414387 0.03085872 0.04844742 0.03229137 0.03754067 0.02492300 0.02797861 0.03222990 0.03374708 0.01523689 0.02624681 0.02787569 0.01902101 0.03328432 0.03317315 0.02916304 0.03026072 0.02966433 0.02622261 0.02994676 0.02557520 0.03228697 0.02802571 0.02273170 0.03438087 0.02679161 0.03028690 0.02889426 0.02354220 0.02354966 0.03501110 0.02728298 0.03531448 0.02899468 0.02417283 0.02599837 0.03709408 0.02625033 0.02291482 0.02408115 0.02900803 0.02555407 0.02848039 0.02662990 0.02590562 0.02739672 0.02557065 0.02468684 0.03775321 0.03810398 0.04003014 0.03970859 
0.03574132 0.03574132 0.03574132 0.03574132 0.03574132 0.03574132 0.03574132 0.04083861 0.04083861 0.03889395 0.05145669 0.00000000 0.03895344 0.03596652 0.03486100 0.03137955 0.03539353 0.04447008 0.01858618 0.01939409 0.03713394 0.02706600 0.03364105 0.02470101 0.02734146 0.02443252 0.02131112 0.03482401 0.01729636 0.04582609 0.03910059 0.03761385 0.03855940 0.03834094 0.02693163 0.03035317 0.01577450 0.02914282 0.03179507 0.03543670 0.02897338 0.04488954 0.04144788 0.03174134 0.04008200 0.04043598 0.01430272 0.03222010 0.02923134 0.03606624 0.02619146 0.02559861 0.02973690 0.03171792 0.02668079 0.03574132 0.03574132 0.03574132 0.03574132 0.03309167 0.03309167 0.02866057 0.03365683 0.03214667 0.03001797 0.03477541 0.03381558 0.03763655 0.03462741 0.03947207 0.04454436 0.02792188 0.02676554 0.02486301 0.03065016 0.03202633 0.03840877 0.02493127 0.01768251 0.03113623 0.03027235 0.02231374 0.02752684 0.02672111 0.01917896 0.02526747 0.03541065 0.03070846 0.03425834 0.03574132 0.03574132 0.03574132 0.01196315 0.01656959 0.01807957 0.03507031 0.02821613 0.02369110 0.02608017 0.03092182 0.02423071 0.03497501 0.02690854 0.02819831 0.02527897 0.02808788 0.02310283 0.03500262 0.02405491 0.03143649 0.02507566 0.03152228 0.01918685 0.02877838 0.02798446 0.03404898 0.03282868 0.02941557 0.03278657 0.03187484 0.02470365 0.02818276 0.03242866 0.01506579 0.02894607 0.02864590 0.03694585 0.02588945 0.02129290 0.02007152 0.02810663 0.02539342 0.02653545 0.02571895 0.03147733 0.01949648 0.02599049 0.04556123 0.03734584 0.03553285 0.03244188 0.02360001 0.04150795 0.03009896 0.02867066 0.02804217 0.02422256 0.02785535 0.03605925 0.01934396 0.02868067 0.03151520 0.01269258 0.02595801 0.03623679 0.02450560 0.02796527 0.02980695 0.02996516 0.04013615 0.02375344 0.03020355 0.03339288 0.02573375 0.02770988 0.02931742 0.03357675 0.02769089 0.02933243 0.02630383 0.03745246 0.02968721 0.03542680 0.03480677 0.02662316 0.02570013 0.03972043 0.03124253 0.02726770 0.02010693 0.02568496 0.02975358 0.02859725 0.02722130 0.02667460 0.03183024 0.02769503 0.02245307 0.03899731 0.03660652 0.03871528 0.03821081 
0.03126779 0.03126779 0.03126779 0.03126779 0.03126779 0.03126779 0.03126779 0.03221771 0.03221771 0.03134708 0.03397227 0.03895344 0.00000000 0.03272840 0.03315436 0.03554268 0.03742643 0.05058645 0.04900367 0.01116023 0.02196836 0.02639837 0.04347047 0.03514258 0.03380442 0.02458339 0.02670046 0.03503161 0.03171514 0.03369976 0.02487976 0.02287359 0.02175586 0.03075271 0.02163712 0.02658114 0.02614362 0.03066757 0.03170079 0.01733044 0.03360533 0.02887389 0.02520878 0.03270687 0.02521600 0.02768693 0.01876673 0.03417429 0.02807146 0.03078904 0.03543295 0.02863066 0.02239300 0.02954470 0.02983015 0.03126779 0.03126779 0.03126779 0.03126779 0.02905942 0.02905942 0.02234262 0.02841115 0.03015944 0.03296286 0.03270416 0.03296409 0.03503992 0.02154761 0.02971520 0.03371738 0.02652597 0.03942287 0.02265067 0.02272752 0.03018025 0.02820238 0.02003372 0.02840201 0.03456018 0.01690919 0.03074284 0.03096560 0.02701139 0.03161295 0.03511080 0.01984861 0.02905083 0.02792918 0.03126779 0.03126779 0.03126779 0.02883442 0.02120144 0.03024572 0.02605703 0.02357290 0.01707359 0.03666247 0.02630724 0.01297291 0.03045353 0.02477777 0.03839149 0.03068480 0.03549875 0.03737439 0.03265606 0.02903147 0.02848623 0.04222782 0.04287002 0.02206365 0.02858459 0.02913583 0.02794565 0.02451263 0.02148355 0.02658669 0.02551610 0.02456416 0.02718422 0.02949605 0.02334271 0.02439960 0.03546572 0.02796049 0.02642844 0.01882631 0.03414208 0.02952249 0.04699648 0.03835082 0.04081706 0.02873814 0.02382489 0.03006847 0.02925362 0.03214770 0.02661517 0.02344166 0.03331411 0.03485475 0.02992601 0.01717352 0.01545539 0.02488001 0.02684560 0.04415307 0.02177637 0.02763742 0.04293317 0.04313082 0.02707665 0.02047848 0.04146069 0.02656980 0.02919669 0.02365004 0.05332890 0.03168394 0.02671287 0.04531737 0.03938339 0.03377538 0.02569503 0.03799960 0.04427128 0.05395411 0.03828618 0.03412448 0.04579325 0.03573240 0.03641982 0.03520575 0.01963022 0.04442956 0.03665555 0.02588798 0.03517263 0.03179277 0.02665122 0.03959344 0.04988408 0.02615666 0.02317787 0.04437557 0.03761711 0.03878220 0.03201573 0.03369050 0.04269001 
0.02758327 0.02758327 0.02758327 0.02758327 0.02758327 0.02758327 0.02758327 0.02683008 0.02683008 0.03330802 0.02779801 0.03596652 0.03272840 0.00000000 0.04428056 0.05941933 0.02156125 0.03858596 0.03629152 0.03076520 0.02653863 0.04202218 0.02048336 0.03216079 0.01739221 0.03752489 0.02530239 0.02446885 0.03453950 0.02697054 0.02173519 0.03122365 0.02325439 0.02432947 0.01982925 0.01920066 0.04405365 0.01955049 0.03379453 0.01719863 0.02693026 0.02753402 0.03321948 0.03621928 0.02743147 0.03139612 0.02853265 0.02592499 0.04065238 0.04515410 0.03980109 0.04652584 0.03764688 0.03129418 0.04013324 0.02758327 0.02758327 0.02758327 0.02758327 0.03068131 0.03068131 0.02330923 0.02249749 0.03629713 0.03260262 0.02511064 0.02997608 0.03315916 0.03215707 0.03194682 0.03497359 0.02754201 0.02145712 0.02381683 0.04330784 0.02062773 0.03546939 0.02422892 0.02028946 0.03223234 0.03324949 0.02317615 0.03443286 0.01305003 0.02525940 0.03072042 0.03038568 0.03591348 0.03628422 0.02758327 0.02758327 0.02758327 0.02710186 0.05021136 0.02531543 0.02320090 0.02378621 0.02087862 0.04122030 0.03239883 0.02537880 0.03430136 0.05015971 0.04895474 0.02635726 0.04209393 0.02823993 0.01856096 0.02553933 0.02108505 0.03974521 0.04754765 0.03128272 0.01973662 0.01496947 0.03657528 0.03768035 0.01899395 0.02144321 0.02557955 0.02294471 0.02355877 0.02772138 0.04572889 0.01811900 0.01498941 0.03242873 0.02309028 0.02219841 0.01185531 0.03018420 0.03566851 0.01739545 0.02894522 0.01562042 0.03186890 0.05096778 0.02323914 0.04346194 0.03379536 0.02571679 0.03007199 0.02876733 0.02657047 0.01826542 0.03201777 0.03663621 0.03870568 0.03350136 0.03661554 0.04798989 0.03449690 0.02191386 0.01790456 0.04007442 0.02929482 0.03270478 0.02821864 0.04653562 0.04514881 0.04620072 0.03619316 0.05316760 0.03412920 0.03770209 0.02994402 0.03655929 0.02688037 0.03204923 0.03483844 0.07052924 0.03299842 0.04655690 0.03879193 0.04061920 0.02757321 0.02999901 0.03088956 0.02050253 0.04124044 0.03680361 0.02463525 0.02978511 0.03591189 0.01817828 0.02297059 0.01962316 0.02529679 0.03209399 0.02449519 0.02677856 0.03107579 
0.02813972 0.02813972 0.02813972 0.02813972 0.02813972 0.02813972 0.02813972 0.03130929 0.03130929 0.03068960 0.03650901 0.03486100 0.03315436 0.04428056 0.00000000 0.03306332 0.04471885 0.02989052 0.03689469 0.01189376 0.02072551 0.01639524 0.03459262 0.03875461 0.03489582 0.03334032 0.03368584 0.02818436 0.05182471 0.03256753 0.02725930 0.02922584 0.03190054 0.02736829 0.02876282 0.02189702 0.02766824 0.03225866 0.02159579 0.02724636 0.04987661 0.03122301 0.03309403 0.02515963 0.03015472 0.03939931 0.02099864 0.02133518 0.03939973 0.04329980 0.03735465 0.02822751 0.02496654 0.02030069 0.02182019 0.02813972 0.02813972 0.02813972 0.02813972 0.02878479 0.02878479 0.02443786 0.03438212 0.02339773 0.02342434 0.02723762 0.04060819 0.02432017 0.02537726 0.03088350 0.03066053 0.03116584 0.01878663 0.01461438 0.03309999 0.02833223 0.03382431 0.02363897 0.03879371 0.02392244 0.01925358 0.03103646 0.02396228 0.02548695 0.02804320 0.01705059 0.04459399 0.01786494 0.03178407 0.02813972 0.02813972 0.02813972 0.05256787 0.02953148 0.02976266 0.02793886 0.02599369 0.01616326 0.03119924 0.02684438 0.01735672 0.02007478 0.02847564 0.02307254 0.04243115 0.01895522 0.02997132 0.02130736 0.03651212 0.02435118 0.02963598 0.03128460 0.01910247 0.02073330 0.01685560 0.02488964 0.02527328 0.04492192 0.03674661 0.01996131 0.04835895 0.04015726 0.02988786 0.02714460 0.03315768 0.01876752 0.03005168 0.02093832 0.02348347 0.04059694 0.03060639 0.02432687 0.03156807 0.04252970 0.03380556 0.02779966 0.02547510 0.03367742 0.03117799 0.04164870 0.02084301 0.03559986 0.04360994 0.01647661 0.03495101 0.01591764 0.02538197 0.03322340 0.03065188 0.04116284 0.04143774 0.03734011 0.02839810 0.02796581 0.03341232 0.02243116 0.05096797 0.04117249 0.04402873 0.03461161 0.05916558 0.04658699 0.03017067 0.02714398 0.03208773 0.02442175 0.03984561 0.03514523 0.02685043 0.04224552 0.03214524 0.04268980 0.03745537 0.04195558 0.05119053 0.02276364 0.02541781 0.03326017 0.01767816 0.03594372 0.05071874 0.03849719 0.02801757 0.04295016 0.03296669 0.03755774 0.04521612 0.03271316 0.02742396 0.03108832 0.03241504 0.03549320 
0.02940775 0.02940775 0.02940775 0.02940775 0.02940775 0.02940775 0.02940775 0.02929795 0.02929795 0.02576308 0.03213344 0.03137955 0.03554268 0.05941933 0.03306332 0.00000000 0.02440448 0.03674661 0.03194551 0.03858416 0.03244324 0.03234202 0.02226729 0.03042691 0.03017633 0.02815232 0.02662636 0.01069891 0.01847204 0.02906593 0.02446906 0.03913689 0.01738430 0.03515495 0.02207941 0.03257009 0.04216676 0.03773121 0.02205109 0.01625073 0.03132108 0.02536523 0.02325392 0.02575942 0.02580849 0.02489819 0.03194799 0.03128757 0.03705778 0.03711753 0.02992645 0.03892909 0.01769398 0.02615074 0.02807660 0.02940775 0.02940775 0.02940775 0.02940775 0.02881977 0.02881977 0.02359796 0.02692722 0.01686022 0.02728711 0.02913397 0.03317774 0.02521055 0.03158308 0.03109687 0.02786277 0.02980287 0.03412430 0.01473023 0.03051964 0.02632083 0.03168307 0.02768810 0.02863902 0.02724163 0.02040262 0.03466311 0.03791890 0.02362054 0.02695363 0.03167909 0.02796853 0.04484004 0.01891759 0.02940775 0.02940775 0.02940775 0.01661637 0.04592499 0.03156374 0.01294728 0.01582841 0.02419840 0.02859773 0.03904354 0.01232840 0.02303135 0.04929770 0.03217238 0.01762219 0.02291832 0.02324417 0.01996048 0.01976121 0.02286674 0.02488665 0.02721945 0.03088043 0.02140667 0.03919397 0.01524998 0.04703116 0.03508759 0.03002915 0.01721067 0.03438352 0.03276468 0.02807421 0.03739986 0.03673443 0.03761202 0.03118079 0.05750247 0.03404631 0.03065367 0.01893816 0.03883853 0.02362092 0.02524358 0.03093251 0.04035285 0.03519799 0.02092013 0.03076796 0.03327271 0.02114942 0.05239490 0.02949531 0.03741941 0.00258444 0.03160602 0.03827280 0.02750305 0.02608399 0.04138900 0.03900002 0.01992743 0.02149089 0.04788210 0.03091534 0.02482500 0.04383622 0.01299424 0.03911845 0.03883883 0.04613563 0.02180566 0.06282258 0.05003658 0.02521240 0.03582805 0.05225047 0.02163435 0.03075944 0.02010775 0.03215375 0.03125100 0.04974028 0.03642296 0.04215479 0.03928838 0.02626163 0.02041830 0.02879430 0.04600679 0.05693875 0.03012535 0.03601866 0.03331077 0.03651754 0.04142193 0.05400901 0.03940457 0.02891190 0.03557976 0.03147039 0.03386828 
0.03063465 0.03063465 0.03063465 0.03063465 0.03063465 0.03063465 0.03063465 0.03072439 0.03072439 0.02998978 0.03674476 0.03539353 0.03742643 0.02156125 0.04471885 0.02440448 0.00000000 0.03712813 0.04994772 0.02056288 0.03943759 0.03354167 0.03793291 0.05623001 0.02708157 0.03743489 0.02944381 0.03391630 0.04652383 0.02777268 0.02352033 0.02397864 0.02250728 0.02141075 0.04715715 0.02852110 0.02383591 0.02720700 0.03536180 0.03446747 0.04432859 0.03487553 0.03051635 0.03555584 0.02930357 0.01994341 0.03984364 0.03058937 0.02599091 0.04400623 0.02620560 0.01965469 0.03562077 0.02722481 0.02885681 0.03063465 0.03063465 0.03063465 0.03063465 0.02921524 0.02921524 0.03662199 0.01734229 0.01213050 0.01609092 0.03503348 0.02852788 0.01996443 0.02686740 0.03745838 0.03354683 0.05380605 0.03503279 0.01715725 0.04458338 0.02254406 0.01823600 0.02967512 0.05034134 0.02921086 0.03049906 0.03038384 0.02477175 0.03934544 0.06116569 0.03187187 0.02419348 0.02160675 0.02672044 0.03063465 0.03063465 0.03063465 0.03474599 0.02959504 0.02089719 0.04544709 0.02347247 0.01887133 0.03156276 0.01843023 0.01669546 0.02778470 0.02810195 0.01959392 0.02664428 0.02434457 0.02949237 0.03684828 0.02783960 0.03434730 0.02966145 0.01522372 0.02924101 0.03717535 0.02914061 0.02531296 0.04317865 0.03128526 0.02126984 0.03015725 0.03584227 0.02956482 0.04232359 0.02178815 0.03717990 0.02343379 0.04730646 0.02247011 0.03575387 0.03977531 0.04462799 0.03095476 0.02636324 0.03266715 0.04368111 0.02880360 0.03025509 0.03470668 0.03026094 0.01917607 0.02658946 0.03832304 0.03984577 0.03270508 0.03104048 0.01702273 0.01859824 0.03395188 0.03433366 0.02186529 0.02412083 0.03047103 0.04323746 0.03199183 0.03190081 0.02247602 0.02933467 0.03861933 0.01646517 0.02561599 0.02893143 0.03999826 0.01914979 0.02727407 0.02552563 0.03985788 0.02486959 0.02103009 0.03530891 0.02067042 0.02965805 0.03606541 0.04488867 0.02836858 0.03301457 0.03842008 0.02853790 0.02984332 0.03219135 0.02881974 0.03531703 0.03254134 0.02412226 0.03037070 0.03283192 0.03065771 0.02411932 0.02792564 0.02764646 0.03270011 0.03407312 0.03628036 
0.03194754 0.03194754 0.03194754 0.03194754 0.03194754 0.03194754 0.03194754 0.03578149 0.03578149 0.03554038 0.03912103 0.04447008 0.05058645 0.03858596 0.02989052 0.03674661 0.03712813 0.00000000 0.04191028 0.02452051 0.04319848 0.01845863 0.03861455 0.02727524 0.02516994 0.01489326 0.01468179 0.02817469 0.03237223 0.04692347 0.03475182 0.02646337 0.03213395 0.02541873 0.02320660 0.02272472 0.02752370 0.02046508 0.02663288 0.02428943 0.02240473 0.03689722 0.02826946 0.04226353 0.02726847 0.02721418 0.02247790 0.02597344 0.03306442 0.01541759 0.02461483 0.03168431 0.01899811 0.02593114 0.02582824 0.03194754 0.03194754 0.03194754 0.03194754 0.02865292 0.02865292 0.01838459 0.02649500 0.03642390 0.02791847 0.03481742 0.03457179 0.03201650 0.02758777 0.03665218 0.04273789 0.02381709 0.02462060 0.02047556 0.01200958 0.02914799 0.02474532 0.02192765 0.03414468 0.03802042 0.02417811 0.02505779 0.01935103 0.01780002 0.00875097 0.01912426 0.03378569 0.01787818 0.03229760 0.03194754 0.03194754 0.03194754 0.01668139 0.01719871 0.01632789 0.02105671 0.03372624 0.02393123 0.00990103 0.02213479 0.02184829 0.04121248 0.02931577 0.04897388 0.03120944 0.01966444 0.03125061 0.02304688 0.02200533 0.02370823 0.03853483 0.03394644 0.02809037 0.02255085 0.03707241 0.03915182 0.01874228 0.02279811 0.03204665 0.04585455 0.02211500 0.01957855 0.02464709 0.02814799 0.02507012 0.04153740 0.03098611 0.01778928 0.02270656 0.02869275 0.03493668 0.03578088 0.02241666 0.02741643 0.02303362 0.04362295 0.02347459 0.04145048 0.05690272 0.01643374 0.05525242 0.02216116 0.04347729 0.03988634 0.03910927 0.02639311 0.03401835 0.03069494 0.05500134 0.04212942 0.03472491 0.03037295 0.04215055 0.03382392 0.02210990 0.02996427 0.03287615 0.03480471 0.02628014 0.04738806 0.04405753 0.03374622 0.04928178 0.04506210 0.02918036 0.01590165 0.04203389 0.06354744 0.04272816 0.02784425 0.03976636 0.02721223 0.03189304 0.03446059 0.04168329 0.02307738 0.06211768 0.04999147 0.02661946 0.03067976 0.02495225 0.02212543 0.02812813 0.03730452 0.01851473 0.02462996 0.02706613 0.02930080 0.03642813 0.03498909 0.03710511 0.03810820 
