0.00000000 0.15631236 0.14067983 0.14890114 0.13508926 0.13960772 0.13137647 0.13293310 0.12191238 0.12072808 0.13571370 0.11636690 0.11469167 0.11776606 0.11781784 0.10961163 0.11092169 0.11684707 0.11378375 0.11475702 0.11438748 0.10991754 0.11174308 0.11310436 0.11042949 0.11012548 0.12794866 0.11234669 0.11488436 0.11909134 0.11613301 0.11212778 0.11302614 0.11465146 0.10443529 0.11493068 0.11258534 0.11027171 0.12007295 0.10879144 0.10813391 0.11416021 0.11247353 0.12286453 0.11063701 0.11044553 0.11524090 0.11603379 0.10303835 0.10852671 0.12091400 0.12314757 0.11513784 0.10447420 0.12013103 0.12844614 0.12685093 0.12813727 0.13334901 0.13340228 0.13302299 0.11360132 0.10312263 0.11574845 0.12056954 0.11233551 0.10818305 0.11527403 0.11088289 0.11648196 0.10937238 0.10900126 0.10532238 0.12767912 0.11356387 0.10389872 0.10694010 0.11778151 0.10543004 0.10946045 0.10899479 0.10334705 0.11457594 0.10732773 0.12103933 0.11293184 0.10545809 0.11660666 0.11259743 0.12185034 0.12789986 0.11941607 0.11160230 0.11084901 0.10591514 0.11858550 0.11785201 0.12004367 0.10682042 0.11271278 0.11454658 0.11861394 0.10391933 0.10694399 0.10649388 0.09524632 0.11044537 0.10930651 0.11184854 0.10691083 0.10673034 0.10777999 0.10774466 0.10545780 0.11833200 0.11785867 0.11059841 0.10348853 0.11523713 0.12306798 0.12468801 0.11294535 0.12074705 0.11263283 0.10315118 0.10244170 0.11193693 0.11508722 0.10781312 0.11205661 0.12026456 0.10890515 0.10643065 0.11260314 0.11364074 0.11570780 0.11659910 0.11597493 0.10915704 0.11660811 0.11417796 0.12072058 0.11849691 0.11110237 0.10673146 0.10991672 0.11031339 0.12056137 0.10073938 0.11418793 0.10765185 0.11210596 0.10653812 0.11276352 0.10557625 0.11968095 0.11543752 0.10982720 0.10526052 0.11316657 0.10868682 0.11153170 0.10918675 0.11152887 0.10943131 0.11111083 0.11322781 0.10543305 0.11145874 0.11649587 0.10875412 0.11460338 0.10593706 0.10455926 0.11180697 0.11404309 0.11702102 0.11180140 0.11466294 0.11005710 0.12510677 0.11230801 0.10840402 0.11447789 0.10801952 0.12316635 0.10381301 0.11084512 0.10680769 0.11474425 0.12991106 0.13081188 
0.15631236 0.00000000 0.17583481 0.14856672 0.14751770 0.15182041 0.13124086 0.13077663 0.11936035 0.11775063 0.12460795 0.11915574 0.10759130 0.10262955 0.11962998 0.12601222 0.10357090 0.11351639 0.12410157 0.11383846 0.11129993 0.13531351 0.11572041 0.11358036 0.12286190 0.10932417 0.11385985 0.10945300 0.12817767 0.11643049 0.11251203 0.10763841 0.10816101 0.11044560 0.11592810 0.10981722 0.10840735 0.09566325 0.10590683 0.10340633 0.10859512 0.11045339 0.10896128 0.11001128 0.10150144 0.10578436 0.11153972 0.10217482 0.09854673 0.09964674 0.10847222 0.11783770 0.10014491 0.11364767 0.10774081 0.12354976 0.12190753 0.12426170 0.13059032 0.13069707 0.13016291 0.10123950 0.10745927 0.10541709 0.10705400 0.10861254 0.10330702 0.10367806 0.10081246 0.10646533 0.12150119 0.10990711 0.11618895 0.11333418 0.09963262 0.11923349 0.10120789 0.11447701 0.10938143 0.10088412 0.10409454 0.10029333 0.11040211 0.10694462 0.11199942 0.10266502 0.11923298 0.11306341 0.11029789 0.12634553 0.12357396 0.11383037 0.10125984 0.12099450 0.10589689 0.10686166 0.10832183 0.11791727 0.10020638 0.10970017 0.11013996 0.11550238 0.11234824 0.10418752 0.11452053 0.09732949 0.13671029 0.09917568 0.11586787 0.10993956 0.09777906 0.10059230 0.10659492 0.11010099 0.12952555 0.11444837 0.12377122 0.10443415 0.11390560 0.11078199 0.11907201 0.12977041 0.10660451 0.10946382 0.10831563 0.09741011 0.11064048 0.11934511 0.11221163 0.11614008 0.11986590 0.11869601 0.11342294 0.12816208 0.11813164 0.10755786 0.10748840 0.11202660 0.12591299 0.10756773 0.11025729 0.12428058 0.11559940 0.10297247 0.09825353 0.12212485 0.10551989 0.11077583 0.11879127 0.11346979 0.10741233 0.10464963 0.10690007 0.12213016 0.09486113 0.10644279 0.11186599 0.12025201 0.11998842 0.12272406 0.11852986 0.11359928 0.10773575 0.10833000 0.12054308 0.11349955 0.12432350 0.11286518 0.11437186 0.12691437 0.10644571 0.11754612 0.12347442 0.10492504 0.10563128 0.14094834 0.11905820 0.11236115 0.12117875 0.11418562 0.13233402 0.12277994 0.12019532 0.12540847 0.11929884 0.12113724 0.10626382 0.10763034 0.12473167 0.13089469 0.12599949 0.12778646 
0.14067983 0.17583481 0.00000000 0.15128451 0.16591380 0.15960672 0.14242166 0.13885320 0.12628698 0.12614249 0.11235567 0.11737887 0.09984085 0.10613704 0.10743208 0.12036944 0.10262090 0.11142002 0.12243178 0.11679347 0.11699334 0.13863824 0.11161140 0.12049804 0.11430301 0.10694743 0.11195063 0.10498668 0.11642867 0.11208053 0.11192273 0.10788095 0.11537302 0.10493318 0.11485988 0.12133634 0.10379111 0.09808957 0.11147375 0.10182377 0.10800998 0.11098341 0.10444442 0.11621046 0.10506659 0.09859443 0.10775304 0.10930200 0.10415039 0.10668921 0.10524808 0.11488989 0.10435077 0.11685627 0.10085765 0.11855755 0.11689560 0.12074173 0.12814416 0.12833133 0.12759945 0.09722396 0.11053235 0.10429309 0.11207676 0.11888888 0.10544224 0.10341416 0.10472822 0.11701132 0.13030834 0.11770028 0.10885292 0.10049408 0.11110961 0.10161694 0.11197799 0.13029038 0.10471130 0.09854144 0.11216452 0.10558778 0.10883735 0.09373421 0.10993863 0.09803578 0.11825481 0.11381541 0.11123856 0.12745096 0.11928150 0.10832014 0.10337081 0.11250858 0.11135107 0.12090031 0.11649162 0.11381394 0.10319059 0.10486803 0.12012214 0.11895870 0.11960874 0.10096864 0.10686519 0.09671959 0.12582495 0.10491048 0.10672533 0.11971638 0.10035114 0.10484967 0.11682553 0.11647519 0.10997564 0.11421076 0.13054519 0.12705047 0.12549341 0.11290904 0.10171538 0.11909917 0.10694145 0.10655980 0.11005482 0.10515872 0.10566996 0.12722147 0.10833728 0.10897212 0.12086223 0.11279984 0.10926132 0.12085017 0.13288737 0.11644049 0.10517321 0.11437964 0.11376944 0.12241365 0.11710136 0.11985336 0.11091671 0.11521443 0.10885771 0.12192885 0.11261782 0.11511800 0.10616193 0.10971560 0.11798348 0.11699520 0.10321996 0.12622161 0.10158957 0.11958642 0.11170320 0.11166477 0.11403406 0.10665498 0.12103276 0.11378094 0.11360238 0.10490702 0.11520663 0.11355002 0.12060099 0.10819521 0.10047162 0.12603002 0.09645238 0.11504350 0.11635122 0.10673507 0.10174691 0.12832174 0.11706999 0.11127059 0.11046784 0.11973946 0.11706350 0.13419113 0.11875284 0.11900244 0.12170862 0.11812755 0.11065643 0.11280364 0.11987910 0.12600414 0.12239426 0.12523973 
0.14890114 0.14856672 0.15128451 0.00000000 0.19515688 0.18875773 0.18368796 0.17509929 0.15365385 0.14690597 0.13686044 0.12239179 0.11578254 0.11452104 0.11247519 0.09913565 0.11282361 0.12888384 0.10530664 0.10664803 0.12249034 0.10875948 0.10379960 0.09061624 0.10125430 0.10472998 0.10762473 0.12353523 0.11291792 0.11268353 0.11427502 0.13347837 0.11831941 0.11818158 0.10114161 0.10626511 0.12392635 0.12036995 0.10571239 0.11591303 0.11898792 0.10781237 0.11005343 0.11655180 0.11246370 0.10272333 0.11052122 0.13274609 0.12377711 0.11847356 0.11071014 0.11907827 0.10206335 0.11650581 0.10976037 0.10627638 0.10444337 0.11155237 0.12193867 0.12230306 0.12110492 0.11271164 0.10191583 0.10947804 0.11159624 0.11197231 0.10406620 0.12023429 0.10507788 0.10442231 0.10144445 0.10598714 0.11092463 0.10953129 0.11066149 0.09906186 0.11106827 0.14718639 0.10963700 0.11439765 0.10711558 0.11239822 0.12135637 0.09479909 0.11637217 0.10283191 0.12081196 0.10555590 0.11935986 0.13609620 0.11734759 0.11217164 0.12294834 0.10395258 0.10535362 0.13503056 0.10849995 0.11382997 0.11292458 0.11956997 0.11585644 0.14239634 0.09827712 0.10068917 0.09825020 0.09865451 0.11559361 0.10716901 0.08931161 0.09114799 0.09175682 0.11381537 0.10129022 0.09800027 0.10376904 0.12914181 0.11474181 0.10537728 0.11643994 0.12138669 0.12772336 0.10001533 0.11022956 0.12467903 0.10529595 0.10797308 0.10666477 0.10280264 0.10354163 0.10409376 0.12880207 0.10210169 0.11784824 0.10365898 0.10822218 0.12153731 0.11497843 0.14162849 0.10824263 0.12127348 0.11553014 0.13133322 0.11627395 0.11141692 0.11266537 0.11189728 0.12285199 0.13441593 0.09908582 0.10626597 0.09889110 0.12808419 0.08152207 0.11961040 0.11603198 0.12008469 0.11943058 0.10055621 0.11412685 0.10731390 0.10356525 0.10792951 0.11208882 0.12285520 0.11334398 0.11101625 0.10051483 0.10313381 0.10805562 0.09875801 0.11792452 0.09258583 0.12134893 0.10616982 0.10185234 0.12897745 0.11547594 0.08988249 0.10554582 0.11460584 0.10745346 0.09736003 0.11371585 0.10769831 0.11384490 0.11493392 0.11042003 0.12139678 0.11101376 0.11093918 0.11331672 0.11848088 
0.13508926 0.14751770 0.16591380 0.19515688 0.00000000 0.21096482 0.18724035 0.19280086 0.16257046 0.14808129 0.13912847 0.11586171 0.11761784 0.10070669 0.09704525 0.09641793 0.10555694 0.10817721 0.09479188 0.12563630 0.11696137 0.10586391 0.10322986 0.10317813 0.10875425 0.12677067 0.10547780 0.11519912 0.10613750 0.11943443 0.11095337 0.12822198 0.12342970 0.12038121 0.10342981 0.11764779 0.12781028 0.10781087 0.11060454 0.12296194 0.08735684 0.12111019 0.10957152 0.10697698 0.13680257 0.10601875 0.11855982 0.13348269 0.12903155 0.12138506 0.12444224 0.10352215 0.10494592 0.10851048 0.12208881 0.10101890 0.09920814 0.10853540 0.11981202 0.12027609 0.11882738 0.09274406 0.10955902 0.11815627 0.10557896 0.09501027 0.11087290 0.11349596 0.10302268 0.10470589 0.10709016 0.10312810 0.11024743 0.11611891 0.12709433 0.09966100 0.10608532 0.15643121 0.09460572 0.12209703 0.10784270 0.11083719 0.11695437 0.10415013 0.11134616 0.10477854 0.11970935 0.10631614 0.12983339 0.12090053 0.11455091 0.09900939 0.10772615 0.10742841 0.10682615 0.13217433 0.11539957 0.10298613 0.12941126 0.11075949 0.13235978 0.14449559 0.11524112 0.09473483 0.09233080 0.09929099 0.08922842 0.09382949 0.09989403 0.09472742 0.10215390 0.09906984 0.10948443 0.10654998 0.08637981 0.11914787 0.11057553 0.11489684 0.11642654 0.12976354 0.11398085 0.12958496 0.11192086 0.08675451 0.11106828 0.11412370 0.12499475 0.10000571 0.10856528 0.11693673 0.13117952 0.10031842 0.11679304 0.09751137 0.12060525 0.13107899 0.11347452 0.09994629 0.09652891 0.10291001 0.11451019 0.11577723 0.10100967 0.11119932 0.10568987 0.11081883 0.12950363 0.13474948 0.10197757 0.11958095 0.10387053 0.14047879 0.09425869 0.10799356 0.12285787 0.12259361 0.12401507 0.10035307 0.11546034 0.10792541 0.10446940 0.09913217 0.09316816 0.12384974 0.12390636 0.11189269 0.09914670 0.09300111 0.11087660 0.09328483 0.11253642 0.09494315 0.10890293 0.12383405 0.10384700 0.13024923 0.10061462 0.11681794 0.12223417 0.10561447 0.10086363 0.11176209 0.10935790 0.11137756 0.10950881 0.10933312 0.11691028 0.11701062 0.11609376 0.12269560 0.11821697 0.12419163 
0.13960772 0.15182041 0.15960672 0.18875773 0.21096482 0.00000000 0.22428090 0.18859138 0.16887214 0.15981351 0.13702210 0.13257136 0.13773557 0.10452417 0.13250190 0.10718869 0.12067579 0.11022231 0.11887761 0.11619935 0.11047880 0.10626571 0.11432520 0.12772693 0.10192524 0.10343912 0.11086954 0.11230056 0.09148937 0.13487670 0.13964953 0.10596301 0.11286077 0.11397937 0.12111151 0.10128525 0.11846238 0.11867603 0.10401109 0.10546714 0.10252067 0.11476261 0.11401859 0.10020921 0.11623709 0.11670904 0.09699604 0.13249338 0.11106521 0.10968279 0.10993924 0.10565668 0.09887578 0.12111209 0.12617051 0.10092461 0.10115587 0.11303077 0.11538891 0.11581827 0.11439346 0.11771717 0.10306981 0.10093411 0.11424277 0.12232457 0.09930134 0.10891746 0.10462352 0.10702287 0.08902362 0.09433711 0.09531949 0.11409214 0.10234617 0.11416505 0.12941167 0.15397189 0.11594476 0.10792059 0.12474486 0.12063676 0.10144456 0.10634146 0.11497621 0.10586936 0.10181976 0.10958805 0.12372560 0.11822396 0.12305495 0.10989642 0.11044962 0.10652339 0.09355316 0.10214668 0.11480856 0.13675360 0.12098486 0.11704002 0.12687472 0.14595044 0.08737729 0.09684816 0.10083862 0.09559464 0.09416190 0.09608201 0.10259919 0.09520080 0.10139459 0.09855317 0.09882458 0.10262893 0.09130335 0.12677335 0.11829329 0.10368873 0.12226053 0.11968024 0.11525715 0.13721855 0.10801769 0.09845944 0.10776350 0.12061487 0.11347359 0.09388789 0.11818218 0.09362161 0.12846783 0.10051747 0.13846301 0.10525716 0.11765902 0.11923982 0.11352385 0.11458236 0.09212948 0.09775083 0.12124233 0.09298302 0.09698675 0.11111357 0.11850961 0.11532042 0.12422203 0.12586926 0.09866359 0.11145465 0.09004491 0.11850162 0.08060159 0.09739631 0.11524263 0.11453871 0.13135618 0.10610837 0.11041734 0.14362420 0.10119578 0.12726508 0.11214516 0.09596727 0.10847899 0.13061306 0.09998306 0.08356326 0.11617809 0.13021182 0.10086764 0.09649289 0.10728513 0.09692274 0.10307567 0.12272788 0.10851183 0.12584757 0.09316517 0.11547099 0.10533834 0.10368181 0.11382973 0.11674508 0.11668058 0.12705816 0.10182980 0.11255575 0.11819435 0.11829073 0.11109281 0.12706675 
0.13137647 0.13124086 0.14242166 0.18368796 0.18724035 0.22428090 0.00000000 0.20204495 0.18651007 0.18259423 0.14629918 0.12033766 0.13861849 0.14267948 0.10492451 0.13389371 0.11024007 0.11997427 0.08483121 0.12997457 0.11070649 0.12864170 0.08792438 0.10712886 0.11393204 0.10764475 0.11608066 0.11302721 0.08949387 0.11640842 0.12106274 0.10831948 0.13205878 0.11844770 0.11024033 0.11186129 0.13192685 0.11994143 0.11493126 0.11713664 0.12579920 0.10153961 0.10617282 0.11885201 0.10702067 0.12188022 0.12056167 0.14773126 0.11026161 0.15013306 0.11669312 0.10932784 0.10221268 0.11512790 0.13722061 0.09498892 0.09514919 0.11113982 0.11588429 0.11647817 0.11467581 0.09376538 0.10934070 0.09543437 0.09288516 0.11885742 0.09320647 0.12840753 0.10717133 0.08914775 0.10813748 0.09248785 0.09050465 0.10192441 0.10593614 0.09791190 0.10781699 0.14790823 0.08485021 0.09771986 0.10554234 0.10238766 0.09455267 0.10945178 0.11703732 0.10141540 0.11447675 0.10364895 0.11530653 0.11983474 0.12660830 0.10730964 0.11145249 0.11919728 0.11484963 0.12718350 0.11371932 0.11502269 0.13824899 0.10483994 0.12261606 0.13442357 0.11125612 0.10470160 0.07577354 0.08057934 0.06746251 0.08206639 0.09011200 0.09299915 0.08308312 0.08872726 0.10508617 0.09900794 0.10893612 0.11377492 0.11032583 0.10080068 0.12779936 0.13662131 0.11007595 0.10191825 0.12575974 0.09866848 0.12362243 0.11857692 0.10556584 0.10839801 0.11043675 0.10847517 0.13187930 0.10274087 0.13367710 0.12452327 0.11220379 0.14271151 0.12016709 0.09807075 0.11082906 0.12662851 0.12086873 0.11792313 0.10107128 0.12120286 0.09354393 0.11008527 0.13600039 0.11588618 0.09785290 0.11364796 0.09882619 0.12426562 0.08846894 0.10729702 0.09525818 0.12270601 0.12048899 0.09145890 0.08425477 0.12276517 0.10304122 0.12498247 0.10508180 0.12184398 0.11613937 0.12807979 0.09625348 0.10143853 0.11815416 0.11731641 0.13478609 0.12921853 0.10104164 0.12266731 0.09357526 0.14081827 0.10885141 0.13154037 0.11695156 0.11665773 0.08918895 0.11614937 0.11532902 0.10743538 0.09402141 0.11008850 0.10169829 0.11543028 0.11630796 0.10128059 0.11235757 0.12055191 
0.13293310 0.13077663 0.13885320 0.17509929 0.19280086 0.18859138 0.20204495 0.00000000 0.26687157 0.21477781 0.19395899 0.14851229 0.14010182 0.15468928 0.13343533 0.10909347 0.10235698 0.09663462 0.11509151 0.12539141 0.12019935 0.10303243 0.11209539 0.11921213 0.11085282 0.11843123 0.11104256 0.12190352 0.12412998 0.10953928 0.11998284 0.10826807 0.13428643 0.10281828 0.10532343 0.11435397 0.09610815 0.12124524 0.11530940 0.10566690 0.09472854 0.12593174 0.08018862 0.12242475 0.11936162 0.11028995 0.14083291 0.11370390 0.12965097 0.11068334 0.12665581 0.09820557 0.10472009 0.08975730 0.13351986 0.08545955 0.10452216 0.10124123 0.10810018 0.10681933 0.10443124 0.09043371 0.11265567 0.09165509 0.11067602 0.11053359 0.11851103 0.10697853 0.09787378 0.11366513 0.08650551 0.10523132 0.07901328 0.11342512 0.10227402 0.10443368 0.10539872 0.16553028 0.10762704 0.11238457 0.11162675 0.12773890 0.10656899 0.10674631 0.10177848 0.09428453 0.10554384 0.12040833 0.10338510 0.12857393 0.11781912 0.10296193 0.08742900 0.10591973 0.09047630 0.16548545 0.13260095 0.13484126 0.11240031 0.12940999 0.12756854 0.12937372 0.10913215 0.11353848 0.10586446 0.10817914 0.09552806 0.10241883 0.09679531 0.09474809 0.11437633 0.11640664 0.08718911 0.11218667 0.09346585 0.11982354 0.13655577 0.11660443 0.11990286 0.14151308 0.09673115 0.10098529 0.12229191 0.07428406 0.10758151 0.10719843 0.10275715 0.08214663 0.10030856 0.11929888 0.14046742 0.12065992 0.10656820 0.08428070 0.14733703 0.11960123 0.13288835 0.07468753 0.08897683 0.12325464 0.11231919 0.13907741 0.09325273 0.10465964 0.13156524 0.11378362 0.10904489 0.10174454 0.10360289 0.11423324 0.12567010 0.11958948 0.09571588 0.09422468 0.11527477 0.13267600 0.13013115 0.11191536 0.11984587 0.11010622 0.10781917 0.13634086 0.10782081 0.14215766 0.11838735 0.10873986 0.08741466 0.10514138 0.12550232 0.08257847 0.09619844 0.09320418 0.08194800 0.10213708 0.08697339 0.11402029 0.11933464 0.12507497 0.10347452 0.12494482 0.09403194 0.11523068 0.09257787 0.11075601 0.10206405 0.09755034 0.09526902 0.12319772 0.10152825 0.09790650 0.09774035 0.10880127 
0.12191238 0.11936035 0.12628698 0.15365385 0.16257046 0.16887214 0.18651007 0.26687157 0.00000000 0.27361129 0.20643084 0.15725478 0.15823160 0.10737792 0.12126259 0.08833564 0.12322109 0.13364776 0.12076976 0.11245932 0.12360114 0.10632745 0.12117098 0.13009172 0.10714120 0.11825562 0.09532372 0.11489797 0.13106205 0.10942857 0.13057726 0.11953085 0.11276018 0.11591140 0.09377156 0.12649961 0.11563362 0.11459050 0.11095425 0.12874857 0.07959108 0.10797582 0.12279897 0.11548258 0.11621944 0.09299801 0.11103707 0.11820905 0.12681123 0.10291371 0.08644493 0.08584377 0.09268109 0.09411314 0.09880120 0.07796791 0.07659641 0.09544417 0.10461441 0.10371315 0.10066955 0.10962140 0.13607769 0.11572239 0.10561646 0.09818313 0.10453674 0.13208440 0.12299175 0.13291234 0.12411160 0.13529674 0.09091857 0.09454484 0.12602152 0.12339840 0.09632628 0.15319640 0.10856075 0.12866543 0.10443726 0.11059901 0.14413872 0.13587483 0.15618975 0.07886394 0.11032755 0.10722292 0.10638923 0.11808935 0.11790010 0.09626551 0.09571163 0.11136163 0.11891521 0.13837835 0.10991509 0.11787185 0.08214089 0.12030838 0.15803211 0.12852110 0.11799797 0.09248554 0.10824375 0.09620771 0.11356228 0.13045010 0.09374618 0.12611435 0.08586156 0.11402779 0.08595618 0.13330589 0.12958748 0.14245896 0.12811281 0.11191288 0.09345689 0.11613212 0.11460424 0.08602747 0.11778864 0.09926703 0.13884662 0.08329489 0.12074509 0.09599033 0.11422245 0.09483413 0.14402579 0.12018117 0.13776283 0.10324642 0.11952396 0.11075685 0.11745804 0.05898021 0.08214320 0.14282381 0.09277529 0.10225179 0.09459045 0.10646165 0.10374230 0.11031554 0.10100435 0.09478363 0.09049256 0.11345300 0.12339113 0.12644124 0.13482202 0.10906482 0.10980266 0.09651313 0.10802339 0.09409852 0.13578170 0.11018722 0.14220595 0.11571588 0.10266232 0.15782627 0.12440880 0.14069395 0.11797927 0.08346538 0.09740750 0.11072608 0.11534642 0.08859267 0.08236922 0.04900719 0.08754960 0.12751711 0.09441149 0.08472921 0.10926893 0.09864639 0.11811020 0.10045679 0.11270642 0.09824195 0.07913900 0.11558375 0.09606068 0.12396013 0.13399513 0.13110103 0.10508303 0.11335390 
0.12072808 0.11775063 0.12614249 0.14690597 0.14808129 0.15981351 0.18259423 0.21477781 0.27361129 0.00000000 0.22949620 0.21318281 0.13704101 0.14689308 0.08669547 0.09514904 0.13342938 0.12188250 0.12007132 0.08298509 0.15211111 0.10268239 0.12271400 0.09382842 0.11602133 0.13292991 0.11313481 0.09549500 0.14978035 0.11447945 0.10879580 0.10077355 0.10792686 0.10730623 0.09819423 0.09320100 0.09316391 0.12278458 0.09668196 0.11191156 0.08545253 0.11226545 0.09576881 0.10680413 0.09772471 0.05719498 0.11275182 0.11141709 0.10858697 0.07489022 0.07877075 0.07869361 0.13077619 0.11547887 0.10865010 0.08280910 0.07290628 0.08936995 0.09863007 0.09771477 0.09434966 0.08288365 0.15800807 0.09419094 0.10587300 0.11016891 0.13242009 0.12475925 0.12965229 0.11105968 0.11116969 0.10704405 0.07891058 0.08169839 0.09732083 0.10364404 0.10156517 0.11750750 0.12399474 0.09607119 0.09352503 0.14288742 0.09720427 0.11448062 0.12178474 0.09777748 0.12859927 0.12326704 0.10733264 0.14358752 0.11128446 0.09290491 0.08564154 0.09735758 0.09821198 0.09204861 0.10232033 0.14331461 0.13313564 0.11840779 0.11149634 0.08528433 0.12562901 0.10319544 0.11914122 0.12102165 0.12232178 0.11137073 0.09784149 0.10781650 0.11163304 0.09110278 0.11082309 0.10494110 0.08880941 0.15044095 0.12260290 0.10404356 0.14082109 0.13162553 0.08713681 0.12882056 0.08594436 0.09447843 0.10344101 0.12622744 0.10680561 0.11872109 0.10416508 0.11866991 0.11307976 0.12913504 0.10558298 0.11308499 0.14237407 0.12072846 0.12692801 0.09146878 0.10757370 0.12023857 0.09335237 0.10713158 0.10323845 0.10519947 0.12247917 0.11428898 0.12043189 0.09979164 0.16784567 0.15835290 0.10632989 0.11870744 0.08616945 0.10720990 0.11672108 0.12102765 0.14129573 0.11157698 0.10699129 0.12499522 0.11390788 0.12185918 0.16733568 0.14812949 0.13243758 0.13851514 0.09287565 0.11746647 0.13418471 0.10399615 0.09921928 0.08901469 0.11874245 0.09266952 0.13081376 0.12951322 0.08762887 0.09231067 0.12784554 0.09945016 0.08336562 0.09167465 0.12619922 0.14320436 0.10573937 0.13508714 0.10890964 0.12635333 0.15341611 0.12653412 0.11388123 0.11641937 
0.13571370 0.12460795 0.11235567 0.13686044 0.13912847 0.13702210 0.14629918 0.19395899 0.20643084 0.22949620 0.00000000 0.27730495 0.15561640 0.19703488 0.15205425 0.13329064 0.15206463 0.11421820 0.08263903 0.09857387 0.06267182 0.07116440 0.11700641 0.08387968 0.13433115 0.10042648 0.12205328 0.09454398 0.14093267 0.10080985 0.08164849 0.10019968 0.09821841 0.09844769 0.11431086 0.09770378 0.05545075 0.13025361 0.08813658 0.09968224 0.07441971 0.08850877 0.07388525 0.06143584 0.10366712 0.09568038 0.13948789 0.07370952 0.07879351 0.07873258 0.09169995 0.10185269 0.08636024 0.13194773 0.05959056 0.07796192 0.07062829 0.10371505 0.11972949 0.11281823 0.11387750 0.09581106 0.14046289 0.04731284 0.10328659 0.10126893 0.09268417 0.10260178 0.07468854 0.13110768 0.11481407 0.09403120 0.15769123 0.13334832 0.14178102 0.12516455 0.08090058 0.09459868 0.12418437 0.10602019 0.08261495 0.13992278 0.10451729 0.13151524 0.11665098 0.06110943 0.07695871 0.09771988 0.12114670 0.10568982 0.10478143 0.07614133 0.10725190 0.12888803 0.13477193 0.08755829 0.08680741 0.13464775 0.18003442 0.09132326 0.07862870 0.09965875 0.09195862 0.14548333 0.06969422 0.14262036 0.09796289 0.11293832 0.15081957 0.16352541 0.12484716 0.17116133 0.11548956 0.16868475 0.12003919 0.07706567 0.11980179 0.08743269 0.11473803 0.08277567 0.10899099 0.12705577 0.10332983 0.10963797 0.13123541 0.08584774 0.11827927 0.13166157 0.12129379 0.12995902 0.10570342 0.09033636 0.12648539 0.18261719 0.07813052 0.12596240 0.08106070 0.16225513 0.06613787 0.12452302 0.09985427 0.08713269 0.07454734 0.10944077 0.10425829 0.08583472 0.10524889 0.08275617 0.13679109 0.12115946 0.10164300 0.08173368 0.07802920 0.11203287 0.11753142 0.12908050 0.15571459 0.15610252 0.12591056 0.07014489 0.16729120 0.14695655 0.13699062 0.14137630 0.17076055 0.13797512 0.12045017 0.10547223 0.14227485 0.15021444 0.09351001 0.09636352 0.09285319 0.11550422 0.11855316 0.11869732 0.13489437 0.17351206 0.11976623 0.09692925 0.14133033 0.12679621 0.16358684 0.10264227 0.14937193 0.13987239 0.13051640 0.13964974 0.16844280 0.12071954 0.13417357 0.12252491 
0.11636690 0.11915574 0.11737887 0.12239179 0.11586171 0.13257136 0.12033766 0.14851229 0.15725478 0.21318281 0.27730495 0.00000000 0.21426627 0.16026996 0.15258935 0.11067974 0.10712367 0.15041294 0.12763412 0.10957256 0.07289034 0.05918754 0.10918886 0.09424334 0.13723702 0.14189308 0.09778594 0.11694305 0.09148189 0.10432592 0.10591676 0.09124056 0.09475163 0.07177598 0.10094228 0.13068711 0.08982743 0.11507074 0.06782235 0.09284376 0.08140835 0.10463784 0.13451801 0.12500234 0.10619334 0.12425311 0.11329489 0.10699999 0.08759594 0.11868808 0.07527344 0.07088998 0.12916283 0.10531000 0.02945183 0.07697421 0.07342678 0.08677684 0.11082597 0.10530358 0.10315173 0.08659359 0.14902748 0.06873848 0.10963003 0.16202548 0.11210985 0.10498666 0.09448095 0.13478106 0.12537964 0.12327080 0.10969602 0.11205658 0.12592099 0.13443465 0.10023674 0.11571615 0.10256526 0.07533826 0.10120413 0.07286650 0.08818658 0.13844167 0.06347014 0.11181968 0.14412328 0.10912466 0.08162703 0.10154611 0.10743795 0.07957748 0.13896208 0.09295758 0.16485071 0.13485844 0.13085274 0.10215496 0.07347359 0.09359867 0.08208729 0.09129295 0.07980979 0.14400730 0.11740028 0.16066912 0.14297939 0.13393936 0.11615222 0.16176906 0.12033978 0.13945049 0.11826561 0.11939469 0.11332930 0.06268612 0.10704091 0.08153804 0.13957409 0.15692797 0.11397891 0.09763021 0.13371027 0.10067350 0.14973343 0.11589124 0.06141969 0.19836426 0.17027108 0.11088813 0.11198125 0.13589567 0.11554704 0.09595336 0.12447781 0.09727108 0.09513614 0.15970729 0.10745332 0.15442478 0.07182246 0.10838347 0.11519413 0.10392060 0.06305037 0.07822761 0.08204908 0.08811437 0.16189122 0.08662637 0.12950822 0.12621288 0.08124654 0.11150892 0.10049306 0.10080834 0.10052464 0.09544245 0.12465989 0.08014883 0.10550907 0.15409570 0.14799758 0.26298708 0.13706691 0.14040300 0.15694993 0.17251682 0.14580184 0.15701934 0.10741139 0.08283509 0.09191928 0.11589228 0.07472681 0.10726824 0.16209215 0.14752464 0.13936537 0.10630622 0.11847360 0.14076668 0.09100867 0.11773591 0.16070090 0.14866759 0.13754728 0.12281611 0.15476180 0.11357172 0.12579399 0.10848006 
0.11469167 0.10759130 0.09984085 0.11578254 0.11761784 0.13773557 0.13861849 0.14010182 0.15823160 0.13704101 0.15561640 0.21426627 0.00000000 0.24498136 0.17372581 0.18619468 0.14383478 0.12939080 0.17228669 0.10767427 0.10690029 0.09385072 0.13125696 0.11907124 0.12608665 0.12764807 0.10702520 0.09619153 0.11191073 0.06798239 0.07702184 0.09034315 0.12815099 0.06296618 0.09024923 0.11849171 0.11068263 0.10924828 0.09105522 0.08499839 0.07512815 0.08803199 0.07873219 0.07382363 0.07858884 0.07534682 0.09531460 0.07853527 0.07311994 0.06878178 0.14414590 0.11843011 0.09376117 0.13371251 0.08207027 0.07266965 0.08956200 0.10900525 0.10871535 0.10513784 0.11010965 0.04451340 0.10410002 0.10028918 0.10137193 0.13228610 0.10483612 0.10193862 0.11338576 0.14500266 0.13081004 0.10822189 0.05055556 0.09346421 0.09287055 0.08279705 0.09438678 0.09509934 0.15001441 0.08574489 0.06383775 0.04913799 0.10033216 0.11408947 0.03590080 0.08503317 0.14351630 0.05840851 0.10349128 0.09493225 0.10044714 0.06154244 0.11788450 0.14318485 0.16122654 0.07137776 0.11620601 0.11171864 0.10413440 0.11845905 0.08679445 0.09302689 0.09155976 0.10535787 0.11563457 0.16688803 0.08313400 0.09032110 0.13862914 0.16975814 0.10123991 0.12324295 0.06443247 0.14078551 0.10778831 0.10309660 0.05354738 0.09788401 0.11382244 0.07408844 0.13023342 0.10327719 0.11609668 0.09860203 0.08861493 0.09338576 0.09657668 0.12826970 0.09455602 0.14671999 0.17453246 0.12788141 0.15404029 0.16652243 0.11691624 0.11050062 0.08091432 0.13836320 0.15186189 0.10183057 0.08056250 0.07759420 0.08704416 0.10550672 0.10085898 0.08464393 0.08645972 0.09250494 0.12741844 0.13804258 0.15966444 0.08647076 0.16406201 0.16936960 0.07346530 0.08957594 0.18627560 0.17388282 0.11499720 0.12361705 0.15097568 0.16886209 0.13220503 0.17890928 0.19276825 0.13733427 0.18327833 0.21281593 0.25273261 0.13874102 0.09325189 0.15125642 0.13817529 0.12446159 0.11463668 0.15252463 0.11505873 0.16201083 0.12897143 0.09886948 0.11924892 0.13284710 0.11589276 0.19853362 0.11084750 0.11887320 0.17040080 0.16882367 0.18411006 0.14438351 0.10161644 0.12205664 
0.11776606 0.10262955 0.10613704 0.11452104 0.10070669 0.10452417 0.14267948 0.15468928 0.10737792 0.14689308 0.19703488 0.16026996 0.24498136 0.00000000 0.13224075 0.19157629 0.16743633 0.17082471 0.12182833 0.07023301 0.13640649 0.10994620 0.10499525 0.17382347 0.15937474 0.09654893 0.10413547 0.07264328 0.11367858 0.08657054 0.08643734 0.08071666 0.04795708 0.12377673 0.12732541 0.13667074 0.14175823 0.10530753 0.10275693 0.09939994 0.16126618 0.09656631 0.10740552 0.09702933 0.10389880 0.12464658 0.11237533 0.06517269 0.11755168 0.12075048 0.11051022 0.11339223 0.10265405 0.12736297 0.08412408 0.13352327 0.10474812 0.09741478 0.10933914 0.10734597 0.11531705 0.10790986 0.09370139 0.07861492 0.10642462 0.10445441 0.06436168 0.13888657 0.10208081 0.10169757 0.10118816 0.13079756 0.06109482 0.14733068 0.09255904 0.07411271 0.05786400 0.09447195 0.10732490 0.07133436 0.10016572 0.07945225 0.11262808 0.14648816 0.10633443 0.08809680 0.12694597 0.08980803 0.14688747 0.13868257 0.12140151 0.11054183 0.10803043 0.13647128 0.15288884 0.08555230 0.10717263 0.09126637 0.14932489 0.10461946 0.10547932 0.08556439 0.13199811 0.12333133 0.08241545 0.10622326 0.11796950 0.10214688 0.21009213 0.16549592 0.11027379 0.14042703 0.12374640 0.12632593 0.06716614 0.07340751 0.11723670 0.13155358 0.06855746 0.07412215 0.10770598 0.09558762 0.13770854 0.11242031 0.09763349 0.06365048 0.09255172 0.06099131 0.14319775 0.07909780 0.15420849 0.11325270 0.11833653 0.12354671 0.11656636 0.06662738 0.10059342 0.10133977 0.15041539 0.06911676 0.08800702 0.07898854 0.09578364 0.06523760 0.07623255 0.10066682 0.13632725 0.08864324 0.19350049 0.06712839 0.16967484 0.12932127 0.18213276 0.12933967 0.10944893 0.12955755 0.20940499 0.18602169 0.13364554 0.14787229 0.19524551 0.07587231 0.11375202 0.12037568 0.09840737 0.15062928 0.07988235 0.08868595 0.12509830 0.23032652 0.23717985 0.18163753 0.10288231 0.06306761 0.11273659 0.05223167 0.09781557 0.07819287 0.11216103 0.12509488 0.15538036 0.07367669 0.10842717 0.15794724 0.16230936 0.10177978 0.13092955 0.15985574 0.12979942 0.10524994 0.10703232 0.10115859 
0.11781784 0.11962998 0.10743208 0.11247519 0.09704525 0.13250190 0.10492451 0.13343533 0.12126259 0.08669547 0.15205425 0.15258935 0.17372581 0.13224075 0.00000000 0.22531858 0.33649943 0.14555315 0.14231787 0.08398094 0.15286894 0.04957898 0.16877910 0.15264330 0.20181327 0.15483454 0.09551158 0.09290448 0.08407784 0.12074753 0.07361602 0.06603196 0.08962311 0.07087871 0.07010429 0.07064609 0.08180858 0.09574898 0.06863301 0.08646702 0.14221699 0.11561801 0.09720795 0.02809160 0.09702497 0.10898547 0.09306454 0.02758072 0.15874955 0.12604209 0.07665341 0.08941724 0.11727201 0.10600105 0.06239139 0.11725360 0.13547800 0.08612710 0.10616831 0.10541300 0.10640200 0.15303911 0.21908000 0.10528662 0.04730068 0.12834063 0.12749020 0.08027701 0.08464372 0.08625515 0.11845076 0.09461407 0.12125033 0.10093986 0.05129158 0.09554284 0.10129441 0.07600192 0.08398339 0.05943529 0.02773194 0.11659193 0.07623501 0.15705599 0.07634247 0.07279193 0.15522369 0.08215075 0.09570348 0.11819438 0.10365642 0.08865454 0.09656227 0.12408171 0.14196233 0.04895671 0.10034235 0.06881875 0.03546976 0.09237989 0.02912599 0.10984994 0.15638880 0.11632118 0.12723711 0.11333453 0.10884587 0.10196440 0.12927970 0.12068561 0.13532960 0.12668703 0.10626758 0.09533393 0.12690611 0.10527060 0.09561070 0.11465727 0.09581882 0.03225870 0.12332141 0.12535042 0.09065114 0.10195513 0.06708325 0.14533183 0.05706137 0.08113134 0.15706601 0.11640581 0.15010351 0.14248286 0.10916935 0.15654278 0.17150379 0.14847501 0.06287475 0.10180426 0.12114667 0.12061279 0.08109000 0.16591608 0.09619954 0.09921765 0.04611175 0.11064004 0.05359016 0.11040097 0.14273184 0.16102381 0.05067622 0.10532597 0.08035678 0.12312063 0.10757778 0.06839093 0.13283499 0.10793812 0.13667929 0.13417291 0.16875905 0.13044057 0.14991297 0.11154385 0.18114793 0.16469646 0.13451895 0.11231497 0.15020967 0.64805232 0.12221364 0.34073946 0.06948236 0.07223808 0.12033845 0.15516456 0.18606116 0.17280689 0.12156598 0.16937339 0.11000193 0.15762365 0.11641198 0.10597880 0.20341406 0.10128353 0.13078610 0.15408995 0.18693683 0.12889702 0.09956580 0.11392311 
0.10961163 0.12601222 0.12036944 0.09913565 0.09641793 0.10718869 0.13389371 0.10909347 0.08833564 0.09514904 0.13329064 0.11067974 0.18619468 0.19157629 0.22531858 0.00000000 0.14856655 0.14861366 0.17635591 0.09682890 0.07545208 0.11372659 0.10404558 0.11907733 0.18975209 0.10274142 0.09178888 0.10003569 0.06986654 0.07687053 0.11660249 0.08478699 0.08867237 0.11942080 0.06325538 0.11839747 0.07904453 0.08361060 0.09564446 0.05377500 0.12778058 0.10499691 0.09019430 0.09157019 0.07617607 0.07130503 0.10493698 0.06695199 0.13746380 0.09995528 0.13994336 0.11572624 0.09097785 0.12326252 0.08588026 0.13901260 0.14042356 0.11477520 0.10526816 0.11540423 0.11852182 0.08426839 0.12549122 0.04784450 0.13509885 0.12545234 0.10894238 0.05527112 0.08014714 0.08219451 0.09405467 0.09090532 0.05918126 0.07680610 0.10295525 0.09831615 0.10573246 0.11122374 0.15253320 0.13221563 0.10074205 0.12261520 0.11600018 0.13967164 0.10190681 0.07111431 0.11625091 0.07995180 0.14982371 0.10660769 0.09943861 0.14258733 0.15149470 0.06890765 0.07710362 0.05088537 0.11311344 0.12132327 0.13087321 0.13097533 0.06753310 0.09070454 0.09452461 0.08650150 0.16682927 0.16786872 0.09039942 0.11199278 0.07439902 0.15340790 0.20358365 0.11205464 0.05074815 0.07607257 0.08918594 0.08678553 0.12288718 0.07177045 0.09051441 0.12380701 0.11247045 0.07279479 0.12485979 0.14127512 0.13874823 0.16970616 0.08215373 0.11146137 0.09607054 0.14573005 0.07713528 0.10400529 0.10352650 0.13833240 0.12635407 0.09352906 0.12962087 0.08210227 0.10666475 0.09084374 0.09745164 0.12039470 0.09989897 0.07264990 0.03192462 0.11143011 0.07906662 0.12254654 0.18439020 0.12534569 0.05168675 0.07633916 0.09457297 0.07758269 0.15267129 0.11530278 0.35209843 0.09824540 0.06543485 0.15893065 0.16051810 0.08414699 0.13190976 0.10740961 0.05568478 0.15701738 0.12383577 0.09654718 0.12040263 0.15777836 0.09843836 0.02896039 0.17457541 0.09928761 0.37953239 0.08117182 0.12959483 0.12021523 0.08443415 0.19646852 0.32203730 0.12849797 0.19350934 0.19886609 0.23188557 0.16027386 0.15622437 0.34505954 0.13323037 0.10568548 0.09540285 0.09104787 
0.11092169 0.10357090 0.10262090 0.11282361 0.10555694 0.12067579 0.11024007 0.10235698 0.12322109 0.13342938 0.15206463 0.10712367 0.14383478 0.16743633 0.33649943 0.14856655 0.00000000 0.15841746 0.23153660 0.12524712 0.16111708 0.09751203 0.18511978 0.47865706 0.14428404 0.12948166 0.11977647 0.13849054 0.10056519 0.09775465 0.07788165 0.07651555 0.04494458 0.09408278 0.10103788 0.12436859 0.07530894 0.08103194 0.04476930 0.07120442 0.06658881 0.10730808 0.13361200 0.06514122 0.10197222 0.07279011 0.10532684 0.06561527 0.10462893 0.09554464 0.09125720 0.11304738 0.11855663 0.15256487 0.05056931 0.11332060 0.12982344 0.10352702 0.10817153 0.10464141 0.10860898 0.10965159 0.12188564 0.11719109 0.09301457 0.08433039 0.10265407 0.06338091 0.10562648 0.08840261 0.08197800 0.12030814 0.11189341 0.10857535 0.07836151 0.10507768 0.09482057 0.08887243 0.12579452 0.11408435 0.12199749 0.12504248 0.08200119 0.14790128 0.07557008 0.06374801 0.16069073 0.10153912 0.17215408 0.13142129 0.10568868 0.12384203 0.08247670 0.13157778 0.11010387 0.12316645 0.09767013 0.08568320 0.05443070 0.07786136 0.06872114 0.10420371 0.07476646 0.10510734 0.13417337 0.06542126 0.11392207 0.12511271 0.14965108 0.11568614 0.14438476 0.13990991 0.13643948 0.08901942 0.14405179 0.11859817 0.11750547 0.09736230 0.09209798 0.07014150 0.15028808 0.13600539 0.06313129 0.15812222 0.12411732 0.10701790 0.12712005 0.09739272 0.10039601 0.16266094 0.11652310 0.07348075 0.14224237 0.08978928 0.16241026 0.10826829 0.06994583 0.20483345 0.11340537 0.06144088 0.05192388 0.13318183 0.10651636 0.06673275 0.05138327 0.12363411 0.07562247 0.09785920 0.07134556 0.10684416 0.09374145 0.09023654 0.11615074 0.14823480 0.14099043 0.11034086 0.10937108 0.14286012 0.16827266 0.11589717 0.15424333 0.12165438 0.13319712 0.15160162 0.14497630 0.14822545 0.07487851 0.17610249 0.12235882 0.09977854 0.09110243 0.23709441 0.12642004 0.18035053 0.16487154 0.10072244 0.13605841 0.12882399 0.18864355 0.14398375 0.12002500 0.10667744 0.07550326 0.12440267 0.16506290 0.16864879 0.14041555 0.07134095 0.11921309 0.12455479 0.11565676 0.11827516 
0.11684707 0.11351639 0.11142002 0.12888384 0.10817721 0.11022231 0.11997427 0.09663462 0.13364776 0.12188250 0.11421820 0.15041294 0.12939080 0.17082471 0.14555315 0.14861366 0.15841746 0.00000000 0.16038565 0.12977336 0.13675226 0.13229526 0.11761576 0.14795683 0.11673408 0.06752310 0.10172523 0.09704833 0.16497156 0.10217418 0.08068127 0.08194095 0.07603826 0.11168301 0.09620013 0.11292426 0.10316299 0.07029608 0.04719415 0.08174995 0.08650228 0.09553767 0.09054300 0.06923233 0.05552510 0.09737649 0.09762262 0.08959073 0.13357059 0.09331105 0.07735675 0.14323248 0.10111452 0.06986421 0.07450969 0.13483792 0.14508139 0.09846244 0.10502318 0.11612296 0.10436121 0.08664090 0.12024923 0.11052904 0.10507992 0.09151337 0.13394993 0.04200033 0.09046740 0.12710529 0.10110456 0.08996732 0.11123502 0.06750191 0.00708102 0.11445169 0.05653615 0.11166927 0.11980468 0.10977171 0.05586607 0.16753270 0.09902484 0.11505564 0.12300867 0.08609284 0.14816852 0.09459078 0.14699755 0.11156669 0.10224558 0.12647343 0.06395990 0.15193221 0.13358361 0.07203060 0.09376700 0.10794233 0.07267892 0.07518826 0.08445841 0.08787094 0.11233212 0.08175529 0.07957436 0.08476809 0.08425205 0.09703439 0.15588178 0.12970503 0.08990217 0.10300766 0.10811171 0.11339519 0.16454524 0.09590048 0.10821416 0.10479035 0.01011223 0.10627899 0.13501194 0.10465260 0.03317103 0.12301987 0.18244298 0.08967295 0.10979418 0.18576410 0.06727588 0.12765666 0.07628719 0.12077809 0.20243499 0.12981477 0.06420094 0.08184038 0.13456554 0.08626359 0.07049897 0.03833215 0.08042212 0.06857212 0.12782424 0.12488241 0.08312424 0.14974368 0.07566614 0.09810592 0.14783229 0.19150063 0.12881502 0.08809265 0.15410455 0.18654750 0.11625982 0.09177724 0.12453325 0.16521148 0.14511415 0.10512798 0.17452304 0.16209645 0.10491182 0.10073288 0.12159739 0.15352501 0.15703946 0.16392999 0.15980825 0.16834186 0.09003833 0.18805786 0.11504318 0.13862698 0.15007640 0.17524064 0.19183996 0.47251784 0.20127136 0.18521646 0.42341997 0.16756050 0.14307225 0.12841559 0.15385603 0.08965488 0.11713950 0.08323419 0.12905322 0.13146429 0.10629518 0.09996557 
