0.00000000 0.11283652 0.09402949 0.09523742 0.09494216 0.09517748 0.10228924 0.09333655 0.09986077 0.09707073 0.08879545 0.09460144 0.09072293 0.10979067 0.08907777 0.09184460 0.09489071 0.09467788 0.09876721 0.08806172 0.09009352 0.09570275 0.09737337 0.08998764 0.09153239 0.09101537 0.09499856 0.08947060 0.09406679 0.10891978 0.09659488 0.09672097 0.09113038 0.09430093 0.09291066 0.09200718 0.09546005 0.10227151 0.09009960 0.10078346 0.09061549 0.09139757 0.10611795 0.09727580 0.09681733 0.09192995 0.10042377 0.09443828 0.10013763 0.09866719 0.10691147 0.10104724 0.10856236 0.11586520 0.10725715 0.10586210 0.10135143 0.09460506 0.08989081 0.09321148 0.09187472 0.09746449 0.09997297 0.09784681 0.09873176 0.08972172 0.09157848 0.09041722 0.09605484 0.09568388 0.09645840 0.09195648 0.09394398 0.09509390 0.09547661 0.09100028 0.09049511 0.09417855 0.09482701 0.09975409 0.09593587 0.10451119 0.10944868 0.09535535 0.10484391 0.10084101 0.09618587 
0.11283652 0.00000000 0.32108528 0.14989922 0.08653443 0.11263918 0.09294635 0.15412000 0.05890676 0.07746926 0.12641243 0.07677658 0.10417073 0.06486947 0.16199179 0.09021367 0.08997174 0.09996116 0.12155296 0.09910875 0.05002348 0.05377203 0.08862611 0.13464963 0.11599871 0.08239020 0.20545276 0.08048696 0.15165179 0.07534734 0.05242882 0.06725975 0.12814924 0.15672966 0.08736052 0.09425009 0.05479395 0.08047519 0.11440393 0.08283996 0.08363884 0.04962686 0.06763507 0.10449826 0.07915820 0.08417768 0.13159409 0.12294604 0.12074939 0.08669178 0.09454271 0.10477626 0.08983819 0.08331446 0.06784061 0.09604265 0.06344582 0.06837768 0.12511740 0.09316888 0.08104242 0.07284443 0.08243273 0.08025784 0.08569136 0.06997719 0.10711549 0.08266538 0.10522294 0.08796034 0.05113663 0.17171709 0.13649174 0.13827308 0.10664881 0.10862605 0.19660625 0.05692976 0.08362282 0.02758223 0.12892932 0.05553789 0.06086189 0.08506075 0.14151474 0.10050351 0.04789267 
0.09402949 0.32108528 0.00000000 0.15407663 0.14730013 0.08329452 0.05344150 0.06615816 0.03518402 0.06358314 0.06777068 0.05639599 0.07654449 0.12696724 0.03329114 0.04965301 0.10268908 0.08663706 0.06466021 0.13767053 0.11093112 0.23033168 0.10230500 0.25903915 0.16764832 0.12163058 0.14502177 0.11568717 0.13270020 0.08134439 0.15839456 0.17190176 0.16502458 0.07835683 0.16630561 0.12409301 0.06517923 0.06904530 0.13548767 0.12913762 0.11384009 0.05561626 0.06204589 0.11486086 0.11194587 0.06307233 0.11356073 0.10307311 0.07713688 0.10369047 0.06837786 0.09173999 0.07195007 0.07725997 0.06649416 0.08535429 0.13669059 0.06472021 0.12384422 0.06098539 0.04603190 0.08865479 0.07142023 0.08008390 0.13345564 0.04482649 0.11916551 0.03885585 0.05343805 0.10930218 0.09901952 0.15433056 0.11917636 0.13805253 0.12822284 0.11262201 0.08172466 0.08074264 0.06821538 0.10264410 0.04852098 0.02477084 0.12366924 0.07868882 0.07408067 0.08766810 0.06300485 
0.09523742 0.14989922 0.15407663 0.00000000 0.13602164 0.16963818 0.09528720 0.02947086 0.07724140 0.08037301 0.08719829 0.08384457 0.04935221 0.09552963 0.05848690 0.07359528 0.06380708 0.11615889 0.08803843 0.04530379 0.05332439 0.14484864 0.12694236 0.08179329 0.19712735 0.13406824 0.05881267 0.10613166 0.19375920 0.12342378 0.10663871 0.13209700 0.08650566 0.02035640 0.12786469 0.08462739 0.06774536 0.09214141 0.06561750 0.11808688 0.11094881 0.07897702 0.08019842 0.15776011 0.07925540 0.11253646 0.09319311 0.14272695 0.10269832 0.07677250 0.10077948 0.11080395 0.10125898 0.09878547 0.07007436 0.07846000 0.12662202 0.12221793 0.07089500 0.07552631 0.12436291 0.10048090 0.08332648 0.02114220 0.13904641 0.05182439 0.13710016 0.06376326 0.16909895 0.16617354 0.08967791 0.11456747 0.07178279 0.10587033 0.06727445 0.11216423 0.15944043 0.24825216 0.09731793 0.11189060 0.07939477 0.03315960 0.08148451 0.05195691 0.07271090 0.08835994 0.09232471 
0.09494216 0.08653443 0.14730013 0.13602164 0.00000000 0.06450277 0.11113158 0.03363571 0.06986314 0.06025688 0.09627492 0.05199355 0.00724954 0.09370866 0.05408440 0.10067760 0.11890528 0.08833216 0.11957843 0.26171815 0.06966839 0.20787651 0.06510164 0.13906675 0.07926456 0.07607244 0.13088312 0.07688376 0.11132145 0.13145677 0.11793936 0.07305960 0.14572294 0.08155012 0.11605679 0.05909026 0.13508811 0.12362433 0.12025718 0.07656260 0.07637314 0.06865735 0.07010180 0.15365512 0.07530122 0.15221535 0.12263787 0.10332407 0.07709964 0.10268298 0.07648928 0.10391014 0.09929580 0.09552247 0.05857316 0.09081488 0.10717497 0.12529792 0.09715199 0.09555722 0.09470364 0.21532174 0.09579428 0.06098787 0.06380880 0.14800972 0.09328044 0.11008834 0.04148414 0.14009017 0.08592264 0.10555630 0.13206700 0.12750519 0.03546146 0.18403171 0.13847017 0.06834770 0.11092918 0.18056107 0.11600082 0.06821021 0.11787250 0.07573536 0.08663898 0.09496647 0.08333791 
0.09517748 0.11263918 0.08329452 0.16963818 0.06450277 0.00000000 0.03890143 0.04169558 0.08599249 0.06054189 0.05884567 0.15782381 0.07503582 0.10351282 0.00013580 0.12516546 0.10675227 0.15558619 0.12776820 0.09699134 0.10787372 0.09510414 0.18170225 0.13948788 0.11212266 0.13969642 0.14020352 0.07224805 0.08202859 0.08401900 0.05659828 0.06506668 0.13238898 0.12371186 0.06527902 0.21050744 0.12761191 0.08414313 0.08837834 0.06241828 0.08532810 0.16140927 0.07546935 0.11042741 0.09447663 0.19446896 0.15567900 0.10065170 0.05357495 0.11029511 0.06507114 0.09302596 0.07179493 0.10090209 0.07510288 0.11012514 0.15373316 0.07984138 0.16064010 0.05949436 0.13997372 0.09301914 0.09257781 0.07153162 0.05022952 0.06122496 0.08346551 0.06093973 0.12533919 0.09795344 0.09172577 0.03552283 0.14746524 0.06870106 0.16751356 0.11215620 0.09376179 0.05426992 0.12826170 0.10772672 0.27251311 0.03834136 0.02556698 0.07155264 0.07149870 0.07266753 0.05033366 
0.10228924 0.09294635 0.05344150 0.09528720 0.11113158 0.03890143 0.00000000 0.13920121 0.17631093 0.15409431 0.09722813 0.11787161 0.06478214 0.11220722 0.06185796 0.11810275 0.06461659 0.10816469 0.14921486 0.17212424 0.08487550 0.07501113 0.05093440 0.07212401 0.10296369 0.07813162 0.05333497 0.06104753 0.04185427 0.03373394 0.10386451 0.07589682 0.05402899 0.12854772 0.14501173 0.04054591 0.10959606 0.12025576 0.13598211 0.05510147 0.11627238 0.03389559 0.04699030 0.10849425 0.07332432 0.04243505 0.09088513 0.15135008 0.16498459 0.08666765 0.09996010 0.09705199 0.10245752 0.10993907 0.10117856 0.11765289 0.11397377 0.13952485 0.07115534 0.09315346 0.09825218 0.15082937 0.16292528 0.06286427 0.09350124 0.30300992 0.10065866 0.13126145 0.11968157 0.07702022 0.14720029 0.06059128 0.11835319 0.09144198 0.08308381 0.12072833 0.08909223 0.10139761 0.06356885 0.16785693 0.09497642 0.20911368 0.03933977 0.11356404 0.08919564 0.08624739 0.08859541 
0.09333655 0.15412000 0.06615816 0.02947086 0.03363571 0.04169558 0.13920121 0.00000000 0.08665322 0.13926931 0.16897545 0.09811305 0.14210253 0.10267698 0.11368705 0.28080238 0.11301089 0.16683705 0.10406575 0.09133311 0.75005609 0.04863247 0.06365991 0.09015348 0.05841667 0.09120613 0.07663262 0.06107713 0.06006137 0.06955778 0.06614176 0.04706870 0.05281647 0.15336803 0.05743285 0.09739982 0.13439363 0.07945499 0.12513183 0.09338392 0.15527926 0.18629524 0.06273500 0.09049222 0.10062727 0.06095478 0.05778489 0.11144706 0.08830231 0.07795561 0.06565136 0.05906269 0.07243153 0.07476457 0.09258425 0.08513569 0.05518175 0.09599116 0.12189498 0.09418278 0.12170721 0.16343399 0.10001506 0.06550966 0.05001424 0.12959185 0.03551849 0.04204472 0.09554241 0.12408098 0.07814258 0.05270000 0.10445793 0.04715817 0.06588569 0.09238586 0.05914280 0.05170501 0.08165261 0.10054519 0.05459802 0.08368108 0.16487661 0.08675077 0.08592045 0.09514362 0.14394975 
0.09986077 0.05890676 0.03518402 0.07724140 0.06986314 0.08599249 0.17631093 0.08665322 0.00000000 0.22116120 0.09720999 0.06645899 0.11011657 0.16361407 0.06207003 0.06083082 0.09163051 0.07106322 0.08777502 0.09515654 0.05253175 0.04326847 0.07856436 0.11546700 0.06998282 0.04485616 0.05389609 0.04223261 0.07989747 0.08310103 0.09085520 0.06075619 0.08238070 0.05949752 0.10311935 0.10629665 0.07263061 0.10867500 0.05991337 0.10905126 0.15329895 0.09097847 0.10647278 0.06151137 0.06192643 0.09469929 0.05834210 0.10525327 0.06063818 0.12030305 0.11036227 0.07517613 0.07637465 0.12274623 0.11135917 0.10264831 0.05896773 0.09801210 0.04379912 0.14501836 0.13834098 0.06463653 0.16098754 0.10682589 0.18476771 0.10619809 0.06053076 0.15710952 0.06743077 0.05549145 0.13477234 0.06507145 0.05858391 0.04816166 0.13102902 0.07695713 0.05564789 0.08084979 0.10807378 0.15592441 0.08922519 0.35820792 0.10753120 0.17200804 0.17794948 0.17705544 0.14789455 
0.09707073 0.07746926 0.06358314 0.08037301 0.06025688 0.06054189 0.15409431 0.13926931 0.22116120 0.00000000 0.19654574 0.13829302 0.18629889 0.21999895 0.16299241 0.08303096 0.09862375 0.10851190 0.07541515 0.05587428 0.07167966 0.05220113 0.08625953 0.05499041 0.07700262 0.08947925 0.12358449 0.04151049 0.06727086 0.10213483 0.04556275 0.10856286 0.08308138 0.04924876 0.03149643 0.05901982 0.10351245 0.09959877 0.03758667 0.07690284 0.02851476 0.11940723 0.06193851 0.03950334 0.13363724 0.12380559 0.09696439 0.08458879 0.11037714 0.06714153 0.06369005 0.05163178 0.07964238 0.06991031 0.08081306 0.09989309 0.07215135 0.16977651 0.10402989 0.12608797 0.06655527 0.05614542 0.15401296 0.07150723 0.09765929 0.17096191 0.06895120 0.25768997 0.07380636 0.07033450 0.08087421 0.06827985 0.17728526 0.04717848 0.12777848 0.09442449 0.03284362 0.17304892 0.06733563 0.07360588 0.12786719 0.14585500 0.10514063 0.20251945 0.09034767 0.13938758 0.12091238 
0.08879545 0.12641243 0.06777068 0.08719829 0.09627492 0.05884567 0.09722813 0.16897545 0.09720999 0.19654574 0.00000000 0.18746185 0.12186867 0.08648410 0.21657146 0.12384509 0.15752674 0.17709932 0.02789072 0.04481091 0.10717797 0.03038575 0.04318998 0.04712255 0.07619982 0.11563228 0.09777211 0.11107848 0.12535040 0.10520102 0.12477266 0.04960854 0.13188801 0.05099970 0.10360359 0.05651747 0.08174670 0.06590206 0.09719871 0.04664738 0.08002368 0.08706558 0.10885321 0.12497130 0.15593183 0.10327116 0.13449917 0.08139648 0.08185631 0.07869626 0.07346149 0.10457984 0.09083191 0.07684621 0.06919903 0.04746656 0.12309334 0.12912800 0.13648113 0.18158268 0.15512816 0.11829549 0.13291899 0.11076480 0.07308143 0.18281732 0.08434654 0.09893913 0.08784317 0.13021158 0.00611280 0.14228215 0.07085105 0.09845665 0.11089595 0.05556439 0.09495635 0.11383955 0.07415493 0.16578299 0.04334566 0.15976427 0.09293699 0.23439586 0.06288470 0.10205725 0.09125640 
0.09460144 0.07677658 0.05639599 0.08384457 0.05199355 0.15782381 0.11787161 0.09811305 0.06645899 0.13829302 0.18746185 0.00000000 0.07151130 0.12015877 0.12618778 0.17452011 0.13050449 0.09579577 0.09924219 0.10777918 0.04171919 0.09989104 0.05124975 0.06511008 0.10912875 0.03680773 0.01795664 0.04833190 0.12335961 0.10281320 0.08807240 0.05102628 0.08793849 0.10088330 0.09136971 0.04834658 0.10883673 0.03978465 0.15660243 0.02645957 0.03115122 0.03208147 0.11182877 0.14892461 0.19829381 0.08835515 0.10775492 0.13242932 0.11981866 0.12229555 0.10502279 0.10986803 0.11560400 0.08645653 0.09279115 0.13250768 0.10506677 0.07292578 0.10389002 0.20378822 0.08992353 0.15064351 0.11935087 0.16370202 0.13517635 0.07354325 0.11413874 0.14640675 0.07807261 0.13099351 0.11397616 0.12417883 0.06700819 0.07857272 0.11195223 0.06273165 0.08368315 0.09776573 0.08819928 0.06303729 0.07938048 0.15310275 0.18167561 0.10344440 0.08878799 0.11234121 0.08491065 
0.09072293 0.10417073 0.07654449 0.04935221 0.00724954 0.07503582 0.06478214 0.14210253 0.11011657 0.18629889 0.12186867 0.07151130 0.00000000 0.16840425 0.14655501 0.15739020 0.16273557 0.09002182 0.18944553 0.04483885 0.12576112 0.06333776 0.11163728 0.05578167 0.11484248 0.04952917 0.06002788 0.14616073 0.10160523 0.06694530 0.13295470 0.06347058 0.04677446 0.11363949 0.06294132 0.10935874 0.03617084 0.07006546 0.04125701 0.10578943 0.03148893 0.07201510 0.05545041 0.10954344 0.05979789 0.07014859 0.08486784 0.06752370 0.06864973 0.05069172 0.06433130 0.10579226 0.05455188 0.07156576 0.09639414 0.12149333 0.12158743 0.10191206 0.09563236 0.22363145 0.05673873 0.10251895 0.18466895 0.15747962 0.07369567 0.18171484 0.19791369 0.20416028 0.02189796 0.05529964 0.09041677 0.06927580 0.11022412 0.04074876 0.10565305 0.13790511 0.10586207 0.07689869 0.13749763 0.07345625 0.11552083 0.15446469 0.14625888 0.14314146 0.14980022 0.13712216 0.17047494 
0.10979067 0.06486947 0.12696724 0.09552963 0.09370866 0.10351282 0.11220722 0.10267698 0.16361407 0.21999895 0.08648410 0.12015877 0.16840425 0.00000000 0.17462365 0.13852050 0.19563813 0.11342937 0.10974941 0.10081720 0.11224216 0.10721351 0.08446679 0.09308480 0.15688573 0.10247428 0.13337383 0.14756106 0.05634582 0.03622701 0.03706874 0.11518374 0.02054867 0.03058451 0.12166340 0.09023796 0.10120477 0.07339261 0.05691278 0.10973266 0.07195651 0.05661877 0.06581363 0.07544313 0.06748429 0.07070641 0.04270975 0.05192950 0.07940999 0.07910439 0.09568556 0.08561107 0.07830891 0.09694924 0.10732825 0.13138277 0.08643870 0.06107531 0.09245006 0.11166069 0.10714880 0.04071964 0.10346717 0.07637250 0.12830588 0.10743830 0.14703999 0.14141666 0.08766553 0.08568230 0.10631376 0.11709422 0.00305838 0.15222668 0.06596756 0.11943258 0.04157425 0.10202094 0.14370545 0.09022315 0.07818169 0.17395853 0.14194477 0.09873890 0.10146887 0.16762908 0.08517380 
0.08907777 0.16199179 0.03329114 0.05848690 0.05408440 0.00013580 0.06185796 0.11368705 0.06207003 0.16299241 0.21657146 0.12618778 0.14655501 0.17462365 0.00000000 0.09650633 0.11594721 0.12762543 0.09428893 0.08875398 0.07221030 0.05748164 0.12186955 0.06331061 0.12055224 0.12786689 0.07522739 0.08910982 0.08861623 0.05453503 0.08396856 0.09476692 0.12512948 0.07854882 0.07680141 0.13666345 0.11723561 0.14875771 0.10339592 0.10041052 0.07078307 0.12635705 0.15173393 0.06920557 0.11904426 0.12838920 0.06658419 0.10655319 0.04172307 0.08681409 0.08268286 0.12662974 0.06992064 0.06943147 0.07088917 0.07983602 0.07775921 0.09526715 0.08154803 0.18175719 0.14541078 0.14651943 0.17695932 0.10079063 0.06039434 0.13569745 0.06011708 0.08859865 0.04777849 0.19657061 0.06845759 0.13966151 0.04556216 0.05735162 0.12086898 0.06317347 0.09304219 0.05824741 0.09154897 0.22437079 0.16496741 0.15798641 0.13614246 0.10988760 0.07667510 0.11358848 0.10855125 
0.09184460 0.09021367 0.04965301 0.07359528 0.10067760 0.12516546 0.11810275 0.28080238 0.06083082 0.08303096 0.12384509 0.17452011 0.15739020 0.13852050 0.09650633 0.00000000 0.18739332 0.24929963 0.14805209 0.06868919 0.15195766 0.06678999 0.08256722 0.04653753 0.07877621 0.05781584 0.04738585 0.07426152 0.03958813 0.07932575 0.04209573 0.06583727 0.08985950 0.10826464 0.12733467 0.11067206 0.13250758 0.17785116 0.09683548 0.12676285 0.13031205 0.18324934 0.06303323 0.08907640 0.07686478 0.11484504 0.09633636 0.09303047 0.08838548 0.09926834 0.10536469 0.09566977 0.11778389 0.09461282 0.12610637 0.09550779 0.11825664 0.08644228 0.06722702 0.13292314 0.16199182 0.13694699 0.10862192 0.06497936 0.04745171 0.07119504 0.13700359 0.11143197 0.10374136 0.07882324 0.07348999 0.02701002 0.07999964 0.10254442 0.09014819 0.07668011 0.05751107 0.08515943 0.11499245 0.10899609 0.04784278 0.10418675 0.08524536 0.05604924 0.11137018 0.11426740 0.09238701 
0.09489071 0.08997174 0.10268908 0.06380708 0.11890528 0.10675227 0.06461659 0.11301089 0.09163051 0.09862375 0.15752674 0.13050449 0.16273557 0.19563813 0.11594721 0.18739332 0.00000000 0.16389038 0.12960288 0.16020352 0.09525298 0.08134376 0.08231090 0.08087014 0.08948695 0.06267082 0.08251690 0.07925398 0.05381296 0.10788299 0.12349279 0.08215377 0.04440781 0.10892684 0.09989458 0.08856638 0.06581579 0.11430182 0.14346410 0.15312710 0.06493550 0.15853435 0.06828930 0.15085876 0.05876732 0.08326492 0.06993886 0.03056732 0.06066911 0.07399223 0.06030058 0.08718215 0.05606526 0.10355975 0.06158658 0.08781944 0.03979586 0.13517470 0.11006871 0.15432234 0.11481527 0.10195506 0.14057635 0.10289438 0.09590275 0.08030854 0.10331117 0.10581646 0.13133783 0.11558558 0.11766327 0.06651271 0.09115853 0.07762616 0.03304011 0.07387825 0.06659299 0.08413259 0.10087445 0.10441023 0.09394548 0.10710337 0.11544403 0.04870994 0.10210851 0.19139653 0.06056229 
0.09467788 0.09996116 0.08663706 0.11615889 0.08833216 0.15558619 0.10816469 0.16683705 0.07106322 0.10851190 0.17709932 0.09579577 0.09002182 0.11342937 0.12762543 0.24929963 0.16389038 0.00000000 0.18111943 0.15232239 0.15570657 0.18521315 0.14545971 0.14196444 0.12504192 0.05242022 0.08574868 0.06910059 0.09239264 0.07378265 0.09304226 0.14057111 0.09530064 0.11851117 0.09919970 0.12905555 0.08096874 0.15010436 0.08556731 0.10895265 0.09980875 0.19662618 0.08421363 0.06196547 0.13467221 0.08930347 0.10100555 0.05245603 0.09436255 0.07806737 0.07894221 0.08563775 0.08991532 0.11767124 0.08721620 0.08381460 0.14777366 0.11590839 0.05323784 0.06253964 0.03818276 0.09107152 0.07810502 0.02654388 0.08552322 0.11528037 0.14139412 0.05758977 0.11774909 0.11458032 0.06702847 0.11154797 0.09723998 0.09775916 0.01679299 0.13499078 0.05497388 0.10720646 0.09969656 0.06301247 0.07791117 0.09268909 0.03626405 0.06745002 0.08449532 0.09898584 0.07672923 
0.09876721 0.12155296 0.06466021 0.08803843 0.11957843 0.12776820 0.14921486 0.10406575 0.08777502 0.07541515 0.02789072 0.09924219 0.18944553 0.10974941 0.09428893 0.14805209 0.12960288 0.18111943 0.00000000 0.15775715 0.10761460 0.10690219 0.12401109 0.14270935 0.03952264 0.09119255 0.09833745 0.11423106 0.13295966 0.14848308 0.13810588 0.13920311 0.11951876 0.07624471 0.06581582 0.12335229 0.08426651 0.10108237 0.12354904 0.12966912 0.13576815 0.08464332 0.07713427 0.05469182 0.10720501 0.07367612 0.13015601 0.08997512 0.04328763 0.09357966 0.07666013 0.12932255 0.08559554 0.09760202 0.07416896 0.06825949 0.15029964 0.06033762 0.07854140 0.06019630 0.09046330 0.07935633 0.07788462 0.10927053 0.10139551 0.06971948 0.11326422 0.09984709 0.07522365 0.08513497 0.14269361 0.13174360 0.11877006 0.07403432 0.06333939 0.12158824 0.09527210 0.11614326 0.12318273 0.13013432 0.16431879 0.07460068 0.08169599 0.10744082 0.08951370 0.08953881 0.04622780 
0.08806172 0.09910875 0.13767053 0.04530379 0.26171815 0.09699134 0.17212424 0.09133311 0.09515654 0.05587428 0.04481091 0.10777918 0.04483885 0.10081720 0.08875398 0.06868919 0.16020352 0.15232239 0.15775715 0.00000000 0.05810634 0.14137782 0.11762361 0.11601411 0.09103339 0.06707060 0.08325868 0.09222932 0.10725755 0.12199961 0.22706129 0.09593115 0.15512753 0.04677767 0.14231792 0.11685618 0.08806844 0.11076043 0.06837019 0.07545663 0.19992376 0.08432896 0.11360825 0.06939279 0.09525842 0.12085348 0.08201085 0.07930856 0.09551998 0.10248985 0.09002750 0.14749415 0.08872206 0.09456201 0.06804886 0.05305712 0.06120760 0.09462026 0.08073467 0.11235316 0.09583450 0.06567229 0.04214830 0.09531305 0.07660918 0.07410754 0.11500134 0.06805899 0.17806658 0.16570482 0.12746532 0.14953186 0.14268138 0.11256926 0.09942878 0.07634160 0.11429727 0.06787957 0.08864671 0.07368393 0.11544373 0.08613025 0.04948421 0.05891450 0.07719742 0.12923685 0.10062634 
0.09009352 0.05002348 0.11093112 0.05332439 0.06966839 0.10787372 0.08487550 0.75005609 0.05253175 0.07167966 0.10717797 0.04171919 0.12576112 0.11224216 0.07221030 0.15195766 0.09525298 0.15570657 0.10761460 0.05810634 0.00000000 0.09371088 0.11144205 0.11965961 0.05942225 0.08783262 0.06898206 0.10556992 0.07462967 0.09154686 0.13254014 0.12390330 0.11618440 0.12477384 0.10040919 0.02901053 0.10538510 0.18272669 0.10511154 0.09946930 0.19734458 0.24346916 0.10440052 0.11647407 0.08102036 0.13050557 0.10059825 0.09142375 0.06592844 0.05640930 0.05906862 0.02403262 0.06344654 0.06534790 0.12045463 0.08190565 0.12467769 0.10397056 0.12848771 0.03971423 0.09695060 0.10061114 0.05982218 0.07888527 0.13232180 0.08550364 0.12794747 0.05261403 0.07161833 0.12644425 0.11520988 0.12814632 0.05653308 0.11008843 0.06661301 0.09040352 0.09599602 0.06193773 0.09220727 0.10361031 0.08905496 0.06319629 0.10075685 0.02733773 0.07636729 0.01888398 0.06219578 
0.09570275 0.05377203 0.23033168 0.14484864 0.20787651 0.09510414 0.07501113 0.04863247 0.04326847 0.05220113 0.03038575 0.09989104 0.06333776 0.10721351 0.05748164 0.06678999 0.08134376 0.18521315 0.10690219 0.14137782 0.09371088 0.00000000 0.12984462 0.15526716 0.11570924 0.11863770 0.15956132 0.09577477 0.11701072 0.11016563 0.13891341 0.14804505 0.16030362 0.03262999 0.09099251 0.06299080 0.09118435 0.13945443 0.06431974 0.19527599 0.15880314 0.08451772 0.10857178 0.05795206 0.07159425 0.10294430 0.10301290 0.09692461 0.10419680 0.05472003 0.10412082 0.09961247 0.09362629 0.10618623 0.09325566 0.10735927 0.10463817 0.09458582 0.09831476 0.09514549 0.05618828 0.08590119 0.08199189 0.12548341 0.01695364 0.08394607 0.16938857 0.08090664 0.11868175 0.11303440 0.14760897 0.09327744 0.10024066 0.14606132 0.10186749 0.13141944 0.11129108 0.07657016 0.05770892 0.08289579 0.15996453 0.01220263 0.12110246 0.07664495 0.09533750 0.12204576 0.09760115 
0.09737337 0.08862611 0.10230500 0.12694236 0.06510164 0.18170225 0.05093440 0.06365991 0.07856436 0.08625953 0.04318998 0.05124975 0.11163728 0.08446679 0.12186955 0.08256722 0.08231090 0.14545971 0.12401109 0.11762361 0.11144205 0.12984462 0.00000000 0.18309664 0.09110302 0.19085387 0.11914005 0.08585928 0.14514726 0.09224626 0.07750671 0.07168185 0.09789557 0.05995283 0.06766169 0.14138647 0.12928926 0.12674931 0.08021266 0.14870794 0.13057842 0.07166908 0.17078673 0.07119798 0.05487608 0.15745648 0.10902145 0.05768922 0.06938190 0.09523541 0.09435125 0.14322077 0.09932027 0.11564029 0.07074453 0.07701574 0.10268732 0.12178617 0.10124208 0.12093166 0.07104372 0.07918251 0.13833003 0.13852804 0.11103815 0.05262458 0.08632705 0.07661323 0.09280768 0.12035640 0.10132788 0.04599565 0.16596734 0.17386372 0.11116015 0.11947591 0.09678429 0.05720280 0.04683411 0.11373240 0.13658939 0.08278153 0.10656962 0.04856273 0.08811139 0.08498183 0.07146239 
0.08998764 0.13464963 0.25903915 0.08179329 0.13906675 0.13948788 0.07212401 0.09015348 0.11546700 0.05499041 0.04712255 0.06511008 0.05578167 0.09308480 0.06331061 0.04653753 0.08087014 0.14196444 0.14270935 0.11601411 0.11965961 0.15526716 0.18309664 0.00000000 0.13178280 0.34118762 0.20495122 0.15323678 0.08714617 0.08230284 0.10510367 0.22434069 0.08938344 0.04074664 0.11488933 0.15267298 0.11540526 0.10393462 0.12665545 0.10249996 0.11688143 0.04020505 0.10040421 0.15938874 0.04103172 0.11248770 0.10266223 0.05668951 0.06644172 0.07594316 0.08153231 0.06750195 0.06594523 0.07060856 0.09240910 0.10799784 0.07596817 0.11680534 0.09356241 0.03601492 0.04800862 0.09955339 0.04904108 0.05499365 0.10806032 0.06212297 0.15012632 0.03226399 0.06257881 0.06583800 0.15327140 0.19334443 0.11578133 0.17590620 0.11318633 0.10384355 0.19455589 0.07677727 0.03542852 0.03093829 0.04207126 0.13359191 0.07465138 0.00589588 0.07262885 0.06765133 0.05094339 
0.09153239 0.11599871 0.16764832 0.19712735 0.07926456 0.11212266 0.10296369 0.05841667 0.06998282 0.07700262 0.07619982 0.10912875 0.11484248 0.15688573 0.12055224 0.07877621 0.08948695 0.12504192 0.03952264 0.09103339 0.05942225 0.11570924 0.09110302 0.13178280 0.00000000 0.14732404 0.07210680 0.14781099 0.12784975 0.13798132 0.10675331 0.13969287 0.14889237 0.10356067 0.07912248 0.10736491 0.13244459 0.06567028 0.03291417 0.06201437 0.07523101 0.07944669 0.10832143 0.08964055 0.09645509 0.15084508 0.08621193 0.11189696 0.06516630 0.09914653 0.08789464 0.10378615 0.09029823 0.10241010 0.08540195 0.08261436 0.13780637 0.06523667 0.08871536 0.08532058 0.10739820 0.12313758 0.06145931 0.11014250 0.10488352 0.03303868 0.13611896 0.06159679 0.03414832 0.15763558 0.10171371 0.07540188 0.20124045 0.06560607 0.16021974 0.14268107 0.11463645 0.10255209 0.07805089 0.06940918 0.08794803 0.08245151 0.12512841 0.06525453 0.06209362 0.09573771 0.15556169 
0.09101537 0.08239020 0.12163058 0.13406824 0.07607244 0.13969642 0.07813162 0.09120613 0.04485616 0.08947925 0.11563228 0.03680773 0.04952917 0.10247428 0.12786689 0.05781584 0.06267082 0.05242022 0.09119255 0.06707060 0.08783262 0.11863770 0.19085387 0.34118762 0.14732404 0.00000000 0.14866706 0.13825487 0.15859300 0.09387381 0.08993778 0.12328894 0.11831997 0.09408398 0.11983399 0.13423441 0.10501771 0.11449046 0.13238805 0.07651825 0.15364325 0.09165438 0.09115731 0.10892469 0.09831243 0.13645664 0.12074546 0.09292648 0.06428254 0.05728175 0.07143029 0.09295485 0.08177410 0.03634805 0.08793622 0.11017542 0.11824742 0.13771247 0.05756667 0.08664248 0.09250725 0.08838411 0.06404935 0.03183544 0.09132773 0.09312088 0.13597034 0.02888838 0.12207172 0.11435481 0.14747481 0.12003390 0.09891145 0.13267082 0.07539862 0.11402311 0.11449643 0.09383413 0.04435599 0.09336695 0.11991500 0.05951083 0.17663538 0.10790100 0.05920247 0.07474758 0.07993745 
0.09499856 0.20545276 0.14502177 0.05881267 0.13088312 0.14020352 0.05333497 0.07663262 0.05389609 0.12358449 0.09777211 0.01795664 0.06002788 0.13337383 0.07522739 0.04738585 0.08251690 0.08574868 0.09833745 0.08325868 0.06898206 0.15956132 0.11914005 0.20495122 0.07210680 0.14866706 0.00000000 0.18318881 0.17722560 0.08394373 0.10189424 0.17378828 0.09478579 0.12990247 0.08512038 0.06540717 0.15337991 0.11828106 0.09398553 0.10607868 0.20555816 0.08630727 0.06984933 0.13107275 0.06555550 0.08075713 0.13277571 0.04052931 0.13598484 0.10853632 0.10999052 0.11716998 0.07352188 0.09241339 0.08648480 0.09619266 0.12092296 0.08320543 0.10125936 0.08955096 0.10540949 0.06888288 0.10549738 0.10933500 0.03696508 0.05707123 0.07573298 0.12277598 0.16605518 0.17313702 0.09022642 0.17342289 0.12675797 0.12399321 0.07247756 0.10562475 0.06544065 0.17055143 0.03414870 0.05034233 0.13313829 0.02206307 0.05673915 0.03910460 0.08472489 0.08144903 0.08414871 
0.08947060 0.08048696 0.11568717 0.10613166 0.07688376 0.07224805 0.06104753 0.06107713 0.04223261 0.04151049 0.11107848 0.04833190 0.14616073 0.14756106 0.08910982 0.07426152 0.07925398 0.06910059 0.11423106 0.09222932 0.10556992 0.09577477 0.08585928 0.15323678 0.14781099 0.13825487 0.18318881 0.00000000 0.19954720 0.11998182 0.12058934 0.14167160 0.14185628 0.06916650 0.10217080 0.10706066 0.22059214 0.15427017 0.12434038 0.12305328 0.06356133 0.05663879 0.08382428 0.14153376 0.08815725 0.11140456 0.14112093 0.05078536 0.07575663 0.09851880 0.07056771 0.08881123 0.07468863 0.08020667 0.04451623 0.08124637 0.08901691 0.09734906 0.12836921 0.06027402 0.05105839 0.14296897 0.06425610 0.12546912 0.17530389 0.03607194 0.12539022 0.08466568 0.10297330 0.13620126 0.12564563 0.07327290 0.13284437 0.17859531 0.11481338 0.07894423 0.16269881 0.20008138 0.11975912 0.05991446 0.07352215 0.05340249 0.04667010 0.04834527 0.05784369 0.07561610 0.10271780 
0.09406679 0.15165179 0.13270020 0.19375920 0.11132145 0.08202859 0.04185427 0.06006137 0.07989747 0.06727086 0.12535040 0.12335961 0.10160523 0.05634582 0.08861623 0.03958813 0.05381296 0.09239264 0.13295966 0.10725755 0.07462967 0.11701072 0.14514726 0.08714617 0.12784975 0.15859300 0.17722560 0.19954720 0.00000000 0.15119570 0.13545296 0.12669005 0.20939291 0.11312671 0.05118375 0.07287519 0.15351352 0.10022489 0.10047954 0.13575002 0.09231405 0.09589514 0.09953024 0.08718671 0.11914272 0.14487485 0.16359390 0.08619704 0.10151681 0.07844414 0.06921715 0.10464859 0.07255346 0.07134717 0.08422236 0.10465576 0.06174286 0.05201786 0.11464016 0.04633837 0.06460436 0.03998398 0.07371321 0.10486094 0.11518526 0.09404861 0.11759310 0.11539605 0.14545179 0.12789813 0.08227201 0.10485476 0.05980675 0.12626905 0.10693879 0.04047952 0.11927078 0.06241997 0.09023155 0.11198673 0.11181280 0.05217020 0.07817180 0.15188921 0.08370108 0.08789813 0.08323556 
0.10891978 0.07534734 0.08134439 0.12342378 0.13145677 0.08401900 0.03373394 0.06955778 0.08310103 0.10213483 0.10520102 0.10281320 0.06694530 0.03622701 0.05453503 0.07932575 0.10788299 0.07378265 0.14848308 0.12199961 0.09154686 0.11016563 0.09224626 0.08230284 0.13798132 0.09387381 0.08394373 0.11998182 0.15119570 0.00000000 0.04430180 0.13745127 0.27122215 0.21702881 0.03750436 0.06801838 0.13479081 0.07018960 0.06688341 0.03342946 0.11753972 0.05884374 0.06993323 0.06090258 0.14064366 0.10075084 0.11194599 0.12853978 0.05886246 0.06139023 0.09138202 0.09636533 0.09937432 0.08620457 0.10667139 0.08940758 0.13266588 0.02964047 0.13549684 0.09785837 0.08863131 0.07939514 0.08546326 0.17000840 0.07192418 0.10344176 0.15667272 0.10638704 0.22419608 0.14639268 0.08413215 0.09814828 0.13273704 0.19970082 0.13002623 0.11732566 0.10607381 0.09113306 0.08010291 0.05427256 0.14325659 0.03681916 0.12588196 0.08739186 0.06127147 0.06102605 0.07480133 
0.09659488 0.05242882 0.15839456 0.10663871 0.11793936 0.05659828 0.10386451 0.06614176 0.09085520 0.04556275 0.12477266 0.08807240 0.13295470 0.03706874 0.08396856 0.04209573 0.12349279 0.09304226 0.13810588 0.22706129 0.13254014 0.13891341 0.07750671 0.10510367 0.10675331 0.08993778 0.10189424 0.12058934 0.13545296 0.04430180 0.00000000 0.13950509 0.07665685 0.13980224 0.05269734 0.11164344 0.11600973 0.10906520 0.03632047 0.10655682 0.13317631 0.06048031 0.08569029 0.10987594 0.05536995 0.07969813 0.08939532 0.07212185 0.07668019 0.08991005 0.11059081 0.08882468 0.07660971 0.09411111 0.09834836 0.10489123 0.15862518 0.05495908 0.09019147 0.02906882 0.03262957 0.20918020 0.09813360 0.13836919 0.02104631 0.09109648 0.08445495 0.10703174 0.25511606 0.12045420 0.13321676 0.16179946 0.12149623 0.07042510 0.16960811 0.12015593 0.09073366 0.07726776 0.09479798 0.12025207 0.02819279 0.09002088 0.11779923 0.05613165 0.07351039 0.07378016 0.16101010 
0.09672097 0.06725975 0.17190176 0.13209700 0.07305960 0.06506668 0.07589682 0.04706870 0.06075619 0.10856286 0.04960854 0.05102628 0.06347058 0.11518374 0.09476692 0.06583727 0.08215377 0.14057111 0.13920311 0.09593115 0.12390330 0.14804505 0.07168185 0.22434069 0.13969287 0.12328894 0.17378828 0.14167160 0.12669005 0.13745127 0.13950509 0.00000000 0.14007353 0.08572984 0.15911845 0.13255917 0.12895595 0.09885877 0.10736999 0.10676025 0.16409911 0.09276216 0.11781783 0.15994096 0.12125604 0.16488280 0.11145248 0.07071486 0.08129877 0.06901214 0.09384303 0.10385757 0.08644643 0.09445684 0.06858441 0.07051127 0.06720178 0.15593171 0.10117117 0.03032840 0.10909242 0.10628411 0.02571288 0.08589511 0.08449600 0.09570524 0.11731034 0.08684168 0.12196790 0.07476904 0.17459849 0.14741926 0.04838761 0.15339120 0.01712192 0.11062992 0.05757089 0.11836686 0.04869155 0.11577091 0.10223003 0.06937132 0.01575236 0.08480453 0.07211230 0.12580412 0.07421294 
0.09113038 0.12814924 0.16502458 0.08650566 0.14572294 0.13238898 0.05402899 0.05281647 0.08238070 0.08308138 0.13188801 0.08793849 0.04677446 0.02054867 0.12512948 0.08985950 0.04440781 0.09530064 0.11951876 0.15512753 0.11618440 0.16030362 0.09789557 0.08938344 0.14889237 0.11831997 0.09478579 0.14185628 0.20939291 0.27122215 0.07665685 0.14007353 0.00000000 0.06868843 0.06967794 0.20717217 0.15067472 0.07061863 0.07789480 0.08015464 0.12348441 0.09227252 0.07515461 0.05871815 0.09846817 0.15223623 0.15166790 0.11445953 0.08472933 0.09604953 0.10133469 0.14058412 0.12451551 0.07768930 0.08021463 0.06438978 0.14171692 0.04322832 0.14741150 0.06898888 0.09126982 0.06707196 0.13082085 0.07570393 0.09261068 0.09954263 0.12729893 0.12922523 0.10572771 0.09060462 0.10466433 0.14479075 0.09280600 0.15803217 0.10199613 0.10493467 0.13998772 0.06369325 0.04730628 0.06910188 0.08206016 0.02733946 0.00573542 0.07036172 0.06400604 0.05321191 0.01788336 
0.09430093 0.15672966 0.07835683 0.02035640 0.08155012 0.12371186 0.12854772 0.15336803 0.05949752 0.04924876 0.05099970 0.10088330 0.11363949 0.03058451 0.07854882 0.10826464 0.10892684 0.11851117 0.07624471 0.04677767 0.12477384 0.03262999 0.05995283 0.04074664 0.10356067 0.09408398 0.12990247 0.06916650 0.11312671 0.21702881 0.13980224 0.08572984 0.06868843 0.00000000 0.09064214 0.08461098 0.13988013 0.08999765 0.15033374 0.09543538 0.07461454 0.15072184 0.04151312 0.08541387 0.05316098 0.09262220 0.06014084 0.07493560 0.09023601 0.04970402 0.10358898 0.07125758 0.08998250 0.06426940 0.09597190 0.12402123 0.08897206 0.13914700 0.10416466 0.16621665 0.06904787 0.10050633 0.05030418 0.13499502 0.11557781 0.11697384 0.11027006 0.06857864 0.12501560 0.11384293 0.11862838 0.09709754 0.09427617 0.10883055 0.29524365 0.14554056 0.06735111 0.08522280 0.07819129 0.05825820 0.39052833 0.03902928 0.05895007 0.03936624 0.16854209 0.10849413 0.08462560 
0.09291066 0.08736052 0.16630561 0.12786469 0.11605679 0.06527902 0.14501173 0.05743285 0.10311935 0.03149643 0.10360359 0.09136971 0.06294132 0.12166340 0.07680141 0.12733467 0.09989458 0.09919970 0.06581582 0.14231792 0.10040919 0.09099251 0.06766169 0.11488933 0.07912248 0.11983399 0.08512038 0.10217080 0.05118375 0.03750436 0.05269734 0.15911845 0.06967794 0.09064214 0.00000000 0.12546719 0.05295173 0.17326986 0.15520693 0.05461814 0.13294608 0.10613955 0.09058756 0.16289338 0.05515168 0.11738059 0.11041390 0.09021900 0.23147989 0.11338061 0.06938939 0.07709088 0.07905557 0.07658362 0.08753553 0.06079309 0.12958794 0.15624156 0.10234160 0.05054369 0.13607125 0.12631502 0.09274459 0.09725042 0.03418258 0.09592702 0.13080228 0.07352421 0.08077516 0.12197079 0.23705516 0.09670067 0.11376222 0.09985544 0.11983770 0.10826980 0.07396830 0.03330289 0.11641850 0.07676929 0.15850062 0.10990264 0.13956462 0.11015077 0.07560636 0.15270152 0.09670850 
0.09200718 0.09425009 0.12409301 0.08462739 0.05909026 0.21050744 0.04054591 0.09739982 0.10629665 0.05901982 0.05651747 0.04834658 0.10935874 0.09023796 0.13666345 0.11067206 0.08856638 0.12905555 0.12335229 0.11685618 0.02901053 0.06299080 0.14138647 0.15267298 0.10736491 0.13423441 0.06540717 0.10706066 0.07287519 0.06801838 0.11164344 0.13255917 0.20717217 0.08461098 0.12546719 0.00000000 0.12309596 0.11547792 0.13250069 0.21947939 0.12750300 0.07144091 0.11854944 0.10233679 0.08136248 0.12180582 0.09561639 0.08412785 0.08411059 0.07325387 0.09331473 0.11462299 0.10574157 0.08134312 0.08734824 0.07914806 0.16399519 0.12900860 0.11119381 0.11736324 0.07429629 0.10452457 0.11370902 0.07318146 0.01456351 0.06277803 0.10328965 0.06835412 0.08221737 0.15473886 0.13182115 0.14771837 0.14654938 0.11665522 0.05938538 0.16260746 0.19485279 0.07410442 0.01717813 0.05533908 0.11232875 0.03556064 0.08513744 0.08739412 0.06632299 0.14622281 0.07242325 
0.09546005 0.05479395 0.06517923 0.06774536 0.13508811 0.12761191 0.10959606 0.13439363 0.07263061 0.10351245 0.08174670 0.10883673 0.03617084 0.10120477 0.11723561 0.13250758 0.06581579 0.08096874 0.08426651 0.08806844 0.10538510 0.09118435 0.12928926 0.11540526 0.13244459 0.10501771 0.15337991 0.22059214 0.15351352 0.13479081 0.11600973 0.12895595 0.15067472 0.13988013 0.05295173 0.12309596 0.00000000 0.19134613 0.15127616 0.15681401 0.18161807 0.11276046 0.12257889 0.09728387 0.11020770 0.12431288 0.15578445 0.06148163 0.10178133 0.06160211 0.06956350 0.08031387 0.04377227 0.08007505 0.07786452 0.08933414 0.07836946 0.07441431 0.11295803 0.10597811 0.05903462 0.07757627 0.09498267 0.09417316 0.06144414 0.04650671 0.10952875 0.07837360 0.05831752 0.13291305 0.09342231 0.14851880 0.17808611 0.14075286 0.07457723 0.12868621 0.16546140 0.08718890 0.03517937 0.08073898 0.09450327 0.07760076 0.12515792 0.07630197 0.07611814 0.05095017 0.07390035 
0.10227151 0.08047519 0.06904530 0.09214141 0.12362433 0.08414313 0.12025576 0.07945499 0.10867500 0.09959877 0.06590206 0.03978465 0.07006546 0.07339261 0.14875771 0.17785116 0.11430182 0.15010436 0.10108237 0.11076043 0.18272669 0.13945443 0.12674931 0.10393462 0.06567028 0.11449046 0.11828106 0.15427017 0.10022489 0.07018960 0.10906520 0.09885877 0.07061863 0.08999765 0.17326986 0.11547792 0.19134613 0.00000000 0.10094015 0.11230070 0.06667645 0.11899018 0.11676354 0.19754748 0.10646512 0.08728474 0.08170263 0.06074011 0.09651597 0.11836666 0.10527984 0.07051108 0.07582240 0.08614539 0.09069204 0.06932805 0.06913772 0.11271345 0.11443969 0.06947340 0.11645628 0.04620000 0.11229498 0.12692989 0.03456394 0.12833669 0.10263091 0.07566126 0.15421773 0.06060965 0.07029978 0.12324186 0.11061719 0.19395585 0.02993259 0.09960759 0.07337342 0.05240065 0.05506375 0.12810700 0.05202785 0.03285982 0.08518924 0.11766107 0.08562762 0.05681117 0.05139149 
0.09009960 0.11440393 0.13548767 0.06561750 0.12025718 0.08837834 0.13598211 0.12513183 0.05991337 0.03758667 0.09719871 0.15660243 0.04125701 0.05691278 0.10339592 0.09683548 0.14346410 0.08556731 0.12354904 0.06837019 0.10511154 0.06431974 0.08021266 0.12665545 0.03291417 0.13238805 0.09398553 0.12434038 0.10047954 0.06688341 0.03632047 0.10736999 0.07789480 0.15033374 0.15520693 0.13250069 0.15127616 0.10094015 0.00000000 0.13383422 0.15587246 0.10853368 0.11988043 0.15744002 0.16648863 0.12879299 0.10026506 0.07911382 0.14862989 0.11890102 0.09904884 0.08302014 0.10231976 0.08473642 0.10770228 0.11198049 0.11357902 0.15784738 0.09331699 0.13676285 0.07378907 0.09784644 0.10646293 0.11858771 0.05503831 0.11288621 0.08714018 0.03665021 0.07195568 0.07300687 0.11314528 0.11405437 0.11727262 0.09677500 0.12575296 0.07784159 0.09379279 0.10872796 0.04432615 0.17032114 0.09380830 0.08603582 0.10947227 0.14404448 0.11916470 0.05490909 0.07808820 
0.10078346 0.08283996 0.12913762 0.11808688 0.07656260 0.06241828 0.05510147 0.09338392 0.10905126 0.07690284 0.04664738 0.02645957 0.10578943 0.10973266 0.10041052 0.12676285 0.15312710 0.10895265 0.12966912 0.07545663 0.09946930 0.19527599 0.14870794 0.10249996 0.06201437 0.07651825 0.10607868 0.12305328 0.13575002 0.03342946 0.10655682 0.10676025 0.08015464 0.09543538 0.05461814 0.21947939 0.15681401 0.11230070 0.13383422 0.00000000 0.17180694 0.08345009 0.12588549 0.15234462 0.08142689 0.12516153 0.11597445 0.05063137 0.07401678 0.10604708 0.06633393 0.05339662 0.09260532 0.08228436 0.08687073 0.11578862 0.14918912 0.12059356 0.16828313 0.08309944 0.06986490 0.10526579 0.09757562 0.15956207 0.07800185 0.11936043 0.13203951 0.09551080 0.04165988 0.13722329 0.09341742 0.09692346 0.12024975 0.14224582 0.08457602 0.13619890 0.09063965 0.07636448 0.06048259 0.08394286 0.14649375 0.04006300 0.07444430 0.08236641 0.08925552 0.13425252 0.05525276 
0.09061549 0.08363884 0.11384009 0.11094881 0.07637314 0.08532810 0.11627238 0.15527926 0.15329895 0.02851476 0.08002368 0.03115122 0.03148893 0.07195651 0.07078307 0.13031205 0.06493550 0.09980875 0.13576815 0.19992376 0.19734458 0.15880314 0.13057842 0.11688143 0.07523101 0.15364325 0.20555816 0.06356133 0.09231405 0.11753972 0.13317631 0.16409911 0.12348441 0.07461454 0.13294608 0.12750300 0.18161807 0.06667645 0.15587246 0.17180694 0.00000000 0.20917626 0.14273653 0.14482302 0.10016717 0.07563248 0.08292590 0.08052597 0.11414412 0.08973237 0.09097905 0.05570792 0.08403638 0.06543346 0.09946703 0.08605383 0.12828340 0.14419658 0.07010305 0.07740603 0.02545684 0.06110545 0.08818789 0.06888228 0.08130917 0.07491616 0.08765125 0.06435912 0.08205130 0.12037495 0.10443788 0.15151710 0.11013398 0.11750264 0.03155318 0.10358554 0.06542384 0.11249169 0.06276412 0.11349222 0.08886026 0.08074188 0.05715416 0.06117169 0.10200627 0.10708068 0.03922058 
