0.00000000 0.18775437 0.12709611 0.13822421 0.15956259 0.15599647 0.14404824 0.15559002 0.14899338 0.14506749 0.13943266 0.13045353 0.14606099 0.14137048 0.17046591 0.13512540 0.15608111 0.14139046 0.15946502 0.14218830 0.16226065 0.13878063 0.15046251 0.14333553 0.17428564 0.15202304 0.16205847 0.13753650 0.14509950 0.14715454 0.14779882 0.15368522 0.13461939 0.12530623 0.15413184 0.15645228 0.17577845 0.14861120 0.14944422 0.14490307 0.13305383 0.14220314 0.15422384 0.14318295 0.16126673 0.14949885 0.16162517 0.14723229 0.15412992 0.15258586 0.14253472 0.15265621 0.15555738 0.14942639 0.14336795 0.14484776 0.16556770 0.14596289 0.16172515 0.14169332 0.15123599 0.15374877 0.13700027 0.13935702 0.14910893 0.13834714 0.14380248 0.15308166 0.16361075 0.14765213 0.14438496 0.16003320 0.17463235 0.12543197 0.15376845 0.13858309 0.16274441 0.13915713 0.14594007 0.15359896 0.15757688 0.14566348 0.14549756 0.12655695 0.13910071 0.15294084 0.13992385 0.14930375 0.15424910 0.13639482 0.14986440 0.14692185 0.16054838 0.14335449 0.13465530 0.14794535 0.15880138 0.14372137 0.15413364 0.14305789 0.14804724 0.15911318 0.16226573 0.16535470 0.17526818 0.17671990 0.18104673 
0.18775437 0.00000000 0.24641566 0.19313063 0.21521063 0.22051072 0.12455453 0.19127826 0.13882701 0.11478494 0.08712516 0.17070288 0.15612157 0.13681925 0.10023940 0.16098944 0.16737629 0.14162033 0.13235224 0.16521748 0.07898270 0.22316625 0.16965992 0.13014741 0.16385010 0.07664862 0.12435632 0.14822374 0.18292423 0.22977084 0.15103223 0.17700435 0.17421322 0.14427986 0.17051983 0.14163200 0.16066093 0.07987096 0.17712691 0.16924017 0.12756069 0.14371834 0.19454692 0.13243662 0.21658786 0.09960762 0.11232694 0.14183452 0.16439614 0.21693493 0.11572918 0.10274354 0.12224578 0.10504209 0.16748836 0.16945817 0.12675886 0.12606397 0.15238857 0.07856764 0.18678726 0.09310176 0.13378797 0.18119329 0.11941950 0.14860738 0.17356675 0.17122545 0.12284539 0.13847752 0.16744877 0.13612268 0.19832534 0.18623030 0.09037275 0.17379792 0.08254905 0.16027995 0.09510600 0.13127142 0.21437556 0.13590369 0.21947190 0.14153818 0.11806034 0.16125400 0.18159747 0.15091270 0.15893060 0.12377850 0.16339878 0.10529665 0.16698956 0.10554599 0.13441249 0.13533155 0.13451622 0.17482752 0.15867503 0.15958425 0.16794010 0.16271446 0.18401594 0.20970647 0.15945284 0.15709147 0.17071524 
0.12709611 0.24641566 0.00000000 0.20491739 0.13900620 0.21638215 0.17156077 0.14224143 0.11220147 0.10909539 0.17004444 0.11655835 0.16641083 0.17176513 0.16629593 0.18206380 0.18423999 0.15134558 0.10711949 0.10461223 0.20243667 0.13737765 0.19061468 0.07217520 0.26796035 0.18544410 0.12492194 0.15075707 0.10417835 0.11656716 0.02903948 0.11385316 0.11376172 0.13714305 0.16131124 0.11473310 0.14134596 0.19778477 0.23389280 0.17724681 0.18712851 0.21654824 0.16557756 0.17074630 0.14702465 0.18568856 0.13570890 0.19876847 0.10440064 0.14719068 0.14054440 0.10577388 0.12387938 0.13856459 0.08932790 0.13919450 0.13816859 0.15262181 0.14333048 0.12505240 0.11236854 0.14555559 0.07636529 0.14222482 0.21775163 0.15157872 0.10627137 0.19427552 0.06559900 0.17134123 0.27024012 0.10505962 0.13056460 0.07543463 0.16613583 0.16445905 0.10979352 0.13550834 0.17608428 0.13261371 0.21034028 0.10211942 0.23211081 0.16561347 0.07086428 0.17723762 0.15493158 0.11044153 0.09674028 0.15482309 0.13208861 0.15898443 0.24792955 0.29244493 0.18623396 0.10191419 0.22768308 0.22425198 0.15322563 0.14562961 0.15746625 0.24913219 0.15239400 0.15892903 0.14134023 0.12975902 0.14375849 
0.13822421 0.19313063 0.20491739 0.00000000 0.14746512 0.16416182 0.19968399 0.14123517 0.10774385 0.16558955 0.14910145 0.15180775 0.13154272 0.11988257 0.14142602 0.17770446 0.12678945 0.16024401 0.24272070 0.13451952 0.24549755 0.14042693 0.14962223 0.14058263 0.13295289 0.14267259 0.10779839 0.12601680 0.13895546 0.15673353 0.13915094 0.13819195 0.21367069 0.19538897 0.13258434 0.19042061 0.14464160 0.23599506 0.12226458 0.20338954 0.21054229 0.11378215 0.16123907 0.20291155 0.09047380 0.08924513 0.11592983 0.13851508 0.21111299 0.16773019 0.12475937 0.13959205 0.22328286 0.17051464 0.14556359 0.18362776 0.15496104 0.15443069 0.17770088 0.14616642 0.13762656 0.15328828 0.10576444 0.10300894 0.19532109 0.21763541 0.16463657 0.37844521 0.13857914 0.10071996 0.13406435 0.15275885 0.13965165 0.16842558 0.13212450 0.15961822 0.17232657 0.07811608 0.08658486 0.18203389 0.19014231 0.19664225 0.19262277 0.09141492 0.12220968 0.18037065 0.14583374 0.15081636 0.15324144 0.08259745 0.09577478 0.13997243 0.12204383 0.16880081 0.20462277 0.13570178 0.12257803 0.19138527 0.16139206 0.14261128 0.10120168 0.14481044 0.16005300 0.16761515 0.14374782 0.14531112 0.14754546 
0.15956259 0.21521063 0.13900620 0.14746512 0.00000000 0.36166034 0.16950489 0.19551522 0.14865335 0.15859711 0.13576133 0.16153597 0.12748026 0.14725416 0.16718350 0.14455476 0.14627601 0.12877181 0.17716986 0.13855690 0.14725259 0.15747925 0.11481218 0.16561809 0.15842042 0.12195668 0.13217472 0.14171973 0.14634271 0.12458590 0.12995425 0.13851719 0.12812957 0.12677108 0.18321485 0.13810467 0.16020081 0.15165615 0.18513216 0.12054198 0.11543598 0.12624772 0.14373515 0.19377522 0.11932948 0.18390040 0.16062783 0.15949964 0.15715021 0.13515280 0.12327669 0.16506568 0.13812469 0.20624740 0.16463843 0.11952890 0.14130041 0.19501334 0.13615866 0.15145499 0.16064271 0.15159379 0.11145320 0.12595363 0.15866541 0.15616836 0.17284935 0.12642943 0.11863963 0.14436657 0.14286865 0.14117072 0.13167011 0.11868454 0.11674706 0.13542355 0.11587584 0.12576431 0.11865561 0.14839310 0.14238449 0.11747775 0.14107527 0.12643494 0.12996818 0.13638988 0.15731430 0.17197329 0.18047198 0.12405549 0.15511910 0.11922978 0.11041456 0.12384963 0.14517171 0.15820069 0.14542516 0.15780412 0.17848955 0.19311790 0.19117652 0.18100623 0.19894873 0.15427480 0.16320384 0.15797522 0.15765792 
0.15599647 0.22051072 0.21638215 0.16416182 0.36166034 0.00000000 0.13722732 0.17065123 0.16627831 0.17974215 0.13694328 0.13810302 0.17914610 0.20748091 0.16593968 0.13439747 0.12981153 0.15026362 0.14384514 0.17576373 0.13083370 0.14014020 0.10323961 0.13028390 0.15138709 0.19220140 0.13345749 0.12057408 0.12639975 0.19131748 0.15612386 0.12137841 0.12580467 0.12321087 0.16955933 0.15008981 0.15680022 0.11696404 0.16964451 0.13923237 0.11873159 0.14500547 0.14734742 0.17211210 0.14294733 0.16620268 0.16465338 0.16529925 0.15100229 0.12791823 0.16280770 0.15361621 0.14013383 0.12886335 0.13731191 0.14642656 0.13384809 0.14014641 0.16737453 0.19684638 0.15928982 0.16014271 0.14744669 0.15014377 0.17213617 0.13971237 0.10662164 0.12621412 0.18544265 0.12788090 0.15315034 0.15767617 0.14945175 0.16212427 0.13127172 0.18764296 0.16412036 0.17503925 0.12757434 0.11831566 0.11399477 0.15528852 0.12898324 0.14894662 0.15278413 0.13848444 0.16911060 0.13424181 0.14518778 0.16674204 0.17220585 0.14125649 0.13455776 0.12535880 0.09802404 0.13023339 0.10384556 0.10710804 0.11957324 0.12276302 0.12714860 0.14106342 0.14131676 0.14889593 0.16007275 0.15486056 0.15581761 
0.14404824 0.12455453 0.17156077 0.19968399 0.16950489 0.13722732 0.00000000 0.24173921 0.30491338 0.22871240 0.21880150 0.15825007 0.20352567 0.17316077 0.13254752 0.16533705 0.14442345 0.12513621 0.09279877 0.15480019 0.20149519 0.14119262 0.10388481 0.08929543 0.13261956 0.08754986 0.15214692 0.12811647 0.13563839 0.10697003 0.14913457 0.15679273 0.10847114 0.15977319 0.13280264 0.10474612 0.13810039 0.11378382 0.16482529 0.18357623 0.09343242 0.08077336 0.18227019 0.18142398 0.14034285 0.11847211 0.13478429 0.12238977 0.14830591 0.09691974 0.08894464 0.10322376 0.14921106 0.23124801 0.15150426 0.21358100 0.15297894 0.10114944 0.13464021 0.23488700 0.12337063 0.15111540 0.16878819 0.15296894 0.19598205 0.12522881 0.38191153 0.14132457 0.13411513 0.15517804 0.15968129 0.12506331 0.14487773 0.25903963 0.10332305 0.11199138 0.30503802 0.18018484 0.12208826 0.13790383 0.30745936 0.17340471 0.21443853 0.15442649 0.09800427 0.09918866 0.14303052 0.08933909 0.14725674 0.19968358 0.15092802 0.36794044 0.08244470 0.09136186 0.14101396 0.06646774 0.10256019 0.19690074 0.13897565 0.16071402 0.15722162 0.12816440 0.13299085 0.14528390 0.14498721 0.14569764 0.15030726 
0.15559002 0.19127826 0.14224143 0.14123517 0.19551522 0.17065123 0.24173921 0.00000000 0.21907990 0.27153253 0.14721714 0.17970783 0.14076701 0.10999946 0.10551986 0.14971421 0.14901545 0.18048808 0.15497494 0.13920355 0.11799338 0.10437187 0.10313348 0.16562139 0.16770720 0.14916983 0.15568264 0.12849496 0.18047779 0.08155842 0.07117992 0.13425038 0.15130008 0.14056297 0.13311719 0.12354461 0.14262202 0.21571222 0.10909153 0.11553895 0.14868477 0.12291247 0.12969456 0.12494093 0.26138722 0.17322548 0.14239077 0.21128255 0.17543521 0.12317614 0.16726859 0.14900367 0.10380835 0.11930657 0.08707167 0.17548650 0.16839467 0.10538498 0.10616901 0.17219292 0.21884923 0.18941100 0.18846468 0.49144125 0.11702588 0.14932929 0.14862749 0.14592367 0.06864228 0.09199993 0.05340069 0.20759971 0.14768789 0.12165592 0.13646636 0.14369453 0.07233089 0.14842475 0.11930443 0.17620647 0.18740709 0.21801128 0.13701532 0.12415844 0.14229458 0.10580058 0.13754024 0.18879177 0.15782530 0.19101128 0.33712338 0.16159842 0.21275365 0.08400092 0.15694408 0.09714371 0.13939058 0.14847308 0.12122728 0.15447255 0.15283745 0.16718980 0.14554996 0.14542974 0.15135731 0.13897898 0.14606008 
0.14899338 0.13882701 0.11220147 0.10774385 0.14865335 0.16627831 0.30491338 0.21907990 0.00000000 0.15652669 0.23567162 0.16007137 0.16274728 0.13496073 0.15076295 0.07222148 0.15402856 0.19911434 0.13289961 0.20567796 0.21163957 0.18646911 0.17262418 0.25229480 0.17768828 0.20588843 0.16640561 0.25013464 0.22100278 0.13388647 0.23130782 0.17048172 0.17323298 0.14511874 0.20385931 0.10451024 0.14864777 0.15712543 0.07644963 0.14344000 0.15300959 0.11755856 0.24683835 0.07235089 0.19574449 0.12938557 0.12321871 0.11073949 0.18064262 0.11285196 0.18428304 0.16197370 0.15179220 0.21780186 0.04973059 0.18156028 0.16414769 0.15835589 0.10966358 0.18167928 0.13833490 0.14553013 0.21467040 0.17197010 0.30011491 0.15696517 0.12908317 0.12412266 0.15930512 0.06233139 0.12178153 0.12599915 0.16651178 0.08300944 0.09086961 0.10328085 0.19727872 0.08006449 0.15782773 0.10527207 0.23014476 0.14328990 0.07982470 0.08464462 0.09695297 0.13477790 0.11528181 0.22025713 0.05535187 0.18056756 0.20647480 0.13727748 0.04224417 0.07233731 0.23125659 0.13587189 0.18046839 0.15853674 0.17959230 0.14562781 0.13393195 0.15940081 0.11769911 0.13471689 0.14334137 0.13352264 0.13715993 
0.14506749 0.11478494 0.10909539 0.16558955 0.15859711 0.17974215 0.22871240 0.27153253 0.15652669 0.00000000 0.03616475 0.23690830 0.25154307 0.16358249 0.17721562 0.15514391 0.18355305 0.11004387 0.08327772 0.17881876 0.17081598 0.14619041 0.06433508 0.20416054 0.12072339 0.10315022 0.14082441 0.10055372 0.07170044 0.12429308 0.04051935 0.23007262 0.18479862 0.10396017 0.11240446 0.09780324 0.14096798 0.18755587 0.09286277 0.15528662 0.16584633 0.08674954 0.10727592 0.20877461 0.11992152 0.10556186 0.12837097 0.08715400 0.14812073 0.24006231 0.13230723 0.14022229 0.15572750 0.18938524 0.16144307 0.10690142 0.26216493 0.13909601 0.18123823 0.75625865 0.17338560 0.18211458 0.17257981 0.22663363 0.13733700 0.09267488 0.13645597 0.11262141 0.19156823 0.18026687 0.07935125 0.14182662 0.13086563 0.16567915 0.12943886 0.12287746 0.09730894 0.13902216 0.16035701 0.15230115 0.12759910 0.11881529 0.10752522 0.14734215 0.12450815 0.15159982 0.08072456 0.22267483 0.08545436 0.13450655 0.20465644 0.12532811 0.05375039 0.14461768 0.22867002 0.14926350 0.15127622 0.17294136 0.19193016 0.15013928 0.19354406 0.13072625 0.12437901 0.13285762 0.13530089 0.14113913 0.14233358 
0.13943266 0.08712516 0.17004444 0.14910145 0.13576133 0.13694328 0.21880150 0.14721714 0.23567162 0.03616475 0.00000000 0.21145290 0.18308300 0.05560338 0.40656771 0.10888037 0.14490878 0.17155751 0.13331637 0.17985380 0.16814893 0.21523486 0.37787576 0.26029667 0.12355970 0.12019356 0.11222844 0.18125334 0.16036789 0.14350862 0.10449144 0.12578766 0.12070316 0.12234311 0.09732083 0.11427196 0.14133264 0.09543115 0.08179925 0.16580135 0.14655424 0.19496931 0.17457602 0.17746395 0.13799799 0.13296749 0.18434017 0.07554362 0.14961558 0.16757013 0.11651738 0.12264840 0.15297858 0.15088235 0.16118033 0.14185648 0.25768562 0.23486297 0.08517291 0.24518526 0.18098390 0.14111342 0.17432464 0.09327291 0.08988620 0.15313205 0.09682049 0.06820565 0.11276531 0.17645494 0.14840577 0.18600909 0.07395650 0.11914417 0.15710255 0.18388716 0.09081664 0.12207814 0.08570218 0.18081932 0.15355569 0.15384593 0.09465207 0.18221068 0.10888772 0.25765619 0.30534631 0.22246710 0.15111917 0.08625758 0.14760936 0.16881418 0.16096615 0.16127668 0.18888123 0.10980955 0.22501035 0.17901896 0.13557349 0.13558159 0.13541071 0.16471062 0.13182949 0.15705029 0.13255773 0.13650687 0.14625575 
0.13045353 0.17070288 0.11655835 0.15180775 0.16153597 0.13810302 0.15825007 0.17970783 0.16007137 0.23690830 0.21145290 0.00000000 0.18158129 0.27384076 0.18616578 0.13986655 0.11522062 0.19668612 0.15644035 0.13847344 0.13156765 0.12963542 0.14365142 0.13107337 0.08086144 0.14373754 0.11414023 0.17490318 0.11619616 0.07026561 0.10110568 0.07693120 0.11375772 0.12387995 0.08156560 0.14080373 0.14799884 0.05934403 0.14343653 0.15696394 0.18220193 0.10081962 0.16913713 0.18127106 0.13923398 0.13546365 0.16567502 0.18612636 0.25652481 0.11636558 0.14557798 0.13511873 0.16547956 0.13777552 0.11544450 0.24328957 0.37560036 0.28699657 0.26163214 0.19444414 0.16104426 0.12609772 0.17905100 0.17908243 0.16929694 0.20884119 0.12652298 0.16327377 0.12623948 0.14095740 0.12159068 0.08293740 0.08623836 0.16031332 0.21184377 0.15837331 0.10128708 0.15130757 0.18971215 0.10236436 0.14297384 0.11931026 0.16064957 0.23528286 0.17604688 0.34353985 0.17560549 0.24117017 0.12674637 0.19545048 0.13377274 0.12948585 0.11772072 0.20232656 0.16225429 0.11622374 0.11834662 0.14074205 0.13412206 0.08319282 0.07266912 0.11591134 0.12096457 0.11962647 0.14078299 0.14220955 0.15085407 
0.14606099 0.15612157 0.16641083 0.13154272 0.12748026 0.17914610 0.20352567 0.14076701 0.16274728 0.25154307 0.18308300 0.18158129 0.00000000 0.16798354 0.21185540 0.14732520 0.28260136 0.17568549 0.12308816 0.14600153 0.10283369 0.07895707 0.20277034 0.14007041 0.09883464 0.19952874 0.22995482 0.11425887 0.11571398 0.17334167 0.11748430 0.11674063 0.09435556 0.14558904 0.15682022 0.15791009 0.13022668 0.08114670 0.14790853 0.10039044 0.12421076 0.10704510 0.18906767 0.10243396 0.11547743 0.13036070 0.23803631 0.10186353 0.15010805 0.24283862 0.15235435 0.13554113 0.26207334 0.13178341 0.11799650 0.12644070 0.32427711 0.09928484 0.18068187 0.08078974 0.12107961 0.22183216 0.12889615 0.19622626 0.18721723 0.16071512 0.18388396 0.15430844 0.14526998 0.11662131 0.11962337 0.12949416 0.13712720 0.12049212 0.11066188 0.11768648 0.23541359 0.16585528 0.17269011 0.15080237 0.21752008 0.23932232 0.17501364 0.14213453 0.19620575 0.22540535 0.11723711 0.14304106 0.13919561 0.11777803 0.13061808 0.17507539 0.14464894 0.08346794 0.12922676 0.07408401 0.08601099 0.17822398 0.16975668 0.10302122 0.20051524 0.14237148 0.11935902 0.12826455 0.13788965 0.14277797 0.13889737 
0.14137048 0.13681925 0.17176513 0.11988257 0.14725416 0.20748091 0.17316077 0.10999946 0.13496073 0.16358249 0.05560338 0.27384076 0.16798354 0.00000000 0.12709941 0.27637573 0.14006556 0.12965734 0.22315790 0.20567027 0.12316262 0.14040757 0.18897707 0.12237239 0.16123580 0.11709410 0.12373278 0.13546835 0.13200385 0.16114543 0.14129421 0.11367251 0.14877815 0.20828949 0.13126825 0.17110843 0.14450946 0.15588430 0.12114677 0.11217498 0.13585907 0.15967651 0.14803306 0.09729531 0.12303921 0.15392539 0.18813770 0.20497852 0.14074504 0.16138903 0.09692503 0.12206855 0.14731425 0.11070687 0.19414853 0.10555339 0.38492381 0.14265989 0.21920052 0.08465003 0.19726272 0.09938584 0.16315444 0.14032285 0.13275077 0.24548556 0.10884069 0.19859831 0.18797034 0.17062376 0.16596522 0.14451125 0.07523331 0.21012103 0.15145989 0.15115768 0.20566766 0.15038182 0.16228144 0.09305049 0.18807883 0.24514325 0.13926284 0.14054558 0.19989481 0.13181363 0.11035394 0.18082237 0.18469915 0.07551233 0.21161574 0.19188435 0.13669057 0.08075561 0.22268133 0.26460242 0.15146269 0.09936933 0.10533327 0.08609615 0.06903051 0.12618997 0.12214987 0.12596346 0.16726118 0.14823329 0.15398307 
0.17046591 0.10023940 0.16629593 0.14142602 0.16718350 0.16593968 0.13254752 0.10551986 0.15076295 0.17721562 0.40656771 0.18616578 0.21185540 0.12709941 0.00000000 0.24901813 0.19201118 0.14373868 0.16677503 0.23377628 0.24276719 0.15021407 0.17741213 0.17383132 0.16663434 0.14532183 0.20629262 0.18946969 0.16774327 0.09088598 0.07598721 0.11042748 0.13034569 0.17240195 0.11745683 0.08351221 0.15098550 0.16249234 0.24301260 0.16287054 0.12729254 0.18518035 0.06396818 0.15666086 0.14492092 0.19071120 0.09066651 0.14319466 0.10223659 0.14269949 0.19748064 0.16367598 0.17412425 0.14968884 0.09778260 0.14161627 0.13780890 0.14041044 0.10094946 0.16955821 0.16447310 0.21714216 0.12610244 0.14253341 0.15093349 0.14078673 0.14992969 0.13549127 0.25045272 0.14264313 0.18542713 0.11663052 0.13814157 0.09407876 0.14823241 0.10238756 0.19912126 0.14612948 0.12709674 0.11613299 0.15877918 0.06273793 0.14367328 0.13037415 0.21736829 0.17883374 0.16182510 0.17595408 0.11491089 0.15830331 0.13502953 0.13658626 0.17343394 0.14690296 0.16585408 0.14773295 0.15224491 0.16357308 0.11359195 0.13416000 0.14550902 0.13430035 0.12426169 0.14085182 0.14374341 0.14517649 0.14443189 
0.13512540 0.16098944 0.18206380 0.17770446 0.14455476 0.13439747 0.16533705 0.14971421 0.07222148 0.15514391 0.10888037 0.13986655 0.14732520 0.27637573 0.24901813 0.00000000 0.21573375 0.19352996 0.32819852 0.14807313 0.22569264 0.07979371 0.12992663 0.14011686 0.16118103 0.16313282 0.14415836 0.12663698 0.14779346 0.09537419 0.18540791 0.15938309 0.10938694 0.09308151 0.12854279 0.13761840 0.14938640 0.17072747 0.17697587 0.15639699 0.17936720 0.14735485 0.18257669 0.20129890 0.15314593 0.15305120 0.16700162 0.18119188 0.18394781 0.10780845 0.17032932 0.13724177 0.14631253 0.14425322 0.13967645 0.18413529 0.12402267 0.15298712 0.17113514 0.06662186 0.21162332 0.16056350 0.08515085 0.12158609 0.17159176 0.16484382 0.14775260 0.10677821 0.18185460 0.16779539 0.18598407 0.17396672 0.06699260 0.11037709 0.17750389 0.18560097 0.09590321 0.18410305 0.22193185 0.20949030 0.11901887 0.16316524 0.16222677 0.13669490 0.08205206 0.14422666 0.12039036 0.11874672 0.19211292 0.14065341 0.17062528 0.13871727 0.16836036 0.12567686 0.23014742 0.16944367 0.11228660 0.16911356 0.13361573 0.16199747 0.11477643 0.13634805 0.14240226 0.14607226 0.15811312 0.15815932 0.15027799 
0.15608111 0.16737629 0.18423999 0.12678945 0.14627601 0.12981153 0.14442345 0.14901545 0.15402856 0.18355305 0.14490878 0.11522062 0.28260136 0.14006556 0.19201118 0.21573375 0.00000000 0.14547238 0.20985884 0.19578538 0.29113505 0.16239930 0.14361647 0.17410612 0.15237915 0.16947224 0.18391771 0.21062814 0.12801971 0.08337165 0.16005456 0.16566366 0.13161590 0.14538264 0.13779472 0.10286378 0.14641710 0.12360764 0.09843220 0.14452222 0.12466040 0.17330485 0.13494957 0.17548379 0.24260984 0.19334555 0.24141043 0.19592251 0.18205910 0.10273001 0.14188955 0.15059583 0.14360261 0.18146507 0.10811816 0.12509192 0.16081225 0.17537548 0.22233139 0.12866179 0.18984248 0.17458997 0.18942046 0.15674204 0.20298684 0.15499529 0.16415888 0.13367430 0.14089734 0.13959332 0.11133103 0.17128743 0.11425951 0.15262122 0.13347863 0.12383973 0.13015175 0.10460028 0.13879633 0.08211971 0.12800681 0.12689350 0.06140758 0.15822612 0.10116065 0.15474546 0.11900699 0.10825675 0.11090519 0.09741342 0.09440845 0.15115624 0.14638712 0.13840266 0.07831737 0.17008400 0.17847119 0.19138363 0.17552661 0.19535111 0.23014011 0.18149239 0.14400513 0.13716715 0.14357332 0.14805316 0.14411420 
0.14139046 0.14162033 0.15134558 0.16024401 0.12877181 0.15026362 0.12513621 0.18048808 0.19911434 0.11004387 0.17155751 0.19668612 0.17568549 0.12965734 0.14373868 0.19352996 0.14547238 0.00000000 0.15512155 0.14546511 0.23027563 0.27864686 0.16464807 0.17440840 0.15402241 0.18837141 0.16098966 0.17865446 0.17088222 0.15725001 0.19277712 0.18521275 0.09808400 0.11781986 0.11450729 0.11864866 0.12702849 0.11472542 0.17066279 0.12371792 0.18644340 0.16373264 0.14943081 0.20120040 0.07789895 0.16455968 0.16311612 0.20762813 0.19885298 0.09607925 0.26344819 0.17040757 0.19513746 0.09862074 0.10218734 0.16788489 0.17901962 0.14418626 0.16876733 0.11103273 0.17598641 0.12387377 0.12875242 0.13694419 0.13611069 0.12901220 0.20384218 0.12087522 0.11542551 0.14176992 0.10875460 0.14864708 0.12141853 0.11277733 0.13177989 0.18330336 0.09779432 0.17833281 0.15672787 0.20149946 0.05809908 0.19929173 0.13969941 0.15263010 0.09909635 0.14335584 0.11916459 0.10406189 0.16694075 0.22603392 0.23119315 0.18119060 0.23872532 0.16818196 0.11034237 0.09994040 0.12348784 0.17385267 0.18924179 0.15214245 0.19716887 0.12365210 0.13165883 0.13808882 0.13901257 0.12839526 0.13720488 
0.15946502 0.13235224 0.10711949 0.24272070 0.17716986 0.14384514 0.09279877 0.15497494 0.13289961 0.08327772 0.13331637 0.15644035 0.12308816 0.22315790 0.16677503 0.32819852 0.20985884 0.15512155 0.00000000 0.30686457 0.14143153 0.19504878 0.22858793 0.19756105 0.12543699 0.17035494 0.20033841 0.23038913 0.23613623 0.12743555 0.08850795 0.20426946 0.15985090 0.16531858 0.13227966 0.10435163 0.13834893 0.16369152 0.18827719 0.11380087 0.13776022 0.19236961 0.17489731 0.11585211 0.15738706 0.14030048 0.15928135 0.13436842 0.11709231 0.10286732 0.13730644 0.14521037 0.22877526 0.11429805 0.18192867 0.19495408 0.14067124 0.21210667 0.19682484 0.15748462 0.17586543 0.13875204 0.09877125 0.05749442 0.22080942 0.15512548 0.08029718 0.17228188 0.16763528 0.16881537 0.13345023 0.17256471 0.16715508 0.13771483 0.13307251 0.08506311 0.14395387 0.17059561 0.05551692 0.15095401 0.18977001 0.24857944 0.05921285 0.15411630 0.05765092 0.14865725 0.18374682 0.15654467 0.19706433 0.10344311 0.18976644 0.16560107 0.07774720 0.22604791 0.13965789 0.16046179 0.08697275 0.12763863 0.09575192 0.10917983 0.10651325 0.15688521 0.15494978 0.15129579 0.13711937 0.14034705 0.13966942 
0.14218830 0.16521748 0.10461223 0.13451952 0.13855690 0.17576373 0.15480019 0.13920355 0.20567796 0.17881876 0.17985380 0.13847344 0.14600153 0.20567027 0.23377628 0.14807313 0.19578538 0.14546511 0.30686457 0.00000000 0.19958851 0.21223293 0.22803210 0.24605329 0.04367972 0.13621732 0.17864705 0.12269939 0.17691253 0.16853127 0.18219774 0.13036796 0.15938850 0.12569600 0.09613526 0.16567856 0.13316422 0.09586548 0.16058644 0.09230990 0.17401417 0.16308049 0.13674343 0.23823416 0.16633695 0.12696109 0.26636018 0.14806611 0.14085754 0.09792060 0.13250843 0.17372926 0.13831560 0.10151995 0.21596320 0.22996522 0.10355305 0.18972218 0.12063580 0.14253963 0.33950239 0.18625756 0.17212884 0.12708050 0.08554076 0.17130869 0.12892954 0.15991454 0.14751164 0.13949691 0.17468832 0.04355748 0.18024356 0.12905709 0.17143822 0.17301279 0.12225314 0.12387634 0.08802409 0.16478465 0.14198601 0.14434526 0.10480223 0.16765729 0.17188109 0.22508498 0.19766322 0.09503535 0.15262598 0.17960898 0.19649223 0.07047596 0.16697988 0.17576213 0.09585830 0.13755825 0.12054712 0.10702418 0.13441364 0.10931573 0.10517960 0.14985302 0.14756905 0.13833014 0.13364396 0.13766146 0.14362532 
0.16226065 0.07898270 0.20243667 0.24549755 0.14725259 0.13083370 0.20149519 0.11799338 0.21163957 0.17081598 0.16814893 0.13156765 0.10283369 0.12316262 0.24276719 0.22569264 0.29113505 0.23027563 0.14143153 0.19958851 0.00000000 0.23758963 0.18787945 0.25656465 0.29961891 0.12455503 0.14930623 0.16429711 0.14716023 0.13083073 0.15161906 0.13696048 0.17065290 0.13833781 0.14511716 0.15306403 0.12864100 0.11122802 0.12336415 0.20090842 0.17764518 0.14328597 0.11748714 0.36444707 0.10333705 0.12505050 0.21510782 0.09897284 0.11106161 0.13908932 0.12926052 0.14614639 0.12171018 0.11773693 0.16875169 0.21384262 0.09133150 0.17036555 0.09321902 0.21261260 0.15792596 0.08632541 0.19759562 0.13237655 0.06337594 0.03697261 0.10441916 0.19387077 0.13048781 0.13433921 0.23314651 0.10258198 0.14836401 0.13178938 0.14095687 0.14384402 0.15729214 0.09301978 0.17920541 0.16282867 0.13216847 0.10861610 0.15203856 0.07591030 0.22946245 0.15785639 0.16728752 0.18080729 0.13194654 0.10664783 0.08680405 0.11749731 0.14220258 0.17717502 0.11271844 0.17694750 0.18620508 0.22020031 0.14814296 0.13437318 0.17160245 0.10978703 0.14189929 0.14372722 0.13282986 0.13788444 0.14186231 
0.13878063 0.22316625 0.13737765 0.14042693 0.15747925 0.14014020 0.14119262 0.10437187 0.18646911 0.14619041 0.21523486 0.12963542 0.07895707 0.14040757 0.15021407 0.07979371 0.16239930 0.27864686 0.19504878 0.21223293 0.23758963 0.00000000 0.15783411 0.18242822 0.31397200 0.22977336 0.15115268 0.14465169 0.15322157 0.15085379 0.05545492 0.12106487 0.14972667 0.14746670 0.16185630 0.07516893 0.14662963 0.15521009 0.17803672 0.17963032 0.13087553 0.19361770 0.08213119 0.16971720 0.10807147 0.11994428 0.08654864 0.10100763 0.13815806 0.16295423 0.23131348 0.13725393 0.10124349 0.18655918 0.20559515 0.12917237 0.10515914 0.18126327 0.09802677 0.13405536 0.19272989 0.15145915 0.13026321 0.08996933 0.11256064 0.24613488 0.13290595 0.06895361 0.14578644 0.19378601 0.18983043 0.17520247 0.11989530 0.08832951 0.13439407 0.17125266 0.15178383 0.16912130 0.13772457 0.20427256 0.12801334 0.16595607 0.15338020 0.16041331 0.14642313 0.18852702 0.14376588 0.13898283 0.19031272 0.22428213 0.16254796 0.10517535 0.22132175 0.21721934 0.19752116 0.18519203 0.09762066 0.16336591 0.15637679 0.14693262 0.15357899 0.15334333 0.14825205 0.13398893 0.15924094 0.14251573 0.14694858 
0.15046251 0.16965992 0.19061468 0.14962223 0.11481218 0.10323961 0.10388481 0.10313348 0.17262418 0.06433508 0.37787576 0.14365142 0.20277034 0.18897707 0.17741213 0.12992663 0.14361647 0.16464807 0.22858793 0.22803210 0.18787945 0.15783411 0.00000000 0.23611244 0.17263891 0.27069264 0.12306718 0.13249031 0.14957418 0.16076472 0.09872214 0.10522622 0.17902017 0.12036124 0.18164372 0.12751843 0.14317589 0.06921660 0.12780583 0.18076413 0.19847664 0.13297210 0.11877751 0.12967232 0.20948367 0.10772742 0.14581395 0.13624851 0.16730201 0.18463999 0.16091660 0.16086206 0.10135298 0.14442648 0.25231445 0.17028804 0.20691048 0.17121017 0.17673810 0.14555292 0.17453999 0.11099271 0.10641131 0.12593846 0.16795769 0.19080455 0.19908071 0.12142900 0.17261587 0.15232754 0.10476994 0.09418862 0.15622468 0.09871934 0.17966032 0.20568733 0.11143721 0.15320698 0.12583998 0.15718403 0.11128462 0.11214657 0.11451618 0.12727901 0.15216708 0.26795608 0.19353043 0.20980114 0.16606280 0.12656582 0.09591885 0.10707575 0.17137218 0.13208583 0.15058184 0.14600902 0.13156285 0.16054719 0.12392275 0.19573851 0.18850569 0.09852638 0.15605257 0.16206250 0.14753556 0.14932064 0.13774730 
0.14333553 0.13014741 0.07217520 0.14058263 0.16561809 0.13028390 0.08929543 0.16562139 0.25229480 0.20416054 0.26029667 0.13107337 0.14007041 0.12237239 0.17383132 0.14011686 0.17410612 0.17440840 0.19756105 0.24605329 0.25656465 0.18242822 0.23611244 0.00000000 0.14045538 0.15243714 0.16720197 0.18770440 0.16215163 0.10210720 0.15958214 0.20143228 0.12685208 0.16080774 0.14343384 0.12435853 0.13311387 0.13163335 0.13911971 0.12441443 0.10515041 0.20727888 0.17788554 0.21718066 0.09584918 0.12943431 0.17504882 0.10879209 0.14041701 0.14622957 0.20811594 0.22081386 0.11053297 0.13140276 0.18690732 0.11048023 0.10191779 0.11869846 0.17715107 0.10857716 0.18211882 0.18262690 0.18587419 0.21749756 0.23443674 0.09606700 0.11462478 0.11613138 0.15683443 0.17901145 0.16362737 0.06197115 0.12954733 0.08383372 0.12938045 0.13933996 0.17252852 0.14562900 0.09669066 0.18048610 0.19992319 0.12828421 0.20184606 0.15174174 0.17276703 0.14515394 0.21384887 0.11098621 0.12633048 0.11733508 0.12774084 0.12831908 0.13632837 0.07816953 0.23973616 0.19861162 0.10335214 0.16910721 0.13338904 0.13703877 0.20816952 0.18090978 0.13210364 0.15620675 0.13715813 0.14209094 0.14713224 
0.17428564 0.16385010 0.26796035 0.13295289 0.15842042 0.15138709 0.13261956 0.16770720 0.17768828 0.12072339 0.12355970 0.08086144 0.09883464 0.16123580 0.16663434 0.16118103 0.15237915 0.15402241 0.12543699 0.04367972 0.29961891 0.31397200 0.17263891 0.14045538 0.00000000 0.14156386 0.16886961 0.32697849 0.41310419 0.16434583 0.13196220 0.19087563 0.17821665 0.16225589 0.09453534 0.17245074 0.16895795 0.22130673 0.20342795 0.10424926 0.11986761 0.20617074 0.14902808 0.19729816 0.13467020 0.14675382 0.08694902 0.12972095 0.10264308 0.23768593 0.14544035 0.10248997 0.16627231 0.13455716 0.15449351 0.23019893 0.16465774 0.09032192 0.10501624 0.02559401 0.20908652 0.22153466 0.20851780 0.09019793 0.13840554 0.15272027 0.05068001 0.16617329 0.11745748 0.16490343 0.14016571 0.20431694 0.13747745 0.15018012 0.15688296 0.18385113 0.13241392 0.13808800 0.09844383 0.16199902 0.07224422 0.11100083 0.09302047 0.08843025 0.15485991 0.15017693 0.28150651 0.12155275 0.16498811 0.13222739 0.10192872 0.09269088 0.11310782 0.09209099 0.11337650 0.19239396 0.17777235 0.14098289 0.16930591 0.16302893 0.16973951 0.15826152 0.14732142 0.15186918 0.14030056 0.14478438 0.13868444 
0.15202304 0.07664862 0.18544410 0.14267259 0.12195668 0.19220140 0.08754986 0.14916983 0.20588843 0.10315022 0.12019356 0.14373754 0.19952874 0.11709410 0.14532183 0.16313282 0.16947224 0.18837141 0.17035494 0.13621732 0.12455503 0.22977336 0.27069264 0.15243714 0.14156386 0.00000000 0.18292380 0.08135467 0.20070018 0.10414098 0.14281024 0.18781118 0.15015090 0.12391170 0.15470783 0.08818407 0.12438467 0.15098377 0.14757605 0.18678747 0.10368088 0.17972902 0.15987507 0.18228902 0.16697388 0.13692826 0.15146404 0.13440593 0.25672794 0.16104226 0.21666964 0.16223028 0.15302776 0.15924218 0.18673180 0.11513966 0.14632724 0.14266043 0.10188492 0.17062863 0.19153498 0.17290200 0.13306455 0.08247126 0.17803744 0.16294707 0.15923999 0.17271325 0.14750707 0.11760281 0.09653437 0.10937288 0.15831875 0.19209035 0.15730111 0.22612499 0.22603042 0.08763968 0.11881394 0.14374860 0.20419291 0.07466975 0.21363001 0.26379284 0.37590868 0.15631687 0.20422608 0.05324060 0.12325101 0.08451593 0.09935770 0.14135819 0.09551893 0.12329891 0.15286408 0.10601637 0.22953557 0.17511747 0.11974928 0.18658299 0.18057535 0.15001985 0.15971847 0.15640492 0.13665866 0.13904679 0.13854691 
0.16205847 0.12435632 0.12492194 0.10779839 0.13217472 0.13345749 0.15214692 0.15568264 0.16640561 0.14082441 0.11222844 0.11414023 0.22995482 0.12373278 0.20629262 0.14415836 0.18391771 0.16098966 0.20033841 0.17864705 0.14930623 0.15115268 0.12306718 0.16720197 0.16886961 0.18292380 0.00000000 0.12806450 0.21140582 0.14689593 0.18027008 0.14220134 0.12152200 0.20793718 0.11658975 0.13453603 0.14286321 0.17478313 0.17820069 0.15964723 0.18743365 0.11504275 0.18165457 0.14504203 0.14493547 0.19332987 0.11501883 0.09981778 0.22359584 0.14404813 0.14221199 0.11832668 0.08191910 0.12496145 0.14169181 0.14959265 0.12022265 0.14575190 0.10420339 0.21475813 0.17210992 0.11974019 0.15298655 0.19483368 0.13408219 0.23597769 0.16368496 0.17757560 0.22744608 0.16553074 0.13054607 0.13303741 0.18722095 0.12712459 0.21019504 0.11704019 0.20886708 0.13960370 0.15725915 0.16351298 0.31095625 0.15753399 0.13382639 0.24209359 0.11640627 0.12059319 0.17677266 0.10618452 0.13574067 0.16705069 0.19493491 0.10672505 0.11580153 0.14534490 0.17177689 0.14164063 0.06676321 0.13163809 0.11212666 0.14754603 0.16777773 0.17390329 0.14041486 0.12887251 0.13686588 0.14100570 0.14920778 
0.13753650 0.14822374 0.15075707 0.12601680 0.14171973 0.12057408 0.12811647 0.12849496 0.25013464 0.10055372 0.18125334 0.17490318 0.11425887 0.13546835 0.18946969 0.12663698 0.21062814 0.17865446 0.23038913 0.12269939 0.16429711 0.14465169 0.13249031 0.18770440 0.32697849 0.08135467 0.12806450 0.00000000 0.16939864 0.18303682 0.11917131 0.50974466 0.13591544 0.16205573 0.07372486 0.13991096 0.14107492 0.14045336 0.19604478 0.18579040 0.15983137 0.37044671 0.14110074 0.12847761 0.10915302 0.17949124 0.11593453 0.17665629 0.16538326 0.15463345 0.15181100 0.15829110 0.12918067 0.19658535 0.13843536 0.12767459 0.14580713 0.12409482 0.16319756 0.19007751 0.10653108 0.10378877 0.18273026 0.09274452 0.27722645 0.09580273 0.10197805 0.16611123 0.21421846 0.11567848 0.18848070 0.07462802 0.09853743 0.17178722 0.14909466 0.13491122 0.13758763 0.12438077 0.14602565 0.14712661 0.19525748 0.14980141 0.17538836 0.16157893 0.17118955 0.09811696 0.17646029 0.10346271 0.10699859 0.13974842 0.23547496 0.14401369 0.16323968 0.17284395 0.15656567 0.15350103 0.11971906 0.16339804 0.12043480 0.11674550 0.13632168 0.13563358 0.14554711 0.11699519 0.13728896 0.14078071 0.13647355 
0.14509950 0.18292423 0.10417835 0.13895546 0.14634271 0.12639975 0.13563839 0.18047779 0.22100278 0.07170044 0.16036789 0.11619616 0.11571398 0.13200385 0.16774327 0.14779346 0.12801971 0.17088222 0.23613623 0.17691253 0.14716023 0.15322157 0.14957418 0.16215163 0.41310419 0.20070018 0.21140582 0.16939864 0.00000000 0.30979460 0.17743494 0.34334851 0.57267161 0.20643251 0.27960989 0.15108691 0.14465119 0.17058456 0.12480599 0.09644885 0.14358034 0.09718190 0.13134261 0.15000028 0.10001569 0.12743458 0.07933355 0.09997832 0.17900954 0.13323577 0.19073709 0.15729000 0.18532465 0.11222304 0.11425342 0.12351114 0.11653724 0.22144031 0.15231276 0.07606587 0.10307783 0.11877998 0.10302486 0.13440620 0.08486377 0.11591770 0.12273333 0.13803164 0.13370780 0.17214530 0.18249456 0.20067277 0.15887452 0.10544883 0.15354659 0.10807956 0.11597239 0.14406000 0.11021124 0.25689562 0.00000000 0.15620475 0.10540380 0.09268311 0.17176920 0.10978267 0.20323987 0.13919016 0.08716815 0.10454842 0.13464734 0.19530439 0.15796693 0.07611516 0.17588475 0.12409636 0.22299411 0.15805256 0.15260808 0.17619836 0.14040800 0.13151414 0.15396869 0.14203472 0.14566305 0.14774524 0.14416703 
0.14715454 0.22977084 0.11656716 0.15673353 0.12458590 0.19131748 0.10697003 0.08155842 0.13388647 0.12429308 0.14350862 0.07026561 0.17334167 0.16114543 0.09088598 0.09537419 0.08337165 0.15725001 0.12743555 0.16853127 0.13083073 0.15085379 0.16076472 0.10210720 0.16434583 0.10414098 0.14689593 0.18303682 0.30979460 0.00000000 0.15652610 0.23034262 0.22763804 0.27020511 0.16981769 0.19760597 0.14084271 0.17904827 0.14497009 0.16555695 0.19637728 0.13741386 0.13743301 0.09794249 0.09123681 0.15399942 0.16079903 0.11178355 0.22191022 0.14145267 0.16370293 0.15506698 0.16119490 0.16281135 0.17998686 0.22978464 0.11772271 0.14027827 0.13129729 0.11554279 0.11914357 0.18378497 0.26952910 0.04139126 0.24843104 0.08861681 0.10170204 0.11027100 0.15254773 0.15415040 0.16415175 0.16499279 0.21588343 0.16216765 0.16041651 0.20735889 0.16800540 0.15640597 0.31653234 0.26542706 0.13769066 0.16107523 0.19070489 0.11940618 0.21307106 0.14186080 0.09496685 0.10947301 0.11463383 0.11621834 0.11497758 0.12010598 0.13474348 0.15718984 0.18321509 0.14948452 0.15301813 0.11550000 0.19062600 0.12853446 0.15141445 0.14346968 0.16383825 0.15496334 0.13642200 0.13998444 0.13982128 
0.14779882 0.15103223 0.02903948 0.13915094 0.12995425 0.15612386 0.14913457 0.07117992 0.23130782 0.04051935 0.10449144 0.10110568 0.11748430 0.14129421 0.07598721 0.18540791 0.16005456 0.19277712 0.08850795 0.18219774 0.15161906 0.05545492 0.09872214 0.15958214 0.13196220 0.14281024 0.18027008 0.11917131 0.17743494 0.15652610 0.00000000 0.14587298 0.09219231 0.19345902 0.16618958 0.94883601 0.16690172 0.09650386 0.17774066 0.16522780 0.11384981 0.18199659 0.14767521 0.13448090 0.13264741 0.14834640 0.20610458 0.12106737 0.09733529 0.17834328 0.14423315 0.16284833 0.14626237 0.17882056 0.10650106 0.11837593 0.17144227 0.09488091 0.16311186 0.12337050 0.21785083 0.09961714 0.18440640 0.16662620 0.19113393 0.15357162 0.17664992 0.15232705 0.21187910 0.09728830 0.12597378 0.20973425 0.35160624 0.13495293 0.13490107 0.22659548 0.29286735 0.11166264 0.10566528 0.16749340 0.09803483 0.16830529 0.10593495 0.10050135 0.11955660 0.09774504 0.08347320 0.13318878 0.13599983 0.16264976 0.24118182 0.06681276 0.19258626 0.08652057 0.09690901 0.11366361 0.11742158 0.13749251 0.14027790 0.19469117 0.14577078 0.15415746 0.15450609 0.14192108 0.14799197 0.15605010 0.14408658 
0.15368522 0.17700435 0.11385316 0.13819195 0.13851719 0.12137841 0.15679273 0.13425038 0.17048172 0.23007262 0.12578766 0.07693120 0.11674063 0.11367251 0.11042748 0.15938309 0.16566366 0.18521275 0.20426946 0.13036796 0.13696048 0.12106487 0.10522622 0.20143228 0.19087563 0.18781118 0.14220134 0.50974466 0.34334851 0.23034262 0.14587298 0.00000000 0.25327117 0.17609999 0.20496518 0.13417241 0.14596192 0.28737759 0.13766628 0.11970443 0.13379029 0.18843876 0.13378025 0.10968492 0.14567474 0.16139318 0.11157412 0.10357751 0.08233431 0.14271945 0.15364438 0.19237966 0.18393770 0.09529122 0.21624322 0.14508307 0.10023520 0.16485463 0.08474594 0.13053390 0.08588089 0.17381360 0.20175348 0.06589271 0.13739909 0.10830791 0.12270697 0.07132168 0.16960672 0.14095663 0.13084305 0.18083322 0.10849701 0.13245895 0.12933081 0.14855749 0.22381522 0.15962657 0.20633974 0.16455339 0.15590598 0.15621079 0.15396549 0.12068360 0.13912767 0.13523806 0.15028847 0.07252576 0.08693053 0.13426144 0.20580182 0.18593465 0.13226847 0.11386946 0.19048668 0.21841977 0.20961936 0.13012168 0.17739251 0.17758616 0.18549895 0.13794043 0.13790277 0.12949806 0.14684520 0.13647764 0.13926744 
0.13461939 0.17421322 0.11376172 0.21367069 0.12812957 0.12580467 0.10847114 0.15130008 0.17323298 0.18479862 0.12070316 0.11375772 0.09435556 0.14877815 0.13034569 0.10938694 0.13161590 0.09808400 0.15985090 0.15938850 0.17065290 0.14972667 0.17902017 0.12685208 0.17821665 0.15015090 0.12152200 0.13591544 0.57267161 0.22763804 0.09219231 0.25327117 0.00000000 0.35797346 0.23242114 0.14763003 0.13040859 0.17170548 0.11804118 0.09391703 0.13699219 0.16814055 0.07197502 0.07527720 0.15252326 0.11184393 0.10740498 0.12506038 0.11255494 0.17445878 0.16682356 0.20127640 0.12417823 0.20443489 0.22920742 0.19439112 0.12463032 0.20796846 0.12746752 0.10702053 0.14635953 0.23786368 0.08820700 0.18477491 0.12166725 0.21103386 0.08844524 0.14446431 0.13852587 0.16047790 0.14204198 0.15368174 0.13191940 0.23534968 0.21963612 0.15473672 0.15073447 0.16913802 0.13199229 0.15948095 0.20046207 0.14141259 0.11784770 0.10979638 0.14451966 0.10215098 0.15360195 0.22154904 0.21165120 0.16489931 0.04040460 0.13439167 0.16853837 0.09342245 0.20424414 0.17413232 0.17915217 0.11498456 0.13958672 0.15626287 0.14541094 0.12770693 0.14454059 0.12047703 0.13535121 0.13663725 0.14048697 
