0.00000000 0.18567503 0.12407191 0.12997484 0.15888904 0.15122330 0.15899494 0.13774251 0.15140300 0.16200178 0.13914946 0.15141525 0.14478407 0.15816726 0.17485165 0.13700823 0.15999392 0.13509775 0.15465184 0.13776786 0.15517648 0.14783938 0.15601451 0.15054820 0.17675272 0.13879478 0.15831797 0.14515767 0.15250644 0.14150386 0.14909238 0.14333238 0.14631025 0.14668564 0.16489616 0.17843071 0.16459952 0.15066378 0.14621744 0.14286370 0.13452770 0.13160271 0.15381739 0.14486595 0.14796504 0.13693588 0.15040721 0.16268916 0.15406609 0.14243634 0.14576230 0.14208035 0.15829881 0.14888310 0.15516251 0.14134500 0.18403509 0.15353543 0.17547206 0.13805770 0.14109261 0.13905354 0.11148314 0.12865807 0.14875019 0.13371825 0.14305327 0.15025813 0.16079186 0.16273014 0.15267573 0.14908038 0.17926250 0.13745553 0.17361232 0.13176271 0.16079513 0.12824033 0.13506532 0.14269518 0.14083564 0.14049406 0.13024882 0.11496195 0.12513466 0.14679223 0.15066660 0.14189398 0.16112532 0.14400814 0.13510800 0.14060130 0.14948540 0.13919402 0.11793768 0.14354953 0.15247607 0.12703512 0.14318488 0.12766972 0.13428286 0.14122439 0.14770368 0.14673403 0.15646973 0.16191973 0.18345562 
0.18567503 0.00000000 0.38071882 0.22009063 0.25683523 0.21315240 0.18310199 0.11055755 0.11972853 0.09793066 0.08812563 0.12579897 0.09898942 0.17167858 0.12753071 0.14395795 0.15711441 0.11080911 0.16685544 0.17948356 0.11040617 0.16730805 0.20302983 0.13210828 0.14670273 0.10135702 0.14144812 0.16520100 0.19803607 0.21933569 0.13396818 0.16379356 0.16221089 0.14226342 0.16283410 0.15378807 0.15412823 0.07376177 0.20254690 0.14972869 0.14910680 0.14583409 0.12536953 0.07398675 0.14970296 0.05048069 0.15422209 0.14934680 0.13366252 0.19251235 0.09215121 0.08722983 0.10788004 0.11721294 0.17070061 0.14737566 0.09200574 0.19305819 0.18191151 0.12015451 0.13916142 0.10499800 0.11855305 0.10947471 0.12914201 0.20461618 0.17217170 0.14976429 0.14117040 0.19007625 0.14959253 0.10080716 0.15404350 0.16649931 0.10789595 0.16397737 0.08501309 0.13164247 0.10283901 0.13794943 0.24660415 0.11741285 0.15819984 0.13576067 0.13740199 0.18350085 0.16004449 0.21561713 0.12857905 0.12765272 0.16747104 0.12548731 0.15718424 0.17303107 0.08853132 0.11659003 0.15583554 0.18553449 0.14632846 0.17026463 0.15627077 0.19489833 0.18148704 0.20940361 0.13967098 0.12771312 0.16906450 
0.12407191 0.38071882 0.00000000 0.27320607 0.11818067 0.19235800 0.16399813 0.16173581 0.12744260 0.06874068 0.18774861 0.19337478 0.20586611 0.20012670 0.15478317 0.18319285 0.22031738 0.16290654 0.14100549 0.10032589 0.18089607 0.15697749 0.16084062 0.06914137 0.29269357 0.13988602 0.19094061 0.17561104 0.08598561 0.09620515 0.06433138 0.13738919 0.17820000 0.08561079 0.15137245 0.14999347 0.10415449 0.20713135 0.24657064 0.16225731 0.18096266 0.16208872 0.17544532 0.14482549 0.15378909 0.24220041 0.09800533 0.11541039 0.05184660 0.14664081 0.14123353 0.11350527 0.12216130 0.10152360 0.07150222 0.08370472 0.18164032 0.16587284 0.16616396 0.14774822 0.10670571 0.15090885 0.09157827 0.12523362 0.19181760 0.13353554 0.10277207 0.26534648 0.10064659 0.17726605 0.27254414 0.13703312 0.15539433 0.13474755 0.15454127 0.11548317 0.11293317 0.14919737 0.11475555 0.12183942 0.13927440 0.05615570 0.18741021 0.13238414 0.13131707 0.14011002 0.11807273 0.10562954 0.10179236 0.20559793 0.13853729 0.19209182 0.22401816 0.34003145 0.16676118 0.08348704 0.18244284 0.14950589 0.11944078 0.13021710 0.13441541 0.23617923 0.11927847 0.13225859 0.13435838 0.11904752 0.13976770 
0.12997484 0.22009063 0.27320607 0.00000000 0.13851799 0.15643231 0.17812882 0.14271048 0.11813428 0.13939592 0.18399266 0.15747753 0.13824023 0.12634466 0.13910213 0.17248217 0.21503035 0.19734018 0.22112656 0.15705017 0.20753486 0.15568382 0.13006805 0.18408791 0.15572345 0.12914836 0.11600306 0.10141988 0.19343492 0.15599997 0.14597724 0.10853795 0.16593624 0.21727715 0.08373018 0.24206033 0.10546662 0.19047027 0.14311155 0.28945100 0.19884368 0.15259567 0.13115929 0.18172615 0.06961465 0.04407789 0.11342912 0.08682356 0.22667222 0.16790859 0.09486902 0.13627775 0.22542066 0.21772255 0.23768626 0.20884713 0.15540621 0.16971641 0.15109948 0.17103251 0.17801306 0.16786643 0.07303567 0.11128294 0.24582840 0.23413098 0.15063360 0.42739333 0.11392738 0.13901320 0.13126250 0.12490733 0.09820971 0.21270407 0.10900522 0.14621735 0.17541155 0.04668131 0.08031915 0.12767669 0.17901354 0.19412564 0.18627273 0.07528763 0.09885164 0.11222720 0.16534086 0.08655041 0.08407486 0.10036533 0.10868126 0.11864226 0.06322243 0.16400024 0.20673405 0.12097294 0.09988348 0.17582019 0.16128287 0.14088334 0.10575075 0.14770678 0.16244634 0.16031519 0.14223094 0.14049085 0.14164037 
0.15888904 0.25683523 0.11818067 0.13851799 0.00000000 0.52567510 0.22088161 0.17353468 0.14793849 0.21603689 0.17989521 0.15220481 0.15965268 0.15625354 0.16134297 0.14286954 0.13574833 0.12305970 0.18609288 0.12451908 0.13365149 0.17861460 0.11916759 0.14774483 0.16271519 0.12321961 0.17055512 0.15685368 0.12268702 0.11071700 0.13709607 0.13930450 0.14060479 0.12987734 0.13741968 0.11785997 0.14885763 0.16781522 0.17545518 0.10579839 0.10457156 0.10995081 0.11125736 0.15167002 0.11847469 0.15169793 0.16490128 0.15980673 0.16401591 0.13212653 0.16026359 0.13610692 0.13718834 0.14099864 0.16671083 0.13109842 0.09748497 0.16265761 0.13242190 0.12819048 0.16273945 0.12795490 0.07445374 0.12489997 0.17618405 0.18069006 0.12576515 0.14530873 0.16414561 0.11634570 0.12769986 0.11865484 0.12723026 0.13562331 0.10848363 0.14823355 0.18133576 0.12585520 0.13027943 0.13559760 0.11510851 0.15003591 0.14184601 0.09386696 0.12899024 0.12722155 0.12960537 0.16788446 0.17407230 0.13842413 0.13472898 0.11306314 0.13515914 0.11085370 0.10954333 0.14332758 0.16821531 0.16032778 0.15068759 0.19502924 0.17496683 0.16439287 0.18086104 0.14243150 0.15211989 0.14146607 0.15698562 
0.15122330 0.21315240 0.19235800 0.15643231 0.52567510 0.00000000 0.19896168 0.18507411 0.13938977 0.18724819 0.17360928 0.15918828 0.23069531 0.22068328 0.17332859 0.18239354 0.15669833 0.13705485 0.15865631 0.13201914 0.08700755 0.13377369 0.12533087 0.13354875 0.09510166 0.17515064 0.14729984 0.11398800 0.14213350 0.15998508 0.13908341 0.11303893 0.11008134 0.16185717 0.10948181 0.11646758 0.13463677 0.14532205 0.18600039 0.11060061 0.11475153 0.12147246 0.10292171 0.17192418 0.13741795 0.10716859 0.14339392 0.15952676 0.16448314 0.10902960 0.18714225 0.22655500 0.15776628 0.17162593 0.11913291 0.14986736 0.12232100 0.16363027 0.17574955 0.19441076 0.18041732 0.12883537 0.12135246 0.17735318 0.13703871 0.16561052 0.10939219 0.08987756 0.18685824 0.12947479 0.10903555 0.13559427 0.12706160 0.17206201 0.08646030 0.18987196 0.18445126 0.15856411 0.15657637 0.11692665 0.16544984 0.12754424 0.12770852 0.11070596 0.14713320 0.09612771 0.13408113 0.17405225 0.14790434 0.20159766 0.15604663 0.14691734 0.12911951 0.14296555 0.09393051 0.18903667 0.14826137 0.10238194 0.07519090 0.09969083 0.09206884 0.11470969 0.11289642 0.12506125 0.13795145 0.12640780 0.15258670 
0.15899494 0.18310199 0.16399813 0.17812882 0.22088161 0.19896168 0.00000000 0.22971588 0.35795160 0.16593044 0.24363771 0.17554312 0.18330712 0.15203778 0.14698913 0.14670451 0.13372858 0.09546283 0.09294166 0.13703026 0.16848104 0.14111180 0.08566087 0.09384289 0.11361246 0.10051043 0.16613092 0.15033319 0.09584192 0.14940706 0.19737890 0.07253862 0.08884494 0.16559596 0.14851087 0.12181407 0.12407766 0.04324791 0.14811216 0.14473413 0.10195691 0.06180547 0.17235893 0.18114115 0.09120897 0.12967771 0.18220892 0.07161580 0.11716813 0.07400636 0.11306938 0.11290585 0.14002185 0.17953013 0.14918236 0.23547046 0.17395106 0.08138256 0.17117334 0.19035462 0.16819393 0.09994493 0.11716055 0.10159724 0.13970272 0.18413193 0.49827646 0.11368740 0.13133142 0.12468492 0.16840263 0.13469467 0.14627402 0.23684760 0.12085881 0.12962498 0.41009258 0.13117473 0.08403383 0.14737300 0.46311856 0.15694145 0.26447220 0.12583292 0.10323628 0.06001797 0.16211353 0.13634111 0.13466802 0.13190820 0.16136627 0.42676718 0.12132211 0.05227715 0.12829256 0.06695239 0.07114887 0.17632937 0.14784634 0.17021659 0.14801783 0.10632466 0.13233805 0.13385127 0.13041576 0.12426593 0.15208298 
0.13774251 0.11055755 0.16173581 0.14271048 0.17353468 0.18507411 0.22971588 0.00000000 0.21852880 0.16831423 0.14495107 0.14305497 0.23071937 0.13852849 0.13653934 0.14609452 0.10003637 0.15425704 0.11925410 0.18431763 0.12230505 0.09645856 0.11468087 0.15003486 0.10684655 0.17710382 0.15019556 0.13571857 0.18263844 0.12838646 0.07435472 0.17482795 0.11241666 0.13171865 0.18034360 0.06966189 0.15128048 0.16053688 0.11252925 0.08756539 0.14750458 0.07489159 0.15502027 0.19040092 0.34815849 0.21469216 0.11809894 0.15160803 0.16568332 0.25099411 0.17540786 0.17397554 0.09667113 0.06338148 0.11092761 0.15295609 0.16914686 0.12487707 0.17591145 0.17096357 0.20023966 0.16109578 0.19052551 0.57063011 0.14944190 0.17010324 0.12107955 0.13494146 0.06356741 0.15238093 0.11362602 0.18958697 0.16331912 0.10539122 0.13103566 0.16431209 0.05432282 0.15999662 0.09438289 0.14589788 0.15995210 0.14247601 0.11947424 0.13925612 0.10600377 0.05853180 0.12447485 0.17980949 0.15289583 0.16830226 0.35828981 0.13153605 0.31870432 0.13449601 0.16194747 0.10491427 0.09554997 0.13335527 0.14080505 0.14977328 0.14302792 0.15759320 0.13021401 0.12815393 0.12683445 0.12216340 0.13807741 
0.15140300 0.11972853 0.12744260 0.11813428 0.14793849 0.13938977 0.35795160 0.21852880 0.00000000 0.17499388 0.27880803 0.23913579 0.17170865 0.19549881 0.09927124 0.05026249 0.18305540 0.14655593 0.11937102 0.18735200 0.21638161 0.16152524 0.17485039 0.31399639 0.15840783 0.20584457 0.16762957 0.26735601 0.18171099 0.12884146 0.24639430 0.12951537 0.13507579 0.12969986 0.13460777 0.05138954 0.12347752 0.16579588 0.05789437 0.09474041 0.19067459 0.11479700 0.23193088 0.07680260 0.20624975 0.13539449 0.10265720 0.10830862 0.16705566 0.08927233 0.16618111 0.19956367 0.20063568 0.23328765 0.06398639 0.16144532 0.09954678 0.12650883 0.06549413 0.20918632 0.14494945 0.14913846 0.24861803 0.18666623 0.39679732 0.17600994 0.13139576 0.11981940 0.13041122 0.11400800 0.12084871 0.12375338 0.15978168 0.09549189 0.04886422 0.05446952 0.16799104 0.08833306 0.16931051 0.10666101 0.25488290 0.12634301 0.04707747 0.07540205 0.12726590 0.19372670 0.17748156 0.21415731 0.07428574 0.18999178 0.21955187 0.09570367 0.08271140 0.08277246 0.25542360 0.09603258 0.16718512 0.16145274 0.18673100 0.12283263 0.10914041 0.13064718 0.11247323 0.11647238 0.12522018 0.12236020 0.13469253 
0.16200178 0.09793066 0.06874068 0.13939592 0.21603689 0.18724819 0.16593044 0.16831423 0.17499388 0.00000000 0.13548061 0.19891132 0.27078589 0.16169300 0.14285177 0.20006317 0.13279131 0.07746567 0.09719138 0.11471168 0.13193885 0.09349798 0.07961017 0.18600446 0.14248286 0.11887840 0.14597106 0.03242945 0.07787426 0.11643473 0.03360229 0.19630036 0.07888055 0.12925277 0.11585067 0.10485798 0.12418715 0.16546926 0.11918690 0.15627830 0.12107729 0.07365807 0.09233885 0.18717259 0.11480750 0.11009385 0.15785901 0.16020580 0.11334410 0.25273808 0.14286341 0.11512269 0.10338634 0.28106737 0.10182524 0.06102403 0.20615187 0.09823237 0.18345254 0.95169886 0.19453370 0.21588417 0.16601929 0.22837971 0.14596185 0.08395970 0.14089978 0.15690015 0.20465886 0.19727943 0.09435919 0.10809448 0.17293382 0.15255260 0.16420828 0.02811542 0.10743499 0.16790985 0.15589818 0.12076429 0.14679543 0.14277968 0.09139854 0.15604661 0.10309449 0.16335039 0.17384917 0.24593191 0.17166725 0.14391648 0.21229512 0.10921039 0.09123948 0.12882924 0.19015360 0.12037934 0.10635130 0.19083639 0.20114986 0.16236858 0.21290078 0.12927445 0.09838124 0.14912604 0.13118754 0.14039968 0.14132090 
0.13914946 0.08812563 0.18774861 0.18399266 0.17989521 0.17360928 0.24363771 0.14495107 0.27880803 0.13548061 0.00000000 0.22944523 0.17583643 0.02926253 0.37930247 0.10149633 0.19763549 0.19272330 0.15331759 0.14137432 0.14994085 0.24192937 0.48580212 0.29392974 0.14879503 0.14650396 0.17747082 0.12579988 0.05723162 0.07616210 0.05056562 0.09440666 0.10617718 0.15045034 0.11534348 0.11036011 0.12536273 0.07814587 0.05481935 0.17624565 0.14591274 0.21437946 0.17780488 0.16409577 0.15317399 0.12166044 0.14292168 0.12923820 0.20338968 0.25837402 0.09967390 0.13682328 0.11434207 0.10390013 0.13202086 0.17986370 0.20481241 0.15206564 0.04543378 0.25109559 0.21337793 0.12859099 0.22754544 0.09365372 0.08316512 0.16306642 0.07169345 0.07267600 0.10986961 0.14791993 0.16661500 0.17876917 0.03859111 0.13428163 0.18179245 0.13335627 0.09300848 0.08343882 0.09102159 0.23661280 0.13071521 0.09624815 0.08037907 0.15334518 0.08288081 0.21430407 0.30811321 0.18907182 0.14136242 0.05716378 0.16723724 0.15297968 0.18938922 0.10974512 0.16503181 0.10416470 0.19531468 0.16867205 0.14609174 0.13684112 0.14726025 0.17465960 0.12789708 0.15289410 0.13703304 0.13005286 0.14363197 
0.15141525 0.12579897 0.19337478 0.15747753 0.15220481 0.15918828 0.17554312 0.14305497 0.23913579 0.19891132 0.22944523 0.00000000 0.24140755 0.43493000 0.25140646 0.14051782 0.12566635 0.16680356 0.23307980 0.18299849 0.14405869 0.13269867 0.14971590 0.17313876 0.06334293 0.16376023 0.12531527 0.16817134 0.08483591 0.11182816 0.04985415 0.05289067 0.09649827 0.13368762 0.11006203 0.19139846 0.13122721 0.02798037 0.08365410 0.14980224 0.18328955 0.04634302 0.17371480 0.21113639 0.08506944 0.16285094 0.16049010 0.20289241 0.21594155 0.13023177 0.13127741 0.11277699 0.09611966 0.08944216 0.11659534 0.19322654 0.42657121 0.23509648 0.27178785 0.20485294 0.19482886 0.12162342 0.12484970 0.16350130 0.12494309 0.19565219 0.12443201 0.14108932 0.08805055 0.11026136 0.09961052 0.09375400 0.11164913 0.12609877 0.23082092 0.12100372 0.11023515 0.17066114 0.15455047 0.08784634 0.19119695 0.12906294 0.15792870 0.20818656 0.13853874 0.47375289 0.21590385 0.22478966 0.06972395 0.18721004 0.11205365 0.11687241 0.06876490 0.23667507 0.17456725 0.07338410 0.06705278 0.11101241 0.14835079 0.06426557 0.09679525 0.12050987 0.12183073 0.09663021 0.12618879 0.12562631 0.15504294 
0.14478407 0.09898942 0.20586611 0.13824023 0.15965268 0.23069531 0.18330712 0.23071937 0.17170865 0.27078589 0.17583643 0.24140755 0.00000000 0.26518364 0.20958480 0.19155892 0.23732415 0.18914376 0.13932363 0.13938502 0.10300302 0.03503623 0.21971146 0.08091280 0.08708421 0.17675471 0.18598620 0.06374263 0.10409421 0.14573639 0.17397714 0.10942546 0.08894160 0.11329546 0.16237762 0.16195155 0.11648261 0.09225445 0.14502044 0.09251742 0.17128679 0.09990368 0.16177862 0.07209299 0.14839625 0.08748423 0.23343424 0.18004486 0.11482230 0.26586914 0.18553399 0.21413281 0.33016913 0.15820926 0.12362000 0.16427935 0.40251436 0.06357851 0.17176700 0.09195321 0.12996528 0.13435508 0.14989560 0.15321147 0.08233403 0.16009258 0.12974397 0.14543516 0.16711206 0.12015812 0.10368541 0.12441090 0.08232760 0.11156852 0.10075361 0.07796850 0.20812422 0.19561220 0.15242182 0.13074970 0.17898181 0.28008176 0.12539850 0.15256122 0.20459658 0.16182569 0.15374435 0.16440175 0.12523439 0.10288489 0.14100364 0.13200255 0.17625199 0.12049022 0.12658723 0.09313111 0.09641013 0.18905688 0.14994295 0.09247639 0.17037651 0.12347099 0.09262369 0.11246401 0.13923439 0.13570288 0.13664406 
0.15816726 0.17167858 0.20012670 0.12634466 0.15625354 0.22068328 0.15203778 0.13852849 0.19549881 0.16169300 0.02926253 0.43493000 0.26518364 0.00000000 0.18104165 0.24194972 0.13158984 0.14946351 0.26851562 0.20213265 0.11871515 0.11062142 0.20467411 0.10719656 0.12033395 0.09788626 0.12091711 0.08653879 0.15468625 0.16298769 0.09358788 0.15125882 0.15598562 0.21200118 0.18142613 0.14356414 0.12743743 0.14405280 0.13161154 0.07668621 0.14266356 0.13011103 0.11105453 0.12238918 0.15030029 0.13796161 0.16756192 0.19874177 0.08746045 0.15190779 0.11318289 0.11224015 0.16682185 0.12850405 0.15277012 0.10069784 0.50742365 0.14701348 0.21327781 0.12967473 0.18617383 0.10863980 0.13585539 0.16697948 0.09938484 0.19781654 0.09072486 0.17269521 0.18324578 0.14263245 0.11331283 0.14544236 0.09391548 0.20227138 0.14139166 0.16292990 0.15131848 0.15664715 0.14352755 0.05031341 0.16027131 0.23220326 0.19226284 0.16598513 0.16386677 0.14920324 0.09138830 0.16459548 0.14935790 0.07215705 0.18352409 0.17517800 0.13713406 0.07706638 0.20996688 0.27803917 0.10771065 0.11062466 0.10705781 0.07611957 0.10853641 0.11234442 0.11796662 0.11542052 0.16496024 0.13034629 0.15669783 
0.17485165 0.12753071 0.15478317 0.13910213 0.16134297 0.17332859 0.14698913 0.13653934 0.09927124 0.14285177 0.37930247 0.25140646 0.20958480 0.18104165 0.00000000 0.28494591 0.14166461 0.10115836 0.26670809 0.23245872 0.19490009 0.14630813 0.18161357 0.15686106 0.15746140 0.10784397 0.16427549 0.17192857 0.19857671 0.17652594 0.14300485 0.10431278 0.12060745 0.09935875 0.13656955 0.07848755 0.14643507 0.14489222 0.21471704 0.10092408 0.15871116 0.11151545 0.12662212 0.11491040 0.14550480 0.17936571 0.11446082 0.11884756 0.12425255 0.15650962 0.19835607 0.20380594 0.15606213 0.22497900 0.08436030 0.23205736 0.16572673 0.17026853 0.12618984 0.13595868 0.11250908 0.16202544 0.15927946 0.17350821 0.11165966 0.09036049 0.18139200 0.15760882 0.21811221 0.06625690 0.20428465 0.06241281 0.18214349 0.07051208 0.17308356 0.13553002 0.18446140 0.18773119 0.10721048 0.18042990 0.14664003 0.08993559 0.14415696 0.06866474 0.20625605 0.20691351 0.12739600 0.15072612 0.15755150 0.11383711 0.12943632 0.15514553 0.15328814 0.17610881 0.13792073 0.11900541 0.15302529 0.13462528 0.09715873 0.12614117 0.11146145 0.12728472 0.13806747 0.12310510 0.16056362 0.14477687 0.14825794 
0.13700823 0.14395795 0.18319285 0.17248217 0.14286954 0.18239354 0.14670451 0.14609452 0.05026249 0.20006317 0.10149633 0.14051782 0.19155892 0.24194972 0.28494591 0.00000000 0.21847199 0.23839628 0.38065259 0.10558442 0.22340779 0.08130393 0.09973194 0.16314076 0.13028091 0.14739135 0.14179076 0.06002431 0.06350729 0.07216814 0.20373818 0.13062947 0.13005411 0.13960437 0.12772876 0.09140680 0.14295993 0.19885471 0.17597728 0.13927950 0.14713325 0.12573488 0.18142047 0.19208215 0.09216781 0.15101879 0.14733078 0.21375285 0.19577839 0.14601255 0.23070591 0.17522315 0.16534632 0.15810618 0.18154623 0.16531703 0.17694025 0.14873173 0.21414914 0.07634651 0.23542641 0.18377071 0.08065650 0.17603698 0.12337554 0.17161125 0.11492078 0.08561657 0.24623224 0.19033441 0.15962224 0.18353222 0.15977937 0.14016576 0.18342781 0.10438331 0.06075145 0.10349415 0.21040048 0.18630181 0.13841076 0.13441473 0.11520000 0.09189622 0.07350228 0.19001930 0.17277618 0.04504990 0.12383077 0.17253768 0.17348370 0.11949892 0.09751086 0.12445939 0.19853725 0.20560284 0.12393056 0.17924829 0.13970776 0.16395545 0.11879192 0.11916922 0.14999807 0.13709484 0.19105850 0.15424089 0.14587729 
0.15999392 0.15711441 0.22031738 0.21503035 0.13574833 0.15669833 0.13372858 0.10003637 0.18305540 0.13279131 0.19763549 0.12566635 0.23732415 0.13158984 0.14166461 0.21847199 0.00000000 0.13831665 0.21412191 0.21635564 0.25989222 0.12742140 0.11364583 0.16339908 0.22306912 0.18500406 0.20170871 0.17456017 0.12043709 0.14698263 0.12326955 0.17911035 0.08095707 0.12232993 0.14793734 0.07805638 0.13626207 0.10390198 0.11680308 0.17340414 0.13547088 0.17058741 0.12524777 0.19046602 0.26839286 0.16385082 0.22425354 0.21510257 0.21540569 0.04627145 0.17070874 0.16303065 0.12647978 0.13296235 0.09595287 0.16450780 0.12663093 0.16379530 0.18518716 0.15680607 0.19689697 0.18672553 0.19973503 0.13483631 0.12765870 0.15904902 0.12366560 0.11669445 0.11432231 0.09580898 0.09259717 0.16681185 0.10544235 0.15581657 0.12626671 0.17129495 0.16814290 0.14908431 0.16181851 0.08208353 0.08017302 0.15594002 0.10678201 0.15560277 0.10541136 0.10403078 0.19843090 0.10275478 0.10066424 0.11515567 0.10471011 0.17261939 0.10949247 0.14844017 0.10138396 0.18065721 0.19080816 0.19896005 0.18390212 0.18322603 0.23100754 0.15415346 0.13801951 0.12401565 0.15977537 0.15502298 0.14089813 
0.13509775 0.11080911 0.16290654 0.19734018 0.12305970 0.13705485 0.09546283 0.15425704 0.14655593 0.07746567 0.19272330 0.16680356 0.18914376 0.14946351 0.10115836 0.23839628 0.13831665 0.00000000 0.18251975 0.20380422 0.27471665 0.31030159 0.17460494 0.12551339 0.17620646 0.15831117 0.13336528 0.21625887 0.16636184 0.14362911 0.10713000 0.20120401 0.07799801 0.15919615 0.11014623 0.12609253 0.12412136 0.10282478 0.21203423 0.13594696 0.19170350 0.16163922 0.14976788 0.23477673 0.11298115 0.22024856 0.12677821 0.16908133 0.19250246 0.06918103 0.27168380 0.11946993 0.16136257 0.08279951 0.13442862 0.12281811 0.16905222 0.08524690 0.18434278 0.09846321 0.16118981 0.16284673 0.11649497 0.10467670 0.11588892 0.09302315 0.12267134 0.13657527 0.18654861 0.13846539 0.05886909 0.17367037 0.11506456 0.15166368 0.16026870 0.16993829 0.14351381 0.18965763 0.15112571 0.21454777 0.05062361 0.27113235 0.18786726 0.10643823 0.15195916 0.17052467 0.08984712 0.10429756 0.15278041 0.19748487 0.21283363 0.20650727 0.26541480 0.11351988 0.10245040 0.06567196 0.12332788 0.15516893 0.15968010 0.16913091 0.21167626 0.12254567 0.16763068 0.13554488 0.13036668 0.13003815 0.13457521 
0.15465184 0.16685544 0.14100549 0.22112656 0.18609288 0.15865631 0.09294166 0.11925410 0.11937102 0.09719138 0.15331759 0.23307980 0.13932363 0.26851562 0.26670809 0.38065259 0.21412191 0.18251975 0.00000000 0.32701823 0.13394832 0.22697755 0.24720309 0.16916267 0.13765732 0.18218507 0.18452013 0.15981733 0.22816632 0.14178091 0.13359788 0.21288974 0.18893847 0.15445441 0.09700318 0.07924582 0.14892254 0.13168191 0.15704871 0.08869801 0.14210665 0.14302998 0.14246558 0.16106810 0.11668237 0.16500534 0.14734353 0.09782954 0.15685974 0.12339855 0.13973125 0.15273852 0.22234212 0.13366787 0.16367459 0.19277945 0.20550484 0.21367151 0.17538627 0.15203122 0.14043366 0.10429748 0.21583318 0.06240100 0.22757155 0.11330150 0.06655693 0.14595745 0.15669472 0.19809875 0.12426388 0.18186601 0.12858786 0.10188741 0.09531740 0.09825872 0.12305325 0.15582469 0.07983822 0.12284369 0.16112424 0.15111004 0.10997706 0.15115738 0.08144129 0.20472062 0.06812343 0.13306000 0.17379494 0.14422892 0.11626240 0.08349416 0.09654772 0.22044362 0.12680115 0.16256206 0.11368811 0.13353276 0.09367255 0.11881525 0.10610300 0.14491847 0.15557953 0.14933882 0.13550090 0.13219548 0.13679002 
0.13776786 0.17948356 0.10032589 0.15705017 0.12451908 0.13201914 0.13703026 0.18431763 0.18735200 0.11471168 0.14137432 0.18299849 0.13938502 0.20213265 0.23245872 0.10558442 0.21635564 0.20380422 0.32701823 0.00000000 0.17796810 0.21236097 0.23498230 0.28572177 0.01798486 0.12583836 0.15859872 0.15790880 0.15978837 0.16703195 0.17325701 0.12282444 0.14374910 0.12713743 0.10798008 0.11510701 0.14274370 0.13217319 0.13018435 0.04367727 0.18920158 0.21695468 0.18174857 0.34796041 0.12312160 0.14251133 0.26690647 0.14089941 0.12251378 0.12084212 0.09778345 0.10798991 0.07353411 0.10426241 0.23310457 0.27927534 0.13027448 0.16001411 0.18959455 0.12911620 0.35402172 0.16940816 0.24483413 0.09692675 0.10750529 0.18035203 0.09646259 0.15120932 0.09144625 0.13025116 0.18519548 0.06067119 0.20796949 0.09988150 0.13655667 0.18255324 0.11147884 0.13723271 0.10003763 0.17205831 0.15220064 0.10263154 0.11695459 0.18549674 0.15861601 0.17250985 0.16115779 0.07928283 0.15564703 0.13487919 0.23909357 0.10458027 0.17114216 0.15607624 0.11856336 0.10938669 0.17938258 0.07113141 0.12204430 0.13209083 0.11012457 0.14619644 0.13149465 0.13881818 0.12830861 0.13237303 0.13697559 
0.15517648 0.11040617 0.18089607 0.20753486 0.13365149 0.08700755 0.16848104 0.12230505 0.21638161 0.13193885 0.14994085 0.14405869 0.10300302 0.11871515 0.19490009 0.22340779 0.25989222 0.27471665 0.13394832 0.17796810 0.00000000 0.28032531 0.20061779 0.19358955 0.34599882 0.16879906 0.15706505 0.17864053 0.19709619 0.18381839 0.18484944 0.12727626 0.22049604 0.15927687 0.18636418 0.11106633 0.14040653 0.12423167 0.07758598 0.19707878 0.18278933 0.12358982 0.13306836 0.39250279 0.18778391 0.11687392 0.24031813 0.13662489 0.15614407 0.16323038 0.13028872 0.13952844 0.12658387 0.06782949 0.16909019 0.11472065 0.07795975 0.17941610 0.14478094 0.15700753 0.16149187 0.12503982 0.22736957 0.10178150 0.16064495 0.04603771 0.10320059 0.20369896 0.13997772 0.16902805 0.16855948 0.11530824 0.13314114 0.10637723 0.17443108 0.11096253 0.08521145 0.08654621 0.14643376 0.14134631 0.09811785 0.09823289 0.19983079 0.08457761 0.21345601 0.17833881 0.15236642 0.17523049 0.11706291 0.06923212 0.08439701 0.12307626 0.13021793 0.12355580 0.09389293 0.17788170 0.19747967 0.22495611 0.15676940 0.12962102 0.15974950 0.09484713 0.12743113 0.12437450 0.11742485 0.12063570 0.13970370 
0.14783938 0.16730805 0.15697749 0.15568382 0.17861460 0.13377369 0.14111180 0.09645856 0.16152524 0.09349798 0.24192937 0.13269867 0.03503623 0.11062142 0.14630813 0.08130393 0.12742140 0.31030159 0.22697755 0.21236097 0.28032531 0.00000000 0.15571759 0.21199132 0.28150376 0.28484764 0.11108486 0.14493751 0.22738037 0.15192290 0.08061138 0.17737467 0.18772303 0.16108047 0.23798199 0.08874826 0.15543162 0.15941700 0.15694880 0.21237015 0.10162351 0.07246201 0.14276869 0.16308257 0.08565237 0.14721235 0.08847469 0.07863058 0.12284494 0.14219360 0.18007638 0.15352938 0.11617379 0.15454210 0.17740300 0.15879397 0.11863724 0.14981655 0.11951481 0.11459133 0.14976404 0.14826091 0.09188625 0.08239944 0.12659869 0.25900449 0.11868524 0.12627282 0.10986433 0.22042873 0.18586263 0.13519246 0.15733066 0.06657860 0.11989084 0.13305001 0.15833114 0.15806677 0.14592887 0.22647123 0.07556126 0.18067470 0.10773311 0.20660036 0.14374295 0.28255287 0.13135673 0.15620817 0.17667259 0.16597315 0.14501611 0.07690965 0.20481915 0.15998597 0.24299213 0.18856880 0.11331107 0.15331326 0.15947062 0.13573140 0.14472915 0.15842370 0.15152005 0.13214299 0.15326517 0.13547199 0.14752170 
0.15601451 0.20302983 0.16084062 0.13006805 0.11916759 0.12533087 0.08566087 0.11468087 0.17485039 0.07961017 0.48580212 0.14971590 0.21971146 0.20467411 0.18161357 0.09973194 0.11364583 0.17460494 0.24720309 0.23498230 0.20061779 0.15571759 0.00000000 0.23057482 0.12202668 0.27624004 0.15089442 0.17719155 0.16118186 0.14927661 0.15046521 0.09630983 0.20064072 0.14444984 0.22175554 0.10806321 0.16248429 0.03614664 0.16034551 0.12393332 0.21433506 0.13094607 0.11607149 0.08199656 0.15542617 0.08718315 0.14424788 0.18149034 0.17541843 0.16955300 0.09678003 0.12513472 0.10683116 0.07255858 0.19301391 0.17389383 0.18815486 0.18391025 0.15603138 0.13466540 0.14178623 0.08396780 0.07567438 0.07074874 0.18221568 0.17276955 0.15723127 0.12645685 0.17754258 0.11421347 0.12190621 0.17782704 0.18024384 0.13870560 0.15294637 0.16153153 0.05146041 0.14047302 0.10048416 0.20524231 0.04309847 0.08387787 0.15609860 0.16735357 0.18325365 0.41490916 0.22591141 0.16237931 0.13370566 0.18226451 0.09527723 0.09586634 0.15245070 0.09286971 0.18733898 0.11920977 0.11593313 0.15667405 0.13664831 0.19055624 0.17804948 0.13003844 0.16506887 0.16566996 0.14610590 0.14115889 0.13751053 
0.15054820 0.13210828 0.06914137 0.18408791 0.14774483 0.13354875 0.09384289 0.15003486 0.31399639 0.18600446 0.29392974 0.17313876 0.08091280 0.10719656 0.15686106 0.16314076 0.16339908 0.12551339 0.16916267 0.28572177 0.19358955 0.21199132 0.23057482 0.00000000 0.18339066 0.15007246 0.20038939 0.19133172 0.14334564 0.14408648 0.13982579 0.15722791 0.10816174 0.11101616 0.13191471 0.13217358 0.12539296 0.16461746 0.14054286 0.07186106 0.13090757 0.21259621 0.17550565 0.25490189 0.12492328 0.15565733 0.21594954 0.10477084 0.14921040 0.12193178 0.18982273 0.14705431 0.10354173 0.15116431 0.16030994 0.12760500 0.16633064 0.13023576 0.13639458 0.13113766 0.18690142 0.16666369 0.19204001 0.17997699 0.27454481 0.07572434 0.11298513 0.18198736 0.17901661 0.22985246 0.16142005 0.14192062 0.07259322 0.09225066 0.17565844 0.14647948 0.13212922 0.10805871 0.07871141 0.23908417 0.22140279 0.14076805 0.10459446 0.17457049 0.17345967 0.10792916 0.10968427 0.06681744 0.11277002 0.09689587 0.11605285 0.15458108 0.10841540 0.09898905 0.23675140 0.15542609 0.08386368 0.14463183 0.17543673 0.15311567 0.18151042 0.15022601 0.12772010 0.14358345 0.15112357 0.13868045 0.14339909 
0.17675272 0.14670273 0.29269357 0.15572345 0.16271519 0.09510166 0.11361246 0.10684655 0.15840783 0.14248286 0.14879503 0.06334293 0.08708421 0.12033395 0.15746140 0.13028091 0.22306912 0.17620646 0.13765732 0.01798486 0.34599882 0.28150376 0.12202668 0.18339066 0.00000000 0.17012288 0.17246555 0.43009759 0.51678417 0.21014007 0.12968934 0.27670528 0.16197084 0.18290525 0.10599766 0.15584625 0.18005773 0.26762836 0.21562605 0.08701479 0.12922178 0.19796043 0.17311017 0.16286411 0.10290040 0.12258164 0.20389660 0.13638090 0.12998704 0.15761044 0.17506666 0.18412045 0.15441198 0.09407354 0.09609981 0.13370136 0.12955952 0.11856694 0.09598294 0.02550898 0.14832428 0.20860206 0.20433601 0.05470899 0.09207854 0.15575265 0.12204867 0.12629077 0.09393447 0.18009155 0.14636550 0.14538466 0.16611548 0.11406250 0.13765651 0.18868794 0.06508500 0.16551289 0.10914607 0.11076733 0.05402625 0.10938405 0.12332124 0.07953047 0.18744792 0.15587618 0.23163947 0.09517863 0.14698314 0.14795765 0.12766273 0.08520788 0.08800365 0.09897510 0.11842395 0.24861253 0.13473575 0.16544684 0.16455875 0.16013235 0.15759960 0.15243533 0.13174210 0.14655792 0.13484411 0.13808133 0.13560268 
0.13879478 0.10135702 0.13988602 0.12914836 0.12321961 0.17515064 0.10051043 0.17710382 0.20584457 0.11887840 0.14650396 0.16376023 0.17675471 0.09788626 0.10784397 0.14739135 0.18500406 0.15831117 0.18218507 0.12583836 0.16879906 0.28484764 0.27624004 0.15007246 0.17012288 0.00000000 0.20395156 0.12538572 0.22786592 0.19197605 0.14597460 0.18231125 0.16032255 0.13484833 0.15222896 0.07437900 0.14157090 0.13258370 0.16622057 0.19140038 0.09300407 0.20652359 0.16017621 0.19141578 0.13179673 0.14485461 0.17535065 0.07712440 0.26203170 0.16271366 0.22857084 0.19607908 0.10300437 0.07427391 0.17852768 0.12508722 0.15371580 0.19457313 0.10525837 0.10429694 0.13485884 0.20873580 0.12874628 0.09440955 0.15275254 0.11358883 0.17970698 0.16102081 0.15695976 0.07254374 0.06326929 0.15939083 0.19971716 0.21994985 0.14627694 0.21715792 0.23998327 0.07863441 0.10464075 0.13207055 0.22924927 0.06488864 0.17878866 0.31604741 0.34172837 0.20415727 0.15024585 0.05319405 0.13649068 0.09600602 0.09321580 0.12485334 0.05654435 0.10242587 0.15703700 0.12445398 0.18263288 0.15455353 0.11476959 0.18591884 0.16194000 0.14628895 0.16262360 0.12774674 0.11625037 0.12156131 0.14129841 
0.15831797 0.14144812 0.19094061 0.11600306 0.17055512 0.14729984 0.16613092 0.15019556 0.16762957 0.14597106 0.17747082 0.12531527 0.18598620 0.12091711 0.16427549 0.14179076 0.20170871 0.13336528 0.18452013 0.15859872 0.15706505 0.11108486 0.15089442 0.20038939 0.17246555 0.20395156 0.00000000 0.12274853 0.22005451 0.18365678 0.21773967 0.21149652 0.11302912 0.26337304 0.09001613 0.07493601 0.13430384 0.12803625 0.13795604 0.17836624 0.12933709 0.15145384 0.13113158 0.13453263 0.10672100 0.12936337 0.09979582 0.09843615 0.29118018 0.13389308 0.18031099 0.15124342 0.10998052 0.14397971 0.12187965 0.15957058 0.11404880 0.08897593 0.07500504 0.14896852 0.26022920 0.13675031 0.13297242 0.20025846 0.12935616 0.17942778 0.17199001 0.22477549 0.19210640 0.13031575 0.16187423 0.19111160 0.16328363 0.08595217 0.20168993 0.14466968 0.25002507 0.13687167 0.13779561 0.21988882 0.28867861 0.12946007 0.14008004 0.30176792 0.12150859 0.11246499 0.16634831 0.12978943 0.11176403 0.14938116 0.12716920 0.09497775 0.02867282 0.11600753 0.11996766 0.13706721 0.10039331 0.11901115 0.11260982 0.13990046 0.15415727 0.20219029 0.16293105 0.11639451 0.13518424 0.14415452 0.14125864 
0.14515767 0.16520100 0.17561104 0.10141988 0.15685368 0.11398800 0.15033319 0.13571857 0.26735601 0.03242945 0.12579988 0.16817134 0.06374263 0.08653879 0.17192857 0.06002431 0.17456017 0.21625887 0.15981733 0.15790880 0.17864053 0.14493751 0.17719155 0.19133172 0.43009759 0.12538572 0.12274853 0.00000000 0.17972311 0.12781281 0.21700797 0.62187203 0.13430116 0.16169225 0.08508378 0.13800047 0.16409051 0.17410568 0.19393806 0.19844883 0.20978504 0.45865193 0.14145494 0.16528404 0.15081091 0.19706514 0.12994663 0.17140305 0.15590964 0.09832637 0.12067163 0.12038538 0.11659040 0.12501261 0.12772126 0.08379067 0.08832001 0.11151888 0.12793477 0.17386301 0.11440255 0.11260831 0.19680911 0.08043762 0.33189025 0.14211613 0.13020583 0.19126423 0.19319688 0.07828015 0.09245460 0.09689181 0.11228583 0.20886303 0.15758303 0.09826734 0.09472250 0.13340759 0.11314703 0.16838727 0.18215256 0.12753434 0.18235493 0.13362262 0.18764700 0.11470643 0.14425534 0.07700787 0.09289189 0.11295487 0.24295622 0.15718795 0.13120815 0.17729191 0.18694411 0.14820070 0.11696615 0.12901284 0.11729215 0.11404973 0.15190797 0.13195239 0.13383371 0.12415711 0.12634541 0.12882744 0.13656408 
0.15250644 0.19803607 0.08598561 0.19343492 0.12268702 0.14213350 0.09584192 0.18263844 0.18171099 0.07787426 0.05723162 0.08483591 0.10409421 0.15468625 0.19857671 0.06350729 0.12043709 0.16636184 0.22816632 0.15978837 0.19709619 0.22738037 0.16118186 0.14334564 0.51678417 0.22786592 0.22005451 0.17972311 0.00000000 0.33886604 0.09775242 0.43569066 0.71014976 0.16238333 0.20691870 0.16841899 0.13421036 0.11727684 0.10384942 0.14268866 0.14528886 0.08112907 0.10696451 0.11028005 0.11720837 0.11536239 0.05224897 0.13369403 0.11933175 0.09036499 0.21315126 0.14827724 0.20518472 0.15869314 0.09975816 0.17021118 0.09750521 0.17848516 0.14067251 0.06098351 0.07797675 0.11998161 0.10493513 0.12882376 0.10739042 0.10150512 0.16803241 0.20396800 0.17377025 0.16094958 0.14116649 0.13186777 0.17504770 0.07827787 0.17192578 0.11820636 0.11510374 0.10384702 0.13449197 0.21713236 0.00000000 0.16934000 0.09145194 0.11438667 0.15701254 0.08194748 0.14364821 0.11653155 0.13621218 0.18170583 0.07434115 0.19536169 0.18456344 0.10082148 0.17393047 0.14538572 0.20756988 0.14140326 0.17571321 0.15266460 0.15363198 0.12488894 0.14330301 0.14511252 0.13295216 0.13262678 0.14632568 
0.14150386 0.21933569 0.09620515 0.15599997 0.11071700 0.15998508 0.14940706 0.12838646 0.12884146 0.11643473 0.07616210 0.11182816 0.14573639 0.16298769 0.17652594 0.07216814 0.14698263 0.14362911 0.14178091 0.16703195 0.18381839 0.15192290 0.14927661 0.14408648 0.21014007 0.19197605 0.18365678 0.12781281 0.33886604 0.00000000 0.11763067 0.19745733 0.23631275 0.30931138 0.20906779 0.16441758 0.15959679 0.16281053 0.14567058 0.15840630 0.19355815 0.13801673 0.13973392 0.09882267 0.09846716 0.09325142 0.13160988 0.16807945 0.28063839 0.13421631 0.12913356 0.12751528 0.16900466 0.17278210 0.14985214 0.16629270 0.07492032 0.05464041 0.12350187 0.09334956 0.09155614 0.17850880 0.24502238 0.05245840 0.20669815 0.17308135 0.09395373 0.12762857 0.15807270 0.16703600 0.17581715 0.16532582 0.21175179 0.11576168 0.18172415 0.32260865 0.06488500 0.15684652 0.27900889 0.31299609 0.14844893 0.12648557 0.15869508 0.11621163 0.20929420 0.08697794 0.16210290 0.11146462 0.14581516 0.10852560 0.14132755 0.13763879 0.14871585 0.13640471 0.17547635 0.09014873 0.11996012 0.10039990 0.18055556 0.12608513 0.13278491 0.15788973 0.14270558 0.16281822 0.13003523 0.14589003 0.13870656 
0.14909238 0.13396818 0.06433138 0.14597724 0.13709607 0.13908341 0.19737890 0.07435472 0.24639430 0.03360229 0.05056562 0.04985415 0.17397714 0.09358788 0.14300485 0.20373818 0.12326955 0.10713000 0.13359788 0.17325701 0.18484944 0.08061138 0.15046521 0.13982579 0.12968934 0.14597460 0.21773967 0.21700797 0.09775242 0.11763067 0.00000000 0.14797989 0.05634513 0.14355216 0.16424660 1.07105971 0.17238601 0.09954071 0.17862644 0.15821919 0.12462202 0.18400563 0.10813640 0.04519249 0.15664520 0.15103236 0.23261039 0.13864016 0.05673571 0.14581023 0.11118387 0.13366919 0.16741552 0.11000689 0.12655851 0.10490276 0.18338872 0.08317726 0.18597549 0.13930396 0.24497852 0.10016173 0.14552027 0.14747327 0.19914245 0.05161042 0.19389832 0.14724750 0.14023296 0.08538088 0.14084060 0.19737738 0.32032251 0.15567823 0.12613302 0.24128215 0.32143014 0.10046405 0.10354150 0.16535671 0.15133161 0.17014687 0.11661968 0.12232806 0.07807579 0.14019191 0.14360942 0.09836509 0.09551530 0.18026223 0.17318960 0.09827576 0.22501687 0.06797636 0.09155505 0.15761375 0.07190129 0.14637016 0.12063340 0.17824213 0.10289288 0.14743031 0.17098883 0.16220468 0.15507729 0.16753843 0.14501441 
0.14333238 0.16379356 0.13738919 0.10853795 0.13930450 0.11303893 0.07253862 0.17482795 0.12951537 0.19630036 0.09440666 0.05289067 0.10942546 0.15125882 0.10431278 0.13062947 0.17911035 0.20120401 0.21288974 0.12282444 0.12727626 0.17737467 0.09630983 0.15722791 0.27670528 0.18231125 0.21149652 0.62187203 0.43569066 0.19745733 0.14797989 0.00000000 0.30780698 0.20157836 0.17040977 0.15752689 0.13378487 0.26157188 0.19565482 0.10936725 0.15486671 0.19008011 0.16911256 0.12899290 0.13104841 0.10132129 0.11124883 0.10350381 0.07792989 0.15740063 0.20765889 0.16308528 0.21404945 0.07760020 0.17742468 0.13065701 0.14137145 0.15056561 0.03415459 0.11217658 0.09907007 0.18621313 0.18938643 0.09860921 0.16839369 0.08907484 0.09759559 0.06067929 0.17031599 0.16114001 0.10317855 0.11155767 0.11759768 0.11925038 0.16046482 0.19775431 0.23891677 0.12647374 0.16547270 0.16953474 0.12562795 0.16931280 0.14504584 0.15605723 0.12286013 0.09473600 0.15767480 0.04481136 0.10243099 0.08787380 0.21862348 0.13050072 0.12710861 0.11006592 0.16337396 0.19875709 0.21475348 0.11658231 0.18296575 0.14111762 0.17660623 0.13572367 0.15333347 0.11185934 0.14459433 0.15722129 0.13987060 
0.14631025 0.16221089 0.17820000 0.16593624 0.14060479 0.11008134 0.08884494 0.11241666 0.13507579 0.07888055 0.10617718 0.09649827 0.08894160 0.15598562 0.12060745 0.13005411 0.08095707 0.07799801 0.18893847 0.14374910 0.22049604 0.18772303 0.20064072 0.10816174 0.16197084 0.16032255 0.11302912 0.13430116 0.71014976 0.23631275 0.05634513 0.30780698 0.00000000 0.44302813 0.23964429 0.17598988 0.12100815 0.12322793 0.13061675 0.15805037 0.13189900 0.13298005 0.15388976 0.08449033 0.17586685 0.13459903 0.07544974 0.13440552 0.11055363 0.16249375 0.13353649 0.10742923 0.10565408 0.16015070 0.20615948 0.21510068 0.16200087 0.23891027 0.12654643 0.16693608 0.10889704 0.21036733 0.08360109 0.19806302 0.10818085 0.24869384 0.11890129 0.17229866 0.12849073 0.23715308 0.15447623 0.15328834 0.15324432 0.23399680 0.20241339 0.13084979 0.07354449 0.14784817 0.11485907 0.15366709 0.19944249 0.12334525 0.11605029 0.09736958 0.13940265 0.09569720 0.11627462 0.09626087 0.17504380 0.16107515 0.09172910 0.14449250 0.18786408 0.07445243 0.21478668 0.13645395 0.20224433 0.12047358 0.14933388 0.14320867 0.15436152 0.11654349 0.11846142 0.11513520 0.14445723 0.13171828 0.13992270 
