0.00000000 0.43812420 0.43075116 0.46225857 0.38468402 0.37900893 0.39460211 0.39945189 0.34338596 0.29625972 0.32213703 0.31499933 0.28181504 0.32906165 0.31079846 0.24781715 0.24830429 0.28078934 0.26669795 0.26502950 0.29030180 0.25748310 0.29463893 0.30732314 0.29672111 0.27387998 0.28257943 0.26564280 0.27290914 0.32086339 0.27852036 0.27397297 0.23444886 0.23291693 0.28201220 0.29620547 0.28166200 0.29117784 0.26631351 0.25475078 0.28026138 0.24146209 0.28460859 0.25316228 0.28004538 0.31602645 0.24467790 0.27348167 0.25739314 0.28362119 0.27751789 0.29959337 0.29982901 0.27996727 0.28059971 0.21707475 0.24671333 0.31240661 0.27807378 0.27237298 0.28783003 0.26398507 0.27064810 0.29049158 0.22694556 0.28339088 0.28282260 0.29120805 0.25359317 0.27396051 0.25009940 0.25988426 0.22033097 0.25202768 0.27911430 0.24236943 0.32024728 0.26018427 0.22244956 0.21558850 0.19606138 0.27822154 0.21541052 0.26608463 0.26034610 0.25055074 0.28545135 0.27561875 0.25143632 0.24446860 0.26523645 0.25928318 0.21938918 0.25270020 0.26339844 0.23789738 0.26350089 0.26780521 0.26179427 0.27838295 0.29308931 0.29851002 0.25633642 0.23770657 0.24568471 0.27339214 0.26447445 0.28180694 0.24144409 0.31362481 0.29284165 0.27153149 0.28387540 0.26900858 0.26419330 0.27858071 0.26776234 0.22548070 0.24701357 0.23385468 0.23025202 0.24235289 0.22643771 0.25690856 0.21773528 0.23543355 0.22458230 0.22814775 0.22527565 0.24908730 0.25749103 0.27288559 0.28296706 
0.43812420 0.00000000 0.46356195 0.46184786 0.44634371 0.39210598 0.39679775 0.39987751 0.34862250 0.30848627 0.31796175 0.31054655 0.33963415 0.32648324 0.30072219 0.25637975 0.28405510 0.28372657 0.25993326 0.28476031 0.29276098 0.24315649 0.29256978 0.28531212 0.29810399 0.26046321 0.27782378 0.29466157 0.24417510 0.30827968 0.24655559 0.26826288 0.24088185 0.20907295 0.29709176 0.26372014 0.25426235 0.27803534 0.27144812 0.25359282 0.25758178 0.29422402 0.28967776 0.22750024 0.29020116 0.28016943 0.22931679 0.23805214 0.25725778 0.30067183 0.30082473 0.26058530 0.28712472 0.27512610 0.28506456 0.21244039 0.27130117 0.31647950 0.26285627 0.27665934 0.27535186 0.26197215 0.31156547 0.27816855 0.32197649 0.25174678 0.26935759 0.26167508 0.27690402 0.28447817 0.24156478 0.24569948 0.20932090 0.26598701 0.30169042 0.24531673 0.29143078 0.25702523 0.22931590 0.17123648 0.20527900 0.26161697 0.22633397 0.24727035 0.29016400 0.26950195 0.29024111 0.27231146 0.27924347 0.23912488 0.26422559 0.23197681 0.22645572 0.26252141 0.26291940 0.28209705 0.28202805 0.28067915 0.27644074 0.27875773 0.25420811 0.27571650 0.22124649 0.24449910 0.33633962 0.28274372 0.26304793 0.27775615 0.26653349 0.38380430 0.27686724 0.27213794 0.27990351 0.24927379 0.24446511 0.27356652 0.24797567 0.25504920 0.23880899 0.24560462 0.21117416 0.21705871 0.18190874 0.25514563 0.22282900 0.23241379 0.23296671 0.21319302 0.23307465 0.22834866 0.20658868 0.26452367 0.29478786 
0.43075116 0.46356195 0.00000000 0.46221559 0.43393351 0.46386482 0.42917697 0.38743494 0.34923907 0.33977682 0.36967121 0.26720524 0.28071648 0.31248566 0.26623158 0.27331931 0.28036288 0.24853874 0.24842472 0.31122431 0.30329039 0.27211002 0.31639678 0.26308384 0.28367915 0.24377648 0.21805699 0.24126610 0.26424267 0.28900995 0.27448948 0.31743083 0.27472345 0.23224290 0.29109566 0.30465503 0.27928585 0.25046054 0.28466646 0.27810166 0.25255372 0.25900124 0.33343470 0.26899550 0.28571988 0.29371528 0.25983255 0.29483968 0.27468513 0.32926188 0.25547900 0.26217575 0.29328255 0.24840855 0.27710663 0.33319126 0.21094782 0.30550863 0.26683597 0.28524541 0.29312075 0.26397576 0.24620295 0.24679395 0.25948191 0.28974150 0.24787133 0.25883407 0.29463840 0.31467392 0.27774600 0.25046889 0.20290910 0.23199231 0.31095341 0.22925006 0.24432317 0.27129730 0.20630365 0.21634763 0.18135985 0.24557714 0.22237082 0.21067420 0.30971544 0.26154150 0.29443461 0.26864234 0.32623867 0.22419962 0.23500211 0.21605664 0.26409574 0.29077749 0.26462336 0.29588945 0.26124250 0.31755730 0.27669708 0.28845088 0.31294608 0.27712759 0.25591148 0.27273179 0.26783002 0.30776793 0.23355676 0.26776331 0.25337166 0.35193360 0.26531401 0.31382850 0.29968908 0.21494168 0.27322571 0.27968945 0.21569720 0.26471675 0.20786811 0.23185282 0.19363575 0.19765099 0.19820821 0.24822831 0.21764464 0.20431886 0.22184069 0.20780500 0.21386527 0.20045016 0.19436025 0.25341405 0.25945463 
0.46225857 0.46184786 0.46221559 0.00000000 0.47020928 0.46437794 0.48362424 0.46441390 0.37669343 0.30743019 0.36741074 0.32389588 0.33855073 0.35520380 0.31904941 0.24098510 0.28804464 0.24833769 0.22132744 0.29788780 0.28499978 0.29202463 0.27695515 0.34186507 0.29657250 0.29653503 0.32052088 0.31235453 0.24508581 0.26054117 0.25485425 0.29432217 0.21545621 0.22875205 0.30395415 0.29108169 0.26051557 0.24638415 0.30946856 0.26502104 0.28248990 0.27343591 0.29510736 0.25242489 0.30807898 0.25063872 0.24621463 0.29820577 0.26245498 0.30630422 0.26419541 0.22999611 0.25918724 0.28002377 0.25719883 0.23673398 0.21819362 0.28987575 0.27618360 0.28241423 0.30014260 0.23956369 0.28252079 0.27120013 0.22810628 0.27106986 0.25102690 0.27174214 0.27438195 0.29237944 0.22778952 0.26036057 0.21635655 0.26914815 0.26619093 0.22383979 0.26883061 0.28076524 0.22193225 0.18550388 0.17574930 0.27362872 0.21250516 0.25612305 0.27698458 0.26471849 0.27513068 0.27444902 0.23525056 0.19760489 0.27516669 0.23488795 0.21654405 0.24591175 0.26150268 0.24201728 0.30644379 0.28992090 0.32591757 0.27167491 0.26861502 0.25441189 0.25394562 0.24287288 0.27807295 0.27968294 0.25034168 0.32269749 0.25904705 0.31213983 0.26739956 0.31667511 0.30550469 0.26872140 0.24156489 0.29730619 0.22856027 0.24869462 0.23574266 0.25767229 0.19959118 0.22007011 0.19878353 0.23121441 0.18581177 0.20398994 0.20499388 0.20215488 0.23016783 0.18469359 0.20598589 0.22346664 0.28272681 
0.38468402 0.44634371 0.43393351 0.47020928 0.00000000 0.51749241 0.48164666 0.52963778 0.43560906 0.34506324 0.42250714 0.28851250 0.30061547 0.32827175 0.30131399 0.34725508 0.26254964 0.26566503 0.21438775 0.27009655 0.25658022 0.31811013 0.24745251 0.31344461 0.30871499 0.26197767 0.24088380 0.26834136 0.29967489 0.27140634 0.29764739 0.38149223 0.23758152 0.23375127 0.26191843 0.33764637 0.29160007 0.29429744 0.30533459 0.29350079 0.25450867 0.24541199 0.30159193 0.21895647 0.28073755 0.28945886 0.23878745 0.25176171 0.27424584 0.28034810 0.25920622 0.22674214 0.32613922 0.31056459 0.26437651 0.20425588 0.27475116 0.33536499 0.27992642 0.31443311 0.29445960 0.21729864 0.30536956 0.26712446 0.26232167 0.29045488 0.22551668 0.24007841 0.25754537 0.29732811 0.23857257 0.28124209 0.19164078 0.30561516 0.27805930 0.28142311 0.27029089 0.23476645 0.20463428 0.17888170 0.15563799 0.24657802 0.23954026 0.26430153 0.27475152 0.22758506 0.27010973 0.30373056 0.26787483 0.19866940 0.22917254 0.24171898 0.24882257 0.30005865 0.23145724 0.25997883 0.23156479 0.28371286 0.29388946 0.31845536 0.26209968 0.27980027 0.24188608 0.28072606 0.24548209 0.25272228 0.25290377 0.27147508 0.23333165 0.30721956 0.23648936 0.27638658 0.21565522 0.29587778 0.24631758 0.25569115 0.22307240 0.27994758 0.22861325 0.30382877 0.19058716 0.17344044 0.19810292 0.23278697 0.17637687 0.21368227 0.18260449 0.20645826 0.21072509 0.18878290 0.23963269 0.23480304 0.27068075 
0.37900893 0.39210598 0.46386482 0.46437794 0.51749241 0.00000000 0.53945013 0.53616299 0.41553631 0.45074363 0.38074695 0.33647166 0.35744934 0.29857809 0.33407554 0.28013111 0.33866804 0.35588321 0.27372820 0.25511684 0.29688057 0.24262098 0.30864596 0.33353453 0.29966874 0.32057014 0.30692933 0.31023589 0.26878300 0.28694614 0.26811156 0.29781486 0.25128964 0.28124359 0.27487712 0.28147099 0.33981479 0.28031602 0.26728819 0.27447106 0.25420529 0.24785481 0.30920413 0.26575411 0.29772014 0.22749884 0.28301718 0.26242961 0.31401280 0.26105669 0.29867329 0.23575620 0.27896135 0.25441361 0.24437665 0.18673694 0.25499596 0.29381618 0.26125308 0.33502771 0.29631403 0.21059155 0.28813881 0.25220726 0.26119090 0.24777296 0.27570527 0.30723927 0.24932745 0.29595834 0.28921958 0.23613986 0.17890496 0.26838343 0.29759499 0.21877689 0.23907021 0.28584178 0.21510830 0.15641503 0.20449723 0.24306655 0.21926820 0.23923320 0.26109611 0.26913849 0.30148845 0.28643558 0.30450529 0.19130627 0.24316524 0.18646304 0.22527808 0.30865650 0.20074382 0.23532187 0.30078274 0.28725306 0.27687849 0.28087952 0.27698445 0.30907849 0.17182773 0.25470785 0.24656009 0.35144997 0.21405011 0.23666643 0.25206449 0.34571874 0.26958324 0.33326472 0.26379160 0.27259561 0.27014468 0.25730003 0.22636225 0.19588371 0.22708094 0.17363770 0.17395764 0.19033129 0.16848686 0.25229233 0.16102457 0.17498141 0.16560262 0.22469435 0.16939144 0.17783614 0.21945296 0.21221519 0.24986021 
0.39460211 0.39679775 0.42917697 0.48362424 0.48164666 0.53945013 0.00000000 0.56737903 0.46023336 0.40952249 0.40612282 0.32419523 0.28188898 0.33722771 0.30813687 0.30964556 0.28206554 0.27492450 0.34072136 0.30914243 0.31256415 0.28049603 0.27588116 0.38763457 0.31373216 0.25032701 0.32427940 0.33069441 0.27940751 0.24255341 0.35247458 0.28505637 0.27254294 0.26181725 0.25938374 0.26999275 0.22660684 0.30203633 0.26497002 0.28193255 0.34301338 0.31612415 0.28217106 0.22739837 0.29464223 0.29829545 0.19070515 0.29428654 0.30882721 0.27648735 0.25106378 0.17642810 0.28665060 0.25738825 0.22350987 0.23938481 0.33265997 0.33573718 0.24065515 0.26547981 0.27158161 0.24516058 0.29102717 0.26988432 0.23372921 0.25807174 0.24746386 0.25650751 0.26313944 0.30662794 0.22389342 0.24747939 0.22753775 0.30669819 0.32706205 0.19983724 0.25747177 0.26778294 0.19482581 0.11208805 0.17335108 0.30686275 0.19829073 0.23844359 0.28677117 0.25281723 0.28290917 0.25869503 0.31560272 0.09745357 0.19873285 0.18102606 0.24108596 0.28340289 0.25594118 0.24372014 0.27176842 0.27702486 0.34493166 0.25366283 0.27781481 0.28588604 0.30465036 0.27697153 0.29686575 0.25690573 0.23810564 0.28313776 0.25756843 0.31777726 0.25215701 0.27250502 0.28022682 0.29763369 0.26188310 0.29584337 0.23950280 0.15455483 0.25614869 0.22847492 0.18599501 0.20309265 0.16242041 0.21241740 0.15231194 0.17254944 0.19672539 0.20499383 0.15886859 0.18754828 0.20012730 0.22940025 0.26330425 
0.39945189 0.39987751 0.38743494 0.46441390 0.52963778 0.53616299 0.56737903 0.00000000 0.55973137 0.46611307 0.44233350 0.42437363 0.30245817 0.33734135 0.37867843 0.26516961 0.27220375 0.24935403 0.19597805 0.28212046 0.35547562 0.25256779 0.32365474 0.36213136 0.29027363 0.25806010 0.23102874 0.30617431 0.25176801 0.28544183 0.34270202 0.25556506 0.27398028 0.26474667 0.34185962 0.29497503 0.32740561 0.27861964 0.30800360 0.27500577 0.33176003 0.22078541 0.27223928 0.25473658 0.37197211 0.18730921 0.19495099 0.27799930 0.29004165 0.30424914 0.34639214 0.20827139 0.25796458 0.19027133 0.27569472 0.19281636 0.21676465 0.34210700 0.32977832 0.38784403 0.26539287 0.25773130 0.26142348 0.31444876 0.15599946 0.29255234 0.24910325 0.25528277 0.26640735 0.21766882 0.24420309 0.24598077 0.24472340 0.25734359 0.37363353 0.22141387 0.27636955 0.32383310 0.21841915 0.08282101 0.15620641 0.22153298 0.17924269 0.18254260 0.25264104 0.26675519 0.28653306 0.26951373 0.22380100 0.15371398 0.19254109 0.13848625 0.20627738 0.28886916 0.24335305 0.29305542 0.21926233 0.27200278 0.30374986 0.29481447 0.27406014 0.26399282 0.26223393 0.24274511 0.34448139 0.26078709 0.28277417 0.28987811 0.29706783 0.36403224 0.34711371 0.28240470 0.20033367 0.31629165 0.26440524 0.29731922 0.22089801 0.24032169 0.24370586 0.23983472 0.14381102 0.21318376 0.19799659 0.21737142 0.18709468 0.13601283 0.18305569 0.20601349 0.18886545 0.18256736 0.18897531 0.21122500 0.24262244 
0.34338596 0.34862250 0.34923907 0.37669343 0.43560906 0.41553631 0.46023336 0.55973137 0.00000000 0.63197163 0.46660088 0.38411524 0.27014336 0.30504619 0.41269964 0.40273625 0.25460821 0.30760906 0.20124288 0.22746515 0.24116813 0.27226844 0.33401278 0.30981006 0.35697198 0.31947105 0.22761708 0.34105008 0.20533808 0.33828091 0.34281041 0.26970842 0.23867254 0.33557389 0.28673020 0.36906695 0.28665348 0.22539784 0.35360542 0.27679515 0.36025737 0.22928040 0.38119767 0.23710112 0.27603948 0.25590976 0.22663878 0.27543164 0.28742397 0.24266895 0.28707486 0.18858198 0.25086674 0.20448808 0.32269300 0.18678018 0.25798191 0.27984362 0.36260891 0.28255439 0.27856438 0.23712566 0.18531885 0.28420937 0.23174318 0.20384096 0.44498319 0.31789070 0.30576616 0.22162870 0.21198442 0.31382532 0.10781043 0.16616119 0.41285403 0.17359732 0.29018552 0.28283236 0.20366192 0.12797228 0.26039868 0.14847310 0.17258040 0.26798671 0.24056643 0.22869686 0.27288514 0.30235773 0.28503481 0.21260397 0.25562357 0.15595502 0.16998810 0.26317053 0.23007556 0.20718047 0.27924278 0.25420277 0.30825406 0.21052018 0.22857492 0.33662607 0.24772676 0.24014977 0.31143877 0.27838816 0.24586976 0.30658107 0.29530702 0.28003791 0.29813862 0.22518835 0.26916586 0.24392264 0.33290266 0.43081172 0.21254433 0.18096147 0.20395555 0.27543068 0.12624933 0.19888648 0.24505481 0.23647353 0.24290508 0.26828224 0.21658957 0.27961431 0.21184903 0.22402703 0.22744666 0.27300468 0.23481089 
0.29625972 0.30848627 0.33977682 0.30743019 0.34506324 0.45074363 0.40952249 0.46611307 0.63197163 0.00000000 0.48356857 0.43537636 0.40234867 0.55981441 0.39513289 0.25177951 0.35540473 0.25386227 0.13667209 0.33558114 0.33805453 0.35137532 0.36795759 0.46539280 0.37111658 0.31036733 0.48708028 0.71733880 0.23348394 0.19660099 0.40658451 0.36162861 0.25965460 0.25573479 0.26708074 0.24148025 0.29882719 0.29814450 0.24535360 0.29580619 0.29981987 0.26135853 0.29711799 0.21432346 0.24093056 0.27696131 0.25131698 0.25068261 0.19965192 0.17724587 0.30929875 0.21461042 0.21549406 0.24103274 0.19593999 0.16237700 0.30974206 0.26298245 0.28727749 0.26418661 0.23495214 0.23859712 0.22365686 0.22236426 0.17509092 0.26602955 0.23343536 0.24913822 0.26117511 0.21960352 0.26353716 0.23642358 0.19902019 0.23837209 0.34953243 0.19140475 0.30802102 0.37546208 0.12554958 0.12606478 0.16219514 0.19407040 0.19451753 0.30643727 0.19795684 0.21960562 0.23345934 0.31118622 0.25647105 0.24847858 0.19667445 0.14767960 0.29283762 0.24969964 0.24572283 0.22482772 0.36321746 0.24676322 0.26719160 0.29447863 0.31333844 0.32066885 0.31450597 0.25983982 0.22140060 0.27806366 0.24493935 0.39430125 0.32230777 0.26808687 0.26372166 0.33947169 0.29169009 0.25902991 0.21664150 0.24515346 0.20752525 0.32145353 0.32964467 0.23907564 0.20190093 0.21065006 0.20290450 0.20826203 0.15833527 0.28284294 0.23137627 0.20771747 0.20872926 0.14102662 0.22270444 0.23066603 0.22980901 
0.32213703 0.31796175 0.36967121 0.36741074 0.42250714 0.38074695 0.40612282 0.44233350 0.46660088 0.48356857 0.00000000 0.51825507 0.30510595 0.43922645 0.62623706 0.27290093 0.34630052 0.31886666 0.13224328 0.25291521 0.39207032 0.19875309 0.34986595 0.37516626 0.37943650 0.31395522 0.24628433 0.40538609 0.37308932 0.28099043 0.23566004 0.31112043 0.24634724 0.12607657 0.26937910 0.36772348 0.23070427 0.30160653 0.21550559 0.34265454 0.31551315 0.26991618 0.37864572 0.38393205 0.24751371 0.22964924 0.25314579 0.23112479 0.26702071 0.32829992 0.34829003 0.25345060 0.36141768 0.23661269 0.25345541 0.18657066 0.23797830 0.26838419 0.34672837 0.28294359 0.26983373 0.26081561 0.18377661 0.25169023 0.14852904 0.26647746 0.26439049 0.22422263 0.19691779 0.27045676 0.29758835 0.31314210 0.19315186 0.29782243 0.29737317 0.31322114 0.25897598 0.27623744 0.11810109 0.19722829 0.13596880 0.20413377 0.19487166 0.27462140 0.22604055 0.25889622 0.40063242 0.33774834 0.25297413 0.08397138 0.19576071 0.22274658 0.18103439 0.23282095 0.28973182 0.24156073 0.35134675 0.26156077 0.33822092 0.23564033 0.28185645 0.17939257 0.23381957 0.23815625 0.20983858 0.28265226 0.09758239 0.40364917 0.37495893 0.20868628 0.33333588 0.36144726 0.20221871 0.35194965 0.30075747 0.36668863 0.25551254 0.22061931 0.26326700 0.27911500 0.19649603 0.26772884 0.23645527 0.22096977 0.19936244 0.19355741 0.19448196 0.20549249 0.25802656 0.27181334 0.21923056 0.18692160 0.18671982 
0.31499933 0.31054655 0.26720524 0.32389588 0.28851250 0.33647166 0.32419523 0.42437363 0.38411524 0.43537636 0.51825507 0.00000000 0.46129489 0.53762050 0.46704084 0.58410701 0.34500149 0.45674730 0.21536775 0.26936014 0.27178458 0.28636028 0.27154504 0.42543131 0.30862234 0.28398045 0.28733609 0.35134987 0.41882735 0.22392356 0.35045204 0.31652908 0.28572685 0.26244626 0.27845216 0.35452144 0.19234614 0.41551390 0.23428827 0.27153988 0.26528541 0.22695433 0.22236429 0.18863431 0.33055917 0.28265520 0.23373075 0.23067677 0.21693877 0.24648176 0.24448876 0.23968643 0.25230245 0.26062114 0.27106568 0.25845054 0.36681113 0.42489366 0.59715791 0.31758966 0.22106574 0.24445700 0.20192277 0.20272206 0.13793771 0.34147694 0.23330653 0.23671136 0.32698281 0.24926258 0.23980692 0.32780158 0.10654620 0.23828980 0.38740083 0.21347478 0.20953972 0.22658235 0.35886415 0.19155179 0.19277157 0.19591037 0.23823640 0.24866846 0.29006417 0.29035289 0.30862154 0.39756255 0.21226844 0.20472947 0.22472239 0.20731952 0.16034346 0.21751967 0.20323001 0.21998279 0.31216368 0.36445609 0.19691287 0.22822519 0.42174156 0.33115592 0.48314740 0.21985502 0.14291532 0.15979151 0.17875155 0.29501943 0.25445607 0.29857898 0.28438104 0.32303541 0.22183707 0.21948566 0.31037187 0.30463312 0.28780737 0.21803730 0.33484242 0.21355550 0.18858532 0.19841425 0.34922000 0.19323413 0.14658833 0.24109477 0.26191764 0.16443257 0.15259800 0.26433000 0.23732419 0.15034030 0.25605254 
0.28181504 0.33963415 0.28071648 0.33855073 0.30061547 0.35744934 0.28188898 0.30245817 0.27014336 0.40234867 0.30510595 0.46129489 0.00000000 0.68187535 0.52674110 0.51732219 0.44811159 0.42215094 0.36228450 0.40868677 0.31018753 0.33842299 0.24336452 0.18285859 0.29653609 0.19804715 0.53437923 0.33960442 0.27686000 0.32373603 0.42810240 0.28255989 0.31693035 0.33045676 0.25072656 0.27639996 0.19237979 0.27307745 0.28633363 0.36336041 0.33224054 0.28047143 0.31826097 0.19491814 0.26917322 0.29662699 0.18689871 0.19856294 0.28113936 0.26172271 0.31548181 0.19665146 0.21593672 0.21588746 0.34212668 0.22077479 0.28211865 0.38229429 0.22851231 0.31080001 0.25527269 0.26475016 0.34494144 0.27299768 0.22956757 0.23206244 0.24208936 0.36543294 0.26629635 0.18385332 0.29499916 0.24870831 0.25004634 0.30334677 0.19779271 0.26612033 0.26177543 0.17334147 0.27009881 0.31986264 0.18248707 0.19465875 0.23669102 0.34700695 0.21889023 0.24416102 0.19186339 0.21069533 0.19779345 0.22046550 0.18328710 0.21508259 0.26205738 0.22288599 0.17046641 0.20290503 0.23880431 0.25433287 0.26973227 0.23269168 0.34696030 0.32307271 0.36198638 0.18361867 0.38158225 0.22990556 0.18499766 0.24971193 0.26451409 0.22528798 0.17925793 0.18867728 0.19303633 0.18459765 0.31964621 0.25714858 0.29567927 0.31139056 0.27257272 0.26457970 0.27153582 0.30890759 0.17422719 0.23492074 0.12459898 0.22134381 0.29887097 0.32100419 0.21930242 0.10568437 0.29866982 0.35202588 0.24835211 
0.32906165 0.32648324 0.31248566 0.35520380 0.32827175 0.29857809 0.33722771 0.33734135 0.30504619 0.55981441 0.43922645 0.53762050 0.68187535 0.00000000 0.55386317 0.43516267 0.41407067 0.28985233 0.24017209 0.36225828 0.38842704 0.26757457 0.40842191 1.12382016 0.36061099 0.22380306 1.09903929 0.39692223 0.29288008 0.26897845 0.31378714 0.27563758 0.15477785 0.28934438 0.28119670 0.22565303 0.20771832 0.25670948 0.30942401 0.28621186 0.30609399 0.21336946 0.23053939 0.31255172 0.30092608 0.21302185 0.26156047 0.25572676 0.26370365 0.19849038 0.23620020 0.21596941 0.17451450 0.32210851 0.13839253 0.18816226 0.25166679 0.25504716 0.24377482 0.35379965 0.25673359 0.19418088 0.21146625 0.23860799 0.17586471 0.35485570 0.24791878 0.25174230 0.30857252 0.21113477 0.20581666 0.17181194 0.06350700 0.17046874 0.26154308 0.16854546 0.18135711 0.30245519 0.21407908 0.13720166 0.15485659 0.11126068 0.27563905 0.13446996 0.19675972 0.22315676 0.29841302 0.23079123 0.25322474 0.15390903 0.28608827 0.12397019 0.33650673 0.19525917 0.26195506 0.20970053 0.39430842 0.28779987 0.38874381 0.15165574 0.29173190 0.25996957 0.20713413 0.29752682 0.30729108 0.20429257 0.16434112 0.31964542 0.27676010 0.21421778 0.27709373 0.27104388 0.27709991 0.23446232 0.28131211 0.25110959 0.20400903 0.24230912 0.25890827 0.33894072 0.18902836 0.32721026 0.35610811 0.17931702 0.26088903 0.31901862 0.29522712 0.20909726 0.20193017 0.29070598 0.14147620 0.21935331 0.23243473 
0.31079846 0.30072219 0.26623158 0.31904941 0.30131399 0.33407554 0.30813687 0.37867843 0.41269964 0.39513289 0.62623706 0.46704084 0.52674110 0.55386317 0.00000000 0.51557879 0.56330590 0.35216664 0.24946742 0.43995948 0.36768762 0.27310532 0.31586706 0.34555420 0.25172779 0.19934978 0.23358221 0.33811571 0.18150032 0.16286734 0.24573071 0.42684754 0.27973903 0.31938938 0.35119254 0.22489456 0.32267707 0.33413146 0.26676854 0.29502715 0.29404419 0.28870012 0.32215580 0.28134879 0.20539058 0.21600725 0.23760214 0.36855078 0.31180658 0.30758513 0.26828614 0.11511561 0.30946650 0.26833960 0.14306500 0.20833895 0.21670478 0.20682225 0.31755154 0.38076366 0.23204931 0.23624895 0.27605053 0.22653322 0.21508737 0.39397203 0.25353226 0.41255539 0.24800085 0.21043707 0.19321972 0.36752076 0.15045839 0.27434686 0.52108050 0.31464191 0.33070605 0.28808075 0.27574445 0.16372973 0.22832605 0.16616698 0.25977233 0.23981024 0.24997743 0.19460071 0.23653695 0.27319071 0.37890898 0.14666457 0.23377598 0.15950274 0.16296487 0.21061067 0.35739857 0.15006170 0.27982914 0.21171447 0.34571386 0.18622988 0.40489705 0.21820103 0.22805039 0.21816854 0.13204537 0.30167461 0.30730953 0.29154620 0.34891574 0.08748325 0.21652652 0.25954623 0.12341543 0.25567635 0.36617082 0.27470861 0.22099517 0.28435449 0.30761146 0.25462258 0.24795470 0.26953328 0.31835036 0.24200780 0.17599748 0.33724636 0.22085563 0.26106659 0.18082405 0.27774240 0.27299577 0.18552522 0.25625480 
0.24781715 0.25637975 0.27331931 0.24098510 0.34725508 0.28013111 0.30964556 0.26516961 0.40273625 0.25177951 0.27290093 0.58410701 0.51732219 0.43516267 0.51557879 0.00000000 0.73482264 0.57225805 0.39673380 0.33205319 0.38582799 0.39128841 0.23297058 0.24853726 0.28179968 0.27143863 0.20819467 0.21153798 0.26982123 0.25999120 0.37853127 0.27267703 0.27410258 0.34632498 0.25372974 0.26283317 0.33674714 0.25206402 0.27597448 0.19269866 0.23068321 0.28424769 0.29917939 0.21111728 0.23232634 0.22994165 0.25272236 0.23238714 0.31845887 0.19619252 0.23489878 0.27929318 0.26533346 0.28435611 0.17720234 0.26376584 0.62853624 0.23162209 0.19218167 0.24817592 0.29594187 0.20234629 0.27034323 0.35731198 0.27476628 0.23754163 0.27736848 0.22663576 0.20950172 0.27780326 0.17177016 0.23586911 0.19693337 0.27143222 0.28655717 0.30245428 0.28593020 0.53711181 0.20946047 0.14632739 0.26860845 0.19445598 0.24509429 0.38393357 0.20669697 0.30269876 0.31720135 0.34987357 0.25923860 0.17394376 0.33487780 0.26882779 0.26309351 0.21491494 0.22625228 0.23044640 0.27092553 0.14620159 0.18668677 0.19593376 0.11516606 0.19290620 0.45044233 0.33858718 0.29883326 0.16046006 0.25649759 0.24862451 0.31360732 0.17380934 0.42987119 0.19187790 0.27993080 0.24692657 0.37840120 0.24067299 0.28975186 0.21310652 0.26542594 0.25796609 0.22662781 0.19418022 0.28308804 0.33103779 0.24421887 0.30105165 0.36830416 0.32319965 0.26829127 0.25091700 0.20998133 0.23759696 0.28089313 
0.24830429 0.28405510 0.28036288 0.28804464 0.26254964 0.33866804 0.28206554 0.27220375 0.25460821 0.35540473 0.34630052 0.34500149 0.44811159 0.41407067 0.56330590 0.73482264 0.00000000 0.60516214 0.56240995 0.64700835 0.33580081 0.29730685 0.28233973 0.38786395 0.29620045 0.20183318 0.24366321 0.31809528 0.24952920 0.30261979 0.29888478 0.31609491 0.24621115 0.29348999 0.31610864 0.25796647 0.30347404 0.28950498 0.24942689 0.37699068 0.33017728 0.26236453 0.21675787 0.21614193 0.30950534 0.23495993 0.28302023 0.20866287 0.27079568 0.19551813 0.30870105 0.25881530 0.16291321 0.22726313 0.20476369 0.30085458 0.32003154 0.24259375 0.32456485 0.27661857 0.33230346 0.31349057 0.31756068 0.20829510 0.17059753 0.29099107 0.30076066 0.24850467 0.25877380 0.24144659 0.30182021 0.26813592 0.32554100 0.39445639 0.28973664 0.20285342 0.48271745 0.43084872 0.23435405 0.13131321 0.10732026 0.22183565 0.10998531 0.21623553 0.24471854 0.22149692 0.35095612 0.25903560 0.28095415 0.16123929 0.30948629 0.10439607 0.26791745 0.27642379 0.27765638 0.20722071 0.21382434 0.16897645 0.18913267 0.23886579 0.21964358 0.26299928 0.31640588 0.27009752 0.24926517 0.32316692 0.25546469 0.34456820 0.26950597 0.26296841 0.29484553 0.25350309 0.26450119 0.22380952 0.27484239 0.21626488 0.18192179 0.16105168 0.26218940 0.26805348 0.28808885 0.16792461 0.29577106 0.20446666 0.27387654 0.21617426 0.33598887 0.21608910 0.23651765 0.33750100 0.24032931 0.29483380 0.26786884 
0.28078934 0.28372657 0.24853874 0.24833769 0.26566503 0.35588321 0.27492450 0.24935403 0.30760906 0.25386227 0.31886666 0.45674730 0.42215094 0.28985233 0.35216664 0.57225805 0.60516214 0.00000000 0.70842077 0.54441695 0.52232034 0.36596598 0.31617969 0.25943689 0.28529170 0.33394384 0.36182940 0.37732818 0.26417961 0.24812858 0.21042257 0.25173720 0.27410091 0.23453301 0.25247638 0.17598213 0.20227114 0.39459971 0.27798105 0.26730424 0.20553888 0.17130067 0.17073213 0.19925359 0.26917528 0.25624408 0.18081085 0.25245813 0.21551572 0.28880280 0.25654634 0.26227283 0.30362900 0.23660269 0.32207649 0.11756271 0.39455176 0.28996247 0.40486790 0.26125126 0.32843388 0.19844059 0.22078188 0.35224498 0.20990168 0.19727520 0.22072543 0.32420943 0.39705736 0.31908812 0.26965584 0.25195821 0.24916557 0.21434678 0.15743746 0.19789739 0.32917028 0.51780296 0.32390239 0.23535406 0.40492581 0.14166546 0.27967959 0.25795428 0.38651337 0.24865243 0.27409343 0.40401875 0.28185360 0.34356891 0.21317295 0.23183911 0.09841270 0.22468652 0.22912773 0.19763122 0.31393893 0.23312953 0.24401440 0.08897939 0.31302474 0.19558907 0.31542788 0.17545241 0.25538963 0.20322766 0.31466484 0.23370521 0.20666971 0.22005905 0.20294422 0.28902910 0.20005041 0.17853697 0.07871510 0.10039899 0.17772669 0.22709468 0.27064521 0.54537552 0.29210239 0.17514081 0.62905775 0.51236252 0.32327630 0.22118610 0.32284611 0.26813065 0.15244641 0.26315959 0.15533707 0.35805621 0.20885059 
0.26669795 0.25993326 0.24842472 0.22132744 0.21438775 0.27372820 0.34072136 0.19597805 0.20124288 0.13667209 0.13224328 0.21536775 0.36228450 0.24017209 0.24946742 0.39673380 0.56240995 0.70842077 0.00000000 0.48963909 0.48124162 0.37108128 0.34976303 0.25697383 0.25212849 0.24928331 0.55542162 0.15848632 0.31701571 0.39684234 0.36692223 0.24736380 0.21978872 0.27742470 0.30588639 0.22522906 0.18365668 0.20184546 0.28782789 0.22266953 0.22639422 0.33244563 0.27622265 0.25968580 0.23386089 0.22715153 0.26992440 0.24745896 0.20470240 0.26128095 0.28998610 0.21069183 0.23464638 0.26502373 0.29502262 0.34160421 0.48750940 0.33966313 0.37444985 0.26298769 0.32660092 0.22981856 0.18684041 0.16803747 0.23164092 0.20942911 0.22065918 0.12589467 0.26815691 0.24425814 0.28430556 0.25935222 0.29749550 0.28462471 0.28102781 0.33902913 0.26094811 0.35462014 0.40654325 0.31919187 0.26202679 0.38322224 0.32176027 0.28390631 0.29716569 0.16060115 0.15691268 0.25617791 0.19307645 0.26072328 0.16659506 0.37906208 0.22725262 0.28071026 0.25187571 0.27905523 0.15956103 0.26787503 0.24213604 0.32044505 0.19769739 0.25393056 0.35455450 0.25691099 0.43046395 0.25287620 0.29646791 0.34758891 0.21955888 0.28508152 0.18133145 0.34247147 0.24989158 0.27074977 0.27033022 0.29735350 0.31177994 0.31432083 0.24644339 0.32459507 0.26521576 0.21805826 0.29614052 0.34388880 0.28560304 0.36487308 0.34823985 0.32552319 0.28168046 0.17389442 0.14249187 0.23129297 0.22477188 
0.26502950 0.28476031 0.31122431 0.29788780 0.27009655 0.25511684 0.30914243 0.28212046 0.22746515 0.33558114 0.25291521 0.26936014 0.40868677 0.36225828 0.43995948 0.33205319 0.64700835 0.54441695 0.48963909 0.00000000 0.91705102 0.38646240 0.26290775 0.37455514 0.34868770 0.35154018 0.31364135 0.36921327 0.33272652 0.23914516 0.33201680 0.27736429 0.27813248 0.23899942 0.31646559 0.26699436 0.23728169 0.34322585 0.18373802 0.32120175 0.23911172 0.24924858 0.27853832 0.27837842 0.22048755 0.26732882 0.28268296 0.23822433 0.28833678 0.21744295 0.26903521 0.27225213 0.32917443 0.34136608 0.15648029 0.16561219 0.22015510 0.19965959 0.28520165 0.34241140 0.21783364 0.25867275 0.23084943 0.18733270 0.24016331 0.23014120 0.28846351 0.26823087 0.32557673 0.30442278 0.21506503 0.31457977 0.24003786 0.26003749 0.31296919 0.21735561 0.27034975 0.34779658 0.26301310 0.26110366 0.25459122 0.22794434 0.24566600 0.18592113 0.29292209 0.27060293 0.32087475 0.26753224 0.31318408 0.20623312 0.23149145 0.24131764 0.25641775 0.20057301 0.31565873 0.26770843 0.29244062 0.15721142 0.21780193 0.19825212 0.28285216 0.24239423 0.20194315 0.16548627 0.30405893 0.28568198 0.26515874 0.29471292 0.27675741 0.30699179 0.31243536 0.25457212 0.13577368 0.23513850 0.26029166 0.29670941 0.16517955 0.38886887 0.40312516 0.23350619 0.25596419 0.29683331 0.36410786 0.26721888 0.25970445 0.38353545 0.17673774 0.18809798 0.24711009 0.31085190 0.20983098 0.21428081 0.26496224 
0.29030180 0.29276098 0.30329039 0.28499978 0.25658022 0.29688057 0.31256415 0.35547562 0.24116813 0.33805453 0.39207032 0.27178458 0.31018753 0.38842704 0.36768762 0.38582799 0.33580081 0.52232034 0.48124162 0.91705102 0.00000000 0.33364063 0.41369879 0.31775953 0.30803089 0.35665991 0.34985315 0.32166061 0.26158331 0.28253709 0.26168833 0.31243356 0.26365257 0.23976232 0.30602506 0.29671754 0.28129589 0.25899499 0.25706595 0.29147196 0.32186314 0.18450549 0.30741160 0.28536264 0.26464606 0.16641118 0.32838255 0.18026204 0.29494192 0.22364370 0.35034263 0.23318917 0.37251732 0.20170592 0.17366475 0.16738985 0.30700288 0.15896035 0.30241724 0.25444311 0.26145010 0.28008965 0.22722638 0.24104123 0.24830755 0.23764828 0.30924726 0.30782079 0.39872826 0.17079715 0.31038357 0.30689994 0.24695643 0.31635306 0.28935464 0.22745260 0.28192455 0.25380964 0.19938221 0.18252734 0.25590751 0.18764471 0.21195317 0.32444301 0.25699495 0.27893652 0.28658301 0.21103661 0.28476291 0.19586848 0.17975067 0.15589312 0.21249055 0.14269071 0.25459041 0.18234651 0.29271480 0.13597614 0.34802790 0.14966068 0.23374883 0.22174328 0.22533590 0.27657789 0.21696049 0.26665174 0.15301856 0.36763114 0.24440299 0.15478299 0.27813191 0.31446199 0.26447895 0.40728954 0.15573757 0.24861451 0.27752421 0.24388560 0.35872271 0.34819491 0.17353925 0.40534130 0.75957882 0.24173389 0.35752858 0.40374156 0.40642866 0.32540139 0.29451616 0.20417026 0.17483664 0.18996612 0.25126579 
0.25748310 0.24315649 0.27211002 0.29202463 0.31811013 0.24262098 0.28049603 0.25256779 0.27226844 0.35137532 0.19875309 0.28636028 0.33842299 0.26757457 0.27310532 0.39128841 0.29730685 0.36596598 0.37108128 0.38646240 0.33364063 0.00000000 0.62107897 0.27368314 0.36758842 0.97304873 0.63052811 0.33555147 0.34001449 0.36901003 0.30412357 0.33493780 0.33792093 0.29682170 0.26733508 0.23874282 0.30164981 0.22658911 0.27542967 0.28289268 0.17882108 0.21774905 0.33300530 0.29138175 0.24679399 0.24698416 0.28286503 0.20223983 0.22333622 0.23498101 0.27414824 0.26273349 0.30367472 0.28201548 0.34832340 0.15511373 0.27320852 0.27931021 0.16808926 0.31599645 0.22255732 0.18359818 0.22304660 0.25587708 0.25372697 0.17915347 0.29958897 0.21349129 0.26491650 0.19086221 0.32653272 0.29473891 0.14553893 0.27572202 0.14572472 0.17963162 0.24332467 0.24743870 0.22465676 0.30884343 0.20747667 0.22284896 0.20682749 0.23926187 0.23149134 0.24485585 0.24753663 0.20072035 0.16259586 0.38774669 0.19045369 0.23585374 0.29843112 0.19592980 0.23151057 0.24472885 0.25664826 0.27145537 0.23130464 0.18706940 0.30345022 0.26919571 0.36877364 0.20199684 0.23149527 0.32266653 0.24847238 0.19173900 0.19969636 0.31000772 0.36014421 0.21483037 0.44555131 0.26690627 0.29010415 0.26981564 0.38131417 0.31418371 0.28096344 0.39866474 0.27690273 0.40194832 0.33782312 0.31439545 0.14069571 0.28641014 0.26004942 0.16160402 0.27881174 0.21499282 0.27438041 0.37918168 0.23712234 
0.29463893 0.29256978 0.31639678 0.27695515 0.24745251 0.30864596 0.27588116 0.32365474 0.33401278 0.36795759 0.34986595 0.27154504 0.24336452 0.40842191 0.31586706 0.23297058 0.28233973 0.31617969 0.34976303 0.26290775 0.41369879 0.62107897 0.00000000 0.96421870 0.75343182 1.58111193 0.48237156 0.45375871 0.34380148 0.41990578 0.23493782 0.29255328 0.20473758 0.20413893 0.38403497 0.22629846 0.33646868 0.23611206 0.24246055 0.27222996 0.23410040 0.20519688 0.29049322 0.21465581 0.28544286 0.17671095 0.22502489 0.15974311 0.30216046 0.23176355 0.29608087 0.38290132 0.28842680 0.28022327 0.10630976 0.23574947 0.16427772 0.26081449 0.21606412 0.29774382 0.28565318 0.32885927 0.21006777 0.15675517 0.17338471 0.24776369 0.23489991 0.33202350 0.34543630 0.17857581 0.22379174 0.24252989 0.19791298 0.25523674 0.25612384 0.26492575 0.14723799 0.20337559 0.16710667 0.12629246 0.29680486 0.26273755 0.15152325 0.18951466 0.21869878 0.16845007 0.24607090 0.30900788 0.21641758 0.19136909 0.15433562 0.17153398 0.16127173 0.24411851 0.16152317 0.40829173 0.08199409 0.18081992 0.26690817 0.23193356 0.28821403 0.15425932 0.08882548 0.10118399 0.29723709 0.25568282 0.12977160 0.23100965 0.15158100 0.39580804 0.25649270 0.33153631 0.25703303 0.16800410 0.28246576 0.25422903 0.44750042 0.37537776 0.56244486 0.27841998 0.35279738 0.23620853 0.36387453 0.17157820 0.27525525 0.34719498 0.21516707 0.20843237 0.26731349 0.26968906 0.18646482 0.27068884 0.22405538 
0.30732314 0.28531212 0.26308384 0.34186507 0.31344461 0.33353453 0.38763457 0.36213136 0.30981006 0.46539280 0.37516626 0.42543131 0.18285859 1.12382016 0.34555420 0.24853726 0.38786395 0.25943689 0.25697383 0.37455514 0.31775953 0.27368314 0.96421870 0.00000000 0.62018493 0.27997902 0.59467617 0.72889395 0.28066986 0.18870734 0.26574141 0.42702091 0.29883251 0.19281787 0.35379496 0.33144463 0.33108932 0.27166823 0.18590711 0.25402388 0.21101449 0.33210206 0.29420859 0.30839021 0.31049773 0.19450557 0.26581325 0.18370506 0.24592280 0.38141125 0.31666276 0.24585802 0.20228882 0.22632138 0.16557769 0.23753153 0.16774090 0.23124061 0.21114516 0.26026610 0.25117927 0.12950836 0.23833017 0.21663900 0.21192477 0.25137605 0.25637860 0.33013543 0.31635118 0.24582169 0.29688432 0.31112587 0.11346673 0.31450049 0.27401479 0.33681367 0.22256434 0.19547283 0.23204713 0.15076522 0.11602019 0.27935332 0.18386477 0.25505712 0.28332313 0.34556240 0.22901640 0.38050663 0.34769143 0.11363397 0.23657151 0.12497587 0.17340619 0.26676742 0.19829296 0.20045786 0.27702422 0.21790874 0.40765420 0.13389345 0.15821610 0.37183427 0.18882667 0.12864638 0.25409403 0.26560735 0.12085346 0.39663017 0.27000495 0.20716017 0.20385415 0.30101098 0.15626325 0.34192451 0.30981493 0.44865936 0.18782601 0.27785208 0.24380795 0.31260501 0.19451382 0.29662944 0.34441428 0.25121143 0.14384317 0.29790771 0.23459316 0.16099501 0.09991562 0.21901361 0.17168405 0.29639461 0.25391690 
0.29672111 0.29810399 0.28367915 0.29657250 0.30871499 0.29966874 0.31373216 0.29027363 0.35697198 0.37111658 0.37943650 0.30862234 0.29653609 0.36061099 0.25172779 0.28179968 0.29620045 0.28529170 0.25212849 0.34868770 0.30803089 0.36758842 0.75343182 0.62018493 0.00000000 0.58840150 0.39589182 0.64867275 0.55246232 0.23998996 0.38648193 0.44531513 0.30498318 0.23933788 0.38272386 0.23620549 0.25450103 0.24816740 0.27610130 0.36627229 0.33597429 0.27981130 0.22261698 0.30096716 0.26247895 0.21492294 0.24158385 0.15754606 0.29835947 0.28528687 0.23701539 0.16985951 0.34834038 0.30963934 0.17359631 0.21807528 0.15929541 0.21329101 0.26427190 0.36603598 0.26127621 0.23444073 0.21535343 0.28640301 0.20738984 0.20963150 0.22348813 0.34103066 0.25046005 0.28405173 0.32811328 0.13963869 0.17099869 0.22762359 0.27181433 0.23677662 0.11058841 0.34111585 0.19703676 0.11280925 0.18980958 0.24403864 0.18465338 0.23770524 0.27052285 0.31389186 0.27005872 0.28619234 0.29108368 0.21246498 0.21298249 0.11359364 0.24012772 0.23564343 0.30511854 0.14419526 0.27241871 0.24491645 0.29111850 0.19558546 0.25473855 0.23380886 0.19442031 0.27824229 0.19674687 0.32354965 0.25460971 0.47276978 0.23670740 0.22950878 0.33495860 0.42268468 0.28895148 0.31246746 0.31567698 0.39422765 0.32200665 0.30723884 0.38772986 0.23794024 0.34545599 0.22831992 0.18709670 0.17851461 0.22109851 0.29713454 0.18041750 0.20504969 0.21282106 0.27719498 0.21374821 0.19723473 0.27043939 
0.27387998 0.26046321 0.24377648 0.29653503 0.26197767 0.32057014 0.25032701 0.25806010 0.31947105 0.31036733 0.31395522 0.28398045 0.19804715 0.22380306 0.19934978 0.27143863 0.20183318 0.33394384 0.24928331 0.35154018 0.35665991 0.97304873 1.58111193 0.27997902 0.58840150 0.00000000 0.48904391 0.39769967 0.64868546 0.22471870 0.35287676 0.40971620 0.28776934 0.20523917 0.21522758 0.16072765 0.31497405 0.20640174 0.22647073 0.22173676 0.21886531 0.16417227 0.16367820 0.21576608 0.30720271 0.06086532 0.19804574 0.27004727 0.20527903 0.20426547 0.23727439 0.19240621 0.27627605 0.19110368 0.30198101 0.24303329 0.24270764 0.14738464 0.26494571 0.27798688 0.22758410 0.27370608 0.18080525 0.20573213 0.14763336 0.17233232 0.30876399 0.30241422 0.24587824 0.23140978 0.33643202 0.15520920 0.23418182 0.17939315 0.40406858 0.32639020 0.11909954 0.41318971 0.33266497 0.23777843 0.11884684 0.19785755 0.21979330 0.19855071 0.21744351 0.19677496 0.19664362 0.23659586 0.27251471 0.20584816 0.20063692 0.13478418 0.20701732 0.11665453 0.20712293 0.19338162 0.17804142 0.20469822 0.32436286 0.17981401 0.22223150 0.08418776 0.22165198 0.18744051 0.18267060 0.22948993 0.22036038 0.27572033 0.32570156 0.15043826 0.23562318 0.37110371 0.42025609 0.38876719 0.28640609 0.29076190 1.12391443 0.37092222 0.89906522 0.54482359 0.28286012 0.18304851 0.50276949 0.32321110 0.31473850 0.20290073 0.22679600 0.25362654 0.21707070 0.25276761 0.14860210 0.27515807 0.27769736 
0.28257943 0.27782378 0.21805699 0.32052088 0.24088380 0.30692933 0.32427940 0.23102874 0.22761708 0.48708028 0.24628433 0.28733609 0.53437923 1.09903929 0.23358221 0.20819467 0.24366321 0.36182940 0.55542162 0.31364135 0.34985315 0.63052811 0.48237156 0.59467617 0.39589182 0.48904391 0.00000000 0.42173976 0.40272811 0.43430873 0.65915111 0.40339785 0.25631031 0.26928011 0.33478868 0.25346920 0.27340654 0.11691009 0.20061312 0.38729358 0.26932835 0.27636769 0.20680800 0.21109831 0.32157090 0.20608511 0.21600070 0.33306676 0.22287679 0.32163472 0.32668610 0.12002237 0.27471468 0.16891334 0.25620635 0.32511043 0.25030487 0.24093429 0.21801214 0.20242270 0.25055578 0.08348921 0.17927011 0.26275033 0.27446760 0.22102100 0.18434321 0.18641817 0.25607641 0.24533513 0.22119546 0.20532652 0.20915231 0.30984960 0.19588014 0.24081872 0.37670141 0.28436849 0.25637551 0.17552275 0.17501186 0.18795103 0.26122151 0.33415841 0.15353671 0.20319180 0.21677995 0.28929362 0.24882184 0.24957486 0.23044696 0.23098470 0.20062906 0.30134290 0.21834804 0.27511413 0.27039373 0.18973389 0.22276355 0.09881361 0.25357733 0.17462883 0.31478225 0.29694319 0.37775869 0.18379393 0.27456410 0.21029427 0.31848881 0.26223082 0.24796559 0.23409335 0.23975377 0.33554515 0.27021618 0.27881668 0.22791364 0.16794413 0.31512476 0.29557459 0.29379914 0.27535727 0.39461219 0.23680689 0.18529222 0.29864511 0.34982285 0.20831560 0.22199665 0.29890820 0.21460904 0.25313984 0.28444195 
