0.00000000 0.08179407 0.08920999 0.07571659 0.07300989 0.05698149 0.04322831 0.05993797 0.05349629 0.04796252 0.05743062 0.05726181 0.04761107 0.05619969 0.05664619 0.04810095 0.05326688 0.05120235 0.06302220 0.07057419 0.06169025 0.07042585 0.07991611 0.07293386 0.05533773 0.05795185 0.04839231 0.04257743 0.04577038 0.04419698 0.04712370 0.05070191 0.05343809 0.06097595 0.04337731 0.04366270 0.05708150 0.06958386 0.06524934 0.05980231 0.04660609 0.05372165 0.04398613 0.04511844 0.05293745 0.05346895 0.05651564 0.04174673 0.04667381 0.05666267 0.05422353 0.05804423 0.04984480 0.05149914 0.06641673 0.05999446 0.07351832 0.05971128 0.05653122 0.04477716 0.05383975 0.05801607 0.03857735 0.04498137 0.06077536 0.05556580 0.04506591 0.04886282 0.04886146 0.05044054 0.05690887 0.04132039 0.05909300 0.06123773 0.04615980 0.04280492 0.05770082 0.05574341 0.06370332 0.05625133 0.04494771 0.05870501 0.05692610 0.04466720 0.04335723 0.06118463 0.05742434 0.06098350 0.07014008 0.06388988 0.04524512 0.05376222 0.06007867 0.06053882 0.05370862 0.06663132 0.06720638 0.06160510 0.07016068 0.07061016 0.07291133 0.07011628 0.05792581 0.06396073 0.06685474 0.06643732 0.05738532 0.05694414 0.05205496 0.05475724 0.06155188 0.05330726 0.05310442 0.08342553 0.05601976 0.04965828 0.05664851 0.06648106 0.05723798 0.04710257 0.04418320 0.06131587 0.05388349 0.05397496 0.06193012 0.05219428 0.05745258 0.05508989 0.04425223 0.06408327 0.06238006 0.06195963 0.06338328 0.04590124 0.05191525 0.04377461 0.05394754 0.06197367 0.04965825 0.04411132 0.06020524 0.05141558 0.05756067 0.04814421 0.04902746 0.04386045 0.04892074 0.05575071 0.05587149 0.06399653 0.05595968 0.05333844 0.05817806 0.04957371 0.05450391 0.05971280 0.06305693 0.05042807 0.04539347 0.04859361 0.05971458 0.04563333 0.04227539 0.05677860 0.06380858 0.05894890 0.06417534 0.04753575 0.04642068 0.05090509 0.05749504 0.05818386 0.06091144 0.04159440 0.04366204 0.05650009 0.06058513 0.04714583 0.04696376 0.05166344 0.04149594 0.04594285 0.05196356 0.05537423 0.05415615 0.06217646 0.05257719 0.04586524 0.06621689 0.04795537 0.05269009 0.06662858 0.07094513 0.06120839 0.07332338 0.07395482 0.06566589 0.07482151 0.09058199 0.09274214 
0.08179407 0.00000000 0.07807993 0.08086587 0.06610618 0.05877964 0.04716833 0.06313210 0.05335450 0.04539176 0.06099386 0.05618215 0.05929078 0.05503954 0.05330203 0.04998685 0.05026653 0.05215589 0.05541902 0.06718357 0.06126243 0.07192690 0.07194428 0.06926102 0.05297098 0.05542725 0.04666153 0.04428076 0.04687852 0.05183082 0.04892038 0.04816428 0.05214351 0.05632219 0.04914939 0.04174283 0.05641808 0.05177046 0.06660408 0.06093685 0.04767578 0.06532011 0.04445892 0.04912195 0.05000864 0.06010455 0.05456568 0.04598180 0.04950980 0.05767077 0.05437357 0.05520429 0.04392374 0.05056275 0.05743114 0.05385639 0.06043676 0.05400077 0.05900469 0.04220941 0.05397112 0.06675004 0.04425413 0.04345196 0.05858055 0.06323308 0.04483962 0.05557098 0.05374585 0.05040721 0.06254855 0.04431057 0.05524455 0.06531148 0.04788055 0.04372291 0.05481462 0.05594336 0.04893091 0.05542927 0.04435248 0.05258077 0.04955445 0.04941090 0.04570433 0.05030138 0.05288143 0.06039540 0.06581619 0.05900419 0.04267155 0.05624201 0.05761891 0.05863975 0.05187290 0.07031376 0.06616749 0.06157808 0.07505367 0.07180369 0.07515714 0.06670623 0.06540166 0.05386451 0.05479072 0.07202272 0.05472417 0.05504931 0.05069351 0.05952268 0.05994226 0.05219937 0.05298127 0.07165800 0.06201125 0.05485759 0.04843008 0.06232000 0.05662149 0.05211588 0.05193554 0.05439587 0.05803468 0.05882667 0.06260982 0.04874005 0.07094310 0.06005597 0.04074428 0.06057992 0.06390461 0.06316319 0.04837402 0.05016410 0.05427806 0.04817664 0.05232030 0.06109970 0.04552196 0.04973990 0.05886816 0.05370672 0.05879320 0.05003018 0.05617578 0.04417272 0.05573391 0.06117317 0.05779260 0.06853275 0.05918611 0.05699263 0.06143002 0.05276457 0.05388733 0.05444175 0.05619171 0.05535670 0.05216431 0.05154488 0.04983751 0.05393334 0.04680310 0.05618489 0.05050389 0.06328993 0.05801478 0.04444866 0.04610696 0.05183318 0.05638232 0.05351032 0.05786519 0.04289660 0.05332605 0.05550794 0.05886926 0.05277222 0.05269368 0.05751729 0.04746344 0.04410259 0.06232637 0.05796639 0.04445688 0.05391360 0.05864575 0.05135674 0.05775174 0.05173159 0.06531027 0.07239138 0.07371894 0.06868790 0.07958067 0.07349011 0.06570803 0.07487959 0.07831224 0.08199869 
0.08920999 0.07807993 0.00000000 0.09673890 0.08167816 0.06431972 0.05245783 0.06492780 0.05526859 0.05558776 0.06025768 0.05160827 0.06236494 0.04945470 0.05767026 0.03718561 0.04938085 0.04660011 0.05829658 0.06842197 0.05422292 0.06568058 0.07456016 0.07390837 0.06343497 0.06096984 0.03936109 0.04956753 0.04258565 0.04331068 0.04864653 0.05151966 0.05710819 0.05999080 0.05990020 0.04884403 0.06035002 0.05048590 0.04969572 0.06203495 0.04518821 0.06252214 0.04131702 0.05086027 0.05177939 0.05060364 0.05293738 0.05397939 0.05336076 0.05803634 0.05788869 0.06644039 0.04879185 0.05205639 0.06002441 0.05721109 0.06628057 0.04671266 0.05733507 0.04819238 0.05119208 0.06052203 0.05994857 0.04655662 0.05678817 0.05227587 0.05289971 0.06119723 0.05029443 0.04856009 0.05656378 0.04851999 0.06179936 0.05716934 0.04666252 0.04858302 0.05471160 0.07509447 0.04955918 0.05556707 0.04948727 0.05741096 0.06005024 0.05533874 0.04708699 0.06016325 0.05631965 0.05860355 0.06370778 0.06163905 0.04361619 0.05743932 0.06102497 0.06101103 0.06140791 0.05111291 0.05360167 0.04892385 0.06150519 0.05744094 0.06309895 0.05384471 0.05695961 0.06120312 0.05656292 0.07312564 0.05630541 0.05064593 0.05901073 0.05820356 0.05916428 0.06499947 0.05361398 0.07172142 0.05744167 0.04292052 0.05459080 0.06204479 0.05666569 0.05386657 0.05700456 0.05421597 0.05186561 0.05996021 0.05877453 0.05617546 0.05781292 0.05325130 0.04828608 0.04564602 0.04992800 0.05175409 0.05346142 0.04883741 0.05626335 0.04544872 0.05049482 0.05664788 0.05614581 0.05559507 0.05598033 0.06008367 0.05756387 0.05033228 0.05216912 0.04380371 0.04732955 0.05350479 0.05634135 0.05913904 0.05530270 0.05381512 0.05004499 0.05530737 0.04602170 0.06643319 0.05468620 0.05220035 0.06135610 0.05688477 0.05359966 0.04618885 0.04847875 0.05421190 0.05720780 0.06246173 0.06307412 0.05800668 0.04556005 0.05900742 0.05194883 0.05541833 0.06131398 0.04347398 0.05520424 0.05008142 0.05967693 0.05806165 0.05533453 0.05165638 0.05542677 0.04802902 0.05424132 0.05213683 0.06114128 0.06352537 0.05705183 0.05264930 0.05370349 0.03926905 0.05835939 0.06174287 0.06774233 0.06511486 0.07022849 0.07006736 0.06489637 0.07278633 0.08670457 0.08377342 
0.07571659 0.08086587 0.09673890 0.00000000 0.08960395 0.06952054 0.04663464 0.06571994 0.05067668 0.05637640 0.05682560 0.04724211 0.04920562 0.06146163 0.06416718 0.04413257 0.05618788 0.05299178 0.05111081 0.06196806 0.07180077 0.06334476 0.07682059 0.07100319 0.04998070 0.05429133 0.04714295 0.05023427 0.03223321 0.03869413 0.05286124 0.06095165 0.07223480 0.05004383 0.04637989 0.04229541 0.05207967 0.04716682 0.06943437 0.06416905 0.05515529 0.06461003 0.05523627 0.05103470 0.04802153 0.05967557 0.05584672 0.04708809 0.04741743 0.05104151 0.05917414 0.06033743 0.04265324 0.03913733 0.06008832 0.04609745 0.06626362 0.04128518 0.05469306 0.04898804 0.04608722 0.06378399 0.04362377 0.05029738 0.05592944 0.05527054 0.03928636 0.06084326 0.05606040 0.04988840 0.05948628 0.04274784 0.05772875 0.05573916 0.04254528 0.05320199 0.05084752 0.07254893 0.04747441 0.05646464 0.05061682 0.04668900 0.05243024 0.05215618 0.04932106 0.04659228 0.05162011 0.05304543 0.05523049 0.05507913 0.04598741 0.05130358 0.05785166 0.06745326 0.05034868 0.06867875 0.06804827 0.06702204 0.07846209 0.07280292 0.07661857 0.06822156 0.05708449 0.05412456 0.05847739 0.07245213 0.06106157 0.06233672 0.05164523 0.05493971 0.06676683 0.05452018 0.06017040 0.07309983 0.05464079 0.05033524 0.04110772 0.06140553 0.05979596 0.05281435 0.04950417 0.05506410 0.06559939 0.05293543 0.06003718 0.04065019 0.05966562 0.05313763 0.05591230 0.05643129 0.06195367 0.05994174 0.04948595 0.04905457 0.04656272 0.05570909 0.06276256 0.05759976 0.04933559 0.05178814 0.05550210 0.05635115 0.06801826 0.05326469 0.05823056 0.04257540 0.05102471 0.05951534 0.05189877 0.06326907 0.05250533 0.05690722 0.06594070 0.05131890 0.03984507 0.05556718 0.04708368 0.05343529 0.05814335 0.06143759 0.05128973 0.04370412 0.04324034 0.05664517 0.04996487 0.06271752 0.05107946 0.04131614 0.05039846 0.06028172 0.04761199 0.06217016 0.06811173 0.04643795 0.05298701 0.06704839 0.07135843 0.04363060 0.04880048 0.05614981 0.05368088 0.04599377 0.05304474 0.05881960 0.05506018 0.05397982 0.05753397 0.05441355 0.04764008 0.03968851 0.05457231 0.06835607 0.07479476 0.07237746 0.08360643 0.07616800 0.06992409 0.08187237 0.07877905 0.07811155 
0.07300989 0.06610618 0.08167816 0.08960395 0.00000000 0.08533428 0.07125668 0.06982512 0.06433740 0.04580489 0.04592001 0.03477536 0.03306328 0.04821980 0.06582912 0.04407463 0.04829215 0.03373907 0.07425238 0.05716059 0.04840213 0.05061189 0.06056034 0.04407875 0.06697867 0.05187071 0.04249904 0.06365851 0.03127428 0.04960861 0.04154403 0.05645216 0.06873707 0.03824700 0.07037982 0.03168111 0.05949593 0.03558274 0.04192567 0.09865847 0.06794174 0.04776895 0.04972909 0.05524116 0.05566734 0.06098494 0.05932444 0.03295180 0.06834732 0.05381985 0.07852349 0.04144965 0.06438896 0.05388871 0.06869983 0.07205435 0.05504413 0.03753810 0.07123798 0.05378400 0.05656653 0.07020025 0.05374803 0.03722787 0.04954313 0.05230719 0.03472962 0.06383803 0.04489199 0.03461836 0.04353722 0.06239100 0.06085529 0.05826752 0.06695703 0.06503515 0.04098829 0.05688093 0.05997675 0.05254031 0.07524955 0.05751391 0.04111599 0.03849798 0.05655540 0.07460522 0.05959439 0.07681830 0.06166699 0.05157825 0.02972929 0.06860893 0.04227470 0.06287532 0.07801743 0.09431417 0.07936877 0.09673848 0.07485512 0.06936583 0.05556136 0.07213827 0.06303726 0.07245665 0.03195337 0.06965449 0.05178860 0.04136220 0.06288226 0.03240146 0.05721250 0.04925254 0.05535088 0.06233211 0.06657400 0.04149027 0.05474510 0.05828902 0.06688323 0.06482772 0.04878935 0.05608641 0.05450519 0.06110747 0.06014092 0.07527248 0.07894659 0.04742445 0.06522149 0.03311196 0.03892240 0.03812068 0.05178061 0.06000854 0.04861512 0.08711586 0.04452104 0.05185347 0.05041785 0.05468857 0.06174952 0.08054834 0.06619049 0.05727708 0.05735111 0.04440155 0.02980835 0.05295071 0.05541307 0.05438525 0.05366217 0.06012062 0.05212535 0.04424247 0.04941364 0.06974739 0.05911565 0.05421103 0.06062170 0.06772887 0.04318041 0.05832935 0.05118589 0.05959581 0.05950846 0.02797704 0.05261311 0.07626263 0.06530102 0.05881364 0.03467726 0.05855845 0.05216514 0.04228747 0.05598097 0.05220365 0.02934966 0.05320662 0.07306377 0.03625822 0.06518474 0.06464703 0.04734457 0.05594569 0.07670613 0.05440390 0.03817760 0.08971507 0.07168323 0.06682414 0.04767504 0.04316188 0.03789857 0.05948515 0.06581861 0.05844426 0.06199273 0.07829765 0.07531517 0.07365600 
0.05698149 0.05877964 0.06431972 0.06952054 0.08533428 0.00000000 0.06950130 0.06808363 0.03723032 0.05683727 0.05564661 0.06406661 0.05744566 0.05980502 0.04206286 0.05672818 0.05693669 0.06159602 0.06257537 0.05872784 0.03794451 0.05302340 0.05559542 0.03826826 0.05876081 0.05003850 0.05055747 0.05285868 0.07562756 0.05242403 0.03461095 0.07103939 0.06537516 0.06543089 0.06450037 0.06562993 0.06517165 0.06079878 0.05943864 0.07198484 0.09774359 0.04585914 0.05969262 0.05320466 0.03737020 0.06995967 0.05512342 0.06787164 0.06367108 0.06029796 0.06501647 0.09553738 0.04693905 0.08445983 0.05308404 0.05347801 0.05220138 0.04226843 0.05376006 0.05269134 0.03948639 0.05389249 0.05380148 0.04143500 0.07248091 0.05641417 0.04787570 0.04542593 0.04521833 0.05219713 0.04881768 0.05842260 0.06184783 0.05957308 0.06301065 0.06886435 0.07436916 0.06462438 0.05848392 0.07265374 0.06741133 0.06592734 0.05787698 0.06484363 0.06223780 0.04832803 0.05790027 0.05419038 0.04317212 0.06221753 0.06472856 0.04611501 0.06829550 0.04735381 0.04226215 0.07769162 0.07537702 0.04650648 0.06120881 0.06221477 0.05136974 0.06667424 0.06417527 0.04088757 0.05485622 0.05825110 0.04961144 0.03658124 0.05533374 0.04931585 0.04783490 0.05405320 0.06793039 0.03205529 0.07949830 0.04259478 0.05097319 0.04424051 0.04529396 0.04649470 0.07649244 0.07079866 0.05694330 0.04771963 0.04661914 0.05308360 0.06674659 0.03564971 0.05667881 0.05319533 0.05937140 0.05192513 0.05340634 0.05167812 0.06954137 0.05570776 0.03333489 0.05468056 0.03759274 0.07310162 0.05525597 0.06730566 0.04854377 0.03768063 0.07816784 0.06989033 0.06470886 0.06042613 0.04629369 0.05551140 0.06404073 0.05130226 0.03306130 0.03765135 0.04517062 0.07057504 0.04930566 0.07325254 0.06340594 0.06762490 0.04155295 0.07056190 0.05322216 0.05307549 0.06024194 0.03689928 0.05885038 0.06218819 0.07158107 0.06407995 0.05515404 0.04616224 0.03937543 0.06016816 0.04965899 0.05798408 0.06223483 0.07319778 0.06611017 0.05288458 0.07503887 0.04603383 0.04372693 0.05366557 0.05918951 0.07298055 0.06905320 0.06937128 0.06037639 0.06809578 0.05563271 0.05266958 0.05050929 0.05424901 0.04339269 0.04336324 0.05102594 0.06287569 0.05634947 0.05726776 
0.04322831 0.04716833 0.05245783 0.04663464 0.07125668 0.06950130 0.00000000 0.08115563 0.08059422 0.07316720 0.07319942 0.05196536 0.03700850 0.06445734 0.05894777 0.05561883 0.06794983 0.04673500 0.07542306 0.05310853 0.04474347 0.04195395 0.04102277 0.03578478 0.06791055 0.05813281 0.10645475 0.07031123 0.03848860 0.05335409 0.04483363 0.07596919 0.04435292 0.04581245 0.06122560 0.06559809 0.05285089 0.05767978 0.05422920 0.16271296 0.05330735 0.07296818 0.03756180 0.05965165 0.07674843 0.08452766 0.04228767 0.06483310 0.05117399 0.04283317 0.06530947 0.08523969 0.04104414 0.04856328 0.03901446 0.05918839 0.04428745 0.04590260 0.05063436 0.03009513 0.06949275 0.04943934 0.04340564 0.03062204 0.06696802 0.07022824 0.05045417 0.06509631 0.07148388 0.05113309 0.06157362 0.05672470 0.05634114 0.05229672 0.08312721 0.04534509 0.03992615 0.05629740 0.04889609 0.08074273 0.03260732 0.06019144 0.03333836 0.05287739 0.06331741 0.03169987 0.05942785 0.04868888 0.07887343 0.06247242 0.07028109 0.05028315 0.06756495 0.04420616 0.10019967 0.05225446 0.05997904 0.05715619 0.05023128 0.04661352 0.03973972 0.04138236 0.07371072 0.05444210 0.05138929 0.06596348 0.06326824 0.05004400 0.06786468 0.06958693 0.05994717 0.07058704 0.05244142 0.03766718 0.03571733 0.05393793 0.06148610 0.05489875 0.04774758 0.02970257 0.05889005 0.04456898 0.04853418 0.06324421 0.07166918 0.06001792 0.06281697 0.06401613 0.06400997 0.04771226 0.06069390 0.05552038 0.05951845 0.07451807 0.06250824 0.06371146 0.06826295 0.06301501 0.06729079 0.06097519 0.03072446 0.05781625 0.04669526 0.06866059 0.05015297 0.04504520 0.05007977 0.05718018 0.05604845 0.04692486 0.05881790 0.05821177 0.04839561 0.07202008 0.04564727 0.05591952 0.09448097 0.06307725 0.06724420 0.04153803 0.05923357 0.06864010 0.05451317 0.03646074 0.04977051 0.05345412 0.06957164 0.06255395 0.07515296 0.06873888 0.05710926 0.04056949 0.06430024 0.07402137 0.06174645 0.05743519 0.05636768 0.04390542 0.05065941 0.03929197 0.07095366 0.06931688 0.05356583 0.05960369 0.07487282 0.07502253 0.06503565 0.06623356 0.05628991 0.05412493 0.05350831 0.03753584 0.04349729 0.04833611 0.05763880 0.04619824 0.05317848 0.05031365 0.04237226 0.04435861 
0.05993797 0.06313210 0.06492780 0.06571994 0.06982512 0.06808363 0.08115563 0.00000000 0.06912192 0.12044110 0.03336385 0.05440201 0.06558073 0.04761237 0.05610546 0.07750935 0.05853332 0.05469624 0.02816892 0.03873722 0.05936193 0.06085263 0.05686066 0.04708902 0.07224220 0.05953075 0.03796032 0.04386016 0.06150938 0.06415611 0.07045000 0.03168402 0.03889541 0.03777570 0.07599325 0.08633190 0.08051548 0.05962413 0.06380146 0.05695284 0.03940772 0.04467050 0.10123321 0.05536202 0.06480579 0.03683456 0.03721151 0.06161438 0.04037784 0.04620971 0.10854617 0.04045286 0.05016224 0.05668770 0.02594493 0.06570072 0.05007543 0.08517055 0.05961052 0.04013038 0.10065652 0.04827161 0.06571408 0.04338765 0.07536134 0.03163792 0.08366409 0.06677284 0.05546790 0.04185927 0.05273227 0.03184048 0.06692060 0.06368459 0.06711006 0.03746293 0.05158946 0.06113473 0.03338203 0.06372254 0.05509351 0.03194851 0.04297245 0.03234057 0.03430890 0.05209205 0.02795950 0.05157096 0.04213947 0.07424402 0.08390803 0.06851176 0.03276997 0.04527003 0.05622750 0.04435774 0.03638435 0.04540988 0.07099334 0.06621777 0.06289405 0.04811115 0.08089594 0.06078926 0.10273384 0.04382936 0.04431834 0.03507117 0.03865042 0.06048216 0.06351599 0.04693010 0.05505464 0.04450992 0.07714313 0.05461549 0.03571494 0.05278309 0.05255837 0.03582461 0.05505323 0.05942632 0.02222520 0.03769315 0.04558793 0.06319902 0.06912244 0.06605987 0.03847684 0.05362001 0.06126014 0.06314660 0.07985581 0.06092584 0.06045671 0.06661411 0.04370485 0.07966181 0.03414640 0.06796136 0.08870566 0.04683046 0.09847839 0.04572861 0.06172063 0.06205245 0.05557035 0.04215040 0.04950083 0.05265342 0.06731694 0.04835971 0.05899980 0.05825066 0.05992617 0.05105777 0.07011991 0.08513335 0.04904233 0.06769544 0.05542578 0.05232540 0.02843751 0.05162607 0.04871225 0.08961616 0.02786455 0.03569752 0.04343375 0.04060815 0.06002990 0.05221526 0.03927243 0.05306352 0.08720252 0.05314157 0.06676097 0.04555647 0.05859759 0.09599461 0.10316033 0.02378232 0.07219477 0.09746673 0.05010110 0.06190786 0.06638423 0.08567361 0.04408591 0.04418629 0.05178048 0.05901887 0.04982898 0.06222587 0.06620586 0.05699562 0.05629448 0.06719263 0.06617640 0.06319123 
0.05349629 0.05335450 0.05526859 0.05067668 0.06433740 0.03723032 0.08059422 0.06912192 0.00000000 0.10148669 0.05533923 0.06541140 0.02572398 0.06992642 0.04586808 0.03239116 0.04677062 0.03275368 0.04968147 0.04623269 0.06503034 0.07178625 0.06834626 0.07283445 0.05100350 0.05473502 0.05633246 0.02093673 0.07117999 0.03048771 0.03725203 0.06720500 0.03795163 0.12406832 0.04130747 0.11922784 0.05346777 0.06768641 0.07555098 0.03095685 0.08005929 0.05668555 0.04676910 0.03093461 0.03986003 0.07610470 0.06240656 0.05813577 0.04926876 0.05854164 0.09620959 0.02622804 0.03686394 0.05698619 0.05561485 0.05309930 0.05264144 0.05890382 0.06591618 0.04211290 0.04266597 0.04710007 0.04799928 0.07340203 0.05883476 0.06978718 0.04639812 0.05288376 0.05010272 0.10882391 0.04666046 0.04416499 0.04887933 0.03342882 0.02161868 0.05845538 0.07618327 0.07953257 0.06431055 0.03806031 0.08811302 0.00758652 0.03035710 0.03586645 0.13742905 0.07974477 0.06472585 0.10555241 0.04062780 0.03444919 0.13002561 0.06719089 0.03474482 0.04869927 0.09768208 0.05347116 0.05061901 0.05372537 0.05775244 0.05635363 0.05868391 0.06649708 0.04952238 0.08813220 0.07900178 0.06773092 0.07412739 0.06955053 0.10515287 0.07917888 0.05581307 0.03304743 0.03354052 0.05898103 0.03658513 0.03679873 0.04099445 0.06308033 0.02671932 0.05389160 0.06235520 0.03129651 0.04378370 0.06983916 0.05289710 0.04100900 0.06525458 0.04106668 0.03941931 0.06467909 0.05402736 0.05905456 0.04560110 0.05833212 0.05645096 0.04245415 0.03501959 0.06080711 0.05299208 0.05643234 0.07220320 0.04970563 0.03506277 0.04193648 0.06262909 0.04146936 0.03837520 0.06269474 0.05280197 0.04982329 0.05274553 0.05550861 0.04981236 0.05541412 0.06855177 0.02934450 0.05444184 0.06384651 0.04997271 0.05689184 0.07222197 0.03803649 0.08263576 0.07188589 0.07484520 0.07767772 0.05978538 0.06868630 0.06083703 0.05147888 0.06191294 0.05898894 0.07031641 0.04615969 0.07592892 0.05758937 0.07624341 0.04636172 0.05128545 0.03095534 0.08222431 0.06593012 0.07380930 0.03428344 0.05384740 0.03056047 0.07307478 0.07389939 0.05936660 0.08049733 0.04733855 0.04202547 0.05296580 0.04858903 0.04751148 0.04406831 0.06330929 0.05287400 0.05899075 0.05460068 
0.04796252 0.04539176 0.05558776 0.05637640 0.04580489 0.05683727 0.07316720 0.12044110 0.10148669 0.00000000 0.06195774 0.05857466 0.07318447 0.05991979 0.07384738 0.09462303 0.06586181 0.05035344 0.03600252 0.05110563 0.04621670 0.04992959 0.05316960 0.05113490 0.05915615 0.07848595 0.02069460 0.09184288 0.04926591 0.10274882 0.07187623 0.03818428 0.06621713 0.05400619 0.05093660 0.06662859 0.11209714 0.07277976 0.05771054 0.05421721 0.07901802 0.07615600 0.05950837 0.05019105 0.03839598 0.05176739 0.03232882 0.05450043 0.05178671 0.05563500 0.03361770 0.09869004 0.05553867 0.06636327 0.04180461 0.05409107 0.05422830 0.06111998 0.06191365 0.03897659 0.02464551 0.06135363 0.06222948 0.05381766 0.03519214 0.04563692 0.04635043 0.08878871 0.06615635 0.03393492 0.02223413 0.02522590 0.03826201 0.02490798 0.05886308 0.05100731 0.04840206 0.06709907 0.04490035 0.03554864 0.03423721 0.07090915 0.04674824 0.05383422 0.06150371 0.04415961 0.05738947 0.03102949 0.05565158 0.03768546 0.06822576 0.08711070 0.04102544 0.02526954 0.08907019 0.09307701 0.05471931 0.08893345 0.05755181 0.09051328 0.04633358 0.05771708 0.05405782 0.04553345 0.04839326 0.06261203 0.06054834 0.03874305 0.03069951 0.03738191 0.06281286 0.05497306 0.03819022 0.04833424 0.06927823 0.05546615 0.02519742 0.06617694 0.04441180 0.09868975 0.06343468 0.04959774 0.05542928 0.04034743 0.03890045 0.04753214 0.05212198 0.04800228 0.04659896 0.04175435 0.03566024 0.04702218 0.04680689 0.04357711 0.09009915 0.04987994 0.05873898 0.06825917 0.05759491 0.04976845 0.05165867 0.07122560 0.04722630 0.05658575 0.05107804 0.06704928 0.05921581 0.06829595 0.05402282 0.03800523 0.05809006 0.05925109 0.06379777 0.08413542 0.07807743 0.05359694 0.05978637 0.06810733 0.03663024 0.06066424 0.04147832 0.03965074 0.04663184 0.06840976 0.05407968 0.07358120 0.03521860 0.05057045 0.05887664 0.04796389 0.05484081 0.06080612 0.06041399 0.03716911 0.05975763 0.06612494 0.12110049 0.05864736 0.07628821 0.18161404 0.09753110 0.05595339 0.04355964 0.10727945 0.05308169 0.05916703 0.06017187 0.03319967 0.03862968 0.04962589 0.05023210 0.04937967 0.05117223 0.04903419 0.05272366 0.04450735 0.04533949 0.04545561 0.04956444 0.04187245 
0.05743062 0.06099386 0.06025768 0.05682560 0.04592001 0.05564661 0.07319942 0.03336385 0.05533923 0.06195774 0.00000000 0.08067918 0.11030072 0.07908110 0.05270954 0.05930396 0.04628940 0.04360740 0.08423674 0.05041555 0.04458014 0.05578147 0.05194233 0.05257958 0.03816262 0.04467750 0.06962129 0.05360063 0.04964472 0.05161580 0.03388682 0.10762309 0.03169551 0.06713284 0.05936917 0.07918062 0.02313909 0.03920517 0.05244817 0.06540741 0.01999318 0.04419288 0.03130785 0.03864251 0.04916465 0.05499642 0.08514599 0.06734890 0.05594230 0.04970824 0.07465117 0.09877051 0.05237823 0.07086698 0.04379993 0.05792522 0.05228143 0.04674638 0.04800128 0.00165014 0.05000641 0.04366934 0.06992531 0.04489960 0.07022256 0.04525577 0.02379210 0.05297018 0.07016299 0.06282712 0.03422186 0.06727998 0.05888821 0.04346980 0.05013954 0.04243831 0.07741208 0.08052992 0.09127932 0.05706538 0.04208201 0.07828963 0.05007641 0.03631456 0.06772563 0.03307261 0.03410460 0.07340335 0.06650798 0.05116548 0.05425448 0.13109243 0.06464126 0.04468398 0.08433605 0.06044356 0.06061126 0.05537819 0.04553318 0.05387492 0.05345079 0.06835775 0.06648917 0.12801744 0.04499994 0.06312527 0.05714867 0.03483909 0.08022920 0.07439722 0.04406877 0.06309059 0.05807887 0.05656550 0.06311848 0.05403687 0.07796782 0.06294623 0.03533693 0.06983604 0.03418562 0.06774998 0.03147706 0.03362061 0.05422864 0.05034595 0.04979003 0.08239491 0.04875447 0.04092029 0.05022797 0.05645017 0.04548588 0.03459102 0.08517703 0.03109115 0.03031531 0.06208650 0.07244569 0.03487246 0.04276822 0.07103644 0.04026531 0.04235728 0.05918795 0.04848284 0.04553240 0.03873052 0.07573353 0.04387800 0.05535424 0.05747566 0.08704772 0.06316884 0.06943632 0.07262573 0.06408124 0.05175163 0.03334479 0.06490860 0.04127341 0.06874797 0.06955053 0.05161992 0.08678525 0.07587945 0.07430259 0.06512085 0.05641301 0.05389279 0.05736193 0.03910551 0.04703529 0.06829416 0.04716570 0.07764439 0.06229446 0.09095274 0.07116390 0.07696205 0.05422510 0.05053517 0.03239640 0.08572277 0.03530396 0.07747967 0.04379749 0.03625410 0.03939725 0.07005262 0.04599830 0.05878985 0.07889341 0.05661633 0.05461176 0.05912605 0.04666705 0.05927508 0.05548919 0.04900123 
0.05726181 0.05618215 0.05160827 0.04724211 0.03477536 0.06406661 0.05196536 0.05440201 0.06541140 0.05857466 0.08067918 0.00000000 0.07839440 0.12271357 0.05008730 0.06703325 0.05121397 0.05634957 0.07107049 0.03642189 0.04897713 0.05284249 0.05953731 0.06076650 0.05685780 0.05181128 0.04941952 0.05604955 0.06842155 0.06111056 0.05149518 0.07789922 0.05641814 0.06317332 0.05012685 0.05033275 0.05828076 0.06835290 0.07090202 0.03828055 0.04853617 0.04187714 0.04898944 0.04716070 0.06588233 0.06119554 0.04528526 0.06088758 0.07321129 0.05239853 0.04836990 0.05753515 0.05786445 0.05367616 0.05368219 0.05277705 0.06205603 0.04799789 0.05456004 0.05788015 0.04461947 0.04718787 0.04112705 0.04993295 0.05903012 0.04130086 0.06250140 0.06512528 0.05041195 0.06536436 0.04114905 0.05267181 0.05846588 0.06233617 0.06238166 0.05885299 0.06201311 0.07100855 0.04088023 0.04509530 0.04242681 0.05464415 0.05214254 0.05603769 0.05324437 0.05978574 0.05864003 0.04774057 0.05425622 0.05407473 0.05300886 0.05397829 0.05244971 0.05210147 0.05053336 0.04304020 0.05031581 0.04672549 0.05056651 0.04933643 0.05447706 0.04580747 0.05306889 0.04739444 0.05238363 0.05144932 0.05983288 0.07714352 0.05162595 0.05942609 0.05140403 0.10466971 0.06571933 0.05766112 0.05423932 0.05798053 0.05342036 0.05819650 0.05180195 0.04505698 0.05254377 0.05969956 0.04812500 0.05761637 0.05355552 0.05460230 0.06169756 0.05953841 0.05514115 0.06323171 0.05415203 0.04085272 0.05172017 0.05485769 0.05820123 0.05762090 0.05865425 0.05002940 0.06705319 0.06183701 0.05003412 0.05994411 0.06876852 0.04781835 0.04437849 0.04607905 0.06031539 0.06493547 0.04804761 0.04715394 0.05086121 0.05803384 0.05760644 0.04891915 0.05660086 0.04820297 0.05286986 0.05546921 0.05840470 0.06816435 0.05469524 0.05539240 0.06364905 0.07702246 0.05331688 0.06676619 0.05749917 0.05032338 0.05009223 0.07103542 0.08169115 0.06648918 0.05463621 0.04467138 0.05433151 0.08173423 0.05343454 0.07802982 0.06107985 0.06702235 0.05525178 0.05988399 0.05868051 0.05046100 0.07622934 0.05064523 0.04652287 0.05390659 0.05327807 0.05862025 0.05660587 0.05782710 0.05144876 0.06160372 0.05171525 0.05294078 0.05484935 0.05469056 0.05606835 0.05578460 
0.04761107 0.05929078 0.06236494 0.04920562 0.03306328 0.05744566 0.03700850 0.06558073 0.02572398 0.07318447 0.11030072 0.07839440 0.00000000 0.05878336 0.05786315 0.07200532 0.04977409 0.05194470 0.06183553 0.05891567 0.05386430 0.04790433 0.04016395 0.06172883 0.05533588 0.03977582 0.05240633 0.06555426 0.10219586 0.06026264 0.04126301 0.06018475 0.07830606 0.06417348 0.06828178 0.05913017 0.07493272 0.04009581 0.04380194 0.05106157 0.04548546 0.05620037 0.05344514 0.03814759 0.02404898 0.04489258 0.06415923 0.06868310 0.08304010 0.02328769 0.09151271 0.05564778 0.09333359 0.03781884 0.04981266 0.05776286 0.05814690 0.05882912 0.05778025 0.05895865 0.06972503 0.02518146 0.08370173 0.07878329 0.04222035 0.05024986 0.06325903 0.08131733 0.07925205 0.04883153 0.05243505 0.07298066 0.03500841 0.06430393 0.06391847 0.06081068 0.06168168 0.03521667 0.05837562 0.06797544 0.07807578 0.04908312 0.02777643 0.06037011 0.05185868 0.04044754 0.06341179 0.04444491 0.04030683 0.08308755 0.03817407 0.04805588 0.04215704 0.04563879 0.04508270 0.03489167 0.02530339 0.06424122 0.05264435 0.05130027 0.04671041 0.03388810 0.09587514 0.03475133 0.05660171 0.05365807 0.07060902 0.05435399 0.05026522 0.04919092 0.05925846 0.05538824 0.06719658 0.05676439 0.05549034 0.05327988 0.10227582 0.09209092 0.07697527 0.05376285 0.05194345 0.04772417 0.07003194 0.08251946 0.04068193 0.04543533 0.03529072 0.05353545 0.10959235 0.04734367 0.06290456 0.05865561 0.06442887 0.04717661 0.07186016 0.05166759 0.04915484 0.03534637 0.07756853 0.05536971 0.03756804 0.06183913 0.05084566 0.07398775 0.07028088 0.06013093 0.06410568 0.05982735 0.05240525 0.04547717 0.06413866 0.05462363 0.04941350 0.05636342 0.07354022 0.03082554 0.05988661 0.05122317 0.04249537 0.06513143 0.04697067 0.09513948 0.05991649 0.03386317 0.03998927 0.08625984 0.06426152 0.04322611 0.04130216 0.05584585 0.06140046 0.10471351 0.04123416 0.07958551 0.02156430 0.04816971 0.08067019 0.06757000 0.05370943 0.03783145 0.08839962 0.04684930 0.05639423 0.04012456 0.05980964 0.06722801 0.03942662 0.04672871 0.08539637 0.05039538 0.09749162 0.06833703 0.04205817 0.05369011 0.05581150 0.04653485 0.04175653 0.04078772 0.04525905 0.04813624 
0.05619969 0.05503954 0.04945470 0.06146163 0.04821980 0.05980502 0.06445734 0.04761237 0.06992642 0.05991979 0.07908110 0.12271357 0.05878336 0.00000000 0.04877831 0.05294307 0.04915592 0.06947623 0.06160251 0.05176856 0.04625802 0.05078140 0.05710452 0.05211374 0.04990969 0.04701653 0.04727486 0.05893227 0.06598149 0.06601128 0.05780788 0.05452704 0.05257661 0.06617934 0.05240867 0.05932856 0.06050611 0.06176189 0.06805869 0.03183447 0.04991874 0.06066689 0.05213670 0.05653694 0.05236267 0.06902154 0.04229857 0.07345929 0.06593174 0.04807710 0.06045145 0.06113516 0.06669332 0.07012275 0.05118511 0.04786685 0.05811970 0.04216288 0.05301760 0.05796477 0.05263178 0.04773775 0.04015696 0.04660664 0.06754516 0.04617887 0.06225917 0.06828287 0.05561285 0.07142252 0.04844167 0.05581078 0.05639609 0.06560605 0.06610174 0.05434914 0.06860493 0.05132628 0.04696034 0.04226808 0.05431720 0.05103401 0.06134282 0.05171095 0.06026143 0.05591052 0.05973580 0.05895339 0.04588326 0.05235924 0.06019529 0.04939174 0.06264140 0.04548505 0.05576361 0.03864723 0.04719871 0.04353170 0.04793386 0.04638791 0.05274821 0.04219982 0.04974703 0.05752601 0.04523045 0.05509234 0.04973241 0.08596692 0.05383626 0.05640545 0.05021624 0.13282078 0.05965128 0.04887167 0.05427991 0.05129316 0.05037356 0.06216773 0.04755738 0.04639916 0.04851894 0.05761433 0.04860608 0.05122859 0.04724423 0.05084876 0.06200488 0.06782117 0.05101813 0.06167969 0.06484812 0.04432584 0.05456125 0.05118737 0.05760212 0.05905445 0.05928537 0.04605723 0.07367211 0.06032183 0.04543871 0.05412233 0.07510590 0.04791752 0.04702766 0.05101440 0.05342849 0.06014819 0.03701370 0.03232310 0.04276586 0.05381789 0.05269375 0.04560625 0.07435475 0.04961471 0.04403536 0.05421793 0.05907654 0.05503902 0.05682287 0.05394742 0.04483866 0.08123540 0.05431090 0.05948694 0.06054477 0.04388859 0.06217543 0.07583919 0.10313227 0.06693515 0.07054496 0.04585161 0.06006675 0.11994180 0.05102758 0.05285450 0.04345945 0.05573557 0.04710093 0.05472236 0.04942942 0.04936951 0.05654896 0.05638180 0.05452576 0.05643925 0.06125047 0.04528986 0.05335965 0.05524461 0.05498417 0.05953896 0.05936762 0.06037934 0.06613640 0.05318413 0.05474417 0.05457079 
0.05664619 0.05330203 0.05767026 0.06416718 0.06582912 0.04206286 0.05894777 0.05610546 0.04586808 0.07384738 0.05270954 0.05008730 0.05786315 0.04877831 0.00000000 0.05544210 0.09989104 0.06100973 0.03328611 0.07877490 0.06074782 0.06460177 0.05757481 0.06092697 0.04514432 0.04716953 0.05522225 0.05358797 0.04238885 0.04905564 0.05254781 0.04645088 0.07704503 0.05341022 0.04709651 0.07379306 0.03911286 0.03988275 0.04271469 0.05223703 0.06036678 0.05526861 0.02969274 0.03176350 0.03484869 0.04803291 0.04497326 0.04021856 0.05376161 0.04682444 0.06934989 0.05086810 0.03818804 0.06686090 0.03631043 0.04509756 0.05629578 0.04058623 0.05438337 0.07177738 0.06649930 0.05415807 0.04468498 0.06504138 0.06407856 0.06020213 0.07428942 0.06361198 0.05004852 0.04400903 0.04366843 0.05112675 0.04603305 0.03561389 0.04754632 0.04863027 0.04937791 0.04862772 0.05214966 0.05859623 0.07944208 0.03379984 0.06301231 0.06006011 0.03040672 0.05095076 0.05105522 0.04801242 0.06383352 0.05031529 0.09562775 0.03874543 0.04126932 0.08040903 0.05759069 0.08312199 0.05715343 0.07045020 0.06875534 0.09215183 0.06302457 0.06395702 0.07312076 0.07439485 0.05675913 0.08855161 0.10683666 0.09707565 0.11769686 0.04029441 0.13471102 0.04949821 0.03989868 0.06556380 0.05014397 0.07231525 0.05408419 0.04033453 0.07287636 0.05865956 0.03761277 0.04888606 0.05730539 0.05708421 0.06949165 0.05311886 0.05132177 0.04345083 0.05629503 0.04155858 0.04402995 0.04048942 0.06865323 0.05965152 0.05731401 0.04350690 0.08226735 0.07636393 0.04748683 0.04486031 0.05163623 0.06051285 0.06174237 0.03747662 0.07166392 0.04524900 0.03093642 0.05077774 0.06259659 0.06253811 0.08133223 0.08738950 0.05674946 0.07137785 0.06955378 0.04245421 0.08425626 0.05795303 0.05383442 0.03196635 0.05771787 0.05580858 0.04612040 0.05069121 0.03876405 0.04611125 0.04706599 0.05395361 0.04293579 0.06918960 0.05195256 0.04805500 0.06889847 0.05397955 0.06498393 0.05140986 0.06842262 0.07686217 0.08576859 0.07761218 0.04525891 0.06608367 0.05745814 0.03653528 0.06097013 0.03447963 0.03190205 0.03483294 0.03462996 0.03310955 0.05305682 0.05308853 0.04126466 0.05340904 0.05474385 0.05701566 0.07542143 0.06783080 0.06691670 0.05879778 
0.04810095 0.04998685 0.03718561 0.04413257 0.04407463 0.05672818 0.05561883 0.07750935 0.03239116 0.09462303 0.05930396 0.06703325 0.07200532 0.05294307 0.05544210 0.00000000 0.14755346 0.10225202 0.07158737 0.04073429 0.05839503 0.04407758 0.04477741 0.03666493 0.03433455 0.06024408 0.08340868 0.09993247 0.06650602 0.14033393 0.12095836 0.04071973 0.07147994 0.05092913 0.05226673 0.06887904 0.04170265 0.06144532 0.04630657 0.02911207 0.03285326 0.04396624 0.05666864 0.02730771 0.06511923 0.03269509 0.04337607 0.05283115 0.04930037 0.02932117 0.08642094 0.06316421 0.03993976 0.05191800 0.07655369 0.07285942 0.06527934 0.07288541 0.07089671 0.12397888 0.09182870 0.04119479 0.05721999 0.10134996 0.04504282 0.04554527 0.08591642 0.11724843 0.06512434 0.09427110 0.03797399 0.07722864 0.06128157 0.07103348 0.11096311 0.03491761 0.02817664 0.04524962 0.04038619 0.03497567 0.06003370 0.04528161 0.05869114 0.03407925 0.07643746 0.03545802 0.02767848 0.06358877 0.04736304 0.04826222 0.05979151 0.04820922 0.03081550 0.04504094 0.05399907 0.04253706 0.03783338 0.04321826 0.03715416 0.03461994 0.04845266 0.06237681 0.06064449 0.04545188 0.06262243 0.03614951 0.03766383 0.04761984 0.06397127 0.04085945 0.06243047 0.06296283 0.05194481 0.04639114 0.05672168 0.14057508 0.04884982 0.05550331 0.04460718 0.06529397 0.05793798 0.04606827 0.05411569 0.09300814 0.03807407 0.07649887 0.03524384 0.04329077 0.05719479 0.06710299 0.05842470 0.03876610 0.02550886 0.04532571 0.09287191 0.07447812 0.06433883 0.05082930 0.05555340 0.05037041 0.05991054 0.04260679 0.04692083 0.05316484 0.04441553 0.09623433 0.04996907 0.04731312 0.03011360 0.06753066 0.03691404 0.04541011 0.05217499 0.05055872 0.05211871 0.03718345 0.04700675 0.04641811 0.05251218 0.03226051 0.04908452 0.06190136 0.03750874 0.04714563 0.04400130 0.04238131 0.05250141 0.03179973 0.03791722 0.07154264 0.05348022 0.09879984 0.04593452 0.05416557 0.04013868 0.05055573 0.06785631 0.05092675 0.04633341 0.07181229 0.07592455 0.03536787 0.09205694 0.08004800 0.06522044 0.05283265 0.07443428 0.03035522 0.04402398 0.07434480 0.06194448 0.06146765 0.05483443 0.06933340 0.05149147 0.04290396 0.04804802 0.04345522 0.04639408 0.04652524 
0.05326688 0.05026653 0.04938085 0.05618788 0.04829215 0.05693669 0.06794983 0.05853332 0.04677062 0.06586181 0.04628940 0.05121397 0.04977409 0.04915592 0.09989104 0.14755346 0.00000000 0.11026967 0.04011292 0.07607627 0.09169901 0.06650796 0.05389005 0.04075467 0.03038457 0.05033717 0.11451345 0.10739877 0.06203551 0.10143789 0.09854565 0.06166184 0.07312351 0.06831586 0.05331400 0.08762163 0.05901306 0.04119491 0.04169329 0.04135095 0.04876218 0.03630736 0.03600202 0.02899726 0.03560774 0.04026264 0.04959843 0.05542796 0.05821543 0.03400564 0.03414895 0.04762026 0.05174018 0.04539460 0.06916751 0.09642452 0.06890033 0.07862086 0.07108849 0.13188063 0.08068584 0.04208013 0.06720228 0.11713405 0.05512835 0.03300404 0.04043358 0.05429970 0.03682926 0.06269249 0.05457893 0.08733489 0.01886609 0.07001687 0.06251847 0.05429410 0.02877477 0.04667731 0.03744511 0.02836289 0.06096689 0.06774535 0.03014105 0.06276945 0.07650856 0.06498850 0.03981813 0.05894341 0.05484421 0.03543033 0.09523727 0.04496040 0.03562113 0.05189826 0.04479651 0.05020962 0.04613634 0.05331803 0.06090861 0.05837214 0.05225011 0.07747834 0.07589642 0.05198916 0.05752086 0.08355205 0.10251364 0.07776159 0.07728774 0.04774728 0.08259173 0.05569315 0.05888184 0.05859430 0.04878585 0.12606828 0.04068950 0.04105973 0.03776028 0.07465113 0.08300445 0.03629642 0.06467666 0.10103620 0.03776970 0.05446954 0.02763223 0.06193515 0.05957280 0.06196114 0.05105595 0.05419735 0.04309254 0.03190411 0.08712228 0.05573467 0.08070214 0.08746344 0.06294059 0.05796503 0.06034115 0.05260806 0.04760602 0.01845480 0.04412818 0.07106890 0.05556720 0.06461845 0.04516473 0.03728889 0.02303451 0.04117406 0.05409041 0.02548239 0.06702895 0.04715600 0.04619291 0.04774252 0.06457478 0.02096819 0.04367105 0.04428689 0.02493444 0.03664857 0.03392151 0.05823064 0.02616935 0.04605505 0.04264899 0.04507897 0.04894208 0.08961369 0.07757056 0.03023150 0.05043194 0.04980657 0.04945921 0.05014191 0.07060753 0.08672572 0.03362844 0.05131887 0.06468039 0.07433115 0.05367299 0.04403279 0.05155132 0.03122646 0.03503955 0.02765758 0.05392759 0.04731901 0.04856094 0.05581813 0.05850355 0.04023876 0.05434707 0.04860577 0.04883590 0.05498591 
0.05120235 0.05215589 0.04660011 0.05299178 0.03373907 0.06159602 0.04673500 0.05469624 0.03275368 0.05035344 0.04360740 0.05634957 0.05194470 0.06947623 0.06100973 0.10225202 0.11026967 0.00000000 0.09005515 0.08765751 0.06656106 0.06040827 0.05911542 0.04435989 0.05294015 0.06050138 0.08806487 0.05517849 0.04963191 0.07295639 0.07671492 0.03594834 0.08568118 0.06645098 0.06672364 0.08163974 0.05952283 0.04031491 0.04262027 0.05086525 0.07255681 0.05427028 0.04340416 0.06124898 0.03979972 0.07881713 0.08829828 0.06435944 0.04430020 0.05454244 0.06721397 0.04549844 0.05525737 0.04325534 0.05362234 0.04167059 0.03866788 0.05364842 0.06110274 0.04603727 0.04484625 0.05429492 0.06744136 0.09247182 0.07634571 0.05569473 0.06453426 0.04698694 0.05391386 0.03392848 0.04193071 0.08171375 0.05995533 0.04137036 0.08947515 0.06887630 0.07809955 0.02101615 0.04458695 0.05077313 0.06411698 0.05834039 0.04350265 0.04684156 0.07732218 0.06162241 0.06915503 0.07943855 0.07303924 0.03065340 0.06434780 0.05613101 0.06552135 0.05802507 0.05037113 0.04598912 0.04205376 0.04948952 0.05892585 0.04764307 0.06007350 0.07044789 0.07385868 0.05376842 0.09192075 0.07546270 0.06702926 0.07656637 0.07231849 0.05567454 0.06411137 0.05816522 0.06900906 0.05321618 0.06993375 0.08823384 0.05443241 0.07360988 0.05337315 0.06518803 0.07209656 0.06806514 0.04848512 0.03747553 0.03250408 0.04079714 0.05212239 0.05668396 0.03941583 0.05366326 0.07365885 0.04614155 0.05980237 0.04509147 0.04966981 0.04629109 0.09613677 0.02958110 0.12149822 0.06490812 0.04052448 0.05407230 0.04283203 0.03651472 0.04653732 0.04168445 0.03503261 0.03610663 0.05771258 0.05911644 0.06100045 0.02941954 0.03891464 0.05286082 0.05156940 0.04927082 0.01727867 0.05509163 0.05111595 0.04669702 0.06141077 0.03935046 0.03810744 0.04583963 0.05648825 0.06481006 0.06317552 0.04156377 0.05555632 0.06177425 0.06406008 0.05105437 0.05714637 0.05174895 0.05210321 0.06895118 0.06970837 0.03404572 0.05861043 0.05243304 0.03311030 0.05390958 0.06816849 0.08509673 0.04375286 0.05750543 0.06670316 0.06313949 0.06621601 0.04529818 0.05702516 0.06169733 0.05334046 0.05145194 0.06389336 0.05224956 0.05564250 0.05691423 0.05387907 0.05758855 
