0.00000000 0.23871079 0.16654129 0.09023664 0.10990281 0.14297693 0.05360184 0.13759503 0.06169414 0.20108789 0.10898449 0.12744252 0.10707280 0.10439052 0.14765022 0.10471153 0.07261542 0.08434166 0.11687453 0.09631035 0.15175242 0.09260200 0.13172702 0.13507296 0.11717012 0.11023665 0.12870004 0.11844302 0.12168080 0.11839808 0.20302259 0.08422001 0.06689647 0.10472608 0.11588133 0.10185791 0.11085191 0.10665336 0.06111200 0.08619292 0.08689525 0.09909721 0.08820143 0.06957819 0.08521372 0.16402773 0.07752958 0.07022353 0.12142285 0.11711847 0.03657378 0.11769014 0.13138507 0.08558859 0.10628749 0.11341379 0.07969304 0.08187316 0.14325985 0.10899413 0.10969848 0.08846478 0.13082047 0.12242691 0.23362499 0.07984594 0.12160820 0.10776401 0.14732066 0.10929539 0.11396478 0.08584695 0.09892699 0.08636417 0.11035015 0.11385939 0.07413622 0.10557518 0.07436528 0.11626940 0.05448096 0.09556178 0.13176266 0.07723190 0.07878706 0.12997524 0.09432404 0.05801915 0.05124127 0.07883742 0.09444196 0.06002065 0.10671108 0.09251193 0.08734449 0.07404948 0.18563986 0.09015672 0.13055749 0.10615844 0.12275683 0.08909336 0.11289875 0.11186780 0.09281784 0.14674695 0.15261365 0.05023007 0.10593522 0.10308108 0.12120691 0.12910248 0.07329185 0.09664050 0.12523726 0.10422029 0.17527470 0.10707961 0.11142475 0.13734812 0.11178464 0.12605216 
0.23871079 0.00000000 0.18467405 0.11364060 0.12481794 0.37590213 0.07677706 0.20659249 0.06878680 0.16685512 0.04377181 0.15574153 0.11085924 0.10647584 0.10953678 0.14145466 0.11580602 0.10114677 0.07074529 0.09531495 0.42926477 0.07775724 0.11754102 0.11972069 0.08439728 0.08512559 0.12649922 0.09072819 0.11182034 0.16852772 0.12127558 0.13996829 0.08856341 0.14887757 0.05107958 0.12438510 0.07071319 0.15273925 0.08009549 0.07764294 0.07326296 0.07175830 0.11142536 0.09015521 0.10213279 0.12914705 0.12336988 0.08610686 0.08866420 0.10588042 0.13551276 0.05910385 0.08297999 0.13706839 0.07505461 0.15682391 0.08308697 0.08038301 0.11931608 0.08896354 0.08272637 0.13970285 0.08910281 0.09527096 0.13431287 0.09975301 0.07454010 0.05295344 0.14073998 0.05926877 0.08136872 0.07319692 0.05115163 0.10697711 0.07678811 0.10857959 0.11989256 0.09294280 0.10286195 0.05330164 0.10159830 0.11017989 0.10234604 0.08570819 0.09443714 0.16466630 0.12300702 0.09615330 0.11383988 0.13554511 0.13208789 0.04070542 0.10005067 0.09322953 0.08396220 0.10602188 0.13018378 0.10150829 0.09758646 0.08176144 0.09357318 0.10499689 0.10094090 0.06517877 0.10291234 0.05950945 0.08960473 0.12460095 0.09307898 0.10692192 0.04219349 0.08197284 0.13059940 0.09825852 0.12645223 0.13661250 0.09531260 0.11374177 0.16282612 0.08555543 0.05709193 0.14022667 
0.16654129 0.18467405 0.00000000 0.14478190 0.15972608 0.38710209 0.10987454 0.14747185 0.05844718 0.15578780 0.14363115 0.13371686 0.08699465 0.10949855 0.12245694 0.13904513 0.16634148 0.15127182 0.08012535 0.12043675 0.08030247 0.06149169 0.08798277 0.13103039 0.07220223 0.20194261 0.08161310 0.16721617 0.15700962 0.14068268 0.12167233 0.14025384 0.11263043 0.06436218 0.09746934 0.09306513 0.10272833 0.14376833 0.11397028 0.08331637 0.09911320 0.09122866 0.07557316 0.10447185 0.07315504 0.11368885 0.08284925 0.06594479 0.08503283 0.08839202 0.06947052 0.06541263 0.09820110 0.10701969 0.06514130 0.06327135 0.13774241 0.12000338 0.09376579 0.10058170 0.12039260 0.07828127 0.10176023 0.12636559 0.09405673 0.07619509 0.08485346 0.06534093 0.08239067 0.10520481 0.08013373 0.10502605 0.10455115 0.07744740 0.09745165 0.08958384 0.10233210 0.09462982 0.08958081 0.09218147 0.14620740 0.10991222 0.05892684 0.09061852 0.08989738 0.14971005 0.12546170 0.08583087 0.07175186 0.05022996 0.08053781 0.07852716 0.09091651 0.05781957 0.07548175 0.16983992 0.12765194 0.08415969 0.14215854 0.17725083 0.12837885 0.16538776 0.11770513 0.13637035 0.08096820 0.16519452 0.11373020 0.04818831 0.08698735 0.08031160 0.13545572 0.14407706 0.12857282 0.11961257 0.07541114 0.11629844 0.17837504 0.11273651 0.08275035 0.13885231 0.08028017 0.14271972 
0.09023664 0.11364060 0.14478190 0.00000000 0.40762925 0.11030587 0.13889160 0.10279083 0.14109074 0.03400963 0.14037627 0.08793220 0.07546988 0.07738255 0.07452877 0.07602939 0.15353325 0.10839336 0.15653082 0.21214489 0.11181297 0.06931067 0.25723823 0.16129944 0.14681772 0.05798938 0.07917003 0.14777540 0.15670443 0.12639296 0.11741514 0.14817144 0.10159925 0.14591901 0.06158461 0.10119028 0.05415716 0.08891355 0.07880807 0.15011041 0.11650722 0.25236875 0.08475941 0.09512968 0.12390024 0.07313650 0.09765898 0.12253328 0.14387093 0.10936642 0.11676871 0.11553634 0.09508400 0.08047893 0.12296473 0.14355369 0.11565024 0.09990221 0.12984932 0.12673933 0.00588195 0.11614045 0.15699916 0.10300940 0.10876428 0.18659246 0.07224606 0.06208685 0.16466531 0.14219525 0.11064530 0.10468692 0.14365680 0.09474594 0.12053027 0.08705690 0.11727731 0.11043454 0.09755416 0.11174216 0.11945621 0.09168506 0.06965316 0.15520403 0.05649430 0.06112242 0.17112318 0.04501266 0.13298531 0.13637396 0.08724132 0.11912158 0.04453063 0.10505979 0.08745002 0.07756617 0.05181213 0.10557156 0.07287659 0.07240398 0.10031051 0.11024013 0.14167152 0.10287304 0.11093377 0.07025320 0.08774374 0.08891628 0.13425860 0.13368110 0.10430507 0.11980659 0.06346464 0.06941840 0.15272585 0.05549229 0.09406413 0.12504842 0.09727697 0.14051453 0.05252151 0.10907540 
0.10990281 0.12481794 0.15972608 0.40762925 0.00000000 0.20070337 0.24013689 0.12536141 0.12482821 0.15486203 0.11532940 0.10415103 0.11175542 0.15444388 0.12009920 0.07848682 0.08154110 0.15645202 0.09276425 0.45736606 0.18119463 0.11857926 0.15976645 0.15045639 0.12760024 0.11558492 0.05025794 0.11303173 0.09134327 0.11650645 0.15246659 0.12102668 0.07409944 0.11367102 0.05244617 0.08684182 0.07973162 0.08145940 0.07199258 0.17785489 0.10677254 0.15512060 0.11893560 0.08534430 0.14041643 0.09368622 0.07687498 0.06616543 0.10986147 0.09222785 0.10798743 0.02731224 0.06825521 0.08712470 0.06989059 0.10394829 0.09533564 0.11790865 0.09905082 0.08828047 0.10644755 0.09041473 0.10280597 0.13508922 0.15993834 0.20383845 0.10335682 0.09229184 0.06733494 0.10207360 0.11355876 0.10847193 0.11651565 0.09552739 0.08581351 0.07571045 0.10775474 0.09227688 0.06218156 0.14617977 0.11421020 0.08982386 0.10451977 0.17943750 0.11143667 0.10715567 0.08939172 0.15235662 0.13782026 0.08656512 0.08321101 0.11229703 0.05959352 0.08433701 0.08076220 0.08766486 0.07614374 0.06369075 0.10143608 0.06722426 0.15247399 0.13768319 0.05240394 0.10476546 0.10455856 0.10742831 0.12134093 0.08107501 0.09389771 0.03612015 0.10921632 0.07254803 0.07308172 0.04248584 0.12272538 0.07230083 0.08346560 0.06350417 0.09628270 0.14219918 0.06907605 0.09158362 
0.14297693 0.37590213 0.38710209 0.11030587 0.20070337 0.00000000 0.10987752 0.26386905 0.13074455 0.12157964 0.08437113 0.16072585 0.09476181 0.14163813 0.12165968 0.07597501 0.09482580 0.09153337 0.05133146 0.17762228 0.19621387 0.10454810 0.16048772 0.11921538 0.10995098 0.10943645 0.07047090 0.10192590 0.09658351 0.08710559 0.11111894 0.11470834 0.09442526 0.14921159 0.06718727 0.07596459 0.09954157 0.11806650 0.09635228 0.04819208 0.10007015 0.06385209 0.05764629 0.09649689 0.08624288 0.07379524 0.09615200 0.04704268 0.07082502 0.20929635 0.09956721 0.07007254 0.12822405 0.09766321 0.09967747 0.09796231 0.12583725 0.08829305 0.06456552 0.15587960 0.02023351 0.07148317 0.20178024 0.08856974 0.08850389 0.13856530 0.21840537 0.11686295 0.02570449 0.08758965 0.09964570 0.07603010 0.05952994 0.12624013 0.14243479 0.09697167 0.10673537 0.09481618 0.10692748 0.13803444 0.12553319 0.12036229 0.06837845 0.12358382 0.05038696 0.08658213 0.09850363 0.07834138 0.08855033 0.14102592 0.09662248 0.02752052 0.14335543 0.07096700 0.08549010 0.09283690 0.12427503 0.05190898 0.09335654 0.08328785 0.08922137 0.03305512 0.07186688 0.11381316 0.10342802 0.11500639 0.07650582 0.12673883 0.07961312 0.16328481 0.10619412 0.09945015 0.13390633 0.10780412 0.10749837 0.10871450 0.15445515 0.07180879 0.11322447 0.08823124 0.08963742 0.13860511 
0.05360184 0.07677706 0.10987454 0.13889160 0.24013689 0.10987752 0.00000000 0.16189173 0.25732728 0.13887580 0.11409701 0.10093918 0.09214884 0.13234008 0.12349512 0.05908678 0.10381914 0.48797596 0.08936318 0.28259884 0.07490143 0.14012077 0.11383720 0.09016938 0.07555225 0.10115910 0.13364556 0.12447694 0.17455823 0.13117141 0.09080151 0.06979997 0.10207617 0.08537731 0.18015375 0.07504431 0.09217326 0.11273045 0.09196727 0.10294471 0.06629706 0.16682064 0.11352159 0.27554830 0.15106552 0.07962809 0.09963083 0.08538005 0.19106214 0.11366575 0.18801656 0.12721732 0.04596749 0.14919785 0.10474571 0.09985046 0.08743548 0.07915079 0.13636690 0.11090923 0.07115599 0.06654135 0.06987353 0.09280765 0.06150407 0.09782722 0.11805566 0.09448291 0.13232666 0.11997419 0.04902444 0.15091218 0.12374172 0.10140309 0.11068532 0.08787656 0.07475795 0.09722575 0.06490184 0.12241471 0.14107109 0.08955729 0.09657927 0.11401827 0.14142766 0.10664455 0.11297815 0.12365053 0.09053108 0.08998476 0.07806194 0.12396824 0.14183122 0.06586235 0.15075690 0.12543688 0.06560049 0.14864407 0.04443057 0.08148199 0.10166654 0.12852489 0.02790705 0.09385714 0.05374419 0.04721622 0.02524312 0.09782168 0.09775197 0.16641843 0.13530369 0.11607581 0.11302366 0.11095857 0.05536221 0.06482196 0.05649583 0.06107528 0.06276185 0.03603674 0.10967930 0.18527156 
0.13759503 0.20659249 0.14747185 0.10279083 0.12536141 0.26386905 0.16189173 0.00000000 0.10394156 0.17115563 0.05369322 0.16923813 0.09785695 0.09399365 0.11181176 0.16803476 0.10185020 0.08962814 0.18570785 0.11061157 0.23673818 0.14009835 0.12427868 0.09964154 0.09204190 0.15474367 0.09646316 0.08685205 0.09036195 0.12888259 0.07180239 0.16107006 0.12631997 0.08958717 0.11432702 0.09713966 0.11333041 0.11281092 0.20904608 0.08728713 0.10644083 0.09962911 0.17455841 0.11299487 0.09119948 0.07574688 0.08081612 0.06138757 0.09603871 0.10876860 0.07841071 0.11446766 0.11718347 0.10062946 0.08962577 0.07303642 0.08773254 0.08061837 0.13608899 0.09022238 0.08617343 0.09605395 0.18211015 0.09442161 0.06838450 0.05981757 0.11725017 0.13172172 0.08985565 0.09134721 0.07925523 0.14457724 0.08875618 0.14058438 0.09078655 0.07490606 0.09340228 0.16634529 0.09511613 0.08393639 0.06617803 0.15328318 0.03706537 0.20670378 0.05972236 0.08912974 0.10595174 0.17062741 0.12340162 0.08522431 0.08431545 0.08084467 0.10650721 0.06036240 0.08250358 0.07665210 0.11348643 0.08807188 0.09139867 0.10822418 0.04626862 0.08298582 0.06452105 0.07495892 0.08784824 0.10544783 0.13005032 0.05849973 0.11823372 0.09823237 0.05738602 0.12439485 0.11762490 0.12778506 0.12296698 0.14840655 0.12805326 0.10015647 0.07695202 0.08202480 0.13525948 0.09690304 
0.06169414 0.06878680 0.05844718 0.14109074 0.12482821 0.13074455 0.25732728 0.10394156 0.00000000 0.09544335 0.15425452 0.14207196 0.06749671 0.03839430 0.10793551 0.06082484 0.10168130 0.30593353 0.12393436 0.13678832 0.07526793 0.11949596 0.14534420 0.10252085 0.10569979 0.12345136 0.06559971 0.12654556 0.08232401 0.12220466 0.09120955 0.05332893 0.10679233 0.11605109 0.14554512 0.09402469 0.07616313 0.10135426 0.05173222 0.08870649 0.11651285 0.12719423 0.12542749 0.10985226 0.11935264 0.10211520 0.17393978 0.15095912 0.13955770 0.08525750 0.13768968 0.10950957 0.06474538 0.13771380 0.13864293 0.10404122 0.07113346 0.13437632 0.11834256 0.10335742 0.19677645 0.03874624 0.05889445 0.08548575 0.09126536 0.16187665 0.13561795 0.10924199 0.11455063 0.12287738 0.08132296 0.14515149 0.07392487 0.09156641 0.12334426 0.10978129 0.14490364 0.11216953 0.06907678 0.13602033 0.27415272 0.10477414 0.08939594 0.07020267 0.11155864 0.11024565 0.12176587 0.09897419 0.08906656 0.09130287 0.13180276 0.12909431 0.08946017 0.13445268 0.17217899 0.08286191 0.05891184 0.13079176 0.08009473 0.10850512 0.07888951 0.10358574 0.08619084 0.12246680 0.06294981 0.09826777 0.09455970 0.18380684 0.13419281 0.09399244 0.06890239 0.16330888 0.09164155 0.15218814 0.10039028 0.10352240 0.09129622 0.07727370 0.14568657 0.07744646 0.11376655 0.07921372 
0.20108789 0.16685512 0.15578780 0.03400963 0.15486203 0.12157964 0.13887580 0.17115563 0.09544335 0.00000000 0.09108446 0.16115819 0.14721177 0.13191769 0.09535883 0.16262936 0.08069466 0.09960315 0.29420100 0.09950364 0.14360306 0.12091893 0.14154961 0.07248914 0.09739558 0.10878370 0.07921912 0.07885625 0.11571063 0.13712160 0.07416183 0.07715578 0.06246950 0.10949235 0.10784458 0.10063036 0.11692872 0.13967708 0.12840282 0.10949063 0.09306268 0.06401185 0.13439306 0.09053307 0.11554073 0.14346533 0.09224940 0.08155402 0.14604594 0.07077457 0.11418416 0.07062560 0.11678640 0.08176725 0.07373273 0.13611858 0.14930160 0.08909245 0.13219376 0.12001473 0.09345346 0.15138286 0.09988203 0.12318696 0.09798848 0.08390345 0.07943988 0.05849523 0.06615258 0.08958118 0.07971628 0.07833458 0.09494941 0.08358991 0.13376087 0.07219757 0.04463683 0.08041964 0.08466936 0.11912635 0.10433238 0.10568362 0.08619258 0.35027631 0.08218328 0.09712523 0.07761703 0.10203299 0.11836351 0.07323371 0.13806413 0.11412048 0.07021402 0.10693394 0.11080274 0.12862368 0.12919435 0.14663095 0.21709107 0.10823233 0.08678834 0.10850170 0.08990016 0.10600562 0.07489090 0.11359129 0.09694549 0.07297095 0.08194878 0.06998008 0.06602175 0.07675897 0.09651399 0.07450748 0.13841740 0.08069604 0.14139193 0.14651069 0.10182613 0.12644392 0.08113545 0.09838921 
0.10898449 0.04377181 0.14363115 0.14037627 0.11532940 0.08437113 0.11409701 0.05369322 0.15425452 0.09108446 0.00000000 0.11435452 0.16788735 0.06418629 0.14965445 0.17954768 0.17839670 0.12730444 0.18570204 0.06760068 0.08483763 0.11855859 0.04917559 0.08084247 0.06815737 0.14850003 0.11294156 0.07669056 0.06767647 0.12089826 0.09558128 0.08069252 0.06566853 0.07216504 0.12278692 0.11733526 0.11832229 0.13082910 0.11884766 0.06256861 0.08808270 0.08839628 0.11837669 0.10499590 0.11216949 0.10140598 0.14155714 0.09578862 0.10649268 0.10867532 0.07844809 0.10200719 0.09837723 0.08672221 0.10166677 0.10879167 0.09592645 0.10168304 0.12567343 0.13943161 0.14846767 0.04840542 0.18668972 0.20463181 0.10184015 0.08301499 0.08912105 0.06419819 0.09851046 0.15496407 0.11340920 0.08368906 0.09719531 0.10136591 0.14032613 0.07389919 0.11962808 0.09022412 0.13048175 0.10666154 0.14303956 0.09598258 0.15341053 0.08362021 0.12997708 0.08520314 0.12095505 0.05063747 0.08540834 0.06794661 0.03850989 0.05070733 0.17057730 0.13040588 0.12153923 0.10075888 0.10293557 0.08928033 0.14346603 0.13875249 0.21121522 0.15906114 0.14211028 0.14030385 0.12686446 0.06720608 0.09757304 0.11121151 0.04796617 0.09195741 0.08010345 0.05508356 0.09223262 0.13819517 0.10762680 0.12526235 0.14488822 0.12665842 0.12481155 0.18905190 0.12692015 0.13793072 
0.12744252 0.15574153 0.13371686 0.08793220 0.10415103 0.16072585 0.10093918 0.16923813 0.14207196 0.16115819 0.11435452 0.00000000 0.20193884 0.21340514 0.22899708 0.18990200 0.14227204 0.09228864 0.10089639 0.12415067 0.14547115 0.16806883 0.08556843 0.13158619 0.10313336 0.08970066 0.10429194 0.08185651 0.07740998 0.10716067 0.10149553 0.09131515 0.09281563 0.10603444 0.09557038 0.10992405 0.09786848 0.08897709 0.10734868 0.09205031 0.10184223 0.10157137 0.09825259 0.09552538 0.08593521 0.10553117 0.08584672 0.09386870 0.09514885 0.09452328 0.07622066 0.09041525 0.10147382 0.09071929 0.08813723 0.08244335 0.10707110 0.08506335 0.11279758 0.09992901 0.10668044 0.10756424 0.13070114 0.10637990 0.09492342 0.09364468 0.08252059 0.10796400 0.08972216 0.09409918 0.10753776 0.08014821 0.09191457 0.10049656 0.08604855 0.09020498 0.10603456 0.10328935 0.09896065 0.10890355 0.09563966 0.11651204 0.09703641 0.08914757 0.11289372 0.10606209 0.10200284 0.08299080 0.09946649 0.09148098 0.08636251 0.08570185 0.10366891 0.08674824 0.11654862 0.11901965 0.11689481 0.10127505 0.09372054 0.10880828 0.09454275 0.10976119 0.11938653 0.10529661 0.09873164 0.11434752 0.10891694 0.11953367 0.10707089 0.08580477 0.08566991 0.11451636 0.13379928 0.09187395 0.10051553 0.11183313 0.12283370 0.12487531 0.10351885 0.11780520 0.09093700 0.10227235 
0.10707280 0.11085924 0.08699465 0.07546988 0.11175542 0.09476181 0.09214884 0.09785695 0.06749671 0.14721177 0.16788735 0.20193884 0.00000000 0.17115481 0.19343108 0.19058174 0.15737069 0.07646797 0.10774594 0.08654148 0.14050282 0.14589647 0.10881531 0.11879287 0.08373379 0.11738043 0.08747517 0.08809267 0.11249643 0.10826754 0.06720634 0.09446861 0.10909205 0.08215684 0.08548217 0.13253966 0.14045691 0.07910436 0.10555221 0.13547544 0.09309763 0.09024458 0.10911700 0.13689719 0.07507854 0.10403603 0.08704502 0.10162608 0.10838137 0.10899714 0.11714723 0.09879661 0.11207079 0.08969973 0.08978095 0.11975919 0.13073131 0.08983400 0.08716266 0.10029057 0.15606287 0.09560006 0.13745067 0.12995231 0.11950426 0.12218531 0.07789770 0.09727566 0.08541001 0.13144063 0.12655871 0.10196147 0.09252735 0.09185026 0.08689998 0.10589104 0.10454976 0.11038172 0.10115475 0.10529471 0.13940176 0.14595337 0.12056894 0.11270312 0.10649228 0.10164290 0.10451032 0.11439268 0.07759567 0.09787557 0.11121497 0.09876043 0.11119498 0.09448763 0.13107150 0.15472083 0.15467145 0.11680045 0.11532267 0.09506147 0.10325916 0.11362114 0.11428134 0.11574025 0.13322942 0.11253855 0.10338549 0.09373342 0.07949519 0.08776397 0.08539848 0.08902336 0.14072059 0.09023005 0.05908380 0.08711529 0.10775218 0.09605518 0.06678815 0.07426276 0.06697919 0.05987766 
0.10439052 0.10647584 0.10949855 0.07738255 0.15444388 0.14163813 0.13234008 0.09399365 0.03839430 0.13191769 0.06418629 0.21340514 0.17115481 0.00000000 0.13551606 0.18518505 0.07632102 0.09333623 0.07221219 0.16763126 0.15164962 0.08854773 0.22711743 0.11114734 0.16234332 0.06927526 0.14146864 0.07094116 0.17148302 0.09874031 0.06931101 0.10160389 0.09588716 0.06916366 0.06880267 0.12218632 0.14616798 0.05951208 0.16845807 0.12304687 0.04356761 0.07333893 0.05537089 0.09347307 0.08373749 0.09813695 0.23365405 0.09103100 0.06028930 0.09139334 0.18638163 0.12042720 0.11128141 0.10353126 0.08781731 0.04405814 0.12877442 0.04076965 0.14084131 0.07601865 0.09535429 0.08090971 0.23019423 0.09099513 0.09709192 0.10158494 0.06538461 0.14119958 0.07719388 0.08340960 0.09219182 0.09802509 0.14547431 0.13707256 0.05928426 0.08219295 0.15864989 0.06149953 0.10536919 0.07998234 0.16281462 0.11572005 0.05478857 0.02982323 0.06509156 0.12156964 0.08959953 0.16201352 0.05019873 0.13423301 0.17474562 0.06163187 0.14732584 0.14997607 0.16575361 0.15806439 0.12180887 0.15134130 0.08595317 0.09793376 0.09460969 0.07868414 0.11658405 0.14806536 0.05985850 0.19043243 0.09568860 0.12286467 0.13277046 0.07007688 0.08205429 0.06283308 0.08884032 0.09411062 0.12049384 0.11605413 0.08866792 0.08109926 0.10791447 0.08477593 0.11143384 0.12772819 
0.14765022 0.10953678 0.12245694 0.07452877 0.12009920 0.12165968 0.12349512 0.11181176 0.10793551 0.09535883 0.14965445 0.22899708 0.19343108 0.13551606 0.00000000 0.19202356 0.12386715 0.08804063 0.12456142 0.07520342 0.13897604 0.16116829 0.09855678 0.09684521 0.12414681 0.11081068 0.07564160 0.07026248 0.05499550 0.09338511 0.08680078 0.09404598 0.09569763 0.11766918 0.07442292 0.10179749 0.09097925 0.07464491 0.10627291 0.09554063 0.08577489 0.11058055 0.13691085 0.11033719 0.09727259 0.11179075 0.07610899 0.06165330 0.04454998 0.06728567 0.07092651 0.11752538 0.07669852 0.07803158 0.09266875 0.08027828 0.11939369 0.10513319 0.09757249 0.11099857 0.12693447 0.12414834 0.11602960 0.14726440 0.15568184 0.09049754 0.10008068 0.11770993 0.09541715 0.10423286 0.13089366 0.08575705 0.12740485 0.11373487 0.07781260 0.08555970 0.15723242 0.09174198 0.15399493 0.09029773 0.15028673 0.09550161 0.13643136 0.11800413 0.10350984 0.09181230 0.11464047 0.09002711 0.10986547 0.07243329 0.09196552 0.10683977 0.08264804 0.09937724 0.13984394 0.10807150 0.11847435 0.07115056 0.11688102 0.15002006 0.08862597 0.11888425 0.13794805 0.15605809 0.17069296 0.09756254 0.08210838 0.11405399 0.10626000 0.10306201 0.10746579 0.11707022 0.10962153 0.11828023 0.08326924 0.11701755 0.09565022 0.13010695 0.08399762 0.10349237 0.11204809 0.06643110 
0.10471153 0.14145466 0.13904513 0.07602939 0.07848682 0.07597501 0.05908678 0.16803476 0.06082484 0.16262936 0.17954768 0.18990200 0.19058174 0.18518505 0.19202356 0.00000000 0.15751239 0.06498848 0.17609521 0.07299294 0.13771179 0.09458386 0.10087109 0.12500251 0.08500644 0.20434916 0.06730561 0.05600259 0.05829774 0.06520339 0.07308567 0.08257656 0.12699829 0.14407292 0.11209693 0.10046599 0.12136306 0.10332870 0.13699119 0.14471963 0.10564365 0.08736699 0.08171538 0.12536443 0.10053172 0.18764692 0.06250914 0.09214033 0.08196939 0.13579551 0.09294089 0.21357390 0.11583466 0.09681687 0.07647298 0.10521668 0.10410825 0.07308386 0.08059119 0.08696110 0.11639774 0.05666769 0.12083349 0.10901989 0.12053523 0.11263200 0.11065357 0.09256321 0.06506009 0.12848502 0.14624578 0.09868996 0.12165488 0.14815521 0.14676704 0.06300255 0.11581344 0.10404805 0.13634269 0.09851765 0.11945628 0.13052263 0.10844805 0.09620257 0.11207799 0.15797914 0.14395033 0.07815073 0.10294994 0.08752055 0.11954376 0.11384673 0.09754530 0.06510145 0.08193564 0.16311662 0.08338561 0.05444167 0.07053008 0.12525651 0.07499943 0.14474451 0.07620779 0.08408403 0.12172304 0.12453841 0.08834728 0.09384363 0.11653280 0.07099021 0.11451977 0.05673254 0.07754837 0.08357743 0.05965633 0.14207503 0.13136152 0.13345179 0.09861788 0.09565647 0.07711731 0.10604041 
0.07261542 0.11580602 0.16634148 0.15353325 0.08154110 0.09482580 0.10381914 0.10185020 0.10168130 0.08069466 0.17839670 0.14227204 0.15737069 0.07632102 0.12386715 0.15751239 0.00000000 0.15213395 0.11770851 0.11978548 0.09874974 0.24622060 0.08685119 0.15810260 0.06342772 0.09611706 0.15815057 0.12984253 0.16745438 0.15542215 0.13373263 0.08518516 0.14876168 0.10199305 0.10346436 0.14110562 0.12017359 0.11013513 0.09499962 0.10450959 0.14526262 0.10799118 0.12647532 0.12300024 0.12676935 0.12313135 0.17914049 0.11986643 0.10638731 0.10763565 0.16112712 0.05491750 0.13023080 0.09997725 0.08910057 0.12751501 0.11732623 0.09961053 0.10541623 0.11616263 0.09873120 0.05430712 0.06095010 0.08767491 0.06781178 0.14307544 0.09853235 0.13257905 0.06039056 0.08551945 0.07594497 0.13901454 0.10925963 0.09867644 0.09219477 0.16283267 0.06845472 0.07454300 0.11539338 0.06556984 0.09205628 0.12125885 0.09991349 0.06631645 0.08298519 0.10178699 0.07248614 0.05410342 0.08140686 0.13059975 0.14233776 0.16551233 0.06398622 0.04684234 0.07076787 0.09796423 0.10218221 0.10961904 0.14709326 0.07931657 0.16031662 0.06799902 0.11749163 0.08160531 0.09138456 0.07628690 0.09679357 0.09180437 0.13819110 0.15360986 0.13948250 0.09988157 0.09531131 0.11159081 0.08745714 0.11871231 0.09221059 0.09129186 0.08631706 0.13376761 0.11793054 0.08801673 
0.08434166 0.10114677 0.15127182 0.10839336 0.15645202 0.09153337 0.48797596 0.08962814 0.30593353 0.09960315 0.12730444 0.09228864 0.07646797 0.09333623 0.08804063 0.06498848 0.15213395 0.00000000 0.10482138 0.30542498 0.09875809 0.09337936 0.08332960 0.13074257 0.09141459 0.08206803 0.10734573 0.13130605 0.07757524 0.07970138 0.13054839 0.10995811 0.14339962 0.06125981 0.08331349 0.07957469 0.11772841 0.10314234 0.05038672 0.10207470 0.08576610 0.15594705 0.06907908 0.20842127 0.32739500 0.08739698 0.15254280 0.08728589 0.10083204 0.17992315 0.12843451 0.06518905 0.08609252 0.06560151 0.11467898 0.09043938 0.18851002 0.11541651 0.14883645 0.11252745 0.08518305 0.06776057 0.06807659 0.07477070 0.08169859 0.12474127 0.17135099 0.08174529 0.11464041 0.13355140 0.09221740 0.16886635 0.11659653 0.11138622 0.08949995 0.10845242 0.17126751 0.11617325 0.07347218 0.10272374 0.16301372 0.10774991 0.05164465 0.12135231 0.13839224 0.08772866 0.06976447 0.07393968 0.11381414 0.11234384 0.07996744 0.07150625 0.12085495 0.11116369 0.11592044 0.09656311 0.12611297 0.06878483 0.10364338 0.12443680 0.09919859 0.05669509 0.06572314 0.06597453 0.08620624 0.05967533 0.06919095 0.11152991 0.06479276 0.10897770 0.10119448 0.07509663 0.13095061 0.07512124 0.05692081 0.09130184 0.08205406 0.09502981 0.12294419 0.12517968 0.10903267 0.11659941 
0.11687453 0.07074529 0.08012535 0.15653082 0.09276425 0.05133146 0.08936318 0.18570785 0.12393436 0.29420100 0.18570204 0.10089639 0.10774594 0.07221219 0.12456142 0.17609521 0.11770851 0.10482138 0.00000000 0.09553433 0.10405193 0.11154168 0.16044397 0.10270742 0.12597996 0.07938816 0.09171243 0.06291838 0.06178616 0.07023723 0.04738419 0.08055183 0.04429860 0.05740996 0.05076346 0.07000603 0.06774645 0.07553884 0.15273214 0.10484890 0.47322373 0.08243110 0.29352112 0.10828016 0.09764751 0.08959226 0.07550820 0.05819588 0.11329344 0.11017867 0.09094327 0.07136925 0.10283513 0.07218890 0.09021438 0.01837212 0.08423171 0.21850682 0.05952042 0.11053691 0.05193355 0.29206263 0.09561617 0.10733348 0.17434226 0.07801464 0.08566305 0.08868456 0.15213624 0.11263442 0.11995419 0.09438010 0.09249228 0.10921391 0.09974609 0.12674847 0.10723045 0.06377491 0.08549786 0.08557376 0.05689077 0.10806517 0.10532340 0.67696797 0.08293988 0.28543030 0.07112285 0.05449224 0.05832965 0.12291730 0.08813708 0.06818594 0.07117224 0.13037858 0.09099455 0.10858982 0.07999475 0.12953954 0.07388730 0.11989315 0.14570614 0.10759236 0.08728120 0.06047162 0.08404949 0.05192570 0.04305711 0.12595296 0.06301772 0.15887004 0.06039569 0.17386889 0.08013535 0.18116699 0.04543060 0.07911815 0.12456281 0.06183090 0.12869121 0.05978681 0.05950929 0.07316386 
0.09631035 0.09531495 0.12043675 0.21214489 0.45736606 0.17762228 0.28259884 0.11061157 0.13678832 0.09950364 0.06760068 0.12415067 0.08654148 0.16763126 0.07520342 0.07299294 0.11978548 0.30542498 0.09553433 0.00000000 0.17831208 0.05671099 0.15864639 0.07742575 0.13582935 0.12897698 0.07262346 0.10029764 0.10227360 0.07251277 0.08675238 0.07673400 0.06978151 0.09355933 0.11079464 0.09645376 0.08932646 0.11809523 0.10621639 0.14400298 0.11940486 0.29006070 0.11210996 0.39836375 0.10615170 0.12576312 0.13223338 0.11550034 0.10392054 0.10700721 0.09534766 0.08096332 0.09122982 0.13172575 0.11996490 0.12416618 0.09708378 0.08224775 0.18817082 0.09579330 0.04052010 0.14302454 0.07471228 0.08823922 0.05479982 0.15873063 0.05806087 0.13918868 0.07297601 0.09852901 0.07854413 0.10458218 0.10794547 0.10818801 0.11583937 0.12017384 0.08964576 0.15351189 0.09931098 0.05858723 0.10527456 0.08151625 0.15651337 0.15379635 0.09249657 0.08808543 0.07073729 0.12692399 0.10127162 0.13038494 0.02745722 0.08074280 0.10933621 0.07002711 0.08469398 0.10321427 0.07757662 0.10582176 0.13371191 0.08493985 0.09806038 0.07232146 0.05613399 0.07651479 0.10551159 0.11598650 0.08033754 0.05589940 0.02299392 0.08187409 0.07968120 0.06021886 0.07316958 0.08686205 0.04758872 0.09941505 0.09517573 0.07569412 0.08309134 0.07818099 0.09035530 0.21193969 
0.15175242 0.42926477 0.08030247 0.11181297 0.18119463 0.19621387 0.07490143 0.23673818 0.07526793 0.14360306 0.08483763 0.14547115 0.14050282 0.15164962 0.13897604 0.13771179 0.09874974 0.09875809 0.10405193 0.17831208 0.00000000 0.10521914 0.17859730 0.11985379 0.19208530 0.07762371 0.13916267 0.09611608 0.09549946 0.09665766 0.10000436 0.04664242 0.09473730 0.08817174 0.07861990 0.09159567 0.07874423 0.10714792 0.64047013 0.11675950 0.10210053 0.20798211 0.12764689 0.14405402 0.10231793 0.05545026 0.08658534 0.06153980 0.12197161 0.03305684 0.14480186 0.08970664 0.08558678 0.11005010 0.11376094 0.15971645 0.11014471 0.07166676 0.18330537 0.08596867 0.10105764 0.10910269 0.05377249 0.06551752 0.08645960 0.06206505 0.08768890 0.07288432 0.04634715 0.08962822 0.06444870 0.07648810 0.11995022 0.09563509 0.09648362 0.13757479 0.06331100 0.07570285 0.06528931 0.07060377 0.08449590 0.12604020 0.14561720 0.11375059 0.05214873 0.06415295 0.12332267 0.21253576 0.06237304 0.11212426 0.07383090 0.07480535 0.11116876 0.04439535 0.07988666 0.04523418 0.12035391 0.14433053 0.07033657 0.08317644 0.07381354 0.07397748 0.09728761 0.05070746 0.08033571 0.08562149 0.16435410 0.11015345 0.04230351 0.10334101 0.12869870 0.08947996 0.08299998 0.06431101 0.09617535 0.10771466 0.08722305 0.09677761 0.11320633 0.06504050 0.05896555 0.10968653 
0.09260200 0.07775724 0.06149169 0.06931067 0.11857926 0.10454810 0.14012077 0.14009835 0.11949596 0.12091893 0.11855859 0.16806883 0.14589647 0.08854773 0.16116829 0.09458386 0.24622060 0.09337936 0.11154168 0.05671099 0.10521914 0.00000000 0.13027274 0.15959878 0.16826915 0.12262877 0.09738746 0.10050545 0.12599046 0.10911305 0.05501426 0.11443877 0.13952201 0.07034163 0.13455107 0.12771616 0.11900939 0.12315696 0.09013629 0.12092832 0.10018754 0.16414076 0.10107943 0.15235453 0.06483505 0.11205588 0.14045009 0.09255240 0.10199064 0.06903743 0.15296106 0.13193006 0.10701718 0.10021937 0.15282247 0.24794314 0.14943542 0.11517241 0.08508504 0.11777368 0.08285225 0.05107278 0.10011896 0.09444814 0.08360238 0.12281559 0.15328334 0.09339067 0.13365462 0.08196920 0.08272135 0.10840734 0.08598482 0.08798037 0.11112533 0.09308071 0.07796859 0.09872181 0.08426116 0.05960688 0.13379755 0.10632453 0.09168297 0.11199239 0.15056005 0.09758671 0.09133460 0.08126839 0.08709581 0.15031823 0.10298382 0.08693129 0.08205586 0.15169047 0.10311902 0.11601150 0.09815903 0.14777762 0.09859793 0.11865051 0.08925582 0.09363535 0.07342623 0.09230304 0.08061507 0.07454764 0.06156188 0.10143193 0.06240241 0.06735146 0.11013255 0.11776457 0.12076560 0.09995811 0.08662294 0.08833250 0.10098880 0.09217482 0.09279874 0.09518831 0.14616854 0.15314057 
0.13172702 0.11754102 0.08798277 0.25723823 0.15976645 0.16048772 0.11383720 0.12427868 0.14534420 0.14154961 0.04917559 0.08556843 0.10881531 0.22711743 0.09855678 0.10087109 0.08685119 0.08332960 0.16044397 0.15864639 0.17859730 0.13027274 0.00000000 0.23172134 0.26672760 0.06840145 0.08727653 0.18948287 0.22492560 0.15994508 0.08697709 0.12815134 0.19337144 0.08837981 0.09445178 0.08246505 0.05652313 0.13585734 0.03312107 0.14737541 0.10436737 0.12615522 0.06030229 0.10199687 0.11228722 0.10603478 0.09457952 0.07396870 0.12447621 0.08840432 0.16592197 0.12113388 0.10951504 0.13766874 0.17211339 0.09218314 0.09124514 0.11774878 0.07191536 0.12341020 0.11668613 0.07817237 0.06397504 0.06166259 0.17167137 0.12234627 0.05305649 0.07763088 0.09217934 0.07468147 0.07246965 0.09300992 0.08326180 0.10512789 0.15796391 0.10052422 0.05337034 0.19387974 0.08720684 0.13069901 0.12284149 0.10613320 0.17154194 0.12077940 0.04372110 0.11148966 0.06035829 0.10819600 0.11720875 0.10465166 0.11998780 0.06320919 0.08397745 0.12726797 0.10248963 0.07466423 0.13530827 0.07008923 0.08563217 0.09247165 0.08472513 0.05786572 0.09920032 0.12478444 0.09325625 0.13352937 0.14417279 0.04702975 0.09835698 0.08027402 0.09304916 0.12357248 0.08633851 0.05258464 0.15162209 0.09915520 0.10794561 0.05938938 0.09609720 0.10287519 0.03270871 0.07503389 
0.13507296 0.11972069 0.13103039 0.16129944 0.15045639 0.11921538 0.09016938 0.09964154 0.10252085 0.07248914 0.08084247 0.13158619 0.11879287 0.11114734 0.09684521 0.12500251 0.15810260 0.13074257 0.10270742 0.07742575 0.11985379 0.15959878 0.23172134 0.00000000 0.20473453 0.11410854 0.14736395 0.07862418 0.12956438 0.11417716 0.21141134 0.15256172 0.21102806 0.13191406 0.13646457 0.13141167 0.14084012 0.11340430 0.08003761 0.09337526 0.13279906 0.05271966 0.12857379 0.09774810 0.09192210 0.09091988 0.11985026 0.10094007 0.06372469 0.08163702 0.10296064 0.05849687 0.12936449 0.09987476 0.09151154 0.13148630 0.10226522 0.09317043 0.12832268 0.11565281 0.08164333 0.07613355 0.13968728 0.10820550 0.12476428 0.09894174 0.11807351 0.09660416 0.13312723 0.10549879 0.10710401 0.12308519 0.15994566 0.11945262 0.08102894 0.06630680 0.07398092 0.10861918 0.20022715 0.11905969 0.13434710 0.09266921 0.10152912 0.12087861 0.12492663 0.08672859 0.12029623 0.08743061 0.07905622 0.07988606 0.12394288 0.11391147 0.06921486 0.08559678 0.08892014 0.08350702 0.07096653 0.09124121 0.08203070 0.14614198 0.07670625 0.16276545 0.08564951 0.11057857 0.10608196 0.07796423 0.07710926 0.08465748 0.10734479 0.06625353 0.19555283 0.10620118 0.07291806 0.08359214 0.04868369 0.05943673 0.05254845 0.11219751 0.13155095 0.07902767 0.04535031 0.09277044 
0.11717012 0.08439728 0.07220223 0.14681772 0.12760024 0.10995098 0.07555225 0.09204190 0.10569979 0.09739558 0.06815737 0.10313336 0.08373379 0.16234332 0.12414681 0.08500644 0.06342772 0.09141459 0.12597996 0.13582935 0.19208530 0.16826915 0.26672760 0.20473453 0.00000000 0.13895855 0.15087692 0.12094870 0.10342556 0.08130263 0.12390267 0.12162680 0.09685845 0.10298094 0.08232467 0.08388254 0.10763557 0.09913991 0.14725724 0.35950816 0.08456938 0.09435763 0.15944796 0.07803894 0.04589830 0.05898585 0.09233990 0.07018873 0.10477705 0.10502852 0.05260805 0.11528914 0.08605065 0.12591835 0.07496570 0.10730342 0.16784740 0.08781724 0.18389127 0.11135518 0.11570255 0.09183960 0.09203746 0.11767133 0.09154831 0.07719014 0.07536953 0.08953763 0.13563271 0.09612276 0.11533127 0.10687051 0.11496888 0.07154276 0.12054606 0.09404403 0.10861615 0.11989421 0.09834624 0.11572494 0.07469462 0.10453209 0.11256017 0.10799005 0.10603965 0.13675574 0.12254638 0.14845041 0.13295995 0.06166756 0.05031681 0.15335534 0.07194450 0.06979890 0.14402554 0.07846088 0.09800139 0.13932392 0.10907180 0.11648868 0.07067899 0.13420697 0.09496130 0.13977294 0.06412904 0.07514374 0.07521525 0.10022430 0.14570776 0.05908025 0.09016026 0.10195122 0.13975090 0.10610361 0.13397663 0.11597779 0.14915443 0.10191418 0.13168502 0.11774239 0.07258383 0.13543111 
0.11023665 0.08512559 0.20194261 0.05798938 0.11558492 0.10943645 0.10115910 0.15474367 0.12345136 0.10878370 0.14850003 0.08970066 0.11738043 0.06927526 0.11081068 0.20434916 0.09611706 0.08206803 0.07938816 0.12897698 0.07762371 0.12262877 0.06840145 0.11410854 0.13895855 0.00000000 0.13423407 0.09805831 0.14233982 0.14917839 0.15397035 0.15800113 0.12528763 0.07336247 0.15910819 0.11685143 0.19227819 0.09814967 0.13221182 0.18215279 0.08133833 0.09811285 0.12017883 0.09175811 0.11114804 0.09250427 0.09003778 0.11339832 0.15042770 0.07095758 0.05452286 0.07349643 0.10585129 0.08301446 0.10726693 0.08653247 0.12235654 0.07045492 0.11981865 0.09834481 0.13614446 0.06217606 0.10641276 0.08121163 0.09935515 0.13906402 0.11546359 0.04962321 0.10256243 0.10255087 0.09375908 0.11146936 0.10357144 0.10749448 0.10541632 0.10329686 0.09548937 0.10743200 0.11310405 0.14090574 0.04168419 0.11556122 0.10513144 0.11607592 0.08489153 0.05780155 0.11471426 0.04773400 0.08690852 0.12783206 0.10220417 0.11067401 0.12984728 0.06715451 0.12716924 0.07247625 0.10865966 0.07509062 0.11110115 0.18798784 0.10576279 0.09314760 0.08862090 0.22724973 0.10878309 0.05734525 0.04966611 0.12191072 0.12164605 0.11104924 0.05151742 0.09691952 0.14673204 0.15191962 0.07572194 0.20003526 0.11373271 0.10473559 0.11090123 0.15364723 0.12312179 0.14690085 
0.12870004 0.12649922 0.08161310 0.07917003 0.05025794 0.07047090 0.13364556 0.09646316 0.06559971 0.07921912 0.11294156 0.10429194 0.08747517 0.14146864 0.07564160 0.06730561 0.15815057 0.10734573 0.09171243 0.07262346 0.13916267 0.09738746 0.08727653 0.14736395 0.15087692 0.13423407 0.00000000 0.26465916 0.23241610 0.17298399 0.32265821 0.15412340 0.13045125 0.13149783 0.13255204 0.10056819 0.12388840 0.11176638 0.11908823 0.06468938 0.12674433 0.17602049 0.10441796 0.12786002 0.12442925 0.08250816 0.15707787 0.11266937 0.05545329 0.16972205 0.07159436 0.11760656 0.07633144 0.19833743 0.12413306 0.04165175 0.09174250 0.11680976 0.13304866 0.07600865 0.09680346 0.07122387 0.18747016 0.13181387 0.06958278 0.08839078 0.06163194 0.16191033 0.08162021 0.07920329 0.04895698 0.10063686 0.06095232 0.09122317 0.13824871 0.10876123 0.17646420 0.14321766 0.11644209 0.06774109 0.05474627 0.10839912 0.09555885 0.04636096 0.07489826 0.12075268 0.09032070 0.09755659 0.16277065 0.07122529 0.08339671 0.06996544 0.09869991 0.07070050 0.07983359 0.09246446 0.10992194 0.09694034 0.17169674 0.16239147 0.16100848 0.08572385 0.05604072 0.15344357 0.05946351 0.09300473 0.10971518 0.11241476 0.10519032 0.11706817 0.10564087 0.05542564 0.11305655 0.09020958 0.11513012 0.09824038 0.14893452 0.06096247 0.06055842 0.12949216 0.13122827 0.14103129 
0.11844302 0.09072819 0.16721617 0.14777540 0.11303173 0.10192590 0.12447694 0.08685205 0.12654556 0.07885625 0.07669056 0.08185651 0.08809267 0.07094116 0.07026248 0.05600259 0.12984253 0.13130605 0.06291838 0.10029764 0.09611608 0.10050545 0.18948287 0.07862418 0.12094870 0.09805831 0.26465916 0.00000000 0.31363112 0.24200932 0.22598025 0.20341565 0.15918792 0.10162165 0.06474948 0.12390135 0.10976647 0.07215557 0.14136918 0.15676677 0.14475382 0.14009252 0.05588078 0.13736158 0.10449466 0.10929740 0.12615882 0.07748274 0.09777248 0.11274678 0.13155005 0.05813366 0.11438566 0.21037913 0.10390161 0.10108987 0.08354630 0.10030645 0.12916906 0.05532986 0.10653559 0.13422518 0.05571276 0.06395819 0.14149987 0.08960946 0.08054587 0.13635848 0.13489711 0.14127002 0.10566117 0.17297660 0.11160174 0.08635790 0.07827667 0.10274339 0.06376925 0.17634451 0.07964194 0.07397140 0.10439287 0.08883109 0.09127078 0.05708602 0.06025297 0.21571223 0.09062079 0.09947787 0.17288648 0.11394512 0.16130475 0.12590207 0.07818151 0.06671245 0.12512360 0.08258742 0.09257938 0.06445155 0.13415719 0.08352361 0.07930251 0.04965703 0.07523004 0.12823336 0.10079353 0.11733703 0.09584021 0.12211338 0.07805339 0.05643481 0.11946481 0.08339071 0.12755165 0.07011587 0.09977202 0.09371151 0.12550348 0.09242214 0.07554573 0.10165314 0.10903179 0.09856309 
0.12168080 0.11182034 0.15700962 0.15670443 0.09134327 0.09658351 0.17455823 0.09036195 0.08232401 0.11571063 0.06767647 0.07740998 0.11249643 0.17148302 0.05499550 0.05829774 0.16745438 0.07757524 0.06178616 0.10227360 0.09549946 0.12599046 0.22492560 0.12956438 0.10342556 0.14233982 0.23241610 0.31363112 0.00000000 0.18511624 0.27697758 0.20750776 0.11327387 0.15334543 0.12624282 0.07901314 0.13074808 0.16057225 0.14010335 0.07139166 0.11531515 0.15355751 0.08751279 0.06834473 0.12134983 0.04979962 0.16548206 0.07923847 0.10969326 0.11628185 0.20973555 0.10141261 0.07169091 0.13306856 0.13446570 0.10360306 0.10455167 0.10340148 0.07934180 0.09125285 0.14574011 0.09350165 0.07404696 0.05504771 0.06271593 0.11248882 0.09519316 0.12695523 0.14917885 0.11328406 0.05112083 0.08990229 0.06757853 0.08531238 0.12510109 0.09748204 0.07246855 0.14617286 0.05812554 0.05305083 0.09526863 0.10731767 0.11215917 0.06724687 0.09720472 0.08632169 0.10539445 0.08356353 0.13101479 0.15789764 0.09054795 0.13509354 0.11888704 0.07557657 0.05255952 0.09799810 0.11555746 0.08198299 0.07361726 0.10035317 0.10050106 0.01386744 0.10184797 0.08964271 0.05491701 0.07245511 0.02943001 0.15052947 0.06477949 0.17771930 0.18283861 0.14715550 0.11914894 0.06878577 0.12657502 0.14006628 0.11764585 0.11361590 0.08531129 0.07397644 0.12662038 0.07952059 
