0.00000000 0.16884146 0.18503820 0.05512770 0.09165812 0.12347180 0.05845575 0.15773513 0.08406002 0.12979323 0.12341874 0.10777862 0.10178231 0.07622495 0.09270641 0.10559830 0.09255517 0.06584945 0.09680476 0.07210844 0.07770736 0.08582274 0.08055789 0.11660934 0.09679419 0.11810510 0.08753020 0.07410030 0.08970364 0.07208077 0.07976440 0.07903074 0.07327301 0.10588355 0.05958747 0.08696529 0.08104760 0.10336572 0.07608766 0.05651451 0.10113381 0.06398896 0.07683105 0.09006336 0.08401324 0.08441405 0.08268512 0.06501956 0.08390972 0.07050947 0.05092133 0.09419864 0.08331056 0.09706814 0.07079807 0.09018235 0.08079048 0.07291066 0.08653330 0.11219495 0.07389461 0.09053457 0.10119456 0.08589746 0.13998137 0.06473204 0.08486719 0.06363721 0.10918854 0.08622043 0.08567914 0.08205163 0.06609407 0.08765422 0.08280251 0.09492864 0.07681728 0.06711657 0.07604932 0.06021855 0.07586042 0.08943482 0.08390833 0.08051349 0.07427786 0.10823365 0.06106382 0.07534887 0.06672031 0.07884869 0.06046739 0.06419962 0.06268282 0.06332024 0.07791114 0.06759764 0.09232395 0.08045271 0.07340457 0.09078431 0.07017627 0.08660314 0.09478392 0.12376806 0.07818287 0.10913397 0.06817300 0.06637742 0.08195829 0.08192547 0.11473068 0.07500972 0.07272893 0.10971560 0.06850734 0.13348002 0.12820169 0.07416221 0.07326853 0.14123451 0.08059033 0.07365827 
0.16884146 0.00000000 0.16448329 0.11812543 0.11118767 0.20338313 0.08646717 0.14515178 0.05845439 0.13249535 0.08033937 0.10304045 0.09690869 0.05923447 0.07999930 0.09703197 0.11955193 0.06286891 0.03784784 0.06352252 0.23564329 0.07092580 0.11105394 0.09849828 0.06630713 0.07108602 0.11746353 0.07453802 0.11030803 0.16836753 0.08234807 0.09925025 0.10824935 0.15302232 0.04607839 0.09165130 0.07716868 0.04711709 0.06047149 0.07954394 0.08366078 0.05024982 0.07693767 0.10160319 0.09763797 0.09151341 0.08560861 0.09391824 0.06733433 0.08418920 0.14886090 0.06327223 0.09538288 0.09954987 0.06997300 0.13300344 0.03200798 0.05556587 0.05370769 0.06798638 0.04096389 0.07840758 0.06823187 0.07145114 0.15016881 0.08376958 0.07794155 0.05687879 0.09612906 0.06246286 0.06745854 0.07488905 0.06156547 0.07321553 0.06710630 0.08810437 0.04387847 0.05812219 0.06485637 0.05447160 0.14097893 0.09442563 0.08746236 0.09693500 0.07006137 0.06193301 0.15509140 0.07215465 0.06073599 0.08744452 0.12652190 0.05660290 0.17672743 0.09194808 0.12866258 0.08818924 0.10876507 0.06742016 0.06325205 0.08130330 0.08936943 0.07803815 0.06423987 0.06062907 0.07270664 0.09552884 0.05037615 0.03951836 0.07986640 0.11361679 0.04301552 0.05040478 0.11855087 0.04673666 0.15597967 0.05540019 0.06288729 0.05794211 0.10653392 0.06090267 0.06517752 0.06609075 
0.18503820 0.16448329 0.00000000 0.09747303 0.13767002 0.10633412 0.08298890 0.15135907 0.07182039 0.13375322 0.08752575 0.09913795 0.06441833 0.07907925 0.07506526 0.13608910 0.08659554 0.06897258 0.08064897 0.08817091 0.14024147 0.06522663 0.05332630 0.12250312 0.07929569 0.11356792 0.08956070 0.11016136 0.07575585 0.13227912 0.12292576 0.09451179 0.09719234 0.07884386 0.08653663 0.07215723 0.08275098 0.06514985 0.09741536 0.07740761 0.12911090 0.09333154 0.07575478 0.06171794 0.07190921 0.07191465 0.07321564 0.06081478 0.09652753 0.05640585 0.07254833 0.07457750 0.07666582 0.11212635 0.06079635 0.08775192 0.07586090 0.06947561 0.07816454 0.14761229 0.09550407 0.06932968 0.07970861 0.10158015 0.11514913 0.05031330 0.06914706 0.09829194 0.07941185 0.08989822 0.06769519 0.09455407 0.12138885 0.10107528 0.07457929 0.08401546 0.07477665 0.07294430 0.06637432 0.04325874 0.11831516 0.08640146 0.05786719 0.04851739 0.06183809 0.10362790 0.06624312 0.07172356 0.06871232 0.06760580 0.09515786 0.06731430 0.05333962 0.05327683 0.07095420 0.08879101 0.09354330 0.13837780 0.08299178 0.10062918 0.08623959 0.12541781 0.04591883 0.07929613 0.06364339 0.12026024 0.06724715 0.03075546 0.06118109 0.06898970 0.07382856 0.10552040 0.09630278 0.08663052 0.09258458 0.07725856 0.10846220 0.08852427 0.10920038 0.08440670 0.06972980 0.12204718 
0.05512770 0.11812543 0.09747303 0.00000000 0.28053389 0.08871993 0.08723204 0.08566030 0.09292048 0.06097266 0.04975028 0.05849488 0.08102920 0.09826435 0.07194125 0.05253046 0.06234460 0.06378927 0.10351667 0.15170668 0.13441899 0.06739243 0.20636368 0.12789426 0.12285786 0.03415741 0.08063081 0.07811566 0.11804703 0.11150947 0.10502398 0.09633386 0.10198953 0.13122529 0.12020914 0.07127290 0.06865283 0.04912315 0.07745923 0.12540328 0.10139718 0.16987055 0.04645031 0.09082090 0.11267842 0.06251552 0.09854120 0.07585442 0.09134797 0.08900869 0.08359850 0.09514011 0.07847614 0.08294682 0.08094454 0.11920055 0.05594156 0.07126807 0.08606750 0.11610846 0.06357672 0.09998417 0.04598204 0.07504752 0.06761466 0.15607700 0.07483758 0.08675504 0.15160058 0.10154245 0.07196800 0.09246917 0.12027959 0.09741578 0.07866818 0.08021598 0.10223810 0.09617212 0.07753774 0.06177569 0.12889457 0.06851907 0.03907977 0.11752668 0.05627791 0.05267870 0.10419935 0.04615947 0.10019964 0.13579290 0.08030039 0.08541695 0.06716778 0.14082207 0.07478920 0.09709836 0.06203420 0.11275354 0.07168372 0.07251257 0.07975984 0.11172079 0.10768017 0.10173278 0.06979605 0.08611391 0.05926063 0.05071793 0.08339811 0.06867494 0.12856294 0.06526662 0.08942143 0.05821228 0.10852735 0.05457948 0.07638164 0.08165424 0.06211852 0.05755055 0.06149090 0.08716364 
0.09165812 0.11118767 0.13767002 0.28053389 0.00000000 0.17177208 0.17351359 0.08781254 0.07443628 0.11948917 0.04954713 0.07469666 0.07601270 0.16823738 0.07524237 0.11233635 0.06591514 0.13186287 0.05685249 0.45170947 0.15530538 0.12767688 0.11467563 0.12843400 0.11696178 0.09719678 0.03444865 0.09390564 0.08734285 0.10814674 0.15145557 0.09832454 0.10883619 0.08255175 0.08020266 0.08463736 0.04958774 0.06499178 0.05645858 0.13393284 0.09131353 0.15854127 0.14491629 0.06940098 0.07085557 0.07206710 0.01923109 0.08503963 0.07315433 0.06320160 0.05605669 0.03030992 0.07845815 0.04732131 0.08017311 0.07178501 0.05759769 0.09176911 0.03805565 0.11170539 0.08141515 0.06872968 0.05906570 0.06619130 0.13585295 0.13977818 0.10319636 0.05885595 0.04288086 0.06752465 0.06422590 0.11328846 0.10658993 0.10521751 0.09257438 0.08348667 0.10026143 0.07774673 0.05668231 0.09648716 0.09009371 0.07635198 0.06145795 0.13705303 0.08950460 0.05252827 0.06732917 0.07923195 0.10805172 0.10723766 0.11213600 0.08718467 0.04843080 0.07452570 0.04593524 0.09043160 0.06447297 0.07608664 0.04656022 0.07778368 0.10083102 0.07429510 0.03077382 0.04980590 0.05998086 0.09024468 0.03656423 0.04663805 0.03592509 0.04206181 0.09783590 0.05255681 0.07543206 0.04649651 0.11887738 0.08401142 0.07191056 0.05682466 0.05339957 0.07930553 0.04247050 0.11893789 
0.12347180 0.20338313 0.10633412 0.08871993 0.17177208 0.00000000 0.06939112 0.10926975 0.15617576 0.07555314 0.08643204 0.09851983 0.07208859 0.10730693 0.08683802 0.11672214 0.09816176 0.08376114 0.06448723 0.11056084 0.15952780 0.08681900 0.05625772 0.10306729 0.09232986 0.16005102 0.07613808 0.07179701 0.08821437 0.10353934 0.12473361 0.10596508 0.07553530 0.14054155 0.03673408 0.06458957 0.07203320 0.09141700 0.10990060 0.10598074 0.01214102 0.05270061 0.09983308 0.12248144 0.03993603 0.09981707 0.09125451 0.07550720 0.08846386 0.14383686 0.09698682 0.03780669 0.10230294 0.11453930 0.03861000 0.10170140 0.06505074 0.05095249 0.05397707 0.07735794 0.05057436 0.11266625 0.12274262 0.08879006 0.05332228 0.13652538 0.15231930 0.10400186 0.04080464 0.07236984 0.10163657 0.07379265 0.09810353 0.09786557 0.13996779 0.06992699 0.16947545 0.01389862 0.06009991 0.11292511 0.06474151 0.08109010 0.05727488 0.02947057 0.09265428 0.05565373 0.06189092 0.07000024 0.05481542 0.16379981 0.09984189 0.04191115 0.12394260 0.07727649 0.07055665 0.06795912 0.06781403 0.07465126 0.04608038 0.08059123 0.07824938 0.05282537 0.08289765 0.10147573 0.08783895 0.06797473 0.06649943 0.07839173 0.09673776 0.13564045 0.05370610 0.06039934 0.03759613 0.03730765 0.11911437 0.08729893 0.06898747 0.05876926 0.09244577 0.05997607 0.08448379 0.13294264 
0.05845575 0.08646717 0.08298890 0.08723204 0.17351359 0.06939112 0.00000000 0.09112099 0.12756470 0.10155168 0.04265936 0.06435262 0.06614494 0.11471588 0.07251337 0.05920440 0.10086929 0.39665779 0.09403247 0.17532699 0.06699842 0.11030844 0.10225627 0.03970793 0.06334727 0.06402491 0.08844363 0.06972524 0.12715847 0.09122677 0.07523422 0.03905740 0.09467759 0.07903501 0.08563861 0.10543699 0.07930173 0.07681278 0.07473004 0.06163176 0.05075652 0.14763296 0.10519217 0.17308376 0.12957823 0.08447216 0.07521330 0.06506331 0.17512554 0.09951065 0.13903599 0.05921518 0.05052901 0.08755237 0.09338555 0.07844937 0.07993943 0.08635301 0.05527052 0.12736359 0.10477540 0.06638100 0.06901224 0.06034991 0.07727395 0.09877453 0.08784911 0.08383632 0.13589594 0.10236789 0.06383428 0.11684556 0.08242596 0.10443244 0.11108125 0.08340396 0.11910622 0.08218775 0.05909074 0.09016145 0.14826527 0.07333300 0.09706278 0.09550098 0.05680554 0.10645731 0.07499699 0.12925406 0.10376438 0.11392390 0.03595276 0.09646691 0.05166013 0.05812253 0.09736037 0.06343608 0.08444869 0.08973059 0.04780839 0.07138533 0.07163242 0.10590039 0.05021569 0.05289061 0.06524840 0.07148264 0.05515255 0.09911803 0.09908931 0.14955592 0.11755580 0.11046909 0.06937153 0.04040965 0.07594580 0.04767577 0.04782843 0.04986551 0.05755696 0.03602784 0.07391848 0.15297309 
0.15773513 0.14515178 0.15135907 0.08566030 0.08781254 0.10926975 0.09112099 0.00000000 0.09318752 0.08321942 0.08000104 0.10668811 0.07858728 0.12452409 0.08083345 0.09282710 0.08358640 0.06529350 0.11616437 0.08850103 0.13429732 0.08498151 0.09386316 0.08654877 0.07452486 0.04863007 0.08251736 0.05168041 0.07742637 0.06430532 0.07002616 0.11098151 0.11607792 0.06279393 0.05111966 0.06962696 0.07913317 0.08392461 0.24915220 0.12160680 0.09615683 0.07921166 0.11226206 0.08699789 0.05620309 0.08180270 0.08152964 0.07832263 0.07610117 0.08018127 0.10733221 0.09772201 0.07115873 0.07772413 0.09014174 0.08161670 0.08057201 0.10729497 0.06600840 0.06698808 0.07578061 0.10617396 0.15787111 0.09105152 0.05717129 0.07691027 0.08058742 0.06980665 0.11270486 0.11445611 0.06598106 0.12237458 0.11663418 0.10134045 0.10039217 0.08881596 0.06816715 0.09624015 0.06087724 0.07021935 0.09980396 0.08856785 0.05359992 0.13297169 0.09203021 0.07881974 0.08495723 0.08044156 0.11619125 0.06417846 0.04214258 0.04502482 0.09323191 0.09197364 0.11593354 0.05755695 0.07173387 0.11086710 0.05761971 0.08176851 0.05882352 0.07862428 0.06740727 0.05858778 0.07909708 0.09625022 0.07790375 0.05539968 0.09518690 0.11341981 0.05201334 0.10130831 0.08339017 0.07515841 0.11729060 0.08809995 0.09181321 0.07785444 0.07361460 0.05748865 0.06258097 0.04670565 
0.08406002 0.05845439 0.07182039 0.09292048 0.07443628 0.15617576 0.12756470 0.09318752 0.00000000 0.11860580 0.10426639 0.07119811 0.05450745 0.01652547 0.08180997 0.02491191 0.07750001 0.25127534 0.11794463 0.13413356 0.07186739 0.06025093 0.12633382 0.08592975 0.09669282 0.12472376 0.09027951 0.10477242 0.07465273 0.11314891 0.07025577 0.07281721 0.08301141 0.08077799 0.16677023 0.05941698 0.06615358 0.09842013 0.04264347 0.04212467 0.07158085 0.07780134 0.09521806 0.11670153 0.09258324 0.04223064 0.12340052 0.11159240 0.16837952 0.09205289 0.08595345 0.09719176 0.06352413 0.08654550 0.07187757 0.05602668 0.04618752 0.11120508 0.11090928 0.08365601 0.10141643 0.08765012 0.08095341 0.06224531 0.08113519 0.12042462 0.12741822 0.10697393 0.09339398 0.07977017 0.06013368 0.12688555 0.06660407 0.07162126 0.11458831 0.07765633 0.08660711 0.11986082 0.06881933 0.08574110 0.25821230 0.07417573 0.11999843 0.06552826 0.05417891 0.11096404 0.11448750 0.09988112 0.11843423 0.05638041 0.10388621 0.06640860 0.04844872 0.10322954 0.11323626 0.10204842 0.05794757 0.12466229 0.06010550 0.06255270 0.08147424 0.06878930 0.04210331 0.05265883 0.06265025 0.04822647 0.08233867 0.13285444 0.08569463 0.08644333 0.05505841 0.10742408 0.06276296 0.04832063 0.19681359 0.05495740 0.09178190 0.04290599 0.07282811 0.09352136 0.09704464 0.05006494 
0.12979323 0.13249535 0.13375322 0.06097266 0.11948917 0.07555314 0.10155168 0.08321942 0.11860580 0.00000000 0.11882666 0.10713403 0.11243994 0.06441856 0.07919100 0.16998020 0.09542420 0.12437451 0.17381712 0.09884091 0.08814951 0.08191789 0.12398573 0.08150408 0.09052907 0.11301077 0.08406320 0.07635566 0.10303296 0.05589472 0.12299556 0.08894116 0.08353655 0.07589324 0.10385469 0.09879279 0.08506385 0.08754102 0.05758250 0.10029574 0.07018367 0.09260916 0.08300891 0.06040216 0.08613861 0.07631464 0.08877395 0.06359176 0.08419071 0.08808510 0.08615999 0.08737120 0.12515834 0.07424092 0.07971359 0.09355874 0.16800815 0.07733159 0.08640313 0.11278541 0.11256175 0.12474405 0.10584406 0.10072599 0.06182406 0.07704513 0.07022490 0.04926646 0.07754621 0.06812891 0.09171042 0.04996904 0.04616716 0.06755329 0.07914009 0.05729038 0.06390725 0.04220058 0.11817410 0.09266254 0.06842143 0.09274930 0.07788593 0.16844086 0.09355355 0.09720509 0.05550982 0.07052154 0.11886393 0.08759977 0.10068590 0.04458649 0.08983866 0.06556258 0.06541158 0.06829354 0.10082655 0.06898352 0.09951250 0.08390957 0.07961176 0.06289218 0.05923370 0.09439353 0.08780882 0.08242740 0.06850001 0.08618254 0.06459464 0.06260490 0.07718762 0.06001354 0.08569630 0.07595735 0.06367610 0.07229765 0.08289275 0.11439427 0.07106230 0.07241057 0.05551818 0.08105131 
0.12341874 0.08033937 0.08752575 0.04975028 0.04954713 0.08643204 0.04265936 0.08000104 0.10426639 0.11882666 0.00000000 0.11874592 0.16283266 0.07207394 0.12438055 0.14620741 0.06954701 0.06970261 0.07345092 0.03246111 0.04473279 0.05488102 0.04936009 0.10151023 0.05492788 0.08258788 0.09003446 0.05412188 0.02340456 0.07221033 0.05304758 0.06949675 0.08903720 0.04363536 0.09939200 0.10185316 0.08519446 0.08400672 0.08544952 0.11358493 0.06527915 0.07157210 0.08632223 0.07033449 0.10146132 0.10793473 0.08051867 0.10850432 0.05312883 0.05855014 0.07051162 0.07876147 0.07820795 0.06705738 0.05054718 0.05243067 0.09223064 0.05165218 0.07820611 0.11679318 0.11217610 0.07476577 0.09871559 0.13096766 0.12012011 0.06487217 0.08680871 0.06458379 0.08034770 0.10563403 0.12065467 0.07136668 0.09204829 0.12683652 0.09789139 0.06558906 0.14244210 0.04521014 0.08570513 0.13763086 0.10702922 0.09631113 0.11529101 0.08101194 0.12603730 0.06937108 0.05142928 0.05334513 0.07779118 0.06766762 0.06601390 0.07174449 0.13279289 0.07427907 0.07150617 0.08736314 0.09909545 0.10803610 0.12215578 0.09638869 0.11673690 0.10028621 0.10060116 0.10696698 0.10900954 0.07134648 0.11191840 0.08989600 0.06693201 0.06445748 0.07107708 0.06692736 0.08193329 0.11840065 0.08039303 0.10465886 0.09467422 0.13984014 0.13282135 0.11904392 0.14663353 0.13294025 
0.10777862 0.10304045 0.09913795 0.05849488 0.07469666 0.09851983 0.06435262 0.10668811 0.07119811 0.10713403 0.11874592 0.00000000 0.13096893 0.11563747 0.13232282 0.12230824 0.09883894 0.07726310 0.08982610 0.06652152 0.08792684 0.10092662 0.07809164 0.08382797 0.09788001 0.08025398 0.07898487 0.07380221 0.08139381 0.07596364 0.07442792 0.06880322 0.07912573 0.09153057 0.08719343 0.08925404 0.08706075 0.07360600 0.08516774 0.10504118 0.08528489 0.08807962 0.08615583 0.08311818 0.07252387 0.07758004 0.07438197 0.07784881 0.09027015 0.07928393 0.07446131 0.09040588 0.08138171 0.07712050 0.07694153 0.07454922 0.08140766 0.09973528 0.11172017 0.08748021 0.08414858 0.08248529 0.08561576 0.09153845 0.09865842 0.08589602 0.07269509 0.08982269 0.09104139 0.07386654 0.09027819 0.08156471 0.08255558 0.09364051 0.07861013 0.08545180 0.07923749 0.08280628 0.08743455 0.10267098 0.09198064 0.09329305 0.08330543 0.07587580 0.08853529 0.09060390 0.10174973 0.08075243 0.07994625 0.08168890 0.09814363 0.08175005 0.08419060 0.09173477 0.08742288 0.08590314 0.08757614 0.08520917 0.08235116 0.09497340 0.08406089 0.08193309 0.10499517 0.07567732 0.08837572 0.07722496 0.08489747 0.09063793 0.10387065 0.08726932 0.07991389 0.07412890 0.08477840 0.08104859 0.08971802 0.08517253 0.08830999 0.08533314 0.07261942 0.08066606 0.08218461 0.07814281 
0.10178231 0.09690869 0.06441833 0.08102920 0.07601270 0.07208859 0.06614494 0.07858728 0.05450745 0.11243994 0.16283266 0.13096893 0.00000000 0.11478978 0.15667996 0.14284189 0.13267451 0.06350486 0.09011578 0.06479944 0.10037380 0.12493090 0.09320492 0.09136597 0.09384147 0.09392052 0.07245144 0.07082435 0.08159406 0.08473857 0.05407837 0.06926142 0.08784898 0.05177792 0.07769654 0.11746144 0.10441660 0.08881225 0.07906715 0.12712343 0.08543734 0.07521382 0.07136108 0.08864049 0.06574167 0.08612951 0.07332257 0.08980828 0.06581382 0.08779225 0.06844767 0.08632746 0.10447997 0.06589799 0.07067751 0.07255207 0.11534364 0.07369062 0.06486061 0.09098136 0.10130153 0.07598433 0.11308979 0.11592110 0.10637913 0.07023937 0.06284419 0.06093905 0.05906595 0.08725800 0.12467292 0.07613395 0.06819576 0.07946766 0.05885774 0.06618716 0.10043762 0.06207445 0.07309502 0.10831270 0.08248079 0.10141320 0.10647048 0.07571635 0.11423329 0.09136881 0.08884362 0.09025960 0.05179090 0.07940755 0.09047772 0.06834888 0.09041360 0.06957510 0.09084418 0.12846991 0.14659636 0.09757571 0.13165786 0.08850931 0.06838362 0.08480116 0.11268591 0.11901572 0.13538255 0.07601423 0.08644953 0.07405474 0.05153113 0.05931684 0.06090150 0.04582985 0.09696750 0.08667441 0.05355080 0.09661080 0.11043365 0.10072636 0.04107387 0.07657450 0.08107148 0.04515179 
0.07622495 0.05923447 0.07907925 0.09826435 0.16823738 0.10730693 0.11471588 0.12452409 0.01652547 0.06441856 0.07207394 0.11563747 0.11478978 0.00000000 0.09132076 0.11360682 0.14681778 0.09797690 0.12210449 0.05333530 0.07661803 0.10187727 0.12762519 0.09327190 0.08461722 0.05432582 0.13028808 0.13603457 0.12002331 0.07461412 0.12233522 0.11063957 0.06748735 0.02197564 0.09658171 0.09831672 0.14517853 0.03528306 0.09382400 0.08046806 0.04241550 0.07543380 0.03566557 0.04622876 0.10529282 0.16862965 0.25993197 0.10330356 0.05014725 0.03750035 0.13216104 0.07714439 0.11276755 0.07964115 0.04706719 0.03593415 0.09060216 0.08132718 0.08502162 0.06133885 0.05332244 0.04193043 0.10434083 0.09395727 0.04943118 0.07263184 0.07875917 0.14118048 0.04155947 0.03553946 0.07889934 0.12309930 0.10181253 0.08578959 0.05781070 0.08697813 0.14522136 0.03904693 0.09921578 0.09539033 0.12209845 0.08873330 0.07825116 0.04839404 0.07574513 0.06590952 0.02524880 0.10613612 0.03918103 0.09913221 0.12191915 0.06694204 0.08005967 0.13037446 0.14900185 0.13125766 0.08508804 0.09753048 0.05713536 0.08502550 0.09579909 0.04760970 0.06865410 0.09212902 0.09730747 0.19573622 0.09228853 0.14094187 0.12227538 0.04167259 0.03086118 0.06394128 0.05065159 0.06660563 0.07959031 0.08140206 0.07598711 0.05453472 0.07604839 0.05637923 0.12426243 0.05242385 
0.09270641 0.07999930 0.07506526 0.07194125 0.07524237 0.08683802 0.07251337 0.08083345 0.08180997 0.07919100 0.12438055 0.13232282 0.15667996 0.09132076 0.00000000 0.12335705 0.10603294 0.06732479 0.06980003 0.08884455 0.10945166 0.10714084 0.08421831 0.06131043 0.09474236 0.10846978 0.07151424 0.08683134 0.06716872 0.08144609 0.08696263 0.07287419 0.06695501 0.08538694 0.07840699 0.09922675 0.08212161 0.08726456 0.08852425 0.09487860 0.07928771 0.08861885 0.09181330 0.08740599 0.06889770 0.06912355 0.07443751 0.07647469 0.08940625 0.06496790 0.06932453 0.09987111 0.07760600 0.06863849 0.08799230 0.08098851 0.08663266 0.08505294 0.08735717 0.08099587 0.07373595 0.09606490 0.08208529 0.08598598 0.09834045 0.09765538 0.09692383 0.10623634 0.10002107 0.07932673 0.11316717 0.05845891 0.07413784 0.08649251 0.07694611 0.07292826 0.09997396 0.06377646 0.12054315 0.09861521 0.08515267 0.09444599 0.10912029 0.10123413 0.08240111 0.07419004 0.09156125 0.08084618 0.06531632 0.08282353 0.08122495 0.08410050 0.07767602 0.08220141 0.11052539 0.10150431 0.11965304 0.07863209 0.09661115 0.10860343 0.07583541 0.08204240 0.14589687 0.09635074 0.12655004 0.06865839 0.14376853 0.09673720 0.07327096 0.07237922 0.08584047 0.07543541 0.07893524 0.07415685 0.05905741 0.08105611 0.08847930 0.08422770 0.05040074 0.06882472 0.07260733 0.06105295 
0.10559830 0.09703197 0.13608910 0.05253046 0.11233635 0.11672214 0.05920440 0.09282710 0.02491191 0.16998020 0.14620741 0.12230824 0.14284189 0.11360682 0.12335705 0.00000000 0.12770475 0.06860467 0.04930284 0.06999226 0.06895761 0.06406361 0.08888029 0.08054262 0.05692626 0.13328833 0.09053813 0.05148603 0.06471728 0.06545547 0.08937997 0.10166694 0.10109880 0.06678587 0.06437208 0.09116203 0.10524342 0.07924352 0.09168554 0.06387515 0.07730229 0.07519686 0.07721820 0.09816741 0.11313499 0.15359033 0.06665172 0.07048118 0.08722873 0.14647666 0.08545276 0.15121311 0.12984157 0.09195339 0.06136286 0.09531895 0.09063551 0.05031867 0.08731551 0.05448050 0.09098433 0.03955749 0.13343275 0.08825137 0.18824033 0.09764439 0.06835159 0.04340658 0.04439235 0.05790295 0.12450842 0.06680335 0.06435990 0.12397797 0.09876105 0.04921060 0.08441201 0.08235560 0.07823133 0.07137784 0.05712076 0.09704496 0.08679965 0.07677792 0.09744579 0.12731907 0.10323734 0.07727197 0.08354641 0.11180333 0.08659116 0.04864692 0.08926174 0.05214885 0.07046784 0.19124173 0.10755775 0.05417036 0.09003126 0.08383683 0.07078216 0.08569251 0.06971624 0.09086375 0.11627860 0.07321545 0.07093352 0.05410860 0.09472179 0.05555629 0.03729922 0.05632738 0.07220970 0.10845766 0.04674200 0.09286271 0.08141101 0.12601216 0.07359609 0.09771082 0.07738678 0.04314879 
0.09255517 0.11955193 0.08659554 0.06234460 0.06591514 0.09816176 0.10086929 0.08358640 0.07750001 0.09542420 0.06954701 0.09883894 0.13267451 0.14681778 0.10603294 0.12770475 0.00000000 0.09269577 0.11820021 0.08709723 0.05793971 0.11525555 0.05509261 0.15218878 0.13652787 0.06540129 0.12520941 0.14723887 0.08603717 0.07603146 0.06645077 0.05160147 0.10799974 0.06552762 0.11094038 0.08410187 0.10270808 0.10419603 0.03465076 0.12927898 0.10446884 0.06264723 0.08644303 0.08590549 0.15852214 0.13114363 0.06695725 0.07900978 0.08129983 0.06202951 0.08976403 0.04489838 0.10129912 0.06067834 0.06639368 0.11890691 0.07937442 0.07015261 0.13401798 0.07453917 0.08903220 0.06527637 0.06463760 0.07813503 0.08130114 0.11970113 0.06488902 0.13892017 0.05175453 0.06566425 0.10243343 0.09284382 0.05131731 0.08407078 0.07182615 0.07288054 0.09920297 0.06193671 0.08093077 0.09130319 0.05829140 0.08477923 0.09380357 0.04585546 0.11083923 0.07220792 0.04380839 0.03547464 0.09242953 0.07305822 0.05937861 0.11305313 0.05884380 0.01150395 0.07295180 0.07596727 0.11430742 0.10561305 0.08731156 0.09187764 0.05643475 0.13960360 0.08669551 0.08635588 0.10361962 0.07378810 0.05789300 0.05173167 0.19435299 0.16866349 0.11766205 0.02706424 0.11770873 0.12832771 0.05095335 0.08205360 0.09200794 0.09620234 0.05441203 0.08889088 0.07505238 0.09046281 
0.06584945 0.06286891 0.06897258 0.06378927 0.13186287 0.08376114 0.39665779 0.06529350 0.25127534 0.12437451 0.06970261 0.07726310 0.06350486 0.09797690 0.06732479 0.06860467 0.09269577 0.00000000 0.09008093 0.22373900 0.07280785 0.08103468 0.09648905 0.06774158 0.09487467 0.06545018 0.10180399 0.12605034 0.08379244 0.07264415 0.08821536 0.08594720 0.11207356 0.06337045 0.06756740 0.07424640 0.08518897 0.08447196 0.07892501 0.09921517 0.06713209 0.13480646 0.09446322 0.16457566 0.23124499 0.09332108 0.07805660 0.06499117 0.09518330 0.13372705 0.08941943 0.08428059 0.06087472 0.03344358 0.05515110 0.08928281 0.06790930 0.09827403 0.13227024 0.10889946 0.08104309 0.06662361 0.06104044 0.06971493 0.08569594 0.05788383 0.16989851 0.08767561 0.10483218 0.03982927 0.06524528 0.15185601 0.13600269 0.09136759 0.09407145 0.08901308 0.10194002 0.10075528 0.04375237 0.10182834 0.16791020 0.07814939 0.03159506 0.07253722 0.10585647 0.08854088 0.02832792 0.09980768 0.09568297 0.08058067 0.08169536 0.04263116 0.05305847 0.05577191 0.07395088 0.08632046 0.07006718 0.05589150 0.08587125 0.08318423 0.07581699 0.13757818 0.03081438 0.02872399 0.06273334 0.05956991 0.04803974 0.04221462 0.04282514 0.05451472 0.09684420 0.06851882 0.13940903 0.09267949 0.05485282 0.06268994 0.07922118 0.06078321 0.12554183 0.10546538 0.06181988 0.07218379 
0.09680476 0.03784784 0.08064897 0.10351667 0.05685249 0.06448723 0.09403247 0.11616437 0.11794463 0.17381712 0.07345092 0.08982610 0.09011578 0.12210449 0.06980003 0.04930284 0.11820021 0.09008093 0.00000000 0.09035678 0.05482002 0.09761927 0.08445368 0.07148113 0.04096787 0.05630037 0.08496159 0.09205488 0.04428703 0.03587950 0.04769310 0.06755936 0.07801513 0.08874709 0.09268926 0.07470657 0.05292223 0.07153372 0.14471752 0.02873968 0.38671191 0.06077823 0.18867063 0.06679332 0.09247824 0.08157711 0.04384701 0.07834838 0.09230815 0.05084449 0.02566388 0.04086997 0.10355496 0.07919683 0.08415257 0.04037714 0.04516439 0.20646533 0.04326781 0.11111680 0.04449288 0.16304152 0.12391250 0.07309708 0.08934434 0.06987916 0.10842613 0.11781753 0.13338286 0.07813784 0.06997419 0.10520289 0.04139042 0.08240423 0.04646600 0.14300453 0.12655689 0.03344460 0.07269849 0.09087514 0.04525001 0.07905783 0.10054213 0.46035495 0.07857099 0.25385975 0.05506989 0.05675362 0.10112375 0.09620487 0.08501655 0.08304605 0.06687081 0.04104263 0.05785094 0.09070932 0.08334224 0.05453853 0.06589394 0.07338358 0.12825113 0.07971657 0.06298322 0.06341638 0.06788993 0.11242028 0.04583784 0.10790603 0.07015862 0.12037803 0.07247780 0.16353410 0.03711315 0.12458926 0.04275564 0.07118836 0.08516344 0.06618251 0.11133654 0.05635449 0.08167402 0.03970907 
0.07210844 0.06352252 0.08817091 0.15170668 0.45170947 0.11056084 0.17532699 0.08850103 0.13413356 0.09884091 0.03246111 0.06652152 0.06479944 0.05333530 0.08884455 0.06999226 0.08709723 0.22373900 0.09035678 0.00000000 0.19892806 0.08507102 0.13863765 0.04405477 0.14478802 0.05999994 0.06488524 0.10251738 0.09873141 0.07086030 0.04748358 0.06280803 0.09358649 0.08439354 0.06727269 0.08370231 0.05803823 0.11266807 0.11761076 0.07869566 0.09378239 0.26934623 0.11496800 0.25750512 0.05781356 0.08987415 0.08557902 0.09181680 0.10383491 0.09480319 0.08842417 0.07295371 0.05139061 0.05539486 0.08395212 0.08116158 0.07199012 0.08243200 0.14279360 0.08860234 0.05696303 0.04873706 0.04427090 0.06246517 0.07028172 0.11060612 0.08142752 0.06652158 0.07459776 0.07788710 0.06538109 0.09892727 0.10190921 0.06609257 0.08787646 0.10585652 0.09146646 0.11150254 0.04273995 0.06450141 0.12104743 0.07493195 0.15437104 0.11988972 0.04715604 0.06108690 0.08554035 0.10122930 0.11673860 0.11018355 0.06441252 0.06656345 0.06531486 0.07946159 0.07220840 0.07164336 0.06204102 0.06731530 0.10763733 0.06903654 0.06257574 0.03771374 0.04972997 0.05135234 0.07514863 0.09044594 0.06514179 0.07152740 0.05344998 0.07866480 0.12944897 0.07781324 0.04817192 0.04310739 0.06630106 0.06180587 0.07243981 0.06694440 0.02169853 0.04420049 0.04965781 0.14298604 
0.07770736 0.23564329 0.14024147 0.13441899 0.15530538 0.15952780 0.06699842 0.13429732 0.07186739 0.08814951 0.04473279 0.08792684 0.10037380 0.07661803 0.10945166 0.06895761 0.05793971 0.07280785 0.05482002 0.19892806 0.00000000 0.06317212 0.14008456 0.09907940 0.14846010 0.06606494 0.11321736 0.07824136 0.08384879 0.07479599 0.07386952 0.07042174 0.10347580 0.07544467 0.10383089 0.08176231 0.06286909 0.09753008 0.49485170 0.07155004 0.05102693 0.11597117 0.10103680 0.10239135 0.06930124 0.04775205 0.07361576 0.12013257 0.08714389 0.04362186 0.12845344 0.05969052 0.07188330 0.11464725 0.08613158 0.07500499 0.07464417 0.05440873 0.14231239 0.06821954 0.06348950 0.08677882 0.06434876 0.07337445 0.07918654 0.07165715 0.09538065 0.07191979 0.04606177 0.07560534 0.08034701 0.05229571 0.07251098 0.07268959 0.06705293 0.08399514 0.12565913 0.06452564 0.05374442 0.05161044 0.08563558 0.08979182 0.09437582 0.08933370 0.05014113 0.07532214 0.09067829 0.15814420 0.07065284 0.12195964 0.02125500 0.15432948 0.08103252 0.03957428 0.07361895 0.05532459 0.09222055 0.05227855 0.05278061 0.07829319 0.06548562 0.07110163 0.05902807 0.04280053 0.10172497 0.08284132 0.09740370 0.07433766 0.06479472 0.09831649 0.09515369 0.05826914 0.07426794 0.06196707 0.07406877 0.06145005 0.07785473 0.04524500 0.11144050 0.04145411 0.07447703 0.10614676 
0.08582274 0.07092580 0.06522663 0.06739243 0.12767688 0.08681900 0.11030844 0.08498151 0.06025093 0.08191789 0.05488102 0.10092662 0.12493090 0.10187727 0.10714084 0.06406361 0.11525555 0.08103468 0.09761927 0.08507102 0.06317212 0.00000000 0.14992078 0.10928168 0.13944299 0.10813461 0.07805608 0.09462320 0.12745717 0.07670540 0.04716006 0.06480829 0.06003904 0.06477515 0.09059280 0.12015005 0.07425764 0.08416420 0.04983022 0.12126052 0.08436947 0.12641802 0.05548412 0.14609488 0.09242495 0.07311949 0.09917686 0.06531281 0.06192260 0.10265216 0.13264213 0.04614459 0.07078616 0.08877639 0.09994213 0.16942140 0.11303822 0.07317598 0.06334267 0.08234655 0.06819716 0.07135007 0.07217925 0.09297884 0.05786960 0.08410751 0.11244207 0.09229169 0.11111418 0.07639629 0.10593810 0.08432852 0.10614181 0.07440963 0.10546151 0.07923096 0.08527320 0.09406201 0.07066214 0.06250791 0.12272596 0.09411783 0.09964483 0.10537599 0.08619963 0.07321445 0.06788203 0.06356475 0.09261758 0.12199034 0.08596298 0.04205365 0.07758893 0.15682211 0.10058754 0.07937157 0.09663984 0.06903445 0.05925172 0.08208527 0.08382901 0.08226242 0.07347025 0.05613975 0.10447793 0.04510542 0.05075324 0.09773861 0.06522423 0.06997325 0.08467524 0.10837630 0.08525448 0.06455859 0.10035622 0.06887180 0.08629200 0.06193048 0.06621146 0.04649645 0.07996933 0.17539882 
0.08055789 0.11105394 0.05332630 0.20636368 0.11467563 0.05625772 0.10225627 0.09386316 0.12633382 0.12398573 0.04936009 0.07809164 0.09320492 0.12762519 0.08421831 0.08888029 0.05509261 0.09648905 0.08445368 0.13863765 0.14008456 0.14992078 0.00000000 0.17770120 0.17234425 0.09121160 0.09986756 0.14805953 0.16520707 0.08026456 0.09136655 0.11636809 0.12103580 0.03972043 0.15769682 0.07731816 0.07870926 0.08078818 0.03676796 0.14846361 0.10217091 0.11078534 0.03082838 0.06337598 0.09152773 0.03581721 0.05297482 0.05402850 0.11407534 0.10660825 0.16063768 0.14325620 0.07481884 0.10877464 0.15955236 0.05516769 0.06601303 0.10820367 0.03763977 0.14895620 0.04041008 0.08355367 0.05744828 0.06196006 0.16595582 0.07822049 0.03557442 0.09314692 0.06044604 0.04503649 0.06979204 0.04714457 0.06593025 0.08548524 0.10371921 0.05899583 0.03015295 0.11411455 0.07394912 0.06537517 0.13799550 0.08232673 0.15421945 0.09424393 0.05779093 0.06086138 0.06307820 0.08518738 0.10534720 0.10035614 0.15975002 0.03166633 0.05750201 0.12742499 0.04799200 0.08903268 0.10354978 0.05295653 0.09528722 0.07591892 0.05619867 0.02898314 0.09036754 0.06692699 0.07732873 0.08419119 0.05716380 0.12471499 0.07066879 0.11350208 0.04720980 0.10609639 0.04956992 0.04748826 0.09364598 0.04046607 0.06883280 0.05299232 0.05831449 0.05954878 0.04066129 0.11192055 
0.11660934 0.09849828 0.12250312 0.12789426 0.12843400 0.10306729 0.03970793 0.08654877 0.08592975 0.08150408 0.10151023 0.08382797 0.09136597 0.09327190 0.06131043 0.08054262 0.15218878 0.06774158 0.07148113 0.04405477 0.09907940 0.10928168 0.17770120 0.00000000 0.14280828 0.09232145 0.12555304 0.08413655 0.11285023 0.11987232 0.13282844 0.11791470 0.18126499 0.10559763 0.11118838 0.10836902 0.13680330 0.06958988 0.12673809 0.08177663 0.05737464 0.04468102 0.07175002 0.10393832 0.09094224 0.07762463 0.10707232 0.08212833 0.03177800 0.05169298 0.06408829 0.03313876 0.09694655 0.12411061 0.07713316 0.10285783 0.06076784 0.06178017 0.06938300 0.10391464 0.08239675 0.04587832 0.07783707 0.11016695 0.12874845 0.09693060 0.09792832 0.07406704 0.13116144 0.08165722 0.11206076 0.05698938 0.09212075 0.07930796 0.05651433 0.05000888 0.06914938 0.09301682 0.17778899 0.07562497 0.04314516 0.08766473 0.07640910 0.07374806 0.07729383 0.03597123 0.06470810 0.07582305 0.05526471 0.06240607 0.12859982 0.10741673 0.09259056 0.04587971 0.06377836 0.08305141 0.08646422 0.07787313 0.10562103 0.09748003 0.07160733 0.14818257 0.04175487 0.11913326 0.08454135 0.05706305 0.06899511 0.04658475 0.07577413 0.03374075 0.16877444 0.09515328 0.06601719 0.07269726 0.03255207 0.10808546 0.08853377 0.10649746 0.04017408 0.08037925 0.08664564 0.05381891 
0.09679419 0.06630713 0.07929569 0.12285786 0.11696178 0.09232986 0.06334727 0.07452486 0.09669282 0.09052907 0.05492788 0.09788001 0.09384147 0.08461722 0.09474236 0.05692626 0.13652787 0.09487467 0.04096787 0.14478802 0.14846010 0.13944299 0.17234425 0.14280828 0.00000000 0.09225432 0.16827665 0.12882065 0.09598036 0.07398637 0.10528842 0.06787820 0.03420726 0.08061954 0.07946910 0.08024394 0.15432480 0.07068756 0.08373923 0.19428174 0.04284935 0.07485051 0.11172984 0.11364191 0.04335149 0.07120946 0.07046124 0.08318954 0.06871893 0.08773330 0.06298124 0.10721752 0.09653348 0.11335455 0.09157976 0.11958161 0.12179223 0.06145915 0.14103088 0.06334332 0.05613745 0.07974869 0.07553271 0.10041021 0.06371656 0.05076418 0.06171311 0.07448113 0.08279205 0.07510846 0.11589234 0.05392083 0.06093343 0.06492629 0.08234399 0.05919972 0.05284246 0.09282654 0.14063929 0.06541333 0.04405216 0.08844119 0.07801525 0.06298543 0.07868686 0.09875943 0.07894961 0.13473934 0.10394322 0.05414747 0.02598520 0.08279136 0.08254760 0.04650521 0.08298419 0.07582070 0.07281644 0.10707100 0.14518487 0.09087903 0.05519137 0.07330293 0.11455575 0.11491785 0.10395030 0.05940004 0.08461004 0.08414191 0.10648134 0.05118077 0.06695092 0.06473975 0.09205092 0.10240482 0.04902711 0.07028819 0.13404532 0.07246428 0.06272917 0.12550501 0.06461241 0.11386188 
0.11810510 0.07108602 0.11356792 0.03415741 0.09719678 0.16005102 0.06402491 0.04863007 0.12472376 0.11301077 0.08258788 0.08025398 0.09392052 0.05432582 0.10846978 0.13328833 0.06540129 0.06545018 0.05630037 0.05999994 0.06606494 0.10813461 0.09121160 0.09232145 0.09225432 0.00000000 0.09731065 0.08397835 0.08207994 0.13757567 0.10467641 0.09650934 0.06376268 0.09290889 0.07457777 0.09456074 0.10979229 0.08421579 0.06701036 0.08430342 0.06395825 0.07363065 0.06204569 0.10876747 0.07078738 0.08314371 0.11855927 0.11169664 0.09519913 0.05887785 0.05661647 0.08534165 0.10158987 0.09275931 0.08932167 0.05351240 0.11801520 0.04890288 0.07324103 0.07740793 0.08324784 0.08306558 0.08011184 0.08112327 0.10472770 0.09281923 0.11459401 0.08192160 0.06871317 0.04862296 0.10424978 0.07021126 0.07137476 0.09265701 0.06168777 0.10779102 0.05927075 0.08233616 0.08018919 0.15806292 0.06286962 0.08876827 0.09448887 0.09719697 0.10303784 0.08286888 0.04439560 0.07852339 0.07912037 0.09465940 0.08187828 0.08390716 0.10876660 0.07654122 0.07196539 0.07767741 0.09637554 0.06064211 0.08442196 0.09345328 0.08270441 0.08584582 0.06052496 0.19131352 0.11447401 0.08606523 0.13198598 0.04623176 0.12497587 0.07846892 0.04701641 0.10156530 0.07916872 0.06637054 0.05183963 0.12403007 0.06833368 0.10507906 0.09126164 0.16201896 0.10278748 0.11562623 
0.08753020 0.11746353 0.08956070 0.08063081 0.03444865 0.07613808 0.08844363 0.08251736 0.09027951 0.08406320 0.09003446 0.07898487 0.07245144 0.13028808 0.07151424 0.09053813 0.12520941 0.10180399 0.08496159 0.06488524 0.11321736 0.07805608 0.09986756 0.12555304 0.16827665 0.09731065 0.00000000 0.18567324 0.11167480 0.14270424 0.14131764 0.09608200 0.08320135 0.09334156 0.08741969 0.06124439 0.09915161 0.07030661 0.15821571 0.06567566 0.10268204 0.17833746 0.12995446 0.05631381 0.11715407 0.10782337 0.09956927 0.08708477 0.02782264 0.14724407 0.07646399 0.08695278 0.12149119 0.16185059 0.15462896 0.05547969 0.05482184 0.06778374 0.14613968 0.04233436 0.04953934 0.06701011 0.12049702 0.08535137 0.05843187 0.07153084 0.04937573 0.06933659 0.05019614 0.11717700 0.07546145 0.06969032 0.08208283 0.09663200 0.15485937 0.11904018 0.10433230 0.11687252 0.12194284 0.05121183 0.02761481 0.08136310 0.06785653 0.05238977 0.07118229 0.13871488 0.07158063 0.07461987 0.10139251 0.07716909 0.03438791 0.09763383 0.05814095 0.06129737 0.06598870 0.07955838 0.08027159 0.07825070 0.08470724 0.08231860 0.04755956 0.06717532 0.05856073 0.11091534 0.05837318 0.06775649 0.07246729 0.10348057 0.07886811 0.10645403 0.07209209 0.06657343 0.05992764 0.05768274 0.05680653 0.09438589 0.08767156 0.07286175 0.04279827 0.08207816 0.05891694 0.08741038 
0.07410030 0.07453802 0.11016136 0.07811566 0.09390564 0.07179701 0.06972524 0.05168041 0.10477242 0.07635566 0.05412188 0.07380221 0.07082435 0.13603457 0.08683134 0.05148603 0.14723887 0.12605034 0.09205488 0.10251738 0.07824136 0.09462320 0.14805953 0.08413655 0.12882065 0.08397835 0.18567324 0.00000000 0.23819322 0.14568886 0.16482152 0.14998588 0.12809198 0.09704622 0.04997822 0.07509764 0.07260325 0.07372905 0.13905631 0.15523444 0.14604975 0.08568609 0.05322056 0.14272256 0.09995116 0.07868203 0.10060069 0.08410338 0.06541870 0.08479431 0.09809851 0.06178766 0.04967925 0.14042524 0.06600466 0.02864498 0.09922940 0.10503762 0.12221214 0.06371136 0.07831502 0.10972444 0.07010939 0.07410155 0.06731072 0.08566310 0.07207836 0.07972499 0.15843971 0.10418116 0.06205776 0.16253069 0.07716631 0.08065232 0.04925690 0.08019944 0.05176533 0.11576414 0.05908852 0.07638576 0.09916630 0.07480602 0.10132780 0.09580585 0.06937512 0.13434699 0.08794258 0.06377220 0.09993032 0.08605403 0.13983074 0.10032747 0.06018393 0.08881761 0.07720879 0.04926568 0.06469739 0.02944121 0.09696847 0.08008819 0.06689131 0.05202490 0.06445595 0.04479645 0.07034689 0.11842412 0.05026696 0.05984161 0.06023015 0.04288933 0.04881026 0.09666167 0.12416867 0.06984321 0.11617707 0.05106776 0.06235323 0.06051026 0.05364505 0.04470719 0.06529362 0.08016639 
0.08970364 0.11030803 0.07575585 0.11804703 0.08734285 0.08821437 0.12715847 0.07742637 0.07465273 0.10303296 0.02340456 0.08139381 0.08159406 0.12002331 0.06716872 0.06471728 0.08603717 0.08379244 0.04428703 0.09873141 0.08384879 0.12745717 0.16520707 0.11285023 0.09598036 0.08207994 0.11167480 0.23819322 0.00000000 0.13235867 0.17315193 0.13696713 0.10431721 0.11940543 0.11695188 0.08240356 0.09397742 0.05643795 0.06407645 0.06655675 0.12329406 0.11124427 0.03632799 0.07935341 0.06071415 0.07170190 0.12248400 0.04555805 0.10470169 0.11743418 0.15749194 0.09128988 0.03531858 0.11643362 0.14247552 0.06355080 0.04552937 0.08498175 0.06713130 0.09486172 0.07687143 0.09858926 0.07586593 0.07468935 0.03265895 0.08076224 0.07217977 0.09571633 0.12455148 0.09563815 0.06667366 0.08722283 0.09971277 0.07472737 0.10943304 0.11495119 0.07782291 0.07285649 0.06607840 0.06638363 0.17617093 0.07570675 0.12941166 0.02802692 0.07106094 0.06269493 0.16006656 0.09353546 0.08860084 0.12662665 0.08145309 0.12105824 0.07753594 0.07595188 0.06570518 0.07280962 0.07963544 0.05895590 0.04157255 0.07666702 0.05969324 0.09955982 0.07379721 0.06040859 0.05825098 0.06026033 0.06115540 0.09780047 0.08737595 0.16600134 0.14667788 0.13195715 0.09164491 0.04997347 0.05382789 0.08006707 0.06780266 0.04339996 0.04554040 0.06354984 0.04860561 0.06336182 
