0.00000000 0.25088065 0.19399948 0.12253182 0.28746281 0.13674526 0.11789889 0.14269853 0.11479546 0.13547690 0.08094008 0.15741218 0.06325581 0.12217966 0.13875029 0.09352099 0.09569075 0.15111297 0.12053628 0.11328604 0.10304033 0.19628009 0.12321752 0.20085734 0.09437211 0.21931157 0.10986506 0.09450861 0.16379213 0.21184364 0.24756812 0.30064561 0.13907225 0.16081966 0.16969063 0.13217956 0.08691552 0.09125146 0.20228475 0.15597901 0.20761830 0.14581987 0.08822160 0.09830863 0.05633479 0.14584142 0.18649014 0.12249275 0.14222267 0.09429586 0.10698072 0.07681158 0.09131895 0.18972902 0.09113632 0.10511254 0.11049147 0.13253394 0.13439138 0.07850658 0.13071106 0.13533537 0.19056169 0.11515682 0.13944880 0.13215615 0.08562536 0.14724768 0.11236663 0.09062179 0.13839660 0.12416094 0.18404605 0.15149053 0.18038062 0.17235501 0.14126212 0.16898459 0.24743450 0.12954084 0.19530229 0.11952291 0.09383870 0.10307857 0.10483202 0.13221671 0.12825786 0.10453785 0.09198530 0.23526489 0.07244550 0.11493745 0.12289402 0.19877289 0.15682961 0.43667338 0.13722410 0.18325538 0.10628160 0.19637652 0.09178163 0.34085431 0.15446839 0.22894124 0.18430668 0.05579821 0.05128462 0.09709336 0.13930072 0.11217942 0.11890184 0.10946135 
0.25088065 0.00000000 0.24706988 0.13104895 0.15528416 0.11433798 0.17160614 0.24210919 0.21342755 0.19884512 0.12634553 0.08584805 0.15681573 0.10501180 0.10430461 0.14138705 0.12370958 0.34294295 0.15760575 0.14073341 0.11936431 0.20099706 0.13658414 0.12592891 0.13089062 0.16109004 0.12920329 0.11900469 0.14054151 0.16972032 0.21042703 0.14732139 0.11544297 0.17035957 0.11325559 0.32519989 0.21270581 0.10753042 0.11505544 0.16224760 0.20709749 0.17644417 0.21292826 0.11136418 0.12249773 0.11630417 0.10213626 0.13410294 0.10657141 0.13618411 0.17028579 0.19455977 0.16304672 0.11533144 0.13376612 0.08863107 0.12675064 0.14276852 0.09829396 0.12274865 0.15294159 0.09688379 0.11811162 0.11704188 0.15741670 0.11890769 0.13737977 0.13290491 0.15040590 0.13270719 0.14790917 0.12262931 0.11554033 0.18046262 0.13485963 0.10317936 0.09044939 0.12688806 0.14751036 0.14170767 0.14336095 0.14931355 0.10158460 0.06542653 0.13490167 0.12842495 0.09821967 0.11434415 0.03928186 0.09634752 0.08686727 0.14907735 0.20568831 0.14750420 0.27140898 0.10119534 0.08189123 0.12903520 0.16774638 0.11283934 0.10425721 0.14620970 0.14197418 0.11595638 0.24661789 0.17913559 0.11544669 0.11285984 0.15842362 0.09771393 0.17614318 0.14196547 
0.19399948 0.24706988 0.00000000 0.10957493 0.48376104 0.13323217 0.11484064 0.57173965 0.17027179 0.15714870 0.16613461 0.20564548 0.10238783 0.09941175 0.15666308 0.15066693 0.20866767 0.12072778 0.11075597 0.09253764 0.10637279 0.11393285 0.11801443 0.11472656 0.10149929 0.12380306 0.12295527 0.12206140 0.09955729 0.10267798 0.10795220 0.12928851 0.14138066 0.10014253 0.18656741 0.16175495 0.18684978 0.11512082 0.14117872 0.06196986 0.10094197 0.25679504 0.11201443 0.15054291 0.12908564 0.28897794 0.18843891 0.14265512 0.10816306 0.05813659 0.14182766 0.11989132 0.15942359 0.22457270 0.08849564 0.15727136 0.09201454 0.14652443 0.10100938 0.12892974 0.11056169 0.10471393 0.19428272 0.13092007 0.15006691 0.16178788 0.14745023 0.10929590 0.09590311 0.15620512 0.11114787 0.16796778 0.15313659 0.13603842 0.09744919 0.12577089 0.13403287 0.07157789 0.13275105 0.07396975 0.11990871 0.17645921 0.20698958 0.13500519 0.13303952 0.10481002 0.16082242 0.10078189 0.12493820 0.06745025 0.11897670 0.14949385 0.48048635 0.17526347 0.12070980 0.13667154 0.09318691 0.15663440 0.10471943 0.15529988 0.13541662 0.08885777 0.10547181 0.17888643 0.22915728 0.13863080 0.16348578 0.12693870 0.11613221 0.14516936 0.13693042 0.11283513 
0.12253182 0.13104895 0.10957493 0.00000000 0.20093474 0.17308077 0.22040447 0.13140350 0.18931411 0.13626715 0.23642139 0.11020540 0.15698021 0.12848471 0.13177197 0.11801786 0.17773731 0.19684196 0.15928845 0.21287282 0.15202100 0.10497384 0.19772956 0.09877230 0.19278787 0.14647177 0.16483255 0.12903788 0.15996914 0.13609728 0.16493453 0.13686628 0.12947636 0.17165226 0.12191380 0.11048806 0.13360125 0.13988696 0.11270579 0.16128272 0.13739520 0.12827688 0.14018560 0.10481517 0.16436856 0.12053712 0.12187280 0.12840647 0.15994334 0.14911784 0.13680006 0.11023544 0.12745953 0.16079413 0.12305493 0.16450650 0.11391714 0.12389495 0.15418689 0.12455937 0.11170444 0.15008791 0.11861135 0.14729225 0.09908214 0.14797191 0.18092432 0.19236921 0.16842524 0.13714828 0.13018911 0.11424519 0.10913814 0.13519291 0.17274600 0.09410590 0.10338436 0.14596619 0.11520784 0.12640119 0.11385372 0.11095713 0.10410976 0.11441237 0.13204305 0.17127123 0.14221329 0.15435921 0.15089410 0.13055469 0.12559786 0.15545556 0.11188362 0.13118053 0.16259337 0.09662009 0.15611353 0.13918994 0.10558673 0.10839044 0.10295179 0.17099545 0.18069052 0.10773755 0.11775561 0.16232274 0.13087512 0.13963873 0.13306935 0.19098927 0.14343282 0.14118193 
0.28746281 0.15528416 0.48376104 0.20093474 0.00000000 0.13747126 0.21128345 0.12225262 0.23664582 0.13731948 0.16630688 0.08906414 0.09891817 0.11592097 0.14735612 0.12920528 0.20162087 0.13259683 0.11769906 0.16839030 0.09460656 0.18060109 0.17286705 0.08952300 0.13824373 0.12683324 0.13264058 0.11075940 0.14151510 0.07061002 0.09325346 0.13669882 0.16094944 0.06940283 0.16529001 0.07393815 0.19533658 0.19130336 0.18998370 0.10725017 0.10046745 0.10481798 0.25487035 0.13490712 0.08165181 0.10408349 0.16983128 0.25814924 0.11879073 0.06244867 0.20535360 0.07916678 0.17146134 0.15120174 0.04401862 0.18411190 0.07843820 0.10996322 0.10146830 0.22747206 0.15392089 0.12734607 0.20432010 0.15836722 0.18911384 0.09946747 0.11502464 0.14896495 0.13523533 0.07259715 0.14141069 0.13788370 0.11878195 0.12464895 0.11418453 0.12224661 0.13132920 0.14742325 0.07931890 0.10396076 0.10710135 0.13490215 0.12581274 0.14839137 0.24356317 0.05547593 0.12592401 0.23928890 0.12312723 0.14186657 0.16430979 0.19491166 0.18054010 0.07445162 0.07082620 0.15421108 0.15266764 0.14588565 0.13851125 0.13903630 0.16987309 0.05424060 0.15305780 0.16152804 0.08497027 0.20663985 0.10499537 0.08725460 0.07914308 0.19927831 0.14420562 0.14566440 
0.13674526 0.11433798 0.13323217 0.17308077 0.13747126 0.00000000 0.16906235 0.18093634 0.31924552 0.52823855 0.17849014 0.15024431 0.15379686 0.12349742 0.13736918 0.16220165 0.14353777 0.16178615 0.29539648 0.12899194 0.15156848 0.16775815 0.12025528 0.08952144 0.11730699 0.09660628 0.12122466 0.17083318 0.13156674 0.11375776 0.10669395 0.18035298 0.11186175 0.20687632 0.12174517 0.10270327 0.19216679 0.08829944 0.39263495 0.10854497 0.09338399 0.13390250 0.12478579 0.17676180 0.16942493 0.10322427 0.11818567 0.12737656 0.09180682 0.17009369 0.14366691 0.13112845 0.06901818 0.18267690 0.15510239 0.22727872 0.22758278 0.15426250 0.16484385 0.15269904 0.15739505 0.16721266 0.13045052 0.11951393 0.10768215 0.13110042 0.15928761 0.16592245 0.13690428 0.16985605 0.10571271 0.16511362 0.09438237 0.16016148 0.09102485 0.14456982 0.12072021 0.11722947 0.14373606 0.08573162 0.07919720 0.11470608 0.09427784 0.06654822 0.13386305 0.11801038 0.14700463 0.17729151 0.13271564 0.09914517 0.13212174 0.13214868 0.10635268 0.14421614 0.12838697 0.10476317 0.13076622 0.11208228 0.17397227 0.14839309 0.08406565 0.13352590 0.12186399 0.13844733 0.07692274 0.11796905 0.10694474 0.10144408 0.15114319 0.05320833 0.13449101 0.20370519 
0.11789889 0.17160614 0.11484064 0.22040447 0.21128345 0.16906235 0.00000000 0.12760928 0.27161120 0.14678580 0.21095729 0.16213780 0.20539097 0.10408353 0.15375067 0.13266125 0.15335208 0.13489572 0.14087248 0.15125289 0.08787024 0.07885598 0.14307599 0.08627594 0.22057700 0.17966118 0.17603912 0.14169019 0.12498995 0.17494665 0.10617029 0.17706044 0.10355209 0.16677670 0.17778128 0.09388775 0.17660333 0.13666157 0.11272522 0.14734083 0.12666398 0.16341960 0.08889579 0.07295700 0.13563895 0.09007366 0.14130840 0.15154431 0.13628972 0.13119150 0.15692861 0.10116036 0.08487957 0.13287261 0.09138305 0.18289276 0.19825976 0.07728995 0.12972535 0.11084141 0.12524580 0.09984517 0.13093982 0.16678953 0.07485796 0.13789953 0.12246070 0.15156482 0.14834809 0.14219095 0.17088315 0.11190167 0.12822182 0.12435921 0.12826698 0.08746341 0.14463959 0.14277958 0.13016099 0.09667839 0.12053705 0.16652775 0.09646735 0.15326648 0.14950883 0.15618199 0.09261988 0.13868691 0.11091005 0.24604001 0.11682125 0.28480473 0.11264484 0.15242619 0.13318015 0.13712626 0.13608048 0.10025154 0.13630183 0.17446490 0.10929105 0.12468733 0.17114652 0.18855734 0.10756456 0.11774122 0.12621209 0.11351447 0.20033243 0.12006082 0.18483309 0.26495775 
0.14269853 0.24210919 0.57173965 0.13140350 0.12225262 0.18093634 0.12760928 0.00000000 0.20765517 0.22504832 0.15986100 0.20825059 0.31104981 0.12324527 0.06830589 0.53260637 0.07717846 0.12819073 0.09555325 0.12118741 0.17420423 0.10142813 0.10600222 0.08352872 0.09552408 0.09021011 0.12484968 0.16914368 0.16593677 0.13791164 0.17267007 0.13762973 0.15757219 0.13395874 0.09031155 0.07270784 0.12687627 0.19928403 0.12896213 0.13860068 0.14145235 0.24942307 0.17821007 0.21545572 0.10275318 0.13185822 0.11698265 0.13257648 0.05767979 0.09502064 0.10756979 0.12560701 0.10122146 0.09277668 0.10191361 0.11847176 0.13233996 0.07583604 0.13760264 0.13795429 0.12280595 0.16853245 0.06894197 0.13791922 0.12219266 0.10068281 0.12887206 0.11156729 0.12689980 0.10317723 0.19687235 0.22647729 0.13423633 0.21213976 0.14830363 0.09857118 0.15523288 0.12109160 0.08801335 0.04813304 0.22330109 0.12135683 0.09972425 0.13109436 0.08004020 0.07888686 0.08621346 0.20672426 0.06971123 0.12326500 0.15766940 0.32030579 0.18765148 0.11566949 0.16515871 0.12712825 0.09456433 0.12119110 0.10177295 0.19863518 0.11684948 0.13134524 0.14475688 0.19215339 0.18900186 0.13307731 0.12011079 0.13395989 0.14814773 0.12799754 0.20205428 0.09201207 
0.11479546 0.21342755 0.17027179 0.18931411 0.23664582 0.31924552 0.27161120 0.20765517 0.00000000 0.25194356 0.09501758 0.28208690 0.18509123 0.18892107 0.23055736 0.07012438 0.08271496 0.22877617 0.06005125 0.14220958 0.08601937 0.10350549 0.15245692 0.19022125 0.13091539 0.06425383 0.12697713 0.18809093 0.12937463 0.15694630 0.12940178 0.12848007 0.10201235 0.11887930 0.21165542 0.05288981 0.12003257 0.14393715 0.17200127 0.12768546 0.10677887 0.07832707 0.05043069 0.28606648 0.09890835 0.10645215 0.12303186 0.18957064 0.14424890 0.05315626 0.04407145 0.12266557 0.17193795 0.13229822 0.12850210 0.22897798 0.13338327 0.12390407 0.14770727 0.13701996 0.13953071 0.09965431 0.12997999 0.13568364 0.23587323 0.20081460 0.12250640 0.13140584 0.16655858 0.03981959 0.17341207 0.15334583 0.09401748 0.18655544 0.16561533 0.07373483 0.18420417 0.13116663 0.12990937 0.18246521 0.10363185 0.12415050 0.07249299 0.11413271 0.18120100 0.13297894 0.19203744 0.09179360 0.04397049 0.16032286 0.09581505 0.15991195 0.16607574 0.04654841 0.10060996 0.13877650 0.15789138 0.16362070 0.14274286 0.15064884 0.19973516 0.11061626 0.14495198 0.04707233 0.12752592 0.16517211 0.08931474 0.11451252 0.21273941 0.08766988 0.15231525 0.25356330 
0.13547690 0.19884512 0.15714870 0.13626715 0.13731948 0.52823855 0.14678580 0.22504832 0.25194356 0.00000000 0.11676456 0.21570544 0.17582607 0.21882868 0.13083810 0.11877973 0.10102015 0.13134101 0.10177867 0.13887786 0.09722668 0.14524710 0.13839297 0.21855806 0.14494507 0.08769595 0.14210720 0.17400494 0.12386301 0.10256473 0.07211883 0.15032185 0.14998000 0.15045725 0.11548821 0.05379301 0.15209324 0.22485153 0.28594237 0.19356338 0.11049837 0.23500745 0.14538165 0.14142041 0.11242619 0.14304729 0.02365817 0.10747210 0.09851286 0.08378651 0.08720270 0.15348336 0.14587800 0.17322193 0.12751272 0.12907119 0.19294719 0.16736333 0.14964041 0.09544350 0.14143437 0.11350197 0.14768387 0.15826097 0.10763808 0.08637853 0.09733347 0.13924074 0.13915261 0.14344085 0.16372441 0.16192370 0.14317978 0.19040544 0.13676651 0.14223728 0.10818994 0.11777494 0.19885584 0.08684967 0.13121986 0.19318192 0.15249892 0.22669329 0.15933506 0.11431133 0.20954328 0.15212686 0.14684842 0.14118309 0.11065793 0.22897023 0.17617508 0.11648687 0.05245055 0.13515026 0.13919638 0.09090293 0.14223040 0.16675423 0.18521683 0.13011560 0.11589045 0.07621173 0.09314983 0.08967604 0.08701350 0.05909964 0.18969114 0.09450209 0.11044932 0.10306001 
0.08094008 0.12634553 0.16613461 0.23642139 0.16630688 0.17849014 0.21095729 0.15986100 0.09501758 0.11676456 0.00000000 0.17249596 0.14126127 0.12977819 0.17544705 0.17120100 0.07292098 0.16317381 0.22348696 0.19509001 0.10704940 0.13274947 0.20612260 0.15024396 0.12106665 0.08715685 0.14514930 0.12524215 0.14337553 0.12502713 0.12654034 0.11139490 0.16507280 0.13519771 0.15507932 0.11060488 0.06679961 0.18006451 0.17059650 0.18285601 0.09007369 0.08024118 0.17131965 0.14954725 0.11300520 0.11710933 0.11200039 0.12823422 0.20775416 0.12142250 0.20662988 0.09366141 0.13237320 0.09962731 0.07121826 0.11600858 0.16028488 0.15643074 0.11642898 0.13862806 0.16590561 0.16032074 0.17851385 0.13152357 0.09403034 0.21598522 0.14842438 0.13971979 0.14911047 0.10768041 0.09229469 0.08675487 0.19729409 0.18798716 0.14225884 0.09038618 0.12572506 0.15839669 0.10139648 0.13496014 0.16649344 0.12999794 0.11164062 0.17327833 0.23709209 0.13827132 0.09686820 0.22012133 0.07075889 0.12004452 0.19857473 0.10408446 0.17229980 0.20672836 0.10109284 0.06989126 0.12000461 0.13381606 0.15249531 0.13468028 0.12207962 0.20770016 0.14253158 0.04886631 0.09913429 0.11143592 0.17858061 0.16279515 0.19030618 0.22614985 0.15398676 0.09446456 
0.15741218 0.08584805 0.20564548 0.11020540 0.08906414 0.15024431 0.16213780 0.20825059 0.28208690 0.21570544 0.17249596 0.00000000 0.06607787 0.58519568 0.17674246 0.17319855 0.21559518 0.09514265 0.17067627 0.10708387 0.17043752 0.18484812 0.14106286 0.12870002 0.08263274 0.09002862 0.12231630 0.11539854 0.12532166 0.09451538 0.05234102 0.09750021 0.15485480 0.20394558 0.05915024 0.15138423 0.04901040 0.18428278 0.12485771 0.17185702 0.19431752 0.07826831 0.08195658 0.11716093 0.12075529 0.22140804 0.20739236 0.12965353 0.08780655 0.09595558 0.12477018 0.09747995 0.12521568 0.15722741 0.17388980 0.11924856 0.10229425 0.15465674 0.13789159 0.09667320 0.16905817 0.16943825 0.11654005 0.10152161 0.08772725 0.11801528 0.13691437 0.14291622 0.11234473 0.12687385 0.11197641 0.12601164 0.09713787 0.14070731 0.08390660 0.12696486 0.11830357 0.17952556 0.12689500 0.07966118 0.17883059 0.21002121 0.08838249 0.24261732 0.15831826 0.16865703 0.26546181 0.17477231 0.17201427 0.19300224 0.07133411 0.10563391 0.12449581 0.10799129 0.07457655 0.15096195 0.06416123 0.16568814 0.07179097 0.12122305 0.12291056 0.16571484 0.13419333 0.14816140 0.16652216 0.10194279 0.12721068 0.08284051 0.14756435 0.46385691 0.11588456 0.40758796 
0.06325581 0.15681573 0.10238783 0.15698021 0.09891817 0.15379686 0.20539097 0.31104981 0.18509123 0.17582607 0.14126127 0.06607787 0.00000000 0.23979785 0.21650313 0.42604669 0.11060312 0.17530666 0.10541951 0.16841028 0.09731946 0.03708495 0.13906043 0.21968892 0.13945493 0.09867414 0.12852388 0.12323268 0.12577413 0.16323109 0.03600411 0.08388023 0.10843299 0.20065642 0.24551471 0.08116620 0.09469332 0.10718612 0.11122135 0.07769117 0.14245962 0.12532030 0.18546501 0.11501384 0.11891402 0.15709529 0.12962318 0.18116788 0.10745808 0.10254723 0.12001514 0.08938356 0.14136953 0.08736805 0.05036895 0.12272552 0.18308045 0.12449264 0.16077102 0.05751812 0.08545880 0.06958044 0.13120816 0.16503190 0.17842725 0.14030775 0.08979394 0.12160412 0.14481514 0.12199760 0.15853744 0.08295147 0.14484371 0.10069883 0.08818767 0.12404991 0.08420402 0.11877754 0.12959962 0.09675639 0.14891325 0.16979842 0.02595912 0.04612614 0.11931332 0.06405638 0.12802210 0.18255858 0.09639639 0.14356101 0.11350978 0.77572656 0.10137847 0.11136573 0.12265224 0.03290146 0.13378040 0.12744838 0.10178243 0.11015702 0.06734599 0.05886892 0.16184665 0.04359992 0.10707215 0.26333923 0.65588219 0.08460833 0.60548590 0.08291119 0.16405786 0.14153492 
0.12217966 0.10501180 0.09941175 0.12848471 0.11592097 0.12349742 0.10408353 0.12324527 0.18892107 0.21882868 0.12977819 0.58519568 0.23979785 0.00000000 0.21225189 0.22939711 0.15767596 0.10140024 0.12372821 0.12157205 0.22053627 0.03442821 0.12059315 0.18723653 0.11429628 0.10583241 0.13908047 0.10024583 0.15794375 0.16856309 0.05764261 0.06486725 0.08595114 0.12150537 0.15135419 0.12393511 0.13369220 0.15910570 0.04769824 0.13305705 0.08616105 0.26298501 0.11723972 0.15995024 0.10309391 0.09161837 0.16334720 0.11965030 0.12710734 0.07578924 0.12409609 0.10145199 0.17769745 0.11174194 0.07372074 0.10356920 0.07352266 0.05654335 0.11959396 0.09736134 0.09120093 0.09647483 0.14850344 0.16759856 0.09129093 0.18172036 0.13634581 0.13184984 0.13729341 0.07249479 0.13640539 0.09067560 0.11949592 0.13306191 0.13144252 0.16956795 0.17280233 0.14765411 0.15830331 0.12303626 0.20686008 0.16403732 0.15253695 0.16309318 0.18366318 0.10172650 0.80906381 0.13892950 0.06510104 0.16969319 0.10296175 0.17029929 0.13448476 0.10310357 0.08634079 0.11010019 0.12665392 0.08786838 0.18775807 0.09623933 0.06065318 0.11278311 0.11659042 0.11908103 0.09798019 0.07045590 0.21521740 0.15519519 0.22441837 0.56758144 0.10538221 0.23709774 
0.13875029 0.10430461 0.15666308 0.13177197 0.14735612 0.13736918 0.15375067 0.06830589 0.23055736 0.13083810 0.17544705 0.17674246 0.21650313 0.21225189 0.00000000 0.12905737 0.23494980 0.16342526 0.19341456 0.18770165 0.08954088 0.15579362 0.14395844 0.20222708 0.17727371 0.08894913 0.15744035 0.11991441 0.20414121 0.13786489 0.12185542 0.09944880 0.11796329 0.18606358 0.13562339 0.12352058 0.19074615 0.11289584 0.16111862 0.14978948 0.12319330 0.13670585 0.06992958 0.17539050 0.11271722 0.13193203 0.15870355 0.14011538 0.08881769 0.07014114 0.12564414 0.22964310 0.19251798 0.13354342 0.10155287 0.12604895 0.13953927 0.13543196 0.15378240 0.09088272 0.28481431 0.14497080 0.11371727 0.12697051 0.10120505 0.25080912 0.17250456 0.11364948 0.15082273 0.20145453 0.19203261 0.15894701 0.21768589 0.16764199 0.11487851 0.12692103 0.22893136 0.12618324 0.12645523 0.13993039 0.19725289 0.22570234 0.12856182 0.09289161 0.08914199 0.12971352 0.13604076 0.09666672 0.09152092 0.09680742 0.14080143 0.20039589 0.12165556 0.06406352 0.10138016 0.08446039 0.12583485 0.13827628 0.10497520 0.14561736 0.19593139 0.09941617 0.14338476 0.09290261 0.07199160 0.11718739 0.12334278 0.19973985 0.14524692 0.12548273 0.13776758 0.09887907 
0.09352099 0.14138705 0.15066693 0.11801786 0.12920528 0.16220165 0.13266125 0.53260637 0.07012438 0.11877973 0.17120100 0.17319855 0.42604669 0.22939711 0.12905737 0.00000000 0.24430606 0.07707867 0.14280566 0.15524694 0.14674006 0.07616638 0.10581765 0.13469132 0.16823696 0.15226892 0.12107088 0.10528607 0.11324678 0.12709987 0.18871634 0.09398336 0.16806634 0.10487015 0.06236841 0.06187431 0.14129212 0.17227585 0.11817458 0.08272489 0.18292437 0.17213999 0.08011556 0.04942621 0.13496703 0.11198212 0.09365712 0.11715177 0.08167111 0.09866112 0.17381238 0.15735135 0.12101533 0.16165555 0.13140120 0.09043247 0.11355085 0.18734825 0.12270410 0.16510383 0.11716733 0.14414615 0.18257037 0.11525142 0.08914372 0.11095545 0.11084790 0.13398482 0.11917588 0.13704234 0.21296055 0.13970413 0.05949330 0.13595878 0.16685442 0.08560756 0.12491983 0.12652707 0.16365605 0.04523479 0.18782514 0.13858105 0.18736760 0.13484696 0.09918690 0.07254706 0.13601591 0.15146346 0.11005378 0.14707104 0.10933591 0.17942349 0.27003994 0.11253260 0.12553091 0.03958369 0.11990806 0.17474081 0.16802271 0.22078176 0.08453553 0.09762453 0.11771834 0.11793061 0.64848172 0.14275852 0.26455850 0.28077964 0.16582053 0.14088015 0.13959420 0.09236403 
0.09569075 0.12370958 0.20866767 0.17773731 0.20162087 0.14353777 0.15335208 0.07717846 0.08271496 0.10102015 0.07292098 0.21559518 0.11060312 0.15767596 0.23494980 0.24430606 0.00000000 0.14732819 0.18880572 0.14318904 0.16845070 0.07936096 0.11965700 0.16138188 0.11970467 0.09950306 0.14200027 0.06880879 0.18322850 0.18612706 0.07832992 0.12992448 0.21511405 0.13147243 0.08320722 0.20212735 0.12455726 0.02481549 0.14465556 0.06095664 0.09922992 0.15415167 0.09176061 0.07149827 0.07924719 0.07893132 0.10521301 0.15107548 0.13319081 0.19837482 0.11853157 0.10412135 0.10679036 0.01874013 0.15710947 0.03984068 0.06830570 0.12089622 0.10291842 0.09896510 0.12904239 0.13785959 0.14675470 0.10945263 0.21115351 0.20791266 0.15532098 0.12506389 0.11651254 0.36450782 0.12934696 0.14648043 0.15116003 0.12382134 0.12526203 0.11733357 0.23355853 0.45270881 0.15058045 0.21501657 0.17345222 0.11028156 0.13665683 0.11911601 0.19659593 0.21803543 0.11988016 0.10086302 0.11617831 0.16856917 0.16808029 0.10466471 0.10217849 0.15189436 0.06852575 0.06589976 0.08595750 0.12619343 0.18102441 0.10037069 0.21760307 0.14295946 0.12969192 0.12970515 0.11099012 0.21364244 0.29263305 0.38724620 0.08170962 0.27978898 0.19317429 0.16773259 
0.15111297 0.34294295 0.12072778 0.19684196 0.13259683 0.16178615 0.13489572 0.12819073 0.22877617 0.13134101 0.16317381 0.09514265 0.17530666 0.10140024 0.16342526 0.07707867 0.14732819 0.00000000 0.13359432 0.14813390 0.11268309 0.16197890 0.13459709 0.10214638 0.16353752 0.10037077 0.13446802 0.13390105 0.12320970 0.14183580 0.11833975 0.15344150 0.10423201 0.12608623 0.12249901 0.07764999 0.17228207 0.10211892 0.12862898 0.13885046 0.17174255 0.15808861 0.09943532 0.09485851 0.10060206 0.10382761 0.15377436 0.13218311 0.11547921 0.09658946 0.15598004 0.13507880 0.06899426 0.07755300 0.16051437 0.17671427 0.11245093 0.15801137 0.15446958 0.10397993 0.13017129 0.17431474 0.08060603 0.13759802 0.09741950 0.14888803 0.12655649 0.12523601 0.13064151 0.11997208 0.36320405 0.10370381 0.09386874 0.13785856 0.11077706 0.12123071 0.14478519 0.15048669 0.11588339 0.18836054 0.17006054 0.14008737 0.13518672 0.10002107 0.15791214 0.17059167 0.06648686 0.14535985 0.14017973 0.17343378 0.17158018 0.16719980 0.12692863 0.10704293 0.50342236 0.11177862 0.15688150 0.27969064 0.09148821 0.08563421 0.18571281 0.12027862 0.13683328 0.12162458 0.16752613 0.18735562 0.14373961 0.11891666 0.09843754 0.19317481 0.15915696 0.11953258 
0.12053628 0.15760575 0.11075597 0.15928845 0.11769906 0.29539648 0.14087248 0.09555325 0.06005125 0.10177867 0.22348696 0.17067627 0.10541951 0.12372821 0.19341456 0.14280566 0.18880572 0.13359432 0.00000000 0.22628990 0.08902038 0.12812396 0.14989613 0.11966967 0.20262878 0.11682526 0.13470165 0.13321186 0.17365663 0.14155381 0.13337081 0.14716563 0.11782220 0.10929018 0.10100693 0.17778164 0.14657208 0.10907483 0.14819602 0.10378218 0.08603022 0.10148754 0.15355954 0.13813412 0.19277783 0.05046148 0.15309098 0.10245147 0.09933746 0.17216986 0.22105652 0.08134600 0.13016193 0.12495378 0.09931373 0.16787087 0.10003936 0.09720027 0.07766514 0.10665815 0.13785406 0.12255067 0.11178430 0.12332419 0.15531628 0.10065381 0.10527638 0.16040285 0.13338593 0.51905720 0.13983496 0.14297952 0.24635693 0.12501255 0.10522828 0.20522509 0.13820036 0.18464856 0.12875746 0.08464479 0.10028727 0.14118704 0.13702982 0.19126534 0.18673681 0.14482295 0.09993572 0.10167430 0.23414444 0.15395296 0.11653228 0.15929092 0.08576739 0.10879759 0.19883216 0.08163957 0.11542769 0.14909132 0.11751008 0.15259255 0.20736467 0.18456707 0.14112833 0.26722303 0.15824082 0.09585813 0.15647992 0.10665152 0.11480503 0.10895780 0.15550978 0.15821021 
0.11328604 0.14073341 0.09253764 0.21287282 0.16839030 0.12899194 0.15125289 0.12118741 0.14220958 0.13887786 0.19509001 0.10708387 0.16841028 0.12157205 0.18770165 0.15524694 0.14318904 0.14813390 0.22628990 0.00000000 0.19005083 0.14968477 0.21868998 0.08062422 0.27447593 0.15921377 0.18050599 0.14285695 0.18462616 0.14136836 0.12733728 0.13854428 0.14868891 0.15950311 0.15792124 0.11880936 0.14896469 0.11869243 0.14668251 0.16454383 0.13889036 0.14766923 0.11353146 0.07791160 0.14756606 0.10818558 0.13267620 0.14812245 0.17908455 0.12706953 0.11962489 0.13944442 0.10447029 0.12736600 0.13025953 0.13656161 0.13266845 0.12583487 0.12135530 0.11566419 0.11077130 0.12895434 0.08318938 0.17038005 0.11107753 0.14491627 0.15475546 0.23671688 0.26063870 0.14194582 0.11669359 0.14220519 0.11540795 0.19155301 0.14216875 0.12774674 0.13512372 0.12169675 0.11473395 0.13202058 0.09273812 0.13014465 0.10061752 0.10757322 0.09676940 0.14712326 0.15198464 0.11895420 0.12011616 0.13441354 0.14265998 0.14025568 0.15916067 0.11659341 0.12270991 0.11691838 0.12690850 0.13286783 0.11886514 0.12144115 0.11436085 0.13284252 0.17479958 0.13601230 0.13335389 0.13666627 0.12993016 0.10451443 0.14725246 0.12607722 0.16454205 0.16689370 
0.10304033 0.11936431 0.10637279 0.15202100 0.09460656 0.15156848 0.08787024 0.17420423 0.08601937 0.09722668 0.10704940 0.17043752 0.09731946 0.22053627 0.08954088 0.14674006 0.16845070 0.11268309 0.08902038 0.19005083 0.00000000 0.36424604 0.16849270 0.16327097 0.18240792 0.13217480 0.17519741 0.14800585 0.11457112 0.08559082 0.16147950 0.07503026 0.08866504 0.18798885 0.17560795 0.14180096 0.11586857 0.13552703 0.08556901 0.05956077 0.12409818 0.03575774 0.09871643 0.16943492 0.21685222 0.18509490 0.14442228 0.08300757 0.21367366 0.26197256 0.12143417 0.08798457 0.22873490 0.02653727 0.15411318 0.09934451 0.19736392 0.22897311 0.14026392 0.20826158 0.11972311 0.18385080 0.13987579 0.18211575 0.15543362 0.17019144 0.10775048 0.21889908 0.13772427 0.09465060 0.15783065 0.07600215 0.17013537 0.22541626 0.07380229 0.11049276 0.15508829 0.11214217 0.13348289 0.05473741 0.03207071 0.10691646 0.04639087 0.07330442 0.12080034 0.16702364 0.21032279 0.12830572 0.06537594 0.13059292 0.19831928 0.12856458 0.10815622 0.17879084 0.08401378 0.16192661 0.15142150 0.19412725 0.10976978 0.20243511 0.21557756 0.33067146 0.12738065 0.51114086 0.10650198 0.07469028 0.12479478 0.15973736 0.06735482 0.14299073 0.14641168 0.11907790 
0.19628009 0.20099706 0.11393285 0.10497384 0.18060109 0.16775815 0.07885598 0.10142813 0.10350549 0.14524710 0.13274947 0.18484812 0.03708495 0.03442821 0.15579362 0.07616638 0.07936096 0.16197890 0.12812396 0.14968477 0.36424604 0.00000000 0.13758357 0.48792551 0.10983186 0.10461197 0.11800706 0.20423880 0.12709326 0.15496765 0.17867799 0.18976248 0.11566292 0.13347730 0.19344510 0.10519049 0.14233192 0.12712470 0.10487431 0.16977403 0.13265377 0.18181944 0.06227972 0.16882889 0.09366230 0.07033647 0.18321159 0.10197232 0.30697898 0.12537072 0.14994591 0.17055145 0.05137581 0.17794791 0.10685315 0.12494367 0.15986693 0.12300541 0.10925047 0.19943480 0.11241537 0.20537119 0.10080865 0.20931325 0.21261841 0.09922336 0.68342636 0.15248071 0.13774718 0.12471444 0.17607719 0.14558621 0.04786030 0.18592911 0.14264740 0.18720330 0.11290204 0.08541505 0.11787028 0.09295642 0.09418290 0.11069909 0.10508606 0.15765593 0.17063031 0.07985563 0.08873015 0.11516478 0.16281192 0.11480793 0.06959556 0.06176976 0.08628003 0.11954791 0.14456274 0.10466945 0.11534041 0.08776175 0.16667098 0.15559746 0.32280036 0.13745133 0.10938811 0.12838123 0.09861213 0.14718580 0.05963688 0.20486576 0.07705593 0.23491453 0.09629319 0.16570139 
0.12321752 0.13658414 0.11801443 0.19772956 0.17286705 0.12025528 0.14307599 0.10600222 0.15245692 0.13839297 0.20612260 0.14106286 0.13906043 0.12059315 0.14395844 0.10581765 0.11965700 0.13459709 0.14989613 0.21868998 0.16849270 0.13758357 0.00000000 0.11310097 0.17941962 0.14748506 0.20916631 0.22312495 0.19665955 0.13115275 0.13589655 0.14466094 0.12373244 0.13908550 0.14000845 0.12328446 0.12942144 0.13990376 0.13172363 0.14296193 0.15840184 0.12519938 0.13480929 0.11297817 0.12075079 0.11504308 0.15071551 0.12389811 0.14441068 0.15772839 0.15496680 0.13146593 0.12640109 0.12464661 0.13358897 0.12205429 0.15128535 0.14192919 0.14305417 0.12405919 0.11349700 0.13978646 0.10685306 0.16229238 0.11547857 0.17527220 0.16163976 0.18096728 0.19757615 0.13477765 0.12942053 0.13424113 0.10834930 0.16055406 0.13403901 0.11941152 0.16201787 0.13686941 0.10734649 0.12762652 0.13278806 0.13039092 0.13457370 0.12906274 0.10719763 0.14418190 0.13426417 0.14406548 0.14236472 0.14383829 0.14544976 0.12460885 0.12661264 0.12765978 0.15149095 0.11150365 0.13368696 0.11055210 0.12274737 0.14131395 0.11653570 0.13398899 0.18849163 0.13441860 0.14456884 0.16058054 0.12764331 0.13916849 0.14026391 0.13289168 0.15264432 0.17192564 
0.20085734 0.12592891 0.11472656 0.09877230 0.08952300 0.08952144 0.08627594 0.08352872 0.19022125 0.21855806 0.15024396 0.12870002 0.21968892 0.18723653 0.20222708 0.13469132 0.16138188 0.10214638 0.11966967 0.08062422 0.16327097 0.48792551 0.11310097 0.00000000 0.12225444 0.30023780 0.12449354 0.20783998 0.15878054 0.22240830 0.15784350 0.15226336 0.20293486 0.12009723 0.18166339 0.11680898 0.10601600 0.14162669 0.13050879 0.14793623 0.15736372 0.16210297 0.06562857 0.05877295 0.12419361 0.13726901 0.17673685 0.16519352 0.10364344 0.13804205 0.12071617 0.18188636 0.15746666 0.14994667 0.08621788 0.07206197 0.12437636 0.10520390 0.03380952 0.32459039 0.10006063 0.13280347 0.08732001 0.28352704 0.09404772 0.14225688 0.13143960 0.13647580 0.08776000 0.15359762 0.15703236 0.20429605 0.11605504 0.14973348 0.14667658 0.14858810 0.05173592 0.15386212 0.11288263 0.10915494 0.07733678 0.12088758 0.16088840 0.13104792 0.10917962 0.19945871 0.15000142 0.16648534 0.11553920 0.20035119 0.11944755 0.13595590 0.19243317 0.08109329 0.13171976 0.24178917 0.08331770 0.07180979 0.21083309 0.21825048 0.20424739 0.13926768 0.12308724 0.05216192 0.15329547 0.18396846 0.10269115 0.22026086 0.12291070 0.27003285 0.10400933 0.13869940 
0.09437211 0.13089062 0.10149929 0.19278787 0.13824373 0.11730699 0.22057700 0.09552408 0.13091539 0.14494507 0.12106665 0.08263274 0.13945493 0.11429628 0.17727371 0.16823696 0.11970467 0.16353752 0.20262878 0.27447593 0.18240792 0.10983186 0.17941962 0.12225444 0.00000000 0.17621318 0.22884998 0.15241865 0.19252791 0.15561108 0.10599725 0.15692946 0.09663412 0.18758138 0.13838098 0.09962224 0.11879032 0.12078163 0.14136138 0.18003452 0.11627701 0.15862491 0.13845642 0.10258613 0.14666234 0.12938011 0.10328279 0.13987688 0.15357931 0.14290885 0.13097262 0.14707725 0.12941194 0.12384529 0.13174542 0.12421651 0.14720774 0.11276756 0.10857751 0.14052691 0.15213500 0.12447039 0.11387315 0.17602796 0.13239649 0.17555089 0.15337860 0.16194511 0.18210918 0.13877470 0.16521795 0.12800839 0.09767237 0.16681715 0.13563113 0.11485208 0.09700207 0.09867611 0.12483262 0.13138822 0.14783309 0.09710726 0.09502198 0.12218360 0.11323544 0.18736839 0.15642375 0.17840136 0.16571030 0.11473671 0.13818663 0.17313518 0.13578663 0.11513695 0.14532997 0.09722896 0.15524756 0.10379560 0.14229681 0.09965705 0.12623432 0.12371753 0.16211669 0.18917358 0.11762671 0.12562523 0.15217377 0.12892194 0.20854805 0.12013238 0.19119417 0.15671700 
0.21931157 0.16109004 0.12380306 0.14647177 0.12683324 0.09660628 0.17966118 0.09021011 0.06425383 0.08769595 0.08715685 0.09002862 0.09867414 0.10583241 0.08894913 0.15226892 0.09950306 0.10037077 0.11682526 0.15921377 0.13217480 0.10461197 0.14748506 0.30023780 0.17621318 0.00000000 0.15808344 0.16917781 0.14418439 0.11621789 0.03945270 0.21844106 0.16528442 0.15602694 0.12647959 0.14756130 0.19782428 0.10208627 0.09128857 0.27381498 0.07028095 0.18725453 0.20082683 0.18337652 0.12753814 0.21286661 0.12773478 0.07143817 0.10610156 0.04805315 0.28373978 0.17437850 0.11720974 0.21506046 0.24566464 0.18773801 0.20220190 0.20904180 0.15075965 0.62388786 0.17815115 0.15738917 0.11091353 0.17200707 0.20907862 0.12875959 0.13864930 0.12674081 0.14967843 0.07625350 0.13199761 0.03406215 0.15270618 0.09032789 0.10625561 0.09989339 0.09016383 0.16934053 0.11656756 0.14404260 0.01692934 0.08914946 0.16553596 0.14916184 0.08774291 0.16072684 0.09171494 0.10519962 0.10474686 0.11562730 0.23298549 0.09738047 0.17859946 0.14148275 0.17251175 0.41076056 0.16258854 0.08548671 0.07014979 0.22278864 0.06846303 0.09505570 0.15003271 0.19468373 0.10721818 0.08542671 0.07243411 0.08612648 0.19490189 0.06821165 0.17634684 0.13931352 
0.10986506 0.12920329 0.12295527 0.16483255 0.13264058 0.12122466 0.17603912 0.12484968 0.12697713 0.14210720 0.14514930 0.12231630 0.12852388 0.13908047 0.15744035 0.12107088 0.14200027 0.13446802 0.13470165 0.18050599 0.17519741 0.11800706 0.20916631 0.12449354 0.22884998 0.15808344 0.00000000 0.24408347 0.22329164 0.21759602 0.12664281 0.20872848 0.10307834 0.15910214 0.15274135 0.11655330 0.11334038 0.13494858 0.11939864 0.13286564 0.14712762 0.13129579 0.14720143 0.11521269 0.11247356 0.11413517 0.12598592 0.13814499 0.13751760 0.13537810 0.11635535 0.12350148 0.10527982 0.12258960 0.10051844 0.13659995 0.18687227 0.12650787 0.11832733 0.13289885 0.11793394 0.13343786 0.10539243 0.20838684 0.13210286 0.23392043 0.13522614 0.16805637 0.18286373 0.13257415 0.13518744 0.15526752 0.14384073 0.14553506 0.12309252 0.11006236 0.13251281 0.12890852 0.11981096 0.11071243 0.11236320 0.13729767 0.12122234 0.12231554 0.10909022 0.16351396 0.12816935 0.16230111 0.13193893 0.15569031 0.13609845 0.16675774 0.11568639 0.14212797 0.13562299 0.12137961 0.12934530 0.11564102 0.11393630 0.14426417 0.11610831 0.15193253 0.17410507 0.12175165 0.12751297 0.15433019 0.15729165 0.13896977 0.13221907 0.11523168 0.18391430 0.14643820 
0.09450861 0.11900469 0.12206140 0.12903788 0.11075940 0.17083318 0.14169019 0.16914368 0.18809093 0.17400494 0.12524215 0.11539854 0.12323268 0.10024583 0.11991441 0.10528607 0.06880879 0.13390105 0.13321186 0.14285695 0.14800585 0.20423880 0.22312495 0.20783998 0.15241865 0.16917781 0.24408347 0.00000000 0.15135432 0.12810659 0.46404593 0.15525429 0.11727537 0.21644586 0.11769953 0.15071637 0.11736258 0.05983770 0.04777629 0.17278851 0.09578571 0.10510108 0.10012286 0.03456901 0.12416074 0.12370781 0.07221941 0.15617554 0.08188383 0.14354587 0.18661688 0.08548236 0.08805091 0.08791537 0.04542737 0.15651379 0.12335473 0.18121057 0.06791278 0.20578069 0.13577166 0.13867305 0.09900167 0.14960511 0.10747674 0.16381071 0.11676351 0.13724811 0.14424326 0.12091495 0.11934728 0.14576867 0.04894203 0.09139046 0.16455270 0.09702905 0.17064873 0.13098328 0.12683969 0.08655989 0.05503704 0.11216130 0.16731998 0.11219491 0.13013487 0.12851881 0.09500349 0.10473494 0.10194903 0.11788949 0.13500763 0.09744351 0.18315119 0.07150344 0.22191276 0.59570145 0.12040389 0.12767814 0.05871389 0.19855866 0.24448494 0.62929287 0.14274878 0.10145718 0.23928218 0.07745425 0.24493302 0.09676923 0.09685244 0.10168825 0.13263805 0.13688658 
0.16379213 0.14054151 0.09955729 0.15996914 0.14151510 0.13156674 0.12498995 0.16593677 0.12937463 0.12386301 0.14337553 0.12532166 0.12577413 0.15794375 0.20414121 0.11324678 0.18322850 0.12320970 0.17365663 0.18462616 0.11457112 0.12709326 0.19665955 0.15878054 0.19252791 0.14418439 0.22329164 0.15135432 0.00000000 0.19902616 0.17314047 0.17414593 0.12232548 0.14366321 0.14480124 0.15623611 0.13973547 0.11821990 0.12494265 0.12172510 0.15612563 0.13382737 0.14503667 0.10970963 0.13606311 0.12621907 0.15529556 0.21616199 0.12567812 0.18074422 0.12824968 0.12109519 0.13886507 0.11454977 0.12553633 0.13063829 0.11705457 0.12660543 0.10511834 0.17256952 0.12539269 0.12550422 0.09054985 0.18027387 0.11650253 0.16588425 0.13286493 0.15331131 0.17410765 0.16654387 0.14880759 0.16727744 0.11872424 0.20576016 0.14564165 0.09499040 0.17807071 0.12620595 0.11592343 0.13719139 0.09895837 0.13803050 0.15449020 0.11816255 0.14040218 0.14440576 0.13914311 0.14367241 0.09830978 0.16470602 0.12677824 0.12388227 0.10919613 0.11442119 0.10428516 0.15187614 0.15534860 0.14028154 0.10706547 0.11004299 0.13736298 0.18151184 0.16776851 0.11981678 0.13430484 0.11895089 0.11573712 0.14887361 0.10017048 0.11309315 0.13563307 0.14211998 
0.21184364 0.16972032 0.10267798 0.13609728 0.07061002 0.11375776 0.17494665 0.13791164 0.15694630 0.10256473 0.12502713 0.09451538 0.16323109 0.16856309 0.13786489 0.12709987 0.18612706 0.14183580 0.14155381 0.14136836 0.08559082 0.15496765 0.13115275 0.22240830 0.15561108 0.11621789 0.21759602 0.12810659 0.19902616 0.00000000 0.05099453 0.17115213 0.15737464 0.12922759 0.32322265 0.16044547 0.07023806 0.10498613 0.11643027 0.10344489 0.13451219 0.18352291 0.23985065 0.14916853 0.14242290 0.10491351 0.18990433 0.15121114 0.20144967 0.07896868 0.10915646 0.09908259 0.08486263 0.16967966 0.06686208 0.14095598 0.12947684 0.22139623 0.18004130 0.17536048 0.21730188 0.08992183 0.19442885 0.19038339 0.14907839 0.19093504 0.09722685 0.12983283 0.13165162 0.16305407 0.09556701 0.16088040 0.14200465 0.11486295 0.10528285 0.12802828 0.14120411 0.19316292 0.07478778 0.20603935 0.14465111 0.11962925 0.10620653 0.05229438 0.08339610 0.11365625 0.14306930 0.11683458 0.14996184 0.13549848 0.21781361 0.09866246 0.18568282 0.20755139 0.08103726 0.13875926 0.10775692 0.15686985 0.19586146 0.07047590 0.08930856 0.14965453 0.12754033 0.14569940 0.09372951 0.17513922 0.12918419 0.17614928 0.22796028 0.09884756 0.14509942 0.11826450 
0.24756812 0.21042703 0.10795220 0.16493453 0.09325346 0.10669395 0.10617029 0.17267007 0.12940178 0.07211883 0.12654034 0.05234102 0.03600411 0.05764261 0.12185542 0.18871634 0.07832992 0.11833975 0.13337081 0.12733728 0.16147950 0.17867799 0.13589655 0.15784350 0.10599725 0.03945270 0.12664281 0.46404593 0.17314047 0.05099453 0.00000000 0.20552601 0.15318001 0.20814409 0.07939415 0.63284292 0.12414430 0.10593149 0.22360632 0.15086427 0.05891135 0.08030744 0.14632040 0.12237738 0.06300790 0.15716628 0.07627533 0.16729159 0.15666664 0.02661929 0.09968274 0.09398553 0.13981563 0.18311015 0.09188887 0.13737619 0.37469799 0.23880718 0.13911690 0.09401852 0.15437243 0.10960739 0.04252511 0.11553364 0.07618296 0.08975438 0.18040880 0.14493367 0.14173787 0.15901130 0.08484213 0.07724078 0.09303854 0.07719041 0.20073480 0.24843474 0.13426823 0.11433862 0.09368221 0.18088261 0.10905118 0.16121326 0.07112441 0.11815822 0.14104776 0.12951588 0.08386756 0.16780515 0.09263530 0.18460003 0.15682903 0.12692100 0.05565164 0.22461595 0.15233231 0.41741645 0.16346198 0.13631148 0.07354500 0.13180942 0.14063013 0.39077602 0.12517533 0.15633579 0.11074228 0.16806162 0.19486094 0.15146830 0.13184204 0.08688726 0.13165843 0.11866565 
0.30064561 0.14732139 0.12928851 0.13686628 0.13669882 0.18035298 0.17706044 0.13762973 0.12848007 0.15032185 0.11139490 0.09750021 0.08388023 0.06486725 0.09944880 0.09398336 0.12992448 0.15344150 0.14716563 0.13854428 0.07503026 0.18976248 0.14466094 0.15226336 0.15692946 0.21844106 0.20872848 0.15525429 0.17414593 0.17115213 0.20552601 0.00000000 0.18331369 0.14930816 0.13538755 0.16524682 0.18193841 0.13167187 0.10519473 0.20183421 0.09408174 0.10780781 0.09047304 0.09447925 0.09594408 0.21156747 0.13369709 0.22085513 0.11934837 0.03231646 0.07530360 0.11381525 0.09680319 0.12526719 0.08477410 0.09663273 0.21336428 0.13788204 0.10126213 0.13980117 0.15533516 0.15815078 0.10907643 0.13785916 0.07065499 0.15501518 0.11629221 0.15215909 0.15821742 0.16979371 0.11592088 0.12044268 0.12481759 0.14560498 0.09622890 0.10556352 0.12301381 0.16885758 0.08272037 0.10731631 0.11468424 0.15751613 0.08809040 0.13964243 0.10688806 0.16675747 0.07274383 0.14749514 0.10889735 0.09342776 0.12998719 0.24735540 0.12587308 0.26062226 0.10267025 0.37444124 0.10806227 0.08360376 0.13006730 0.15935853 0.18574056 0.25047234 0.14549997 0.12114278 0.12970952 0.24468199 0.17005068 0.15356911 0.14083871 0.11732542 0.20895088 0.12570658 
