0.00000000 0.36247646 0.12882321 0.15998098 0.15987264 0.16886085 0.15347035 0.12469443 0.13791719 0.12232099 0.15513166 0.19416977 0.15346296 0.09290548 0.14720558 0.15785517 0.12227643 0.14896146 0.14088278 0.13752167 0.13995089 0.13087083 0.14407527 0.14386494 0.14981105 0.11490699 0.11484593 0.10378535 0.12225676 0.09165890 0.11789056 0.11771832 0.11559722 0.13372310 0.10077519 0.10283832 0.09405226 0.16567956 0.09494614 0.11526292 0.10562051 0.16321507 0.10570648 0.16055028 0.16046740 0.09328574 0.11404367 0.10842950 0.11739867 0.13621679 0.11164351 0.09505727 0.11489835 0.09791226 0.14490747 0.15608965 0.09691260 0.13461777 0.17094067 0.15878119 0.15069463 0.17115683 0.14627998 0.11827273 0.10121873 0.07681116 0.11035990 0.12545000 0.10523416 0.15167957 0.11659737 0.15215581 0.15172154 0.11956287 0.09517066 0.08326672 0.14952856 0.13569886 0.20076410 0.12488477 0.13184810 0.13615254 0.11678197 0.12242749 0.06731405 0.08822088 0.17949423 0.14721451 0.11562553 0.11633201 0.11601069 0.13896189 0.12514672 0.12662479 0.14758279 0.14908067 0.13079675 0.13847645 0.12067798 0.11082124 0.14836059 0.11639611 0.12818644 0.15647143 0.15944727 0.11932979 0.11567066 0.11641570 0.15830283 0.12113663 0.11051417 0.11704437 0.18861786 0.11021058 0.10754477 0.11226713 0.12729568 0.11636015 0.13974967 0.11084074 0.08800813 0.07992334 0.13315480 0.11512424 0.19973567 0.12944521 0.12998306 0.13123789 0.13191569 0.15257648 0.11352929 0.13931092 0.12970133 0.09872712 0.14413688 0.13618102 0.11482824 0.12596367 0.12606827 0.17023966 0.14444988 0.16273701 0.17507598 0.16742178 0.18827641 0.14756925 0.18937685 0.14011524 0.10652034 0.09452601 0.15569982 0.17084831 0.09794084 0.17536507 0.08756241 0.18103919 0.13509947 0.11782233 0.10502755 0.12930527 0.13273363 0.13085192 0.14838037 0.15222551 0.14970251 0.11567959 0.19103733 0.14324199 
0.36247646 0.00000000 0.17280865 0.24238838 0.50790621 0.19154376 0.11189494 0.22289763 0.17508508 0.12467493 0.17750426 0.14439076 0.18426254 0.10192067 0.14588133 0.17810159 0.15832180 0.12627911 0.20274396 0.11210567 0.11056951 0.20675158 0.10523404 0.14527553 0.13219422 0.12379220 0.13736570 0.18155478 0.16013030 0.15163517 0.12481698 0.16178055 0.07600064 0.12258512 0.14718077 0.12391388 0.11562912 0.19874339 0.12451859 0.14497547 0.10978221 0.19870150 0.10313530 0.10360967 0.10559992 0.07211564 0.13693727 0.06236462 0.08359038 0.13706274 0.11924970 0.13758489 0.12802311 0.10397987 0.10734442 0.16392860 0.11707875 0.09709556 0.21660194 0.06950764 0.12751710 0.14618098 0.09706922 0.12490805 0.11771691 0.10842296 0.07101806 0.12700367 0.09328345 0.11775582 0.14526577 0.10400840 0.16819397 0.11342578 0.10435338 0.14592326 0.09322199 0.10486114 0.12972900 0.13624381 0.09522950 0.10774950 0.18590778 0.04985859 0.13483160 0.11593262 0.16077903 0.14655887 0.14992341 0.17150090 0.16408496 0.11934363 0.13042501 0.12174216 0.18699020 0.06758224 0.15335380 0.10933267 0.16633380 0.12099373 0.14343756 0.09726442 0.09531510 0.07944750 0.13051806 0.11416790 0.08564581 0.21453762 0.11274455 0.08170395 0.08196656 0.12470087 0.26485454 0.12116963 0.08534897 0.13918869 0.06211859 0.13954709 0.12163105 0.10006467 0.13881656 0.12545503 0.09153793 0.12444814 0.15569716 0.13711612 0.06316219 0.18395169 0.12484610 0.13287751 0.12660270 0.12753361 0.06361997 0.11867932 0.05541065 0.04912792 0.09510589 0.09979909 0.06532336 0.09962210 0.14368212 0.13240011 0.15297906 0.22678467 0.17591198 0.12631258 0.18664052 0.19583866 0.14098689 0.14159420 0.23580666 0.11752660 0.12215592 0.10852339 0.10107496 0.11490532 0.10751169 0.13828812 0.12398136 0.16501926 0.15321310 0.18025299 0.12290691 0.18743783 0.12684180 0.17677691 0.14801416 0.13586442 
0.12882321 0.17280865 0.00000000 0.17754667 0.21140103 0.39803816 0.54359340 0.12312774 0.11718062 0.20804089 0.13920469 0.14638677 0.11132374 0.16941288 0.12055471 0.10758764 0.16021092 0.15458457 0.12292402 0.13372944 0.14877282 0.12215086 0.13110219 0.14138343 0.14919719 0.09155466 0.10115433 0.12701744 0.11619437 0.15567775 0.09394888 0.15718830 0.12187113 0.11510342 0.14119571 0.16385596 0.12117538 0.07340967 0.13269872 0.10903725 0.09922692 0.16217851 0.08615227 0.07707474 0.12061755 0.10925783 0.07110539 0.22985740 0.15044640 0.12049955 0.12070232 0.14365976 0.08329772 0.13631507 0.04020370 0.10190064 0.14231534 0.12394489 0.12924094 0.14451196 0.10430939 0.08687692 0.18865628 0.08903941 0.14626268 0.10339693 0.17080234 0.11131893 0.12206722 0.12364976 0.18211384 0.08803771 0.09958986 0.11487104 0.10229953 0.13909916 0.13087027 0.09290155 0.12768472 0.09859314 0.11633794 0.08428608 0.11427639 0.10283770 0.09695150 0.08457961 0.10662765 0.11603316 0.14181573 0.11439838 0.15238651 0.11955908 0.09008336 0.13364154 0.07237530 0.11450108 0.08966283 0.14200592 0.06997372 0.09925786 0.17823878 0.12245985 0.11665720 0.16407735 0.13754029 0.09210301 0.07993614 0.07704465 0.10575263 0.10590246 0.09006941 0.20406968 0.21402145 0.21036518 0.16002788 0.12350085 0.15797614 0.15250016 0.10997637 0.13019513 0.21605135 0.15822652 0.11292235 0.12331143 0.09212623 0.07054102 0.16130070 0.12715437 0.15095805 0.10979897 0.18706407 0.10087898 0.08864884 0.15256396 0.17217268 0.12447730 0.12008996 0.18911183 0.10932609 0.10508073 0.12828146 0.14109852 0.16684847 0.09455456 0.25463925 0.15984929 0.40231980 0.08151528 0.20550965 0.21363160 0.11320702 0.10472735 0.11912966 0.13645492 0.09790235 0.14087793 0.10909902 0.06020178 0.11841927 0.10168712 0.17404262 0.11674095 0.14062596 0.05497599 0.12779273 0.07656665 0.15327249 0.13560563 
0.15998098 0.24238838 0.17754667 0.00000000 0.20045518 0.11734402 0.14123034 0.26053691 0.12994905 0.11362933 0.15047110 0.16562185 0.09021929 0.10983400 0.27132082 0.16062021 0.16648127 0.15506316 0.15947664 0.14229825 0.20536594 0.11974471 0.13014223 0.19506725 0.18153363 0.08774358 0.09909819 0.23525712 0.13731582 0.18332152 0.09005066 0.14621124 0.19681644 0.10947344 0.16062556 0.13156693 0.15526949 0.20448661 0.11362565 0.15050945 0.15034704 0.14159398 0.07141901 0.13750114 0.11862326 0.05870798 0.05296437 0.13113004 0.14729623 0.10127707 0.11137376 0.07306237 0.10188051 0.09240012 0.16153905 0.16238477 0.12443337 0.13554812 0.17982513 0.12051723 0.15556783 0.14118094 0.12661179 0.15232839 0.10953195 0.04719312 0.14254892 0.14691846 0.15313979 0.06820064 0.12278819 0.17814369 0.14201850 0.16537160 0.12626575 0.09955102 0.04788082 0.08022735 0.14847000 0.08131702 0.18536339 0.17084335 0.15049588 0.17554831 0.12979824 0.11788104 0.15596593 0.14088829 0.13820479 0.17192967 0.19266783 0.08997713 0.09866320 0.16903777 0.17848567 0.08626819 0.17973307 0.15733824 0.10504081 0.09636111 0.06701581 0.11310344 0.04323403 0.12254297 0.12037201 0.12019152 0.11809287 0.18445295 0.15428139 0.12476844 0.11921233 0.13888395 0.10546221 0.13837751 0.09732449 0.12051073 0.08056645 0.12618030 0.15071879 0.14185546 0.14378046 0.06691839 0.06379065 0.06624841 0.20850932 0.17789945 0.10968047 0.14965180 0.17163136 0.10948848 0.10216486 0.08702036 0.15178450 0.09159299 0.11794673 0.08125717 0.11275095 0.09754841 0.10097700 0.19424087 0.14396347 0.16123401 0.16722504 0.14589133 0.09676917 0.12340743 0.17170094 0.19604293 0.11662960 0.11202314 0.14595343 0.13014954 0.09464980 0.15980250 0.15831965 0.07871112 0.18438132 0.16922009 0.05233181 0.16018154 0.12859913 0.13759168 0.14788263 0.19192357 0.16894165 0.20054549 0.13492402 0.13407019 
0.15987264 0.50790621 0.21140103 0.20045518 0.00000000 0.18723324 0.18071788 0.27128809 0.35251194 0.11943060 0.04444096 0.18706540 0.13552381 0.14023219 0.14336329 0.19151567 0.13253570 0.14695880 0.14027132 0.18486584 0.11218842 0.11711950 0.11230120 0.16379320 0.20874880 0.11906371 0.14714936 0.16000571 0.16337290 0.21435640 0.09535636 0.06191994 0.15874939 0.12603522 0.16296266 0.08388442 0.09768720 0.16533279 0.11818182 0.12867520 0.14401591 0.12564231 0.07202294 0.11828639 0.06739772 0.11402511 0.05938050 0.11039201 0.08395070 0.13198089 0.10366135 0.05367064 0.15196647 0.07047432 0.15072627 0.12688817 0.08664461 0.11773111 0.19403229 0.14182640 0.18281184 0.16357660 0.11838681 0.18566018 0.11740953 0.08801751 0.11129629 0.16148943 0.08612339 0.15087475 0.18603654 0.13304783 0.15564004 0.13964148 0.10665503 0.11269907 0.07318154 0.11948876 0.15425792 0.07690217 0.10929442 0.09370188 0.14971345 0.14502211 0.13665669 0.10796637 0.11629774 0.13944371 0.17392924 0.18973643 0.14477000 0.17870831 0.13060186 0.10104504 0.15950376 0.08845426 0.11739940 0.12432736 0.09962354 0.17870980 0.10948995 0.07862086 0.07830959 0.13680866 0.08034016 0.10488833 0.06942623 0.21723194 0.18119808 0.07936228 0.18057604 0.13150971 0.14339627 0.13119954 0.06533769 0.14860513 0.08736866 0.13568132 0.12878517 0.14088088 0.11841707 0.12552125 0.11190668 0.12907266 0.16326799 0.12003292 0.14734711 0.16461115 0.13873191 0.14066561 0.10852341 0.09491748 0.07869804 0.16455981 0.11705426 0.06036984 0.09876083 0.09613096 0.06261393 0.13628255 0.05249241 0.19553580 0.20220008 0.10022803 0.19280378 0.08282707 0.09059436 0.12571521 0.15934031 0.12404121 0.12912590 0.17338923 0.12787390 0.14588410 0.13848382 0.13398902 0.14003222 0.14905082 0.05804293 0.15253585 0.14440869 0.16221844 0.14948607 0.17277810 0.13679291 0.23266105 0.14836984 0.13271192 
0.16886085 0.19154376 0.39803816 0.11734402 0.18723324 0.00000000 0.33867759 0.16482031 0.25211873 0.36510585 0.11931935 0.13564329 0.16206884 0.17396086 0.14459138 0.11097415 0.15293903 0.12172294 0.16530459 0.10152803 0.17273489 0.19135798 0.13919254 0.16434246 0.14114777 0.06851590 0.10040069 0.10622272 0.10367434 0.07510274 0.11097487 0.11609792 0.09664902 0.11887514 0.13629787 0.09506037 0.18207430 0.13691198 0.16079571 0.11031052 0.17414284 0.18218836 0.09036006 0.12025514 0.08239292 0.12870975 0.14809219 0.09485813 0.11690970 0.09135606 0.12942529 0.16056605 0.08534458 0.15741441 0.09075929 0.05830361 0.09102314 0.13628852 0.08941071 0.10268554 0.14075543 0.14684343 0.14442045 0.19672630 0.11907196 0.13276437 0.11782729 0.12767627 0.16101068 0.17512173 0.16962464 0.08121572 0.13616554 0.12655281 0.07597297 0.12593871 0.05255092 0.11720601 0.15297381 0.10951378 0.11343890 0.14196553 0.03053390 0.09832694 0.13166142 0.12235925 0.10680212 0.13308812 0.08156379 0.11676015 0.06646336 0.11721107 0.05918154 0.12931478 0.10709460 0.10683351 0.11475621 0.10360976 0.15333203 0.18730621 0.04220504 0.08259832 0.12303688 0.13606839 0.33033848 0.17403679 0.12551031 0.10269488 0.12058964 0.09957139 0.14566671 0.12384555 0.30183993 0.11870906 0.12648823 0.11805805 0.09316600 0.13004827 0.19707150 0.10979149 0.10989450 0.08453539 0.06297414 0.13348628 0.19631660 0.13795238 0.13992157 0.17083101 0.10718281 0.10931777 0.14142656 0.18459126 0.15978648 0.12330068 0.08546757 0.10686926 0.11906363 0.18063366 0.13837148 0.17224051 0.21273112 0.13488446 0.13352680 0.15724514 0.23329839 0.10557438 0.14271239 0.15085829 0.11859012 0.13035087 0.19350151 0.10896122 0.18211398 0.14253984 0.09608873 0.09916652 0.08637792 0.14368780 0.06424894 0.10589746 0.08340559 0.14028161 0.09344087 0.18845505 0.11922969 0.11959476 0.10766208 0.12824510 
0.15347035 0.11189494 0.54359340 0.14123034 0.18071788 0.33867759 0.00000000 0.21547505 0.16116169 0.15469831 0.21655617 0.16918945 0.13516882 0.28377444 0.15010171 0.11913543 0.17475400 0.17671946 0.13244319 0.14909840 0.12584527 0.11429592 0.17883054 0.12679213 0.12415548 0.13830269 0.15834723 0.12009508 0.12046822 0.10099246 0.10468321 0.14621372 0.10738095 0.15661485 0.12451359 0.08795149 0.09757227 0.10148544 0.09059012 0.13059391 0.10930308 0.13303688 0.10839480 0.09415024 0.11293097 0.12441966 0.10366388 0.11182038 0.12422297 0.13049064 0.12656667 0.11179560 0.10000415 0.12654835 0.12032225 0.12724911 0.10648119 0.11506249 0.12192101 0.12867461 0.11905274 0.14071810 0.12103822 0.12935401 0.11771502 0.11246088 0.11967250 0.12942373 0.09963258 0.14575761 0.10588660 0.14759326 0.12952483 0.09023093 0.12987958 0.11993848 0.11009269 0.10677373 0.11053275 0.09948730 0.14656643 0.12818145 0.10869723 0.13991218 0.11501762 0.11971109 0.10344557 0.10354846 0.11510158 0.10912084 0.12517040 0.11524378 0.10541433 0.12314709 0.12955603 0.12318242 0.14296348 0.10768511 0.14033377 0.10605021 0.10461630 0.13421505 0.13920232 0.17207335 0.14978740 0.14979146 0.10674019 0.11637477 0.11491257 0.11782796 0.11604104 0.18122186 0.11516551 0.18733703 0.12363107 0.14119225 0.16084870 0.23007017 0.14816890 0.13415577 0.19801438 0.11162504 0.13135464 0.13158881 0.15355438 0.12496742 0.12601794 0.12517417 0.09078938 0.11566353 0.11074900 0.11099612 0.13413970 0.13836638 0.10965893 0.10800422 0.11030828 0.11928241 0.11361175 0.12294335 0.11427096 0.12128552 0.11302414 0.13191351 0.12704428 0.11316808 0.11315800 0.13319703 0.11842755 0.21971365 0.13038808 0.12884131 0.12485530 0.12907545 0.11555383 0.10985721 0.12212353 0.10758643 0.11950438 0.13997139 0.14458884 0.09385758 0.11601954 0.09893967 0.12589807 0.11671289 0.14702610 0.14700584 
0.12469443 0.22289763 0.12312774 0.26053691 0.27128809 0.16482031 0.21547505 0.00000000 0.23850448 0.19306881 0.26159755 0.26398401 0.12613457 0.09882848 0.16962823 0.19156530 0.13164304 0.09997520 0.18933761 0.11915261 0.14871430 0.12572014 0.15447876 0.18601400 0.20714110 0.11787853 0.14780216 0.18264494 0.14644767 0.07441092 0.19045172 0.23243934 0.15428464 0.11304540 0.16296239 0.11874833 0.13184694 0.12630103 0.12725743 0.19991038 0.07915423 0.13660442 0.09172899 0.12261683 0.13857285 0.10372847 0.10815014 0.16703193 0.09020694 0.13562538 0.12463842 0.13350217 0.11783608 0.08274295 0.15411846 0.11619531 0.08155192 0.10848847 0.11626492 0.16807527 0.13204438 0.11449794 0.13815902 0.16390822 0.10671911 0.06867654 0.11102219 0.12200079 0.17097877 0.02903595 0.15258469 0.16224730 0.10918310 0.14845496 0.11284637 0.08387796 0.06901031 0.09205145 0.12700701 0.08590306 0.17411118 0.15406600 0.18725081 0.10425181 0.05775659 0.09951434 0.15766694 0.18356049 0.18512821 0.20423652 0.08977304 0.19303306 0.13601840 0.14359011 0.15930934 0.10493031 0.18331135 0.15042398 0.23165346 0.05485626 0.12459028 0.09965441 0.06725076 0.07475974 0.15508586 0.10530836 0.10931648 0.15932722 0.13529627 0.11952697 0.14641801 0.10875124 0.14451178 0.12191608 0.07641688 0.10666115 0.11467304 0.14577252 0.12796333 0.13277573 0.09125811 0.13142109 0.06563833 0.13726255 0.14783804 0.21880177 0.12890655 0.16377851 0.06934476 0.21254963 0.10768161 0.10294644 0.08044175 0.08920428 0.10871034 0.06030240 0.14411617 0.13692162 0.15216730 0.10023396 0.10058386 0.14907612 0.16049629 0.12913661 0.08728455 0.09416808 0.14605157 0.15858326 0.08963409 0.11730050 0.12352197 0.12261617 0.09650109 0.12843234 0.10318053 0.09404295 0.09419481 0.10987466 0.10978065 0.19206235 0.15569409 0.16853893 0.12006746 0.20073118 0.11256265 0.18189415 0.14341354 0.14757366 
0.13791719 0.17508508 0.11718062 0.12994905 0.35251194 0.25211873 0.16116169 0.23850448 0.00000000 0.24932362 0.15074996 0.26147963 0.70274522 0.10422194 0.13793767 0.19269634 0.14969768 0.13975349 0.22373520 0.15473755 0.16798210 0.11539034 0.07784708 0.19300268 0.13280367 0.06034126 0.14779888 0.16274717 0.13831509 0.10176188 0.12484788 0.17457371 0.20474832 0.20169721 0.13270127 0.12707449 0.16962823 0.20051637 0.14901488 0.17483769 0.08631434 0.14148869 0.08486589 0.06392482 0.05716970 0.12814860 0.14975310 0.06349894 0.14566292 0.13780346 0.12670121 0.12339141 0.11229388 0.08021253 0.09627334 0.17206003 0.22856728 0.05787124 0.17609703 0.12075477 0.12313111 0.17568926 0.12827051 0.13590591 0.14363166 0.09389882 0.12724127 0.10833512 0.09039639 0.10382735 0.06953438 0.10883449 0.16714653 0.11453894 0.12852904 0.06416306 0.08733146 0.11958841 0.13227740 0.03674650 0.14647714 0.13095678 0.15861841 0.12525164 0.11623023 0.12032636 0.09186166 0.23258239 0.15472738 0.21175795 0.16689131 0.14130951 0.10520118 0.14600160 0.15047370 0.08185861 0.11691281 0.16076007 0.09508659 0.10566140 0.14333736 0.08771510 0.11407936 0.05085289 0.12596862 0.07653804 0.13014120 0.14813606 0.21832091 0.15100813 0.18622168 0.10857031 0.15392051 0.11753065 0.09877710 0.11490190 0.09674991 0.12822837 0.09198558 0.07543926 0.12736458 0.08436189 0.11579326 0.12261710 0.12549303 0.17855872 0.06292217 0.20789635 0.13512147 0.08538283 0.09258896 0.13329798 0.08229611 0.11539615 0.13611938 0.07415336 0.11954951 0.10716220 0.05653329 0.13011957 0.16530782 0.22816758 0.20218076 0.07393676 0.11942806 0.10931180 0.06898330 0.20592453 0.04853012 0.09847828 0.12442283 0.19258294 0.11223490 0.09148830 0.11371490 0.18165759 0.14302210 0.15966617 0.03540950 0.16400694 0.07980866 0.12492202 0.14073849 0.16529474 0.09177391 0.14105896 0.12806921 0.12944111 
0.12232099 0.12467493 0.20804089 0.11362933 0.11943060 0.36510585 0.15469831 0.19306881 0.24932362 0.00000000 0.16649684 0.09654908 0.24422632 0.23753598 0.22818359 0.14848263 0.11347533 0.22589886 0.11374000 0.17916923 0.17318059 0.18112130 0.13466929 0.12490295 0.15896153 0.12757506 0.12658412 0.08462550 0.09368584 0.17683257 0.14080217 0.11598645 0.12664863 0.12279324 0.05967266 0.05200677 0.11501253 0.19840126 0.12036421 0.09554872 0.08248250 0.09943010 0.09206447 0.04755380 0.14097549 0.09482092 0.12868437 0.11163263 0.10625649 0.13934465 0.08320938 0.08515361 0.09634946 0.12528182 0.10317923 0.09207033 0.07138933 0.17605149 0.12860251 0.06936870 0.13104957 0.12549825 0.13983493 0.11710019 0.11944429 0.09437421 0.17412681 0.16445931 0.07516631 0.10212195 0.11895120 0.09759945 0.07351545 0.10847882 0.12616323 0.14826473 0.13414752 0.11322196 0.10650874 0.11575941 0.11777566 0.20305585 0.08140346 0.17845721 0.10382980 0.17236888 0.12835254 0.13676484 0.13289829 0.08970801 0.16882693 0.07451525 0.12321640 0.13314473 0.14623568 0.14929838 0.10046303 0.12509464 0.09313350 0.12706790 0.15480056 0.13067854 0.14642070 0.24888829 0.75864109 0.12627934 0.19194024 0.16956344 0.05069369 0.08978892 0.11438454 0.12833283 0.22388983 0.11565093 0.14692813 0.11497556 0.10642649 0.14139470 0.09284010 0.12985133 0.11980486 0.07227372 0.11017208 0.10875735 0.11660093 0.08404147 0.10006581 0.05957973 0.20996492 0.12428518 0.14715705 0.09919284 0.15940959 0.09875358 0.18016301 0.10293647 0.11334377 0.23864388 0.25290605 0.16355520 0.42394379 0.20463040 0.10902146 0.15180092 0.09960975 0.10219791 0.10802786 0.09255605 0.10303876 0.13262374 0.08984796 0.07932044 0.10503366 0.13919255 0.15361377 0.09757551 0.09811340 0.13969551 0.09847737 0.12654017 0.08790954 0.08144082 0.12274521 0.09353695 0.11458647 0.13896972 0.13942365 0.12805957 
0.15513166 0.17750426 0.13920469 0.15047110 0.04444096 0.11931935 0.21655617 0.26159755 0.15074996 0.16649684 0.00000000 0.09124797 0.14319233 0.28941333 0.27699136 0.11582246 0.12992608 0.09403799 0.16182096 0.09900385 0.07169016 0.14379442 0.13738455 0.10534210 0.08507276 0.13920431 0.14167215 0.06974289 0.15061372 0.02963149 0.05304215 0.10204144 0.14042588 0.07153468 0.11739291 0.13929134 0.09731706 0.09928597 0.12316011 0.12561501 0.11824995 0.08360959 0.07895273 0.13872537 0.13055423 0.12690655 0.15300469 0.25172951 0.36165788 0.22933714 0.14688715 0.17768932 0.16536730 0.13437683 0.09185350 0.08681340 0.16142299 0.18043154 0.11131309 0.15597666 0.09222452 0.11539339 0.13438225 0.10828953 0.08811772 0.12663895 0.14586524 0.11855980 0.13671388 0.13811382 0.18101587 0.15758045 0.07074093 0.08493430 0.13772953 0.17672083 0.09350979 0.08281362 0.15225746 0.16569482 0.13769319 0.14621080 0.05429619 0.03784949 0.11253317 0.12813841 0.09730208 0.12513793 0.14744581 0.10038957 0.13853477 0.15945143 0.10480432 0.10073461 0.07247041 0.10588157 0.19390567 0.08589773 0.07473827 0.17728788 0.17644157 0.21987830 0.13415808 0.56379164 0.12469431 0.06895696 0.14018565 0.15350920 0.15931981 0.14603894 0.14886964 0.12485758 0.20482553 0.12923704 0.49892586 0.11718204 0.15810702 0.15837199 0.14920522 0.14201310 0.11967556 0.17843709 0.11480333 0.08050492 0.13017342 0.11144638 0.12043410 0.09761358 0.16145007 0.07523881 0.11180172 0.13970874 0.12843328 0.07482338 0.12847424 0.14057087 0.12768947 0.09083833 0.15520020 0.10270223 0.09516747 0.13604405 0.11757245 0.16968917 0.14826450 0.10555475 0.14582916 0.13827961 0.20440045 0.11354257 0.12573678 0.13223292 0.08263530 0.08874367 0.11561033 0.13537827 0.06473997 0.12842132 0.14306071 0.10536883 0.10846477 0.11756968 0.11538202 0.12078294 0.05945883 0.12455557 0.12288633 0.13819027 
0.19416977 0.14439076 0.14638677 0.16562185 0.18706540 0.13564329 0.16918945 0.26398401 0.26147963 0.09654908 0.09124797 0.00000000 0.29447712 0.08526592 0.26126431 0.40358257 0.13455520 0.16209881 0.21655855 0.20105767 0.19716118 0.11997857 0.13187812 0.16736119 0.22630712 0.12893345 0.16831097 0.16149110 0.17628888 0.12819816 0.17522597 0.16676180 0.11681667 0.22238894 0.11431437 0.11886781 0.10882005 0.15737088 0.13135530 0.22772289 0.11702324 0.10982962 0.06028594 0.09743185 0.04140271 0.09905342 0.09980191 0.09463373 0.19846873 0.09322190 0.10996856 0.08165130 0.05865658 0.11665908 0.14802373 0.14761567 0.14609274 0.08606071 0.10484990 0.05730109 0.15845755 0.12575644 0.16059008 0.22134018 0.05830559 0.11272440 0.11002611 0.07523836 0.07725010 0.06606710 0.11330232 0.16660356 0.13994656 0.16795892 0.18273969 0.11407610 0.09578208 0.10091868 0.10830989 0.11291008 0.12733721 0.17111279 0.13926280 0.14640741 0.11248080 0.07422851 0.17955339 0.13272585 0.13198848 0.14365850 0.17636204 0.09052720 0.11836200 0.10713595 0.16993380 0.11945009 0.10098045 0.18646106 0.20951233 0.07659187 0.09477696 0.11496460 0.09914351 0.06858936 0.07960627 0.06488596 0.19036632 0.22687662 0.13787919 0.11511648 0.13397249 0.13571539 0.12090867 0.13044842 0.11429194 0.09721329 0.08686605 0.12117384 0.10472274 0.12480481 0.12039522 0.17159312 0.08236902 0.06838757 0.13093774 0.17558951 0.11912870 0.16896998 0.11040102 0.20065959 0.09777415 0.24663256 0.05307499 0.12444126 0.09289714 0.04157210 0.08096410 0.11236971 0.07975630 0.08319546 0.12339581 0.16027704 0.14798196 0.15030304 0.12087710 0.13030484 0.11284725 0.19340855 0.16418204 0.12266109 0.19589033 0.15569865 0.09978497 0.10693847 0.12364630 0.10430796 0.15437670 0.10781687 0.11950089 0.15516189 0.13919911 0.13884786 0.13558116 0.16458956 0.12945601 0.15273799 0.15021116 0.13714328 
0.15346296 0.18426254 0.11132374 0.09021929 0.13552381 0.16206884 0.13516882 0.12613457 0.70274522 0.24422632 0.14319233 0.29447712 0.00000000 0.17580017 0.27006151 0.25793021 0.23126395 0.13005497 0.17592381 0.18694000 0.19566623 0.15469238 0.10133566 0.15872375 0.19295916 0.13782964 0.11112147 0.22826599 0.07190713 0.14225771 0.10374895 0.12194456 0.15054930 0.08741635 0.16119302 0.13423181 0.18173411 0.20411692 0.11751670 0.12797692 0.12913892 0.15208078 0.04600540 0.11770729 0.14134429 0.14148509 0.14135831 0.05706984 0.18100740 0.16455954 0.10999229 0.05773701 0.12710531 0.04221253 0.12550067 0.16423917 0.12591431 0.08374707 0.14417781 0.14880922 0.11400666 0.17812488 0.16949071 0.21639895 0.09934858 0.04269265 0.13574965 0.13658632 0.11873253 0.03582130 0.09201780 0.13499854 0.09566890 0.12440274 0.07537426 0.07325177 0.05351126 0.11481166 0.19008388 0.15170155 0.12671031 0.04048745 0.19449016 0.14608202 0.15261352 0.14283286 0.16338315 0.14068368 0.11007139 0.12818085 0.19879215 0.15033661 0.09245727 0.12707814 0.16097751 0.08309146 0.10158108 0.06434059 0.06953692 0.19257262 0.11867024 0.10266284 0.10658312 0.19263217 0.18016313 0.10453188 0.17435484 0.14221063 0.12533635 0.13110606 0.08597809 0.11377303 0.18295721 0.10824921 0.09326772 0.13518347 0.13233503 0.14039503 0.07606312 0.08381079 0.13106113 0.15743588 0.08399847 0.21902858 0.16610951 0.11135831 0.05751611 0.16635407 0.14216553 0.06790223 0.07823539 0.09816115 0.04636648 0.08956912 0.14941972 0.08435076 0.13960358 0.23231412 0.05958446 0.13092574 0.13419482 0.16924438 0.10654994 0.10794257 0.13718511 0.12094155 0.09496956 0.11759625 0.14728177 0.12528412 0.20157381 0.06322217 0.10574385 0.15039925 0.12565716 0.11635010 0.15419140 0.12318618 0.11248003 0.13089237 0.10971424 0.13736090 0.12315046 0.12241971 0.14072625 0.13463287 0.13280491 0.12909859 
0.09290548 0.10192067 0.16941288 0.10983400 0.14023219 0.17396086 0.28377444 0.09882848 0.10422194 0.23753598 0.28941333 0.08526592 0.17580017 0.00000000 0.19149458 0.19801846 0.20444466 0.12977338 0.14313772 0.10323295 0.05004704 0.30265909 0.13030342 0.09449441 0.07753317 0.13291536 0.13519338 0.05273833 0.06642735 0.12476851 0.09951542 0.09057045 0.09063035 0.06538120 0.04076914 0.18050241 0.08523760 0.08095857 0.06329701 0.06973359 0.07970004 0.11029321 0.15726147 0.16367797 0.25465846 0.14889129 0.16831073 0.23260664 0.28852100 0.21790733 0.14677420 0.15131716 0.15270651 0.09812570 0.06642333 0.05786223 0.13564009 0.09198150 0.04526401 0.17130264 0.09496743 0.11143760 0.08489179 0.10008232 0.08964895 0.23486014 0.17989058 0.13608577 0.12339620 0.13088628 0.11083280 0.06158773 0.06971472 0.05121343 0.10819099 0.07275802 0.24427343 0.18395780 0.06918705 0.12987493 0.07673082 0.06992452 0.10365715 0.12873752 0.12448413 0.18507031 0.04762044 0.13647868 0.08716966 0.12727265 0.15714655 0.13298739 0.19902709 0.07074583 0.11264458 0.13592436 0.08939708 0.12401919 0.12015360 0.15288336 0.08618874 0.18597077 0.19700700 0.15162301 0.13337359 0.13505707 0.24173184 0.00294750 0.13431947 0.10630300 0.20090822 0.14569049 0.09317920 0.14885892 0.45831559 0.12807078 0.14245444 0.14342206 0.18254365 0.16031940 0.16712599 0.13860873 0.20092265 0.13002787 0.12395631 0.12336508 0.14213300 0.10785791 0.09376044 0.08269379 0.19411542 0.11412324 0.24369476 0.11343660 0.16697834 0.26857018 0.18399064 0.18968476 0.15070241 0.11492240 0.09033961 0.09238283 0.10810037 0.07944690 0.10964563 0.12869834 0.12431565 0.11199911 0.12724953 0.17075697 0.17686946 0.17571506 0.20047307 0.10694289 0.06369742 0.09647177 0.09984023 0.18991793 0.27115360 0.07648061 0.07662914 0.08772489 0.06908597 0.05860175 0.08958149 0.07926768 0.13288129 0.13605640 
0.14720558 0.14588133 0.12055471 0.27132082 0.14336329 0.14459138 0.15010171 0.16962823 0.13793767 0.22818359 0.27699136 0.26126431 0.27006151 0.19149458 0.00000000 0.30472021 0.18102582 0.26553666 0.11141077 0.14335040 0.11081865 0.09315458 0.14379393 0.12982140 0.14311081 0.09396584 0.16459915 0.15904608 0.07104760 0.11608434 0.13020545 0.13160913 0.09676642 0.13843328 0.16861888 0.08905321 0.16376905 0.13039243 0.12071190 0.14184834 0.14939002 0.11101780 0.05696142 0.09194634 0.14845489 0.15318954 0.09105257 0.17712092 0.36868702 0.40143692 0.12795651 0.15195280 0.16834494 0.12128090 0.15722626 0.13937046 0.08050692 0.03715848 0.14305361 0.08376374 0.17246825 0.10533386 0.09631979 0.15728482 0.13254451 0.14519419 0.12445567 0.09106456 0.07742177 0.09409558 0.10950087 0.16087911 0.11544956 0.17278676 0.13471121 0.15211563 0.08377631 0.07326343 0.08805393 0.09329947 0.18792607 0.12543686 0.08549918 0.12169866 0.20107428 0.14618250 0.15617716 0.10557025 0.11508809 0.13966227 0.08833910 0.12688045 0.08740426 0.14928758 0.13672107 0.08836203 0.08861548 0.18199868 0.11815310 0.13872891 0.08976109 0.13323863 0.11112352 0.16976254 0.13261207 0.13130423 0.11245487 0.13307280 0.15845047 0.16568143 0.06628021 0.12587800 0.10056833 0.11861585 0.26967013 0.11652658 0.13497678 0.13953708 0.17284101 0.11006210 0.12584420 0.08359615 0.13390497 0.03889985 0.14867829 0.12359897 0.14884818 0.15853786 0.14772501 0.20073196 0.07897243 0.08495098 0.09998576 0.10264260 0.12105920 0.11215374 0.13145289 0.13976708 0.10497678 0.10013226 0.08968605 0.11396737 0.19495583 0.06580377 0.14119528 0.14888424 0.12245474 0.13436505 0.10222547 0.12444779 0.09174610 0.13127276 0.06530116 0.08587511 0.15611564 0.11149353 0.03129588 0.14450243 0.14308875 0.14509077 0.12832954 0.15459751 0.13941712 0.11439646 0.13358176 0.14583110 0.13221398 0.13668473 
0.15785517 0.17810159 0.10758764 0.16062021 0.19151567 0.11097415 0.11913543 0.19156530 0.19269634 0.14848263 0.11582246 0.40358257 0.25793021 0.19801846 0.30472021 0.00000000 0.23162872 0.21047900 0.17589430 0.18188240 0.15749344 0.09944744 0.11209420 0.15401887 0.26939133 0.10049368 0.18283390 0.08575277 0.12108495 0.13868100 0.22580260 0.14097348 0.16291435 0.18121634 0.12687819 0.14636893 0.14990266 0.15086146 0.17851487 0.19973977 0.11644673 0.15031996 0.06374080 0.12685606 0.11081749 0.06567582 0.06751764 0.08780583 0.15303713 0.07410304 0.09807156 0.12127409 0.11851710 0.13640620 0.15351307 0.14871662 0.12280640 0.09578475 0.18192524 0.13272969 0.15564192 0.14655787 0.13076941 0.14216636 0.13309559 0.10326890 0.12405562 0.09789585 0.08444657 0.07899349 0.14297556 0.12865175 0.13274984 0.16043303 0.12168295 0.12340780 0.02409346 0.17816931 0.13503104 0.05256663 0.20189881 0.09515620 0.11183145 0.12860059 0.10175214 0.15023290 0.16581320 0.15273951 0.21834935 0.17030501 0.11251294 0.11497790 0.15524746 0.19970918 0.13839026 0.13075676 0.08253006 0.11187452 0.10942266 0.10293147 0.11098799 0.08545901 0.12006994 0.09391896 0.16081038 0.12617370 0.10797190 0.12571790 0.17797076 0.11897173 0.11007920 0.12207554 0.12231815 0.11851360 0.05472272 0.11468458 0.11216817 0.10485518 0.07191694 0.06500032 0.09016162 0.11310215 0.09996888 0.13899782 0.17255083 0.15346487 0.13685911 0.11738255 0.15691699 0.11889549 0.15305223 0.14157206 0.06915305 0.09028381 0.05601139 0.07878862 0.18885883 0.10289555 0.10446444 0.12814331 0.14788629 0.18387573 0.21841642 0.18140039 0.11082017 0.16574087 0.10079776 0.14667470 0.15396261 0.13394447 0.07620094 0.18247159 0.08702535 0.16871334 0.11536823 0.04423825 0.10885401 0.09278667 0.06019439 0.16484181 0.14711924 0.16628568 0.18732762 0.12261737 0.11038254 0.14534189 0.15869464 0.13081402 
0.12227643 0.15832180 0.16021092 0.16648127 0.13253570 0.15293903 0.17475400 0.13164304 0.14969768 0.11347533 0.12992608 0.13455520 0.23126395 0.20444466 0.18102582 0.23162872 0.00000000 0.44719829 0.23115898 0.21500533 0.21802916 0.16373284 0.14406050 0.13516407 0.14113975 0.08249830 0.07492954 0.15626928 0.13110828 0.06662173 0.13869229 0.12846376 0.20414099 0.09449902 0.11410175 0.08896050 0.15467417 0.16918718 0.09781370 0.13927022 0.08965392 0.09652879 0.10996904 0.08091735 0.11181495 0.10130716 0.08535149 0.13656271 0.21357742 0.17942137 0.15892885 0.14592912 0.12493326 0.19075970 0.10578110 0.07277267 0.11189430 0.11059146 0.10784922 0.12953248 0.12377804 0.10831171 0.12930059 0.10644466 0.14399890 0.10909605 0.08078654 0.12016215 0.10088402 0.10522545 0.15496119 0.15617894 0.12032891 0.08465789 0.14808558 0.10088472 0.11225857 0.08623694 0.12634694 0.08009323 0.14836560 0.13237235 0.14022162 0.13036295 0.15505193 0.15476150 0.12806641 0.15930894 0.12407665 0.11922692 0.09952828 0.09734177 0.18457081 0.09562228 0.10755332 0.14103365 0.09103532 0.10643787 0.11174235 0.07205187 0.08339204 0.16103531 0.11752958 0.09996606 0.12508212 0.17499702 0.13530163 0.15459199 0.10357939 0.20201116 0.12848907 0.14693392 0.14611080 0.15070187 0.15145871 0.14051109 0.09685706 0.15020390 0.18521258 0.15506042 0.15001181 0.15093549 0.13367430 0.14891263 0.12742671 0.09461592 0.17934951 0.14471538 0.10008265 0.08082340 0.11929524 0.04792982 0.16008851 0.13057454 0.21042834 0.20053492 0.18365789 0.28357689 0.11724497 0.13173749 0.16321730 0.20326842 0.12655640 0.09386049 0.10479815 0.12040468 0.10429962 0.12982347 0.18687874 0.14011092 0.16228020 0.09624411 0.11113628 0.06265453 0.16995639 0.10365699 0.07594776 0.07933910 0.10708521 0.11932687 0.08244734 0.11131574 0.16776529 0.12928184 0.12074013 0.14877070 0.12369212 0.13084551 
0.14896146 0.12627911 0.15458457 0.15506316 0.14695880 0.12172294 0.17671946 0.09997520 0.13975349 0.22589886 0.09403799 0.16209881 0.13005497 0.12977338 0.26553666 0.21047900 0.44719829 0.00000000 0.29830057 0.40668417 0.19781834 0.15416763 0.23059879 0.17343682 0.13927133 0.11650911 0.11926897 0.11396567 0.15019765 0.12339830 0.15694101 0.21805671 0.09844827 0.14958599 0.10901318 0.14991373 0.15400920 0.11890637 0.10738744 0.09848888 0.09974467 0.08627658 0.06928657 0.08773529 0.10302924 0.10786913 0.02036395 0.10970700 0.07390346 0.17245887 0.17004518 0.15719530 0.15773012 0.16458661 0.12111192 0.11684991 0.15071285 0.10236799 0.18311232 0.10653892 0.12979004 0.07200671 0.15857470 0.14602376 0.14398052 0.05218967 0.06144883 0.13668710 0.13763057 0.11497508 0.17913018 0.18532795 0.10943000 0.20390965 0.07724469 0.15066010 0.04836159 0.14038483 0.07745399 0.15859690 0.13382606 0.17492733 0.10062973 0.09359097 0.15115547 0.10502334 0.15995635 0.11634767 0.15124774 0.17509399 0.10874767 0.14705420 0.09967205 0.22503118 0.13907225 0.13826503 0.13628000 0.16570974 0.11210800 0.11655405 0.09917454 0.12550279 0.05791601 0.13197375 0.08501597 0.12768895 0.13332696 0.14513499 0.16454159 0.06486796 0.10313354 0.13079830 0.11907112 0.12839985 0.13166311 0.12722054 0.09109652 0.14043582 0.14221682 0.11870797 0.16741383 0.14413100 0.09178249 0.11381477 0.13969028 0.09613318 0.15034316 0.10674981 0.14296246 0.14856919 0.13894385 0.16512286 0.07848673 0.04372424 0.06357849 0.16700784 0.12093248 0.16328939 0.10428717 0.12982431 0.13752765 0.15483473 0.09721358 0.09544470 0.11181520 0.05462303 0.15855284 0.16605235 0.14571968 0.16082275 0.13306859 0.08055296 0.10353227 0.10775559 0.07194704 0.13264648 0.17078593 0.16603227 0.13029768 0.11242815 0.13725869 0.11942876 0.15020029 0.16387091 0.14410459 0.17082119 0.13465866 0.12742724 
0.14088278 0.20274396 0.12292402 0.15947664 0.14027132 0.16530459 0.13244319 0.18933761 0.22373520 0.11374000 0.16182096 0.21655855 0.17592381 0.14313772 0.11141077 0.17589430 0.23115898 0.29830057 0.00000000 0.20958611 0.15542387 0.11864547 0.16159875 0.24081322 0.16119160 0.18138886 0.16764904 0.21336646 0.09396802 0.17010209 0.16109623 0.18328460 0.13036177 0.18244567 0.20437584 0.07423760 0.17154803 0.19975290 0.14359693 0.19602935 0.09217519 0.09705825 0.01274257 0.17143242 0.08614790 0.05899662 0.10937685 0.07600892 0.19217352 0.12270559 0.11737148 0.12083845 0.13172256 0.05617149 0.07309978 0.16577134 0.12863629 0.08688133 0.14958438 0.13209130 0.18050428 0.14808497 0.12018366 0.12771469 0.16876894 0.11261146 0.14225486 0.10034452 0.13291756 0.06352243 0.12296817 0.21387848 0.19416648 0.14351763 0.05602329 0.14431049 0.03493731 0.15026445 0.16481418 0.12497860 0.10259648 0.11180495 0.08960747 0.12874418 0.11439802 0.10399938 0.18600538 0.16812694 0.11378586 0.14291563 0.16788206 0.14936767 0.13401209 0.14289209 0.19828123 0.11930161 0.17336776 0.13764970 0.16202911 0.12062965 0.09076286 0.08666543 0.04986699 0.14496611 0.10139852 0.05305083 0.14768320 0.22435405 0.20231490 0.11758791 0.15817549 0.11876832 0.10394831 0.11689856 0.09009557 0.10794854 0.08727240 0.11619397 0.09871268 0.10978717 0.17318450 0.13273849 0.15976010 0.10260440 0.11480106 0.18693967 0.19605393 0.12851194 0.06110236 0.14918870 0.15859931 0.21780982 0.08702019 0.11441739 0.14755604 0.10537513 0.10933930 0.12979904 0.07239970 0.08137872 0.11675767 0.19721895 0.16982312 0.10766779 0.09378306 0.11654437 0.10928494 0.11152833 0.14024820 0.12236966 0.13087353 0.16264434 0.02602383 0.11194861 0.14479103 0.04222005 0.14913813 0.20714258 0.08775945 0.16539678 0.17869191 0.13926633 0.09959823 0.12405671 0.07468693 0.11440160 0.11937102 0.14706210 
0.13752167 0.11210567 0.13372944 0.14229825 0.18486584 0.10152803 0.14909840 0.11915261 0.15473755 0.17916923 0.09900385 0.20105767 0.18694000 0.10323295 0.14335040 0.18188240 0.21500533 0.40668417 0.20958611 0.00000000 0.27282192 0.16464725 0.16964839 0.23667196 0.17163888 0.12420271 0.14420299 0.15966300 0.17364036 0.03424392 0.15578091 0.24622624 0.15558573 0.16718979 0.14763005 0.13314463 0.22473054 0.20056991 0.16935106 0.10539954 0.08791433 0.19405843 0.04180132 0.13028683 0.13093896 0.13127681 0.10732025 0.13820014 0.15342403 0.14161469 0.14080598 0.08874681 0.10643248 0.05113809 0.10814346 0.14214076 0.14166995 0.15428417 0.17264802 0.12949826 0.19705629 0.16504372 0.18292766 0.09604878 0.13551973 0.04890628 0.10050439 0.14580248 0.12164315 0.07467613 0.15787177 0.15239064 0.14428437 0.12240292 0.14629062 0.16680445 0.06868935 0.13364620 0.11596049 0.14023166 0.19806124 0.14960390 0.14536518 0.13613390 0.09266255 0.15664265 0.15420486 0.17596060 0.14009187 0.13943074 0.15007948 0.13270908 0.17358236 0.17107475 0.13343321 0.06009465 0.12028634 0.16363620 0.06107101 0.11668130 0.14912504 0.12072161 0.02909078 0.09878264 0.06118227 0.07615650 0.08536930 0.14398112 0.12244750 0.09738401 0.08103095 0.11357987 0.16162747 0.11386393 0.08067667 0.11287689 0.11473828 0.13262609 0.13315941 0.13671845 0.14853280 0.12162155 0.03933431 0.10125205 0.19330933 0.18421040 0.13802250 0.19261732 0.09351512 0.12233018 0.05687072 0.13674711 0.12125534 0.06061218 0.06964050 0.07113419 0.09227651 0.14896606 0.05099574 0.14062535 0.17661049 0.14436295 0.11456821 0.19581432 0.16674686 0.13867220 0.12057156 0.19920600 0.11797121 0.12496708 0.09481143 0.08579253 0.07735268 0.13744604 0.13323963 0.12814571 0.11749757 0.16645912 0.07740023 0.15900485 0.13404378 0.17438725 0.12093518 0.16385106 0.16724440 0.14945081 0.11985159 0.13348445 
0.13995089 0.11056951 0.14877282 0.20536594 0.11218842 0.17273489 0.12584527 0.14871430 0.16798210 0.17318059 0.07169016 0.19716118 0.19566623 0.05004704 0.11081865 0.15749344 0.21802916 0.19781834 0.15542387 0.27282192 0.00000000 0.23460624 0.12979987 0.25923651 0.28654885 0.19384931 0.14642359 0.21824501 0.16613987 0.11849707 0.13102816 0.16789239 0.08695478 0.11701286 0.10810671 0.14635132 0.16170734 0.15943473 0.13408145 0.13159521 0.11048309 0.14404785 0.11398772 0.15633768 0.08448925 0.09536011 0.13097616 0.15082695 0.15347691 0.10276084 0.15556614 0.12204145 0.11224567 0.07721806 0.14545319 0.14279660 0.10301775 0.15852882 0.17217860 0.10239315 0.14987535 0.19751135 0.06690311 0.14240863 0.08121350 0.15141655 0.11673413 0.10544863 0.09306440 0.09346731 0.17268499 0.13916344 0.12663763 0.13159813 0.15488274 0.10448245 0.11030007 0.14529884 0.17966383 0.11820000 0.10393992 0.16112732 0.13739130 0.17385171 0.10449057 0.16161268 0.20384900 0.17873171 0.17320440 0.19378448 0.13849991 0.12782811 0.15823898 0.15583456 0.14446764 0.09153002 0.11540611 0.11798028 0.12434945 0.12904434 0.10847058 0.10723670 0.09121696 0.18712818 0.20385259 0.09291247 0.12542340 0.16846967 0.14821976 0.20009162 0.09614980 0.11547394 0.13380178 0.12671825 0.06921182 0.10293958 0.13149918 0.12061161 0.09754734 0.12084358 0.11029836 0.10855888 0.08254119 0.10803927 0.20028758 0.15420887 0.11314334 0.14313986 0.12537717 0.16263759 0.11578575 0.10089261 0.12836011 0.05925473 0.04490123 0.06871111 0.10784881 0.08452223 0.10369595 0.10981678 0.16017800 0.10095729 0.15327220 0.05259161 0.10367463 0.26783152 0.15215188 0.13930611 0.08082359 0.11514103 0.12886767 0.08252039 0.09476695 0.13561498 0.15412628 0.15588928 0.19008862 0.16445953 0.03521542 0.15275748 0.12523519 0.12436392 0.12015677 0.17422287 0.12609158 0.12523380 0.12707795 0.12613691 
