0.00000000 0.03422708 0.03376019 0.03305232 0.03086696 0.02822394 0.02985284 0.02796786 0.03525446 0.02883160 0.03090243 0.02931120 0.02951839 0.02911276 0.02888478 0.02892071 0.02852661 0.02788069 0.03158828 0.02901768 0.02848137 0.02854212 0.03117598 0.02849118 0.02829347 0.02908438 0.03973721 0.02987243 0.03288586 0.03178152 0.03345406 0.02996533 0.02836545 0.02852738 0.03054041 0.02911483 0.03136696 0.02823534 0.02931555 0.03033977 0.03228309 0.02904283 0.02980183 0.02917832 0.03139096 0.02915774 0.03058015 0.03014649 0.03416546 0.03012597 0.02962741 0.03106041 0.03191211 0.03297246 0.03528820 0.03118399 0.02858713 0.02922842 0.02982194 0.03019685 0.02719270 0.02828389 0.02839385 0.03029119 0.03164578 0.03278948 0.03136953 0.02911023 0.03051020 0.03255820 0.02924940 0.03005718 0.02975101 0.03036789 0.03140588 0.02910623 0.02827892 0.03154572 0.03064168 0.03384921 0.03350448 0.03163341 0.03298947 0.03361048 0.03639982 0.02842755 0.02877224 0.03146254 0.03124316 0.03053245 0.03065636 0.02966009 0.03567717 0.02840317 0.03120923 0.03080894 0.03019465 0.03257159 0.03235201 0.03073690 0.03077727 0.03309381 0.02754303 0.02801864 0.02823658 0.03546925 0.03459834 0.03004567 0.03210911 0.02875073 0.02974754 0.03281852 0.03444631 0.03148949 0.03158553 0.03371520 0.03227177 0.02958033 0.03039557 0.02977529 0.03445913 0.02910635 0.03360928 0.03027218 0.02914502 0.02920184 0.02913387 0.02961286 0.02831690 0.03125348 0.02856729 0.03193964 0.03055022 0.03001051 0.02767845 0.03302080 0.03609137 0.03094821 0.03362623 0.03114008 0.02768738 0.03114769 0.02972447 0.03058344 0.02919148 0.03353583 0.03469707 0.02886101 0.02922074 0.03488939 0.03181185 0.03027503 0.03272973 0.03452977 0.03045656 0.02849904 0.03887178 0.03819423 0.03245490 0.03552324 0.03224320 0.03272360 0.03255087 0.02993278 0.03002940 0.03355140 0.03470681 0.03038670 0.03356438 0.02786328 0.02853073 0.03306595 0.03343541 0.03112431 0.03081341 0.02798886 0.03668857 0.03883093 0.02954005 0.02862272 0.03217628 0.03182876 0.02918601 0.03125616 0.02925274 0.03298517 0.03413126 0.03585060 0.03081670 0.03156308 0.03366864 0.02856979 0.02943040 0.03531679 0.02864172 0.03298446 0.02736114 0.02967063 0.03308053 0.03050134 0.03123082 0.03484480 0.02977220 0.03456023 0.03661201 
0.03422708 0.00000000 0.03312193 0.03765199 0.02094462 0.02563204 0.03868765 0.02922045 0.02873714 0.03478103 0.03051270 0.03397277 0.03286604 0.04393957 0.02986542 0.02954929 0.03043983 0.03247055 0.03036611 0.03426708 0.03127887 0.03039988 0.02588228 0.02566911 0.03718908 0.02923021 0.02455082 0.03558233 0.02420888 0.02421436 0.03991190 0.02579639 0.03636832 0.03039421 0.02508891 0.03907844 0.03912734 0.02808400 0.03438016 0.03829608 0.02529742 0.02532689 0.03898521 0.02937775 0.03064139 0.02395307 0.02670368 0.02809936 0.02483843 0.02618106 0.02169495 0.04015685 0.02677090 0.04901168 0.05548338 0.02650962 0.03627865 0.02466688 0.02722207 0.02101442 0.03032180 0.02193031 0.03160420 0.03400898 0.03521891 0.04154813 0.03719713 0.02971730 0.01691421 0.02474288 0.02521488 0.03787142 0.02996990 0.03844778 0.03245272 0.03466564 0.02364129 0.04119401 0.02574160 0.01520413 0.02847746 0.02926489 0.02594282 0.04930267 0.05494707 0.02838046 0.02378165 0.02784255 0.04314819 0.02445768 0.03555587 0.04067404 0.03184789 0.02863347 0.03315455 0.03429279 0.02854501 0.02762691 0.02339667 0.02757254 0.02625235 0.02744104 0.02677010 0.03209063 0.02383295 0.03283756 0.04901743 0.03046909 0.03179878 0.02234540 0.02497634 0.02423921 0.03058896 0.02161516 0.02989474 0.03246518 0.02437840 0.03971297 0.02842754 0.02056363 0.03173238 0.02886686 0.03169708 0.02278347 0.03024787 0.02496672 0.04497300 0.04016738 0.03959501 0.02551858 0.02889584 0.03501205 0.02868252 0.02280757 0.03914739 0.02228689 0.04882497 0.05746896 0.03051653 0.03532455 0.02873430 0.04025953 0.03323230 0.02749639 0.02765666 0.02217971 0.03168251 0.02872028 0.01763168 0.03819228 0.03777667 0.03863625 0.03171779 0.02883976 0.03089403 0.02635686 0.03701717 0.03905394 0.01964494 0.03633764 0.03250597 0.03923021 0.02514263 0.02033880 0.03270333 0.02224840 0.03587444 0.02553429 0.04781676 0.04237564 0.02829884 0.04170667 0.03426288 0.03595403 0.02165075 0.03614564 0.03865290 0.03584503 0.02828982 0.03404577 0.02493870 0.02200323 0.03496731 0.04126222 0.03472827 0.02983084 0.02198224 0.04655279 0.02281915 0.03112743 0.03412337 0.02742745 0.02561765 0.03198316 0.02238593 0.02433996 0.02393970 0.02742016 0.02774146 0.02789113 0.02875721 0.04125629 0.02864884 0.02806519 0.02275187 
0.03376019 0.03312193 0.00000000 0.02300390 0.02465898 0.04852289 0.05476932 0.04201452 0.04216028 0.02031882 0.01160475 0.01762799 0.01883030 0.02617374 0.04952858 0.03001811 0.02054238 0.01512529 0.02413558 0.03390246 0.03613163 0.01828156 0.01507478 0.02483035 0.02293764 0.02331585 0.01948192 0.02516707 0.03734484 0.04629249 0.03682598 0.03953029 0.04164321 0.04188725 0.02560560 0.03459591 0.01889645 0.04337439 0.02552223 0.02301576 0.03740921 0.01304606 0.05268153 0.02804911 0.03162571 0.03790445 0.04361966 0.04632570 0.03923288 0.02335116 0.03564476 0.03956186 0.03623225 0.06112445 0.02823758 0.02008060 0.02684068 0.03981634 0.03339937 0.04229060 0.02267353 0.03524508 0.02512958 0.03597295 0.04151269 0.04500044 0.03565444 0.02231032 0.02729136 0.02651550 0.03048992 0.02839247 0.03107775 0.03429146 0.03672209 0.02602796 0.02559560 0.02903093 0.04179241 0.02618761 0.03642107 0.04430532 0.04141658 0.03859837 0.04119210 0.03665239 0.03603943 0.03029690 0.01765995 0.02274813 0.04853596 0.04620797 0.02909026 0.03322845 0.04589257 0.02960227 0.04590603 0.03617722 0.03571697 0.03763092 0.04469513 0.05156810 0.02519056 0.03913653 0.02063845 0.01841327 0.03494273 0.02981117 0.02686958 0.02724120 0.04423261 0.03116127 0.03408119 0.02396887 0.03220019 0.03499105 0.04488169 0.03081764 0.02380309 0.03293937 0.01309918 0.03066761 0.02009825 0.03721787 0.02943383 0.01141949 0.01740828 0.04353702 0.01666112 0.01950269 0.04422207 0.02563018 0.03172488 0.03292648 0.02699723 0.02551709 0.03323138 0.02354936 0.02747966 0.03970838 0.03370445 0.02793891 0.02641215 0.02342279 0.01860616 0.02314029 0.03327439 0.02781559 0.04040290 0.02916541 0.02774429 0.02431458 0.02540318 0.02233974 0.03671422 0.02253653 0.03112694 0.03522877 0.03410127 0.01092816 0.04310621 0.04323135 0.01403256 0.02498070 0.03090284 0.02510988 0.02164600 0.03655541 0.02201692 0.03040488 0.03320834 0.02647492 0.03077431 0.03614218 0.03941775 0.03331399 0.02841222 0.03404505 0.03909925 0.03122501 0.03661970 0.03763109 0.03304195 0.01209846 0.03538860 0.02293593 0.03964596 0.01615969 0.03239616 0.02619040 0.03125280 0.04854786 0.02975205 0.02096215 0.03334128 0.04149435 0.04535772 0.02975732 0.03762396 0.02676656 0.02439448 0.03478190 0.01985039 0.05349133 0.03829664 
0.03305232 0.03765199 0.02300390 0.00000000 0.02663858 0.02174011 0.02306004 0.04630069 0.03169918 0.02089812 0.02342220 0.04809774 0.02207069 0.02795551 0.03721990 0.01969534 0.02959538 0.02381099 0.02620300 0.03143909 0.02619552 0.02259103 0.02619966 0.02287353 0.02983544 0.02509808 0.05543322 0.04205234 0.04308824 0.04463412 0.02404952 0.03493508 0.03098387 0.01546984 0.04316556 0.01652565 0.02203535 0.03084748 0.02399192 0.05061925 0.02402672 0.02995960 0.03349064 0.03643821 0.02224136 0.04748407 0.02798764 0.02251357 0.04373568 0.03801077 0.03739043 0.03053003 0.04386364 0.02710892 0.03069177 0.04083989 0.02535170 0.03270784 0.03419754 0.03088147 0.03054943 0.02285410 0.03116278 0.01477161 0.03274178 0.02719805 0.04682390 0.04080401 0.03162577 0.04292722 0.02549455 0.02542850 0.01958498 0.03375871 0.04025418 0.02900912 0.02032637 0.02180299 0.03738446 0.03921982 0.02448265 0.03364792 0.04414139 0.03454121 0.04003836 0.03178041 0.02992055 0.02753246 0.03903033 0.03058352 0.02570742 0.02844431 0.03412503 0.05598634 0.02506298 0.04523924 0.03234261 0.02012643 0.02020935 0.03260553 0.02734727 0.02866393 0.04449877 0.03045402 0.04149138 0.04200983 0.02827844 0.02724104 0.01886147 0.01529833 0.03210538 0.04170731 0.02845772 0.02850954 0.03265353 0.03102493 0.01817682 0.03222406 0.03958148 0.02750995 0.02897153 0.02988615 0.04086276 0.04029650 0.02879979 0.03764081 0.03072576 0.03423505 0.02567047 0.01751443 0.03202605 0.02757331 0.02888777 0.02260649 0.03978596 0.03666948 0.02268013 0.01860598 0.03786735 0.05457343 0.02373169 0.01424897 0.04059105 0.02179506 0.02485745 0.02594603 0.04160614 0.03093880 0.02315681 0.02389512 0.01915300 0.04751278 0.02476080 0.03026654 0.03291936 0.02467723 0.03609855 0.03288691 0.03669212 0.01476425 0.03059582 0.04782763 0.05572419 0.03086731 0.06844430 0.01399173 0.02451878 0.02950186 0.02950869 0.04035458 0.02794508 0.01887712 0.04458397 0.04467669 0.02716738 0.04537343 0.04075634 0.03699653 0.03731147 0.02279316 0.02942470 0.03045204 0.03775012 0.04001513 0.01805209 0.01567508 0.04633080 0.01770794 0.04721983 0.02408878 0.03150114 0.02642024 0.01260523 0.03508821 0.04007603 0.03191393 0.06247336 0.01532615 0.03252990 0.03806430 0.02681136 0.02247643 0.01848342 0.02886235 0.03068282 
0.03086696 0.02094462 0.02465898 0.02663858 0.00000000 0.03370538 0.04087108 0.04565559 0.02573259 0.02759128 0.02441375 0.01307785 0.03308434 0.01724724 0.02803175 0.02465191 0.02259550 0.02905887 0.02777309 0.02899223 0.02462159 0.03031139 0.03558623 0.02621383 0.02535727 0.02408006 0.02037584 0.02294314 0.02562167 0.03448146 0.04286276 0.05867009 0.04637587 0.03184102 0.02237879 0.01599528 0.03093729 0.03220788 0.03173882 0.02560322 0.03010990 0.03113496 0.04043848 0.03472033 0.03030368 0.02566313 0.04077515 0.03331729 0.01842060 0.02743431 0.03946906 0.03873461 0.02608667 0.04483932 0.02522838 0.02272599 0.04684856 0.03512084 0.03361607 0.03661211 0.03065245 0.04200654 0.02786206 0.01408262 0.03702138 0.03321063 0.02641219 0.03903666 0.03224288 0.03421142 0.02770080 0.02419543 0.01747765 0.04159746 0.02883228 0.02464165 0.03347684 0.03614341 0.01488084 0.02768388 0.04594874 0.03224286 0.02782062 0.04159510 0.03974121 0.02488165 0.02497838 0.03780862 0.02527696 0.02082425 0.03199225 0.01816080 0.02138294 0.02691378 0.02724964 0.02978067 0.03809854 0.03181579 0.02718809 0.03744061 0.02970412 0.02576941 0.03882688 0.05430738 0.02205874 0.05543714 0.01773027 0.03965753 0.02497659 0.03332339 0.03074303 0.05787682 0.02783777 0.03101250 0.02245109 0.02398649 0.02405806 0.03547739 0.02645020 0.02007057 0.02646806 0.01732769 0.03074116 0.03372966 0.02919498 0.04310300 0.04815292 0.02282192 0.03847452 0.03566673 0.04781007 0.00412212 0.04228872 0.04008835 0.03824440 0.04359047 0.03226245 0.02351278 0.03271990 0.03236543 0.02214241 0.03105149 0.04497676 0.03074302 0.02608604 0.01221008 0.01899938 0.03304806 0.02143909 0.04247741 0.03910585 0.03542117 0.04482118 0.04709691 0.03212992 0.03987547 0.03248693 0.03258453 0.04069753 0.03065668 0.03321573 0.02200164 0.03462322 0.02690434 0.04353380 0.02962559 0.01295534 0.04060622 0.03311005 0.03061655 0.04574367 0.02793262 0.02853170 0.02765072 0.03663565 0.05142293 0.03065492 0.03046085 0.02917866 0.01837181 0.03534135 0.05040066 0.02653028 0.01497540 0.03357710 0.04710587 0.01994514 0.03451611 0.04193387 0.03265023 0.03312745 0.03619138 0.03589379 0.01688213 0.03963816 0.04129813 0.01837062 0.02861226 0.02768155 0.02362738 0.03994826 0.05051083 0.03474750 0.03248601 0.03760720 
0.02822394 0.02563204 0.04852289 0.02174011 0.03370538 0.00000000 0.03229743 0.03414468 0.03834023 0.03062764 0.02430025 0.04139526 0.03958947 0.03246678 0.02638222 0.03113084 0.04061962 0.03554082 0.02765046 0.02383455 0.03181029 0.03170395 0.03218746 0.02105367 0.03164739 0.02052715 0.02303770 0.03921377 0.03145061 0.01052991 0.03098430 0.02882735 0.02525858 0.03293465 0.03873170 0.03042177 0.04011084 0.04400757 0.02520744 0.04103139 0.03067712 0.02754568 0.03334915 0.03449518 0.02576300 0.03119369 0.04402617 0.04301238 0.04106099 0.02718408 0.02494143 0.02369548 0.04453604 0.02997215 0.01776766 0.02823121 0.05378598 0.02479663 0.03241142 0.04349849 0.02261940 0.02922875 0.05082752 0.05480535 0.02434122 0.03844993 0.03420343 0.02040977 0.03395751 0.03278478 0.02181912 0.02967933 0.04416676 0.01971759 0.04081865 0.02719172 0.05002269 0.01978046 0.02320421 0.03207899 0.03742174 0.02881444 0.02853273 0.03717313 0.01803063 0.02332718 0.03119077 0.03223230 0.03796462 0.03006892 0.04425277 0.02735054 0.02929638 0.02643086 0.04842016 0.03108588 0.02659069 0.02457515 0.03341480 0.03123820 0.03395996 0.03760618 0.03303851 0.05839660 0.02344731 0.03450093 0.03631182 0.03224960 0.01936177 0.02788915 0.04020636 0.02203872 0.02928011 0.02180002 0.02168864 0.03346436 0.02297050 0.04958199 0.02944584 0.02178045 0.04771656 0.05051482 0.01776528 0.02913720 0.03022937 0.03628960 0.03883489 0.03415916 0.02215750 0.04531037 0.02041554 0.03046328 0.02108002 0.04381903 0.03841243 0.03622234 0.02378271 0.02934543 0.02180781 0.03484530 0.03072326 0.02817609 0.03223303 0.03768878 0.02620965 0.01945740 0.01995900 0.02890967 0.03250469 0.02412265 0.03231365 0.02119719 0.02788768 0.02750685 0.03953488 0.03416742 0.02824305 0.03113899 0.04229492 0.03003086 0.04048538 0.03823308 0.03055650 0.02752395 0.02334807 0.04144257 0.02825250 0.03311451 0.02759831 0.02603736 0.02332454 0.02405659 0.02132854 0.02523453 0.03569464 0.03103535 0.02816592 0.03413810 0.03523989 0.04338575 0.04440180 0.05311483 0.03945748 0.02457977 0.02843547 0.02408990 0.01999694 0.04244649 0.04855914 0.02468224 0.03211959 0.03476954 0.02429249 0.03139418 0.02310486 0.03200402 0.03366673 0.03033520 0.02503349 0.03839521 0.03004754 0.02251989 0.01933830 0.02625694 0.03956658 
0.02985284 0.03868765 0.05476932 0.02306004 0.04087108 0.03229743 0.00000000 0.03633670 0.02742555 0.03191575 0.05697669 0.02614426 0.02406102 0.02858962 0.03171062 0.04044197 0.02971562 0.02436538 0.03357413 0.02775445 0.03221437 0.02375387 0.02934278 0.04545011 0.03487195 0.07075557 0.02661954 0.01364845 0.03955601 0.02827995 0.02446202 0.03561460 0.02666895 0.03873525 0.03266770 0.02673847 0.01871273 0.03304197 0.04025234 0.04494363 0.02511528 0.03127895 0.04073080 0.03795745 0.03947154 0.03723013 0.03658438 0.03612849 0.03155677 0.01098807 0.02699727 0.02814942 0.03121622 0.04425124 0.02297484 0.03206740 0.02050937 0.01357343 0.04046277 0.03182863 0.01846287 0.04327789 0.02443383 0.05559999 0.03003785 0.02605010 0.03463125 0.03094841 0.03611444 0.03932023 0.02910138 0.02095772 0.03025731 0.04673180 0.01338962 0.03373366 0.03312682 0.02432660 0.03616047 0.02445820 0.03244311 0.03653245 0.03550098 0.03772448 0.03087548 0.03628308 0.04347980 0.04125195 0.02829731 0.02674150 0.03157534 0.03281097 0.04850848 0.04237105 0.04055112 0.03178007 0.03441586 0.03558681 0.03610536 0.03413395 0.03718842 0.03107501 0.03994811 0.02772535 0.04064641 0.01573086 0.02359113 0.04175638 0.02300727 0.03460444 0.02449694 0.02568170 0.03035536 0.02201793 0.02198478 0.03142006 0.02122327 0.03881074 0.01692907 0.01841492 0.03094850 0.01276214 0.02722136 0.03634532 0.03426825 0.04023019 0.04201315 0.03145922 0.02076767 0.02475684 0.02620959 0.03238125 0.03619871 0.03066798 0.03315052 0.02987604 0.02624177 0.03685197 0.02352330 0.03579971 0.01819756 0.02358734 0.03338147 0.02932046 0.02485553 0.01371493 0.02256368 0.02463230 0.02921831 0.03233041 0.03269470 0.03080525 0.03241515 0.03217682 0.04314680 0.02956691 0.03147613 0.03531095 0.03647732 0.03223683 0.02761677 0.02817238 0.02497003 0.02448442 0.03402947 0.03105442 0.03862111 0.02788019 0.03373710 0.01793227 0.02866362 0.02951375 0.04678451 0.02854036 0.03416462 0.03576136 0.03166360 0.03429873 0.02880849 0.03531978 0.03106974 0.03128947 0.02770763 0.03361148 0.04421593 0.03153540 0.03594574 0.01948429 0.02186446 0.02569551 0.02935200 0.03162860 0.02524122 0.03824102 0.02723201 0.04256556 0.03434619 0.03153558 0.03650178 0.04453900 0.02691378 0.03274115 0.02577811 0.04075101 0.03330747 
0.02796786 0.02922045 0.04201452 0.04630069 0.04565559 0.03414468 0.03633670 0.00000000 0.02924836 0.03338882 0.02461192 0.02899887 0.04381617 0.03150493 0.03349489 0.02567536 0.04041698 0.03686131 0.02311828 0.01510244 0.03315219 0.02959094 0.04323500 0.03548481 0.04081619 0.03466753 0.03199778 0.03851669 0.03066436 0.00700343 0.01904926 0.05337535 0.02586959 0.03697211 0.02748718 0.02403239 0.03465566 0.03744432 0.02003629 0.04012035 0.02278603 0.02754506 0.01942168 0.03336542 0.03740573 0.03293592 0.03082069 0.02579244 0.02112889 0.02014407 0.04189535 0.03848652 0.02870684 0.02087511 0.03007583 0.02743812 0.01992467 0.04591698 0.04859317 0.02017656 0.05874544 0.03518542 0.03257512 0.01810500 0.02134768 0.02067711 0.04275780 0.03813403 0.03688766 0.03358698 0.02440887 0.03663625 0.02894282 0.03318030 0.02858586 0.02943634 0.02694672 0.03387578 0.02357807 0.01572711 0.03899111 0.03032959 0.03736021 0.03200945 0.02915290 0.04167281 0.03410770 0.03470082 0.05310170 0.02566545 0.02747726 0.03973572 0.03482834 0.04678680 0.03015043 0.03246181 0.03710983 0.02864048 0.02430897 0.02977463 0.04263503 0.01837690 0.03696932 0.03390103 0.01402575 0.01018884 0.01879764 0.02125747 0.03409817 0.02624255 0.03982773 0.04197905 0.03295571 0.04463114 0.03017203 0.03093852 0.02361473 0.02825931 0.02508396 0.02827391 0.02960170 0.02403526 0.03155835 0.03517646 0.03383508 0.03216696 0.04365458 0.02452306 0.03698887 0.03636425 0.02280087 0.03022275 0.03216998 0.02816426 0.04414378 0.03418249 0.01960808 0.01467284 0.02510595 0.04222001 0.04512255 0.02484351 0.01825560 0.03257423 0.03335094 0.03419098 0.02666812 0.03967907 0.06199614 0.02490150 0.03916187 0.02141393 0.03875118 0.03000897 0.03628425 0.04109396 0.02697331 0.02273543 0.03168635 0.02712229 0.03470352 0.02947340 0.02968442 0.02417709 0.02919230 0.03473992 0.03399289 0.02730192 0.02117345 0.01592203 0.04634054 0.04106717 0.03456907 0.04731440 0.01850198 0.02861918 0.02527163 0.02822717 0.03614507 0.02382595 0.02837139 0.04090532 0.02703508 0.02871431 0.02736010 0.05760940 0.02787602 0.02015760 0.01604952 0.03213968 0.02942550 0.03012540 0.05245648 0.01891675 0.02568713 0.02476594 0.02718696 0.02632830 0.02990471 0.03030873 0.03701980 0.02665125 0.04089062 0.05479698 0.04230419 
0.03525446 0.02873714 0.04216028 0.03169918 0.02573259 0.03834023 0.02742555 0.02924836 0.00000000 0.01994568 0.03232700 0.02376727 0.04134330 0.02183751 0.02238403 0.03004911 0.01694429 0.01549985 0.03089869 0.02539772 0.01580884 0.01362574 0.01923984 0.04840979 0.02512078 0.04222407 0.03210915 0.03596381 0.04183894 0.03015963 0.03419554 0.05205890 0.03462213 0.03123466 0.02861053 0.02040790 0.02895524 0.05715100 0.04084564 0.02390220 0.03620253 0.02804073 0.02243813 0.01304031 0.02298326 0.04712459 0.03481388 0.04171817 0.06791113 0.02858050 0.03607604 0.05217079 0.02821341 0.04380252 0.01969557 0.02805915 0.02871594 0.03174291 0.02703436 0.04181258 0.02822317 0.04560332 0.02849844 0.01216999 0.01835320 0.02740141 0.02914258 0.02740032 0.02749277 0.03043516 0.03232737 0.04805893 0.04221578 0.03345477 0.02914794 0.03969980 0.02384279 0.02087602 0.04921225 0.02527372 0.03032901 0.02639044 0.04030428 0.03691988 0.03798822 0.02200853 0.03527801 0.03450939 0.02909699 0.02248940 0.03288676 0.04434883 0.00562357 0.04349408 0.03588154 0.02013655 0.04484273 0.03251863 0.04625003 0.04301299 0.04646989 0.02713101 0.02335863 0.02526988 0.02620619 0.03774928 0.01306719 0.03157056 0.02806707 0.02507428 0.03048776 0.01627281 0.03630176 0.04615726 0.02794299 0.03085534 0.02699222 0.02942235 0.02616962 0.03815702 0.04395233 0.01363910 0.04055201 0.05081797 0.02449946 0.02551133 0.01744655 0.05067002 0.02398515 0.02774317 0.02468538 0.03883818 0.03085059 0.03211876 0.04256831 0.04847743 0.03069982 0.02979370 0.02726711 0.02946780 0.03548420 0.02843665 0.04359673 0.01908888 0.01648187 0.03654134 0.03085420 0.02580635 0.02642258 0.02914887 0.01936913 0.02953900 0.01906137 0.01816055 0.02518593 0.04346567 0.03986708 0.03442091 0.03538016 0.02603918 0.03154336 0.03522597 0.02391688 0.02001507 0.02854357 0.02309102 0.03198529 0.04273527 0.01765218 0.01936405 0.03573308 0.04064371 0.02953954 0.01786395 0.04441464 0.04714672 0.03761190 0.03064747 0.02401664 0.03506817 0.03458367 0.05049722 0.03030824 0.02501204 0.03216425 0.03049137 0.04508440 0.04460780 0.02096946 0.03149886 0.03235726 0.02408381 0.04008506 0.02943281 0.04055386 0.04231944 0.02493906 0.02145256 0.03186392 0.02277993 0.04104835 0.03015087 0.03474695 0.01591882 0.03898612 
0.02883160 0.03478103 0.02031882 0.02089812 0.02759128 0.03062764 0.03191575 0.03338882 0.01994568 0.00000000 0.03689874 0.03830000 0.06210353 0.05519945 0.02514928 0.04300508 0.05402514 0.06368465 0.04285978 0.02228415 0.06076261 0.04235660 0.02250063 0.03899348 0.05768816 0.05112663 0.04277849 0.03079340 0.02304467 0.02149336 0.03080210 0.02399312 0.04046721 0.02638892 0.02591853 0.03039150 0.02932870 0.02930875 0.03640587 0.05110798 0.02523168 0.04364656 0.02351020 0.03449636 0.05089477 0.01651517 0.04074133 0.02794973 0.02786410 0.04976345 0.02630460 0.02368630 0.02832639 0.02500354 0.04517485 0.02768329 0.03138830 0.04258349 0.02413193 0.02343340 0.04983883 0.03237378 0.03422286 0.04275456 0.02169663 0.02810364 0.01270280 0.02520592 0.02730549 0.02760507 0.04336533 0.02733059 0.02780181 0.02388042 0.03025650 0.03062400 0.03636181 0.03886664 0.03726622 0.02373767 0.02095615 0.02762846 0.02623310 0.03027721 0.02370097 0.03019426 0.02230618 0.02812286 0.03777171 0.02343760 0.02791397 0.03041215 0.03427018 0.04425349 0.03141735 0.01928876 0.02166438 0.01511430 0.03431692 0.02406901 0.01995955 0.02855914 0.03264790 0.01913494 0.04207469 0.02686137 0.03224632 0.02398914 0.04160723 0.02160573 0.01712966 0.02583251 0.02294613 0.02777659 0.01955476 0.02394937 0.02634253 0.02962973 0.02542695 0.03954870 0.03696956 0.07001927 0.03498423 0.02520253 0.03185472 0.02543890 0.01870887 0.02721101 0.04057517 0.02130118 0.02501124 0.04145428 0.02094770 0.03019084 0.02281536 0.02529212 0.03146314 0.02515234 0.02066205 0.03140354 0.03549940 0.04370927 0.04065709 0.04109459 0.05516715 0.04690518 0.03833092 0.05938106 0.02502394 0.02602332 0.03077144 0.03802726 0.03830374 0.02634243 0.02827620 0.01722914 0.02626537 0.02093351 0.03600868 0.02863563 0.02611337 0.03191717 0.04225717 0.04761695 0.02559201 0.03797979 0.01775266 0.03117073 0.05513699 0.04043159 0.03204299 0.02986009 0.02640574 0.03188118 0.02281752 0.03162260 0.01632988 0.01288068 0.02084356 0.02339159 0.02108206 0.02370830 0.02580071 0.03623601 0.02996906 0.02187928 0.02449841 0.02461573 0.02936830 0.02586853 0.02989969 0.02516683 0.03698509 0.03024267 0.02236126 0.03083890 0.02242554 0.04775319 0.02728197 0.03383883 0.02437179 0.04790850 0.03804957 0.02951132 0.01233798 
0.03090243 0.03051270 0.01160475 0.02342220 0.02441375 0.02430025 0.05697669 0.02461192 0.03232700 0.03689874 0.00000000 0.02964577 0.02521996 0.03556433 0.05060692 0.04418443 0.02921904 0.02828027 0.04274794 0.02294609 0.03881791 0.02595791 0.02003940 0.03707770 0.03646263 0.02576778 0.03641230 0.01975374 0.02496073 0.03770138 0.01866329 0.01405173 0.03364621 0.02007670 0.02025267 0.03779814 0.03222602 0.01938074 0.03120175 0.04260788 0.04530899 0.03765148 0.04569827 0.03074397 0.02115110 0.02547741 0.02345864 0.03313267 0.03295317 0.05456012 0.02135918 0.02112529 0.03777253 0.02050610 0.04510428 0.04661487 0.02691828 0.01817750 0.02424387 0.03249182 0.04566480 0.04713623 0.01856205 0.01794387 0.05148468 0.02775934 0.03289084 0.02738944 0.01978621 0.03299266 0.03306655 0.04635870 0.04559705 0.02741353 0.01926858 0.04061846 0.02834410 0.04494526 0.02903823 0.03271700 0.06187740 0.01631382 0.02275153 0.03372924 0.03946322 0.04574569 0.02846530 0.02535870 0.03066388 0.02674293 0.03737976 0.04837185 0.01674946 0.03436288 0.02832772 0.02562330 0.03126266 0.02263457 0.03553699 0.01607122 0.02315375 0.03453738 0.02904449 0.01584588 0.02199532 0.02719774 0.03678363 0.01841256 0.02225432 0.04053673 0.02576327 0.02649454 0.02683556 0.03532405 0.02326034 0.03188590 0.02830406 0.03788439 0.03543061 0.03631645 0.03495018 0.02848231 0.03537389 0.04899601 0.03062159 0.02051672 0.02747613 0.02735067 0.03762314 0.04205908 0.03628844 0.03036583 0.03348411 0.02494467 0.02215822 0.02775965 0.03584268 0.04479044 0.03433570 0.02883061 0.00985391 0.03105032 0.03469721 0.02268298 0.04126255 0.03407362 0.04163472 0.03473797 0.02101034 0.02424519 0.03851021 0.03216431 0.03954794 0.04914519 0.03574524 0.02158364 0.03230145 0.03057882 0.02298556 0.02846581 0.02923838 0.01537060 0.03619049 0.03883152 0.01762531 0.03447853 0.03324435 0.03275401 0.04114426 0.02989896 0.03288118 0.01765388 0.03007411 0.03794208 0.02357707 0.03984650 0.03200772 0.03045618 0.02089135 0.03724373 0.02534776 0.02667068 0.01792234 0.03041599 0.04520807 0.02944106 0.01970639 0.03118836 0.03136830 0.03435996 0.03442557 0.03846799 0.03962206 0.04185714 0.03129834 0.03883327 0.02486407 0.01959931 0.04885643 0.03680465 0.03478767 0.04690406 0.04670776 0.03787262 0.03615194 
0.02931120 0.03397277 0.01762799 0.04809774 0.01307785 0.04139526 0.02614426 0.02899887 0.02376727 0.03830000 0.02964577 0.00000000 0.03164863 0.05057608 0.02473692 0.04860431 0.05908986 0.03968065 0.02080642 0.02395468 0.04337138 0.04911847 0.03386400 0.01470660 0.04525097 0.03555193 0.04139147 0.02785129 0.01469010 0.01989323 0.03824303 0.02111581 0.04263758 0.03716953 0.04389609 0.02417700 0.02654949 0.01925311 0.04299605 0.06300124 0.01858135 0.02452446 0.02742074 0.03289728 0.03006679 0.01726854 0.02627089 0.01468768 0.02265630 0.02989218 0.02941411 0.03072017 0.03413227 0.03016787 0.03964837 0.03123270 0.03619528 0.03626346 0.00958624 0.01301774 0.03412622 0.01968154 0.02725178 0.04822504 0.03697397 0.02168869 0.02869964 0.04135623 0.03042555 0.03827798 0.02759234 0.04763425 0.02688196 0.01196877 0.04483952 0.03308721 0.03176037 0.03283303 0.02629768 0.04251778 0.02328028 0.02283690 0.02130877 0.02689798 0.03544362 0.02346664 0.02264064 0.02144065 0.04647360 0.03001805 0.02225775 0.02975837 0.03130656 0.05741246 0.02285482 0.02728927 0.01872851 0.02222511 0.01739242 0.01378293 0.01949606 0.00813235 0.04421472 0.03095232 0.05539044 0.01806770 0.03002543 0.02186685 0.02783081 0.02967795 0.03919037 0.02372850 0.02305924 0.02816829 0.02951320 0.03372830 0.02591399 0.02315560 0.03672863 0.04434914 0.04404769 0.02730019 0.03298313 0.03376758 0.04914027 0.04458077 0.02475784 0.02584591 0.04021934 0.04361755 0.02671647 0.03176225 0.02164624 0.02411525 0.02692640 0.03854445 0.03198875 0.03134775 0.02967932 0.03476418 0.02516864 0.04109459 0.03418661 0.04818609 0.05795505 0.03767476 0.04028527 0.05460423 0.03495111 0.03327745 0.02277266 0.02604301 0.03581148 0.02522786 0.02446100 0.01697769 0.02715117 0.02223698 0.02590238 0.04973812 0.02372861 0.03715158 0.03649055 0.03565436 0.02654899 0.02708269 0.04725805 0.03973183 0.04578532 0.04201304 0.03904052 0.02821583 0.05127227 0.02949631 0.02615159 0.02934148 0.03545028 0.03604900 0.02006904 0.01717153 0.02673079 0.03281679 0.02046158 0.03738473 0.03195732 0.03126658 0.04435936 0.04858387 0.03961317 0.02366772 0.02064188 0.01800572 0.03486956 0.04550021 0.03490143 0.02881690 0.03613196 0.02758924 0.02069943 0.02024911 0.03554359 0.02749106 0.03522317 0.01784461 0.00505015 
0.02951839 0.03286604 0.01883030 0.02207069 0.03308434 0.03958947 0.02406102 0.04381617 0.04134330 0.06210353 0.02521996 0.03164863 0.00000000 0.04493047 0.02710439 0.05432325 0.04366564 0.05081328 0.02712982 0.04038008 0.04980807 0.03645896 0.02824109 0.03451227 0.05286103 0.03666205 0.02260150 0.03408427 0.03273310 0.02917360 0.02964591 0.01797385 0.03614510 0.03105741 0.06900895 0.01938446 0.03634317 0.03534934 0.03782943 0.04317219 0.03339793 0.04804875 0.02076619 0.05122390 0.02616597 0.04116202 0.02733376 0.01239506 0.03243451 0.04539045 0.03007722 0.04606449 0.02183981 0.03018524 0.02270211 0.04127851 0.02105377 0.02686785 0.02343918 0.05115594 0.03024032 0.04227443 0.03847480 0.01825011 0.01453306 0.05048749 0.01579350 0.04570712 0.01959279 0.03687423 0.03713312 0.03811149 0.02482031 0.05537007 0.02290128 0.01856665 0.02524712 0.02784468 0.02774428 0.03188838 0.01897085 0.02701979 0.03120328 0.01507306 0.02332831 0.02850812 0.04139365 0.05810706 0.04064929 0.02946999 0.02947814 0.03117002 0.02543496 0.02551821 0.04264570 0.03175285 0.03536915 0.02637246 0.03172963 0.01910869 0.03070117 0.03192155 0.03717450 0.02548124 0.02386594 0.03537194 0.01534099 0.02689916 0.04213475 0.02826445 0.03107564 0.02481962 0.03409819 0.01715112 0.02622242 0.03181128 0.03197228 0.01830639 0.02734962 0.02596345 0.03268397 0.04952656 0.04606286 0.03986351 0.03624160 0.03746471 0.02447446 0.02923013 0.03629635 0.02631018 0.01885681 0.04776858 0.02356116 0.02796551 0.03264382 0.03500570 0.03098913 0.02756033 0.02835352 0.01924879 0.02971410 0.03348765 0.03292193 0.03539143 0.04362756 0.03123343 0.02980438 0.04395620 0.02036723 0.01025281 0.03247115 0.03128304 0.01914213 0.02294392 0.03316019 0.03220844 0.02998146 0.02671067 0.02966582 0.03252051 0.03065842 0.02016570 0.02343006 0.03473662 0.01316281 0.02396713 0.02760364 0.03484414 0.03272326 0.02815164 0.04120346 0.02398873 0.03140380 0.02759673 0.04159443 0.04475035 0.02345612 0.02432001 0.03420262 0.03562604 0.03068619 0.02056030 0.03810811 0.02082865 0.03081963 0.02725708 0.02283845 0.01786544 0.07264607 0.04494197 0.03044060 0.02943569 0.01416477 0.02925029 0.01851266 0.02730824 0.02630712 0.02682837 0.02873518 0.01695317 0.03461815 0.01931943 0.04208552 0.03221929 0.02287245 
0.02911276 0.04393957 0.02617374 0.02795551 0.01724724 0.03246678 0.02858962 0.03150493 0.02183751 0.05519945 0.03556433 0.05057608 0.04493047 0.00000000 0.03809090 0.05361325 0.06034276 0.06963838 0.05643256 0.02904271 0.07177158 0.04081080 0.03009003 0.05232129 0.07147995 0.05755123 0.04117742 0.03412418 0.01823683 0.03312864 0.03144222 0.02469124 0.02334148 0.02728757 0.04300219 0.02883900 0.04909746 0.02707440 0.05408269 0.06025894 0.02076065 0.02868784 0.02167159 0.03360214 0.03496724 0.01986274 0.03560827 0.02542450 0.01559561 0.01739698 0.02351962 0.02579042 0.02935786 0.02225613 0.04500611 0.02747150 0.02459297 0.04131682 0.02177856 0.02388106 0.04859497 0.03368746 0.02382312 0.03135363 0.02526923 0.03086142 0.02157849 0.03507273 0.02620160 0.02864312 0.04405524 0.02866234 0.02525100 0.01937304 0.02920402 0.02403288 0.03147637 0.02896327 0.04095780 0.02438907 0.01711560 0.03108866 0.01724906 0.03777749 0.03940637 0.01843430 0.01571334 0.02770741 0.03468897 0.02568862 0.02881292 0.03248787 0.02539568 0.03221087 0.02192122 0.02292546 0.02042827 0.01261716 0.00990745 0.01114007 0.01521236 0.01347830 0.02663637 0.02212115 0.02973474 0.03162607 0.03069461 0.01166144 0.04338253 0.02979746 0.02944929 0.02860594 0.04526237 0.03343306 0.03890503 0.05104683 0.04158327 0.03168395 0.02471322 0.03798172 0.03897612 0.04604740 0.03595579 0.02638665 0.05845026 0.03648627 0.01458688 0.01467896 0.04450027 0.02076420 0.01941099 0.04720557 0.01927287 0.02559862 0.01722464 0.03089572 0.03544652 0.04343836 0.03691170 0.02203021 0.03290100 0.04486410 0.03518834 0.04025826 0.05800643 0.02729522 0.04151825 0.04441142 0.03541596 0.01493456 0.03984058 0.02399961 0.02948385 0.02737167 0.01651618 0.01849836 0.02657853 0.02123926 0.01761612 0.03481936 0.03750704 0.02755654 0.02379026 0.02448731 0.01787065 0.03590978 0.03122742 0.02396489 0.03498482 0.03010841 0.03663030 0.02714881 0.03032642 0.02870295 0.02267941 0.02378211 0.01582805 0.01265374 0.01660334 0.02734380 0.01755489 0.02516656 0.02177689 0.04465376 0.02938716 0.03581703 0.03572420 0.03625708 0.02535389 0.02300897 0.01703670 0.03166397 0.03022222 0.06088692 0.02982839 0.04179851 0.03754254 0.04657002 0.03599107 0.03123640 0.03319914 0.03180531 0.04632412 0.02042984 0.00277925 
0.02888478 0.02986542 0.04952858 0.03721990 0.02803175 0.02638222 0.03171062 0.03349489 0.02238403 0.02514928 0.05060692 0.02473692 0.02710439 0.03809090 0.00000000 0.04363603 0.02796781 0.03130518 0.04654656 0.03948479 0.03354150 0.03895928 0.02489014 0.03890163 0.04370162 0.03690457 0.02698945 0.02540951 0.03997151 0.01812944 0.03592383 0.03922776 0.03446254 0.04381270 0.01610968 0.02214365 0.03122527 0.02660108 0.02559618 0.03445721 0.03988614 0.03116011 0.02441956 0.02017141 0.01615126 0.02706332 0.02540047 0.03536699 0.04033279 0.02314507 0.04511326 0.03293461 0.01716096 0.02612509 0.01844127 0.03637245 0.07244644 0.02363626 0.02893320 0.02880773 0.03669707 0.02518169 0.03012466 0.01328535 0.03271463 0.04158071 0.03658019 0.03447150 0.03733584 0.02054978 0.03577307 0.03078071 0.04534923 0.03875162 0.03036650 0.02756919 0.02388436 0.03810397 0.03348926 0.01734193 0.01891100 0.02366226 0.04369220 0.03622270 0.01872664 0.04160822 0.02985292 0.01338000 0.02855554 0.02121308 0.03353993 0.05134520 0.01345247 0.02259059 0.03857697 0.03628103 0.02643108 0.02369557 0.03956279 0.04301704 0.04070842 0.02320119 0.03006886 0.04849066 0.04350042 0.03775364 0.05632657 0.02696948 0.04442745 0.02105899 0.03190629 0.02540113 0.03344659 0.02139487 0.01734028 0.02854222 0.02485128 0.01832211 0.03011171 0.01634541 0.03156535 0.03171426 0.04416256 0.02493410 0.03296342 0.01829079 0.03329312 0.03655362 0.02945861 0.01346107 0.03885865 0.01123157 0.01630502 0.02095871 0.02796135 0.04646848 0.03350741 0.04236044 0.03154846 0.01334149 0.02725242 0.04416345 0.03600744 0.02715562 0.03292195 0.06216479 0.02385609 0.03643113 0.01705008 0.01472006 0.03646996 0.02949261 0.03298083 0.02258874 0.04105307 0.04768869 0.02755956 0.02327550 0.02485374 0.03683193 0.05250372 0.02459295 0.03938896 0.04238313 0.02655736 0.02863992 0.01947831 0.03179780 0.02344183 0.03824467 0.02396275 0.02914998 0.04427740 0.02989415 0.02519314 0.02939759 0.02127087 0.02430007 0.03747654 0.03958317 0.03120384 0.01350024 0.03385364 0.03606204 0.04728458 0.03872927 0.02146392 0.02717299 0.02222713 0.02990676 0.02084420 0.04468282 0.01795080 0.02961597 0.06171707 0.03152778 0.03001124 0.04648294 0.03147175 0.03681859 0.02089020 0.02354645 0.03411935 0.03652130 0.04226051 
0.02892071 0.02954929 0.03001811 0.01969534 0.02465191 0.03113084 0.04044197 0.02567536 0.03004911 0.04300508 0.04418443 0.04860431 0.05432325 0.05361325 0.04363603 0.00000000 0.05273015 0.05240274 0.04362396 0.05134397 0.06164602 0.03786864 0.02152954 0.03600931 0.05443786 0.03651224 0.02241885 0.01844132 0.01588155 0.02282505 0.02665994 0.03123964 0.02286982 0.03219555 0.03531553 0.04370248 0.05086664 0.01144825 0.03915815 0.04946032 0.01821508 0.02149652 0.03421445 0.02071595 0.02588563 0.02975959 0.04048502 0.03389361 0.02872806 0.02962264 0.01419907 0.02556264 0.02418244 0.02740829 0.03749557 0.01860246 0.02639386 0.03830249 0.02675130 0.02378375 0.03221646 0.03400645 0.03166688 0.02794421 0.03092525 0.03621991 0.02504247 0.04354113 0.02136083 0.03118849 0.02947815 0.03144713 0.02346988 0.02586516 0.02345350 0.02441411 0.02596508 0.04917222 0.02778972 0.03031169 0.02186928 0.02120962 0.01357541 0.03204792 0.03229375 0.02386738 0.02165961 0.01613482 0.02881771 0.02290635 0.01857261 0.03529867 0.01679521 0.03439078 0.02246332 0.02050839 0.01744709 0.01774454 0.02398260 0.03278943 0.02393717 0.02528945 0.03168954 0.02887449 0.01616836 0.03357207 0.02511422 0.02519126 0.04794179 0.03557165 0.02875015 0.01203123 0.04201460 0.01621297 0.03449745 0.03979113 0.03474079 0.03060689 0.03149767 0.03835884 0.05918475 0.05139455 0.03307433 0.03952182 0.05217927 0.05138324 0.04299713 0.02547015 0.05873925 0.05880114 0.01312863 0.04842367 0.02148893 0.04556657 0.01618392 0.01842021 0.03768061 0.03454984 0.04201535 0.02261936 0.02600175 0.04178450 0.05390711 0.04750829 0.05827964 0.03131322 0.03228810 0.04090611 0.02597665 0.02262596 0.03719376 0.02622278 0.04268594 0.02613493 0.02112580 0.02341520 0.02758605 0.02309974 0.02917397 0.02246489 0.02526293 0.02644241 0.01720808 0.03162111 0.04357209 0.03299461 0.03346761 0.04388880 0.02969309 0.03296019 0.04098991 0.02690691 0.03685263 0.02874920 0.03399417 0.01915962 0.02753743 0.03184720 0.02205766 0.03507126 0.01465113 0.02172885 0.02757648 0.03693750 0.02381700 0.02569922 0.03546898 0.01658604 0.02500717 0.03245314 0.03069644 0.02895145 0.02325254 0.03205624 0.02795007 0.02153699 0.04486853 0.03088479 0.02663672 0.02502460 0.02492790 0.03604408 0.04829288 0.04105324 0.00822796 
0.02852661 0.03043983 0.02054238 0.02959538 0.02259550 0.04061962 0.02971562 0.04041698 0.01694429 0.05402514 0.02921904 0.05908986 0.04366564 0.06034276 0.02796781 0.05273015 0.00000000 0.06773930 0.03948378 0.02327578 0.07489517 0.05623248 0.04157893 0.02882358 0.05821171 0.03575068 0.03723690 0.03577391 0.02656323 0.02029555 0.04067642 0.03889663 0.02142579 0.03975812 0.05117629 0.05087931 0.03708380 0.02771116 0.03891004 0.06990251 0.01633987 0.02698476 0.01920048 0.02642356 0.03552394 0.02182440 0.02982348 0.02789805 0.02241132 0.01962901 0.01775570 0.02824251 0.02202137 0.03155169 0.03415098 0.01383225 0.02533994 0.03450479 0.01346846 0.03098857 0.04324066 0.02236366 0.04121047 0.04467298 0.01795254 0.03693300 0.02523168 0.05651357 0.01906553 0.03956636 0.04660795 0.02930249 0.02986674 0.02780672 0.04251359 0.01923669 0.02532271 0.02722075 0.02805125 0.02044987 0.01910356 0.02973595 0.01958351 0.02527583 0.02932604 0.03059615 0.02116372 0.01844127 0.02893042 0.02408056 0.02565223 0.02300878 0.02755042 0.03119422 0.01716266 0.02947945 0.01589456 0.01898517 0.01474678 0.02182460 0.02128596 0.02119775 0.03844082 0.03107601 0.04640669 0.03834860 0.02353402 0.02860852 0.04248476 0.02808300 0.02224602 0.04242917 0.03818342 0.04467521 0.02698789 0.04693060 0.04453746 0.03017995 0.04006451 0.03381641 0.05879091 0.03933628 0.02731615 0.02612956 0.04875198 0.03966091 0.00850963 0.01897263 0.04000396 0.03290968 0.02768797 0.04144733 0.02569293 0.01454130 0.01602445 0.03394244 0.01831544 0.03409158 0.03552381 0.01240262 0.02074810 0.03231496 0.03512514 0.05055650 0.04903377 0.04089516 0.03111031 0.05353151 0.02333376 0.02627555 0.03615657 0.03978045 0.03977347 0.03406638 0.01914650 0.01277159 0.02642564 0.02125334 0.03325907 0.02360421 0.02807255 0.03601806 0.03060603 0.03270727 0.02303715 0.04045912 0.04598391 0.03153987 0.04531791 0.02359470 0.04879202 0.02825254 0.02831067 0.03042593 0.02359118 0.04043222 0.02541635 0.03581125 0.01934612 0.02615535 0.02572847 0.01524088 0.01866046 0.03891255 0.02763497 0.03050518 0.02020503 0.03544576 0.02829572 0.02404484 0.01573929 0.01804312 0.03488779 0.03050543 0.03057310 0.02827104 0.03674150 0.03070476 0.01871730 0.02519326 0.04036033 0.02959551 0.03529297 0.01846682 0.00585482 
