0.00000000 0.09440378 0.06720328 0.07393617 0.06902899 0.06653485 0.06511309 0.06622997 0.06649284 0.06432514 0.06170377 0.06494781 0.05778953 0.06329378 0.07160488 0.05795653 0.06229674 0.06038002 0.06281953 0.05941515 0.06110497 0.06072365 0.06811752 0.06505527 0.06194161 0.06152580 0.07071609 0.06082656 0.06408875 0.06868896 0.06916925 0.05843358 0.05862489 0.05888715 0.07170308 0.05926755 0.06109024 0.06522476 0.06267816 0.06276872 0.06398100 0.06377067 0.06279895 0.06782764 0.05835869 0.06262222 0.06385730 0.05885635 0.06633842 0.06535419 0.06678000 0.05721213 0.06301282 0.06920895 0.07008346 0.05729345 0.05513119 0.05738196 0.06857309 0.06149547 0.06430109 0.06764111 0.05683277 0.06628070 0.06741083 0.06668811 0.07459214 0.06311087 0.06668588 0.06232436 0.06386126 0.07237700 0.06731408 0.06372933 0.06675693 0.06549976 0.06539759 0.05735466 0.05963223 0.06039594 0.07272436 0.06530224 0.06470028 0.06763985 0.07341069 0.06063186 0.06105955 0.05974609 0.06219199 0.06705395 0.06955286 0.06729803 0.06398569 0.06464469 0.06263385 0.06823995 0.06417317 0.06835966 0.06135319 0.06469627 0.06892519 0.06687290 0.06722977 0.05970753 0.06019870 0.06025802 0.06482539 0.06558339 0.06370261 0.06441760 0.05970128 0.06568381 0.06743194 0.07131258 0.06189969 0.06410454 0.06562334 0.06164020 0.06239955 0.06411397 0.06388769 0.06030093 0.06499756 0.05937379 0.06268493 0.06671745 0.06736336 0.06997714 0.06145744 0.05939128 0.06340998 0.06857755 0.06277158 0.05825607 0.06310873 0.06422367 0.06590318 0.06134431 0.06651377 0.06515526 0.06017176 0.06400636 0.05854876 0.05952007 0.06307852 0.06416776 0.07084513 0.06132037 0.06592459 0.06789271 0.05988597 0.06435126 0.06857232 0.06438358 0.06138665 0.05329360 0.06842964 0.07298046 0.06570735 0.06789244 0.06419323 0.06454597 0.06416071 0.06060753 0.06749985 0.06398938 0.07179932 0.06109531 0.06183443 0.06390713 0.06397242 0.06176921 0.06208949 0.06481868 0.06711543 0.06651130 0.07724636 0.08019270 0.06259090 0.06250551 0.06274228 0.06305381 0.05843092 0.06408591 0.06301907 0.07488305 0.07545244 0.07092098 0.06369912 0.07346396 0.06473433 0.06291650 0.06621840 0.06851366 0.07283849 0.06756964 0.05815734 0.06979295 0.06162809 0.06288981 0.07474774 0.07118833 0.07329718 0.07281447 0.06981265 
0.09440378 0.00000000 0.14022675 0.08272296 0.06946776 0.07469244 0.08441784 0.09679230 0.06725032 0.07331147 0.07116198 0.07385525 0.05684927 0.07798480 0.06422524 0.05891920 0.07128313 0.05791303 0.04267463 0.05299240 0.07692187 0.08079330 0.05260259 0.04928147 0.09492901 0.07227758 0.04550459 0.05507028 0.06253814 0.03893318 0.08642936 0.06387673 0.07593117 0.06482632 0.05739401 0.05776077 0.04813282 0.05359176 0.04723373 0.06527417 0.04557844 0.07312815 0.06488618 0.05464723 0.08115157 0.07962404 0.05791278 0.07522544 0.04659046 0.06717025 0.05357959 0.06006199 0.04502757 0.08901074 0.06411710 0.04611206 0.07306110 0.07111602 0.07055277 0.04914688 0.06089148 0.06373593 0.06228970 0.09282537 0.07619751 0.05153294 0.07646565 0.05913471 0.07443982 0.05142346 0.06538185 0.06684905 0.06681999 0.07935113 0.05580525 0.07340893 0.08594593 0.09286237 0.06572402 0.02815255 0.05615640 0.09561753 0.05970431 0.05957902 0.07374607 0.05641242 0.05781367 0.06623958 0.09599895 0.08305207 0.08206897 0.06303324 0.07643311 0.05248943 0.06089987 0.04899418 0.04093629 0.06112121 0.05610452 0.05473500 0.06686827 0.04845765 0.06427376 0.09172785 0.07740032 0.05818399 0.11416733 0.06019823 0.05843867 0.06011424 0.06382459 0.07665008 0.06122703 0.06408060 0.07806583 0.04305563 0.06787442 0.07724781 0.08040885 0.05447426 0.08699422 0.05734470 0.06750421 0.06042437 0.06224147 0.07288053 0.03861795 0.04567960 0.08688548 0.03845202 0.04906111 0.07789479 0.06158400 0.05683887 0.05786114 0.05054754 0.08314974 0.07598503 0.05449295 0.04779564 0.08424941 0.06307466 0.08127629 0.06097893 0.05790114 0.05862664 0.06968535 0.06391566 0.04500417 0.06274807 0.05764898 0.07086571 0.05668618 0.07314332 0.05130774 0.05896960 0.06314489 0.06306500 0.07054108 0.05271370 0.04918761 0.06088212 0.07277291 0.05422281 0.04571917 0.06018702 0.05458038 0.07542214 0.09671357 0.05431943 0.04910934 0.06930387 0.04797724 0.06164855 0.06180957 0.06579679 0.07173232 0.07166023 0.05936248 0.05385388 0.06160552 0.06362250 0.05901738 0.07910871 0.07094055 0.06935491 0.07322985 0.07159482 0.05053894 0.05207770 0.06439439 0.08251280 0.05463959 0.07762315 0.06397487 0.04506035 0.06003366 0.04663058 0.06477646 0.05421664 0.05887077 0.07083559 0.08484369 0.05703417 0.04878574 
0.06720328 0.14022675 0.00000000 0.09282131 0.09403527 0.13112978 0.11637401 0.06891465 0.08338437 0.03516679 0.03509211 0.03406744 0.06818538 0.04978031 0.08961670 0.03799152 0.03557700 0.01834866 0.07755183 0.06165712 0.05271129 0.07673836 0.03489638 0.03739897 0.04296592 0.06783669 0.04556877 0.06464897 0.06424586 0.06184219 0.06581064 0.09057596 0.07654213 0.05086353 0.06056536 0.05296964 0.04838474 0.09070982 0.02418943 0.01633115 0.10047281 0.06550221 0.07215146 0.08979910 0.06815395 0.10703658 0.05897715 0.10608344 0.11570726 0.08912902 0.07014203 0.04378853 0.08448531 0.09009929 0.09119919 0.07286831 0.05308408 0.06164899 0.07804345 0.08536212 0.05384556 0.03814090 0.05212385 0.09834379 0.05863096 0.06731405 0.08410157 0.04815875 0.09111929 0.03624075 0.04899968 0.06454890 0.08973009 0.05101089 0.08897787 0.03623608 0.06328818 0.05299193 0.06931600 0.04882979 0.06144284 0.08255548 0.06261777 0.06708296 0.04801943 0.07141888 0.06220267 0.07882703 0.06600786 0.07713060 0.09002949 0.08212711 0.08664068 0.05726301 0.09244106 0.06273052 0.08117272 0.07875415 0.08213695 0.09294838 0.08319258 0.09612346 0.05223514 0.08152094 0.05877018 0.08607239 0.06386884 0.05996052 0.06205780 0.05412641 0.04642506 0.09482626 0.03239866 0.06231746 0.02887980 0.02474327 0.06230453 0.05458167 0.04326488 0.08551797 0.04831447 0.05469243 0.06706133 0.04433564 0.07178874 0.03396166 0.04289951 0.08405363 0.04728809 0.04944934 0.07332748 0.05500563 0.09363292 0.06278484 0.07201538 0.04703841 0.04818720 0.05211245 0.03573821 0.06475845 0.05340389 0.07039404 0.07389269 0.05320148 0.05973268 0.07869753 0.05933109 0.05457291 0.07700532 0.08021669 0.04833953 0.05961660 0.06453306 0.05366666 0.05801299 0.07514295 0.07856124 0.04754536 0.09540762 0.05015480 0.11732726 0.11276608 0.05273855 0.05346131 0.08127310 0.03766064 0.05627639 0.04555456 0.05307673 0.05826823 0.03654635 0.07737210 0.02338950 0.10342463 0.07085417 0.05787757 0.06137015 0.06799546 0.06037396 0.07070575 0.08056710 0.06157650 0.06103735 0.02523628 0.05430201 0.05508834 0.07710261 0.03150295 0.07538494 0.03864873 0.06671389 0.09691086 0.09390328 0.04301378 0.04100070 0.08857542 0.09650562 0.09663640 0.04897715 0.07751508 0.05035334 0.07275752 0.04324318 0.08876170 0.08428052 
0.07393617 0.08272296 0.09282131 0.00000000 0.10571936 0.09990451 0.07431016 0.19942120 0.08672376 0.04605519 0.05222675 0.06278905 0.02184529 0.07177921 0.05451495 0.07438771 0.06380096 0.02319556 0.07159409 0.05860918 0.08373188 0.05706175 0.07443890 0.06345990 0.04486365 0.06296201 0.13511041 0.07153464 0.07637315 0.07051764 0.08152917 0.07629442 0.06479788 0.04914636 0.07739602 0.04535437 0.04843002 0.08975260 0.04228005 0.06976969 0.10142563 0.07459473 0.08664742 0.08581063 0.08520023 0.07709994 0.04722724 0.06485690 0.04296036 0.05347360 0.06713101 0.07176445 0.08026444 0.06641850 0.07048463 0.08932569 0.05658730 0.04592655 0.07957686 0.03745016 0.05463502 0.06440619 0.07268560 0.05728919 0.07508521 0.07823849 0.05587115 0.06538658 0.05839414 0.08866316 0.04598996 0.06242017 0.05193110 0.07581331 0.06545692 0.10482521 0.05364163 0.05118765 0.06468890 0.04870428 0.08690665 0.12995408 0.05801943 0.07035238 0.06214098 0.06841446 0.08726761 0.09460510 0.04922708 0.06522917 0.07256143 0.04127414 0.08139330 0.07061276 0.08896877 0.07562447 0.06791623 0.02816161 0.08138332 0.07733698 0.07878779 0.06533430 0.05759952 0.05602795 0.04422696 0.03327516 0.08546427 0.05715504 0.05821194 0.05367371 0.04234176 0.05983338 0.05106275 0.02201015 0.06782903 0.07214023 0.02813101 0.06608533 0.07537651 0.07007575 0.04720005 0.04332616 0.05828896 0.03856393 0.03814111 0.05163449 0.08427605 0.07794136 0.05776469 0.04208611 0.05339244 0.02239113 0.07736543 0.05555073 0.07702061 0.06433306 0.05973937 0.04979036 0.08126928 0.07322338 0.07004469 0.05517621 0.08439973 0.07387749 0.06914325 0.07236109 0.07330988 0.03789760 0.09586493 0.05238398 0.04638318 0.04653519 0.05772480 0.08520537 0.07546836 0.08049297 0.08592919 0.05093081 0.04576825 0.08543701 0.05786684 0.04793589 0.05642285 0.05140619 0.06163827 0.06552162 0.09417652 0.02616748 0.04401769 0.09094724 0.04963152 0.06746282 0.07269100 0.07682721 0.04453110 0.06330106 0.06559567 0.06796792 0.09080157 0.03152098 0.07698249 0.03430456 0.10028057 0.03548136 0.07095786 0.02984473 0.06369788 0.06753244 0.08530154 0.06201477 0.02888326 0.06906557 0.07391768 0.06043903 0.08001743 0.07738183 0.06994046 0.03334339 0.09938150 0.05126584 0.04349992 0.08279484 0.03812062 0.07427754 0.06927306 
0.06902899 0.06946776 0.09403527 0.10571936 0.00000000 0.11289585 0.14291744 0.18445749 0.04159139 0.06597414 0.08656302 0.04114837 0.07299629 0.04904302 0.10815629 0.05631580 0.07218737 0.03637474 0.06677495 0.04181740 0.06968436 0.07583194 0.06698475 0.06064792 0.04726400 0.02590300 0.05603057 0.01535232 0.07548820 0.03497537 0.06274809 0.07243184 0.08446857 0.05017568 0.04991215 0.05494588 0.06163730 0.08861085 0.08292215 0.05245091 0.07169607 0.03474814 0.06172752 0.04319753 0.05443628 0.03958322 0.05751853 0.06268232 0.07545771 0.06512735 0.11135465 0.08283760 0.07496438 0.06484292 0.06331210 0.05738839 0.05688627 0.05906520 0.05285387 0.04577795 0.08441579 0.05043718 0.05857564 0.06514223 0.05739312 0.06283845 0.06417577 0.07573516 0.07330012 0.05273007 0.07091358 0.08692556 0.05859871 0.07077666 0.07935906 0.07024228 0.04713030 0.03383114 0.07850492 0.05305580 0.09114218 0.06286369 0.08502314 0.05654740 0.06966493 0.07479722 0.07471737 0.10175333 0.07497881 0.07365720 0.06488709 0.04217646 0.06099805 0.06380131 0.08487655 0.05742156 0.04060306 0.04336210 0.11789065 0.07216134 0.06616090 0.09253654 0.08295289 0.04448852 0.07441221 0.09102373 0.11390601 0.08710245 0.02995826 0.08153519 0.05224832 0.05986723 0.03985965 0.04567600 0.04335110 0.04959164 0.04136828 0.04781641 0.06345021 0.03568363 0.07328537 0.02400848 0.06342614 0.05024768 0.06441691 0.04632676 0.07255819 0.03536135 0.02632890 0.05537113 0.06262458 0.06637912 0.09038227 0.10180286 0.11573692 0.09156517 0.05659238 0.04631115 0.07265620 0.05326490 0.06643044 0.07421245 0.08408254 0.06696506 0.07864263 0.09297688 0.06352620 0.05659823 0.05891601 0.05030063 0.07618826 0.10860068 0.05812666 0.05750161 0.06642137 0.07532242 0.08238530 0.04096187 0.05731568 0.02405886 0.09051326 0.04899680 0.07631909 0.05079927 0.05100514 0.06083403 0.04558882 0.07680517 0.07265125 0.03993697 0.04308069 0.07189553 0.08806125 0.05928926 0.05028187 0.03840696 0.06022273 0.07815749 0.07403888 0.08118284 0.05293796 0.10273416 0.07466580 0.05066722 0.06073396 0.03880532 0.02662115 0.06175847 0.09804153 0.04668043 0.08019143 0.08573417 0.07888912 0.05436898 0.07579272 0.08613747 0.02535380 0.09293549 0.05973028 0.08051674 0.06728081 0.04581720 0.05463963 0.09208198 0.06787090 
0.06653485 0.07469244 0.13112978 0.09990451 0.11289585 0.00000000 0.10541953 0.04267548 0.10394504 0.05957709 0.06103994 0.08862437 0.08057252 0.09136771 0.07014479 0.06415244 0.08406494 0.07346145 0.03207673 0.03688512 0.07896920 0.04630840 0.06902237 0.04167390 0.06297649 0.08318532 0.07612138 0.06971821 0.07581210 0.04145861 0.06967733 0.06316169 0.09489974 0.11248891 0.07294174 0.10331225 0.04334555 0.09448024 0.09635273 0.08007068 0.05599722 0.03372654 0.07320963 0.06202561 0.08171660 0.10651449 0.03520491 0.08957500 0.08707814 0.06160591 0.05822301 0.07838073 0.07479848 0.08128108 0.05917483 0.04978256 0.07681336 0.03331120 0.07218277 0.09890441 0.05575279 0.06232004 0.04570205 0.04918078 0.04830186 0.09036230 0.05995129 0.05957492 0.06365567 0.04850283 0.07175820 0.07592796 0.08770516 0.06029540 0.06513841 0.04122224 0.06543966 0.07043213 0.06946591 0.07449064 0.07770587 0.07802170 0.08579516 0.06510878 0.02490786 0.05512788 0.06602093 0.03251912 0.08798649 0.05405635 0.08410339 0.06475701 0.06809233 0.06037220 0.09225305 0.06423534 0.03479632 0.07960256 0.07119589 0.07977593 0.09248425 0.08061130 0.03995475 0.08725723 0.06681381 0.07954082 0.04877607 0.06048428 0.05933372 0.04712512 0.07367282 0.07597717 0.03448316 0.04554898 0.03369205 0.03413011 0.05992522 0.09045560 0.03866442 0.04703777 0.08627862 0.07768261 0.07055394 0.07494960 0.04166624 0.09220973 0.05637323 0.07218851 0.05297472 0.08328251 0.04123612 0.06660550 0.05353476 0.06587279 0.07413758 0.03797703 0.06437042 0.04685815 0.04975285 0.07151031 0.07143038 0.07708082 0.06816450 0.06071489 0.06117726 0.07065828 0.04091772 0.08135064 0.07499201 0.04502682 0.06888904 0.06822699 0.02904757 0.04296341 0.05620297 0.05441456 0.06829382 0.03823425 0.06668928 0.04845425 0.06669070 0.04366425 0.08434731 0.05055032 0.05811292 0.04045145 0.06845066 0.06315991 0.03322741 0.08947198 0.07498543 0.04797305 0.04022132 0.06571648 0.05276690 0.06167864 0.06924098 0.06581626 0.05345750 0.08565071 0.05257103 0.06875857 0.08666319 0.05958556 0.06898545 0.07124807 0.08241357 0.05381151 0.06562636 0.04315593 0.04863579 0.07824053 0.05095072 0.04297448 0.04226486 0.07104272 0.07980330 0.09115434 0.04669862 0.07914488 0.08230683 0.05772185 0.04291923 0.09002311 0.09334403 
0.06511309 0.08441784 0.11637401 0.07431016 0.14291744 0.10541953 0.00000000 0.04851970 0.05827052 0.04159416 0.06950268 0.06401626 0.08101144 0.04886249 0.07281750 0.06054861 0.06193423 0.03295242 0.06231936 0.06452851 0.06707503 0.06154462 0.06116091 0.07823752 0.06895291 0.05559735 0.07439828 0.05211016 0.07716897 0.09534545 0.09278124 0.07915497 0.07646769 0.06285718 0.07337739 0.08927944 0.03595089 0.05066696 0.06638296 0.05291475 0.08764576 0.06347324 0.07967182 0.07388840 0.07064964 0.07754342 0.05464521 0.05205652 0.09128288 0.08115841 0.06416948 0.07503507 0.05421842 0.10776065 0.06366793 0.04457860 0.05003426 0.07825149 0.08764952 0.05568393 0.06939907 0.05398981 0.05414835 0.10341893 0.06223506 0.05351230 0.09929545 0.09594337 0.05844626 0.03683220 0.06231270 0.05482167 0.06665806 0.05998627 0.08429534 0.04156659 0.03356984 0.04424481 0.08116776 0.08825257 0.05389224 0.08397651 0.06161001 0.07799240 0.04430709 0.08178845 0.05857875 0.06695389 0.07846805 0.06156169 0.06030040 0.11024601 0.05395085 0.07797518 0.06290255 0.06308867 0.05335536 0.08279111 0.07891093 0.06949507 0.06189035 0.07644518 0.05691727 0.03629393 0.06546254 0.06471496 0.05629610 0.07676821 0.06442776 0.04765164 0.08513448 0.04935144 0.04060013 0.05598254 0.02158304 0.05163933 0.01761317 0.08469225 0.09073316 0.03903598 0.10121346 0.03954233 0.04510043 0.02064642 0.06836100 0.07901279 0.05992995 0.06735056 0.07720836 0.06813906 0.05602440 0.06748823 0.06461027 0.08546024 0.05279701 0.04678912 0.03715935 0.08461776 0.05242600 0.05516081 0.08704508 0.08260255 0.08987020 0.04394258 0.06507331 0.06620392 0.04607070 0.05031097 0.06965740 0.09688292 0.06808089 0.07872006 0.06551267 0.05195214 0.07120067 0.05324369 0.06664099 0.02958775 0.06647064 0.06604749 0.07016851 0.06798390 0.05957974 0.06915312 0.08342595 0.08676544 0.06783406 0.03248600 0.06812580 0.09879663 0.03290435 0.04761431 0.10895801 0.10042760 0.03676489 0.03423341 0.05806373 0.07370910 0.05704611 0.06079308 0.08252521 0.06065411 0.05403446 0.06581997 0.06834928 0.09325053 0.07872974 0.06232955 0.08486633 0.03601820 0.07379319 0.08018263 0.06471915 0.05531912 0.07309508 0.07786125 0.05438357 0.07287951 0.03868272 0.04364156 0.03794449 0.08991072 0.04486492 0.09477065 0.07016199 
0.06622997 0.09679230 0.06891465 0.19942120 0.18445749 0.04267548 0.04851970 0.00000000 0.06253099 0.10892493 0.07010365 0.06266755 0.11410835 0.05449744 0.06663983 0.07344653 0.08871740 0.05797150 0.03739438 0.05113359 0.06994284 0.06191353 0.05809534 0.08275265 0.07624643 0.06030353 0.05389814 0.07912245 0.04320502 0.06117593 0.08864740 0.09716131 0.05563079 0.06827949 0.09089310 0.09155368 0.06403739 0.08411746 0.03284818 0.05617523 0.03779059 0.05082094 0.05448832 0.07991975 0.07390838 0.03151616 0.06621087 0.05245615 0.05789254 0.06716872 0.09025276 0.08632630 0.05383840 0.08701375 0.02971565 0.06161010 0.05310542 0.06545599 0.07935446 0.04984416 0.08904057 0.04185583 0.07136372 0.04896873 0.10018718 0.06388316 0.09022736 0.07193175 0.08296687 0.06057122 0.01942609 0.06013059 0.04984118 0.03660509 0.03027314 0.07962510 0.06565284 0.08437682 0.11658095 0.03268896 0.03842058 0.07306869 0.08784715 0.05036135 0.10642740 0.07477977 0.05866564 0.07699730 0.09451262 0.06498384 0.06530109 0.04766571 0.03916098 0.09771221 0.04196175 0.04463249 0.12621612 0.06471964 0.06140847 0.04486214 0.06049319 0.04338717 0.09968751 0.08869864 0.07481245 0.06423671 0.05719111 0.05505034 0.04433043 0.10045762 0.05442127 0.04608153 0.06133182 0.05233021 0.07769952 0.08058604 0.05341121 0.03411010 0.06298819 0.03135673 0.04221714 0.07850804 0.12471913 0.05634849 0.03761980 0.04683636 0.03336155 0.05022527 0.05931327 0.09361026 0.08237213 0.04528217 0.06583948 0.07415668 0.05038997 0.08105630 0.06197509 0.02984299 0.05996776 0.08630608 0.08194139 0.07059727 0.03549644 0.04794734 0.05581121 0.06891224 0.05280243 0.06266825 0.05174369 0.06447842 0.05991984 0.09574298 0.07155701 0.08514863 0.09476217 0.09015976 0.05029031 0.07503471 0.05357335 0.06731628 0.05799957 0.06680256 0.05855241 0.05078097 0.04686264 0.07410823 0.10875129 0.05229258 0.07174190 0.02659191 0.06245616 0.06073648 0.05173557 0.06277277 0.04520992 0.06208434 0.04576108 0.05513609 0.07531446 0.05534714 0.06422665 0.05071442 0.07093335 0.08438983 0.08876469 0.07257002 0.06546548 0.07784272 0.07150785 0.06234611 0.05269133 0.05884252 0.03053229 0.06646817 0.07539007 0.04970740 0.04223604 0.04610121 0.07504947 0.06528397 0.05114521 0.04990427 0.07647442 0.09128862 0.08142469 
0.06649284 0.06725032 0.08338437 0.08672376 0.04159139 0.10394504 0.05827052 0.06253099 0.00000000 0.05299324 0.05845710 0.08714652 0.09109652 0.04694482 0.09614149 0.08285602 0.04948768 0.07273282 0.06822310 0.06984680 0.04726891 0.05104979 0.08718936 0.10606588 0.04249886 0.06975916 0.06672990 0.02909391 0.12166808 0.04975313 0.04530522 0.07545614 0.06429947 0.05620950 0.03425948 0.05186288 0.06341644 0.04157755 0.10168162 0.05004442 0.07132665 0.03254121 0.07339675 0.08078603 0.08069146 0.06290963 0.07160797 0.06358079 0.09942148 0.07317526 0.02860863 0.07295685 0.06100219 0.10566921 0.03597542 0.06328273 0.06382097 0.05300677 0.07616790 0.07682489 0.06214094 0.06580041 0.08991837 0.09188840 0.06649043 0.08630771 0.06280403 0.02459498 0.06157826 0.06724242 0.03187004 0.11809906 0.11334805 0.04539813 0.06275207 0.03476561 0.06341753 0.05441768 0.05871540 0.06232582 0.07800757 0.06612708 0.07552732 0.05191702 0.07869534 0.06752555 0.07101386 0.05926637 0.06186434 0.06277273 0.05307409 0.09152565 0.03227003 0.04651906 0.05113805 0.05773630 0.08574888 0.08048914 0.08783226 0.05490003 0.07274317 0.08236689 0.05854594 0.06294527 0.06400677 0.08391059 0.05399013 0.07445716 0.07440753 0.07281822 0.03996433 0.04485324 0.07270348 0.06362452 0.04147938 0.06248361 0.06664405 0.03478972 0.05587132 0.04417934 0.10970270 0.05694226 0.03550133 0.07015578 0.09886662 0.03920637 0.06948505 0.05569562 0.05013831 0.05063654 0.07495303 0.07952527 0.05727584 0.05464228 0.06800086 0.07567248 0.04209437 0.08878592 0.07085976 0.04563992 0.05855515 0.07030596 0.07814358 0.06150503 0.06009130 0.08139363 0.06098028 0.05810832 0.08456460 0.05914369 0.04209120 0.04020170 0.04979605 0.04669494 0.08818316 0.06283301 0.06242875 0.08748131 0.06402695 0.08605659 0.07516707 0.05945261 0.09531766 0.07408950 0.05566285 0.05971470 0.06797338 0.11236717 0.05234321 0.05944793 0.06637919 0.08482395 0.06891273 0.06150130 0.07174118 0.05718837 0.05116741 0.04448778 0.08213151 0.05034231 0.06053703 0.08590577 0.09410652 0.06744214 0.06154070 0.02117823 0.08123939 0.08211638 0.08114442 0.05252441 0.06481071 0.07579890 0.07316305 0.03191515 0.06970516 0.09451656 0.08693939 0.03747184 0.12043477 0.04750760 0.05963068 0.06068890 0.05665941 0.07172741 0.06348148 
0.06432514 0.07331147 0.03516679 0.04605519 0.06597414 0.05957709 0.04159416 0.10892493 0.05299324 0.00000000 0.09806109 0.07322205 0.12141884 0.18996160 0.06541657 0.05562988 0.17810841 0.17259170 0.07430939 0.03508225 0.18223357 0.08693686 0.10978577 0.11546209 0.13106126 0.12004349 0.06299273 0.08399384 0.03652318 0.09874879 0.10443981 0.04060862 0.04152399 0.08315077 0.06340819 0.03137757 0.10098687 0.09821804 0.09654178 0.14506916 0.07542553 0.12631678 0.03030452 0.07990043 0.04574335 0.01812486 0.06818386 0.04981979 0.07844554 0.09464246 0.03123807 0.03603371 0.05054876 0.02448021 0.06468981 0.04988993 0.06897600 0.06787071 0.02916432 0.04134004 0.05619306 0.03822628 0.06193017 0.06773233 0.07109305 0.06933639 0.04072223 0.07517303 0.04264683 0.06239102 0.06710036 0.03425270 0.03941659 0.03716923 0.06135370 0.06581605 0.03608868 0.09154618 0.06286223 0.05809770 0.04488734 0.03405459 0.04596153 0.04405581 0.06906216 0.05776352 0.04106281 0.04370106 0.04161949 0.04100156 0.06885750 0.05760271 0.06517810 0.06572063 0.04552929 0.04713794 0.03712604 0.03658838 0.06448205 0.04320433 0.05959558 0.07325039 0.04944095 0.02941639 0.06975444 0.05711758 0.06822003 0.04592444 0.07836044 0.07317286 0.05318612 0.04968664 0.06208370 0.06755019 0.06040453 0.09116704 0.10394841 0.09198787 0.07362980 0.09182874 0.06586478 0.11212130 0.04823883 0.05832197 0.07373097 0.04669809 0.02312704 0.02811371 0.12878841 0.04466851 0.04837940 0.05766662 0.06039678 0.03501905 0.04728971 0.04707128 0.05369201 0.08106238 0.09551503 0.08176762 0.05058633 0.10270225 0.06349351 0.04173618 0.06702608 0.05281048 0.07355229 0.08695126 0.07158171 0.05789260 0.07533121 0.05589808 0.07755255 0.05188862 0.07067208 0.03461215 0.04909965 0.06652739 0.08138358 0.03466510 0.07849827 0.06251028 0.09459958 0.07114528 0.04465852 0.08209991 0.06592413 0.06355556 0.05446502 0.05348087 0.07313015 0.05872182 0.05701202 0.05672199 0.04744302 0.06896609 0.05690748 0.05072762 0.05471820 0.05259619 0.03644799 0.08386366 0.06655066 0.09978688 0.06550982 0.04975345 0.06622334 0.06576358 0.05808443 0.06482715 0.04729351 0.05909275 0.04090462 0.06179641 0.05944275 0.05602717 0.04404005 0.05061851 0.05634746 0.07482680 0.04422537 0.11557104 0.08598151 0.04741589 0.04253500 
0.06170377 0.07116198 0.03509211 0.05222675 0.08656302 0.06103994 0.06950268 0.07010365 0.05845710 0.09806109 0.00000000 0.07859679 0.08297092 0.08523102 0.04249981 0.04862966 0.08063312 0.10124620 0.08440449 0.06574009 0.06422656 0.07067017 0.08797451 0.08130012 0.08159696 0.03095559 0.07175285 0.03628885 0.06443676 0.08079746 0.05863886 0.02701015 0.09365295 0.03525757 0.06949529 0.06736010 0.06602342 0.07820207 0.06227208 0.07872944 0.05771043 0.05170742 0.05359454 0.07198020 0.08525441 0.05424993 0.05491719 0.04808444 0.02870261 0.05462145 0.04237502 0.07329161 0.06118163 0.04764404 0.07001829 0.04998872 0.07856359 0.07759946 0.03610862 0.06446413 0.09017237 0.05929596 0.06049883 0.07062918 0.07383881 0.05402063 0.06909656 0.07419437 0.09619372 0.05780897 0.04749806 0.07551933 0.07305599 0.05571338 0.07437807 0.09818039 0.05351704 0.08296318 0.03041009 0.06729509 0.07058584 0.04433845 0.02630831 0.07759750 0.04795607 0.09355777 0.10083526 0.06047403 0.08561991 0.06850392 0.04599485 0.08863573 0.02836282 0.06406561 0.04543937 0.06872992 0.09474276 0.05641365 0.05981554 0.05062625 0.05711163 0.09248680 0.06945034 0.02839152 0.10700008 0.06374922 0.06148041 0.07754686 0.08886247 0.05430555 0.08221029 0.07981188 0.06898412 0.06638039 0.05040615 0.06257044 0.05223534 0.09533480 0.03785841 0.05204363 0.09850931 0.10006594 0.05025992 0.05236895 0.03924065 0.05011368 0.06799873 0.07895567 0.05049689 0.10492397 0.10895875 0.06635454 0.08985809 0.03937367 0.06264618 0.04461361 0.05997985 0.07637909 0.05385374 0.04857819 0.04501182 0.06459299 0.09070375 0.04870250 0.05445945 0.07592675 0.05273525 0.06927804 0.05141513 0.08428271 0.10506266 0.09961569 0.05382333 0.09277226 0.03199243 0.05867524 0.05777218 0.07898686 0.07123621 0.06580654 0.10707843 0.06739532 0.05940350 0.04907086 0.05439225 0.04725363 0.08263596 0.08950768 0.10468030 0.04832541 0.04413196 0.04579472 0.04319450 0.08026196 0.06539218 0.04212657 0.06495301 0.06243862 0.07404634 0.05714321 0.06070876 0.05953747 0.04546063 0.08302364 0.04059239 0.07357635 0.02357488 0.08280053 0.01954752 0.07395016 0.04760760 0.08068795 0.07103401 0.05468153 0.10896333 0.03051857 0.07567131 0.01983367 0.11268448 0.07547486 0.06854159 0.12418202 0.07806687 0.09155317 0.06760291 
0.06494781 0.07385525 0.03406744 0.06278905 0.04114837 0.08862437 0.06401626 0.06266755 0.08714652 0.07322205 0.07859679 0.00000000 0.06534111 0.06527716 0.06947209 0.08893092 0.09382597 0.05964590 0.04063554 0.01098968 0.07347120 0.06336401 0.06256018 0.08438128 0.06695086 0.04654233 0.07945082 0.07203563 0.04797063 0.03844914 0.09841932 0.03423640 0.06669921 0.06191792 0.07834027 0.03253119 0.06799711 0.04155240 0.09645270 0.06105679 0.01853526 0.08533504 0.06674672 0.06115746 0.09148731 0.06168611 0.05716452 0.06622009 0.06080643 0.08676981 0.04061167 0.06445552 0.09542465 0.06366780 0.09481867 0.06820323 0.07914793 0.06940610 0.07056249 0.06656567 0.09309026 0.04051038 0.02566154 0.03464508 0.05588650 0.04148385 0.08611744 0.05601832 0.06539525 0.07716860 0.04743847 0.06399046 0.08442512 0.04131402 0.07878162 0.07062514 0.05797622 0.04045120 0.07357038 0.06451625 0.06000909 0.08279321 0.04200455 0.02959555 0.08965130 0.05868599 0.06740492 0.08329160 0.05107282 0.01352094 0.06903768 0.06375309 0.05376594 0.06239454 0.07380423 0.07004212 0.08418296 0.05487202 0.03563557 0.05441620 0.07583941 0.03848432 0.07263373 0.05690217 0.08050838 0.04951862 0.08388256 0.06714669 0.04732209 0.11740570 0.03594619 0.05365164 0.06408589 0.06818336 0.06123689 0.05821667 0.04976779 0.08241564 0.06546330 0.04674773 0.07731612 0.07018856 0.03904947 0.08366987 0.09168366 0.09604902 0.04446140 0.05609064 0.07827395 0.06976766 0.06344648 0.08106446 0.08729442 0.06273685 0.06392122 0.06717528 0.05552367 0.03878699 0.07169204 0.07929307 0.04189182 0.05468597 0.05501460 0.06096423 0.05074974 0.09259900 0.07173518 0.07597583 0.05155783 0.06565037 0.05833991 0.07737445 0.06507894 0.03933331 0.03679474 0.06513878 0.05774922 0.07641538 0.04748110 0.07022117 0.04250113 0.05669843 0.06108962 0.06145724 0.07991198 0.04925260 0.09941298 0.06172582 0.09625236 0.05540911 0.08829612 0.04974361 0.06404486 0.05279143 0.07718275 0.06808838 0.07325343 0.06805449 0.04564903 0.05613049 0.03796737 0.06159679 0.05667901 0.11254315 0.08064076 0.06521681 0.10572918 0.10642337 0.06618746 0.07935932 0.06612168 0.09416672 0.07673343 0.05726173 0.05121174 0.08669838 0.08307627 0.08001512 0.07724396 0.07559397 0.09117032 0.10398519 0.08803880 0.05411174 0.05775515 
0.05778953 0.05684927 0.06818538 0.02184529 0.07299629 0.08057252 0.08101144 0.11410835 0.09109652 0.12141884 0.08297092 0.06534111 0.00000000 0.11730820 0.03390643 0.05771202 0.09367164 0.10254338 0.08433849 0.05459625 0.10202774 0.10208874 0.07053327 0.06134547 0.08909887 0.07485707 0.07277044 0.09186471 0.02858104 0.04904647 0.10539976 0.07101272 0.06624535 0.05637113 0.08423272 0.06924156 0.10074088 0.08206223 0.07376321 0.07428058 0.09347303 0.06806240 0.03847065 0.08326296 0.04061766 0.05678878 0.06134301 0.05232722 0.08098599 0.04489156 0.05897812 0.06083432 0.05641539 0.07906107 0.05720608 0.05661914 0.07178147 0.07003700 0.04081676 0.08193248 0.06615699 0.06960601 0.06929326 0.04082534 0.04521372 0.07556615 0.03730152 0.04608239 0.04999320 0.06794308 0.08252358 0.07135363 0.03562544 0.06400805 0.04992322 0.06067342 0.05371182 0.07537353 0.03874044 0.02737773 0.06383438 0.01653107 0.05681108 0.05854073 0.05826922 0.04476376 0.05076682 0.08551209 0.05457420 0.05799110 0.06776728 0.06938686 0.04369174 0.05272490 0.06113661 0.07379576 0.04909847 0.04987706 0.10684740 0.06324249 0.07295414 0.09481046 0.06532757 0.06212709 0.06032881 0.08811657 0.06694406 0.07257499 0.07688526 0.08373647 0.04483574 0.05248746 0.06234071 0.03944757 0.05701646 0.07089923 0.10159027 0.06183578 0.07422874 0.09136448 0.08002549 0.07232420 0.09262603 0.03550491 0.08350506 0.07715480 0.06550985 0.05342319 0.06196124 0.09354071 0.06394097 0.05875930 0.03805726 0.04262947 0.09148225 0.07835652 0.09204923 0.07976100 0.08072880 0.03995590 0.04326829 0.06499650 0.06226158 0.09200458 0.06368255 0.07511301 0.07852057 0.06275818 0.05907118 0.04285805 0.05639524 0.05711149 0.06330978 0.06519325 0.04883919 0.08076910 0.04982389 0.06423255 0.05788495 0.04243326 0.05223564 0.05661666 0.08003002 0.05792110 0.06475815 0.04186292 0.06221283 0.04166803 0.04294945 0.06243139 0.07471188 0.05570703 0.07336044 0.07850801 0.07162139 0.05038482 0.05346735 0.05932229 0.05388512 0.07574469 0.07274494 0.04525872 0.05711579 0.07141237 0.06224676 0.05954671 0.03620770 0.06917507 0.10855641 0.06537939 0.05470185 0.06199728 0.06011625 0.06855274 0.08511834 0.07360850 0.09298177 0.07470004 0.04358371 0.07508533 0.08284272 0.05770173 0.08457613 0.06642650 0.05302757 
0.06329378 0.07798480 0.04978031 0.07177921 0.04904302 0.09136771 0.04886249 0.05449744 0.04694482 0.18996160 0.08523102 0.06527716 0.11730820 0.00000000 0.06990595 0.06354343 0.21873151 0.22573639 0.08447462 0.06314853 0.19437226 0.08269802 0.08942283 0.09689833 0.12767307 0.07992243 0.07229730 0.13994781 0.05306477 0.06530137 0.09964397 0.03046490 0.07308868 0.09071257 0.11455978 0.07519348 0.12700009 0.08268991 0.10303565 0.14425391 0.03345125 0.08806338 0.05634496 0.07949438 0.05453029 0.04224386 0.07133022 0.06354067 0.05733994 0.06020999 0.03954013 0.04779161 0.06921382 0.03674765 0.04844938 0.05406396 0.03341356 0.06119761 0.02577130 0.04005681 0.05853804 0.04646420 0.04495740 0.07554226 0.04008268 0.06028629 0.04575797 0.05576080 0.07777072 0.05082482 0.07376472 0.04928213 0.05603329 0.05333537 0.05731463 0.05448869 0.05891961 0.05422194 0.05986110 0.05093990 0.06062796 0.06090499 0.07136979 0.05200611 0.06079638 0.05020042 0.04438872 0.05562811 0.05527641 0.04528364 0.06384074 0.03795573 0.03586661 0.04981441 0.04395663 0.05396472 0.04195176 0.03208785 0.04162847 0.05912309 0.04490548 0.06210612 0.04123170 0.04581473 0.06016917 0.06237922 0.06913381 0.05446814 0.07341808 0.05448460 0.05528624 0.07792196 0.06921377 0.08308458 0.08118685 0.09771881 0.06677338 0.07607543 0.05801178 0.05621079 0.07103620 0.08350463 0.05430038 0.05765910 0.09760741 0.05494498 0.04512083 0.05578654 0.12554921 0.08588893 0.05444948 0.09048690 0.06111700 0.05410080 0.04843124 0.07230832 0.07071834 0.07870871 0.08733005 0.06366777 0.06900654 0.05907682 0.07144301 0.06348960 0.09656834 0.04580162 0.07608085 0.03994778 0.07024205 0.04799284 0.05750215 0.04679875 0.04237627 0.02535375 0.04224584 0.03905661 0.04279263 0.02893122 0.05535738 0.05363850 0.04698424 0.03681017 0.04588206 0.07527537 0.04388990 0.05209077 0.04700436 0.04638265 0.05651803 0.06641781 0.06622578 0.03881169 0.05005547 0.05352806 0.05898029 0.07082606 0.05619332 0.04856387 0.03774764 0.04583290 0.03511071 0.07702681 0.06462091 0.11675141 0.05512911 0.07330571 0.07498550 0.06619094 0.05700849 0.06509730 0.05067295 0.05889784 0.04742544 0.10228734 0.06220510 0.06748237 0.04426123 0.07823856 0.06036608 0.05995275 0.05742299 0.07059735 0.06437559 0.05936374 0.03707869 
0.07160488 0.06422524 0.08961670 0.05451495 0.10815629 0.07014479 0.07281750 0.06663983 0.09614149 0.06541657 0.04249981 0.06947209 0.03390643 0.06990595 0.00000000 0.10086398 0.04406816 0.04770231 0.08789739 0.07918985 0.05918186 0.07000596 0.09639730 0.04098285 0.06558024 0.06361142 0.08683040 0.06927819 0.08513816 0.10305824 0.07441015 0.05036475 0.07168381 0.05504876 0.06770409 0.04465314 0.04901377 0.05009975 0.10674751 0.08445029 0.07198131 0.03806208 0.08031114 0.06173017 0.06624632 0.08185317 0.04508397 0.09512776 0.02997637 0.03603261 0.08492669 0.05180575 0.06723695 0.05651012 0.10376561 0.07783391 0.08516218 0.07861885 0.05780740 0.05347378 0.04813028 0.08073686 0.11680207 0.06695478 0.08406561 0.06351620 0.12327762 0.06645226 0.06340835 0.04128227 0.07921712 0.05622563 0.07632522 0.06056147 0.07429053 0.08747708 0.07358683 0.06070798 0.04083494 0.05163691 0.03789320 0.08475306 0.06875919 0.06305681 0.02912999 0.06548728 0.08031203 0.01743460 0.06499387 0.04050804 0.07163627 0.03635283 0.03895528 0.10038375 0.07799994 0.05814292 0.06208174 0.08025693 0.09207441 0.06318638 0.07928389 0.03723731 0.09875628 0.02936374 0.02428378 0.05925872 0.07016207 0.06415796 0.08207305 0.04973014 0.09225707 0.02488080 0.05702688 0.03573955 0.05466002 0.09483414 0.04263990 0.05746447 0.04064233 0.11415293 0.05063938 0.07064928 0.07143955 0.04968560 0.06701863 0.07873203 0.05978051 0.09935894 0.06277644 0.05545496 0.08927926 0.05432501 0.05462037 0.04755459 0.06373930 0.06922063 0.08841493 0.07210300 0.11186107 0.04748157 0.05749532 0.03065707 0.06654543 0.02620289 0.05485109 0.08341976 0.07340052 0.07180442 0.04091019 0.05489300 0.10655224 0.06268036 0.05620731 0.03902161 0.05545073 0.09016310 0.07487450 0.06275095 0.05120286 0.10622781 0.10807842 0.06705288 0.02950789 0.06722051 0.04083750 0.10275537 0.03971026 0.02505301 0.02467360 0.07017929 0.05667085 0.07204721 0.05422657 0.03507440 0.05044463 0.08245612 0.06590040 0.06353337 0.08314947 0.05479207 0.04489373 0.06759554 0.06543441 0.07122833 0.03971334 0.10319437 0.05512889 0.06561977 0.08812155 0.01601327 0.05681819 0.07772143 0.05603231 0.09627450 0.08903289 0.06154376 0.07669919 0.04915682 0.04662044 0.08158205 0.05417274 0.07834679 0.06819903 0.09965337 0.07373148 
0.05795653 0.05891920 0.03799152 0.07438771 0.05631580 0.06415244 0.06054861 0.07344653 0.08285602 0.05562988 0.04862966 0.08893092 0.05771202 0.06354343 0.10086398 0.00000000 0.05003467 0.05827860 0.10310550 0.07969962 0.05496708 0.09473417 0.06348279 0.03205470 0.12264411 0.09639662 0.06501422 0.03066561 0.05095099 0.07156005 0.04814788 0.05452845 0.05665783 0.09006928 0.04293778 0.06670993 0.06309506 0.03980491 0.04403697 0.06314243 0.07224109 0.09519991 0.03897192 0.04951051 0.05817953 0.05825809 0.05638152 0.06670127 0.04922091 0.04094712 0.04033933 0.08049203 0.04939266 0.03467420 0.08528544 0.06206385 0.06991335 0.05870888 0.05858259 0.05787751 0.09347526 0.06543909 0.06971271 0.05837733 0.07321338 0.06724472 0.07578603 0.04388111 0.05414990 0.07648611 0.09510001 0.09091094 0.06322704 0.07542071 0.07211058 0.04909827 0.08944796 0.08531598 0.07527756 0.08791245 0.03666189 0.02557435 0.02990492 0.06434286 0.06913798 0.03557473 0.03747179 0.03787918 0.05388627 0.04565916 0.05186295 0.08305487 0.07952368 0.04918028 0.04422055 0.06445659 0.05909591 0.07034646 0.04486893 0.06056676 0.05894583 0.04114675 0.10021165 0.07493802 0.09792668 0.08892324 0.06984694 0.06857036 0.08127320 0.06806914 0.10698931 0.04531004 0.06515610 0.06860969 0.07328463 0.05237466 0.04727882 0.07740893 0.06678731 0.09811094 0.09962570 0.13279089 0.06386825 0.09809982 0.06056772 0.09069188 0.07984401 0.07277563 0.07643481 0.06380630 0.05191502 0.09339545 0.06172543 0.03846866 0.06421266 0.08492420 0.06558315 0.05181267 0.07813478 0.06991857 0.05406605 0.09096045 0.10374195 0.07571900 0.11365131 0.04533120 0.04246065 0.06722417 0.07629445 0.06692734 0.03478338 0.05886728 0.07012313 0.06013264 0.04616292 0.05679824 0.05820134 0.07882086 0.04940254 0.07480323 0.04350982 0.06834822 0.06465286 0.08234037 0.05988067 0.04172466 0.03808734 0.04332677 0.11037498 0.07579196 0.08247418 0.04436931 0.07908968 0.05520716 0.07590405 0.07645213 0.07517310 0.06947288 0.10283099 0.03864980 0.05054969 0.05505095 0.06805648 0.06018358 0.06012249 0.06122740 0.07523184 0.08539323 0.08028000 0.07023994 0.09994786 0.05991576 0.05126859 0.05641749 0.04488792 0.05289864 0.07692692 0.07057704 0.07384469 0.05550509 0.07212993 0.07535886 0.09814158 0.03614340 0.03463165 
0.06229674 0.07128313 0.03557700 0.06380096 0.07218737 0.08406494 0.06193423 0.08871740 0.04948768 0.17810841 0.08063312 0.09382597 0.09367164 0.21873151 0.04406816 0.05003467 0.00000000 0.22194418 0.07720301 0.08051344 0.20063736 0.08365855 0.10516212 0.09041148 0.09268064 0.06874037 0.07009370 0.09800563 0.05179978 0.03435941 0.10328327 0.08720990 0.04650593 0.09210847 0.12530867 0.10628459 0.11611592 0.07405026 0.11652471 0.21916531 0.05162945 0.09104368 0.04095506 0.08111783 0.05587188 0.04257878 0.03921025 0.05476649 0.05843224 0.07167960 0.04204623 0.04578897 0.04378623 0.04326329 0.05331322 0.04227946 0.02983068 0.04273815 0.02518982 0.05564432 0.05054663 0.05843298 0.06757187 0.09486546 0.05682243 0.10171909 0.04333574 0.07295761 0.05278737 0.05042580 0.09459044 0.04270549 0.03750825 0.04432841 0.05499879 0.09101541 0.06152516 0.04960999 0.05282383 0.01746244 0.04570472 0.03780863 0.05202161 0.04132958 0.06410856 0.06350300 0.07215516 0.06286575 0.03637439 0.07381990 0.05900208 0.04467714 0.03314836 0.04767350 0.02802995 0.05590387 0.03175019 0.03749924 0.02621242 0.05329384 0.04922494 0.04851644 0.07850235 0.04510061 0.05418579 0.04708368 0.07123033 0.06409410 0.06235435 0.05885954 0.02775170 0.05907154 0.04905060 0.08779302 0.08269459 0.10601380 0.06621440 0.07855808 0.05317478 0.07543033 0.05021335 0.05492242 0.07464918 0.07639312 0.08746557 0.08398777 0.05339016 0.06671055 0.10441135 0.07412015 0.05286136 0.06830374 0.05813876 0.03883376 0.04524678 0.10080920 0.03796711 0.05818079 0.10560138 0.04475830 0.08714890 0.06936646 0.05393478 0.10477478 0.07037581 0.06713727 0.04610250 0.07192178 0.05158332 0.05345316 0.06097359 0.06502198 0.04699506 0.04018986 0.03828759 0.05713984 0.04138598 0.02355526 0.04993843 0.04106681 0.04201180 0.05462695 0.06269859 0.06412093 0.04568747 0.05644100 0.07347700 0.05601442 0.06692027 0.06026825 0.08502201 0.03686312 0.06023817 0.06906251 0.04330663 0.09170595 0.06095055 0.06331248 0.03814778 0.05117686 0.04203527 0.08469273 0.05790820 0.11089883 0.06909573 0.05321885 0.06784237 0.06520801 0.07434173 0.05591029 0.04885833 0.04509254 0.06675426 0.05438759 0.05322237 0.07206396 0.06104446 0.04873827 0.03425726 0.04950047 0.06664705 0.08206123 0.05793494 0.05381885 0.05373084 
