0.00000000 0.11480618 0.09364115 0.12837662 0.13558584 0.12027661 0.12558621 0.12585081 0.09223364 0.09240536 0.10838057 0.12678428 0.10604526 0.08682095 0.08959437 0.08049486 0.10395586 0.06304233 0.07569362 0.07345192 0.08706904 0.09744095 0.10147941 0.08587146 0.09373562 0.06412759 0.06235958 0.07667422 0.08445356 0.06403451 0.07573725 0.05222966 0.07228314 0.07824928 0.05239473 0.07058388 0.07521899 0.06554475 0.06749250 0.08881877 0.06845511 0.08155306 0.07421327 0.07079793 0.08344068 0.07909376 0.07712938 0.09165005 0.08841895 0.07990965 0.07146195 0.07445504 0.07572274 0.07851982 0.07464231 0.08262807 0.09019907 0.07510852 0.07338062 0.08674345 0.08956603 0.07708548 0.08345572 0.06666798 0.08753063 0.07562950 0.06422506 0.08461656 0.06136314 0.07177742 0.08770614 0.08776482 0.06168660 0.05947318 0.07674477 0.06232578 0.05515881 0.07473278 0.09370704 0.06473115 0.10699387 0.07047137 0.07287239 0.09782124 0.06016161 0.09952302 0.07915900 0.08763946 0.06530025 0.08276368 0.08060293 0.05987752 0.08779814 0.08684644 0.05930302 0.09888400 0.08137403 0.06216090 0.09272673 0.06281723 0.06349896 0.04790770 0.07697203 0.07402873 0.10326102 0.10367201 0.10762959 0.10879917 0.08554629 0.07472005 0.08478336 0.06553827 0.07896328 0.07668020 0.06812845 0.08010289 0.07568002 0.08117171 0.09023978 0.07448243 0.08750902 0.07684082 0.09027013 0.07520744 0.07948795 0.07504028 0.06296744 0.05443784 0.07462804 0.08638140 0.08795472 0.09485489 0.07602778 0.10217726 0.09241040 0.08488558 0.05690316 0.08226365 0.09492008 0.06956605 0.11345497 0.06269216 0.07032699 0.08858210 0.06797462 0.07104719 0.09140416 0.06699643 0.08455049 0.06301730 0.06288992 0.09400944 0.07319360 0.08864758 0.08272179 0.09150576 0.10337469 0.10717009 0.10787088 0.11528014 0.08483712 
0.11480618 0.00000000 0.10378854 0.09986227 0.11066286 0.10799763 0.11508093 0.11471050 0.10362232 0.10478769 0.10504014 0.10513251 0.10073787 0.10550238 0.09946697 0.09912396 0.07769375 0.07872629 0.09808918 0.10439649 0.07848149 0.09671712 0.09197407 0.09164017 0.08911468 0.08392091 0.08057145 0.10092866 0.08044566 0.09510169 0.07301515 0.06184669 0.08941223 0.07907847 0.06687758 0.08750575 0.09464390 0.08712209 0.06846264 0.08980000 0.07762058 0.10925064 0.07507546 0.08369320 0.06790622 0.09008045 0.08059902 0.07887181 0.07130427 0.07676335 0.07396547 0.07514473 0.08489779 0.06739802 0.08690662 0.06860481 0.07829640 0.06574552 0.08150831 0.10070594 0.07064892 0.07665366 0.06839413 0.07139345 0.06741847 0.08274975 0.06618795 0.09783169 0.08291925 0.06607533 0.06919236 0.06403446 0.07082208 0.08365618 0.07840059 0.06998536 0.07093305 0.09457450 0.07966925 0.06437834 0.09694823 0.07204392 0.07290704 0.09801913 0.06954764 0.09349743 0.11052398 0.08624122 0.07306543 0.07322351 0.09913865 0.07006249 0.08476351 0.09495193 0.09110298 0.07664562 0.10222317 0.08118730 0.08387108 0.07359280 0.08007547 0.06428004 0.07091894 0.09047989 0.08438574 0.08737379 0.09897916 0.09778746 0.07340272 0.07171114 0.07607383 0.06735335 0.06493736 0.07220666 0.07041813 0.07496187 0.06846433 0.07064052 0.07768345 0.07446536 0.06645011 0.06014101 0.07269199 0.07355134 0.07447962 0.06131752 0.06651774 0.06950958 0.07738973 0.07021264 0.07984217 0.08806912 0.07127034 0.06487295 0.08545400 0.06813822 0.06025121 0.06408371 0.07874018 0.08300383 0.07795702 0.08183489 0.06625793 0.07929490 0.08153104 0.07007403 0.09783092 0.07529222 0.06928399 0.07082203 0.08004628 0.09211937 0.07132699 0.07488222 0.08698605 0.08395547 0.10269445 0.08743204 0.09225515 0.10273861 0.08377903 
0.09364115 0.10378854 0.00000000 0.16320664 0.12904963 0.17141887 0.18116804 0.17232654 0.17654407 0.16240655 0.15851125 0.15540000 0.13783347 0.16020562 0.12850687 0.08791593 0.09438784 0.11246088 0.13855715 0.12076315 0.14632244 0.11572831 0.06079889 0.10187177 0.04453391 0.10814795 0.08505050 0.02745671 0.09315399 0.09199128 0.10450930 0.05152132 0.11519082 0.09526794 0.05015951 0.10637111 0.09483393 0.11954182 0.10398047 0.08999649 0.08165160 0.10159129 0.06130648 0.04579550 0.07864026 0.11432793 0.06484008 0.10943149 0.04869373 0.05266620 0.11670557 0.06735841 0.06973492 0.09007958 0.08670051 0.07155051 0.07696052 0.10626337 0.07431630 0.08322106 0.07857793 0.05571226 0.07606141 0.08654354 0.06328698 0.11492679 0.08066762 0.09078791 0.03731221 0.14915723 0.08114995 0.08596971 0.09468116 0.08193786 0.08483938 0.07659839 0.07549777 0.05741774 0.10228910 0.08655789 0.05780516 0.08701230 0.08185432 0.05331611 0.03191915 0.06321391 0.07676711 0.04671070 0.05834473 0.09156524 0.04290158 0.07891823 0.07645382 0.05135788 0.08940138 0.06720100 0.10708355 0.09123129 0.11472095 0.09954743 0.09756219 0.07349628 0.07463316 0.06204614 0.02202355 0.03141341 0.04800595 0.04047037 0.12210040 0.08884513 0.09700405 0.10106341 0.08309112 0.10960686 0.10690017 0.09074866 0.07541608 0.07619677 0.07938148 0.08483993 0.08109330 0.09245664 0.09449051 0.06681827 0.05653194 0.07460442 0.06450155 0.07559753 0.07543811 0.09130258 0.06777755 0.07316410 0.07231083 0.07568682 0.05018164 0.10133842 0.10516983 0.05971123 0.09270928 0.07984876 0.03507056 0.04330144 0.05746278 0.03208902 0.02485647 0.02700680 0.03490984 0.04887235 0.02195422 0.04320104 0.04460125 0.03969743 0.03734270 0.04015595 0.03821043 0.06161941 0.04008995 0.02198081 0.04005037 0.06973406 0.07819157 
0.12837662 0.09986227 0.16320664 0.00000000 0.15455076 0.16959884 0.17523539 0.17637970 0.17520031 0.14723541 0.15736400 0.17235891 0.13506307 0.13305901 0.12979890 0.09238839 0.10675221 0.09096756 0.14972447 0.08557824 0.11254124 0.11901837 0.07495399 0.09760928 0.06864425 0.07183242 0.09366419 0.04098024 0.07650172 0.07308813 0.06695951 0.03173557 0.11252292 0.09779652 0.04430534 0.08578534 0.08628498 0.05593736 0.10738031 0.06687630 0.08736758 0.04378537 0.05719093 0.05869963 0.07452864 0.08355078 0.06665056 0.06126313 0.06091930 0.07400265 0.07091475 0.07022698 0.09097490 0.07096842 0.07880445 0.10269216 0.07008180 0.10512019 0.11074428 0.08521717 0.10221350 0.05775701 0.08729462 0.09794309 0.09021015 0.09941211 0.09150654 0.07478605 0.03275839 0.10781984 0.06307507 0.07234263 0.06708904 0.01616435 0.10152892 0.05181693 0.07445729 0.08272192 0.10058889 0.08016105 0.07075292 0.09578095 0.07769578 0.07353880 0.03871792 0.07827948 0.09349173 0.06495661 0.04729721 0.08574986 0.04108406 0.07250829 0.09090850 0.05359321 0.05725652 0.12471306 0.05860177 0.08275077 0.12503704 0.06972754 0.08631055 0.07777703 0.08217915 0.07240112 0.06097243 0.04742107 0.06106552 0.05876966 0.11887126 0.10999434 0.08566075 0.08002663 0.07587874 0.12377907 0.10315489 0.06669826 0.07721702 0.10553350 0.07560303 0.07522894 0.07193481 0.09525178 0.07201917 0.07600493 0.06924324 0.10455223 0.07596885 0.02560361 0.05828517 0.07011588 0.12406192 0.09768584 0.08902548 0.09134465 0.08085456 0.08415219 0.09301367 0.05596869 0.09012269 0.06276982 0.04762357 0.05018802 0.06179368 0.05836538 0.03836902 0.02814503 0.05169708 0.03786723 0.05274043 0.04009898 0.04380999 0.06398075 0.03825105 0.04745369 0.03521333 0.05956469 0.05507290 0.06938713 0.08610954 0.09891109 0.07868423 
0.13558584 0.11066286 0.12904963 0.15455076 0.00000000 0.13529614 0.14576703 0.14147010 0.12286645 0.12429769 0.11259667 0.11429054 0.12838599 0.10269510 0.08353486 0.08740788 0.12037935 0.09520279 0.11381141 0.06843143 0.09234596 0.10361900 0.08421985 0.10050814 0.09415745 0.06398810 0.09244805 0.08792855 0.07060357 0.06132852 0.09022073 0.08524333 0.07910039 0.08667385 0.05755781 0.08925233 0.07099003 0.07479254 0.11301351 0.09072303 0.08650666 0.08219868 0.09827769 0.09013913 0.07621190 0.08742620 0.08035569 0.07727531 0.09849770 0.06881585 0.07205471 0.07135164 0.06097900 0.05868831 0.06721300 0.07880098 0.06913471 0.07762857 0.07704305 0.09662450 0.07298840 0.08490045 0.11984080 0.07508139 0.05962365 0.08209679 0.06946256 0.06779020 0.06700568 0.09955275 0.07018669 0.08300494 0.06853481 0.10448572 0.07716805 0.10797778 0.05157280 0.07231289 0.07577143 0.07942562 0.08526105 0.06547341 0.09365121 0.09649446 0.07593416 0.10388567 0.09082043 0.08213624 0.06985319 0.07756529 0.07123966 0.07389104 0.08696879 0.07451518 0.07357447 0.09068114 0.06552580 0.05624930 0.10400707 0.06551873 0.06264307 0.06053441 0.08638504 0.05762240 0.07701767 0.06477951 0.07888936 0.07554915 0.08694607 0.06606630 0.06362437 0.05870233 0.06749106 0.08569570 0.07577442 0.09949853 0.06493511 0.08636044 0.06811640 0.07706528 0.07013609 0.06678375 0.06299586 0.06376828 0.09208742 0.06701344 0.11206199 0.05848003 0.07090024 0.07818178 0.06959697 0.08315723 0.07042223 0.09131652 0.06584077 0.07260852 0.06628348 0.09461944 0.08420606 0.08742691 0.06297811 0.05898287 0.05300503 0.06495031 0.06137812 0.05326691 0.05723155 0.06433957 0.07350147 0.07894321 0.05984182 0.06682007 0.07075896 0.07838223 0.05830075 0.07519497 0.07908610 0.07652763 0.09652676 0.10615736 0.08118911 
0.12027661 0.10799763 0.17141887 0.16959884 0.13529614 0.00000000 0.21339045 0.17333857 0.16550704 0.18853553 0.18376025 0.19022543 0.17313251 0.16905093 0.13017906 0.10587983 0.12253075 0.09264928 0.12549315 0.09149519 0.09514187 0.10899905 0.07397737 0.11503876 0.03732433 0.08434465 0.07637432 0.01222409 0.10686037 0.06228421 0.09434447 0.01884673 0.11574305 0.09580067 0.03311211 0.11098757 0.08253346 0.09227768 0.11559137 0.05295672 0.07449642 0.08436090 0.04982928 0.01767481 0.10802613 0.10824023 0.05343014 0.10197296 0.05169526 0.05958244 0.11530756 0.09503979 0.09862825 0.09677655 0.07756429 0.07360710 0.08415863 0.10648752 0.08432518 0.08039748 0.11039614 0.12162213 0.11678098 0.07688901 0.09342578 0.10096826 0.07974120 0.09394553 0.02007492 0.11116131 0.08599256 0.09272288 0.07811659 0.02278550 0.07689797 0.05218234 0.05691357 0.05387490 0.10491308 0.09187866 0.06578139 0.06927506 0.09368533 0.04795639 0.00391849 0.08191491 0.06145171 0.06641834 0.05532859 0.10086480 0.01107579 0.09579680 0.11119864 0.02770324 0.09776860 0.10725884 0.09280616 0.09527978 0.10214213 0.09195587 0.08481890 0.09189295 0.09111443 0.05304929 0.02845722 0.02881634 0.05458012 0.04636922 0.13200722 0.10431387 0.11640276 0.08701236 0.09176664 0.10594282 0.11241939 0.09700718 0.11881686 0.08889748 0.07477808 0.08284859 0.08441887 0.10261831 0.08297804 0.08236895 0.08158118 0.10439714 0.06788800 0.01852355 0.07752743 0.09064450 0.10216438 0.08428899 0.10846800 0.09416503 0.06406548 0.09551871 0.07003673 0.05919425 0.07063296 0.08600012 0.02013067 0.04752007 0.00579092 0.02269362 0.01751848 0.00000000 0.02451848 0.02478554 0.02631871 0.01704459 0.01007954 0.03115306 0.05918388 0.05911740 0.04128005 0.06198619 0.02597729 0.01730242 0.06771079 0.07787073 0.07662168 
0.12558621 0.11508093 0.18116804 0.17523539 0.14576703 0.21339045 0.00000000 0.17093051 0.17262224 0.18366643 0.20270967 0.17764936 0.20578514 0.16816232 0.13518027 0.10236025 0.09530810 0.13517927 0.13685865 0.08772521 0.08482587 0.10162025 0.06217687 0.11221559 0.04419280 0.09724247 0.08802418 0.01677139 0.09588311 0.08568119 0.09205516 0.01676009 0.12507452 0.09394799 0.05303982 0.08575924 0.09554913 0.08694064 0.11739347 0.07652968 0.09562471 0.07756196 0.02804148 0.02883214 0.09736480 0.11032204 0.05250775 0.10989721 0.05941374 0.04557844 0.12328442 0.08846727 0.08061749 0.09747783 0.09568238 0.09408638 0.08299793 0.08148405 0.09257288 0.09785080 0.10502202 0.08653513 0.10696364 0.08285535 0.09507589 0.11573794 0.06744374 0.07348978 0.02136927 0.11044512 0.06615198 0.11796046 0.07441416 0.03536885 0.09493540 0.05700328 0.08559695 0.08228203 0.07850131 0.07909150 0.05967935 0.10698574 0.09812317 0.03911934 0.00517513 0.06173022 0.04952684 0.07644637 0.04582457 0.09101187 0.01779903 0.12124874 0.09005062 0.04080537 0.09614813 0.10085648 0.08064094 0.09589572 0.11518953 0.09058968 0.08881753 0.09711930 0.09065029 0.05309439 0.03101566 0.01929149 0.05642708 0.04619263 0.12568629 0.11829423 0.09147104 0.10478298 0.09559743 0.09250931 0.10933383 0.09358148 0.10019803 0.09431091 0.07699686 0.07965729 0.07435796 0.10662567 0.08325528 0.07194920 0.08427668 0.08854406 0.05571657 0.03067923 0.07535574 0.09115834 0.07959934 0.06745875 0.08048681 0.07070578 0.05276802 0.07079879 0.08254669 0.03423055 0.09108787 0.08474983 0.04272018 0.03083961 0.01695150 0.03013340 0.02826365 0.01898896 0.02851631 0.01620521 0.02897145 0.03125042 0.01171981 0.03875978 0.02678170 0.04291573 0.03278627 0.05988342 0.02780710 0.02760886 0.05950350 0.07308862 0.07643936 
0.12585081 0.11471050 0.17232654 0.17637970 0.14147010 0.17333857 0.17093051 0.00000000 0.16987414 0.17134879 0.19980377 0.18215138 0.12863631 0.14588672 0.11752264 0.10285814 0.12113179 0.09550972 0.09866840 0.10003309 0.10211426 0.11667064 0.08839017 0.10014373 0.06157731 0.08359449 0.08902234 0.02909739 0.08210695 0.04681013 0.06462776 0.02293141 0.08715643 0.07951304 0.02111955 0.08953146 0.08540492 0.05568470 0.11235389 0.07989416 0.09245935 0.06874430 0.08582443 0.04731011 0.07901254 0.10342175 0.05893427 0.08588314 0.04559492 0.06432018 0.11159978 0.10377664 0.08089584 0.08833839 0.07625355 0.10719110 0.09124700 0.09512666 0.08806420 0.08898816 0.12585374 0.08943149 0.10022566 0.08997841 0.05696377 0.09201434 0.09069012 0.08752341 0.02697396 0.12571861 0.10038459 0.07590001 0.06900817 0.03946682 0.09168938 0.05711714 0.08062818 0.07845303 0.07615486 0.09732127 0.08711757 0.11537610 0.08084643 0.06284935 0.01805942 0.05337732 0.06307374 0.05355398 0.04614166 0.10842477 0.02830408 0.06873411 0.12362359 0.05244219 0.05486798 0.07381930 0.09571947 0.06578472 0.11799814 0.06357869 0.06948816 0.05543474 0.10570150 0.05299068 0.05365212 0.06899316 0.08670987 0.08827147 0.11831472 0.09734246 0.08177551 0.07999018 0.07512979 0.09696744 0.08546478 0.09643824 0.07987822 0.12181187 0.10126508 0.08623924 0.08213643 0.09767170 0.09608188 0.07288558 0.10765993 0.09666339 0.08870678 0.03031315 0.09649216 0.07204041 0.09389609 0.09207777 0.10985578 0.08788310 0.09248555 0.09671820 0.07893830 0.04749124 0.06109701 0.08572106 0.03871293 0.03525893 0.03594635 0.05534470 0.01285016 0.01327379 0.03951494 0.02281782 0.01207737 0.02004929 0.03152505 0.03449493 0.01242683 0.04893031 0.04072202 0.04677212 0.05378136 0.05587799 0.08341354 0.08886993 0.07854369 
0.09223364 0.10362232 0.17654407 0.17520031 0.12286645 0.16550704 0.17262224 0.16987414 0.00000000 0.20336767 0.18409111 0.17382781 0.16837952 0.15369535 0.13163758 0.13398849 0.10749971 0.12017144 0.12003076 0.09701601 0.08919062 0.09381408 0.06646029 0.08567369 0.03432447 0.11773049 0.10635948 0.03907839 0.08485649 0.07125824 0.06721816 0.02837571 0.08132203 0.10008747 0.05070723 0.08840362 0.11315313 0.07924397 0.10375129 0.08548502 0.05940308 0.09070268 0.04907537 0.05612547 0.09161107 0.08804940 0.05880757 0.08716799 0.04427621 0.06118477 0.10753081 0.07565814 0.07643346 0.07862642 0.09670153 0.07458515 0.08123341 0.09096327 0.08777873 0.09423594 0.09624193 0.11447019 0.09890117 0.06708370 0.07050092 0.11134333 0.07650916 0.08689418 0.02605282 0.12282056 0.08234574 0.09120797 0.05981345 0.04807238 0.10525182 0.06034640 0.07397605 0.10436996 0.07597813 0.08060277 0.05893468 0.10378081 0.09284899 0.05887058 0.02401592 0.06458441 0.08048708 0.08746561 0.05298859 0.11060039 0.06704464 0.10540360 0.08697350 0.06364854 0.08737762 0.09233318 0.11709763 0.07388062 0.10024303 0.08441912 0.08302816 0.08827511 0.08813700 0.07979497 0.02165112 0.02098128 0.04542001 0.03887960 0.10581224 0.09527876 0.08378613 0.09023870 0.09263086 0.11377251 0.09968412 0.07998405 0.09543559 0.08925374 0.08435535 0.09049076 0.08782133 0.08386830 0.06881331 0.07653901 0.09499081 0.09613729 0.07111785 0.06926218 0.05980444 0.08035810 0.07911787 0.08488042 0.11428166 0.09720924 0.04056429 0.07861643 0.09270717 0.07677808 0.08138015 0.07850515 0.02239205 0.04741359 0.03249629 0.03540639 0.04170428 0.01859908 0.04622851 0.03860707 0.02088162 0.01795145 0.05757962 0.05526976 0.02273949 0.01531972 0.03565635 0.06932977 0.04447613 0.01244036 0.03622330 0.07078879 0.07730245 
0.09240536 0.10478769 0.16240655 0.14723541 0.12429769 0.18853553 0.18366643 0.17134879 0.20336767 0.00000000 0.19314591 0.15965593 0.15161067 0.16682822 0.14380525 0.10069259 0.12292889 0.11617746 0.10998563 0.09372239 0.08671549 0.09097606 0.08175513 0.09866560 0.04309540 0.14072049 0.07779010 0.01897388 0.11797558 0.07095011 0.10293518 0.01675389 0.12948443 0.11024469 0.04159642 0.08618268 0.10612478 0.07836646 0.07259157 0.09815474 0.07819247 0.05144476 0.07411757 0.03134170 0.07178610 0.08046393 0.05964402 0.12133200 0.04692230 0.07676656 0.11824954 0.08620488 0.08290530 0.09758820 0.07247655 0.08473837 0.10207590 0.08764426 0.12977058 0.10741500 0.10346378 0.09260286 0.10958530 0.07987760 0.07509639 0.10500464 0.08108291 0.10990480 0.02909599 0.13240263 0.08373683 0.09700337 0.08674003 0.03889942 0.10084656 0.05028503 0.10420033 0.06740446 0.08588263 0.08409353 0.08363840 0.10117185 0.09121549 0.05231510 0.01732011 0.04719473 0.04645411 0.03730929 0.05796482 0.06429211 0.01988917 0.07395987 0.08062050 0.03333155 0.08961291 0.12786183 0.07943110 0.08243156 0.12287159 0.08987920 0.10209075 0.09450639 0.12372101 0.06901666 0.02281078 0.04469952 0.06989225 0.06026923 0.14020595 0.11418098 0.09392263 0.07938725 0.08917844 0.11207175 0.11197907 0.10782111 0.11434456 0.10628391 0.06484072 0.07008602 0.09255552 0.10007457 0.08571593 0.05156053 0.06369985 0.07918108 0.08097823 0.05497284 0.07827723 0.08040983 0.05628290 0.07380111 0.09339570 0.07981837 0.03715021 0.06091438 0.07288293 0.05489618 0.05759751 0.06544907 0.04011155 0.04366653 0.03047150 0.04711405 0.02782986 0.02984094 0.01825593 0.02740327 0.02961196 0.03697742 0.02051425 0.02328003 0.02948975 0.04853089 0.02980378 0.04786823 0.02783133 0.02682202 0.06200678 0.09083600 0.07670224 
0.10838057 0.10504014 0.15851125 0.15736400 0.11259667 0.18376025 0.20270967 0.19980377 0.18409111 0.19314591 0.00000000 0.16834763 0.15665343 0.15825240 0.14490769 0.09720421 0.10985779 0.09745812 0.13553716 0.09380523 0.09844334 0.09896539 0.09596072 0.09183564 0.05548479 0.11484923 0.09774599 0.01573524 0.08299903 0.04658161 0.08378629 0.02077805 0.10404496 0.13061622 0.01877207 0.08808819 0.10846548 0.06560597 0.09922028 0.06324714 0.07741052 0.07093067 0.06361533 0.04548551 0.10662470 0.10058184 0.05302342 0.12359424 0.03314796 0.07501008 0.09975408 0.06878799 0.08325557 0.10371220 0.08072860 0.08581606 0.07635846 0.13923049 0.09203666 0.08738240 0.11411128 0.08135770 0.11087746 0.09572361 0.08583879 0.13045807 0.08808556 0.07063090 0.02049868 0.13352567 0.08432827 0.10743180 0.08115425 0.02570469 0.10898620 0.05370788 0.07933024 0.05628015 0.08232727 0.08552169 0.06990607 0.09676824 0.09534930 0.05519379 0.00686802 0.06015743 0.04827900 0.04820628 0.05539503 0.12000308 0.01090584 0.08644663 0.08387063 0.03303576 0.10760794 0.08748977 0.08252107 0.08821680 0.10114994 0.12997604 0.08203307 0.06834587 0.10693780 0.05286994 0.03694039 0.03737336 0.06624638 0.05988928 0.13747495 0.11987905 0.09806574 0.09114185 0.09042261 0.11038202 0.10794807 0.10627880 0.11233380 0.09572471 0.09263084 0.07215081 0.08365938 0.09298408 0.09340842 0.06241765 0.06539571 0.09761341 0.07817550 0.04411821 0.07019029 0.07265013 0.09608882 0.07101370 0.10133547 0.06505487 0.04715309 0.08386093 0.08287579 0.04984447 0.04961895 0.08526853 0.06631510 0.04513538 0.01041595 0.04304213 0.02103428 0.01611634 0.02188018 0.01681822 0.02502251 0.02645078 0.01913838 0.03078058 0.03778703 0.03603285 0.04683428 0.05886517 0.02745451 0.03351354 0.05697193 0.08353718 0.07637421 
0.12678428 0.10513251 0.15540000 0.17235891 0.11429054 0.19022543 0.17764936 0.18215138 0.17382781 0.15965593 0.16834763 0.00000000 0.17882263 0.15097496 0.16917384 0.10208331 0.13180817 0.11507116 0.12679550 0.08565966 0.10845698 0.11608334 0.09963504 0.09947585 0.07015620 0.07966812 0.09602331 0.02702221 0.07651103 0.08685024 0.08236954 0.04813014 0.10134534 0.09991102 0.05634243 0.09176558 0.09520553 0.08021361 0.12894056 0.07558142 0.11565588 0.09303439 0.06104600 0.04476027 0.07163555 0.07828015 0.05542564 0.11289686 0.03885453 0.04785646 0.08988111 0.08514011 0.09246230 0.08150875 0.07774889 0.07572748 0.10149462 0.09380413 0.08642548 0.08077724 0.10814997 0.10072653 0.10549369 0.08044215 0.08727073 0.06695437 0.07391130 0.10377909 0.03615830 0.09009317 0.08411410 0.09090305 0.06154805 0.03759730 0.08679855 0.07094745 0.04995960 0.06537096 0.10791477 0.07891720 0.07674376 0.08022577 0.10027571 0.05582837 0.00831351 0.05884664 0.06447974 0.06309540 0.06959135 0.08175675 0.03428080 0.09012315 0.09799808 0.05168064 0.06377526 0.09095621 0.07897215 0.07438686 0.10937935 0.08106740 0.08350272 0.08569907 0.10425106 0.03914401 0.04991700 0.05217686 0.06870062 0.06832635 0.11950997 0.09884427 0.12540208 0.05724582 0.08099910 0.10047873 0.08335634 0.08779575 0.07466639 0.08585014 0.07932645 0.07706148 0.08603565 0.10427950 0.08088976 0.08651199 0.08945958 0.07945985 0.06476884 0.04589196 0.07910557 0.09492468 0.08735166 0.08879827 0.07087581 0.09821631 0.07935606 0.09584412 0.07842801 0.04768725 0.05345376 0.09567006 0.03491911 0.02913417 0.03442256 0.04043533 0.03932115 0.02544643 0.04504528 0.03553665 0.00106841 0.00882752 0.04774247 0.06927565 0.02934074 0.02643601 0.04137980 0.04982414 0.03489042 0.03986195 0.07142116 0.10313246 0.07777052 
0.10604526 0.10073787 0.13783347 0.13506307 0.12838599 0.17313251 0.20578514 0.12863631 0.16837952 0.15161067 0.15665343 0.17882263 0.00000000 0.18269886 0.16629722 0.13552698 0.13972704 0.11658687 0.11939123 0.10183142 0.07673678 0.09632324 0.08016745 0.10093065 0.05737196 0.09470056 0.09548657 0.04182423 0.10360129 0.07882708 0.09369359 0.05224812 0.10524379 0.11451551 0.05263151 0.09658697 0.09988153 0.06998949 0.08411144 0.07426676 0.11086826 0.05965680 0.09849398 0.04844774 0.09866569 0.07911749 0.07232674 0.10589158 0.05847753 0.03954913 0.10005674 0.09598482 0.07766906 0.10627034 0.08902131 0.10613454 0.10131034 0.10005453 0.10687575 0.08418847 0.09953046 0.09615597 0.11004311 0.08048327 0.07271868 0.11447812 0.08594230 0.08013650 0.02862215 0.11989723 0.08962839 0.08418456 0.06919459 0.03561615 0.09336195 0.06633019 0.06455496 0.09139514 0.11164513 0.09635971 0.05872607 0.08580142 0.06758693 0.06166678 0.02641745 0.07443479 0.07243459 0.06815436 0.08150213 0.09823142 0.04308523 0.08525635 0.08954918 0.04492421 0.07633606 0.07552605 0.08820245 0.08642201 0.09116201 0.08980064 0.09769064 0.09892532 0.08745623 0.06202547 0.01679643 0.00864668 0.03935824 0.02689090 0.08789086 0.09433064 0.09122290 0.09638608 0.09665661 0.09325941 0.09213926 0.08312525 0.08922524 0.07698206 0.07116712 0.06581332 0.07162103 0.10091543 0.08171335 0.06256789 0.08018978 0.09882714 0.07641216 0.02313436 0.07803077 0.08568807 0.10750913 0.08021711 0.09751489 0.07895794 0.05959495 0.07070851 0.06967737 0.03449786 0.07677555 0.08324038 0.03210419 0.04165423 0.03957843 0.03317481 0.02705985 0.04555162 0.01349804 0.04767206 0.02722266 0.03716219 0.04223455 0.03899053 0.04566863 0.03756598 0.08558483 0.05534350 0.03140344 0.03476561 0.08013791 0.07112968 0.07504490 
0.08682095 0.10550238 0.16020562 0.13305901 0.10269510 0.16905093 0.16816232 0.14588672 0.15369535 0.16682822 0.15825240 0.15097496 0.18269886 0.00000000 0.19095098 0.10689157 0.11474985 0.08800321 0.10173815 0.09131710 0.06170841 0.08153863 0.08161558 0.13010689 0.05833106 0.09709006 0.11276782 0.05867607 0.08332431 0.06908355 0.08018328 0.04493389 0.10854461 0.10700352 0.07716861 0.08024797 0.10022465 0.07291175 0.07975562 0.03762167 0.06879678 0.06083789 0.06665153 0.06175752 0.08185651 0.10050671 0.10305632 0.09001986 0.07409294 0.06422214 0.08814419 0.09404467 0.07065402 0.10550463 0.09965579 0.08372895 0.08280792 0.11382427 0.07886194 0.07355479 0.12103058 0.09945285 0.11702900 0.08761650 0.06475672 0.14410688 0.08175968 0.05500771 0.02970985 0.09371003 0.07991053 0.08235002 0.07578410 0.03108306 0.09041861 0.06692613 0.07028584 0.08706800 0.10302308 0.09014502 0.08167527 0.07735166 0.08035791 0.06129467 0.08197006 0.06480957 0.06214288 0.06724523 0.06734897 0.08026618 0.02559292 0.05715805 0.09224216 0.07963778 0.10144786 0.08883992 0.07165917 0.09317372 0.11211303 0.07428051 0.09490439 0.09000997 0.08903981 0.09375298 0.05127378 0.05210494 0.10257530 0.10091069 0.09165008 0.11317528 0.09822121 0.10049833 0.06080708 0.10936447 0.09455975 0.08443612 0.09208678 0.07633254 0.05955062 0.06666693 0.09978239 0.07439672 0.09579247 0.07876405 0.06959168 0.08325612 0.04653472 0.07396354 0.07889494 0.06687242 0.06659642 0.07881413 0.09260190 0.07526010 0.04556823 0.09524215 0.07378520 0.04924677 0.05872149 0.07992142 0.04836492 0.04347908 0.04595293 0.05319352 0.05993409 0.04400334 0.03543674 0.04731397 0.03786617 0.07113208 0.04075209 0.05527508 0.02714452 0.02050134 0.04182959 0.05100410 0.04519303 0.03259119 0.05573699 0.05894590 0.09232949 
0.08959437 0.09946697 0.12850687 0.12979890 0.08353486 0.13017906 0.13518027 0.11752264 0.13163758 0.14380525 0.14490769 0.16917384 0.16629722 0.19095098 0.00000000 0.12372462 0.10743811 0.11490528 0.11451773 0.11859411 0.10216696 0.08672268 0.09323629 0.08120921 0.09099120 0.08543605 0.09752507 0.04818610 0.07128829 0.07798421 0.07426575 0.07643796 0.10006245 0.11025014 0.08170521 0.09731432 0.09219671 0.08081757 0.09664648 0.07354288 0.09467349 0.09698643 0.10740071 0.09695801 0.10538983 0.08502754 0.11738491 0.07107474 0.09627057 0.04282076 0.09272286 0.06313552 0.08065290 0.06833275 0.06649233 0.06458148 0.06540406 0.07847929 0.05262586 0.08307413 0.09432475 0.07827597 0.14499073 0.07483274 0.10917000 0.09246162 0.10887152 0.06566220 0.04899977 0.06841974 0.08542390 0.07984051 0.05384068 0.02829012 0.06861316 0.06750536 0.04562813 0.10098804 0.10221239 0.09753177 0.08817003 0.08211830 0.07484462 0.08366231 0.08712992 0.06919148 0.09089942 0.07678537 0.06022305 0.08816787 0.03588279 0.05352670 0.06869307 0.09601847 0.07312726 0.06054958 0.09340965 0.05597667 0.09891058 0.08783756 0.09833407 0.08391677 0.07679326 0.07309312 0.06466024 0.06650584 0.12290074 0.10013686 0.07263790 0.10823906 0.09839204 0.07436685 0.04809286 0.11142758 0.09145394 0.05792552 0.06039182 0.08629490 0.07662940 0.05467674 0.08251474 0.07064382 0.09969021 0.05847486 0.07026320 0.06459938 0.05367148 0.05044863 0.08044884 0.06007726 0.12165184 0.08408579 0.08145992 0.09694253 0.05708889 0.10293014 0.09835975 0.06005982 0.05973881 0.05136551 0.06824916 0.05178221 0.06166944 0.05056088 0.02531815 0.05923928 0.05545817 0.04831946 0.02531676 0.07447437 0.06556034 0.05390089 0.08704939 0.03903770 0.05893252 0.03985124 0.06117666 0.05760836 0.04990567 0.07080333 0.09515705 
0.08049486 0.09912396 0.08791593 0.09238839 0.08740788 0.10587983 0.10236025 0.10285814 0.13398849 0.10069259 0.09720421 0.10208331 0.13552698 0.10689157 0.12372462 0.00000000 0.09647741 0.13320184 0.16028206 0.14332720 0.10844241 0.11949227 0.10640288 0.07976323 0.10175348 0.06551758 0.11418965 0.08384803 0.07449662 0.10345708 0.06592125 0.06712145 0.10127482 0.07251575 0.08929965 0.08885195 0.06173986 0.07913434 0.09059645 0.08788138 0.08556771 0.12479562 0.09163434 0.09469015 0.07634284 0.08452153 0.09701495 0.06106196 0.09099655 0.06821847 0.09779482 0.09484618 0.07909365 0.08246964 0.04582379 0.04920482 0.08204271 0.05246840 0.08066618 0.13353531 0.04595217 0.07805421 0.09246908 0.06116031 0.06092895 0.10488474 0.10023836 0.08997031 0.07993740 0.11656935 0.09329277 0.06570074 0.08721001 0.08892115 0.06992221 0.06270254 0.08423737 0.09883710 0.06418314 0.06474086 0.06433373 0.10555146 0.06790908 0.09089609 0.07423635 0.08633949 0.10970256 0.08591522 0.08244950 0.09231325 0.10765496 0.04263200 0.06549575 0.05172683 0.12112513 0.11572692 0.08871379 0.10626963 0.07039753 0.06443505 0.07065269 0.09194388 0.04740826 0.08419983 0.06652484 0.05693877 0.05981940 0.04928191 0.07784452 0.07134103 0.09149046 0.09053302 0.06004938 0.11411729 0.05852480 0.06951534 0.10920183 0.06761566 0.05783864 0.04609538 0.03561180 0.07658674 0.10897159 0.06276598 0.06051241 0.07760466 0.06705372 0.10309780 0.08509191 0.02636430 0.08702102 0.08245067 0.08590723 0.07003909 0.09722758 0.07861089 0.09525133 0.05456999 0.07966514 0.08950399 0.05973593 0.05129172 0.07487747 0.05894392 0.09345051 0.12201376 0.08285448 0.08097430 0.06909433 0.08202612 0.09544906 0.07975093 0.08000995 0.04135891 0.05035169 0.06642571 0.09180184 0.07615674 0.01786598 0.05180614 0.08662922 
0.10395586 0.07769375 0.09438784 0.10675221 0.12037935 0.12253075 0.09530810 0.12113179 0.10749971 0.12292889 0.10985779 0.13180817 0.13972704 0.11474985 0.10743811 0.09647741 0.00000000 0.12926322 0.10910945 0.12657508 0.10085349 0.06966012 0.14152968 0.09021736 0.04774436 0.09747368 0.09001822 0.04214034 0.16150823 0.07166931 0.05115652 0.10129678 0.12399048 0.08877735 0.05337340 0.03706018 0.05750727 0.04241314 0.07677929 0.09026783 0.04549855 0.06102143 0.06445903 0.08723800 0.06954664 0.11452978 0.09045889 0.08262048 0.08147827 0.05152604 0.07570490 0.05752906 0.07230450 0.06467800 0.03475561 0.09528963 0.05374696 0.05070277 0.08202925 0.08657331 0.07234809 0.08259595 0.08789388 0.03263182 0.03989168 0.06664924 0.08243364 0.09914290 0.07416969 0.07452873 0.10109850 0.09598896 0.08072979 0.07439006 0.07540693 0.06644001 0.04553335 0.09073790 0.11389050 0.09833229 0.06971099 0.08479706 0.05376953 0.08925856 0.09165488 0.06461715 0.07148447 0.13683749 0.08463037 0.07235020 0.04619400 0.05090424 0.06154151 0.06875238 0.08261840 0.07276859 0.07910802 0.09713552 0.05639299 0.06668691 0.07850755 0.08289585 0.10043262 0.07908101 0.12982445 0.08966364 0.09511384 0.08739936 0.07018716 0.11118704 0.10374782 0.07130256 0.09000021 0.08518073 0.08959871 0.06501217 0.08419696 0.08237016 0.11049901 0.08640682 0.06918185 0.06121166 0.10101126 0.08553754 0.06244202 0.07188448 0.10041901 0.09757087 0.08001819 0.07188885 0.09868868 0.05964880 0.08543105 0.10322303 0.08245227 0.04043888 0.08798581 0.09012562 0.07568580 0.07879190 0.06494319 0.10270727 0.05390676 0.06650104 0.07377023 0.12901221 0.07267389 0.08462535 0.05463508 0.12554850 0.05216994 0.08944145 0.07316172 0.09172096 0.09025775 0.05972833 0.05783094 0.07540438 0.05864901 0.07823314 0.08579329 
0.06304233 0.07872629 0.11246088 0.09096756 0.09520279 0.09264928 0.13517927 0.09550972 0.12017144 0.11617746 0.09745812 0.11507116 0.11658687 0.08800321 0.11490528 0.13320184 0.12926322 0.00000000 0.13459089 0.14937165 0.12531502 0.08559615 0.04367596 0.09894619 0.06362674 0.07244717 0.09529748 0.10740605 0.05393650 0.09480989 0.06421249 0.06957283 0.07526423 0.10471324 0.09583282 0.07635754 0.09260264 0.07122538 0.10543346 0.07765390 0.08536905 0.06182360 0.06858654 0.10766472 0.10516257 0.08963894 0.09123892 0.08187943 0.07975872 0.06622722 0.10324544 0.07005856 0.08503574 0.07489320 0.07690936 0.04637841 0.07121157 0.05820325 0.04243905 0.09438100 0.08828999 0.07874552 0.09304218 0.12329019 0.05051776 0.07473544 0.11968803 0.07324182 0.14522693 0.12034189 0.09689441 0.09575301 0.05968386 0.10351290 0.11122809 0.05027472 0.05761256 0.09663510 0.05821075 0.08765218 0.05476903 0.09508070 0.05862543 0.02460884 0.08394002 0.08471249 0.06821742 0.12088653 0.05126381 0.12277095 0.06794651 0.06647216 0.11364710 0.05415053 0.07850895 0.07045499 0.08711188 0.08037034 0.11406114 0.09298775 0.08699473 0.07585799 0.03861690 0.11973372 0.10138395 0.10070516 0.06513858 0.03769499 0.07911576 0.05047061 0.07114640 0.08053713 0.08591415 0.08966839 0.08022553 0.10917047 0.09950349 0.08683369 0.09418293 0.07793754 0.07576582 0.07821580 0.07663145 0.05744744 0.07874176 0.06397958 0.12441313 0.10853413 0.08789282 0.10114648 0.04862181 0.08053887 0.10529001 0.08210435 0.06501186 0.07483654 0.07716688 0.07228403 0.06667704 0.06746723 0.05472931 0.09009501 0.07642563 0.08008463 0.09327525 0.08256021 0.06657790 0.04705901 0.08516217 0.07483375 0.06579175 0.07057388 0.07458731 0.06941650 0.06202365 0.07716370 0.06308022 0.07526449 0.02037565 0.02934300 0.08969813 
0.07569362 0.09808918 0.13855715 0.14972447 0.11381141 0.12549315 0.13685865 0.09866840 0.12003076 0.10998563 0.13553716 0.12679550 0.11939123 0.10173815 0.11451773 0.16028206 0.10910945 0.13459089 0.00000000 0.16169990 0.12717227 0.10668878 0.07115159 0.09486098 0.07376147 0.11129731 0.06686787 0.11794724 0.10904395 0.07102632 0.11117348 0.10353055 0.06455908 0.06204395 0.08518421 0.08747605 0.11014900 0.08365632 0.09496745 0.05922141 0.10217051 0.08105351 0.05220737 0.09663967 0.08799400 0.08854202 0.10472992 0.05138044 0.07974580 0.06697261 0.09055875 0.09778008 0.07055979 0.07976293 0.06518144 0.07986513 0.09336711 0.09183753 0.07246360 0.11593047 0.04758926 0.08383659 0.10950933 0.10656261 0.07148221 0.09992560 0.11161682 0.06736731 0.08539647 0.08143834 0.09385143 0.09267020 0.07716844 0.09061096 0.11332648 0.08668897 0.09313279 0.05468287 0.03539192 0.04337733 0.06849214 0.07765954 0.05967530 0.04029567 0.08409172 0.09952599 0.10437716 0.08284832 0.09212423 0.07096807 0.06525388 0.10200374 0.08816104 0.07634812 0.11685108 0.06662022 0.10300292 0.08667085 0.03717880 0.06166601 0.06916828 0.08853851 0.06935684 0.06103450 0.05480982 0.05495869 0.07105228 0.05074803 0.08842988 0.06239802 0.07420105 0.09350472 0.06582616 0.07869011 0.09042942 0.06712674 0.07908619 0.07469331 0.07742844 0.06286452 0.07153032 0.09072893 0.07516560 0.12128212 0.10747089 0.05855800 0.08620582 0.12123584 0.08401236 0.05376558 0.06238594 0.08815299 0.08975406 0.07734108 0.11806399 0.09241609 0.07699516 0.08473363 0.06427131 0.08680719 0.03922165 0.02053011 0.09263463 0.06760751 0.06615839 0.04609919 0.05395037 0.07063219 0.04458990 0.03885207 0.04887453 0.07994582 0.02689877 0.07626433 0.04589228 0.08872954 0.07010045 0.03960072 0.02705401 0.03898692 0.08853838 
0.07345192 0.10439649 0.12076315 0.08557824 0.06843143 0.09149519 0.08772521 0.10003309 0.09701601 0.09372239 0.09380523 0.08565966 0.10183142 0.09131710 0.11859411 0.14332720 0.12657508 0.14937165 0.16169990 0.00000000 0.20568465 0.12854632 0.07430792 0.09930929 0.07668960 0.08261026 0.06936259 0.09538056 0.03081486 0.10756571 0.10837069 0.08555682 0.08737759 0.06552684 0.08268424 0.11599603 0.10514979 0.15140665 0.05044893 0.13604258 0.11467535 0.08253278 0.07347208 0.11631954 0.10173664 0.07225564 0.10370089 0.08926434 0.10021962 0.09455600 0.10072372 0.06566753 0.09679646 0.03659722 0.07554723 0.06277661 0.09824353 0.05487135 0.06734168 0.06230004 0.09226063 0.04324985 0.12831271 0.05687719 0.05788927 0.04591342 0.08686766 0.08587580 0.08652761 0.08696991 0.08157318 0.06901002 0.08705562 0.10379361 0.06838351 0.10738855 0.07578524 0.07015111 0.07391948 0.09246578 0.05194498 0.06021134 0.05208321 0.04907750 0.10721776 0.12941344 0.06940068 0.11159804 0.07222503 0.06896398 0.07484354 0.08321952 0.11238393 0.06318031 0.08922447 0.08115947 0.07094223 0.03720828 0.10582961 0.02974265 0.05559619 0.10205894 0.05208395 0.08012488 0.08077962 0.08278324 0.08041368 0.09106543 0.06801917 0.05647122 0.07738404 0.07265805 0.06214737 0.07212297 0.07450707 0.07946032 0.08493186 0.05596195 0.08627688 0.07632366 0.07178308 0.08373361 0.07077706 0.07051690 0.09438176 0.07065081 0.07402318 0.07627095 0.07014210 0.05374577 0.09516559 0.06446287 0.05533427 0.05320139 0.09824693 0.07739562 0.07520885 0.05307570 0.09443859 0.10648124 0.08654813 0.05267751 0.08505067 0.04704432 0.10846186 0.06401912 0.08471102 0.07369845 0.06931833 0.07466795 0.08611596 0.08139193 0.10071062 0.11092964 0.05889676 0.08579614 0.06970031 0.10042691 0.05814746 0.03836326 0.09168766 
0.08706904 0.07848149 0.14632244 0.11254124 0.09234596 0.09514187 0.08482587 0.10211426 0.08919062 0.08671549 0.09844334 0.10845698 0.07673678 0.06170841 0.10216696 0.10844241 0.10085349 0.12531502 0.12717227 0.20568465 0.00000000 0.14403152 0.10234067 0.07509676 0.11788674 0.07871876 0.08470270 0.10812202 0.07896246 0.12643399 0.13675474 0.13468250 0.11773842 0.09333313 0.09394374 0.12803909 0.08171643 0.13782906 0.06023770 0.11827975 0.09081539 0.07588024 0.06813318 0.09498903 0.08206580 0.06485520 0.10631122 0.05595050 0.10374996 0.06070476 0.12238127 0.07177874 0.08608239 0.03851416 0.05413940 0.05003173 0.05094712 0.05927200 0.05920462 0.08937199 0.06573782 0.05302102 0.12860006 0.10972749 0.08517656 0.05612408 0.07590455 0.11220238 0.09261573 0.08842649 0.06253386 0.09653090 0.13691642 0.14567231 0.07354347 0.08921347 0.07182138 0.07630290 0.06125025 0.06855645 0.08762801 0.04330668 0.06694883 0.04415354 0.11915644 0.10540132 0.09799577 0.09203018 0.07790818 0.08030329 0.12966618 0.09062676 0.08698032 0.07403820 0.07312381 0.05866117 0.08125716 0.03698018 0.08811662 0.05935594 0.08289262 0.07697571 0.07811395 0.08351103 0.07869263 0.08699992 0.08955941 0.07660416 0.06641249 0.05539195 0.07765397 0.05693096 0.03566563 0.07369012 0.04508858 0.06914854 0.10325599 0.09581351 0.05368318 0.06839056 0.06890954 0.07159795 0.05108460 0.08431526 0.09200097 0.06333616 0.08173338 0.06464898 0.07879244 0.07387340 0.08507781 0.06592339 0.07606036 0.07449381 0.08145520 0.06406357 0.08086560 0.06035136 0.04094403 0.07133866 0.05674558 0.05362517 0.07991256 0.07892486 0.05715279 0.09164616 0.07733791 0.07736890 0.06009452 0.05277630 0.06980774 0.08574860 0.09049336 0.07049799 0.08077239 0.06716405 0.09813374 0.09127525 0.07418708 0.07869329 0.08560612 
0.09744095 0.09671712 0.11572831 0.11901837 0.10361900 0.10899905 0.10162025 0.11667064 0.09381408 0.09097606 0.09896539 0.11608334 0.09632324 0.08153863 0.08672268 0.11949227 0.06966012 0.08559615 0.10668878 0.12854632 0.14403152 0.00000000 0.09674077 0.11176829 0.10562449 0.10347549 0.07774812 0.07662998 0.06074492 0.10885056 0.08545605 0.06593486 0.04802022 0.08489285 0.10295910 0.07315188 0.08375458 0.06025107 0.06136997 0.09265058 0.13634391 0.06466351 0.11131131 0.11709718 0.08617627 0.07587795 0.07465428 0.05719292 0.07315162 0.07355181 0.05789324 0.09930919 0.07583953 0.10422863 0.05797725 0.07427124 0.03999694 0.07566481 0.11074205 0.05357626 0.06520802 0.06648970 0.08829127 0.09001125 0.07668873 0.01452319 0.09859438 0.08664257 0.06123942 0.07939112 0.07106211 0.09051842 0.13765843 0.11180159 0.06512777 0.10563725 0.05910768 0.07201614 0.05103337 0.07135767 0.07294277 0.04006257 0.06284289 0.06280672 0.10754953 0.08664505 0.09049896 0.10129176 0.05847952 0.09350623 0.08766990 0.02910652 0.06508489 0.06324184 0.07600109 0.08110115 0.06726074 0.09813111 0.08789693 0.07586267 0.07269732 0.08813362 0.06920636 0.09702365 0.10099677 0.09760164 0.09672209 0.09054455 0.08618687 0.03311112 0.05924604 0.05652395 0.06646152 0.08218895 0.12155203 0.09413114 0.07710907 0.11630920 0.09405277 0.09003166 0.04266903 0.05437111 0.06357515 0.07254246 0.09173640 0.08942305 0.06160724 0.10260325 0.07861469 0.07172279 0.12266506 0.13370560 0.07605001 0.05344437 0.05750883 0.09394200 0.09227048 0.08933461 0.08040200 0.08347573 0.06123009 0.09136151 0.07573971 0.08211515 0.07158936 0.06631383 0.10994412 0.05960021 0.08433088 0.03944349 0.08352276 0.09395239 0.08622390 0.07398315 0.07722390 0.09261185 0.12543430 0.10601583 0.07356038 0.07867716 0.08482104 
