0.00000000 0.19381688 0.18537460 0.16165531 0.15037590 0.15778795 0.16818215 0.17307361 0.17059986 0.17582307 0.18845909 0.16418714 0.16983148 0.19750755 0.17196939 0.18629575 0.18809719 0.16047239 0.19387658 0.14576033 0.15005958 0.15108337 0.17177877 0.17658530 0.15054142 0.13247252 0.13970368 0.13211583 0.08218652 0.08003430 0.10112274 0.08002861 0.12562522 0.09796464 0.13022897 0.10713427 0.10704044 0.12087940 0.10788822 0.09906933 0.13641618 0.12928747 0.11022149 0.14515886 0.12832107 0.09640467 0.12829207 0.06536918 0.11787455 0.11843277 0.09909691 0.14085588 0.13296855 0.08168750 0.10614781 0.09444966 0.11138272 0.08605235 0.09295631 0.09985805 0.11110041 0.12549455 0.10162787 0.10942762 0.10224153 0.13898527 0.12556337 0.11053005 0.11254071 0.11433541 0.10672170 0.11607113 0.15676377 0.10672510 0.15538841 0.13492728 0.11377413 0.12954240 0.10816968 0.13400506 0.10870903 0.10738380 0.10195913 0.11901278 0.10283019 0.11547551 0.14948321 0.09453430 0.11525901 0.10076104 0.13706047 0.09617723 0.09238153 0.11823921 0.13382699 0.09945734 0.10281075 0.09803838 0.09418431 0.12278078 0.11705177 0.10698571 0.10758978 0.10698161 0.10042237 0.10180836 0.11014222 0.12777420 0.10137068 0.09400694 0.11143529 0.09848110 0.11149606 0.11598739 0.11649538 0.10086744 0.09743866 0.12203290 0.11855148 0.09143220 0.12478359 0.14544650 
0.19381688 0.00000000 0.23853417 0.21733206 0.20299914 0.18424832 0.18907834 0.18561814 0.17493558 0.18515646 0.19301175 0.17341215 0.20511993 0.18786273 0.20386255 0.18014201 0.21962010 0.15891160 0.16624988 0.16657342 0.19048687 0.16582707 0.16496203 0.17212169 0.17034339 0.17342515 0.14766453 0.14587403 0.07610972 0.09831437 0.10111283 0.06635607 0.09798673 0.06580596 0.16143136 0.09857021 0.13564108 0.10890399 0.12550896 0.10339979 0.14342230 0.12861699 0.13141863 0.17185089 0.12561388 0.07300934 0.12670722 0.09277386 0.13083796 0.10615316 0.06517570 0.12950152 0.10198159 0.07349853 0.08283493 0.12048931 0.07492873 0.10696475 0.07862024 0.11718557 0.10016337 0.08145081 0.11863160 0.10501721 0.08310910 0.13154855 0.11925720 0.09456809 0.07303844 0.08369307 0.09301739 0.09408644 0.16675624 0.10644098 0.11979187 0.11253066 0.11721617 0.10077485 0.10169844 0.11732418 0.12087648 0.15775379 0.08284025 0.10481650 0.11737333 0.08615047 0.17372518 0.10250472 0.13835291 0.08784567 0.17183185 0.09884087 0.11060373 0.10314706 0.11180259 0.08763989 0.09492192 0.07528015 0.10270733 0.09011956 0.15495659 0.09630143 0.09044744 0.09588987 0.06401471 0.09626394 0.09404383 0.12646632 0.09457025 0.07187642 0.09592633 0.10261438 0.10913191 0.10298394 0.13473703 0.13002551 0.07401343 0.11331841 0.09492451 0.08761181 0.12508938 0.17247589 
0.18537460 0.23853417 0.00000000 0.27129708 0.25942392 0.27109027 0.19409784 0.21836131 0.18627010 0.23422888 0.23981648 0.20507863 0.24369593 0.19357884 0.21606865 0.22525402 0.22329388 0.22292763 0.16475380 0.22104857 0.21052382 0.19465447 0.18722873 0.15300285 0.18963516 0.21976445 0.17066730 0.16483045 0.07239547 0.07418411 0.06699167 0.08150407 0.08421880 0.09830632 0.19042723 0.11727434 0.11451753 0.10724044 0.09753454 0.10310933 0.13089776 0.15708522 0.13781529 0.19428218 0.13114279 0.02287491 0.13944829 0.09650399 0.13969247 0.11334614 0.09459153 0.13784176 0.10207302 0.08856542 0.06994128 0.10590329 0.09707755 0.07921093 0.12132508 0.11976987 0.11938250 0.05366051 0.12713414 0.11419900 0.04801559 0.11890291 0.11846967 0.06492102 0.07238618 0.09101760 0.12055846 0.11623798 0.22056460 0.08797842 0.07157442 0.08515095 0.11359389 0.08594145 0.11111496 0.13585303 0.07901498 0.13942412 0.04781417 0.07135458 0.08357322 0.03964016 0.11391843 0.14012210 0.13803791 0.06673394 0.12889028 0.07042537 0.04226122 0.07442050 0.10738067 0.10044402 0.13073772 0.07249332 0.07917336 0.11973897 0.13617853 0.09807868 0.05897585 0.09240265 0.03353907 0.05384527 0.06411501 0.09137505 0.08521877 0.05203401 0.06669919 0.09729151 0.11880426 0.07876780 0.13169800 0.12173669 0.10530538 0.10635237 0.08712469 0.03882505 0.12438949 0.14152467 
0.16165531 0.21733206 0.27129708 0.00000000 0.29234210 0.24957058 0.21148344 0.20808221 0.18490483 0.24662428 0.23737191 0.22952953 0.23977575 0.17840785 0.22855592 0.22535744 0.19685406 0.23351817 0.15679384 0.23589880 0.22463119 0.19277451 0.20746202 0.17629479 0.16643843 0.18959339 0.15946095 0.16745659 0.09317803 0.09399297 0.12744389 0.11535787 0.06937287 0.11412862 0.14670189 0.11315029 0.14762716 0.11142551 0.11477424 0.08032270 0.14989766 0.14880587 0.11133067 0.17698384 0.10989596 0.05037625 0.14321791 0.13305154 0.11140652 0.09757177 0.08682839 0.10890041 0.09907641 0.08729137 0.07964202 0.08832496 0.10842688 0.08251568 0.05873017 0.11841489 0.11782125 0.04653944 0.11300367 0.09259298 0.04175952 0.09812991 0.11144922 0.05886179 0.08016227 0.10939464 0.11156325 0.13240855 0.20316329 0.07048703 0.08028767 0.08589350 0.04972891 0.07742881 0.09206673 0.11774891 0.08477813 0.14549143 0.04159974 0.08361730 0.14509848 0.07682499 0.12931819 0.13090806 0.09968451 0.09196773 0.14252059 0.09478727 0.04429773 0.10449529 0.10792217 0.07442584 0.14487890 0.08198626 0.07868621 0.07704406 0.17984985 0.10910021 0.05289273 0.09048483 0.04301871 0.07036389 0.05815008 0.10006520 0.07883560 0.05567734 0.06076193 0.14037803 0.11775430 0.07298369 0.14332879 0.09510278 0.08997293 0.08855474 0.10463337 0.04475626 0.11688876 0.14851866 
0.15037590 0.20299914 0.25942392 0.29234210 0.00000000 0.25246026 0.22350286 0.18209853 0.19371168 0.24124010 0.22438917 0.21642526 0.22130693 0.19727532 0.23728491 0.20333011 0.23074674 0.22786845 0.14964009 0.20841892 0.22388206 0.18703415 0.20992773 0.15454278 0.16237511 0.21641863 0.18498440 0.12783531 0.05999716 0.08627816 0.07925721 0.09370598 0.06995880 0.12955961 0.11174624 0.11646232 0.14376534 0.10904534 0.12197705 0.09623007 0.11683753 0.12558627 0.10432606 0.17643862 0.12168948 0.06207402 0.13446677 0.14327900 0.12156449 0.11619293 0.09881205 0.13297747 0.09152313 0.07848628 0.08783242 0.09299600 0.11336160 0.15981895 0.08191088 0.10712670 0.13265684 0.05195799 0.11723486 0.10541622 0.04923341 0.12248520 0.13308144 0.06572526 0.07685414 0.09979453 0.12497969 0.10096484 0.18176536 0.08210979 0.09517064 0.07989074 0.05890500 0.07571076 0.10088423 0.11153959 0.09462963 0.15054844 0.04947568 0.10596752 0.16022974 0.08869497 0.15187489 0.16414531 0.11975830 0.05832562 0.13201159 0.04521882 0.07996636 0.10878801 0.06745864 0.07106185 0.11495597 0.07539052 0.08704368 0.09136177 0.14957202 0.08963378 0.05987997 0.10378258 0.09187716 0.03436276 0.07123056 0.11786838 0.08662178 0.04591494 0.06899458 0.14445854 0.10497435 0.08088919 0.10437424 0.12699577 0.08489272 0.07926577 0.09293180 0.05799090 0.10280630 0.14849276 
0.15778795 0.18424832 0.27109027 0.24957058 0.25246026 0.00000000 0.21485893 0.19517036 0.24242875 0.23609922 0.22468674 0.19894701 0.22085393 0.16522714 0.23342067 0.21028755 0.19205673 0.20722480 0.19242760 0.20225825 0.19307385 0.18728439 0.19024912 0.14630871 0.19026639 0.19862652 0.18098334 0.19229211 0.06536883 0.07294623 0.08225194 0.10994961 0.06454811 0.09078968 0.13051584 0.10042151 0.10227335 0.11209393 0.14007914 0.09466914 0.12508538 0.13887041 0.14125105 0.16216618 0.12563439 0.05116751 0.12943998 0.09709306 0.07206685 0.08264949 0.08680815 0.12971168 0.08494581 0.13829339 0.08688517 0.04640808 0.09483278 0.08149994 0.07293421 0.10229659 0.12209010 0.07001168 0.10784302 0.08518142 0.06673378 0.14608712 0.11849066 0.08210032 0.06769998 0.10503632 0.10855472 0.09953329 0.19033351 0.11708774 0.08481634 0.08611367 0.08064569 0.08782487 0.17229006 0.12989017 0.12451208 0.13943565 0.06705500 0.10604440 0.14487670 0.06569399 0.13371810 0.11700553 0.12496903 0.09658703 0.12448908 0.08878629 0.06781842 0.09958294 0.09389542 0.07804366 0.15295906 0.12693715 0.09011329 0.10946847 0.09587250 0.11542687 0.07656914 0.07888606 0.06277061 0.03516338 0.07224023 0.13391638 0.09415568 0.10975557 0.08032789 0.10442792 0.11735108 0.09082376 0.14203246 0.07897922 0.11763905 0.09357390 0.08530292 0.05332335 0.09407895 0.12943824 
0.16818215 0.18907834 0.19409784 0.21148344 0.22350286 0.21485893 0.00000000 0.24611583 0.22102564 0.20890513 0.23793098 0.26046692 0.21967680 0.18670262 0.21693642 0.20795313 0.20382083 0.18486869 0.18314404 0.19099644 0.19697653 0.16387558 0.19886338 0.15643541 0.17738695 0.15862415 0.18360893 0.17251801 0.07234472 0.11007904 0.07431497 0.11352330 0.11483964 0.09698094 0.08719077 0.12147407 0.12900677 0.12734352 0.11289236 0.07996520 0.13251891 0.10026224 0.12492074 0.15645036 0.10245688 0.05128456 0.12130261 0.09096641 0.15375604 0.09226533 0.08182330 0.10305113 0.07813177 0.06052463 0.14198942 0.08341044 0.10770669 0.06422339 0.08312741 0.08525545 0.10542054 0.10677246 0.11774141 0.08420121 0.08748045 0.14906887 0.12925322 0.10081645 0.07407477 0.12606183 0.10222066 0.10995940 0.18565583 0.08365664 0.12403745 0.08634641 0.08913557 0.13649440 0.09222217 0.13181991 0.08673061 0.10748899 0.08777048 0.10168781 0.08931630 0.15503117 0.11240055 0.07422847 0.08433642 0.09223766 0.14282759 0.07198524 0.10331747 0.12141292 0.09372203 0.08336443 0.13458477 0.06533871 0.08706008 0.07265435 0.10134448 0.11313496 0.09594549 0.09348996 0.10033153 0.07398307 0.09921729 0.12097076 0.10478945 0.07163719 0.10845014 0.10736355 0.07864757 0.09953349 0.14006964 0.13629384 0.09254214 0.10901500 0.12260238 0.06408151 0.07438982 0.14006469 
0.17307361 0.18561814 0.21836131 0.20808221 0.18209853 0.19517036 0.24611583 0.00000000 0.21969203 0.27101789 0.25147434 0.23621899 0.24269281 0.19482264 0.24711076 0.22813788 0.20345387 0.19878915 0.17580265 0.20655591 0.19171176 0.19156768 0.20414100 0.15835897 0.15891900 0.17368859 0.14991580 0.16093360 0.08560403 0.11949650 0.09188484 0.09158359 0.07540515 0.08531627 0.11680417 0.08936890 0.11458134 0.10288658 0.13192165 0.11306049 0.17606062 0.17065840 0.12682094 0.16126713 0.10280184 0.05908260 0.13505213 0.07387055 0.15141501 0.10679195 0.14101550 0.12829190 0.07484761 0.08707730 0.05134238 0.12694166 0.11734539 0.03774101 0.08607577 0.09767108 0.12380414 0.06530066 0.08385078 0.08156553 0.07219021 0.14907098 0.11280605 0.08653130 0.06778192 0.16891330 0.13124758 0.11949252 0.13768847 0.07417293 0.13508383 0.09618184 0.07990849 0.09224482 0.09987491 0.09195486 0.10085056 0.15197691 0.07254545 0.09203447 0.08287194 0.10938051 0.11867814 0.06573813 0.10474952 0.07690635 0.12705687 0.08619338 0.05567588 0.11961079 0.08259278 0.08933181 0.13345430 0.07622747 0.10419405 0.08233861 0.13325240 0.08003218 0.08133097 0.12582770 0.07978458 0.06950851 0.08754529 0.14378454 0.08303644 0.07526129 0.09403169 0.08592063 0.10868194 0.10728282 0.10482776 0.11682339 0.10914097 0.09736588 0.10515268 0.05478599 0.08575342 0.14319690 
0.17059986 0.17493558 0.18627010 0.18490483 0.19371168 0.24242875 0.22102564 0.21969203 0.00000000 0.21070622 0.21552080 0.21198238 0.19014206 0.17624994 0.18543181 0.23052692 0.20159684 0.19326976 0.19885062 0.20365544 0.18928006 0.17995959 0.15309838 0.15086022 0.16309182 0.16432696 0.15592500 0.14033131 0.09477251 0.08831254 0.08059693 0.09917289 0.10211246 0.11567079 0.10691107 0.08807388 0.10005452 0.12794187 0.12843307 0.10723463 0.16473054 0.12753828 0.11902148 0.13808301 0.10042273 0.07396569 0.11750498 0.08594575 0.10025208 0.09284597 0.08979736 0.12390734 0.07003146 0.07547748 0.06025813 0.11933827 0.10924871 0.07478703 0.06890412 0.08221887 0.12768397 0.10993130 0.10696938 0.08406004 0.10834241 0.11931832 0.11179960 0.11908184 0.08521837 0.14868360 0.13499304 0.09415052 0.13233760 0.10521554 0.11456215 0.10143848 0.12166707 0.15944755 0.09137701 0.11738614 0.15107981 0.11707663 0.10921288 0.10319131 0.07450092 0.09188393 0.08769508 0.08465940 0.11188820 0.09987016 0.11195190 0.07012464 0.12413740 0.12806820 0.11397602 0.09716840 0.12549877 0.08046668 0.11783793 0.09214910 0.16416506 0.10053749 0.11499250 0.09017810 0.08974228 0.06855328 0.10254412 0.13569680 0.08833077 0.06830789 0.11055541 0.15039308 0.10150362 0.12537519 0.10394637 0.10255807 0.09932179 0.12621870 0.06447785 0.08309197 0.08892406 0.14183158 
0.17582307 0.18515646 0.23422888 0.24662428 0.24124010 0.23609922 0.20890513 0.27101789 0.21070622 0.00000000 0.29201953 0.18830081 0.24397996 0.18037846 0.23316571 0.22109767 0.22146026 0.21326393 0.17081486 0.23528257 0.21285028 0.18750677 0.21638181 0.15286298 0.19781123 0.18779707 0.17534244 0.18037989 0.05464676 0.04180825 0.08289297 0.08293703 0.04716854 0.08756398 0.11496431 0.10931461 0.17077746 0.10667596 0.14798957 0.10673303 0.11911600 0.13044766 0.11307875 0.14861531 0.10826326 0.05572111 0.11731681 0.11407241 0.10427558 0.11888715 0.06954053 0.12613431 0.11372311 0.09072727 0.11015884 0.07907359 0.10875976 0.09861159 0.10096495 0.10182815 0.12956604 0.06011883 0.10369778 0.08433149 0.06255428 0.11578585 0.12423138 0.07899652 0.07375642 0.17339598 0.13451587 0.09014598 0.18602876 0.07205209 0.09778277 0.09914678 0.11966111 0.09737262 0.08096833 0.11882124 0.12719963 0.13168694 0.06294796 0.09715173 0.11059820 0.05190448 0.12907186 0.08001564 0.14176250 0.10061807 0.11135020 0.08755950 0.05006068 0.12668746 0.10930646 0.07257380 0.15166274 0.10213728 0.08312317 0.08278374 0.15194566 0.10574632 0.07308979 0.07457214 0.06419144 0.03318818 0.06593844 0.11560430 0.14744868 0.04926715 0.08520203 0.06810895 0.10267666 0.08345971 0.09997925 0.07715182 0.05572398 0.10373454 0.10581615 0.06443063 0.13130787 0.12554448 
0.18845909 0.19301175 0.23981648 0.23737191 0.22438917 0.22468674 0.23793098 0.25147434 0.21552080 0.29201953 0.00000000 0.21516229 0.25900739 0.17172256 0.24389059 0.26468239 0.27814115 0.22684335 0.17801458 0.23433336 0.26826440 0.18508676 0.21533078 0.18460975 0.15008930 0.21455115 0.17471424 0.14169692 0.08206346 0.10752035 0.08746164 0.11450918 0.09195280 0.05610870 0.11114971 0.11730905 0.13819147 0.12412557 0.10028568 0.11897299 0.13514856 0.12305048 0.13529756 0.18763275 0.10668483 0.02346654 0.15904963 0.08389203 0.11535082 0.09195213 0.10549420 0.11225654 0.09526169 0.12071296 0.07470765 0.14240290 0.09689409 0.10928601 0.09430195 0.10549337 0.10919006 0.08116485 0.11547817 0.11665627 0.04582319 0.10215922 0.11906720 0.06292710 0.09219385 0.14028935 0.11387736 0.11558892 0.13624894 0.07978415 0.09280108 0.06505635 0.07065369 0.10002869 0.07616474 0.10302799 0.09166430 0.10232797 0.04591456 0.09880279 0.09814810 0.06158776 0.09703156 0.08055257 0.11188348 0.06982431 0.11766389 0.03797298 0.05600756 0.08767889 0.12289422 0.07741669 0.13287360 0.06968548 0.09376406 0.09609892 0.13917978 0.08868717 0.05687255 0.10721747 0.06647579 0.05700517 0.06460036 0.11096297 0.13651990 0.03723453 0.08280802 0.08901238 0.11545403 0.08162079 0.09201197 0.13544646 0.04888495 0.11001142 0.10196477 0.05630726 0.11660667 0.14308630 
0.16418714 0.17341215 0.20507863 0.22952953 0.21642526 0.19894701 0.26046692 0.23621899 0.21198238 0.18830081 0.21516229 0.00000000 0.22436399 0.17229493 0.24361288 0.25271890 0.18291980 0.23315810 0.18966626 0.24671764 0.20157525 0.17646090 0.18309219 0.18441162 0.16468638 0.16083920 0.17692301 0.21506764 0.06835700 0.07210235 0.15597851 0.07826748 0.10324338 0.10334086 0.11355334 0.08949952 0.14218280 0.14172635 0.12381156 0.08753635 0.11114071 0.13731190 0.09689931 0.18373888 0.05767326 0.06246749 0.17752076 0.08959222 0.08064058 0.07750197 0.12892502 0.15555340 0.08507183 0.11046948 0.12012400 0.09206363 0.11994482 0.10691645 0.09212906 0.08693923 0.09327266 0.09011548 0.11603607 0.12523998 0.07378822 0.11929365 0.11712969 0.09148720 0.05185618 0.16219798 0.11848944 0.09122152 0.14858180 0.09417025 0.12406061 0.09091498 0.10046080 0.11273723 0.08234632 0.13327718 0.09136961 0.09382266 0.07814146 0.09108265 0.08144592 0.09332296 0.14060379 0.08577908 0.09687115 0.07667760 0.13525639 0.05890636 0.07841044 0.11549667 0.08640687 0.04891269 0.14599439 0.10554680 0.10185197 0.08505815 0.17165406 0.06980846 0.08389442 0.07246815 0.08745691 0.07564169 0.08697161 0.13951295 0.07033256 0.05220940 0.08346035 0.07490412 0.09666669 0.09555701 0.11518061 0.10278831 0.09369047 0.13566605 0.05323632 0.05642021 0.13922767 0.13612926 
0.16983148 0.20511993 0.24369593 0.23977575 0.22130693 0.22085393 0.21967680 0.24269281 0.19014206 0.24397996 0.25900739 0.22436399 0.00000000 0.22488887 0.29995085 0.25252583 0.24471878 0.22933752 0.18427953 0.21523957 0.21829796 0.19505401 0.18812099 0.15731130 0.18455879 0.19587988 0.19102962 0.16189922 0.08223571 0.06319235 0.10138341 0.09735481 0.06770426 0.11644063 0.16046804 0.12407100 0.09649891 0.16065554 0.15760229 0.11700413 0.13970627 0.13628452 0.13331019 0.16824440 0.09657526 0.04436201 0.12885564 0.09892777 0.12685857 0.09868713 0.08898188 0.12782988 0.10251394 0.10388093 0.09541719 0.09597702 0.08839300 0.05677468 0.07370289 0.10157825 0.12375518 0.05950175 0.10880693 0.13845261 0.04260012 0.11612217 0.16208367 0.06501897 0.06683840 0.10378050 0.13557127 0.11784131 0.15016681 0.05828778 0.08913556 0.09937759 0.10553702 0.07167314 0.08160007 0.13278255 0.06707183 0.12175169 0.05020183 0.11588838 0.08290592 0.03946332 0.11696159 0.07619997 0.09551169 0.06390587 0.11433616 0.07130252 0.07510498 0.11271330 0.10942368 0.08846990 0.14266726 0.08156049 0.08803864 0.07510103 0.11316050 0.11419538 0.05507841 0.08703496 0.08071403 0.04880620 0.06868369 0.13012294 0.11608405 0.04888906 0.08720233 0.08988359 0.11685553 0.09896329 0.10615750 0.08888313 0.08642592 0.12368883 0.07125544 0.05230234 0.11004450 0.13354057 
0.19750755 0.18786273 0.19357884 0.17840785 0.19727532 0.16522714 0.18670262 0.19482264 0.17624994 0.18037846 0.17172256 0.17229493 0.22488887 0.00000000 0.19301655 0.20241659 0.19977859 0.20356626 0.17323457 0.16640036 0.17022239 0.18382175 0.16681494 0.16575337 0.16880523 0.15687450 0.13162449 0.15561535 0.09354251 0.07025031 0.09396078 0.09551535 0.11952580 0.09263255 0.15001560 0.10031413 0.10539731 0.13364636 0.10693683 0.09729489 0.15028263 0.12261204 0.11267552 0.13005428 0.09645950 0.07714156 0.14183007 0.09280074 0.09703830 0.10201822 0.10645989 0.13058608 0.10196792 0.09106490 0.10453252 0.11110384 0.12872386 0.08807111 0.11262182 0.10441262 0.11272407 0.09582788 0.11478287 0.09655476 0.09443676 0.13038552 0.12703917 0.10924061 0.10546501 0.11835494 0.09585304 0.12052898 0.14580083 0.12041292 0.12590663 0.09673024 0.10332409 0.11632994 0.11242343 0.13919671 0.08713747 0.10553707 0.10238680 0.11765201 0.09508400 0.09459906 0.12354356 0.10035671 0.08091949 0.08956242 0.11440324 0.09592188 0.07450536 0.09532388 0.11025563 0.10791166 0.10813516 0.08614590 0.12221187 0.09860320 0.15097443 0.08788161 0.10176896 0.09032348 0.12129448 0.08063400 0.10580538 0.13236504 0.10882997 0.09636898 0.13205408 0.12379446 0.08601141 0.13255807 0.10597003 0.09880645 0.10786369 0.12159781 0.09197297 0.08408409 0.11553536 0.14297577 
0.17196939 0.20386255 0.21606865 0.22855592 0.23728491 0.23342067 0.21693642 0.24711076 0.18543181 0.23316571 0.24389059 0.24361288 0.29995085 0.19301655 0.00000000 0.25492477 0.23858162 0.23593664 0.16379395 0.20781539 0.23418374 0.21755433 0.19648533 0.15810258 0.19436779 0.20861669 0.17088624 0.16190791 0.08561446 0.06049407 0.10833117 0.09677631 0.09120561 0.08358662 0.14350075 0.11582055 0.12711328 0.12979515 0.12449842 0.08833463 0.11818795 0.14500670 0.09328017 0.14556738 0.09885157 0.04629410 0.12033864 0.10600336 0.12025259 0.11216455 0.08748044 0.10719748 0.09391107 0.10852704 0.07376049 0.09246940 0.08576586 0.10797709 0.10271956 0.09270363 0.14271274 0.07165237 0.10563214 0.11194207 0.05309710 0.10500031 0.11271820 0.07398756 0.13074693 0.11215944 0.11416593 0.08884520 0.15504400 0.08754369 0.09362482 0.07677331 0.11095504 0.09132951 0.10803405 0.10867172 0.07825292 0.09661698 0.06054201 0.10402945 0.08618652 0.04512491 0.10692008 0.11197180 0.08661799 0.06625618 0.11785159 0.09609086 0.06669857 0.11800883 0.09690745 0.08122788 0.12920826 0.11276432 0.09284397 0.06555601 0.12892886 0.12464251 0.06469424 0.10967165 0.08600309 0.06559236 0.06576584 0.13644592 0.07717783 0.08243945 0.10591408 0.10050947 0.10006326 0.09408561 0.12680126 0.08453222 0.09610671 0.10790646 0.06910444 0.05408665 0.09800408 0.14096579 
0.18629575 0.18014201 0.22525402 0.22535744 0.20333011 0.21028755 0.20795313 0.22813788 0.23052692 0.22109767 0.26468239 0.25271890 0.25252583 0.20241659 0.25492477 0.00000000 0.21823547 0.29771592 0.17973720 0.31513827 0.22982049 0.20236910 0.21896499 0.16621644 0.16509468 0.18885732 0.15006737 0.17785647 0.09717417 0.06083082 0.10700000 0.10172004 0.10088568 0.10515825 0.15210663 0.11529181 0.13197622 0.10051248 0.14134615 0.07762369 0.13158745 0.13817749 0.08192984 0.16714177 0.11675595 0.06648869 0.11927326 0.07844010 0.08549957 0.09158121 0.09032016 0.11325279 0.07194121 0.09481574 0.13205852 0.05400466 0.10467458 0.07446588 0.06021676 0.08738989 0.11836351 0.07248837 0.11126078 0.08126202 0.06206513 0.11516228 0.11207292 0.08199162 0.08726511 0.11487575 0.10743770 0.12303988 0.15768562 0.08198408 0.11708690 0.06525146 0.07422766 0.09937422 0.11487842 0.15345716 0.13194537 0.09414820 0.06920280 0.10452164 0.08013923 0.07111638 0.12311765 0.06159424 0.13253176 0.07157439 0.12406512 0.08526876 0.06392271 0.08172231 0.08433356 0.04853949 0.15923577 0.08787309 0.10960947 0.12564732 0.13034777 0.12349424 0.07322603 0.08746197 0.08632914 0.04989602 0.07689267 0.12346405 0.07853130 0.04434266 0.08555499 0.09925625 0.10225804 0.09649724 0.12423321 0.07594541 0.06948268 0.09402548 0.08470864 0.05787736 0.13660101 0.12674920 
0.18809719 0.21962010 0.22329388 0.19685406 0.23074674 0.19205673 0.20382083 0.20345387 0.20159684 0.22146026 0.27814115 0.18291980 0.24471878 0.19977859 0.23858162 0.21823547 0.00000000 0.27174870 0.19491325 0.23717476 0.23221023 0.20497170 0.21405581 0.17382237 0.18380023 0.20946729 0.16601979 0.14416506 0.13167821 0.05966155 0.11171833 0.10277597 0.11237121 0.08145898 0.11234234 0.09767037 0.12081095 0.08845137 0.14140224 0.09917893 0.13117316 0.12824852 0.09970527 0.17935454 0.11309047 0.06551973 0.15535637 0.08789815 0.13618670 0.10640595 0.08399380 0.13970059 0.08817201 0.10744076 0.10972324 0.14707200 0.08483411 0.08164979 0.06755464 0.12208959 0.11626118 0.06548274 0.10550483 0.10569247 0.05682490 0.08935138 0.16420698 0.07712322 0.06096603 0.10287653 0.08200802 0.11713454 0.18487354 0.05939831 0.10324411 0.09552389 0.07126291 0.10819684 0.07316274 0.11406566 0.08593629 0.09047077 0.06328973 0.12937113 0.08997369 0.04098612 0.12445010 0.07911282 0.13202491 0.10205894 0.10665454 0.08933476 0.04936952 0.08996418 0.08594935 0.05552244 0.12389454 0.07809922 0.12227557 0.09690954 0.15334994 0.10312966 0.06837704 0.10827733 0.07455523 0.06572073 0.08396098 0.13156883 0.09730439 0.02646799 0.08369485 0.10130534 0.12225176 0.08917514 0.09896109 0.13182732 0.05102612 0.09972634 0.14543739 0.05276792 0.11617258 0.13819902 
0.16047239 0.15891160 0.22292763 0.23351817 0.22786845 0.20722480 0.18486869 0.19878915 0.19326976 0.21326393 0.22684335 0.23315810 0.22933752 0.20356626 0.23593664 0.29771592 0.27174870 0.00000000 0.22828536 0.25753600 0.21942047 0.26596457 0.25485046 0.16280807 0.19894469 0.21588015 0.15951491 0.15181011 0.10707724 0.06450757 0.12145761 0.08661415 0.08940059 0.12463521 0.12970633 0.13120956 0.14155912 0.09058300 0.12510253 0.07315982 0.14481745 0.12076343 0.08959250 0.17463738 0.09261012 0.06211073 0.13293505 0.12600071 0.11167885 0.09138715 0.08409691 0.11475412 0.08417458 0.12007540 0.08094475 0.11068500 0.08863286 0.09495612 0.08504043 0.12093832 0.08774454 0.05630424 0.08826857 0.08209605 0.06262275 0.10386599 0.11438679 0.08213816 0.09577742 0.10171883 0.11001158 0.08097945 0.14474970 0.08783890 0.09931189 0.06808689 0.04627687 0.09765706 0.13019504 0.10575171 0.11246366 0.09847579 0.07083960 0.10053570 0.08415808 0.06594299 0.11039002 0.07945316 0.11282031 0.06182801 0.11402306 0.08043740 0.06960120 0.10197438 0.09302839 0.06444642 0.14557207 0.08463346 0.11830921 0.07461057 0.17286752 0.08686834 0.07336889 0.11822887 0.08556080 0.05997510 0.07578864 0.13300676 0.09753732 0.04921360 0.09317180 0.10295000 0.09916554 0.10024424 0.14678868 0.10859322 0.06234302 0.12054931 0.10489670 0.05755382 0.10063489 0.12915176 
0.19387658 0.16624988 0.16475380 0.15679384 0.14964009 0.19242760 0.18314404 0.17580265 0.19885062 0.17081486 0.17801458 0.18966626 0.18427953 0.17323457 0.16379395 0.17973720 0.19491325 0.22828536 0.00000000 0.18934294 0.20203669 0.22114586 0.22560512 0.18476896 0.19076515 0.15430983 0.15356410 0.11596681 0.11337643 0.05409260 0.09680706 0.09610901 0.09833366 0.07862045 0.11666241 0.11043463 0.13532692 0.09849020 0.11438469 0.10938060 0.16980392 0.10937051 0.09679361 0.15831035 0.09797202 0.12800352 0.13116211 0.08316985 0.14284609 0.11973003 0.10830149 0.14355722 0.07101087 0.09161672 0.10023887 0.05045419 0.11043336 0.09590728 0.09561799 0.07279670 0.09207241 0.10119797 0.11773045 0.09702185 0.11425941 0.10999600 0.13279495 0.12606381 0.09014810 0.14630486 0.10811227 0.09036660 0.13797032 0.08342198 0.14249897 0.10882408 0.13782789 0.12110476 0.09383104 0.16393800 0.11608525 0.10158520 0.11577440 0.12620980 0.09336304 0.13736211 0.11537108 0.06047306 0.08683307 0.06992962 0.09655671 0.07792527 0.08173587 0.10230407 0.09780742 0.08173713 0.12293950 0.09131522 0.11436820 0.11222530 0.13423827 0.10490316 0.12144699 0.12050300 0.10737667 0.09738435 0.13779096 0.16493494 0.08581482 0.09544656 0.11953205 0.15330420 0.09609222 0.12900488 0.08974548 0.09050321 0.05243042 0.11659782 0.08659116 0.09082581 0.10614173 0.14891490 
0.14576033 0.16657342 0.22104857 0.23589880 0.20841892 0.20225825 0.19099644 0.20655591 0.20365544 0.23528257 0.23433336 0.24671764 0.21523957 0.16640036 0.20781539 0.31513827 0.23717476 0.25753600 0.18934294 0.00000000 0.25722176 0.25463769 0.24344142 0.18966291 0.21984881 0.21422601 0.18827142 0.17650796 0.13653544 0.06467950 0.07875328 0.10113518 0.10250461 0.10298130 0.11023693 0.12837141 0.08110996 0.10635634 0.10314062 0.11638411 0.13803783 0.14149252 0.09670256 0.14249950 0.11004342 0.08124648 0.10481006 0.09366255 0.10402100 0.09369387 0.09662153 0.16994395 0.07504517 0.08959150 0.10219498 0.09724308 0.12497480 0.10030778 0.05437794 0.14144524 0.11996241 0.10912638 0.09640015 0.09812459 0.05255776 0.09894565 0.10639941 0.07348240 0.09146537 0.14495280 0.10840038 0.12885039 0.14534882 0.08217820 0.10600358 0.08853366 0.11629721 0.10756151 0.09336987 0.10886471 0.10049659 0.08111814 0.06760283 0.10279327 0.06865906 0.06569753 0.15093569 0.09077501 0.08377422 0.08274498 0.10536013 0.09110609 0.06517415 0.12246927 0.08435644 0.04718687 0.14631418 0.11511155 0.10932593 0.09224895 0.15894047 0.08736511 0.06479387 0.11362043 0.05128523 0.08132668 0.06750007 0.10926131 0.10337191 0.06222746 0.06448884 0.08585569 0.10469557 0.08050212 0.10967922 0.10510090 0.07275664 0.08648059 0.10204388 0.05000394 0.06157100 0.12842938 
0.15005958 0.19048687 0.21052382 0.22463119 0.22388206 0.19307385 0.19697653 0.19171176 0.18928006 0.21285028 0.26826440 0.20157525 0.21829796 0.17022239 0.23418374 0.22982049 0.23221023 0.21942047 0.20203669 0.25722176 0.00000000 0.26157059 0.30264365 0.18119993 0.20502774 0.22789557 0.16218910 0.16004684 0.11691914 0.10865395 0.09694362 0.10111217 0.08971203 0.08668237 0.10189840 0.10596427 0.10307016 0.11959228 0.09397897 0.06901723 0.15861154 0.12477587 0.08658406 0.15098020 0.10317609 0.09420970 0.13494166 0.11308649 0.12809992 0.08083958 0.12650464 0.15357124 0.11777829 0.09395475 0.08157991 0.09540653 0.10962595 0.08350193 0.07578462 0.12203283 0.13390764 0.11819351 0.06706257 0.10073108 0.04946736 0.11277938 0.11742792 0.07019744 0.08287511 0.13591489 0.10993742 0.09262917 0.14796270 0.07682198 0.09101498 0.07443404 0.12122993 0.08466531 0.10243642 0.11901993 0.06044455 0.11247263 0.06217666 0.10800685 0.09888539 0.08201254 0.12003686 0.14582329 0.14506504 0.09232616 0.10528167 0.06124414 0.03408408 0.08700442 0.14521255 0.08801659 0.12601977 0.10123769 0.10219765 0.06670508 0.14286653 0.07641647 0.06151962 0.07841260 0.07793026 0.10096459 0.07018338 0.12281586 0.11692104 0.06578727 0.06990099 0.07683250 0.10513988 0.08432311 0.13195640 0.07914754 0.10011650 0.09589567 0.08776965 0.05754314 0.09438958 0.12860433 
0.15108337 0.16582707 0.19465447 0.19277451 0.18703415 0.18728439 0.16387558 0.19156768 0.17995959 0.18750677 0.18508676 0.17646090 0.19505401 0.18382175 0.21755433 0.20236910 0.20497170 0.26596457 0.22114586 0.25463769 0.26157059 0.00000000 0.29507247 0.19364721 0.21248994 0.25068425 0.18167902 0.19853618 0.09880900 0.07426479 0.09555945 0.12061746 0.13180830 0.08893089 0.11525168 0.11850056 0.09417118 0.10135043 0.14540740 0.10012287 0.13414474 0.16069858 0.14002647 0.17651667 0.10876508 0.11861548 0.14307775 0.08043033 0.09633721 0.09286207 0.06470780 0.12154106 0.08126955 0.09780048 0.11309467 0.08364673 0.09972860 0.08797444 0.10682511 0.09256155 0.11499818 0.10930943 0.10810382 0.09258477 0.06233765 0.10033676 0.07411478 0.08196214 0.07965917 0.09800616 0.12558688 0.12926481 0.17230057 0.10091931 0.12033279 0.09045416 0.08888914 0.14185412 0.07142962 0.11230920 0.11144095 0.09089550 0.08212375 0.09849280 0.10877341 0.06109622 0.13164730 0.06677110 0.12784545 0.09221883 0.10574198 0.06149826 0.08526955 0.08589041 0.10532978 0.08509790 0.11823441 0.06773688 0.12670699 0.08667581 0.13117646 0.10369204 0.07344931 0.10188607 0.07312385 0.11132883 0.07367523 0.16123159 0.09148765 0.08108146 0.11146441 0.09491714 0.10307803 0.09867706 0.10931154 0.08999476 0.10263727 0.10202918 0.09835223 0.05092078 0.07003968 0.11472572 
0.17177877 0.16496203 0.18722873 0.20746202 0.20992773 0.19024912 0.19886338 0.20414100 0.15309838 0.21638181 0.21533078 0.18309219 0.18812099 0.16681494 0.19648533 0.21896499 0.21405581 0.25485046 0.22560512 0.24344142 0.30264365 0.29507247 0.00000000 0.18831465 0.23452608 0.22659506 0.17995126 0.18947384 0.13141561 0.09046981 0.11005966 0.09830709 0.12278585 0.13311862 0.11260876 0.15583752 0.10402592 0.10041603 0.12513781 0.06420047 0.15489817 0.14513447 0.08213740 0.16349466 0.11014783 0.06977853 0.12037576 0.13196966 0.08407282 0.12005818 0.08792656 0.14020598 0.08078497 0.09365151 0.11800020 0.09444616 0.06472550 0.08489391 0.09653042 0.08230320 0.11038192 0.10537181 0.11057466 0.05523517 0.06030219 0.10392309 0.08579051 0.08007803 0.11944366 0.11892389 0.11077677 0.08094254 0.15667515 0.07110191 0.12872753 0.12778683 0.08043895 0.11770034 0.07426632 0.16043696 0.05940218 0.10005909 0.08779600 0.10092098 0.11113650 0.06380921 0.10049191 0.08333494 0.09268090 0.09880380 0.13541102 0.07751357 0.08719218 0.11927665 0.11221759 0.07590805 0.13373307 0.10732467 0.10468245 0.10971111 0.11617907 0.08897022 0.07134338 0.08768814 0.07401822 0.11056172 0.07388076 0.11573677 0.08886714 0.05901541 0.08720446 0.09199946 0.06849515 0.09504473 0.11362470 0.07662251 0.06334203 0.10539728 0.08445092 0.08905466 0.08096863 0.14611212 
0.17658530 0.17212169 0.15300285 0.17629479 0.15454278 0.14630871 0.15643541 0.15835897 0.15086022 0.15286298 0.18460975 0.18441162 0.15731130 0.16575337 0.15810258 0.16621644 0.17382237 0.16280807 0.18476896 0.18966291 0.18119993 0.19364721 0.18831465 0.00000000 0.17736033 0.13620745 0.12229990 0.14451240 0.09672966 0.10060154 0.13892788 0.11078583 0.10681679 0.09428325 0.14018091 0.11565904 0.15023522 0.11486009 0.11572414 0.09679943 0.15059052 0.12413093 0.10628285 0.14445062 0.10969115 0.09440393 0.14241284 0.09163958 0.11309785 0.10018278 0.13245995 0.16322560 0.10788116 0.08901434 0.09663853 0.10629542 0.12431116 0.09273437 0.10745942 0.08823536 0.10174496 0.10720000 0.10650595 0.09032613 0.09846599 0.16181096 0.13393368 0.10787912 0.12043327 0.11039766 0.12039493 0.09829995 0.16014795 0.10464234 0.13627280 0.12400214 0.10496625 0.13652310 0.10139541 0.16934267 0.08609452 0.14817641 0.09861849 0.12254613 0.11055460 0.09065911 0.13998009 0.10747859 0.09079762 0.09833029 0.11520938 0.07879412 0.08796464 0.09812751 0.09550767 0.09215194 0.09959757 0.06834897 0.10257946 0.10933875 0.11738208 0.10120596 0.10461238 0.11348357 0.13378438 0.10580957 0.10794748 0.13749813 0.08065537 0.09588089 0.10846785 0.13054682 0.09094417 0.11476554 0.11550891 0.11776792 0.08845037 0.09411942 0.13279375 0.09252638 0.11715459 0.15734768 
0.15054142 0.17034339 0.18963516 0.16643843 0.16237511 0.19026639 0.17738695 0.15891900 0.16309182 0.19781123 0.15008930 0.16468638 0.18455879 0.16880523 0.19436779 0.16509468 0.18380023 0.19894469 0.19076515 0.21984881 0.20502774 0.21248994 0.23452608 0.17736033 0.00000000 0.17983182 0.17363056 0.17276077 0.11087436 0.10559101 0.10659316 0.09451200 0.08657337 0.09503681 0.24202399 0.11369996 0.11732621 0.10975324 0.13769855 0.08512654 0.15113624 0.13340557 0.10264202 0.13317607 0.10744138 0.12150136 0.13475029 0.08488173 0.13447966 0.06490903 0.10216813 0.13834674 0.10572483 0.08610140 0.08549646 0.11964543 0.07774214 0.06289525 0.10175105 0.15473326 0.10546305 0.06926216 0.11496250 0.05954115 0.08342827 0.13609734 0.12513018 0.09951470 0.08064430 0.10831775 0.12481117 0.10751766 0.16059035 0.10733306 0.11887677 0.09890353 0.10555753 0.09796978 0.08308924 0.11944201 0.18166532 0.12660890 0.09124026 0.11223615 0.11628161 0.07198566 0.19411517 0.07837904 0.07522529 0.10928298 0.13108586 0.06271405 0.11332159 0.09052347 0.07772966 0.05668147 0.12891132 0.10352551 0.09227956 0.10859767 0.14006870 0.11304303 0.09287139 0.09980190 0.12570317 0.07229978 0.08806541 0.14842974 0.09733359 0.06802882 0.08370043 0.12581995 0.09353585 0.09510591 0.12306203 0.06367574 0.12239678 0.13060906 0.12190017 0.09482807 0.11649362 0.13915466 
0.13247252 0.17342515 0.21976445 0.18959339 0.21641863 0.19862652 0.15862415 0.17368859 0.16432696 0.18779707 0.21455115 0.16083920 0.19587988 0.15687450 0.20861669 0.18885732 0.20946729 0.21588015 0.15430983 0.21422601 0.22789557 0.25068425 0.22659506 0.13620745 0.17983182 0.00000000 0.23505525 0.24031258 0.11079768 0.07537402 0.11275577 0.09422116 0.13947822 0.15763711 0.16431247 0.13836386 0.14635841 0.12521755 0.12133245 0.06721847 0.17742976 0.12839932 0.14263844 0.14510494 0.12023522 0.07608284 0.11743520 0.10431245 0.12464848 0.07645937 0.10711524 0.15945536 0.11980609 0.06137364 0.08460677 0.07177814 0.08391512 0.08723267 0.08776728 0.09597967 0.15249255 0.10333167 0.09615292 0.09751966 0.03237992 0.12525859 0.18983489 0.04864143 0.12211892 0.10384832 0.11751812 0.09501628 0.16380875 0.08803693 0.11313501 0.07300621 0.10706961 0.10914061 0.13162655 0.13504080 0.10428509 0.10727349 0.04182649 0.07617868 0.13253844 0.08153859 0.15230393 0.13027600 0.12067023 0.08387990 0.09948820 0.04982936 0.08424254 0.11100023 0.10960892 0.11182742 0.13758922 0.11026415 0.09574302 0.09270802 0.13906299 0.06458261 0.04534795 0.12323117 0.09909393 0.10291493 0.05101031 0.15178037 0.06738641 0.09364696 0.06767162 0.11826282 0.10627000 0.07037639 0.11769243 0.12873059 0.07526503 0.09243366 0.08840295 0.06565515 0.08697338 0.13824129 
0.13970368 0.14766453 0.17066730 0.15946095 0.18498440 0.18098334 0.18360893 0.14991580 0.15592500 0.17534244 0.17471424 0.17692301 0.19102962 0.13162449 0.17088624 0.15006737 0.16601979 0.15951491 0.15356410 0.18827142 0.16218910 0.18167902 0.17995126 0.12229990 0.17363056 0.23505525 0.00000000 0.25601579 0.17554961 0.12052466 0.19251618 0.09170527 0.13850448 0.09644490 0.11693697 0.12675858 0.13372561 0.10043828 0.14348474 0.08668306 0.08987940 0.18014406 0.10674226 0.15426888 0.08254278 0.13526536 0.12934668 0.12727889 0.09534369 0.07034332 0.10589592 0.18329125 0.08841366 0.10282513 0.10269382 0.08784823 0.11958602 0.10406355 0.15301895 0.13414545 0.11364903 0.09242408 0.15634603 0.12267136 0.06343833 0.14280464 0.15516306 0.07611592 0.06978157 0.11882829 0.16471253 0.13624861 0.15956678 0.10881259 0.11224034 0.09563705 0.08769229 0.12481595 0.08992026 0.13807906 0.09060384 0.12301051 0.07928852 0.10782640 0.08398273 0.07833483 0.09556453 0.08680026 0.08085183 0.08389428 0.08170829 0.08777812 0.08783442 0.10471594 0.20270473 0.08968423 0.11808460 0.12895033 0.13555470 0.10221142 0.15137332 0.06520062 0.06464535 0.09701593 0.12605827 0.10412607 0.07477755 0.19120711 0.08172427 0.16924239 0.07904636 0.08639871 0.12751582 0.09657335 0.07475831 0.12646633 0.06113454 0.13448096 0.10411635 0.07781245 0.10259934 0.14717230 
0.13211583 0.14587403 0.16483045 0.16745659 0.12783531 0.19229211 0.17251801 0.16093360 0.14033131 0.18037989 0.14169692 0.21506764 0.16189922 0.15561535 0.16190791 0.17785647 0.14416506 0.15181011 0.11596681 0.17650796 0.16004684 0.19853618 0.18947384 0.14451240 0.17276077 0.24031258 0.25601579 0.00000000 0.21103648 0.19254630 0.11518919 0.12184109 0.11391320 0.14507755 0.11580409 0.08615114 0.11578759 0.13952649 0.13465903 0.11612985 0.09750986 0.10127576 0.08083484 0.08647500 0.13378197 0.11410814 0.16816640 0.13157211 0.12148156 0.07553118 0.10000391 0.12670960 0.07351372 0.13277721 0.15163599 0.11433122 0.09705348 0.07310757 0.12211006 0.12996777 0.09786123 0.08105498 0.18082919 0.12259735 0.04346191 0.10893314 0.13600829 0.05445770 0.14384442 0.14023995 0.13954727 0.20437196 0.11432187 0.04239915 0.10801136 0.13803272 0.12166170 0.12637158 0.10288863 0.11888340 0.12801547 0.12723244 0.06956025 0.11748474 0.10210839 0.11797563 0.13366125 0.17219837 0.12218882 0.09734599 0.13575054 0.09242302 0.12175195 0.10804386 0.13040860 0.11174126 0.11442347 0.07824780 0.16336096 0.09271046 0.14871668 0.06439696 0.04113580 0.10575069 0.09555623 0.11173327 0.05120084 0.15294826 0.11377676 0.11685822 0.05491720 0.16233016 0.13718870 0.07863666 0.07474337 0.10110070 0.09775245 0.09221862 0.09633624 0.07807888 0.11608023 0.12162984 
0.08218652 0.07610972 0.07239547 0.09317803 0.05999716 0.06536883 0.07234472 0.08560403 0.09477251 0.05464676 0.08206346 0.06835700 0.08223571 0.09354251 0.08561446 0.09717417 0.13167821 0.10707724 0.11337643 0.13653544 0.11691914 0.09880900 0.13141561 0.09672966 0.11087436 0.11079768 0.17554961 0.21103648 0.00000000 0.24940419 0.27576638 0.28604232 0.14910123 0.17534429 0.09614131 0.10784110 0.05916108 0.12008985 0.16758768 0.12675885 0.07681576 0.06290594 0.11176287 0.10742832 0.10893935 0.11425262 0.15109064 0.13900094 0.08603240 0.12576790 0.11278159 0.06691526 0.16698973 0.18848362 0.19696441 0.31065115 0.11448965 0.13202573 0.11770712 0.20413386 0.13565085 0.14431386 0.18782645 0.16907670 0.08728978 0.06976016 0.11693655 0.08033225 0.16991785 0.18417715 0.11937615 0.14935124 0.08025709 0.15476170 0.10694290 0.14510762 0.14813815 0.04710429 0.14194102 0.08005183 0.07425615 0.17257477 0.14249132 0.09887296 0.14677023 0.12742030 0.07727244 0.10990413 0.11070494 0.39994774 0.20175814 0.22914703 0.16298894 0.22136996 0.17911521 0.19129335 0.12380859 0.15199625 0.06582457 0.12907002 0.07519774 0.05645311 0.08123717 0.12910394 0.08934149 0.14307082 0.08514964 0.11687794 0.18167865 0.15242612 0.09022207 0.11651593 0.10887205 0.10497292 0.11544456 0.15572635 0.13632155 0.15841784 0.08383738 0.17546328 0.07283468 0.10031498 
