0.00000000 0.04635435 0.04518333 0.04434505 0.03776428 0.03691371 0.04383471 0.03362071 0.03538862 0.03796597 0.04295506 0.03517110 0.04144026 0.05417724 0.03447226 0.05006085 0.03452772 0.04873812 0.05987279 0.03257082 0.04517154 0.05644733 0.05240429 0.05541132 0.03772136 0.04139764 0.03008868 0.03926302 0.03023478 0.03457353 0.02903820 0.04058514 0.03174090 0.04378779 0.03626678 0.03510375 0.03588661 0.04423505 0.03275622 0.03646876 0.03170624 0.03286734 0.03464930 0.04764229 0.03291998 0.04397080 0.03442781 0.03617050 0.03138322 0.03177443 0.03351202 0.03559425 0.04686384 0.03454388 0.03405173 0.03721488 0.05197699 0.04126335 0.03368172 0.03765166 0.04503202 0.03231430 0.03588331 0.03442897 0.04397080 0.03854686 0.03086269 0.04397080 0.03477403 0.02927562 0.03701814 0.03537101 0.03554674 0.03236471 0.03393539 0.03116073 0.03734021 0.03272513 0.03378215 0.04758693 0.03094967 0.03748867 0.03559425 0.03843054 0.03446632 0.03357463 0.03116712 0.03831003 0.03482141 0.04629331 0.03756823 0.03022064 0.03350458 0.04673778 0.04394331 0.03107884 0.03146212 0.03264017 0.03206207 0.04345823 0.03284872 0.03617841 0.04397080 0.03013251 0.05221673 0.03559425 0.04397080 0.04397080 0.04472970 0.03830468 0.04397080 0.03760437 0.03141527 0.04397080 0.03957567 0.03133287 0.03213281 0.03341866 0.03577636 0.04397080 0.03451494 0.05381219 
0.04635435 0.00000000 0.06118024 0.05273323 0.05322466 0.05012906 0.02803120 0.03901371 0.03152267 0.03960512 0.03823998 0.04422040 0.04843004 0.03906350 0.04004492 0.03956837 0.06044008 0.03448533 0.04075285 0.04656758 0.04211641 0.03691605 0.03256036 0.04158996 0.03163389 0.06235482 0.03412447 0.02960182 0.02270744 0.03950910 0.02357502 0.02032102 0.02255605 0.04477566 0.02742189 0.02921475 0.04681729 0.05320458 0.04760190 0.05021505 0.03291286 0.03313788 0.01844268 0.04492738 0.04614045 0.04235085 0.04682757 0.03607915 0.04025526 0.03582655 0.02087473 0.02858918 0.04916342 0.03547257 0.02036015 0.03209099 0.03179081 0.04281888 0.02423848 0.05436106 0.02913169 0.02298463 0.02892304 0.04585352 0.04235085 0.03112991 0.02809537 0.04235085 0.02997227 0.02374932 0.02412187 0.02507617 0.05357580 0.02872553 0.02471004 0.05086246 0.03515080 0.02130861 0.04758008 0.02278542 0.04459625 0.04664078 0.02858918 0.03066507 0.05087499 0.03705244 0.05722397 0.05469615 0.05134891 0.02250801 0.05220170 0.04677388 0.02609960 0.04332115 0.04808603 0.03658109 0.03724897 0.02870423 0.03845389 0.03474028 0.03884193 0.06002519 0.04235085 0.02825235 0.02898392 0.02858918 0.04235085 0.04235085 0.02773476 0.03128712 0.04235085 0.07089626 0.04460719 0.04235085 0.05376980 0.04475093 0.03413985 0.03301655 0.03688751 0.04235085 0.04843208 0.03980651 
0.04518333 0.06118024 0.00000000 0.05174465 0.04944312 0.05397303 0.03430706 0.04361657 0.03877903 0.05927699 0.05761971 0.03396735 0.05458303 0.04442870 0.04162620 0.03255484 0.04666784 0.02627628 0.03683086 0.03450454 0.05382185 0.04776702 0.03397631 0.05021675 0.04281742 0.06704542 0.04639293 0.03463715 0.02840195 0.04106466 0.02379498 0.02862266 0.02107244 0.04847960 0.05505415 0.04248306 0.04640093 0.04920584 0.05889185 0.04606205 0.03434552 0.05142045 0.04326649 0.03414598 0.04596658 0.03731579 0.04372857 0.05143088 0.05006552 0.04666580 0.02996093 0.01113358 0.04082343 0.03275978 0.02030027 0.04845726 0.04840128 0.05661695 0.00414355 0.04798824 0.04872407 0.02501611 0.05471125 0.03731710 0.03731579 0.01796920 0.03441652 0.03731579 0.01775328 0.04034200 0.03710963 0.04640485 0.04037183 0.04584638 0.00489210 0.04130006 0.03427878 0.00000000 0.04546473 0.02350775 0.02864162 0.04263750 0.01113358 0.01759107 0.04468961 0.04103170 0.02826709 0.04991992 0.05348632 0.02178534 0.04348931 0.03707627 0.03151645 0.04748900 0.05179649 0.02034746 0.03249546 0.03173749 0.03425236 0.05398797 0.04853502 0.03339667 0.03731579 0.04037227 0.01974234 0.01113358 0.03731579 0.03731579 0.04264492 0.01937284 0.03731579 0.03936153 0.04055372 0.03731579 0.04992362 0.04030514 0.03788306 0.04920279 0.04418307 0.03731579 0.03813394 0.05056776 
0.04434505 0.05273323 0.05174465 0.00000000 0.07044525 0.04884884 0.06436193 0.02974461 0.03821442 0.05203955 0.03676756 0.05521688 0.05494336 0.04680982 0.06421275 0.05400441 0.05565377 0.04852421 0.03677176 0.05249340 0.05403783 0.03179391 0.05232210 0.04126094 0.04275986 0.05143097 0.02767828 0.02006580 0.02737757 0.03795872 0.02714322 0.03895400 0.03084406 0.04504051 0.04865480 0.04307939 0.04890780 0.04042650 0.03542940 0.03528957 0.02992440 0.06681921 0.04328505 0.05589086 0.03635154 0.03620861 0.03604042 0.06895393 0.05755919 0.03648537 0.03648892 0.01326347 0.03756885 0.03605362 0.02933801 0.02862694 0.04090729 0.04526296 0.00585802 0.03302688 0.01979632 0.01135765 0.04360979 0.02874409 0.03620861 0.01748234 0.03929586 0.03620861 0.04536810 0.02126928 0.03458702 0.04257454 0.05347790 0.03112056 0.00663011 0.03423301 0.02025842 0.00109557 0.03664954 0.03354529 0.05927636 0.04247588 0.01326347 0.01734260 0.07254012 0.04905737 0.02686232 0.03421710 0.03717656 0.04629422 0.02937713 0.06390505 0.02907215 0.03839173 0.02704900 0.00919064 0.04437813 0.02843754 0.03157627 0.03335088 0.04707838 0.03931907 0.03620861 0.04878767 0.02165151 0.01326347 0.03620861 0.03620861 0.03467140 0.04368039 0.03620861 0.06362509 0.04798279 0.03620861 0.03968395 0.03932863 0.05843745 0.04234246 0.04345818 0.03620861 0.04876452 0.03970509 
0.03776428 0.05322466 0.04944312 0.07044525 0.00000000 0.04814681 0.06340185 0.04288211 0.05373913 0.06184018 0.03370088 0.04821181 0.04234681 0.03721261 0.06950007 0.04939598 0.04298161 0.03510963 0.02802268 0.03924481 0.03288033 0.03514005 0.06984464 0.03543915 0.05008275 0.05135344 0.03598581 0.02047780 0.01543925 0.04282361 0.02888279 0.01984345 0.01558499 0.04644959 0.02366597 0.04526977 0.04117106 0.02189594 0.04574104 0.04358456 0.04707671 0.07644745 0.04595119 0.03542676 0.05685493 0.03734753 0.03545107 0.07160279 0.04270801 0.05738438 0.05111695 0.02084819 0.02157244 0.05780841 0.01891923 0.03310396 0.01697771 0.03951667 0.01394594 0.05364615 0.03527360 0.01236604 0.03629329 0.02694796 0.03734753 0.02148843 0.04787022 0.03734753 0.03095423 0.01463776 0.04316344 0.02505706 0.03458310 0.04083078 0.01457018 0.03577191 0.05804500 0.00884214 0.04330117 0.00242394 0.05874342 0.04753977 0.02084819 0.02158600 0.05629321 0.04291624 0.02858028 0.06702233 0.03126057 0.00846715 0.04621673 0.05750029 0.04395119 0.04209416 0.02545197 0.02616079 0.04700164 0.05503028 0.02777561 0.02185492 0.03963170 0.02318500 0.03734753 0.03971122 0.01744121 0.02084819 0.03734753 0.03734753 0.04610484 0.04540103 0.03734753 0.07498510 0.04469972 0.03734753 0.02211464 0.03693137 0.06208750 0.04256443 0.04183775 0.03734753 0.05949106 0.02992478 
0.03691371 0.05012906 0.05397303 0.04884884 0.04814681 0.00000000 0.05786326 0.07303732 0.04673217 0.05889367 0.05569562 0.02494951 0.04355770 0.03780263 0.04743201 0.04001514 0.04930604 0.03497222 0.02496613 0.04180299 0.05060199 0.04939429 0.04386522 0.03812253 0.03754976 0.06027511 0.05880720 0.05334958 0.02213072 0.05416890 0.04425061 0.04723783 0.02130683 0.04555075 0.03790333 0.03861727 0.03502573 0.05056793 0.04317426 0.05988081 0.05659000 0.03342095 0.05437103 0.03697066 0.04861993 0.03743094 0.03064388 0.03558549 0.03928497 0.01946570 0.02007058 0.01997839 0.04543870 0.05144510 0.02320683 0.02406644 0.04567303 0.04075414 0.01317659 0.04078790 0.03978391 0.01752417 0.04820133 0.02719792 0.03743094 0.02139294 0.02174683 0.03743094 0.04774653 0.02025491 0.02423827 0.02486100 0.03497197 0.05782046 0.01384504 0.03228908 0.07430935 0.00819685 0.06393832 0.01563760 0.03350817 0.02619931 0.01997839 0.02132355 0.06226754 0.05202453 0.05813476 0.04412062 0.05865309 0.02010024 0.06055520 0.04427913 0.03693493 0.03098849 0.04042754 0.01221934 0.04081365 0.04932974 0.01585644 0.03604293 0.05115115 0.04808203 0.03743094 0.01336718 0.01175090 0.01997839 0.03743094 0.03743094 0.04877879 0.06375174 0.03743094 0.02238552 0.03573950 0.03743094 0.04021831 0.01981936 0.04856803 0.03599661 0.04672366 0.03743094 0.03808299 0.03122833 
0.04383471 0.02803120 0.03430706 0.06436193 0.06340185 0.05786326 0.00000000 0.03191000 0.03883364 0.03735566 0.06292619 0.03905104 0.04971871 0.04381405 0.05598309 0.04515800 0.02996741 0.04079777 0.04245343 0.03157114 0.05052596 0.03062659 0.06270711 0.04124289 0.02245217 0.04017070 0.03056639 0.03087119 0.05415601 0.03119550 0.03677893 0.05404215 0.05862143 0.04527968 0.01031566 0.05187577 0.03460588 0.05478118 0.03377952 0.04909696 0.01919767 0.03435325 0.04432250 0.03308843 0.05440322 0.03939400 0.02556174 0.04754575 0.05374329 0.01850829 0.02672197 0.03360884 0.03368712 0.02490872 0.03812508 0.03276340 0.05079921 0.03346562 0.02833326 0.03087762 0.03262566 0.02328533 0.03775780 0.02356636 0.03939400 0.02977766 0.03336022 0.03939400 0.02632885 0.01912642 0.03601406 0.05387301 0.03214570 0.02830648 0.02876446 0.03060183 0.06369283 0.02376838 0.02768901 0.04868006 0.05406398 0.04126396 0.03360884 0.02994301 0.03977237 0.09246409 0.01751259 0.03397769 0.02451439 0.07202742 0.04856640 0.04661696 0.03125271 0.03830104 0.04070806 0.02033193 0.02573744 0.04822228 0.03924078 0.02234307 0.03721993 0.03906001 0.03939400 0.02741369 0.03815503 0.03360884 0.03939400 0.03939400 0.07653197 0.05174027 0.03939400 0.02152293 0.04023069 0.03939400 0.02126653 0.03943202 0.04453856 0.02187213 0.04554572 0.03939400 0.03517561 0.03168743 
0.03362071 0.03901371 0.04361657 0.02974461 0.04288211 0.07303732 0.03191000 0.00000000 0.03254623 0.06787518 0.05099094 0.06048313 0.06571039 0.03125721 0.06734903 0.04296485 0.02872675 0.03943000 0.02378023 0.04018267 0.03357472 0.02925314 0.03708497 0.04847189 0.05152917 0.03997548 0.03244491 0.03996613 0.01116543 0.03524987 0.05174943 0.01585855 0.03017509 0.02486002 0.04045621 0.03006055 0.03993813 0.02807520 0.03986975 0.06446921 0.06072648 0.03042315 0.04853054 0.05190871 0.02828246 0.03862970 0.03253420 0.02961625 0.03677017 0.03532323 0.02097789 0.03173734 0.03059343 0.06849170 0.00741337 0.06871082 0.03668210 0.01094524 0.02620810 0.03956832 0.05496731 0.01858168 0.04669029 0.05522319 0.03862970 0.02828846 0.03784169 0.03862970 0.06144261 0.03227777 0.05294190 0.02317289 0.02025372 0.01585885 0.02655753 0.03477478 0.05760088 0.02150990 0.04339908 0.00716510 0.02811505 0.03268953 0.03173734 0.02842370 0.02487960 0.03596176 0.04390596 0.04242829 0.03767489 0.02468001 0.04619758 0.06522211 0.02644085 0.02784013 0.01993706 0.04377907 0.06144040 0.03447680 0.04024931 0.04302859 0.03181361 0.05968345 0.03862970 0.02651284 0.01988218 0.03173734 0.03862970 0.03862970 0.06158852 0.06514174 0.03862970 0.02674532 0.04180281 0.03862970 0.02945599 0.04380670 0.05691485 0.04964836 0.05147068 0.03862970 0.06270885 0.04488628 
0.03538862 0.03152267 0.03877903 0.03821442 0.05373913 0.04673217 0.03883364 0.03254623 0.00000000 0.03881294 0.05049617 0.04828103 0.02277645 0.03245673 0.02682986 0.04188844 0.03437169 0.04563602 0.04246416 0.05580337 0.03948998 0.03347045 0.04561141 0.03162965 0.03832735 0.02893280 0.02853781 0.02928649 0.03419265 0.02425605 0.04045874 0.03675865 0.04389865 0.05028519 0.02999832 0.03434837 0.03454619 0.02081524 0.02731946 0.04565342 0.06119247 0.03317657 0.03831025 0.02136739 0.02345295 0.04129091 0.02131373 0.01898607 0.02042804 0.06044613 0.03349821 0.05422384 0.03173434 0.05259279 0.03084674 0.04149332 0.02587786 0.02696670 0.05155515 0.03022882 0.02623116 0.04210507 0.02877656 0.04640081 0.04129091 0.04178436 0.03344779 0.04129091 0.04184193 0.02626321 0.03065323 0.03841170 0.02761046 0.03065863 0.05149547 0.04140691 0.04451939 0.04730396 0.04228634 0.04174203 0.02988428 0.05018555 0.05422384 0.04248064 0.03665490 0.04021814 0.03050085 0.03396854 0.03519660 0.03537742 0.03181872 0.04454976 0.08662380 0.05032550 0.02279661 0.04453960 0.06089721 0.02528774 0.03931074 0.02843745 0.05221776 0.04314047 0.04129091 0.04608042 0.05435978 0.05422384 0.04129091 0.04129091 0.02817932 0.03341452 0.04129091 0.03816155 0.03983609 0.04129091 0.02832688 0.03378225 0.03581534 0.03042078 0.05315913 0.04129091 0.03974130 0.03647912 
0.03796597 0.03960512 0.05927699 0.05203955 0.06184018 0.05889367 0.03735566 0.06787518 0.03881294 0.00000000 0.04641887 0.05009432 0.05910651 0.03583395 0.05912977 0.03307495 0.03287687 0.03518382 0.02513602 0.03204022 0.04626654 0.04125775 0.06504204 0.04311412 0.06906067 0.05682375 0.05802535 0.05123347 0.02708180 0.02956013 0.03954843 0.03357891 0.01792868 0.04519039 0.06278103 0.05634722 0.03756337 0.03122626 0.07670021 0.03850371 0.03906274 0.03320026 0.04593226 0.05826927 0.04626984 0.03659565 0.03532662 0.05898975 0.04331274 0.04068780 0.01688192 0.01350724 0.03487168 0.05293078 0.02774444 0.04704311 0.03585839 0.04924131 0.00582807 0.04357638 0.04261881 0.01945705 0.04850260 0.04993335 0.03659565 0.01728800 0.01876304 0.03659565 0.03865469 0.03154049 0.04527501 0.02712577 0.01948456 0.04087422 0.00665530 0.03317564 0.04083272 0.00061578 0.04842823 0.01147479 0.03381575 0.03486958 0.01350724 0.01713098 0.04382979 0.02176755 0.04079550 0.04715852 0.05705313 0.02397347 0.04287977 0.04194819 0.02963882 0.03483759 0.03681859 0.01449347 0.03616286 0.03103964 0.02602578 0.03853828 0.05154134 0.04140005 0.03659565 0.03232265 0.00888219 0.01350724 0.03659565 0.03659565 0.04597780 0.05023247 0.03659565 0.03969953 0.04056194 0.03659565 0.03586190 0.04316058 0.05874685 0.05558951 0.06971881 0.03659565 0.04766585 0.04185109 
0.04295506 0.03823998 0.05761971 0.03676756 0.03370088 0.05569562 0.06292619 0.05099094 0.05049617 0.04641887 0.00000000 0.05624723 0.04535621 0.04905535 0.05086274 0.06053435 0.06264030 0.05627467 0.03547410 0.05970759 0.05973625 0.03077879 0.04134967 0.04449150 0.04558459 0.04257007 0.02623887 0.02992447 0.03274223 0.03903693 0.02453546 0.02740244 0.02773918 0.03587560 0.01857312 0.03514575 0.05050532 0.04558185 0.04565064 0.04313740 0.03801586 0.03008485 0.04444097 0.02921305 0.03720755 0.03715348 0.04011196 0.03218288 0.03767513 0.03910496 0.02341163 0.01815286 0.03756109 0.04866224 0.02810187 0.04996174 0.03066583 0.03324218 0.01096437 0.03435173 0.02479393 0.02553841 0.03756334 0.04816940 0.03715348 0.02009461 0.03048298 0.03715348 0.06559999 0.05506045 0.03499999 0.05808704 0.02950439 0.04035500 0.01167540 0.03122846 0.05044396 0.00598013 0.05231177 0.02468093 0.00592324 0.02625058 0.01815286 0.01992523 0.02108149 0.03486085 0.03426203 0.03553067 0.04322299 0.02466809 0.06022229 0.05643970 0.04109867 0.04487138 0.06332356 0.02108397 0.04221762 0.01070681 0.02991587 0.07475171 0.04209371 0.05804252 0.03715348 0.02272028 0.02257888 0.01815286 0.03715348 0.03715348 0.08358633 0.04489794 0.03715348 0.02530224 0.03656168 0.03715348 0.04161218 0.04849641 0.03846052 0.05651505 0.04774042 0.03715348 0.05869865 0.04389222 
0.03517110 0.04422040 0.03396735 0.05521688 0.04821181 0.02494951 0.03905104 0.06048313 0.04828103 0.05009432 0.05624723 0.00000000 0.05417618 0.03561452 0.07092920 0.06442944 0.04213369 0.05534505 0.02932395 0.05682686 0.04007489 0.02850117 0.05024599 0.04159886 0.01652826 0.02861336 0.03056250 0.05389219 0.02699523 0.02265291 0.03175793 0.02397938 0.03998913 0.02860502 0.07241088 0.05391989 0.07597884 0.05469057 0.04476632 0.04941200 0.03298254 0.01827220 0.03475673 0.03585268 0.01733610 0.03942356 0.05551819 0.02764660 0.02532418 0.05430063 0.01353890 0.03302942 0.02522498 0.07693694 0.03115763 0.04639779 0.02784483 0.05526052 0.02727158 0.03813819 0.02660385 0.03937020 0.04022541 0.03983269 0.03942356 0.02887540 0.04569729 0.03942356 0.04800205 0.02902146 0.05026489 0.04842025 0.03362018 0.03196962 0.02776078 0.03642995 0.03011222 0.02224429 0.03969131 0.02561977 0.02328063 0.03069550 0.03302942 0.02899767 0.02781966 0.01109314 0.03955448 0.00863768 0.01950545 0.03094986 0.04613638 0.04700348 0.04046093 0.03238007 0.03543690 0.02082507 0.04797201 0.03492490 0.02984244 0.05388335 0.05032730 0.04271611 0.03942356 0.02335061 0.02599009 0.03302942 0.03942356 0.03942356 0.02247869 0.04927311 0.03942356 0.06623942 0.02953166 0.03942356 0.04091903 0.02998584 0.06329442 0.05763984 0.02710008 0.03942356 0.05995768 0.03470829 
0.04144026 0.04843004 0.05458303 0.05494336 0.04234681 0.04355770 0.04971871 0.06571039 0.02277645 0.05910651 0.04535621 0.05417618 0.00000000 0.04437325 0.05620572 0.04123114 0.05108873 0.03904545 0.03130944 0.06880311 0.04584130 0.02896499 0.04152263 0.04056255 0.03623554 0.04411368 0.03832230 0.03637850 0.03609841 0.05163400 0.02524064 0.04623158 0.03214510 0.04580608 0.03951910 0.04248373 0.02651880 0.05213166 0.05344624 0.05485996 0.06500879 0.03283729 0.05042144 0.06900613 0.04240938 0.03644519 0.04449636 0.03697893 0.04748485 0.03471116 0.06115985 0.01290931 0.03892451 0.04814132 0.04708710 0.03911164 0.04952048 0.03532855 0.00545202 0.03651000 0.04721848 0.02145453 0.05642828 0.05346998 0.03644519 0.01750959 0.03847759 0.03644519 0.04622246 0.02981369 0.03523324 0.01958151 0.04805099 0.04055770 0.00622528 0.04130841 0.04167227 0.00066770 0.04335943 0.02767933 0.04661054 0.03015473 0.01290931 0.01724929 0.03944155 0.01493595 0.04023694 0.03950231 0.04166931 0.02498892 0.03155343 0.06305717 0.01505400 0.03892083 0.04759446 0.01989750 0.04571471 0.03573294 0.03833769 0.04168067 0.04622538 0.02638499 0.03644519 0.01838881 0.01562705 0.01290931 0.03644519 0.03644519 0.06008231 0.05974338 0.03644519 0.02492217 0.04745954 0.03644519 0.02877617 0.03374504 0.03921804 0.04060128 0.04304731 0.03644519 0.03810034 0.03745453 
0.05417724 0.03906350 0.04442870 0.04680982 0.03721261 0.03780263 0.04381405 0.03125721 0.03245673 0.03583395 0.04905535 0.03561452 0.04437325 0.00000000 0.02867927 0.04386284 0.05115492 0.04487305 0.05457181 0.04473907 0.03938342 0.05024854 0.04598258 0.05084570 0.03908268 0.03710554 0.02986842 0.03863081 0.05173356 0.04297037 0.04096942 0.05251784 0.04115135 0.03632115 0.03698847 0.04354958 0.03572490 0.04195092 0.02593569 0.03070268 0.02990179 0.03142013 0.04042866 0.04297422 0.03202603 0.04268650 0.03713467 0.04200365 0.05278503 0.03738809 0.03160056 0.03162717 0.04064888 0.03190091 0.04483159 0.04446658 0.04822540 0.03539176 0.02852298 0.03972753 0.03922161 0.02672180 0.04922511 0.02982246 0.04268650 0.03434705 0.03673520 0.04268650 0.02976543 0.05541258 0.03298122 0.03500215 0.03669943 0.02814348 0.02888401 0.02708602 0.03761562 0.02648973 0.03136869 0.05413854 0.03606820 0.03308670 0.03162717 0.03411978 0.03459131 0.03034333 0.02377687 0.04046279 0.04639251 0.05186725 0.04661213 0.02623326 0.02887534 0.03775691 0.04318657 0.02494055 0.02479761 0.03030094 0.04145453 0.04793099 0.03495690 0.02826679 0.04268650 0.03285151 0.04510715 0.03162717 0.04268650 0.04268650 0.04389154 0.03422226 0.04268650 0.03579696 0.03128082 0.04268650 0.03745475 0.04941256 0.03024140 0.02711859 0.02642241 0.04268650 0.03878433 0.04990126 
0.03447226 0.04004492 0.04162620 0.06421275 0.06950007 0.04743201 0.05598309 0.06734903 0.02682986 0.05912977 0.05086274 0.07092920 0.05620572 0.02867927 0.00000000 0.04827953 0.04234248 0.03212078 0.02111067 0.06108473 0.06041197 0.03183573 0.05318629 0.04403026 0.01915757 0.03975960 0.02750138 0.03225008 0.01030558 0.03766550 0.01039917 0.03722770 0.02701866 0.02524746 0.03319039 0.06304846 0.03132278 0.06271313 0.03413497 0.02669162 0.03407653 0.04095533 0.05290579 0.06269023 0.03378039 0.03892997 0.01555726 0.03436321 0.05263589 0.05014160 0.06857375 0.02202245 0.03476224 0.07396336 0.04109569 0.04378601 0.02893297 0.01858048 0.01591540 0.03866282 0.02950974 0.03108904 0.04221289 0.04610824 0.03892997 0.02381525 0.03898992 0.03892997 0.06559575 0.02461472 0.04926790 0.02935143 0.02861586 0.03310347 0.01645659 0.02560066 0.04397933 0.01169893 0.05002058 0.00907835 0.04059771 0.02937668 0.02202245 0.02399007 0.04451842 0.04548540 0.02405791 0.04009597 0.03261539 0.03308104 0.02759084 0.04900851 0.02078378 0.04458816 0.03972311 0.02886993 0.04906048 0.06343659 0.03374211 0.03272866 0.03782561 0.05331072 0.03892997 0.02818187 0.00909162 0.02202245 0.03892997 0.03892997 0.04332977 0.05876935 0.03892997 0.02826663 0.04552381 0.03892997 0.03648695 0.03223232 0.07370757 0.04492631 0.03046594 0.03892997 0.05518955 0.04082564 
0.05006085 0.03956837 0.03255484 0.05400441 0.04939598 0.04001514 0.04515800 0.04296485 0.04188844 0.03307495 0.06053435 0.06442944 0.04123114 0.04386284 0.04827953 0.00000000 0.06475665 0.09416724 0.05055656 0.07434742 0.05660096 0.05461843 0.07934504 0.04643097 0.06047875 0.05024064 0.02096729 0.03763897 0.01984005 0.02726433 0.03244693 0.02631077 0.02866151 0.03019587 0.03050466 0.05722770 0.06316542 0.04515773 0.03839652 0.02683229 0.03471844 0.03481481 0.02316933 0.06100715 0.03567956 0.03975411 0.03246138 0.05823653 0.02077405 0.02513963 0.01040998 0.02844036 0.03825068 0.05118151 0.02703295 0.05755698 0.04470080 0.04172302 0.02318976 0.04035994 0.03289621 0.01807325 0.02533286 0.04043888 0.03975411 0.02795236 0.04985595 0.03975411 0.06402467 0.01585946 0.03635034 0.05445559 0.03709257 0.01846857 0.02358528 0.01956086 0.02202381 0.01928936 0.03853691 0.04622590 0.01298907 0.01124171 0.02844036 0.02799198 0.03215942 0.05716341 0.03390067 0.02808066 0.03326447 0.04751484 0.04299791 0.06142543 0.03440924 0.02313926 0.03176887 0.01473270 0.04748617 0.01124978 0.02120651 0.06464297 0.02708308 0.03126391 0.03975411 0.03075214 0.04318326 0.02844036 0.03975411 0.03975411 0.03555702 0.04942256 0.03975411 0.03522517 0.03424197 0.03975411 0.05370482 0.03024354 0.02683331 0.03311215 0.03745661 0.03975411 0.04653879 0.04206851 
0.03452772 0.06044008 0.04666784 0.05565377 0.04298161 0.04930604 0.02996741 0.02872675 0.03437169 0.03287687 0.06264030 0.04213369 0.05108873 0.05115492 0.04234248 0.06475665 0.00000000 0.06736768 0.02246074 0.08732958 0.06116743 0.03795093 0.03811188 0.03176018 0.04223694 0.07588099 0.05156428 0.02114161 0.03268401 0.05453633 0.03191114 0.03037538 0.02771925 0.03710514 0.03370316 0.03580579 0.03168403 0.05295411 0.04474412 0.04096984 0.04750972 0.03798408 0.04361060 0.03601731 0.03040073 0.03826853 0.04444673 0.04054637 0.05334721 0.03030579 0.03459000 0.02275553 0.06041084 0.03498959 0.03439567 0.04396011 0.02499944 0.02960363 0.01631291 0.04399974 0.02114374 0.01436903 0.03765049 0.04093098 0.03826853 0.02312233 0.05775638 0.03826853 0.04422662 0.04027844 0.02687286 0.06982235 0.03966170 0.04217551 0.01691014 0.03574219 0.04294916 0.01140414 0.05390478 0.02798423 0.03657328 0.02132284 0.02275553 0.02333465 0.02370305 0.02531605 0.04471233 0.04915090 0.04735368 0.03531972 0.04681120 0.05827914 0.02641543 0.03808866 0.04051550 0.01139599 0.03935584 0.04213924 0.02659983 0.06132537 0.05037375 0.02424313 0.03826853 0.03569881 0.01123713 0.02275553 0.03826853 0.03826853 0.03130307 0.04399409 0.03826853 0.03940206 0.03500828 0.03826853 0.05305267 0.04495297 0.02772705 0.02836180 0.03820836 0.03826853 0.03585052 0.04277991 
0.04873812 0.03448533 0.02627628 0.04852421 0.03510963 0.03497222 0.04079777 0.03943000 0.04563602 0.03518382 0.05627467 0.05534505 0.03904545 0.04487305 0.03212078 0.09416724 0.06736768 0.00000000 0.05011034 0.05767740 0.06674286 0.04432947 0.07039807 0.04409772 0.06566117 0.06749190 0.02885578 0.03428453 0.02856358 0.02282375 0.03599807 0.02975314 0.01869612 0.04555427 0.02437491 0.05595172 0.05665152 0.04600000 0.03300479 0.02869922 0.03052332 0.01986252 0.02365522 0.04185364 0.03337557 0.03709707 0.03537196 0.05292163 0.02084725 0.03940850 0.01719911 0.03040965 0.04529061 0.05451765 0.03148052 0.05423134 0.06105831 0.04724664 0.02412614 0.03759106 0.02537121 0.01647679 0.04647003 0.04842148 0.03709707 0.02606812 0.03094795 0.03709707 0.06267197 0.01777646 0.04143985 0.04643651 0.03799780 0.01325083 0.02466469 0.02810963 0.01792099 0.01891445 0.03351775 0.04991794 0.01730814 0.02335694 0.03040965 0.02610370 0.03556386 0.04461734 0.05059371 0.03205041 0.03918873 0.05016336 0.05058815 0.06226101 0.03373203 0.03718534 0.03720902 0.01400114 0.05694869 0.01022410 0.01977252 0.06585105 0.02003303 0.02673748 0.03709707 0.04294044 0.05111549 0.03040965 0.03709707 0.03709707 0.03399305 0.04369565 0.03709707 0.03478728 0.02648079 0.03709707 0.05383979 0.03693548 0.03562687 0.04010590 0.04599255 0.03709707 0.04664366 0.04032312 
0.05987279 0.04075285 0.03683086 0.03677176 0.02802268 0.02496613 0.04245343 0.02378023 0.04246416 0.02513602 0.03547410 0.02932395 0.03130944 0.05457181 0.02111067 0.05055656 0.02246074 0.05011034 0.00000000 0.02134947 0.04074974 0.07124875 0.06148638 0.05643808 0.03570212 0.03241364 0.02528020 0.04042224 0.04041236 0.03268330 0.03078955 0.04928590 0.04965644 0.03966156 0.03804798 0.02803380 0.02926382 0.03866278 0.02543010 0.03506508 0.03273426 0.03074086 0.02490209 0.05383735 0.02329573 0.04065620 0.02963686 0.02360703 0.01736702 0.03246533 0.03127468 0.05949579 0.05314605 0.02528089 0.03911872 0.03587117 0.04342630 0.05183478 0.05628481 0.03535648 0.05689696 0.04642964 0.02750439 0.03079217 0.04065620 0.04293061 0.03347282 0.04065620 0.02944819 0.03029174 0.04042014 0.04046202 0.04112104 0.03640773 0.05631522 0.02005812 0.03062380 0.05136757 0.02103566 0.05697320 0.03056075 0.04091866 0.05949579 0.04353201 0.03656313 0.04029672 0.02472840 0.02646654 0.02675291 0.05105673 0.03930065 0.02751395 0.05435518 0.04219606 0.04596288 0.04939679 0.02522467 0.03180930 0.04367190 0.04601029 0.03798994 0.04198480 0.04065620 0.03730269 0.06856667 0.05949579 0.04065620 0.04065620 0.03615536 0.03114280 0.04065620 0.04650064 0.02972683 0.04065620 0.03678808 0.03563881 0.03797968 0.02592842 0.03288444 0.04065620 0.02417475 0.05233136 
0.03257082 0.04656758 0.03450454 0.05249340 0.03924481 0.04180299 0.03157114 0.04018267 0.05580337 0.03204022 0.05970759 0.05682686 0.06880311 0.04473907 0.06108473 0.07434742 0.08732958 0.05767740 0.02134947 0.00000000 0.06401981 0.03233889 0.04306380 0.02994237 0.02898655 0.05284291 0.03353368 0.02379717 0.04076971 0.02400215 0.05486784 0.03409725 0.03539964 0.03122116 0.03772212 0.04298736 0.04440629 0.06370426 0.02649098 0.06372466 0.04906141 0.01826327 0.04286569 0.04502493 0.04892686 0.03726265 0.04508692 0.03363747 0.03086658 0.01594097 0.04492426 0.02649196 0.05036442 0.05305988 0.03062075 0.04200445 0.03039336 0.02707181 0.01966628 0.05244063 0.03976487 0.01503934 0.03223153 0.03701644 0.03726265 0.02413884 0.05939532 0.03726265 0.06058674 0.03610553 0.04063882 0.05782034 0.02915840 0.02521416 0.02032717 0.05847809 0.03781025 0.01427743 0.03996751 0.02785170 0.03120028 0.02075140 0.02649196 0.02390679 0.01931344 0.04225079 0.03740563 0.04457471 0.05021460 0.02521671 0.03716971 0.03295839 0.04283140 0.03164501 0.02516423 0.01055311 0.04975481 0.02496363 0.02157424 0.04712636 0.05077199 0.02628716 0.03726265 0.02498156 0.02632619 0.02649196 0.03726265 0.03726265 0.05057631 0.05584569 0.03726265 0.04790900 0.05216902 0.03726265 0.03534306 0.03118884 0.04084181 0.03492031 0.03841989 0.03726265 0.03883422 0.04080184 
0.04517154 0.04211641 0.05382185 0.05403783 0.03288033 0.05060199 0.05052596 0.03357472 0.03948998 0.04626654 0.05973625 0.04007489 0.04584130 0.03938342 0.06041197 0.05660096 0.06116743 0.06674286 0.04074974 0.06401981 0.00000000 0.04144143 0.04529951 0.04430651 0.04911399 0.08611345 0.03256680 0.03414426 0.02234171 0.02516344 0.02043605 0.03462302 0.01957735 0.04606583 0.04288982 0.04469213 0.04513991 0.05866151 0.05178050 0.01963970 0.03131698 0.02508686 0.03122878 0.03087054 0.03161674 0.03649094 0.03562125 0.04121538 0.04603321 0.02541240 0.03720210 0.02058264 0.05284491 0.06067274 0.03600878 0.04438802 0.04952121 0.06260861 0.01289461 0.04706270 0.03945743 0.02079405 0.04446116 0.03728062 0.03649094 0.01996484 0.02768495 0.03649094 0.05290105 0.02000899 0.02183144 0.03268059 0.02541695 0.03272603 0.01373212 0.04969150 0.04937188 0.00714135 0.05088803 0.03047137 0.01802370 0.04302982 0.02058264 0.01986709 0.03870903 0.02676907 0.04094937 0.05249859 0.04468997 0.03693148 0.03679934 0.04847493 0.02638563 0.05066340 0.06042574 0.01961197 0.04953608 0.02904584 0.02631148 0.04739792 0.04168068 0.03522872 0.03649094 0.01915713 0.03749820 0.02058264 0.03649094 0.03649094 0.04733849 0.04579272 0.03649094 0.03901283 0.04534832 0.03649094 0.05357835 0.02195267 0.03700983 0.06160786 0.02651751 0.03649094 0.03627020 0.04369994 
0.05644733 0.03691605 0.04776702 0.03179391 0.03514005 0.04939429 0.03062659 0.02925314 0.03347045 0.04125775 0.03077879 0.02850117 0.02896499 0.05024854 0.03183573 0.05461843 0.03795093 0.04432947 0.07124875 0.03233889 0.04144143 0.00000000 0.04896104 0.05218934 0.03144170 0.03684214 0.05710570 0.05325489 0.02759286 0.04813692 0.02422384 0.03222868 0.03847993 0.03734402 0.06232996 0.03074213 0.02371138 0.04093989 0.05307552 0.03761774 0.03808765 0.03758396 0.03103267 0.06252958 0.02488888 0.03992436 0.04437617 0.03577124 0.02554225 0.02839880 0.03554008 0.05126876 0.04818794 0.02624032 0.03460047 0.05760983 0.03672674 0.05873287 0.04723794 0.04601975 0.04128113 0.03613258 0.02598706 0.02515482 0.03992436 0.03813655 0.04071936 0.03992436 0.03406099 0.01850910 0.02994358 0.03383411 0.03072168 0.05501256 0.04744540 0.01282455 0.02249365 0.04218717 0.03364500 0.04248187 0.02573334 0.04668347 0.05126876 0.03864760 0.03005949 0.03559118 0.03683126 0.03430458 0.04029769 0.03703013 0.03933861 0.02708474 0.04419694 0.03770175 0.03695879 0.03785074 0.02917580 0.04517712 0.03338995 0.03394745 0.04372329 0.03680472 0.03992436 0.02722814 0.05686442 0.05126876 0.03992436 0.03992436 0.03780858 0.03009656 0.03992436 0.03974435 0.02703198 0.03992436 0.03118557 0.03752114 0.04088454 0.03207462 0.03788693 0.03992436 0.02787134 0.04797672 
0.05240429 0.03256036 0.03397631 0.05232210 0.06984464 0.04386522 0.06270711 0.03708497 0.04561141 0.06504204 0.04134967 0.05024599 0.04152263 0.04598258 0.05318629 0.07934504 0.03811188 0.07039807 0.06148638 0.04306380 0.04529951 0.04896104 0.00000000 0.04762933 0.04285902 0.04962807 0.03961284 0.03348760 0.01751027 0.04620422 0.02764024 0.04825054 0.03001848 0.04489873 0.01989037 0.07399243 0.03385098 0.04232613 0.03269556 0.02716221 0.03681674 0.04455606 0.02052458 0.05581521 0.03938243 0.03832074 0.03778732 0.07211800 0.02608208 0.02878260 0.01954238 0.04283931 0.03514805 0.02719720 0.03918420 0.02586265 0.03303453 0.04784084 0.03725378 0.02750211 0.03085593 0.02645712 0.02591009 0.02033947 0.03832074 0.03231853 0.04125751 0.03832074 0.02531831 0.01357646 0.03017293 0.02550290 0.02759072 0.01716024 0.03761509 0.01551853 0.02059945 0.03178167 0.02977366 0.02836921 0.04263367 0.01911951 0.04283931 0.03255137 0.04675076 0.05994149 0.03427521 0.03032195 0.03818671 0.03488071 0.03746436 0.04664493 0.05284144 0.04825232 0.03232241 0.02654505 0.04454270 0.04301409 0.02517281 0.04733534 0.02316597 0.04136017 0.03832074 0.02539110 0.04395308 0.04283931 0.03832074 0.03832074 0.05678399 0.04752597 0.03832074 0.03558327 0.01197408 0.03832074 0.03964439 0.03144658 0.04114165 0.03794698 0.03979856 0.03832074 0.04309751 0.04351928 
0.05541132 0.04158996 0.05021675 0.04126094 0.03543915 0.03812253 0.04124289 0.04847189 0.03162965 0.04311412 0.04449150 0.04159886 0.04056255 0.05084570 0.04403026 0.04643097 0.03176018 0.04409772 0.05643808 0.02994237 0.04430651 0.05218934 0.04762933 0.00000000 0.03929802 0.04022343 0.02586455 0.03634207 0.02536295 0.03221559 0.02537557 0.03544347 0.02684040 0.03802294 0.04696446 0.04449092 0.04604292 0.04169044 0.02839663 0.03301195 0.03704664 0.04358854 0.03994019 0.04442539 0.03923030 0.04323836 0.04159531 0.03329347 0.02656296 0.03593314 0.03046149 0.03191180 0.04201737 0.04683543 0.03216747 0.04572754 0.04792992 0.03665998 0.02919395 0.03911969 0.04652613 0.02749122 0.03226479 0.03458418 0.04323836 0.03564468 0.02796851 0.04323836 0.03151280 0.04880143 0.03712740 0.03671390 0.03400257 0.02751484 0.02956730 0.02678115 0.03608902 0.02771284 0.03237654 0.04140370 0.03833329 0.03210553 0.03191180 0.03547580 0.04363795 0.03827453 0.03490809 0.04229795 0.04232683 0.04039800 0.03550467 0.04582329 0.02902084 0.04615342 0.04031888 0.02583877 0.02653441 0.02910214 0.02754115 0.04699741 0.04053597 0.03516731 0.04323836 0.03777643 0.04723843 0.03191180 0.04323836 0.04323836 0.04339889 0.03533343 0.04323836 0.03465286 0.03544580 0.04323836 0.04150179 0.02566606 0.04064167 0.03682347 0.03697856 0.04323836 0.03544593 0.06183632 
0.03772136 0.03163389 0.04281742 0.04275986 0.05008275 0.03754976 0.02245217 0.05152917 0.03832735 0.06906067 0.04558459 0.01652826 0.03623554 0.03908268 0.01915757 0.06047875 0.04223694 0.06566117 0.03570212 0.02898655 0.04911399 0.03144170 0.04285902 0.03929802 0.00000000 0.05651595 0.02545414 0.03336047 0.03399185 0.04879298 0.03795327 0.03456776 0.02827491 0.02126172 0.09996540 0.03663556 0.04146510 0.00093607 0.07369481 0.02847864 0.04516484 0.01746524 0.02289643 0.01573684 0.03876495 0.03878635 0.04034350 0.05302422 0.04803707 0.03349836 0.02621384 0.03933612 0.03689756 0.04342326 0.02844812 0.07361666 0.04467773 0.03272717 0.03321752 0.05531339 0.04125874 0.03108764 0.03616967 0.03691538 0.03878635 0.03046820 0.05589318 0.03878635 0.05249472 0.04292018 0.03847281 0.04867974 0.03562128 0.05371648 0.03378879 0.02763395 0.03832075 0.02714553 0.04167792 0.02412065 0.03277951 0.02467691 0.03933612 0.03058393 0.04439030 0.02282784 0.05841574 0.05924224 0.05140444 0.01228379 0.06066712 0.04913730 0.03527781 0.03142550 0.02619451 0.02849019 0.03705448 0.02174752 0.03333724 0.04288282 0.04022142 0.02657839 0.03878635 0.02321821 0.03951388 0.03933612 0.03878635 0.03878635 0.01327075 0.03594533 0.03878635 0.03341712 0.04993621 0.03878635 0.04459298 0.04891842 0.04394089 0.03086845 0.06441630 0.03878635 0.03718687 0.02659998 
0.04139764 0.06235482 0.06704542 0.05143097 0.05135344 0.06027511 0.04017070 0.03997548 0.02893280 0.05682375 0.04257007 0.02861336 0.04411368 0.03710554 0.03975960 0.05024064 0.07588099 0.06749190 0.03241364 0.05284291 0.08611345 0.03684214 0.04962807 0.04022343 0.05651595 0.00000000 0.03480193 0.04592724 0.02182057 0.03457452 0.03442139 0.02307803 0.01340764 0.07621850 0.04767871 0.04831189 0.02561648 0.05607848 0.05900826 0.02854946 0.03672396 0.03199333 0.03092049 0.02949896 0.03755208 0.03639363 0.03062377 0.04519394 0.05936479 0.04820826 0.01720363 0.01795665 0.06251997 0.02111911 0.02083117 0.04620486 0.06049479 0.04329548 0.01006520 0.03284599 0.03629999 0.01588809 0.04881407 0.03064519 0.03639363 0.01857725 0.02634889 0.03639363 0.03853856 0.02586766 0.01352808 0.04073196 0.02933308 0.03351443 0.01092424 0.02889918 0.04837796 0.00436224 0.05452604 0.03698758 0.02536500 0.04164017 0.01795665 0.01857289 0.03627228 0.05284081 0.05518595 0.04938454 0.05480247 0.04512556 0.04463029 0.05389650 0.01951137 0.03474898 0.05333872 0.02212476 0.05204562 0.02106452 0.02778686 0.04544991 0.05647753 0.02320140 0.03639363 0.03242617 0.04425091 0.01795665 0.03639363 0.03639363 0.03581771 0.04014242 0.03639363 0.04569231 0.02805519 0.03639363 0.05418430 0.03495526 0.03158568 0.05606391 0.04328507 0.03639363 0.03301151 0.03902724 
0.03008868 0.03412447 0.04639293 0.02767828 0.03598581 0.05880720 0.03056639 0.03244491 0.02853781 0.05802535 0.02623887 0.03056250 0.03832230 0.02986842 0.02750138 0.02096729 0.05156428 0.02885578 0.02528020 0.03353368 0.03256680 0.05710570 0.03961284 0.02586455 0.02545414 0.03480193 0.00000000 0.05567252 0.05476002 0.06621404 0.05548862 0.04039538 0.04184787 0.01931372 0.04608992 0.05935992 0.03205097 0.03540781 0.04076620 0.02951312 0.02999694 0.07482639 0.04892828 0.04314983 0.03443795 0.03778199 0.04218469 0.04923555 0.04002646 0.04209969 0.03801299 0.03029648 0.02543521 0.02048426 0.03339378 0.03628326 0.02417005 0.04197805 0.03733118 0.04058322 0.03305710 0.06133430 0.02953369 0.04355625 0.03778199 0.04369450 0.05121133 0.03778199 0.03448272 0.03110195 0.05081428 0.04621390 0.03336733 0.06257937 0.04035025 0.04520976 0.03248765 0.04385458 0.03180866 0.03490044 0.02994005 0.03860905 0.03029648 0.05977205 0.04727540 0.02983349 0.03216020 0.04938326 0.07520186 0.03965117 0.02476584 0.02561767 0.02457476 0.03391709 0.05206945 0.02460163 0.03059292 0.03834626 0.04145044 0.04059414 0.04082229 0.03483659 0.03778199 0.04434610 0.03683712 0.03029648 0.03778199 0.03778199 0.04688870 0.03597778 0.03778199 0.03473271 0.03803503 0.03778199 0.04050452 0.01394523 0.03986488 0.04646426 0.05950870 0.03778199 0.03984727 0.03427713 
0.03926302 0.02960182 0.03463715 0.02006580 0.02047780 0.05334958 0.03087119 0.03996613 0.02928649 0.05123347 0.02992447 0.05389219 0.03637850 0.03863081 0.03225008 0.03763897 0.02114161 0.03428453 0.04042224 0.02379717 0.03414426 0.05325489 0.03348760 0.03634207 0.03336047 0.04592724 0.05567252 0.00000000 0.04920333 0.04010563 0.04886564 0.06327408 0.04771924 0.04325691 0.04857595 0.06635220 0.03066411 0.01881992 0.07138847 0.04503713 0.05950041 0.01475973 0.04943242 0.00770763 0.05431601 0.03581150 0.04576819 0.03364766 0.03983530 0.02516124 0.04141134 0.04102910 0.03291641 0.05542515 0.06663991 0.05226335 0.05981731 0.04908874 0.04077601 0.04190387 0.05623314 0.04263818 0.04485058 0.05102303 0.03581150 0.02650034 0.03065625 0.03581150 0.03146947 0.03577674 0.03266307 0.02813622 0.02341709 0.03665673 0.04547564 0.03345449 0.02429583 0.04402347 0.04697208 0.04816734 0.02764901 0.02773618 0.04102910 0.04480785 0.04132117 0.03443028 0.04857203 0.02832920 0.04026547 0.04358934 0.04764514 0.03484565 0.03325993 0.04645869 0.04048928 0.03893293 0.03129018 0.03406650 0.05206152 0.04022016 0.03376716 0.03440820 0.03581150 0.04015371 0.04298619 0.04102910 0.03581150 0.03581150 0.05065754 0.02913025 0.03581150 0.02861886 0.05359668 0.03581150 0.03913708 0.02678958 0.03644519 0.02604611 0.03514605 0.03581150 0.02706234 0.03155926 
0.03023478 0.02270744 0.02840195 0.02737757 0.01543925 0.02213072 0.05415601 0.01116543 0.03419265 0.02708180 0.03274223 0.02699523 0.03609841 0.05173356 0.01030558 0.01984005 0.03268401 0.02856358 0.04041236 0.04076971 0.02234171 0.02759286 0.01751027 0.02536295 0.03399185 0.02182057 0.05476002 0.04920333 0.00000000 0.05648990 0.06330615 0.05386412 0.06793135 0.03648282 0.02303015 0.04039655 0.03615013 0.03051977 0.01813543 0.03936544 0.02824748 0.03203616 0.04213548 0.00983777 0.05038301 0.03861984 0.04611494 0.03591928 0.04666193 0.04870491 0.03334564 0.05786399 0.02722097 0.03690273 0.05542080 0.04657882 0.03323898 0.02557324 0.06397482 0.03859634 0.03808477 0.04588581 0.05114719 0.03965083 0.03861984 0.05309227 0.05867579 0.03861984 0.02287690 0.05710621 0.03563514 0.04239872 0.04680341 0.06007000 0.05971486 0.04180795 0.03546095 0.05972558 0.01579467 0.06858575 0.05519723 0.04423675 0.05786399 0.05268650 0.02898713 0.05217605 0.02979945 0.02878376 0.03696346 0.05309600 0.04575396 0.02862782 0.04948805 0.02978344 0.03118961 0.04401260 0.01670964 0.03542007 0.05939568 0.03955926 0.04665878 0.04288911 0.03861984 0.07014050 0.04596556 0.05786399 0.03861984 0.03861984 0.02492158 0.02544695 0.03861984 0.03929784 0.02879087 0.03861984 0.03145328 0.04679734 0.02512477 0.04228125 0.02153365 0.03861984 0.03747018 0.03209727 
