0.00000000 0.39732205 0.38884411 0.08685548 0.08469783 0.06155410 0.09695459 0.07441379 0.09363219 0.04081517 0.06371825 0.09395332 0.07258160 0.08391803 0.06530586 0.07378036 0.08174022 0.07267473 0.08371353 0.09573709 0.09622432 0.07579857 0.08588808 0.09624827 0.08861325 0.05355388 0.08213113 0.07719200 0.07549843 0.03569512 0.07261808 0.05546967 0.08208919 0.07350338 0.06847674 0.11785124 0.11348198 0.05219768 0.10946808 0.06149047 0.07192508 0.08322466 0.08061229 0.07621499 0.03660635 0.02086821 0.03816419 0.03466489 0.08174032 0.06134529 0.09017130 0.03626635 0.06682032 0.03201957 0.07838255 0.06887455 0.05240787 0.07998085 0.06369489 0.08889442 0.08548592 0.09884547 0.05566061 0.07576099 0.05473653 0.10458868 0.08886102 0.11147574 0.02544613 0.10307855 0.12071717 0.05993388 0.06793869 0.07317721 0.03810234 0.04901284 0.04467106 0.03738801 0.08606275 0.04035110 0.05542037 0.05769193 0.05642046 0.03287752 0.06600201 0.08730586 0.09682845 0.07289604 0.08492524 0.06711087 0.08585632 0.07936753 0.07330746 0.08401935 0.10390708 0.06206385 0.07405622 0.06069518 0.11298130 
0.39732205 0.00000000 0.25992556 0.13212690 0.09908487 0.11268689 0.13921839 0.12447495 0.07636031 0.08490727 0.10149000 0.09597080 0.06402736 0.09587730 0.05834690 0.09438328 0.04820454 0.07808148 0.10791086 0.06065526 0.13937962 0.09326175 0.04044930 0.03745948 0.06964927 0.05508698 0.08157233 0.07553606 0.06765291 0.04867262 0.06680103 0.05351234 0.06289918 0.09214641 0.06033642 0.07849976 0.07993730 0.10093046 0.10559026 0.06614438 0.10202617 0.08608996 0.06368705 0.04248698 0.05679675 0.03833303 0.04755947 0.03588841 0.07441426 0.07094125 0.07948647 0.02833449 0.05984641 0.02903238 0.08921325 0.07479521 0.10326809 0.08079390 0.07379281 0.06383573 0.09201078 0.04698100 0.06172318 0.05679070 0.07310475 0.10083248 0.10976399 0.15928175 0.04074503 0.12142775 0.09228648 0.06026610 0.05887285 0.07315567 0.04713858 0.06956179 0.07957577 0.02881108 0.02880865 0.04928730 0.05905352 0.06146667 0.05194563 0.03857886 0.07260807 0.07491845 0.09018536 0.09120865 0.06262877 0.04588207 0.13258980 0.08195209 0.10648043 0.07136944 0.07304647 0.06496124 0.02924967 0.09067891 0.09203391 
0.38884411 0.25992556 0.00000000 0.17134872 0.13684357 0.17830963 0.12819565 0.07392138 0.13569861 0.06344457 0.10304779 0.11159758 0.06971440 0.09105749 0.03484374 0.09037277 0.05232604 0.07982107 0.08876775 0.06494826 0.09260311 0.06511822 0.02845364 0.04289354 0.03875016 0.08798848 0.06549166 0.08159884 0.07681338 0.03234844 0.09122923 0.07153375 0.09670471 0.06388367 0.11854823 0.03649810 0.08805706 0.07285932 0.11865355 0.07314123 0.06624307 0.12574017 0.07946135 0.05364117 0.03020289 0.06085097 0.04998386 0.03793111 0.06462976 0.07159925 0.09399145 0.02589145 0.08271010 0.04812641 0.08946869 0.06458937 0.06037333 0.08528208 0.05551293 0.05904238 0.04763201 0.06615064 0.07455165 0.06893478 0.06689040 0.08627363 0.12782257 0.10188626 0.03153920 0.07584114 0.08569514 0.08107420 0.03653492 0.06140788 0.07826041 0.06528675 0.07892640 0.03006096 0.07929053 0.03504479 0.05670973 0.08127653 0.06512453 0.01920825 0.07217563 0.05975659 0.07034329 0.05876425 0.07760806 0.05703917 0.06482609 0.09730421 0.11578904 0.05790958 0.08042443 0.09320274 0.03604688 0.13115863 0.11295469 
0.08685548 0.13212690 0.17134872 0.00000000 0.31627120 0.25928601 0.23103469 0.09779868 0.13486441 0.11263337 0.10184652 0.13295710 0.09193621 0.06539522 0.06997657 0.13652882 0.05181213 0.08886678 0.05998420 0.05451637 0.11966976 0.05272694 0.04231384 0.06380299 0.05731560 0.04481241 0.06700426 0.07702095 0.05285133 0.07071140 0.11783490 0.02863290 0.05892030 0.09483959 0.03292394 0.03599152 0.09922925 0.08918602 0.16139823 0.05929887 0.10171389 0.07769216 0.06312685 0.02914297 0.07481845 0.08679074 0.02933086 0.08021748 0.05798208 0.07209428 0.05096325 0.03785929 0.07449775 0.08489474 0.08099358 0.04621645 0.03827374 0.07789724 0.05628835 0.08381606 0.06474470 0.02459320 0.06249147 0.06355370 0.12976890 0.07126402 0.06877186 0.06066420 0.06297623 0.07623409 0.05412761 0.10029692 0.11103019 0.04883375 0.04055677 0.05705283 0.09099879 0.06466677 0.05986688 0.03057395 0.04375712 0.02959888 0.06161124 0.05137829 0.05743365 0.08810725 0.11620476 0.12745520 0.04320963 0.11460372 0.07259644 0.14332466 0.04254908 0.03562588 0.08499004 0.05066634 0.04917116 0.09353337 0.11314543 
0.08469783 0.09908487 0.13684357 0.31627120 0.00000000 0.26691843 0.14304248 0.15648084 0.12518033 0.05454062 0.06381802 0.10491765 0.12324763 0.05801361 0.11602933 0.06506542 0.08269587 0.05112876 0.06611220 0.07404693 0.06677483 0.09974160 0.06593331 0.15416342 0.08428104 0.09115656 0.06872045 0.06783892 0.07223565 0.06278452 0.05917102 0.07924238 0.04968939 0.04855553 0.06078752 0.07323885 0.05396910 0.08503955 0.05433333 0.04287001 0.03608172 0.09711528 0.05707787 0.08891485 0.08806940 0.09688331 0.06724483 0.10629821 0.05886599 0.06469923 0.06637871 0.04505930 0.06266634 0.06950442 0.06234766 0.06553399 0.10286713 0.05565286 0.08966297 0.05108874 0.07145817 0.06949459 0.06623670 0.07008654 0.08037970 0.08393517 0.05428410 0.05098004 0.04929957 0.02483397 0.05561851 0.05307152 0.05878148 0.06926818 0.05889219 0.07031900 0.04505585 0.07941515 0.07096960 0.07380066 0.10719515 0.07472004 0.10325991 0.04913873 0.04358946 0.05651596 0.07600178 0.05898999 0.08548380 0.06998547 0.06447730 0.04973026 0.05674579 0.05408529 0.06629000 0.05318048 0.17647180 0.11911194 0.10028228 
0.06155410 0.11268689 0.17830963 0.25928601 0.26691843 0.00000000 0.20936530 0.14073055 0.13353820 0.08857897 0.09581878 0.13943089 0.08504868 0.07775797 0.03704374 0.09407217 0.10408079 0.05902399 0.07925384 0.08504809 0.11348108 0.07684431 0.06503826 0.01290058 0.06210664 0.07294618 0.05790166 0.11949665 0.09045247 0.11608710 0.10053908 0.06329053 0.10741723 0.06055536 0.10956913 0.13065344 0.05065999 0.20300238 0.07624572 0.10259436 0.05494190 0.04760689 0.06482438 0.08592560 0.10029922 0.05083066 0.05887997 0.05513396 0.05054234 0.07924202 0.06588833 0.06864754 0.10435737 0.07510050 0.03779164 0.07098475 0.06103461 0.06436202 0.07688962 0.05049137 0.05778143 0.07983740 0.12582817 0.05872099 0.04674403 0.06711738 0.09577634 0.07422469 0.03168900 0.06501902 0.07031683 0.06368899 0.05460188 0.05801810 0.07032323 0.09219835 0.05899323 0.09482922 0.06178799 0.07529837 0.06306618 0.03154730 0.11665306 0.06164685 0.05464890 0.04439536 0.06156454 0.08938656 0.03668932 0.05121536 0.06758636 0.03429245 0.03457313 0.03615402 0.04088307 0.05342565 0.04267078 0.09143986 0.05936755 
0.09695459 0.13921839 0.12819565 0.23103469 0.14304248 0.20936530 0.00000000 0.19745985 0.18968293 0.08241323 0.09152091 0.11261958 0.09655553 0.10301028 0.05518733 0.07757668 0.06945016 0.17204698 0.08271017 0.07043149 0.12488075 0.10430561 0.08863184 0.05343280 0.07892899 0.06994792 0.06722128 0.11367152 0.07639821 0.05413414 0.08774393 0.03571611 0.04142162 0.07846989 0.06614187 0.04660938 0.07605988 0.12690504 0.10006359 0.04237572 0.06357769 0.05876733 0.06040929 0.04152777 0.06590000 0.06489185 0.07251475 0.06343712 0.07389683 0.07628575 0.04275195 0.06008988 0.05016551 0.11330380 0.04984190 0.09453857 0.09231203 0.08151996 0.10499551 0.07276252 0.06697282 0.06457320 0.08701335 0.08805111 0.07265895 0.08446958 0.07348591 0.07883988 0.06978795 0.06043271 0.04753470 0.07237167 0.05729480 0.07179678 0.05074201 0.12253688 0.06425546 0.02518606 0.09382816 0.03523304 0.07876341 0.04808429 0.02482206 0.02057587 0.02496511 0.04002929 0.05600621 0.07563557 0.10536016 0.06360537 0.10151939 0.06422560 0.06420001 0.07655558 0.09098909 0.10066138 0.05295647 0.11998895 0.07857528 
0.07441379 0.12447495 0.07392138 0.09779868 0.15648084 0.14073055 0.19745985 0.00000000 0.30553542 0.12370473 0.15826222 0.09584205 0.14885441 0.04689214 0.12712929 0.08063120 0.14968745 0.12956197 0.06915862 0.06213302 0.05397556 0.09473300 0.07171900 0.13068122 0.07614280 0.09226406 0.14237481 0.09054927 0.11432248 0.10275828 0.04749800 0.05459729 0.06919771 0.07031987 0.05447725 0.07503886 0.05437945 0.07101494 0.04999548 0.05800384 0.05738968 0.07173397 0.06287561 0.08081631 0.11578683 0.08905728 0.07792958 0.09635671 0.10509633 0.05546484 0.08127131 0.07072172 0.04865248 0.07761806 0.05931262 0.15636174 0.06490206 0.07266052 0.07676095 0.05167434 0.02219080 0.07626335 0.04655573 0.06799918 0.03110436 0.06117590 0.05663913 0.03239778 0.08700209 0.04759546 0.05480522 0.06484116 0.02353997 0.03460308 0.08625551 0.05932029 0.07797517 0.06811916 0.04942244 0.07683420 0.05365633 0.07050886 0.10458629 0.04294232 0.03751320 0.07436695 0.05422076 0.06472430 0.08574620 0.05711494 0.08248363 0.03430195 0.02680668 0.07341784 0.06354283 0.05329588 0.07142489 0.08199489 0.06285257 
0.09363219 0.07636031 0.13569861 0.13486441 0.12518033 0.13353820 0.18968293 0.30553542 0.00000000 0.11161804 0.16711636 0.17459316 0.15410316 0.05774891 0.11592793 0.12193675 0.05811817 0.10713740 0.06840238 0.05643982 0.09003914 0.08054163 0.11289074 0.08075898 0.11541053 0.13750429 0.13622238 0.09861595 0.11441993 0.07235575 0.14150830 0.04180428 0.06883558 0.04137255 0.05805589 0.05335597 0.06358671 0.04618385 0.07552860 0.07620831 0.05323272 0.06319573 0.05181267 0.05829963 0.05752565 0.07575861 0.08883550 0.07434253 0.07952274 0.08476260 0.06677080 0.08108416 0.02894036 0.03886118 0.04523956 0.07392209 0.03467994 0.05816332 0.05365811 0.02650824 0.05193060 0.11949208 0.05758458 0.05818190 0.04288311 0.04319184 0.03795586 0.06020226 0.04507931 0.05121734 0.05730883 0.06101316 0.04697544 0.05072710 0.05457774 0.06600567 0.07097508 0.05580028 0.04999125 0.07993878 0.12420725 0.05524983 0.06361960 0.05130548 0.05358346 0.10817525 0.06291176 0.06298303 0.06717716 0.06614799 0.06352102 0.05108584 0.08034741 0.07361555 0.06437757 0.07055449 0.06526004 0.04976049 0.08649151 
0.04081517 0.08490727 0.06344457 0.11263337 0.05454062 0.08857897 0.08241323 0.12370473 0.11161804 0.00000000 0.15828167 0.11378384 0.10780930 0.04846600 0.10241527 0.14675401 0.08287046 0.07935246 0.06461635 0.10416643 0.10527130 0.03679350 0.09444006 0.10351443 0.07299521 0.05052787 0.08572722 0.05894823 0.09051463 0.08732628 0.04994917 0.05833631 0.11600669 0.07255109 0.07741944 0.04508410 0.08678029 0.05364096 0.06493782 0.05016693 0.05483508 0.02419916 0.10063807 0.09694253 0.10293485 0.12430190 0.06843973 0.11578982 0.08631376 0.02597148 0.04972281 0.08384400 0.04657660 0.19000037 0.12149441 0.08937645 0.10269051 0.09202174 0.09428480 0.07008510 0.06102514 0.08248512 0.07867979 0.04664147 0.07764285 0.13663473 0.05800112 0.09418363 0.06751396 0.05353578 0.06546676 0.03458043 0.07431821 0.04681132 0.06545949 0.06313086 0.12573617 0.10613637 0.05644097 0.07939471 0.10760082 0.16352820 0.11091568 0.20390177 0.02385654 0.06715266 0.09946101 0.06882236 0.04364666 0.07527778 0.08633913 0.05778938 0.11159305 0.08005103 0.03946126 0.05492062 0.03382141 0.04221444 0.06879223 
0.06371825 0.10149000 0.10304779 0.10184652 0.06381802 0.09581878 0.09152091 0.15826222 0.16711636 0.15828167 0.00000000 0.12092464 0.19652245 0.12486077 0.05005290 0.16783829 0.09501933 0.08938501 0.12742875 0.10780186 0.11840966 0.05006883 0.07503935 0.07474388 0.06787479 0.05549061 0.11888573 0.05917949 0.07511783 0.06193444 0.11586728 0.14797830 0.07913007 0.06703797 0.04187698 0.05533323 0.05069525 0.08046597 0.10121675 0.02093820 0.07176468 0.08048133 0.08283814 0.06738387 0.06008165 0.10970538 0.05622434 0.05281512 0.07002998 0.05483114 0.05742115 0.09373301 0.07331152 0.09867262 0.08299686 0.04030471 0.07292739 0.03619468 0.07396720 0.07581829 0.07583832 0.06618994 0.02831974 0.04634351 0.07400668 0.15772817 0.07406862 0.07086113 0.05414914 0.05792675 0.18717749 0.05645791 0.12001625 0.07017621 0.08050827 0.04579017 0.04344658 0.06280434 0.07375653 0.05055636 0.06804046 0.04943965 0.08181922 0.21448088 0.05543258 0.03812244 0.06559847 0.02688721 0.08267231 0.04403125 0.05581779 0.06382475 0.09467525 0.05103524 0.04545102 0.03885354 0.07289316 0.07917838 0.09793279 
0.09395332 0.09597080 0.11159758 0.13295710 0.10491765 0.13943089 0.11261958 0.09584205 0.17459316 0.11378384 0.12092464 0.00000000 0.15392805 0.18263698 0.11451124 0.13908734 0.08390558 0.07720590 0.19527626 0.09629042 0.10157483 0.06481716 0.09354071 0.05786365 0.08689143 0.12431478 0.07854769 0.10247831 0.05981591 0.04578233 0.03078906 0.04506638 0.05797868 0.08129683 0.07966131 0.06461513 0.13919930 0.04777663 0.11724612 0.08075060 0.07367026 0.04928943 0.05133168 0.12311300 0.04732034 0.05176376 0.03220089 0.09728411 0.05451921 0.05072132 0.05339014 0.04833730 0.13270068 0.08529488 0.08238154 0.05201855 0.07194016 0.03574585 0.04605536 0.10456468 0.04036993 0.06970076 0.08538046 0.08468088 0.08674841 0.05590599 0.06571893 0.07956281 0.04880468 0.10980545 0.05442107 0.13359389 0.06063753 0.06611400 0.06474352 0.05951164 0.07046002 0.03412660 0.07223372 0.05321809 0.03963685 0.11280592 0.03573005 0.06816849 0.01090842 0.06252543 0.05725777 0.06296155 0.08875920 0.04100417 0.08254354 0.09775212 0.10729640 0.07334760 0.06515308 0.10378519 0.03368558 0.07906508 0.09666201 
0.07258160 0.06402736 0.06971440 0.09193621 0.12324763 0.08504868 0.09655553 0.14885441 0.15410316 0.10780930 0.19652245 0.15392805 0.00000000 0.10114118 0.14821739 0.08949248 0.11585951 0.07934942 0.12602673 0.08009807 0.06730024 0.11958850 0.13446187 0.08201378 0.10850007 0.10424751 0.12388894 0.08480305 0.12757574 0.05001006 0.07412669 0.03085363 0.18657792 0.10784473 0.08893822 0.13489150 0.07558297 0.09167653 0.05108899 0.09495959 0.03822066 0.05230028 0.10569806 0.04940000 0.07692674 0.06864226 0.07301689 0.05444014 0.06176655 0.03066857 0.04327900 0.07394401 0.00647758 0.07810337 0.06254074 0.09401168 0.07822605 0.05620552 0.03807824 0.01663776 0.06824907 0.05526358 0.09592311 0.04234357 0.02880179 0.08734252 0.04822063 0.06394753 0.09989549 0.10372633 0.07484854 0.12182303 0.07262541 0.04968544 0.05957568 0.12073200 0.15121550 0.05054230 0.03864566 0.02882121 0.04730558 0.07122180 0.09389598 0.03459119 0.16072998 0.08996161 0.09751066 0.04776350 0.08281141 0.05589208 0.02865087 0.08372920 0.05812160 0.04258774 0.04306915 0.04981261 0.03610907 0.05380753 0.08758111 
0.08391803 0.09587730 0.09105749 0.06539522 0.05801361 0.07775797 0.10301028 0.04689214 0.05774891 0.04846600 0.12486077 0.18263698 0.10114118 0.00000000 0.06350869 0.17075522 0.09226538 0.08409001 0.20959515 0.08555732 0.11818353 0.07296982 0.07394264 0.06445012 0.06411454 0.03782216 0.06298695 0.04689630 0.05463183 0.05783265 0.00638577 0.07039764 0.08959526 0.04879841 0.09600473 0.06310849 0.06625873 0.07556225 0.10403258 0.10175145 0.08670327 0.11170577 0.06635367 0.10241832 0.05710546 0.05979145 0.07055155 0.06707406 0.07500457 0.09095464 0.07115669 0.08241325 0.10395236 0.05421189 0.10481300 0.05230901 0.10220538 0.09020916 0.05127062 0.11630085 0.11495872 0.07823056 0.10210498 0.11129126 0.14001142 0.07039712 0.11536208 0.09237568 0.09586837 0.09929694 0.07466441 0.05048345 0.05098858 0.11207411 0.11612897 0.11074127 0.03518089 0.05728895 0.08554175 0.05625218 0.07312439 0.06423320 0.06764208 0.04198203 0.09147750 0.04603766 0.05765224 0.01030905 0.04333854 0.05141303 0.09884484 0.09500022 0.05665633 0.07484409 0.10480889 0.10991017 0.06997564 0.08366290 0.12374879 
0.06530586 0.05834690 0.03484374 0.06997657 0.11602933 0.03704374 0.05518733 0.12712929 0.11592793 0.10241527 0.05005290 0.11451124 0.14821739 0.06350869 0.00000000 0.17602451 0.07984889 0.05283309 0.07215010 0.08704161 0.06927510 0.05035058 0.06603253 0.15858204 0.08217446 0.07241361 0.07131721 0.09105536 0.06369888 0.06959458 0.08199790 0.07490301 0.19337188 0.04767574 0.06788823 0.09442906 0.06627168 0.06946269 0.11615991 0.07617487 0.11114789 0.04887289 0.14037826 0.07250296 0.12492798 0.05315376 0.04128807 0.05396344 0.05437663 0.07270360 0.07034719 0.03383908 0.00780300 0.10360104 0.11602143 0.06628606 0.05766104 0.05723107 0.11369449 0.07756845 0.06389125 0.16105383 0.10831607 0.05816756 0.02271258 0.09104116 0.07986332 0.09438594 0.08381726 0.08427722 0.09328152 0.08865389 0.07182529 0.06158595 0.04711781 0.11377317 0.15015796 0.06035287 0.12648301 0.07864052 0.07099875 0.07783497 0.12014453 0.03259999 0.11531204 0.08938276 0.11756329 0.09109097 0.05533626 0.06706318 0.07758108 0.07581963 0.09547891 0.08251738 0.02066342 0.03812390 0.04460740 0.03333232 0.05049527 
0.07378036 0.09438328 0.09037277 0.13652882 0.06506542 0.09407217 0.07757668 0.08063120 0.12193675 0.14675401 0.16783829 0.13908734 0.08949248 0.17075522 0.17602451 0.00000000 0.11578929 0.08028986 0.13955206 0.14407674 0.12006415 0.09137003 0.09277537 0.11411067 0.07636892 0.07966065 0.08651148 0.07948391 0.07624376 0.03803093 0.03630735 0.00403363 0.02002074 0.07401755 0.06498718 0.07801582 0.07814089 0.11417769 0.12958894 0.06128451 0.06969152 0.05141324 0.07285545 0.04139028 0.08534772 0.09876671 0.03447482 0.07747843 0.08168360 0.08321896 0.07459552 0.06733363 0.04886897 0.03584600 0.09952026 0.08148342 0.12134163 0.06028277 0.10813556 0.11102750 0.05185856 0.06400827 0.18630537 0.07186727 0.12272302 0.04713524 0.05916625 0.03973200 0.03224967 0.12197764 0.08130291 0.09698981 0.08017668 0.09390876 0.09469019 0.02956717 0.05632628 0.04704595 0.03573729 0.07336467 0.05754670 0.07882397 0.07942566 0.05997255 0.05328487 0.06412906 0.06059882 0.08772508 0.05990178 0.04009968 0.12564346 0.07710788 0.07446075 0.06915884 0.02482523 0.06530763 0.03676541 0.09884118 0.02918978 
0.08174022 0.04820454 0.05232604 0.05181213 0.08269587 0.10408079 0.06945016 0.14968745 0.05811817 0.08287046 0.09501933 0.08390558 0.11585951 0.09226538 0.07984889 0.11578929 0.00000000 0.07195308 0.10643625 0.08832581 0.12458538 0.07434697 0.08000429 0.08071913 0.08212763 0.09127556 0.07705372 0.12638024 0.07291963 0.09015013 0.04369339 0.06047062 0.08307196 0.07219967 0.10964939 0.09095634 0.05184693 0.08202802 0.10878034 0.05599406 0.08298960 0.10024418 0.04745468 0.09455146 0.14284419 0.07694609 0.08308472 0.15367107 0.09462372 0.06047346 0.06934166 0.07450484 0.07823093 0.06471850 0.07658255 0.06480921 0.08846615 0.07742328 0.07938996 0.09233234 0.06076250 0.05395845 0.07351009 0.06034766 0.08434763 0.04233083 0.06910677 0.07334947 0.11619881 0.09980756 0.08753906 0.05501903 0.07464376 0.09703357 0.06581461 0.06278939 0.06069084 0.12657233 0.06126149 0.10238045 0.07384867 0.08016249 0.08634356 0.08293836 0.07398840 0.06977631 0.07354300 0.07905862 0.04485903 0.05452728 0.08492369 0.05820765 0.05537856 0.04725359 0.05271006 0.08101387 0.07138117 0.05489680 0.06373729 
0.07267473 0.07808148 0.07982107 0.08886678 0.05112876 0.05902399 0.17204698 0.12956197 0.10713740 0.07935246 0.08938501 0.07720590 0.07934942 0.08409001 0.05283309 0.08028986 0.07195308 0.00000000 0.12152827 0.11522252 0.10344922 0.08486786 0.12509518 0.11999081 0.10472886 0.12689874 0.09964456 0.08058819 0.06321115 0.07837246 0.06314489 0.06635523 0.09260924 0.14054161 0.06376790 0.05692501 0.11489719 0.06624407 0.10757061 0.10427372 0.05980163 0.09720707 0.12185366 0.05338075 0.04432439 0.05453038 0.07859087 0.04087636 0.04681067 0.11962756 0.07175606 0.08489919 0.05401210 0.08806032 0.03704199 0.04957487 0.04714343 0.08384418 0.07439392 0.09094747 0.04789477 0.12206659 0.07512841 0.08431043 0.10060622 0.07992670 0.08455750 0.06637749 0.06783068 0.11423920 0.08711682 0.04886471 0.05665636 0.07482883 0.06541559 0.04902769 0.03647672 0.04644270 0.09418197 0.09774945 0.09048696 0.07337085 0.03376063 0.07003941 0.08145606 0.05212184 0.09277518 0.02342654 0.09129286 0.07449677 0.08129539 0.07583585 0.11183456 0.05283558 0.08931368 0.13211065 0.09149482 0.09619200 0.06791806 
0.08371353 0.10791086 0.08876775 0.05998420 0.06611220 0.07925384 0.08271017 0.06915862 0.06840238 0.06461635 0.12742875 0.19527626 0.12602673 0.20959515 0.07215010 0.13955206 0.10643625 0.12152827 0.00000000 0.11554837 0.07649694 0.18338397 0.08134820 0.08737715 0.08206519 0.10389943 0.08537582 0.06953129 0.05862136 0.07930705 0.05727399 0.06208761 0.07242732 0.09108974 0.09238972 0.06727232 0.05473963 0.01572312 0.07471629 0.07572182 0.07915590 0.10599598 0.05473424 0.04830265 0.06121490 0.08289623 0.05060036 0.05215411 0.06785389 0.11916511 0.07837325 0.05830652 0.09452660 0.05300838 0.11438203 0.07896503 0.03818993 0.16021168 0.05338074 0.12551872 0.06034551 0.09389841 0.03558950 0.08761893 0.08389651 0.05504704 0.09249996 0.09594374 0.05520316 0.08869388 0.13444995 0.12226723 0.09973117 0.07692932 0.10625583 0.05731913 0.05144072 0.03812928 0.10153499 0.05603171 0.04210618 0.05437126 0.05506475 0.04039013 0.04914429 0.05990452 0.07108459 0.08495421 0.08099690 0.09211723 0.11085767 0.05771238 0.06140306 0.06600476 0.10370243 0.07426225 0.03515033 0.07404474 0.07203682 
0.09573709 0.06065526 0.06494826 0.05451637 0.07404693 0.08504809 0.07043149 0.06213302 0.05643982 0.10416643 0.10780186 0.09629042 0.08009807 0.08555732 0.08704161 0.14407674 0.08832581 0.11522252 0.11554837 0.00000000 0.04401439 0.11357698 0.08295672 0.08122767 0.10797121 0.06453165 0.06628143 0.11145621 0.10608796 0.07042440 0.04354687 0.11962138 0.20897171 0.11378023 0.11028678 0.19230040 0.06933893 0.09371846 0.13742533 0.04209567 0.06143068 0.04045437 0.06312774 0.01692869 0.05060764 0.08735013 0.13768917 0.01637977 0.03612123 0.06821347 0.06928736 0.08303517 0.07055196 0.07955967 0.04622952 0.05030175 0.12003020 0.07994992 0.07250427 0.03518356 0.14640753 0.06607070 0.09926627 0.07761489 0.05305907 0.03675965 0.13364086 0.05225021 0.15119670 0.14247307 0.10506125 0.05904807 0.07512312 0.08030266 0.02617638 0.03501400 0.05962851 0.06104366 0.05968216 0.04733903 0.05704110 0.10401308 0.09878964 0.09854123 0.13090585 0.06042984 0.08899169 0.08285325 0.14896395 0.14929159 0.03310158 0.06461881 0.14248705 0.07610520 0.06986050 0.04731555 0.02664092 0.03143960 0.03278104 
0.09622432 0.13937962 0.09260311 0.11966976 0.06677483 0.11348108 0.12488075 0.05397556 0.09003914 0.10527130 0.11840966 0.10157483 0.06730024 0.11818353 0.06927510 0.12006415 0.12458538 0.10344922 0.07649694 0.04401439 0.00000000 0.12848564 0.12351268 0.03964371 0.20025554 0.16150625 0.08639912 0.08501241 0.06059519 0.07528714 0.07293218 0.05823903 0.05988137 0.09663501 0.08221762 0.04940855 0.09994062 0.05129475 0.08623838 0.06618799 0.11364042 0.07238147 0.06633212 0.06483554 0.05280902 0.11519144 0.05493176 0.06490998 0.12492994 0.06769217 0.07800736 0.07119257 0.11131401 0.05176926 0.07830851 0.05288853 0.07139756 0.04925603 0.05346254 0.10495454 0.06559858 0.06078540 0.06696641 0.05535761 0.11925545 0.08835723 0.12253271 0.10811866 0.00000000 0.09504628 0.06496700 0.10626946 0.05247178 0.09599243 0.08587062 0.07580337 0.03736436 0.08074814 0.07165008 0.06977785 0.10924364 0.06642960 0.07058768 0.05220557 0.03724802 0.05419775 0.02664629 0.04126651 0.05728037 0.04769447 0.06699716 0.06563015 0.05485268 0.06008975 0.09275276 0.10272250 0.07482334 0.11688241 0.06368378 
0.07579857 0.09326175 0.06511822 0.05272694 0.09974160 0.07684431 0.10430561 0.09473300 0.08054163 0.03679350 0.05006883 0.06481716 0.11958850 0.07296982 0.05035058 0.09137003 0.07434697 0.08486786 0.18338397 0.11357698 0.12848564 0.00000000 0.16450731 0.12355556 0.10821222 0.11217563 0.09414101 0.09388478 0.06502973 0.07742281 0.08027889 0.10949271 0.08461074 0.05026363 0.04146340 0.07171958 0.03597909 0.07649212 0.09366517 0.09688448 0.04678347 0.11744198 0.10412612 0.11860457 0.07278400 0.06110230 0.05916953 0.04151130 0.06083775 0.12389447 0.11016576 0.05759382 0.09855160 0.04319879 0.06224140 0.14170402 0.04727181 0.09420229 0.09301526 0.10017443 0.07245428 0.04575799 0.05382986 0.10937741 0.03890645 0.13415252 0.06177646 0.06792981 0.06036885 0.05570019 0.06240448 0.05263351 0.04420537 0.03744631 0.05910267 0.09407780 0.03891909 0.08276209 0.06005547 0.10174005 0.08113401 0.07275681 0.15727998 0.11919698 0.14310963 0.05467216 0.07487224 0.09861350 0.07967594 0.01734381 0.08461362 0.08087401 0.05818187 0.06324606 0.04900019 0.04622968 0.08473695 0.08494310 0.07135365 
0.08588808 0.04044930 0.02845364 0.04231384 0.06593331 0.06503826 0.08863184 0.07171900 0.11289074 0.09444006 0.07503935 0.09354071 0.13446187 0.07394264 0.06603253 0.09277537 0.08000429 0.12509518 0.08134820 0.08295672 0.12351268 0.16450731 0.00000000 0.08440529 0.24783939 0.22332115 0.13900329 0.15789614 0.18668703 0.11448177 0.14912058 0.05832727 0.09549839 0.04256806 0.06461344 0.09742307 0.09531999 0.06292059 0.05396858 0.06858366 0.06011444 0.06505059 0.04831105 0.07784085 0.09401776 0.09253788 0.09008324 0.07913516 0.07752680 0.09320750 0.07543771 0.09359714 0.01808756 0.09472734 0.08070314 0.10016567 0.10845968 0.05833259 0.07078396 0.04738539 0.05481750 0.07066657 0.04381622 0.05499347 0.04830986 0.07850379 0.04090140 0.03477882 0.05626305 0.06504832 0.08102765 0.05711990 0.02797824 0.07331712 0.08530470 0.03740641 0.08766818 0.04571789 0.06993402 0.06158726 0.08514323 0.09076318 0.04720297 0.08549791 0.04134276 0.07504401 0.06581062 0.05273527 0.05895583 0.06190044 0.05533390 0.04364862 0.10036855 0.06055886 0.06477191 0.08656962 0.09838060 0.03878689 0.05537445 
0.09624827 0.03745948 0.04289354 0.06380299 0.15416342 0.01290058 0.05343280 0.13068122 0.08075898 0.10351443 0.07474388 0.05786365 0.08201378 0.06445012 0.15858204 0.11411067 0.08071913 0.11999081 0.08737715 0.08122767 0.03964371 0.12355556 0.08440529 0.00000000 0.11506849 0.08332191 0.08538791 0.05996908 0.08497003 0.12082225 0.08864059 0.06329750 0.13007171 0.07033181 0.05061317 0.07245703 0.08832268 0.14172472 0.04473831 0.06221322 0.04932425 0.08671261 0.06997238 0.06187384 0.06158430 0.13809832 0.04715927 0.05246823 0.07772111 0.06265199 0.08932625 0.05380635 0.09902278 0.14878915 0.16699795 0.09730729 0.10190560 0.05445527 0.06750149 0.05683908 0.06543654 0.08123453 0.04263203 0.04085483 0.06689001 0.07615753 0.07308096 0.04496864 0.06874293 0.02506582 0.05480961 0.08095869 0.07046958 0.18500248 0.03892888 0.04790844 0.08637982 0.07197745 0.08966800 0.08826486 0.04891605 0.14174351 0.06609117 0.13587418 0.05122030 0.04152983 0.04207021 0.05254232 0.08131116 0.30280372 0.06682533 0.04430081 0.08811487 0.05849175 0.04450465 0.05934331 0.04253048 0.07551548 0.05333598 
0.08861325 0.06964927 0.03875016 0.05731560 0.08428104 0.06210664 0.07892899 0.07614280 0.11541053 0.07299521 0.06787479 0.08689143 0.10850007 0.06411454 0.08217446 0.07636892 0.08212763 0.10472886 0.08206519 0.10797121 0.20025554 0.10821222 0.24783939 0.11506849 0.00000000 0.19251423 0.17015655 0.13781735 0.22812045 0.17352013 0.09525000 0.07847687 0.06241749 0.09094680 0.03654629 0.08130409 0.09708903 0.06186889 0.06159357 0.05428082 0.08282254 0.10836822 0.06278825 0.03888987 0.05531168 0.05117687 0.08250855 0.05170832 0.17275351 0.07080341 0.17450409 0.05755915 0.02987851 0.07028867 0.05001502 0.07213308 0.06054216 0.05272192 0.05143565 0.09917242 0.05611365 0.06445774 0.07218379 0.09349680 0.04078576 0.01858070 0.05244707 0.03728167 0.04300264 0.06247269 0.06834333 0.04332093 0.02858606 0.05161599 0.02418614 0.07564128 0.06777859 0.10155390 0.05909508 0.04486755 0.07409977 0.04544568 0.09432368 0.04374453 0.06463695 0.10625946 0.07480554 0.08253488 0.08398324 0.09852728 0.05706747 0.03809824 0.05230374 0.04335356 0.06839069 0.05046986 0.06976928 0.06931814 0.06600065 
0.05355388 0.05508698 0.08798848 0.04481241 0.09115656 0.07294618 0.06994792 0.09226406 0.13750429 0.05052787 0.05549061 0.12431478 0.10424751 0.03782216 0.07241361 0.07966065 0.09127556 0.12689874 0.10389943 0.06453165 0.16150625 0.11217563 0.22332115 0.08332191 0.19251423 0.00000000 0.21698432 0.25705779 0.18459441 0.09454838 0.24041916 0.09130631 0.08705195 0.07504558 0.08796729 0.06299147 0.04324715 0.09461800 0.03314111 0.06409914 0.07099822 0.08593719 0.06423062 0.04181716 0.06521337 0.06364699 0.06089203 0.06263523 0.07735362 0.06304946 0.07989871 0.05033417 0.04829824 0.03997069 0.04942500 0.05968137 0.08907396 0.06662494 0.05753219 0.04774787 0.06781819 0.04121622 0.06270684 0.10300889 0.05698322 0.05211909 0.05723048 0.05111054 0.11096731 0.05335490 0.06778815 0.03870510 0.05998245 0.08075378 0.04050256 0.03781989 0.10589244 0.05503412 0.05101981 0.05733903 0.08249686 0.07963939 0.06632359 0.07784614 0.03331838 0.07453380 0.07059988 0.05418908 0.06372569 0.05665461 0.05672843 0.04354040 0.06996182 0.09346711 0.05555124 0.06434806 0.12453301 0.04982282 0.04407554 
0.08213113 0.08157233 0.06549166 0.06700426 0.06872045 0.05790166 0.06722128 0.14237481 0.13622238 0.08572722 0.11888573 0.07854769 0.12388894 0.06298695 0.07131721 0.08651148 0.07705372 0.09964456 0.08537582 0.06628143 0.08639912 0.09414101 0.13900329 0.08538791 0.17015655 0.21698432 0.00000000 0.13271727 0.16732107 0.12517177 0.16578390 0.14173212 0.09554488 0.08781855 0.06436359 0.07522143 0.06536548 0.07687473 0.05838821 0.08514083 0.05858721 0.08591236 0.07863830 0.07203942 0.06386782 0.05786204 0.06323742 0.08910329 0.12618772 0.06378531 0.09047478 0.08870208 0.04666124 0.04723218 0.05034141 0.05733040 0.04071657 0.04822458 0.04682782 0.03430960 0.05723454 0.11213501 0.07566249 0.06672872 0.04918432 0.03480602 0.04978187 0.07179559 0.07952553 0.07671016 0.04709842 0.08466676 0.03830734 0.05029059 0.04505591 0.05592456 0.05478369 0.06934144 0.05974499 0.09301573 0.08433878 0.07312979 0.07224700 0.05324040 0.04843946 0.16350215 0.08194991 0.06303868 0.06995121 0.08448465 0.04553965 0.04362006 0.06684346 0.06746708 0.05693984 0.04927061 0.05660121 0.06492267 0.06505593 
0.07719200 0.07553606 0.08159884 0.07702095 0.06783892 0.11949665 0.11367152 0.09054927 0.09861595 0.05894823 0.05917949 0.10247831 0.08480305 0.04689630 0.09105536 0.07948391 0.12638024 0.08058819 0.06953129 0.11145621 0.08501241 0.09388478 0.15789614 0.05996908 0.13781735 0.25705779 0.13271727 0.00000000 0.19555633 0.11690035 0.20049958 0.09590658 0.09430587 0.09760802 0.09231760 0.07781502 0.07701152 0.12914571 0.08874703 0.11126696 0.09073749 0.07860915 0.06677919 0.08124558 0.05568031 0.08589325 0.05870606 0.05347035 0.07981027 0.06591534 0.07562059 0.05726330 0.04616481 0.04353951 0.03975740 0.04416046 0.07027253 0.05574274 0.05679153 0.05363560 0.06276256 0.04920322 0.08801154 0.06850918 0.04361592 0.03475550 0.05937471 0.04098965 0.09983184 0.05077533 0.05558652 0.04662016 0.04109077 0.05503648 0.03539917 0.04302909 0.08964740 0.05932061 0.02592762 0.05336335 0.07187559 0.07430410 0.04495008 0.06409029 0.05455332 0.07497409 0.07587621 0.05756325 0.07363116 0.09427322 0.04704481 0.06624323 0.10846561 0.07576806 0.06496861 0.05020224 0.11022288 0.08103911 0.07784472 
0.07549843 0.06765291 0.07681338 0.05285133 0.07223565 0.09045247 0.07639821 0.11432248 0.11441993 0.09051463 0.07511783 0.05981591 0.12757574 0.05463183 0.06369888 0.07624376 0.07291963 0.06321115 0.05862136 0.10608796 0.06059519 0.06502973 0.18668703 0.08497003 0.22812045 0.18459441 0.16732107 0.19555633 0.00000000 0.19691366 0.14890530 0.10260440 0.09098867 0.13387945 0.06137932 0.06297155 0.07726809 0.11503979 0.06702330 0.08791293 0.08712028 0.10760567 0.07509563 0.06535480 0.06049311 0.08056653 0.06606142 0.07827448 0.09550351 0.06740453 0.09978346 0.05995502 0.05562132 0.03763307 0.08334190 0.03887448 0.04876697 0.07021809 0.04452404 0.07005089 0.06133466 0.03284572 0.05856732 0.05466665 0.07913573 0.04130959 0.08346157 0.04899591 0.08819940 0.04577144 0.07798256 0.06300278 0.05431609 0.05575524 0.02127067 0.08116706 0.05384440 0.06683696 0.04707601 0.05733320 0.04605749 0.05567928 0.05730264 0.08410341 0.08268967 0.08538728 0.08445763 0.09665760 0.07072614 0.07543089 0.05549319 0.07250414 0.04528023 0.06671682 0.04805393 0.05576999 0.07749580 0.05284006 0.08176293 
0.03569512 0.04867262 0.03234844 0.07071140 0.06278452 0.11608710 0.05413414 0.10275828 0.07235575 0.08732628 0.06193444 0.04578233 0.05001006 0.05783265 0.06959458 0.03803093 0.09015013 0.07837246 0.07930705 0.07042440 0.07528714 0.07742281 0.11448177 0.12082225 0.17352013 0.09454838 0.12517177 0.11690035 0.19691366 0.00000000 0.14303725 0.11839898 0.10757749 0.08683151 0.08037607 0.11503348 0.09449318 0.15477541 0.03213875 0.07949316 0.04451063 0.07206815 0.08745186 0.11478337 0.11244769 0.07670362 0.07459710 0.08907168 0.08605722 0.13605773 0.09206939 0.08928861 0.07170275 0.04160666 0.06341291 0.16386561 0.08275129 0.06070822 0.10862821 0.03678861 0.04745904 0.09620405 0.05429995 0.06921735 0.04895479 0.06396231 0.03456575 0.01875746 0.10193502 0.05465719 0.05752273 0.04908649 0.06258727 0.04896082 0.07360837 0.09983008 0.03008254 0.15481891 0.08340956 0.08524410 0.06931343 0.04244361 0.07157909 0.09879276 0.05653655 0.06570887 0.04330226 0.29248531 0.04065760 0.12228151 0.04414377 0.08979552 0.04704749 0.05653254 0.06947238 0.06836974 0.07341038 0.04513376 0.03845119 
0.07261808 0.06680103 0.09122923 0.11783490 0.05917102 0.10053908 0.08774393 0.04749800 0.14150830 0.04994917 0.11586728 0.03078906 0.07412669 0.00638577 0.08199790 0.03630735 0.04369339 0.06314489 0.05727399 0.04354687 0.07293218 0.08027889 0.14912058 0.08864059 0.09525000 0.24041916 0.16578390 0.20049958 0.14890530 0.14303725 0.00000000 0.05023693 0.07685748 0.11790140 0.12296855 0.08803732 0.11285160 0.10399560 0.07136828 0.10867782 0.05342386 0.09403729 0.05333400 0.06102409 0.06195751 0.07787880 0.02944485 0.05993746 0.05789258 0.10998007 0.09968082 0.07732428 0.05785432 0.03637671 0.06275265 0.11798407 0.10242252 0.09553944 0.06128232 0.05929077 0.11534539 0.07374573 0.06605063 0.05182825 0.05064720 0.07724474 0.06695274 0.06156863 0.05353869 0.04514124 0.05383660 0.06066919 0.09724818 0.09003670 0.07154745 0.15353490 0.07433108 0.05773046 0.11537585 0.04496196 0.10113139 0.05345682 0.07678081 0.07549827 0.05377073 0.06233564 0.06568155 0.03761097 0.05532257 0.12552394 0.08501642 0.07098246 0.13618925 0.05216340 0.01416195 0.07929121 0.07421049 0.01688023 0.04385264 
0.05546967 0.05351234 0.07153375 0.02863290 0.07924238 0.06329053 0.03571611 0.05459729 0.04180428 0.05833631 0.14797830 0.04506638 0.03085363 0.07039764 0.07490301 0.00403363 0.06047062 0.06635523 0.06208761 0.11962138 0.05823903 0.10949271 0.05832727 0.06329750 0.07847687 0.09130631 0.14173212 0.09590658 0.10260440 0.11839898 0.05023693 0.00000000 0.27627885 0.08184031 0.07540467 0.12222901 0.05319117 0.14642771 0.06160816 0.12964275 0.13111796 0.07147542 0.05278301 0.07399187 0.03300147 0.11485775 0.35430988 0.02462339 0.10367580 0.11104998 0.10439423 0.09115324 0.14123126 0.27104166 0.01831305 0.06537163 0.04915150 0.11540940 0.04033736 0.09167473 0.04078195 0.12113842 0.06644084 0.08268114 0.07036388 0.07091634 0.06924421 0.09900556 0.03689807 0.01286806 0.08039311 0.05977053 0.10152764 0.05473194 0.02583428 0.06923183 0.07568124 0.08135213 0.11696016 0.07243844 0.05579885 0.12405535 0.04616803 0.15078871 0.05512673 0.04745597 0.05051902 0.04004904 0.06895304 0.06338301 0.06501386 0.04642624 0.05214041 0.06371486 0.07366882 0.04008472 0.10011532 0.03854472 0.04570949 
0.08208919 0.06289918 0.09670471 0.05892030 0.04968939 0.10741723 0.04142162 0.06919771 0.06883558 0.11600669 0.07913007 0.05797868 0.18657792 0.08959526 0.19337188 0.02002074 0.08307196 0.09260924 0.07242732 0.20897171 0.05988137 0.08461074 0.09549839 0.13007171 0.06241749 0.08705195 0.09554488 0.09430587 0.09098867 0.10757749 0.07685748 0.27627885 0.00000000 0.05986358 0.10035202 0.09574929 0.10111629 0.07725090 0.06621960 0.09910771 0.07673494 0.05171674 0.11089384 0.05320624 0.05269381 0.04861453 0.08592613 0.08112334 0.05375977 0.11529773 0.06087863 0.03615672 0.06372747 0.20647141 0.07097879 0.07565096 0.04510296 0.16170699 0.04373742 0.09536319 0.08959334 0.12680732 0.08530963 0.00681459 0.07520027 0.04666701 0.12946775 0.09647494 0.02159550 0.04724847 0.06252352 0.05363178 0.05649229 0.09313674 0.07493077 0.08760957 0.09488463 0.02844418 0.03653867 0.04672419 0.06220159 0.09301173 0.08102111 0.06077486 0.07481354 0.07565435 0.12276618 0.01427267 0.06661670 0.02114357 0.05130702 0.13199704 0.04092881 0.06537525 0.06458506 0.02859937 0.08643208 0.03444010 0.07057421 
0.07350338 0.09214641 0.06388367 0.09483959 0.04855553 0.06055536 0.07846989 0.07031987 0.04137255 0.07255109 0.06703797 0.08129683 0.10784473 0.04879841 0.04767574 0.07401755 0.07219967 0.14054161 0.09108974 0.11378023 0.09663501 0.05026363 0.04256806 0.07033181 0.09094680 0.07504558 0.08781855 0.09760802 0.13387945 0.08683151 0.11790140 0.08184031 0.05986358 0.00000000 0.11327610 0.06210528 0.10899243 0.09172419 0.08687051 0.12147305 0.10198341 0.13277065 0.16735444 0.08231017 0.04799995 0.08774175 0.08067292 0.07643400 0.08289100 0.06336232 0.09283742 0.07547628 0.15904389 0.07981288 0.05310006 0.07164591 0.08595437 0.10334571 0.09802993 0.10346217 0.11183922 0.14384463 0.06522589 0.06884506 0.09532054 0.06270614 0.10656286 0.07212533 0.07938055 0.07651774 0.04754814 0.11309837 0.10420764 0.03828038 0.08650375 0.10666980 0.08448654 0.09022650 0.05807545 0.06358109 0.05006694 0.03861202 0.02986962 0.01679318 0.08374558 0.04591043 0.06613841 0.07043442 0.09626257 0.03724673 0.05906899 0.08093743 0.12651417 0.04911431 0.11238873 0.08494008 0.04150310 0.09682555 0.05789714 
0.06847674 0.06033642 0.11854823 0.03292394 0.06078752 0.10956913 0.06614187 0.05447725 0.05805589 0.07741944 0.04187698 0.07966131 0.08893822 0.09600473 0.06788823 0.06498718 0.10964939 0.06376790 0.09238972 0.11028678 0.08221762 0.04146340 0.06461344 0.05061317 0.03654629 0.08796729 0.06436359 0.09231760 0.06137932 0.08037607 0.12296855 0.07540467 0.10035202 0.11327610 0.00000000 0.28858694 0.14077353 0.08780352 0.08749596 0.10625358 0.10225176 0.08808604 0.05980638 0.08507791 0.11332733 0.07670357 0.10237516 0.11227224 0.09073511 0.09576403 0.11371625 0.07404025 0.04842978 0.09131872 0.12114060 0.10678557 0.15227167 0.12057800 0.12748646 0.06616767 0.08406594 0.05902157 0.06225141 0.02716536 0.03768775 0.06291063 0.06892253 0.07349016 0.14346059 0.12930984 0.04665686 0.05393995 0.09302205 0.04988894 0.07626249 0.08377386 0.08073020 0.07537528 0.05971493 0.06306219 0.09030236 0.06247764 0.08384668 0.00661104 0.06469558 0.04330576 0.03724714 0.09449769 0.09971847 0.07475170 0.06678099 0.07193719 0.07489865 0.07161158 0.05128439 0.07867786 0.07449794 0.07158645 0.09005577 
0.11785124 0.07849976 0.03649810 0.03599152 0.07323885 0.13065344 0.04660938 0.07503886 0.05335597 0.04508410 0.05533323 0.06461513 0.13489150 0.06310849 0.09442906 0.07801582 0.09095634 0.05692501 0.06727232 0.19230040 0.04940855 0.07171958 0.09742307 0.07245703 0.08130409 0.06299147 0.07522143 0.07781502 0.06297155 0.11503348 0.08803732 0.12222901 0.09574929 0.06210528 0.28858694 0.00000000 0.12099782 0.12482060 0.02574633 0.11699966 0.20437081 0.05067936 0.07002053 0.13421799 0.07346778 0.02427500 0.07018902 0.12541901 0.07286204 0.06666468 0.06194013 0.06516313 0.12123104 0.03156220 0.07782468 0.07287393 0.08851994 0.04891256 0.08951353 0.06651550 0.09100245 0.11542581 0.07674939 0.09562180 0.05521648 0.06455820 0.07513742 0.09928113 0.22353335 0.10224513 0.02501240 0.06074997 0.08738972 0.07386223 0.05907828 0.05702753 0.27460203 0.05327762 0.05230823 0.07937967 0.07974702 0.05770657 0.05324038 0.04295658 0.03881117 0.07146734 0.06900428 0.08083089 0.09676663 0.07810595 0.04088927 0.05839893 0.04907218 0.06334743 0.03503989 0.07845626 0.04540821 0.04761048 0.06273867 
