0.00000000 0.36373307 0.35690536 0.09451889 0.08862083 0.10813339 0.11091843 0.09712920 0.12478997 0.06616012 0.08111244 0.08712194 0.09269730 0.07449141 0.07727570 0.11143267 0.08795830 0.06353963 0.09033794 0.09240102 0.05485810 0.06843816 0.11054748 0.07083195 0.08404861 0.07976055 0.07822092 0.07291992 0.06788403 0.06175423 0.05310398 0.04607932 0.09876354 0.08838042 0.09045204 0.12531254 0.08589662 0.08259527 0.10814114 0.07496075 0.08553287 0.06000639 0.06775490 0.07584329 0.06707256 0.04410144 0.07316832 0.07365234 0.08807939 0.08866836 0.07029181 0.08170605 0.05765159 0.03195592 0.05115839 0.09647233 0.06529756 0.07258919 0.09834888 0.05128719 0.06878329 0.05825764 0.05835569 0.05139251 0.08256599 0.06475390 0.07486213 0.08856063 0.04704034 0.07036861 0.08992782 0.07418613 0.05303220 0.07444597 0.06379718 0.06396950 0.06323957 0.06205419 0.09122795 0.07256063 0.07212451 0.07230920 0.08771815 0.05743319 0.07540220 0.09374091 0.08250499 0.09383913 0.08951319 0.07086634 0.06167793 0.07941261 0.07787856 0.06973586 0.06635141 0.08252139 0.06478082 0.06061476 0.07511308 
0.36373307 0.00000000 0.29348691 0.09882023 0.10348625 0.13223788 0.12233518 0.14851228 0.11629401 0.08918565 0.10560950 0.10833248 0.09373955 0.09740669 0.09779226 0.10603753 0.06304651 0.08795097 0.08217056 0.04803675 0.09774801 0.05698914 0.06245703 0.08620875 0.08740527 0.07588229 0.08880993 0.09201785 0.07590229 0.08116686 0.06135312 0.06474193 0.07320257 0.08081556 0.07041027 0.09603290 0.08626338 0.10798501 0.08351012 0.06770676 0.10421027 0.07337095 0.05898231 0.06620743 0.09268370 0.05220614 0.07069899 0.06775197 0.07919634 0.08228581 0.05849315 0.07229232 0.04813983 0.05301180 0.07853660 0.10120829 0.13251281 0.07906408 0.10683966 0.05432163 0.05457299 0.06056463 0.05415363 0.04251504 0.08034223 0.07295850 0.07151117 0.08511699 0.05114498 0.13594816 0.06756992 0.07621367 0.08695514 0.07213801 0.06100136 0.05298136 0.06332512 0.05230959 0.06956090 0.09183876 0.06094888 0.07871299 0.06732784 0.04361421 0.05383475 0.08488885 0.08077194 0.09501726 0.06730564 0.03903280 0.06810007 0.04974947 0.11087971 0.06226335 0.06144410 0.04788516 0.04832397 0.04861431 0.05840945 
0.35690536 0.29348691 0.00000000 0.14189873 0.09195094 0.16039213 0.12011689 0.10332255 0.15362221 0.07852960 0.08056628 0.08070540 0.07371331 0.06834471 0.07223015 0.09407629 0.07179941 0.05808002 0.07500003 0.08828633 0.05068554 0.07875112 0.04940474 0.05765347 0.04520223 0.10565782 0.09396408 0.10555338 0.10003236 0.07944846 0.12109437 0.07996677 0.10329322 0.10390573 0.10957958 0.06590571 0.07911526 0.09711954 0.09544629 0.11744359 0.09004911 0.10407856 0.06256077 0.06785009 0.04555713 0.05183900 0.07240492 0.06985644 0.08338812 0.07473141 0.06113439 0.07327277 0.05084333 0.02623650 0.06385170 0.09443852 0.09006993 0.05813591 0.05837635 0.07137789 0.05580118 0.04703317 0.07723799 0.04770518 0.07140705 0.07402784 0.10192437 0.07533482 0.05797304 0.05374647 0.05128094 0.09475504 0.05230667 0.05148512 0.10616229 0.10385980 0.08782668 0.05603143 0.08128733 0.06365226 0.06523366 0.06682789 0.05429819 0.05090431 0.09980552 0.08633339 0.07766423 0.08903963 0.07290226 0.05667713 0.05394590 0.07141192 0.05451153 0.06070660 0.08457330 0.07904547 0.05603498 0.05492524 0.08312485 
0.09451889 0.09882023 0.14189873 0.00000000 0.29000267 0.24251671 0.22637175 0.13656813 0.16792791 0.12456381 0.08998171 0.09862474 0.07547801 0.05104694 0.10335983 0.09268064 0.04034031 0.08941405 0.07747054 0.06622811 0.10621523 0.05217445 0.05115676 0.05640779 0.06682061 0.07087831 0.07357725 0.11552960 0.06367531 0.08005543 0.11553035 0.08626149 0.05935858 0.11750029 0.04570777 0.05159488 0.08824829 0.12138594 0.18194006 0.11983508 0.07790750 0.08199759 0.06635810 0.05911181 0.05990230 0.08110021 0.04464762 0.04204004 0.08278894 0.07542054 0.05668463 0.08501208 0.04768254 0.09565508 0.06674113 0.07241925 0.06431081 0.04775946 0.07398993 0.07875226 0.06299387 0.07554090 0.03460523 0.07648126 0.11988562 0.07910975 0.08412650 0.08511620 0.08611515 0.08987353 0.06526300 0.11248932 0.06011506 0.03526883 0.06163558 0.06705537 0.07261599 0.07734470 0.08253486 0.06642593 0.04793490 0.03163728 0.04593193 0.04517667 0.06539471 0.06733650 0.08309619 0.10156281 0.05529746 0.08775564 0.06338827 0.11783922 0.02676341 0.06923136 0.06717339 0.07831383 0.05889419 0.08467357 0.08624260 
0.08862083 0.10348625 0.09195094 0.29000267 0.00000000 0.25905917 0.16031898 0.13261458 0.10640323 0.06274891 0.04906010 0.11272652 0.12822470 0.05960056 0.12457015 0.06778623 0.07484334 0.08019169 0.05185877 0.05798818 0.05008982 0.08292658 0.08900057 0.07785989 0.08140447 0.06624171 0.07777029 0.07430288 0.06420399 0.06157624 0.05974020 0.10436873 0.05356875 0.06280713 0.05663059 0.08029228 0.04641302 0.13997685 0.07231259 0.07985317 0.05480643 0.08881246 0.08120294 0.11819355 0.04295578 0.08889192 0.05672735 0.07123403 0.07497770 0.09800851 0.07515970 0.07998343 0.07100605 0.10349559 0.05144552 0.08600740 0.05911045 0.06115282 0.06583967 0.04261570 0.07295815 0.10642024 0.09469173 0.08637824 0.10000516 0.10832261 0.06886628 0.09957150 0.07015951 0.05994382 0.04166819 0.07633279 0.06158744 0.04468851 0.06556667 0.05575509 0.06518130 0.09039783 0.07273804 0.07373797 0.07321251 0.05380890 0.07118876 0.09018282 0.05742358 0.07734632 0.07893080 0.06734333 0.04415073 0.11225965 0.06038617 0.05756406 0.08195929 0.06780220 0.06172318 0.07199785 0.12482280 0.14005955 0.11843342 
0.10813339 0.13223788 0.16039213 0.24251671 0.25905917 0.00000000 0.24422611 0.17775469 0.16809722 0.09511930 0.08776555 0.09955029 0.09891672 0.06974531 0.08453937 0.06124516 0.10337873 0.08604058 0.10635377 0.08477114 0.07557679 0.06269050 0.09535353 0.03257835 0.11104748 0.11259350 0.08716015 0.16081460 0.13472070 0.11084614 0.09097334 0.07602112 0.08650851 0.05837941 0.07125131 0.07728929 0.06027557 0.17495018 0.07718307 0.13768723 0.08455830 0.06164635 0.07041167 0.09531023 0.04866129 0.04888245 0.06291358 0.06706896 0.06494557 0.08530258 0.05830915 0.07060038 0.07753753 0.08025326 0.04617838 0.04487173 0.05794977 0.11281057 0.05396977 0.03819784 0.05815707 0.13790035 0.11606798 0.05868672 0.02496782 0.08379417 0.08809139 0.03687605 0.06726837 0.03629156 0.05446328 0.06543683 0.05209327 0.03566344 0.04692393 0.10045244 0.08236136 0.08031866 0.05589668 0.05503448 0.05859793 0.06812890 0.08052556 0.08535733 0.05594956 0.05531019 0.07600383 0.08783441 0.04309317 0.07094667 0.02474076 0.03114079 0.06919199 0.04419912 0.03561238 0.05035897 0.05679461 0.05797224 0.05614575 
0.11091843 0.12233518 0.12011689 0.22637175 0.16031898 0.24422611 0.00000000 0.27124899 0.19793384 0.06605043 0.08268958 0.10370786 0.14103552 0.07972835 0.07444780 0.07035611 0.08721197 0.19521691 0.06394997 0.08005786 0.05637208 0.11234806 0.10581725 0.07720986 0.08261559 0.08746442 0.07596630 0.14129293 0.10731765 0.06396511 0.10502401 0.05349646 0.07845156 0.09308922 0.08919613 0.06968886 0.07701380 0.17630190 0.12850182 0.11153180 0.04854722 0.07732032 0.05810053 0.08933938 0.10872763 0.07430896 0.08437655 0.05826761 0.05513629 0.08441100 0.04335232 0.05403357 0.01576873 0.10942881 0.06629600 0.13130238 0.09818403 0.07469530 0.11961103 0.07209013 0.04152581 0.10011138 0.07147131 0.08415406 0.04032103 0.08320653 0.06408156 0.07716681 0.06527115 0.08881701 0.05748573 0.06164162 0.03235036 0.03532370 0.07887419 0.09125201 0.06531240 0.03737573 0.06262324 0.04497096 0.06022664 0.02602398 0.03783197 0.05092286 0.05241257 0.04190448 0.06890743 0.05387238 0.08488724 0.05189801 0.10181121 0.07180600 0.02492751 0.04702498 0.03885686 0.04489242 0.03901664 0.04486552 0.05321608 
0.09712920 0.14851228 0.10332255 0.13656813 0.13261458 0.17775469 0.27124899 0.00000000 0.26926481 0.10968478 0.18725138 0.12597519 0.15035043 0.03766645 0.16189894 0.10008829 0.13879212 0.15083110 0.06781558 0.03558129 0.04856912 0.05321957 0.05011876 0.09971698 0.05396586 0.08822859 0.11565264 0.08067631 0.11818509 0.10604904 0.07154257 0.07180624 0.11053605 0.05470776 0.06465850 0.06977315 0.06119830 0.10788672 0.05226376 0.06643970 0.05273266 0.06713768 0.05837377 0.06579820 0.08322982 0.06196882 0.09885677 0.09757424 0.10891807 0.07095437 0.10915659 0.09422897 0.05091026 0.07237162 0.07042428 0.14966924 0.08274257 0.10220201 0.06189974 0.04584600 0.03974752 0.07107297 0.07356234 0.06837233 0.10013197 0.08130638 0.04038522 0.06922086 0.04588155 0.06883326 0.08494821 0.07357623 0.03143609 0.03670368 0.07994762 0.08963890 0.03286670 0.07140067 0.07460492 0.05346607 0.07819189 0.04422715 0.06201785 0.04184104 0.04355511 0.06134719 0.08037316 0.08009248 0.08601651 0.03515378 0.06093022 0.03596877 0.04988943 0.06409076 0.05492831 0.04747968 0.04933629 0.06240014 0.05423329 
0.12478997 0.11629401 0.15362221 0.16792791 0.10640323 0.16809722 0.19793384 0.26926481 0.00000000 0.10487471 0.16348536 0.20153464 0.12322287 0.05577854 0.09545677 0.10203347 0.07307435 0.13411027 0.07171518 0.04971244 0.11042155 0.09219379 0.08934535 0.03844859 0.07968507 0.14188679 0.13406399 0.10373039 0.11264862 0.08088581 0.14065143 0.06192913 0.07728189 0.04846207 0.05061874 0.08140979 0.07192745 0.08467579 0.04492300 0.04734454 0.05853929 0.05475810 0.04453993 0.08694301 0.04464300 0.08321598 0.09112704 0.06260294 0.07125602 0.08212863 0.06156469 0.06883700 0.04565136 0.07788235 0.05143095 0.07064245 0.05570950 0.10052139 0.07411417 0.04818879 0.07937807 0.10792124 0.08574306 0.08229293 0.06830706 0.06420790 0.03210808 0.06399658 0.04327844 0.04882079 0.08324843 0.05425006 0.03732637 0.07657068 0.06404108 0.07010532 0.03704990 0.05151846 0.08343678 0.09886333 0.14407217 0.04563213 0.07903796 0.03919012 0.05952734 0.09046536 0.05687335 0.06271871 0.07679894 0.02810361 0.06884125 0.05376902 0.03877348 0.07514595 0.05291005 0.09157916 0.06090540 0.05958247 0.06802243 
0.06616012 0.08918565 0.07852960 0.12456381 0.06274891 0.09511930 0.06605043 0.10968478 0.10487471 0.00000000 0.13153827 0.12582300 0.09857539 0.06172320 0.09054883 0.12422848 0.06394215 0.06038457 0.07130685 0.07889406 0.08210285 0.03868973 0.09569297 0.10353330 0.05231754 0.05586355 0.08896923 0.05463972 0.08394823 0.07770859 0.05580568 0.07291079 0.11935712 0.05401120 0.07045118 0.03743608 0.08238964 0.06706310 0.09960817 0.04974097 0.06761676 0.05909756 0.08624183 0.08111951 0.07674632 0.10438094 0.10936309 0.13929872 0.06976150 0.07217178 0.08316932 0.06484240 0.10687901 0.19157196 0.09998379 0.05295661 0.10170381 0.11886871 0.14092504 0.06825119 0.07729102 0.14326565 0.09838382 0.05473450 0.06934552 0.17184007 0.08873929 0.15062441 0.03426235 0.05575263 0.07672443 0.06584614 0.05863437 0.05368176 0.05469027 0.07836011 0.11303501 0.08568200 0.06074447 0.08278531 0.08685255 0.16777884 0.09308649 0.20579603 0.03773945 0.05266427 0.08423874 0.05322677 0.06755965 0.06823035 0.10986743 0.04035284 0.09406466 0.07728961 0.06336864 0.09879431 0.03474308 0.05968109 0.05865615 
0.08111244 0.10560950 0.08056628 0.08998171 0.04906010 0.08776555 0.08268958 0.18725138 0.16348536 0.13153827 0.00000000 0.14936364 0.17279960 0.09399907 0.04576665 0.13857471 0.07519286 0.07678025 0.12271055 0.11940359 0.12096893 0.04856920 0.07560865 0.07518641 0.06223004 0.06757599 0.09559902 0.06566636 0.05502937 0.07895415 0.05116717 0.12919124 0.06586577 0.08415939 0.02224295 0.07298721 0.05976194 0.09202937 0.09091489 0.04606946 0.06757988 0.08282549 0.10109388 0.07884859 0.06673436 0.10850456 0.05841241 0.06931021 0.09091124 0.10578981 0.06132565 0.07780761 0.08349733 0.11562673 0.07997223 0.06305287 0.10334780 0.04688034 0.07045138 0.04977883 0.06453399 0.03865113 0.04523128 0.06765647 0.08453918 0.22626228 0.08767853 0.09890515 0.04959516 0.08403762 0.16455063 0.06915773 0.16622946 0.05627502 0.04751976 0.07055569 0.05901599 0.08444555 0.06752510 0.06723143 0.06614415 0.04090443 0.08642911 0.17956899 0.08591986 0.04919740 0.08674120 0.07091266 0.12498359 0.05204671 0.06297016 0.07187347 0.08359471 0.05549792 0.04676060 0.03840248 0.05558692 0.06852259 0.07339934 
0.08712194 0.10833248 0.08070540 0.09862474 0.11272652 0.09955029 0.10370786 0.12597519 0.20153464 0.12582300 0.14936364 0.00000000 0.18129487 0.20007603 0.07580384 0.11869782 0.08322450 0.08548070 0.20065442 0.10501912 0.07882176 0.07581850 0.07057475 0.04357198 0.06248767 0.08186703 0.05953618 0.10372838 0.03996896 0.04895218 0.03909872 0.06937726 0.13235523 0.08556822 0.10673797 0.02585208 0.09709913 0.06274511 0.04961519 0.06038561 0.05926047 0.05144777 0.07315064 0.09967652 0.02280005 0.03225533 0.06365657 0.08604068 0.06161231 0.06713331 0.06223472 0.08850478 0.09793955 0.07524351 0.06831764 0.05978426 0.07651281 0.07710752 0.08428052 0.10611912 0.05697495 0.09409146 0.07408497 0.08454797 0.05754093 0.05404030 0.07497015 0.07688125 0.05053086 0.10778116 0.07820940 0.09618233 0.08217174 0.10424497 0.08975024 0.07026407 0.08146088 0.06115101 0.09531189 0.06845476 0.06452436 0.10942643 0.05682658 0.07749175 0.06469505 0.05822601 0.04834303 0.10308991 0.09650568 0.07356207 0.06822425 0.08527112 0.09251746 0.09301195 0.08601342 0.10309632 0.06857740 0.06841917 0.05002053 
0.09269730 0.09373955 0.07371331 0.07547801 0.12822470 0.09891672 0.14103552 0.15035043 0.12322287 0.09857539 0.17279960 0.18129487 0.00000000 0.10007437 0.14582378 0.10728161 0.07031687 0.10611086 0.11471224 0.06584733 0.05750198 0.15277346 0.11266913 0.08494902 0.08090148 0.09687035 0.10210313 0.09344579 0.10690435 0.06750603 0.05116427 0.08720396 0.18750930 0.06701447 0.12716263 0.13492071 0.10103139 0.10585900 0.03063257 0.07814465 0.04454277 0.05456860 0.07569016 0.05965770 0.08852011 0.08157198 0.06525130 0.04319107 0.06826403 0.07764007 0.06889151 0.07673869 0.00591421 0.01917935 0.06681779 0.08329021 0.08416446 0.04430511 0.06452686 0.05141191 0.06010165 0.03900850 0.08300603 0.06857072 0.06592717 0.18689524 0.04554024 0.06527004 0.07707761 0.08689291 0.07914100 0.05124041 0.08042387 0.09062732 0.06633837 0.08336790 0.11450105 0.06982985 0.04426936 0.06395843 0.07982415 0.03846946 0.08017913 0.00718641 0.17843968 0.06988030 0.10973961 0.04612086 0.12443326 0.05349048 0.04147209 0.07714291 0.06805380 0.04275242 0.07547477 0.05367176 0.06194426 0.07382701 0.12332345 
0.07449141 0.09740669 0.06834471 0.05104694 0.05960056 0.06974531 0.07972835 0.03766645 0.05577854 0.06172320 0.09399907 0.20007603 0.10007437 0.00000000 0.06338577 0.16364417 0.08966021 0.07403170 0.19502935 0.10501982 0.11910737 0.09188496 0.08612265 0.08365410 0.09897375 0.06456355 0.06479753 0.06045539 0.07439914 0.10654694 0.06979689 0.03207798 0.06745295 0.05966129 0.11884180 0.06832785 0.06900344 0.09774165 0.06239843 0.08050592 0.08476101 0.10931361 0.10932631 0.11034328 0.08183193 0.03726839 0.05725311 0.09753842 0.06616195 0.06496199 0.06232453 0.07404174 0.07939792 0.02947883 0.07944674 0.09765400 0.13445864 0.05973768 0.08187436 0.10620507 0.09839300 0.07171613 0.10911363 0.13360756 0.10328854 0.11012827 0.15223337 0.07976306 0.11892953 0.09604847 0.10883115 0.03285549 0.04494863 0.07342100 0.12289682 0.15780044 0.06948357 0.04503784 0.08348728 0.07851631 0.06307982 0.06864738 0.06705485 0.08267868 0.11274996 0.05168036 0.06186587 0.05847222 0.06871474 0.06182671 0.06212514 0.05938673 0.04039738 0.05481136 0.08795137 0.06804640 0.08500883 0.07073135 0.11783999 
0.07727570 0.09779226 0.07223015 0.10335983 0.12457015 0.08453937 0.07444780 0.16189894 0.09545677 0.09054883 0.04576665 0.07580384 0.14582378 0.06338577 0.00000000 0.12505885 0.07492306 0.09241858 0.11162573 0.11044508 0.05620029 0.04423899 0.06942565 0.13117259 0.07923453 0.06262132 0.04747893 0.08229613 0.06638073 0.11516368 0.05815327 0.03205875 0.14661120 0.02421598 0.09850015 0.09457835 0.09059320 0.08164141 0.10008974 0.06462783 0.10392887 0.07238208 0.08163362 0.06527254 0.12529112 0.05938142 0.07623232 0.02821443 0.06302110 0.13251606 0.06608826 0.08236265 0.02912266 0.13195940 0.09943434 0.08267511 0.06308116 0.10865108 0.10373148 0.06452132 0.06385646 0.11975735 0.08433667 0.08086662 0.08277842 0.07134494 0.04405283 0.07428057 0.08794608 0.06120385 0.06245236 0.08306463 0.04920957 0.08662445 0.10466307 0.10998783 0.11730297 0.07349979 0.11507525 0.09102050 0.08311148 0.04562209 0.18593837 0.02786004 0.11704371 0.08732093 0.12351523 0.07779194 0.06607385 0.04331248 0.06328170 0.08868998 0.07595736 0.06932411 0.04807396 0.07120498 0.09186114 0.07673228 0.07187797 
0.11143267 0.10603753 0.09407629 0.09268064 0.06778623 0.06124516 0.07035611 0.10008829 0.10203347 0.12422848 0.13857471 0.11869782 0.10728161 0.16364417 0.12505885 0.00000000 0.14508545 0.10425321 0.11481495 0.13159560 0.17852657 0.12211600 0.06648132 0.13000879 0.06353289 0.07786492 0.09190961 0.04973780 0.05222346 0.04200528 0.04425550 0.03120622 0.03983165 0.05375406 0.06014782 0.07736959 0.07480860 0.09149981 0.18917874 0.08935838 0.09083265 0.06450557 0.09661533 0.04922526 0.08958097 0.07390727 0.03888150 0.06660144 0.09483678 0.09794752 0.06559342 0.08746574 0.11207148 0.02977392 0.08930341 0.11073693 0.13751883 0.09909045 0.14179915 0.10457964 0.04302716 0.01004837 0.16966704 0.08965946 0.10681110 0.06194587 0.05020010 0.08405332 0.04932823 0.11771175 0.07301108 0.08409558 0.10956515 0.05719565 0.06792985 0.06307731 0.04880616 0.05669272 0.07014372 0.06868560 0.08421796 0.07827721 0.08683368 0.06158303 0.06553239 0.06373486 0.05073400 0.07157620 0.06621458 0.04494935 0.12829460 0.07520908 0.06438388 0.06610571 0.03971450 0.07182099 0.04655546 0.07423402 0.05668870 
0.08795830 0.06304651 0.07179941 0.04034031 0.07484334 0.10337873 0.08721197 0.13879212 0.07307435 0.06394215 0.07519286 0.08322450 0.07031687 0.08966021 0.07492306 0.14508545 0.00000000 0.10952101 0.09744033 0.08761552 0.09635755 0.09758312 0.10863430 0.04433474 0.09107689 0.10887862 0.09869905 0.11903775 0.06714201 0.06494595 0.05317731 0.07140003 0.06356938 0.04810116 0.10537108 0.09289950 0.09437434 0.07259562 0.07381060 0.08630106 0.09709826 0.07548377 0.09310138 0.06590646 0.13350899 0.11561842 0.09772819 0.15651985 0.11866497 0.09156345 0.08300258 0.15849605 0.06036182 0.08527052 0.09177397 0.04893425 0.09790067 0.08682523 0.09086742 0.09159012 0.07322083 0.07138075 0.08285908 0.07158007 0.06347860 0.04374299 0.09122755 0.08044025 0.11180106 0.07637200 0.07003964 0.05296004 0.07352388 0.09012124 0.05605258 0.07514565 0.06628551 0.08854511 0.05513672 0.05319387 0.06611167 0.10766153 0.05177040 0.14134194 0.10628221 0.07622119 0.09635235 0.08112677 0.06627690 0.04937008 0.09246128 0.03209192 0.06966601 0.06178574 0.05262399 0.07109254 0.07153794 0.06622216 0.07021091 
0.06353963 0.08795097 0.05808002 0.08941405 0.08019169 0.08604058 0.19521691 0.15083110 0.13411027 0.06038457 0.07678025 0.08548070 0.10611086 0.07403170 0.09241858 0.10425321 0.10952101 0.00000000 0.12140279 0.11532246 0.09508956 0.08093659 0.11170513 0.09058805 0.09343035 0.12941978 0.07094638 0.10590710 0.08084955 0.06816591 0.07609913 0.14659902 0.09563396 0.10845981 0.08574551 0.06717819 0.13444390 0.10997787 0.16902190 0.10862664 0.08926688 0.05451609 0.06573069 0.05478401 0.06041490 0.07702050 0.07297258 0.04544834 0.05929913 0.07171072 0.06715311 0.05966727 0.05452116 0.09733937 0.03425319 0.06367125 0.07645208 0.09063628 0.09795374 0.14200563 0.05753138 0.13554317 0.07854377 0.07614718 0.03678330 0.06690367 0.10023196 0.06664779 0.05717623 0.06276347 0.10186734 0.08156727 0.03665392 0.04679213 0.04352796 0.08045826 0.02235227 0.05154611 0.08032936 0.07339424 0.12595807 0.06906385 0.08007758 0.08653748 0.06796984 0.05991126 0.07525098 0.04555992 0.07365550 0.11858904 0.09593986 0.05075609 0.08204793 0.04229839 0.05997052 0.09950000 0.08175363 0.07305712 0.06771007 
0.09033794 0.08217056 0.07500003 0.07747054 0.05185877 0.10635377 0.06394997 0.06781558 0.07171518 0.07130685 0.12271055 0.20065442 0.11471224 0.19502935 0.11162573 0.11481495 0.09744033 0.12140279 0.00000000 0.09825974 0.09687744 0.22850813 0.10079968 0.08368947 0.08972821 0.07455011 0.06246424 0.08310465 0.04482204 0.08138677 0.08049900 0.06093254 0.09148322 0.14418690 0.11115053 0.04084302 0.10572071 0.04994939 0.07705015 0.05328187 0.09788714 0.11021244 0.07708222 0.04666509 0.04793566 0.08674838 0.06015395 0.07701962 0.05625130 0.11583763 0.07868239 0.07113890 0.07673901 0.07935817 0.10543566 0.10151083 0.07341997 0.07343119 0.07950974 0.10303277 0.05182048 0.09680543 0.07007400 0.10305908 0.07451740 0.07384728 0.08634741 0.07988343 0.07024203 0.09267974 0.08530513 0.07747417 0.08795491 0.06306924 0.08620603 0.08261560 0.06609559 0.06195802 0.09965435 0.06942611 0.06918154 0.07599128 0.07747278 0.04310971 0.09455711 0.04815207 0.05723187 0.12292655 0.05307975 0.11112831 0.10215564 0.04833571 0.05618203 0.06392665 0.08266150 0.05483355 0.04401197 0.06111543 0.07051531 
0.09240102 0.04803675 0.08828633 0.06622811 0.05798818 0.08477114 0.08005786 0.03558129 0.04971244 0.07889406 0.11940359 0.10501912 0.06584733 0.10501982 0.11044508 0.13159560 0.08761552 0.11532246 0.09825974 0.00000000 0.06661349 0.10907716 0.08850168 0.07650043 0.09879243 0.06730168 0.05763678 0.08457633 0.08415080 0.07142409 0.03671575 0.13886804 0.16377791 0.11310190 0.14654044 0.18683257 0.08655284 0.08719727 0.12874740 0.05880093 0.04138634 0.04797797 0.08565894 0.07191336 0.04680302 0.09835655 0.08806299 0.05748450 0.06429963 0.08488408 0.06873747 0.07688851 0.09035914 0.03843619 0.05378254 0.06023773 0.15595423 0.13262041 0.09491254 0.02819775 0.11339547 0.07254275 0.05511599 0.08281020 0.05131509 0.06781971 0.14283847 0.07979307 0.11148815 0.13925033 0.09878275 0.08029720 0.05330758 0.09072130 0.06154082 0.04608208 0.08503381 0.07319040 0.09957814 0.05472887 0.06010499 0.11503884 0.06905869 0.11092336 0.20013115 0.05073093 0.07381800 0.05079318 0.16511131 0.08822481 0.06229304 0.05402268 0.12883290 0.06918345 0.09943090 0.05176778 0.05475401 0.05780850 0.06251347 
0.05485810 0.09774801 0.05068554 0.10621523 0.05008982 0.07557679 0.05637208 0.04856912 0.11042155 0.08210285 0.12096893 0.07882176 0.05750198 0.11910737 0.05620029 0.17852657 0.09635755 0.09508956 0.09687744 0.06661349 0.00000000 0.11883812 0.14086386 0.04714002 0.19223877 0.19678274 0.11595843 0.12212410 0.10206549 0.10886041 0.10661689 0.06533236 0.11452730 0.05441967 0.06429732 0.05681994 0.06646215 0.04905271 0.05935060 0.06597850 0.07665675 0.11055068 0.08574237 0.05992967 0.06980916 0.12586509 0.07386286 0.06196615 0.10855051 0.08201782 0.09426475 0.09294433 0.05308648 0.03080213 0.10953113 0.08175815 0.12014674 0.06759013 0.06303814 0.12437967 0.06911745 0.05465011 0.08538961 0.09818328 0.13689049 0.08655823 0.13697115 0.11314894 0.07119856 0.06973692 0.04952826 0.07301622 0.06770578 0.07000133 0.05053783 0.08173202 0.05120257 0.07559288 0.07106097 0.11252715 0.10104296 0.04811324 0.08901743 0.11329784 0.05143112 0.09154678 0.06514420 0.05739597 0.05435384 0.04148763 0.09055316 0.04082952 0.07448644 0.04151564 0.04812008 0.07814384 0.07618685 0.05729967 0.05841083 
0.06843816 0.05698914 0.07875112 0.05217445 0.08292658 0.06269050 0.11234806 0.05321957 0.09219379 0.03868973 0.04856920 0.07581850 0.15277346 0.09188496 0.04423899 0.12211600 0.09758312 0.08093659 0.22850813 0.10907716 0.11883812 0.00000000 0.19405988 0.14249257 0.12854665 0.15035094 0.10356646 0.13804738 0.06511833 0.07502456 0.09297757 0.07444236 0.10838893 0.02927156 0.06104564 0.07476949 0.07387207 0.06085560 0.09352246 0.07676951 0.03701053 0.09827271 0.06224005 0.11076084 0.06284113 0.08201906 0.03626695 0.04676301 0.06317088 0.08440427 0.07239372 0.05783047 0.11032692 0.07180425 0.04530232 0.09241964 0.05979131 0.12778666 0.07562556 0.10865193 0.07614467 0.07030251 0.07312879 0.07847504 0.04499026 0.08560423 0.08522172 0.05939848 0.13192317 0.05091328 0.09454179 0.08701318 0.03135873 0.07519173 0.05669597 0.06114150 0.05024212 0.05441811 0.07406343 0.08376858 0.08755471 0.09887817 0.22218791 0.11642998 0.06042580 0.07530748 0.07376972 0.04569314 0.07082744 0.02929864 0.14487353 0.06504482 0.08284191 0.06145267 0.05953027 0.04862419 0.09503017 0.06522996 0.08879838 
0.11054748 0.06245703 0.04940474 0.05115676 0.08900057 0.09535353 0.10581725 0.05011876 0.08934535 0.09569297 0.07560865 0.07057475 0.11266913 0.08612265 0.06942565 0.06648132 0.10863430 0.11170513 0.10079968 0.08850168 0.14086386 0.19405988 0.00000000 0.10451130 0.21130005 0.19899719 0.09554133 0.14821941 0.14076496 0.10855335 0.11177300 0.09111170 0.04382518 0.04424901 0.05465927 0.08464272 0.07800779 0.10799203 0.05302009 0.06565753 0.05825556 0.12117301 0.06377937 0.11033767 0.07673256 0.09032451 0.07724109 0.06919658 0.06543848 0.14174834 0.07408634 0.06205084 0.05214310 0.10763012 0.07505671 0.09157259 0.12208918 0.09353003 0.09039746 0.05662660 0.05968586 0.08223419 0.05239351 0.06333545 0.04054804 0.07237135 0.03486062 0.04637863 0.06574121 0.10243295 0.07434703 0.04195965 0.03362127 0.06484199 0.04949058 0.03945131 0.06400548 0.09180711 0.06703555 0.07634632 0.07905191 0.09690374 0.06533104 0.09924705 0.04417380 0.06497634 0.05975778 0.05725724 0.05745156 0.05715456 0.06733096 0.05388044 0.10923483 0.05392537 0.05884212 0.12878879 0.11536290 0.08196589 0.08143964 
0.07083195 0.08620875 0.05765347 0.05640779 0.07785989 0.03257835 0.07720986 0.09971698 0.03844859 0.10353330 0.07518641 0.04357198 0.08494902 0.08365410 0.13117259 0.13000879 0.04433474 0.09058805 0.08368947 0.07650043 0.04714002 0.14249257 0.10451130 0.00000000 0.11166572 0.08476646 0.05918501 0.05830655 0.10212774 0.13663983 0.05877356 0.06704041 0.14712058 0.05200450 0.04030100 0.07371671 0.07699482 0.19983842 0.08085637 0.05190422 0.08899765 0.10348140 0.09120863 0.06836062 0.05294502 0.13719082 0.06807231 0.07299195 0.06683901 0.08945943 0.11573519 0.06517719 0.13024507 0.12165237 0.19954120 0.11921087 0.09101597 0.05961795 0.08703418 0.08238800 0.06308855 0.09864504 0.06890992 0.08833803 0.04662957 0.08211923 0.06204089 0.05930014 0.05666005 0.03513805 0.05967356 0.05704976 0.05161568 0.21025620 0.05597290 0.09277100 0.07894189 0.07394549 0.08371765 0.05066378 0.05943044 0.13647938 0.09430421 0.08861901 0.07350294 0.04062239 0.05001129 0.04681157 0.03188377 0.28257046 0.04852739 0.04948203 0.11886838 0.05914988 0.05179002 0.05748597 0.06985383 0.07806781 0.06585674 
0.08404861 0.08740527 0.04520223 0.06682061 0.08140447 0.11104748 0.08261559 0.05396586 0.07968507 0.05231754 0.06223004 0.06248767 0.08090148 0.09897375 0.07923453 0.06353289 0.09107689 0.09343035 0.08972821 0.09879243 0.19223877 0.12854665 0.21130005 0.11166572 0.00000000 0.14810107 0.11294420 0.11936538 0.18229157 0.18836062 0.07680940 0.06716385 0.04592484 0.11831326 0.05632995 0.07290857 0.05199681 0.10532527 0.05403779 0.06272475 0.06678745 0.12960369 0.05715401 0.05987155 0.05590290 0.07681209 0.07487830 0.06220989 0.13447764 0.09716968 0.14337871 0.11928997 0.06140491 0.07777787 0.05498791 0.10706626 0.07046696 0.07007829 0.07994393 0.10857094 0.05808782 0.09439732 0.05536544 0.08350464 0.04943831 0.06508306 0.05495586 0.06857134 0.03616321 0.06937134 0.08405535 0.03810812 0.02738292 0.05563904 0.04507917 0.09219192 0.06980449 0.16852785 0.11371793 0.08305605 0.08626108 0.04438993 0.13819707 0.06321860 0.06413818 0.12907373 0.06700939 0.06193462 0.06536254 0.06352979 0.03305100 0.03748125 0.05820874 0.06989064 0.04828099 0.10785995 0.07287530 0.06197348 0.05801553 
0.07976055 0.07588229 0.10565782 0.07087831 0.06624171 0.11259350 0.08746442 0.08822859 0.14188679 0.05586355 0.06757599 0.08186703 0.09687035 0.06456355 0.06262132 0.07786492 0.10887862 0.12941978 0.07455011 0.06730168 0.19678274 0.15035094 0.19899719 0.08476646 0.14810107 0.00000000 0.14109381 0.24800186 0.15076007 0.09764599 0.21983097 0.08086345 0.07382529 0.08514172 0.03610037 0.07341992 0.05179158 0.12383162 0.03276238 0.10187421 0.06326586 0.07324277 0.07385447 0.08567703 0.04634475 0.05543869 0.06083376 0.04878356 0.06936077 0.08967470 0.09121268 0.06348906 0.07538556 0.04667974 0.05551705 0.07577732 0.07990946 0.10325755 0.10069629 0.08181881 0.06543590 0.05132225 0.08760302 0.08784795 0.04312082 0.04750630 0.07324635 0.04209186 0.12401731 0.05654478 0.07578675 0.03454235 0.06188253 0.09271945 0.04682809 0.05242205 0.07516050 0.05556274 0.06257994 0.08628379 0.11646382 0.06840332 0.06518491 0.09101047 0.06300700 0.07588226 0.04850478 0.05290126 0.04389709 0.03390485 0.07550152 0.03585481 0.07239362 0.05544244 0.05191408 0.09644329 0.12239384 0.07533935 0.09186813 
0.07822092 0.08880993 0.09396408 0.07357725 0.07777029 0.08716015 0.07596630 0.11565264 0.13406399 0.08896923 0.09559902 0.05953618 0.10210313 0.06479753 0.04747893 0.09190961 0.09869905 0.07094638 0.06246424 0.05763678 0.11595843 0.10356646 0.09554133 0.05918501 0.11294420 0.14109381 0.00000000 0.12050921 0.13923110 0.11885702 0.12642074 0.11922634 0.08916674 0.09439200 0.08716372 0.06288091 0.07656285 0.10569299 0.04289846 0.10754172 0.08929254 0.10505228 0.06610861 0.07043313 0.05396068 0.07210032 0.05875437 0.09357632 0.12969101 0.06602218 0.11131355 0.13279922 0.06366699 0.07852463 0.05101076 0.05708923 0.05276065 0.08697140 0.06706851 0.06381131 0.07699676 0.08674500 0.09394134 0.06919595 0.09162850 0.05096466 0.06370160 0.10987447 0.08113696 0.05176169 0.06863686 0.04822428 0.05471157 0.07624914 0.06105099 0.05715964 0.05844850 0.10601973 0.09547536 0.11225599 0.11430539 0.06597028 0.08515926 0.07311255 0.05137504 0.14321216 0.09586516 0.06149287 0.06590131 0.07983593 0.06558781 0.05698911 0.05006523 0.06229157 0.05034771 0.08826807 0.06334349 0.06497190 0.06596212 
0.07291992 0.09201785 0.10555338 0.11552960 0.07430288 0.16081460 0.14129293 0.08067631 0.10373039 0.05463972 0.06566636 0.10372838 0.09344579 0.06045539 0.08229613 0.04973780 0.11903775 0.10590710 0.08310465 0.08457633 0.12212410 0.13804738 0.14821941 0.05830655 0.11936538 0.24800186 0.12050921 0.00000000 0.17253987 0.13840130 0.19911029 0.07793230 0.09255587 0.10504830 0.10239837 0.08122960 0.06463497 0.16342283 0.07858339 0.12535243 0.10221223 0.06091617 0.05512331 0.10302247 0.05576749 0.07188872 0.06757679 0.04896708 0.07273814 0.09364545 0.07448535 0.06769640 0.07314443 0.05749742 0.03032699 0.06365669 0.07837392 0.07224543 0.06628305 0.05665931 0.06600750 0.06966107 0.09638369 0.08172443 0.04300349 0.06065218 0.06225442 0.04895074 0.11745508 0.06215596 0.05976630 0.05107980 0.04457018 0.06234465 0.05247347 0.05169910 0.07136079 0.05779730 0.04878621 0.05573275 0.06181110 0.07162154 0.04022235 0.05187581 0.05955471 0.04881423 0.05241293 0.05570552 0.05997478 0.06478820 0.04954292 0.05357968 0.12575899 0.05561367 0.06927318 0.07142277 0.12807576 0.06225998 0.06257413 
0.06788403 0.07590229 0.10003236 0.06367531 0.06420399 0.13472070 0.10731765 0.11818509 0.11264862 0.08394823 0.05502937 0.03996896 0.10690435 0.07439914 0.06638073 0.05222346 0.06714201 0.08084955 0.04482204 0.08415080 0.10206549 0.06511833 0.14076496 0.10212774 0.18229157 0.15076007 0.13923110 0.17253987 0.00000000 0.20933750 0.12395002 0.11169848 0.07359660 0.14431809 0.07179469 0.11115772 0.05555081 0.17430291 0.04415285 0.13105524 0.07813242 0.13489132 0.05249843 0.10220138 0.07146474 0.06315166 0.08933774 0.08911803 0.10782601 0.09155176 0.10858694 0.09483555 0.10950569 0.03120073 0.06238164 0.07731019 0.04985746 0.10261840 0.07021896 0.08664409 0.05280515 0.03464587 0.05345357 0.08085901 0.10761497 0.04029662 0.11111571 0.07272532 0.09332250 0.05880827 0.06840073 0.03558825 0.04085436 0.05435815 0.06379994 0.10328463 0.05134365 0.14718684 0.04657833 0.04671902 0.06481132 0.05179552 0.07290252 0.05822040 0.06236116 0.08076461 0.07462689 0.05953682 0.05429641 0.06533467 0.04617128 0.04106237 0.04999709 0.07125078 0.06765084 0.05294449 0.08554085 0.05377365 0.06381209 
0.06175423 0.08116686 0.07944846 0.08005543 0.06157624 0.11084614 0.06396511 0.10604904 0.08088581 0.07770859 0.07895415 0.04895218 0.06750603 0.10654694 0.11516368 0.04200528 0.06494595 0.06816591 0.08138677 0.07142409 0.10886041 0.07502456 0.10855335 0.13663983 0.18836062 0.09764599 0.11885702 0.13840130 0.20933750 0.00000000 0.08485339 0.11769344 0.12580346 0.07920995 0.05817531 0.09223641 0.12115744 0.15518561 0.07926901 0.08295660 0.07209730 0.12482514 0.08159748 0.08764176 0.10762492 0.05617625 0.03875559 0.06565302 0.09749093 0.10165581 0.14502949 0.08439310 0.07086721 0.04296797 0.08336720 0.11742701 0.08399556 0.07080907 0.07543340 0.05369413 0.05272453 0.12372463 0.08666848 0.09687377 0.07979501 0.05162036 0.04153674 0.06277818 0.08364556 0.05415490 0.07606004 0.04836926 0.04743111 0.03875799 0.04495533 0.06367268 0.08135807 0.11365933 0.04762905 0.05177052 0.06204356 0.03941322 0.03822904 0.10330450 0.06242789 0.06823524 0.05822832 0.23570135 0.06525301 0.13252403 0.05124348 0.04316226 0.09426362 0.04232233 0.04841010 0.04225784 0.07174117 0.06911968 0.05227726 
0.05310398 0.06135312 0.12109437 0.11553035 0.05974020 0.09097334 0.10502401 0.07154257 0.14065143 0.05580568 0.05116717 0.03909872 0.05116427 0.06979689 0.05815327 0.04425550 0.05317731 0.07609913 0.08049900 0.03671575 0.10661689 0.09297757 0.11177300 0.05877356 0.07680940 0.21983097 0.12642074 0.19911029 0.12395002 0.08485339 0.00000000 0.08193674 0.07730157 0.11940574 0.09911957 0.07923337 0.05084704 0.13674486 0.05805337 0.12911539 0.09520534 0.08995976 0.05978425 0.08429310 0.07429533 0.08105615 0.04378723 0.06778712 0.06597233 0.12012205 0.12367769 0.05980183 0.08757902 0.05255770 0.11228991 0.11652196 0.07310959 0.11184551 0.07347695 0.07759784 0.09651240 0.09550890 0.06532304 0.08572793 0.07943721 0.04677743 0.07188610 0.09259020 0.08792947 0.07745772 0.05711849 0.08635710 0.07357379 0.08710666 0.07928697 0.10258674 0.09685840 0.05138585 0.12848506 0.07912809 0.13407270 0.06885063 0.08084024 0.05359986 0.06406777 0.06760559 0.04510741 0.04747636 0.04672152 0.08021359 0.07848157 0.05675456 0.05784763 0.04404205 0.07637338 0.13805743 0.10926578 0.05202556 0.05051741 
0.04607932 0.06474193 0.07996677 0.08626149 0.10436873 0.07602112 0.05349646 0.07180624 0.06192913 0.07291079 0.12919124 0.06937726 0.08720396 0.03207798 0.03205875 0.03120622 0.07140003 0.14659902 0.06093254 0.13886804 0.06533236 0.07444236 0.09111170 0.06704041 0.06716385 0.08086345 0.11922634 0.07793230 0.11169848 0.11769344 0.08193674 0.00000000 0.29005409 0.10346555 0.08822473 0.09489478 0.04943082 0.08487428 0.07010151 0.08157031 0.07809883 0.10969957 0.07529557 0.06548959 0.02629273 0.13094408 0.34707456 0.05528498 0.09271845 0.09488045 0.10065972 0.08358729 0.17478903 0.32014547 0.05192272 0.10850805 0.03506320 0.13924464 0.08929567 0.08643664 0.05141474 0.07775958 0.06155577 0.06393549 0.07569930 0.05739045 0.10341215 0.07292724 0.05117180 0.04006297 0.10035586 0.08726900 0.08485867 0.07354960 0.06759068 0.08273290 0.05654928 0.06342358 0.06559340 0.05996899 0.06695050 0.07516639 0.06293493 0.10038565 0.02965281 0.05331860 0.04529994 0.04995650 0.02185070 0.02496427 0.10042734 0.03816824 0.03777258 0.06215976 0.05246682 0.04864795 0.08113856 0.07561457 0.09696931 
0.09876354 0.07320257 0.10329322 0.05935858 0.05356875 0.08650851 0.07845156 0.11053605 0.07728189 0.11935712 0.06586577 0.13235523 0.18750930 0.06745295 0.14661120 0.03983165 0.06356938 0.09563396 0.09148322 0.16377791 0.11452730 0.10838893 0.04382518 0.14712058 0.04592484 0.07382529 0.08916674 0.09255587 0.07359660 0.12580346 0.07730157 0.29005409 0.00000000 0.05941013 0.13268913 0.11140627 0.09820685 0.08406848 0.08442573 0.09478354 0.09376952 0.05828481 0.08134972 0.07906105 0.04640665 0.04234642 0.07375108 0.08525374 0.07718152 0.06926018 0.08488216 0.08208993 0.07516636 0.23849903 0.05627223 0.07056186 0.04779619 0.14034747 0.03972788 0.05609704 0.07011073 0.07084394 0.04766664 0.04150664 0.07319759 0.07468255 0.09043036 0.08102137 0.03206398 0.04339679 0.09661258 0.07657038 0.08249601 0.08661493 0.08951199 0.09211617 0.07377242 0.04354252 0.08446640 0.07371164 0.05288735 0.07175048 0.07622379 0.06673802 0.11058670 0.08673341 0.10702702 0.04252839 0.10894870 0.05714742 0.05494833 0.11489913 0.02305755 0.06323362 0.04839394 0.06292459 0.05500738 0.05204858 0.05537095 
0.08838042 0.08081556 0.10390573 0.11750029 0.06280713 0.05837941 0.09308922 0.05470776 0.04846207 0.05401120 0.08415939 0.08556822 0.06701447 0.05966129 0.02421598 0.05375406 0.04810116 0.10845981 0.14418690 0.11310190 0.05441967 0.02927156 0.04424901 0.05200450 0.11831326 0.08514172 0.09439200 0.10504830 0.14431809 0.07920995 0.11940574 0.10346555 0.05941013 0.00000000 0.09703204 0.05791429 0.08968378 0.08626121 0.08280972 0.10963103 0.06619190 0.11840774 0.14714350 0.04676900 0.03885474 0.07811016 0.09863772 0.08454222 0.11771057 0.06578113 0.13103038 0.10034153 0.14405806 0.08910136 0.08841303 0.09477736 0.06971929 0.14404918 0.12560799 0.12451185 0.12353409 0.16140014 0.06302253 0.06147913 0.10018403 0.07823115 0.09324968 0.08582098 0.04399915 0.09008885 0.04438091 0.08793741 0.09223649 0.08178122 0.08853284 0.09550812 0.07583953 0.10599096 0.07617644 0.04577984 0.04754766 0.07384670 0.05725877 0.03699831 0.08513332 0.06792859 0.05235164 0.09344726 0.08453375 0.10754030 0.03954005 0.08578443 0.14332317 0.06924542 0.12438405 0.06123851 0.04396163 0.03768190 0.06168229 
0.09045204 0.07041027 0.10957958 0.04570777 0.05663059 0.07125131 0.08919613 0.06465850 0.05061874 0.07045118 0.02224295 0.10673797 0.12716263 0.11884180 0.09850015 0.06014782 0.10537108 0.08574551 0.11115053 0.14654044 0.06429732 0.06104564 0.05465927 0.04030100 0.05632995 0.03610037 0.08716372 0.10239837 0.07179469 0.05817531 0.09911957 0.08822473 0.13268913 0.09703204 0.00000000 0.29711291 0.12553227 0.08094542 0.11377923 0.09363564 0.13120385 0.08481497 0.03983247 0.10011793 0.11567636 0.07149571 0.09418842 0.09310072 0.09417010 0.09925663 0.09033861 0.08717889 0.03258106 0.11274563 0.11585509 0.07644901 0.20421874 0.06070615 0.07969668 0.07074542 0.06939528 0.11651797 0.09747837 0.02291758 0.08108048 0.05421504 0.05167409 0.09621856 0.14877400 0.15439956 0.04068912 0.05404554 0.10870982 0.06262832 0.07130282 0.07059687 0.04319238 0.05813998 0.06401490 0.06216033 0.06584830 0.09960516 0.08762654 0.01982049 0.06662192 0.05688146 0.05373528 0.09370550 0.11734608 0.12328260 0.04629243 0.07936724 0.01791148 0.05392628 0.04717906 0.07439555 0.05587637 0.09020696 0.13444283 
0.12531254 0.09603290 0.06590571 0.05159488 0.08029228 0.07728929 0.06968886 0.06977315 0.08140979 0.03743608 0.07298721 0.02585208 0.13492071 0.06832785 0.09457835 0.07736959 0.09289950 0.06717819 0.04084302 0.18683257 0.05681994 0.07476949 0.08464272 0.07371671 0.07290857 0.07341992 0.06288091 0.08122960 0.11115772 0.09223641 0.07923337 0.09489478 0.11140627 0.05791429 0.29711291 0.00000000 0.10973644 0.11314030 0.06529489 0.11129431 0.23046192 0.09926390 0.05969830 0.10131167 0.09084811 0.01140771 0.05211835 0.15187600 0.07477741 0.10742136 0.07816972 0.08647148 0.10180028 0.01105637 0.05938908 0.07315568 0.10784016 0.04782756 0.08639097 0.08028827 0.10653263 0.13761784 0.06805240 0.07229130 0.07383285 0.06264739 0.06625001 0.05808352 0.20327240 0.10775259 0.05403149 0.08746197 0.07752730 0.05633220 0.07294445 0.07084357 0.30106528 0.05436333 0.06954197 0.06003531 0.10182806 0.08114097 0.07141966 0.04256881 0.02704977 0.07172380 0.05488647 0.03700377 0.11155152 0.02349202 0.05864882 0.08322300 0.07995954 0.05214089 0.02094454 0.04375642 0.06572446 0.08134098 0.07669063 
