0.00000000 0.01730050 0.02185699 0.03932965 0.02386827 0.02377240 0.02386827 0.02099799 0.02190374 0.02386827 0.02687392 0.03081002 0.02892490 0.02386827 0.03800056 0.02199251 0.02486229 0.02386827 0.03057148 0.02010380 0.01504487 0.02386827 0.01481132 0.03128265 0.02386827 0.05730696 0.02288663 0.02102967 0.02386827 0.02192280 0.02259021 0.05730696 0.02212505 0.02380482 0.02052821 0.01777709 0.02322472 0.02190374 0.02359189 0.02747694 0.04769059 0.02552156 0.01970493 0.01797468 0.01782559 0.03306082 0.01895620 0.02439448 0.01867732 0.03060362 0.02245609 0.01932724 0.01819722 0.02386827 0.02386827 0.02943370 0.03132364 0.02386827 0.01646969 0.03156715 0.03261422 0.02386827 0.01508291 0.02274874 0.01234928 0.03211348 0.02386827 0.02904910 0.01862075 0.01756236 0.01816528 0.01136877 0.02386827 0.02056376 0.02317918 0.03429457 0.02386827 0.01724820 0.01436277 0.02386827 0.01674285 0.02521724 0.01663194 0.01942052 0.02283927 0.03492577 0.03592508 0.02189026 0.02136133 0.02765756 0.02765756 0.02649585 0.01900564 0.02300180 0.01233853 0.01569582 0.02356348 0.02657520 0.02473828 0.02892490 0.01925528 0.02386827 0.02386827 0.01571787 0.03487890 0.02386827 0.02386827 0.02892490 0.02286449 0.02385354 0.01989959 0.01989959 0.02436262 0.01989959 0.01722425 0.04137334 0.04724360 0.01947969 
0.01730050 0.00000000 0.03855970 0.01509539 0.02306180 0.03895817 0.02306180 0.02546440 0.02031309 0.02306180 0.03457718 0.02999330 0.03442634 0.02306180 0.02076379 0.01513158 0.03895190 0.02306180 0.02818670 0.02996963 0.01395021 0.02306180 0.03099944 0.01482308 0.02306180 0.01708244 0.02098822 0.01415534 0.02306180 0.02574033 0.01624776 0.01708244 0.01445341 0.02120738 0.01937286 0.02171264 0.03208191 0.02031309 0.01499741 0.02344446 0.02444376 0.02746243 0.01991532 0.01062069 0.02190962 0.02346661 0.02382933 0.03351220 0.03232104 0.02264039 0.02510892 0.02910453 0.02325375 0.02306180 0.02306180 0.03343580 0.02374888 0.02306180 0.01501387 0.01459534 0.01745199 0.02306180 0.03664356 0.02215058 0.02058743 0.01893534 0.02306180 0.03388524 0.04241287 0.04310061 0.02841421 0.02072492 0.02306180 0.03479336 0.02352948 0.02887174 0.02306180 0.03295052 0.01873417 0.02306180 0.02452264 0.02857954 0.02518739 0.02774947 0.02811733 0.02308592 0.01845005 0.02425080 0.02833900 0.02128619 0.02128619 0.03358459 0.02466918 0.01860272 0.02513150 0.02948615 0.02548777 0.02065259 0.03395584 0.03442634 0.03924389 0.02306180 0.02306180 0.02634842 0.02087947 0.02306180 0.02306180 0.03442634 0.03865256 0.04715362 0.01713279 0.01713279 0.02066213 0.01713279 0.01290689 0.01514783 0.01842172 0.01438835 
0.02185699 0.03855970 0.00000000 0.02133542 0.02267391 0.04505061 0.02267391 0.01580441 0.03099159 0.02267391 0.03255939 0.01816799 0.03540120 0.02267391 0.02186335 0.02014119 0.02980281 0.02267391 0.02437343 0.01876053 0.01936806 0.02267391 0.02188338 0.02177703 0.02267391 0.02187225 0.01864371 0.01916879 0.02267391 0.02529390 0.02075363 0.02187225 0.02026031 0.02129106 0.02841395 0.02893841 0.02857719 0.03099159 0.01578174 0.03042677 0.02155467 0.01575538 0.02281883 0.01245824 0.02146851 0.03065148 0.02481815 0.02854130 0.03108618 0.02356795 0.02656460 0.01993555 0.01558354 0.02267391 0.02267391 0.02655510 0.03047850 0.02267391 0.01888321 0.02188696 0.02297428 0.02267391 0.03741781 0.01994982 0.00791306 0.01758774 0.02267391 0.03011370 0.04239150 0.05424457 0.02177719 0.02607616 0.02267391 0.02155589 0.01861344 0.03644699 0.02267391 0.02379182 0.02764010 0.02267391 0.01356272 0.02095730 0.03611118 0.03515622 0.01871442 0.01900825 0.02820314 0.01936311 0.01712090 0.02237256 0.02237256 0.01983932 0.02957024 0.02256280 0.03262443 0.02059959 0.01920319 0.01405349 0.03262825 0.03540120 0.02277315 0.02267391 0.02267391 0.01387982 0.02855385 0.02267391 0.02267391 0.03540120 0.03991202 0.04356069 0.02470785 0.02470785 0.04190029 0.02470785 0.01537582 0.01631515 0.02078334 0.01890228 
0.03932965 0.01509539 0.02133542 0.00000000 0.02483149 0.03452788 0.02483149 0.04564407 0.01650831 0.02483149 0.03115746 0.02958313 0.01611228 0.02483149 0.03999235 0.00509106 0.01699598 0.02483149 0.02266382 0.02107503 0.01016753 0.02483149 0.02164462 0.04183720 0.02483149 0.04483534 0.01159770 0.00526361 0.02483149 0.03032256 0.02590312 0.04483534 0.00770463 0.02404669 0.01958221 0.02352925 0.03000634 0.01650831 0.02386631 0.03173983 0.03613796 0.03057466 0.01869968 0.02483937 0.02204193 0.02920441 0.02487197 0.03944823 0.01492357 0.01085429 0.02508871 0.02898334 0.01919798 0.02483149 0.02483149 0.01751482 0.02615991 0.02483149 0.01102281 0.01939810 0.03363886 0.02483149 0.01471307 0.02628125 0.03156531 0.02148732 0.02483149 0.04318397 0.02177539 0.01364168 0.02139497 0.02115622 0.02483149 0.01310537 0.03032756 0.01945140 0.02483149 0.03210709 0.02489762 0.02483149 0.02776797 0.01968968 0.03232236 0.02873896 0.01783737 0.02446421 0.03000635 0.03162195 0.01097529 0.01492217 0.01492217 0.01688368 0.01737382 0.02528691 0.03053032 0.00935319 0.03464837 0.03055337 0.01002574 0.01611228 0.03096105 0.02483149 0.02483149 0.01613987 0.04796680 0.02483149 0.02483149 0.01611228 0.02843118 0.02089833 0.02502384 0.02502384 0.03390086 0.02502384 0.02611829 0.02383021 0.02902406 0.03081415 
0.02386827 0.02306180 0.02267391 0.02483149 0.00000000 0.02311857 0.02902453 0.02472921 0.02220750 0.02902453 0.02489222 0.02160081 0.02521527 0.02902453 0.02209354 0.02408515 0.02466112 0.02902453 0.02149857 0.02041222 0.02359595 0.02902453 0.02225238 0.02417754 0.02902453 0.02451575 0.02232180 0.02389506 0.02902453 0.02259429 0.02349181 0.02451575 0.02561583 0.02176087 0.02261346 0.02169417 0.02174934 0.02220750 0.02367580 0.02282087 0.02253736 0.02183665 0.02303844 0.02620174 0.02112451 0.02099491 0.02227073 0.02169097 0.02169627 0.02470654 0.02392026 0.02214524 0.02178177 0.02902453 0.02902453 0.02102118 0.02158270 0.02902453 0.02439516 0.02324770 0.02127186 0.02902453 0.02171383 0.02115142 0.02476758 0.02248486 0.02902453 0.02176572 0.02234194 0.02309667 0.02107292 0.02266397 0.02902453 0.02595273 0.02217274 0.02164843 0.02902453 0.02298191 0.02305096 0.02902453 0.02365406 0.02139352 0.02405305 0.02216741 0.02246342 0.02217747 0.02263136 0.02371353 0.02436752 0.02632779 0.02632779 0.02218339 0.02173019 0.02162437 0.02370876 0.02242932 0.02051505 0.02283579 0.02347926 0.02521527 0.02302975 0.02902453 0.02902453 0.02460573 0.02476942 0.02902453 0.02902453 0.02521527 0.02398968 0.02306429 0.02718894 0.02718894 0.02535217 0.02718894 0.02542812 0.02417628 0.02429735 0.02432579 
0.02377240 0.03895817 0.04505061 0.03452788 0.02311857 0.00000000 0.02311857 0.00445818 0.02569358 0.02311857 0.04231368 0.02608741 0.03547660 0.02311857 0.02720013 0.02451827 0.03291871 0.02311857 0.02156088 0.01828134 0.01930737 0.02311857 0.01733835 0.02276334 0.02311857 0.02413099 0.01414972 0.02339334 0.02311857 0.01884003 0.01237306 0.02413099 0.01831255 0.02323386 0.02550173 0.02456024 0.02203732 0.02569358 0.02040979 0.01703354 0.02939504 0.01769940 0.02336763 0.01305405 0.01409035 0.02769358 0.02233644 0.03412031 0.03001145 0.02826460 0.02723472 0.01788301 0.02212592 0.02311857 0.02311857 0.02753659 0.02737848 0.02311857 0.02112919 0.00885658 0.02872876 0.02311857 0.02939396 0.01368141 0.01510911 0.02016401 0.02311857 0.02624881 0.04353648 0.04204625 0.01840500 0.02077944 0.02311857 0.02410062 0.02103825 0.03359084 0.02311857 0.01906951 0.02743028 0.02311857 0.01874749 0.02017729 0.02892892 0.04125958 0.01694458 0.02707523 0.03427235 0.03144492 0.02269150 0.02582899 0.02582899 0.01823727 0.02152831 0.01957234 0.03658406 0.01579766 0.02091392 0.02407086 0.02653388 0.03547660 0.02762506 0.02311857 0.02311857 0.01678949 0.02926855 0.02311857 0.02311857 0.03547660 0.04990839 0.04036512 0.01867850 0.01867850 0.02903009 0.01867850 0.01588360 0.02227743 0.02590270 0.01823912 
0.02386827 0.02306180 0.02267391 0.02483149 0.02902453 0.02311857 0.00000000 0.02472921 0.02220750 0.02902453 0.02489222 0.02160081 0.02521527 0.02902453 0.02209354 0.02408515 0.02466112 0.02902453 0.02149857 0.02041222 0.02359595 0.02902453 0.02225238 0.02417754 0.02902453 0.02451575 0.02232180 0.02389506 0.02902453 0.02259429 0.02349181 0.02451575 0.02561583 0.02176087 0.02261346 0.02169417 0.02174934 0.02220750 0.02367580 0.02282087 0.02253736 0.02183665 0.02303844 0.02620174 0.02112451 0.02099491 0.02227073 0.02169097 0.02169627 0.02470654 0.02392026 0.02214524 0.02178177 0.02902453 0.02902453 0.02102118 0.02158270 0.02902453 0.02439516 0.02324770 0.02127186 0.02902453 0.02171383 0.02115142 0.02476758 0.02248486 0.02902453 0.02176572 0.02234194 0.02309667 0.02107292 0.02266397 0.02902453 0.02595273 0.02217274 0.02164843 0.02902453 0.02298191 0.02305096 0.02902453 0.02365406 0.02139352 0.02405305 0.02216741 0.02246342 0.02217747 0.02263136 0.02371353 0.02436752 0.02632779 0.02632779 0.02218339 0.02173019 0.02162437 0.02370876 0.02242932 0.02051505 0.02283579 0.02347926 0.02521527 0.02302975 0.02902453 0.02902453 0.02460573 0.02476942 0.02902453 0.02902453 0.02521527 0.02398968 0.02306429 0.02718894 0.02718894 0.02535217 0.02718894 0.02542812 0.02417628 0.02429735 0.02432579 
0.02099799 0.02546440 0.01580441 0.04564407 0.02472921 0.00445818 0.02472921 0.00000000 0.01633083 0.02472921 0.01255318 0.02985215 0.00448750 0.02472921 0.03708127 0.01458117 0.02319194 0.02472921 0.04327415 0.03067428 0.02622556 0.02472921 0.01664305 0.03176650 0.02472921 0.01862774 0.03173861 0.01377633 0.02472921 0.02333731 0.04624099 0.01862774 0.00570590 0.01787684 0.02306244 0.02877227 0.03628316 0.01633083 0.02606353 0.02088027 0.02240841 0.01495472 0.00975178 0.02236462 0.03965446 0.02636110 0.02949540 0.03148099 0.01762676 0.01591277 0.01090284 0.04987213 0.02789060 0.02472921 0.02472921 0.02399930 0.02777921 0.02472921 0.03066493 0.02939734 0.01648840 0.02472921 0.02407295 0.04048945 0.05515541 0.02166324 0.02472921 0.03106327 0.02540319 0.02982503 0.02675135 0.03501889 0.02472921 0.03298863 0.02309878 0.01541255 0.02472921 0.05637446 0.01413257 0.02472921 0.04586502 0.02990705 0.02108665 0.01301531 0.02118672 0.02011077 0.02326285 0.02722296 0.03490389 0.01855984 0.01855984 0.02466116 0.01747317 0.02381992 0.01439754 0.02588201 0.02341647 0.02890363 0.00000000 0.00448750 0.03188568 0.02472921 0.02472921 0.02108090 0.03681626 0.02472921 0.02472921 0.00448750 0.01575667 0.01312380 0.02559272 0.02559272 0.02146725 0.02559272 0.02806041 0.01643588 0.02088172 0.03344765 
0.02190374 0.02031309 0.03099159 0.01650831 0.02220750 0.02569358 0.02220750 0.01633083 0.00000000 0.02220750 0.03034733 0.02794380 0.03342412 0.02220750 0.03061370 0.02852329 0.02740850 0.02220750 0.02592730 0.01890239 0.03042926 0.02220750 0.02707268 0.01668554 0.02220750 0.02156738 0.01996104 0.02759723 0.02220750 0.02154618 0.02034724 0.02156738 0.04772220 0.02914809 0.02666366 0.03275591 0.03159510 0.05976981 0.02230571 0.02985837 0.02212191 0.01659260 0.05030275 0.03276771 0.03160890 0.02917733 0.03572376 0.01528687 0.02852427 0.01956272 0.03845016 0.01802062 0.02324932 0.02220750 0.02220750 0.01676730 0.02963154 0.02220750 0.02074919 0.02881317 0.02500552 0.02220750 0.01593256 0.02231194 0.01119228 0.01591920 0.02220750 0.02093267 0.02644024 0.02436599 0.02394738 0.01858354 0.02220750 0.01979054 0.02356091 0.03354625 0.02220750 0.01515972 0.02477502 0.02220750 0.01412636 0.01765104 0.02827720 0.02487451 0.01538241 0.02927291 0.02025559 0.01417353 0.01738847 0.02019091 0.02019091 0.01975862 0.03650075 0.02515769 0.02822746 0.02422587 0.02452101 0.02335109 0.02876610 0.03342412 0.02089474 0.02220750 0.02220750 0.02996227 0.01880772 0.02220750 0.02220750 0.03342412 0.01962157 0.02192350 0.02060079 0.02060079 0.03563206 0.02060079 0.03614010 0.02543308 0.02934835 0.01953760 
0.02386827 0.02306180 0.02267391 0.02483149 0.02902453 0.02311857 0.02902453 0.02472921 0.02220750 0.00000000 0.02489222 0.02160081 0.02521527 0.02902453 0.02209354 0.02408515 0.02466112 0.02902453 0.02149857 0.02041222 0.02359595 0.02902453 0.02225238 0.02417754 0.02902453 0.02451575 0.02232180 0.02389506 0.02902453 0.02259429 0.02349181 0.02451575 0.02561583 0.02176087 0.02261346 0.02169417 0.02174934 0.02220750 0.02367580 0.02282087 0.02253736 0.02183665 0.02303844 0.02620174 0.02112451 0.02099491 0.02227073 0.02169097 0.02169627 0.02470654 0.02392026 0.02214524 0.02178177 0.02902453 0.02902453 0.02102118 0.02158270 0.02902453 0.02439516 0.02324770 0.02127186 0.02902453 0.02171383 0.02115142 0.02476758 0.02248486 0.02902453 0.02176572 0.02234194 0.02309667 0.02107292 0.02266397 0.02902453 0.02595273 0.02217274 0.02164843 0.02902453 0.02298191 0.02305096 0.02902453 0.02365406 0.02139352 0.02405305 0.02216741 0.02246342 0.02217747 0.02263136 0.02371353 0.02436752 0.02632779 0.02632779 0.02218339 0.02173019 0.02162437 0.02370876 0.02242932 0.02051505 0.02283579 0.02347926 0.02521527 0.02302975 0.02902453 0.02902453 0.02460573 0.02476942 0.02902453 0.02902453 0.02521527 0.02398968 0.02306429 0.02718894 0.02718894 0.02535217 0.02718894 0.02542812 0.02417628 0.02429735 0.02432579 
0.02687392 0.03457718 0.03255939 0.03115746 0.02489222 0.04231368 0.02489222 0.01255318 0.03034733 0.02489222 0.00000000 0.01950017 0.04666151 0.02489222 0.03465732 0.02378102 0.04483971 0.02489222 0.01699413 0.02100296 0.02790515 0.02489222 0.03005329 0.01219756 0.02489222 0.03029484 0.01518649 0.02318990 0.02489222 0.01615967 0.01585280 0.03029484 0.01452159 0.01709529 0.01086515 0.01584295 0.02854776 0.03034733 0.01316118 0.02683278 0.03571270 0.01684855 0.03496284 0.01336059 0.02005301 0.02373859 0.02625841 0.02346074 0.02329208 0.01837704 0.03960970 0.01877257 0.02787489 0.02489222 0.02489222 0.02353666 0.01839720 0.02489222 0.02750742 0.01543573 0.02569249 0.02489222 0.02748651 0.02431969 0.01475782 0.02028073 0.02489222 0.02738567 0.03058050 0.02700690 0.02394569 0.01687007 0.02489222 0.03283708 0.03020803 0.02727356 0.02489222 0.01915795 0.02897190 0.02489222 0.02203682 0.01970915 0.02436757 0.02927085 0.01400296 0.01747052 0.01818172 0.03098434 0.02349004 0.01860545 0.01860545 0.02199827 0.02852554 0.01471904 0.02729859 0.02238594 0.02298743 0.03214885 0.03650738 0.04666151 0.02250063 0.02489222 0.02489222 0.02588269 0.01625181 0.02489222 0.02489222 0.04666151 0.02650118 0.03622023 0.01910830 0.01910830 0.01567100 0.01910830 0.01425884 0.01319708 0.01528414 0.01416848 
0.03081002 0.02999330 0.01816799 0.02958313 0.02160081 0.02608741 0.02160081 0.02985215 0.02794380 0.02160081 0.01950017 0.00000000 0.01080391 0.02160081 0.02728692 0.02138975 0.01735096 0.02160081 0.02801699 0.02312725 0.03675953 0.02160081 0.01641423 0.02672989 0.02160081 0.02564714 0.02283386 0.02016755 0.02160081 0.02497917 0.02485157 0.02564714 0.03797296 0.03036685 0.02081966 0.02564536 0.03157304 0.02794380 0.02604257 0.01310321 0.03333098 0.02415773 0.02555236 0.02631459 0.02480312 0.02352634 0.01857678 0.02337634 0.02458081 0.02506303 0.01448018 0.02093261 0.02276234 0.02160081 0.02160081 0.02297364 0.02633041 0.02160081 0.02591237 0.02617140 0.01874226 0.02160081 0.01956642 0.01810412 0.03938241 0.02077807 0.02160081 0.02266459 0.02272660 0.02493179 0.02032941 0.01833333 0.02160081 0.02524130 0.01856430 0.02168803 0.02160081 0.02284389 0.02513869 0.02160081 0.03114886 0.03451073 0.03300225 0.01769400 0.03199218 0.03795680 0.03027750 0.02018687 0.03087142 0.02406454 0.02406454 0.02996458 0.02098999 0.02519386 0.01191953 0.02912710 0.03402462 0.03538334 0.01642859 0.01080391 0.04662419 0.02160081 0.02160081 0.02442888 0.03186152 0.02160081 0.02160081 0.01080391 0.03303000 0.03168017 0.02537026 0.02537026 0.01662906 0.02537026 0.03450633 0.03136561 0.03792773 0.02641840 
0.02892490 0.03442634 0.03540120 0.01611228 0.02521527 0.03547660 0.02521527 0.00448750 0.03342412 0.02521527 0.04666151 0.01080391 0.00000000 0.02521527 0.02606879 0.02563708 0.04468155 0.02521527 0.01580486 0.02114812 0.03001046 0.02521527 0.03018947 0.01392037 0.02521527 0.03240374 0.01773147 0.02506897 0.02521527 0.01851311 0.01788961 0.03240374 0.01595415 0.01998200 0.01325642 0.01745268 0.03170970 0.03342412 0.01508142 0.02954646 0.03136196 0.00836280 0.03778468 0.01454943 0.01930615 0.02708820 0.02548865 0.02276952 0.02615981 0.02003579 0.04214952 0.01752056 0.02796575 0.02521527 0.02521527 0.02360010 0.02113961 0.02521527 0.02924061 0.01782202 0.02905910 0.02521527 0.02752746 0.02446289 0.01014497 0.02290833 0.02521527 0.02743913 0.03049872 0.02674382 0.02414269 0.01929067 0.02521527 0.03256998 0.03029913 0.03047785 0.02521527 0.01909818 0.03145165 0.02521527 0.02198732 0.01961990 0.01490795 0.03233705 0.01045915 0.01473334 0.02050453 0.02406176 0.02230986 0.02018707 0.02018707 0.01984481 0.03180530 0.01489528 0.01575351 0.02070497 0.01645993 0.02714461 0.03919863 0.04878842 0.02254314 0.02521527 0.02521527 0.02576804 0.01767105 0.02521527 0.02521527 0.04878842 0.02321821 0.03885124 0.02004211 0.02004211 0.01729656 0.02004211 0.01573110 0.01496410 0.01686079 0.01585365 
0.02386827 0.02306180 0.02267391 0.02483149 0.02902453 0.02311857 0.02902453 0.02472921 0.02220750 0.02902453 0.02489222 0.02160081 0.02521527 0.00000000 0.02209354 0.02408515 0.02466112 0.02902453 0.02149857 0.02041222 0.02359595 0.02902453 0.02225238 0.02417754 0.02902453 0.02451575 0.02232180 0.02389506 0.02902453 0.02259429 0.02349181 0.02451575 0.02561583 0.02176087 0.02261346 0.02169417 0.02174934 0.02220750 0.02367580 0.02282087 0.02253736 0.02183665 0.02303844 0.02620174 0.02112451 0.02099491 0.02227073 0.02169097 0.02169627 0.02470654 0.02392026 0.02214524 0.02178177 0.02902453 0.02902453 0.02102118 0.02158270 0.02902453 0.02439516 0.02324770 0.02127186 0.02902453 0.02171383 0.02115142 0.02476758 0.02248486 0.02902453 0.02176572 0.02234194 0.02309667 0.02107292 0.02266397 0.02902453 0.02595273 0.02217274 0.02164843 0.02902453 0.02298191 0.02305096 0.02902453 0.02365406 0.02139352 0.02405305 0.02216741 0.02246342 0.02217747 0.02263136 0.02371353 0.02436752 0.02632779 0.02632779 0.02218339 0.02173019 0.02162437 0.02370876 0.02242932 0.02051505 0.02283579 0.02347926 0.02521527 0.02302975 0.02902453 0.02902453 0.02460573 0.02476942 0.02902453 0.02902453 0.02521527 0.02398968 0.02306429 0.02718894 0.02718894 0.02535217 0.02718894 0.02542812 0.02417628 0.02429735 0.02432579 
0.03800056 0.02076379 0.02186335 0.03999235 0.02209354 0.02720013 0.02209354 0.03708127 0.03061370 0.02209354 0.03465732 0.02728692 0.02606879 0.02209354 0.00000000 0.02078896 0.02321162 0.02209354 0.03529982 0.02489795 0.01677969 0.02209354 0.01692670 0.02798342 0.02209354 0.03683117 0.03177946 0.01968868 0.02209354 0.02274597 0.03894642 0.03683117 0.01477433 0.02191840 0.02053490 0.01708410 0.02894926 0.03061370 0.02460878 0.02363559 0.03477011 0.02926120 0.02339195 0.02607254 0.02237869 0.03133645 0.03742201 0.03158991 0.02911637 0.01978838 0.03018749 0.02561432 0.02284447 0.02209354 0.02209354 0.02360224 0.03411538 0.02209354 0.02035967 0.02625178 0.02470579 0.02209354 0.01675571 0.03027517 0.01576553 0.03062310 0.02209354 0.02306179 0.02019938 0.01826936 0.01863420 0.02005273 0.02209354 0.01327085 0.02259076 0.02615644 0.02209354 0.02491502 0.01376633 0.02209354 0.01927233 0.02949882 0.02189008 0.01960777 0.02950815 0.03254172 0.02632723 0.01946452 0.01656040 0.01976849 0.01976849 0.02801943 0.02051948 0.02161955 0.02121500 0.02752885 0.02927796 0.02122457 0.02059646 0.02606879 0.02428145 0.02209354 0.02209354 0.02567016 0.03278510 0.02209354 0.02209354 0.02606879 0.01793948 0.02014407 0.01998991 0.01998991 0.02305752 0.01998991 0.02061014 0.03088739 0.03736110 0.02635587 
0.02199251 0.01513158 0.02014119 0.00509106 0.02408515 0.02451827 0.02408515 0.01458117 0.02852329 0.02408515 0.02378102 0.02138975 0.02563708 0.02408515 0.02078896 0.00000000 0.02172084 0.02408515 0.01842921 0.02453890 0.03905015 0.02408515 0.02405635 0.01332331 0.02408515 0.00412488 0.03588502 0.05920955 0.02408515 0.02080154 0.02245676 0.00412488 0.03190632 0.01861486 0.02699972 0.03086568 0.02010020 0.02852329 0.03100486 0.01444354 0.02071363 0.02796191 0.03750651 0.02341165 0.03192617 0.02884029 0.02271408 0.01919960 0.01579315 0.03837243 0.03214063 0.03572996 0.04288290 0.02408515 0.02408515 0.02984132 0.02322560 0.02408515 0.04431107 0.01625429 0.02456441 0.02408515 0.01998420 0.02418340 0.03332369 0.01378364 0.02408515 0.01195903 0.01683210 0.01046335 0.02014803 0.03730525 0.02408515 0.02511957 0.02234646 0.02964459 0.02408515 0.01806006 0.03012464 0.02408515 0.02682819 0.02694785 0.01654521 0.02094578 0.02410023 0.02244049 0.04236916 0.03497389 0.03943939 0.03450511 0.03450511 0.01687094 0.02040508 0.02105349 0.03788119 0.01882698 0.02061412 0.01410419 0.01803698 0.02563708 0.01358486 0.02408515 0.02408515 0.02475840 0.01183325 0.02408515 0.02408515 0.02563708 0.02806260 0.02364545 0.02350038 0.02350038 0.02094372 0.02350038 0.02492384 0.02303171 0.02778913 0.02341892 
0.02486229 0.03895190 0.02980281 0.01699598 0.02466112 0.03291871 0.02466112 0.02319194 0.02740850 0.02466112 0.04483971 0.01735096 0.04468155 0.02466112 0.02321162 0.02172084 0.00000000 0.02466112 0.02272563 0.02568010 0.02549357 0.02466112 0.03440052 0.01006654 0.02466112 0.02836825 0.01238219 0.02106577 0.02466112 0.01346101 0.01346733 0.02836825 0.01297129 0.01431881 0.00828300 0.01553845 0.02551098 0.02740850 0.01111485 0.02421229 0.03417693 0.01678613 0.03227479 0.01206572 0.02474023 0.02048663 0.03072512 0.02808497 0.02032037 0.01661716 0.03721785 0.02466327 0.03223994 0.02466112 0.02466112 0.02815750 0.01547357 0.02466112 0.02537919 0.01310207 0.02251438 0.02466112 0.03208531 0.02886814 0.02502548 0.01772859 0.02466112 0.03187508 0.03507215 0.03294507 0.02846847 0.01415664 0.02466112 0.04148863 0.03462391 0.02420619 0.02466112 0.02714240 0.02641121 0.02466112 0.03000960 0.02532364 0.02506780 0.02632260 0.02092381 0.02317664 0.01561304 0.03020637 0.03264972 0.01716819 0.01716819 0.02782798 0.02545822 0.01377472 0.01708909 0.02812461 0.02046187 0.03100027 0.03394379 0.04468155 0.02198988 0.02466112 0.02466112 0.03432994 0.01434180 0.02466112 0.02466112 0.04468155 0.03148387 0.03368879 0.01836280 0.01836280 0.01418160 0.01836280 0.01287537 0.01123473 0.01345420 0.01253984 
0.02386827 0.02306180 0.02267391 0.02483149 0.02902453 0.02311857 0.02902453 0.02472921 0.02220750 0.02902453 0.02489222 0.02160081 0.02521527 0.02902453 0.02209354 0.02408515 0.02466112 0.00000000 0.02149857 0.02041222 0.02359595 0.02902453 0.02225238 0.02417754 0.02902453 0.02451575 0.02232180 0.02389506 0.02902453 0.02259429 0.02349181 0.02451575 0.02561583 0.02176087 0.02261346 0.02169417 0.02174934 0.02220750 0.02367580 0.02282087 0.02253736 0.02183665 0.02303844 0.02620174 0.02112451 0.02099491 0.02227073 0.02169097 0.02169627 0.02470654 0.02392026 0.02214524 0.02178177 0.02902453 0.02902453 0.02102118 0.02158270 0.02902453 0.02439516 0.02324770 0.02127186 0.02902453 0.02171383 0.02115142 0.02476758 0.02248486 0.02902453 0.02176572 0.02234194 0.02309667 0.02107292 0.02266397 0.02902453 0.02595273 0.02217274 0.02164843 0.02902453 0.02298191 0.02305096 0.02902453 0.02365406 0.02139352 0.02405305 0.02216741 0.02246342 0.02217747 0.02263136 0.02371353 0.02436752 0.02632779 0.02632779 0.02218339 0.02173019 0.02162437 0.02370876 0.02242932 0.02051505 0.02283579 0.02347926 0.02521527 0.02302975 0.02902453 0.02902453 0.02460573 0.02476942 0.02902453 0.02902453 0.02521527 0.02398968 0.02306429 0.02718894 0.02718894 0.02535217 0.02718894 0.02542812 0.02417628 0.02429735 0.02432579 
0.03057148 0.02818670 0.02437343 0.02266382 0.02149857 0.02156088 0.02149857 0.04327415 0.02592730 0.02149857 0.01699413 0.02801699 0.01580486 0.02149857 0.03529982 0.01842921 0.02272563 0.02149857 0.00000000 0.02725848 0.02272587 0.02149857 0.02409618 0.02541688 0.02149857 0.02629874 0.03042970 0.01604128 0.02149857 0.02148585 0.03431263 0.02629874 0.02774043 0.02910841 0.02017883 0.02141331 0.02689076 0.02592730 0.02883396 0.02434530 0.03080007 0.03526103 0.02007763 0.02563333 0.02506312 0.02701485 0.02401092 0.02928186 0.02315476 0.02849863 0.01735921 0.03732381 0.02442913 0.02149857 0.02149857 0.02754403 0.03077647 0.02149857 0.02138474 0.02609918 0.01854560 0.02149857 0.02435131 0.02730719 0.02830959 0.03222348 0.02149857 0.02997357 0.02942957 0.03592909 0.02147975 0.01819091 0.02149857 0.02639325 0.02427272 0.02511050 0.02149857 0.03725820 0.01238493 0.02149857 0.02834141 0.02995599 0.02237768 0.01701655 0.02385390 0.04085640 0.02472059 0.01467215 0.02419625 0.02660576 0.02660576 0.02496117 0.02097164 0.02371874 0.01759594 0.02233694 0.02897653 0.02100557 0.02334449 0.01580486 0.02417643 0.02149857 0.02149857 0.02517913 0.03063446 0.02149857 0.02149857 0.01580486 0.02316640 0.01863643 0.02094351 0.02094351 0.01984192 0.02094351 0.03113293 0.02954153 0.03611103 0.02831750 
0.02010380 0.02996963 0.01876053 0.02107503 0.02041222 0.01828134 0.02041222 0.03067428 0.01890239 0.02041222 0.02100296 0.02312725 0.02114812 0.02041222 0.02489795 0.02453890 0.02568010 0.02041222 0.02725848 0.00000000 0.02099114 0.02041222 0.03440751 0.02619137 0.02041222 0.02141106 0.03539941 0.02687295 0.02041222 0.03745040 0.03152667 0.02141106 0.02276081 0.02561630 0.02750987 0.02459889 0.02868731 0.01890239 0.02581381 0.02566256 0.02854978 0.03141464 0.02121818 0.02637721 0.02704420 0.02115174 0.03021053 0.02569667 0.02925061 0.02574303 0.02364190 0.02979562 0.02626980 0.02041222 0.02041222 0.03013009 0.02232994 0.02041222 0.02400021 0.02687954 0.03271117 0.02041222 0.02918051 0.03131349 0.02847545 0.02801933 0.02041222 0.02347937 0.02296624 0.02366764 0.03606167 0.02543303 0.02041222 0.02691457 0.03024728 0.02132498 0.02041222 0.02678032 0.02167621 0.02041222 0.02724084 0.02670612 0.02028540 0.02344027 0.03045527 0.02389555 0.01978342 0.03071041 0.02696982 0.02412215 0.02412215 0.03317739 0.02430299 0.02722489 0.02734561 0.04103379 0.02923222 0.02660034 0.02715247 0.02114812 0.03026936 0.02041222 0.02041222 0.02851927 0.02082412 0.02041222 0.02041222 0.02114812 0.02327476 0.02485170 0.01930045 0.01930045 0.01874339 0.01930045 0.02218739 0.02656099 0.02007017 0.02580081 
0.01504487 0.01395021 0.01936806 0.01016753 0.02359595 0.01930737 0.02359595 0.02622556 0.03042926 0.02359595 0.02790515 0.03675953 0.03001046 0.02359595 0.01677969 0.03905015 0.02549357 0.02359595 0.02272587 0.02099114 0.00000000 0.02359595 0.01685167 0.02392456 0.02359595 0.00805583 0.03702696 0.03777342 0.02359595 0.02717603 0.03312054 0.00805583 0.03995601 0.02816781 0.02725016 0.03326404 0.03715657 0.03042926 0.02330534 0.01243545 0.02324764 0.02044333 0.03413597 0.01768419 0.02606905 0.02388913 0.00747181 0.02600913 0.01457748 0.01714898 0.02103657 0.02079001 0.03221555 0.02359595 0.02359595 0.01275210 0.01938018 0.02359595 0.05405893 0.03043131 0.02147324 0.02359595 0.01617109 0.01882038 0.04150222 0.02494592 0.02359595 0.02218049 0.01613445 0.01220178 0.01926888 0.03914959 0.02359595 0.02500101 0.01921491 0.01896696 0.02359595 0.02426393 0.04754413 0.02359595 0.03479017 0.02041507 0.02628843 0.02397986 0.01723836 0.03690044 0.03991201 0.02261648 0.02403493 0.01896233 0.01896233 0.01386220 0.02822874 0.01667657 0.02183539 0.01284940 0.02529892 0.04198570 0.02259087 0.03001046 0.03213660 0.02359595 0.02359595 0.01305939 0.02940478 0.02359595 0.02359595 0.03001046 0.01840343 0.02764651 0.02694547 0.02694547 0.01552119 0.02694547 0.04290642 0.01102482 0.01580212 0.03332201 
0.02386827 0.02306180 0.02267391 0.02483149 0.02902453 0.02311857 0.02902453 0.02472921 0.02220750 0.02902453 0.02489222 0.02160081 0.02521527 0.02902453 0.02209354 0.02408515 0.02466112 0.02902453 0.02149857 0.02041222 0.02359595 0.00000000 0.02225238 0.02417754 0.02902453 0.02451575 0.02232180 0.02389506 0.02902453 0.02259429 0.02349181 0.02451575 0.02561583 0.02176087 0.02261346 0.02169417 0.02174934 0.02220750 0.02367580 0.02282087 0.02253736 0.02183665 0.02303844 0.02620174 0.02112451 0.02099491 0.02227073 0.02169097 0.02169627 0.02470654 0.02392026 0.02214524 0.02178177 0.02902453 0.02902453 0.02102118 0.02158270 0.02902453 0.02439516 0.02324770 0.02127186 0.02902453 0.02171383 0.02115142 0.02476758 0.02248486 0.02902453 0.02176572 0.02234194 0.02309667 0.02107292 0.02266397 0.02902453 0.02595273 0.02217274 0.02164843 0.02902453 0.02298191 0.02305096 0.02902453 0.02365406 0.02139352 0.02405305 0.02216741 0.02246342 0.02217747 0.02263136 0.02371353 0.02436752 0.02632779 0.02632779 0.02218339 0.02173019 0.02162437 0.02370876 0.02242932 0.02051505 0.02283579 0.02347926 0.02521527 0.02302975 0.02902453 0.02902453 0.02460573 0.02476942 0.02902453 0.02902453 0.02521527 0.02398968 0.02306429 0.02718894 0.02718894 0.02535217 0.02718894 0.02542812 0.02417628 0.02429735 0.02432579 
0.01481132 0.03099944 0.02188338 0.02164462 0.02225238 0.01733835 0.02225238 0.01664305 0.02707268 0.02225238 0.03005329 0.01641423 0.03018947 0.02225238 0.01692670 0.02405635 0.03440052 0.02225238 0.02409618 0.03440751 0.01685167 0.02225238 0.00000000 0.02423356 0.02225238 0.01738432 0.02946927 0.02299935 0.02225238 0.03170635 0.01793138 0.01738432 0.02155815 0.02336762 0.02199041 0.02491717 0.01516356 0.02707268 0.02561750 0.02481363 0.01900826 0.03590643 0.02980895 0.03332735 0.02350280 0.02425161 0.03503936 0.02222234 0.02264873 0.02069507 0.03720105 0.03166562 0.03130024 0.02225238 0.02225238 0.02953382 0.02225655 0.02225238 0.02008643 0.01699596 0.02588434 0.02225238 0.02948879 0.03440344 0.02515732 0.02416692 0.02225238 0.03435669 0.02642457 0.02719895 0.04415028 0.01972275 0.02225238 0.03178671 0.04059809 0.02027312 0.02225238 0.02575365 0.02556139 0.02225238 0.02733365 0.02853364 0.02566367 0.01640265 0.02892443 0.01848679 0.01097375 0.02863696 0.02801904 0.02053071 0.02053071 0.03126371 0.02707912 0.04048239 0.01416922 0.03589141 0.03047415 0.02790290 0.04065486 0.03018947 0.01367127 0.02225238 0.02225238 0.03861368 0.01582703 0.02225238 0.02225238 0.03018947 0.02009804 0.02056741 0.01820865 0.01820865 0.02512456 0.01820865 0.01722776 0.02298807 0.01105638 0.02159885 
0.03128265 0.01482308 0.02177703 0.04183720 0.02417754 0.02276334 0.02417754 0.03176650 0.01668554 0.02417754 0.01219756 0.02672989 0.01392037 0.02417754 0.02798342 0.01332331 0.01006654 0.02417754 0.02541688 0.02619137 0.02392456 0.02417754 0.02423356 0.00000000 0.02417754 0.02084712 0.03421708 0.01242264 0.02417754 0.03977217 0.04142914 0.02084712 0.02004045 0.02735315 0.03260201 0.03106027 0.02828705 0.01668554 0.02085212 0.02852095 0.02361932 0.03708623 0.01651659 0.03361803 0.02859243 0.02556550 0.02671426 0.03430999 0.02985158 0.00938242 0.02013930 0.01717298 0.01547794 0.02417754 0.02417754 0.02406493 0.03031718 0.02417754 0.02944965 0.00866281 0.03562861 0.02417754 0.01764350 0.02868835 0.02311605 0.02616022 0.02417754 0.03604902 0.02058117 0.02501017 0.02485254 0.04408765 0.02417754 0.01306045 0.02957158 0.01853498 0.02417754 0.01811019 0.04217299 0.02417754 0.01672811 0.02343864 0.02181671 0.03878257 0.02037350 0.02180425 0.03452522 0.02235329 0.00919382 0.01279672 0.01279672 0.02814712 0.02681784 0.02981001 0.01674458 0.02517676 0.03140294 0.02658905 0.01064980 0.01392037 0.03358633 0.02417754 0.02417754 0.02360558 0.05633606 0.02417754 0.02417754 0.01392037 0.02104495 0.02213015 0.01859284 0.01859284 0.02002780 0.01859284 0.01532877 0.04340354 0.03767380 0.01705036 
0.02386827 0.02306180 0.02267391 0.02483149 0.02902453 0.02311857 0.02902453 0.02472921 0.02220750 0.02902453 0.02489222 0.02160081 0.02521527 0.02902453 0.02209354 0.02408515 0.02466112 0.02902453 0.02149857 0.02041222 0.02359595 0.02902453 0.02225238 0.02417754 0.00000000 0.02451575 0.02232180 0.02389506 0.02902453 0.02259429 0.02349181 0.02451575 0.02561583 0.02176087 0.02261346 0.02169417 0.02174934 0.02220750 0.02367580 0.02282087 0.02253736 0.02183665 0.02303844 0.02620174 0.02112451 0.02099491 0.02227073 0.02169097 0.02169627 0.02470654 0.02392026 0.02214524 0.02178177 0.02902453 0.02902453 0.02102118 0.02158270 0.02902453 0.02439516 0.02324770 0.02127186 0.02902453 0.02171383 0.02115142 0.02476758 0.02248486 0.02902453 0.02176572 0.02234194 0.02309667 0.02107292 0.02266397 0.02902453 0.02595273 0.02217274 0.02164843 0.02902453 0.02298191 0.02305096 0.02902453 0.02365406 0.02139352 0.02405305 0.02216741 0.02246342 0.02217747 0.02263136 0.02371353 0.02436752 0.02632779 0.02632779 0.02218339 0.02173019 0.02162437 0.02370876 0.02242932 0.02051505 0.02283579 0.02347926 0.02521527 0.02302975 0.02902453 0.02902453 0.02460573 0.02476942 0.02902453 0.02902453 0.02521527 0.02398968 0.02306429 0.02718894 0.02718894 0.02535217 0.02718894 0.02542812 0.02417628 0.02429735 0.02432579 
0.05730696 0.01708244 0.02187225 0.04483534 0.02451575 0.02413099 0.02451575 0.01862774 0.02156738 0.02451575 0.03029484 0.02564714 0.03240374 0.02451575 0.03683117 0.00412488 0.02836825 0.02451575 0.02629874 0.02141106 0.00805583 0.02451575 0.01738432 0.02084712 0.02451575 0.00000000 0.01797576 0.00368823 0.02451575 0.01577993 0.01314620 0.06790348 0.02666089 0.03070952 0.02414403 0.01463875 0.02364901 0.02156738 0.02986210 0.03788156 0.05012364 0.02070273 0.02046544 0.02135883 0.01754785 0.03337356 0.01836554 0.02246041 0.01702962 0.03682548 0.02373056 0.01172292 0.01769337 0.02451575 0.02451575 0.03151206 0.02680618 0.02451575 0.00329430 0.04003918 0.03555079 0.02451575 0.01682484 0.02486495 0.00626242 0.03871876 0.02451575 0.02971378 0.01748718 0.01122411 0.02016458 0.00230789 0.02451575 0.02241033 0.02632081 0.03472865 0.02451575 0.02026015 0.01344285 0.02451575 0.01935707 0.02185667 0.01546143 0.02217396 0.02470383 0.02966601 0.03053613 0.02651462 0.02136512 0.03332857 0.03332857 0.02978040 0.02150913 0.02754318 0.01254951 0.01882674 0.02311661 0.03471733 0.02548599 0.03240374 0.00975454 0.02451575 0.02451575 0.01696561 0.02293080 0.02451575 0.02451575 0.03240374 0.02564585 0.02432743 0.02266507 0.02266507 0.02988914 0.02266507 0.02124915 0.03134112 0.03684039 0.02441524 
0.02288663 0.02098822 0.01864371 0.01159770 0.02232180 0.01414972 0.02232180 0.03173861 0.01996104 0.02232180 0.01518649 0.02283386 0.01773147 0.02232180 0.03177946 0.03588502 0.01238219 0.02232180 0.03042970 0.03539941 0.03702696 0.02232180 0.02946927 0.03421708 0.02232180 0.01797576 0.00000000 0.03426914 0.02232180 0.03954355 0.04904696 0.01797576 0.01678526 0.02525590 0.04113343 0.03456242 0.02694628 0.01996104 0.02240321 0.02347426 0.01844539 0.03690492 0.01880412 0.02881779 0.02714808 0.02677901 0.02414823 0.02344166 0.03152129 0.01735402 0.01905039 0.02525439 0.02506171 0.02232180 0.02232180 0.02811034 0.02496957 0.02232180 0.04461810 0.02032448 0.02649345 0.02232180 0.02289483 0.02961317 0.03284299 0.03583014 0.02232180 0.01876025 0.01538494 0.01432773 0.02878096 0.04154371 0.02232180 0.01362290 0.02400655 0.02173167 0.02232180 0.02585133 0.02733988 0.02232180 0.02377861 0.02377069 0.01029801 0.02624699 0.02460916 0.02280305 0.03771041 0.03086256 0.01968205 0.01778679 0.01778679 0.03053740 0.02360043 0.02889912 0.03296748 0.03196744 0.02859137 0.02685744 0.02435970 0.01773147 0.02446944 0.02232180 0.02232180 0.01857688 0.02858593 0.02232180 0.02232180 0.01773147 0.01731413 0.02419966 0.01833241 0.01833241 0.01816164 0.01833241 0.01710500 0.03325661 0.02693739 0.02127970 
0.02102967 0.01415534 0.01916879 0.00526361 0.02389506 0.02339334 0.02389506 0.01377633 0.02759723 0.02389506 0.02318990 0.02016755 0.02506897 0.02389506 0.01968868 0.05920955 0.02106577 0.02389506 0.01604128 0.02687295 0.03777342 0.02389506 0.02299935 0.01242264 0.02389506 0.00368823 0.03426914 0.00000000 0.02389506 0.02910306 0.02122037 0.00368823 0.03109068 0.02434356 0.02548641 0.02640910 0.02277184 0.02759723 0.02979676 0.01222347 0.02247946 0.02657426 0.03653529 0.02280000 0.02807774 0.02736352 0.02169472 0.01786137 0.01464769 0.03705172 0.03131727 0.03436736 0.04133170 0.02389506 0.02389506 0.02813549 0.02185295 0.02389506 0.04299862 0.01835099 0.03096926 0.02389506 0.02478216 0.02227578 0.03214377 0.01261246 0.02389506 0.01107969 0.01576364 0.00969568 0.02503386 0.03580426 0.02389506 0.02041259 0.02465674 0.03828871 0.02389506 0.01723557 0.02907649 0.02389506 0.02570114 0.02549730 0.01538347 0.01984402 0.02278662 0.02186574 0.04082678 0.03357078 0.03813007 0.03348521 0.03348521 0.01568984 0.02436741 0.01968023 0.03636507 0.01802981 0.02292833 0.01352768 0.01736895 0.02506897 0.01781701 0.02389506 0.02389506 0.02391320 0.01099907 0.02389506 0.02389506 0.02506897 0.02687319 0.02332926 0.02850110 0.02850110 0.02801069 0.02850110 0.02233990 0.02991346 0.03359099 0.02637050 
0.02386827 0.02306180 0.02267391 0.02483149 0.02902453 0.02311857 0.02902453 0.02472921 0.02220750 0.02902453 0.02489222 0.02160081 0.02521527 0.02902453 0.02209354 0.02408515 0.02466112 0.02902453 0.02149857 0.02041222 0.02359595 0.02902453 0.02225238 0.02417754 0.02902453 0.02451575 0.02232180 0.02389506 0.00000000 0.02259429 0.02349181 0.02451575 0.02561583 0.02176087 0.02261346 0.02169417 0.02174934 0.02220750 0.02367580 0.02282087 0.02253736 0.02183665 0.02303844 0.02620174 0.02112451 0.02099491 0.02227073 0.02169097 0.02169627 0.02470654 0.02392026 0.02214524 0.02178177 0.02902453 0.02902453 0.02102118 0.02158270 0.02902453 0.02439516 0.02324770 0.02127186 0.02902453 0.02171383 0.02115142 0.02476758 0.02248486 0.02902453 0.02176572 0.02234194 0.02309667 0.02107292 0.02266397 0.02902453 0.02595273 0.02217274 0.02164843 0.02902453 0.02298191 0.02305096 0.02902453 0.02365406 0.02139352 0.02405305 0.02216741 0.02246342 0.02217747 0.02263136 0.02371353 0.02436752 0.02632779 0.02632779 0.02218339 0.02173019 0.02162437 0.02370876 0.02242932 0.02051505 0.02283579 0.02347926 0.02521527 0.02302975 0.02902453 0.02902453 0.02460573 0.02476942 0.02902453 0.02902453 0.02521527 0.02398968 0.02306429 0.02718894 0.02718894 0.02535217 0.02718894 0.02542812 0.02417628 0.02429735 0.02432579 
0.02192280 0.02574033 0.02529390 0.03032256 0.02259429 0.01884003 0.02259429 0.02333731 0.02154618 0.02259429 0.01615967 0.02497917 0.01851311 0.02259429 0.02274597 0.02080154 0.01346101 0.02259429 0.02148585 0.03745040 0.02717603 0.02259429 0.03170635 0.03977217 0.02259429 0.01577993 0.03954355 0.02910306 0.02259429 0.00000000 0.04330675 0.01577993 0.01603020 0.02597551 0.03303670 0.04280016 0.03811260 0.02154618 0.01540794 0.03013906 0.02213964 0.03608326 0.02122032 0.02725432 0.03024160 0.02415191 0.01853395 0.03340342 0.03482322 0.00769178 0.01781923 0.01458550 0.01539416 0.02259429 0.02259429 0.02670304 0.02803453 0.02259429 0.03448314 0.02385738 0.03994829 0.02259429 0.03176036 0.02402671 0.02420381 0.02346965 0.02259429 0.03401453 0.02271805 0.02756706 0.03499063 0.03500143 0.02259429 0.01568750 0.02822987 0.02375477 0.02259429 0.02159967 0.02481378 0.02259429 0.01659465 0.02018695 0.02287323 0.02038463 0.01711902 0.01499634 0.03126602 0.02398721 0.01137814 0.01089948 0.01089948 0.03370037 0.02959395 0.02428972 0.03498651 0.03040691 0.04076794 0.01259190 0.02471015 0.01851311 0.03045522 0.02259429 0.02259429 0.01737787 0.04346448 0.02259429 0.02259429 0.01851311 0.01886118 0.02393848 0.02108918 0.02108918 0.02457982 0.02108918 0.01795806 0.03506142 0.02810719 0.01741759 
