0.00000000 0.20896225 0.20166960 0.18822844 0.17291247 0.18370601 0.13748544 0.14966706 0.14123372 0.13548048 0.12199251 0.16113490 0.14273831 0.12445784 0.15375939 0.11537571 0.17880517 0.13908594 0.15270675 0.12538233 0.13286374 0.16085114 0.12926582 0.11872513 0.13773128 0.16866761 0.15216597 0.13362464 0.12658811 0.14650584 0.14205010 0.14226799 0.16221660 0.14335460 0.12745121 0.13194147 0.14143716 0.14416428 0.14897413 0.13310237 0.17167570 0.15636730 0.15259158 0.12371318 0.13000289 0.14888225 0.13607283 0.12986997 0.13268750 0.18189483 0.14696529 0.14261491 0.14380619 0.13340028 0.13104561 0.15181600 0.14784712 0.14988728 0.13945885 0.14634544 0.13336766 0.12776790 0.14523553 0.13530522 0.14702419 0.14348578 0.16889257 0.18335480 0.12951410 0.14903153 0.14019700 0.12310245 0.12358579 0.11292386 0.13856684 0.16556872 0.14334808 0.13309984 0.12972454 0.11785895 0.14488743 0.14394044 0.13826298 0.13513514 0.12321561 0.13705975 0.14503173 0.15698030 0.10988495 0.12654416 0.10115437 0.11928459 0.14105270 0.14595031 0.15756702 0.13371700 0.13564892 0.17156726 0.17431065 0.11380204 0.15125387 0.12143518 0.10864946 0.10070332 0.14122891 0.14431161 0.10522940 0.12236881 0.13436738 0.12359757 0.14225560 0.12926235 0.11450763 0.11037861 0.12190435 0.15200539 0.20004418 0.16036268 
0.20896225 0.00000000 0.23969429 0.22628952 0.20943335 0.19465985 0.15832717 0.16311573 0.14867725 0.13060406 0.14497045 0.15108008 0.13296391 0.14915648 0.16123270 0.13831491 0.18876685 0.14721238 0.13614919 0.13789188 0.14550922 0.14733738 0.12778093 0.13385455 0.13764359 0.14366178 0.13764049 0.13911379 0.11733482 0.14068077 0.14312784 0.11169205 0.11338789 0.13342223 0.13177442 0.12895379 0.12964601 0.13692730 0.13784896 0.12529354 0.13375823 0.13070872 0.14379610 0.12743204 0.13617733 0.14780417 0.14776267 0.13164476 0.13169215 0.16004039 0.14173507 0.12873360 0.12688721 0.13352023 0.13775840 0.16054891 0.13662518 0.15115638 0.16394279 0.12071358 0.13098728 0.13643610 0.14353690 0.11542808 0.13607048 0.16574452 0.13638535 0.15949143 0.15714323 0.15208518 0.14163367 0.13237071 0.12909606 0.16129511 0.13508141 0.13324721 0.14440273 0.13087173 0.12385381 0.14422530 0.13468343 0.14624519 0.13344207 0.15370653 0.12773952 0.12612533 0.13902372 0.12836698 0.11634870 0.12128366 0.10470999 0.13022181 0.11900175 0.13653554 0.15259996 0.12051559 0.13721793 0.13085275 0.17180976 0.10495519 0.13675244 0.15527840 0.12913987 0.13344635 0.14676705 0.14573042 0.11088945 0.15245737 0.14739793 0.16380738 0.14032811 0.12753090 0.12765941 0.11276608 0.13645376 0.13402361 0.16468819 0.15762451 
0.20166960 0.23969429 0.00000000 0.28168280 0.23699968 0.23940315 0.16234036 0.15595688 0.13720124 0.12016283 0.12214669 0.13421747 0.12600098 0.13367273 0.12552836 0.14080136 0.17506109 0.13129040 0.14254341 0.13837441 0.12595844 0.14788650 0.17081801 0.13911924 0.13646180 0.11806146 0.13194996 0.13390368 0.11993856 0.14331500 0.13677598 0.15623217 0.10682900 0.12221794 0.13252016 0.10425786 0.13484206 0.12346262 0.12161208 0.13390627 0.12063689 0.13010723 0.12600114 0.11808349 0.13583824 0.14205202 0.16618466 0.15609542 0.15056892 0.14626870 0.13774005 0.11832220 0.11821122 0.13158442 0.15332653 0.13180417 0.13404715 0.15263205 0.17871564 0.11608522 0.15519738 0.12997260 0.16510157 0.13476017 0.14129055 0.15512996 0.15198264 0.16823215 0.14248174 0.16032916 0.14056301 0.13317914 0.13977398 0.16218135 0.14503511 0.14078855 0.17523705 0.13294679 0.11689711 0.13366960 0.12966468 0.13917440 0.13016026 0.13517121 0.12826347 0.12250641 0.11542096 0.13675162 0.11499471 0.13510924 0.10496063 0.12907507 0.11705800 0.13368671 0.15039928 0.14403935 0.13306437 0.13261496 0.16661870 0.13804507 0.13781255 0.14689911 0.12617655 0.12022619 0.14193685 0.14618142 0.11078482 0.13311185 0.15824932 0.17575351 0.16942286 0.11151115 0.14421882 0.10337978 0.13207458 0.12637339 0.14828597 0.15777404 
0.18822844 0.22628952 0.28168280 0.00000000 0.24198385 0.21982582 0.19443437 0.16934732 0.12077997 0.12633144 0.11569762 0.13455935 0.12304848 0.15618693 0.16227047 0.13744517 0.16090430 0.13957006 0.13678900 0.11865427 0.13780941 0.14496360 0.16298750 0.12729913 0.13145199 0.14567529 0.12225591 0.14139335 0.13280835 0.12493906 0.13468898 0.16055658 0.09366926 0.13524881 0.12785418 0.13463491 0.11799737 0.13087218 0.11216895 0.13620149 0.13639513 0.14616337 0.14425437 0.13250249 0.14247869 0.16551426 0.16664095 0.13130604 0.15233273 0.14906335 0.13620787 0.12353839 0.11973726 0.12624738 0.14999251 0.12863259 0.13359063 0.14962118 0.14422721 0.12885020 0.11794296 0.15015362 0.14444038 0.11077561 0.13441318 0.14183075 0.12534564 0.15740957 0.11812974 0.13487648 0.14196559 0.11959229 0.14683945 0.16311767 0.14585073 0.15334116 0.18128707 0.17060945 0.13079590 0.14545159 0.13653002 0.14684568 0.12793708 0.16675590 0.11958889 0.15167636 0.13500216 0.13871260 0.12157990 0.11558649 0.15759366 0.10368908 0.12352364 0.12553705 0.15733997 0.12009643 0.13616172 0.13061348 0.17128455 0.10398872 0.12176359 0.16078817 0.13631262 0.13240483 0.09976890 0.14250309 0.12357922 0.12196434 0.11313177 0.13948433 0.15884629 0.12004054 0.11580980 0.11180269 0.15359561 0.16832416 0.16854306 0.17858120 
0.17291247 0.20943335 0.23699968 0.24198385 0.00000000 0.22099870 0.19811521 0.15574866 0.14132764 0.12981886 0.14007864 0.16059450 0.12647464 0.18804605 0.13441153 0.14508773 0.15322151 0.15453351 0.13286274 0.13894949 0.13440681 0.11909454 0.16297842 0.15083842 0.13003635 0.15574294 0.12714232 0.11239028 0.14268096 0.15585800 0.14363354 0.13036755 0.11057431 0.14473609 0.11797177 0.13589409 0.11045506 0.15116914 0.13212925 0.13624789 0.11211107 0.12821501 0.10806327 0.17069567 0.13789340 0.13673232 0.13984615 0.13406614 0.11168223 0.15947323 0.13656602 0.12594685 0.14454022 0.13741694 0.14802442 0.16023801 0.12528665 0.14959028 0.14156225 0.14739817 0.13929053 0.14533768 0.13789206 0.11137746 0.15829630 0.14802794 0.09968583 0.15779940 0.11149334 0.13868299 0.12243396 0.14532338 0.11850510 0.13711273 0.14336498 0.12247876 0.17311041 0.11992103 0.13550303 0.14023740 0.15984048 0.12367310 0.12981588 0.12984611 0.12630391 0.13554322 0.13445900 0.13294012 0.14830329 0.15103587 0.10670561 0.13329006 0.14391022 0.14274686 0.11541944 0.12499883 0.11672843 0.12031196 0.15706262 0.12960119 0.14212517 0.18830107 0.14219265 0.11301324 0.11708599 0.19111548 0.12884002 0.13893878 0.14944576 0.12840265 0.14654273 0.13636382 0.12945198 0.12396917 0.18291989 0.15086576 0.15374815 0.15291629 
0.18370601 0.19465985 0.23940315 0.21982582 0.22099870 0.00000000 0.25941134 0.20196825 0.13300136 0.10252283 0.13862038 0.18036135 0.16540995 0.21156908 0.13501242 0.17809920 0.19000065 0.15005783 0.10361648 0.13148613 0.15335054 0.10896897 0.15902352 0.12493365 0.08993852 0.18322061 0.13100867 0.09428202 0.12220769 0.11931889 0.11139794 0.10707304 0.09363851 0.15054371 0.12576967 0.14972764 0.18707584 0.20768200 0.13867443 0.14380485 0.13809123 0.17429511 0.15872049 0.17826499 0.13033360 0.13794316 0.11931930 0.16066618 0.15246281 0.11992619 0.16722817 0.13476107 0.08845758 0.11834257 0.18114257 0.14722208 0.10820257 0.12627014 0.15035452 0.14581284 0.11673709 0.10070917 0.15957918 0.11981710 0.12320431 0.12892350 0.16601041 0.15599069 0.14995381 0.13783487 0.15226474 0.08212969 0.11695875 0.14177983 0.14913590 0.17672855 0.15588644 0.13703635 0.14641725 0.15231472 0.12758248 0.10677974 0.11684515 0.14870255 0.14623376 0.12901672 0.17513757 0.15366710 0.13185654 0.12577366 0.15512426 0.10635001 0.14877038 0.09274945 0.13747864 0.09842713 0.13450754 0.08420418 0.13989757 0.10803687 0.11720748 0.14067965 0.11826634 0.12779468 0.15706199 0.16194944 0.13452925 0.14245505 0.15559350 0.14067769 0.13668928 0.09305171 0.21712059 0.12294754 0.12071606 0.17270509 0.15528443 0.11842864 
0.13748544 0.15832717 0.16234036 0.19443437 0.19811521 0.25941134 0.00000000 0.17805133 0.26464461 0.16312707 0.11746883 0.15471572 0.20201173 0.18124977 0.13530423 0.13168124 0.10486420 0.15656035 0.14759140 0.09532633 0.18500059 0.09273318 0.20085527 0.20057568 0.11283174 0.15536445 0.18918334 0.14487070 0.17642922 0.15062949 0.11033316 0.13777029 0.11160473 0.15952340 0.17412261 0.24209991 0.14276139 0.10390080 0.17346363 0.18517311 0.14599062 0.16496751 0.14493377 0.12046797 0.12076991 0.12272477 0.14972229 0.13218530 0.15632291 0.13328668 0.08073830 0.12679091 0.09315741 0.12430872 0.11368241 0.18913056 0.18023998 0.12006999 0.12809700 0.11651194 0.09643199 0.15687185 0.12839364 0.12004274 0.09937414 0.10729096 0.11850795 0.09739011 0.13153335 0.14596842 0.15593611 0.10410306 0.15712281 0.12754947 0.13744163 0.19409287 0.16035465 0.12444405 0.11349393 0.17841869 0.14843184 0.17308657 0.09067755 0.17902785 0.14146180 0.14758901 0.11804497 0.12036540 0.09977433 0.15301808 0.19408732 0.19297829 0.16289044 0.15894537 0.12042810 0.16562117 0.09272754 0.07788669 0.10691061 0.15756579 0.10099271 0.15002077 0.09494484 0.12564924 0.11901988 0.16821877 0.16387687 0.14933691 0.15807561 0.08125879 0.14852238 0.15284320 0.12180049 0.13468494 0.16794572 0.14238378 0.15632358 0.18107204 
0.14966706 0.16311573 0.15595688 0.16934732 0.15574866 0.20196825 0.17805133 0.00000000 0.26229937 0.32363980 0.19968716 0.14146964 0.10955246 0.15176695 0.14429145 0.22728293 0.19038688 0.16616303 0.15476903 0.15917131 0.08932096 0.10522807 0.08345832 0.10522230 0.14489737 0.11257678 0.15155194 0.13913917 0.25057148 0.10993367 0.26700860 0.15838810 0.26180232 0.16574097 0.11955635 0.14089622 0.17442424 0.14431142 0.13967165 0.09092943 0.14271688 0.16248121 0.09146160 0.14896531 0.12032775 0.15158109 0.11064807 0.11820817 0.14406287 0.11702112 0.05565315 0.10954818 0.14686684 0.11272713 0.16335451 0.07830477 0.18345132 0.12493961 0.10274753 0.06432925 0.07701974 0.11139810 0.05698479 0.16381824 0.10658084 0.14176061 0.15695002 0.11817778 0.15826653 0.15165794 0.11535577 0.14897671 0.10125578 0.17130393 0.09990458 0.11247260 0.14656796 0.20210953 0.05872253 0.24708799 0.11160237 0.07658388 0.14635361 0.12521547 0.11774432 0.15818803 0.10971134 0.17730441 0.13235494 0.16712714 0.19429364 0.13301969 0.18094032 0.10656725 0.14724889 0.12295755 0.16719175 0.10845816 0.14009445 0.15601965 0.15606901 0.15720044 0.19772359 0.17115425 0.09983032 0.16305939 0.16234067 0.16910495 0.15356987 0.12390457 0.15372981 0.14801645 0.13850704 0.10770426 0.18507138 0.11136934 0.21626513 0.15594784 
0.14123372 0.14867725 0.13720124 0.12077997 0.14132764 0.13300136 0.26464461 0.26229937 0.00000000 0.17460298 0.20965135 0.19737463 0.16799241 0.11567061 0.20136450 0.11484595 0.10317291 0.14387790 0.08503102 0.16173100 0.10697737 0.08172163 0.17262781 0.19768750 0.10929542 0.15937586 0.09290536 0.09815692 0.06181517 0.20722503 0.15847478 0.20016516 0.19100236 0.19911245 0.19582663 0.18270728 0.14132045 0.16242553 0.11742545 0.23287775 0.14626767 0.09460594 0.15918930 0.14427702 0.19711704 0.07990094 0.22308120 0.13327526 0.16252703 0.07821484 0.08873090 0.17571145 0.15056741 0.13497252 0.11924809 0.11853976 0.14949683 0.13925080 0.07101923 0.18573893 0.10916612 0.19726337 0.12559205 0.20337164 0.17678038 0.18910979 0.09140103 0.13387038 0.18524624 0.09230554 0.22897472 0.16835555 0.13390382 0.16465747 0.18453435 0.19460392 0.13426880 0.12247531 0.15131739 0.11638448 0.10958241 0.22220997 0.12914234 0.19247740 0.14967586 0.16650956 0.17408191 0.21587173 0.16863155 0.16572625 0.14070700 0.10129872 0.11885615 0.10061660 0.11085852 0.14559221 0.22992483 0.15966867 0.08815624 0.12866107 0.17312706 0.10241582 0.19082575 0.12389347 0.08184155 0.13367534 0.07484345 0.08869245 0.14327827 0.10517484 0.15985673 0.13686601 0.12329624 0.08935055 0.10592077 0.12468519 0.13886690 0.12154369 
0.13548048 0.13060406 0.12016283 0.12633144 0.12981886 0.10252283 0.16312707 0.32363980 0.17460298 0.00000000 0.35282942 0.11478454 0.12929722 0.25657806 0.50830139 0.18773592 0.07711196 0.12898420 0.08779392 0.19223828 0.09450478 0.20588525 0.09779747 0.14535458 0.16199776 0.31269133 0.11666563 0.15946165 0.16377999 0.10096348 0.09210097 0.10468361 0.12134462 0.09211334 0.06556489 0.12999068 0.06528299 0.15118125 0.19486021 0.15207989 0.08672925 0.15967314 0.16582635 0.14727230 0.09472739 0.12084945 0.13954801 0.10432382 0.10017077 0.10235383 0.14037667 0.15813745 0.10014422 0.14153271 0.15433693 0.10411585 0.07571920 0.14344885 0.15512211 0.13610236 0.14217870 0.11714413 0.12057711 0.13298579 0.14362506 0.12161532 0.16479408 0.21024719 0.20561568 0.20552955 0.15914472 0.09523995 0.23627458 0.12609587 0.11180797 0.08992904 0.18788480 0.06577481 0.12706680 0.14244819 0.15973288 0.12109996 0.13067093 0.08949369 0.08950224 0.09951238 0.10716066 0.13541459 0.19422475 0.09266037 0.18838597 0.11775114 0.10459114 0.14282257 0.07426225 0.13634639 0.10407084 0.12277040 0.12983644 0.14906504 0.12966053 0.14382286 0.14619663 0.16094237 0.11717590 0.16023436 0.15070602 0.13365979 0.12221212 0.14828775 0.14001985 0.09654637 0.15758773 0.22407964 0.13603143 0.19444904 0.16988285 0.10483843 
0.12199251 0.14497045 0.12214669 0.11569762 0.14007864 0.13862038 0.11746883 0.19968716 0.20965135 0.35282942 0.00000000 0.32342313 0.69712845 0.45947888 0.12655424 0.10033754 0.13352359 0.11001160 0.18960125 0.13226755 0.10674825 0.10123359 0.11834759 0.09821865 0.13468903 0.06216153 0.11549620 0.11802082 0.11937563 0.17892028 0.15501824 0.09316806 0.13243279 0.09397667 0.17797012 0.13024524 0.13898479 0.13001782 0.13275923 0.17102030 0.17906277 0.13593219 0.16415603 0.13360726 0.09096807 0.17207442 0.19301373 0.15805106 0.17064690 0.12955121 0.18349314 0.17123398 0.15462911 0.11335679 0.22689894 0.12912843 0.15782750 0.13590573 0.08283032 0.20518605 0.18424061 0.10600486 0.12534564 0.13530867 0.09190869 0.13111387 0.14950324 0.09496627 0.09462016 0.17912262 0.17124976 0.15722698 0.11543281 0.06888610 0.11192480 0.09199582 0.13465139 0.09036555 0.13378595 0.18304228 0.10198528 0.12031574 0.08024255 0.16188542 0.17417270 0.09324058 0.17809462 0.08799603 0.09120997 0.16601385 0.15211636 0.15435141 0.11457386 0.13143837 0.21774267 0.18105323 0.09111535 0.12655853 0.17330125 0.13179174 0.14538660 0.11726843 0.13505698 0.19043846 0.12975675 0.13677725 0.18645138 0.14928360 0.10854819 0.12650157 0.12401781 0.13013156 0.15307458 0.11231604 0.08705530 0.13853074 0.07662496 0.08012204 
0.16113490 0.15108008 0.13421747 0.13455935 0.16059450 0.18036135 0.15471572 0.14146964 0.19737463 0.11478454 0.32342313 0.00000000 0.22466557 0.13070766 0.65618971 0.07230351 0.13440654 0.12302931 0.17388875 0.12383027 0.09235482 0.08226911 0.16683756 0.07354138 0.11714474 0.20679367 0.13853479 0.08388996 0.18290752 0.18073888 0.16684928 0.16516199 0.20697114 0.18236199 0.16166027 0.16411956 0.11678564 0.14046819 0.15342644 0.12967281 0.14517446 0.17907678 0.15393005 0.11572251 0.15375549 0.13031389 0.12232381 0.28634566 0.24912946 0.12613917 0.06779766 0.14752061 0.15016226 0.13325294 0.11089660 0.13898666 0.12616572 0.14356287 0.14515679 0.15016319 0.14295435 0.06749055 0.10869102 0.15480775 0.13543700 0.16636326 0.11545633 0.16237227 0.06834557 0.05607169 0.10358375 0.14836114 0.09711224 0.12335405 0.21001835 0.10798655 0.11872161 0.15003702 0.15853144 0.06618558 0.08083799 0.16285736 0.20535877 0.07381352 0.19627449 0.10851012 0.13198242 0.16862193 0.14572535 0.09223965 0.10425573 0.15180535 0.13621581 0.15491730 0.08563682 0.18576157 0.19393119 0.15147630 0.07790055 0.13986471 0.14572187 0.16425502 0.10694642 0.10042856 0.15012900 0.13559113 0.10806695 0.16066283 0.12505314 0.15299012 0.16825044 0.12740570 0.21114776 0.10031021 0.10148036 0.16394867 0.14110015 0.12808809 
0.14273831 0.13296391 0.12600098 0.12304848 0.12647464 0.16540995 0.20201173 0.10955246 0.16799241 0.12929722 0.69712845 0.22466557 0.00000000 0.25565725 0.19851493 0.21407690 0.16865287 0.12732147 0.19786698 0.10763977 0.08578073 0.08473249 0.16187930 0.11074650 0.14308157 0.07465982 0.05353236 0.06188138 0.13641017 0.12736186 0.16126391 0.14806414 0.14641115 0.10488850 0.17013371 0.13359238 0.18050158 0.17454935 0.14724308 0.12702486 0.12258148 0.13420827 0.14875356 0.12050095 0.10303926 0.11941527 0.14182268 0.12764027 0.09116631 0.13309295 0.08660168 0.11200807 0.14549472 0.12839806 0.12502756 0.19719905 0.14828541 0.13629637 0.11843577 0.19008158 0.16298792 0.12818720 0.09493600 0.19113356 0.17148785 0.15328968 0.13829567 0.14401670 0.14140293 0.07134218 0.09101935 0.18286099 0.13052602 0.16924484 0.14470110 0.11600893 0.12601089 0.13156974 0.14208827 0.19923060 0.14371956 0.10121198 0.10470792 0.15862441 0.19963032 0.24338641 0.11940821 0.20813615 0.12848731 0.15889830 0.19576509 0.16744964 0.13674866 0.13878815 0.16848546 0.13098405 0.10780683 0.15158755 0.04067858 0.13192491 0.20498161 0.11218490 0.08391903 0.16037862 0.11045731 0.15256857 0.13015201 0.29204512 0.12758072 0.16981317 0.13357139 0.10232749 0.19346628 0.10503573 0.10345101 0.19413295 0.10922300 0.10823178 
0.12445784 0.14915648 0.13367273 0.15618693 0.18804605 0.21156908 0.18124977 0.15176695 0.11567061 0.25657806 0.45947888 0.13070766 0.25565725 0.00000000 0.21648710 0.10508124 0.13277334 0.14425224 0.16222903 0.20149879 0.22844789 0.12699425 0.06876037 0.16689267 0.13321842 0.10935550 0.08533906 0.11197468 0.23983965 0.07553903 0.12307975 0.09999683 0.19500712 0.05607186 0.20747125 0.14476290 0.13820614 0.15868566 0.10723321 0.15783876 0.19086727 0.16775862 0.17451591 0.15762318 0.13676250 0.10019479 0.16500701 0.09873803 0.11993728 0.14467619 0.16299594 0.10884360 0.14341442 0.14038258 0.08304363 0.08061222 0.16004299 0.13563630 0.12685928 0.07708624 0.10844556 0.11189451 0.15115813 0.25493143 0.10901164 0.08800566 0.21780006 0.13555078 0.14155257 0.12117468 0.11821450 0.01973173 0.11759621 0.07199050 0.15553958 0.17194113 0.13657547 0.09336670 0.14263504 0.13132258 0.15412128 0.09183045 0.08138269 0.16571897 0.13977552 0.12812849 0.10242604 0.10600465 0.10339967 0.14692629 0.22630849 0.09538648 0.19961062 0.11984421 0.16112302 0.15106299 0.11216697 0.15978291 0.13176326 0.12801490 0.11807796 0.12776996 0.07305447 0.26657821 0.07385081 0.17488094 0.23354395 0.28749296 0.17062946 0.10375929 0.14932316 0.17084668 0.08153737 0.16086950 0.13214826 0.15229044 0.13185880 0.15081765 
0.15375939 0.16123270 0.12552836 0.16227047 0.13441153 0.13501242 0.13530423 0.14429145 0.20136450 0.50830139 0.12655424 0.65618971 0.19851493 0.21648710 0.00000000 0.51103432 0.17427515 0.20293166 0.16043437 0.19518878 0.21489058 0.24835860 0.13597072 0.10480074 0.15502102 0.26235687 0.11244894 0.13335701 0.31047905 0.17382645 0.09253872 0.08488677 0.09671747 0.23032961 0.12641933 0.10381996 0.11503554 0.13354486 0.09593890 0.09375612 0.09390880 0.13342530 0.10786467 0.13336226 0.14463177 0.13956743 0.15661773 0.12557427 0.11050649 0.11073903 0.15958101 0.15127051 0.13545981 0.17597428 0.10682049 0.13441861 0.12261401 0.15558713 0.19549820 0.11186233 0.08676289 0.10727793 0.17036238 0.08434770 0.11151276 0.16850848 0.07608587 0.16564106 0.16499015 0.12416047 0.11133606 0.09447806 0.09557382 0.17486686 0.08036639 0.17801786 0.11915490 0.12855101 0.17033332 0.07747183 0.16126361 0.05675053 0.19260475 0.09091428 0.07958676 0.13589359 0.14215179 0.11021346 0.04882210 0.15952070 0.10710467 0.11938723 0.08250334 0.10725933 0.09913105 0.10191668 0.16939685 0.04649758 0.07680785 0.14024288 0.13596874 0.12847886 0.06727588 0.15069290 0.19016668 0.12351803 0.11301240 0.09985633 0.10099719 0.09721442 0.12574044 0.12293048 0.14762670 0.12913361 0.22092335 0.15787473 0.17791795 0.13651676 
0.11537571 0.13831491 0.14080136 0.13744517 0.14508773 0.17809920 0.13168124 0.22728293 0.11484595 0.18773592 0.10033754 0.07230351 0.21407690 0.10508124 0.51103432 0.00000000 0.13849066 0.22864355 0.11319531 0.17913505 0.34100297 0.20696576 0.17056095 0.10970067 0.14305081 0.14961146 0.10557534 0.12686032 0.13479660 0.13431658 0.12583499 0.13585204 0.14213517 0.05874178 0.15720742 0.17748623 0.12980127 0.13594126 0.16450462 0.13534925 0.13392255 0.04303191 0.14602453 0.09658703 0.12550131 0.12417866 0.12139645 0.10536288 0.13767280 0.21955753 0.08371390 0.11610526 0.10065963 0.11876968 0.14914354 0.05671749 0.10919148 0.16450506 0.14521913 0.12156796 0.17645815 0.18167096 0.14787176 0.04325916 0.17995965 0.09610836 0.13402434 0.17250239 0.09924464 0.11563993 0.15805107 0.15496832 0.11258797 0.14786281 0.19066830 0.14800897 0.15077753 0.07505370 0.11911925 0.13569669 0.09190058 0.10145417 0.10853972 0.15183357 0.10244796 0.14218833 0.04308638 0.10879680 0.16714275 0.08200680 0.18880744 0.16443096 0.10543365 0.05382222 0.07985852 0.12602181 0.12265416 0.07994912 0.12475983 0.12531084 0.10762642 0.26219228 0.23256848 0.19659133 0.10964731 0.13561827 0.23276858 0.12665107 0.08654206 0.21662550 0.15821536 0.26768436 0.13197589 0.23074456 0.41758378 0.15551972 0.13820833 0.17711592 
0.17880517 0.18876685 0.17506109 0.16090430 0.15322151 0.19000065 0.10486420 0.19038688 0.10317291 0.07711196 0.13352359 0.13440654 0.16865287 0.13277334 0.17427515 0.13849066 0.00000000 0.13384926 0.13319030 0.08631562 0.20459846 0.25163847 0.15916273 0.12228735 0.14128281 0.13613169 0.10057781 0.14716264 0.11479251 0.20396534 0.16199621 0.09629424 0.13842944 0.11345609 0.18595266 0.16530614 0.15669768 0.10631434 0.10209747 0.06979673 0.13677243 0.13366449 0.15183211 0.11052684 0.12282580 0.14371340 0.22620131 0.11703807 0.17362056 0.17568029 0.13753815 0.17937022 0.09264165 0.12158206 0.11278673 0.12765353 0.10896114 0.16739869 0.12196997 0.22114470 0.21745800 0.13626543 0.13241876 0.12238504 0.11407040 0.11314790 0.07464225 0.22040755 0.09946789 0.16378850 0.18314113 0.12730524 0.08409424 0.10388313 0.15853529 0.10334249 0.14008197 0.18154503 0.09392502 0.21677655 0.13704971 0.13659901 0.10654589 0.18801215 0.12158045 0.10433163 0.10095603 0.20801758 0.15438837 0.20751243 0.12156159 0.18584127 0.17089111 0.15901829 0.12210476 0.09429555 0.14031737 0.15733763 0.18462776 0.15715009 0.14806082 0.11991187 0.15256027 0.21510395 0.10764067 0.12367208 0.15837697 0.12299801 0.10451759 0.13596972 0.12239824 0.11665311 0.15208100 0.23262294 0.17887398 0.10694947 0.16281256 0.11402788 
0.13908594 0.14721238 0.13129040 0.13957006 0.15453351 0.15005783 0.15656035 0.16616303 0.14387790 0.12898420 0.11001160 0.12302931 0.12732147 0.14425224 0.20293166 0.22864355 0.13384926 0.00000000 0.21426620 0.29692206 0.20883846 0.19276961 0.19212921 0.12210298 0.10770678 0.11617331 0.17245018 0.07990814 0.13605737 0.11052542 0.09239194 0.15709762 0.09546415 0.09890914 0.11245852 0.09314210 0.10251435 0.08910423 0.09838143 0.13993182 0.19965777 0.18141914 0.11996821 0.14161327 0.19120730 0.13690079 0.17294801 0.16503827 0.17660823 0.21489103 0.14663451 0.12782774 0.14811028 0.14131429 0.11661668 0.06762232 0.21736398 0.13810761 0.12962458 0.19089522 0.10412732 0.09040249 0.18676571 0.09161707 0.15086290 0.09841213 0.08218345 0.18517817 0.07209400 0.10519258 0.06183364 0.14093573 0.18509366 0.11581651 0.09076182 0.14124293 0.12507378 0.06561889 0.11054831 0.19081190 0.12067642 0.20721906 0.10457280 0.15096018 0.18984777 0.11349948 0.12850859 0.06011059 0.12972925 0.12987888 0.13997823 0.15013347 0.16137640 0.19123174 0.10045533 0.14085124 0.11212895 0.16738546 0.22876222 0.16967146 0.18207986 0.24245942 0.11338956 0.23315165 0.16709420 0.13080327 0.16226611 0.13641734 0.15382690 0.18829910 0.11433169 0.16793715 0.13572814 0.24157905 0.20076815 0.15406800 0.18685726 0.19172841 
0.15270675 0.13614919 0.14254341 0.13678900 0.13286274 0.10361648 0.14759140 0.15476903 0.08503102 0.08779392 0.18960125 0.17388875 0.19786698 0.16222903 0.16043437 0.11319531 0.13319030 0.21426620 0.00000000 0.22975756 0.11599368 0.12884648 0.38444018 0.05804886 0.13318511 0.10976181 0.17346018 0.07190205 0.16901516 0.11726540 0.12016422 0.14305153 0.15733440 0.20303659 0.10499150 0.13749415 0.20466882 0.19105081 0.17928232 0.13906218 0.19280442 0.13946265 0.14033764 0.11074523 0.12542777 0.12553913 0.09639395 0.16098214 0.14569154 0.10796885 0.16903839 0.21220915 0.13074162 0.15003961 0.11103296 0.16056513 0.15462293 0.12034033 0.09474493 0.18653482 0.24999126 0.15067555 0.23985771 0.11117872 0.17665682 0.14803322 0.16899059 0.13996761 0.14876819 0.12308624 0.14591155 0.20895373 0.13201095 0.13381932 0.13596783 0.05623548 0.12941858 0.14032527 0.19992735 0.16423223 0.10626473 0.10756419 0.05920847 0.16914264 0.17384909 0.13049229 0.12429197 0.09491717 0.19519915 0.14212465 0.17895031 0.16293470 0.12616023 0.11394297 0.04515186 0.15802706 0.16297657 0.19671195 0.15897099 0.11746498 0.17271065 0.12630282 0.15719673 0.10262082 0.21829148 0.12651708 0.07774970 0.15829130 0.27479906 0.11964644 0.09725898 0.16775847 0.12797797 0.09099927 0.10112916 0.21432039 0.10127665 0.16244205 
0.12538233 0.13789188 0.13837441 0.11865427 0.13894949 0.13148613 0.09532633 0.15917131 0.16173100 0.19223828 0.13226755 0.12383027 0.10763977 0.20149879 0.19518878 0.17913505 0.08631562 0.29692206 0.22975756 0.00000000 0.20737509 0.14377932 0.14720432 0.29358847 0.19810682 0.05269709 0.19591134 0.13293425 0.15806556 0.11500804 0.14743581 0.17527239 0.08225828 0.17375434 0.18914644 0.13186973 0.12060534 0.11274132 0.12068309 0.13605646 0.15060802 0.11020960 0.08774269 0.17148662 0.17693402 0.18470734 0.08779591 0.11783534 0.15953759 0.08040342 0.12342090 0.23120040 0.14663559 0.11300532 0.11084468 0.08137409 0.43039861 0.13948107 0.11597255 0.15976415 0.19872112 0.09539802 0.22560184 0.19568000 0.13480092 0.16137129 0.17220341 0.11174635 0.09043695 0.14824408 0.15946402 0.16976231 0.15207099 0.20496186 0.14851756 0.12394514 0.13456115 0.14634647 0.14494089 0.11335386 0.11015948 0.15735141 0.10847637 0.00240304 0.20670889 0.17442922 0.14047094 0.15433202 0.13191731 0.17661013 0.15058041 0.10401265 0.21428211 0.12289933 0.15003859 0.15270713 0.15437418 0.13432048 0.15531581 0.10676857 0.12327766 0.15839498 0.15833249 0.16323905 0.13815624 0.12938392 0.13009246 0.11212562 0.13078246 0.18600739 0.12510833 0.09804511 0.17090926 0.12842123 0.10606840 0.14874068 0.11150851 0.13845828 
0.13286374 0.14550922 0.12595844 0.13780941 0.13440681 0.15335054 0.18500059 0.08932096 0.10697737 0.09450478 0.10674825 0.09235482 0.08578073 0.22844789 0.21489058 0.34100297 0.20459846 0.20883846 0.11599368 0.20737509 0.00000000 0.21270096 0.24936299 0.26230970 0.16180748 0.14504855 0.12367885 0.23049926 0.15861862 0.13857062 0.06133393 0.17093737 0.10144541 0.10587222 0.06658462 0.13116036 0.14555544 0.13289817 0.15837621 0.13583847 0.13775719 0.15899415 0.10006062 0.10800543 0.08461230 0.05745194 0.10669991 0.16814046 0.09809597 0.21994989 0.10139973 0.20524288 0.10213359 0.14015527 0.18647102 0.09458676 0.29649699 0.16488215 0.17795696 0.13835534 0.35257043 0.11875170 0.04347300 0.09446715 0.19948191 0.14216737 0.21229934 0.09068511 0.21051765 0.12079636 0.15046951 0.09185663 0.13161233 0.03678293 0.11099607 0.16821403 0.14800968 0.10983360 0.15656464 0.14283394 0.12834420 0.14475743 0.11938878 0.13596744 0.14815395 0.13140533 0.16813033 0.11901059 0.11952869 0.13203586 0.14997487 0.05538631 0.10420417 0.15028013 0.21760409 0.11453867 0.12839996 0.11754391 0.12413983 0.16765941 0.12018461 0.11961281 0.08993442 0.05631331 0.12984029 0.14613521 0.16797331 0.09599281 0.16784803 0.15956598 0.13701959 0.14185679 0.14079013 0.26742430 0.17711794 0.10247777 0.14371289 0.15483120 
0.16085114 0.14733738 0.14788650 0.14496360 0.11909454 0.10896897 0.09273318 0.10522807 0.08172163 0.20588525 0.10123359 0.08226911 0.08473249 0.12699425 0.24835860 0.20696576 0.25163847 0.19276961 0.12884648 0.14377932 0.21270096 0.00000000 0.17668860 0.15029275 0.20841541 0.17084368 0.15595156 0.21556673 0.14657230 0.12504883 0.12924550 0.14207406 0.12949568 0.15525869 0.16510595 0.13659324 0.11021899 0.12217997 0.16200476 0.12382866 0.09472924 0.08598201 0.15338171 0.17955988 0.10922302 0.12110281 0.16125414 0.10817268 0.11786641 0.17779188 0.14736963 0.09054672 0.14414777 0.17948954 0.13877755 0.14293172 0.13386259 0.16681347 0.14293455 0.16116071 0.12560562 0.13863452 0.11874804 0.15386411 0.08362304 0.11009646 0.18308688 0.18075695 0.11125043 0.12138074 0.11573516 0.15881548 0.12248777 0.15126393 0.15359081 0.14566740 0.18685595 0.09575589 0.15382510 0.16795113 0.09411252 0.13206246 0.19916683 0.09551839 0.09695918 0.10505975 0.12940036 0.12227019 0.14923534 0.09770826 0.15236199 0.14383902 0.13338522 0.15410622 0.15212961 0.14441060 0.11317573 0.13405388 0.19045809 0.09693364 0.19346343 0.11276981 0.13605244 0.10739265 0.14812218 0.14598213 0.14471705 0.15072251 0.08506824 0.14737688 0.17939695 0.13437183 0.14034957 0.19987403 0.10886692 0.16735925 0.15538441 0.17585690 
0.12926582 0.12778093 0.17081801 0.16298750 0.16297842 0.15902352 0.20085527 0.08345832 0.17262781 0.09779747 0.11834759 0.16683756 0.16187930 0.06876037 0.13597072 0.17056095 0.15916273 0.19212921 0.38444018 0.14720432 0.24936299 0.17668860 0.00000000 0.08373407 0.10774102 0.32688258 0.14762107 0.11803362 0.12102278 0.20120822 0.15477786 0.08962506 0.13948165 0.15496486 0.08727596 0.14329921 0.18205298 0.17904589 0.15090231 0.23296993 0.15080979 0.19507469 0.10356421 0.14289116 0.19628109 0.08011834 0.09258025 0.16291254 0.17730119 0.04047648 0.16908327 0.16232345 0.18802510 0.12728073 0.13976173 0.11940235 0.21209603 0.12066010 0.13506117 0.19915636 0.09509033 0.14101928 0.20762465 0.19311706 0.18177641 0.18259176 0.13141056 0.09845691 0.17464605 0.13346998 0.14504395 0.15080891 0.06444936 0.15291013 0.20147215 0.08738362 0.10714269 0.10976834 0.14781091 0.09544433 0.10771650 0.10378712 0.08693740 0.09507931 0.13402932 0.14440967 0.19672712 0.15203330 0.11048454 0.17859936 0.17231898 0.15390130 0.24267412 0.22892032 0.14982406 0.13086193 0.12108670 0.13924911 0.08225941 0.09380860 0.11413891 0.11150319 0.07941066 0.14160381 0.15363921 0.13133977 0.15323212 0.08499361 0.17248949 0.09006003 0.12223736 0.15069964 0.15681793 0.23950960 0.08724820 0.15639928 0.11291359 0.13342943 
0.11872513 0.13385455 0.13911924 0.12729913 0.15083842 0.12493365 0.20057568 0.10522230 0.19768750 0.14535458 0.09821865 0.07354138 0.11074650 0.16689267 0.10480074 0.10970067 0.12228735 0.12210298 0.05804886 0.29358847 0.26230970 0.15029275 0.08373407 0.00000000 0.21878213 0.19131817 0.23425095 0.25238071 0.19357574 0.10837829 0.11088288 0.10559570 0.09354400 0.10255153 0.18461808 0.07030486 0.07825106 0.11193707 0.07721289 0.07299864 0.11016320 0.08132242 0.12887129 0.12848027 0.10954453 0.21626592 0.17952694 0.09161700 0.08382584 0.28835099 0.13708707 0.15099601 0.23443986 0.32370919 0.13314716 0.12503438 0.99099039 0.15124431 0.14942100 0.11640628 0.22651345 0.10278083 0.14352454 0.14826384 0.19229140 0.10455934 0.16009349 0.10036487 0.11767405 0.04055142 0.12838300 0.13760452 0.10576230 0.07255272 0.12912744 0.03575254 0.12911220 0.08000910 0.09698643 0.23376560 0.09837037 0.08461982 0.17534849 0.12065090 0.17387763 0.14992966 0.09937976 0.09858785 0.17634722 0.12798889 0.12905633 0.10785225 0.09579198 0.10067241 0.07421833 0.13686192 0.12836361 0.17801390 0.17895707 0.02948152 0.10921791 0.19744706 0.07917310 0.16497977 0.18619747 0.19589547 0.17066193 0.09511166 0.07813019 0.16860126 0.14038657 0.26934312 0.08721132 0.13202935 0.13635168 0.11711667 0.13326529 0.17358935 
0.13773128 0.13764359 0.13646180 0.13145199 0.13003635 0.08993852 0.11283174 0.14489737 0.10929542 0.16199776 0.13468903 0.11714474 0.14308157 0.13321842 0.15502102 0.14305081 0.14128281 0.10770678 0.13318511 0.19810682 0.16180748 0.20841541 0.10774102 0.21878213 0.00000000 0.14988606 0.12524307 0.18401525 0.14113782 0.12196445 0.11251353 0.13265169 0.11623410 0.12472755 0.11047304 0.11038243 0.12551962 0.11635493 0.10239618 0.10733044 0.13480879 0.13036476 0.13620800 0.13593382 0.11848035 0.14278003 0.17678422 0.16133356 0.15793971 0.14659953 0.20870738 0.12716900 0.14468784 0.40896444 0.17051409 0.12718332 0.11918619 0.21804691 0.13250708 0.12344474 0.13832013 0.17212745 0.12969562 0.14392187 0.15152220 0.16146718 0.14360891 0.11555978 0.12768228 0.12165532 0.18819516 0.16079754 0.13662329 0.14080452 0.13828175 0.11784369 0.19264298 0.15354103 0.11559033 0.11432408 0.11701116 0.13352016 0.14477858 0.13763109 0.12005353 0.14325216 0.12108513 0.14538869 0.13392575 0.14483208 0.10209228 0.14424785 0.12314769 0.12966237 0.10800863 0.12411736 0.14193198 0.17057728 0.17297556 0.13847339 0.11131526 0.12908439 0.15408793 0.10512990 0.11204638 0.15394366 0.19699492 0.16442885 0.12743011 0.12510785 0.25173872 0.14763788 0.12285582 0.14924257 0.15024946 0.10959546 0.10080104 0.13877829 
0.16866761 0.14366178 0.11806146 0.14567529 0.15574294 0.18322061 0.15536445 0.11257678 0.15937586 0.31269133 0.06216153 0.20679367 0.07465982 0.10935550 0.26235687 0.14961146 0.13613169 0.11617331 0.10976181 0.05269709 0.14504855 0.17084368 0.32688258 0.19131817 0.14988606 0.00000000 0.17930983 0.18951079 0.11321685 0.34670543 0.15985126 0.06243906 0.19345099 0.17142727 0.08385874 0.10211285 0.16888987 0.13923502 0.13959837 0.16273120 0.18570988 0.14246358 0.15318407 0.11152450 0.10322320 0.14823983 0.07140503 0.11564154 0.20198918 0.14661136 0.16676450 0.15529441 0.11182055 0.15602787 0.10430569 0.07078862 0.07460727 0.13058393 0.13706285 0.16467233 0.08891901 0.12719890 0.16377843 0.17545287 0.11609593 0.14891119 0.11135342 0.14126844 0.10154604 0.17600777 0.21058374 0.14050363 0.07026316 0.19631554 0.11314215 0.10224847 0.13430364 0.10327307 0.10390909 0.13192113 0.10768079 0.10986359 0.15905403 0.05111383 0.17390041 0.21168765 0.07655447 0.14704916 0.11226117 0.17730141 0.18094865 0.13221324 0.29131549 0.10952681 0.17538907 0.18774983 0.07104617 0.13876268 0.11209205 0.08717743 0.20732106 0.16289208 0.14506817 0.11162666 0.14527731 0.13489283 0.16372747 0.23101992 0.12519138 0.09348226 0.14626464 0.25940784 0.15812352 0.13507035 0.16177839 0.10953679 0.12320710 0.12845384 
0.15216597 0.13764049 0.13194996 0.12225591 0.12714232 0.13100867 0.18918334 0.15155194 0.09290536 0.11666563 0.11549620 0.13853479 0.05353236 0.08533906 0.11244894 0.10557534 0.10057781 0.17245018 0.17346018 0.19591134 0.12367885 0.15595156 0.14762107 0.23425095 0.12524307 0.17930983 0.00000000 0.13064809 0.10920175 0.39354732 0.29545722 0.19212197 0.09495113 0.17184859 0.15917582 0.14586834 0.10386570 0.18638913 0.14139755 0.18041098 0.13947115 0.13690109 0.13079531 0.05588073 0.11093547 0.33292516 0.13791767 0.15783517 0.12086580 0.25263391 0.14529527 0.21087490 0.23446906 0.14077295 0.10771668 0.10459335 0.20174332 0.13450819 0.11592613 0.23464327 0.12894220 0.07359394 0.15538532 0.15876569 0.15274465 0.13855141 0.13354558 0.13341664 0.14901697 0.14958600 0.15701097 0.20541003 0.08353777 0.13106932 0.17505872 0.08364851 0.12997564 0.12808633 0.11860834 0.15454408 0.08391034 0.11665776 0.14302634 0.19316709 0.19665228 0.16440805 0.09010383 0.15267047 0.14752565 0.14316854 0.11732920 0.18358652 0.12182286 0.12263356 0.10103427 0.16352812 0.14747367 0.24848060 0.13106159 0.18525651 0.17248928 0.10194252 0.11892164 0.14167347 0.08796222 0.14795807 0.18736824 0.09509991 0.12734394 0.15739290 0.14391921 0.14577699 0.09065547 0.19499935 0.10115274 0.14612669 0.12578903 0.12503846 
0.13362464 0.13911379 0.13390368 0.14139335 0.11239028 0.09428202 0.14487070 0.13913917 0.09815692 0.15946165 0.11802082 0.08388996 0.06188138 0.11197468 0.13335701 0.12686032 0.14716264 0.07990814 0.07190205 0.13293425 0.23049926 0.21556673 0.11803362 0.25238071 0.18401525 0.18951079 0.13064809 0.00000000 0.10746653 0.21157410 0.12023135 0.08807993 0.18351723 0.06152468 0.08746029 0.10838955 0.08919270 0.15070018 0.16071004 0.08266081 0.10835131 0.21517799 0.15057427 0.16663735 0.08092612 0.18798286 0.32419313 0.13550833 0.13000648 0.28556355 0.21357015 0.17071051 0.21006184 0.19850969 0.10646285 0.20390300 0.14579832 0.14889770 0.22589877 0.09077638 0.14709666 0.07632517 0.11949222 0.08686833 0.10860362 0.13105861 0.11649649 0.12278789 0.16300603 0.12182141 0.15949070 0.19164560 0.13605860 0.16110040 0.13058799 0.20622208 0.16022949 0.05458453 0.16641570 0.14045845 0.24887751 0.09406318 0.10902796 0.15798024 0.09826278 0.05448511 0.13024915 0.14035285 0.08623144 0.13771448 0.11206899 0.07817865 0.06885957 0.15176596 0.06817967 0.10141549 0.10444376 0.23806561 0.15426280 0.12583428 0.13331425 0.19417864 0.36402680 0.12569548 0.11862893 0.18410503 0.23366452 0.22299543 0.13692644 0.19573229 0.15112596 0.16188552 0.15685497 0.09887734 0.15588182 0.09321314 0.14207608 0.16721783 
0.12658811 0.11733482 0.11993856 0.13280835 0.14268096 0.12220769 0.17642922 0.25057148 0.06181517 0.16377999 0.11937563 0.18290752 0.13641017 0.23983965 0.31047905 0.13479660 0.11479251 0.13605737 0.16901516 0.15806556 0.15861862 0.14657230 0.12102278 0.19357574 0.14113782 0.11321685 0.10920175 0.10746653 0.00000000 0.11158214 0.09899470 0.23474101 0.28796285 0.11316472 0.10150104 0.13922624 0.16808156 0.14676491 0.17088690 0.13130154 0.05551746 0.15895750 0.11418413 0.12672127 0.10838707 0.14545664 0.15256205 0.20834828 0.10100731 0.20438484 0.22265522 0.17941065 0.07415604 0.15010528 0.16080094 0.13289077 0.23031934 0.16536754 0.21543791 0.06316089 0.14078801 0.08373779 0.12628328 0.11188689 0.17161718 0.16782195 0.08747436 0.09682595 0.09027673 0.15305890 0.07797579 0.18731531 0.16842655 0.14054789 0.15675466 0.15065481 0.12910149 0.06707112 0.08274972 0.15231434 0.10111718 0.07556185 0.09110838 0.25950891 0.13373491 0.06803350 0.18963578 0.11350637 0.12194218 0.16562522 0.15599763 0.17959688 0.15776072 0.13385028 0.16797151 0.09849596 0.13111578 0.08884000 0.28272129 0.19927566 0.09658616 0.17277382 0.21085971 0.21913366 0.18617462 0.14528974 0.15860688 0.12964311 0.05790695 0.12852530 0.14453468 0.16026472 0.09464641 0.16588430 0.13605590 0.06323048 0.16544263 0.17223681 
0.14650584 0.14068077 0.14331500 0.12493906 0.15585800 0.11931889 0.15062949 0.10993367 0.20722503 0.10096348 0.17892028 0.18073888 0.12736186 0.07553903 0.17382645 0.13431658 0.20396534 0.11052542 0.11726540 0.11500804 0.13857062 0.12504883 0.20120822 0.10837829 0.12196445 0.34670543 0.39354732 0.21157410 0.11158214 0.00000000 0.22249606 0.16680945 0.18929737 0.24251261 0.15777360 0.16260395 0.18607016 0.11241638 0.17489459 0.22632104 0.17965201 0.12763783 0.14031680 0.14749444 0.10678152 0.12414912 0.11293349 0.14291036 0.15773336 0.11430450 0.07351126 0.19078337 0.15648936 0.10190555 0.12224382 0.13023806 0.09472108 0.13328822 0.18572945 0.04526644 0.08693630 0.15357767 0.11678820 0.13184697 0.15254076 0.09881669 0.07064626 0.17790407 0.13528536 0.15289712 0.16858314 0.11644722 0.14065215 0.14757321 0.18150811 0.16196022 0.14864061 0.17088803 0.12733548 0.14387903 0.16982659 0.16254817 0.11093069 0.14538198 0.12375227 0.15367114 0.19270565 0.19291113 0.19479489 0.12309541 0.14380276 0.09376076 0.18718000 0.16237701 0.16019520 0.17158946 0.16386118 0.14214266 0.11114019 0.15693513 0.17430264 0.06580905 0.21488855 0.09618570 0.09289040 0.11859898 0.14273244 0.12272225 0.13395173 0.11979874 0.15418391 0.10480958 0.11545818 0.05954193 0.16824721 0.16964917 0.11401896 0.13333748 
