0.00000000 0.06139476 0.04406784 0.06378708 0.04264964 0.04881713 0.05672225 0.04685885 0.03891717 0.03073994 0.04849984 0.02785420 0.04507017 0.04561559 0.02471222 0.04205496 0.02254731 0.02444394 0.02601325 0.04835253 0.02588435 0.04110468 0.01974025 0.05406726 0.03878045 0.04186070 0.03015879 0.04651184 0.04397844 0.02349916 0.03725377 0.04064753 0.02722274 0.03628397 0.04132469 0.02938946 0.03904666 0.02357524 0.02702380 0.04483608 0.04378472 0.02289600 0.03356643 0.05216983 0.02861390 0.03852676 0.03663949 0.02470486 0.03251673 0.03824402 0.04700809 0.03451789 0.03179430 0.03179647 0.03296173 0.03606285 0.04954811 0.03220085 0.03341962 0.06311037 0.03627479 0.04963655 0.04397844 0.05689628 0.05781609 0.05320408 0.04851874 0.05405313 0.06604181 0.04317524 0.02813030 0.02883185 0.05325285 0.04872131 0.05551757 0.04199943 0.04252874 0.04242990 0.05060609 0.01944052 0.02848641 0.06778076 0.02182026 0.04075813 0.05789355 0.03259633 0.04419808 0.03731342 0.02910511 0.03294347 0.04518350 0.06149481 0.02453865 0.05681332 0.04331126 0.04052450 0.02969140 0.02752299 0.02726254 0.03557310 0.03846709 0.03853611 0.03854183 0.03767266 0.03211717 0.03233123 0.06037125 0.03013927 0.03115945 0.03188150 0.05029035 0.04982762 0.05549961 0.02764351 0.04764778 0.04142894 0.03973881 0.04074028 0.04319342 0.03316523 0.02120711 0.05350073 0.03445168 0.05242325 0.04692513 
0.06139476 0.00000000 0.05954505 0.05606828 0.06656525 0.05680281 0.06478056 0.05136739 0.05183903 0.02925288 0.05196475 0.03738698 0.04747928 0.04777050 0.02935759 0.05461031 0.04732430 0.04392383 0.04850013 0.03384790 0.04570971 0.05913736 0.02453180 0.03571802 0.03315324 0.03623560 0.03726236 0.00868326 0.04321652 0.05363622 0.03655670 0.03388755 0.04548652 0.06069082 0.03854165 0.04960363 0.05455013 0.03683620 0.06587951 0.04613567 0.04842657 0.01632558 0.03749110 0.03343245 0.04675475 0.01411553 0.06036833 0.04340774 0.03686185 0.01675157 0.01710198 0.03603594 0.02339344 0.02640591 0.02962985 0.04007534 0.03059022 0.02834850 0.03583450 0.05351847 0.03716698 0.06073443 0.04321652 0.03497989 0.06475803 0.04298580 0.01938997 0.04366548 0.01499705 0.04681681 0.03394132 0.03493657 0.05475070 0.04386736 0.04215245 0.03089342 0.04132267 0.03106940 0.05210903 0.03818874 0.02352654 0.04998826 0.03291031 0.04491127 0.03663173 0.04484549 0.03333369 0.02057351 0.06806488 0.03682317 0.05772644 0.05482632 0.02621974 0.02402710 0.02865150 0.04254096 0.03041649 0.03657237 0.03872983 0.01226501 0.03075345 0.01961735 0.01051864 0.03197768 0.03898985 0.05669861 0.03792890 0.03992574 0.02331602 0.03181856 0.03330890 0.04561723 0.03648016 0.03860918 0.04380806 0.04289857 0.06520262 0.02467103 0.04149087 0.04762942 0.03801006 0.03246442 0.05060586 0.05287489 0.05187335 
0.04406784 0.05954505 0.00000000 0.07623017 0.08087268 0.04683365 0.05566268 0.08071898 0.06628588 0.05492808 0.04293693 0.02427934 0.03014574 0.04353630 0.04634024 0.04540452 0.04027453 0.03811354 0.06399788 0.04103569 0.06359295 0.05054270 0.04197241 0.05877991 0.05998978 0.05170812 0.04197899 0.00602664 0.04268398 0.05407092 0.03070089 0.02847777 0.03339755 0.04777616 0.04656806 0.06619061 0.03869927 0.04940941 0.03056146 0.03791492 0.03495411 0.01658261 0.04754139 0.03331361 0.04050716 0.01083742 0.02946157 0.05443141 0.04307030 0.03806969 0.01069591 0.02584544 0.04712898 0.02288807 0.04833410 0.03840432 0.03857689 0.02522009 0.02103004 0.02862268 0.03558457 0.03322271 0.04268398 0.04693194 0.05384100 0.04945365 0.01169015 0.02941303 0.01093386 0.04122997 0.05556210 0.04069447 0.04942252 0.03104994 0.02198221 0.05029254 0.02631492 0.06931930 0.06037944 0.04878554 0.05271965 0.02904663 0.04184295 0.04553555 0.05511503 0.03678173 0.05213927 0.02865046 0.03214428 0.04549665 0.03388916 0.02910269 0.02997579 0.02511568 0.04877442 0.02575784 0.02455948 0.03951320 0.04178855 0.02239155 0.04611987 0.03001591 0.02094700 0.03474698 0.04624536 0.03761267 0.03709699 0.03744361 0.02813508 0.02027450 0.02499384 0.03911384 0.06131531 0.03600210 0.04804894 0.02840600 0.03861872 0.03094842 0.01672986 0.05607020 0.02733063 0.04592312 0.03210014 0.04297929 0.05210317 
0.06378708 0.05606828 0.07623017 0.00000000 0.07063012 0.04578741 0.06637016 0.07184507 0.03999684 0.03746845 0.03753004 0.03679459 0.04163884 0.03934190 0.02576081 0.05439513 0.05572312 0.03947639 0.05881616 0.08007359 0.06225899 0.03859742 0.03789127 0.03730947 0.03193986 0.03441317 0.02313545 0.02317575 0.04281619 0.01184128 0.01480574 0.02099474 0.06096816 0.07179076 0.05067817 0.07264091 0.04322504 0.06295771 0.02638298 0.05001162 0.03161159 0.02448150 0.03925502 0.04250737 0.03721394 0.01878717 0.01754369 0.04297792 0.03516989 0.04855923 0.03432407 0.01648704 0.02946635 0.04999202 0.05297753 0.04793507 0.02496840 0.04859311 0.05037528 0.04837456 0.03234324 0.04626541 0.04281619 0.04224104 0.04059649 0.04803395 0.03921307 0.04419664 0.02207926 0.04255803 0.01748782 0.05491929 0.06541182 0.03271263 0.02303746 0.03653510 0.02752810 0.05483214 0.05452452 0.03964255 0.03266296 0.04294949 0.03251264 0.02393632 0.04089991 0.03548292 0.04068015 0.02772541 0.01309826 0.05622332 0.04438890 0.04989843 0.02097083 0.03624187 0.04561602 0.02484874 0.03220903 0.01978713 0.04549914 0.03526856 0.03839240 0.03261882 0.01743207 0.04967497 0.04212376 0.05049007 0.04856773 0.01243165 0.02432395 0.01361463 0.05813931 0.04959018 0.03230148 0.06234711 0.04751806 0.02128353 0.04271847 0.02949788 0.02753928 0.02007655 0.02983193 0.04294726 0.03162656 0.04442185 0.05245390 
0.04264964 0.06656525 0.08087268 0.07063012 0.00000000 0.04250684 0.06003382 0.05735212 0.06050437 0.04645056 0.03781403 0.02380304 0.04427226 0.05633270 0.07292695 0.03982199 0.03979263 0.03128894 0.04811593 0.04464580 0.05770710 0.04534676 0.04178711 0.06933206 0.04921851 0.03933354 0.03652686 0.00482843 0.03902890 0.01174510 0.05766759 0.02772249 0.03035558 0.04887557 0.04392129 0.05957715 0.05248713 0.05251708 0.04874442 0.04484788 0.04598485 0.02666812 0.03277957 0.03422790 0.04336121 0.00200472 0.03321174 0.04217068 0.04327599 0.03648401 0.01980280 0.02629824 0.04188346 0.04104313 0.05704015 0.04603053 0.02499346 0.04155218 0.03874028 0.05961645 0.03876350 0.04618996 0.03902890 0.04745638 0.04169310 0.04500146 0.02196721 0.03856701 0.01981291 0.05139341 0.04411160 0.03927612 0.05914172 0.03895238 0.04619907 0.05193449 0.04504061 0.04314554 0.04342337 0.05503218 0.02813453 0.03122802 0.05121272 0.05193416 0.04397612 0.04503249 0.06682499 0.03359876 0.02485759 0.03806872 0.03911006 0.04357699 0.02566273 0.02904837 0.03869858 0.03287449 0.02145321 0.02581476 0.04532099 0.02590874 0.07759458 0.03336783 0.03100758 0.04327100 0.03795450 0.02498297 0.03313319 0.01306153 0.03109459 0.00987802 0.03978865 0.03170933 0.04051496 0.03689493 0.04384688 0.02945553 0.03270568 0.02330383 0.02112719 0.03821468 0.02043007 0.04236843 0.04038510 0.03594657 0.05083181 
0.04881713 0.05680281 0.04683365 0.04578741 0.04250684 0.00000000 0.05536331 0.04723617 0.04912724 0.06215002 0.05484626 0.04257010 0.04226684 0.04475255 0.04510307 0.05494116 0.03114667 0.02650530 0.02440033 0.02843061 0.02584105 0.04106825 0.04241831 0.04140323 0.03012817 0.04108245 0.02343578 0.05658642 0.04353754 0.02506907 0.03327037 0.03302435 0.04184471 0.03872860 0.02536562 0.03980278 0.02617840 0.03250039 0.04634377 0.04184205 0.02203843 0.03388895 0.05201124 0.05614058 0.02637103 0.04651263 0.03305746 0.03285240 0.04648149 0.02928189 0.04668513 0.02362727 0.03867644 0.03262747 0.03779887 0.02449178 0.04383156 0.02568213 0.03520499 0.05647448 0.02824706 0.03175065 0.04353754 0.05282626 0.03736870 0.03773269 0.03860824 0.05045808 0.03682905 0.03065692 0.03396215 0.05274576 0.02837928 0.03330709 0.03290613 0.03003405 0.03568117 0.03179508 0.05100612 0.04608999 0.03791268 0.04597687 0.01551924 0.02366890 0.03520838 0.04391340 0.02799464 0.02628920 0.05050138 0.03795237 0.04464611 0.04470129 0.02104649 0.06958258 0.01659072 0.03315396 0.04575007 0.05833720 0.03510417 0.05023942 0.03853564 0.04483597 0.04855149 0.06121161 0.05892439 0.04379794 0.04467671 0.05019427 0.01786833 0.05230639 0.03502056 0.05425986 0.04869178 0.02469389 0.04688460 0.03365619 0.04936187 0.04093492 0.03383245 0.05133907 0.02926659 0.04233077 0.06169635 0.06693004 0.02963569 
0.05672225 0.06478056 0.05566268 0.06637016 0.06003382 0.05536331 0.00000000 0.05397587 0.06160871 0.05999093 0.06771469 0.05228282 0.04954539 0.03369838 0.02345227 0.07595431 0.03876123 0.04150211 0.03169029 0.03527236 0.02796258 0.03715590 0.05883774 0.04143836 0.03214770 0.03387218 0.03533826 0.02007199 0.03983036 0.03904888 0.03252212 0.03083437 0.05008018 0.05350955 0.03511151 0.03248305 0.04620011 0.04163056 0.03543202 0.05252873 0.02112962 0.03942538 0.06286476 0.04250164 0.04022701 0.01282931 0.04554834 0.03964640 0.04602493 0.03141711 0.02891022 0.06016385 0.04096332 0.04829708 0.03321336 0.03208260 0.03916682 0.05119104 0.02992470 0.05268199 0.04466822 0.05246784 0.03983036 0.03937268 0.05760632 0.05760566 0.01279090 0.05571473 0.02670480 0.02674822 0.02722155 0.04736447 0.04013409 0.03682934 0.05522646 0.03776087 0.05020561 0.02904725 0.05419977 0.03153513 0.05159335 0.02491356 0.03032187 0.02551828 0.03052117 0.04103597 0.02557557 0.03765807 0.04032535 0.04277164 0.03777209 0.04248650 0.04830224 0.03742152 0.01499266 0.05157019 0.02597089 0.03524010 0.01813642 0.02918017 0.02974004 0.02263823 0.01983447 0.04157743 0.05361357 0.03423724 0.05300043 0.04815766 0.03705905 0.04033295 0.02794793 0.02406423 0.05211565 0.03463283 0.04178625 0.04378850 0.02609333 0.02764132 0.04073957 0.02533238 0.04611412 0.03881753 0.04162932 0.04688698 0.03582156 
0.04685885 0.05136739 0.08071898 0.07184507 0.05735212 0.04723617 0.05397587 0.00000000 0.06230789 0.05656091 0.03758349 0.04336593 0.04401405 0.05305823 0.05259141 0.06844171 0.04124196 0.03937919 0.03458222 0.04839648 0.08077796 0.05328325 0.01933913 0.04468705 0.05120063 0.04734724 0.03807520 0.00601430 0.03918964 0.03475573 0.03465680 0.03225441 0.03478711 0.06625366 0.04902939 0.06651676 0.04441981 0.05792228 0.03639674 0.04961068 0.05119923 0.01178927 0.01842530 0.05798936 0.03256393 0.00509327 0.03395069 0.06528668 0.03941406 0.03596810 0.01914672 0.03464345 0.03621178 0.03394129 0.05225503 0.03867235 0.08564059 0.05397834 0.04623962 0.06351857 0.03253551 0.03054568 0.03918964 0.05159899 0.04760341 0.03465426 0.00973639 0.03561201 0.02992459 0.02402834 0.04875107 0.05351009 0.04406825 0.02962552 0.03073918 0.01856058 0.04133704 0.03873256 0.05503769 0.03868921 0.02919950 0.03075847 0.06035399 0.05883916 0.04863589 0.05775561 0.06112527 0.03219821 0.03626186 0.06097315 0.04550971 0.05021691 0.02285720 0.03057052 0.04274149 0.01744563 0.01619973 0.03497482 0.02994118 0.00808230 0.02259779 0.03280767 0.02101893 0.03625943 0.02140958 0.02985673 0.01863519 0.02635076 0.03818560 0.02318778 0.03711252 0.05013649 0.04997682 0.04372930 0.04637356 0.03151078 0.04059489 0.03118014 0.02936401 0.04841468 0.01815722 0.01592598 0.02855860 0.01877884 0.06433720 
0.03891717 0.05183903 0.06628588 0.03999684 0.06050437 0.04912724 0.06160871 0.06230789 0.00000000 0.05834624 0.06240301 0.04769643 0.04423610 0.05100114 0.04084077 0.03616874 0.05666201 0.04696326 0.06522087 0.03185687 0.05406598 0.04650940 0.03961828 0.04631158 0.04443816 0.03972416 0.03831449 0.01872357 0.03858798 0.05227809 0.04516785 0.04163848 0.05074829 0.04835143 0.05139290 0.05191771 0.05054974 0.05222707 0.03105417 0.04614120 0.02790774 0.01158998 0.02758693 0.06289416 0.04033305 0.00346399 0.01950566 0.03622508 0.04330722 0.04248023 0.02495722 0.03014231 0.03548815 0.02907031 0.04720808 0.03091098 0.04311942 0.03342519 0.03992855 0.04748723 0.04662167 0.04024823 0.03858798 0.03057571 0.03454108 0.02969414 0.01112297 0.04424866 0.01296791 0.04756007 0.04053271 0.02559459 0.04062890 0.03232087 0.03988542 0.04854360 0.03303128 0.06376856 0.04011988 0.04602960 0.03770069 0.04659603 0.05216287 0.03719950 0.04832601 0.04788017 0.03867413 0.02998003 0.03247275 0.05478480 0.03267906 0.04875749 0.04903532 0.02458190 0.04709484 0.04057191 0.04308773 0.01906706 0.04578895 0.01964586 0.03367685 0.04543286 0.02501155 0.03968613 0.03110922 0.03721570 0.03932979 0.03739313 0.04840380 0.03026502 0.03061709 0.04296059 0.04249326 0.04104344 0.03739662 0.03864882 0.04542698 0.03843672 0.04165219 0.03673273 0.02886328 0.03558500 0.03828579 0.03257502 0.05683636 
0.03073994 0.02925288 0.05492808 0.03746845 0.04645056 0.06215002 0.05999093 0.05656091 0.05834624 0.00000000 0.04467563 0.05280908 0.06868929 0.03213746 0.04461930 0.03374991 0.04241377 0.03704920 0.02399011 0.06132728 0.04274684 0.03489475 0.03170792 0.04164298 0.03277125 0.04305004 0.04302311 0.04259808 0.03946492 0.04680352 0.02652098 0.02907459 0.04249561 0.04699394 0.03185922 0.06472336 0.04733670 0.05300711 0.03488478 0.06415587 0.04673699 0.03066847 0.04340468 0.04251773 0.03634450 0.01697403 0.04535741 0.04124574 0.03125959 0.02553383 0.03493265 0.03163214 0.03918914 0.04765118 0.03640465 0.04761168 0.03403321 0.05949561 0.04745660 0.05400609 0.04577576 0.02294087 0.03946492 0.03696958 0.05528198 0.04309788 0.02689047 0.03726503 0.02075447 0.03762654 0.04986053 0.03032638 0.04562843 0.03920111 0.03026449 0.02134083 0.03878291 0.04295003 0.03671048 0.03432747 0.03889936 0.02807268 0.04080676 0.04351117 0.03967924 0.04597303 0.03729530 0.03313850 0.03624066 0.05613318 0.03096686 0.03538760 0.04629022 0.03294840 0.03419066 0.02827110 0.04075259 0.03412992 0.03291689 0.02352883 0.03206379 0.03910145 0.02720011 0.04338642 0.03279720 0.03201630 0.03062530 0.05453618 0.03063378 0.04419058 0.03384193 0.04071318 0.04264286 0.05805523 0.09345830 0.04789837 0.04131968 0.04336136 0.04829846 0.02752824 0.03523282 0.04157280 0.04819994 0.04037701 0.03199746 
0.04849984 0.05196475 0.04293693 0.03753004 0.03781403 0.05484626 0.06771469 0.03758349 0.06240301 0.04467563 0.00000000 0.04332287 0.03687867 0.03647626 0.02520107 0.06924505 0.05229052 0.05499449 0.05640985 0.03462067 0.06649854 0.06699703 0.02581035 0.03203657 0.04467765 0.02987314 0.04444610 0.03647954 0.03878507 0.07489013 0.03019747 0.02200749 0.04700226 0.03260080 0.02701960 0.04587378 0.02944857 0.03232664 0.04391851 0.03135115 0.03807557 0.03542712 0.05394210 0.05163858 0.02929235 0.03103197 0.06429599 0.02896371 0.04336055 0.03699629 0.03984169 0.03833241 0.02106264 0.03731804 0.06631910 0.02675780 0.06843491 0.03698682 0.02588307 0.04674457 0.05040493 0.04551833 0.03878507 0.03380036 0.02867467 0.03977561 0.04767926 0.06322243 0.05140632 0.06257776 0.02593287 0.02085815 0.01591162 0.03045277 0.03946380 0.03402920 0.03993889 0.03142056 0.04281227 0.04876221 0.03428605 0.03233316 0.03346359 0.04076573 0.03895411 0.04704290 0.02360018 0.04041448 0.02132990 0.05527987 0.05692214 0.03392425 0.04849978 0.02941917 0.03317607 0.02982933 0.03643902 0.02887193 0.03736107 0.04079434 0.04325984 0.05595476 0.02452650 0.02162415 0.03635169 0.03874665 0.04029105 0.04860844 0.02333676 0.02735023 0.05382540 0.03528115 0.05020168 0.04800552 0.04200500 0.05400854 0.03066759 0.04258471 0.03311054 0.01991187 0.03966409 0.04068213 0.05081084 0.04071166 0.03277967 
0.02785420 0.03738698 0.02427934 0.03679459 0.02380304 0.04257010 0.05228282 0.04336593 0.04769643 0.05280908 0.04332287 0.00000000 0.04846742 0.03634159 0.04270388 0.06701423 0.04947344 0.06091110 0.03641813 0.04306562 0.04511744 0.03986071 0.02899153 0.03652224 0.02490845 0.02697912 0.03701869 0.04548992 0.03784777 0.04361902 0.05217485 0.03962666 0.05077884 0.03889854 0.05094329 0.03013586 0.03772763 0.03801130 0.05132706 0.04760401 0.04260287 0.03064002 0.01803243 0.05389881 0.05674663 0.02795734 0.04081565 0.02807483 0.06111085 0.05988373 0.02878932 0.06240278 0.04069058 0.04979726 0.04927936 0.04760950 0.04986657 0.04134645 0.03813102 0.03340557 0.03948219 0.04207754 0.03784777 0.02645270 0.03113751 0.05254622 0.03684636 0.03843104 0.03468788 0.04360407 0.02206262 0.03603380 0.04293318 0.03665918 0.02698386 0.03542035 0.02560671 0.03359434 0.04280772 0.05474331 0.03651313 0.04194443 0.05251903 0.02456488 0.04054979 0.04753959 0.04391072 0.03818477 0.05573292 0.03362543 0.04492619 0.03935686 0.02553048 0.02901308 0.04156047 0.04146599 0.04136917 0.03694010 0.04142496 0.02127971 0.01971287 0.03460352 0.03955355 0.05159001 0.03427785 0.03195047 0.05279692 0.04475747 0.03036339 0.05357210 0.03479977 0.04778105 0.03902990 0.04549261 0.05129572 0.04869889 0.04373635 0.05825380 0.03670393 0.03197235 0.06069159 0.03973481 0.04739150 0.03227642 0.03836650 
0.04507017 0.04747928 0.03014574 0.04163884 0.04427226 0.04226684 0.04954539 0.04401405 0.04423610 0.06868929 0.03687867 0.04846742 0.00000000 0.04331407 0.02997873 0.07207077 0.03651694 0.03504800 0.02602645 0.04261010 0.04299011 0.02843982 0.01827248 0.02638544 0.03521661 0.05136232 0.03352294 0.04270018 0.03731206 0.04965800 0.04596478 0.04147777 0.05486082 0.02730555 0.03544790 0.03687999 0.05466538 0.02899251 0.04025521 0.02358763 0.05186999 0.04597159 0.04836502 0.04201260 0.03082777 0.05974800 0.04992848 0.02423007 0.03366173 0.02132380 0.01950961 0.03921465 0.03083682 0.04194485 0.02879953 0.03256135 0.02777633 0.05343931 0.04472443 0.04446078 0.03304088 0.04840468 0.03731206 0.04565457 0.02358762 0.02300982 0.04841160 0.03711953 0.05102384 0.02371241 0.03128154 0.03467704 0.02381241 0.05549759 0.02365564 0.03131752 0.02345548 0.04930590 0.05126926 0.03885002 0.04440306 0.03216869 0.03244917 0.04363648 0.05081357 0.04199314 0.04176249 0.01956011 0.05071145 0.04517653 0.04676603 0.03171113 0.04158268 0.04729817 0.04610030 0.03808952 0.04911000 0.06438285 0.03540176 0.03916319 0.04941070 0.02783940 0.02933803 0.03804265 0.04650165 0.04225764 0.04391848 0.05747831 0.04760198 0.05983255 0.04785024 0.04547346 0.02862543 0.04215180 0.04562250 0.03537281 0.02816853 0.04350734 0.05736131 0.06154043 0.06786477 0.04946320 0.05548125 0.04662690 0.03808637 
0.04561559 0.04777050 0.04353630 0.03934190 0.05633270 0.04475255 0.03369838 0.05305823 0.05100114 0.03213746 0.03647626 0.03634159 0.04331407 0.00000000 0.06327506 0.04706328 0.05482833 0.05042792 0.04726110 0.05241771 0.04286762 0.06706212 0.04408958 0.05064225 0.04097610 0.04674541 0.05043194 0.03345265 0.03595269 0.04027042 0.05067093 0.03867731 0.02751515 0.04514412 0.05535610 0.05353880 0.03801737 0.04689153 0.05499886 0.04109477 0.05787211 0.03359090 0.03775903 0.04385929 0.04334186 0.06041971 0.02874551 0.04480928 0.02646307 0.02940996 0.04335005 0.03888790 0.03574578 0.03821971 0.03619825 0.03305348 0.04703300 0.03596495 0.04361586 0.04112551 0.01948399 0.02902849 0.03595269 0.03003908 0.02736910 0.04244230 0.04593461 0.03963714 0.05487951 0.02859037 0.05566841 0.03943406 0.04569810 0.03892119 0.03105474 0.03651327 0.02037393 0.04942889 0.02938063 0.04796429 0.04192501 0.04360583 0.03981832 0.03951796 0.04382023 0.03347793 0.05667060 0.03083695 0.04244932 0.03829205 0.03286977 0.02887930 0.02656030 0.03521369 0.04307256 0.02384692 0.04203617 0.04124347 0.04109027 0.04057557 0.04678363 0.03411953 0.04236673 0.03102047 0.05139428 0.06204406 0.03604128 0.04062382 0.03135258 0.03393435 0.04027617 0.04472068 0.02988035 0.03538174 0.03926962 0.04411138 0.02534438 0.03219069 0.01488937 0.04586194 0.04526756 0.05942511 0.04967324 0.03942686 0.03843405 
0.02471222 0.02935759 0.04634024 0.02576081 0.07292695 0.04510307 0.02345227 0.05259141 0.04084077 0.04461930 0.02520107 0.04270388 0.02997873 0.06327506 0.00000000 0.03143491 0.04130122 0.04620044 0.05774540 0.04727960 0.06905309 0.03531272 0.04460597 0.06725182 0.03838248 0.03101589 0.04326218 0.04038567 0.03896022 0.01747526 0.01583393 0.03615353 0.03061330 0.03309405 0.08062784 0.04125646 0.03568412 0.03387827 0.02220435 0.03128712 0.06252172 0.02106933 0.04917269 0.05150685 0.05058883 0.02934347 0.04976167 0.03424560 0.04754638 0.04366141 0.05624995 0.01372035 0.04418184 0.04861194 0.03220345 0.04961706 0.04484154 0.01344076 0.02760039 0.02829956 0.03623203 0.02108587 0.03896022 0.03094446 0.03310138 0.04101243 0.02225050 0.02116738 0.02777584 0.03361778 0.06641511 0.04497333 0.02299178 0.04064253 0.01899914 0.04285884 0.02257458 0.03689856 0.02306178 0.05579592 0.04100739 0.03285273 0.05137970 0.05212219 0.06673480 0.05303918 0.06607274 0.05168689 0.05483574 0.06388048 0.04834638 0.01946964 0.03072399 0.02121275 0.02022548 0.02534960 0.04029438 0.03397721 0.05551010 0.04136565 0.03668223 0.05807822 0.05995653 0.02765158 0.03275272 0.06396412 0.00591394 0.06131146 0.03351927 0.06010153 0.05295486 0.04243958 0.06439476 0.02767374 0.03251511 0.04297401 0.04894636 0.05328073 0.02906683 0.05970567 0.01953371 0.05583129 0.02159260 0.03039332 0.04062518 
0.04205496 0.05461031 0.04540452 0.05439513 0.03982199 0.05494116 0.07595431 0.06844171 0.03616874 0.03374991 0.06924505 0.06701423 0.07207077 0.04706328 0.03143491 0.00000000 0.04301223 0.04254664 0.05980092 0.04587360 0.04297539 0.05005617 0.02713723 0.03208820 0.04197266 0.06533208 0.03860074 0.05153618 0.03765722 0.03969545 0.03127008 0.03991373 0.03664281 0.03437736 0.03810756 0.04629935 0.03213673 0.02511285 0.01595464 0.04047405 0.02586659 0.04123789 0.04418622 0.05638612 0.03575641 0.04445516 0.04645031 0.02988075 0.04699485 0.01055069 0.03934260 0.04102691 0.04107627 0.06494195 0.05629366 0.03637376 0.06598842 0.04542907 0.04365479 0.04439956 0.05093367 0.04198788 0.03765722 0.03634218 0.05731415 0.04468732 0.01976106 0.05418239 0.03094395 0.02982235 0.03383527 0.03514874 0.04356441 0.03876964 0.02127681 0.02236446 0.02583141 0.02432779 0.04388847 0.03755229 0.02220240 0.03687455 0.03873926 0.05096235 0.04430407 0.04931518 0.04008937 0.03495425 0.03135253 0.02733146 0.05988100 0.02773382 0.03097800 0.04147843 0.04913250 0.02297496 0.02056108 0.04308120 0.02872063 0.03708510 0.03608152 0.04726144 0.04202217 0.04421274 0.04039605 0.03513493 0.02803040 0.04024600 0.04147437 0.04551546 0.04013263 0.04730793 0.02745272 0.05122700 0.05261732 0.03149255 0.02781277 0.01938572 0.02148577 0.03419347 0.04640166 0.03280255 0.04162702 0.05900900 0.03712222 
0.02254731 0.04732430 0.04027453 0.05572312 0.03979263 0.03114667 0.03876123 0.04124196 0.05666201 0.04241377 0.05229052 0.04947344 0.03651694 0.05482833 0.04130122 0.04301223 0.00000000 0.05278739 0.04805513 0.06332760 0.07006948 0.06451010 0.04678396 0.04028072 0.04835207 0.03241299 0.05187141 0.04873104 0.03668918 0.04686876 0.02787446 0.03745286 0.03391174 0.03522334 0.05492880 0.03762899 0.04670285 0.03750584 0.04872373 0.04352921 0.04514163 0.02231949 0.03232937 0.03731827 0.02975706 0.04569439 0.04059146 0.04427082 0.05858634 0.05258639 0.03396754 0.02565633 0.04260746 0.02113351 0.04350958 0.03944867 0.02785328 0.05357684 0.03961047 0.03874355 0.03934592 0.02554689 0.03668918 0.04511157 0.03786911 0.05814187 0.02500428 0.03975766 0.02936257 0.03487790 0.04528485 0.04154544 0.03994325 0.03704772 0.01389102 0.05241101 0.02258017 0.05843000 0.02236576 0.03675552 0.04547636 0.01879863 0.04896878 0.05767534 0.04696857 0.03505337 0.04662044 0.04261677 0.04196051 0.03904703 0.03497821 0.01687922 0.04037043 0.03168236 0.05111124 0.01229675 0.03524885 0.04234948 0.05966984 0.03440376 0.03918410 0.03636587 0.04813897 0.04294198 0.03323789 0.04128849 0.04325984 0.04404809 0.01505098 0.03316860 0.06021154 0.03123431 0.05729049 0.04128582 0.05729049 0.06603947 0.03784042 0.02518933 0.02738567 0.04306671 0.04368709 0.02977766 0.03311716 0.06610133 0.03473244 
0.02444394 0.04392383 0.03811354 0.03947639 0.03128894 0.02650530 0.04150211 0.03937919 0.04696326 0.03704920 0.05499449 0.06091110 0.03504800 0.05042792 0.04620044 0.04254664 0.05278739 0.00000000 0.04030926 0.02355857 0.02035486 0.03978120 0.01868707 0.03245982 0.02934833 0.03667046 0.05826151 0.04511634 0.03949308 0.01875373 0.03916070 0.05435975 0.06598116 0.05283424 0.05595694 0.06092883 0.06135688 0.03370355 0.06202845 0.03831181 0.07407828 0.02339032 0.05034395 0.02062016 0.04180857 0.03518297 0.03666757 0.05508281 0.05964955 0.05030398 0.03496603 0.03505468 0.04514878 0.02860248 0.04619164 0.04781357 0.03145494 0.06236676 0.03490079 0.04087302 0.04537717 0.04886707 0.03949308 0.03421875 0.03543733 0.04580286 0.04727883 0.03333974 0.03882781 0.03887616 0.02728297 0.03434126 0.02259315 0.02944715 0.04240541 0.04598844 0.04778151 0.04033044 0.04553515 0.03913623 0.03198657 0.03570732 0.03654878 0.02973004 0.03916284 0.04034599 0.05061283 0.00870541 0.02577321 0.02155749 0.04778697 0.04271698 0.04808213 0.06320491 0.03503858 0.05329261 0.04106300 0.03729803 0.05510636 0.02353619 0.01878632 0.02442894 0.02838094 0.04018591 0.03486954 0.04568441 0.03008856 0.01708767 0.04074963 0.02789197 0.05965718 0.04899473 0.04482082 0.04786902 0.04478240 0.07591066 0.03855344 0.04793754 0.03197365 0.02997243 0.03108537 0.04655838 0.03761219 0.04354622 0.03284148 
0.02601325 0.04850013 0.06399788 0.05881616 0.04811593 0.02440033 0.03169029 0.03458222 0.06522087 0.02399011 0.05640985 0.03641813 0.02602645 0.04726110 0.05774540 0.05980092 0.04805513 0.04030926 0.00000000 0.05435529 0.06891721 0.06666632 0.05389871 0.04689680 0.03473267 0.04202332 0.02808042 0.05193483 0.03807079 0.04051945 0.03451952 0.03375370 0.04153077 0.03271483 0.05288201 0.03105435 0.03653013 0.05625670 0.03409992 0.04492592 0.04252384 0.05315710 0.02858611 0.04375994 0.04135667 0.04869712 0.05073305 0.02703877 0.03514535 0.03648830 0.03209618 0.02541770 0.03481106 0.04965230 0.05369022 0.05746990 0.04466442 0.02762411 0.05254918 0.04334356 0.03754293 0.04253590 0.03807079 0.04279392 0.03243072 0.06216439 0.05886408 0.05053421 0.03739468 0.04376155 0.03992014 0.03013378 0.03268956 0.03040242 0.02459235 0.06438983 0.03095793 0.03301060 0.02099739 0.06321214 0.02446195 0.02293061 0.04661023 0.03794570 0.04013711 0.04646371 0.03609588 0.02235155 0.02932826 0.04033283 0.04003121 0.02437546 0.04298053 0.02428549 0.03419374 0.02872666 0.02768522 0.03089807 0.06527343 0.02979645 0.04636902 0.03969488 0.03633028 0.03622794 0.04753259 0.04871340 0.04694717 0.02207387 0.02441523 0.01347597 0.05630385 0.05942058 0.04605921 0.03450903 0.05253718 0.04081493 0.03751235 0.03465926 0.04153122 0.03980710 0.03354122 0.05532218 0.02954167 0.02006646 0.04139628 
0.04835253 0.03384790 0.04103569 0.08007359 0.04464580 0.02843061 0.03527236 0.04839648 0.03185687 0.06132728 0.03462067 0.04306562 0.04261010 0.05241771 0.04727960 0.04587360 0.06332760 0.02355857 0.05435529 0.00000000 0.02494916 0.03849199 0.04507987 0.03802695 0.04941299 0.06629104 0.05697951 0.05207023 0.03747395 0.04844402 0.05009511 0.04424837 0.02959072 0.05819405 0.03303096 0.05063277 0.03588443 0.05667214 0.02809841 0.03706854 0.04616586 0.01778334 0.04269900 0.04274578 0.03621635 0.04465070 0.03382033 0.05995762 0.03101482 0.03334372 0.03802038 0.03811884 0.04029166 0.03867627 0.05660265 0.04528253 0.02306051 0.05796968 0.04729351 0.04333327 0.04986129 0.03142351 0.03747395 0.03696380 0.04937254 0.03747183 0.03396533 0.03400881 0.03340098 0.02331553 0.02979204 0.06450270 0.02645570 0.05795264 0.03783744 0.05016970 0.02667186 0.04034932 0.02735010 0.02590414 0.05567708 0.03476691 0.05822535 0.04546748 0.04654228 0.04519567 0.04727820 0.04086252 0.02644843 0.02359785 0.04209693 0.01935946 0.04718313 0.03365603 0.03428579 0.03804142 0.02382590 0.03666210 0.04363111 0.01687808 0.03271345 0.02502456 0.03848966 0.04535210 0.02527015 0.04465883 0.05113702 0.05334901 0.02590344 0.03194906 0.05423164 0.04332242 0.03646939 0.04805443 0.04068781 0.03805182 0.04291955 0.03390011 0.04597733 0.01721646 0.05177738 0.04857604 0.04978580 0.02587698 0.03992427 
0.02588435 0.04570971 0.06359295 0.06225899 0.05770710 0.02584105 0.02796258 0.08077796 0.05406598 0.04274684 0.06649854 0.04511744 0.04299011 0.04286762 0.06905309 0.04297539 0.07006948 0.02035486 0.06891721 0.02494916 0.00000000 0.04060548 0.04954404 0.09550067 0.05418932 0.04614497 0.02001305 0.04930332 0.03824204 0.03905306 0.04093914 0.04151840 0.00740594 0.03640099 0.05975942 0.07295033 0.03225126 0.06440207 0.02186095 0.04684433 0.04886048 0.01988611 0.03652493 0.04262500 0.03207852 0.04176031 0.03507739 0.07498074 0.06920579 0.03059433 0.03379678 0.01373812 0.04056055 0.05653449 0.05836201 0.06726813 0.02659776 0.03205892 0.04553117 0.04518523 0.06460593 0.02010405 0.03824204 0.04173818 0.03032744 0.02335863 0.02180489 0.03165041 0.02233443 0.02061664 0.06029204 0.03471558 0.05930170 0.03524333 0.01033842 0.05146026 0.02476075 0.03061196 0.04093544 0.03029103 0.03461376 0.01982473 0.05202489 0.04453424 0.04412834 0.03534196 0.05918779 0.03482490 0.03996477 0.06598941 0.03702284 0.01998340 0.04309465 0.02848932 0.04505646 0.02144907 0.02678722 0.00516659 0.04121036 0.02724345 0.05371404 0.04586139 0.03789621 0.02847925 0.01688765 0.04987934 0.03858430 0.04254151 0.02057950 0.02666514 0.04196593 0.02462441 0.06432832 0.04951334 0.03956862 0.03437193 0.04397308 0.03329737 0.02268182 0.03873339 0.03135500 0.04633063 0.02524443 0.02865188 0.04398415 
0.04110468 0.05913736 0.05054270 0.03859742 0.04534676 0.04106825 0.03715590 0.05328325 0.04650940 0.03489475 0.06699703 0.03986071 0.02843982 0.06706212 0.03531272 0.05005617 0.06451010 0.03978120 0.06666632 0.03849199 0.04060548 0.00000000 0.03713039 0.04140272 0.05109164 0.04275272 0.07318091 0.02595327 0.03931868 0.02194023 0.04247762 0.04405630 0.03602510 0.05329449 0.05036003 0.03356395 0.05122580 0.05827828 0.05995947 0.06031607 0.06922666 0.03125617 0.04370074 0.02560750 0.04491832 0.05585707 0.03889961 0.01520680 0.03705880 0.04334240 0.03924394 0.02204492 0.03861789 0.04533229 0.05202256 0.01716144 0.04353534 0.04975699 0.05024111 0.04400819 0.03621410 0.04658413 0.03931868 0.04678859 0.03890862 0.02913447 0.06197204 0.05648931 0.03066068 0.01953233 0.03338158 0.04453547 0.04793363 0.04205074 0.02651849 0.05079313 0.02640364 0.05268747 0.03342054 0.02993868 0.02616673 0.03408372 0.05499430 0.04247364 0.02692561 0.04581267 0.03709326 0.03310351 0.03110005 0.05020055 0.03837076 0.02964664 0.03601340 0.03369503 0.05072107 0.01640230 0.02390440 0.03303362 0.05661785 0.02214554 0.04448007 0.02280033 0.01342415 0.03860733 0.05308205 0.04157810 0.02844791 0.03091969 0.00942494 0.03037497 0.05077436 0.04286084 0.03345415 0.04777267 0.04136875 0.03957612 0.02005374 0.03819093 0.03714143 0.06718664 0.02516885 0.03387960 0.02747581 0.05684157 0.03528263 
0.01974025 0.02453180 0.04197241 0.03789127 0.04178711 0.04241831 0.05883774 0.01933913 0.03961828 0.03170792 0.02581035 0.02899153 0.01827248 0.04408958 0.04460597 0.02713723 0.04678396 0.01868707 0.05389871 0.04507987 0.04954404 0.03713039 0.00000000 0.04914214 0.07022834 0.05044759 0.03013685 0.04130684 0.04046620 0.05780981 0.05467485 0.05104122 0.02076685 0.02182472 0.05397353 0.03743339 0.02710378 0.03474148 0.05552207 0.02980427 0.04104761 0.03764597 0.02168382 0.04792470 0.05629611 0.03348390 0.02940185 0.04243389 0.04674043 0.04349484 0.02743990 0.02609583 0.04652019 0.04810260 0.04698358 0.02814914 0.04192784 0.01687412 0.04341709 0.04082997 0.03207024 0.04668665 0.04046620 0.02787116 0.04999749 0.06244621 0.04730390 0.05635547 0.02562031 0.02677850 0.05391375 0.06005253 0.04575925 0.04371725 0.02408765 0.04500497 0.02739795 0.03361221 0.04454754 0.03176997 0.02684572 0.04799206 0.04210960 0.03431778 0.03662805 0.03819787 0.03265287 0.08754724 0.02065674 0.03906134 0.06840757 0.01825748 0.03637582 0.04437352 0.03917145 0.03219442 0.02212375 0.03782814 0.03150444 0.05195682 0.04484170 0.03793141 0.03516860 0.04735761 0.05984345 0.04196499 0.05669742 0.03866521 0.03064653 0.02870782 0.07030701 0.05021088 0.06921904 0.04098055 0.03835409 0.03457179 0.04658552 0.04503704 0.03326138 0.04737600 0.04155549 0.05927921 0.02326835 0.03972242 0.04481346 
0.05406726 0.03571802 0.05877991 0.03730947 0.06933206 0.04140323 0.04143836 0.04468705 0.04631158 0.04164298 0.03203657 0.03652224 0.02638544 0.05064225 0.06725182 0.03208820 0.04028072 0.03245982 0.04689680 0.03802695 0.09550067 0.04140272 0.04914214 0.00000000 0.04320408 0.03055159 0.02758395 0.03865833 0.04110272 0.04795790 0.06154819 0.03019113 0.00685889 0.04157128 0.05965783 0.04000089 0.02637321 0.03755458 0.03445979 0.03088030 0.05051381 0.02647776 0.06178696 0.03723347 0.03536553 0.03901676 0.03035746 0.06219883 0.03916825 0.03241875 0.04223373 0.03679767 0.03301936 0.04429867 0.04454989 0.04989060 0.04431660 0.03008178 0.05053196 0.04482909 0.03439711 0.02043825 0.04110272 0.03817278 0.05579056 0.07757143 0.02230596 0.04227670 0.04535198 0.05542181 0.04872846 0.02739737 0.04534796 0.03576976 0.04087098 0.04778046 0.03675383 0.05735080 0.04065727 0.02662545 0.03174509 0.04360409 0.05060152 0.05051072 0.03478679 0.01761445 0.06386266 0.05104375 0.03425784 0.03931147 0.03005152 0.04563145 0.03480210 0.04449252 0.04893150 0.02844392 0.02121169 0.03182942 0.05329693 0.06304140 0.05589255 0.05080848 0.04225111 0.03898229 0.03534610 0.02890053 0.02545270 0.01866961 0.02841341 0.02876392 0.03895043 0.03033202 0.05731632 0.03898827 0.04252629 0.03218171 0.03288276 0.03578330 0.00904046 0.03445923 0.01742358 0.03149038 0.02249675 0.02797705 0.03433635 
0.03878045 0.03315324 0.05998978 0.03193986 0.04921851 0.03012817 0.03214770 0.05120063 0.04443816 0.03277125 0.04467765 0.02490845 0.03521661 0.04097610 0.03838248 0.04197266 0.04835207 0.02934833 0.03473267 0.04941299 0.05418932 0.05109164 0.07022834 0.04320408 0.00000000 0.05369049 0.04868036 0.03295029 0.03876540 0.02246152 0.02846538 0.02430490 0.01580365 0.03463151 0.04899816 0.05768860 0.03955101 0.05314809 0.02890854 0.02716330 0.02955075 0.03626653 0.05907300 0.03261092 0.04936579 0.06046622 0.05467016 0.05838855 0.04028920 0.05685182 0.04403257 0.03778469 0.03635188 0.04831449 0.06585390 0.05076586 0.03520532 0.05433315 0.05354111 0.05532151 0.03754811 0.03130995 0.03876540 0.03770603 0.03541217 0.05551922 0.03975550 0.03119732 0.03860635 0.02688520 0.03880471 0.05979728 0.04357467 0.03222133 0.00689378 0.03396426 0.01639812 0.06101605 0.02905754 0.03872442 0.05569761 0.01718190 0.02766612 0.06097033 0.05200444 0.03874880 0.04423344 0.03545015 0.03361980 0.04830095 0.03594512 0.03304362 0.02866594 0.02438747 0.04013982 0.01292715 0.03150656 0.05340222 0.04147785 0.01787224 0.03942770 0.03455415 0.03653568 0.03730330 0.03297217 0.05994567 0.02893033 0.04254999 0.06124782 0.02084709 0.03584669 0.05409562 0.03911504 0.05321329 0.05172857 0.06135630 0.05338068 0.03730945 0.02391212 0.05414240 0.03263467 0.04248620 0.04438801 0.04389448 0.04157632 
0.04186070 0.03623560 0.05170812 0.03441317 0.03933354 0.04108245 0.03387218 0.04734724 0.03972416 0.04305004 0.02987314 0.02697912 0.05136232 0.04674541 0.03101589 0.06533208 0.03241299 0.03667046 0.04202332 0.06629104 0.04614497 0.04275272 0.05044759 0.03055159 0.05369049 0.00000000 0.05354927 0.03535542 0.04049427 0.06241584 0.06835934 0.03937995 0.03212130 0.04659253 0.04611977 0.03336008 0.07384961 0.04283738 0.04459862 0.03105397 0.03613890 0.03961728 0.04453748 0.05246739 0.03999446 0.02663646 0.04387086 0.05129319 0.04432927 0.03027545 0.01620563 0.04013732 0.05826184 0.02120559 0.04856879 0.04331185 0.05939146 0.05922546 0.04932287 0.04821840 0.05695782 0.02594104 0.04049427 0.04042580 0.06345874 0.04218003 0.03894406 0.03432299 0.05419264 0.04814258 0.03251170 0.03059411 0.04599877 0.03779750 0.02507078 0.04218947 0.03894390 0.03897294 0.03863401 0.03656051 0.04915809 0.04670326 0.01976627 0.03825848 0.03398952 0.04826790 0.03000443 0.03399659 0.02996406 0.03575813 0.03809848 0.02431212 0.05401921 0.01678564 0.03480196 0.02443657 0.03571074 0.05663217 0.04618849 0.03624344 0.03704495 0.01957104 0.02204522 0.03466624 0.03053562 0.03661274 0.03344763 0.03656281 0.02891217 0.03570354 0.04543522 0.04810912 0.03559647 0.04567926 0.03637303 0.04637532 0.04371696 0.03316030 0.03255365 0.03769046 0.04896886 0.01830218 0.03620944 0.04347539 0.02872075 
0.03015879 0.03726236 0.04197899 0.02313545 0.03652686 0.02343578 0.03533826 0.03807520 0.03831449 0.04302311 0.04444610 0.03701869 0.03352294 0.05043194 0.04326218 0.03860074 0.05187141 0.05826151 0.02808042 0.05697951 0.02001305 0.07318091 0.03013685 0.02758395 0.04868036 0.05354927 0.00000000 0.03407745 0.03968468 0.05308391 0.03275357 0.03689657 0.01922347 0.03985987 0.04485475 0.04006957 0.05407889 0.05463729 0.02911117 0.05129259 0.04760444 0.03324932 0.03150467 0.03292846 0.09815213 0.03752689 0.04245022 0.02580864 0.02581945 0.03875731 0.05955411 0.05195984 0.07960477 0.04494310 0.04151621 0.03763850 0.04505756 0.02405858 0.05448026 0.04478869 0.06007512 0.05714007 0.03968468 0.02759461 0.01466121 0.05121015 0.07896401 0.03173824 0.03631223 0.05484858 0.04223144 0.03929145 0.02931819 0.03236102 0.02686864 0.02655436 0.02893215 0.03002186 0.02971795 0.03119361 0.02812000 0.02621798 0.02796419 0.03395309 0.04741218 0.05181090 0.04453759 0.04459924 0.03516957 0.04283404 0.03585245 0.02940607 0.05718989 0.04172627 0.03845886 0.02963785 0.04465899 0.05743985 0.03597112 0.04145376 0.03977337 0.04568669 0.04852089 0.02902882 0.03728606 0.06175812 0.05157946 0.03892962 0.02683868 0.02812991 0.04744130 0.03082053 0.03585238 0.04359234 0.03771246 0.05619797 0.03536002 0.02872545 0.03719045 0.00000000 0.06229015 0.04189882 0.04068764 0.02877350 0.04294171 
0.04651184 0.00868326 0.00602664 0.02317575 0.00482843 0.05658642 0.02007199 0.00601430 0.01872357 0.04259808 0.03647954 0.04548992 0.04270018 0.03345265 0.04038567 0.05153618 0.04873104 0.04511634 0.05193483 0.05207023 0.04930332 0.02595327 0.04130684 0.03865833 0.03295029 0.03535542 0.03407745 0.00000000 0.04097938 0.04377813 0.04226506 0.03995474 0.02629723 0.01787305 0.05055634 0.03615544 0.02094442 0.03388670 0.04363287 0.03478284 0.05184030 0.04529725 0.04979363 0.04512773 0.04650881 0.07589559 0.03423698 0.04248957 0.03382469 0.03910548 0.05753060 0.03737530 0.04862187 0.04045514 0.04115755 0.03314439 0.04638014 0.06323421 0.02381030 0.04063691 0.03908452 0.04508750 0.04097938 0.05780762 0.04199686 0.04584287 0.05473580 0.03065566 0.07334279 0.04792703 0.04432192 0.03736302 0.04147087 0.03609579 0.02583088 0.03235791 0.04274022 0.02843292 0.01829891 0.02781581 0.04746768 0.02651630 0.04113574 0.05870884 0.02934113 0.02792752 0.05077206 0.03833775 0.03249245 0.03193107 0.04038992 0.02530283 0.03638382 0.04582205 0.01824043 0.04628344 0.04431301 0.05973225 0.04206028 0.05201278 0.04603248 0.04128367 0.05804676 0.08548158 0.03282092 0.04782237 0.05040035 0.05120374 0.05391076 0.05110256 0.05069951 0.04647874 0.06297300 0.04165695 0.03615680 0.03057813 0.04119434 0.02969720 0.03705083 0.01831240 0.05482541 0.03338177 0.06152778 0.03429150 0.02844841 
0.04397844 0.04321652 0.04268398 0.04281619 0.03902890 0.04353754 0.03983036 0.03918964 0.03858798 0.03946492 0.03878507 0.03784777 0.03731206 0.03595269 0.03896022 0.03765722 0.03668918 0.03949308 0.03807079 0.03747395 0.03824204 0.03931868 0.04046620 0.04110272 0.03876540 0.04049427 0.03968468 0.04097938 0.00000000 0.04046591 0.04162673 0.03890286 0.03992102 0.04148293 0.03852973 0.03872682 0.04285215 0.03862454 0.04173235 0.03896236 0.03843352 0.04183560 0.04198562 0.03889530 0.03990440 0.04216428 0.03918706 0.03781243 0.03913538 0.03977770 0.04114179 0.04015347 0.03784201 0.04016012 0.03783958 0.03812560 0.03939909 0.04066775 0.04401154 0.03951157 0.04034128 0.04160171 0.04316133 0.03808624 0.03997640 0.04091166 0.04273333 0.04217193 0.04144606 0.04046043 0.03891577 0.03853604 0.03884167 0.03852715 0.04135394 0.03831704 0.04143412 0.04064090 0.04220091 0.03793233 0.03857993 0.04150015 0.03966345 0.03854567 0.03772887 0.04123491 0.03736278 0.04088921 0.03890667 0.03890909 0.03764318 0.04104278 0.04001643 0.04077852 0.03979181 0.04087799 0.03858846 0.03929832 0.03699265 0.03976188 0.03813401 0.04065294 0.03912711 0.03887179 0.04267845 0.03905903 0.03974051 0.03995764 0.04074713 0.03907328 0.03803067 0.03872891 0.03745443 0.03798548 0.03737970 0.03844229 0.03810299 0.03860602 0.04012131 0.03911490 0.03927894 0.04087896 0.03851287 0.04112766 0.04402535 
