0.00000000 0.05793656 0.04209959 0.04417759 0.04288948 0.05376802 0.05402815 0.04627042 0.03111416 0.04327650 0.03353840 0.03938782 0.06074287 0.03563045 0.02003687 0.06106380 0.02897411 0.03179421 0.02676802 0.04972717 0.03520116 0.05462245 0.04210258 0.04265912 0.03936086 0.04110027 0.03086495 0.03752605 0.04180302 0.03153377 0.03180407 0.03850708 0.03659513 0.03557357 0.03263854 0.03492073 0.03575287 0.03373217 0.02194130 0.03688355 0.05398111 0.02306830 0.03593624 0.04017870 0.02681907 0.03413117 0.03458784 0.03956781 0.03759041 0.02746460 0.03356804 0.03738915 0.03740929 0.02762746 0.01883175 0.03503314 0.02305454 0.01893294 0.03575287 0.04777158 0.03624770 0.04180302 0.04180302 0.06102315 0.03643031 0.03586907 0.03555989 0.03806304 0.03593931 0.02665743 0.03769792 0.04274610 0.04203877 0.04225371 0.03683287 0.02334348 0.03505450 0.02343765 0.04184573 0.01667036 0.03507645 0.04128086 0.03120774 0.04280801 0.04463534 0.03479391 0.03910315 0.04116901 0.04139605 0.03265677 0.05600220 0.04077370 0.02162458 0.04543673 0.02876635 0.03215492 0.03986585 0.03716419 0.03342567 0.02959776 0.04125957 0.03746361 0.01885886 0.04258149 0.03387848 0.03163735 0.04747664 0.03927973 0.03710957 0.04768946 0.03604178 0.05569695 0.04887146 0.03105084 0.04926112 0.02988178 0.02946055 0.05145865 0.03435882 0.02905532 0.04707279 0.03073969 0.04634227 0.05903016 0.03432934 
0.05793656 0.00000000 0.04936356 0.05454484 0.06088998 0.04260847 0.04938891 0.05346620 0.04628091 0.02849426 0.04323557 0.03465716 0.04760692 0.03474101 0.02633763 0.04602121 0.05669324 0.02877723 0.05049767 0.03249184 0.05189428 0.05917558 0.02745572 0.03880351 0.04572214 0.02506136 0.02982586 0.02425504 0.04135430 0.04845246 0.03673644 0.03430168 0.05086970 0.03512255 0.03460081 0.04386514 0.03175903 0.03825710 0.06583973 0.03571848 0.04281265 0.03427759 0.02952829 0.02993259 0.04335661 0.02506562 0.05953847 0.03704630 0.03058407 0.01952848 0.02098327 0.03341757 0.01987642 0.02559903 0.03384274 0.04118783 0.05146015 0.01537169 0.03175903 0.05984346 0.03535317 0.04135430 0.04135430 0.04852077 0.04432172 0.04653504 0.02654784 0.02909763 0.02937375 0.04163249 0.04112115 0.04177288 0.05076149 0.04428466 0.03030782 0.03592451 0.02824651 0.02593048 0.04969238 0.03280381 0.01692448 0.03358843 0.02906073 0.03968226 0.04017320 0.02353351 0.02838468 0.03213061 0.06868838 0.04537541 0.06228855 0.03325203 0.03401000 0.04208163 0.04051524 0.03703802 0.02436930 0.03465620 0.04383323 0.02683795 0.03883794 0.02787050 0.02108883 0.02998120 0.04051227 0.04201093 0.03136490 0.03340867 0.03435097 0.03663378 0.02588069 0.03420744 0.02921807 0.03718630 0.03698156 0.02679379 0.02931948 0.02173927 0.02798087 0.06007039 0.03127668 0.02992425 0.03771353 0.04038509 0.05479611 
0.04209959 0.04936356 0.00000000 0.07508269 0.07744131 0.03738578 0.03751864 0.07616275 0.05622042 0.04508259 0.03472163 0.02448680 0.02026279 0.04157479 0.04442850 0.03332237 0.03586705 0.02122812 0.06345273 0.03833686 0.06570810 0.04832006 0.04617962 0.06870821 0.05562566 0.04575029 0.02270170 0.01622809 0.04031751 0.03838637 0.03433805 0.02862331 0.02841584 0.05422648 0.04920593 0.06495800 0.02764277 0.03897829 0.02079005 0.03378583 0.03881929 0.02385045 0.02405825 0.02945850 0.04591519 0.01799120 0.02871287 0.04989800 0.04833450 0.02841028 0.01891358 0.02055265 0.05410016 0.02820354 0.04765909 0.04162008 0.03620385 0.02359141 0.02764277 0.02982923 0.03325628 0.04031751 0.04031751 0.04858799 0.04871656 0.04095497 0.02043682 0.02223056 0.02485969 0.03642846 0.05769959 0.04348518 0.05474833 0.03380970 0.02548641 0.05573411 0.02289341 0.07182383 0.04439517 0.04886930 0.05137535 0.03893816 0.04938651 0.04412645 0.05770721 0.01615475 0.04713824 0.03500764 0.02685165 0.04587301 0.02884440 0.02909089 0.02115653 0.03267683 0.04813580 0.02804587 0.02450119 0.02145347 0.03884877 0.02574013 0.04699362 0.02942107 0.02601677 0.02252106 0.03244395 0.03452720 0.03490210 0.01984837 0.02799403 0.02105393 0.02737804 0.03489740 0.04232345 0.03802173 0.05370480 0.01755942 0.03744938 0.02850251 0.02227052 0.06083712 0.02337368 0.03621277 0.02407395 0.03195451 0.05196022 
0.04417759 0.05454484 0.07508269 0.00000000 0.06153365 0.04401543 0.04182001 0.05657549 0.04060525 0.05101284 0.03131427 0.03589115 0.02820733 0.05022096 0.02785533 0.03897720 0.04631530 0.03946191 0.04854706 0.04704093 0.04580201 0.03983810 0.04163493 0.04709519 0.02670147 0.03360905 0.04564277 0.01882049 0.03964383 0.02176817 0.03585993 0.03059987 0.04998412 0.06087172 0.04762917 0.06483792 0.02735567 0.04479850 0.03323312 0.03932473 0.04036796 0.02057304 0.02434986 0.02339814 0.04526214 0.01840983 0.02887226 0.04896997 0.03976214 0.04085863 0.02862290 0.02281842 0.03543133 0.02679226 0.06107474 0.03897150 0.03045277 0.02588195 0.02735567 0.02690221 0.01429311 0.03964383 0.03964383 0.02707782 0.01907813 0.06749362 0.03628631 0.04148918 0.02512101 0.04237423 0.03459914 0.05347052 0.05640915 0.03877253 0.04263740 0.04519180 0.04351889 0.04303457 0.04056597 0.04488584 0.03416654 0.03778212 0.03433621 0.02081425 0.03804846 0.03487128 0.03617034 0.03141851 0.02463685 0.05269563 0.03427784 0.03950600 0.03108896 0.03433028 0.06531488 0.03547365 0.03274075 0.03147623 0.02893344 0.03040865 0.03605068 0.03254482 0.03087880 0.03603538 0.02844887 0.04543209 0.06092580 0.01562734 0.02890256 0.02400219 0.04814818 0.03585605 0.04202117 0.03344937 0.05399685 0.02836892 0.04212037 0.03056084 0.02325408 0.03299462 0.02778509 0.03885720 0.02783323 0.03672441 0.04806828 
0.04288948 0.06088998 0.07744131 0.06153365 0.00000000 0.02893661 0.03919590 0.06557589 0.06623884 0.03487516 0.04216424 0.02975328 0.02587058 0.05295022 0.04695672 0.04208480 0.04413414 0.03343575 0.06023404 0.04064956 0.06207598 0.05100704 0.03749680 0.06479957 0.04757701 0.04110825 0.02784735 0.00000000 0.03723791 0.02346450 0.05204780 0.03824638 0.03094448 0.05940390 0.05315181 0.05896331 0.01979686 0.04186034 0.03985158 0.04506294 0.04026776 0.02174581 0.01326554 0.03362043 0.04130803 0.00418220 0.03203496 0.04970705 0.03585865 0.02719127 0.01433813 0.02379047 0.04404545 0.03033439 0.05552549 0.04816210 0.03202297 0.03996798 0.01979686 0.04877460 0.02897950 0.03723791 0.03723791 0.04574609 0.04712155 0.04727235 0.02721289 0.03961469 0.01475337 0.04839582 0.04646279 0.04304937 0.06291517 0.04157672 0.03618024 0.05132852 0.03675183 0.05667724 0.04526831 0.05077487 0.03428329 0.04311697 0.04955473 0.04741538 0.04509742 0.02391870 0.04586565 0.03645115 0.02604209 0.04415247 0.03218521 0.04108004 0.03640806 0.02668720 0.06124753 0.03330262 0.01816789 0.02210168 0.05271966 0.02815134 0.04848219 0.03505466 0.02737801 0.02455618 0.02983056 0.02664685 0.03445509 0.01623637 0.02635133 0.01112637 0.02851743 0.03474276 0.04036285 0.04374309 0.03554017 0.02617298 0.03582885 0.02927523 0.01290039 0.04457420 0.02061951 0.02571926 0.02329390 0.01605108 0.05469396 
0.05376802 0.04260847 0.03738578 0.04401543 0.02893661 0.00000000 0.05140969 0.04090874 0.03069999 0.05406768 0.03927481 0.03523905 0.04134421 0.03715510 0.02981459 0.05759377 0.02913369 0.03894620 0.03623932 0.02518347 0.02314150 0.02671739 0.03848734 0.03334626 0.02560706 0.02994566 0.03170438 0.05656149 0.04106049 0.02398993 0.04088281 0.03444188 0.03855778 0.03686032 0.02558808 0.03956726 0.04076784 0.03692725 0.01833486 0.03736378 0.03480574 0.03808442 0.04294971 0.03865670 0.03425622 0.04425024 0.03461073 0.04050227 0.03387121 0.03147959 0.03969596 0.03379233 0.03903425 0.02887906 0.03833187 0.03102284 0.04504284 0.03731665 0.04076784 0.04688265 0.04627320 0.04106049 0.04106049 0.05163308 0.02243795 0.01655099 0.03250113 0.02961574 0.04455975 0.02612728 0.03028249 0.04752659 0.02894430 0.03003127 0.02931187 0.02495361 0.03661011 0.03212037 0.03661712 0.03757226 0.03509113 0.03350804 0.03076725 0.03801826 0.03253723 0.03657393 0.02727186 0.03024366 0.04072899 0.03538516 0.04929443 0.03245614 0.01899708 0.07208201 0.02726552 0.02933689 0.03313653 0.05697425 0.03537923 0.04086216 0.04402146 0.03435292 0.05128114 0.04385641 0.03810923 0.04137497 0.06026186 0.04952418 0.02240299 0.04900118 0.04255630 0.04047428 0.04446336 0.03366190 0.04909148 0.03505843 0.04437219 0.03747532 0.04518978 0.03942816 0.03837521 0.02487154 0.05607746 0.06880041 0.03248118 
0.05402815 0.04938891 0.03751864 0.04182001 0.03919590 0.05140969 0.00000000 0.04716362 0.04505577 0.04779329 0.04603400 0.04843875 0.05416232 0.03361450 0.03217685 0.05575728 0.03727093 0.05522591 0.02955356 0.03554811 0.02200802 0.02543789 0.03046075 0.02859739 0.03223514 0.03434839 0.03437668 0.02707484 0.03962711 0.03899517 0.03692952 0.03687642 0.05152468 0.04102619 0.02698144 0.03061756 0.03041741 0.03654575 0.03857999 0.03592423 0.03153389 0.03943375 0.02916938 0.03791693 0.04450209 0.02490128 0.04746335 0.03226658 0.05109332 0.03800717 0.03589136 0.05985696 0.02989565 0.04246570 0.02874275 0.02680856 0.04992827 0.04272495 0.03041741 0.04243320 0.02215873 0.03962711 0.03962711 0.02907348 0.03528424 0.03066482 0.03307164 0.05261845 0.02900344 0.03598730 0.03375649 0.04325143 0.03348608 0.03381751 0.03835278 0.03261032 0.04029295 0.02754403 0.05121473 0.02031081 0.03604263 0.02812924 0.03014179 0.02798014 0.03443596 0.03366195 0.02849672 0.02626218 0.05302771 0.03318390 0.05066276 0.03857379 0.04019313 0.05197775 0.02347003 0.04252148 0.03798751 0.04642076 0.02456875 0.02757832 0.02470001 0.02725067 0.02937386 0.05127115 0.04263617 0.04904660 0.04397983 0.05248990 0.05085235 0.05608445 0.03415470 0.03236268 0.03702092 0.02785375 0.04561622 0.04119069 0.02928934 0.03694087 0.02804243 0.01968327 0.04953608 0.04679397 0.05484571 0.05303449 0.03343539 
0.04627042 0.05346620 0.07616275 0.05657549 0.06557589 0.04090874 0.04716362 0.00000000 0.05133018 0.04595332 0.02189071 0.03819787 0.02836605 0.04688865 0.05587871 0.03769257 0.03781281 0.03845647 0.04133546 0.04358724 0.07121965 0.04725264 0.02366824 0.05132679 0.05114783 0.03311858 0.03013795 0.01374767 0.03821086 0.03655109 0.03412054 0.03292444 0.03655193 0.05654530 0.05524760 0.05646094 0.02389071 0.05769434 0.02824894 0.04252277 0.05343444 0.01532929 0.01930769 0.03524146 0.05049272 0.01222876 0.02813767 0.05252140 0.04376276 0.03147710 0.02142709 0.03470932 0.03593794 0.03112632 0.04444834 0.04325882 0.06522942 0.04603041 0.02389071 0.05738349 0.02385018 0.03821086 0.03821086 0.04605794 0.03546289 0.04001960 0.01634529 0.03540792 0.02133012 0.03255613 0.05788925 0.06633568 0.04686399 0.03493801 0.02463476 0.03308892 0.02733742 0.03844918 0.03853381 0.04941443 0.04218561 0.02818871 0.05962785 0.04830314 0.04996923 0.02673562 0.04978397 0.03556955 0.04001166 0.04542846 0.03875931 0.03661365 0.02059810 0.02696940 0.05335752 0.02523513 0.03629748 0.01260671 0.03648308 0.01547938 0.03130221 0.03776982 0.02561934 0.02606707 0.02367865 0.02970066 0.02026460 0.02339839 0.04676951 0.02482294 0.03006103 0.03206370 0.04401337 0.03567678 0.03223664 0.03460284 0.04584065 0.03334724 0.01967907 0.05821450 0.01543380 0.04106482 0.01991371 0.01949475 0.05648425 
0.03111416 0.04628091 0.05622042 0.04060525 0.06623884 0.03069999 0.04505577 0.05133018 0.00000000 0.03678124 0.05107059 0.04504516 0.02260497 0.05387191 0.05168325 0.02761144 0.03530540 0.03772695 0.06697316 0.03577592 0.04662787 0.03372264 0.04537047 0.03976260 0.03761461 0.02503709 0.04051502 0.02388869 0.03809059 0.03886873 0.03309131 0.03795315 0.05103217 0.04116716 0.05197727 0.05198019 0.02495764 0.05534476 0.02153412 0.04255648 0.03647449 0.02481356 0.02351767 0.05098665 0.03646874 0.01633636 0.02509683 0.03975975 0.02623637 0.03993958 0.03702673 0.02491209 0.03494942 0.02963618 0.03356868 0.03621713 0.04492393 0.02566142 0.02495764 0.03500466 0.04840195 0.03809059 0.03809059 0.02583116 0.03061061 0.03064971 0.02881912 0.04485665 0.02180360 0.05485164 0.03534505 0.03118331 0.04330079 0.03988229 0.03630579 0.05018158 0.03712597 0.05178065 0.04741622 0.04035780 0.04068948 0.04224880 0.04940735 0.04321668 0.05243918 0.03067305 0.03866717 0.04650660 0.02825506 0.03302527 0.03767666 0.05333768 0.04939665 0.02822425 0.04223949 0.03708747 0.04070415 0.01788387 0.04618518 0.03279963 0.04309071 0.04859569 0.03241583 0.04611241 0.03529553 0.03425422 0.04286383 0.02845685 0.05690673 0.02745814 0.02957805 0.03045014 0.03375792 0.03801009 0.03366569 0.03899740 0.04366417 0.02984744 0.02009784 0.03441622 0.01105401 0.02613615 0.03417624 0.03929689 0.05677351 
0.04327650 0.02849426 0.04508259 0.05101284 0.03487516 0.05406768 0.04779329 0.04595332 0.03678124 0.00000000 0.05142830 0.04503692 0.05327692 0.03606535 0.03780208 0.05343559 0.03310701 0.03624016 0.02527501 0.06398753 0.03798878 0.03123445 0.03772847 0.04032863 0.03282891 0.03318897 0.02501223 0.05011996 0.03803912 0.03229622 0.02900820 0.02879391 0.05183923 0.05546565 0.02913425 0.05998752 0.03242135 0.04490018 0.03643628 0.04072318 0.04325339 0.03023342 0.03512742 0.03820198 0.03733425 0.02353385 0.04859440 0.03939362 0.03161695 0.03609018 0.04303762 0.02932069 0.05118295 0.03486426 0.04364822 0.03536183 0.03305414 0.02776443 0.03242135 0.04262648 0.03749359 0.03803912 0.03803912 0.04909426 0.04235776 0.02887590 0.02255632 0.04132884 0.01887657 0.03036135 0.04999623 0.04275915 0.04169866 0.03587044 0.01939236 0.03658541 0.02535722 0.03824463 0.02775248 0.03696413 0.03913166 0.03671395 0.04380218 0.04876256 0.04716503 0.04449784 0.03067522 0.04141140 0.03631432 0.03084530 0.04038927 0.02208457 0.04038809 0.03860732 0.03768889 0.01578186 0.03794748 0.02999666 0.03045708 0.03044264 0.03854726 0.04552107 0.03049051 0.03913143 0.01846437 0.03769216 0.03248952 0.03868706 0.03642158 0.04688614 0.04367605 0.03393742 0.04058690 0.04415694 0.06944012 0.03592843 0.03546940 0.02832800 0.03266507 0.02235701 0.03328751 0.03498997 0.04551034 0.06517386 0.03012686 
0.03353840 0.04323557 0.03472163 0.03131427 0.04216424 0.03927481 0.04603400 0.02189071 0.05107059 0.05142830 0.00000000 0.03544036 0.04637873 0.03917498 0.02495175 0.03524218 0.04046808 0.04536113 0.03241220 0.03674360 0.05190154 0.01651809 0.02672695 0.02971071 0.02423279 0.02468631 0.04753799 0.02420987 0.03782170 0.06222995 0.03031853 0.03183605 0.04392043 0.04430360 0.03294378 0.04285466 0.03139942 0.03812853 0.03312813 0.03760556 0.04433563 0.04931068 0.03558072 0.05207552 0.04736414 0.02775527 0.04677819 0.03213024 0.03412894 0.03515249 0.03607069 0.04603439 0.02502604 0.02156183 0.05120309 0.03529745 0.06912201 0.04101008 0.03139942 0.03444904 0.03979845 0.03782170 0.03782170 0.04305382 0.02288359 0.02782324 0.03822437 0.04001656 0.04448527 0.06547376 0.02796654 0.02868011 0.02170977 0.02383162 0.04409899 0.03634603 0.04407909 0.01616496 0.03394962 0.05643474 0.04204814 0.03206674 0.02374355 0.03990835 0.04357359 0.04717217 0.03140477 0.04590435 0.03019051 0.05045518 0.04840917 0.03141543 0.04503360 0.03679039 0.03082466 0.03889481 0.04652461 0.03647134 0.04380948 0.05297279 0.04426410 0.05744754 0.03891425 0.03768583 0.02988825 0.04241487 0.02644836 0.03869187 0.02242977 0.03790027 0.04273162 0.03248436 0.02743769 0.03827692 0.04545016 0.03764087 0.03139202 0.04521581 0.02978514 0.02922889 0.05026114 0.03381174 0.05134007 0.03135154 0.04820108 
0.03938782 0.03465716 0.02448680 0.03589115 0.02975328 0.03523905 0.04843875 0.03819787 0.04504516 0.04503692 0.03544036 0.00000000 0.04835454 0.03852737 0.03614702 0.04779171 0.04771416 0.05221912 0.03387994 0.04658269 0.03881485 0.03152271 0.02813895 0.03659013 0.02896851 0.03456097 0.04584559 0.04866160 0.03652399 0.04617607 0.06202367 0.03718671 0.03242535 0.03231772 0.04715512 0.02759792 0.02355574 0.03025173 0.03048897 0.04412047 0.04168147 0.03775508 0.02299601 0.05602259 0.04192432 0.03059167 0.03641310 0.03418556 0.04385847 0.05989900 0.02825073 0.05928241 0.03264075 0.04994403 0.03985010 0.03665752 0.04773837 0.02226589 0.02355574 0.03329892 0.02438489 0.03652399 0.03652399 0.03580335 0.01634132 0.05414401 0.03644093 0.03589483 0.04543767 0.03926945 0.02876993 0.04442895 0.03857069 0.03964875 0.02947202 0.03693964 0.03019661 0.03219607 0.04021101 0.03914464 0.03917271 0.04020354 0.04016285 0.02885273 0.03228707 0.05229853 0.04411836 0.04444823 0.04094901 0.03015510 0.03399482 0.03076867 0.03325483 0.03212767 0.04101823 0.04248847 0.04115702 0.03588727 0.04210327 0.03697543 0.02425623 0.03650535 0.04898680 0.04454450 0.03788904 0.04095180 0.04439191 0.03486712 0.03475827 0.04079548 0.04594468 0.03825767 0.04591598 0.03485150 0.03636747 0.04690637 0.03649777 0.03954646 0.01877978 0.02900411 0.04830985 0.04864514 0.04442272 0.04430309 0.02753770 
0.06074287 0.04760692 0.02026279 0.02820733 0.02587058 0.04134421 0.05416232 0.02836605 0.02260497 0.05327692 0.04637873 0.04835454 0.00000000 0.03827941 0.03349673 0.07021291 0.03055627 0.04794723 0.02577305 0.04584058 0.02918466 0.03361042 0.03454898 0.02282457 0.04020155 0.05749149 0.02656655 0.04875076 0.03561616 0.04198358 0.03683218 0.04291565 0.04081450 0.02609596 0.03197340 0.03881009 0.04252930 0.02856699 0.03907687 0.02949486 0.03880401 0.04037715 0.04915728 0.04378983 0.03196091 0.04366319 0.04883832 0.02860684 0.04665934 0.03386320 0.03687456 0.04331949 0.03741877 0.04475486 0.03068587 0.03105226 0.03163864 0.04072382 0.04252930 0.05327040 0.03478032 0.03561616 0.03561616 0.04675232 0.03066430 0.03144706 0.03241818 0.03484835 0.05014207 0.02751461 0.03529637 0.03479207 0.02860987 0.05651191 0.02367806 0.03257742 0.02593086 0.03992026 0.03348823 0.02942912 0.03829197 0.02384113 0.02715842 0.04551295 0.04025287 0.04369647 0.03646644 0.02888206 0.04752960 0.04224642 0.05679838 0.01893765 0.03791360 0.04664921 0.04457667 0.03448414 0.04106658 0.06851278 0.03065464 0.03472439 0.03923243 0.03332123 0.02407041 0.04104073 0.03796341 0.03606927 0.03343693 0.04677590 0.03819305 0.04950380 0.03388830 0.04621831 0.03300391 0.04005822 0.03694384 0.03493463 0.02974349 0.03425497 0.03531012 0.04029230 0.05422519 0.04236653 0.04762900 0.05170965 0.02597629 
0.03563045 0.03474101 0.04157479 0.05022096 0.05295022 0.03715510 0.03361450 0.04688865 0.05387191 0.03606535 0.03917498 0.03852737 0.03827941 0.00000000 0.05667942 0.03747433 0.04563375 0.04134247 0.03735324 0.05132071 0.03826979 0.06072969 0.03370144 0.04713921 0.04029551 0.04607289 0.04562764 0.03644529 0.03374507 0.03208501 0.05000959 0.03438006 0.02675998 0.04240785 0.05247158 0.04119519 0.04178552 0.05763906 0.04171488 0.04336348 0.03896046 0.02394174 0.03562641 0.03168659 0.04008651 0.04494230 0.02915190 0.04314187 0.03213385 0.03717910 0.04384676 0.03007389 0.04347345 0.02771099 0.04461598 0.04196810 0.02962616 0.03449062 0.04178552 0.03442268 0.02837508 0.03374507 0.03374507 0.03399257 0.02539294 0.04895197 0.03275887 0.03712341 0.04344818 0.03648937 0.04146986 0.05151899 0.05479019 0.04548663 0.02940361 0.04535739 0.02866003 0.03945537 0.03105123 0.04065016 0.03677696 0.03527447 0.04221443 0.03499221 0.03617560 0.03411651 0.03795357 0.03433127 0.03384013 0.04195378 0.03481149 0.02515917 0.03548544 0.03656802 0.03328509 0.03006896 0.04235697 0.03766894 0.03776670 0.03014874 0.04798092 0.03087632 0.03138938 0.02667232 0.03577975 0.04503751 0.04069490 0.03617119 0.03819986 0.03880511 0.04102889 0.04961729 0.03059690 0.03113433 0.03933001 0.03662956 0.01972843 0.03417315 0.03096835 0.03930780 0.04131041 0.05248807 0.02969540 0.03344002 0.04301122 
0.02003687 0.02633763 0.04442850 0.02785533 0.04695672 0.02981459 0.03217685 0.05587871 0.05168325 0.03780208 0.02495175 0.03614702 0.03349673 0.05667942 0.00000000 0.02533219 0.03898971 0.03044215 0.04497446 0.03328726 0.04766918 0.01790373 0.04691650 0.05188728 0.03609904 0.02568969 0.03298910 0.03324762 0.03767897 0.03175810 0.02192247 0.02335849 0.03321259 0.02815810 0.06915917 0.05204400 0.02726427 0.04552849 0.01647270 0.04272502 0.06223237 0.04647172 0.03194045 0.04579279 0.06640415 0.02661299 0.03746362 0.03877119 0.03269385 0.04282858 0.04019568 0.02521231 0.06020107 0.05520868 0.02176733 0.05084816 0.03892416 0.02826860 0.02726427 0.02476129 0.02840156 0.03767897 0.03767897 0.03240240 0.05405924 0.03934803 0.02096901 0.02347425 0.02786234 0.03307670 0.05950927 0.05445227 0.03869197 0.04477308 0.02929699 0.05375377 0.03381753 0.04400382 0.04975964 0.04621459 0.03473084 0.03867953 0.04575444 0.03197636 0.05909487 0.04298501 0.04851126 0.03270632 0.04103508 0.05021597 0.03850459 0.03183517 0.04019732 0.03715932 0.04112775 0.03328294 0.02677078 0.03621774 0.03434863 0.03503722 0.03602718 0.03963498 0.04078808 0.02570610 0.03567693 0.04892044 0.02282889 0.03960490 0.03234922 0.05146254 0.03272674 0.03232511 0.04661417 0.03748990 0.03188401 0.03438296 0.03962079 0.04138087 0.03385363 0.04780373 0.02804646 0.04085487 0.03130494 0.02085902 0.04508767 
0.06106380 0.04602121 0.03332237 0.03897720 0.04208480 0.05759377 0.05575728 0.03769257 0.02761144 0.05343559 0.03524218 0.04779171 0.07021291 0.03747433 0.02533219 0.00000000 0.03724184 0.04110133 0.03079262 0.04592582 0.03478753 0.03876416 0.02341211 0.02825666 0.04201846 0.07235112 0.01704692 0.05706547 0.03605896 0.03617015 0.03011810 0.04465390 0.03226808 0.03364072 0.03463796 0.03690553 0.03470364 0.02872943 0.01714338 0.03669400 0.03083012 0.04327628 0.04242876 0.05461024 0.03142969 0.04156846 0.03527825 0.03485090 0.04732128 0.01938538 0.03193402 0.04457376 0.03860079 0.04590683 0.03000869 0.03220111 0.03655663 0.05838607 0.03470364 0.03505747 0.03763529 0.03605896 0.03605896 0.03815256 0.04696592 0.03126870 0.02532345 0.04133794 0.03967777 0.03357867 0.04081890 0.03568743 0.05011529 0.03810891 0.03193142 0.02953264 0.03231164 0.02623286 0.03807957 0.04155004 0.02863307 0.03431789 0.03006826 0.05036153 0.03288592 0.04071112 0.03392626 0.02245478 0.03557060 0.03488285 0.05130453 0.03157687 0.03622109 0.05097572 0.04939432 0.04568287 0.02766252 0.05512983 0.03081827 0.02830457 0.04557495 0.03452977 0.04458863 0.04804159 0.03833304 0.03402072 0.05739916 0.03980558 0.03775356 0.04985697 0.03283502 0.03703586 0.02644068 0.03478852 0.04284623 0.02734705 0.03124189 0.02810367 0.02756973 0.02292260 0.03954383 0.03568454 0.04869219 0.05510146 0.03033980 
0.02897411 0.05669324 0.03586705 0.04631530 0.04413414 0.02913369 0.03727093 0.03781281 0.03530540 0.03310701 0.04046808 0.04771416 0.03055627 0.04563375 0.03898971 0.03724184 0.00000000 0.05007313 0.05918307 0.04705659 0.05212841 0.04428088 0.03848900 0.03451561 0.04133693 0.03204222 0.04822019 0.04917747 0.03452898 0.03621188 0.04558539 0.04617503 0.03324909 0.03413545 0.04984486 0.03906715 0.03947752 0.03553670 0.05457517 0.04099817 0.04154332 0.02662683 0.03713610 0.02822451 0.04450806 0.04655644 0.04819121 0.05228246 0.05812577 0.05417859 0.03827936 0.02733366 0.04153008 0.03525684 0.03491469 0.03344651 0.04214870 0.04082917 0.03947752 0.02881869 0.03399438 0.03452898 0.03452898 0.03793539 0.04124578 0.05551445 0.02478545 0.03214590 0.03195842 0.04140821 0.03479576 0.03618816 0.03838656 0.03849143 0.02627946 0.06435104 0.02659199 0.03008711 0.03575467 0.04531485 0.03201342 0.04017218 0.02841336 0.04004877 0.03255085 0.03407074 0.03673024 0.03845069 0.04414153 0.03672651 0.03351713 0.02171695 0.03552513 0.03280635 0.04259843 0.02466312 0.03496728 0.03016035 0.05157453 0.03112485 0.03928075 0.03752340 0.04034779 0.03833494 0.03131277 0.04130765 0.02983202 0.03982306 0.02411049 0.03806364 0.05256116 0.02396088 0.05169704 0.03643297 0.03447354 0.04952568 0.03206276 0.02841599 0.02796616 0.04177019 0.03687437 0.03127197 0.03814962 0.03640634 0.03426259 
0.03179421 0.02877723 0.02122812 0.03946191 0.03343575 0.03894620 0.05522591 0.03845647 0.03772695 0.03624016 0.04536113 0.05221912 0.04794723 0.04134247 0.03044215 0.04110133 0.05007313 0.00000000 0.04160200 0.03465833 0.03979472 0.03326021 0.01946478 0.03402525 0.02720134 0.03297053 0.04615701 0.02701438 0.03872149 0.03413956 0.03905145 0.05974067 0.03695941 0.04692226 0.04207078 0.04103920 0.03226584 0.02890498 0.04397551 0.03906350 0.03673561 0.02565086 0.04235621 0.03180575 0.03695546 0.03960282 0.03379137 0.02779377 0.03347629 0.04074131 0.04066634 0.03799043 0.03736852 0.03402238 0.03121122 0.03628497 0.02785245 0.06825317 0.03226584 0.04072870 0.03070937 0.03872149 0.03872149 0.03689967 0.02278770 0.04604196 0.03977079 0.04117171 0.03675887 0.04047475 0.03006235 0.04129580 0.02873450 0.04277018 0.04828582 0.05398526 0.04787415 0.04510333 0.03341408 0.03849532 0.04713768 0.04164327 0.03559988 0.03470774 0.04097744 0.03919176 0.04012289 0.03311051 0.02688877 0.03302886 0.04349521 0.04034103 0.03495532 0.04259413 0.02612745 0.03769663 0.03367279 0.02742268 0.04238420 0.02910384 0.01596841 0.02636683 0.03462785 0.05481534 0.03829494 0.03970401 0.04574315 0.02169561 0.02976772 0.04166855 0.04471443 0.04933286 0.04126189 0.04522096 0.02984550 0.07270150 0.03710923 0.05495575 0.02844952 0.01934518 0.03012475 0.05261341 0.03912671 0.04401583 0.03843644 
0.02676802 0.05049767 0.06345273 0.04854706 0.06023404 0.03623932 0.02955356 0.04133546 0.06697316 0.02527501 0.03241220 0.03387994 0.02577305 0.03735324 0.04497446 0.03079262 0.05918307 0.04160200 0.00000000 0.03136714 0.05523828 0.03713080 0.06372753 0.04415668 0.03012384 0.04461670 0.02910250 0.03334010 0.03517163 0.03771024 0.04210509 0.03983692 0.04368684 0.04104333 0.05015740 0.03762685 0.04726646 0.04018337 0.02794949 0.04874404 0.03621325 0.02900539 0.03263674 0.02225919 0.02662697 0.03880131 0.04020765 0.03137701 0.04406153 0.04008158 0.03738057 0.02530171 0.04504867 0.04340741 0.03898073 0.05136127 0.04543568 0.02535246 0.04726646 0.04039651 0.03308435 0.03517163 0.03517163 0.03405121 0.02925315 0.05544667 0.03394011 0.03630720 0.02211575 0.03959160 0.03125404 0.03867829 0.03376120 0.03054706 0.03754074 0.06046312 0.03677591 0.04020270 0.04117448 0.06141118 0.02164280 0.04320000 0.03286797 0.03556283 0.03172695 0.02870692 0.03910119 0.03359729 0.03480995 0.05154439 0.03442634 0.04222273 0.03224054 0.03830236 0.03954595 0.03276074 0.03063500 0.02315780 0.05109684 0.03904351 0.04866314 0.03916010 0.05007016 0.02853585 0.04214930 0.04116903 0.03718961 0.02241393 0.02141533 0.02652732 0.03755027 0.04326009 0.04183261 0.03831248 0.03446980 0.03231028 0.03885674 0.03839266 0.03989982 0.04884399 0.02840723 0.03850855 0.03441498 0.02885981 0.03229971 
0.04972717 0.03249184 0.03833686 0.04704093 0.04064956 0.02518347 0.03554811 0.04358724 0.03577592 0.06398753 0.03674360 0.04658269 0.04584058 0.05132071 0.03328726 0.04592582 0.04705659 0.03465833 0.03136714 0.00000000 0.02778746 0.03801419 0.04731624 0.02905297 0.03368082 0.05068902 0.06752378 0.05649483 0.03548429 0.04146091 0.03944300 0.05356565 0.03150450 0.05579652 0.02886381 0.03717024 0.04163183 0.05439759 0.01278100 0.03613940 0.04489238 0.02830824 0.03636743 0.05176293 0.04127732 0.04498377 0.03105588 0.04256715 0.02839870 0.03477206 0.03423982 0.04503999 0.04979592 0.03615944 0.04017683 0.03196620 0.02535103 0.03687402 0.04163183 0.04236336 0.03730882 0.03548429 0.03548429 0.04380702 0.02045782 0.04104421 0.03954111 0.03760022 0.03726065 0.01907794 0.02974159 0.05090405 0.03308486 0.04839843 0.03035849 0.04015689 0.03045384 0.03584931 0.02934719 0.03272658 0.05712574 0.04572444 0.06315658 0.05484981 0.04295234 0.05593668 0.03954761 0.04745658 0.03085015 0.02694640 0.03588960 0.02791018 0.03927636 0.02418055 0.03348880 0.02345902 0.03272256 0.03519877 0.04880204 0.02435338 0.03932860 0.03927149 0.02995251 0.03100817 0.03010884 0.04348856 0.03542682 0.03950449 0.01014499 0.03665538 0.04607364 0.03566761 0.03531687 0.04366495 0.02965968 0.03082919 0.03900628 0.02844165 0.03453750 0.00865336 0.05922843 0.05082923 0.03699199 0.03352056 0.03663392 
0.03520116 0.05189428 0.06570810 0.04580201 0.06207598 0.02314150 0.02200802 0.07121965 0.04662787 0.03798878 0.05190154 0.03881485 0.02918466 0.03826979 0.04766918 0.03478753 0.05212841 0.03979472 0.05523828 0.02778746 0.00000000 0.04859359 0.04223762 0.09519636 0.04423367 0.04175927 0.02085200 0.04112761 0.03554512 0.03043439 0.03607632 0.03017953 0.01134502 0.04603754 0.05031477 0.06157706 0.03708026 0.03396457 0.02512623 0.05378303 0.04031796 0.02087981 0.03112885 0.04240415 0.03056499 0.04240960 0.03276450 0.08067624 0.05888608 0.02752548 0.03323746 0.02136697 0.04523636 0.03601914 0.05314584 0.04685001 0.03185404 0.05770503 0.03708026 0.06307524 0.03916182 0.03554512 0.03554512 0.03691700 0.03333425 0.04667646 0.01672063 0.02841496 0.03742532 0.02095117 0.04880343 0.03528271 0.06176677 0.02925339 0.02558959 0.04288676 0.02748114 0.04679807 0.02968266 0.03383000 0.04362581 0.02257868 0.04756467 0.04107313 0.04880927 0.03629003 0.05143065 0.03205361 0.03565934 0.05145271 0.03505907 0.02692541 0.02583292 0.03176916 0.04961271 0.01882219 0.03227616 0.01622653 0.03372391 0.02490290 0.04648148 0.03836577 0.03885221 0.03294871 0.02080150 0.04257220 0.02126450 0.02686265 0.02125361 0.03277469 0.03091676 0.02905874 0.05392013 0.03960357 0.02895278 0.01786976 0.03310102 0.02171335 0.02913670 0.04869506 0.03913036 0.02940911 0.03857293 0.01943185 0.05200315 
0.05462245 0.05917558 0.04832006 0.03983810 0.05100704 0.02671739 0.02543789 0.04725264 0.03372264 0.03123445 0.01651809 0.03152271 0.03361042 0.06072969 0.01790373 0.03876416 0.04428088 0.03326021 0.03713080 0.03801419 0.04859359 0.00000000 0.03384932 0.06018969 0.04158793 0.04775622 0.05910847 0.03099066 0.03689881 0.01601061 0.05150718 0.04232065 0.02673122 0.05599830 0.04530946 0.03530367 0.05079789 0.05989859 0.04036112 0.05427884 0.05359899 0.02865403 0.03239077 0.03285317 0.03781229 0.05144606 0.03650625 0.02344467 0.04472648 0.03803595 0.03110780 0.02073672 0.03397838 0.01795606 0.02816183 0.02531112 0.02365413 0.02905612 0.05079789 0.03594819 0.01755505 0.03689881 0.03689881 0.05773303 0.04644047 0.03239189 0.04704020 0.03329307 0.01974911 0.02377066 0.04726480 0.04933629 0.06056421 0.04627942 0.05105374 0.04498955 0.04530727 0.03100698 0.03658090 0.03936043 0.02826420 0.04383268 0.04146545 0.03897088 0.02496039 0.02057508 0.02782982 0.04170166 0.03492791 0.04126860 0.04566499 0.04502559 0.04388050 0.04191987 0.05003148 0.03644342 0.02671838 0.02326563 0.04943056 0.03020601 0.05254253 0.02367857 0.03919150 0.02291493 0.04836709 0.02869532 0.02483787 0.02571037 0.02133006 0.04991398 0.04204740 0.04085800 0.04078575 0.04120264 0.05562556 0.03888444 0.03503692 0.03508224 0.04867695 0.02421614 0.03058414 0.03955243 0.01672459 0.04670267 0.04511333 
0.04210258 0.02745572 0.04617962 0.04163493 0.03749680 0.03848734 0.03046075 0.02366824 0.04537047 0.03772847 0.02672695 0.02813895 0.03454898 0.03370144 0.04691650 0.02341211 0.03848900 0.01946478 0.06372753 0.04731624 0.04223762 0.03384932 0.00000000 0.04751570 0.04208798 0.03876556 0.03746688 0.03629157 0.03672840 0.03727640 0.06140278 0.04008621 0.02265254 0.02866141 0.03559697 0.02814159 0.04289392 0.03181089 0.01807652 0.02604675 0.04703907 0.03099861 0.03195612 0.04889452 0.02542144 0.03445500 0.04035742 0.03865318 0.03514605 0.04496712 0.03007327 0.04343372 0.03851063 0.03024053 0.04851210 0.03216591 0.03258310 0.01375986 0.04289392 0.02638075 0.05558544 0.03672840 0.03672840 0.01658688 0.03870961 0.03671830 0.04423667 0.04315527 0.03707606 0.03811144 0.03535181 0.03617618 0.05148368 0.06344316 0.03637481 0.04032524 0.04056088 0.03500108 0.04166129 0.02793007 0.02736618 0.04033117 0.04178280 0.03290885 0.03806001 0.03374689 0.04395521 0.04882868 0.02485788 0.05865423 0.04320872 0.03643146 0.05640620 0.04305456 0.02896025 0.03106124 0.04160346 0.04446205 0.03908504 0.04444120 0.04126699 0.03589079 0.03558707 0.03636114 0.04989042 0.02224968 0.05993665 0.04344480 0.02544421 0.02632160 0.05120978 0.05990437 0.05403896 0.02713836 0.03520257 0.03588577 0.03090720 0.04116621 0.05115055 0.04048889 0.05562004 0.04120939 0.02880697 0.03289542 0.04221785 
0.04265912 0.03880351 0.06870821 0.04709519 0.06479957 0.03334626 0.02859739 0.05132679 0.03976260 0.04032863 0.02971071 0.03659013 0.02282457 0.04713921 0.05188728 0.02825666 0.03451561 0.03402525 0.04415668 0.02905297 0.09519636 0.06018969 0.04751570 0.00000000 0.03212906 0.02675576 0.02180732 0.03515979 0.03983947 0.03168690 0.04487365 0.03628309 0.01410702 0.04760968 0.06786599 0.04418468 0.02777642 0.03585717 0.02865243 0.03067363 0.04908075 0.02656621 0.03356020 0.02584961 0.03513953 0.04531742 0.02997908 0.06577456 0.01862685 0.03305280 0.03203905 0.01852589 0.04299511 0.02735166 0.05302005 0.03850282 0.01886588 0.04497056 0.02777642 0.03338034 0.02817928 0.03983947 0.03983947 0.03268690 0.05858203 0.05591502 0.02464372 0.02874069 0.02750562 0.04519018 0.04849984 0.03422362 0.04788075 0.04340727 0.02794488 0.04575940 0.02484963 0.05410529 0.02726376 0.03207235 0.03501536 0.05266733 0.04370198 0.04334796 0.04396473 0.02103937 0.06748127 0.04009734 0.04630361 0.04995587 0.03076428 0.03449040 0.03920580 0.02165779 0.04050231 0.02417881 0.03313738 0.02349752 0.04993347 0.04264414 0.04739614 0.04473272 0.04043699 0.04608329 0.02300337 0.03361927 0.03634727 0.03150799 0.01351799 0.03165431 0.03562246 0.03082437 0.05863955 0.04994746 0.04660876 0.02276396 0.03206160 0.03499414 0.02421054 0.03289003 0.03298922 0.02501979 0.03492481 0.01759818 0.03620291 
0.03936086 0.04572214 0.05562566 0.02670147 0.04757701 0.02560706 0.03223514 0.05114783 0.03761461 0.03282891 0.02423279 0.02896851 0.04020155 0.04029551 0.03609904 0.04201846 0.04133693 0.02720134 0.03012384 0.03368082 0.04423367 0.04158793 0.04208798 0.03212906 0.00000000 0.05043330 0.03385731 0.03915536 0.03600367 0.02076059 0.03364460 0.03921068 0.03150085 0.04202112 0.04159121 0.04450907 0.04325400 0.04311293 0.04865047 0.02501974 0.02846843 0.03381746 0.05613595 0.03442995 0.03786757 0.04922559 0.05996332 0.03761685 0.02542284 0.04393338 0.04312607 0.02849086 0.04052608 0.03681740 0.04102437 0.05140498 0.03531845 0.04519472 0.04325400 0.05054984 0.02925565 0.03600367 0.03600367 0.04581260 0.04974346 0.02836371 0.03097350 0.02439165 0.04317002 0.03909323 0.04279308 0.04532234 0.04479606 0.02364443 0.02827750 0.04322383 0.02333682 0.06270021 0.02605374 0.04854257 0.06262158 0.03169008 0.03627928 0.05077369 0.04902352 0.03541224 0.03648699 0.03401326 0.04689171 0.05157728 0.02228692 0.03036028 0.04673730 0.02366504 0.03815049 0.02657183 0.03948342 0.04382425 0.03099021 0.03219324 0.04374853 0.04178138 0.03358840 0.03646866 0.03410978 0.03854109 0.01725926 0.05435812 0.04489548 0.02955173 0.03035842 0.03998134 0.04501045 0.05268296 0.04867029 0.03407447 0.04683305 0.03689157 0.03282885 0.02735904 0.03761947 0.04123113 0.03189437 0.03030314 0.03638914 
0.04110027 0.02506136 0.04575029 0.03360905 0.04110825 0.02994566 0.03434839 0.03311858 0.02503709 0.03318897 0.02468631 0.03456097 0.05749149 0.04607289 0.02568969 0.07235112 0.03204222 0.03297053 0.04461670 0.05068902 0.04175927 0.04775622 0.03876556 0.02675576 0.05043330 0.00000000 0.04781835 0.03477784 0.03838604 0.05538467 0.04428308 0.03631877 0.02781960 0.02796226 0.04517930 0.03450075 0.05782332 0.03488429 0.02675949 0.04307204 0.03227127 0.04386385 0.02714609 0.04212272 0.04772003 0.03746513 0.02986691 0.03281779 0.03912281 0.02886398 0.02668887 0.05075515 0.04218777 0.02732785 0.03927658 0.03799590 0.04190917 0.05850774 0.05782332 0.04019529 0.04483756 0.03838604 0.03838604 0.04159735 0.05443676 0.05105102 0.04160193 0.03130483 0.06331699 0.03189220 0.04431965 0.03305055 0.04699315 0.04224752 0.02693479 0.03974565 0.02311134 0.02295639 0.02498783 0.03925963 0.03432398 0.03054520 0.03866894 0.03413431 0.03679761 0.03437748 0.03392132 0.02770233 0.03251099 0.03419408 0.03937808 0.02666098 0.05609134 0.02379424 0.03277907 0.03243059 0.04646823 0.05873196 0.04163453 0.03772096 0.04751344 0.02594779 0.02825036 0.02398411 0.05707842 0.03653045 0.02781412 0.02599493 0.03272915 0.04176001 0.02856486 0.05171443 0.03504197 0.05103671 0.03232922 0.04327808 0.03553691 0.02837228 0.04762492 0.02686920 0.03980875 0.03847579 0.02928537 0.03936319 0.01548890 
0.03086495 0.02982586 0.02270170 0.04564277 0.02784735 0.03170438 0.03437668 0.03013795 0.04051502 0.02501223 0.04753799 0.04584559 0.02656655 0.04562764 0.03298910 0.01704692 0.04822019 0.04615701 0.02910250 0.06752378 0.02085200 0.05910847 0.03746688 0.02180732 0.03385731 0.04781835 0.00000000 0.02723163 0.03806342 0.03930848 0.04450466 0.04004232 0.04125570 0.04556755 0.02732832 0.03172205 0.05203136 0.04828660 0.02848785 0.03296063 0.04615109 0.03848867 0.02914853 0.05279445 0.05528614 0.03603685 0.04900642 0.03118172 0.02247293 0.05138780 0.03496727 0.04370989 0.03748091 0.03113151 0.05139568 0.02260886 0.02937263 0.03691569 0.05203136 0.03691021 0.04325957 0.03806342 0.03806342 0.02153445 0.01280165 0.02473355 0.06953296 0.05133328 0.03989523 0.04025888 0.03240397 0.04105866 0.03131903 0.03942924 0.06250175 0.03957828 0.05695069 0.02628266 0.02570983 0.03225831 0.02900592 0.03470414 0.03647240 0.02486484 0.03939498 0.04149328 0.03554210 0.03463709 0.02701833 0.02704451 0.03834602 0.04965373 0.05233934 0.04477576 0.02502754 0.04489912 0.03930496 0.04699515 0.04050368 0.03137165 0.02928891 0.03150017 0.05490841 0.03435965 0.05120118 0.05874924 0.05035807 0.04091585 0.03003730 0.03944227 0.04208910 0.03440852 0.03882142 0.03487900 0.03701838 0.04359570 0.03318304 0.03704776 0.05525603 0.01626761 0.04064471 0.04030772 0.02816801 0.03751338 0.03952440 
0.03752605 0.02425504 0.01622809 0.01882049 0.00000000 0.05656149 0.02707484 0.01374767 0.02388869 0.05011996 0.02420987 0.04866160 0.04875076 0.03644529 0.03324762 0.05706547 0.04917747 0.02701438 0.03334010 0.05649483 0.04112761 0.03099066 0.03629157 0.03515979 0.03915536 0.03477784 0.02723163 0.00000000 0.03857240 0.04778098 0.03466982 0.03045771 0.03461353 0.02009190 0.03009205 0.03230561 0.02643010 0.04033720 0.02892638 0.02901920 0.03300942 0.04022502 0.05340903 0.05113220 0.04103352 0.06700373 0.04284586 0.04400311 0.04144304 0.04085880 0.05119917 0.02920573 0.05425798 0.03615068 0.04295923 0.03627157 0.03551573 0.05452722 0.02643010 0.02785582 0.03324057 0.03857240 0.03857240 0.04205603 0.03789317 0.03795891 0.03823621 0.02218493 0.06572652 0.02687570 0.03914086 0.03678822 0.02810570 0.03507257 0.02440132 0.03133975 0.02131076 0.04037154 0.02566177 0.03762378 0.05052365 0.02398826 0.02862619 0.03828595 0.02823937 0.05010911 0.04734874 0.02260292 0.04619926 0.04170811 0.04233828 0.02135677 0.02629467 0.06880051 0.03142571 0.04057813 0.04007760 0.05476228 0.04434752 0.03697325 0.05382141 0.03559317 0.05394793 0.06258430 0.03023134 0.03413141 0.04402957 0.06048307 0.02804149 0.05333968 0.04646384 0.03153872 0.05470392 0.04201667 0.04021115 0.02770568 0.04021036 0.02980472 0.02289221 0.03180828 0.05644457 0.03150959 0.05816055 0.05519336 0.02388550 
0.04180302 0.04135430 0.04031751 0.03964383 0.03723791 0.04106049 0.03962711 0.03821086 0.03809059 0.03803912 0.03782170 0.03652399 0.03561616 0.03374507 0.03767897 0.03605896 0.03452898 0.03872149 0.03517163 0.03548429 0.03554512 0.03689881 0.03672840 0.03983947 0.03600367 0.03838604 0.03806342 0.03857240 0.00000000 0.03696400 0.03920577 0.03633246 0.03792350 0.04064299 0.03591292 0.03580135 0.04110037 0.03630977 0.04126538 0.03641371 0.03525130 0.03875352 0.03966777 0.03746066 0.03701589 0.03932828 0.03660695 0.03513939 0.03761788 0.03711480 0.03840357 0.03713994 0.03573743 0.03672423 0.03523344 0.03554074 0.03665421 0.03752188 0.04110037 0.03872885 0.03715848 0.04155441 0.04155441 0.03567611 0.03929818 0.03778122 0.03953339 0.03970686 0.03991079 0.03739704 0.03618593 0.03573094 0.03620066 0.03604525 0.04013389 0.03548780 0.04020512 0.03974815 0.04107816 0.03592670 0.03589909 0.03821389 0.03585221 0.03537255 0.03502330 0.03877844 0.03467296 0.03857308 0.03737029 0.03662543 0.03562549 0.03921870 0.03690105 0.03838802 0.03723275 0.03909778 0.03658507 0.03780578 0.03571979 0.03669602 0.03541734 0.03843999 0.03679992 0.03611850 0.03976652 0.03629291 0.03791153 0.03734072 0.04127138 0.03652143 0.03534382 0.03601907 0.03555402 0.03500631 0.03605981 0.03598078 0.03596623 0.03615489 0.04014664 0.03691574 0.03815560 0.03966453 0.03655969 0.03925022 0.04042329 
