0.00000000 0.03034888 0.03034888 0.03034888 0.02079515 0.02466768 0.02143624 0.02028854 0.02260814 0.02535718 0.02202606 0.02389912 0.01861773 0.02009741 0.02102215 0.01707156 0.01770540 0.01913261 0.01895736 0.01866119 0.01756785 0.01672079 0.01775711 0.01866119 0.01720002 0.01900778 0.01570621 0.02313954 0.02306448 0.02608656 0.02052162 0.01590742 0.02583969 0.02102735 0.01646588 0.02224028 0.02086268 0.02384306 0.01766280 0.02200662 0.02029968 0.01691982 0.02008821 0.02526810 0.01933353 0.01856539 0.02920220 0.01764913 0.01825848 0.02328388 0.01761471 0.01769558 0.01646588 0.02380512 0.03059098 0.01830510 0.01838790 0.01713091 0.01637800 0.01675368 0.02512338 0.02440825 0.02031460 0.01945393 0.02412816 0.01747376 0.02061110 0.01999325 0.02706766 0.01603510 0.01750366 0.02693796 0.01782410 0.02103500 0.01841089 0.01952466 0.01817711 0.02231126 0.01692654 0.01866119 0.01640341 0.01766778 0.01866119 0.01867748 0.01908933 0.01756807 0.01892549 0.01845340 0.02328388 0.01849464 0.02491592 0.01786719 0.02379431 0.02328388 0.02066171 0.02328388 0.03045182 0.02328388 0.02025386 0.01746205 0.01772155 0.01966558 0.01705400 0.02509142 0.02273445 0.01843252 0.02181283 0.02159629 0.01782410 0.01827698 0.02466355 0.02733595 0.01767368 0.01840799 0.01845333 0.02500076 0.01625154 0.01672796 0.01734428 0.01691982 0.01782410 0.01846028 0.02024471 0.02031968 0.02220100 0.02399244 0.01908933 0.02125218 0.02047932 0.01887740 0.02008982 0.02238604 0.02090423 0.02241957 0.01850188 0.01850712 0.01827698 0.01692910 0.02085517 0.01743050 0.02169408 0.01866119 0.02328388 0.01738094 0.02281069 0.01850712 0.02328388 0.02185553 0.02046287 0.01866119 0.01890009 0.01866119 0.02123534 0.02273227 0.01768327 0.01845403 0.01734776 0.02328388 0.02194026 0.01946239 0.01761164 0.01912080 0.01991494 0.02228887 0.02355077 0.01691982 0.02180667 0.02011433 0.01762894 0.01652728 0.02346949 0.01579241 0.01725670 0.01782860 0.01791729 0.01988324 0.01866119 0.02328388 0.02328388 0.02328388 0.01664359 0.01951585 0.02347746 0.01712338 0.01630082 0.01929121 0.02193508 0.01755400 0.01698962 0.02371492 0.01698683 0.01759088 0.01779035 0.01726984 0.02328388 0.01681871 0.01850379 0.02712529 0.02328388 0.01675316 0.01777512 0.01761471 0.01609792 0.01940128 0.01804794 0.01977790 0.02141387 0.01913061 0.02235642 0.02606631 0.01909740 0.01926166 0.02641228 0.02309832 0.02611403 0.02316025 0.02039865 0.02213624 0.02841604 0.02422816 0.02311726 0.03034888 0.03034888 0.03034888 0.03034888 0.03034888 
0.03034888 0.00000000 0.03034888 0.03034888 0.02079515 0.02466768 0.02143624 0.02028854 0.02260814 0.02535718 0.02202606 0.02389912 0.01861773 0.02009741 0.02102215 0.01707156 0.01770540 0.01913261 0.01895736 0.01866119 0.01756785 0.01672079 0.01775711 0.01866119 0.01720002 0.01900778 0.01570621 0.02313954 0.02306448 0.02608656 0.02052162 0.01590742 0.02583969 0.02102735 0.01646588 0.02224028 0.02086268 0.02384306 0.01766280 0.02200662 0.02029968 0.01691982 0.02008821 0.02526810 0.01933353 0.01856539 0.02920220 0.01764913 0.01825848 0.02328388 0.01761471 0.01769558 0.01646588 0.02380512 0.03059098 0.01830510 0.01838790 0.01713091 0.01637800 0.01675368 0.02512338 0.02440825 0.02031460 0.01945393 0.02412816 0.01747376 0.02061110 0.01999325 0.02706766 0.01603510 0.01750366 0.02693796 0.01782410 0.02103500 0.01841089 0.01952466 0.01817711 0.02231126 0.01692654 0.01866119 0.01640341 0.01766778 0.01866119 0.01867748 0.01908933 0.01756807 0.01892549 0.01845340 0.02328388 0.01849464 0.02491592 0.01786719 0.02379431 0.02328388 0.02066171 0.02328388 0.03045182 0.02328388 0.02025386 0.01746205 0.01772155 0.01966558 0.01705400 0.02509142 0.02273445 0.01843252 0.02181283 0.02159629 0.01782410 0.01827698 0.02466355 0.02733595 0.01767368 0.01840799 0.01845333 0.02500076 0.01625154 0.01672796 0.01734428 0.01691982 0.01782410 0.01846028 0.02024471 0.02031968 0.02220100 0.02399244 0.01908933 0.02125218 0.02047932 0.01887740 0.02008982 0.02238604 0.02090423 0.02241957 0.01850188 0.01850712 0.01827698 0.01692910 0.02085517 0.01743050 0.02169408 0.01866119 0.02328388 0.01738094 0.02281069 0.01850712 0.02328388 0.02185553 0.02046287 0.01866119 0.01890009 0.01866119 0.02123534 0.02273227 0.01768327 0.01845403 0.01734776 0.02328388 0.02194026 0.01946239 0.01761164 0.01912080 0.01991494 0.02228887 0.02355077 0.01691982 0.02180667 0.02011433 0.01762894 0.01652728 0.02346949 0.01579241 0.01725670 0.01782860 0.01791729 0.01988324 0.01866119 0.02328388 0.02328388 0.02328388 0.01664359 0.01951585 0.02347746 0.01712338 0.01630082 0.01929121 0.02193508 0.01755400 0.01698962 0.02371492 0.01698683 0.01759088 0.01779035 0.01726984 0.02328388 0.01681871 0.01850379 0.02712529 0.02328388 0.01675316 0.01777512 0.01761471 0.01609792 0.01940128 0.01804794 0.01977790 0.02141387 0.01913061 0.02235642 0.02606631 0.01909740 0.01926166 0.02641228 0.02309832 0.02611403 0.02316025 0.02039865 0.02213624 0.02841604 0.02422816 0.02311726 0.03034888 0.03034888 0.03034888 0.03034888 0.03034888 
0.03034888 0.03034888 0.00000000 0.03034888 0.02079515 0.02466768 0.02143624 0.02028854 0.02260814 0.02535718 0.02202606 0.02389912 0.01861773 0.02009741 0.02102215 0.01707156 0.01770540 0.01913261 0.01895736 0.01866119 0.01756785 0.01672079 0.01775711 0.01866119 0.01720002 0.01900778 0.01570621 0.02313954 0.02306448 0.02608656 0.02052162 0.01590742 0.02583969 0.02102735 0.01646588 0.02224028 0.02086268 0.02384306 0.01766280 0.02200662 0.02029968 0.01691982 0.02008821 0.02526810 0.01933353 0.01856539 0.02920220 0.01764913 0.01825848 0.02328388 0.01761471 0.01769558 0.01646588 0.02380512 0.03059098 0.01830510 0.01838790 0.01713091 0.01637800 0.01675368 0.02512338 0.02440825 0.02031460 0.01945393 0.02412816 0.01747376 0.02061110 0.01999325 0.02706766 0.01603510 0.01750366 0.02693796 0.01782410 0.02103500 0.01841089 0.01952466 0.01817711 0.02231126 0.01692654 0.01866119 0.01640341 0.01766778 0.01866119 0.01867748 0.01908933 0.01756807 0.01892549 0.01845340 0.02328388 0.01849464 0.02491592 0.01786719 0.02379431 0.02328388 0.02066171 0.02328388 0.03045182 0.02328388 0.02025386 0.01746205 0.01772155 0.01966558 0.01705400 0.02509142 0.02273445 0.01843252 0.02181283 0.02159629 0.01782410 0.01827698 0.02466355 0.02733595 0.01767368 0.01840799 0.01845333 0.02500076 0.01625154 0.01672796 0.01734428 0.01691982 0.01782410 0.01846028 0.02024471 0.02031968 0.02220100 0.02399244 0.01908933 0.02125218 0.02047932 0.01887740 0.02008982 0.02238604 0.02090423 0.02241957 0.01850188 0.01850712 0.01827698 0.01692910 0.02085517 0.01743050 0.02169408 0.01866119 0.02328388 0.01738094 0.02281069 0.01850712 0.02328388 0.02185553 0.02046287 0.01866119 0.01890009 0.01866119 0.02123534 0.02273227 0.01768327 0.01845403 0.01734776 0.02328388 0.02194026 0.01946239 0.01761164 0.01912080 0.01991494 0.02228887 0.02355077 0.01691982 0.02180667 0.02011433 0.01762894 0.01652728 0.02346949 0.01579241 0.01725670 0.01782860 0.01791729 0.01988324 0.01866119 0.02328388 0.02328388 0.02328388 0.01664359 0.01951585 0.02347746 0.01712338 0.01630082 0.01929121 0.02193508 0.01755400 0.01698962 0.02371492 0.01698683 0.01759088 0.01779035 0.01726984 0.02328388 0.01681871 0.01850379 0.02712529 0.02328388 0.01675316 0.01777512 0.01761471 0.01609792 0.01940128 0.01804794 0.01977790 0.02141387 0.01913061 0.02235642 0.02606631 0.01909740 0.01926166 0.02641228 0.02309832 0.02611403 0.02316025 0.02039865 0.02213624 0.02841604 0.02422816 0.02311726 0.03034888 0.03034888 0.03034888 0.03034888 0.03034888 
0.03034888 0.03034888 0.03034888 0.00000000 0.02079515 0.02466768 0.02143624 0.02028854 0.02260814 0.02535718 0.02202606 0.02389912 0.01861773 0.02009741 0.02102215 0.01707156 0.01770540 0.01913261 0.01895736 0.01866119 0.01756785 0.01672079 0.01775711 0.01866119 0.01720002 0.01900778 0.01570621 0.02313954 0.02306448 0.02608656 0.02052162 0.01590742 0.02583969 0.02102735 0.01646588 0.02224028 0.02086268 0.02384306 0.01766280 0.02200662 0.02029968 0.01691982 0.02008821 0.02526810 0.01933353 0.01856539 0.02920220 0.01764913 0.01825848 0.02328388 0.01761471 0.01769558 0.01646588 0.02380512 0.03059098 0.01830510 0.01838790 0.01713091 0.01637800 0.01675368 0.02512338 0.02440825 0.02031460 0.01945393 0.02412816 0.01747376 0.02061110 0.01999325 0.02706766 0.01603510 0.01750366 0.02693796 0.01782410 0.02103500 0.01841089 0.01952466 0.01817711 0.02231126 0.01692654 0.01866119 0.01640341 0.01766778 0.01866119 0.01867748 0.01908933 0.01756807 0.01892549 0.01845340 0.02328388 0.01849464 0.02491592 0.01786719 0.02379431 0.02328388 0.02066171 0.02328388 0.03045182 0.02328388 0.02025386 0.01746205 0.01772155 0.01966558 0.01705400 0.02509142 0.02273445 0.01843252 0.02181283 0.02159629 0.01782410 0.01827698 0.02466355 0.02733595 0.01767368 0.01840799 0.01845333 0.02500076 0.01625154 0.01672796 0.01734428 0.01691982 0.01782410 0.01846028 0.02024471 0.02031968 0.02220100 0.02399244 0.01908933 0.02125218 0.02047932 0.01887740 0.02008982 0.02238604 0.02090423 0.02241957 0.01850188 0.01850712 0.01827698 0.01692910 0.02085517 0.01743050 0.02169408 0.01866119 0.02328388 0.01738094 0.02281069 0.01850712 0.02328388 0.02185553 0.02046287 0.01866119 0.01890009 0.01866119 0.02123534 0.02273227 0.01768327 0.01845403 0.01734776 0.02328388 0.02194026 0.01946239 0.01761164 0.01912080 0.01991494 0.02228887 0.02355077 0.01691982 0.02180667 0.02011433 0.01762894 0.01652728 0.02346949 0.01579241 0.01725670 0.01782860 0.01791729 0.01988324 0.01866119 0.02328388 0.02328388 0.02328388 0.01664359 0.01951585 0.02347746 0.01712338 0.01630082 0.01929121 0.02193508 0.01755400 0.01698962 0.02371492 0.01698683 0.01759088 0.01779035 0.01726984 0.02328388 0.01681871 0.01850379 0.02712529 0.02328388 0.01675316 0.01777512 0.01761471 0.01609792 0.01940128 0.01804794 0.01977790 0.02141387 0.01913061 0.02235642 0.02606631 0.01909740 0.01926166 0.02641228 0.02309832 0.02611403 0.02316025 0.02039865 0.02213624 0.02841604 0.02422816 0.02311726 0.03034888 0.03034888 0.03034888 0.03034888 0.03034888 
0.02079515 0.02079515 0.02079515 0.02079515 0.00000000 0.03197318 0.03336342 0.03789494 0.02416794 0.02681002 0.02089248 0.02532247 0.02554383 0.02394547 0.01862903 0.01830580 0.02319132 0.01818618 0.03149754 0.01999614 0.01833837 0.02143266 0.01776891 0.01999614 0.01599172 0.02635526 0.02006491 0.02284082 0.02148160 0.02221083 0.02294667 0.01456546 0.01971674 0.02012601 0.01665012 0.02193549 0.01694378 0.01893448 0.01855563 0.03072967 0.02780895 0.01737601 0.01826601 0.01717159 0.01754666 0.01798815 0.01579478 0.01851475 0.01668582 0.02224034 0.01831867 0.01707303 0.01665012 0.02594230 0.01688116 0.02966103 0.02436223 0.02456252 0.01793011 0.03182517 0.02745937 0.01705219 0.02200575 0.01903413 0.03510263 0.02161186 0.02387267 0.01866500 0.01406418 0.02435057 0.02146589 0.02720899 0.01704544 0.01199868 0.01894038 0.02614961 0.01675331 0.03527216 0.01736739 0.01999614 0.02203401 0.02136962 0.01999614 0.01879644 0.01775557 0.03112070 0.01719270 0.01695198 0.02224034 0.02419596 0.01514309 0.02313495 0.02407207 0.02224034 0.01941643 0.02224034 0.01556122 0.02224034 0.01484372 0.01819620 0.01832420 0.02085565 0.01747260 0.01556362 0.02962924 0.02333691 0.01528837 0.01512773 0.01704544 0.01701651 0.02063479 0.01710541 0.01958233 0.01914963 0.02088596 0.01118862 0.02531280 0.01594894 0.01794411 0.01737601 0.01704544 0.02868651 0.02257727 0.02064994 0.01785587 0.02187572 0.01775557 0.01553626 0.01825674 0.02039863 0.01823202 0.01704918 0.02561811 0.01760033 0.02147689 0.01690524 0.01701651 0.01743471 0.01419500 0.01818526 0.02164838 0.01999614 0.02224034 0.01957636 0.01242364 0.01690524 0.02224034 0.01658195 0.01585394 0.01999614 0.03089231 0.01999614 0.03330040 0.02338326 0.02457075 0.02950302 0.02627301 0.02224034 0.01923887 0.02305932 0.01576265 0.02049685 0.01720475 0.01545030 0.02275915 0.01737601 0.02168744 0.02448637 0.02781463 0.01956147 0.02352247 0.01768282 0.01648357 0.02869657 0.01728387 0.01087982 0.01999614 0.02224034 0.02224034 0.02224034 0.01672060 0.02620597 0.01781790 0.02255245 0.01650690 0.02224990 0.01525379 0.02463199 0.02206473 0.01872533 0.01568489 0.01643635 0.01736989 0.01659519 0.02224034 0.01284296 0.02353587 0.01536275 0.02224034 0.02656968 0.02050767 0.01831867 0.01675960 0.02303214 0.01637455 0.01651880 0.01619953 0.02472625 0.01957850 0.01771842 0.02288333 0.01580023 0.01897167 0.01839801 0.01721272 0.02351697 0.02639946 0.02187042 0.01811439 0.02533574 0.02657450 0.02079515 0.02079515 0.02079515 0.02079515 0.02079515 
0.02466768 0.02466768 0.02466768 0.02466768 0.03197318 0.00000000 0.03233252 0.03434781 0.02583097 0.03469174 0.03445740 0.03463467 0.02437569 0.02425174 0.02726383 0.01882049 0.01440693 0.02971325 0.02078748 0.01387944 0.01135500 0.01178851 0.01579625 0.01387944 0.01863139 0.01937407 0.00953420 0.02767150 0.03200984 0.02738159 0.02626696 0.01784025 0.01944858 0.01654105 0.00878289 0.02407482 0.02147635 0.02228108 0.01159697 0.02402992 0.02837840 0.00985416 0.01473352 0.01587675 0.01449508 0.02267519 0.01814835 0.01156437 0.01630920 0.02158527 0.01140765 0.01085767 0.00878289 0.02353061 0.02095995 0.02657847 0.01636882 0.02090318 0.02576686 0.02183628 0.02511535 0.01912763 0.01897390 0.02927102 0.02695154 0.01309955 0.02184415 0.02001969 0.02337303 0.01254262 0.02061607 0.03028314 0.01094328 0.02115585 0.02450170 0.02524777 0.02009049 0.02455626 0.00985889 0.01387944 0.01176728 0.01354413 0.01387944 0.01322355 0.01315212 0.01789408 0.02817569 0.01167657 0.02158527 0.01931402 0.02385539 0.01749734 0.02081636 0.02158527 0.01634890 0.02158527 0.01931846 0.02158527 0.01121067 0.01119900 0.01173731 0.02769997 0.01017693 0.02165311 0.02931524 0.02140276 0.02854253 0.02302080 0.01094328 0.01149394 0.02910713 0.02855873 0.01978097 0.01330849 0.02307542 0.01353387 0.01340386 0.01640611 0.01080842 0.00985416 0.01094328 0.03477732 0.01749654 0.01979102 0.02133319 0.02328523 0.01315212 0.02020119 0.02229010 0.03174412 0.01474359 0.02016452 0.02478629 0.03080487 0.01459961 0.01180364 0.01149394 0.00990380 0.02598512 0.01106958 0.02910758 0.01387944 0.02158527 0.01344535 0.02543599 0.01180364 0.02158527 0.02567157 0.02149510 0.01387944 0.02053836 0.01387944 0.02213380 0.02273461 0.03022773 0.01843503 0.01513530 0.02158527 0.02971765 0.03073056 0.02057030 0.02639685 0.03229819 0.02163554 0.03055942 0.00985416 0.02848490 0.02599382 0.02432379 0.01841884 0.02968330 0.01133021 0.00987234 0.02345139 0.01120343 0.02300898 0.01387944 0.02158527 0.02158527 0.02158527 0.02432614 0.02428728 0.01235006 0.01303110 0.02022822 0.02490489 0.03040707 0.02413172 0.02703805 0.02758645 0.01396639 0.01599494 0.01116532 0.00987133 0.02158527 0.01487857 0.01562579 0.02580982 0.02158527 0.01543273 0.01324984 0.01140765 0.01053636 0.03140514 0.02090062 0.03119235 0.02519248 0.02380344 0.02992568 0.03260974 0.02329090 0.02376410 0.02833937 0.03337339 0.01879418 0.02839833 0.02779309 0.03495146 0.01940775 0.03506583 0.02578535 0.02466768 0.02466768 0.02466768 0.02466768 0.02466768 
0.02143624 0.02143624 0.02143624 0.02143624 0.03336342 0.03233252 0.00000000 0.04075834 0.02695275 0.03293191 0.03032406 0.03632195 0.03043335 0.03194439 0.02576879 0.02123601 0.01541214 0.02116431 0.02231281 0.01446213 0.01204462 0.01288156 0.01463884 0.01446213 0.02392194 0.02429944 0.01074467 0.02073147 0.02758571 0.02586542 0.02664857 0.01505110 0.01957120 0.02388349 0.00959741 0.02069212 0.02282180 0.01939264 0.01230266 0.03188631 0.03015454 0.01063174 0.01503468 0.01861430 0.01300721 0.02412736 0.01230550 0.01226378 0.02900229 0.02158561 0.01209293 0.01142196 0.00959741 0.02240423 0.01865000 0.02740209 0.01753961 0.02643409 0.01148083 0.02290339 0.03077093 0.02724747 0.03165098 0.02247510 0.03069613 0.01426097 0.01732750 0.02231858 0.02802635 0.01426567 0.02150242 0.02646572 0.01151795 0.02495790 0.02240669 0.02891178 0.02352594 0.03249250 0.01063040 0.01446213 0.01320389 0.01436554 0.01446213 0.01377819 0.01351783 0.01867086 0.02240637 0.01221316 0.02158561 0.02828580 0.02169686 0.01713212 0.02897410 0.02158561 0.01665719 0.02158561 0.01359275 0.02158561 0.01699013 0.01190744 0.01240278 0.02079099 0.01092963 0.01856650 0.03625712 0.02488602 0.02369961 0.02615767 0.01151795 0.01210419 0.02723688 0.02392975 0.01823729 0.01390187 0.03845667 0.01054370 0.01484519 0.01386414 0.01152939 0.01063174 0.01151795 0.02713996 0.01835300 0.02967255 0.02558140 0.02016606 0.01351783 0.02120486 0.02442345 0.02477640 0.01502294 0.01741000 0.03436618 0.02397955 0.01535506 0.01224077 0.01210419 0.01067699 0.02749733 0.01178869 0.02981426 0.01446213 0.02158561 0.01799712 0.01865610 0.01224077 0.02158561 0.02370117 0.01692229 0.01446213 0.01948232 0.01446213 0.03165722 0.01861654 0.02277068 0.01854470 0.01539622 0.02158561 0.02220295 0.02547174 0.02159301 0.01966870 0.02296983 0.02226222 0.02172459 0.01063174 0.02567686 0.02724935 0.03541087 0.02449890 0.02600089 0.01062014 0.01049478 0.03416407 0.01178646 0.01886346 0.01446213 0.02158561 0.02158561 0.02158561 0.01588714 0.02866193 0.02171535 0.01408797 0.01498903 0.01985433 0.02092790 0.02483984 0.01777634 0.01719708 0.01268610 0.01468779 0.01173446 0.01059367 0.02158561 0.01983205 0.01656433 0.01989176 0.02158561 0.01672913 0.01397252 0.01209293 0.00933624 0.02872184 0.02621778 0.02901255 0.01863937 0.01857284 0.02558478 0.03065209 0.02005143 0.02074995 0.02468950 0.02930829 0.02767965 0.03325585 0.03761080 0.02555196 0.01757518 0.03300193 0.02972513 0.02143624 0.02143624 0.02143624 0.02143624 0.02143624 
0.02028854 0.02028854 0.02028854 0.02028854 0.03789494 0.03434781 0.04075834 0.00000000 0.02923431 0.03419485 0.03585688 0.03121545 0.04163628 0.02582437 0.02517579 0.02012864 0.02366013 0.01510988 0.02670007 0.01596634 0.01346794 0.01582730 0.01464208 0.01596634 0.02163281 0.03397558 0.01361911 0.01508196 0.02418163 0.02476222 0.02977960 0.01309350 0.02064202 0.02443231 0.01092975 0.01481693 0.01569742 0.01559125 0.01374048 0.04091005 0.02678656 0.01199710 0.01552385 0.02051775 0.01797321 0.02167639 0.01220829 0.01369891 0.01554726 0.02170352 0.01351376 0.01247704 0.01092975 0.02171409 0.01750196 0.02719946 0.02557684 0.03316404 0.01399571 0.02539459 0.03073068 0.02322418 0.02435123 0.01899145 0.03397344 0.02272658 0.01336786 0.01153260 0.01619798 0.02072882 0.02478558 0.02014548 0.01258069 0.01887537 0.01559341 0.02956502 0.03084096 0.04057804 0.01200717 0.01596634 0.01978236 0.01739698 0.01596634 0.01488648 0.01430388 0.02492653 0.02101260 0.01297475 0.02170352 0.02040103 0.01948671 0.01428701 0.01687258 0.02170352 0.01737665 0.02170352 0.01241831 0.02170352 0.00465197 0.01336254 0.01386573 0.02465292 0.01234079 0.01750270 0.03593230 0.03046876 0.02362901 0.02023363 0.01258069 0.01284652 0.02699530 0.02310010 0.02043593 0.01536528 0.02822933 0.01298860 0.02231288 0.01663328 0.01291014 0.01199710 0.01258069 0.02844017 0.02917883 0.02312757 0.01502034 0.02318954 0.01430388 0.01053480 0.01930897 0.02109463 0.01551340 0.02130349 0.03020303 0.02333562 0.01791185 0.01302749 0.01284652 0.01206073 0.02238092 0.01321081 0.02477141 0.01596634 0.02170352 0.01408761 0.02516212 0.01302749 0.02170352 0.02128688 0.01648288 0.01596634 0.02733238 0.01596634 0.02267720 0.01315189 0.02412141 0.03020865 0.03233306 0.02170352 0.02237300 0.01890049 0.01455381 0.02346892 0.02252630 0.02272845 0.01736663 0.01199710 0.03103128 0.03206146 0.02549372 0.02668097 0.02455764 0.01273662 0.01154016 0.02413809 0.01287807 0.02011487 0.01596634 0.02170352 0.02170352 0.02170352 0.01816360 0.02759706 0.01870859 0.01724316 0.01324202 0.01800813 0.02990377 0.02270178 0.02237909 0.01495953 0.01253331 0.01389912 0.01282529 0.01160293 0.02170352 0.01782576 0.01946392 0.01686710 0.02170352 0.02263640 0.01675879 0.01351376 0.01398188 0.03100553 0.02390923 0.02525519 0.01373952 0.02221519 0.02120828 0.03207281 0.02475471 0.02105627 0.02676084 0.02501748 0.02195102 0.02655769 0.03425428 0.02800451 0.02076444 0.03105967 0.03144309 0.02028854 0.02028854 0.02028854 0.02028854 0.02028854 
0.02260814 0.02260814 0.02260814 0.02260814 0.02416794 0.02583097 0.02695275 0.02923431 0.00000000 0.03873371 0.03572642 0.03257086 0.02654884 0.02295786 0.03453778 0.02895665 0.01713253 0.02691708 0.02247762 0.01210308 0.00915567 0.00978395 0.01673757 0.01210308 0.02032135 0.03291502 0.00715984 0.01792756 0.02684096 0.03004304 0.04326788 0.01531304 0.03149813 0.01867821 0.00615551 0.03178827 0.02746147 0.01942692 0.00942283 0.03718357 0.02600433 0.00739289 0.01300766 0.03570184 0.01708648 0.01970448 0.01356008 0.00938491 0.01867269 0.02082306 0.00923405 0.00858572 0.00615551 0.02196821 0.02097738 0.01627872 0.02349935 0.02827793 0.01510639 0.02183243 0.02796982 0.02836593 0.02687348 0.03394391 0.04227214 0.02073407 0.02056878 0.02804337 0.02521513 0.01650616 0.02387896 0.02474883 0.00877529 0.03081840 0.01864092 0.01984802 0.03472254 0.03378923 0.00741022 0.01210308 0.01671703 0.01213891 0.01210308 0.01129321 0.01130393 0.03012595 0.02140808 0.00953428 0.02082306 0.02726705 0.02517288 0.02247442 0.01549376 0.02082306 0.01466904 0.02082306 0.01484242 0.02082306 0.02878369 0.00891323 0.00952989 0.01489590 0.00775105 0.02170917 0.02799016 0.02212849 0.02806805 0.02410200 0.00877529 0.00920197 0.02205573 0.01912651 0.02428525 0.01129990 0.02141785 0.01655259 0.01337143 0.02079581 0.00851962 0.00739289 0.00877529 0.02646971 0.02874837 0.02683305 0.02183691 0.01768067 0.01130393 0.02283158 0.02641588 0.02377665 0.01301124 0.02553210 0.02861469 0.02587636 0.01309387 0.00970333 0.00920197 0.00744999 0.02648024 0.00881207 0.02900413 0.01210308 0.02082306 0.01919958 0.01394188 0.00970333 0.02082306 0.02332296 0.02851692 0.01210308 0.03190491 0.01210308 0.01868606 0.01361325 0.01657409 0.03103105 0.02085021 0.02082306 0.02351700 0.02432271 0.02668347 0.01352476 0.02697202 0.02672884 0.02633472 0.00739289 0.02808399 0.02718701 0.01843463 0.02087614 0.02365152 0.01191872 0.00741707 0.01627258 0.00906650 0.02001024 0.01210308 0.02082306 0.02082306 0.02082306 0.01897666 0.02944894 0.02628826 0.01127723 0.01350995 0.03426723 0.01992042 0.01415353 0.01777063 0.01785659 0.01482792 0.01696296 0.00891848 0.00738820 0.02082306 0.01970121 0.01428411 0.01913083 0.02082306 0.01203337 0.01179893 0.00923405 0.02665743 0.02391893 0.02298358 0.02794280 0.02218173 0.02630629 0.03132302 0.03463835 0.02866901 0.02905226 0.02801185 0.03044291 0.02421471 0.02844400 0.03469284 0.03306281 0.02233379 0.03334455 0.03422324 0.02260814 0.02260814 0.02260814 0.02260814 0.02260814 
0.02535718 0.02535718 0.02535718 0.02535718 0.02681002 0.03469174 0.03293191 0.03419485 0.03873371 0.00000000 0.03160998 0.03506718 0.03033176 0.03101506 0.03336993 0.02912834 0.02052888 0.02630987 0.02106210 0.00914983 0.00588576 0.00537126 0.01555765 0.00914983 0.01710063 0.02755483 0.00244329 0.02594289 0.02898958 0.03550595 0.03776801 0.02123405 0.03100660 0.02285231 0.00257878 0.02520272 0.02647737 0.02543396 0.00617391 0.02690480 0.03072112 0.00394439 0.01123033 0.02375728 0.01597999 0.01939526 0.01659452 0.00613457 0.01834424 0.02027422 0.00599894 0.00563599 0.00257878 0.02508967 0.02297917 0.02110990 0.02325725 0.02534091 0.01368923 0.02010656 0.02531906 0.02406863 0.02652447 0.02757040 0.03515374 0.02027618 0.02934175 0.02514654 0.02305515 0.01493194 0.02439039 0.03265174 0.00591351 0.03319980 0.02119228 0.02313283 0.02910889 0.02392024 0.00396335 0.00914983 0.01579808 0.00800111 0.00914983 0.00863237 0.00903590 0.01695806 0.02080719 0.00706163 0.02027422 0.02412660 0.03093761 0.02067491 0.02253788 0.02027422 0.01293584 0.02027422 0.01824927 0.02027422 0.01516502 0.00560477 0.00634957 0.02372560 0.00435108 0.02394399 0.03300118 0.02458018 0.03045472 0.02792227 0.00591351 0.00664134 0.02354173 0.02658750 0.02446038 0.00837059 0.02624087 0.02066284 0.01602242 0.02057276 0.00521117 0.00394439 0.00591351 0.02687550 0.02932173 0.02286465 0.02412286 0.02066174 0.00903590 0.01617115 0.02560515 0.03153629 0.01123661 0.02477429 0.02815030 0.02869274 0.00972459 0.00723334 0.00664134 0.00398955 0.02750646 0.00550128 0.03287162 0.00914983 0.02027422 0.01728520 0.02338374 0.00723334 0.02027422 0.02538725 0.03146815 0.00914983 0.02561351 0.00914983 0.01665456 0.01986655 0.02747414 0.02553118 0.02139655 0.02027422 0.03431611 0.02804309 0.02223983 0.02203777 0.02428071 0.02633737 0.02652125 0.00394439 0.03015915 0.02428540 0.02256969 0.02224269 0.02726045 0.00952604 0.00431806 0.02179243 0.00621559 0.03087702 0.00914983 0.02027422 0.02027422 0.02027422 0.02352314 0.02419769 0.01877052 0.00688560 0.01154914 0.03157699 0.02579592 0.01889266 0.02187041 0.02026158 0.01365107 0.01624973 0.00596594 0.00431633 0.02027422 0.01674866 0.01058668 0.02007352 0.02027422 0.01608290 0.00786970 0.00599894 0.01655784 0.03436459 0.02007854 0.03090510 0.02593260 0.02462585 0.03509756 0.03712815 0.03009919 0.03259058 0.03133957 0.03442331 0.03084721 0.03355889 0.03534264 0.03445994 0.02770035 0.03611199 0.03221187 0.02535718 0.02535718 0.02535718 0.02535718 0.02535718 
0.02202606 0.02202606 0.02202606 0.02202606 0.02089248 0.03445740 0.03032406 0.03585688 0.03572642 0.03160998 0.00000000 0.03160374 0.01929455 0.02117525 0.03169665 0.02340004 0.01524272 0.01983855 0.01408535 0.01387505 0.01126315 0.01224798 0.02457396 0.01387505 0.01954819 0.02670473 0.00994190 0.01915881 0.02447938 0.02946198 0.03088302 0.02072518 0.02375440 0.02602998 0.00862433 0.02066971 0.02160587 0.02497409 0.01153332 0.03246801 0.02632297 0.00973020 0.01440219 0.03338712 0.02827813 0.03545748 0.01288306 0.01148847 0.01569081 0.02131065 0.01133065 0.01058398 0.00862433 0.02448571 0.02127560 0.02320508 0.01792743 0.02394491 0.02665428 0.02824537 0.02666722 0.02227431 0.02243520 0.02866272 0.03201487 0.01618693 0.01700306 0.02764719 0.01806674 0.01088786 0.02477434 0.01722929 0.01076569 0.02537786 0.02170523 0.01916872 0.03256290 0.03151252 0.00974023 0.01387505 0.01125382 0.01412591 0.01387505 0.01307095 0.01287324 0.01559807 0.02173351 0.01143253 0.02131065 0.02273174 0.02395270 0.01973399 0.01502402 0.02131065 0.01599514 0.02131065 0.01419661 0.02131065 0.01236665 0.01107475 0.01160982 0.01586380 0.01004630 0.02118893 0.02744659 0.02314447 0.02930711 0.02216107 0.01076569 0.01120097 0.02533124 0.01935918 0.02138738 0.01317910 0.02643498 0.01851520 0.01473497 0.01823560 0.01070719 0.00973020 0.01076569 0.03854114 0.02426667 0.02236788 0.01545470 0.02594304 0.01287324 0.01117919 0.02241811 0.02531568 0.01437989 0.02496524 0.02396563 0.02581697 0.01490466 0.01148381 0.01120097 0.00977955 0.02125188 0.01098023 0.02538990 0.01387505 0.02131065 0.02448912 0.02481579 0.01148381 0.02131065 0.02931297 0.02280818 0.01387505 0.02426413 0.01387505 0.01583632 0.01520248 0.01999085 0.02157151 0.02119296 0.02131065 0.01976148 0.02373185 0.02031384 0.01472798 0.03705801 0.02549320 0.01859492 0.00973020 0.02455747 0.02873814 0.02071369 0.02003405 0.02701734 0.02124495 0.00957251 0.01940419 0.01104935 0.02670664 0.01387505 0.02131065 0.02131065 0.02131065 0.02369092 0.02431886 0.02607791 0.01358696 0.01998948 0.02231548 0.02805131 0.02039767 0.02037015 0.02051255 0.02319567 0.02481615 0.01090083 0.00965223 0.02131065 0.02500661 0.01620677 0.01603185 0.02131065 0.01712838 0.01367745 0.01133065 0.01677085 0.02641614 0.02185531 0.02660013 0.01742788 0.02456791 0.03175896 0.03676194 0.02226838 0.02974224 0.02580185 0.03183186 0.03003758 0.03027796 0.03096719 0.02578162 0.02660804 0.03163471 0.03090974 0.02202606 0.02202606 0.02202606 0.02202606 0.02202606 
0.02389912 0.02389912 0.02389912 0.02389912 0.02532247 0.03463467 0.03632195 0.03121545 0.03257086 0.03506718 0.03160374 0.00000000 0.02783518 0.02844922 0.03286877 0.02663919 0.00990222 0.02845053 0.02248874 0.01025299 0.00702195 0.01457480 0.01714365 0.01025299 0.01811382 0.02363645 0.01175188 0.01914697 0.03171703 0.03025874 0.03504189 0.01588282 0.02157637 0.02200301 0.00376554 0.02459245 0.02675455 0.02389117 0.00733673 0.02547997 0.03110936 0.00512415 0.01175151 0.02599072 0.01884930 0.01992787 0.01419259 0.00727941 0.02329513 0.02045597 0.00712666 0.00655268 0.00376554 0.02525053 0.02043459 0.02199739 0.02394123 0.02505935 0.01504183 0.01900742 0.02438847 0.01569413 0.02547453 0.02741351 0.02365834 0.02093674 0.02324775 0.02591606 0.02524993 0.02012631 0.02247008 0.03130388 0.00681219 0.02936670 0.02281238 0.02567268 0.02734176 0.02306186 0.00513572 0.01025299 0.01670388 0.00909003 0.01025299 0.00957141 0.00968593 0.01965189 0.03212036 0.00785743 0.02045597 0.02371223 0.02550367 0.01999232 0.02842993 0.02045597 0.01347894 0.02045597 0.01600095 0.02045597 0.01912216 0.00672403 0.00741796 0.02644383 0.00548528 0.01826491 0.03386289 0.02941159 0.02919679 0.02773052 0.00681219 0.00750633 0.03041099 0.02567068 0.02208988 0.00939482 0.03079399 0.01373150 0.01293171 0.01815569 0.00635894 0.00512415 0.00681219 0.02520014 0.02962509 0.02397298 0.02261093 0.02425669 0.00968593 0.02683702 0.03133562 0.02625795 0.01171176 0.02202719 0.03723910 0.02751297 0.02137023 0.00792592 0.00750633 0.00516646 0.03201930 0.00664903 0.03639364 0.01025299 0.02045597 0.01901494 0.02114796 0.00792592 0.02045597 0.02753072 0.01773543 0.01025299 0.01909544 0.01025299 0.02222732 0.01447108 0.01968053 0.02107349 0.02005284 0.02045597 0.02448120 0.02738079 0.02462702 0.02478279 0.02741936 0.02822146 0.02528861 0.00512415 0.03000867 0.02739135 0.02853556 0.01969815 0.03305689 0.01465215 0.00526823 0.02828893 0.00713030 0.01741749 0.01025299 0.02045597 0.02045597 0.02045597 0.02262494 0.02478052 0.02589799 0.01406554 0.02314070 0.02745345 0.02524556 0.01967602 0.01553067 0.01887103 0.01526456 0.01754858 0.00689125 0.00537155 0.02045597 0.01936679 0.01789031 0.01842669 0.02045597 0.01007480 0.00876302 0.00712666 0.02067712 0.02805857 0.02099955 0.03382296 0.02606053 0.02053572 0.03373828 0.03764035 0.02149185 0.02358416 0.03032382 0.03315945 0.02658006 0.03316073 0.03613543 0.02934247 0.02636803 0.04062620 0.03102655 0.02389912 0.02389912 0.02389912 0.02389912 0.02389912 
0.01861773 0.01861773 0.01861773 0.01861773 0.02554383 0.02437569 0.03043335 0.04163628 0.02654884 0.03033176 0.01929455 0.02783518 0.00000000 0.02783481 0.02115936 0.02481621 0.03027760 0.01952300 0.02302480 0.02108624 0.01859522 0.01500493 0.01732265 0.02108624 0.03081801 0.03586726 0.01261126 0.01850372 0.02039309 0.02352627 0.03073004 0.01051462 0.01975620 0.01493091 0.01611591 0.02086248 0.02022970 0.01279244 0.01895279 0.02436898 0.03116388 0.01721907 0.01685781 0.01674505 0.01568247 0.02269219 0.01484291 0.01891344 0.01361646 0.02125326 0.01856576 0.01628691 0.01611591 0.01859648 0.01593137 0.01840736 0.03101782 0.03246977 0.01269668 0.01413347 0.01700297 0.01622642 0.02668092 0.01714904 0.02873222 0.02751891 0.01224309 0.01480157 0.02421564 0.02112017 0.02216972 0.02118220 0.01616905 0.02566353 0.01430674 0.03084487 0.01873406 0.02578547 0.01716437 0.02108624 0.02652874 0.01537439 0.02108624 0.01915413 0.01660368 0.02271124 0.02978403 0.01572789 0.02125326 0.01709347 0.01974991 0.01256135 0.00904936 0.02125326 0.01906340 0.02125326 0.01262729 0.02125326 0.01529307 0.01836525 0.01851578 0.02521610 0.01728614 0.02806723 0.02972262 0.03246248 0.02646898 0.02185065 0.01616905 0.01621795 0.02329375 0.02667059 0.02299360 0.01980029 0.02351878 0.01568644 0.02340864 0.01972906 0.01803739 0.01721907 0.01616905 0.01848573 0.03144097 0.01915864 0.01179198 0.01684493 0.01660368 0.01739421 0.02323419 0.01916555 0.01687278 0.02588645 0.02852168 0.02367116 0.01509033 0.01543204 0.01621795 0.01726056 0.02145021 0.01836582 0.02152777 0.02108624 0.02125326 0.02313854 0.02045285 0.01543204 0.02125326 0.02990033 0.01327574 0.02108624 0.02699785 0.02108624 0.01768906 0.01877101 0.02535475 0.02642558 0.03742674 0.02125326 0.02481887 0.01847337 0.01628127 0.02453534 0.01712802 0.01811417 0.01759819 0.01721907 0.03194656 0.02828375 0.01635541 0.03136337 0.01857682 0.01032252 0.01544920 0.01764273 0.01653227 0.01846349 0.02108624 0.02125326 0.02125326 0.02125326 0.01677672 0.02016143 0.01786514 0.01375660 0.01342475 0.01587219 0.02576470 0.01369102 0.02166179 0.01956652 0.01455997 0.01407476 0.01674763 0.01582406 0.02125326 0.01890767 0.01349604 0.02576245 0.02125326 0.02031556 0.01412300 0.01856576 0.01392568 0.02456167 0.03276518 0.02217165 0.01535532 0.01602358 0.02226864 0.02046071 0.01912566 0.02101680 0.02946405 0.02617618 0.01927041 0.02331799 0.03170977 0.02959380 0.02229092 0.02779407 0.02924026 0.01861773 0.01861773 0.01861773 0.01861773 0.01861773 
0.02009741 0.02009741 0.02009741 0.02009741 0.02394547 0.02425174 0.03194439 0.02582437 0.02295786 0.03101506 0.02117525 0.02844922 0.02783481 0.00000000 0.02690697 0.02291194 0.02135784 0.02730841 0.01396869 0.01872235 0.01577409 0.01456292 0.01693540 0.01872235 0.01392754 0.02366483 0.01182371 0.02646374 0.01737462 0.02549253 0.01784342 0.01492560 0.02475580 0.02399264 0.01283748 0.01645552 0.02051102 0.01443986 0.01614518 0.02483260 0.02246498 0.01411078 0.01540079 0.01423277 0.02279480 0.02443275 0.01415943 0.01609469 0.01923037 0.02112567 0.01579881 0.01369615 0.01283748 0.02454108 0.01918646 0.01370540 0.02324783 0.01878324 0.02129546 0.01540265 0.02709945 0.03542107 0.02428861 0.02193501 0.02434582 0.02007667 0.03523621 0.02570351 0.01491156 0.01370502 0.02246279 0.04223008 0.01377479 0.03776848 0.02353027 0.03321610 0.01461968 0.01879168 0.01407644 0.01872235 0.01779669 0.01710964 0.01872235 0.01684315 0.01480311 0.02054573 0.00912944 0.01357502 0.02112567 0.02827162 0.01507211 0.01363488 0.01809064 0.02112567 0.01750767 0.02112567 0.01296909 0.02112567 0.02009485 0.01544206 0.01576294 0.02748931 0.01424855 0.01412230 0.03381823 0.03340292 0.01769304 0.02955709 0.01377479 0.01375673 0.01793633 0.01442649 0.03807333 0.01732558 0.02190338 0.00888162 0.01511388 0.03513835 0.01513621 0.01411078 0.01377479 0.01643184 0.02537626 0.02610015 0.02832818 0.02510789 0.01480311 0.01421934 0.02548925 0.02408771 0.01537070 0.02301804 0.02533424 0.03031029 0.01708307 0.01334067 0.01375673 0.01414852 0.02136039 0.01546467 0.03392612 0.01872235 0.02112567 0.01793769 0.02886817 0.01334067 0.02112567 0.03171429 0.01970704 0.01872235 0.01787567 0.01872235 0.02996566 0.02674762 0.01665934 0.01920818 0.02557131 0.02112567 0.03098291 0.02061743 0.02349509 0.02619865 0.02236722 0.02148313 0.02820103 0.01411078 0.01953937 0.02454535 0.02074396 0.01390769 0.01457862 0.01346192 0.01263549 0.01667778 0.01414612 0.03051608 0.01872235 0.02112567 0.02112567 0.02112567 0.02013735 0.02375805 0.01843252 0.01369448 0.01808004 0.01883700 0.02773602 0.02017963 0.01533645 0.02755211 0.01418080 0.01476179 0.01413389 0.01298446 0.02112567 0.02130690 0.01486126 0.01449987 0.02112567 0.01083984 0.01675170 0.01579881 0.01071229 0.03332216 0.01536167 0.02852541 0.03544510 0.03456817 0.03492190 0.01424560 0.03252899 0.01409621 0.02042070 0.02127345 0.02998900 0.02891497 0.03172608 0.02315699 0.01776066 0.02857461 0.02877896 0.02009741 0.02009741 0.02009741 0.02009741 0.02009741 
0.02102215 0.02102215 0.02102215 0.02102215 0.01862903 0.02726383 0.02576879 0.02517579 0.03453778 0.03336993 0.03169665 0.03286877 0.02115936 0.02690697 0.00000000 0.02923412 0.01410464 0.02346237 0.02498856 0.01316300 0.00983770 0.01454128 0.02256321 0.01316300 0.01452146 0.02080352 0.01163384 0.01551868 0.02326639 0.03095195 0.02934705 0.01813336 0.03501454 0.02039262 0.00649875 0.02044685 0.02799973 0.02815169 0.01018870 0.02068882 0.02519743 0.00791183 0.01223430 0.02829413 0.02133389 0.03571976 0.01094579 0.01014540 0.02259171 0.01999121 0.00990593 0.00855743 0.00649875 0.02833768 0.02119753 0.02126709 0.02593094 0.02250233 0.02092213 0.02381437 0.02140068 0.01741212 0.02212141 0.02741620 0.02256154 0.02251247 0.01357270 0.02255041 0.01382770 0.02084750 0.02562293 0.03030187 0.00872135 0.02959518 0.02443229 0.02317569 0.03468673 0.01749238 0.00789624 0.01316300 0.01915846 0.01424684 0.01316300 0.01186414 0.01087610 0.02082355 0.03063197 0.00914684 0.01999121 0.02165097 0.02498502 0.02520028 0.03052849 0.01999121 0.01419871 0.01999121 0.01168751 0.01999121 0.03568830 0.00947630 0.01000745 0.01741972 0.00816283 0.01659249 0.03187943 0.02810859 0.03315417 0.02859768 0.00872135 0.00905928 0.02337463 0.01979061 0.02887182 0.01190324 0.01969727 0.02255778 0.01234587 0.02532673 0.00913553 0.00791183 0.00872135 0.02406804 0.03008785 0.01917391 0.02118040 0.02079100 0.01087610 0.01463778 0.02600183 0.02527667 0.01223871 0.02154126 0.03345642 0.02658989 0.01989731 0.00911858 0.00905928 0.00795049 0.02522110 0.00945973 0.02706066 0.01316300 0.01999121 0.01948083 0.01850923 0.00911858 0.01999121 0.02714733 0.02722013 0.01316300 0.02189707 0.01316300 0.02195005 0.01608729 0.01923752 0.02176580 0.02166561 0.01999121 0.02925891 0.03130226 0.03434720 0.01595572 0.02384939 0.02347754 0.02937446 0.00791183 0.02696137 0.02695612 0.02214928 0.01936308 0.02928929 0.01870691 0.00728437 0.02016602 0.00907961 0.02229381 0.01316300 0.01999121 0.01999121 0.01999121 0.02725243 0.02214029 0.02605627 0.01415758 0.02456788 0.02929706 0.01955592 0.02303249 0.02211789 0.01693386 0.02065547 0.02227455 0.00897124 0.00746125 0.01999121 0.02908284 0.01734356 0.01089177 0.01999121 0.02017049 0.01465467 0.00990593 0.01880925 0.02616124 0.01701659 0.02399757 0.02369147 0.02738349 0.03094364 0.03228534 0.02191315 0.02475758 0.02639291 0.03139447 0.02616652 0.03514619 0.03020393 0.03123431 0.02869071 0.03445758 0.03391827 0.02102215 0.02102215 0.02102215 0.02102215 0.02102215 
0.01707156 0.01707156 0.01707156 0.01707156 0.01830580 0.01882049 0.02123601 0.02012864 0.02895665 0.02912834 0.02340004 0.02663919 0.02481621 0.02291194 0.02923412 0.00000000 0.01048177 0.02237368 0.02797543 0.01206539 0.01308967 0.02054431 0.02087607 0.01206539 0.02085431 0.02875711 0.02256495 0.02650689 0.02015666 0.03379300 0.03014831 0.02781834 0.02169948 0.01986772 0.01727798 0.01732011 0.01984013 0.01804016 0.01916194 0.02413867 0.02046102 0.01656498 0.01797157 0.02553903 0.01795037 0.02646417 0.01091392 0.01515496 0.00957218 0.01962275 0.01300920 0.01613217 0.01727798 0.01918643 0.01558751 0.01659377 0.02460934 0.02140062 0.01651373 0.01591977 0.01850179 0.02291064 0.01807882 0.02280653 0.02820187 0.02219422 0.03305802 0.01746204 0.01560912 0.02291275 0.02377866 0.03225303 0.01490445 0.03290574 0.02109692 0.01905354 0.02243776 0.02083611 0.02058479 0.01206539 0.01850441 0.01583621 0.01206539 0.01989030 0.01757529 0.01871172 0.02651078 0.01897859 0.01962275 0.02029654 0.02042407 0.01924420 0.02738849 0.01962275 0.01856040 0.01962275 0.01071469 0.01962275 0.02617073 0.01973200 0.01907625 0.01900009 0.01803460 0.02172660 0.02654716 0.01909633 0.02456092 0.02740153 0.01490445 0.01257530 0.01976430 0.01800553 0.01935148 0.01264041 0.01537163 0.01562238 0.01720434 0.01576673 0.01098896 0.01656498 0.01490445 0.01939906 0.03090204 0.02043456 0.02554001 0.02040439 0.01757529 0.02023466 0.01769235 0.02311252 0.02949463 0.02659565 0.02414863 0.02397457 0.02622608 0.02275392 0.01257530 0.01646861 0.01627537 0.02211832 0.03068821 0.01206539 0.01962275 0.03139035 0.01774698 0.02275392 0.01962275 0.01703067 0.04157953 0.01206539 0.02116339 0.01206539 0.01624661 0.02157231 0.02887735 0.03015664 0.02590489 0.01962275 0.02422415 0.02030288 0.02344917 0.01807738 0.01765990 0.01627260 0.02276835 0.01656498 0.02681164 0.02250809 0.01737777 0.02342775 0.02253097 0.02844841 0.02072957 0.01869850 0.02349064 0.03568186 0.01206539 0.01962275 0.01962275 0.01962275 0.02060564 0.02492881 0.02079302 0.01901469 0.01543726 0.02830096 0.01971420 0.01072493 0.01562464 0.01836590 0.02045325 0.02524268 0.02235209 0.01429831 0.01962275 0.02862648 0.02058749 0.01538691 0.01962275 0.01451687 0.01489103 0.01300920 0.03109247 0.02711631 0.02229060 0.02383982 0.02941722 0.01811575 0.02379233 0.02840743 0.02276559 0.02198864 0.02498667 0.02703097 0.02280015 0.02821775 0.02186479 0.02367380 0.02599242 0.02747732 0.02509428 0.01707156 0.01707156 0.01707156 0.01707156 0.01707156 
