0.00000000 0.12980432 0.12873804 0.12763924 0.11923458 0.12150853 0.11948284 0.11989365 0.12063623 0.12245148 0.11968283 0.12183040 0.11536038 0.11482658 0.11800100 0.11333827 0.10563354 0.10692623 0.11069303 0.10851861 0.10745960 0.10993488 0.11146117 0.10730022 0.10444991 0.10682761 0.10398641 0.10897161 0.11151115 0.11538993 0.11255953 0.11022233 0.11467692 0.11066902 0.10243308 0.10832530 0.11253493 0.10819906 0.10579922 0.10843156 0.10824811 0.10460612 0.11094598 0.10937832 0.10392794 0.10561146 0.11902945 0.11127392 0.11127076 0.11530371 0.10394219 0.11101038 0.10344197 0.11128666 0.12540200 0.11905685 0.11885911 0.11003635 0.10508613 0.10755426 0.11138771 0.11001649 0.11340318 0.11209557 0.10729008 0.10702989 0.10901662 0.10907653 0.11563908 0.10529384 0.10705134 0.11500303 0.10510618 0.10597205 0.10880045 0.10726185 0.10484897 0.10751479 0.10414694 0.10813499 0.10608939 0.11067011 0.10996285 0.10979355 0.10699443 0.10455158 0.10896267 0.10656430 0.11040965 0.10776970 0.11641421 0.10563299 0.11319949 0.10787984 0.10565180 0.11127776 0.12059268 0.11598745 0.11181115 0.10996359 0.10528112 0.10859954 0.10898125 0.11131258 0.11506298 0.10495004 0.10954170 0.10841878 0.10924088 0.10730187 0.10817617 0.11194493 0.10713169 0.10542506 0.10640314 0.11304720 0.10743134 0.10914763 0.11417630 0.10419965 0.11110511 0.10745880 0.10561357 0.10631364 0.11007213 0.11137894 0.10529904 0.11230297 0.10866833 0.10859730 0.10844745 0.10558815 0.11105175 0.10671837 0.10517460 0.10677825 0.10954471 0.11220638 0.11155244 0.10695621 0.11266218 0.11288070 0.10726902 0.10868518 0.10878931 0.10402461 0.11138335 0.10820598 0.10986526 0.11287684 0.10709360 0.10381776 0.10973426 0.11134863 0.10629599 0.10887064 0.10636489 0.10760634 0.11103373 0.10955829 0.10538423 0.11132785 0.10861277 0.10995963 0.11149704 0.10430474 0.10687377 0.10724403 0.11014142 0.10504269 0.10704100 0.10582910 0.11124362 0.10733092 0.10659369 0.11342508 0.11158589 0.11659777 0.11529062 0.10925921 0.10569494 0.11046570 0.10866221 0.10674068 0.10576359 0.10542007 0.10594831 0.10704942 0.10389067 0.11267791 0.10389616 0.10946496 0.10658858 0.10350652 0.10708334 0.10822353 0.11475633 0.11608928 0.10852448 0.10695609 0.10571075 0.10841579 0.10598523 0.11029945 0.10494765 0.10994988 0.10915025 0.10875306 0.10715655 0.11423421 0.10656866 0.10773777 0.10704942 0.11257546 0.11281019 0.11108731 0.10951919 0.11169360 0.11322990 0.11239142 0.11861780 0.12381126 0.12544766 0.12904958 0.12903084 0.12980432 
0.12980432 0.00000000 0.12873804 0.12763924 0.11923458 0.12150853 0.11948284 0.11989365 0.12063623 0.12245148 0.11968283 0.12183040 0.11536038 0.11482658 0.11800100 0.11333827 0.10563354 0.10692623 0.11069303 0.10851861 0.10745960 0.10993488 0.11146117 0.10730022 0.10444991 0.10682761 0.10398641 0.10897161 0.11151115 0.11538993 0.11255953 0.11022233 0.11467692 0.11066902 0.10243308 0.10832530 0.11253493 0.10819906 0.10579922 0.10843156 0.10824811 0.10460612 0.11094598 0.10937832 0.10392794 0.10561146 0.11902945 0.11127392 0.11127076 0.11530371 0.10394219 0.11101038 0.10344197 0.11128666 0.12540200 0.11905685 0.11885911 0.11003635 0.10508613 0.10755426 0.11138771 0.11001649 0.11340318 0.11209557 0.10729008 0.10702989 0.10901662 0.10907653 0.11563908 0.10529384 0.10705134 0.11500303 0.10510618 0.10597205 0.10880045 0.10726185 0.10484897 0.10751479 0.10414694 0.10813499 0.10608939 0.11067011 0.10996285 0.10979355 0.10699443 0.10455158 0.10896267 0.10656430 0.11040965 0.10776970 0.11641421 0.10563299 0.11319949 0.10787984 0.10565180 0.11127776 0.12059268 0.11598745 0.11181115 0.10996359 0.10528112 0.10859954 0.10898125 0.11131258 0.11506298 0.10495004 0.10954170 0.10841878 0.10924088 0.10730187 0.10817617 0.11194493 0.10713169 0.10542506 0.10640314 0.11304720 0.10743134 0.10914763 0.11417630 0.10419965 0.11110511 0.10745880 0.10561357 0.10631364 0.11007213 0.11137894 0.10529904 0.11230297 0.10866833 0.10859730 0.10844745 0.10558815 0.11105175 0.10671837 0.10517460 0.10677825 0.10954471 0.11220638 0.11155244 0.10695621 0.11266218 0.11288070 0.10726902 0.10868518 0.10878931 0.10402461 0.11138335 0.10820598 0.10986526 0.11287684 0.10709360 0.10381776 0.10973426 0.11134863 0.10629599 0.10887064 0.10636489 0.10760634 0.11103373 0.10955829 0.10538423 0.11132785 0.10861277 0.10995963 0.11149704 0.10430474 0.10687377 0.10724403 0.11014142 0.10504269 0.10704100 0.10582910 0.11124362 0.10733092 0.10659369 0.11342508 0.11158589 0.11659777 0.11529062 0.10925921 0.10569494 0.11046570 0.10866221 0.10674068 0.10576359 0.10542007 0.10594831 0.10704942 0.10389067 0.11267791 0.10389616 0.10946496 0.10658858 0.10350652 0.10708334 0.10822353 0.11475633 0.11608928 0.10852448 0.10695609 0.10571075 0.10841579 0.10598523 0.11029945 0.10494765 0.10994988 0.10915025 0.10875306 0.10715655 0.11423421 0.10656866 0.10773777 0.10704942 0.11257546 0.11281019 0.11108731 0.10951919 0.11169360 0.11322990 0.11239142 0.11861780 0.12381126 0.12544766 0.12904958 0.12903084 0.12980432 
0.12873804 0.12873804 0.00000000 0.16675434 0.11609194 0.11775920 0.12714239 0.12593022 0.12630374 0.12657168 0.11492496 0.11639986 0.14772832 0.13387566 0.13507852 0.13222177 0.10122917 0.11926884 0.10595361 0.09532551 0.10266664 0.11275516 0.10146489 0.10283097 0.11493337 0.11819448 0.10979894 0.11014682 0.12190036 0.11193823 0.11028699 0.10401640 0.10725643 0.10938371 0.10465886 0.10526174 0.10793593 0.11123581 0.10295063 0.10646588 0.10365696 0.09563948 0.09913822 0.10842047 0.09623785 0.10613999 0.11547067 0.09974204 0.11218434 0.10895699 0.09581526 0.09921557 0.11286604 0.10599907 0.11830074 0.11191884 0.11256268 0.10787477 0.10280102 0.10285174 0.10557462 0.09976045 0.10378616 0.11423896 0.10791713 0.09650797 0.11364923 0.10682502 0.11477799 0.10063115 0.09830526 0.10285737 0.11260079 0.10781657 0.10208306 0.10426090 0.11780674 0.11613165 0.09487689 0.09776277 0.10557958 0.11759204 0.10288243 0.09648781 0.09719329 0.11490976 0.10585181 0.10437855 0.10409445 0.10228256 0.11028932 0.10746237 0.10952710 0.09700761 0.10115177 0.10092556 0.11543519 0.11068947 0.10363450 0.09686201 0.09359368 0.12840596 0.09528181 0.10308990 0.11003394 0.10579506 0.10844228 0.10400545 0.10315629 0.09445984 0.11586289 0.11391431 0.09696617 0.09482962 0.11037254 0.10380399 0.09601224 0.10699954 0.10627645 0.10067180 0.10707009 0.10308605 0.10587961 0.10363822 0.10264726 0.12132962 0.10260051 0.10344011 0.11377533 0.11531169 0.09800749 0.10459197 0.10811595 0.10886877 0.09353865 0.09778996 0.10108052 0.10229327 0.10783603 0.09689973 0.10888543 0.10497747 0.11174632 0.11235806 0.11549974 0.10039052 0.10288371 0.10201753 0.10321876 0.11239252 0.11473042 0.09831519 0.10425277 0.10727167 0.11002332 0.11915851 0.13019649 0.13925238 0.13909833 0.12344159 0.12776909 0.16345958 0.10809356 0.14890667 0.14909798 0.13371789 0.11662981 0.12697012 0.09305294 0.09879612 0.11020494 0.10529970 0.10285108 0.11132757 0.10663756 0.11182586 0.10110009 0.11230922 0.10947933 0.11420286 0.10403124 0.11688570 0.11249138 0.09342674 0.10953617 0.10916420 0.11598358 0.11131379 0.11709660 0.10637646 0.11186502 0.12527115 0.12473145 0.11642049 0.09846182 0.11349293 0.10969318 0.10306896 0.09960162 0.09837223 0.11052457 0.09637843 0.09911744 0.10504961 0.12395576 0.11230703 0.11258230 0.11081265 0.11462484 0.11957242 0.10848354 0.10947548 0.10649503 0.11237744 0.10712004 0.11164442 0.10777211 0.10974471 0.11307092 0.11979305 0.12121440 0.11539234 0.12044478 0.12726244 0.12724450 0.12873804 
0.12763924 0.12763924 0.16675434 0.00000000 0.11421612 0.11639396 0.12512347 0.12385857 0.12429155 0.12406722 0.11298892 0.11511808 0.14552144 0.13276850 0.13390270 0.12379618 0.10577201 0.11172631 0.09754505 0.09754262 0.09910957 0.10630497 0.10170724 0.09899630 0.10437514 0.10208533 0.10637123 0.12067606 0.12583753 0.11065746 0.10849157 0.10707871 0.09988760 0.10594489 0.10294042 0.11224694 0.09436818 0.11138060 0.10316952 0.11494376 0.11466060 0.10837913 0.10104041 0.09673396 0.11176365 0.10651938 0.11298310 0.10143080 0.11058630 0.11043212 0.09948747 0.10093494 0.10189625 0.11661789 0.11747774 0.10988478 0.11002487 0.10853152 0.10798083 0.11531650 0.11129782 0.10195466 0.10776183 0.12425199 0.10443303 0.11052549 0.10645290 0.11167343 0.11009692 0.10387068 0.10396639 0.09665478 0.11368206 0.11154411 0.10686656 0.09365430 0.11388623 0.11141920 0.09828894 0.11026680 0.10057425 0.09871358 0.10543961 0.09824834 0.11378009 0.11223675 0.12140928 0.09537906 0.10541167 0.11474113 0.10534713 0.10438306 0.10866753 0.09936258 0.10127421 0.10295722 0.10777505 0.11220282 0.10554548 0.09862056 0.09880754 0.10343074 0.09722744 0.10699799 0.10466900 0.10859535 0.11210026 0.12093277 0.10039139 0.09666548 0.11366067 0.10879004 0.09304451 0.09798732 0.11139447 0.09681606 0.10111107 0.11317986 0.10777271 0.10498749 0.10755895 0.10750057 0.10766170 0.10328237 0.10326199 0.10632572 0.10346138 0.10100456 0.11834917 0.10995731 0.10043134 0.10146534 0.10676567 0.10336584 0.09637230 0.10082600 0.10354981 0.10413246 0.11931448 0.09939265 0.10757054 0.10699491 0.10684934 0.10644097 0.10503775 0.10365644 0.11056119 0.10263180 0.10669484 0.10964812 0.11799066 0.09886626 0.09712038 0.11603340 0.11065982 0.12177220 0.13026214 0.13836328 0.14459248 0.12544587 0.13691429 0.15821873 0.11412311 0.14318864 0.14930869 0.13522191 0.12347793 0.12116262 0.09102091 0.09846543 0.10937268 0.09884860 0.10510030 0.10619647 0.10361893 0.10822309 0.10289410 0.11383729 0.11115783 0.11268506 0.11068616 0.10799079 0.11733500 0.09556526 0.11918329 0.10704808 0.11695812 0.11444317 0.11260029 0.10432304 0.10627283 0.11741776 0.11559579 0.10816771 0.10141964 0.11488144 0.10589842 0.09956536 0.10090801 0.10159967 0.10236366 0.10484775 0.09478786 0.11112672 0.10971007 0.11175727 0.13040345 0.10908161 0.11375788 0.12562486 0.11528717 0.09765609 0.10590594 0.11719259 0.10401528 0.10725889 0.10897009 0.11068564 0.11626715 0.11392339 0.12547907 0.11417107 0.11900656 0.12615538 0.12613725 0.12763924 
0.11923458 0.11923458 0.11609194 0.11421612 0.00000000 0.17427782 0.15904945 0.17595045 0.15660646 0.16439890 0.16413051 0.15091087 0.13054368 0.13713750 0.14464418 0.13977235 0.09791464 0.10502668 0.13224032 0.08746086 0.11782959 0.11592734 0.13349145 0.11333607 0.10570370 0.12622182 0.10777292 0.10437330 0.11158918 0.11217364 0.12693461 0.12643950 0.10732129 0.11721556 0.09989544 0.11003872 0.09046005 0.10747257 0.10687420 0.09859137 0.10792545 0.10553484 0.09347230 0.10310298 0.09739085 0.10815848 0.12595520 0.09242860 0.10174270 0.10391410 0.09659844 0.09186174 0.10020905 0.12031502 0.12496730 0.14361201 0.14142673 0.13797425 0.10233665 0.10715786 0.11240326 0.11018456 0.11351603 0.11508976 0.11156911 0.09679289 0.10087922 0.13150473 0.10378496 0.10086150 0.11421215 0.10879220 0.10194232 0.10599895 0.12093376 0.10971637 0.08607039 0.09602495 0.09308571 0.11269293 0.09009243 0.09895822 0.09324408 0.08815021 0.09775292 0.11579588 0.09551758 0.10206450 0.10273914 0.09699045 0.10217506 0.11999160 0.10793549 0.08638679 0.08688284 0.09427107 0.10061537 0.10602129 0.11543163 0.08882992 0.08190590 0.10435546 0.08618791 0.10693472 0.13033271 0.11437374 0.11383985 0.10395460 0.11384877 0.08864198 0.10958754 0.11728269 0.11925873 0.10484808 0.12459961 0.11669826 0.09847427 0.12291140 0.10072722 0.11407367 0.09762474 0.13039581 0.10528838 0.10056484 0.10811147 0.10456413 0.09436371 0.10886637 0.10481743 0.12142246 0.09457298 0.10726508 0.10104701 0.11009247 0.09455754 0.08989650 0.09749561 0.10277090 0.10372165 0.08888538 0.10704516 0.09837962 0.09990090 0.11064905 0.10779420 0.10295127 0.09624320 0.11776277 0.10248336 0.09719284 0.11307521 0.08881442 0.11617882 0.11071021 0.11999135 0.10326217 0.11841745 0.09176954 0.12257357 0.11371269 0.10242831 0.10492563 0.11594851 0.10436869 0.10660066 0.11246221 0.12217840 0.10687672 0.14145500 0.12453788 0.10608417 0.10947146 0.09326516 0.11910407 0.09584966 0.11947785 0.09404866 0.10796022 0.10421401 0.09468731 0.09383564 0.10906685 0.11158518 0.11855632 0.11144695 0.10055505 0.10418764 0.10920389 0.10332965 0.11188820 0.09772452 0.09241740 0.10526384 0.10252339 0.09343894 0.10232095 0.12980073 0.11673685 0.11961168 0.09826856 0.09163899 0.12079295 0.11837427 0.11040828 0.09537406 0.10496213 0.11666244 0.13777870 0.11243119 0.11034366 0.11307704 0.10116293 0.10578192 0.11107420 0.11077891 0.11136398 0.11179547 0.11301107 0.10973833 0.12255176 0.13314606 0.13693931 0.11309203 0.11737412 0.11734248 0.11923458 
0.12150853 0.12150853 0.11775920 0.11639396 0.17427782 0.00000000 0.17525949 0.18252501 0.16452924 0.17218355 0.16870646 0.17473620 0.13726309 0.15033305 0.14538659 0.13645595 0.09466903 0.13727209 0.12945786 0.07898112 0.12503703 0.11893570 0.13630280 0.09043503 0.09870020 0.11338596 0.10240184 0.12847863 0.11650713 0.11584982 0.11806625 0.11067330 0.11260651 0.11751573 0.09409819 0.11980695 0.12219311 0.11636949 0.08797445 0.09946652 0.11882088 0.08134013 0.09987860 0.10401205 0.10000463 0.11740908 0.11308703 0.08607544 0.12119439 0.09979665 0.08555855 0.08526258 0.09328167 0.11062894 0.12928701 0.14850341 0.12015484 0.12212907 0.09037086 0.10098044 0.11015744 0.11192443 0.11325747 0.12073703 0.10562195 0.10563017 0.10872409 0.11108449 0.10897041 0.09983797 0.11005259 0.12226723 0.08232351 0.10089942 0.11317855 0.12909387 0.09696907 0.10269171 0.08321282 0.09241097 0.09991137 0.10597372 0.08469609 0.08098807 0.09274058 0.10748365 0.12566129 0.08856031 0.09735332 0.11170147 0.11160823 0.10302507 0.12005645 0.07758001 0.07513643 0.08767200 0.10011875 0.10231263 0.11453878 0.08176778 0.07088573 0.09145717 0.07848607 0.12672551 0.11180341 0.10705780 0.11562806 0.12279977 0.10950239 0.09142891 0.11895102 0.13136618 0.10919666 0.09365604 0.11298251 0.11683166 0.09328643 0.11381726 0.09597554 0.09034779 0.08993807 0.11432603 0.10282923 0.10427537 0.10561412 0.11782046 0.08115216 0.12190570 0.11360688 0.12300823 0.08257626 0.11137753 0.12058412 0.12325296 0.07976675 0.08623698 0.09749522 0.09978006 0.12022523 0.07942648 0.12356124 0.09275593 0.10199919 0.11229491 0.12151124 0.09519844 0.08918117 0.13446684 0.12246144 0.09168486 0.10973384 0.07528043 0.10566273 0.10631749 0.12568225 0.12855850 0.11681489 0.08126261 0.12367334 0.12906193 0.11794208 0.09753426 0.11512459 0.11992577 0.13714840 0.09560565 0.12359361 0.11465455 0.13028614 0.10697899 0.11431920 0.10582871 0.08674659 0.09976717 0.09762294 0.12198734 0.08782255 0.10459505 0.10003651 0.08529201 0.10591180 0.10524938 0.10160246 0.11133344 0.10588426 0.10563705 0.12121387 0.10511298 0.11008920 0.10972400 0.09024943 0.09041695 0.09316430 0.08855204 0.08255621 0.11187810 0.10945694 0.11926928 0.10120848 0.09408639 0.07793378 0.10338514 0.12977707 0.13074846 0.10400733 0.11995324 0.13467931 0.12953558 0.12241246 0.11477345 0.09686511 0.10589314 0.12609651 0.11271297 0.13316416 0.12262954 0.11689667 0.11962667 0.11121268 0.13035256 0.12525500 0.13417489 0.11292544 0.11944812 0.11942633 0.12150853 
0.11948284 0.11948284 0.12714239 0.12512347 0.15904945 0.17525949 0.00000000 0.19803357 0.17069854 0.16584232 0.16785241 0.17305860 0.15709842 0.14566430 0.16535583 0.13533516 0.10118379 0.10705003 0.10462081 0.08177373 0.09313470 0.09220549 0.12414961 0.09793823 0.11060660 0.12124620 0.11484652 0.09793605 0.10843434 0.11754665 0.12145513 0.10413314 0.13384287 0.11460321 0.09539935 0.09162348 0.11753774 0.11771004 0.08672355 0.11562817 0.11883203 0.11792943 0.10387128 0.09791635 0.09456707 0.09053890 0.09851142 0.08788706 0.14666889 0.10218016 0.08260136 0.08704506 0.09435398 0.11460156 0.13291717 0.14299540 0.12500260 0.13369200 0.10769832 0.10578231 0.12270641 0.10189016 0.11685312 0.11342210 0.10762969 0.10071422 0.11428390 0.11196802 0.10159523 0.11252720 0.12149783 0.10648564 0.08525743 0.10742733 0.10840507 0.11270567 0.11667083 0.09712354 0.08134834 0.09325881 0.09185097 0.12650934 0.09305600 0.08271808 0.09123796 0.10398631 0.12667090 0.10155290 0.09549260 0.12810763 0.09923557 0.09292744 0.10602019 0.08398916 0.08542595 0.08983635 0.10954481 0.10470906 0.12415426 0.08357031 0.07846535 0.11218870 0.09234839 0.12338675 0.11905015 0.12606037 0.10901718 0.11548355 0.11521024 0.08387761 0.12429545 0.10716080 0.12474172 0.10520277 0.14685605 0.12883017 0.10150268 0.11569302 0.09810000 0.09454424 0.09538637 0.11581391 0.11504648 0.11450158 0.10051032 0.11532404 0.09264443 0.10965037 0.11419551 0.11247022 0.10398014 0.11091330 0.11848495 0.11587233 0.10380192 0.08961623 0.09263319 0.09163526 0.12309390 0.08298959 0.10907135 0.09547604 0.08993518 0.09849117 0.11116057 0.10326011 0.09353315 0.10727924 0.10845351 0.10273200 0.11527620 0.08382632 0.11312198 0.10480082 0.10827882 0.11192454 0.12049605 0.10022618 0.12300601 0.11404240 0.11140622 0.11577382 0.11587645 0.11190268 0.12350403 0.09844328 0.11579914 0.11177023 0.14603011 0.11474559 0.11904883 0.09635521 0.08930135 0.11659187 0.10621856 0.11611560 0.09001895 0.10715538 0.10263635 0.09931097 0.10533240 0.12107367 0.10128098 0.10471699 0.10227881 0.10110935 0.10985468 0.11960698 0.09749723 0.11635790 0.09669369 0.10019192 0.09964124 0.08724767 0.08459551 0.09505386 0.10430877 0.10245938 0.10146237 0.10935721 0.08053435 0.08096375 0.10031663 0.11103671 0.09682141 0.11475590 0.10528906 0.11437019 0.11364852 0.12037948 0.09686649 0.12037486 0.10751428 0.11683727 0.11006048 0.11967231 0.11951023 0.12075332 0.10657077 0.12645924 0.12721893 0.12611134 0.10695782 0.11728317 0.11725957 0.11948284 
0.11989365 0.11989365 0.12593022 0.12385857 0.17595045 0.18252501 0.19803357 0.00000000 0.19515758 0.18141282 0.17759192 0.17851100 0.17801542 0.14602428 0.16047071 0.14124289 0.10023447 0.10779090 0.10741100 0.08345113 0.09900684 0.11144440 0.11920915 0.09269897 0.10492347 0.11020514 0.10227637 0.10129475 0.12479166 0.11255419 0.12397556 0.10733015 0.10724690 0.11081984 0.09027085 0.12644356 0.11699938 0.10235235 0.08844565 0.10641870 0.11634919 0.10107910 0.10027196 0.11582991 0.09641598 0.10804762 0.10541118 0.09071049 0.12417662 0.10281115 0.08059998 0.09074295 0.09087589 0.12178656 0.12543741 0.13859453 0.12364543 0.11505004 0.08616584 0.11270393 0.10969810 0.09192762 0.10860213 0.12031138 0.10969411 0.10613694 0.11051299 0.11268453 0.10486992 0.10703734 0.13564876 0.12142657 0.08860703 0.10565541 0.11662987 0.10840261 0.11933718 0.09494447 0.08049924 0.09878652 0.10182002 0.11660553 0.09501251 0.08486100 0.09312427 0.12674373 0.10153122 0.09036950 0.09934833 0.09627934 0.10678548 0.09319013 0.10305491 0.08151977 0.08192393 0.09007833 0.12066552 0.10585051 0.12116214 0.08319199 0.07479826 0.11714199 0.08925109 0.11663472 0.11417830 0.10838564 0.11685560 0.12254415 0.10602515 0.09197728 0.11928403 0.11744493 0.12262276 0.09682567 0.13071566 0.11942312 0.08895696 0.11399020 0.10074691 0.09612130 0.09942315 0.12415013 0.11604813 0.09393581 0.10543075 0.11824425 0.08414764 0.10333501 0.11135018 0.11636057 0.09263275 0.10613978 0.11290012 0.10421068 0.08685215 0.08726282 0.09691650 0.09278520 0.11193801 0.08165312 0.11640188 0.09442488 0.10212500 0.12287970 0.11029765 0.10729034 0.09004564 0.11938605 0.09305745 0.10208000 0.11918351 0.07809318 0.10881255 0.09904870 0.11186609 0.11553142 0.12739148 0.09514409 0.12352969 0.11521151 0.10416508 0.10742743 0.11949077 0.11031006 0.12222415 0.09492171 0.12481526 0.11109329 0.13086689 0.10957796 0.12279957 0.10463277 0.09054930 0.13048550 0.09649605 0.10823847 0.08850588 0.10845005 0.10361132 0.10674205 0.10225432 0.12749635 0.10430128 0.10179390 0.09824508 0.10761112 0.11222448 0.10306655 0.10840120 0.11528810 0.09922295 0.09015703 0.09691874 0.08541711 0.08066152 0.13255305 0.13177025 0.10394025 0.09703523 0.10738831 0.07606145 0.09273059 0.09254415 0.12249217 0.10266085 0.11263517 0.11012247 0.10919324 0.11010303 0.11714659 0.10551316 0.11122119 0.12409853 0.11806136 0.10696477 0.12135626 0.11683599 0.10980323 0.11028703 0.13246294 0.13618626 0.12154134 0.10747927 0.11750268 0.11748236 0.11989365 
0.12063623 0.12063623 0.12630374 0.12429155 0.15660646 0.16452924 0.17069854 0.19515758 0.00000000 0.19171368 0.19586697 0.18381355 0.15973181 0.14586035 0.15194207 0.14868429 0.10554822 0.11436375 0.11362007 0.07871654 0.10913997 0.11894067 0.13040436 0.09276240 0.10144161 0.13137120 0.09714596 0.09832079 0.12709947 0.10929037 0.12221133 0.11698451 0.11718547 0.11642136 0.08500067 0.12720852 0.10663759 0.12753426 0.09432617 0.10108191 0.11728653 0.08365508 0.08824287 0.11396170 0.10252518 0.10957162 0.12393528 0.08609446 0.11972376 0.09569349 0.08225122 0.08602647 0.08788398 0.11471166 0.13853402 0.13133626 0.12967180 0.11853194 0.09137764 0.11947549 0.11606166 0.10712197 0.11352874 0.13537057 0.09574105 0.08921519 0.12001156 0.12421102 0.14130879 0.11172413 0.12601997 0.10279461 0.08655462 0.11866484 0.10716479 0.11821309 0.12077787 0.09415226 0.08059406 0.09181935 0.10569534 0.10422158 0.08807086 0.07960546 0.09175934 0.11212939 0.12122514 0.08929816 0.10681852 0.10706336 0.10540695 0.10034829 0.10240119 0.08002225 0.08135360 0.08165995 0.11342879 0.09906712 0.15946957 0.07780118 0.07621313 0.09923799 0.08441264 0.10708298 0.11269633 0.10866171 0.12325956 0.12010091 0.09695659 0.09502377 0.12300543 0.11900224 0.11284337 0.09331347 0.09812984 0.10578946 0.09643809 0.11054747 0.09718757 0.08479460 0.09378487 0.12083768 0.11327980 0.11898707 0.10616016 0.10823523 0.08268478 0.11524644 0.12421564 0.11922526 0.08210407 0.11803340 0.11534202 0.11653313 0.07607994 0.07784633 0.08744623 0.09692715 0.10098393 0.07544730 0.12128558 0.09110594 0.09794012 0.10410735 0.10770929 0.09814642 0.08926562 0.12932332 0.10960794 0.10048901 0.11516378 0.07955975 0.08901674 0.11003316 0.11103651 0.12475253 0.11377052 0.09580088 0.12600692 0.12561374 0.11920056 0.11042452 0.12222828 0.10804896 0.12325586 0.10040838 0.12485502 0.11522578 0.12556880 0.11116958 0.11109981 0.12104027 0.08149284 0.10979010 0.09236908 0.11057897 0.08381588 0.10203723 0.09652984 0.09710739 0.10686666 0.12727090 0.10395151 0.10145876 0.11509874 0.11593635 0.11654715 0.10625902 0.10401476 0.11823531 0.09427363 0.09027498 0.09240705 0.08956759 0.07990215 0.10286810 0.12988112 0.09893945 0.09865266 0.09261642 0.07028066 0.09907783 0.11347446 0.12363134 0.09267496 0.12388360 0.11692657 0.11945831 0.10925772 0.12436901 0.10308856 0.10448535 0.11265107 0.11171493 0.11816264 0.11517019 0.12341111 0.12103507 0.11144214 0.13502426 0.14290950 0.13004209 0.10942023 0.11806265 0.11804091 0.12063623 
0.12245148 0.12245148 0.12657168 0.12406722 0.16439890 0.17218355 0.16584232 0.18141282 0.19171368 0.00000000 0.18520977 0.18486621 0.15589569 0.17177244 0.15341675 0.14948303 0.09248106 0.11923601 0.10865131 0.08138932 0.10466228 0.09970081 0.12007952 0.09947038 0.10029782 0.13437154 0.09236448 0.10101867 0.13597493 0.12639281 0.12631688 0.10602407 0.12088908 0.10922698 0.08849091 0.13429405 0.12682068 0.11165903 0.08697247 0.10563925 0.10654030 0.08685002 0.09455844 0.10521892 0.08105632 0.10799351 0.12564361 0.08819125 0.11821892 0.09954403 0.08321632 0.08826513 0.08958652 0.11978072 0.13588214 0.13203321 0.12817858 0.11416962 0.10801486 0.10920966 0.10461562 0.10853287 0.11746861 0.13129601 0.11945333 0.09237647 0.11485202 0.12174689 0.12027908 0.10544045 0.12721699 0.10390311 0.07622406 0.11325110 0.11111886 0.12506141 0.11250155 0.10047984 0.08008305 0.09855272 0.11649259 0.09600569 0.08662947 0.08199404 0.08615416 0.09678617 0.10810254 0.08721757 0.10066422 0.11411327 0.11866796 0.10031839 0.11299988 0.07638953 0.09839502 0.08646158 0.10944928 0.10273111 0.12958160 0.08039284 0.07859150 0.12198676 0.08545760 0.10954234 0.11206139 0.10467091 0.12668626 0.12095040 0.09589301 0.08713830 0.10966568 0.11319395 0.10530688 0.08591921 0.10606323 0.10474550 0.09991453 0.12090380 0.09859978 0.08906532 0.09676214 0.12821495 0.09452344 0.10213994 0.12311033 0.11724650 0.08196691 0.10291432 0.11858701 0.11862079 0.08918037 0.12129596 0.11683200 0.12608360 0.08267391 0.08018363 0.09235582 0.09586742 0.11790836 0.07940715 0.12613221 0.09316113 0.11027421 0.11871336 0.11976735 0.08900953 0.09007955 0.10961969 0.10916597 0.09902613 0.11953801 0.08214412 0.09295776 0.10309355 0.12598974 0.11010077 0.10545482 0.10533851 0.12941051 0.12789869 0.13017274 0.12277714 0.12027948 0.11506284 0.11794444 0.08897736 0.11565109 0.12405864 0.13440764 0.10388750 0.11688649 0.10752173 0.08648283 0.10257954 0.09296513 0.10713301 0.08625993 0.10560303 0.10043021 0.09696653 0.09854085 0.11897471 0.10017154 0.10293090 0.10659590 0.10943638 0.11263624 0.09789244 0.10721444 0.10949070 0.09001981 0.08913526 0.09672266 0.08030331 0.07920036 0.09577734 0.10057964 0.10342031 0.09856731 0.10553852 0.07480002 0.10948596 0.10960223 0.12823916 0.09605071 0.11141145 0.12284985 0.11633717 0.11391344 0.12810289 0.11084227 0.11090429 0.12200429 0.12135278 0.10135225 0.11578761 0.13255645 0.12477633 0.10967279 0.13540604 0.13893195 0.12416854 0.11036557 0.11998115 0.11996333 0.12245148 
0.11968283 0.11968283 0.11492496 0.11298892 0.16413051 0.16870646 0.16785241 0.17759192 0.19586697 0.18520977 0.00000000 0.19983899 0.19664181 0.14407263 0.15081120 0.15721051 0.10202488 0.12958294 0.11499993 0.07988490 0.10391422 0.09948779 0.14975222 0.10798981 0.11292143 0.13495571 0.11479727 0.11150479 0.12027840 0.12003511 0.12606623 0.11512425 0.11676554 0.11466626 0.09133913 0.10168404 0.11443484 0.11361698 0.10704036 0.09772890 0.10425649 0.08970001 0.09026687 0.11483223 0.07500512 0.10909035 0.12256420 0.08623374 0.12570933 0.09353145 0.09442978 0.08626182 0.09056891 0.11251389 0.13193422 0.14224815 0.13729412 0.12228675 0.11229181 0.11066900 0.10743629 0.11055043 0.11832278 0.12928924 0.11220318 0.09153746 0.11264770 0.11891487 0.12654408 0.10643182 0.11591604 0.11228742 0.09220653 0.09334999 0.10648183 0.10700579 0.12248868 0.08807052 0.08248655 0.09060945 0.09215112 0.10655923 0.09190256 0.08013075 0.10877137 0.10506880 0.10690440 0.09324614 0.10794783 0.11383634 0.10677734 0.10620821 0.10747500 0.07098117 0.08361731 0.07993480 0.09950285 0.09692352 0.12906527 0.07804746 0.07931340 0.08682215 0.08684261 0.11338679 0.11443132 0.09240125 0.10827405 0.11348294 0.10302591 0.09066676 0.11948561 0.12261249 0.11659309 0.10260700 0.11811354 0.10944035 0.08705346 0.10788432 0.09712733 0.08826077 0.08609590 0.12616172 0.10887093 0.10461843 0.10351210 0.11365782 0.10182933 0.09330673 0.11145011 0.11425473 0.09086377 0.11453548 0.11082979 0.10765493 0.08634938 0.09013872 0.09108461 0.09711477 0.11484372 0.07890497 0.10868124 0.09225027 0.09985197 0.10049630 0.09366162 0.09785031 0.08662530 0.12844210 0.09440054 0.09504612 0.12572857 0.08588845 0.08926208 0.10291725 0.11976516 0.12134849 0.13696468 0.10119166 0.11621347 0.11937465 0.11449634 0.12225463 0.11997676 0.11627612 0.10950365 0.12686757 0.11567836 0.11832772 0.13433555 0.11714479 0.10828371 0.10488012 0.07943894 0.08917905 0.09384751 0.13182451 0.08429452 0.09988262 0.09424065 0.09734162 0.12914541 0.10544663 0.11943684 0.10061982 0.10780902 0.11132745 0.10837854 0.10617819 0.10982784 0.12148594 0.10714378 0.09473269 0.10957987 0.09456897 0.07978917 0.11348135 0.10292425 0.09753131 0.11343820 0.08433479 0.08069409 0.09019690 0.10922305 0.12986679 0.09809528 0.10034098 0.11774061 0.12085920 0.10607095 0.13603074 0.10698787 0.09911760 0.10669054 0.12333656 0.12254591 0.11162291 0.12144127 0.12162642 0.11658760 0.12162106 0.13459875 0.13823118 0.12142767 0.11705783 0.11703351 0.11968283 
0.12183040 0.12183040 0.11639986 0.11511808 0.15091087 0.17473620 0.17305860 0.17851100 0.18381355 0.18486621 0.19983899 0.00000000 0.18079492 0.16057549 0.17269796 0.15746102 0.09575960 0.12905982 0.13373361 0.07038554 0.10039479 0.11781233 0.12838218 0.08277773 0.09715769 0.12873464 0.09199360 0.10291953 0.12037291 0.11651593 0.13838022 0.11750440 0.11171757 0.11973757 0.08824099 0.11983796 0.11799077 0.11619054 0.10289534 0.09281509 0.12167091 0.08616418 0.08674751 0.12937889 0.08458995 0.11877412 0.10725802 0.07920711 0.12036810 0.09136272 0.07488664 0.07902148 0.08652181 0.11994752 0.13235778 0.13835858 0.12878456 0.11734792 0.11380393 0.11536991 0.11500798 0.11743183 0.12073602 0.12161954 0.09145145 0.10196963 0.11034206 0.12397173 0.11902242 0.10059452 0.12276119 0.11573816 0.07304293 0.11917837 0.13137677 0.10992325 0.13098878 0.09138527 0.07197968 0.08642523 0.09329451 0.09523749 0.07861881 0.07185455 0.08861529 0.10690993 0.11868009 0.08933091 0.09868682 0.11365069 0.10870745 0.10634220 0.13089743 0.06037491 0.07809632 0.07388753 0.08662801 0.09501511 0.12506755 0.07002090 0.06349004 0.10593620 0.07090960 0.12022188 0.12247585 0.11612630 0.12014262 0.13246394 0.09897893 0.08127382 0.12295034 0.12631545 0.12106586 0.09418490 0.12165841 0.10968854 0.09686045 0.11292596 0.09184496 0.08455114 0.08236523 0.11263523 0.10435473 0.11426070 0.11033324 0.11951759 0.08093777 0.11232133 0.12866925 0.12648318 0.09195677 0.11528389 0.11440210 0.10386198 0.08441100 0.08236897 0.08720050 0.08529303 0.13098157 0.06689791 0.12273575 0.08511823 0.08716455 0.11033355 0.11887462 0.09915380 0.08563389 0.13203871 0.12484661 0.08882651 0.12755896 0.06214567 0.08647094 0.09612263 0.12024850 0.11667432 0.12160067 0.09206528 0.13167024 0.12028967 0.11021043 0.11066147 0.12219099 0.11545401 0.11247312 0.10808429 0.13155473 0.11877143 0.13343013 0.11136948 0.12475374 0.12529739 0.07363190 0.12356165 0.08601886 0.11136158 0.07694808 0.09827803 0.09171602 0.08600771 0.12004915 0.10987474 0.11779505 0.10174038 0.10968262 0.11592071 0.10856150 0.10761227 0.10761195 0.12224614 0.09478818 0.07646555 0.10140144 0.09831179 0.07536322 0.10329545 0.11194778 0.10546124 0.09390762 0.08869418 0.07383793 0.10006415 0.10588533 0.12596619 0.11522240 0.13199213 0.11401662 0.10837185 0.12230812 0.11821748 0.10415058 0.10290547 0.12803209 0.12994456 0.10951744 0.13106210 0.12535787 0.12784593 0.10860360 0.13024635 0.14433417 0.13339000 0.12282255 0.11899213 0.11897328 0.12183040 
0.11536038 0.11536038 0.14772832 0.14552144 0.13054368 0.13726309 0.15709842 0.17801542 0.15973181 0.15589569 0.19664181 0.18079492 0.00000000 0.27428904 0.23857212 0.22507132 0.09686985 0.13241714 0.10770596 0.05190671 0.09327466 0.11473376 0.10139252 0.06792415 0.08771758 0.10263518 0.11565090 0.14634059 0.18880768 0.12750609 0.12734036 0.10385198 0.09505783 0.14378664 0.14375816 0.10819559 0.09653150 0.09293659 0.09082223 0.09973683 0.10542537 0.06711346 0.06322430 0.09423420 0.07849070 0.14012335 0.10799000 0.08110916 0.11461000 0.07609548 0.07481848 0.08094423 0.07570890 0.13418807 0.15608976 0.14905074 0.14488651 0.11886703 0.10193176 0.11598193 0.08865652 0.08938812 0.09046899 0.13561110 0.07110126 0.12256963 0.11139416 0.11375988 0.12984281 0.08089825 0.10329356 0.07576024 0.10910872 0.10930910 0.11660993 0.12530596 0.12006150 0.08376689 0.07792414 0.09506316 0.10023309 0.11218069 0.11087938 0.06134877 0.08986338 0.09681591 0.11036630 0.07967320 0.07980350 0.11302589 0.09172569 0.08069113 0.10581954 0.06792617 0.08618604 0.07051624 0.08295708 0.08573962 0.08368018 0.06993511 0.05768984 0.13767225 0.06673968 0.09597126 0.11534002 0.10584349 0.11906112 0.10898850 0.11798911 0.10327973 0.11713482 0.13314635 0.11721779 0.10490677 0.10412776 0.08092938 0.08798643 0.09513296 0.06789863 0.09240465 0.08832877 0.12161213 0.14345054 0.12861986 0.08090533 0.11978555 0.08795601 0.08182288 0.11167786 0.11589958 0.07790164 0.09845395 0.15091498 0.13892974 0.11139028 0.10314679 0.08721063 0.10982585 0.11630850 0.05391890 0.11851784 0.07361579 0.07848306 0.12333776 0.10128087 0.11247455 0.10039951 0.14716292 0.08432818 0.11873865 0.15538461 0.11797312 0.09059352 0.11165099 0.12444122 0.12692740 0.12676953 0.16214155 0.14262874 0.13068481 0.12855830 0.09836760 0.12719810 0.11224538 0.10874796 0.12260884 0.16169582 0.11226425 0.12374577 0.09317636 0.10455794 0.09185943 0.06629274 0.09483154 0.09028516 0.08106751 0.07426351 0.11165265 0.10620718 0.08853605 0.11582691 0.12224607 0.11150968 0.08331930 0.09515275 0.09651131 0.13750642 0.11885112 0.12945397 0.08672401 0.12660588 0.09494698 0.10888452 0.09210021 0.08082369 0.12100511 0.11567602 0.09479561 0.08350914 0.07716766 0.08980336 0.09995011 0.08690047 0.11463479 0.12807627 0.11085736 0.13698638 0.11652211 0.11585602 0.13642032 0.09409895 0.11668326 0.14185983 0.12773604 0.10556641 0.12909095 0.14751734 0.13115995 0.10835784 0.10534874 0.14184416 0.12569214 0.14067599 0.11005851 0.11003446 0.11536038 
0.11482658 0.11482658 0.13387566 0.13276850 0.13713750 0.15033305 0.14566430 0.14602428 0.14586035 0.17177244 0.14407263 0.16057549 0.27428904 0.00000000 0.28797648 0.22759875 0.14144402 0.14843718 0.09682603 0.04918632 0.10520759 0.09435939 0.10206998 0.07743434 0.07550001 0.11876327 0.10900037 0.13352821 0.17964788 0.16349563 0.13826567 0.11192219 0.08458520 0.12487165 0.09999537 0.13304459 0.09360325 0.11121800 0.10466764 0.11329170 0.13091628 0.08760815 0.04793320 0.07975819 0.04589120 0.10060515 0.08997397 0.06350760 0.09450113 0.08292745 0.05704903 0.05065668 0.13586763 0.12583732 0.16897919 0.14332421 0.13726320 0.13084232 0.10487224 0.11845402 0.11751729 0.08231318 0.13038447 0.13540628 0.09404530 0.08195159 0.11960792 0.16451278 0.08534658 0.08884423 0.10796820 0.10791017 0.08302666 0.11683171 0.11061360 0.09662051 0.12945130 0.07657361 0.06396462 0.07644102 0.09255515 0.10162256 0.09715404 0.03103258 0.12004166 0.10945487 0.08345299 0.12798693 0.09335736 0.11035132 0.12770295 0.08776824 0.10223078 0.05007881 0.05953973 0.05595632 0.13388446 0.08388525 0.11663660 0.05281739 0.06557028 0.11861544 0.05460215 0.13782551 0.11708312 0.11638419 0.15438420 0.12652330 0.11091928 0.08951895 0.10336876 0.12148313 0.11543185 0.10697189 0.11911075 0.09934114 0.07485694 0.09227351 0.06364144 0.06711780 0.11169780 0.11574781 0.10818056 0.10879138 0.11125228 0.11969406 0.07963097 0.10155954 0.13824700 0.12395167 0.08186612 0.10048796 0.14094373 0.12879386 0.08307158 0.08269862 0.07843069 0.08296900 0.11787132 0.04775718 0.11467969 0.07119252 0.06677532 0.09620304 0.11280274 0.13675314 0.11953677 0.12763797 0.08071572 0.09687450 0.12686212 0.08035051 0.08000259 0.11721979 0.11249003 0.09032791 0.10962334 0.13743900 0.12139355 0.12886620 0.11943446 0.09333666 0.11955768 0.13138935 0.10857328 0.12036266 0.11650355 0.14931215 0.11995585 0.08681858 0.11030640 0.08541440 0.04337242 0.10757669 0.07830696 0.12564370 0.05747241 0.11044669 0.10767715 0.08836035 0.08594611 0.11983819 0.09248026 0.07864608 0.11095510 0.14638972 0.13679708 0.11789611 0.14855737 0.15236502 0.13514038 0.11441564 0.09482791 0.10076768 0.06259111 0.12747810 0.12001492 0.09756185 0.08023354 0.08398504 0.09243768 0.11761201 0.11055711 0.12067000 0.13580785 0.13667215 0.10217020 0.12420545 0.17145458 0.12447121 0.11535114 0.11553462 0.14295623 0.15176007 0.14930859 0.11954502 0.14278097 0.10148539 0.10955959 0.11876288 0.13761629 0.15424207 0.15254502 0.10889404 0.10888326 0.11482658 
0.11800100 0.11800100 0.13507852 0.13390270 0.14464418 0.14538659 0.16535583 0.16047071 0.15194207 0.15341675 0.15081120 0.17269796 0.23857212 0.28797648 0.00000000 0.21081513 0.11989161 0.15834306 0.10695612 0.04397701 0.09202155 0.14509231 0.10656048 0.04864102 0.08176679 0.11578960 0.09129601 0.12694962 0.15075055 0.13293890 0.15532473 0.10771608 0.08859729 0.12710845 0.08385126 0.11321622 0.13851783 0.10668394 0.07597467 0.12887393 0.11563774 0.09573095 0.05204862 0.06508722 0.03706581 0.11454364 0.13375984 0.05090914 0.09983211 0.06717143 0.07373394 0.03591731 0.09941899 0.11936773 0.16429123 0.17728189 0.14560904 0.12659634 0.09835556 0.10755324 0.10290832 0.09181507 0.10306109 0.15741913 0.09112387 0.11791971 0.14222835 0.10550972 0.12545402 0.07089833 0.10603957 0.13229986 0.05909708 0.11385856 0.12840908 0.10960268 0.15057295 0.08725808 0.06588525 0.12990202 0.09756288 0.09770277 0.10365477 0.03150421 0.09005357 0.10674817 0.08555767 0.10269366 0.09387390 0.12148762 0.10931395 0.09599974 0.13820373 0.05687463 0.08020172 0.05503831 0.10747008 0.08005639 0.07804336 0.05052291 0.06109925 0.11685576 0.04192006 0.09959026 0.10733313 0.09579110 0.11085353 0.11847354 0.08451167 0.09392776 0.12519425 0.11015384 0.08440463 0.07960097 0.13541481 0.08314225 0.06392481 0.10899582 0.05179473 0.07210498 0.12519523 0.11017532 0.13279661 0.11482687 0.12522066 0.11097942 0.12562069 0.08168518 0.11768279 0.12166225 0.07336735 0.11079061 0.14740440 0.12765326 0.09950517 0.07007031 0.08213118 0.07828037 0.10777355 0.04404756 0.11877561 0.07914861 0.07506269 0.08487488 0.05046033 0.11614381 0.08025190 0.13050895 0.07950937 0.07579461 0.12095477 0.07233290 0.07300039 0.13461275 0.15212673 0.08404019 0.12068593 0.15814763 0.16077304 0.11422119 0.12199643 0.13804638 0.11104192 0.12911040 0.12967628 0.09528403 0.15891606 0.13549857 0.13014531 0.07898965 0.12772130 0.08085674 0.04943542 0.07480186 0.12476801 0.10458587 0.06499078 0.10627963 0.11160421 0.09613705 0.13369884 0.09854071 0.16843467 0.05720113 0.12505853 0.11894345 0.13949242 0.10491255 0.11360700 0.13951225 0.11097602 0.09717613 0.13667911 0.09726659 0.05625629 0.11047437 0.13752711 0.10807320 0.08094578 0.06961657 0.08876633 0.07835957 0.10467437 0.13169784 0.11939890 0.16370283 0.14604270 0.11853760 0.14358506 0.16221471 0.13133618 0.10076332 0.14088423 0.15847581 0.11655579 0.11627985 0.19423258 0.13298587 0.12801639 0.11862333 0.16671126 0.17607491 0.16039312 0.11157733 0.11156394 0.11800100 
0.11333827 0.11333827 0.13222177 0.12379618 0.13977235 0.13645595 0.13533516 0.14124289 0.14868429 0.14948303 0.15721051 0.15746102 0.22507132 0.22759875 0.21081513 0.00000000 0.21495121 0.35262631 0.12490393 0.07799093 0.05632687 0.06267919 0.10615870 0.05921599 0.10465558 0.14273814 0.08701699 0.16277036 0.15140691 0.13775257 0.10550011 0.10042836 0.10117416 0.10523677 0.10500250 0.09690262 0.08950516 0.09624928 0.06533287 0.09007272 0.15565774 0.06064460 0.05122245 0.06192153 0.10328310 0.09440907 0.08449692 0.06682176 0.11401453 0.09513051 0.06754800 0.04768514 0.07587208 0.10434286 0.15404320 0.12627507 0.13485563 0.13447427 0.09266830 0.16276122 0.10682020 0.08919891 0.10916197 0.14156692 0.05876934 0.05450921 0.11160997 0.10718466 0.09300324 0.09207507 0.13873960 0.11631266 0.09862631 0.13739605 0.13194275 0.08375926 0.10990785 0.08400358 0.09027824 0.11672121 0.12673628 0.08016714 0.07746888 0.03826923 0.11228183 0.10595757 0.09774463 0.12396839 0.09555637 0.11053990 0.08824557 0.09517850 0.12465682 0.08906676 0.07829578 0.02992316 0.11703735 0.07688457 0.15445981 0.05326163 0.08149937 0.09990192 0.04572993 0.11758272 0.15247915 0.08683160 0.12653265 0.10526490 0.12395512 0.08715669 0.15230776 0.10574580 0.10809827 0.09409352 0.13273677 0.12090199 0.06305807 0.11646563 0.07515713 0.12009708 0.14704362 0.06466120 0.13199583 0.08343964 0.13018508 0.12914779 0.09522147 0.07386153 0.15484384 0.13787965 0.07849629 0.11202793 0.11973443 0.14716874 0.08364505 0.06828163 0.12248600 0.12066050 0.08677493 0.04226143 0.10817609 0.09459163 0.10257814 0.11434578 0.11126555 0.13363111 0.11979112 0.14360696 0.06132713 0.08614612 0.12193484 0.09942161 0.05632414 0.07332030 0.13405996 0.12043790 0.09580917 0.08715211 0.13153191 0.13125633 0.08403531 0.11340936 0.09504582 0.10280842 0.09388248 0.07983535 0.10741371 0.11751225 0.13333161 0.11380664 0.10471274 0.08520273 0.07874189 0.09369096 0.08632306 0.11588932 0.08651013 0.12869476 0.12097663 0.09080485 0.12076336 0.10632481 0.15401754 0.07777786 0.12444148 0.15052157 0.14681411 0.13528924 0.12014168 0.13185496 0.13098179 0.14398959 0.13947378 0.12216370 0.10234879 0.13358544 0.10465278 0.07587260 0.06939549 0.08752400 0.07089385 0.08648983 0.11389488 0.14030573 0.08830617 0.17438046 0.12067603 0.11915937 0.11153097 0.12526475 0.09461149 0.11847086 0.13032203 0.13136921 0.08431350 0.09974362 0.15343908 0.12843701 0.13590898 0.15270374 0.20606104 0.14991342 0.14645716 0.10474216 0.10471047 0.11333827 
