0.00000000 0.36646455 0.30210035 0.32664990 0.26333550 0.23468167 0.23647635 0.26822053 0.24958308 0.24676460 0.20388274 0.20392365 0.21176698 0.22905067 0.20164284 0.18532514 0.21559458 0.18246477 0.25496972 0.21307828 0.20613755 0.19075825 0.20492092 0.19880788 0.20916691 0.20967297 0.18060709 0.20478492 0.17746616 0.17583614 0.23342951 0.21539757 0.22876593 0.21027574 0.17911141 0.23768291 0.21067089 0.22097342 0.24201792 0.21675116 0.19550516 0.21198899 0.18910957 0.20665609 0.20301311 0.22233890 0.16197663 0.17618459 0.19092033 0.24790962 0.19007572 0.20164306 0.23111480 0.23348214 0.22984186 0.23603536 0.25763512 0.20033362 0.21202824 0.22055641 0.22759515 0.21267645 0.17424891 0.18134317 0.22626456 0.22736700 0.22588097 0.19434996 0.21998380 0.23230062 0.25717141 0.20556165 0.22973311 0.19428107 0.20247588 0.20040946 0.23871854 0.23381794 0.20742023 0.21029369 0.18799284 0.20681584 0.19448663 0.22652916 0.21575144 0.22684538 0.22871803 0.18278807 0.17262929 0.21016119 0.19292103 0.20883795 0.20452657 0.18918659 0.20408326 0.17054351 0.18520020 0.19334100 0.22571719 0.20442660 0.19629303 0.23824706 0.21024521 0.19374996 0.16884957 0.19182307 0.21885879 0.23558629 0.22345411 0.19859465 0.23926882 0.18599548 0.19089086 0.25137683 0.19302887 0.19876382 0.19199252 0.20211379 0.20026380 0.19221524 0.20562151 0.19591256 0.19193284 0.23987982 0.19646202 0.20822998 0.20186007 0.21887499 0.19681674 0.21190412 0.22774164 0.21325544 0.23551452 0.19979874 0.22038782 0.20144267 0.20572691 0.20740764 0.22547877 0.19183322 0.21727713 0.21307486 0.18515368 0.20278077 0.17533538 0.20560945 0.19413069 0.21554679 0.22904287 0.19176515 0.19518933 0.18248213 0.18994673 0.21587738 0.21667586 0.18893245 0.24379070 0.19070669 0.17596584 0.23544508 0.21421351 0.19005502 0.22324041 0.20361427 0.20241907 0.21163673 0.17115092 0.18450079 0.19558829 0.16887952 0.21101123 0.22441069 0.22405644 0.21004905 0.22285879 0.19521747 0.21126903 0.20718838 0.18921857 0.17786175 0.21277807 0.20675475 0.20802470 0.23055086 0.17618157 0.16400326 0.19987499 0.20196914 0.21198291 0.19937693 0.22433291 0.19250242 0.22476192 0.22446160 
0.36646455 0.00000000 0.43671067 0.31830291 0.26646446 0.22252053 0.27372235 0.25701041 0.29950983 0.25075725 0.26565079 0.25678912 0.25460126 0.22194824 0.21598422 0.17852866 0.18380024 0.20362627 0.22128676 0.19940795 0.24404067 0.21223610 0.17779403 0.19662588 0.20752222 0.22335831 0.17432772 0.17495663 0.20427873 0.16362075 0.23683072 0.22337943 0.31556325 0.21659643 0.20580657 0.19384312 0.16709031 0.21245961 0.22280443 0.20251871 0.24851092 0.20264685 0.19659662 0.22962426 0.23423671 0.19743433 0.17340268 0.19363854 0.18805145 0.23552663 0.19657241 0.24104514 0.22941533 0.27339632 0.20913390 0.18732147 0.24782626 0.16756242 0.19355387 0.22495911 0.19446024 0.20013970 0.26122929 0.22267276 0.22711587 0.20845345 0.19906855 0.23620009 0.22008602 0.20622280 0.24053722 0.24964463 0.22634348 0.25718705 0.18187085 0.18580809 0.22556488 0.20809626 0.18611433 0.22706176 0.15982969 0.17224769 0.20624060 0.27391836 0.20284854 0.14609520 0.20512230 0.22402955 0.14212922 0.24655769 0.21329512 0.24683268 0.21508656 0.22859526 0.18899330 0.22244560 0.22764565 0.23450010 0.14637007 0.26808069 0.18092053 0.17890630 0.18488330 0.21437693 0.16057785 0.20884088 0.20626718 0.22433397 0.23642524 0.20949695 0.20391011 0.22819839 0.20234424 0.23993103 0.21631115 0.26740201 0.17193338 0.16063705 0.22761438 0.18374502 0.22149380 0.17136136 0.17176434 0.20573702 0.20760803 0.19183344 0.16875093 0.20282751 0.19774867 0.16408184 0.23019068 0.19793842 0.18960065 0.22260850 0.23011766 0.18537756 0.18831517 0.19009620 0.23725990 0.19689808 0.20699322 0.26417271 0.16688642 0.18253571 0.14501344 0.18838389 0.17609347 0.19256733 0.19989801 0.20177822 0.16961863 0.18518210 0.15540173 0.17346781 0.17430780 0.17653167 0.16398054 0.20388841 0.20335471 0.23434874 0.22849752 0.19138409 0.19749935 0.22486797 0.21590388 0.18545488 0.13466732 0.18134253 0.18130518 0.21628048 0.21163573 0.18831360 0.23491868 0.20414510 0.21280175 0.19371557 0.18855588 0.14751923 0.20518291 0.19780247 0.23415835 0.21645052 0.21356547 0.21165848 0.18911374 0.20409328 0.18943606 0.19622340 0.17855806 0.22774688 0.23255376 0.21519049 0.19939630 0.28605706 
0.30210035 0.43671067 0.00000000 0.49874337 0.36439758 0.29386743 0.33275691 0.38816039 0.38266026 0.25885154 0.26069844 0.29194248 0.25508499 0.27252506 0.19020326 0.18167230 0.26207446 0.16450314 0.23528775 0.23127544 0.28102796 0.24964724 0.23027329 0.27378301 0.24277400 0.23066236 0.15226607 0.17158798 0.22040491 0.17752625 0.22594696 0.28097128 0.27219350 0.24497652 0.21643491 0.20990591 0.22683824 0.26694222 0.14981023 0.24121657 0.17396542 0.25642240 0.15019885 0.25464397 0.17855632 0.12601246 0.15330361 0.13615251 0.18225609 0.23427439 0.14354357 0.16358124 0.21658511 0.23185647 0.20190937 0.16776445 0.20086857 0.14952326 0.19097719 0.20292671 0.18733422 0.19445050 0.19663753 0.18299624 0.18890618 0.18201844 0.19908931 0.22954844 0.24834404 0.24197954 0.27862153 0.22012232 0.24379228 0.17244949 0.16629503 0.20423627 0.20685172 0.21223889 0.24433833 0.20311678 0.18035965 0.16997535 0.14327216 0.19309157 0.16086057 0.20212592 0.13227834 0.22477862 0.19786891 0.22822614 0.16957885 0.22330338 0.18053731 0.23082745 0.21056229 0.16384266 0.22526151 0.18103987 0.19693278 0.21028844 0.13386077 0.17106199 0.18876678 0.19973661 0.21904460 0.22868752 0.15231122 0.24655012 0.19154778 0.21485443 0.24126514 0.20442933 0.23488840 0.24555855 0.21117579 0.15474943 0.16322201 0.12968929 0.16671630 0.14006755 0.18634816 0.19235962 0.15799381 0.21530546 0.15249325 0.18974368 0.17890794 0.16999486 0.17906932 0.23399722 0.17958212 0.16116741 0.17061403 0.24038977 0.23710121 0.20281692 0.18504140 0.24741335 0.27223802 0.21078034 0.22784954 0.21518754 0.15321369 0.17941332 0.14825624 0.15524902 0.17392344 0.19892451 0.23133043 0.18687139 0.19422375 0.20621717 0.11549000 0.25104965 0.19078848 0.18414623 0.18153497 0.15790253 0.19896614 0.24295792 0.22772242 0.19157196 0.22845256 0.26397960 0.21476754 0.20864983 0.13133047 0.17322085 0.18182759 0.20358895 0.14674737 0.20911000 0.20465115 0.19026346 0.21186734 0.22614454 0.23467287 0.15941151 0.24684870 0.22560839 0.18585942 0.16554224 0.21213363 0.27601470 0.18179446 0.14989611 0.22518754 0.24298652 0.28272663 0.26192696 0.28192556 0.18222136 0.25556994 0.25661871 
0.32664990 0.31830291 0.49874337 0.00000000 0.57106910 0.28273300 0.47113979 0.60300456 0.34710949 0.33140080 0.21219085 0.32178242 0.31826528 0.22926410 0.25606665 0.24322913 0.34356820 0.21091586 0.24149837 0.31153173 0.28969016 0.27843350 0.22514113 0.15228531 0.22151820 0.35084712 0.16741742 0.11725788 0.28512162 0.03622576 0.17526672 0.48215996 0.31551170 0.25938603 0.18723550 0.10610757 0.24457555 0.19878028 0.14506718 0.26855358 0.15553676 0.25355743 0.11846087 0.14530233 0.21974742 0.14203737 0.18628486 0.23993992 0.21269586 0.21698863 0.14411298 0.11261300 0.19866403 0.21263882 0.15981830 0.10459396 0.16343200 0.08016417 0.19595391 0.16412616 0.06288812 0.24484592 0.20747081 0.21482921 0.19567491 0.16344058 0.19678143 0.32444815 0.25394789 0.29675600 0.34071915 0.27707328 0.17070854 0.22205871 0.18510687 0.24632206 0.18138765 0.13531591 0.21775292 0.19185320 0.10515744 0.12913785 0.06088715 0.15462052 0.11846696 0.21171354 0.06323320 0.15847671 0.28918942 0.27523785 0.18136378 0.16998930 0.25482329 0.24314708 0.19361520 0.20171636 0.24217470 0.24305389 0.20561855 0.26990474 0.21870951 0.21755733 0.14043033 0.30650648 0.24413663 0.18162502 0.22576915 0.19111440 0.19727949 0.19164159 0.17169939 0.17949712 0.28273489 0.27142037 0.19192550 0.13989249 0.15087266 0.11525685 0.12538163 0.06336987 0.15649598 0.20547408 0.07232920 0.17022146 0.19057819 0.17789042 0.19922192 0.25891398 0.20188395 0.18420605 0.25524550 0.09292774 0.13070584 0.18392125 0.23353048 0.23256846 0.18079490 0.24222097 0.11297930 0.19132293 0.20523803 0.19307654 0.05921531 0.10287660 0.09808007 0.12896462 0.21366225 0.11585819 0.23990641 0.15214006 0.09685455 0.24192070 0.15510980 0.22623876 0.18665806 0.20688522 0.15459055 0.14818501 0.24963795 0.21923642 0.23781473 0.19207063 0.17198759 0.25871831 0.21381572 0.15240043 0.14230530 0.16582993 0.20821491 0.17289476 0.12328512 0.20119022 0.19188088 0.15087430 0.16654723 0.17310635 0.26859926 0.23293937 0.18863588 0.22803347 0.25762045 0.20087414 0.25876368 0.34334829 0.27676182 0.23950985 0.20086861 0.29798588 0.35855522 0.19137943 0.24327084 0.27711112 0.37080631 0.24585133 
0.26333550 0.26646446 0.36439758 0.57106910 0.00000000 0.46058162 0.99454674 0.86397859 0.33577012 0.41843912 0.27131715 0.28029265 0.32437555 0.31189490 0.27694628 0.29840366 0.31955760 0.31391585 0.23781966 0.35052489 0.25817422 0.20328888 0.22238454 0.18833555 0.44020254 0.56069417 0.51100550 0.13872086 0.18761516 0.00000000 0.18591591 0.31327837 0.24347348 0.22501924 0.16231348 0.08370904 0.21939638 0.15307998 0.14800670 0.29171556 0.21083830 0.26642862 0.11650685 0.22153895 0.17052012 0.24760547 0.16223975 0.11174038 0.23184832 0.18786208 0.15821561 0.20621029 0.21086166 0.19315037 0.23568712 0.14650345 0.14612475 0.08210012 0.12629929 0.19621456 0.07636531 0.18321239 0.17017459 0.09428662 0.24254474 0.20203889 0.24437389 0.22050551 0.28548375 0.32335814 0.21558878 0.25184052 0.22654620 0.18791226 0.19002645 0.24721034 0.13127437 0.21799992 0.18072868 0.19259893 0.12127125 0.10680676 0.04964313 0.15561641 0.12636231 0.22607336 0.06069531 0.20549736 0.20595301 0.22172967 0.16516005 0.18688595 0.23938748 0.21594457 0.12196935 0.16457106 0.20482716 0.20064004 0.23142746 0.27164198 0.22763266 0.19582219 0.31910802 0.19083896 0.15162787 0.24515808 0.19828180 0.09902740 0.24357864 0.18060080 0.17916302 0.13818026 0.14006890 0.15591383 0.11213590 0.14074256 0.11009072 0.07192107 0.07538559 0.09829334 0.13912097 0.13840297 0.08281896 0.15913265 0.18525036 0.15824082 0.25206460 0.18941981 0.21122067 0.20754869 0.18262518 0.18353366 0.18546134 0.26549556 0.21047061 0.17782363 0.22291638 0.15981243 0.17475361 0.18417329 0.19231664 0.16291732 0.08397280 0.12782222 0.17429934 0.10411285 0.13666541 0.17509202 0.12895994 0.14644368 0.11366730 0.25355659 0.19965382 0.08939740 0.20761359 0.23113204 0.25375484 0.16257571 0.19496654 0.24080537 0.21004613 0.21157726 0.17338654 0.33145962 0.15865479 0.15280177 0.17338357 0.16194846 0.16702737 0.16681330 0.09429848 0.22886291 0.17459898 0.15166325 0.15758000 0.19415001 0.28022827 0.18056836 0.12693937 0.28697729 0.19323808 0.18125835 0.21875839 0.29603888 0.31247877 0.19276007 0.18250617 0.27789110 0.37898730 0.18249650 0.24818321 0.28863884 0.23968426 0.24949138 
0.23468167 0.22252053 0.29386743 0.28273300 0.46058162 0.00000000 0.50794411 0.52465144 0.61851750 0.33271820 0.29964809 0.18203343 0.21390227 0.19955528 0.21570033 0.32723021 0.21772292 0.24078765 0.31441618 0.18418829 0.18751028 0.26635605 0.19977110 0.29926198 0.20180104 0.28074429 0.67545980 0.35418888 0.23166969 0.18332304 0.19470105 0.20873157 0.23212743 0.16057281 0.22930648 0.22650410 0.15968975 0.15467275 0.19106629 0.16750245 0.25235723 0.19686133 0.15600042 0.23093944 0.16220464 0.18475760 0.18520192 0.16948499 0.27488461 0.32119959 0.22093384 0.33761873 0.21700255 0.21149680 0.17489511 0.19235920 0.17825433 0.16436160 0.14201022 0.22845014 0.17350049 0.18146584 0.37324786 0.16774017 0.19605078 0.15150664 0.19779472 0.14521875 0.20811293 0.18940473 0.12555793 0.17349029 0.18976616 0.21769272 0.15250606 0.21766045 0.16641172 0.15352668 0.14066409 0.19243388 0.19207034 0.20952038 0.20128672 0.21738299 0.22066821 0.14492218 0.24081087 0.21291314 0.19925922 0.19046139 0.23391990 0.17268288 0.22663184 0.15438931 0.18417971 0.24714230 0.15142558 0.18515891 0.17247662 0.20665069 0.23225680 0.18325758 0.09926489 0.23200057 0.16243506 0.15389880 0.20178711 0.21553894 0.15866555 0.14598218 0.13273093 0.23293747 0.21896427 0.19403459 0.15536955 0.16188719 0.18170396 0.17908825 0.21233215 0.15724856 0.21242343 0.22786985 0.18783707 0.31658897 0.19649572 0.27560756 0.14824378 0.30516492 0.24309136 0.19098670 0.18045427 0.20606734 0.18459932 0.14911398 0.20584688 0.12807155 0.15782859 0.23550630 0.14831962 0.19462173 0.29630814 0.26954494 0.14144322 0.26415928 0.18492743 0.19489888 0.28185174 0.13851186 0.21153992 0.18389656 0.29057395 0.20888728 0.19943752 0.06835501 0.26945671 0.15080530 0.14886087 0.21279857 0.20714320 0.27939961 0.15392194 0.19654865 0.23758543 0.17930033 0.18713660 0.20551922 0.14930778 0.09834807 0.20171475 0.20038129 0.21163253 0.16102095 0.22200704 0.24491383 0.24623456 0.12695015 0.16452862 0.15770301 0.25142669 0.14425524 0.16356684 0.20809777 0.15572220 0.15908523 0.17558626 0.14084112 0.27334545 0.16934640 0.26687146 0.14769842 0.14664080 0.13605853 0.18623429 0.24377650 
0.23647635 0.27372235 0.33275691 0.47113979 0.99454674 0.50794411 0.00000000 0.74891006 0.36574916 0.46484469 0.24255951 0.30184757 0.46668286 0.34022871 0.19770782 0.64339817 0.37926612 0.23714569 0.25780592 1.06769449 0.32232612 0.30724828 0.18680121 0.20982542 0.28975985 0.39500135 0.23080857 0.06420073 0.18652314 0.02695590 0.17518723 0.25697525 0.19747415 0.21231837 0.20133708 0.05577020 0.31175303 0.14202051 0.15773253 0.23679587 0.22519982 0.24590003 0.08382468 0.13092361 0.13256847 0.18816016 0.22297589 0.18913366 0.19665455 0.19766967 0.10141832 0.13732094 0.19945984 0.20070365 0.16757121 0.12597292 0.23871808 0.13564561 0.12423514 0.16199925 0.10026412 0.23716908 0.15635565 0.17203417 0.29961932 0.20613445 0.29595425 0.27316902 0.33530420 0.30548495 0.26587333 0.23354987 0.16612505 0.16026988 0.25849394 0.11228022 0.11141336 0.14471294 0.18324019 0.19189057 0.18670618 0.09008898 0.12836140 0.14119868 0.16498029 0.17725922 0.05001435 0.13001688 0.14254847 0.19545170 0.13768453 0.16448686 0.27755632 0.19515814 0.07260887 0.15691530 0.24087988 0.26681566 0.24217422 0.31449330 0.17774647 0.19145748 0.26678271 0.22497131 0.12619606 0.23134764 0.16633693 0.14322010 0.17613173 0.20251077 0.15423522 0.15422354 0.24520344 0.22093751 0.11398568 0.11802874 0.07641599 0.12761632 0.10862821 0.07383032 0.19113041 0.10605194 0.13137270 0.11014975 0.22352563 0.26382260 0.14735833 0.20996929 0.18663545 0.21761562 0.16818194 0.14441581 0.20576674 0.15922152 0.17481499 0.36202547 0.11871022 0.25799188 0.07226390 0.25394428 0.20038070 0.20086390 0.14031305 0.09216159 0.12748189 0.06976742 0.17262262 0.15953374 0.17512502 0.09431882 0.08623590 0.28467772 0.28381382 0.11061657 0.15804346 0.23096559 0.16590726 0.07402132 0.10910325 0.24969363 0.21416457 0.15183997 0.13110254 0.23395760 0.18430945 0.16416929 0.10942244 0.15548752 0.19847937 0.15580679 0.17073393 0.14223424 0.13166000 0.10679376 0.19158935 0.17904171 0.27997873 0.21165789 0.12462928 0.26177118 0.23322150 0.28231296 0.22102467 0.29633944 0.35211989 0.18942130 0.23482746 0.25886838 0.21731397 0.21721730 0.28935775 0.28101062 0.21847042 0.26930820 
0.26822053 0.25701041 0.38816039 0.60300456 0.86397859 0.52465144 0.74891006 0.00000000 0.61943673 0.59223679 0.24982913 0.31724324 0.34008890 0.28876505 0.26251383 0.28662004 0.33531634 0.23340303 0.21853323 0.25156067 0.25417462 0.25099001 0.21714814 0.14598782 0.33530873 0.32439848 0.28220328 0.11217570 0.16197909 0.11214477 0.17191233 0.27882820 0.24294732 0.29440238 0.14831615 0.13667413 0.18302725 0.20720937 0.12279810 0.35628311 0.20163277 0.25725299 0.10932423 0.16893304 0.22276296 0.17088095 0.17695558 0.15733464 0.24101877 0.15863863 0.10789801 0.11746106 0.17891725 0.18633703 0.14109071 0.11256220 0.17092894 0.15142755 0.22939516 0.18508037 0.12562616 0.25040291 0.15951623 0.14155899 0.18754784 0.18172366 0.25657071 0.27440602 0.22607528 0.29664696 0.35720172 0.27274658 0.20646832 0.10892037 0.25446841 0.23460803 0.15235487 0.16225952 0.16480113 0.14228202 0.09395149 0.10050568 0.11829114 0.16167979 0.13119513 0.22195086 0.04660488 0.14902564 0.20062043 0.27491076 0.17958726 0.19481722 0.26029446 0.27498070 0.07510127 0.20608625 0.26148965 0.18317558 0.23601634 0.27205904 0.20505852 0.22953581 0.15771703 0.18601506 0.26535823 0.15716495 0.11357501 0.15261109 0.27910346 0.23094926 0.16450928 0.11783379 0.15941188 0.18047487 0.15781141 0.06646854 0.08458981 0.09877882 0.14838616 0.08145757 0.22116398 0.13433490 0.14664818 0.09751116 0.08482478 0.19248985 0.25525216 0.19665540 0.23499483 0.14269599 0.16027460 0.23398609 0.24805212 0.27147811 0.24219701 0.21636121 0.16581724 0.15771299 0.17143542 0.27320439 0.17108528 0.18792043 0.13384382 0.12829640 0.15370347 0.11208411 0.18246962 0.19570229 0.19112459 0.14174053 0.12426129 0.24435190 0.14826082 0.15555493 0.20528668 0.24438107 0.16476881 0.12087409 0.15630882 0.15786925 0.21197866 0.21816540 0.25665658 0.33775366 0.25001336 0.13658434 0.07531310 0.13840943 0.18136376 0.17997337 0.16531178 0.15816165 0.14465826 0.10237688 0.20462404 0.19511054 0.25369943 0.20378396 0.18076111 0.30389646 0.27792102 0.15355345 0.21946376 0.22297937 0.19825213 0.31455422 0.17918142 0.31995773 0.31011979 0.18822990 0.30861500 0.31160213 0.23828806 0.23278364 
0.24958308 0.29950983 0.38266026 0.34710949 0.33577012 0.61851750 0.36574916 0.61943673 0.00000000 0.57910809 0.86437086 0.32448121 0.24913066 0.30818830 0.26940982 0.37860901 0.28530934 0.21647072 0.31280264 0.23765082 0.27083773 0.30255599 0.18696925 0.17729810 0.23085961 0.19460327 0.40508464 0.17497669 0.27498410 0.13157436 0.18966561 0.25117646 0.26148753 0.27867651 0.25856638 0.29174004 0.22513643 0.23836805 0.27724869 0.25804108 0.15967724 0.17666306 0.15602458 0.14421024 0.13248313 0.27305681 0.18503857 0.17107935 0.19806883 0.18453352 0.19265696 0.28726087 0.19189625 0.20029166 0.14998331 0.17104680 0.15842150 0.09541465 0.17926013 0.33465760 0.23538293 0.16221158 0.25070701 0.34355007 0.20281248 0.22213452 0.20568106 0.27956120 0.23099805 0.23138397 0.29704942 0.20898542 0.18886180 0.14973338 0.17742963 0.27614646 0.15669021 0.12586852 0.17760285 0.16889650 0.19801582 0.10613851 0.13326570 0.19397051 0.12008561 0.20243380 0.09961590 0.16077943 0.21669330 0.18245292 0.21711178 0.24776735 0.19448185 0.14058676 0.16615967 0.17584272 0.18022121 0.17428109 0.17345340 0.23448093 0.21800851 0.19530201 0.12629835 0.16963947 0.08960766 0.23222665 0.19865101 0.15346434 0.11249632 0.23601039 0.11212834 0.22375388 0.15149065 0.23603197 0.22583969 0.12899344 0.14752717 0.12706752 0.15448553 0.10192879 0.26105036 0.10721130 0.12966113 0.18357102 0.15940980 0.12440312 0.28186070 0.21259789 0.20278197 0.18762982 0.12979397 0.15377536 0.14308201 0.23223211 0.24188687 0.22923507 0.15799212 0.27543141 0.29789695 0.24085481 0.21474180 0.19216392 0.12109252 0.15236518 0.12807560 0.15085715 0.05703515 0.13487452 0.18897271 0.12294878 0.12025637 0.23072856 0.19572701 0.12872458 0.18320238 0.18187406 0.17413603 0.11155239 0.11652972 0.20853244 0.17743502 0.29887652 0.21230683 0.15102810 0.19576361 0.17125104 0.23295865 0.16282305 0.18236607 0.25109357 0.13279778 0.16336194 0.19890169 0.14384143 0.15834844 0.12728653 0.16282108 0.18873196 0.13405946 0.21048877 0.24868155 0.15684403 0.27351699 0.24598544 0.21964645 0.20489530 0.22832484 0.12815561 0.26678178 0.25003730 0.28381062 0.25846399 0.20389199 0.30813876 
0.24676460 0.25075725 0.25885154 0.33140080 0.41843912 0.33271820 0.46484469 0.59223679 0.57910809 0.00000000 0.53723386 0.54888291 0.47150896 0.32039343 0.27957596 0.76979281 0.24973227 0.26538730 0.24174466 0.28850489 0.27946353 0.20169412 0.22356165 0.24754341 0.25638935 0.25893656 0.49299947 0.13220257 0.21142778 0.04146652 0.18129544 0.30701409 0.21253828 0.22412430 0.23291131 0.20351920 0.28245508 0.24970137 0.30935723 0.31245934 0.21686479 0.14101198 0.12340231 0.15170434 0.22462377 0.19442012 0.20727512 0.11936594 0.23265723 0.19590984 0.14008466 0.11337042 0.19552918 0.16288183 0.17842723 0.22963114 0.18470387 0.09583776 0.16072016 0.31866856 0.08886212 0.16057294 0.19468904 0.29486116 0.24203671 0.28242406 0.27691286 0.27711651 0.20792106 0.29034686 0.24226183 0.26863783 0.15066021 0.12976021 0.16529003 0.14225815 0.15175303 0.27291015 0.18775091 0.17187613 0.13279858 0.06885353 0.13038205 0.14315863 0.14672283 0.16418610 0.08629650 0.16220085 0.22388450 0.22776904 0.18069847 0.21310027 0.18808538 0.23907931 0.14703650 0.18403717 0.22846108 0.29431732 0.22427455 0.24741481 0.20165838 0.19401851 0.18783402 0.21604892 0.23568250 0.16719897 0.15925199 0.12966793 0.24812778 0.15271958 0.14046591 0.12692909 0.17690459 0.23949495 0.16187575 0.14423742 0.11904154 0.20247501 0.11592870 0.07494691 0.13186689 0.15492811 0.15787222 0.11843917 0.22720308 0.12835932 0.19422134 0.21240601 0.18491370 0.18731000 0.18789526 0.19215941 0.16569173 0.23910931 0.25181034 0.17369324 0.19676676 0.19607068 0.16594294 0.14858213 0.19916930 0.15999465 0.17378004 0.19237911 0.15336867 0.09146867 0.22896849 0.21604576 0.15466488 0.19130015 0.18642488 0.23369544 0.21742243 0.12673493 0.13242256 0.12792277 0.20384669 0.19916287 0.09064500 0.21946138 0.20099597 0.17423073 0.16502421 0.18224188 0.25393049 0.16497553 0.16537117 0.11742771 0.13878838 0.23502852 0.08102150 0.15609521 0.14106916 0.12060644 0.25883337 0.14457968 0.31161359 0.22507833 0.17173639 0.28724907 0.28073370 0.21196195 0.22076940 0.17901014 0.20634382 0.15143049 0.21864322 0.28886137 0.28629598 0.13418024 0.24529407 0.24880307 0.26847240 0.22873119 
0.20388274 0.26565079 0.26069844 0.21219085 0.27131715 0.29964809 0.24255951 0.24982913 0.86437086 0.53723386 0.00000000 0.48194410 0.35865143 0.32038024 0.36292086 0.55587089 0.28730495 0.36848409 0.51630346 0.32300010 0.23852758 0.21711264 0.24803267 0.36660080 0.22157682 0.15541296 0.22822264 0.13674549 0.25903428 0.14121462 0.15482179 0.20651601 0.21586627 0.29581221 0.46446661 0.32954511 0.20822410 0.22273259 0.31105996 0.26146857 0.15259201 0.20661707 0.21172907 0.22135925 0.20868892 0.08653543 0.16296917 0.17820610 0.22886913 0.17841972 0.14163020 0.12050436 0.18018117 0.16525590 0.17748288 0.32819823 0.16408466 0.11952672 0.19461531 0.76343793 0.10870413 0.28546563 0.16492583 0.50441734 0.16316919 0.25551609 0.16742650 0.19147646 0.21082600 0.17480265 0.20863681 0.20652611 0.15070564 0.16386220 0.18198655 0.18817556 0.15137395 0.21320233 0.22894353 0.22821400 0.19178201 0.16292334 0.20539856 0.22773844 0.11304124 0.08798258 0.17911702 0.15552132 0.18972687 0.23327174 0.12579445 0.18427335 0.17412734 0.20801151 0.17749898 0.23427479 0.21351499 0.17651812 0.26464866 0.24607776 0.25068326 0.24307877 0.14326596 0.17498768 0.13161895 0.19707021 0.08974072 0.20966040 0.19901147 0.21923738 0.14335768 0.16045521 0.17517146 0.22748562 0.16576909 0.13344333 0.18793363 0.15495868 0.10663905 0.09819071 0.22316023 0.16982661 0.24006371 0.11049335 0.15737710 0.15105889 0.16664159 0.22767367 0.13727797 0.16619961 0.12912887 0.14015968 0.18862427 0.22236198 0.18744747 0.12725905 0.19234995 0.21837335 0.16221615 0.18004863 0.19303939 0.20396179 0.26465111 0.28356631 0.09333912 0.13684311 0.16455129 0.14411471 0.16434905 0.20544205 0.14468179 0.22402610 0.13370905 0.20066146 0.13920774 0.02684890 0.18544480 0.14032381 0.19593900 0.11674023 0.29948797 0.17596401 0.21494855 0.17060952 0.20163604 0.14650796 0.21321217 0.11577513 0.13217426 0.14891580 0.14040071 0.26101236 0.16528318 0.16887312 0.23589216 0.12247502 0.15182674 0.20915330 0.25167701 0.22930480 0.24507378 0.21679248 0.24158251 0.17802189 0.20462112 0.15203240 0.28904270 0.24062934 0.21702742 0.19472038 0.16351314 0.24279651 0.18465535 0.22001685 
0.20392365 0.25678912 0.29194248 0.32178242 0.28029265 0.18203343 0.30184757 0.31724324 0.32448121 0.54888291 0.48194410 0.00000000 1.05300293 1.78533517 0.59178071 0.37797293 0.33898748 0.25361130 0.25389020 0.29169814 0.28826888 0.18272871 0.25978602 0.21761063 0.21489875 0.29303875 0.13899225 0.07555915 0.20731512 0.06763159 0.15021316 0.21588113 0.22393566 0.17295566 0.14141172 0.16681240 0.23037295 0.23750376 0.27884646 0.19179079 0.15076462 0.22919893 0.18910814 0.11804050 0.22304438 0.12485737 0.17988355 0.10818995 0.28896277 0.14739341 0.15637777 0.15344867 0.18692278 0.18339309 0.13619572 0.13628536 0.05519926 0.14226816 0.16830954 0.14580572 0.15534839 0.20352926 0.18230500 1.71959014 0.26219739 0.20180662 0.33341229 0.29783754 0.23525713 0.27046506 0.18333454 0.18316858 0.17410395 0.14559087 0.13287291 0.23856012 0.10540663 0.15170331 0.20533002 0.14953333 0.14407985 0.10240965 0.11383367 0.15775669 0.18095377 0.16713375 0.05039460 0.11873359 0.26901561 0.27788928 0.13204903 0.15987849 0.17869105 0.21582429 0.13431603 0.19365349 0.26160830 0.24354991 0.42677035 0.24202887 0.19781971 0.16091392 0.20730761 0.23996030 0.13437235 0.15330019 0.10513610 0.15882554 0.17444353 0.17151691 0.17072919 0.19097572 0.12341837 0.16588300 0.16371315 0.12736158 0.10147908 0.06132122 0.08035343 0.08966809 0.18155363 0.09249883 0.07681541 0.13132493 0.25206653 0.12133933 0.20689046 0.10747514 0.23933342 0.26449850 0.11379952 0.17441634 0.09155603 0.21093993 0.19935102 0.12006532 0.15483177 0.16286417 0.13672920 0.12959761 0.19933048 0.17163687 0.11782657 0.16328205 0.15014542 0.10692949 0.21861799 0.15491517 0.11059202 0.19322577 0.17428360 0.20469964 0.17054200 0.21619865 0.14615112 0.20287940 0.21205164 0.15599850 0.19861657 0.15802116 0.17994905 0.17643572 0.19709818 0.18830678 0.17597252 0.12097144 0.18555407 0.23195982 0.14054659 0.13565981 0.14804263 0.20257245 0.14546719 0.20090532 0.06803583 0.18163568 0.20574339 0.25883102 0.13439466 0.22549237 0.21093184 0.19375078 0.17719340 0.23325983 0.27543528 0.17992628 0.24805629 0.23713297 0.20317182 0.18077782 0.28748517 0.25807747 0.28108833 0.26245055 
0.21176698 0.25460126 0.25508499 0.31826528 0.32437555 0.21390227 0.46668286 0.34008890 0.24913066 0.47150896 0.35865143 1.05300293 0.00000000 1.20626788 0.39475589 0.47178970 1.10456880 0.30614549 0.25981920 0.44545605 0.30469670 0.20772071 0.21271652 0.17920430 0.26096973 0.25426018 0.21466868 0.11127429 0.21012610 0.04333046 0.15741734 0.20689606 0.22784449 0.18149035 0.21241287 0.16459136 0.19896227 0.18777742 0.26621820 0.21585544 0.22142584 0.24400463 0.13803463 0.13864365 0.15701647 0.16058829 0.18112294 0.18725750 0.24444673 0.15284327 0.17320513 0.09931263 0.16237297 0.16734408 0.12223851 0.06352102 0.13205752 0.06635592 0.13787830 0.12103623 0.10446069 0.07230017 0.13228058 0.27129331 0.22566624 0.18051783 0.30055088 0.32964155 0.25499469 0.29966054 0.28818494 0.29706517 0.20860159 0.18002496 0.16880169 0.14608360 0.20399245 0.21720587 0.22236231 0.18201182 0.06117948 0.05792312 0.14029710 0.19139956 0.06082635 0.19528940 0.08271532 0.14345575 0.23207548 0.27120230 0.14647395 0.20419595 0.25842864 0.21714677 0.14488195 0.19716635 0.24667262 0.30978878 0.25164333 0.23886729 0.19149804 0.27280323 0.23960421 0.17051438 0.23004738 0.15231899 0.20262600 0.13807267 0.24511145 0.21316574 0.22657752 0.18182692 0.12440819 0.20048758 0.14397530 0.12141194 0.14686755 0.11427753 0.11509227 0.12958229 0.16281515 0.15001604 0.17742650 0.18222715 0.12060178 0.19874676 0.21010120 0.17423012 0.18940340 0.20614389 0.21297616 0.17802879 0.27871515 0.20344235 0.15999995 0.23283379 0.15828656 0.13388550 0.06169367 0.20603747 0.17160975 0.14354576 0.13570704 0.15756111 0.15603954 0.14358314 0.08832289 0.18905248 0.17894053 0.17951527 0.09711114 0.19808975 0.18955307 0.10661215 0.16433085 0.21365798 0.14492998 0.21978046 0.21516360 0.25942822 0.21886767 0.20162929 0.21409722 0.35279167 0.31041655 0.11366668 0.13963967 0.18917643 0.12927224 0.09306693 0.14007326 0.15284418 0.13077564 0.11467467 0.11516299 0.13667556 0.20353052 0.19917660 0.21018906 0.22735332 0.28064913 0.17947658 0.15163669 0.21666572 0.26747753 0.14828247 0.15947454 0.33927383 0.48043019 0.18262306 0.25760693 0.20338417 0.21816917 0.22376184 
0.22905067 0.22194824 0.27252506 0.22926410 0.31189490 0.19955528 0.34022871 0.28876505 0.30818830 0.32039343 0.32038024 1.78533517 1.20626788 0.00000000 0.37089816 0.49594780 0.74426364 0.48281538 0.38300638 0.30184798 0.29769550 0.24663251 0.18811048 0.18535917 0.22886327 0.39366400 0.09486711 0.06997127 0.21687511 0.09013889 0.16433307 0.20696706 0.22440579 0.17433309 0.13825871 0.19483774 0.21194484 0.20306068 0.26576266 0.26654527 0.18763864 0.18164212 0.18763513 0.16870104 0.15943344 0.14177668 0.23099203 0.08581866 0.17506081 0.16938496 0.12234974 0.19282390 0.15675300 0.16642166 0.18231082 0.08406311 0.14794455 0.13006619 0.16490771 0.15596120 0.15504677 0.13012242 0.16104757 0.21892773 0.19619557 0.23147375 0.41132698 0.35554858 0.25172879 0.24453499 0.31463094 0.29130805 0.21887508 0.19247848 0.13893430 0.24766877 0.08357605 0.22959183 0.17889578 0.14152977 0.05946702 0.09745530 0.08869715 0.11317735 0.22168622 0.16735846 0.06377084 0.12395528 0.15497136 0.14452524 0.08742060 0.21273246 0.26875642 0.24234619 0.05957776 0.23039229 0.24170485 0.41965134 0.48966778 0.35801762 0.20742236 0.18449737 0.16998453 0.21259010 0.21701181 0.20037205 0.15444961 0.12901560 0.28180590 0.22134791 0.12174635 0.28318480 0.13427188 0.18926314 0.24278935 0.15616657 0.08562076 0.11023938 0.13271109 0.06534434 0.16699451 0.13134949 0.12213830 0.13420526 0.11093829 0.24357135 0.24569810 0.22158035 0.20662818 0.18342962 0.24636043 0.15977365 0.24260207 0.24499615 0.19579084 0.20121614 0.17095562 0.17129407 0.16260652 0.18301683 0.16052614 0.13860837 0.06500275 0.08991205 0.18252975 0.15075233 0.07878510 0.15564933 0.20131096 0.18006619 0.09959101 0.14217507 0.20879432 0.21917891 0.19573789 0.16422512 0.14969770 0.23128683 0.18381515 0.19341869 0.19638334 0.25036116 0.22426889 0.27221539 0.20185893 0.08359734 0.13689756 0.12356622 0.24545658 0.17000644 0.15507671 0.12149136 0.13924140 0.18463213 0.09914827 0.23289977 0.17521175 0.20793377 0.18610197 0.21829080 0.20465401 0.17243435 0.20572477 0.21412028 0.16680729 0.12516908 0.20020829 0.18464540 0.26562327 0.20858372 0.23235873 0.29591165 0.28818896 0.19630536 
0.20164284 0.21598422 0.19020326 0.25606665 0.27694628 0.21570033 0.19770782 0.26251383 0.26940982 0.27957596 0.36292086 0.59178071 0.39475589 0.37089816 0.00000000 0.55247500 0.30633558 0.56490075 0.38137174 0.39702277 0.19315618 0.26123302 0.22991468 0.20058348 0.24639814 0.14117953 0.29473813 0.16062941 0.14970675 0.18121521 0.20767650 0.27425074 0.17569775 0.25840304 0.20326605 0.27200105 0.11740169 0.29331829 0.25913011 0.17543352 0.21391534 0.18160691 0.20210088 0.15839294 0.19754493 0.12308000 0.23544877 0.15670555 0.23810156 0.14463234 0.14382077 0.23199433 0.20732458 0.15959019 0.13050238 0.12622049 0.15548238 0.19865187 0.15199519 0.52513639 0.24866489 0.20892825 0.38567311 0.85384359 0.16871392 0.27090414 0.39502029 0.19762846 0.18774593 0.20436308 0.24404363 0.17992523 0.16394696 0.19374587 0.16468963 0.15358732 0.16564812 0.19464736 0.12905290 0.21826467 0.15541849 0.27663559 0.16193840 0.18415619 0.13458432 0.17845519 0.14867748 0.13155375 0.16445158 0.14971103 0.21072698 0.11118667 0.24247507 0.19428938 0.29938544 0.23532821 0.27756016 0.24691437 0.40512369 0.28108365 0.19201816 0.24296741 0.16423281 0.28562236 0.16802188 0.11929183 0.17153182 0.18058221 0.24065372 0.22068458 0.18592103 0.17765511 0.20075024 0.21775840 0.25875258 0.19977792 0.15106257 0.10701484 0.08184808 0.14392046 0.17795489 0.13594273 0.23372017 0.20084100 0.23224701 0.12473343 0.18669292 0.16371060 0.15617811 0.22216252 0.16074473 0.19326290 0.23216180 0.21617282 0.13505857 0.16879583 0.20192460 0.08522447 0.20294843 0.19067740 0.19999144 0.14924035 0.15668898 0.27287899 0.13787706 0.13120204 0.17142131 0.15605842 0.07931178 0.18721340 0.18747201 0.15670197 0.22649213 0.21491820 0.16480382 0.20662193 0.15948196 0.22902819 0.13904835 0.19550076 0.22002482 0.19761754 0.23527155 0.27094200 0.24777767 0.23640079 0.18377690 0.22966729 0.11825486 0.11714110 0.08081453 0.16449470 0.13567484 0.17413092 0.19327046 0.18550858 0.16296675 0.17618921 0.23143315 0.17424456 0.14759801 0.25815054 0.16803538 0.11774276 0.20905783 0.18731727 0.29989144 0.19909260 0.20040137 0.27384444 0.23561105 0.17522699 0.20998157 0.21213370 
0.18532514 0.17852866 0.18167230 0.24322913 0.29840366 0.32723021 0.64339817 0.28662004 0.37860901 0.76979281 0.55587089 0.37797293 0.47178970 0.49594780 0.55247500 0.00000000 0.45391102 0.42822192 0.58709474 0.57179736 0.32748621 0.30801075 0.31581428 0.50256935 0.29996628 0.37637983 0.33683083 0.18391062 0.18179258 0.17501715 0.15669476 0.45722541 0.30822006 0.18362966 0.23401305 0.29500645 0.18495559 0.19181624 0.35736495 0.27276106 0.21175113 0.22042313 0.08694507 0.11176677 0.16355061 0.14864110 0.17594089 0.12992380 0.20340956 0.13294000 0.21826554 0.13986276 0.16062736 0.14098289 0.19154465 0.18834451 0.12721661 0.10052213 0.25534349 0.21304503 0.15382818 0.13873258 0.22873327 0.30208509 0.23882691 0.21666954 0.25832146 0.22803620 0.19579518 0.20469135 0.25581759 0.25144244 0.19576615 0.18848828 0.13053074 0.21512859 0.16932657 0.22417854 0.09789376 0.13012298 0.09854429 0.19929135 0.14327471 0.13826596 0.09907183 0.18025585 0.11473177 0.13543449 0.13803464 0.19049412 0.16560931 0.17164002 0.14087911 0.23458759 0.20566032 0.20444092 0.27154398 0.23255328 0.26531523 0.22654547 0.14961979 0.21461887 0.17279630 0.21998595 0.21045686 0.11567940 0.13287200 0.12493935 0.22515652 0.22174072 0.22422243 0.13744382 0.22207192 0.10519603 0.14168175 0.12348793 0.18522157 0.11895152 0.11594192 0.09299137 0.23505903 0.20515897 0.15325717 0.16173813 0.12227948 0.21480882 0.15531365 0.19639560 0.19078551 0.11603471 0.20940307 0.15797080 0.23463398 0.22132994 0.15519102 0.18756298 0.19085914 0.25669479 0.16175862 0.19676189 0.14604099 0.17409104 0.14931343 0.22085748 0.14465877 0.11359781 0.13127214 0.17178188 0.15194787 0.15661173 0.05183832 0.09895374 0.18917096 0.12682934 0.12210074 0.13699404 0.22787940 0.14796082 0.14419854 0.22111341 0.21235749 0.18408202 0.21788091 0.32536519 0.19909526 0.15420989 0.21230048 0.15333854 0.14085256 0.08386258 0.20717296 0.31028792 0.11161741 0.11919639 0.15359346 0.20191677 0.18205532 0.17373520 0.14060560 0.27622300 0.26941901 0.18630259 0.16182645 0.23582984 0.22492524 0.18145143 0.23885864 0.21946264 0.25467989 0.17720932 0.21378892 0.19441265 0.20544792 0.17929757 
0.21559458 0.18380024 0.26207446 0.34356820 0.31955760 0.21772292 0.37926612 0.33531634 0.28530934 0.24973227 0.28730495 0.33898748 1.10456880 0.74426364 0.30633558 0.45391102 0.00000000 0.48581799 0.28368121 0.65300496 1.07438509 0.30290577 0.24003641 0.14054763 0.29934351 0.27431087 0.18740599 0.14062312 0.25593657 0.10425796 0.17936105 0.33681012 0.25526385 0.14040925 0.19638730 0.23629567 0.18111670 0.10193369 0.23327007 0.32066759 0.17477642 0.26442337 0.18801022 0.15233197 0.14319867 0.14725113 0.21463234 0.06578762 0.14444182 0.23946066 0.16320322 0.08347054 0.19099390 0.18616637 0.09412173 0.13466979 0.14269305 0.11284372 0.14619163 0.12256622 0.10492408 0.09749427 0.19190353 0.16511602 0.20975931 0.24513915 0.26652004 0.28142813 0.27093877 0.26470817 0.32686527 0.25088650 0.14922978 0.24608095 0.17728506 0.16986045 0.16722642 0.18335400 0.13327564 0.18256778 0.10436316 0.14012478 0.15154073 0.12295487 0.15204211 0.24402191 0.12099971 0.09756578 0.23508641 0.25457364 0.11036112 0.17128080 0.27469912 0.27063406 0.17163718 0.16874501 0.30544374 0.76455001 0.18985676 0.24457115 0.19338380 0.25068228 0.14030096 0.15993868 0.17434932 0.13555472 0.11148738 0.16106856 0.16595206 0.21134155 0.31579746 0.13495660 0.22054384 0.14531243 0.16266933 0.21193806 0.15893041 0.08370518 0.07901986 0.10310505 0.19890433 0.16610367 0.18485528 0.14443127 0.21954735 0.22264118 0.16346443 0.21052249 0.25552889 0.22329338 0.20145008 0.25229062 0.24884852 0.17835609 0.14161224 0.15044458 0.11091993 0.21445176 0.09089212 0.17720657 0.18706947 0.16943457 0.08596755 0.14451622 0.07650750 0.12479407 0.12234803 0.13274725 0.19909028 0.13509890 0.11173456 0.15883129 0.22110471 0.15282957 0.18756090 0.23551420 0.23081502 0.20792966 0.18235888 0.18099038 0.22435764 0.18242136 0.17124952 0.25527010 0.18874749 0.21970108 0.19868545 0.21312697 0.16084818 0.16897859 0.14644617 0.12482910 0.11511776 0.13377350 0.13356210 0.12448142 0.19250632 0.33743992 0.10563174 0.23949385 0.26979874 0.18615616 0.13254948 0.23100834 0.24936491 0.20834343 0.14874900 0.24507805 0.26552836 0.18556278 0.30154222 0.27447599 0.17828357 0.22487129 
0.18246477 0.20362627 0.16450314 0.21091586 0.31391585 0.24078765 0.23714569 0.23340303 0.21647072 0.26538730 0.36848409 0.25361130 0.30614549 0.48281538 0.56490075 0.42822192 0.48581799 0.00000000 0.44988398 0.48811470 0.71655498 0.52089945 0.23019790 0.25620807 0.25879992 0.30708719 0.16535866 0.13342062 0.22936950 0.13602362 0.14615747 0.20265257 0.22260147 0.21040028 0.22583956 0.16483101 0.16771397 0.22632984 0.19516675 0.20595253 0.15354747 0.17581807 0.14422148 0.22231711 0.22004058 0.15021780 0.22536010 0.21305052 0.12010626 0.14379225 0.21745306 0.14200532 0.15397347 0.14222048 0.15995145 0.45121686 0.16155189 0.10255396 0.17646416 0.38760243 0.17153262 0.18826078 0.41689598 0.32651213 0.23707993 0.19343919 0.27602699 0.18573700 0.19837411 0.18710973 0.25862683 0.22008137 0.18874106 0.16667846 0.14586083 0.16394583 0.20302382 0.17254285 0.13856013 0.12417975 0.18686729 0.12110835 0.14783019 0.11279590 0.14768849 0.24242242 0.17268723 0.13904654 0.18851075 0.20489986 0.33438351 0.12024496 0.27896238 0.28556168 0.38943720 0.36556680 0.29626429 0.87425326 0.32358733 0.23484286 0.16374763 0.19199415 0.14924465 0.20352567 0.12769974 0.21997219 0.19639736 0.14790902 0.19358441 0.16408292 0.12802589 0.17653804 0.24382044 0.13459007 0.20578688 0.09691113 0.19209514 0.18974228 0.14754976 0.13710145 0.14640252 0.31628046 0.20670668 0.20111895 0.22981584 0.11260431 0.19673761 0.19627204 0.24007563 0.20711179 0.19700976 0.15584480 0.22905608 0.22623800 0.20387450 0.17083512 0.25856187 0.15229569 0.18582401 0.20549134 0.21482151 0.16551264 0.12438329 0.26500366 0.08238558 0.12855978 0.09744119 0.19101267 0.15420021 0.14919071 0.12006249 0.13690351 0.14375432 0.22008074 0.15099999 0.17978649 0.14890660 0.22341688 0.14090885 0.21170449 0.29626914 0.18277078 0.16426870 0.17259636 0.18194038 0.15023823 0.15444818 0.14362747 0.12337159 0.18273355 0.16856692 0.26271737 0.15096647 0.11625069 0.19788795 0.14667473 0.25492086 0.29808712 0.17904492 0.15525135 0.22649308 0.17705021 0.14495403 0.23963096 0.12767299 0.11791016 0.17174725 0.15730356 0.23498543 0.16163653 0.26552681 0.25466620 0.21162190 0.22967131 
