0.00000000 0.28710301 0.17786644 0.26276788 0.18739744 0.20402570 0.20590974 0.14257284 0.10110108 0.17079254 0.12147130 0.11357193 0.11650121 0.13334073 0.10649470 0.14768477 0.09817778 0.21627796 0.18675448 0.13384143 0.14985904 0.13693925 0.15894718 0.16638959 0.21687564 0.15477146 0.16550152 0.09413685 0.09946328 0.09868423 0.15431664 0.09708794 0.10106904 0.11300616 0.14770341 0.12478393 0.10576665 0.15292565 0.11643475 0.09984749 0.11359479 0.10940629 0.07894530 0.13990713 0.08583389 0.17272721 0.10639441 0.12077994 0.11028450 0.14066578 0.15287309 0.14191407 0.16187326 0.10112142 0.12583262 0.14312683 0.09900118 0.10046372 0.11597086 0.10931560 0.09928392 0.16309951 0.15966506 0.14923958 0.18950376 0.08949980 0.14848664 0.09112640 0.11734333 0.10070909 0.10851885 0.10072287 0.10827397 0.08607499 0.11090449 0.12151845 0.12587254 0.09843856 0.12316973 0.10260133 0.11163712 0.13683723 0.08962232 0.13036339 0.11861354 0.13271857 0.21025890 0.14237717 0.15018345 0.14719653 0.14393278 0.10421445 0.15856292 0.19025235 0.09651042 0.09781720 0.15292672 0.14305486 0.08291607 0.07548264 0.21459638 0.16783178 0.11376586 0.08304413 0.10938623 0.08684885 0.10414866 0.09510768 0.12732021 0.07907620 0.10751784 0.12400412 0.10416902 0.13411861 0.12100115 0.14830577 0.09565737 0.09600010 0.13124057 0.15723557 0.12325931 0.17950226 0.22880577 0.10990249 0.09137653 0.16975106 0.09530320 0.08252456 0.06523532 0.12221306 0.10784685 0.09895758 0.08418844 0.13981701 0.08077995 0.06434709 0.10265070 0.06836911 0.08004608 0.06206316 0.08327182 0.10207760 0.04736057 0.04700577 0.08362511 0.07473423 0.07181629 0.09118232 
0.28710301 0.00000000 0.13747171 0.23457814 0.13469734 0.13120386 0.19506156 0.18547543 0.08828027 0.10771253 0.06603530 0.11282199 0.10451925 0.26354227 0.09692349 0.07848660 0.09316569 0.07767966 0.10085822 0.11717896 0.13489399 0.23236032 0.37830137 0.18792964 0.14809893 0.22017792 0.12189994 0.10423826 0.04143749 0.08224197 0.07096163 0.09577757 0.09905178 0.19859569 0.16381462 0.10021621 0.12208876 0.11076855 0.15122172 0.11883072 0.12497857 0.10842892 0.08156165 0.15538651 0.13218272 0.12974214 0.12108773 0.10961709 0.12746398 0.08877030 0.13538466 0.14724854 0.13493651 0.12759970 0.08811558 0.13232168 0.08243598 0.07734099 0.10559213 0.09672648 0.11399017 0.21435226 0.09026130 0.09581365 0.10532351 0.10084639 0.11805588 0.06455533 0.18960859 0.13618790 0.09204485 0.11198622 0.09962498 0.06654292 0.10246216 0.10166877 0.10928764 0.13077047 0.08420340 0.13811020 0.06991449 0.15948522 0.13880112 0.20370246 0.12020046 0.12016921 0.15884511 0.18566471 0.18878146 0.17016786 0.11649395 0.11372633 0.17325785 0.14076600 0.09372108 0.12737793 0.14046285 0.07807637 0.09685046 0.10995685 0.12189225 0.09865605 0.12053588 0.11772505 0.11014810 0.11507974 0.17417762 0.13994655 0.12716580 0.14030225 0.09201434 0.12645901 0.17870487 0.12252666 0.12675952 0.12335120 0.13249012 0.12733133 0.12228258 0.13323417 0.13491966 0.09189164 0.12569487 0.14876431 0.10152034 0.17606006 0.10421165 0.09635287 0.09375606 0.10626362 0.13252928 0.09700712 0.13579834 0.12618487 0.08743697 0.08347651 0.09729274 0.08695630 0.09147059 0.05742849 0.13553751 0.11257272 0.10501998 0.13551599 0.09437082 0.11902799 0.09885688 0.09768690 
0.17786644 0.13747171 0.00000000 0.18220333 0.21689559 0.28598616 0.31277888 0.09428794 0.12688352 0.08749004 0.16167934 0.14606571 0.13885256 0.09317488 0.13644431 0.14715939 0.11046465 0.24777875 0.10645940 0.24079806 0.11564848 0.09995599 0.19308605 0.12098753 0.25142440 0.11041293 0.10332978 0.14361108 0.15118299 0.11934833 0.12098600 0.11327421 0.07999838 0.12441188 0.11684035 0.13728334 0.12648809 0.12146574 0.08794542 0.08567934 0.13021423 0.05805826 0.11597752 0.16340557 0.11279555 0.05809703 0.15403455 0.14731685 0.13350768 0.14547483 0.09981393 0.13459768 0.09233111 0.12543750 0.06998072 0.06937075 0.08507184 0.07175624 0.12617404 0.13192288 0.11440387 0.15311355 0.12709359 0.05959869 0.14697086 0.06800253 0.11286765 0.08925094 0.12056552 0.05012436 0.11361337 0.09369653 0.13250922 0.07335882 0.06193257 0.09078048 0.10399703 0.18054052 0.06174707 0.10412700 0.13707492 0.08250452 0.14605621 0.11274945 0.13538890 0.47083673 0.11960866 0.12232219 0.17891277 0.14410641 0.13641032 0.20245663 0.14358969 0.15193813 0.20785308 0.16551087 0.12836608 0.15950219 0.11566613 0.10403589 0.13050430 0.11348944 0.17352776 0.13622441 0.10684926 0.12339337 0.16017668 0.11321325 0.13274322 0.07660955 0.10799080 0.07773550 0.17512463 0.06073259 0.06644962 0.06331141 0.08372729 0.08476354 0.11600140 0.15620050 0.09573389 0.09560508 0.13442654 0.05615057 0.11695935 0.14851833 0.12644396 0.08426241 0.11067065 0.10481163 0.18141468 0.05693403 0.10975487 0.10011901 0.13717820 0.11275403 0.16231680 0.11922417 0.10966874 0.09501795 0.15932404 0.09196725 0.08926684 0.08297871 0.13323886 0.10518555 0.14116746 0.13242514 
0.26276788 0.23457814 0.18220333 0.00000000 0.27852694 0.17239280 0.15826271 0.12747192 0.11868754 0.18192681 0.11577215 0.10452848 0.19590724 0.11482537 0.10015670 0.14210204 0.09781129 0.15403442 0.10265279 0.12579452 0.11500384 0.11881823 0.15367980 0.20480249 0.13617616 0.13912358 0.17720044 0.10100995 0.14414290 0.14680202 0.11963850 0.10159849 0.13608492 0.10717193 0.14465907 0.11844019 0.09580099 0.09435185 0.13177827 0.09505749 0.14175520 0.13955910 0.09196846 0.13374342 0.14621377 0.11356106 0.14403123 0.14352472 0.10370663 0.10584020 0.16546308 0.13164067 0.19570843 0.07986157 0.17482427 0.14970033 0.08938090 0.12319554 0.16554988 0.14410622 0.09092116 0.11519270 0.13606645 0.14390787 0.13546197 0.10417475 0.13560149 0.07621287 0.17247945 0.16551824 0.12066922 0.14351116 0.13677783 0.08696234 0.10925630 0.14850209 0.11191013 0.08851791 0.10368367 0.11461139 0.13238160 0.12457338 0.12092901 0.10625871 0.12963456 0.15523558 0.14226087 0.14977195 0.13707184 0.20287559 0.14182780 0.17115551 0.08674186 0.11126304 0.14912318 0.10560208 0.08856261 0.15119886 0.11234855 0.07460740 0.12807922 0.10279627 0.10373591 0.15006947 0.15510892 0.07912539 0.10256205 0.08812656 0.15963866 0.14931901 0.12041091 0.07036848 0.10392094 0.11314869 0.12409778 0.08098008 0.06768499 0.10142472 0.11129127 0.13862742 0.09222925 0.12517256 0.13920448 0.12439421 0.08405971 0.09497155 0.14837588 0.11453489 0.09376553 0.14002717 0.11558074 0.07354673 0.08039763 0.13154085 0.10932483 0.09995945 0.08153119 0.04902532 0.07651657 0.07761620 0.08815068 0.09887260 0.03599924 0.11850493 0.11397194 0.10571009 0.12416264 0.12064180 
0.18739744 0.13469734 0.21689559 0.27852694 0.00000000 0.20300188 0.24388529 0.12595194 0.15002818 0.21894126 0.17386811 0.13298501 0.19969519 0.11685850 0.16417325 0.19209144 0.16207972 0.15484164 0.12771296 0.15113841 0.13735379 0.17751764 0.14789337 0.12032620 0.06413300 0.19795028 0.13973354 0.17170516 0.15167197 0.16947488 0.11349372 0.10773994 0.10624497 0.13908891 0.19202483 0.16711311 0.07520393 0.12372300 0.12807512 0.11514623 0.13585410 0.11483431 0.10414265 0.11917234 0.04685400 0.08483385 0.10128266 0.08056501 0.13757856 0.12411194 0.20234037 0.15189277 0.28609718 0.12852537 0.13526545 0.20088406 0.08311976 0.13074236 0.18076896 0.20689218 0.09694942 0.15033519 0.12450514 0.13017541 0.16818659 0.08882175 0.12385758 0.07621147 0.11546777 0.15198125 0.10971731 0.09229460 0.13938220 0.12655181 0.14055676 0.17084552 0.09206919 0.21104880 0.12402049 0.11090528 0.09582656 0.12042597 0.16522728 0.10493980 0.12081903 0.20039185 0.14810375 0.17733140 0.19721041 0.17285588 0.16092236 0.11048094 0.14669931 0.14586944 0.18391815 0.13716308 0.05404572 0.19921906 0.10953131 0.08611908 0.10917416 0.13594916 0.10313734 0.09859628 0.10797617 0.06569232 0.10266821 0.10871134 0.12207757 0.12662962 0.09505098 0.11893073 0.10709427 0.14580928 0.10670875 0.07311517 0.09367321 0.12109151 0.11726713 0.14413613 0.06568951 0.06061554 0.15255968 0.13616999 0.06507868 0.09812009 0.14877718 0.09288525 0.06605571 0.08944885 0.09244753 0.06162219 0.05851916 0.17126029 0.02971318 0.03724184 0.04876038 0.10671522 0.03837013 0.05758352 0.03418792 0.08183356 0.04370538 0.03727092 0.07658842 0.02494171 0.05280588 0.04966766 
0.20402570 0.13120386 0.28598616 0.17239280 0.20300188 0.00000000 0.24287252 0.27066478 0.13637963 0.09127260 0.09531118 0.11002842 0.10620236 0.11555462 0.10616705 0.26284954 0.15760435 0.82568739 0.10390402 0.23486173 0.07839994 0.27154122 0.18369477 0.12822257 0.13336251 0.10898105 0.18196747 0.11151187 0.08946880 0.12000557 0.10165514 0.09419864 0.06468707 0.12751770 0.10998117 0.11508538 0.13637789 0.05525310 0.10202802 0.16938389 0.15458569 0.10054967 0.08981686 0.12738957 0.10084165 0.07781191 0.08934126 0.11072083 0.12463502 0.09482108 0.14025824 0.43420525 0.10218247 0.18406021 0.14884611 0.07916640 0.08597196 0.06478055 0.11777852 0.13448848 0.10657462 0.07405710 0.11164134 0.09367933 0.13889977 0.05171408 0.11508289 0.10217426 0.11677063 0.13477532 0.09444493 0.11125864 0.13645649 0.08285620 0.07966231 0.16512240 0.07737326 0.17476714 0.10825634 0.08302214 0.06860352 0.11588526 0.12143954 0.09196870 0.09564430 0.12931015 0.13201765 0.13233711 0.09901324 0.11454408 0.18375391 0.13421469 0.08218522 0.11394049 0.08492037 0.16101386 0.12676555 0.12211194 0.15880704 0.10374727 0.10997583 0.11924082 0.07724582 0.09800972 0.10759878 0.12480095 0.17863360 0.06396598 0.23923384 0.12291332 0.07193694 0.09504712 0.12805492 0.07511131 0.11087765 0.09355802 0.11319287 0.13087056 0.12263244 0.13853894 0.05492201 0.07970197 0.14603389 0.11856761 0.10267515 0.09502990 0.13201917 0.06146423 0.09798368 0.12307746 0.07547666 0.08221130 0.09379818 0.10633874 0.08971285 0.07557731 0.07941822 0.08587091 0.08598661 0.14446569 0.05692676 0.10595944 0.07517732 0.17309113 0.09029784 0.08697165 0.11857595 0.07783378 
0.20590974 0.19506156 0.31277888 0.15826271 0.24388529 0.24287252 0.00000000 0.11431256 0.10339130 0.14488004 0.15111192 0.12784866 0.08622252 0.13445234 0.14765529 0.11934898 0.11183412 0.16906897 0.13487506 0.15377854 0.09347041 0.18594204 0.10375078 0.10778958 0.12307876 0.12440915 0.11553851 0.14223723 0.16233977 0.12159508 0.09004012 0.14464486 0.11536288 0.12745105 0.16787614 0.12594066 0.09655744 0.10776713 0.07653962 0.08076955 0.12898403 0.09528300 0.04928903 0.12610232 0.11062163 0.11509187 0.10184002 0.08904730 0.10819071 0.09800413 0.15768858 0.20651158 0.10122532 0.11766208 0.11696150 0.10153583 0.10230003 0.11670984 0.09900153 0.15343128 0.10766082 0.18906825 0.11989100 0.06182297 0.13920116 0.08014430 0.13895148 0.09524889 0.09996724 0.16629745 0.19583849 0.13361688 0.11295259 0.07255551 0.12045118 0.12414433 0.12323010 0.10881491 0.08305290 0.09949358 0.13465702 0.15871073 0.13809997 0.23429142 0.15125538 0.20663224 0.16591624 0.10006242 0.16848996 0.11911345 0.11903964 0.10828160 0.11701612 0.20378145 0.10975290 0.16830137 0.18558378 0.13074395 0.13876645 0.07683171 0.14781726 0.12656578 0.11670375 0.11123972 0.13337396 0.13595391 0.14064855 0.14168667 0.11410909 0.11091001 0.08077062 0.11504666 0.09542716 0.09750437 0.12707588 0.09138601 0.10411623 0.08845616 0.12314863 0.11275428 0.11150762 0.15655777 0.10455046 0.14353984 0.15167662 0.11968863 0.13223011 0.07853620 0.05304653 0.14090006 0.06991225 0.07924257 0.13795123 0.09697659 0.09435493 0.08334658 0.07865597 0.10450574 0.12593052 0.14021600 0.09165576 0.12767340 0.10611244 0.10432473 0.10119220 0.09540003 0.09033802 0.09977945 
0.14257284 0.18547543 0.09428794 0.12747192 0.12595194 0.27066478 0.11431256 0.00000000 0.11943997 0.11286931 0.11565739 0.11551594 0.07781076 0.10905974 0.10435628 0.64783575 0.13668156 0.20592421 0.18581339 0.15472773 0.10093988 0.09570084 0.15727542 0.17429405 0.07464104 0.13274761 0.17760852 0.10672516 0.11962077 0.10729220 0.08595919 0.07639834 0.09159091 0.11497166 0.11823596 0.09238226 0.15276716 0.10198247 0.17208481 0.12819094 0.10759091 0.11801781 0.07895857 0.10281294 0.10888941 0.07225270 0.09085719 0.16885537 0.20329313 0.10087649 0.15796426 0.16227613 0.13782790 0.11631063 0.15358619 0.17155346 0.13405477 0.12251923 0.12774814 0.10238231 0.13848214 0.11978541 0.11718576 0.12964702 0.11772530 0.10260967 0.18671563 0.09774989 0.15984783 0.12757780 0.19259960 0.14731696 0.09506555 0.14064448 0.10908950 0.09611590 0.12099431 0.09557638 0.09217615 0.05430795 0.08951699 0.11429229 0.12027415 0.09141055 0.10256191 0.10601538 0.08724787 0.08997931 0.13202580 0.12121562 0.09716323 0.13707448 0.17543670 0.09440971 0.10263043 0.11526520 0.13057522 0.11818640 0.11556186 0.08504294 0.07902790 0.11244788 0.08139143 0.07737238 0.06663351 0.09376567 0.11471163 0.08999901 0.08453366 0.10517686 0.10987942 0.09683068 0.13871724 0.12131387 0.12662874 0.10983343 0.07355546 0.15946500 0.16581096 0.10376685 0.05247045 0.14137118 0.16971143 0.12602622 0.08300099 0.14049052 0.12084682 0.11892763 0.15816363 0.10725018 0.16116573 0.08756558 0.12928332 0.10850872 0.10262980 0.10915098 0.16361325 0.12856709 0.15698914 0.13931176 0.14754169 0.13490404 0.12392602 0.11712439 0.10966870 0.12937437 0.10288856 0.12205481 
0.10110108 0.08828027 0.12688352 0.11868754 0.15002818 0.13637963 0.10339130 0.11943997 0.00000000 0.23025723 0.29043689 0.13659905 0.11586669 0.13208059 0.13867161 0.13621101 0.18980955 0.18727597 0.21770648 0.08279793 0.13223609 0.07111265 0.09159838 0.10659008 0.11402920 0.11109700 0.15197839 0.10111349 0.11101926 0.17979196 0.14596794 0.22715132 0.15090577 0.12977703 0.16356187 0.10970770 0.17175862 0.14279557 0.09555543 0.05910510 0.11498012 0.11290822 0.16191848 0.14285280 0.09808319 0.24748882 0.15876978 0.07414576 0.09389674 0.08859720 0.11004270 0.09964640 0.12601633 0.05962426 0.08195696 0.13700840 0.07897452 0.15031119 0.10720691 0.11448647 0.10000078 0.12133434 0.15444359 0.16107019 0.16306896 0.16353685 0.14816043 0.11373615 0.12176307 0.07903395 0.10272656 0.12063475 0.11413744 0.07601956 0.10490585 0.17398269 0.11446445 0.13682464 0.12718104 0.09030227 0.11593313 0.24228152 0.15763947 0.21217539 0.11938693 0.07411076 0.13127821 0.17638504 0.11480838 0.11979915 0.12784117 0.20232297 0.11393280 0.09128199 0.13217647 0.12118196 0.09582701 0.11288916 0.15732463 0.09686228 0.09252374 0.09920089 0.14741935 0.10468057 0.11899518 0.12170652 0.10862398 0.09911036 0.08051958 0.09805555 0.11919453 0.12001344 0.15886408 0.17759130 0.11180696 0.12237296 0.11512583 0.13486578 0.08162056 0.17942207 0.07729251 0.08780661 0.08061641 0.04789353 0.12684348 0.05973799 0.12361770 0.16189838 0.11740924 0.13604626 0.10097339 0.12979584 0.18717063 0.08858557 0.09623412 0.16180199 0.17724044 0.11180964 0.09880080 0.13199545 0.07692380 0.14602102 0.11537840 0.09050843 0.11374372 0.11461351 0.06788557 0.16452603 
0.17079254 0.10771253 0.08749004 0.18192681 0.21894126 0.09127260 0.14488004 0.11286931 0.23025723 0.00000000 0.34583678 0.15821862 0.19234910 0.42595959 0.17600231 0.13704945 0.17277944 0.10561196 0.13173796 0.14018109 0.08940321 0.13566698 0.12923198 0.11633078 0.12145609 0.18740824 0.12931378 0.15216848 0.11477913 0.08021931 0.09405611 0.10759621 0.06689024 0.18161206 0.22545934 0.13376312 0.16126658 0.13182870 0.13591200 0.09168251 0.14279451 0.07884062 0.11438827 0.13132115 0.07697100 0.16202277 0.31350241 0.12640343 0.19611015 0.12042826 0.12950304 0.14799037 0.12643904 0.08715565 0.10524653 0.25339783 0.12542231 0.12999113 0.14874460 0.11130658 0.12833955 0.19227257 0.14370547 0.07870468 0.21665239 0.11163023 0.14023493 0.10715938 0.13267633 0.15585637 0.08784340 0.16372660 0.13172155 0.12874410 0.17107273 0.14156774 0.12561144 0.15992261 0.13899510 0.13259171 0.08790370 0.14028780 0.09188624 0.12707812 0.12221977 0.10978162 0.15893583 0.14096519 0.13835979 0.11324536 0.12770932 0.10257781 0.05531287 0.13970488 0.08287496 0.10183371 0.05847238 0.16786047 0.09254353 0.07777445 0.09708485 0.15162408 0.20508628 0.09877470 0.17625898 0.10088022 0.12408293 0.08158457 0.15581747 0.13450671 0.11595038 0.10548761 0.10677784 0.10913422 0.11715871 0.13201687 0.12044940 0.13711204 0.08742301 0.11552310 0.09666427 0.11637046 0.12752059 0.07213610 0.08887301 0.10485595 0.10708387 0.10368924 0.06227394 0.09502011 0.10065349 0.09412750 0.09072076 0.10981156 0.04101559 0.05629019 0.05098349 0.06141637 0.06265415 0.02417547 0.09822061 0.08926745 0.07351358 0.09233245 0.08410899 0.02285675 0.07647128 0.08550544 
0.12147130 0.06603530 0.16167934 0.11577215 0.17386811 0.09531118 0.15111192 0.11565739 0.29043689 0.34583678 0.00000000 0.19585669 0.19560753 0.18420579 0.20069634 0.14756168 0.40841058 0.07750162 0.12112718 0.12162040 0.12829431 0.09187146 0.13071979 0.16337943 0.08884576 0.10712111 0.11676814 0.10345363 0.12962385 0.16758872 0.09716337 0.26229689 0.16565692 0.22144023 0.21212504 0.14193604 0.20784335 0.12684241 0.13732919 0.11384056 0.14242542 0.13857751 0.09596786 0.17833671 0.09316608 0.18315388 0.16037816 0.08440217 0.07793495 0.09273990 0.15380534 0.11048152 0.13731488 0.08285040 0.14313228 0.18135072 0.11306422 0.17085429 0.14293646 0.10360609 0.08830988 0.10480923 0.11467994 0.09332026 0.11517931 0.11139293 0.12290196 0.10039951 0.08389833 0.11817868 0.09258075 0.08137554 0.12938593 0.14366574 0.14504573 0.13623206 0.12823563 0.17347558 0.16638506 0.18291371 0.10672345 0.16685808 0.10634394 0.09121882 0.12586350 0.12758192 0.12743749 0.13543240 0.16487925 0.10087667 0.13237916 0.10485203 0.13467787 0.12057389 0.13110657 0.14736153 0.09256943 0.14127025 0.11566704 0.08608847 0.09060052 0.07786204 0.12487345 0.15925807 0.14038398 0.12611546 0.08353068 0.14533363 0.15064510 0.11228748 0.06083142 0.14163449 0.07329694 0.09025479 0.10383685 0.09184262 0.11792208 0.13437342 0.09000334 0.10355744 0.11948876 0.12805551 0.11143492 0.09775581 0.08673537 0.10772992 0.12372136 0.08145529 0.09324715 0.05031903 0.11076690 0.07199596 0.10827204 0.12506649 0.09346209 0.09682541 0.04269071 0.10435564 0.11747506 0.05642886 0.11566982 0.11930477 0.06878767 0.09168980 0.08541335 0.07279893 0.07368340 0.09422570 
0.11357193 0.11282199 0.14606571 0.10452848 0.13298501 0.11002842 0.12784866 0.11551594 0.13659905 0.15821862 0.19585669 0.00000000 0.16629425 0.20833104 0.17296666 0.16632952 0.15412505 0.10113482 0.19324230 0.18277507 0.10287499 0.06017226 0.07774891 0.09678053 0.14623173 0.10319142 0.11734555 0.14428584 0.06259049 0.12543919 0.14520041 0.23557515 0.11902541 0.09755918 0.21252121 0.11965701 0.39404184 0.18842529 0.12878054 0.15806705 0.09374677 0.17850863 0.28128808 0.06698769 0.13259550 0.18347918 0.17334418 0.09932701 0.09995614 0.17277141 0.08612106 0.11879156 0.07646390 0.21222713 0.13254344 0.10353284 0.18387020 0.12450276 0.05775099 0.13551928 0.13285389 0.12208549 0.12220297 0.13078919 0.12526343 0.11475353 0.12789190 0.11950013 0.11512747 0.11786341 0.10713423 0.14858929 0.11056007 0.11095684 0.19813653 0.12263124 0.10719912 0.07852292 0.09489684 0.13992300 0.10771757 0.12820648 0.13235717 0.06908792 0.18385695 0.14152754 0.09236368 0.10128635 0.13068870 0.07843619 0.13776383 0.07354040 0.11820284 0.10760297 0.12430230 0.09766930 0.14881601 0.07947001 0.08635553 0.09460580 0.08451385 0.11202141 0.06860705 0.10192957 0.09924584 0.12728612 0.13942687 0.13913341 0.10613981 0.13926201 0.12153359 0.23543057 0.09899371 0.13432441 0.05430472 0.08611625 0.09895202 0.11411364 0.03460060 0.12654675 0.13546017 0.13693816 0.07942185 0.14514161 0.15599964 0.13627127 0.06669231 0.10631813 0.11264399 0.12200039 0.18459018 0.11124272 0.11961912 0.12825658 0.17558405 0.17182906 0.11537592 0.10277268 0.12179957 0.09325695 0.15468013 0.11892193 0.09354369 0.09375396 0.15684986 0.12539400 0.12774997 0.15800860 
0.11650121 0.10451925 0.13885256 0.19590724 0.19969519 0.10620236 0.08622252 0.07781076 0.11586669 0.19234910 0.19560753 0.16629425 0.00000000 0.28271936 0.24022965 0.13545277 0.12923035 0.10323048 0.12054691 0.13883335 0.08593008 0.09688880 0.16947359 0.11919444 0.21309624 0.17478038 0.12621041 0.10641923 0.08077069 0.15972768 0.15923994 0.18655012 0.14903644 0.11416432 0.17225066 0.12356553 0.15665191 0.12718164 0.13459124 0.14150799 0.11795595 0.15355773 0.13990057 0.13872958 0.12676099 0.11712769 0.14050300 0.12648572 0.10788307 0.12066408 0.14246626 0.12969958 0.18622484 0.07033632 0.07702244 0.10576975 0.11411509 0.14903519 0.13009590 0.14936280 0.16780040 0.18294578 0.11076393 0.08378633 0.19404153 0.10537768 0.14093189 0.13248503 0.13810296 0.12909969 0.12587127 0.18720812 0.16062987 0.12464989 0.16753402 0.19283014 0.11040239 0.15317611 0.18384106 0.10958836 0.15499200 0.15385125 0.11236846 0.15648321 0.16909435 0.10116529 0.14235426 0.15749655 0.12622854 0.13040147 0.15252017 0.04595143 0.09466199 0.13177112 0.08874173 0.14626951 0.14833582 0.11206457 0.11933252 0.16782488 0.14449975 0.12043510 0.09354708 0.08344439 0.17350508 0.11816212 0.16076174 0.12541208 0.20204901 0.09840518 0.13412991 0.10327853 0.10090606 0.11223828 0.11452166 0.09726447 0.11857862 0.09383499 0.12702167 0.13668705 0.11098931 0.06367343 0.15119537 0.13853564 0.11195942 0.15734387 0.17072384 0.08537275 0.05513191 0.08127677 0.09698260 0.09187562 0.06194091 0.11885558 0.06631922 0.07520731 0.04981346 0.08723561 0.07161274 0.05023691 0.03224694 0.09793270 0.04886244 0.05593193 0.05406306 0.06159453 0.06103933 0.05709861 
0.13334073 0.26354227 0.09317488 0.11482537 0.11685850 0.11555462 0.13445234 0.10905974 0.13208059 0.42595959 0.18420579 0.20833104 0.28271936 0.00000000 0.13697679 0.11950870 0.11633309 0.16001464 0.11595161 0.15525834 0.15695332 0.09391910 0.12725509 0.12036147 0.13851322 0.13547589 0.12503286 0.08234632 0.10640284 0.14896692 0.11849623 0.15633196 0.13123410 0.14928627 0.17907273 0.10688745 0.08411447 0.12375533 0.10329683 0.11478238 0.14765584 0.12723930 0.10389781 0.12047732 0.08815704 0.17084407 0.10410346 0.10449470 0.13760375 0.13956636 0.12725204 0.11913082 0.12829086 0.16594340 0.25336467 0.25598760 0.28118357 0.14327492 0.14737361 0.09747271 0.08219434 0.14980384 0.12804560 0.10587569 0.13211634 0.09456748 0.15748447 0.08389442 0.13700178 0.15467542 0.12924278 0.13791039 0.11770086 0.07115044 0.13091522 0.14957618 0.13241010 0.12421150 0.16294714 0.15829526 0.18300920 0.17439196 0.11159268 0.16500656 0.10588232 0.12647213 0.11777524 0.11588897 0.08464045 0.13270559 0.13846862 0.09881748 0.11152376 0.12449983 0.09139704 0.12248124 0.17420852 0.09969427 0.06487664 0.04482843 0.09315324 0.10512435 0.13199898 0.11384683 0.12572394 0.13987757 0.18530536 0.13682483 0.10411149 0.07072521 0.13010558 0.17490962 0.12439676 0.14210383 0.10256542 0.09135267 0.13063703 0.12064563 0.10267825 0.08127814 0.13379180 0.07995642 0.13767333 0.16163554 0.10642806 0.09411813 0.10015363 0.10208108 0.08382456 0.06925897 0.07005897 0.09904574 0.10059700 0.12155103 0.07479051 0.06451075 0.13457811 0.09906934 0.12449644 0.07671914 0.07308869 0.06948353 0.06408752 0.10640699 0.05986771 0.09691373 0.04023389 0.07497636 
0.10649470 0.09692349 0.13644431 0.10015670 0.16417325 0.10616705 0.14765529 0.10435628 0.13867161 0.17600231 0.20069634 0.17296666 0.24022965 0.13697679 0.00000000 0.10980291 0.25182580 0.19003883 0.09467693 0.06208633 0.14962429 0.06441557 0.10870282 0.12897912 0.13586277 0.12414625 0.10139054 0.15120314 0.14077118 0.14710210 0.08227203 0.12388717 0.12955875 0.24021116 0.12719122 0.11851967 0.14172335 0.11358738 0.11274839 0.09605720 0.08525189 0.12598392 0.10561948 0.13849541 0.13415581 0.08046572 0.07590281 0.15406549 0.11541070 0.11817755 0.16376992 0.11296963 0.18423273 0.16749936 0.21680822 0.10835279 0.09944859 0.16794473 0.10546188 0.11900515 0.16247046 0.14564214 0.14758152 0.13869831 0.12002156 0.08319574 0.15708766 0.13824030 0.14209637 0.11529219 0.10320289 0.11163338 0.08974548 0.19052117 0.15436496 0.13376340 0.11931252 0.13618562 0.12804657 0.14412142 0.15150667 0.09637986 0.12325800 0.10136762 0.12042471 0.11950073 0.14285451 0.11670424 0.17518664 0.10769409 0.17867016 0.09505663 0.14334056 0.11667266 0.09168062 0.14594291 0.07902139 0.12491937 0.11998019 0.10829015 0.16495182 0.13932557 0.11028800 0.09640254 0.15411507 0.09407326 0.15376709 0.13004548 0.14769693 0.13002390 0.12838894 0.14905899 0.12386631 0.13668057 0.10374570 0.20521303 0.13964879 0.12140398 0.13470778 0.18013884 0.15453251 0.12612849 0.11420855 0.12585962 0.07829352 0.09863668 0.09214788 0.13588667 0.12191640 0.07648331 0.08820446 0.15120221 0.04814719 0.16804782 0.08839799 0.09923819 0.07753605 0.07705520 0.12020604 0.08979183 0.17431575 0.12164359 0.08057258 0.07125004 0.13238423 0.06870184 0.09759943 0.08711366 
0.14768477 0.07848660 0.14715939 0.14210204 0.19209144 0.26284954 0.11934898 0.64783575 0.13621101 0.13704945 0.14756168 0.16632952 0.13545277 0.11950870 0.10980291 0.00000000 0.22768260 0.42437651 0.15060742 0.08700914 0.15571383 0.12438598 0.08764604 0.13604986 0.10160925 0.12421729 0.12986503 0.10168034 0.18153803 0.08198813 0.07238421 0.11444240 0.07132792 0.14713704 0.12686763 0.13329071 0.16100072 0.12056482 0.14424248 0.12261578 0.12260473 0.08138440 0.16601675 0.11986179 0.11378864 0.08300804 0.09157744 0.11850181 0.45580207 0.21647975 0.12688399 0.10021591 0.06702310 0.12190022 0.09192717 0.19955003 0.12654012 0.08650831 0.28018617 0.21455546 0.15948528 0.08932989 0.15906311 0.13505082 0.13305218 0.10828863 0.13762906 0.08845355 0.10250679 0.10254384 0.11525111 0.08998455 0.10054126 0.07951705 0.16886335 0.11534990 0.08128257 0.05884027 0.04833087 0.10044451 0.07049985 0.07359200 0.09838915 0.11806019 0.12020561 0.10381965 0.11840944 0.12008985 0.09978909 0.09907344 0.08223047 0.22392611 0.12732787 0.12636546 0.13846972 0.11098797 0.08062500 0.10323718 0.06388476 0.12476979 0.09289797 0.10251579 0.04549615 0.10208373 0.04435906 0.08330292 0.06930252 0.07747256 0.11846872 0.09481297 0.14693601 0.12611226 0.10500386 0.13634297 0.10257614 0.13351377 0.09266309 0.09968738 0.09910572 0.06749454 0.07450104 0.14452148 0.14256984 0.13467158 0.05662379 0.14809451 0.06061813 0.14537268 0.11923606 0.10408908 0.12138848 0.09894474 0.13497727 0.10312017 0.11255375 0.12489449 0.07071109 0.12659818 0.10374021 0.12404447 0.10508257 0.08544567 0.11548797 0.18092713 0.16314454 0.09537278 0.19067087 0.10838099 
0.09817778 0.09316569 0.11046465 0.09781129 0.16207972 0.15760435 0.11183412 0.13668156 0.18980955 0.17277944 0.40841058 0.15412505 0.12923035 0.11633309 0.25182580 0.22768260 0.00000000 0.14921752 0.25020008 0.12742278 0.13632450 0.12466300 0.06704616 0.13614146 0.16880370 0.10300227 0.11893176 0.12964061 0.16999066 0.11670087 0.16784477 0.38899765 0.09719752 0.66263341 0.24329688 0.12012842 0.17951480 0.10071841 0.12085749 0.08840392 0.09768616 0.14571189 0.12395594 0.15949202 0.13499697 0.16121335 0.15070506 0.18071519 0.14885669 0.10408239 0.11369263 0.15599169 0.09772746 0.11220948 0.10708144 0.09154187 0.10001185 0.09164567 0.16061574 0.14548532 0.15702728 0.07004987 0.12536731 0.07031995 0.12810582 0.15051254 0.15354962 0.11126499 0.11482747 0.10256812 0.07268648 0.14731765 0.14150834 0.10367629 0.16656858 0.09483077 0.09059700 0.12146032 0.12879931 0.14144353 0.13904651 0.16801936 0.18687887 0.22404180 0.10611552 0.12088412 0.12257365 0.08666851 0.11504871 0.12839639 0.15653633 0.11079170 0.12765118 0.13233285 0.12778300 0.15241484 0.08176681 0.08868121 0.13644348 0.10999993 0.09322920 0.12684361 0.13371220 0.07717271 0.13303435 0.09562684 0.12141640 0.09822186 0.09533310 0.11820920 0.10842331 0.11167990 0.08094396 0.08763779 0.10585935 0.07881854 0.11278544 0.10546974 0.10243123 0.09952481 0.13197441 0.11062921 0.10299830 0.07785838 0.07488310 0.06653236 0.12024104 0.09429186 0.04303368 0.07992566 0.05918216 0.07782152 0.07412964 0.09239678 0.06404752 0.08376213 0.08329172 0.09163190 0.08094674 0.08704380 0.05118408 0.09995641 0.08724776 0.11677825 0.09800473 0.09989543 0.08725655 0.07327742 
0.21627796 0.07767966 0.24777875 0.15403442 0.15484164 0.82568739 0.16906897 0.20592421 0.18727597 0.10561196 0.07750162 0.10113482 0.10323048 0.16001464 0.19003883 0.42437651 0.14921752 0.00000000 0.17225132 0.10100503 0.59831032 0.15697689 0.13085747 0.17084618 0.08843695 0.18961436 0.11090362 0.12642608 0.19389867 0.13783475 0.10926393 0.13545882 0.05390675 0.13620058 0.06877602 0.08961959 0.10777442 0.10681434 0.08057929 0.10751971 0.12204335 0.06601862 0.13783758 0.09195402 0.09605663 0.08740219 0.07409516 0.16026938 0.15783428 0.20433163 0.14716961 0.13006241 0.04169196 0.36136957 0.13445989 0.11555190 0.09352735 0.09536268 0.18631889 0.17086508 0.09408743 0.09357627 0.13221566 0.10586701 0.12568723 0.14072373 0.12084919 0.12077760 0.10465586 0.09862258 0.08099620 0.09672953 0.06780159 0.08245546 0.10930581 0.07873514 0.10637436 0.09539809 0.10364224 0.11585422 0.06604613 0.07645569 0.07455010 0.12098910 0.13889749 0.10105336 0.11453287 0.06680830 0.05274413 0.14613085 0.08213646 0.16415404 0.18645699 0.07033176 0.11560219 0.08628521 0.09157115 0.07440111 0.09994508 0.08980622 0.12547797 0.12059953 0.06052900 0.09203802 0.11535598 0.12709384 0.04198611 0.05859159 0.07544592 0.09224591 0.08021697 0.14770454 0.09022206 0.07727636 0.09452666 0.06548802 0.07955386 0.14341252 0.08925663 0.07289405 0.07998775 0.06746831 0.15489109 0.11547972 0.09527138 0.10888657 0.12708577 0.08901122 0.12641940 0.09084677 0.16865973 0.09204934 0.14444806 0.07993812 0.09588557 0.17381357 0.12197170 0.11147621 0.18168478 0.13121092 0.13992630 0.09414750 0.16156745 0.12163842 0.09975533 0.16006647 0.10793282 0.10805295 
0.18675448 0.10085822 0.10645940 0.10265279 0.12771296 0.10390402 0.13487506 0.18581339 0.21770648 0.13173796 0.12112718 0.19324230 0.12054691 0.11595161 0.09467693 0.15060742 0.25020008 0.17225132 0.00000000 0.25997292 0.11075744 0.17746204 0.14916778 0.18449295 0.11304022 0.07248386 0.17061093 0.15749681 0.10868732 0.19043406 0.19397303 0.14930011 0.16055005 0.18926011 0.10964117 0.11446433 0.14631990 0.17716211 0.16293312 0.04839390 0.13222664 0.09951952 0.06904648 0.11342418 0.08952198 0.17736755 0.20749704 0.12429245 0.07542844 0.13239314 0.14095369 0.15107373 0.13900187 0.05501694 0.14402034 0.12315629 0.07101635 0.12309818 0.11737907 0.27429276 0.15882302 0.18837519 0.11592070 0.10435898 0.09888725 0.19432968 0.06004314 0.16166495 0.05953569 0.07846644 0.05483846 0.12651273 0.09318092 0.10781575 0.09277082 0.08391860 0.11953514 0.07897972 0.09664243 0.18292078 0.12602207 0.10489289 0.14631988 0.09299103 0.11381796 0.15683870 0.16744114 0.10007039 0.07468725 0.11580812 0.12176413 0.11788677 0.17523336 0.09494283 0.15167084 0.14756802 0.09346772 0.11562847 0.11173976 0.14049813 0.11387786 0.08755708 0.11615172 0.13489534 0.10261731 0.16588745 0.13972152 0.13507334 0.06639707 0.13033182 0.15578471 0.07603281 0.13661962 0.13828666 0.09864434 0.14529483 0.10510891 0.15827030 0.08745622 0.05466811 0.07806554 0.05269447 0.16047584 0.15318653 0.02855907 0.10734364 0.10408453 0.15326534 0.11525072 0.07684504 0.11164073 0.04957020 0.04853124 0.11036206 0.12699651 0.11104314 0.08326895 0.12539260 0.12701764 0.11489865 0.10212155 0.07979456 0.09493890 0.15418535 0.14931211 0.14335243 0.13418601 0.22001769 
0.13384143 0.11717896 0.24079806 0.12579452 0.15113841 0.23486173 0.15377854 0.15472773 0.08279793 0.14018109 0.12162040 0.18277507 0.13883335 0.15525834 0.06208633 0.08700914 0.12742278 0.10100503 0.25997292 0.00000000 0.10732188 0.19076426 0.13370431 0.22065209 0.14130322 0.14138274 0.18794980 0.25900738 0.15938195 0.17545787 0.19529532 0.14223622 0.09795641 0.14188272 0.11348342 0.11618848 0.12686192 0.10487078 0.13929783 0.08419639 0.12493723 0.12900578 0.11500871 0.11361410 0.15154468 0.14761147 0.07524294 0.17939241 0.07946750 0.10405689 0.13968960 0.17529669 0.13768033 0.14639526 0.12462481 0.15496509 0.11847808 0.06979215 0.11342598 0.10630773 0.08512040 0.08890931 0.14011048 0.12092506 0.12815686 0.07056374 0.13488570 0.13299611 0.10723560 0.06637233 0.05703000 0.10770414 0.11448233 0.13817906 0.14143347 0.13559312 0.09909302 0.10423468 0.07985425 0.10602383 0.09149043 0.09901591 0.27333118 0.12379545 0.14903522 0.18258888 0.14885409 0.12513073 0.09392734 0.14208713 0.11881546 0.11439020 0.07697483 0.16908758 0.15714504 0.10122886 0.07090189 0.14807860 0.12023441 0.13925383 0.10638519 0.09189127 0.12193079 0.10915655 0.13566855 0.14264534 0.10268121 0.15088411 0.13342801 0.11582419 0.09470449 0.08292358 0.11980350 0.12163083 0.09485526 0.12560842 0.04904335 0.12067263 0.14540422 0.16373386 0.11666696 0.06240256 0.09477060 0.06271388 0.08652647 0.11423536 0.12190119 0.10605728 0.10427389 0.10275529 0.09439733 0.07473119 0.16515978 0.10675063 0.16135060 0.15321088 0.11437044 0.12409509 0.07744554 0.07257718 0.13732594 0.11998761 0.10613755 0.09240188 0.08370110 0.11271624 0.09831107 0.14190196 
0.14985904 0.13489399 0.11564848 0.11500384 0.13735379 0.07839994 0.09347041 0.10093988 0.13223609 0.08940321 0.12829431 0.10287499 0.08593008 0.15695332 0.14962429 0.15571383 0.13632450 0.59831032 0.11075744 0.10732188 0.00000000 0.13058393 0.12442076 0.18501647 0.10785932 0.16050220 0.14521551 0.12803914 0.11850911 0.24089833 0.12180526 0.16475854 0.05641681 0.07591169 0.06159492 0.14194489 0.14130753 0.13452044 0.07209839 0.06813610 0.11183974 0.17783833 0.13969408 0.09740310 0.12440951 0.05486057 0.09423710 0.15172961 0.07266432 0.18803640 0.13251441 0.07708345 0.13587703 0.16126315 0.12731278 0.07722477 0.09163956 0.20390124 0.12920496 0.15641905 0.14047548 0.06938662 0.09857634 0.18095314 0.05426912 0.11604201 0.15011300 0.14426586 0.14254783 0.10696513 0.13942886 0.15042212 0.09675116 0.07501143 0.12196580 0.11310353 0.06860771 0.07545178 0.09206997 0.11902875 0.21723859 0.16630251 0.16231683 0.09246615 0.06334796 0.07833690 0.15184293 0.07123983 0.09879886 0.10945833 0.12833451 0.13025935 0.12538877 0.16276690 0.14673309 0.12947968 0.12619953 0.14103544 0.09928382 0.11361567 0.11248969 0.12672291 0.10678139 0.16996905 0.11200864 0.10488103 0.10409695 0.12808044 0.17996617 0.18026802 0.14347892 0.16628907 0.15922649 0.13382272 0.16412630 0.10225076 0.12019130 0.09394596 0.15116759 0.10101853 0.07153992 0.06180731 0.13151536 0.12957320 0.09137820 0.09040795 0.11914761 0.09381285 0.13532729 0.10081056 0.12426233 0.19803940 0.11811279 0.07453047 0.18861568 0.09515838 0.12636042 0.11263351 0.16516869 0.11400963 0.07964183 0.20122738 0.13773693 0.17559256 0.12628105 0.16696315 0.09403118 0.13949654 
0.13693925 0.23236032 0.09995599 0.11881823 0.17751764 0.27154122 0.18594204 0.09570084 0.07111265 0.13566698 0.09187146 0.06017226 0.09688880 0.09391910 0.06441557 0.12438598 0.12466300 0.15697689 0.17746204 0.19076426 0.13058393 0.00000000 0.32073242 0.19185560 0.13241890 0.14106117 0.20537726 0.09654176 0.16041831 0.18969030 0.09116631 0.10064308 0.18137048 0.07841966 0.15246998 0.16502561 0.09862974 0.15030802 0.13799213 0.07120910 0.13958797 0.08182404 0.09193895 0.10746387 0.10636243 0.11127377 0.08228509 0.14781225 0.12838488 0.13750248 0.19472312 0.29734340 0.18362104 0.06471817 0.13835141 0.13917314 0.08106879 0.10354135 0.15133618 0.15078888 0.07658663 0.18844436 0.12624760 0.09184643 0.11737033 0.11504599 0.12263389 0.09182568 0.11730659 0.12397653 0.14424651 0.08693187 0.10118762 0.12145519 0.10137881 0.12680775 0.09131959 0.12104404 0.11578896 0.10200859 0.12729481 0.11391588 0.10152345 0.17810437 0.13629565 0.08322995 0.11263939 0.13303409 0.17586672 0.13163752 0.09353814 0.10611831 0.08381607 0.13551704 0.07403304 0.08959060 0.09547686 0.09923753 0.09036082 0.05137967 0.11289008 0.09203863 0.11098378 0.09490929 0.08381362 0.12503727 0.11461928 0.12707082 0.20528197 0.13625813 0.18164403 0.08526042 0.12152865 0.18237127 0.08588928 0.15359347 0.07023169 0.06511624 0.12501702 0.19514251 0.09776578 0.07534905 0.07725332 0.31485623 0.05820750 0.10971452 0.14502858 0.06324460 0.10971750 0.08958190 0.09487741 0.13548203 0.08800587 0.13599278 0.08531620 0.10437479 0.13781803 0.17743485 0.16654136 0.18648850 0.10086671 0.17210358 0.13988226 0.08285104 0.15537992 0.10488868 0.08421632 0.07062200 
0.15894718 0.37830137 0.19308605 0.15367980 0.14789337 0.18369477 0.10375078 0.15727542 0.09159838 0.12923198 0.13071979 0.07774891 0.16947359 0.12725509 0.10870282 0.08764604 0.06704616 0.13085747 0.14916778 0.13370431 0.12442076 0.32073242 0.00000000 0.21201679 0.12671563 0.16725539 0.23946905 0.14650526 0.15708870 0.10071412 0.16720927 0.12634518 0.09805731 0.11432222 0.07124012 0.13724715 0.11532621 0.19986300 0.09161298 0.09430853 0.14110854 0.10796566 0.14073056 0.12325024 0.09848403 0.13144944 0.12368590 0.08955360 0.10480936 0.13537693 0.11015466 0.16918376 0.11592364 0.11922945 0.09998495 0.13685128 0.11636367 0.09157690 0.15046598 0.11323770 0.11262170 0.17079118 0.14732344 0.10374151 0.15768532 0.10417016 0.11070064 0.07693379 0.11313459 0.07805649 0.08825398 0.10429002 0.13209351 0.09642688 0.13011902 0.12358686 0.11484334 0.10298273 0.09749255 0.10027279 0.21622631 0.13968771 0.11832616 0.14194118 0.14591308 0.13040955 0.17352813 0.11945574 0.17188650 0.17978766 0.14424393 0.11340560 0.12225443 0.14796164 0.08223860 0.12601197 0.14697986 0.11909289 0.11284882 0.06915056 0.16407140 0.09168709 0.09869958 0.07041631 0.08727194 0.13361415 0.12779739 0.09820533 0.12888566 0.10872754 0.09017390 0.19301323 0.08135307 0.07970188 0.15989307 0.08501966 0.11799903 0.10424780 0.12486068 0.09855730 0.12743763 0.09955682 0.09355358 0.09052661 0.08092015 0.09262114 0.09525952 0.08752801 0.09897338 0.12505594 0.11320565 0.15678986 0.07851132 0.16073592 0.10410036 0.13719942 0.11201457 0.11398462 0.11963334 0.10744985 0.09474509 0.14886646 0.09342586 0.12846251 0.11732517 0.08649049 0.11546264 0.08497630 
0.16638959 0.18792964 0.12098753 0.20480249 0.12032620 0.12822257 0.10778958 0.17429405 0.10659008 0.11633078 0.16337943 0.09678053 0.11919444 0.12036147 0.12897912 0.13604986 0.13614146 0.17084618 0.18449295 0.22065209 0.18501647 0.19185560 0.21201679 0.00000000 0.26004939 0.23208388 0.18819645 0.35504369 0.17499261 0.17329831 0.08126950 0.12684961 0.19536933 0.12895944 0.13278650 0.10536049 0.11811388 0.08814901 0.15740605 0.11770063 0.18378476 0.15647346 0.10604614 0.14331528 0.12040571 0.15088734 0.09385693 0.14206888 0.07873483 0.10578231 0.14370466 0.14167136 0.10301138 0.09761664 0.07546508 0.12317175 0.08424920 0.14889154 0.11220964 0.09733511 0.08404824 0.11089173 0.12855314 0.12874758 0.16765628 0.13683502 0.16728684 0.18969113 0.12538549 0.10444284 0.11370252 0.13039013 0.15528760 0.11506990 0.07847299 0.08720852 0.08651629 0.12456441 0.08825632 0.07469261 0.16562077 0.13229590 0.13680710 0.08851138 0.09333315 0.06538356 0.10177556 0.11272449 0.14534247 0.11949449 0.11929278 0.11994415 0.08099128 0.11442283 0.14236026 0.12678119 0.09922568 0.09672373 0.10312597 0.10963910 0.15544694 0.18316112 0.07439319 0.08898532 0.16499423 0.16060893 0.14213258 0.08713201 0.17837796 0.11630219 0.07000372 0.12663719 0.13469277 0.09891330 0.11830879 0.13079742 0.05214584 0.06400180 0.18127395 0.11272546 0.07233134 0.13048779 0.12563804 0.19310739 0.06187355 0.08879758 0.08742269 0.12546033 0.14160381 0.10905674 0.07169327 0.10738864 0.12107603 0.12297780 0.09287622 0.10053248 0.10302851 0.10980741 0.05770875 0.09830922 0.11235299 0.12452369 0.13857483 0.07292812 0.07046586 0.06470964 0.06782260 0.07198005 
