0.00000000 0.16848052 0.08440817 0.13829964 0.12685486 0.09652716 0.13097888 0.12233724 0.07175992 0.13590916 0.08096072 0.06106332 0.16957072 0.09873489 0.08951830 0.06633156 0.08174738 0.06688076 0.10398382 0.13510764 0.08311796 0.12266179 0.09675464 0.10044346 0.10108314 0.07853668 0.10763241 0.07202411 0.07747715 0.08922483 0.07586043 0.08480160 0.06790450 0.08117563 0.08140512 0.09460127 0.07912018 0.06845709 0.08928367 0.09798144 0.10682869 0.08176103 0.08334804 0.08813206 0.07015207 0.07971922 0.06515981 0.08582917 0.06904479 0.10941720 0.10106241 0.09953993 0.10490445 0.06505279 0.07186539 0.06874550 0.07135469 0.07482448 0.09942718 0.08406284 0.06846661 0.11308449 0.09156404 0.07168637 0.11163140 0.05055997 0.08239683 0.06810507 0.08899753 0.08059401 0.07679120 0.07541289 0.06921921 0.06909702 0.07876465 0.08711420 0.06693747 0.10756590 0.08048101 0.08373356 0.07220070 0.07723405 0.05874480 0.09390120 0.08452301 0.07876969 0.09127539 0.08054046 0.11680046 0.08291586 0.07899851 0.07770029 0.07466913 0.11943546 0.07480420 0.09985181 0.07336032 0.07991255 0.06371568 0.05786275 0.10434520 0.06902610 0.08024368 0.05791111 0.07120158 0.05399338 0.08508338 0.06599901 0.08597916 0.05909806 0.07585263 0.08145985 0.08218482 0.08074002 0.09711992 0.07818204 0.08344548 0.07272195 0.07864354 0.07071807 0.07292139 0.07924143 0.07195088 0.07369776 0.06137910 0.07495753 0.08504038 0.04627450 0.05011196 0.05361695 0.06770329 0.05270544 0.04975595 0.08024876 0.06048562 0.06179905 0.05645454 0.06115166 0.05638608 0.05191398 0.06001764 0.06466148 0.04972448 0.04885006 0.06423401 0.06027059 0.05327073 0.06111416 
0.16848052 0.00000000 0.11391138 0.15864261 0.08687295 0.09848344 0.11865050 0.09417613 0.05407086 0.10222007 0.07778982 0.06858029 0.10038930 0.08693662 0.06306236 0.03476552 0.05588686 0.05699570 0.06215072 0.08779838 0.06279332 0.12954948 0.15790846 0.13300463 0.09677328 0.08817359 0.09674240 0.11659874 0.06798268 0.09811551 0.06699654 0.05733731 0.04884741 0.07178073 0.08094067 0.07874879 0.06776337 0.07381228 0.09179606 0.06785794 0.09586538 0.09040202 0.09505121 0.08778010 0.07062641 0.08313678 0.07827603 0.07406342 0.08332355 0.10712597 0.08080214 0.09778877 0.09804884 0.06323139 0.10041887 0.09202998 0.06305847 0.08123553 0.06063336 0.08692180 0.06705571 0.07558646 0.05715416 0.05922747 0.08492088 0.05706655 0.08327706 0.05760332 0.07353778 0.08706780 0.06711386 0.06391790 0.09939655 0.07561977 0.11542175 0.11552350 0.06359087 0.08105513 0.06801824 0.08965308 0.08665772 0.10921981 0.07228688 0.11152671 0.08678561 0.07014749 0.08732187 0.09544642 0.07161522 0.12234878 0.06971388 0.07692675 0.06285697 0.09953306 0.08964091 0.09679132 0.09746370 0.08571510 0.06546177 0.04749315 0.07803646 0.07581789 0.11274104 0.09159181 0.07101098 0.07772008 0.14403667 0.09127621 0.09370245 0.09002613 0.08101703 0.08250326 0.08749023 0.07214527 0.09454847 0.05881554 0.08487356 0.08158899 0.08230842 0.09631602 0.04729981 0.06157004 0.08134797 0.08330235 0.06761177 0.09653298 0.08777634 0.06737761 0.05401006 0.10294880 0.06438850 0.06505335 0.09464480 0.08756249 0.07495783 0.05956004 0.06794839 0.05243474 0.06057848 0.03060663 0.04110057 0.05775849 0.03977459 0.07532418 0.05030606 0.06219566 0.04960500 0.10281396 
0.08440817 0.11391138 0.00000000 0.09486556 0.14692369 0.08418810 0.17322587 0.04540297 0.05583591 0.07944392 0.14696116 0.04730095 0.11490521 0.04919245 0.08653521 0.10003976 0.05097446 0.08828964 0.11253942 0.21077730 0.06833897 0.12306759 0.13952090 0.09921358 0.10058264 0.10901998 0.09839672 0.09926617 0.06051802 0.08672993 0.06762667 0.10545141 0.06220539 0.07431824 0.08884119 0.09378344 0.10916243 0.05152241 0.05996650 0.04507501 0.11906131 0.02190461 0.03281580 0.11661193 0.07602856 0.06619495 0.08447478 0.08584025 0.03240983 0.07106426 0.07991779 0.08918904 0.06466264 0.04886407 0.05604818 0.05371095 0.05746192 0.04063718 0.05645141 0.05634364 0.05433599 0.06276581 0.07555184 0.04664107 0.11086083 0.05027551 0.06841307 0.03469442 0.08367408 0.06265809 0.06825841 0.07840091 0.08941048 0.08109450 0.03688490 0.08457202 0.07782529 0.09737167 0.06774197 0.06512415 0.06950134 0.10227069 0.09160555 0.06753153 0.10321626 0.36113063 0.06920957 0.04811226 0.08963850 0.07649472 0.08195358 0.16559870 0.09777079 0.11860635 0.08892548 0.09646338 0.15494724 0.08504838 0.09201335 0.07321579 0.10487224 0.06298970 0.16971143 0.06466228 0.06632674 0.05018900 0.12204319 0.03118911 0.07915291 0.04210518 0.03931944 0.04035427 0.07558366 0.05238781 0.05042631 0.05197381 0.05786070 0.05801625 0.08998826 0.12307773 0.11328907 0.07254037 0.07185300 0.03757418 0.04039564 0.08758334 0.12513460 0.05867046 0.09329906 0.07944345 0.10046052 0.06265030 0.06722126 0.05609843 0.11326762 0.09539790 0.07535640 0.07012046 0.08370270 0.00996077 0.13088018 0.04854323 0.07410619 0.07277198 0.07107290 0.07984641 0.12894903 0.10384162 
0.13829964 0.15864261 0.09486556 0.00000000 0.10143834 0.09730085 0.12669087 0.11680169 0.07928665 0.10967553 0.07489554 0.07964505 0.10784852 0.08805110 0.08802281 0.04493332 0.08044899 0.05530746 0.09039383 0.12895632 0.07398455 0.08979138 0.09728208 0.13667962 0.08329992 0.08567809 0.11081657 0.07506151 0.06956933 0.11100462 0.09526928 0.09186391 0.06968636 0.07864979 0.10876834 0.09150856 0.06916972 0.08078975 0.07668719 0.06146161 0.08823241 0.07666603 0.06983866 0.08889412 0.06450557 0.07202021 0.09589480 0.06404825 0.07673553 0.08262139 0.10272999 0.08451987 0.13247338 0.06226910 0.08961075 0.08289065 0.08480419 0.09867431 0.07354726 0.07158740 0.11076774 0.07823082 0.07688692 0.06181481 0.10151240 0.04135842 0.08933995 0.05180904 0.11328412 0.07644161 0.05536022 0.08156362 0.10735646 0.07825387 0.08264677 0.10454729 0.06006075 0.07890287 0.09835603 0.08754536 0.08703227 0.09614504 0.09305729 0.09361116 0.06290026 0.10470440 0.10049181 0.07652829 0.07756858 0.12364430 0.08627850 0.08275058 0.06839809 0.11360205 0.11746591 0.08804413 0.06356758 0.10365074 0.07047011 0.08392284 0.08433531 0.07255657 0.06827476 0.06308547 0.08785858 0.06542416 0.08999473 0.06529275 0.11859188 0.09472147 0.07648353 0.07688089 0.06688733 0.06411062 0.10948855 0.08219026 0.06557994 0.09952777 0.05048609 0.08655946 0.05228754 0.07114795 0.08779948 0.06999118 0.06412658 0.06734095 0.08932015 0.05723614 0.05000511 0.06367701 0.08089319 0.05773845 0.07361062 0.10077761 0.05111649 0.06104934 0.05372002 0.09172845 0.06169495 0.05681312 0.04912987 0.04784831 0.02290288 0.02877664 0.04987105 0.03698675 0.04095992 0.05930504 
0.12685486 0.08687295 0.14692369 0.10143834 0.00000000 0.13305332 0.12625550 0.09089659 0.08520659 0.15078049 0.14978482 0.08483589 0.15571794 0.10679983 0.11731043 0.07583472 0.12105674 0.07523227 0.09970789 0.12665136 0.05750354 0.06427340 0.08689271 0.09496762 0.08185233 0.12792270 0.08878813 0.05833661 0.06285341 0.11511489 0.05254797 0.06526418 0.06226363 0.10596077 0.10320638 0.11780217 0.06453520 0.07481544 0.07710736 0.06524338 0.12881560 0.07262291 0.06479163 0.08769923 0.05374532 0.10045216 0.07719561 0.07899524 0.07811483 0.12849863 0.10426156 0.12879633 0.15976177 0.07819022 0.06229581 0.10539895 0.04356428 0.07493785 0.07402070 0.10325530 0.06067655 0.07214060 0.07210224 0.04807996 0.09369461 0.05596165 0.11041069 0.04778479 0.07987025 0.09367928 0.07274746 0.09339295 0.06980753 0.05782076 0.08403014 0.09180163 0.05858235 0.10399856 0.10020875 0.09126901 0.07427494 0.09182141 0.06804285 0.08124615 0.07354685 0.08483626 0.12869957 0.13826568 0.11954103 0.08085787 0.08239376 0.07167279 0.07345162 0.09853166 0.10135742 0.10550970 0.05617359 0.08001864 0.11323125 0.04615495 0.06590540 0.08125686 0.07036879 0.07075537 0.08366466 0.04821082 0.07436454 0.08544137 0.08561629 0.06526511 0.06122256 0.04651593 0.04833525 0.08428303 0.09753197 0.06554142 0.05369822 0.09446835 0.05883611 0.08238522 0.05726208 0.06722286 0.06274211 0.06778804 0.05544441 0.09773899 0.07685475 0.03743212 0.05191120 0.04268091 0.05552554 0.04115136 0.10005853 0.15028204 0.04152444 0.03831188 0.04078990 0.07982747 0.06544701 0.05428873 0.04582142 0.06213600 0.03840807 0.05868260 0.06570372 0.04136831 0.02382756 0.06198823 
0.09652716 0.09848344 0.08418810 0.09730085 0.13305332 0.00000000 0.12327157 0.24012197 0.06705211 0.07031973 0.09103140 0.11765056 0.06562887 0.05639620 0.04503148 0.31496175 0.06670849 0.70367565 0.15579233 0.09674097 0.04291287 0.16139425 0.11513643 0.08223292 0.04830938 0.12839454 0.10200044 0.09406383 0.02522915 0.04643473 0.07290894 0.07472202 0.03604112 0.09922723 0.07292976 0.07489287 0.03922700 0.05962162 0.05284022 0.07317583 0.09014308 0.05526671 0.07093560 0.04717008 0.05508615 0.06631645 0.08593589 0.04729561 0.18114050 0.07775264 0.10012452 0.24560429 0.06690625 0.23270450 0.04838769 0.04903187 0.07057274 0.09120593 0.05474768 0.07630355 0.08707997 0.08769139 0.05568007 0.07611785 0.06007432 0.08197953 0.07833601 0.09339692 0.07926617 0.06525042 0.04244786 0.07698801 0.02922469 0.05583099 0.04810872 0.06072670 0.05868405 0.07299257 0.06171636 0.05988014 0.04244978 0.08734294 0.03585391 0.06725028 0.06272650 0.05890031 0.13585170 0.07960285 0.10851535 0.07981636 0.07318009 0.11572224 0.02467779 0.08992987 0.03623322 0.07113693 0.05667184 0.04438389 0.04629336 0.01848412 0.04964449 0.04587724 0.06389421 0.03809327 0.11401247 0.12424408 0.11119965 0.04022374 0.06942061 0.11810195 0.03473220 0.09362035 0.08900032 0.10305075 0.07724076 0.08635077 0.02723696 0.11013459 0.04821423 0.04114407 0.05940616 0.06044062 0.04951559 0.05642991 0.07030892 0.04948689 0.02947983 0.07505281 0.06299351 0.06594485 0.04608716 0.08573998 0.06255838 0.06385211 0.04986161 0.05953204 0.06973979 0.13705042 0.04687744 0.10700085 0.04785785 0.10873765 0.05321054 0.15477211 0.01473636 0.08655229 0.04349199 0.05789191 
0.13097888 0.11865050 0.17322587 0.12669087 0.12625550 0.12327157 0.00000000 0.06912974 0.11614314 0.10983756 0.10259674 0.10343945 0.14085506 0.09240135 0.07169548 0.10461533 0.08897251 0.08890567 0.05992347 0.12122609 0.04633747 0.13133236 0.09238855 0.06721756 0.05282367 0.08612789 0.10008806 0.07549740 0.05126097 0.07851751 0.07210263 0.07662554 0.10490679 0.08614757 0.12147456 0.09172623 0.06054360 0.08006778 0.06682819 0.06851890 0.09714214 0.07992687 0.08235728 0.05916745 0.07405551 0.08302024 0.09135501 0.09785216 0.07633444 0.08770694 0.08117949 0.13674842 0.07607699 0.04141259 0.04949694 0.05756753 0.03260718 0.11356114 0.07179039 0.10073660 0.07591338 0.07952005 0.06553847 0.05829256 0.09386799 0.06090352 0.10331397 0.05868738 0.07047716 0.05951327 0.10450003 0.08449676 0.07132417 0.06913934 0.08081766 0.08742336 0.03539806 0.08151214 0.08820055 0.11592659 0.07611738 0.07795334 0.09350706 0.14871901 0.08700709 0.11291672 0.13797550 0.08073769 0.08819804 0.07206976 0.07780003 0.11161454 0.04390884 0.11956740 0.03736369 0.09163685 0.09928305 0.09427402 0.05302424 0.05436969 0.08827001 0.06280771 0.06931812 0.05353096 0.07042937 0.05895539 0.08668996 0.08936931 0.11873999 0.04825226 0.06116062 0.08741883 0.06532259 0.06730158 0.06443330 0.05983792 0.10116903 0.08545216 0.07049193 0.07584809 0.07135862 0.08560350 0.10177810 0.12272015 0.09123843 0.09255729 0.07916836 0.05148495 0.04530106 0.06557789 0.05989881 0.05908405 0.04855278 0.06548410 0.04292042 0.10791406 0.05306058 0.05845378 0.06815080 0.05731060 0.05974728 0.06513508 0.06785898 0.04840520 0.04216337 0.09343857 0.08992712 0.06768346 
0.12233724 0.09417613 0.04540297 0.11680169 0.09089659 0.24012197 0.06912974 0.00000000 0.07075201 0.08402545 0.06154380 0.05907268 0.07233586 0.07787299 0.09818708 0.44787567 0.06597262 0.16168036 0.09592833 0.07741399 0.06633291 0.08319352 0.10532833 0.14086674 0.06801265 0.04245064 0.08699872 0.04576139 0.07747706 0.09100002 0.06075505 0.08289916 0.04101017 0.07605129 0.04519852 0.07899031 0.04636671 0.05343051 0.12217802 0.06648857 0.07829226 0.05844664 0.05803959 0.05108428 0.07857315 0.06407301 0.05273465 0.06141742 0.18726234 0.07746089 0.10819961 0.09333002 0.07666757 0.12408182 0.09013586 0.11193694 0.10544548 0.08798450 0.08207432 0.06084182 0.06994920 0.08889346 0.07268153 0.06713149 0.07875376 0.04367830 0.10884396 0.03211294 0.10866016 0.05497512 0.13402685 0.13834167 0.06557053 0.08116285 0.07813276 0.06532997 0.07272690 0.07236624 0.04914270 0.06469032 0.05309643 0.07673045 0.07540722 0.06707368 0.06000437 0.04770852 0.07721258 0.07281948 0.07056108 0.09971204 0.05460635 0.10998338 0.06851487 0.08119134 0.07440762 0.09385001 0.06110814 0.05891619 0.09758316 0.04035840 0.08630584 0.11391980 0.06031636 0.03999993 0.07398969 0.05988056 0.05297479 0.05235047 0.10159436 0.05621123 0.08729610 0.04821217 0.06024683 0.06150820 0.13072919 0.04040825 0.05961224 0.08928069 0.16644027 0.09313273 0.02356475 0.08796851 0.15213531 0.10392189 0.04697408 0.04537439 0.05733234 0.06424053 0.09964970 0.04281315 0.11422633 0.03184790 0.07769239 0.07852949 0.03058671 0.06248720 0.11011826 0.06354377 0.10685872 0.12088214 0.10200590 0.09276872 0.05389260 0.07365489 0.07541667 0.09761374 0.09934241 0.06652175 
0.07175992 0.05407086 0.05583591 0.07928665 0.08520659 0.06705211 0.11614314 0.07075201 0.00000000 0.14145624 0.19429478 0.07950174 0.08322796 0.11216924 0.12347802 0.08425745 0.12448526 0.09242856 0.21020909 0.05459657 0.09219779 0.05832776 0.07135454 0.04835851 0.10633825 0.08723311 0.07013377 0.04174117 0.06105327 0.18055301 0.09856975 0.26273109 0.09430375 0.05154535 0.03458815 0.07198317 0.06812350 0.02979884 0.03319482 0.04805228 0.07560220 0.02970563 0.15121758 0.06680714 0.00063040 0.12140323 0.10266007 0.04768585 0.06207333 0.05543376 0.07716292 0.06070076 0.07295246 0.03492036 0.01102027 0.11077549 0.00636175 0.06677105 0.06606472 0.05166143 0.12527541 0.10146079 0.06424333 0.11053124 0.06742614 0.11436159 0.07105973 0.13178648 0.16373207 0.06563629 0.11512139 0.07788440 0.08563198 0.01985007 0.11529793 0.06803988 0.05617462 0.04678839 0.05194979 0.08786458 0.06527040 0.06851006 0.06758375 0.19233123 0.09701292 0.04588672 0.10278780 0.11255052 0.03745567 0.06500663 0.08558457 0.14629213 0.09335034 0.05959442 0.09631629 0.06023628 0.04113173 0.13343718 0.07524525 0.07990288 0.07124766 0.13620309 0.06893501 0.13620089 0.06433222 0.11509029 0.09661009 0.12109564 0.05593351 0.06662673 0.03871827 0.10409771 0.12983410 0.21808650 0.06170790 0.11437667 0.07803047 0.14616047 0.03892727 0.11295765 0.05856341 0.03587285 0.05454608 0.05783355 0.09683835 0.07536672 0.03146919 0.07470759 0.05104309 0.07375213 0.01795863 0.07440804 0.11142665 0.06531799 0.06052726 0.06029809 0.10264084 0.03634862 0.04623307 0.07936392 0.07953449 0.04164191 0.08912706 0.06036098 0.08608156 0.09075650 0.07152426 0.12137636 
0.13590916 0.10222007 0.07944392 0.10967553 0.15078049 0.07031973 0.10983756 0.08402545 0.14145624 0.00000000 0.20707503 0.11076316 0.17471870 0.20455593 0.10650875 0.04791481 0.13283586 0.09510400 0.07648182 0.07919300 0.06286279 0.10416302 0.09313625 0.08708550 0.09043394 0.09336900 0.08185266 0.07090856 0.07102466 0.05540570 0.06423481 0.10069208 0.06903013 0.11635059 0.10852541 0.09353508 0.08488410 0.10555744 0.05796952 0.05952037 0.12679770 0.05694420 0.06644234 0.12168889 0.06894453 0.10858011 0.12870971 0.09340989 0.06267963 0.09896023 0.09703675 0.09019174 0.14556333 0.06428985 0.06818748 0.07348000 0.08559811 0.12305654 0.07050980 0.09584569 0.08657087 0.08419712 0.06665062 0.05865835 0.12791448 0.05893271 0.12057443 0.03754144 0.08396868 0.14061770 0.05390440 0.10403233 0.09199396 0.06210841 0.08555814 0.09732944 0.05871395 0.11763813 0.09849756 0.07721871 0.08426443 0.11356305 0.06052959 0.10143655 0.10159352 0.06003650 0.08180548 0.09535400 0.08525047 0.10903043 0.07077154 0.06691546 0.04030471 0.10934516 0.12985300 0.10739576 0.05259060 0.10817560 0.04592352 0.03196738 0.08311922 0.07083046 0.07100019 0.07196915 0.07448157 0.05697370 0.08933060 0.05774190 0.12220359 0.05234906 0.06872739 0.06406708 0.05987314 0.05968584 0.08447219 0.05724551 0.05694326 0.05041073 0.06805321 0.09234018 0.05341729 0.07509066 0.06004380 0.05035043 0.03439651 0.08015193 0.09933447 0.04200051 0.03698834 0.06432392 0.06888891 0.03463681 0.06295765 0.11462273 0.05332785 0.04016431 0.03394632 0.04302054 0.06439752 0.03376710 0.05028585 0.08598768 0.03079465 0.02320445 0.06282466 0.01999210 0.05835011 0.04740422 
0.08096072 0.07778982 0.14696116 0.07489554 0.14978482 0.09103140 0.10259674 0.06154380 0.19429478 0.20707503 0.00000000 0.15112500 0.13156727 0.13257153 0.24376651 0.11513017 0.32725243 0.08214581 0.07809221 0.08545922 0.07426039 0.05544017 0.10293296 0.10515154 0.08394292 0.10263111 0.10800892 0.07623723 0.04306499 0.07531868 0.08529227 0.30089887 0.07836017 0.15576715 0.10594647 0.10520425 0.09243520 0.05415042 0.04823277 0.05324123 0.11719724 0.05006917 0.05795036 0.11832955 0.05796991 0.10291253 0.07154542 0.10970549 0.08035902 0.07169837 0.09310269 0.09153767 0.11115433 0.01481021 0.07148269 0.10045643 0.04573998 0.11353118 0.07872589 0.05906779 0.06375323 0.08357072 0.08708183 0.04742930 0.10934800 0.04489700 0.09826389 0.05171967 0.10291050 0.10139526 0.02982352 0.09595994 0.04773233 0.05858591 0.12643051 0.08735620 0.07836915 0.09829271 0.11456148 0.09860570 0.06069101 0.08996557 0.09480636 0.09511390 0.08930925 0.08516359 0.08371760 0.11627004 0.09445589 0.07506182 0.06849188 0.09199279 0.08177563 0.09100717 0.06337636 0.13420276 0.04165273 0.07326398 0.08161209 0.04949378 0.06315659 0.06104156 0.07642282 0.05526307 0.13083764 0.03053030 0.05915489 0.06254670 0.07406855 0.04703273 0.02983105 0.14013650 0.06517652 0.03966207 0.06515430 0.05580689 0.03989890 0.06502049 0.10192872 0.04070800 0.03967186 0.07137624 0.06194090 0.04121077 0.03760815 0.06767059 0.07013852 0.02962579 0.03175364 0.00647703 0.01932653 0.06071798 0.06267041 0.09415959 0.04820529 0.04574782 0.05286783 0.04640640 0.05592838 0.01406452 0.05623675 0.09523626 0.05830940 0.01228766 0.06697778 0.04905588 0.10188596 0.03903915 
0.06106332 0.06858029 0.04730095 0.07964505 0.08483589 0.11765056 0.10343945 0.05907268 0.07950174 0.11076316 0.15112500 0.00000000 0.07413379 0.05481843 0.11435929 0.13548633 0.17060550 0.09803561 0.08593348 0.13590253 0.06220716 0.02835406 0.06634383 0.01906935 0.07789608 0.07286889 0.08177649 0.08638077 0.09433537 0.07961802 0.07260643 0.19790914 0.04337833 0.04797372 0.20230008 0.07550048 0.20074374 0.12099967 0.11065908 0.06854347 0.06838709 0.09913557 0.14778406 0.07921881 0.14126151 0.14876264 0.07261514 0.12979088 0.08022777 0.11806708 0.07846860 0.08133463 0.08657520 0.09348835 0.07712994 0.06104984 0.07763677 0.07249971 0.06155139 0.09557555 0.05703238 0.11759912 0.12983107 0.08380046 0.08398439 0.06414335 0.05782580 0.10854664 0.05235886 0.06523430 0.11076031 0.11305352 0.07329356 0.04677250 0.16766532 0.07381296 0.06691908 0.07385479 0.03537642 0.09780871 0.13862426 0.04662430 0.09707380 0.06284282 0.05804371 0.08554185 0.07186814 0.09070224 0.09412980 0.07809130 0.08890615 0.02842349 0.04221657 0.06506754 0.10776249 0.07765267 0.04899200 0.08816349 0.09343956 0.12492553 0.03293969 0.03124759 0.06705355 0.06082605 0.08016579 0.09717514 0.10385128 0.04834552 0.09893712 0.10915773 0.08593138 0.13695800 0.06431970 0.11067674 0.04059016 0.08042268 0.03377069 0.04237702 0.03808352 0.04890680 0.06909384 0.05041621 0.07137897 0.09040041 0.07685632 0.04727977 0.04007392 0.10076890 0.10127046 0.06595033 0.06507844 0.05719237 0.03200316 0.06436379 0.12026057 0.11902898 0.07753461 0.07282264 0.06016657 0.05088653 0.10057275 0.08278655 0.06223454 0.06602656 0.11341506 0.10658220 0.04520171 0.08419485 
0.16957072 0.10038930 0.11490521 0.10784852 0.15571794 0.06562887 0.14085506 0.07233586 0.08322796 0.17471870 0.13156727 0.07413379 0.00000000 0.19333353 0.11594643 0.05801819 0.07752367 0.07963234 0.09245711 0.08930672 0.06248357 0.09671690 0.08060887 0.09192036 0.10208696 0.10993416 0.10773393 0.07852626 0.05355504 0.06934838 0.06575082 0.06611175 0.08408670 0.11679098 0.10150295 0.12440162 0.08864090 0.06884101 0.11622014 0.09181177 0.12587626 0.08910853 0.06150174 0.07845045 0.04743489 0.07830161 0.05496852 0.09948243 0.04738159 0.11586849 0.12178808 0.07725917 0.13811092 0.06363952 0.07789121 0.07040869 0.06681900 0.09249976 0.07102491 0.07244785 0.06562134 0.14149376 0.06679085 0.05307738 0.13801684 0.04155971 0.12086471 0.05710591 0.06336390 0.07393646 0.08991292 0.09922066 0.09320348 0.06585149 0.09131959 0.11935881 0.08889408 0.11794649 0.09709990 0.09490874 0.08206811 0.11479993 0.05242105 0.09543997 0.09209145 0.06214841 0.08774355 0.08147792 0.12701074 0.09670438 0.07241579 0.05859594 0.06956131 0.11588692 0.07944756 0.14308149 0.06504477 0.09115801 0.05096750 0.05971888 0.12021293 0.10972062 0.06102950 0.04589910 0.09740064 0.07917579 0.07999017 0.06627231 0.09158100 0.04041116 0.05863282 0.06350046 0.05714185 0.05756385 0.09051686 0.04710461 0.06211853 0.07084747 0.05843631 0.09039996 0.06546578 0.05612015 0.07265352 0.06834863 0.05176726 0.09593948 0.07989189 0.04191916 0.04269927 0.04561059 0.05536981 0.06479888 0.05235542 0.11181322 0.04147504 0.04521474 0.06226162 0.08531118 0.05156356 0.05043372 0.05223046 0.07035147 0.02613091 0.02788291 0.05883964 0.02979273 0.03399870 0.02908838 
0.09873489 0.08693662 0.04919245 0.08805110 0.10679983 0.05639620 0.09240135 0.07787299 0.11216924 0.20455593 0.13257153 0.05481843 0.19333353 0.00000000 0.06637842 0.08477335 0.07664164 0.09898679 0.14250412 0.06374805 0.09189201 0.08402519 0.09325630 0.06556472 0.06046880 0.10956578 0.09554729 0.06478139 0.09202149 0.05991843 0.06762921 0.06177278 0.08097863 0.07036309 0.11478605 0.08426127 0.06479875 0.10095811 0.05716762 0.08403942 0.11299678 0.10309841 0.06709154 0.09916809 0.03684706 0.07478751 0.07235070 0.12253014 0.06496191 0.07452500 0.12151868 0.07348653 0.07231882 0.09404851 0.08362890 0.08760020 0.14394691 0.08593947 0.06566593 0.05147440 0.07526258 0.09642439 0.09292689 0.07703400 0.06973908 0.08487656 0.12966484 0.04991689 0.08402160 0.06817713 0.04447376 0.09999386 0.07298777 0.06479481 0.05436250 0.15100949 0.04282323 0.08456549 0.11376806 0.09372133 0.08551572 0.10203282 0.11047970 0.07970896 0.08427360 0.05851517 0.07947141 0.12116550 0.08512240 0.05981794 0.05256357 0.07485080 0.08649348 0.09824335 0.08560195 0.08239968 0.11906570 0.09141347 0.05835360 0.07008679 0.09330417 0.07069970 0.07069449 0.05855804 0.04470065 0.07803337 0.08801233 0.07584146 0.04845845 0.05332520 0.05608079 0.10843729 0.12180500 0.07593133 0.05868726 0.08755823 0.07590356 0.10390768 0.06179284 0.05809181 0.09259266 0.04099779 0.08512623 0.10272276 0.05743985 0.06658982 0.05588104 0.04696765 0.09281731 0.06034486 0.05336617 0.05206792 0.06805627 0.07522043 0.08452269 0.06357081 0.11334240 0.08640362 0.07729241 0.05969194 0.05637274 0.04799929 0.08504096 0.08693103 0.06930152 0.11515724 0.05858910 0.08978591 
0.08951830 0.06306236 0.08653521 0.08802281 0.11731043 0.04503148 0.07169548 0.09818708 0.12347802 0.10650875 0.24376651 0.11435929 0.11594643 0.06637842 0.00000000 0.11343383 0.22472491 0.06198057 0.09328016 0.08356688 0.11905947 0.02555969 0.07866420 0.09073028 0.10366527 0.07800375 0.07340972 0.09834783 0.07431815 0.09132342 0.10916097 0.11865687 0.10207491 0.14041098 0.12198578 0.08212084 0.08695018 0.08329902 0.06258021 0.05629887 0.07977351 0.06869002 0.02905310 0.10751838 0.08680988 0.07632454 0.05720100 0.10718096 0.05667910 0.10570886 0.08936088 0.08298081 0.10497141 0.10457977 0.16249238 0.09438438 0.08563737 0.11603880 0.08173736 0.07149936 0.07583141 0.07721264 0.07494336 0.04047529 0.09210594 0.03105856 0.09575950 0.09137315 0.08550962 0.06907096 0.05701560 0.08654012 0.08797790 0.13203155 0.04457505 0.05408839 0.07420861 0.13322418 0.07385749 0.04910443 0.08473419 0.06669906 0.07119740 0.07624457 0.06229700 0.06931827 0.14411762 0.12040760 0.14337205 0.07941668 0.06636506 0.09440685 0.12512903 0.07975502 0.04733451 0.12420136 0.08468902 0.12388885 0.03177982 0.04463656 0.06164606 0.10534688 0.07934636 0.06484750 0.14289546 0.04648142 0.06902583 0.05535117 0.13683915 0.03722242 0.07237943 0.07328395 0.05955266 0.06773210 0.06467003 0.10414746 0.06791429 0.03148700 0.08967796 0.09458162 0.07265189 0.05357198 0.10285101 0.04627325 0.02700507 0.03918782 0.05501205 0.06887374 0.08422937 0.04389168 0.04027218 0.08471587 0.02198525 0.08869318 0.05566388 0.03150632 0.05822758 0.04744066 0.11146452 0.04658707 0.07205458 0.10059828 0.07386544 0.06270132 0.11121918 0.06552346 0.07045570 0.08832824 
0.06633156 0.03476552 0.10003976 0.04493332 0.07583472 0.31496175 0.10461533 0.44787567 0.08425745 0.04791481 0.11513017 0.13548633 0.05801819 0.08477335 0.11343383 0.00000000 0.18152858 0.26610380 0.10358910 0.04747971 0.12501508 0.06497538 0.05343541 0.04680651 0.05249568 0.08284685 0.06782174 0.05353970 0.10706492 0.02433766 0.05612677 0.11814156 0.07471580 0.09826552 0.06019025 0.09055324 0.06298886 0.10611569 0.10883056 0.08884275 0.05605241 0.03915428 0.10015590 0.03283459 0.05307871 0.01160848 0.10588222 0.08592269 0.34083612 0.04941598 0.07125486 0.06523935 0.05014015 0.10765086 0.06999796 0.07956444 0.12386947 0.07026153 0.14984228 0.11863426 0.11123618 0.08708962 0.02948453 0.09743912 0.04808440 0.06703983 0.04755345 0.06827551 0.07265397 0.07707329 0.13772291 0.07340791 0.06475899 0.06654699 0.11701682 0.08067955 0.04575093 0.10489836 0.03400765 0.10121192 0.01215421 0.02819272 0.04991818 0.06286721 0.10858256 0.07547982 0.08766207 0.09772634 0.02915166 0.03444493 0.05479453 0.13950247 0.08918736 0.06693770 0.09856100 0.06303894 0.06946086 0.04084745 0.04418621 0.09872742 0.07466516 0.10898225 0.02654764 0.06957257 0.03726451 0.04065395 0.06626877 0.06409274 0.05651225 0.08055908 0.07313448 0.07073067 0.07618402 0.14215204 0.06702725 0.09614553 0.07705561 0.06076754 0.08027007 0.04217332 0.04738595 0.08631212 0.09898829 0.09896494 0.03721400 0.06964163 0.04253459 0.06621756 0.06004085 0.09618446 0.07708080 0.09903654 0.04999445 0.04602252 0.06943470 0.09193941 0.05561640 0.10416557 0.06383052 0.08941141 0.08456045 0.07256017 0.05008746 0.12401314 0.13475003 0.09557242 0.10794811 0.09314540 
0.08174738 0.05588686 0.05097446 0.08044899 0.12105674 0.06670849 0.08897251 0.06597262 0.12448526 0.13283586 0.32725243 0.17060550 0.07752367 0.07664164 0.22472491 0.18152858 0.00000000 0.08058051 0.12921722 0.09536908 0.12193909 0.04387370 0.05534247 0.07559494 0.11312477 0.09181047 0.07653897 0.08365791 0.08459910 0.08217151 0.10829918 0.29789865 0.10616082 0.22070218 0.21518690 0.06451848 0.15993972 0.10133924 0.10610045 0.07062275 0.07110841 0.08597586 0.07978210 0.09853539 0.09197105 0.06333865 0.09882274 0.14340458 0.16479883 0.08888751 0.09127303 0.09807233 0.08292450 0.08087866 0.06075693 0.08847216 0.06464689 0.05756386 0.15072830 0.07435589 0.10340455 0.08471595 0.08807527 0.04118300 0.07845414 0.07221101 0.07113651 0.06592385 0.06955738 0.07811959 0.04990868 0.06695411 0.10053446 0.04806686 0.09966642 0.05416158 0.04848099 0.10677959 0.09653705 0.10896508 0.12802795 0.06883680 0.07583530 0.05736180 0.06376942 0.07404143 0.10629130 0.08338164 0.09234272 0.06146047 0.11557875 0.09458572 0.07728502 0.08591683 0.05283675 0.06358590 0.02412272 0.09018943 0.07148644 0.08320996 0.05717044 0.04024548 0.12484813 0.04391394 0.08026759 0.05312228 0.06441101 0.06387261 0.11239589 0.04469675 0.07985463 0.07131833 0.05031936 0.05487765 0.06355115 0.05936643 0.07010966 0.03322652 0.03504172 0.06274797 0.06832954 0.06347103 0.04629719 0.03751416 0.02718234 0.02809584 0.06842824 0.05078608 0.01108927 0.06106117 0.04736947 0.03112423 0.04077747 0.07361854 0.06289985 0.04000679 0.03196528 0.04432647 0.05225273 0.04778578 0.08381990 0.05716431 0.07023979 0.04220316 0.10235283 0.04444056 0.04575028 0.09254550 
0.06688076 0.05699570 0.08828964 0.05530746 0.07523227 0.70367565 0.08890567 0.16168036 0.09242856 0.09510400 0.08214581 0.09803561 0.07963234 0.09898679 0.06198057 0.26610380 0.08058051 0.00000000 0.16935297 0.05126782 0.34827143 0.12168492 0.06797601 0.08369543 0.08449607 0.12925627 0.07703399 0.09800166 0.07080226 0.09633582 0.07696340 0.06146033 0.06621638 0.10294360 0.09842997 0.08240626 0.04363001 0.09837460 0.05887561 0.07187384 0.07208414 0.04390925 0.05076413 0.06424898 0.12793423 0.08939425 0.07886388 0.09739669 0.12701077 0.07185240 0.08010434 0.10612574 0.05441891 0.34778387 0.07128577 0.03959561 0.10900513 0.08939609 0.12780992 0.09945405 0.10024849 0.04566694 0.06401875 0.05858530 0.06336216 0.10152994 0.06912012 0.09793907 0.07737870 0.10341090 0.04839048 0.06010212 0.02793559 0.07197680 0.05709193 0.07738933 0.02756057 0.05315777 0.03488841 0.03444709 0.02301656 0.07525898 0.03690772 0.10194021 0.06247804 0.02206051 0.07109582 0.02773857 0.02971896 0.09759007 0.05143698 0.06182984 0.08754564 0.07262220 0.13307817 0.08551244 0.03738058 0.03727099 0.07291337 0.07839609 0.06854579 0.05719240 0.00903883 0.08762502 0.08102430 0.09223938 0.05637952 0.00816306 0.05547887 0.05020374 0.00000000 0.13596624 0.06418472 0.04484609 0.08176707 0.05362411 0.05845602 0.13488322 0.10735542 0.07820815 0.10132213 0.05635344 0.04415133 0.03912768 0.05532912 0.02863701 0.12419088 0.07910569 0.06169355 0.03639469 0.08616014 0.08557367 0.07064575 0.05281293 0.05651746 0.08158218 0.06943646 0.07649668 0.07788610 0.05407891 0.11501730 0.06906514 0.12723957 0.09448292 0.04659207 0.12559393 0.05165859 0.05694637 
0.10398382 0.06215072 0.11253942 0.09039383 0.09970789 0.15579233 0.05992347 0.09592833 0.21020909 0.07648182 0.07809221 0.08593348 0.09245711 0.14250412 0.09328016 0.10358910 0.12921722 0.16935297 0.00000000 0.05360935 0.04226487 0.04784991 0.09813478 0.15843376 0.03314977 0.07597445 0.09824305 0.18113415 0.04937863 0.09725829 0.16543522 0.11126423 0.11025371 0.25546443 0.20913149 0.06297704 0.06106466 0.09831914 0.13856676 0.11585713 0.09222433 0.06679880 0.03156917 0.09772655 0.05576609 0.04330548 0.08383422 0.12145740 0.08816651 0.05678399 0.09289711 0.09534291 0.05120411 0.05334151 0.02144398 0.12957505 0.04689594 0.05449678 0.05319069 0.10138394 0.07690476 0.13567771 0.05891992 0.07766107 0.06966705 0.09839282 0.08432546 0.14517524 0.05069751 0.06178328 0.03207183 0.02822701 0.04386747 0.06979463 0.10298353 0.05396148 0.06802199 0.07105708 0.07884715 0.02653242 0.02867031 0.05273208 0.08545284 0.07864601 0.09676425 0.06520405 0.04145312 0.10825593 0.10088663 0.05913381 0.03917903 0.06343601 0.15115428 0.09949060 0.10928227 0.07398548 0.07408329 0.06107447 0.07151168 0.07803526 0.07064403 0.07598968 0.07540902 0.09936650 0.05526159 0.13408147 0.06293761 0.07414075 0.03808816 0.12343377 0.11506471 0.06243491 0.04992808 0.07190027 0.04905856 0.09580900 0.07695645 0.09112236 0.03952888 0.04306436 0.05275920 0.05612994 0.12556754 0.04343165 0.03271736 0.08918429 0.05684942 0.10833874 0.07543980 0.01150693 0.07216756 0.06157530 0.02530233 0.05514889 0.09919035 0.03165791 0.04670931 0.09404064 0.08201386 0.06378321 0.04264864 0.05291859 0.10452100 0.12479752 0.05221034 0.07229452 0.13634946 0.13466104 
0.13510764 0.08779838 0.21077730 0.12895632 0.12665136 0.09674097 0.12122609 0.07741399 0.05459657 0.07919300 0.08545922 0.13590253 0.08930672 0.06374805 0.08356688 0.04747971 0.09536908 0.05126782 0.05360935 0.00000000 0.10253331 0.05285288 0.06924674 0.13902362 0.11992023 0.06247073 0.10907823 0.18994460 0.12400008 0.06551345 0.10695014 0.08739121 0.07050151 0.10540735 0.06578070 0.08952320 0.09015573 0.08161804 0.06366605 0.06006418 0.08118644 0.04801100 0.07171575 0.12345785 0.08260539 0.16405541 0.04930248 0.07294263 0.06183041 0.07786594 0.08227828 0.09792704 0.09461544 0.09839059 0.06683235 0.10577317 0.03522486 0.05173796 0.04972867 0.06934127 0.06344914 0.09248227 0.08492748 0.05617262 0.08981475 0.04086057 0.10276549 0.04560415 0.09882543 0.05341030 0.07186514 0.05673166 0.09993617 0.06971569 0.08498855 0.07383901 0.09321451 0.06952984 0.05056875 0.08375670 0.09620145 0.07532536 0.09961266 0.08542432 0.06427269 0.13414931 0.09181159 0.06719470 0.08490832 0.11053926 0.06829605 0.04145176 0.06067781 0.10999005 0.04114499 0.07774884 0.06174645 0.07756017 0.09671793 0.11557342 0.09139191 0.06776801 0.08259528 0.09762747 0.07058702 0.05662800 0.07291195 0.08497221 0.08025010 0.09245139 0.05078649 0.09892663 0.08119676 0.05263033 0.06486378 0.09296451 0.03318611 0.11741003 0.05034884 0.05673459 0.09063151 0.05632281 0.03099807 0.09489842 0.05202808 0.04058983 0.07816610 0.06306348 0.09345204 0.06793643 0.03613516 0.08791546 0.08637382 0.07006545 0.10007553 0.13150487 0.08493576 0.05800110 0.07988902 0.07237940 0.10438969 0.10261219 0.09038940 0.07468586 0.05500178 0.06134127 0.05447536 0.12378690 
0.08311796 0.06279332 0.06833897 0.07398455 0.05750354 0.04291287 0.04633747 0.06633291 0.09219779 0.06286279 0.07426039 0.06220716 0.06248357 0.09189201 0.11905947 0.12501508 0.12193909 0.34827143 0.04226487 0.10253331 0.00000000 0.04336914 0.05609174 0.05915161 0.15006388 0.11012265 0.07983931 0.08992806 0.12399906 0.09094618 0.06500936 0.14229513 0.04517074 0.06667200 0.05729358 0.06405678 0.11171640 0.08628384 0.04020754 0.03668132 0.09286349 0.11915026 0.12141814 0.10350791 0.04497167 0.05223350 0.08679819 0.10048368 0.06759915 0.05957438 0.06851411 0.06669190 0.07880785 0.09559910 0.10478883 0.05824420 0.04087219 0.08734641 0.07127034 0.06234479 0.09156018 0.04351773 0.07660088 0.13434804 0.09916622 0.05094600 0.05584748 0.18599650 0.11428710 0.03616107 0.06760334 0.14149693 0.08791524 0.06824826 0.09859429 0.07275328 0.06468657 0.05361242 0.06409981 0.11903038 0.10356262 0.10723137 0.08842941 0.08447269 0.06748514 0.06940341 0.04512871 0.05457686 0.04162560 0.06310877 0.09220166 0.09320735 0.11423160 0.06817517 0.16729114 0.08503182 0.06869808 0.06550824 0.06138057 0.10386142 0.12230835 0.06239929 0.07290944 0.10829530 0.10694003 0.06914352 0.06057679 0.05459640 0.11769315 0.11867940 0.08657588 0.10260944 0.02666229 0.12323464 0.07890055 0.06055618 0.04181602 0.09469678 0.12401479 0.06087986 0.05355904 0.02356515 0.06446221 0.08066747 0.08888925 0.03874632 0.08226605 0.04629736 0.08034281 0.06717723 0.09736814 0.18533136 0.11410104 0.06148578 0.11266376 0.06162394 0.06490554 0.07689680 0.14047969 0.07090541 0.09871288 0.07922578 0.10614428 0.08934910 0.06995016 0.09012584 0.04332672 0.09082615 
0.12266179 0.12954948 0.12306759 0.08979138 0.06427340 0.16139425 0.13133236 0.08319352 0.05832776 0.10416302 0.05544017 0.02835406 0.09671690 0.08402519 0.02555969 0.06497538 0.04387370 0.12168492 0.04784991 0.05285288 0.04336914 0.00000000 0.21667976 0.05691060 0.04404695 0.12212310 0.12128352 0.04736037 0.10729444 0.10168155 0.05321425 0.05645321 0.09347463 0.10580875 0.09415735 0.06314989 0.05613372 0.07673757 0.06182828 0.04743170 0.10916531 0.10575449 0.12116307 0.07223795 0.15286683 0.04188434 0.03471480 0.07654433 0.03400191 0.08240024 0.08228301 0.17020626 0.10757136 0.05386066 0.09480271 0.08888799 0.03640177 0.03278019 0.06959926 0.12105547 0.03946207 0.16392861 0.05633306 0.08062536 0.06317773 0.12182091 0.10542461 0.06536437 0.04982950 0.05891691 0.11790191 0.06467512 0.05181627 0.07889573 0.02514462 0.07323648 0.08974971 0.07494692 0.09495873 0.06644898 0.03465692 0.04091486 0.06623853 0.08627253 0.04166429 0.05512754 0.06823090 0.07807844 0.06600685 0.07359434 0.07190312 0.08479999 0.04496437 0.08668975 0.06509442 0.06453096 0.08511463 0.08320219 0.08697055 0.01893268 0.05827908 0.08403543 0.04412945 0.15884452 0.06386957 0.12499684 0.05848424 0.10610953 0.08118674 0.14489794 0.24320722 0.11380652 0.05181306 0.08088969 0.10783306 0.10726557 0.05343298 0.08613148 0.05106196 0.12584865 0.06005304 0.03777791 0.06483934 0.23735356 0.02224002 0.08009832 0.09709919 0.05306073 0.07897953 0.04913456 0.05288481 0.06485910 0.06300192 0.10140689 0.05736478 0.08560618 0.14607597 0.12971672 0.07485293 0.17280177 0.06769836 0.09287542 0.10013620 0.11245873 0.09653579 0.07170541 0.03334485 0.03872469 
0.09675464 0.15790846 0.13952090 0.09728208 0.08689271 0.11513643 0.09238855 0.10532833 0.07135454 0.09313625 0.10293296 0.06634383 0.08060887 0.09325630 0.07866420 0.05343541 0.05534247 0.06797601 0.09813478 0.06924674 0.05609174 0.21667976 0.00000000 0.11072833 0.08723419 0.09661229 0.14680901 0.07360298 0.09676884 0.09010891 0.08719238 0.08299779 0.07225331 0.08269266 0.09346062 0.10735946 0.06798940 0.09133140 0.07527816 0.05786346 0.10511226 0.08857737 0.10030126 0.06537136 0.09965710 0.07661945 0.05195760 0.07740430 0.03928632 0.12829290 0.08236963 0.12043094 0.12644882 0.06457650 0.10349759 0.10812125 0.10354758 0.07192668 0.06911941 0.06993678 0.07304068 0.09928211 0.10112060 0.07922266 0.09020898 0.05335231 0.10991754 0.06303115 0.06433850 0.07184889 0.08162699 0.06058289 0.09202389 0.04827250 0.06147582 0.08999222 0.07078310 0.08787534 0.08852839 0.07343692 0.06480214 0.08350286 0.05280881 0.13215852 0.06457827 0.09866333 0.08800097 0.08449773 0.07316144 0.12595696 0.13969552 0.07828308 0.08121704 0.08675377 0.07256060 0.13062700 0.07851107 0.11570268 0.05234989 0.05467259 0.15650908 0.06386412 0.08050700 0.09152269 0.05903694 0.05437174 0.09641484 0.08428182 0.08520887 0.06917773 0.10625334 0.09037736 0.07191237 0.06533552 0.09697021 0.06589883 0.07473153 0.06442168 0.08016825 0.10328386 0.02758661 0.05542689 0.06678520 0.05633086 0.01668714 0.06321373 0.07644874 0.04399102 0.05658848 0.06416057 0.11691914 0.05531597 0.04569348 0.10790909 0.04191734 0.05825925 0.08518370 0.07353044 0.04169888 0.03696072 0.04676951 0.06676836 0.05818546 0.05886579 0.05384608 0.07232464 0.07009707 0.05374821 
0.10044346 0.13300463 0.09921358 0.13667962 0.09496762 0.08223292 0.06721756 0.14086674 0.04835851 0.08708550 0.10515154 0.01906935 0.09192036 0.06556472 0.09073028 0.04680651 0.07559494 0.08369543 0.15843376 0.13902362 0.05915161 0.05691060 0.11072833 0.00000000 0.14065547 0.08906045 0.13844756 0.18247336 0.13531599 0.10290382 0.09324460 0.10077088 0.09294685 0.10085589 0.10717295 0.11692945 0.10030141 0.06621312 0.16810735 0.06842443 0.12147149 0.06486579 0.05586114 0.08567345 0.05155071 0.08463867 0.07090921 0.09176016 0.03322546 0.06859604 0.07769292 0.09090670 0.10359267 0.03632656 0.06004032 0.08161063 0.05293116 0.06672558 0.06026227 0.06224439 0.03850335 0.04384942 0.05005148 0.09634973 0.09729382 0.07091942 0.08327616 0.06430756 0.05550733 0.08343249 0.02488283 0.11148785 0.09717865 0.07217839 0.11978309 0.12227339 0.06965637 0.07687233 0.11012627 0.08032520 0.07588421 0.19396326 0.07553968 0.08793878 0.07994077 0.07368175 0.07933701 0.06677349 0.05315647 0.13617802 0.07970890 0.05011059 0.04370693 0.07880076 0.09715304 0.08144911 0.07180622 0.06382319 0.10320425 0.06150216 0.08963627 0.06569553 0.04710379 0.06227809 0.10297457 0.05283082 0.05912603 0.08826461 0.11490427 0.06530595 0.02552671 0.07071797 0.07529497 0.03251641 0.09132499 0.09863281 0.05857943 0.07076692 0.11487493 0.07397997 0.08535252 0.11650265 0.05638076 0.12876675 0.08579789 0.04441570 0.06755850 0.11768830 0.08066684 0.11305860 0.03737545 0.11902142 0.08663114 0.08034174 0.06705364 0.06517881 0.06975097 0.04626904 0.05843197 0.05044674 0.07559168 0.03599511 0.08590493 0.08848825 0.04942430 0.05225141 0.06394516 0.05938345 
