0.00000000 0.03754445 0.04926059 0.05181801 0.03530225 0.03569375 0.05230110 0.02173413 0.02872697 0.03262131 0.04234595 0.02367244 0.02333045 0.01283828 0.04589457 0.02436789 0.04007494 0.03233424 0.03873842 0.00717563 0.04803264 0.03031823 0.03896435 0.02875753 0.03316927 0.04285104 0.03191225 0.03598433 0.02366082 0.01205332 0.01506772 0.01161361 0.01296720 0.02413956 0.02323000 0.02063801 0.02945946 0.01746445 0.02148749 0.02413956 0.02413956 0.03375279 0.02707390 0.02024525 0.00608944 0.02343863 0.02036020 0.02491415 0.00556098 0.01378332 0.02028588 0.02663361 0.01602799 0.02661802 0.01720025 0.01678402 0.01505866 0.02015963 0.02534461 0.02001274 0.02865215 0.01729330 0.03045544 0.02211729 0.02820208 0.01793557 0.01947724 0.00518925 0.01763961 0.02095491 0.03415341 0.01636230 0.02710831 0.01266094 0.01823571 0.02399481 0.01650170 0.02024728 0.01908917 0.02598766 0.00326805 0.02815318 0.01314579 0.02638266 0.03415199 0.01877136 0.02291289 0.01337150 0.01724752 0.02362296 0.00930230 0.01995929 0.02149336 0.01369470 0.02810519 0.02128834 0.02403754 0.01154504 0.01725548 0.00886303 0.00692327 0.00444356 0.02391912 0.00600947 0.03620452 0.03160654 0.02783889 0.01954705 0.03646754 0.01599239 0.01949469 0.02697436 0.02244360 0.02703108 0.01255651 0.02028588 0.02299518 0.00723104 0.03101385 0.02795414 0.01936435 0.03724915 0.02356072 0.03187423 0.02402542 0.02097294 0.01572238 0.01647665 0.01328955 0.02256014 0.02062341 0.00934675 0.01078653 0.01204551 0.01772168 0.02120523 0.02618517 0.02623393 0.00661166 0.01923778 0.03398318 0.02850429 0.02821079 0.01917878 0.01953291 0.02149980 0.01546519 0.01855823 0.01393631 0.01346883 0.02867484 0.03085818 0.02890184 0.03951425 0.01660205 0.03566377 0.03103983 0.02790068 0.00740355 0.02789721 0.02205714 0.01855823 0.00658835 0.01540299 0.02565207 0.02278764 0.01733111 0.03537800 0.02991401 0.03124277 0.03606685 0.03212979 0.03592829 0.02230986 0.02310135 0.03027230 0.01809141 0.02767994 0.03185408 0.01809141 0.02798076 0.02738854 0.02028588 0.03482062 0.00988061 0.02001560 0.03607608 0.03448123 0.02362296 0.01635421 0.02999073 0.02611253 0.02158663 0.03511648 0.00761129 0.01178570 0.02506981 0.02619734 0.00778775 0.01529852 0.00577050 0.01578599 0.02908754 0.01692722 0.02984873 0.03134422 0.00438672 0.02538804 0.02698483 0.03656382 0.02578348 0.01125726 0.01764338 0.01843933 0.01906328 0.01299157 0.02193286 0.01644886 0.02637624 0.01262086 0.01787945 0.01810870 0.02773401 
0.03754445 0.00000000 0.03710587 0.03480474 0.03433028 0.01454655 0.04583353 0.01817065 0.01985418 0.01570032 0.02633037 0.01381669 0.01711651 0.01220825 0.04599624 0.02775296 0.03269366 0.02104726 0.04022120 0.04573635 0.02779640 0.04257883 0.03357139 0.03826064 0.02601158 0.03260606 0.02422316 0.02465626 0.01611917 0.01672132 0.04508348 0.02701761 0.01540439 0.01955343 0.02187388 0.01365921 0.02510774 0.03212667 0.01384380 0.01955343 0.01955343 0.02770305 0.02590558 0.05684196 0.03929989 0.02000216 0.01890182 0.01799105 0.03391817 0.01254985 0.01508953 0.01800429 0.01909957 0.01550134 0.02347434 0.01158481 0.01441884 0.02236518 0.02082179 0.01735656 0.02100559 0.02025305 0.01785507 0.01395018 0.02044958 0.01552676 0.02916278 0.00672175 0.01310201 0.02144383 0.02560495 0.03248747 0.02354131 0.00825597 0.02839355 0.01782569 0.01863669 0.02213624 0.02201112 0.02188434 0.02540832 0.01679392 0.01850848 0.02423556 0.02416795 0.01483183 0.02429502 0.02207009 0.01792790 0.02297467 0.02512835 0.02145832 0.03039556 0.01263323 0.01700264 0.02847697 0.02875630 0.00839387 0.03032395 0.01609448 0.02850497 0.02290734 0.01987825 0.02078838 0.02511969 0.02063516 0.01711532 0.01405178 0.01770863 0.02638563 0.01827699 0.01321514 0.03078115 0.03096441 0.02426698 0.01508953 0.01497220 0.03071954 0.02587262 0.02881431 0.01374991 0.02417739 0.02088313 0.03763558 0.02447009 0.04308331 0.03312218 0.02536214 0.02254780 0.02171645 0.01727093 0.00801736 0.02275012 0.01587028 0.02255259 0.02570786 0.02477508 0.02481286 0.00849582 0.02530174 0.02598102 0.01749699 0.02456847 0.01883723 0.01304292 0.02260443 0.01643998 0.02961710 0.01668947 0.02516931 0.02699480 0.02430393 0.02545416 0.02344399 0.01632780 0.02236030 0.02179547 0.02551613 0.01506142 0.02979601 0.01805483 0.02961710 0.01613092 0.02119059 0.02804436 0.03666648 0.01891022 0.02590205 0.03931029 0.01955858 0.03735476 0.03030448 0.02761940 0.02744666 0.02447817 0.02493162 0.01197119 0.02000652 0.02654014 0.01197119 0.03123280 0.02321359 0.01508953 0.01470968 0.01890190 0.01704197 0.02838073 0.02529503 0.02297467 0.00783864 0.02296697 0.02348282 0.02435547 0.02942325 0.01706437 0.04126956 0.02186479 0.02693627 0.02800489 0.01197940 0.00622786 0.01439098 0.02394460 0.03103143 0.02616877 0.02716210 0.01778784 0.02177996 0.01934612 0.01955515 0.02395947 0.01314785 0.02485223 0.01397135 0.01404135 0.02279857 0.02180999 0.01819024 0.02801886 0.02408295 0.02414327 0.01807057 0.02621452 
0.04926059 0.03710587 0.00000000 0.05217591 0.03333136 0.03129929 0.04632400 0.01778767 0.02216471 0.03395913 0.04271904 0.01793505 0.02438647 0.01434241 0.04176889 0.02538803 0.04083381 0.03397521 0.03742055 0.00914143 0.04400674 0.03190787 0.04244018 0.03152508 0.03384384 0.04497532 0.03264156 0.03108695 0.02482497 0.01318203 0.01951037 0.01725950 0.01107606 0.02476562 0.02391619 0.02434702 0.03049879 0.01903738 0.02278000 0.02476562 0.02476562 0.03167199 0.02492270 0.02113608 0.00764554 0.03100199 0.02682522 0.02615171 0.00851005 0.01511058 0.02121838 0.02177490 0.02115530 0.03072850 0.01932659 0.00909374 0.01287258 0.02158931 0.03345910 0.02198618 0.01984418 0.02161664 0.02070888 0.01558520 0.02148272 0.01136943 0.02434626 0.00787029 0.01599526 0.02483133 0.03082092 0.01299976 0.03044060 0.01472710 0.01163258 0.02514405 0.01138898 0.01244583 0.01511927 0.01956875 0.00588668 0.02122114 0.01542666 0.03029440 0.03466391 0.01985156 0.02851833 0.01473784 0.01804669 0.02401427 0.01431793 0.00915449 0.01416294 0.01536562 0.02163747 0.01502005 0.01455346 0.00969520 0.01307420 0.01058239 0.00967578 0.00691039 0.03155745 0.00857341 0.03314434 0.03262335 0.02679578 0.02431825 0.03279096 0.01429750 0.01452446 0.02127716 0.02763554 0.02476846 0.01055676 0.02121838 0.02478564 0.01373537 0.03200071 0.03328565 0.02101460 0.03774468 0.02454942 0.02550215 0.02387826 0.02592115 0.02170746 0.01784489 0.01894595 0.01393449 0.01381709 0.01079214 0.01225255 0.01454066 0.02002925 0.02619743 0.02761353 0.03325319 0.01344477 0.01719123 0.03360718 0.02216630 0.02516883 0.02079492 0.01338192 0.01773849 0.01623777 0.01925379 0.02161368 0.01184952 0.02591379 0.02906882 0.02957793 0.02908628 0.01752693 0.03224071 0.03215798 0.02359315 0.00897155 0.02640603 0.01621202 0.01925379 0.00847436 0.01735141 0.01776809 0.02740109 0.02278165 0.03618187 0.02803059 0.02757806 0.03537559 0.02760087 0.03152089 0.02745620 0.02401638 0.03344568 0.01970695 0.02881853 0.03461798 0.01970695 0.02931233 0.02801564 0.02121838 0.02499981 0.01202756 0.02228160 0.03101262 0.02906582 0.02401427 0.01712462 0.03105166 0.03028902 0.02629889 0.04249122 0.01423489 0.01326737 0.02975990 0.02761520 0.01407274 0.02071460 0.00750799 0.01061304 0.03304266 0.01773453 0.03377507 0.03238250 0.00621374 0.02348218 0.02312358 0.02909707 0.02016759 0.01300511 0.01704759 0.02699539 0.02010046 0.01394880 0.02085108 0.01468018 0.03287575 0.01858978 0.01456617 0.01965587 0.02550183 
0.05181801 0.03480474 0.05217591 0.00000000 0.03265524 0.03509205 0.04880372 0.02458107 0.02328979 0.03138330 0.04072435 0.01808722 0.02356809 0.01319781 0.04157465 0.02459943 0.04003617 0.03276769 0.03651893 0.00762651 0.04352792 0.03052478 0.04090334 0.03040855 0.03329153 0.04416250 0.03205480 0.03623855 0.02396872 0.01231518 0.01762639 0.01477868 0.01987054 0.02427814 0.02339647 0.02313281 0.02956436 0.01792906 0.02183971 0.02427814 0.02427814 0.03097677 0.03060069 0.02028379 0.00633780 0.02786393 0.02413854 0.02505977 0.00641079 0.01417148 0.02052497 0.02769614 0.01921350 0.02794848 0.01757586 0.01010395 0.01178797 0.01923395 0.03013383 0.02026844 0.02339504 0.02049139 0.02211723 0.02058054 0.02922985 0.01885122 0.02224228 0.00581224 0.02225796 0.02324974 0.03068235 0.01245769 0.02939527 0.01336462 0.01657077 0.02407285 0.01337334 0.01801643 0.01471229 0.02335753 0.00386457 0.02557889 0.01384180 0.02940667 0.03403928 0.01908328 0.02661852 0.01377995 0.01751192 0.02371411 0.01241341 0.01412223 0.01808815 0.01416780 0.02419236 0.02226613 0.02488412 0.01674308 0.01730712 0.00938241 0.00751607 0.00500889 0.02883728 0.00671289 0.03296953 0.03163376 0.02666654 0.02228375 0.03131836 0.01287181 0.01357210 0.02661455 0.02558962 0.03110625 0.00923112 0.02052497 0.02327094 0.01188949 0.03100669 0.03150584 0.01988511 0.03564661 0.02361834 0.02595319 0.02356009 0.02384080 0.01923728 0.01663483 0.01646384 0.01274134 0.01352662 0.00971250 0.01113247 0.01253360 0.01845537 0.02419019 0.02633595 0.03052526 0.01098282 0.01597888 0.03124354 0.02607465 0.03231322 0.01942081 0.01803915 0.01636842 0.02303014 0.01881370 0.01852742 0.01044369 0.02393899 0.02908325 0.02692792 0.02953210 0.01491062 0.03046874 0.02946396 0.02254259 0.00778198 0.03191598 0.02304173 0.01881370 0.00698689 0.01605191 0.01930150 0.02543989 0.02059345 0.03386668 0.02715341 0.02671626 0.03317877 0.03113277 0.03573344 0.02554397 0.02309603 0.03229724 0.01858800 0.02773268 0.03368185 0.01858800 0.02809620 0.02728421 0.02052497 0.02967781 0.01057335 0.02045742 0.03333409 0.02891295 0.02371411 0.01638521 0.03001021 0.02926657 0.02484718 0.03977729 0.01151514 0.01221362 0.02808607 0.02634384 0.01142505 0.01836532 0.00620273 0.01714354 0.03149652 0.01718073 0.03227569 0.03134330 0.00483684 0.02248262 0.03235341 0.03229340 0.01915620 0.01171001 0.02252388 0.02327547 0.01935221 0.01324619 0.01933541 0.02056773 0.03024944 0.01649211 0.01469651 0.02590120 0.02708671 
0.03530225 0.03433028 0.03333136 0.03265524 0.00000000 0.02070702 0.03119645 0.02654867 0.02827353 0.02485790 0.03924470 0.01942540 0.01656341 0.02674162 0.04175914 0.03573306 0.03781325 0.02196279 0.03083399 0.01654024 0.03048622 0.01450675 0.03909178 0.02401826 0.02649176 0.03245315 0.02453904 0.03257779 0.01742798 0.01743809 0.02152499 0.02636534 0.01684953 0.02080122 0.01956489 0.01708704 0.01677749 0.01219876 0.02559817 0.02080122 0.02080122 0.03252419 0.02362671 0.03078902 0.02884030 0.02256589 0.02843240 0.03402169 0.01913795 0.01310906 0.01604775 0.02598062 0.01182802 0.01637523 0.02207442 0.01494685 0.02609747 0.02404038 0.02321503 0.02242359 0.02161182 0.02781563 0.01461191 0.01849915 0.01721631 0.01356688 0.02060802 0.04093217 0.01392037 0.02509166 0.02332256 0.03218222 0.02281800 0.01408771 0.01300704 0.01541723 0.02568171 0.02119573 0.01590965 0.02392949 0.02212112 0.02002202 0.00661104 0.02572332 0.02428876 0.01512480 0.02344485 0.01109011 0.01850213 0.02318233 0.01620096 0.02112002 0.03065025 0.01225332 0.03793970 0.01223661 0.01946538 0.02603282 0.02540232 0.02582234 0.02160285 0.01483539 0.01293915 0.02349508 0.03366079 0.02006187 0.03029420 0.04238079 0.03477639 0.02488644 0.01675471 0.02500143 0.02896297 0.02617113 0.02483079 0.01604775 0.01639477 0.01966575 0.02607374 0.02898193 0.01560817 0.03096671 0.03827176 0.02832961 0.02077281 0.02793471 0.01695003 0.02787603 0.01826014 0.01332805 0.01207246 0.01941484 0.01549542 0.01794083 0.01192354 0.01881621 0.01634726 0.01581539 0.02656602 0.02658679 0.02617993 0.01771183 0.01639114 0.04509382 0.02510499 0.02487642 0.02084572 0.01849533 0.02559364 0.01552217 0.01601883 0.01797485 0.02194570 0.03445341 0.02582656 0.01476677 0.02213159 0.03119118 0.02308035 0.01401633 0.02236735 0.01849533 0.03500834 0.01121938 0.03075007 0.02336654 0.03052426 0.01741562 0.02715704 0.01591992 0.01936963 0.01629788 0.02356645 0.01939563 0.02090857 0.02563330 0.01405048 0.02430508 0.02697667 0.01405048 0.02335987 0.02145618 0.01604775 0.02171670 0.01059682 0.02280443 0.03089742 0.03771842 0.02318233 0.01630773 0.02339447 0.02833089 0.03206815 0.02505975 0.01980057 0.01045546 0.02521046 0.01884739 0.02047669 0.02404500 0.04175740 0.01947241 0.02495338 0.01728195 0.02698288 0.02709728 0.02335505 0.02216133 0.03499540 0.02690142 0.02474420 0.03933745 0.02141976 0.03176220 0.01474130 0.01979003 0.01809830 0.02920396 0.02066333 0.02165488 0.01526809 0.01326659 0.01753128 
0.03569375 0.01454655 0.03129929 0.03509205 0.02070702 0.00000000 0.03176884 0.02683881 0.03350855 0.04680748 0.03021224 0.04229283 0.03899790 0.04274330 0.02431484 0.02744282 0.02582793 0.01989423 0.02809736 0.01266083 0.02661949 0.02860455 0.02650077 0.01224081 0.02510290 0.02732061 0.02345130 0.02346948 0.01573599 0.02518457 0.01445656 0.01976467 0.05092018 0.01927240 0.02026006 0.02451109 0.01304086 0.01202495 0.01432049 0.01927240 0.01927240 0.02340995 0.03095451 0.01455537 0.02395683 0.02847496 0.03131957 0.03553860 0.01210305 0.03380289 0.01487920 0.01327652 0.03395183 0.01694998 0.01302889 0.01577764 0.02740958 0.02646950 0.02576334 0.01412600 0.03059168 0.01802461 0.02074779 0.01881906 0.02549756 0.03805840 0.01349422 0.01478408 0.02255083 0.02940377 0.02205699 0.00758917 0.02130161 0.01739654 0.02219849 0.01137574 0.00566438 0.03147534 0.01373396 0.02923959 0.00680081 0.01819218 0.00712230 0.02427471 0.01968010 0.01596742 0.01650919 0.01283933 0.04025273 0.02302015 0.03005990 0.05117068 0.01814946 0.01537042 0.02482509 0.01654854 0.02775994 0.02844774 0.04428420 0.02313037 0.02818798 0.02375637 0.02678871 0.01606872 0.02045101 0.01517859 0.01753535 0.01994164 0.01364230 0.02533558 0.02339044 0.02152949 0.01778617 0.04108612 0.02956537 0.01487920 0.03026161 0.01798647 0.02064715 0.02260943 0.01354897 0.02064149 0.01939241 0.02146208 0.03984563 0.01575142 0.02411214 0.02494112 0.01794561 0.02047149 0.02690991 0.03505377 0.02184770 0.04490341 0.01141306 0.02379591 0.01107397 0.02797837 0.02482342 0.02939949 0.01566860 0.03905698 0.01757374 0.02528424 0.02213185 0.01407839 0.02356639 0.01982253 0.01779067 0.02855854 0.02547444 0.01739367 0.01996725 0.02116743 0.02840316 0.02197577 0.01909435 0.01620043 0.03084431 0.01694831 0.03268653 0.01982253 0.03987148 0.01072981 0.03366466 0.00945510 0.02328989 0.02228135 0.01540378 0.02621786 0.01778540 0.01517233 0.01941003 0.01249774 0.01493843 0.01991181 0.01171873 0.01729584 0.02150073 0.01171873 0.01509840 0.01831907 0.01487920 0.03080298 0.02361218 0.01237135 0.01965895 0.02059373 0.02302015 0.01785343 0.01785797 0.02467222 0.02073036 0.02378576 0.01771622 0.01252187 0.01758036 0.01348291 0.02741715 0.01692159 0.02689869 0.02747410 0.01872616 0.01854949 0.02105654 0.02180377 0.03829754 0.01502663 0.02587524 0.02538161 0.03398644 0.02589191 0.04134705 0.01657979 0.01441194 0.03708837 0.03669190 0.02803488 0.01485680 0.05178348 0.01557180 0.05232292 0.01857083 
0.05230110 0.04583353 0.04632400 0.04880372 0.03119645 0.03176884 0.00000000 0.02518076 0.02256344 0.02862526 0.03812301 0.02722802 0.02051178 0.00991011 0.04033791 0.02177792 0.03517606 0.02883817 0.03442456 0.02342809 0.04475674 0.04138315 0.03529026 0.04156301 0.03127391 0.04012902 0.02981634 0.03309074 0.02152624 0.01137654 0.01915108 0.01572195 0.01279474 0.02301339 0.02198671 0.01826613 0.02471247 0.04140002 0.01897917 0.02301339 0.02301339 0.03159593 0.02370616 0.02422525 0.00965321 0.02017702 0.02844470 0.02122156 0.01449368 0.01196278 0.01890589 0.02148584 0.01373629 0.02149884 0.02780313 0.01134510 0.01454177 0.01970641 0.02366271 0.01676497 0.02612374 0.01765542 0.02822693 0.01856582 0.02438874 0.02102157 0.03063849 0.01547473 0.01522573 0.02245754 0.03359199 0.02622628 0.02649740 0.01118655 0.02600821 0.02032326 0.01635531 0.01912294 0.02521816 0.02165239 0.00511984 0.02762253 0.00952748 0.02730073 0.03052136 0.01712825 0.02333453 0.01122555 0.01657191 0.02338942 0.00846863 0.01628454 0.02268449 0.01063808 0.02413083 0.01901540 0.02224417 0.00960131 0.02350643 0.00756404 0.00813385 0.00636512 0.02037883 0.00919537 0.03463289 0.02730405 0.02580161 0.01480440 0.03111284 0.01987699 0.02404786 0.03257301 0.03773873 0.02529941 0.01193593 0.01890589 0.01815233 0.01257045 0.02831514 0.02843402 0.01728314 0.03605792 0.01954075 0.04309524 0.02058116 0.03340480 0.02603036 0.02208498 0.01758705 0.02293348 0.01597415 0.00810240 0.01228244 0.01835135 0.01445704 0.01944699 0.02193751 0.02502864 0.01046252 0.01732957 0.03236879 0.02694427 0.02770060 0.01548548 0.01705502 0.02194796 0.01950674 0.01778624 0.01249593 0.01226656 0.02311236 0.02982569 0.02674775 0.03409980 0.02163804 0.03062302 0.02855940 0.03150299 0.00621212 0.02502601 0.02087497 0.01778624 0.01469948 0.01278726 0.02390052 0.02015109 0.01501843 0.03285059 0.04328388 0.02869799 0.03325686 0.02892105 0.03410157 0.02119320 0.01939936 0.02900803 0.01598821 0.02422264 0.03067923 0.01598821 0.04269739 0.02401844 0.01890589 0.02891750 0.00753842 0.01782955 0.03428068 0.02990375 0.02338942 0.02250395 0.02680898 0.02683182 0.02125472 0.03459847 0.01055178 0.03494690 0.02435775 0.02244508 0.01441753 0.01733355 0.00610611 0.01392226 0.02766940 0.01628489 0.02884194 0.02877313 0.00478047 0.02256035 0.02824820 0.03445261 0.02290119 0.00702495 0.01769415 0.01860101 0.01749498 0.01247130 0.01904934 0.01672740 0.02375079 0.01239609 0.02766031 0.01671393 0.03443606 
0.02173413 0.01817065 0.01778767 0.02458107 0.02654867 0.02683881 0.02518076 0.00000000 0.03189632 0.02263742 0.02830083 0.02401826 0.02949242 0.03187762 0.02040614 0.01585042 0.01194039 0.01803743 0.01257991 0.02924504 0.01491467 0.02672983 0.01473047 0.01830122 0.01656288 0.01567624 0.01787212 0.03072716 0.00863153 0.03077450 0.01954624 0.03128863 0.03147581 0.01503846 0.01616322 0.01052318 0.01771578 0.02949507 0.01271620 0.01503846 0.01503846 0.01128238 0.01994276 0.03653676 0.03415642 0.02330053 0.02789370 0.02496430 0.03147189 0.01552112 0.00992457 0.02802673 0.01781018 0.02576071 0.02830492 0.04063914 0.02867922 0.02656000 0.01881211 0.03325961 0.03033173 0.02080360 0.02464167 0.01801844 0.03065814 0.03280729 0.03061147 0.04264310 0.02735262 0.02287439 0.01598407 0.02254182 0.02457805 0.03350263 0.02729022 0.01722573 0.03707895 0.02314850 0.03080762 0.02768358 0.02278603 0.02435718 0.02917712 0.02124474 0.01513635 0.01354179 0.02429685 0.02553957 0.01587396 0.02214389 0.02824554 0.02180651 0.03125230 0.02025482 0.02438686 0.02960281 0.02658412 0.02449880 0.03976650 0.02280773 0.03911926 0.02530369 0.04292028 0.02355154 0.01321269 0.01428621 0.01996606 0.01953143 0.03107640 0.01218132 0.01820401 0.03203027 0.03198482 0.01564705 0.04081243 0.00992457 0.02172184 0.01385435 0.02180805 0.01937896 0.02202502 0.01935925 0.01519984 0.01912252 0.02067231 0.01602785 0.02455232 0.02480771 0.02460446 0.02728704 0.02013730 0.02903996 0.03919170 0.03242986 0.02104389 0.02403335 0.01788027 0.02092286 0.03549168 0.01916406 0.01703079 0.01210058 0.01618964 0.03245978 0.02196179 0.02354623 0.03611152 0.02525732 0.03046488 0.03024157 0.01691394 0.01610109 0.01609613 0.02298847 0.03417734 0.02043104 0.01866647 0.01783208 0.02120735 0.01971092 0.02387905 0.02525732 0.02416199 0.02288279 0.02372683 0.01267088 0.01653003 0.01415252 0.01842889 0.01471138 0.01730564 0.01391859 0.02234406 0.02401619 0.02958034 0.01840478 0.02444549 0.02188255 0.01625771 0.02444549 0.02180340 0.02786082 0.00992457 0.02247120 0.03694099 0.02684380 0.02220045 0.01092886 0.02214389 0.02287579 0.02027112 0.01692534 0.01039757 0.01718805 0.03117670 0.02680296 0.01966356 0.02027089 0.02489786 0.02406765 0.02342397 0.02757109 0.01862032 0.02624953 0.01903541 0.02329840 0.02138807 0.01075507 0.02805997 0.02548646 0.02395682 0.02458083 0.01766405 0.02653914 0.01185764 0.02847321 0.03223853 0.03288360 0.01448872 0.02064909 0.02054756 0.03568358 0.03740694 
0.02872697 0.01985418 0.02216471 0.02328979 0.02827353 0.03350855 0.02256344 0.03189632 0.00000000 0.04710919 0.02126006 0.03823194 0.02986106 0.03990286 0.02482889 0.02472448 0.02631606 0.01824127 0.02191004 0.02629700 0.02609186 0.01774996 0.02451507 0.01395981 0.02056174 0.02282580 0.02166202 0.01894304 0.01277691 0.02502583 0.04345953 0.04051592 0.02764891 0.01740099 0.01679476 0.01633077 0.01612587 0.01881567 0.01801594 0.01740099 0.01740099 0.02351088 0.02299045 0.01966060 0.02666232 0.01723099 0.02471271 0.02315675 0.01954347 0.02368043 0.01304359 0.02058169 0.02288366 0.02080273 0.02937413 0.02592128 0.03221490 0.02854917 0.03403237 0.02416572 0.04361392 0.01652158 0.03388547 0.02401817 0.02823244 0.02190599 0.01951877 0.02231152 0.01889348 0.03789894 0.02315150 0.02146407 0.02446672 0.01508776 0.03194531 0.02666427 0.02744226 0.02289620 0.02060202 0.02885055 0.01596296 0.02985377 0.01548088 0.02924359 0.02266988 0.01673588 0.01637239 0.01556769 0.01976301 0.02311667 0.01404474 0.02574018 0.03213436 0.04958440 0.04067750 0.02113387 0.01210688 0.02703884 0.00982713 0.01756899 0.02306436 0.03947393 0.03082834 0.01843917 0.01474240 0.02024242 0.01010763 0.01856266 0.02547486 0.01811556 0.03210840 0.03046296 0.01806376 0.01890759 0.02145010 0.01304359 0.02490614 0.02402755 0.02114475 0.01770891 0.01768185 0.02201964 0.03212824 0.01177936 0.01618160 0.01007683 0.02161515 0.02516644 0.01337550 0.01961221 0.02381445 0.02649352 0.03784478 0.02162708 0.01025246 0.01342832 0.01711844 0.02390659 0.02295642 0.01805593 0.02431696 0.02818233 0.01117419 0.02102053 0.03786569 0.02540922 0.03149298 0.02074318 0.03300207 0.03718110 0.02732249 0.01621948 0.01427302 0.02275804 0.02983622 0.02543417 0.01435251 0.02569999 0.02644158 0.01490451 0.03233316 0.02074318 0.04700426 0.01453436 0.03230971 0.01937753 0.01893115 0.02071312 0.01289152 0.02006366 0.01667839 0.01389341 0.01371727 0.01574313 0.02205101 0.02032004 0.02177741 0.02435060 0.02125127 0.02177741 0.01456439 0.02708068 0.01304359 0.03311540 0.01987925 0.01736850 0.02455354 0.01765741 0.02311667 0.01300306 0.02197339 0.01908605 0.01846458 0.02278840 0.03997313 0.01546515 0.01825152 0.01811064 0.01910633 0.02371942 0.01586843 0.03808219 0.02136164 0.01970417 0.01793618 0.02337054 0.02173874 0.01822654 0.02298012 0.02816179 0.02804081 0.02374903 0.02616690 0.02130135 0.01627872 0.03182853 0.02865706 0.03083802 0.00930290 0.02713846 0.02489501 0.02327201 0.02033092 
0.03262131 0.01570032 0.03395913 0.03138330 0.02485790 0.04680748 0.02862526 0.02263742 0.04710919 0.00000000 0.02691635 0.04576792 0.01385599 0.04872164 0.03245382 0.02231943 0.02543379 0.01878795 0.02615234 0.01005796 0.03098423 0.02616122 0.02744923 0.01442938 0.02245889 0.02888933 0.02039715 0.03151956 0.01295520 0.03227794 0.01769319 0.02817971 0.02174494 0.01763095 0.01665145 0.01224498 0.02023769 0.01524249 0.01101855 0.01763095 0.01763095 0.02711432 0.01770517 0.01301724 0.02162264 0.02824649 0.03379210 0.02397041 0.01526034 0.02089809 0.01284430 0.01188160 0.02874698 0.03914191 0.02394079 0.02813791 0.03040279 0.02497009 0.04462254 0.03196605 0.02626144 0.01669230 0.03205993 0.04286172 0.02113994 0.04476107 0.01492253 0.03413780 0.02663865 0.01417838 0.02855663 0.01059808 0.02650863 0.03425121 0.02464807 0.01739660 0.02474452 0.01385621 0.02136765 0.01572202 0.00797328 0.03844674 0.01522119 0.02455624 0.02192391 0.01354696 0.02116073 0.01052085 0.02169729 0.02224916 0.01754974 0.02458396 0.02836191 0.02514893 0.02290794 0.01810221 0.01629878 0.02114715 0.01720769 0.01191139 0.03430521 0.04098587 0.02295492 0.02778275 0.01935085 0.01499792 0.01906491 0.01812527 0.02096889 0.02808657 0.02681456 0.01832286 0.01986415 0.01728485 0.01768947 0.01284430 0.02692671 0.01625221 0.02335793 0.02511067 0.02797016 0.02821814 0.02258309 0.02458776 0.02218344 0.01061337 0.02089819 0.01889550 0.02154959 0.01788408 0.03674227 0.02882291 0.02381593 0.01926121 0.01951829 0.02171025 0.01624984 0.02634894 0.04082579 0.01864072 0.02100075 0.02816104 0.01604154 0.01607537 0.03261611 0.02823566 0.03007903 0.01844853 0.03676717 0.02214739 0.02256875 0.01997979 0.02749433 0.02486114 0.04293492 0.02842931 0.01857360 0.01418208 0.02488765 0.01371824 0.02581386 0.01844853 0.02558627 0.02279390 0.02464753 0.01034879 0.02309126 0.02842231 0.01651959 0.02394109 0.02519652 0.02333212 0.02438504 0.02047708 0.01969823 0.02394809 0.02474011 0.02191612 0.02564907 0.02474011 0.01480616 0.02168814 0.01284430 0.02511980 0.01745559 0.01494224 0.02259255 0.01851259 0.02224916 0.01069302 0.02558745 0.02695149 0.02264591 0.03101967 0.02221216 0.00992091 0.02361273 0.02140503 0.02778676 0.01617883 0.00685900 0.02857324 0.02425234 0.01704916 0.02399685 0.02429770 0.01825922 0.02127808 0.02160004 0.02171964 0.02817813 0.02442994 0.01211392 0.02553300 0.01220231 0.02488719 0.01994768 0.01635157 0.01573269 0.02567066 0.02353568 0.02673650 0.02813171 
0.04234595 0.02633037 0.04271904 0.04072435 0.03924470 0.03021224 0.03812301 0.02830083 0.02126006 0.02691635 0.00000000 0.02628140 0.02025749 0.01155187 0.02999931 0.01821363 0.03113938 0.02753177 0.02707245 0.01253226 0.04034965 0.02910165 0.03206548 0.02388839 0.02778078 0.03800667 0.02607511 0.02530927 0.01866628 0.01665845 0.01372336 0.03976433 0.01227669 0.02084179 0.01968113 0.01750016 0.02404365 0.01730263 0.01601858 0.02084179 0.02084179 0.02142515 0.02010253 0.01685363 0.01163308 0.02211301 0.02293483 0.01836591 0.02734962 0.01264350 0.01633553 0.02507571 0.02163749 0.02586679 0.02589067 0.01693272 0.02613945 0.02130206 0.02633498 0.02201874 0.01647363 0.02999352 0.01808223 0.02617051 0.01664054 0.00588071 0.02243474 0.01744853 0.01601777 0.03487443 0.02311124 0.02223364 0.02862353 0.03700339 0.01862001 0.02330199 0.01212640 0.02737003 0.01736087 0.02042514 0.02116967 0.02096856 0.01564042 0.02798676 0.03105314 0.01555282 0.02066806 0.01112294 0.01785240 0.02274484 0.01511037 0.01853529 0.03348908 0.01173163 0.02384911 0.01958952 0.01375346 0.01124545 0.01360547 0.01901239 0.01656128 0.01547970 0.02814681 0.03466911 0.03196570 0.02286888 0.02146703 0.01890049 0.03509839 0.01385105 0.02239848 0.01824330 0.01941437 0.01771012 0.03422937 0.01633553 0.01606867 0.02882352 0.02726908 0.02604879 0.02612383 0.03948805 0.01904762 0.02796749 0.02576321 0.02250049 0.01431269 0.01894844 0.01996566 0.01643996 0.01307057 0.01515562 0.02155343 0.02017081 0.01974546 0.02400050 0.02163433 0.02581153 0.02871968 0.02148315 0.03541288 0.02613365 0.02032404 0.01721747 0.00976268 0.03347309 0.02447145 0.01862361 0.03846670 0.01338972 0.01721732 0.02535522 0.02109983 0.03040706 0.01614728 0.02576344 0.03294285 0.02694230 0.01354203 0.01902865 0.01259540 0.01862361 0.00939793 0.02140459 0.01431062 0.02244674 0.03690330 0.02665956 0.02771835 0.02497131 0.02857736 0.02120973 0.03235562 0.02412290 0.02094759 0.02962294 0.02505922 0.02993256 0.03140078 0.02505922 0.02498232 0.02521799 0.01633553 0.02836337 0.02332343 0.02159092 0.03039852 0.02680153 0.02274484 0.01895041 0.02809676 0.03076935 0.02073518 0.03503311 0.01291269 0.01005711 0.02994809 0.02375502 0.03104870 0.02059030 0.01190847 0.01587046 0.02880743 0.01672460 0.02717209 0.02568577 0.00529676 0.01705622 0.01955530 0.03019469 0.01667258 0.01687792 0.02191229 0.03034749 0.01521566 0.02067724 0.01734122 0.03842403 0.02195377 0.01249545 0.03775986 0.04075460 0.02571089 
0.02367244 0.01381669 0.01793505 0.01808722 0.01942540 0.04229283 0.02722802 0.02401826 0.03823194 0.04576792 0.02628140 0.00000000 0.02158060 0.05961565 0.01738243 0.02796678 0.01729929 0.02019858 0.01924802 0.02694760 0.02652389 0.05134498 0.01647168 0.01042484 0.02450747 0.01795014 0.02335971 0.02164559 0.01654021 0.04371406 0.02045910 0.03108892 0.02935797 0.01870057 0.01837266 0.01944680 0.01698497 0.02251692 0.01463955 0.01870057 0.01870057 0.01580817 0.01658633 0.02250279 0.04247588 0.01166236 0.02960722 0.01553918 0.04157275 0.01651894 0.01949041 0.01382130 0.02187226 0.02557096 0.01591101 0.02635535 0.02497472 0.02991186 0.02684815 0.01917316 0.01834369 0.01587157 0.01858551 0.03073520 0.03431681 0.02583478 0.01550648 0.02073833 0.02407413 0.01600116 0.01816848 0.02411568 0.01288001 0.03376145 0.03316834 0.01483258 0.04085230 0.01872492 0.02140981 0.03417136 0.02742578 0.02213600 0.02346705 0.02077751 0.01487733 0.01830547 0.01938135 0.03220764 0.02245908 0.02144236 0.01527596 0.02310972 0.02558218 0.02423137 0.02230808 0.03184054 0.02200697 0.01727798 0.02672022 0.02792402 0.02653547 0.03220066 0.02101685 0.02101184 0.01312954 0.00958595 0.02650911 0.01050419 0.02526548 0.03394845 0.03120302 0.01998733 0.01558039 0.01857226 0.02606714 0.01949041 0.02853806 0.04019311 0.01744904 0.01110640 0.02734192 0.02319250 0.01761896 0.01701370 0.02766990 0.00695608 0.01893416 0.02680769 0.01882667 0.04908400 0.02599550 0.03813325 0.03348976 0.02006105 0.01910056 0.01757196 0.01250698 0.01744284 0.03936990 0.02502082 0.02555674 0.03989998 0.01900477 0.02673557 0.02653053 0.02028239 0.03071988 0.02153115 0.02801713 0.03085657 0.02052488 0.01426591 0.01647148 0.02322322 0.03771542 0.01195272 0.01977308 0.03125393 0.03656075 0.01273314 0.02365006 0.02153115 0.04351906 0.02334380 0.02822548 0.00526385 0.02378737 0.01201346 0.01583718 0.02042128 0.02356603 0.01422167 0.02133691 0.01303165 0.01400233 0.01328467 0.02441784 0.01822490 0.01406727 0.02441784 0.01765483 0.01565544 0.01949041 0.02451165 0.02150090 0.01504227 0.01104353 0.01875010 0.02144236 0.02959310 0.01988117 0.02344542 0.02092244 0.01535428 0.01556790 0.02030703 0.01283679 0.01850095 0.02721760 0.02086481 0.02660397 0.03530418 0.01475993 0.02102998 0.01428863 0.01918148 0.03461295 0.01349836 0.03125373 0.02279614 0.02630579 0.02771023 0.01630944 0.01841591 0.01802010 0.03647978 0.01413874 0.01809441 0.02951770 0.03500575 0.02882186 0.03452951 0.01878457 
0.02333045 0.01711651 0.02438647 0.02356809 0.01656341 0.03899790 0.02051178 0.02949242 0.02986106 0.01385599 0.02025749 0.02158060 0.00000000 0.03866429 0.02348381 0.04060817 0.02459205 0.03487033 0.02371137 0.02488503 0.02383158 0.01744125 0.02062242 0.01975193 0.04317310 0.02823009 0.04263484 0.02234678 0.02722351 0.02715843 0.04148351 0.02766790 0.03593969 0.03151768 0.03108974 0.02062325 0.01915786 0.02429446 0.02597448 0.03151768 0.03151768 0.01360461 0.01645901 0.02297240 0.02694204 0.02294801 0.02886149 0.01894582 0.01477365 0.02001710 0.01953645 0.01871148 0.02002996 0.02277389 0.02248642 0.02265054 0.02619699 0.04139102 0.01934008 0.02064856 0.02474113 0.01561130 0.01629279 0.02526236 0.01666014 0.01809610 0.02476934 0.01407525 0.02381481 0.02992349 0.01714267 0.02462266 0.01913321 0.01819026 0.02192271 0.02016800 0.02532838 0.02662539 0.01641996 0.03984689 0.01551450 0.01435680 0.01609085 0.01745399 0.02466627 0.01919028 0.01842337 0.01717091 0.02056150 0.02427918 0.02929643 0.01904283 0.01656905 0.02115653 0.01933869 0.02127923 0.02216131 0.03501379 0.02591721 0.01958767 0.02618850 0.02432757 0.02003131 0.02672560 0.01879247 0.02026333 0.02328063 0.02646180 0.01723707 0.02568881 0.02059432 0.02563359 0.03422349 0.01378569 0.02492753 0.01953645 0.03171768 0.02687510 0.01707542 0.01717289 0.01758463 0.01320603 0.02098752 0.02120837 0.02778524 0.01657323 0.02212519 0.02659407 0.02412698 0.02181009 0.01620363 0.03282199 0.02371353 0.02928758 0.01638512 0.01453500 0.01424078 0.01746135 0.03890147 0.02644886 0.01296902 0.02836828 0.01308804 0.02351557 0.02787672 0.01590083 0.02385345 0.02087339 0.03468193 0.02611068 0.01294924 0.01438381 0.01496598 0.01728387 0.01974143 0.01648302 0.01813269 0.03508595 0.03376306 0.01255057 0.02845656 0.02087339 0.03723441 0.01583877 0.02540136 0.01767964 0.01931545 0.01275910 0.01445474 0.01432517 0.01247866 0.01418449 0.01227204 0.01448056 0.01909776 0.01537342 0.01701889 0.01358412 0.01693787 0.01701889 0.02536035 0.01954888 0.01953645 0.02382976 0.01796674 0.02449710 0.01664030 0.01999968 0.02427918 0.02804215 0.01579491 0.02176607 0.01458867 0.01513453 0.02437282 0.01546557 0.01692218 0.01540116 0.02637012 0.01967147 0.04340562 0.03026110 0.01400567 0.02048997 0.01485983 0.01745837 0.04266239 0.01776029 0.01734877 0.01673260 0.03454259 0.04474276 0.03004994 0.03120580 0.01929667 0.04030739 0.03942541 0.03109577 0.02113088 0.03377031 0.01456615 0.02928872 0.02824395 
0.01283828 0.01220825 0.01434241 0.01319781 0.02674162 0.04274330 0.00991011 0.03187762 0.03990286 0.04872164 0.01155187 0.05961565 0.03866429 0.00000000 0.01522789 0.04827144 0.03032719 0.02657357 0.02107994 0.03055997 0.01274719 0.01112181 0.02616871 0.02186187 0.03863145 0.01950944 0.03774148 0.02076456 0.02121309 0.06344008 0.01244368 0.03450148 0.04265788 0.02777844 0.02709690 0.02491665 0.01658602 0.01775960 0.01946184 0.02777844 0.02777844 0.02273413 0.01849526 0.02356619 0.02193558 0.02200074 0.04172279 0.01718542 0.01894133 0.02539693 0.01675255 0.01431565 0.02049518 0.03175273 0.01637515 0.03461150 0.02188617 0.02291077 0.01060902 0.03219320 0.01888877 0.02713005 0.01406970 0.02100543 0.01565604 0.04215897 0.00478953 0.02940239 0.02691306 0.03206622 0.01513390 0.02077065 0.02634089 0.01641456 0.02360475 0.01873173 0.02622115 0.01779102 0.02570695 0.03142373 0.03101453 0.01871168 0.01879831 0.01414655 0.01831365 0.01698743 0.01612245 0.01499345 0.01857253 0.02319458 0.01612038 0.02417806 0.01978670 0.01570654 0.02112507 0.01307569 0.02225127 0.03398196 0.02317791 0.02025330 0.02242359 0.03812197 0.01988757 0.02336433 0.01105164 0.01362141 0.00825144 0.02639653 0.01531471 0.02393832 0.02291478 0.01755406 0.02074773 0.02003178 0.03612628 0.01675255 0.04800238 0.03837829 0.01395631 0.01401998 0.01425158 0.00916448 0.02627796 0.01161652 0.03288920 0.01454971 0.02574340 0.03884257 0.01950244 0.02857772 0.03273411 0.05723712 0.03841358 0.03224008 0.01426988 0.01769260 0.01164076 0.01312912 0.03275424 0.03623945 0.00954809 0.02886140 0.01035927 0.02431126 0.04097354 0.01959418 0.02959046 0.01873690 0.03431639 0.02201677 0.01894863 0.01198826 0.01865695 0.01933070 0.03892024 0.01203305 0.01461606 0.01964499 0.05430773 0.01024052 0.02836912 0.01873690 0.04064747 0.01266111 0.02877501 0.01381570 0.01565286 0.01003391 0.01205327 0.01315948 0.00859446 0.01149171 0.00819842 0.01118682 0.01794720 0.01195546 0.01308738 0.01388553 0.01392495 0.01308738 0.01307502 0.01789171 0.01675255 0.01885173 0.02416991 0.02162393 0.01462989 0.02510166 0.02319458 0.02989945 0.01261255 0.01353244 0.02524892 0.01206269 0.01716825 0.01226141 0.01175158 0.01228833 0.03750778 0.00982457 0.02936220 0.03021174 0.01016219 0.01758274 0.01110341 0.01473104 0.05334676 0.01558542 0.02592289 0.01454587 0.04214843 0.05187482 0.02660972 0.03015814 0.01677590 0.05093689 0.02015925 0.02425969 0.01571061 0.02908593 0.02372660 0.02803941 0.03150050 
0.04589457 0.04599624 0.04176889 0.04157465 0.04175914 0.02431484 0.04033791 0.02040614 0.02482889 0.03245382 0.02999931 0.01738243 0.02348381 0.01522789 0.00000000 0.02466669 0.03921185 0.03355650 0.03624007 0.01525566 0.04213914 0.02958773 0.03680428 0.02673438 0.03317574 0.04029625 0.03191753 0.02840042 0.02490762 0.01587835 0.01949226 0.02126219 0.00518797 0.02408887 0.02683893 0.02191895 0.03430878 0.02206739 0.02248183 0.02408887 0.02408887 0.03491729 0.02523006 0.03973404 0.02561698 0.02416870 0.01766932 0.02403792 0.01303135 0.01731955 0.02425658 0.02446697 0.01798280 0.02219894 0.01856876 0.01274480 0.02231532 0.02401861 0.02168300 0.01915854 0.01777613 0.01709960 0.02433082 0.01625522 0.01608737 0.01420528 0.02085050 0.01495651 0.01722277 0.02001306 0.04033035 0.00965485 0.02907308 0.02573341 0.01468296 0.02542216 0.01343406 0.01161743 0.01872299 0.01042695 0.01047404 0.02521157 0.02113139 0.02232628 0.03381445 0.02221130 0.01646987 0.01604736 0.01753822 0.02256550 0.01351480 0.01871738 0.01996194 0.01677911 0.02413439 0.01816636 0.01634181 0.00836025 0.01858871 0.01223028 0.02049389 0.01635512 0.01751465 0.00630690 0.02739589 0.03063454 0.02444908 0.02252859 0.02732633 0.02220476 0.02195403 0.01884042 0.01699376 0.02229283 0.02115618 0.02425658 0.02378186 0.00906545 0.02943039 0.02322873 0.03118970 0.03169386 0.02611397 0.02832492 0.01735782 0.03412808 0.02742858 0.01842154 0.01800974 0.01474627 0.03383123 0.01357500 0.01834912 0.01905587 0.02298945 0.02395793 0.03028198 0.01546401 0.01550407 0.01109383 0.02381583 0.01769434 0.02335025 0.03336887 0.02139922 0.02191833 0.01520370 0.01838582 0.00988740 0.02240267 0.02992999 0.02738389 0.03356449 0.02793162 0.01601248 0.03219583 0.02202640 0.02685157 0.01186357 0.02441975 0.01097294 0.01838582 0.01337151 0.02674691 0.01855062 0.02390772 0.02161029 0.03322167 0.02468663 0.02268096 0.02655322 0.02656061 0.02635497 0.02501778 0.02389318 0.02967992 0.02899973 0.03016321 0.03171705 0.02899973 0.02865775 0.02794523 0.02425658 0.02319898 0.02149709 0.02253125 0.03469294 0.02761075 0.02256550 0.02054918 0.03302572 0.02545947 0.02146408 0.03030656 0.01350077 0.01508752 0.02796731 0.02945539 0.01383240 0.02187937 0.02087202 0.01384616 0.02932032 0.01714777 0.02716399 0.02890740 0.00934392 0.03030436 0.01843083 0.02794919 0.02122263 0.00891483 0.02607593 0.01858939 0.02268954 0.01648353 0.02558660 0.01653957 0.01924130 0.01026562 0.01066958 0.01482442 0.02130280 
0.02436789 0.02775296 0.02538803 0.02459943 0.03573306 0.02744282 0.02177792 0.01585042 0.02472448 0.02231943 0.01821363 0.02796678 0.04060817 0.04827144 0.02466669 0.00000000 0.04454699 0.03566136 0.03966258 0.03420892 0.02519030 0.01812676 0.04192423 0.03737381 0.04384364 0.02928664 0.04346374 0.02389488 0.02725386 0.02201131 0.02227733 0.01700465 0.02422188 0.03147428 0.03118307 0.02226996 0.01930415 0.02481992 0.02623264 0.03147428 0.03147428 0.03608328 0.02749467 0.02121989 0.01858922 0.01697718 0.02849668 0.01841962 0.02523599 0.01743134 0.01977939 0.02375427 0.01866917 0.02429266 0.02305961 0.02751234 0.02099961 0.02625479 0.01724432 0.02952542 0.01583347 0.03718509 0.01664431 0.02850910 0.01566736 0.03067308 0.01829743 0.02855102 0.02174994 0.02664145 0.01757966 0.02882662 0.01818655 0.01651075 0.03052401 0.01938240 0.01914097 0.02438666 0.02474571 0.03413820 0.02611407 0.01594897 0.01586414 0.01770988 0.02498314 0.01937308 0.01792828 0.01746756 0.02073384 0.02420538 0.01611320 0.02212225 0.01738512 0.02248952 0.03083610 0.02384702 0.01936191 0.02789108 0.02511642 0.01824164 0.02283121 0.02032817 0.01809711 0.02765861 0.01919638 0.02056875 0.01782041 0.03582322 0.01701460 0.02288286 0.02591052 0.01575973 0.01570628 0.02884901 0.02857144 0.01977939 0.01927712 0.02293622 0.01735170 0.01754098 0.01789524 0.01374622 0.02799309 0.01960740 0.02595588 0.02971628 0.02237944 0.02902047 0.02512804 0.01564002 0.01678994 0.02261112 0.03410129 0.02839259 0.01676404 0.01391893 0.01477254 0.01572714 0.02725530 0.02707899 0.01345965 0.02404029 0.01368701 0.02023758 0.03102919 0.01895943 0.02024106 0.02122101 0.02552156 0.03370092 0.01413131 0.01506733 0.02956700 0.01601359 0.02519511 0.01506640 0.01670342 0.02576275 0.03174366 0.01324305 0.02364038 0.02122101 0.03045546 0.01632017 0.01437595 0.02945741 0.02299130 0.01341344 0.01471919 0.01443552 0.01296344 0.01341810 0.01284776 0.01506988 0.01897653 0.01581127 0.01740395 0.01648284 0.01729855 0.01740395 0.02047070 0.01877099 0.01977939 0.01911707 0.01695471 0.02839245 0.01696900 0.03821845 0.02420538 0.01641881 0.01613660 0.01685683 0.03577901 0.01564509 0.02039006 0.01579070 0.01559817 0.01569465 0.02117094 0.02010475 0.01643792 0.02414115 0.01452417 0.02073683 0.01530151 0.01764759 0.03088040 0.02974056 0.01666763 0.01647623 0.02621826 0.02044153 0.02212762 0.02557179 0.01958365 0.01837820 0.03268839 0.02928945 0.02818678 0.02232600 0.01657901 0.03004661 0.01525162 
